time,X_NOSE,Y_NOSE,Z_NOSE,X_LEFT_EYE_INNER,Y_LEFT_EYE_INNER,Z_LEFT_EYE_INNER,X_LEFT_EYE,Y_LEFT_EYE,Z_LEFT_EYE,X_LEFT_EYE_OUTER,Y_LEFT_EYE_OUTER,Z_LEFT_EYE_OUTER,X_RIGHT_EYE_OUTER,Y_RIGHT_EYE_OUTER,Z_RIGHT_EYE_OUTER,X_RIGHT_EYE,Y_RIGHT_EYE,Z_RIGHT_EYE,X_RIGHT_EYE_OUTER.1,Y_RIGHT_EYE_OUTER.1,Z_RIGHT_EYE_OUTER.1,X_LEFT_EAR,Y_LEFT_EAR,Z_LEFT_EAR,X_RIGHT_EAR,Y_RIGHT_EAR,Z_RIGHT_EAR,X_MOUTH_LEFT,Y_MOUTH_LEFT,Z_MOUTH_LEFT,X_MOUTH_RIGHT,Y_MOUTH_RIGHT,Z_MOUTH_RIGHT,X_LEFT_SHOULDER,Y_LEFT_SHOULDER,Z_LEFT_SHOULDER,X_RIGHT_SHOULDER,Y_RIGHT_SHOULDER,Z_RIGHT_SHOULDER,X_LEFT_ELBOW,Y_LEFT_ELBOW,Z_LEFT_ELBOW,X_RIGHT_ELBOW,Y_RIGHT_ELBOW,Z_RIGHT_ELBOW,X_LEFT_WRIST,Y_LEFT_WRIST,Z_LEFT_WRIST,X_RIGHT_WRIST,Y_RIGHT_WRIST,Z_RIGHT_WRIST,X_LEFT_PINKY,Y_LEFT_PINKY,Z_LEFT_PINKY,X_RIGHT_PINKY,Y_RIGHT_PINKY,Z_RIGHT_PINKY,X_LEFT_INDEX,Y_LEFT_INDEX,Z_LEFT_INDEX,X_RIGHT_INDEX,Y_RIGHT_INDEX,Z_RIGHT_INDEX,X_LEFT_THUMB,Y_LEFT_THUMB,Z_LEFT_THUMB,X_RIGHT_THUMB,Y_RIGHT_THUMB,Z_RIGHT_THUMB,X_LEFT_HIP,Y_LEFT_HIP,Z_LEFT_HIP,X_RIGHT_HIP,Y_RIGHT_HIP,Z_RIGHT_HIP,X_LEFT_KNEE,Y_LEFT_KNEE,Z_LEFT_KNEE,X_RIGHT_KNEE,Y_RIGHT_KNEE,Z_RIGHT_KNEE,X_LEFT_ANKLE,Y_LEFT_ANKLE,Z_LEFT_ANKLE,X_RIGHT_ANKLE,Y_RIGHT_ANKLE,Z_RIGHT_ANKLE,X_LEFT_HEEL,Y_LEFT_HEEL,Z_LEFT_HEEL,X_RIGHT_HEEL,Y_RIGHT_HEEL,Z_RIGHT_HEEL,X_LEFT_FOOT_INDEX,Y_LEFT_FOOT_INDEX,Z_LEFT_FOOT_INDEX,X_RIGHT_FOOT_INDEX,Y_RIGHT_FOOT_INDEX,Z_RIGHT_FOOT_INDEX,fileID,participantID,LEFT_EAR_speed2D,RIGHT_WRIST_speed2D,LEFT_EYE_OUTER_speed2D,RIGHT_ELBOW_speed2D,LEFT_HEEL_speed2D,RIGHT_THUMB_speed2D,LEFT_EYE_INNER_speed2D,LEFT_KNEE_speed2D,LEFT_SHOULDER_speed2D,RIGHT_KNEE_speed2D,LEFT_THUMB_speed2D,RIGHT_HEEL_speed2D,RIGHT_EYE_speed2D,LEFT_EYE_speed2D,LEFT_ELBOW_speed2D,RIGHT_FOOT_INDEX_speed2D,LEFT_FOOT_INDEX_speed2D,LEFT_PINKY_speed2D,RIGHT_ANKLE_speed2D,RIGHT_EYE_OUTER.1_speed2D,RIGHT_INDEX_speed2D,NOSE_speed2D,RIGHT_EYE_OUTER_speed2D,MOUTH_LEFT_speed2D,LEFT_ANKLE_speed2D,RIGHT_HIP_speed2D,MOUTH_RIGHT_speed2D,LEFT_WRIST_speed2D,RIGHT_SHOULDER_speed2D,LEFT_INDEX_speed2D,LEFT_HIP_speed2D,RIGHT_EAR_speed2D,RIGHT_PINKY_speed2D,ARM_TOTAL_speed2D,LEG_TOTAL_speed2D,Y_NOSE_velocity,Y_LEFT_EYE_INNER_velocity,Y_LEFT_EYE_velocity,Y_LEFT_EYE_OUTER_velocity,Y_RIGHT_EYE_OUTER_velocity,Y_RIGHT_EYE_velocity,Y_RIGHT_EYE_OUTER.1_velocity,Y_LEFT_EAR_velocity,Y_RIGHT_EAR_velocity,Y_MOUTH_LEFT_velocity,Y_MOUTH_RIGHT_velocity,Y_LEFT_SHOULDER_velocity,Y_RIGHT_SHOULDER_velocity,Y_LEFT_ELBOW_velocity,Y_RIGHT_ELBOW_velocity,Y_LEFT_WRIST_velocity,Y_RIGHT_WRIST_velocity,Y_LEFT_PINKY_velocity,Y_RIGHT_PINKY_velocity,Y_LEFT_INDEX_velocity,Y_RIGHT_INDEX_velocity,Y_LEFT_THUMB_velocity,Y_RIGHT_THUMB_velocity,Y_LEFT_HIP_velocity,Y_RIGHT_HIP_velocity,Y_LEFT_KNEE_velocity,Y_RIGHT_KNEE_velocity,Y_LEFT_ANKLE_velocity,Y_RIGHT_ANKLE_velocity,Y_LEFT_HEEL_velocity,Y_RIGHT_HEEL_velocity,Y_LEFT_FOOT_INDEX_velocity,Y_RIGHT_FOOT_INDEX_velocity,LEFT_EAR_acceleration2D,RIGHT_WRIST_acceleration2D,LEFT_EYE_OUTER_acceleration2D,RIGHT_ELBOW_acceleration2D,LEFT_HEEL_acceleration2D,RIGHT_THUMB_acceleration2D,LEFT_EYE_INNER_acceleration2D,LEFT_KNEE_acceleration2D,LEFT_SHOULDER_acceleration2D,RIGHT_KNEE_acceleration2D,LEFT_THUMB_acceleration2D,RIGHT_HEEL_acceleration2D,RIGHT_EYE_acceleration2D,LEFT_EYE_acceleration2D,LEFT_ELBOW_acceleration2D,RIGHT_FOOT_INDEX_acceleration2D,LEFT_FOOT_INDEX_acceleration2D,LEFT_PINKY_acceleration2D,RIGHT_ANKLE_acceleration2D,RIGHT_EYE_OUTER.1_acceleration2D,RIGHT_INDEX_acceleration2D,NOSE_acceleration2D,RIGHT_EYE_OUTER_acceleration2D,MOUTH_LEFT_acceleration2D,LEFT_ANKLE_acceleration2D,RIGHT_HIP_acceleration2D,MOUTH_RIGHT_acceleration2D,LEFT_WRIST_acceleration2D,RIGHT_SHOULDER_acceleration2D,LEFT_INDEX_acceleration2D,LEFT_HIP_acceleration2D,RIGHT_EAR_acceleration2D,RIGHT_PINKY_acceleration2D,LEFT_EAR_jerk2D,RIGHT_WRIST_jerk2D,LEFT_EYE_OUTER_jerk2D,RIGHT_ELBOW_jerk2D,LEFT_HEEL_jerk2D,RIGHT_THUMB_jerk2D,LEFT_EYE_INNER_jerk2D,LEFT_KNEE_jerk2D,LEFT_SHOULDER_jerk2D,RIGHT_KNEE_jerk2D,LEFT_THUMB_jerk2D,RIGHT_HEEL_jerk2D,RIGHT_EYE_jerk2D,LEFT_EYE_jerk2D,LEFT_ELBOW_jerk2D,RIGHT_FOOT_INDEX_jerk2D,LEFT_FOOT_INDEX_jerk2D,LEFT_PINKY_jerk2D,RIGHT_ANKLE_jerk2D,RIGHT_EYE_OUTER.1_jerk2D,RIGHT_INDEX_jerk2D,NOSE_jerk2D,RIGHT_EYE_OUTER_jerk2D,MOUTH_LEFT_jerk2D,LEFT_ANKLE_jerk2D,RIGHT_HIP_jerk2D,MOUTH_RIGHT_jerk2D,LEFT_WRIST_jerk2D,RIGHT_SHOULDER_jerk2D,LEFT_INDEX_jerk2D,LEFT_HIP_jerk2D,RIGHT_EAR_jerk2D,RIGHT_PINKY_jerk2D,ARM_TOTAL_jerk2D,arms,upper_body,lower_body,head_mov
0.0,-0.0005271172120633,0.3866007559777773,-0.2937000926602151,0.0120862624770506,0.4015405659111937,-0.2833711314602151,0.0145922200549809,0.4012313963517404,-0.2714524596817205,0.014040357547162,0.4012639636828458,-0.2747049567032258,-0.0047656367558152,0.4069455695727261,-0.292991175423656,-0.0039331210243238,0.4057279901337698,-0.3042209745053765,-0.0005148596180699,0.3955786074073953,-0.2851337849870968,0.068118823258607,0.3912250731061276,-0.1758710770107527,-0.0477499793546541,0.3537929588131837,-0.1625232926967742,0.0319221040596786,0.377860517815574,-0.2424385907290323,0.0017306738767181,0.3487187873489837,-0.2656332529440861,0.1410441043472737,0.2482819530209026,-0.0537985908731183,-0.0951649478085086,0.2935343549152056,0.0267465034703225,0.1695739454954157,0.0777723703770775,-0.024789035936738,-0.1367922947033175,0.050978029399505,0.0422071830026236,0.1617243177884734,-0.1152909850075216,-0.0252487755014107,-0.1905672487734176,-0.1336807424520507,-0.0152484096784946,0.1552000724776392,-0.1577499481217351,-0.031246321254172,-0.1836657690401934,-0.1787796683878345,-0.0521032102838709,0.123371825174995,-0.1670239447485149,-0.0569459091270537,-0.1580141148627016,-0.1697478303327627,-0.0830561327896774,0.1511054635052558,-0.1422623593185338,-0.0354457284272172,-0.1778628586587601,-0.1425740154443451,-0.0294537954,0.0759973463880028,-0.1177777506606054,0.0173237406221505,-0.0732530932461155,-0.104857792255207,-0.0158707297270967,0.0637946277107255,-0.45543930530407,-0.0300538000862365,-0.0374218463504868,-0.3858936741688663,-0.015835499276129,0.0686088394445265,-0.7465372758641389,0.1102386844279569,-0.0706941444917225,-0.7116420559195443,0.115627439287742,0.0521994016234672,-0.7760455275869445,0.1250259107870968,-0.0730336900720736,-0.739824892652761,0.0878005629010753,0.0311891362846907,-0.7969988501034366,0.0374374483531182,-0.07403735668433,-0.7569870967390423,-0.0165885392626881,kalt_g_ch1_g18_compr.mp4,ch1g18,7.96809560353213e-06,7.549519400586975e-05,8.819910746963798e-06,1.898339323634002e-05,5.332929307145999e-06,8.514639298878161e-05,9.086873817307516e-06,2.422726562915447e-06,6.509004512006843e-06,2.31061839035268e-06,9.516480545477878e-06,6.303422046207612e-06,7.736373366040201e-06,8.944741247950015e-06,1.0058008259365754e-05,5.0330304909848335e-06,1.2335253507629114e-05,6.221928319095228e-06,6.049998028828148e-06,7.651237716631107e-06,0.0001093980376146,7.559107899156272e-06,7.377904309861052e-06,5.702872561244368e-06,5.055748441060524e-06,9.378889491238639e-08,4.9911551465630045e-06,9.55944224262027e-06,4.3188701805347345e-06,9.716685414698365e-06,3.178249005176102e-07,4.661533255064531e-06,9.432665873362582e-05,7.907237193157226e-05,7.884355931089768e-06,-4.46177704460081e-05,-5.285078970352564e-05,-4.90319867709339e-05,-4.8699363825567264e-05,-2.8953759540736897e-05,-3.101604778066298e-05,-2.246866594303411e-05,-9.117200022928796e-05,-1.1265305831918751e-05,-4.6042590853604755e-05,-2.8454780566752404e-05,-0.0001073020356016,8.204116071750636e-05,-0.0001648669082166,0.0003203285150021,-0.0001031796596884,0.000844098414639,-7.273661705687263e-05,0.0009954783984245,-3.096639422710577e-05,0.0012145028035644,-8.391013430068108e-05,0.0009623478278133,1.923689310640157e-06,-6.077141396723832e-07,3.423541959758026e-05,-3.348345722341079e-05,3.606830431249801e-05,-9.872868771128624e-05,3.525596076705415e-05,-0.0001048685407377,0.0001004455179649,-5.466524727079661e-05,7.761921889832823e-06,6.703496949024872e-05,8.30007699303386e-06,1.103191101258883e-05,4.105891255249205e-06,7.340993504730432e-05,8.620498598519656e-06,9.839900050511448e-07,5.521190727062418e-06,2.3573067203555235e-06,-1.5016627635472922e-06,5.025205651402535e-06,7.489848360512486e-06,8.408747802486622e-06,4.148823862726955e-06,4.548453382976617e-06,1.0116811591871873e-05,-2.1983025870090988e-06,4.653425290367401e-06,7.276960447246551e-06,9.183095406069764e-05,8.011504554115302e-06,7.295547500487552e-06,6.694561062217169e-06,3.994849716188329e-06,2.332745784295165e-07,6.015253849126202e-06,-1.505416804304766e-06,1.5716874860465572e-06,-1.776626005615342e-06,3.5957585616440565e-07,5.141644511858509e-06,8.288348605687557e-05,3.957864163824736e-07,7.376788164568839e-06,5.98837631543641e-07,1.4813470940335644e-06,2.3482378095527945e-07,8.087591766800695e-06,6.338673266755615e-07,7.079265064013258e-08,1.9405977844383425e-07,2.3704817588236006e-07,2.7763611433102245e-06,3.979805959629036e-07,5.670199610421438e-07,5.959315179220953e-07,7.168538137516766e-07,6.952208353033978e-08,3.876011757569721e-07,2.8083132269957056e-06,3.89257571494006e-07,5.485218589044345e-07,1.0147838043627264e-05,5.509787889733623e-07,5.475358448288171e-07,4.312790481203189e-07,2.1187520016781787e-07,5.5137047317469184e-08,4.048493094853e-07,2.422691151457654e-06,3.616479587081449e-07,3.4846395335336864e-06,7.456845558154302e-08,5.228944871887406e-07,9.147401144897113e-06,7.93692035008328e-06,no movement,no movement,no movement,no movement
16.666666666666668,-2.344941478119605e-06,0.3862676977229958,-0.2923477237089359,0.012689641355653,0.4011825616231565,-0.2819665472399704,0.0151860950794723,0.4008880494040244,-0.27006516048528,0.0146260159362782,0.4009235997674789,-0.2733339762271413,-0.0042461334487668,0.4066769065377102,-0.2916621715484614,-0.0033934895797645,0.4054525470717108,-0.3029081943992586,2.6670455932215454e-05,0.3953370293018042,-0.2838218789879867,0.0685278933029359,0.3907653123402499,-0.174296746736448,-0.0473971436456965,0.353598081982203,-0.1614855362349277,0.0323047091890545,0.3775416730317657,-0.2410636638373749,0.0020931175184163,0.348461903088117,-0.2644131256421951,0.1411279135237201,0.2478320662057637,-0.0518529742429492,-0.0950720327072389,0.2937413247072883,0.0267019726565072,0.1695909762931997,0.0772282830621943,-0.0222581068728761,-0.1366943594184019,0.0521470119744781,0.0399510152331553,0.1619910276048572,-0.1155663975785691,-0.0230496922896054,-0.1863443350274315,-0.1297641259907113,-0.0194211849126214,0.1554120012249887,-0.1579180344416655,-0.0290318645032176,-0.1782542581839811,-0.1741018479962274,-0.0569945642780867,0.1238061801561098,-0.1670737998112533,-0.0547136397266132,-0.152144746865973,-0.1641937214957723,-0.0872326590200445,0.1514481276042622,-0.1424728827218566,-0.0332049374119217,-0.1732515482412899,-0.1381560524803984,-0.0435598083,0.0759734271854268,-0.1177600395008082,0.0178055563445309,-0.0732440827601349,-0.1048711123181883,-0.0163271148948832,0.0638758162259249,-0.4553452902925068,-0.0296786509660363,-0.037491941713044,-0.3860701032083267,-0.0167360985370856,0.0689370756856223,-0.7464189961032307,0.1104160322444197,-0.0707596901077121,-0.7120512296291048,0.1148879859699666,0.05254675393445,-0.7759363618913917,0.1252691871328142,-0.0730698826256892,-0.740262184921454,0.0870465152101965,0.0319748713163421,-0.7966489312471023,0.0379593585299147,-0.0737652170774932,-0.7572252039298242,-0.0174290665541119,kalt_g_ch1_g18_compr.mp4,ch1g18,2.457481514021309e-05,0.0002279587756598,2.6969512484296393e-05,4.515881255575463e-05,1.4330355404087828e-05,0.0002523433253466,2.7941098780223885e-05,4.7162929725022986e-06,1.806157860756784e-05,7.576633759568955e-06,1.352434603915315e-05,1.7255847801616884e-05,2.4154945393617384e-05,2.7309521087462668e-05,2.063505372533657e-05,1.4316450394019013e-05,3.3946180684571176e-05,8.69110973634736e-06,1.6266340030603673e-05,2.3618038932237893e-05,0.0003188498624531,2.49128015588191e-05,2.3347167491195923e-05,2.0088970815006755e-05,1.3751902398587323e-05,6.610036209560159e-07,1.7943075745105467e-05,1.279021124396436e-05,8.504669248469351e-06,1.473683127837204e-05,1.1884083238530178e-06,1.6182149385386265e-05,0.0002829748089762,0.000233653411483,2.1300437497185153e-05,-0.000231782356987,-0.0002474392088859,-0.0002381834701155,-0.0002360896323427,-0.000189681840785,-0.0001940798045327,-0.0001720186837903,-0.0003093924932594,-0.0001407964975945,-0.0002205768878127,-0.0001807601130286,-0.0002957329158109,0.0001247266290182,-0.0003467282897896,0.0007520995634158,-0.0001801383234766,0.0025831733308876,-0.0001133842872999,0.003088893113004,-4.344824119137333e-05,0.0036580228919541,-0.0001409472968821,0.0029105900144363,1.208801888000165e-05,-9.3235926481131e-06,5.814719258035303e-05,-0.0001180700743413,7.497588506172323e-05,-0.0002679861009447,6.842748369029886e-05,-0.0002865908800044,0.0002236189061598,-0.0001568917746081,7.131434429797547e-06,6.833313800065342e-05,7.916041586028439e-06,1.2316191816478058e-05,3.960028396761017e-06,7.508072298876938e-05,8.226987891769811e-06,1.081350765699422e-06,4.996408785765251e-06,2.326462952945051e-06,4.126917857055569e-06,4.858711876259054e-06,7.165441317082187e-06,8.006319807644145e-06,5.137762752247097e-06,3.958702088373033e-06,9.372471726698974e-06,3.391306177940896e-06,4.551465321218808e-06,6.974078879162058e-06,9.421865139215677e-05,7.503521390524389e-06,6.957002395225818e-06,6.162482438973289e-06,3.81145572746308e-06,2.597708982903687e-07,5.548229580855599e-06,3.6017853290568084e-06,2.1259485031954644e-06,5.018321360271166e-06,4.033678882425121e-07,5.04829097997284e-06,8.460580583061196e-05,-8.37486898450437e-07,-5.285152449937709e-06,-8.154782262632481e-07,-2.8364025042555636e-07,-3.313824974746591e-07,-5.610489035304687e-06,-8.51411492782791e-07,5.462629484450017e-09,-5.850536153176639e-07,-2.2403216756097714e-07,2.031043689399064e-06,-4.613652656195141e-07,-7.406272954450215e-07,-8.283312314998192e-07,1.5829297874876897e-07,-5.321907171236301e-07,-9.50536310257166e-07,1.9704062187149963e-06,-4.037761128959197e-07,-7.088064623052766e-07,-6.818338033227384e-06,-8.690246633835782e-07,-7.343969023177563e-07,-7.825901825528511e-07,-3.3971105019916345e-07,-2.3887355610717503e-08,-7.076789442990116e-07,1.91451796251136e-06,1.2335147807871754e-07,2.352435799013047e-06,-2.707628251893942e-08,-5.102955479175617e-07,-6.4665610610837065e-06,5.630605998171409e-06,no movement,no movement,no movement,no movement
33.333333333333336,0.0005224273291071,0.3859346394682142,-0.2909953547576567,0.0132930202342553,0.4008245573351191,-0.2805619630197257,0.0157799701039638,0.4005447024563083,-0.2686778612888396,0.0152116743253945,0.4005832358521121,-0.2719629957510568,-0.0037266301417183,0.4064082435026941,-0.2903331676732667,-0.0028538581352053,0.4051771040096518,-0.3015954142931407,0.0005682005299343,0.3950954511962132,-0.2825099729888766,0.0689369633472648,0.3903055515743722,-0.1727224164621432,-0.0470443079367389,0.3534032051512223,-0.1604477797730812,0.0326873143184304,0.3772228282479574,-0.2396887369457175,0.0024555611601145,0.3482050188272501,-0.2631929983403041,0.1412117227001664,0.2473821793906249,-0.0499073576127801,-0.0949791176059691,0.2939482944993711,0.0266574418426918,0.1696080070909837,0.0766841957473111,-0.0197271778090142,-0.1365964241334862,0.0533159945494512,0.037694847463687,0.162257737421241,-0.1158418101496165,-0.0208506090778001,-0.1821214212814454,-0.1258475095293719,-0.0235939601467482,0.1556239299723383,-0.1580861207615959,-0.0268174077522632,-0.1728427473277688,-0.1694240276046202,-0.0618859182723025,0.1242405351372244,-0.1671236548739917,-0.0524813703261728,-0.1462753788692443,-0.1586396126587819,-0.0914091852504116,0.1517907917032686,-0.1426834061251795,-0.0309641463966263,-0.1686402378238198,-0.1337380895164518,-0.0679253,0.0759495079828508,-0.1177423283410109,0.0182873720669113,-0.0732350722741544,-0.1048844323811695,-0.0167835000626696,0.0639570047411243,-0.4552512752809436,-0.0293035018458361,-0.0375620370756012,-0.3862465322477872,-0.0176366977980422,0.069265311926718,-0.7463007163423223,0.1105933800608824,-0.0708252357237017,-0.7124604033386654,0.1141485326521913,0.0528941062454328,-0.7758271961958391,0.1255124634785317,-0.0731060751793048,-0.7406994771901472,0.0862924675193178,0.0327606063479934,-0.7962990123907681,0.0384812687067111,-0.0734930774706563,-0.7574633111206063,-0.0182695938455357,kalt_g_ch1_g18_compr.mp4,ch1g18,3.449464936925086e-05,0.0003210253945223,3.7889223526312615e-05,6.221839007523639e-05,1.9877669079742585e-05,0.0003547448230251,3.927976140769688e-05,6.2843476010496915e-06,2.512742013006101e-05,1.0736258313300852e-05,1.8218894229013063e-05,2.401522215507011e-05,3.400997747580123e-05,3.836052854949309e-05,2.784609885430806e-05,1.99558538300886e-05,4.717050882246513e-05,1.2161334436480658e-05,2.259774256507156e-05,3.3219344415552835e-05,0.0004475093285417,3.5221287013686953e-05,3.2908604543453394e-05,2.8534357619311017e-05,1.9094753786926944e-05,9.888553014135657e-07,2.55292602356218e-05,1.6975076025567517e-05,1.1462561446254735e-05,2.0260417070827912e-05,1.7136411745991317e-06,2.3012088395570712e-05,0.0003982437404548,0.0003286213480881,2.958492168691017e-05,-0.0003353572734346,-0.0003562204227529,-0.0003432646880355,-0.0003402064593231,-0.0002768092790103,-0.0002826792514697,-0.0002521561261725,-0.0004369156772356,-0.0002090862401328,-0.0003180441316419,-0.000263774871367,-0.0004111551217789,0.0001606980298731,-0.0004673787711772,0.001031173953808,-0.0002253507726044,0.0036460123778412,-0.0001324535518798,0.0043654304304475,-3.779304211209789e-05,0.0051558772895348,-0.0001704559377013,0.0041040603333777,1.79829288027194e-05,-1.4219577875214066e-05,7.595901289213285e-05,-0.000168232452999,0.00010139984099,-0.0003726177924653,9.185874151405005e-05,-0.0003987682669989,0.0003048253606468,-0.0002192516368185,6.066377358929085e-06,6.122041716564967e-05,6.864429964209204e-06,1.18057872883621e-05,3.5106055019997355e-06,6.749631423028951e-05,7.130884267599006e-06,1.0704798453855408e-06,4.2616734354455e-06,2.0353289917984163e-06,6.368983421312331e-06,4.283463716555389e-06,6.209298697911862e-06,6.938124402298662e-06,5.262857287647672e-06,3.2937948220173262e-06,8.127970545081585e-06,5.552751497399962e-06,4.045219848755604e-06,6.057042950694435e-06,8.496778451602911e-05,6.3955055297137075e-06,6.01084547836887e-06,5.173502121746269e-06,3.355547460596368e-06,2.297547218990717e-07,4.655036526008089e-06,5.7206963579899125e-06,2.24286640825704e-06,7.605950911576323e-06,3.679503752274936e-07,4.390273465399421e-06,7.589261311154284e-05,-1.4502471614676822e-06,-1.233006068999292e-05,-1.5491004787091948e-06,-1.4122344451517645e-06,-6.407692598066942e-07,-1.327062407056662e-05,-1.6211915957987831e-06,-4.9159279594664354e-08,-9.60586520147817e-07,-4.6979440774720215e-07,1.038998659259865e-06,-9.02432983793095e-07,-1.420778718800957e-06,-1.56617859002399e-06,-2.6460056789357965e-07,-8.066625086300521e-07,-1.6371638274615008e-06,9.368318960976592e-07,-8.167672888194341e-07,-1.364858488052092e-06,-1.6347491094272827e-05,-1.5881093038848433e-06,-1.3983872857545617e-06,-1.384346689034706e-06,-6.361204072612545e-07,-6.695424328076355e-08,-1.2596614726602152e-06,1.0964887480396857e-06,-7.014911588721094e-08,1.0411870048492058e-06,-8.426086196606225e-08,-1.0557868707936425e-06,-1.5167890909768792e-05,1.2461825860687067e-05,no movement,no movement,no movement,no movement
50.0,0.0010471995996923,0.3856015812134327,-0.2896429858063775,0.0138963991128577,0.4004665530470819,-0.279157378799481,0.0163738451284553,0.4002013555085924,-0.2672905620923991,0.0157973327145108,0.4002428719367452,-0.2705920152749723,-0.0032071268346699,0.4061395804676782,-0.2890041637980721,-0.002314226690646,0.4049016609475928,-0.3002826341870228,0.0011097306039365,0.3948538730906221,-0.2811980669897664,0.0693460333915936,0.3898457908084945,-0.1711480861878384,-0.0466914722277814,0.3532083283202416,-0.1594100233112347,0.0330699194478063,0.3769039834641491,-0.2383138100540601,0.0028180048018128,0.3479481345663833,-0.2619728710384131,0.1412955318766126,0.246932292575486,-0.047961740982611,-0.0948862025046994,0.2941552642914539,0.0266129110288765,0.1696250378887676,0.0761401084324278,-0.0171962487451522,-0.1364984888485706,0.0544849771244242,0.0354386796942187,0.162524447237625,-0.116117222720664,-0.0186515258659947,-0.1778985075354592,-0.1219308930680326,-0.027766735380875,0.1558358587196878,-0.1582542070815264,-0.0246029510013088,-0.1674312364715565,-0.1647462072130132,-0.0667772722665183,0.1246748901183391,-0.16717350993673,-0.0502491009257323,-0.1404060108725157,-0.1530855038217915,-0.0955857114807786,0.152133455802275,-0.1428939295285024,-0.0287233553813309,-0.1640289274063495,-0.1293201265525052,-0.0698987469,0.0759255887802748,-0.1177246171812138,0.0187691877892918,-0.0732260617881738,-0.1048977524441507,-0.017239885230456,0.0640381932563237,-0.4551572602693804,-0.0289283527256359,-0.0376321324381585,-0.3864229612872477,-0.0185372970589988,0.0695935481678138,-0.7461824365814141,0.1107707278773452,-0.0708907813396913,-0.7128695770482258,0.113409079334416,0.0532414585564156,-0.7757180305002864,0.1257557398242491,-0.0731422677329205,-0.7411367694588404,0.085538419828439,0.0335463413796447,-0.7959490935344339,0.0390031788835076,-0.0732209378638195,-0.7577014183113883,-0.0191101211369595,kalt_g_ch1_g18_compr.mp4,ch1g18,3.943968827032963e-05,0.0003690760960792,4.339835945719795e-05,7.215086458834548e-05,2.2825170162085156e-05,0.0004079907093244,4.49929174760503e-05,7.280927483687256e-06,2.8830439185620563e-05,1.2311716829892676e-05,2.2692859504548025e-05,2.76093422226101e-05,3.8951970493537015e-05,4.3938294698683207e-05,3.2385575068213436e-05,2.287185601044056e-05,5.410872036706397e-05,1.5654091652636045e-05,2.5992238745524785e-05,3.805416620831852e-05,0.000514827514175,4.027601353928009e-05,3.7677646478474254e-05,3.256858745653313e-05,2.191532548765879e-05,1.134801638798832e-06,2.913264619312524e-05,2.1186119270729693e-05,1.3409504473572613e-05,2.5296393819153713e-05,1.974212850706031e-06,2.633518802198506e-05,0.0004578862227605,0.0003780483951562,3.399820533843495e-05,-0.000378326560642,-0.0004026069780751,-0.0003873937383614,-0.0003839484187411,-0.0003109319230276,-0.000317640700281,-0.0002824915285319,-0.0004976012448933,-0.0002335793330694,-0.0003594597329134,-0.0002967504585213,-0.0004718300885158,0.0001898407794071,-0.0005408091615539,0.0011924472287634,-0.0002511274235254,0.0041947708405531,-0.0001412376297889,0.0050212311867111,-2.684546641876297e-05,0.0059339446027786,-0.0001850573250951,0.0047231866392504,2.063954109499432e-05,-1.6243818968257343e-05,8.86873931517077e-05,-0.0001926168314691,0.0001178316023714,-0.0004284455063814,0.0001072162739179,-0.0004584455432702,0.0003532671522304,-0.0002516577406499,4.77157628015162e-06,4.894034497406554e-05,5.429991618452256e-06,1.0080748673174982e-05,2.8745938777466884e-06,5.4192280258355015e-05,5.632336717681777e-06,9.770712894092322e-07,3.4195170900028723e-06,1.5913691021132213e-06,6.19870162542047e-06,3.4651627975910375e-06,4.890999918462799e-06,5.488854585894913e-06,4.763777008455746e-06,2.6090370889992945e-06,6.5962439235649835e-06,5.300634619051889e-06,3.2938825795523175e-06,4.7858253492488154e-06,6.848696929189998e-05,4.960543121410869e-06,4.719135795759045e-06,3.949157376025923e-06,2.7351772872249147e-06,1.662893461015352e-07,3.5417826002541375e-06,5.688721248928001e-06,2.044983412511809e-06,7.230154859909485e-06,2.839069906905135e-07,3.405205780746379e-06,6.075609844404832e-05,-1.607776504431546e-06,-1.5064223448276958e-05,-1.775427483079034e-06,-2.0281437902990907e-06,-7.570683781290226e-07,-1.6292561369239037e-05,-1.8576822318108816e-06,-9.37346019465015e-08,-1.045983775041337e-06,-5.525213298958097e-07,5.408540026037837e-09,-1.0362445996045897e-06,-1.6320541420955698e-06,-1.792763185601547e-06,-5.673011210241598e-07,-8.489276585712655e-07,-1.8463261281207296e-06,-9.36364508264362e-08,-9.4962052982061e-07,-1.571496093148052e-06,-2.015953462229964e-05,-1.7868047812566754e-06,-1.6009720890960252e-06,-1.533483326283698e-06,-7.41736191955682e-07,-8.213051057514252e-08,-1.3967660287903587e-06,1.741234040551566e-07,-2.1859003204508138e-07,-2.2691896936751573e-07,-1.0677672080432557e-07,-1.2328017715298992e-06,-1.8562402706945955e-05,1.5211717353918362e-05,no movement,no movement,no movement,no movement
66.66666666666667,0.0015719718702776,0.3852685229586511,-0.2882906168550983,0.0144997779914601,0.4001085487590445,-0.2777527945792362,0.0169677201529468,0.3998580085608763,-0.2659032628959585,0.016382991103627,0.3999025080213784,-0.2692210347988877,-0.0026876235276215,0.4058709174326622,-0.2876751599228774,-0.0017745952460868,0.4046262178855338,-0.2989698540809049,0.0016512606779387,0.394612294985031,-0.2798861609906564,0.0697551034359225,0.3893860300426169,-0.1695737559135336,-0.0463386365188238,0.3530134514892609,-0.1583722668493882,0.0334525245771822,0.3765851386803408,-0.2369388831624027,0.003180448443511,0.3476912503055164,-0.2607527437365221,0.141379341053059,0.2464824057603471,-0.046016124352442,-0.0947932874034297,0.2943622340835367,0.0265683802150611,0.1696420686865516,0.0755960211175446,-0.0146653196812903,-0.1364005535636549,0.0556539596993973,0.0331825119247504,0.1627911570540088,-0.1163926352917115,-0.0164524426541894,-0.1736755937894731,-0.1180142766066931,-0.0319395106150018,0.1560477874670373,-0.1584222934014568,-0.0223884942503544,-0.1620197256153442,-0.160068386821406,-0.0716686262607341,0.1251092450994538,-0.1672233649994684,-0.0480168315252918,-0.1345366428757872,-0.147531394984801,-0.0997622377111457,0.1524761199012814,-0.1431044529318254,-0.0264825643660354,-0.1594176169888793,-0.1249021635885585,-0.0706607774,0.0759016695776988,-0.1177069060214166,0.0192510035116722,-0.0732170513021932,-0.1049110725071319,-0.0176962703982424,0.0641193817715232,-0.4550632452578173,-0.0285532036054356,-0.0377022278007157,-0.3865993903267082,-0.0194378963199555,0.0699217844089095,-0.7460641568205059,0.1109480756938079,-0.0709563269556808,-0.7132787507577865,0.1126696260166407,0.0535888108673984,-0.7756088648047336,0.1259990161699666,-0.0731784602865361,-0.7415740617275336,0.0847843721375603,0.034332076411296,-0.7955991746780996,0.039525089060304,-0.0729487982569826,-0.7579395255021701,-0.0199506484283833,kalt_g_ch1_g18_compr.mp4,ch1g18,4.091286263287201e-05,0.0003848937026098,4.510006392432232e-05,7.67408941971646e-05,2.392171948260833e-05,0.0004259818698723,4.674658407131108e-05,7.842484503521788e-06,3.015661377979522e-05,1.2765869092192932e-05,2.6269752238892367e-05,2.894382238907074e-05,4.04367224494806e-05,4.566454765922765e-05,3.487251233432591e-05,2.387167365675979e-05,5.660394088620692e-05,1.844230008734123e-05,2.7285203152189306e-05,3.9532574332594274e-05,0.0005380910013671,4.165604009402831e-05,3.9078990196236015e-05,3.3538640291410024e-05,2.2944921347203367e-05,1.1509405955042866e-06,2.9971355654978844e-05,2.4715565773359047e-05,1.4544216209889116e-05,2.912544850787829e-05,2.043091294698234e-06,2.7197904924853574e-05,0.00047768152849,0.000394790170165,3.565040990908225e-05,-0.0003807670426506,-0.0004070602305963,-0.0003907491216627,-0.0003873019439606,-0.0003100073926423,-0.000317118042667,-0.0002801062095689,-0.0005123327073957,-0.000229464494771,-0.000363196744421,-0.0002964931788498,-0.0004937782597921,0.0002121293000609,-0.0005792495167024,0.0012668422055325,-0.0002669775170848,0.0043740262208037,-0.0001480569234363,0.005231240571381,-1.9895200418562468e-05,0.0061937036274616,-0.0001942748678187,0.0049288883055784,2.09892846023264e-05,-1.6251253664477994e-05,9.723218678028326e-05,-0.0001988774988019,0.0001265367346412,-0.0004494079277443,0.0001160609528682,-0.0004806411116019,0.0003771435749389,-0.0002628368462298,3.419189061205289e-06,3.4272953654086316e-05,3.854076031659433e-06,7.647236957330181e-06,2.1523172890404145e-06,3.820104764229406e-05,3.985710413764734e-06,8.244966620464883e-07,2.5556220988406887e-06,1.0860187849672784e-06,4.481866579514456e-06,2.544085287826446e-06,3.439152005748344e-06,3.899786244341986e-06,3.852260778424955e-06,1.9496874401598947e-06,4.9581042969131984e-06,3.535319407205672e-06,2.43254387657107e-06,3.3810058407677806e-06,4.855958208456418e-05,3.4290944796865777e-06,3.303915862267936e-06,2.675515811670346e-06,2.042744805042707e-06,8.905471768718187e-08,2.3815722737775245e-06,4.252772533296175e-06,1.6405498155951304e-06,4.9928373216583505e-06,1.7745041419411577e-07,2.2946735410682813e-06,4.263576015161104e-05,-1.4554950879323325e-06,-1.465624387176232e-05,-1.647887060739164e-06,-2.2437068452038956e-06,-7.366427432318821e-07,-1.5928734344449148e-05,-1.7221269908490155e-06,-1.2881170154908938e-07,-9.4020640158992e-07,-5.188048463891046e-07,-9.01718505926501e-07,-9.60438424853352e-07,-1.5149648023009253e-06,-1.6630200812671795e-06,-7.647679527321539e-07,-7.41551168447596e-07,-1.7305925944640337e-06,-9.594902503273167e-07,-8.902858787074765e-07,-1.4632396097426243e-06,-1.9793547739444115e-05,-1.6247334624155263e-06,-1.4808045617321645e-06,-1.3709158075249558e-06,-7.134124203353325e-07,-7.669845912873662e-08,-1.2477637516954728e-06,-6.824290826883827e-07,-3.226719168853416e-07,-1.272559296507554e-06,-1.0346764254329085e-07,-1.1476105406957702e-06,-1.8086793187395155e-05,1.4862378151231734e-05,no movement,no movement,no movement,no movement
83.33333333333334,0.0020967441408629,0.3849354647038695,-0.2869382479038191,0.0151031568700625,0.3997505444710073,-0.2763482103589915,0.0175615951774383,0.3995146616131604,-0.2645159636995181,0.0169686494927433,0.3995621441060116,-0.2678500543228032,-0.002168120220573,0.4056022543976463,-0.2863461560476827,-0.0012349638015275,0.4043507748234748,-0.2976570739747869,0.0021927907519409,0.39437071687944,-0.2785742549915462,0.0701641734802513,0.3889262692767392,-0.1679994256392288,-0.0459858008098662,0.3528185746582802,-0.1573345103875418,0.0338351297065581,0.3762662938965325,-0.2355639562707453,0.0035428920852093,0.3474343660446495,-0.2595326164346311,0.1414631502295053,0.2460325189452083,-0.0440705077222729,-0.09470037230216,0.2945692038756194,0.0265238494012458,0.1696590994843357,0.0750519338026614,-0.0121343906174284,-0.1363026182787392,0.0568229422743703,0.0309263441552821,0.1630578668703926,-0.1166680478627589,-0.014253359442384,-0.169452680043487,-0.1140976601453537,-0.0361122858491286,0.1562597162143868,-0.1585903797213873,-0.0201740374994,-0.1566082147591319,-0.1553905664297989,-0.0765599802549499,0.1255436000805684,-0.1672732200622068,-0.0457845621248513,-0.1286672748790585,-0.1419772861478107,-0.1039387639415128,0.1528187840002879,-0.1433149763351483,-0.02424177335074,-0.1548063065714091,-0.1204842006246119,-0.0782873333,0.0758777503751228,-0.1176891948616194,0.0197328192340526,-0.0732080408162126,-0.1049243925701131,-0.0181526555660289,0.0642005702867226,-0.4549692302462539,-0.0281780544852354,-0.0377723231632729,-0.3867758193661686,-0.0203384955809121,0.0702500206500052,-0.7459458770595977,0.1111254235102706,-0.0710218725716704,-0.713687924467347,0.1119301726988654,0.0539361631783812,-0.775499699109181,0.1262422925156841,-0.0732146528401517,-0.7420113539962266,0.0840303244466815,0.0351178114429474,-0.7952492558217653,0.0400469992371004,-0.0726766586501458,-0.7581776326929524,-0.0207911757198071,kalt_g_ch1_g18_compr.mp4,ch1g18,4.020794405603915e-05,0.0003796628131868,4.438130863824015e-05,7.756905631229908e-05,2.3814738876322816e-05,0.0004208802526247,4.598273958920945e-05,8.08788539163725e-06,2.995398981754818e-05,1.2502209887554346e-05,2.850385878882435e-05,2.8802094308077067e-05,3.972532846799849e-05,4.494221261487364e-05,3.5850539165258735e-05,2.3649125001169097e-05,5.6241939069819456e-05,2.00503079125107e-05,2.7199351832224055e-05,3.8875696790756024e-05,0.0005324218758522,4.072803531927098e-05,3.8346598484852946e-05,3.2608921571039556e-05,2.281512617682216e-05,1.0840103938010744e-06,2.909869512089552e-05,2.7075782437971965e-05,1.50471747144548e-05,3.130000407897162e-05,1.9855229936746975e-06,2.650931468825765e-05,0.0004714354332459,0.0003901014859843,3.550119325540236e-05,-0.0003598483266905,-0.0003870903450335,-0.0003705697412478,-0.0003673413277346,-0.0002893550786534,-0.000296592750339,-0.0002595522712423,-0.0004990173943343,-0.0002096743623486,-0.0003449858611795,-0.0002773642381293,-0.0004907790881386,0.0002276270205919,-0.0005931691390134,0.0012813089760313,-0.0002796091185197,0.0043107782371004,-0.0001582590186477,0.0051492081276731,-2.2676947296400757e-05,0.0061122333486643,-0.0002045341150455,0.0048625762247972,1.9863894999514675e-05,-1.5003608291064068e-05,0.0001023765880014,-0.0001936767948255,0.0001295549383954,-0.0004475606825481,0.0001198479826173,-0.0004783469360118,0.0003836509460238,-0.000260329567065,2.148705834646178e-06,1.953476967325454e-05,2.334632678758318e-06,4.937522868720616e-06,1.4274519591766693e-06,2.205189803427281e-05,2.399586707666555e-06,6.338050465495627e-07,1.7388207468658829e-06,5.946847773186131e-07,1.975898807665722e-06,1.635081898883009e-06,2.04138959833391e-06,2.3687781500133296e-06,2.7121167855354994e-06,1.350957472091243e-06,3.362240658109005e-06,1.042932342795529e-06,1.572190759161574e-06,2.0237712697313586e-06,2.834375976402594e-05,1.9889940829546386e-06,1.947211661796401e-06,1.5031753829059171e-06,1.3549968378010003e-06,1.4347433388947337e-08,1.314506571275345e-06,2.069270307511184e-06,1.1235240054971978e-06,1.8539143179889704e-06,7.042233129222515e-08,1.2242341638661272e-06,2.439840433681615e-05,-1.1189611013883627e-06,-1.2137041361713827e-05,-1.29993649713755e-06,-2.1598924283848675e-06,-6.284862646075506e-07,-1.3284261792197506e-05,-1.3548038035345867e-06,-1.5482578100919278e-07,-7.277316039822467e-07,-4.095459967722005e-07,-1.5515486409793333e-06,-7.592690420913393e-07,-1.1919133402912462e-06,-1.31166677513914e-06,-8.714453123471378e-07,-5.54628673677356e-07,-1.4210572386850772e-06,-1.5364856489749117e-06,-7.14758847552017e-07,-1.1572678273227077e-06,-1.6607775207188256e-05,-1.24061043246806e-06,-1.1586544188285874e-06,-1.0189827042502837e-06,-6.004738035687524e-07,-5.715579732883627e-08,-9.245291661955668e-07,-1.338390634695768e-06,-3.8405985453344643e-07,-1.959276201902098e-06,-8.222975615758138e-08,-8.935314693397307e-07,-1.500864151488855e-05,1.2430752782579164e-05,no movement,no movement,no movement,no movement
100.0,0.0026215164114482,0.3846024064490879,-0.2855858789525399,0.0157065357486648,0.3993925401829699,-0.2749436261387468,0.0181554702019298,0.3991713146654443,-0.2631286645030776,0.0175543078818595,0.3992217801906447,-0.2664790738467186,-0.0016486169135245,0.4053335913626302,-0.2850171521724881,-0.0006953323569683,0.4040753317614158,-0.296344293868669,0.0027343208259431,0.3941291387738488,-0.2772623489924361,0.0705732435245802,0.3884665085108614,-0.166425095364924,-0.0456329651009086,0.3526236978272996,-0.1562967539256952,0.0342177348359341,0.3759474491127242,-0.2341890293790879,0.0039053357269075,0.3471774817837827,-0.2583124891327402,0.1415469594059516,0.2455826321300694,-0.0421248910921038,-0.0946074572008902,0.2947761736677022,0.0264793185874304,0.1696761302821196,0.0745078464877781,-0.0096034615535664,-0.1362046829938235,0.0579919248493434,0.0286701763858138,0.1633245766867766,-0.1169434604338063,-0.0120542762305787,-0.1652297662975008,-0.1101810436840144,-0.0402850610832554,0.1564716449617363,-0.1587584660413178,-0.0179595807484457,-0.1511967039029195,-0.1507127460381919,-0.0814513342491657,0.1259779550616832,-0.1673230751249452,-0.0435522927244108,-0.1227979068823299,-0.1364231773108202,-0.1081152901718799,0.1531614480992943,-0.1435254997384712,-0.0220009823354445,-0.1501949961539389,-0.1160662376606653,-0.0837319195,0.0758538311725468,-0.1176714837018222,0.020214634956433,-0.073199030330232,-0.1049377126330944,-0.0186090407338153,0.064281758801922,-0.4548752152346907,-0.0278029053650352,-0.0378424185258301,-0.3869522484056291,-0.0212390948418687,0.0705782568911009,-0.7458275972986894,0.1113027713267334,-0.07108741818766,-0.7140970981769075,0.1111907193810901,0.0542835154893641,-0.7753905334136285,0.1264855688614015,-0.0732508453937674,-0.7424486462649198,0.0832762767558027,0.0359035464745988,-0.7948993369654311,0.0405689094138969,-0.072404519043309,-0.7584157398837341,-0.0216317030112309,kalt_g_ch1_g18_compr.mp4,ch1g18,3.840954494873067e-05,0.0003629698036763,4.241289337269026e-05,7.601184765287671e-05,2.3050211181757216e-05,0.000403108867865,4.391932373517873e-05,8.11841172709478e-06,2.893268110325719e-05,1.186486900783384e-05,2.918024149476616e-05,2.784540690204523e-05,3.788418079516776e-05,4.2955411808921095e-05,3.578788261896516e-05,2.2784629786229207e-05,5.435112672991329e-05,2.025389276944573e-05,2.634474229972097e-05,3.7115719565496475e-05,0.0005107777270844,3.864627753925707e-05,3.652370002057605e-05,3.076126222488052e-05,2.2057805752617787e-05,9.753895158390173e-07,2.740315555293804e-05,2.7999278279693045e-05,1.5080618226304634e-05,3.1644219431844776e-05,1.8590329793088185e-06,2.504111182013572e-05,0.0004509802156365,0.0003736169314833,3.435974740097671e-05,-0.0003298328031802,-0.000357256295077,-0.0003411549031644,-0.0003382287222052,-0.0002616561428544,-0.0002688738750195,-0.0002328525987687,-0.0004725864537287,-0.0001848854916572,-0.0003179154204255,-0.0002512797435552,-0.0004743710348464,0.0002364863760733,-0.0005912765774862,0.0012588249068419,-0.0002929291174589,0.0041144488246776,-0.000174218684665,0.0049076877524333,-3.737042711489264e-05,0.0058422129407715,-0.0002191627563671,0.004646152808254,1.7995414790657262e-05,-1.3169397765156637e-05,0.0001047871318413,-0.0001826851101455,0.0001287000493913,-0.0004330763377293,0.0001199268997045,-0.0004625285417525,0.0003789826059604,-0.0002504903700415,1.066948997846333e-06,6.578813738469935e-06,1.026211026702233e-06,2.309986876718646e-06,7.6702656970842e-07,7.770968169295238e-06,1.036763131277992e-06,4.2372304514696987e-07,1.021095254489e-06,1.767450520054607e-07,-6.701547521172985e-07,8.275778855430748e-07,8.443749463369669e-07,1.0502719617467376e-06,1.4992225419941464e-06,8.380118271366176e-07,1.925218558353935e-06,-1.5046374766191124e-06,7.997069030611341e-07,8.559155591570297e-07,1.0372399705498924e-05,7.854505739719488e-07,7.91032647274554e-07,5.472643883272984e-07,7.330274353083159e-07,-4.4919260116719847e-08,4.4768307195800873e-07,-2.9585776701858856e-07,5.735724585630335e-07,-1.3686862251542617e-06,-1.9706566469852928e-08,3.234168690873565e-07,8.338144881351369e-06,-7.038707630459811e-07,-8.399851573688619e-06,-8.45062541803717e-07,-1.8662996175430235e-06,-4.742238704503469e-07,-9.316947891357914e-06,-8.750249410804616e-07,-1.7209888156231355e-07,-4.785527690039786e-07,-2.599549477530194e-07,-1.850422352271534e-06,-5.036073046231129e-07,-7.671938008429109e-07,-8.532032004192414e-07,-9.012624264390788e-07,-3.457864435968447e-07,-1.0273387029420072e-06,-1.7376435116390394e-06,-4.870804176901691e-07,-7.534179927126252e-07,-1.1779627426359755e-05,-7.522434947111471e-07,-7.374078413264995e-07,-5.814454462181624e-07,-4.44715747940146e-07,-2.9215640315140573e-08,-5.220401829246342e-07,-1.6943540837305185e-06,-4.053833667498577e-07,-2.1934769633430973e-06,-5.0011536086881767e-08,-5.509308489892967e-07,-1.0426409282190433e-05,8.816104040039769e-06,no movement,no movement,no movement,no movement
116.66666666666669,0.0031462886820335,0.3842693481943064,-0.2842335100012607,0.0163099146272672,0.3990345358949326,-0.2735390419185021,0.0187493452264213,0.3988279677177284,-0.2617413653066371,0.0181399662709757,0.3988814162752779,-0.2651080933706341,-0.0011291136064761,0.4050649283276143,-0.2836881482972934,-0.000155700912409,0.4037998886993568,-0.2950315137625511,0.0032758508999453,0.3938875606682578,-0.275950442993326,0.0709823135689091,0.3880067477449838,-0.1648507650906193,-0.045280129391951,0.3524288209963189,-0.1552589974638487,0.03460033996531,0.375628604328916,-0.2328141024874305,0.0042677793686058,0.3469205975229159,-0.2570923618308491,0.1416307685823979,0.2451327453149306,-0.0401792744619347,-0.0945145420996205,0.294983143459785,0.0264347877736151,0.1696931610799036,0.0739637591728949,-0.0070725324897045,-0.136106747708908,0.0591609074243165,0.0264140086163455,0.1635912865031604,-0.1172188730048538,-0.0098551930187734,-0.1610068525515147,-0.106264427222675,-0.0444578363173822,0.1566835737090859,-0.1589265523612481,-0.0157451239974913,-0.1457851930467072,-0.1460349256465847,-0.0863426882433815,0.1264123100427978,-0.1673729301876836,-0.0413200233239703,-0.1169285388856013,-0.1308690684738298,-0.1122918164022469,0.1535041121983007,-0.1437360231417941,-0.0197601913201491,-0.1455836857364686,-0.1116482746967187,-0.0811035559,0.0758299119699708,-0.117653772542025,0.0206964506788134,-0.0731900198442514,-0.1049510326960756,-0.0190654259016017,0.0643629473171215,-0.4547812002231275,-0.027427756244835,-0.0379125138883873,-0.3871286774450896,-0.0221396941028253,0.0709064931321967,-0.7457093175377812,0.1114801191431961,-0.0711529638036496,-0.714506271886468,0.1104512660633148,0.0546308678003469,-0.7752813677180757,0.126728845207119,-0.073287037947383,-0.7428859385336131,0.082522229064924,0.0366892815062501,-0.7945494181090968,0.0410908195906933,-0.0721323794364721,-0.7586538470745162,-0.0224722303026548,kalt_g_ch1_g18_compr.mp4,ch1g18,3.639311852958471e-05,0.0003428028267378,4.0149445964596054e-05,7.324168424654792e-05,2.207268024095802e-05,0.0003813517882044,4.15502375243555e-05,8.017759936932675e-06,2.766486934071441e-05,1.113861124939254e-05,2.831473868078393e-05,2.6612826362182447e-05,3.578496879877609e-05,4.06694645442226e-05,3.507736829873849e-05,2.1745209264938795e-05,5.200255880058631e-05,1.908026176883438e-05,2.521877353570495e-05,3.5095886619824896e-05,0.0004839516482375,3.635265476114501e-05,3.4462789367793023e-05,2.8794918664752663e-05,2.110510681553385e-05,8.610967036466089e-07,2.560841237551897e-05,2.7438704424255096e-05,1.4788545164257997e-05,3.0253989423349976e-05,1.7134248278484292e-06,2.3427609752283364e-05,0.0004261746572758,0.0003533573638655,3.288483042894194e-05,-0.0003020756457268,-0.0003291658633903,-0.000313864316199,-0.0003112141389037,-0.0002369535180325,-0.0002440980484415,-0.0002095008606234,-0.0004449948520265,-0.0001635183572961,-0.0002924314016164,-0.0002277107037419,-0.0004538515699669,0.0002389488078947,-0.000580519627728,0.0012183946392116,-0.0003080432279231,0.0038768821354968,-0.0001953378741472,0.004618037696137,-6.260037681436323e-05,0.005511921767472,-0.0002383906217932,0.0043820119862068,1.601619330915132e-05,-1.1323925593849722e-05,0.0001050136941283,-0.000170580886145,0.000125560038547,-0.0004142444011671,0.0001175415729553,-0.000442125015311,0.0003683289184472,-0.0002384875754245,2.4807321299374925e-07,-3.205399204010527e-06,3.9960534470244555e-08,4.911919217608994e-08,2.2142226044584934e-07,-3.118750134796679e-06,1.4253396561871624e-08,2.1065477904348553e-07,4.3757777762420326e-07,-1.2445118225373338e-07,-2.9156207478891975e-06,1.8557304574993666e-07,-4.62020885729454e-08,5.529222484435789e-08,3.41524884234231e-07,4.259681933904559e-07,7.314801070682629e-07,-3.5497383368535985e-06,1.778726403946448e-07,-2.0160289400282872e-08,-3.4468402105935716e-06,-7.895324016149468e-08,-6.262825933822466e-08,-1.1255852910256574e-07,2.222778734304453e-07,-7.921546620985815e-08,-1.4480409045076138e-07,-2.367176463893107e-06,5.6069739492499265e-08,-3.999024477048571e-06,-7.983658155543217e-08,-3.142773208741588e-07,-3.823596553993223e-06,-2.960583199795466e-07,-4.2002264175361715e-06,-3.767814083487575e-07,-1.4411577495617108e-06,-3.081115076566301e-07,-4.837282203677508e-06,-3.811370152909746e-07,-1.8083988307269038e-07,-2.481794660377636e-07,-9.955099320229332e-08,-1.7418544516996749e-06,-2.509403365058355e-07,-3.269916326344543e-07,-3.819117253928602e-07,-8.676334988183368e-07,-1.6018138146034822e-07,-6.375802593574524e-07,-1.513249421489426e-06,-2.5933703972182697e-07,-3.341858100741312e-07,-6.305680437132045e-06,-2.5653317063187424e-07,-3.0206747594269145e-07,-1.4348832145374956e-07,-2.8040435484938125e-07,2.193490020243243e-09,-1.1837809833064569e-07,-1.6862831708148287e-06,-3.902364129300445e-07,-1.9244339110832587e-06,-1.2813802235938574e-08,-1.872229716510217e-07,-5.269440511057278e-06,4.828579132429702e-06,no movement,no movement,no movement,no movement
133.33333333333334,0.0036710609526187,0.3839362899395249,-0.2828811410499815,0.0169132935058696,0.3986765316068953,-0.2721344576982573,0.0193432202509128,0.3984846207700123,-0.2603540661101966,0.018725624660092,0.3985410523599109,-0.2637371128945496,-0.0006096102994276,0.4047962652925983,-0.2823591444220987,0.00038393053215,0.4035244456372978,-0.2937187336564332,0.0038173809739475,0.3936459825626667,-0.2746385369942158,0.0713913836132379,0.387546986979106,-0.1632764348163145,-0.0449272936829935,0.3522339441653382,-0.1542212410020023,0.0349829450946859,0.3753097595451077,-0.2314391755957731,0.004630223010304,0.3466637132620491,-0.2558722345289582,0.1417145777588442,0.2446828584997917,-0.0382336578317656,-0.0944216269983507,0.2951901132518678,0.0263902569597997,0.1697101918776875,0.0734196718580116,-0.0045416034258426,-0.1360088124239923,0.0603298899992896,0.0241578408468772,0.1638579963195443,-0.1174942855759012,-0.007656109806968,-0.1567839388055285,-0.1023478107613355,-0.048630611551509,0.1568955024564355,-0.1590946386811786,-0.0135306672465369,-0.1403736821904949,-0.1413571052549776,-0.0912340422375973,0.1268466650239125,-0.1674227852504219,-0.0390877539235298,-0.1110591708888727,-0.1253149596368394,-0.116468342632614,0.1538467762973072,-0.143946546545117,-0.0175194003048537,-0.1409723753189985,-0.1072303117327721,-0.0788193122,0.0758059927673948,-0.1176360613822278,0.0211782664011939,-0.0731810093582708,-0.1049643527590569,-0.0195218110693882,0.0644441358323209,-0.4546871852115643,-0.0270526071246347,-0.0379826092509445,-0.3873051064845501,-0.0230402933637819,0.0712347293732924,-0.745591037776873,0.1116574669596588,-0.0712185094196392,-0.7149154455960285,0.1097118127455395,0.0549782201113297,-0.775172202022523,0.1269721215528365,-0.0733232305009986,-0.7433232308023061,0.0817681813740452,0.0374750165379014,-0.7941994992527626,0.0416127297674898,-0.0718602398296353,-0.7588919542652982,-0.0233127575940786,kalt_g_ch1_g18_compr.mp4,ch1g18,3.4824958826977834e-05,0.0003255518118243,3.832942231406524e-05,7.022690142948565e-05,2.12252508994897e-05,0.0003625541485819,3.964534328157953e-05,7.85204129616641e-06,2.6584804133126597e-05,1.054883641309578e-05,2.615396465458772e-05,2.55212361484871e-05,3.410467896832183e-05,3.883088718318341e-05,3.403642035321201e-05,2.0884486200734423e-05,5.0009933338022715e-05,1.6808051490751478e-05,2.4206185988133855e-05,3.347049989706738e-05,0.0004605722362054,3.4576664675002865e-05,3.282562697902837e-05,2.7326572784836633e-05,2.0289457071355016e-05,7.7179095913102e-07,2.4273325475400757e-05,2.5566854107999155e-05,1.429671412691868e-05,2.749694486778054e-05,1.5907806601158049e-06,2.2165740840353265e-05,0.0004049040427837,0.0003357498202619,3.15848303516496e-05,-0.0002850248111256,-0.0003114756416099,-0.0002971180918771,-0.0002946354487509,-0.0002226519079692,-0.0002297294823492,-0.0001964615085397,-0.0004252213741033,-0.0001517373526089,-0.0002763374264315,-0.0002136830287223,-0.0004362771723119,0.0002353447637618,-0.0005660853319544,0.0011750500890539,-0.0003232559883245,0.0036723445382465,-0.0002180457231692,0.0043704205628897,-9.343655021284816e-05,0.0052252393817592,-0.0002593496817519,0.0041530392078255,1.44588867176931e-05,-9.949283874190414e-06,0.0001034894914933,-0.000161050614985,0.0001214970119419,-0.0003974713216835,0.0001138302034816,-0.0004240490044089,0.0003558772704065,-0.0002283033568587,-2.664345929076261e-07,-8.891859968572692e-06,-5.563693469328457e-07,-1.634480232575811e-06,-1.756273705436491e-07,-9.597409977323191e-06,-5.96712604446921e-07,8.681888420147362e-09,6.550407689262324e-09,-2.815834808603087e-07,-4.328199413767583e-06,-2.523582793921588e-07,-5.656240331742241e-07,-5.485536289272978e-07,-6.609600270843451e-07,1.1989730469835566e-07,-1.6665602810897902e-07,-4.648955907098064e-06,-2.5463504032540477e-07,-5.41448195848196e-07,-1.1831541598618874e-05,-5.442603880025994e-07,-5.517946670532968e-07,-4.3210438205244963e-07,-1.474633459095569e-07,-8.239463832699302e-08,-4.2186422771392614e-07,-3.7597429917206865e-06,-3.779014986597139e-07,-5.503148702192902e-06,-1.0123901043644588e-07,-6.313755811781088e-07,-1.0938090529324769e-05,3.85039519085571e-08,-1.560340573982631e-07,3.136122553467407e-08,-9.51326420506602e-07,-1.570361418248003e-07,-5.084396737767795e-07,4.9479021438071186e-08,-1.8114450403329906e-07,-7.76374470632292e-08,4.7837445846436967e-08,-1.2065340759178198e-06,-4.537153254927417e-08,6.061631175342848e-08,2.8142846571067062e-08,-7.834577105356651e-07,-3.0501024440139704e-08,-3.184498100185267e-07,-8.508536799956919e-07,-7.166063351083902e-08,3.5274559093593374e-08,-1.0016759190242657e-06,1.7052730009247072e-07,8.024756483045148e-08,2.282815237511223e-07,-1.3427642081198118e-07,3.2927665032799284e-08,2.2527240532444254e-07,-1.2855125462295813e-06,-3.4317739010448224e-07,-1.1442844278360356e-06,2.4310280025440298e-08,1.4312987018950035e-07,-2.979616522377136e-07,1.787656867559744e-06,no movement,no movement,no movement,no movement
150.0,0.0041958332232041,0.3836032316847432,-0.2815287720987023,0.017516672384472,0.398318527318858,-0.2707298734780126,0.0199370952754043,0.3981412738222963,-0.2589667669137561,0.0193112830492083,0.3982006884445441,-0.262366132418465,-9.01069923792192e-05,0.4045276022575824,-0.2810301405469041,0.0009235619767093,0.4032490025752389,-0.2924059535503153,0.0043589110479497,0.3934044044570757,-0.2733266309951057,0.0718004536575667,0.3870872262132284,-0.1617021045420097,-0.044574457974036,0.3520390673343575,-0.1531834845401558,0.0353655502240618,0.3749909147612994,-0.2300642487041157,0.0049926666520023,0.3464068290011822,-0.2546521072270672,0.1417983869352906,0.2442329716846528,-0.0362880412015966,-0.094328711897081,0.2953970830439505,0.0263457261459844,0.1697272226754715,0.0728755845431284,-0.0020106743619806,-0.1359108771390766,0.0614988725742627,0.0219016730774089,0.1641247061359282,-0.1177696981469487,-0.0054570265951627,-0.1525610250595424,-0.0984311942999962,-0.0528033867856358,0.1571074312037849,-0.1592627250011091,-0.0113162104955825,-0.1349621713342826,-0.1366792848633705,-0.0961253962318131,0.1272810200050272,-0.1674726403131604,-0.0368554845230893,-0.1051898028921441,-0.119760850799849,-0.1206448688629811,0.1541894403963136,-0.1441570699484398,-0.0152786092895582,-0.1363610649015283,-0.1028123487688255,-0.078007,0.0757820735648188,-0.1176183502224306,0.0216600821235743,-0.0731719988722902,-0.1049776728220381,-0.0199781962371746,0.0645253243475203,-0.4545931702000012,-0.0266774580044345,-0.0380527046135017,-0.3874815355240105,-0.0239408926247386,0.0715629656143882,-0.7454727580159646,0.1118348147761216,-0.0712840550356288,-0.715324619305589,0.1089723594277642,0.0553255724223125,-0.7750630363269704,0.1272153978985539,-0.0733594230546143,-0.7437605230709993,0.0810141336831665,0.0382607515695527,-0.7938495803964283,0.0421346399442862,-0.0715881002227985,-0.7591300614560802,-0.0241532848855024,kalt_g_ch1_g18_compr.mp4,ch1g18,3.416220067902511e-05,0.0003160084651821,3.747510638439011e-05,6.773175384638537e-05,2.074958900643452e-05,0.0003519221462645,3.875046464139379e-05,7.669781927788618e-06,2.5988802983114943e-05,1.0261579304313108e-05,2.317530970753149e-05,2.486533698974864e-05,3.3325594915013814e-05,3.79673931477614e-05,3.2907061476359067e-05,2.04426848674906e-05,4.892959152049286e-05,1.3967327984658682e-05,2.357906157189858e-05,3.270491932086661e-05,0.0004471035916016,3.383541465380823e-05,3.208323919494323e-05,2.6790331961674064e-05,1.984356519070704e-05,7.327715440780936e-07,2.3791939201695667e-05,2.2776662677874455e-05,1.371264389267491e-05,2.40124525368709e-05,1.5254611415076578e-06,2.1615056363855148e-05,0.0003930801597858,0.0003256540980913,3.08178393806124e-05,-0.0002842210393606,-0.0003098910303458,-0.0002963967444633,-0.0002939183820565,-0.0002235177874399,-0.0002305599684977,-0.0001981697775091,-0.000419268623263,-0.0001534507896834,-0.0002747947587709,-0.0002137775299479,-0.0004264633294533,0.0002260936976965,-0.0005513999789894,0.0011398504469475,-0.0003340707614675,0.0035575246183424,-0.0002357985512231,0.0042338033104267,-0.000121393718006,0.0050616455259305,-0.0002760740470894,0.0040226114411912,1.375645800827786e-05,-9.434353293178708e-06,0.0001005310813696,-0.000156788839604,0.0001176472108161,-0.0003872804890431,0.000109825324682,-0.0004131867180021,0.0003448120719838,-0.0002227337413678,-4.677552280378876e-07,-1.0018065130245054e-05,-7.384291744764854e-07,-2.6041017037263504e-06,-4.070362669354638e-07,-1.1148309374766417e-05,-7.70688799641413e-07,-1.7043646756574617e-07,-2.705548283944349e-07,-2.8336016333540146e-07,-4.583964569933097e-06,-4.730672056180191e-07,-6.901458026932155e-07,-7.370752813373805e-07,-1.4361467070751105e-06,-8.517705934292506e-08,-7.489946213200131e-07,-4.473113239917456e-06,-4.832424941989368e-07,-6.843330015568887e-07,-1.4124525567734978e-05,-5.931397337651786e-07,-6.545067158527667e-07,-4.026538388228494e-07,-3.6206049473136673e-07,-5.1693579961136935e-08,-3.754100970811266e-07,-4.1791069941180104e-06,-6.915505144840831e-07,-5.48909526030778e-06,-7.955614359344669e-08,-6.064332845377497e-07,-1.2429299825648073e-05,2.537057478879287e-07,3.2525410882909988e-06,3.257902180723575e-07,-4.522954856257013e-07,-4.0515757255297486e-08,3.153719370850596e-06,3.604078761194066e-07,-1.7299530156585205e-07,6.531353343005361e-09,1.6407282119682277e-07,-2.6232468633753584e-07,8.237944168420061e-08,3.4566177583788993e-07,3.231132770200409e-07,-6.611192198822083e-07,2.3036456373521633e-08,-1.1513988697682669e-07,2.247286930726483e-07,4.7771411814992285e-08,3.071504959539392e-07,3.497478809098761e-06,4.738519595943754e-07,3.603017027249518e-07,4.858340848379441e-07,-2.553943745913e-08,5.962754932560316e-08,4.646232599646989e-07,-4.987477695143353e-07,-2.69729132938654e-07,1.1196905122434475e-07,5.7255199862385624e-08,3.986173835676398e-07,3.89691841452741e-06,3.386653613499876e-06,no movement,no movement,no movement,no movement
166.66666666666666,0.0047206054937893,0.3832701734299616,-0.2801764031474231,0.0181200512630744,0.3979605230308207,-0.2693252892577679,0.0205309702998957,0.3977979268745802,-0.2575794677173156,0.0198969414383246,0.3978603245291772,-0.2609951519423805,0.0004293963146691,0.4042589392225663,-0.2797011366717094,0.0014631934212685,0.4029735595131798,-0.2910931734441974,0.0049004411219519,0.3931628263514846,-0.2720147249959956,0.0722095237018956,0.3866274654473506,-0.1601277742677049,-0.0442216222650784,0.3518441905033768,-0.1521457280783092,0.0357481553534377,0.3746720699774911,-0.2286893218124583,0.0053551102937005,0.3461499447403154,-0.2534319799251762,0.1418821961117369,0.2437830848695139,-0.0343424245714275,-0.0942357967958113,0.2956040528360333,0.026301195332169,0.1697442534732555,0.0723314972282452,0.0005202547018812,-0.1358129418541609,0.0626678551492358,0.0196455053079406,0.164391415952312,-0.1180451107179961,-0.0032579433833573,-0.1483381113135563,-0.0945145778386568,-0.0569761620197627,0.1573193599511345,-0.1594308113210395,-0.0091017537446281,-0.1295506604780703,-0.1320014644717634,-0.1010167502260289,0.1277153749861418,-0.1675224953758987,-0.0346232151226488,-0.0993204348954155,-0.1142067419628585,-0.1248213950933481,0.1545321044953201,-0.1443675933517628,-0.0130378182742628,-0.1317497544840581,-0.0983943858048789,-0.0769810602,0.0757581543622427,-0.1176006390626335,0.0221418978459547,-0.0731629883863096,-0.1049909928850193,-0.020434581404961,0.0646065128627198,-0.4544991551884378,-0.0263023088842343,-0.0381227999760589,-0.387657964563471,-0.0248414918856952,0.0718912018554839,-0.7453544782550564,0.1120121625925843,-0.0713496006516185,-0.7157337930151495,0.1082329061099889,0.0556729247332953,-0.7749538706314176,0.1274586742442714,-0.0733956156082299,-0.7441978153396924,0.0802600859922877,0.0390464866012041,-0.7934996615400941,0.0426565501210826,-0.0713159606159617,-0.7593681686468623,-0.0249938121769262,kalt_g_ch1_g18_compr.mp4,ch1g18,3.769360539036405e-05,0.0003418751649,4.105526323213878e-05,7.0466568881103e-05,2.2687539023013105e-05,0.0003800290167411,4.242175430253069e-05,8.21115633737672e-06,2.793564605808574e-05,1.1195451786848616e-05,1.899842065600243e-05,2.647902466155493e-05,3.6546475425723535e-05,4.159461348943091e-05,3.405885610699005e-05,2.194365141944012e-05,5.3420416902026885e-05,9.651267836968964e-06,2.510106681144275e-05,3.583681640923175e-05,0.000482105971213,3.736912026945187e-05,3.5238672425116304e-05,2.9847596171029136e-05,2.170492770486287e-05,8.004640655260689e-07,2.65308958415208e-05,1.878116518304835e-05,1.37663155365989e-05,1.907635009708405e-05,1.633245124865346e-06,2.375909724671157e-05,0.0004251134650821,0.000351222014615,3.318384308282928e-05,-0.0003339992765067,-0.0003611011210772,-0.0003479575849718,-0.0003451483667874,-0.0002688655377711,-0.0002767087274331,-0.0002421275048497,-0.0004701475992719,-0.0001898172523942,-0.0003199779564011,-0.000254583786699,-0.0004579289725681,0.0002252085681762,-0.0005732144689761,0.0012047955702184,-0.0003672878442993,0.0038412981090924,-0.0002680503519651,0.0045760113606985,-0.0001667942870596,0.0054519456685896,-0.0003155094667385,0.0043356255645524,1.4927730812531904e-05,-1.0566332405701136e-05,0.0001048853178335,-0.0001722050221331,0.000126382241263,-0.0004125312495792,0.0001171819454793,-0.0004400375836011,0.0003636353764432,-0.0002345727333424,1.5285437946136183e-06,1.2150801115225058e-05,1.6226595730233596e-06,-1.3641890153529238e-07,4.579224646597541e-07,1.2527536189415183e-05,1.7205849772858555e-06,-1.7432078230966094e-07,8.638743687679211e-07,5.397423510135759e-07,-2.7593980427710084e-06,7.820454797317057e-07,1.5451245804808486e-06,1.6405999979604273e-06,-1.222616419557142e-06,8.288140107434597e-07,1.2036438537779328e-06,-1.9118528476293997e-06,6.456385447298541e-07,1.4436173831785343e-06,1.4831020571187582e-05,1.913695378943765e-06,1.553122626571676e-06,1.7900439606104082e-06,4.832453633636388e-07,1.175278126727085e-07,1.6473808460198336e-06,-2.9732016956317524e-06,-5.552036400968304e-07,-2.5655655691592447e-06,1.2397893337877293e-07,1.2259264589627576e-06,1.4803388694325187e-05,3.066425970812105e-07,7.620759166346056e-06,5.423009566989071e-07,4.680826835935049e-07,5.2362929590483473e-08,7.902007513638801e-06,5.931933579217642e-07,-1.4648205237693088e-07,-7.484189667404008e-08,2.898093635413557e-07,2.547570190884309e-06,1.3653895878204102e-07,5.745097129434993e-07,5.356380771547127e-07,-2.952282027267921e-07,-9.494975906818389e-08,-1.0912085331995505e-07,3.23840907388813e-06,1.1259234532017283e-07,5.254076985630451e-07,9.390454179983415e-06,6.745824876497677e-07,5.806651943359156e-07,6.321203106971095e-07,4.793847853019028e-08,9.864353645634823e-08,6.070670782983255e-07,1.956470481185773e-06,-4.748636852039974e-08,3.6716075009356976e-06,1.0753474382349913e-07,6.666902116996122e-07,9.296393063554533e-06,7.88733212851875e-06,no movement,no movement,no movement,no movement
183.33333333333331,0.0052453777643746,0.3829371151751801,-0.2788240341961439,0.0187234301416768,0.3976025187427834,-0.2679207050375232,0.0211248453243872,0.3974545799268643,-0.2561921685208752,0.0204825998274408,0.3975199606138104,-0.2596241714662959,0.0009488996217175,0.4039902761875504,-0.2783721327965148,0.0020028248658278,0.4026981164511208,-0.2897803933380795,0.0054419711959541,0.3929212482458936,-0.2707028189968855,0.0726185937462245,0.3861677046814729,-0.1585534439934001,-0.0438687865561208,0.3516493136723961,-0.1511079716164627,0.0361307604828136,0.3743532251936828,-0.2273143949208009,0.0057175539353987,0.3458930604794485,-0.2522118526232852,0.1419660052881831,0.2433331980543751,-0.0323968079412584,-0.0941428816945415,0.2958110226281161,0.0262566645183537,0.1697612842710395,0.0717874099133619,0.0030511837657432,-0.1357150065692453,0.0638368377242089,0.0173893375384723,0.1646581257686958,-0.1183205232890436,-0.001058860171552,-0.1441151975675702,-0.0905979613773174,-0.0611489372538895,0.157531288698484,-0.1595988976409699,-0.0068872969936737,-0.124139149621858,-0.1273236440801563,-0.1059081042202447,0.1281497299672565,-0.1675723504386371,-0.0323909457222083,-0.0934510668986868,-0.1086526331258681,-0.1289979213237152,0.1548747685943264,-0.1445781167550857,-0.0107970272589673,-0.1271384440665879,-0.0939764228409322,-0.0765532181,0.0757342351596667,-0.1175829279028362,0.0226237135683351,-0.0731539779003291,-0.1050043129480006,-0.0208909665727475,0.0646877013779191,-0.4544051401768746,-0.0259271597640341,-0.0381928953386161,-0.3878343936029315,-0.0257420911466518,0.0722194380965796,-0.7452361984941482,0.1121895104090471,-0.0714151462676081,-0.71614296672471,0.1074934527922136,0.0560202770442781,-0.774844704935865,0.1277019505899888,-0.0734318081618455,-0.7446351076083856,0.079506038301409,0.0398322216328555,-0.7931497426837598,0.0431784602978791,-0.0710438210091248,-0.7596062758376441,-0.02583433946835,kalt_g_ch1_g18_compr.mp4,ch1g18,4.023514617773577e-05,0.0003604484760015,4.362132238477371e-05,7.120893439430791e-05,2.3466305113126684e-05,0.0003995215431031,4.5107967116505234e-05,8.044024585934159e-06,2.9335254982378937e-05,1.1915274467245273e-05,1.5433195508738836e-05,2.7511663413266313e-05,3.892545062133902e-05,4.4188173978143074e-05,3.3598144920453736e-05,2.331286017201248e-05,5.5601768739256034e-05,6.810485087320788e-06,2.5969034137134815e-05,3.809902057100396e-05,0.0005056050897837,4.015770552172571e-05,3.761239825510883e-05,3.242624017078544e-05,2.251104163126113e-05,9.240001918078344e-07,2.888707747497632e-05,1.4976065061533242e-05,1.3329092697670436e-05,1.5606325941180332e-05,1.7662772125303738e-06,2.565450719481238e-05,0.0004478786814764,0.0003692518572143,3.436768437558814e-05,-0.000383211668459,-0.000409801924039,-0.0003968045544268,-0.0003934581099704,-0.0003155997987332,-0.0003235573161731,-0.0002878543644263,-0.0005106094805294,-0.0002315974196855,-0.0003641697382659,-0.000297799745665,-0.0004800170697101,0.0002055717573707,-0.0005699953956359,0.0012174961284022,-0.0003605944556359,0.0040528477708888,-0.0002609577194357,0.0048405003191949,-0.000170088029408,0.0057414792812379,-0.000311458088455,0.0045665418601446,1.7013966947988016e-05,-1.2762192441877588e-05,9.828484744503298e-05,-0.0001854658753761,0.0001226112010879,-0.000427970763645,0.0001114139713389,-0.0004571576517973,0.0003611178247561,-0.0002472552152581,2.072612483527151e-06,2.2342066245597072e-05,2.4355578076605755e-06,8.680858998248252e-07,6.467741836162527e-07,2.3258556336500207e-05,2.597260574193313e-06,-2.631751159035463e-07,9.805102775680077e-07,9.135939271698012e-07,3.299778643667098e-07,1.1079502696364605e-06,2.366243114446394e-06,2.4502320494515185e-06,-1.28063654843163e-06,8.847969296717143e-07,1.4177495073324146e-06,1.881904069537462e-06,9.332514932978756e-07,2.2081498718011007e-06,2.777627089682158e-05,2.847453364107417e-06,2.37159996388424e-06,2.6288550585504924e-06,6.585127153035465e-07,2.298463210807909e-07,2.4404592153820285e-06,-5.022464254944112e-07,-5.023179115279561e-07,1.73106451582786e-06,2.52269535252711e-07,2.054244697179651e-06,2.7286913881688907e-05,1.518024860563033e-07,8.522966186278034e-06,4.6348360510812436e-07,8.589539318672818e-07,5.1385662714485565e-08,8.909018957895614e-06,5.100629402156229e-07,-1.170141211767628e-07,-2.419659005862666e-07,2.95986021105702e-07,4.33323291101489e-06,2.6451050443925586e-08,5.190368529155624e-07,4.535713843569959e-07,-1.0871997123880073e-07,-2.593416477359314e-07,-2.616448581508298e-07,5.142165992469888e-06,2.1569930377099113e-08,4.734258800122402e-07,1.0657040857216547e-05,5.777115246099892e-07,5.224718452785254e-07,5.250554918565571e-07,3.3089630499933915e-08,1.0859685347055401e-07,5.135594573928208e-07,3.5636707078741795e-06,7.282537038818626e-08,5.8696764303213865e-06,1.2183513693942957e-07,6.615296140612619e-07,1.0418227429607118e-05,9.278487129689605e-06,no movement,no movement,no movement,no movement
199.99999999999997,0.0057701500349599,0.3826040569203985,-0.2774716652448647,0.0193268090202792,0.397244514454746,-0.2665161208172785,0.0217187203488787,0.3971112329791482,-0.2548048693244347,0.0210682582165571,0.3971795966984435,-0.2582531909902114,0.001468402928766,0.4037216131525344,-0.2770431289213201,0.002542456310387,0.4024226733890619,-0.2884676132319616,0.0059835012699563,0.3926796701403025,-0.2693909129977754,0.0730276637905533,0.3857079439155952,-0.1569791137190953,-0.0435159508471632,0.3514544368414154,-0.1500702151546163,0.0365133656121896,0.3740343804098746,-0.2259394680291435,0.006079997577097,0.3456361762185817,-0.2509917253213942,0.1420498144646295,0.2428833112392362,-0.0304511913110893,-0.0940499665932718,0.2960179924201989,0.0262121337045383,0.1697783150688235,0.0712433225984787,0.0055821128296051,-0.1356170712843296,0.065005820299182,0.015133169769004,0.1649248355850797,-0.1185959358600911,0.0011402230402533,-0.1398922838215841,-0.086681344915978,-0.0653217124880163,0.1577432174458335,-0.1597669839609004,-0.0046728402427193,-0.1187276387656457,-0.1226458236885491,-0.1107994582144605,0.1285840849483712,-0.1676222055013755,-0.0301586763217679,-0.0875816989019583,-0.1030985242888777,-0.1331744475540823,0.1552174326933329,-0.1447886401584086,-0.0085562362436719,-0.1225271336491176,-0.0895584598769856,-0.0763779357,0.0757103159570907,-0.117565216743039,0.0231055292907156,-0.0731449674143485,-0.1050176330109818,-0.0213473517405339,0.0647688898931186,-0.4543111251653115,-0.0255520106438339,-0.0382629907011734,-0.388010822642392,-0.0266426904076084,0.0725476743376753,-0.7451179187332398,0.1123668582255098,-0.0714806918835976,-0.7165521404342705,0.1067539994744383,0.0563676293552609,-0.7747355392403125,0.1279452269357063,-0.0734680007154612,-0.7450723998770787,0.0787519906105302,0.0406179566645068,-0.7927998238274255,0.0437003704746755,-0.070771681402288,-0.7598443830284263,-0.0266748667597738,kalt_g_ch1_g18_compr.mp4,ch1g18,4.2738908103219794e-05,0.0003855502573963,4.647191756672079e-05,7.24345999794697e-05,2.4199866555895223e-05,0.000425604008554,4.815454900992285e-05,7.608337035525479e-06,3.063552811799239e-05,1.2995213629342936e-05,1.623578400865137e-05,2.886690179611716e-05,4.1700386596612366e-05,4.70624234924478e-05,3.202666579218516e-05,2.47913403227457e-05,5.729993751224276e-05,9.660123313710763e-06,2.7058460892624495e-05,4.068683388133312e-05,0.0005366429781213,4.347006395116224e-05,4.039591423767528e-05,3.549689393785191e-05,2.3278388844671285e-05,1.180669671423305e-06,3.173306857542188e-05,1.4751865427736454e-05,1.2743788903643509e-05,1.828979891396174e-05,2.0417152648658783e-06,2.8111664172883245e-05,0.0004784686751199,0.0003938770075898,3.569374865549156e-05,-0.0004379748884828,-0.0004632920988505,-0.0004493269633371,-0.0004452755667653,-0.0003676263689593,-0.0003751803262435,-0.0003384650270976,-0.0005521385534905,-0.0002813508983467,-0.0004134541416431,-0.0003475705688611,-0.0005009139876158,0.0001719180857057,-0.0005516865727443,0.0012146974257674,-0.0002822582376967,0.0043634980580301,-0.0001708702835327,0.0052351775011334,-7.326863446441622e-05,0.0061717230075513,-0.0002232426641965,0.0049084366290943,2.1258976108684453e-05,-1.7026563255916666e-05,8.702696404767722e-05,-0.0002044476187555,0.000118622888287,-0.0004473073026669,0.0001060474557816,-0.0004790700899715,0.0003556751149611,-0.0002672770591203,2.1842803862218453e-06,3.0735893210042743e-05,2.849254254753621e-06,1.7962029342199898e-06,6.741716571155926e-07,3.204151746312523e-05,3.0573572064367536e-06,-3.630089762911498e-07,6.940261690811543e-07,1.19829087284351e-06,5.163800654054004e-06,1.1145570068514928e-06,2.8388557215672413e-06,2.85261708723747e-06,-1.2912126767376431e-06,5.896595251560257e-07,1.0919339913231e-06,7.544717267379268e-06,9.39234869468218e-07,2.6359543665125203e-06,3.829437556580403e-05,3.367912738765872e-06,2.846519508938532e-06,3.104294259199351e-06,6.633180553887317e-07,3.404120493005031e-07,2.9056128046967266e-06,3.5327851076491823e-06,-3.922009582715792e-07,8.183085604682342e-06,3.771300336894987e-07,2.688113274772479e-06,3.754640431503975e-05,-1.2184632811313516e-07,7.77798821068397e-06,2.257124607067812e-07,1.0859040149678436e-06,9.03047917442442e-09,8.156103666555145e-06,2.564128744890026e-07,-6.945648397699974e-08,-4.6183980745455155e-07,2.370973655357488e-07,5.907648508008067e-06,-1.8727494157799528e-07,3.107930714305059e-07,2.130416575631926e-07,3.9964100207957274e-08,-4.557862100088922e-07,-4.888904459964723e-07,6.801647805714593e-06,-1.658194298258924e-07,2.7724006798840586e-07,9.766310566427877e-06,3.143559842811635e-07,3.131403325670149e-07,2.6997130188548976e-07,-2.342352910514845e-08,1.031546393440753e-07,2.813247940863283e-07,5.034516122980004e-06,1.7223205242472385e-07,7.73083158345035e-06,1.181162969244779e-07,5.030806681498147e-07,9.514047099110876e-06,9.328678248128892e-06,no movement,no movement,no movement,no movement
216.66666666666663,0.0062949223055452,0.382270998665617,-0.2761192962935855,0.0199301878988816,0.3968865101667088,-0.2651115365970337,0.0223125953733702,0.3967678860314322,-0.2534175701279941,0.0216539166056733,0.3968392327830766,-0.2568822105141269,0.0019879062358144,0.4034529501175184,-0.2757141250461254,0.0030820877549463,0.4021472303270028,-0.2871548331258436,0.0065250313439584,0.3924380920347114,-0.2680790069986652,0.0734367338348822,0.3852481831497175,-0.1554047834447905,-0.0431631151382056,0.3512595600104348,-0.1490324586927698,0.0368959707415655,0.3737155356260663,-0.2245645411374861,0.0064424412187953,0.3453792919577149,-0.2497715980195032,0.1421336236410758,0.2424334244240973,-0.0285055746809203,-0.093957051492002,0.2962249622122817,0.026167602890723,0.1697953458666075,0.0706992352835955,0.008113041893467,-0.135519135999414,0.0661748028741551,0.0128770019995357,0.1651915454014636,-0.1188713484311385,0.0033393062520586,-0.1356693700755979,-0.0827647284546386,-0.0694944877221431,0.1579551461931831,-0.1599350702808308,-0.0024583834917649,-0.1133161279094333,-0.1179680032969421,-0.1156908122086763,0.1290184399294859,-0.1676720605641139,-0.0279264069213274,-0.0817123309052297,-0.0975444154518873,-0.1373509737844494,0.1555600967923393,-0.1449991635617315,-0.0063154452283765,-0.1179158232316474,-0.0851404969130391,-0.0759824142,0.0756863967545147,-0.1175475055832418,0.023587345013096,-0.0731359569283679,-0.105030953073963,-0.0218037369083203,0.064850078408318,-0.4542171101537482,-0.0251768615236336,-0.0383330860637306,-0.3881872516818525,-0.027543289668565,0.0728759105787711,-0.7449996389723317,0.1125442060419725,-0.0715462374995872,-0.716961314143831,0.106014546156663,0.0567149816662437,-0.7746263735447597,0.1281885032814238,-0.0735041932690768,-0.7455096921457719,0.0779979429196514,0.0414036916961581,-0.7924499049710912,0.044222280651472,-0.0704995417954511,-0.7600824902192082,-0.0275153940511976,kalt_g_ch1_g18_compr.mp4,ch1g18,4.446628489258225e-05,0.0004168251084608,4.9035050017419264e-05,7.442379300461464e-05,2.4663624006198897e-05,0.0004579472601527,5.096412651559753e-05,7.1189892542692855e-06,3.1268354716864124e-05,1.4247077672150403e-05,2.3420074395765586e-05,3.006566782505881e-05,4.436484432024832e-05,4.963708338604311e-05,2.9370735635877133e-05,2.561031986889349e-05,5.787657434003912e-05,2.004194352777151e-05,2.8002248560040823e-05,4.310698213434195e-05,0.0005748138000614,4.6762312583524525e-05,4.3079720571389746e-05,3.8533542279425986e-05,2.3766867977745053e-05,1.5693937023193545e-06,3.4589492232048955e-05,2.0108822365170743e-05,1.2184271307097604e-05,2.9162949393820876e-05,2.467593816016521e-06,3.06611519020104e-05,0.0005164210309516,0.0004249106692674,3.6728598365440954e-05,-0.000489097783978,-0.0005116304877631,-0.0004953584367926,-0.0004905669511022,-0.0004150616848739,-0.0004215719951858,-0.0003844666804889,-0.0005834661290069,-0.0003265467276414,-0.0004584560159548,-0.0003944862833474,-0.0005121139821921,0.0001315054746576,-0.0005120226909431,0.0011986046766041,-0.0001117306722272,0.0047788096637868,2.3709192886908204e-05,0.005764247081849,0.0001480434632424,0.0067486935891528,-2.875179836671909e-05,0.005367990846008,2.7475266285562675e-05,-2.3098851482819205e-05,7.267980373899706e-05,-0.000225756550267,0.000117426847811,-0.0004636311462188,0.0001048105655187,-0.0004982790018944,0.000348806174164,-0.000284429806997,1.779809956025274e-06,3.6532569412050926e-05,2.773322233871913e-06,2.6473878498888274e-06,5.460204193986729e-07,3.8031532104909155e-05,3.0020769250585017e-06,-4.517481483183386e-07,-1.598137264251388e-09,1.3556955430514236e-06,1.1627891160925794e-05,7.294945631121799e-07,2.875752015591259e-06,2.7600453283297414e-06,-1.297340370153049e-06,-5.035041439346043e-08,2.360325750946795e-07,1.495149013539674e-05,5.923661000694123e-07,2.646118035787754e-06,4.5347881189942905e-05,3.378935621180812e-06,2.890963800081162e-06,3.1221900735511565e-06,5.01382615306194e-07,4.378749585768964e-07,2.9536910845480587e-06,9.067824393183775e-06,-2.2598473964714114e-07,1.6607095476586986e-05,4.86128974566783e-07,3.0138284491841124e-06,4.460070476488768e-05,-4.505193763859698e-07,5.5923722668719815e-06,-1.2105262237760866e-07,1.1649269883409777e-06,-6.039884508386843e-08,5.857055794976621e-06,-1.1282675110901097e-07,-8.174676795362705e-09,-6.761797054595028e-07,1.2821368534709354e-07,7.0635676390911234e-06,-4.53334979086748e-07,-6.575438678056653e-09,-1.3447602974592645e-07,1.449767807897969e-07,-6.252344865417342e-07,-7.219088838412204e-07,8.008102750466415e-06,-4.059190572736646e-07,-2.28985942987634e-08,6.975111726026609e-06,-6.183176035987298e-08,-4.35327795996493e-09,-8.155831709671064e-08,-1.0491909212640957e-07,8.362158142688725e-08,-4.628236039575844e-08,6.179651664956973e-06,2.3652640411130322e-07,9.01290698421155e-06,9.769223865575905e-08,2.184279617787595e-07,6.830748730006021e-06,8.416697418026723e-06,no movement,no movement,no movement,no movement
233.3333333333333,0.0068196945761305,0.3819379404108354,-0.2747669273423063,0.020533566777484,0.3965285058786715,-0.263706952376789,0.0229064703978616,0.3964245390837163,-0.2520302709315536,0.0222395749947895,0.3964988688677098,-0.2555112300380424,0.0025074095428629,0.4031842870825024,-0.2743851211709308,0.0036217191995055,0.4018717872649439,-0.2858420530197257,0.0070665614179607,0.3921965139291203,-0.2667671009995551,0.0738458038792111,0.3847884223838398,-0.1538304531704858,-0.0428102794292481,0.3510646831794541,-0.1479947022309233,0.0372785758709414,0.373396690842258,-0.2231896142458287,0.0068048848604935,0.3451224076968481,-0.2485514707176122,0.1422174328175221,0.2419835376089585,-0.0265599580507512,-0.0938641363907323,0.2964319320043644,0.0261230720769076,0.1698123766643915,0.0701551479687122,0.010643970957329,-0.1354212007144983,0.0673437854491282,0.0106208342300675,0.1654582552178474,-0.119146761002186,0.0055383894638639,-0.1314464563296118,-0.0788481119932992,-0.0736672629562699,0.1581670749405326,-0.1601031566007613,-0.0002439267408105,-0.107904617053221,-0.1132901829053349,-0.1205821662028921,0.1294527949106006,-0.1677219156268523,-0.0256941375208869,-0.075842962908501,-0.0919903066148969,-0.1415275000148165,0.1559027608913457,-0.1452096869650544,-0.004074654213081,-0.1133045128141772,-0.0807225339490924,-0.0762297809,0.0756624775519387,-0.1175297944234446,0.0240691607354764,-0.0731269464423873,-0.1050442731369443,-0.0222601220761067,0.0649312669235174,-0.454123095142185,-0.0248017124034334,-0.0384031814262878,-0.388363680721313,-0.0284438889295216,0.0732041468198668,-0.7448813592114235,0.1127215538584353,-0.0716117831155768,-0.7173704878533915,0.1052750928388877,0.0570623339772265,-0.7745172078492071,0.1284317796271412,-0.0735403858226925,-0.745946984414465,0.0772438952287727,0.0421894267278095,-0.792099986114757,0.0447441908282684,-0.0702274021886143,-0.7603205974099904,-0.0283559213426214,kalt_g_ch1_g18_compr.mp4,ch1g18,4.518998776643605e-05,0.0004526844194317,5.100331803719613e-05,7.697928007808846e-05,2.483874176245173e-05,0.0004949273922232,5.318540398044706e-05,6.588463447614138e-06,3.098052694372028e-05,1.556129744723114e-05,3.8158740983057305e-05,3.060650945450833e-05,4.659172614941248e-05,5.159129447793125e-05,2.6683633874095772e-05,2.518704936054285e-05,5.711355361615912e-05,3.8906768710462014e-05,2.8405426552465763e-05,4.507529412845624e-05,0.000618429101941,4.961074358858348e-05,4.533976129998127e-05,4.1160564335460496e-05,2.3902704229328622e-05,2.083160007281895e-06,3.709067232933145e-05,3.1949187715594955e-05,1.1813562482346469e-05,4.984660387283894e-05,3.0396274306674245e-06,3.3047921202185826e-05,0.0005600383083784,0.0004610658955832,3.712421752848525e-05,-0.0005260695738981,-0.0005452614627145,-0.0005254725529584,-0.0005200202048453,-0.0004470403240344,-0.0004516507409122,-0.0004148827489778,-0.0005965032598111,-0.000354680336587,-0.0004900358327268,-0.0004273588319545,-0.000504814138292,9.164794826502676e-05,-0.0004460209723703,0.001164489936663,0.0001673190999532,0.0052814521628966,0.0003431278700981,0.006408014790147,0.0005203358043458,0.0074528741866719,0.0002909824142342,0.0059268669082348,3.540821646076452e-05,-3.0692247233445464e-05,5.687283353580475e-05,-0.0002475980473212,0.0001222000272669,-0.0004706466830334,0.0001119740383685,-0.0005078166922577,0.0003442167119017,-0.0002935492850652,8.979785453094846e-07,3.911304645632562e-05,2.211393036897787e-06,3.421421697625827e-06,2.9513332221141186e-07,4.058298414966688e-05,2.4316658301654356e-06,-5.041643346666908e-07,-9.927367536819723e-07,1.3664272739617183e-06,1.922293988894998e-05,-1.8588421900180168e-08,2.4780223355816805e-06,2.1794252041934295e-06,-1.3235131993628116e-06,-9.455944266389266e-07,-1.032423336717801e-06,2.3547204366353447e-05,-8.197330440087927e-08,2.2424898634555516e-06,4.819008158316109e-05,2.8891340089287688e-06,2.5047726761324346e-06,2.673671129933709e-06,2.105999045367979e-07,5.112341172127202e-07,2.575785933950127e-06,1.5720129155225525e-05,-5.0071446087413524e-08,2.62938720659417e-05,5.67887744024093e-07,2.9622941425505237e-06,4.7727104562496505e-05,-7.714777596666213e-07,2.4897611528454477e-06,-5.117183400216233e-07,1.1235031326758625e-06,-1.362077353960128e-07,2.576830272111849e-06,-5.269847571615414e-07,6.428886296454985e-08,-8.250159815286749e-07,-1.2597561824704868e-08,7.63515643177824e-06,-7.038654417601771e-07,-3.728628377220929e-07,-5.225483117482432e-07,1.956963095899605e-07,-7.054055441978532e-07,-8.91925982683169e-07,8.59232744179261e-06,-6.392035404387744e-07,-3.708112237866061e-07,2.990066216749205e-06,-4.787983215069374e-07,-3.7056595255821546e-07,-4.645196445926074e-07,-1.8812091815369705e-07,5.3736227859116834e-08,-4.103321326389042e-07,6.845808019885984e-06,2.588515293843442e-07,9.51922071145964e-06,6.499176837418065e-08,-1.468309176074809e-07,3.0236837113978944e-06,7.3732322883572e-06,no movement,no movement,no movement,no movement
249.99999999999991,0.0077195836453669,0.3810207164703387,-0.2717746067333333,0.0215035045264215,0.3955766760317359,-0.2606092305666666,0.0238486999153457,0.3954910308080424,-0.2489794548,0.0231688369927292,0.3955753297103491,-0.2524792325666666,0.0033554109129915,0.40238959420069,-0.2713366102666666,0.0045013584254281,0.4010667280324631,-0.2828315109666667,0.0079371771217476,0.3914432034382049,-0.2637634705333333,0.0745274118884221,0.383799206653352,-0.1504788668666666,-0.0422373091724368,0.3504584457945187,-0.1452640410399999,0.037959367387102,0.3725484147936756,-0.2201957480999999,0.0074393793016692,0.344382940151585,-0.2457272460333333,0.1423722787136549,0.2412622079186145,-0.0228604302056666,-0.0936729709878998,0.2964899282659354,0.0268405107433333,0.1699384012615449,0.0695975537040339,0.0144701662959266,-0.1348358273084129,0.0688901417686192,0.0059297026486666,0.1656458389811775,-0.118831194692862,0.0085378342751,-0.1235984394920883,-0.0713699417349449,-0.0815865670399999,0.1580348720963076,-0.1595102403559983,0.0028341361513333,-0.0980397097247581,-0.1041519347557108,-0.12960362544,0.1296224857426246,-0.1669206991166158,-0.0224718705239999,-0.0655490056234921,-0.0813921605479352,-0.14939572091,0.1561644742422233,-0.1447308904201293,-0.0009327943404333,-0.1049740133565902,-0.0723328605790679,-0.0731864,0.0756075683131806,-0.1174825917827753,0.0248501644733333,-0.0731019187092308,-0.1050857843450351,-0.0229865147433333,0.0651064889167222,-0.4540416836271003,-0.0245426320766666,-0.0385052729586675,-0.3887199175809121,-0.0299233854366666,0.0737844154873505,-0.7446807022341829,0.1133525098333333,-0.0716259450070051,-0.7180152368985004,0.10442659287,0.0576760001015575,-0.7743294020321101,0.1291801650999999,-0.0735001156768305,-0.746642836628646,0.07639542472,0.043519345986201,-0.7916253189102873,0.0459128942333333,-0.0697566408084767,-0.7607182794712298,-0.0293269457833333,kalt_g_ch1_g18_compr.mp4,ch1g18,4.51402968343676e-05,0.0004902469989147,5.248541979242222e-05,8.025871644317816e-05,2.4682018299557818e-05,0.0005336246728371,5.488156330272389e-05,6.003295304188169e-06,2.932726260809751e-05,1.682732751948691e-05,6.217369382772077e-05,3.0096462736342297e-05,4.8473955445251645e-05,5.302292547662251e-05,2.5056046741883495e-05,2.331888188441764e-05,5.472695456818545e-05,6.792385562225631e-05,2.789463924956728e-05,4.673170241685221e-05,0.0006641234893478,5.18714561350638e-05,4.726428921706866e-05,4.326437766629091e-05,2.3629526136463787e-05,2.661893600929242e-06,3.918828981633179e-05,5.200401282857102e-05,1.1838284152717892e-05,8.208484803208858e-05,3.6833810743582855e-06,3.56787947009962e-05,0.0006058512103585,0.0005001157909311,3.6557699658174945e-05,-0.0005381494331767,-0.0005551184006524,-0.0005305407182857,-0.000524818568043,-0.0004545217495919,-0.0004567059215003,-0.0004209343775819,-0.0005869468004942,-0.0003582087566374,-0.0005004659620505,-0.0004380079096202,-0.0004754681373258,5.93788360559426e-05,-0.0003533960403621,0.0011167582458635,0.0005709532266162,0.0058347406468609,0.0008081502219639,0.0071201188288464,0.0010665327070343,0.0082353789640265,0.0007534072949434,0.0065450619602785,4.435045466761286e-05,-3.920144985683784e-05,4.1470590179128015e-05,-0.00026832228037,0.0001335864203892,-0.0004625516720541,0.0001283062464399,-0.0005008369812475,0.0003391752068377,-0.0002939269955885,-6.631917130943011e-07,3.571976609635526e-05,8.912755972260499e-07,3.903101359177834e-06,-1.9362250820488954e-07,3.6791230829144285e-05,1.0628682054998892e-06,-5.20424836984199e-07,-2.2873112830194174e-06,1.1255784810572072e-06,2.7455415615188567e-05,-1.1626958798549966e-06,1.3769046559469413e-06,8.399026809427483e-07,-1.3150672869538108e-06,-2.035350885060687e-06,-2.767053984214427e-06,3.2755405003353365e-05,-1.1203121406435296e-06,1.1714997030032126e-06,4.3273770527042294e-05,1.6024900529717893e-06,1.420248530888854e-06,1.4988104374849808e-06,-3.17767402718359e-07,5.357603528241844e-07,1.5284440687447878e-06,2.319743672839671e-05,1.740656880027861e-07,3.644329416343592e-05,5.929005385691514e-07,2.29026654824088e-06,4.348091126328767e-05,-1.024918989259526e-06,-8.806909345481408e-07,-8.753104864709819e-07,9.987866232315129e-07,-1.9553818064090066e-07,-9.920049987700206e-07,-9.106453869596164e-07,1.390942542124466e-07,-8.515679948936205e-07,-1.627615040496401e-07,7.511108922542886e-06,-8.708170066713044e-07,-7.224288829254081e-07,-8.797532029694497e-07,1.902261869843313e-07,-6.546053764422951e-07,-9.351084690452832e-07,8.442976885117596e-06,-8.023248666618317e-07,-7.044450951451322e-07,-1.3474491721390056e-06,-8.57606574850834e-07,-7.204488680383472e-07,-8.105528816379437e-07,-2.495544046878074e-07,1.974244790912456e-08,-7.472446504902118e-07,6.914247149780033e-06,2.3848188364520194e-07,9.141066825147135e-06,2.7552413427739158e-08,-5.43668648233155e-07,-1.117394573197699e-06,7.043876126920277e-06,no movement,no movement,no movement,no movement
266.66666666666663,0.0083902261681128,0.3804201365847515,-0.2681238848333334,0.0221953659919946,0.394965853306922,-0.2568882879333333,0.0245170035938326,0.3949061358439597,-0.2452994053999999,0.0238308297741229,0.3949945541016876,-0.2488120855999999,0.0039688862240208,0.4018622691461696,-0.2676420003999999,0.0051349178394638,0.4005395343004774,-0.2791617513333334,0.0085561907990496,0.3909492794529577,-0.2601041079333334,0.0749694777485812,0.3832050399414384,-0.14675102574,-0.0418135555311208,0.3500158652046967,-0.1418790090766666,0.0384839233541648,0.3719957454984826,-0.2166249396333333,0.0079180250196542,0.3438774632600863,-0.2422501286,0.1424724577430531,0.2408360968944804,-0.0195530037323333,-0.0935416566276018,0.2964551317222167,0.02880184096,0.1701316279599678,0.0693999652024625,0.017322592484,-0.1341762027357188,0.0698789444550031,0.0031753245786666,0.1654323492262541,-0.1180000838403067,0.0106011524157666,-0.1178394517485893,-0.0651285796041733,-0.0867637821499999,0.1574092457813176,-0.1584157777477235,0.0049201670903333,-0.0908918497125178,-0.096498970971991,-0.13552337324,0.1291156163492196,-0.1655929982726449,-0.0202301339973333,-0.0582794191522138,-0.0726752745331222,-0.1544719105,0.1559400212585096,-0.1437165981425418,0.0012402900195666,-0.0989801524596103,-0.0653777648262676,-0.0718339756,0.0755664120006398,-0.1174317370881858,0.0253115930866666,-0.0730830355876965,-0.105132748102873,-0.02339231372,0.0651884770254545,-0.4540303696121455,-0.0247242373699999,-0.0385816205867095,-0.3890134850732541,-0.0310058617866666,0.0741521086771572,-0.7445520352650576,0.1133293407666666,-0.0716356070943502,-0.718431917993254,0.10362951187,0.0580612787190681,-0.774208092628282,0.1292592182333333,-0.0734678362155978,-0.7470955590444431,0.0755665266433333,0.044358858194734,-0.791344437764005,0.0464695906866666,-0.0695274851111806,-0.7609855195555633,-0.0300009804666666,kalt_g_ch1_g18_compr.mp4,ch1g18,4.413765662237412e-05,0.0005264521212915,5.312764117338466e-05,8.421803865269567e-05,2.4286864051527343e-05,0.0005708916454693,5.5676680750846265e-05,5.542606670157953e-06,2.6331500648389606e-05,1.792086577236446e-05,9.385446984848024e-05,2.850910803902695e-05,4.9655206980163814e-05,5.358699829219682e-05,2.478304095759541e-05,2.0534106775291144e-05,5.1069978569458526e-05,0.00010505155545,2.6403456035455585e-05,4.771988482085109e-05,0.0007080345877991,5.315656240025738e-05,4.849427302981834e-05,4.4514599956795223e-05,2.306851953100707e-05,3.234102109851109e-06,4.051973680475349e-05,7.891942749776353e-05,1.2182508741765305e-05,0.0001236950682311,4.31864292982255e-06,3.8104765931410736e-05,0.0006500164952474,0.0005395247808975,3.5061361695871e-05,-0.0005221501919733,-0.0005390797908274,-0.0005086204862034,-0.0005031107579487,-0.0004350449263966,-0.0004344480365195,-0.0004001208175216,-0.0005563361250465,-0.0003360857621643,-0.0004877904851842,-0.0004237019004334,-0.0004263952710939,3.737769962868457e-05,-0.0002402992988589,0.0010669662191882,0.0010653082482248,0.0063973935509934,0.0013806739869313,0.007843176370571,0.0017459526090367,0.0090321306006184,0.0013222932948757,0.0071753521889386,5.35831586983155e-05,-4.794814350530157e-05,2.7759445041868368e-05,-0.0002865044181359,0.000153223975114,-0.000437303868184,0.0001547748434638,-0.0004747510508555,0.0003392197837747,-0.0002770735363302,-2.048221179162261e-06,3.1410767827140294e-05,-3.777401886289471e-07,4.6528066131419965e-06,-5.166084326712006e-07,3.21680145292838e-05,-2.666636727211574e-07,-3.604254107066501e-07,-3.3209315223105024e-06,8.201443462178197e-07,3.534935696371833e-05,-2.2425809671028413e-06,2.8861756404140144e-07,-4.342087506220067e-07,-1.065615444531582e-06,-2.8187512267878274e-06,-4.019467652641428e-06,4.1532516058914285e-05,-2.108569108015331e-06,1.2058905676963106e-07,3.749913171564531e-05,3.228801317586985e-07,3.356361474850741e-07,3.0641547580594217e-07,-6.980475066525959e-07,5.29731346391474e-07,4.31547049092505e-07,3.053458322669534e-05,4.362706825401105e-07,4.594857266929006e-05,5.924022961708327e-07,1.442003667140779e-06,3.815608418450937e-05,-1.1418497845856915e-06,-3.877332191028188e-06,-1.118273352924594e-06,8.4918736870421e-07,-2.1706075426121765e-07,-4.166189425406295e-06,-1.1665286676339763e-06,2.083838763512636e-07,-7.185507798525021e-07,-2.916338444065234e-07,6.733165071904061e-06,-8.904244025744252e-07,-9.656741764086731e-07,-1.1130547459454089e-06,1.6165954559196305e-07,-4.596012182709924e-07,-8.184565907306024e-07,7.592390705396098e-06,-8.339036410939151e-07,-9.363705101631732e-07,-5.208405399653082e-06,-1.1013387304697296e-06,-9.651369420780762e-07,-1.0367073293041576e-06,-2.683773447146685e-07,-1.2036280827128576e-08,-9.739112779760166e-07,6.402519167668667e-06,1.911016518800346e-07,7.950693308890824e-06,-7.107625681255492e-09,-8.86605988774063e-07,-4.806906311658168e-06,7.534799904960709e-06,no movement,no movement,no movement,no movement
283.3333333333333,0.0090874011114447,0.3799316750118271,-0.2631656995,0.0229139035921958,0.3944655483682028,-0.2518780581,0.0252113594789344,0.394441694431284,-0.2403390818,0.0245209661849682,0.3945358354639188,-0.2438661915,0.0046232813170746,0.4014501946643989,-0.2626393984666666,0.0058103800672376,0.4001319873143743,-0.2741829679000001,0.0092103504685922,0.3905733000633413,-0.2551427648333333,0.0754160956490885,0.382702024551251,-0.14205122098,-0.0412567468981429,0.3496652538095258,-0.1373703860766666,0.0390379165333818,0.3715341879530879,-0.21187072738,0.0084367725758754,0.3434656450536583,-0.2375519161666667,0.1425794895634381,0.2404468339703737,-0.0157854585823333,-0.0933578687496365,0.2964291272593583,0.0316423568833333,0.1704194419434709,0.0692749979830034,0.0203256564673333,-0.1331780907201157,0.0708619224508508,0.0012417052019999,0.1647309583016647,-0.116566993212171,0.0115212977224333,-0.1118029274404684,-0.0585185402608578,-0.0909960066033333,0.1561591625535615,-0.1566404131976081,0.0055707928123333,-0.0834489320129979,-0.0884123105785434,-0.1404013483199999,0.1278856158616138,-0.1634289662484489,-0.0191296743939999,-0.0508804981113574,-0.0634365679242709,-0.1585309903,0.1551676894919074,-0.141995000825499,0.0023319859379,-0.0927878470732812,-0.0579945025674147,-0.0721578375,0.0755247560679588,-0.1173683441301498,0.0257067361199999,-0.0730639463311857,-0.1051909616823551,-0.02372525372,0.065191754011043,-0.4540493164972995,-0.0251249687733333,-0.038645245967319,-0.3893121124111833,-0.03217185294,0.0744703457154359,-0.7444344972172416,0.11277505904,-0.0716310000938756,-0.718837538163532,0.1025278901399999,0.0583976861064491,-0.7740902872111826,0.1287843639333333,-0.0734163144465889,-0.7475374483331205,0.07440866656,0.045069518183907,-0.7910503949042579,0.0464843147733333,-0.069321054757296,-0.7612402212042022,-0.0308941663466666,kalt_g_ch1_g18_compr.mp4,ch1g18,4.193907660582072e-05,0.0005584047596318,5.256825677910254e-05,8.925646466372543e-05,2.365495616386665e-05,0.0006036480052129,5.520740098577549e-05,5.24329822853146e-06,2.2344919675024254e-05,1.8640788128766623e-05,0.0001344111284653,2.5843839029394423e-05,4.9816047929795954e-05,5.29586921053189e-05,2.4942890505963717e-05,1.7381767228636076e-05,4.653170077508817e-05,0.0001523012886593,2.3930096661159796e-05,4.772490414516877e-05,0.0007462766651495,5.321104954274711e-05,4.869900350549258e-05,4.460696000928632e-05,2.2211688179896987e-05,3.778846238198907e-06,4.076551137215144e-05,0.0001141014884312,1.2835047974542345e-05,0.0001760679913882,4.92842937406258e-06,3.967941174541385e-05,0.0006888828350996,0.0005774286878158,3.264978741145839e-05,-0.0004773310650111,-0.0004967600930944,-0.0004597882715807,-0.0004550130932271,-0.0003884304848487,-0.000385136620644,-0.0003525229420333,-0.0005067243942152,-0.0002886658578346,-0.0004519760632464,-0.0003843589065794,-0.0003632577284441,2.8752837027611e-05,-0.0001195785214119,0.0010362523990848,0.0016609567225673,0.0069313814315881,0.0020894722118334,0.008524932916478,0.0025782142235898,0.0097778207280057,0.0020074360308383,0.0077712258710722,6.231625977406985e-05,-5.616386851870124e-05,1.868667559570137e-05,-0.0002987945314597,0.0001792211859436,-0.0003954963192817,0.0001891133585231,-0.0004298940660086,0.0003454720557302,-0.0002387046187629,-3.216919866461787e-06,2.603466412976126e-05,-1.565906218826506e-06,5.435726596236908e-06,-6.942409834179112e-07,2.6477872822055903e-05,-1.5204916439878716e-06,-5.127260496913879e-08,-4.013456379744684e-06,4.6537534904599274e-07,4.19524810497824e-05,-3.174139453867728e-06,-7.5819466118928e-07,-1.613661694703975e-06,-7.734927564345004e-07,-3.243014050855488e-06,-4.7345232644367936e-06,4.891072996564256e-05,-2.9749471643781927e-06,-8.842467859183179e-07,3.0491909716212866e-05,-8.822122524131324e-07,-7.146603000470869e-07,-8.39018058703835e-07,-9.37035199865876e-07,4.95263825765054e-07,-6.487987577724766e-07,3.69210044493656e-05,6.517922915581416e-07,5.35847419788892e-05,5.647450134706976e-07,4.043699530194238e-07,3.15112299373311e-05,-1.0687912826473815e-06,-5.8872081126237025e-06,-1.1739340868948413e-06,7.241284246106382e-07,-1.9065214094319277e-07,-6.292510000279638e-06,-1.2256582206702553e-06,2.676222009193348e-07,-4.155216299092087e-07,-3.669348326057365e-07,5.357584178351019e-06,-7.296390451215434e-07,-1.0414232718178238e-06,-1.1576421993650371e-06,1.7195891029640724e-07,-1.3254498914244533e-07,-5.305343372405813e-07,6.106041714661332e-06,-6.999878067953086e-07,-1.0069944453099712e-06,-7.795440669358546e-06,-1.1482317478411047e-06,-1.0436318560973677e-06,-1.085495402852832e-06,-2.344371698539413e-07,-3.6000880468328355e-08,-1.0347917072614491e-06,5.330679910414507e-06,1.3422728893267008e-07,6.058719520451759e-06,-3.24833087361205e-08,-1.1007780547919503e-06,-7.295093059267471e-06,7.976797572384457e-06,no movement,no movement,no movement,no movement
300.0,0.0098144464768298,0.3794877133856071,-0.2581427892666667,0.0236573926199783,0.3940081370903251,-0.2468116578333333,0.0259309824858953,0.3940256223885774,-0.2353155394999999,0.0252361762743769,0.3941254647513721,-0.2388577577333333,0.0053118814172218,0.4010934437549434,-0.2575989992333333,0.0065211034014862,0.399780944025184,-0.2691664666333333,0.0098931849834292,0.3902529084304602,-0.2501399890666667,0.0758428179069011,0.3822394435234577,-0.13728328065,-0.0406698174592355,0.3493847285982705,-0.13287262194,0.0396100488155369,0.3711099689236055,-0.2070334861066667,0.008978769269823,0.3430985624738275,-0.2327993271666667,0.1426639302717884,0.240084757438479,-0.0119578464789999,-0.0931296697295751,0.2964243782829807,0.03445754381,0.1707685813478528,0.0691995525497992,0.0232474720573333,-0.1319772421897184,0.0718417017556689,-0.0006485688213333,0.1636764664007139,-0.11466108047506,0.0122565402641,-0.1057664352596571,-0.0516486602714981,-0.0951617113833333,0.1544630817491075,-0.1542589199575084,0.0060910360909999,-0.0760463163713379,-0.0799396498085303,-0.14519690509,0.1262392575694314,-0.1605098751450376,-0.0181350113906666,-0.0435930859595496,-0.053765332563257,-0.1624368464,0.1540438865231747,-0.1396987003647423,0.0032484139179,-0.0866509950159108,-0.0502998329797687,-0.0737990066,0.0754635722142589,-0.1172980944871008,0.0260504084299999,-0.0730283655626242,-0.1052544826416441,-0.0240036922866666,0.0651438372818245,-0.4540592463175335,-0.0255831889166666,-0.0387002957555048,-0.3896126238346868,-0.03337999265,0.074740461564227,-0.7443041722082229,0.1117450470633333,-0.0716187968199366,-0.7192335227684149,0.1010788480799999,0.0586836992938643,-0.773951791620858,0.1277860246333333,-0.0733552911577779,-0.747969690962462,0.0728755282433333,0.045633754218275,-0.7907475849117473,0.0460623203466666,-0.0691427534488425,-0.761488420502992,-0.03202978558,kalt_g_ch1_g18_compr.mp4,ch1g18,3.8399398161766005e-05,0.000584603619379,5.0664169774182487e-05,9.542533371377828e-05,2.299715468447677e-05,0.0006303248367626,5.331476187505404e-05,5.286962112510599e-06,1.780649195454147e-05,1.9052714454277732e-05,0.0001791134772463,2.212975306819096e-05,4.876003495859868e-05,5.100888368565171e-05,2.471014234998586e-05,1.3788190799495433e-05,4.164758239746374e-05,0.0002041001152872,2.0492700993617977e-05,4.656052525434851e-05,0.0007769383206956,5.1926655111769225e-05,4.767996650844752e-05,4.340654402965339e-05,2.127491684544726e-05,4.254646558779828e-06,3.977055466766517e-05,0.0001535043285338,1.369089611252867e-05,0.0002330162229764,5.469990273136346e-06,3.992816858365691e-05,0.0007205489293873,0.0006124063651849,2.953934462364605e-05,-0.0004043917784114,-0.0004291705717415,-0.0003856792125993,-0.0003822693496404,-0.0003170502329614,-0.0003114604288045,-0.0002806613633184,-0.0004407181006446,-0.0002204636397156,-0.0003938064008855,-0.0003214729149488,-0.000290786715108,3.525999978087027e-05,-4.156523614516323e-06,0.0010447401436326,0.0022837257875409,0.0074123869679102,0.0028409990114008,0.0091309277958192,0.0034581002865388,0.0104298263967487,0.0027235764278081,0.0083021106514028,6.990553565426656e-05,-6.330810984405461e-05,1.4645540739666309e-05,-0.0003048350411495,0.0002110012122752,-0.0003401354775625,0.0002301068887166,-0.0003695200289454,0.0003601845282889,-0.0001832703825902,-3.969005711045184e-06,2.127406789213711e-05,-2.499544218536169e-06,6.4909265851404865e-06,-6.856030264030444e-07,2.1469485013479907e-05,-2.5098303209776344e-06,3.2556169680371465e-07,-4.13411776511768e-06,1.351592867582227e-07,4.6697242155917806e-05,-3.7693148096736914e-06,-1.602214836684454e-06,-2.5227945539182043e-06,-4.243914299773099e-07,-3.1598409584208656e-06,-4.722570516217681e-06,5.432993337825604e-05,-3.554443456806259e-06,-1.6903767601969611e-06,2.4332685995120098e-05,-1.8117161319395443e-06,-1.5698378193993712e-06,-1.7559087960356325e-06,-9.857570575097774e-07,4.443745518098635e-07,-1.5431656456471549e-06,4.181828564252706e-05,8.153727464257934e-07,5.870073872270744e-05,5.192707780005709e-07,-6.547654201336566e-07,2.5599296712801965e-05,-7.744594389378453e-07,-6.393866133520076e-06,-9.95247612798026e-07,6.723806923330905e-07,-1.1913219801158353e-07,-6.817325631852936e-06,-1.039070512473745e-06,3.04201125514542e-07,3.8307699797523535e-08,-3.71402809472992e-07,3.640437548735631e-06,-3.8478381185167113e-07,-9.040552986304798e-07,-9.681237017896363e-07,2.629504375892979e-07,2.986624933506692e-07,-8.609078095523477e-08,4.252426523825833e-06,-3.943918921610222e-07,-8.722094565871552e-07,-8.425634447686902e-06,-9.556461649754368e-07,-9.106993122224204e-07,-9.181832235704388e-07,-1.5095673799548544e-07,-4.721169054446827e-08,-8.916821364341539e-07,3.9035152361580205e-06,8.560503133786377e-08,3.806014558727521e-06,-4.289429916189342e-08,-1.122836409683072e-06,-7.944492235407014e-06,7.525967981618279e-06,no movement,no movement,no movement,no movement
316.6666666666667,0.0105443116358829,0.3791551645451823,-0.2532274117666666,0.0243923407570779,0.3936534411078254,-0.2418785027333333,0.0266426792834664,0.3937204093104585,-0.2304226935666666,0.0259438967752835,0.393823785863103,-0.2339773100333333,0.0060021515145667,0.4008491070054213,-0.2526854257666666,0.0072329747924734,0.3995445879594864,-0.2642793561333333,0.0105736962977909,0.3900449988747249,-0.2452638979666667,0.0762408042488669,0.3818771795358104,-0.1326423198833333,-0.040079628928364,0.3492302079961099,-0.12846823331,0.0401852196060162,0.3707820409218868,-0.2022931994733333,0.0095263523453094,0.3428386942335959,-0.2281358945333333,0.1427283681800603,0.2398316092600514,-0.008196304389,-0.0928868083149486,0.2964561752692549,0.0372539996533333,0.1711125260807628,0.0692150460610125,0.025577015164,-0.1306431265796422,0.0728226789937792,-0.0025005631813333,0.1620198031644684,-0.1120005806955679,0.0121448492941,-0.0996735233349327,-0.0441670268489355,-0.09929528209,0.1520080972522595,-0.1509534530617566,0.0057172625643333,-0.0685698315119178,-0.0706764884993201,-0.1499663773833333,0.1238849397656135,-0.1564545561244988,-0.0179548767173333,-0.0363473029451051,-0.04316066165976,-0.1662732852333333,0.1523124387128835,-0.1365159382225234,0.0033371416412333,-0.0805167121400838,-0.0418875077857013,-0.0737287849,0.0753981606268899,-0.1172250494034417,0.0263072849533333,-0.0729897176113516,-0.1053199180310898,-0.0241944199466666,0.0650472889861024,-0.4540489866516118,-0.0260695839266666,-0.0388134900981586,-0.389903012408693,-0.0345963645066666,0.0749752556826684,-0.7440856305167896,0.1106825373966666,-0.0716569550559944,-0.7195636180166058,0.0996842643099999,0.0589323268745077,-0.773705608712177,0.1267600409566666,-0.0733432810776536,-0.7483326130225121,0.0714088841833333,0.0460751975942257,-0.7903944503085364,0.0456315051766666,-0.0690880326066204,-0.7616934596209538,-0.0330791799899999,kalt_g_ch1_g18_compr.mp4,ch1g18,3.3904039517858806e-05,0.0006031809898885,4.755539805065666e-05,0.0001024474013438,2.2300864123418088e-05,0.0006489556212404,5.016340614586157e-05,5.696858575401273e-06,1.3403509313147648e-05,1.902002209942408e-05,0.0002279047887102,1.7821811141813183e-05,4.6593803394014976e-05,4.788218435727076e-05,2.431203264375828e-05,1.0458737864470311e-05,3.669549070086993e-05,0.000260781867245,1.6455904906101912e-05,4.432679401121209e-05,0.0007977471276153,4.9466562474289046e-05,4.554760003710873e-05,4.105773463246999e-05,2.02747411975453e-05,4.655549452271973e-06,3.763663705783399e-05,0.0001974000024473,1.46262808876805e-05,0.0002941561931289,5.94095405513621e-06,3.8698059385852106e-05,0.0007427958898099,0.0006433355364834,2.611248622605878e-05,-0.0003149985094572,-0.0003471745398261,-0.0002975039354566,-0.0002958271798335,-0.0002308516877212,-0.0002235228167122,-0.0001944217369541,-0.0003676774642388,-0.0001395710908069,-0.0003228288712591,-0.0002443328732915,-0.0002178075142053,5.574837022197399e-05,9.438839670139604e-05,0.0010923793755212,0.0029345614512024,0.0078026939753091,0.0036461031669397,0.009616066690999,0.0043827564784492,0.0109365834010809,0.0034675048397406,0.0087259075906861,7.577884361418378e-05,-6.881681408094937e-05,1.6257522149694437e-05,-0.0003030105106572,0.0002434914902835,-0.0002753456866106,0.0002718704713661,-0.0002984081379561,0.0003788065675544,-0.0001139738393613,-4.111327868790658e-06,1.7907721316289416e-05,-2.9443254135213743e-06,7.709195532442685e-06,-5.348118994744932e-07,1.7971209536892206e-05,-2.988823880239026e-06,7.437503483095311e-07,-3.630541050026975e-06,-1.2315922377004582e-07,4.8904226080736785e-05,-3.854263263792891e-06,-2.0348987043494686e-06,-2.9303545645666577e-06,3.2004540811572317e-08,-2.448245843365139e-06,-3.94861048430461e-06,5.700928970891693e-05,-3.68397795152386e-06,-2.0975126006310584e-06,2.009560181710649e-05,-2.2417809984305945e-06,-2.021064928319394e-06,-2.2293830654274193e-06,-8.702224966575027e-07,3.9317436777853115e-07,-2.0411590732807564e-06,4.451295026021605e-05,9.210531392475708e-07,6.0606590376426046e-05,4.759441776162339e-07,-1.5542353871111418e-06,2.1408086499130672e-05,-2.65082258556928e-07,-4.939527815807536e-06,-5.694731894086238e-07,7.569300840265285e-07,-2.472563553346448e-09,-5.246572431246649e-06,-5.931984181415214e-07,3.114229043299528e-07,5.901610398855513e-07,-2.923220268887293e-07,1.7774655651087667e-06,1.1313257224713583e-07,-5.395534249319068e-07,-5.330056396761392e-07,4.347759148030177e-07,7.755817782225807e-07,4.855584843911123e-07,2.211960272944711e-06,5.7690631805795587e-08,-5.187458749711682e-07,-6.484184374192374e-06,-5.152600476961436e-07,-5.527115818103883e-07,-5.2678751806135e-07,-1.9433124477582652e-08,-4.290385485319735e-08,-5.360966235250807e-07,2.2691510525903855e-06,6.058403549994742e-08,1.456797923891743e-06,-3.626853046285359e-08,-9.175952745477328e-07,-6.183603621266229e-06,5.505447737541937e-06,no movement,no movement,no movement,no movement
333.33333333333337,0.0112605365767105,0.378973853774359,-0.2483102531,0.0251028935596728,0.3934375602636129,-0.2369606511333333,0.0273319327732057,0.3935580549262985,-0.2255466784666666,0.0266287754145505,0.3936609806349861,-0.2291093604666666,0.0066806352477406,0.4007544865181401,-0.2477843325333333,0.0079309887981572,0.3994585494582421,-0.2594007775333333,0.011238882128494,0.3899841179546166,-0.2404001957,0.07661299152247,0.3816301866898226,-0.1280013333733332,-0.0394999636506723,0.3492330015459726,-0.1240566507866666,0.0407487422840604,0.3705823464559233,-0.1975405689733333,0.0100626769737453,0.3427219914427508,-0.2234567059,0.1427713205750913,0.2397226318596877,-0.0044377471256666,-0.0926474675014213,0.2965733890448941,0.0401709987599999,0.171500855282538,0.0693970279356382,0.027611675844,-0.1292560377733696,0.0739197567119819,-0.004063992918,0.160090009492086,-0.1085737727952425,0.0117868796307666,-0.0935125123103498,-0.0362504563418053,-0.1031383762633333,0.1491749018540872,-0.1467166355333124,0.0051611316709999,-0.0609845448442703,-0.0609196253650101,-0.1544116398833333,0.1212452477243327,-0.1513790624008976,-0.0179381140306666,-0.0290502765664871,-0.0320594784086327,-0.1698024633333333,0.1503248596218476,-0.1324912967114225,0.0032004411812333,-0.0743441142904541,-0.0330243869534435,-0.0742858648,0.075326415248568,-0.1171482770128202,0.0265230019866666,-0.0729461168073241,-0.1053885684886635,-0.02434486741,0.0649215157573346,-0.4539988059701975,-0.0265739107466666,-0.0389287245475374,-0.3901871507678703,-0.0358020304966666,0.075099054378395,-0.7437774735897954,0.1097347465666666,-0.0717210589702941,-0.7197803689389629,0.0983538702733333,0.0590621209959899,-0.7733522529998237,0.12587102329,-0.0733623930608189,-0.7485661214222096,0.07002705058,0.0463903336769708,-0.7899627597752678,0.0453981814299999,-0.0691115714596937,-0.7617301194690129,-0.0338989972999999,kalt_g_ch1_g18_compr.mp4,ch1g18,2.8766621373212506e-05,0.0006138741491167,4.357029825169192e-05,0.0001102980761103,2.1519373821983715e-05,0.0006592405625383,4.608050797321676e-05,6.494987678455669e-06,9.669897514973024e-06,1.8540387287396457e-05,0.0002783317611764,1.3577022314951908e-05,4.3632499316407053e-05,4.393043073999698e-05,2.3877316774328677e-05,8.08477402791289e-06,3.2292519682390764e-05,0.000319523753934,1.2387330862605736e-05,4.1346124998042096e-05,0.0008083630200816,4.620926318268007e-05,4.2604916890721504e-05,3.783308098321795e-05,1.917352510898536e-05,4.984566165350549e-06,3.4676416578956245e-05,0.0002436102464616,1.5563426819789862e-05,0.000356351605813,6.347789023928054e-06,3.615545685679647e-05,0.0007552409417586,0.0006700173243916,2.28269584264868e-05,-0.0002154790530026,-0.0002566835387976,-0.000201776234011,-0.0002020794316027,-0.0001366024463424,-0.0001283223063199,-0.000100647731942,-0.0002938500784933,-5.404644183295898e-05,-0.0002441591036138,-0.0001590417100418,-0.0001527866344424,8.720281377436819e-05,0.0001718976402841,0.0011800962836682,0.0035918159805917,0.0080827316572278,0.004479065076763,0.0099559246919883,0.0053145744850233,0.0112718885820025,0.0042111153912164,0.0090206849459579,7.953530908598839e-05,-7.223795277222038e-05,2.2911032070575655e-05,-0.0002937096879001,0.0002706485820027,-0.0002077490165808,0.0003078918854867,-0.000223877278878,0.0004006507507641,-3.484523293770378e-05,-4.179282787265321e-06,1.228857902237664e-05,-3.452791473910599e-06,8.217651191300133e-06,-5.862480048773882e-07,1.1970959403453205e-05,-3.4930814425600098e-06,1.0024754087892402e-06,-2.807443687566498e-06,-4.2400624203731e-07,4.89467664403866e-05,-3.593380394550208e-06,-2.542930011669809e-06,-3.3940225164745243e-06,2.636654755431404e-07,-1.3769536649601552e-06,-3.2921505886128782e-06,5.736825972670601e-05,-3.515365918719926e-06,-2.6014222357639145e-06,1.271999930943475e-05,-2.6684794042418353e-06,-2.5423352553223963e-06,-2.633497583456896e-06,-9.12223595769306e-07,3.4080003811325017e-07,-2.496898005217412e-06,4.522813985189152e-05,8.626047051905061e-07,5.99409894037476e-05,4.248830443368626e-07,-2.496576239684548e-06,1.441480906712631e-05,7.079069282464066e-08,-4.792656043636117e-06,-3.152514996004829e-07,5.078016166789508e-07,-1.5970928189041063e-08,-5.111153200607447e-06,-3.2539040939259874e-07,2.6236238120465553e-07,9.35451149739793e-07,-2.523185580675635e-07,-1.6230288399354833e-07,4.7259537089277587e-07,-3.319371833898871e-07,-2.764790985866065e-07,5.368659925479086e-07,1.0394000403269129e-06,7.129920591583797e-07,2.82866256592043e-08,3.909393548219152e-07,-3.172318148073431e-07,-6.326713557885859e-06,-2.533097479137201e-07,-3.461954179503613e-07,-2.7451037020536537e-07,-1.1299458183765265e-08,-4.2166012675143644e-08,-3.0032546273953133e-07,5.09018428217135e-07,1.273976235428616e-08,-9.356671035510032e-07,-3.685219126181662e-08,-7.570954639432135e-07,-6.0221960691741675e-06,4.875934709235005e-06,no movement,no movement,no movement,no movement
350.00000000000006,0.0119728286066753,0.3788337936729635,-0.2431488057666666,0.0258078891684096,0.3932520162519609,-0.2317766126666666,0.028016527158105,0.3934283976504349,-0.2204131360333333,0.0273083642982486,0.3935295486205255,-0.2239776203333333,0.0073559551214091,0.4006979242993621,-0.2425984537666667,0.0086249027574505,0.3994108998674047,-0.2542397499,0.0118996550570385,0.3899622286803163,-0.2352564147,0.0769940412305661,0.3814047572535267,-0.1230704599199999,-0.038921192863103,0.3492840495983973,-0.1192715331533333,0.0413111228010789,0.3704060955041467,-0.1925437514266667,0.010596780792676,0.3426431586949813,-0.2185118968666667,0.1428262739601155,0.2396442539369542,-0.0004392507423333,-0.0924053371456511,0.2967360803876034,0.0434222313733333,0.1719816503849542,0.0696458815380759,0.0295693914473333,-0.1277947445690032,0.0751241804373454,-0.0051544788013333,0.1580224384426195,-0.1046296973789616,0.0112439278841,-0.0872316077421645,-0.0280589565709612,-0.1066579287133333,0.1461589832379782,-0.1418213906594883,0.0044033982476666,-0.0532358502396452,-0.050835074073083,-0.15853789135,0.1184330095528365,-0.1455952897875577,-0.0180840130406666,-0.021641736548066,-0.0206214460799958,-0.1728930227666666,0.148196165629194,-0.1278949103302603,0.0028950705679,-0.0680664761234945,-0.0238761524281093,-0.075955607,0.0752529500094997,-0.1170701843829855,0.02671809246,-0.0729014260474904,-0.1054588970125519,-0.02447527685,0.0647931938283493,-0.4539588082260371,-0.0270923818733333,-0.0390194485561393,-0.3904631943454912,-0.03699088537,0.0751312237999427,-0.7434761980910182,0.1088359467733333,-0.0717569954774828,-0.7199222561964992,0.0971599134866666,0.0590918302007879,-0.7730045792430444,0.1250150978566666,-0.0733503477826457,-0.7487166315647373,0.0688077330166666,0.0466357514062924,-0.7895395864160659,0.0453078278666666,-0.0691048968644689,-0.76168663512217,-0.0344763136066666,kalt_g_ch1_g18_compr.mp4,ch1g18,2.3706623491450143e-05,0.0006178982584478,3.915578638656061e-05,0.0001187011412829,2.0777772419964515e-05,0.0006625278717696,4.156760939038775e-05,7.705039478822121e-06,7.1095233484652674e-06,1.7751674710143875e-05,0.0003279451282186,9.771881275392165e-06,4.0203090568495325e-05,3.9598675805238806e-05,2.4038420815178425e-05,7.013995925857376e-06,2.8879489723742396e-05,0.0003776147858107,8.64203718895772e-06,3.7910951212579726e-05,0.0008105263957568,4.259226174567936e-05,3.9171342418795e-05,3.422439484876389e-05,1.810603511982087e-05,5.248099820309518e-06,3.128626149108572e-05,0.0002900645069032,1.6468354416188745e-05,0.0004163727572714,6.697151931886601e-06,3.2518033243935575e-05,0.0007595278480286,0.0006932557122556,2.00627344730352e-05,-0.0001241099711062,-0.0001743911920271,-0.0001156679851763,-0.00011791858587,-5.1269872393253374e-05,-4.293127830272576e-05,-1.6193983586584585e-05,-0.0002303837837179,2.240968619579673e-05,-0.0001725637281819,-8.148643298276936e-05,-0.0001030904300094,0.0001265754070759,0.0002294273244823,0.0013012375864051,0.0042299154460043,0.0082472475893365,0.0053023591808357,0.010146954598159,0.0062112458882927,0.0114362616955226,0.0049227863126048,0.0091830179537684,8.121401789175703e-05,-7.359463928197374e-05,3.3807233871694834e-05,-0.0002789992467528,0.0002891820524071,-0.0001449581998188,0.0003344716378221,-0.0001541083748663,0.0004220585330697,4.668999117740896e-05,-3.946980172601566e-06,8.212962750763836e-06,-3.6534193481930735e-06,8.571120696157194e-06,-5.816517698588643e-07,7.610063635368479e-06,-3.671515012388447e-06,1.2067502900471595e-06,-1.6293908905422442e-06,-6.301932134006654e-07,4.733525745848949e-05,-2.828911471791051e-06,-2.7729397362706523e-06,-3.5471550401404254e-06,5.907589869586631e-07,-4.0464504691523395e-08,-2.3862779991092938e-06,5.587999103559578e-05,-2.879930163724522e-06,-2.838653992651448e-06,7.33780458328632e-06,-2.762725729469159e-06,-2.787755814049575e-06,-2.743250481359753e-06,-8.821516256980782e-07,3.081120194944948e-07,-2.666869694772318e-06,4.4404161255607144e-05,7.588171308609967e-07,5.731223616008688e-05,3.971979441644941e-07,-3.1984648785901565e-06,9.29239616118802e-06,4.0313759413387764e-07,-3.725699618414797e-06,-1.690748986595798e-08,2.3410398467155497e-07,-4.497929141408076e-08,-3.987080670977056e-06,-1.0585314659666648e-08,1.7951713260331609e-07,1.1535122748459827e-06,-1.7509629025614537e-07,-1.9382574901542463e-06,7.791284204114221e-07,-7.776235262797454e-08,1.9386611571644218e-08,6.034981144434914e-07,1.1585867584739918e-06,8.239760876467169e-07,-2.0193834092181956e-06,6.821334026410589e-07,-7.157516651483242e-08,-4.935105016248968e-06,4.5195883263924556e-08,-9.21783460121216e-08,1.624539232254596e-08,-1.9598685613017343e-08,-3.404023794735754e-08,-2.3252744214097213e-08,-1.1931915617489534e-06,-2.1076318650193603e-08,-3.026282419397132e-06,-3.018910637356015e-08,-4.882305182936557e-07,-4.702420262534143e-06,3.965294238699193e-06,no movement,no movement,no movement,no movement
366.66666666666674,0.0126797935714578,0.3787563751637931,-0.2377007991666666,0.0265032651068738,0.3931097936283071,-0.2263144216666666,0.0286918733313139,0.3933450532251528,-0.2150061741666666,0.0279764589647658,0.3934424312467997,-0.2185652595333333,0.0080254124357191,0.4006896602423153,-0.2371395330666666,0.0093122220844157,0.3994102528624021,-0.2488023653666666,0.0125515160683978,0.3899898967831197,-0.2298420206333334,0.0773695865869965,0.3811829298977521,-0.1178786812966666,-0.0383507239926442,0.3493559249854978,-0.1142548806566666,0.0418683891095456,0.3702625440493144,-0.1872668866133333,0.0111207973802947,0.3426065826884515,-0.213296934,0.1428826953813901,0.2395762693382437,0.0038264569876666,-0.0921669616907652,0.2969118559454343,0.0467858936666666,0.1724901950430556,0.0699265091692306,0.031512570514,-0.1262791709147114,0.0764671669536513,-0.0060709405713333,0.1556374921444116,-0.1000948966329008,0.0107237481507666,-0.0809897038939937,-0.0197416561119877,-0.1099546127033333,0.1427214158620918,-0.1361320363662624,0.0037046298376666,-0.0455417309502166,-0.0406039881072282,-0.16240730295,0.11529365771204,-0.1389436392557073,-0.0181466940273333,-0.0143143535641935,-0.0090763770023977,-0.1756370308666666,0.1457679675057131,-0.1226309078215792,0.0026331139912333,-0.0618421353452864,-0.0146152304789068,-0.0834456086,0.0751780497559067,-0.1169901407838524,0.02690988456,-0.0728558697691752,-0.1055315116231714,-0.0246028807066666,0.064665837937443,-0.4539132554961905,-0.0276150946133333,-0.0391037519889144,-0.3907431452993324,-0.03821160034,0.0751337740819757,-0.7431656793223971,0.1081482097433333,-0.0717573051417525,-0.7200221667153711,0.09624142256,0.0590876807776022,-0.7726436253755031,0.12440128649,-0.073300149703915,-0.7488180686417247,0.0678980825666666,0.0468560387532114,-0.7890986288857209,0.0453984788333333,-0.069051981802646,-0.7616007986474286,-0.0347842107133333,kalt_g_ch1_g18_compr.mp4,ch1g18,1.9644928933847487e-05,0.0006184108163498,3.504116382127267e-05,0.0001271309907075,2.013940097897264e-05,0.0006621630849769,3.739525898485786e-05,9.238081028038702e-06,6.141402755612805e-06,1.6824223776346117e-05,0.000373948378791,7.186100320723618e-06,3.694095194240429e-05,3.5613819106928355e-05,2.497129039065335e-05,7.64753799103965e-06,2.702487295448515e-05,0.0004319299566798,5.9589110322412155e-06,3.462478116138463e-05,0.0008083543367526,3.934502872345329e-05,3.587663873057775e-05,3.096357046776569e-05,1.7161443475078336e-05,5.475366834216196e-06,2.8119580050178164e-05,0.0003340224839815,1.724476243855097e-05,0.0004710073611236,7.018383771974249e-06,2.8452516929807812e-05,0.0007593679841835,0.0007146949081431,1.816655616341399e-05,-5.648919822686903e-05,-0.0001155681689923,-5.456592335003103e-05,-5.8434358709854345e-05,1.0162159702358746e-05,1.761976938167102e-05,4.426038568825865e-05,-0.0001905234514956,7.668199000707043e-05,-0.0001215881296407,-2.524009277257513e-05,-7.613554692732766e-05,0.0001673190514217,0.0002680489589399,0.0014411023937761,0.004826024479555,0.0083179144067969,0.0060824922089603,0.0102147025575356,0.0070351455619936,0.0114663784469963,0.0055758520292398,0.0092395848150147,8.1386728108948e-05,-7.343525258573801e-05,4.649974840424151e-05,-0.0002629224665498,0.0002957476951255,-9.549626590662236e-05,0.0003476791662844,-9.855370872796404e-05,0.0004414960331504,0.000121731219058,-3.5240577326848937e-06,5.232129743867768e-06,-3.5981279486150976e-06,8.51889936629559e-06,-6.060384147500484e-07,4.422202695352626e-06,-3.594416087643329e-06,1.3307242662718431e-06,-3.274128687505345e-07,-7.74160345452508e-07,4.4279761178605546e-05,-1.7888493546051585e-06,-2.7753739953318298e-06,-3.4533304059195484e-06,1.0175129901824845e-06,1.2627103193050094e-06,-1.534743804004698e-06,5.264625487013272e-05,-1.962444132342548e-06,-2.845831894997998e-06,3.386884275374304e-06,-2.595386031838569e-06,-2.8026430480915e-06,-2.6208837037221215e-06,-8.695753021337251e-07,2.900348766977707e-07,-2.5809250087671656e-06,4.215995067569896e-05,6.705285774262359e-07,5.2980489238125446e-05,3.8523913764874033e-07,-3.6272001508262134e-06,5.524760613847475e-06,6.1276109261943e-07,-2.50159052441716e-06,2.0662646578301153e-07,-1.2491767993349398e-07,-9.444358782159197e-08,-2.6848773891327224e-06,2.2681770027458377e-07,7.61322714153343e-08,1.1630478595140933e-06,-8.86864742475456e-08,-3.4498740196335494e-06,9.331167428580728e-07,1.1433242513038905e-07,2.354537579869448e-07,5.947076345753435e-07,1.0723680580956358e-06,7.451695705417734e-07,-3.820915118068833e-06,8.371740459073349e-07,1.1352031506569798e-07,-3.30107922100404e-06,2.578741308918126e-07,1.0155384513131249e-07,2.3327285731205058e-07,-5.2182281025366464e-08,-2.5112769009734103e-08,1.897817156745874e-07,-2.72463976480645e-06,-5.2590314612361216e-08,-4.718788128477472e-06,-2.41287937824042e-08,-2.1143183121821457e-07,-3.157824838208199e-06,3.748452827127539e-06,no movement,no movement,no movement,no movement
383.3333333333334,0.013356134751467,0.3787068351707356,-0.2320859825333333,0.0271424844958834,0.3929882026560128,-0.2207118455666666,0.0293125135886939,0.3932853160425777,-0.2094555968999999,0.0285852931139448,0.3933773281267226,-0.2130070827333333,0.0086516883309392,0.4006962300316473,-0.2315577105666667,0.009957045098372,0.3994216143318219,-0.2432394052333333,0.01315566532649,0.3900304685989105,-0.2243027546,0.077664149728685,0.3809589748408928,-0.1125858492466666,-0.0378476285084501,0.3494170684975946,-0.1092074834766666,0.0423904365189401,0.3701307321868106,-0.1818204751866666,0.0116082594663775,0.3425765638114216,-0.2079413104,0.1428884868697252,0.2394824936094426,0.0081702014809999,-0.0919390867836372,0.2970934435339694,0.0502114208999999,0.1728683666007006,0.0702023704134211,0.033336686074,-0.1247289000048179,0.0780401025193838,-0.006834392128,0.1527447417139649,-0.0950412445916551,0.0101399824007666,-0.0747998632256879,-0.0112885518896075,-0.1129819746966666,0.1387421482507568,-0.1297340307480242,0.0030149875176666,-0.0379256307024957,-0.0302527709804196,-0.16594987545,0.1117471702261745,-0.1315755873946774,-0.0181655543006666,-0.0070636930110517,0.002519256537964,-0.178010839,0.1428847901616035,-0.1168002868839181,0.0023363742545666,-0.0556755642949711,-0.0052449018930894,-0.0986700878,0.0750984230668069,-0.1169095882700862,0.0270989613599999,-0.0728063523169885,-0.1056046983520384,-0.0247288984,0.0645119748158316,-0.4538607588617229,-0.0282580567466666,-0.0391871008836215,-0.391012928337859,-0.0395877895133333,0.075101226879892,-0.742862352054987,0.1072090836833333,-0.0717354298941215,-0.7200969022425204,0.0952213861566666,0.0590497921561567,-0.7722907612733584,0.1235449301633333,-0.0732249664831697,-0.7488898114854261,0.0668887096966666,0.0470516226407067,-0.7886505067397204,0.045233388,-0.0689518294570952,-0.7614462685437587,-0.0353253348366666,kalt_g_ch1_g18_compr.mp4,ch1g18,1.722996557860333e-05,0.000623822325499,3.207496146989997e-05,0.0001358514607808,1.9856026655278195e-05,0.0006670133110999,3.445552366177665e-05,1.0975902591989196e-05,6.86446553429993e-06,1.607773889333625e-05,0.0004153784319436,6.144074538411932e-06,3.460452111691113e-05,3.282589833857604e-05,2.661590341827959e-05,1.0025758031342426e-05,2.7095121926895996e-05,0.0004814964744618,4.621638342962419e-06,3.220741636465226e-05,0.0008124354895196,3.7322616240286406e-05,3.3480102423944046e-05,2.8890126593915604e-05,1.6572146096562596e-05,5.733438393714993e-06,2.594268022856297e-05,0.0003740568652613,1.8001222816056637e-05,0.000519853178804,7.383194617611876e-06,2.4770781807707388e-05,0.0007649498038033,0.0007404301843869,1.720452170852056e-05,-2.6843338573399223e-05,-9.315656404081023e-05,-3.145960345657321e-05,-3.636594898567106e-05,3.4848582275396115e-05,4.061017954284733e-05,6.801051324764768e-05,-0.0001817845130059,9.758920748452094e-05,-0.0001030880172103,-2.4794278075868165e-06,-7.46156789308115e-05,0.000205001417733,0.0002968013241204,0.0016033048287819,0.0053933831520379,0.008417699378295,0.0068308458184615,0.010312580219216,0.0078014896176216,0.0115264896561618,0.0061858499225036,0.0093234876359446,8.116642699663143e-05,-7.284215323532466e-05,5.987152488827751e-05,-0.0002503937607769,0.000291343680736,-6.536652058021203e-05,0.0003482532605961,-6.372708289517507e-05,0.0004567813702172,0.0001813219893042,-2.895867887827028e-06,2.628114866965517e-06,-3.3014047604026e-06,8.077280024107264e-06,-7.068174234993918e-07,1.5856382098259527e-06,-3.28049124739791e-06,1.3424038087434231e-06,8.881718997952723e-07,-8.148657547244764e-07,4.02156622733018e-05,-6.820179758613172e-07,-2.572576595016583e-06,-3.1344477598593193e-06,1.6748086915989433e-06,2.2750625924974543e-06,-9.001063872468202e-07,4.808787968494987e-05,-9.456673737136794e-07,-2.64065595041487e-06,-2.1807954568471417e-07,-2.231930426501245e-06,-2.608702331349156e-06,-2.3017049865956636e-06,-9.283800939554836e-07,2.803226724245187e-07,-2.279070189392111e-06,3.879128193374429e-05,6.181655684130628e-07,4.760819003871909e-05,3.7886765585820433e-07,-3.7180584498170623e-06,2.152498131075325e-06,6.752889588471243e-07,-1.5126162490474196e-06,3.22162792603918e-07,-5.639131881191451e-07,-1.4999328066542508e-07,-1.6110789179821783e-06,3.517154996599176e-07,-2.7773812968673735e-08,9.647937979637502e-07,-4.5112956516559335e-09,-4.681349050745354e-06,9.134868408664652e-07,2.14135806033491e-07,3.3981294642273637e-07,5.077915418521623e-07,7.985062449677294e-07,5.027211651087874e-07,-5.356917480738048e-06,8.340569920523867e-07,2.0916965776131206e-07,-1.9117977136277502e-06,3.5018512598617874e-07,2.0430619913942277e-07,3.419513703772453e-07,-9.53507022352474e-08,-1.9716841413680773e-08,3.038269677233541e-07,-4.041759620634117e-06,-8.770270309230937e-08,-6.0332273935159285e-06,-2.2950089885194666e-08,2.703478763122992e-08,-1.871833167203573e-06,4.381743840251507e-06,no movement,no movement,no movement,no movement
400.0000000000001,0.01397578948657,0.3786557116635886,-0.2264724523333333,0.0276790957760932,0.3928659425173748,-0.2151132739666666,0.0298337553948499,0.3932246360342699,-0.2039072056666666,0.0290892485802661,0.3933113872814056,-0.2074492987666666,0.0091912424453799,0.4007003636393321,-0.2259971805666666,0.0105154856304419,0.3994299986174625,-0.2376964235999999,0.0136682816477445,0.3900681503900178,-0.2187832420666667,0.0778050589465155,0.3807371237578859,-0.1072697202499999,-0.0374958307357331,0.3494683945089737,-0.1042155502966666,0.0428485710315262,0.3699975534870915,-0.1763545894533333,0.0120283265484046,0.3425447288721919,-0.2025962278666666,0.1427842331526154,0.2393664323031702,0.0125952455376666,-0.0917312560267309,0.2972789490883954,0.0536369983699999,0.1730524331011335,0.0704709428853639,0.0351525742796666,-0.1231709473901529,0.0798067880300577,-0.0076394625346666,0.1495308424705929,-0.0895250511258618,0.0096288037474333,-0.0686013976208079,-0.0026973706316529,-0.1159411851066666,0.1344077448670955,-0.1226902993620751,0.0024356005076666,-0.0303085886110417,-0.0197624216462469,-0.1693690516833333,0.1079220041340938,-0.1235779836117481,-0.018119400564,0.0001781853873872,0.0141752232390837,-0.1802167338666666,0.1397110992747555,-0.1104773663103564,0.0021241775579,-0.0495109150204347,0.0042334467512822,-0.12139146,0.0750044153339762,-0.1168274480952729,0.0272856668866666,-0.0727438526847419,-0.1056786823780202,-0.0248557275233333,0.0643261941024767,-0.4538021729276503,-0.0289117384666666,-0.0392762097152835,-0.391267559574476,-0.0410643580566666,0.0750499898615588,-0.7425722925304525,0.1062697204333333,-0.071701068845972,-0.7201651739566676,0.09408625517,0.0589944266736931,-0.771947827017988,0.1226827658466666,-0.0731371692764617,-0.7489553259040727,0.0657654154533333,0.0472202651236459,-0.7881718661443229,0.0450460781066666,-0.0688436515423781,-0.7612200338943702,-0.0360195758366666,kalt_g_ch1_g18_compr.mp4,ch1g18,1.7478684954898225e-05,0.0006448864011667,3.1589174479486006e-05,0.0001452079124702,2.0354666332339096e-05,0.000688233442583,3.413546021725806e-05,1.2675291352906292e-05,9.675300690961074e-06,1.6030898461149382e-05,0.0004504675718657,7.040204008381955e-06,3.453637338903171e-05,3.2553323560618475e-05,2.833835098021295e-05,1.3898369642883386e-05,2.9216358358340923e-05,0.0005243833111348,5.051881406485489e-06,3.193731831102928e-05,0.0008364345299717,3.805097201995316e-05,3.333445858404683e-05,2.929123961614228e-05,1.6819104341374753e-05,6.117864039029261e-06,2.60277781294056e-05,0.000407883266975,1.8201000344399935e-05,0.0005615439183203,7.895050005896222e-06,2.2641729772285068e-05,0.0007899518753294,0.0007772616225366,1.7561428660312487e-05,-5.2425355713370455e-05,-0.0001238595707758,-6.243266342829601e-05,-6.768500282881951e-05,6.45050479554896e-06,1.0102966492092076e-05,3.922944977456291e-05,-0.0002172628043086,6.80300073561947e-05,-0.0001325819721667,-2.8952268441110716e-05,-0.0001040079740305,0.0002196170231787,0.0003241273220247,0.0017618238412418,0.0059198200696132,0.0086610390059777,0.0075196861830585,0.0105980614680035,0.0084959004441326,0.0117976205424253,0.0067454763146489,0.0095677455872086,8.249700301669236e-05,-7.371859922410834e-05,6.68045092030886e-05,-0.0002514696200363,0.0002783645662762,-6.276317028545244e-05,0.0003386037805203,-5.9164186792802896e-05,0.0004639143299019,0.0002150435797539,-2.129016986416404e-06,4.631192815907642e-07,-2.8412135660166043e-06,7.256179377458718e-06,-9.073381266987776e-07,-7.610469698284173e-07,-2.80223853269567e-06,1.2668332742261064e-06,1.78385170954767e-06,-7.531042985976456e-07,3.5486001487273065e-05,2.889117386779096e-07,-2.233235621322981e-06,-2.669442963839704e-06,2.5080367431919897e-06,2.8764229652984397e-06,-6.104710695500741e-07,4.253188635915444e-05,-3.1659640696080544e-08,-2.2948189138521557e-06,-3.1168241375370957e-06,-1.7864732485731306e-06,-2.2755340262285304e-06,-1.8626031361696532e-06,-1.0764563009865222e-06,2.669699749227533e-07,-1.846501844869653e-06,3.460428412553677e-05,5.988796210051365e-07,4.158386319890714e-05,3.618891426394684e-07,-3.4395733043423536e-06,-5.881335117258918e-07,5.87726931055715e-07,-1.1366464882353946e-06,3.085662566472265e-07,-1.061156488454944e-06,-1.9692422195120826e-07,-1.1556965693597698e-06,3.415148263400525e-07,-1.1316720089208007e-07,5.87986592862568e-07,6.508133025175667e-08,-5.596450185371576e-06,7.292617653346684e-07,1.977803122261663e-07,3.134149699352239e-07,3.673117064021222e-07,3.9333520702779674e-07,1.658338564061484e-07,-6.574850320965383e-06,6.766479722107511e-07,1.9260294361312154e-07,-1.2484447913421231e-06,2.959865074650783e-07,1.913062951162332e-07,3.1987818920214137e-07,-1.385270609808577e-07,-2.1075265008500512e-08,2.92870551279229e-07,-5.079359580772695e-06,-1.145767328642005e-07,-6.961924696129344e-06,-2.9249786743939497e-08,1.8649891928747698e-07,-1.3331548267216842e-06,5.324737549650244e-06,no movement,no movement,no movement,no movement
416.6666666666668,0.0145730642628978,0.3786150052342374,-0.2209414939666666,0.0281710841234436,0.3927556022874155,-0.2095898434,0.0303106895669706,0.393175149812323,-0.1984316217333333,0.0295456949135348,0.3932561871225478,-0.2019613245333333,0.0096939696156464,0.4007102017089593,-0.2205261358,0.0110376469346923,0.3994424263260723,-0.2322431285666666,0.0141438642883072,0.390109252326324,-0.2133510744333333,0.0778714944435857,0.3805325252923182,-0.1020231731533333,-0.0372099246658908,0.349519741673154,-0.0993440680633333,0.0432778220098465,0.36987300903171,-0.1709588377566666,0.0124214206837846,0.3425157792599722,-0.1973442204666666,0.1426258355896801,0.2392425111255589,0.0169599200743333,-0.0915293525925843,0.2974875277043124,0.0569468889833333,0.1730027902900688,0.0707629379310167,0.0366739356996666,-0.1215378929890461,0.0816903064067066,-0.0085224422046666,0.145994495873822,-0.0833731252057631,0.0088290965174333,-0.0623592872209744,0.0059460595765954,-0.1188852727166666,0.129728240257613,-0.1148210058435687,0.001659307131,-0.0226704685627015,-0.0091997937239194,-0.1727003711833333,0.103829130779089,-0.114777080634662,-0.0181088373773333,0.0074277733581527,0.0258479477625705,-0.1822864788333333,0.1362425530801197,-0.1034952635177424,0.0016949769312333,-0.0433182560187207,0.013743512551734,-0.143680304,0.0748952402013674,-0.1167447195567546,0.0274821706733333,-0.072667426058817,-0.1057526856960466,-0.0249990603,0.0641261009951218,-0.4537379501834426,-0.0295629305733333,-0.0393759933704293,-0.3915068990078958,-0.0426458752299999,0.0749721842189701,-0.7423199416560401,0.1054045741766667,-0.071663008584275,-0.7202265025624098,0.0928846609366666,0.0589117161901656,-0.7716358940107678,0.12190109763,-0.0730446041089361,-0.7490139240733287,0.0645805675033333,0.0473822709775864,-0.7877256407702691,0.04495105812,-0.0687133025115269,-0.7609948907772952,-0.0367921023233333,kalt_g_ch1_g18_compr.mp4,ch1g18,1.4526874464679077e-05,0.0006393301107747,2.7724950128272243e-05,0.0001505976302266,1.860266971273906e-05,0.0006803981497989,3.036551865454535e-05,1.3329812167186887e-05,1.1158424067429166e-05,1.5161057018015154e-05,0.0004813270859099,7.238806486873336e-06,3.139909537643323e-05,2.884294299512215e-05,2.966576732504129e-05,1.6501677916669734e-05,2.7354902351847163e-05,0.000562155584682,4.886468477014041e-06,2.872279990547431e-05,0.0008240988353236,3.5483826251648324e-05,3.020805318315046e-05,2.6871282961924244e-05,1.5026545142203094e-05,6.404216763237443e-06,2.369623171025443e-05,0.0004383737491448,1.8258044013767623e-05,0.0005974627892038,8.230249657420086e-06,1.8699465534309363e-05,0.0007817756134043,0.0007902368242896,1.5801095945772855e-05,-4.05807088251812e-05,-0.0001121686435305,-5.166492939804062e-05,-5.7563360731636013e-05,9.156559527131638e-06,1.154965783674822e-05,4.019807686103823e-05,-0.0002055243309587,5.502144345855676e-05,-0.0001250335430036,-2.8049777658333272e-05,-0.0001102982430592,0.0002286076418617,0.0003788334506172,0.0018311812214566,0.0063885889589901,0.0085806805877218,0.0081209936090568,0.010492933900243,0.0090828786875268,0.0116265066192154,0.0072312893646432,0.009454587201752,8.227832714630146e-05,-7.311510548560493e-05,6.436361222048368e-05,-0.0002411351725108,0.0002424381461994,-4.80825535923576e-05,0.0003053192327493,-4.218297512700772e-05,0.0004364983973099,0.0002450506015093,-1.433502753063537e-06,-8.445244489161034e-07,-2.4536272103708525e-06,6.000524935664064e-06,-1.1821478923789432e-06,-2.113420228697328e-06,-2.392953274462539e-06,1.1008038772606143e-06,2.2151262904036142e-06,-6.417251845262007e-07,2.98875418014218e-05,9.2122523895642e-07,-1.982808503835139e-06,-2.290870094679483e-06,3.1799255220569277e-06,3.0236314490246764e-06,-6.204527852141253e-07,3.582519302263114e-05,5.802417701169347e-07,-2.042506075410385e-06,-4.6071361017045195e-06,-1.4828567780167348e-06,-2.0284210371257635e-06,-1.4982742660116026e-06,-1.291400060654907e-06,2.478118036186161e-07,-1.5045898921235462e-06,2.9381647900294062e-05,5.30835800634465e-07,3.4728675357440236e-05,3.321733029228455e-07,-3.0402093575549104e-06,-2.1528936530414546e-06,5.007420414377309e-07,-6.922511840550309e-07,3.0095782461747644e-07,-1.4935717382936635e-06,-1.538563209502488e-07,-5.884299056724117e-07,3.354364270575539e-07,-1.5406499733794326e-07,1.6759898334679438e-07,1.481240100176432e-07,-6.2941888348426645e-06,4.704938977185721e-07,1.8690730670555377e-07,2.948078595343684e-07,1.9315022145278717e-07,-2.8265423703850013e-08,-7.687803813139937e-08,-7.562644164300421e-06,4.451783238305752e-07,1.8012908640720845e-07,-4.16956609884345e-07,2.3614245073374977e-07,1.817030461182972e-07,2.895345662744064e-07,-1.0464882438587955e-07,-2.4490189343861575e-08,2.6430996047117396e-07,-5.923608638045268e-06,-1.4621351644265585e-07,-7.6316101419034e-06,-3.542698495759589e-08,3.24747567692671e-07,-7.061782135865383e-07,6.151131159715822e-06,no movement,no movement,no movement,no movement
433.3333333333335,0.0151484806870295,0.3785661043636456,-0.2153916485999999,0.0286332474855948,0.3926385783561762,-0.2040501988999999,0.0307579483469266,0.3931184452301505,-0.1929387011333333,0.0299720179301399,0.3931938777115767,-0.1964530330666666,0.0101721088798626,0.4007095800236208,-0.2150504920333333,0.0115353081819886,0.3994440857726139,-0.2267866079333333,0.0145947251546237,0.3901392696109222,-0.2079133588333333,0.0778953597690454,0.3803285785825077,-0.0967701047799999,-0.0369478627660529,0.3495551263284426,-0.0945136199066666,0.0436881585381925,0.369743255254485,-0.1655382137966666,0.0127980950368731,0.3424775501500872,-0.1920859796666666,0.1424340753616163,0.2391124765495429,0.0212810879376666,-0.0913318712616668,0.2977094072653063,0.06021494297,0.1727437106485591,0.0711259090114229,0.0379563267133333,-0.1198114795188943,0.0835711893088801,-0.0094248897446666,0.1423237426054699,-0.0768658001851153,0.0077309284664333,-0.0560271919901429,0.0145096395714136,-0.1217067730166666,0.1249474065008563,-0.1065505768591579,0.0006016687176666,-0.014949609770479,0.0012762667338155,-0.17586212143,0.0996543101370734,-0.1055784349443909,-0.018269606254,0.0147395865002519,0.0374248431378023,-0.1841811729,0.1326567447768881,-0.0961563655964985,0.0009942720545666,-0.0370480345573181,0.0231678771232,-0.165638417,0.0747788073330048,-0.1166617592023791,0.0276829401633333,-0.0725841340670029,-0.1058261920010091,-0.0251508062733333,0.063898889500351,-0.4536802030893124,-0.0302310463633333,-0.0394690694086249,-0.391743351734198,-0.0443089891133333,0.0748708489779905,-0.7421039579672798,0.1045746689066666,-0.0715937493289126,-0.7202853114369213,0.0916677605833333,0.0588081351905223,-0.7713561629452048,0.1211545144333333,-0.07291814491367,-0.7490701794039761,0.0633858680233333,0.0475228163513123,-0.7873058116238143,0.0449078322133333,-0.0685310520918722,-0.7607681119409111,-0.0375762518399999,kalt_g_ch1_g18_compr.mp4,ch1g18,1.297463479196056e-05,0.0006375594300835,2.508563910283205e-05,0.0001559116829432,1.699561616551361e-05,0.0006772374147863,2.786323797398469e-05,1.3862121062041e-05,1.354037565121344e-05,1.453391014328716e-05,0.0005077810374072,8.74294732533321e-06,2.9249831359875345e-05,2.636599719251318e-05,3.311110577037845e-05,1.982086423963913e-05,2.612978739445152e-05,0.0005938538841999,6.0004263624976775e-06,2.6478425313474848e-05,0.0008183384418383,3.385818006626957e-05,2.8020558999541544e-05,2.535554769523462e-05,1.3402025096806708e-05,6.687421861952885e-06,2.218093413685016e-05,0.0004642659086552,1.871025753618625e-05,0.0006285367619261,8.585472324252082e-06,1.5911710607526758e-05,0.0007786553631702,0.0008046301380333,1.4683984242268648e-05,-4.364096927997507e-05,-0.000114058101947,-5.486650528613792e-05,-6.075378376769533e-05,-8.813482663984971e-08,8.802307203010043e-07,2.9547194300307977e-05,-0.0002068133246493,3.3192077759029755e-05,-0.0001297061885181,-3.846829316351618e-05,-0.0001335703981695,0.0002370254482471,0.0004227239053211,0.0018814458628737,0.0068012632852024,0.0085013478567315,0.0086486919649917,0.0103922921045466,0.0095975730714968,0.0114897070614841,0.0076570688233782,0.0093553784960247,8.226925801918549e-05,-7.236631465005496e-05,6.035534343634376e-05,-0.000235127247715,0.000201171323036,-5.490143220219019e-05,0.0002665889088236,-4.8655350232001665e-05,0.0004068428507626,0.0002519178463547,-9.234150502523832e-07,-1.3353452429857157e-06,-2.143416403435613e-06,4.399071813798177e-06,-1.414809414541055e-06,-2.469878413373608e-06,-2.0539204544888335e-06,8.59088848738868e-07,2.124928306253824e-06,-5.050126465634546e-07,2.374848991872324e-05,1.1769270839495049e-06,-1.7951215649058425e-06,-1.995726907777326e-06,3.358496682535342e-06,2.70683285158355e-06,-8.904305077138804e-07,2.8209998078609977e-05,8.449247639812199e-07,-1.8592944318346309e-06,-4.658993575917507e-06,-1.2849250993120282e-06,-1.844375417510161e-06,-1.2192385101972183e-06,-1.4722511501756343e-06,2.2154739101439025e-07,-1.24838562005034e-06,2.347368056374972e-05,4.006821081360718e-07,2.733633299212941e-05,2.903022159916585e-07,-2.5822200478540366e-06,-2.5476669350010493e-06,3.661440123968296e-07,-8.556635450022893e-07,2.392064804024488e-07,-1.8990581302760649e-06,-5.72623121169129e-08,-6.686298259144463e-07,2.703933309735018e-07,-1.727379827859266e-07,-2.57893009153505e-07,2.183791676980901e-07,-6.848596161440538e-06,1.5348029929992054e-07,1.2805931378416613e-07,2.2359815988416445e-07,-3.1555515305017844e-08,-4.336176378078491e-07,-2.512394180101336e-07,-8.374260077861206e-06,1.5446699753594688e-07,1.2150491121277526e-07,-3.9599174705539307e-07,1.2162190749661524e-07,1.2504778397322273e-07,2.0543015194976425e-07,-2.5750242602495243e-08,-2.9748747468683565e-08,1.8154144522917654e-07,-6.602825707824423e-06,-1.924583881752099e-07,-8.176082694585391e-06,-4.243117131689012e-08,3.903530099240088e-07,-8.521329203599884e-07,6.923646796513147e-06,no movement,no movement,no movement,no movement
450.00000000000017,0.0156999960799324,0.3784965734075853,-0.2099008555666666,0.0290617608840509,0.3925047399916225,-0.1985698202999999,0.0311732817242616,0.3930438346558092,-0.1875030580333333,0.0303638588737859,0.3931145593252176,-0.1909991506999999,0.0106258520717208,0.4006916978117657,-0.2096316293999999,0.012010006308483,0.3994272666150854,-0.2213860451333333,0.0150223543967778,0.3901506263295873,-0.2025304027666667,0.0778999634094891,0.380116404202715,-0.0915624268133333,-0.0367045637485393,0.3495780042639683,-0.0897213220733333,0.0440748225367857,0.3695970271608177,-0.16016575037,0.0131558000050747,0.3424198616043628,-0.1868751936,0.1422252052776159,0.238962121191377,0.0255451376676666,-0.0911235591922771,0.2979448235043508,0.06349111257,0.1723102756328959,0.0715758104079104,0.0389551636236666,-0.1179517618123238,0.0854040658889733,-0.010284915478,0.1384827339783021,-0.0696602239307821,0.0063769785061,-0.0496620615352985,0.0228666391283128,-0.12422734404,0.1200095228693882,-0.0973842028988637,-0.0006912452789999,-0.0072141395680469,0.0115069361540384,-0.1786275109633333,0.0953815159628724,-0.0954764511831335,-0.018567486924,0.0220450932412236,0.0487387292569952,-0.1856834146,0.1289327588654036,-0.0880760789242289,6.918983789999992e-05,-0.0307547862945657,0.0323723405631282,-0.189903244,0.0746532160289434,-0.1165794918979038,0.0278866692766666,-0.0724916754596991,-0.105897665474802,-0.0253100203366666,0.063666360714213,-0.4536182353876453,-0.0309451746433333,-0.0395209545280845,-0.3919663639653246,-0.0460363599699999,0.0747724384475111,-0.7419393635625186,0.10351491522,-0.071481282379868,-0.7203463379052875,0.09017439252,0.0587099549309758,-0.7711228495387702,0.1201452476,-0.0727432904714196,-0.7491269108982446,0.0618796608833333,0.0476725561496936,-0.7869277630815188,0.0445586377833333,-0.068245356719323,-0.7605130638587542,-0.0387069903833333,kalt_g_ch1_g18_compr.mp4,ch1g18,1.1761009724771943e-05,0.0006311260359372,2.286454044881019e-05,0.0001582798222559,1.5347909702933738e-05,0.0006697133097405,2.5749663482078916e-05,1.456657237952469e-05,1.539593747467055e-05,1.3948319359149988e-05,0.0005284797275702,1.051564700936952e-05,2.7355904656327173e-05,2.4282595032672585e-05,3.735861538357647e-05,2.2507607386524163e-05,2.4431763869566982e-05,0.0006177805787694,7.484826578027869e-06,2.4518817234289008e-05,0.0008080058965782,3.235123358728497e-05,2.607462815200524e-05,2.400575424497805e-05,1.1745861397619772e-05,6.9072921806682395e-06,2.0845943538775127e-05,0.0004845277133876,1.918616861188326e-05,0.0006526618154554,8.892435070916892e-06,1.3513258775876428e-05,0.0007700195941595,0.0008121178156863,1.392795350635716e-05,-4.992365170234566e-05,-0.0001174971025939,-6.008875576704891e-05,-6.59012488545695e-05,-1.1259374260210142e-05,-1.1657321825393209e-05,1.6699149009278204e-05,-0.0002057846454907,1.296842464094915e-05,-0.0001349473349127,-4.9902029424706565e-05,-0.0001544817473618,0.000243143911207,0.000468768662974,0.0018803022285519,0.007145347503053,0.0083648946411347,0.0090792112748724,0.0102276549307616,0.0100214926807631,0.011299165933304,0.0080099624081034,0.0092022781277249,8.176391518740494e-05,-7.093034818351968e-05,5.740819208968672e-05,-0.0002274482336263,0.0001623494844998,-6.632603427881256e-05,0.0002306799384798,-6.032957574290989e-05,0.0003705350724511,0.0002442471175071,-6.685234297594302e-07,-1.5181011808083404e-06,-1.972282255333121e-06,2.431583991688995e-06,-1.4747239159792398e-06,-2.3626874002886738e-06,-1.8534394814845048e-06,6.34829211268523e-07,1.5628982194710476e-06,-2.9126602979768156e-07,1.638383749135487e-05,1.0638500682094512e-06,-1.73177555156203e-06,-1.8455941771979951e-06,3.0653502130755325e-06,1.959992336169112e-06,-1.3094076474109584e-06,1.907880512806466e-05,7.644450851730885e-07,-1.8027095997410423e-06,-3.9527151175103305e-06,-1.2594910905131671e-06,-1.7828859402733728e-06,-1.088555604314514e-06,-1.4995034017659649e-06,1.8490299984343705e-07,-1.1419788708038322e-06,1.6283378056212227e-05,1.976115268583579e-07,1.8615837515730884e-05,2.3606457840292515e-07,-2.1662310067061105e-06,-2.4322930331119142e-06,2.331166724773309e-07,-1.587817787174085e-06,1.5995822515335625e-07,-2.209585429485377e-06,8.668381968702284e-08,-1.3698367318333044e-06,1.8324751404187925e-07,-1.8608196515981245e-07,-5.905327410199042e-07,2.704821501411107e-07,-7.2858743669266205e-06,-1.4672853884314764e-07,5.415984608704577e-08,1.372715701895983e-07,-2.281374243860874e-07,-7.432092023149146e-07,-3.107222819101693e-07,-9.015785724023324e-06,-1.245458577672101e-07,4.933084766863125e-08,-1.165275448562779e-06,-6.58496776341591e-09,5.4036105567986624e-08,1.0328850950360393e-07,9.560686385734816e-08,-3.3333229363625244e-08,8.015752071216557e-08,-7.131223385510285e-06,-2.4179016953123765e-07,-8.626326520855081e-06,-4.6345052733390434e-08,4.0691803327694987e-07,-1.7225374041785717e-06,7.636087136349007e-06,no movement,no movement,no movement,no movement
466.66666666666686,0.0162203540132391,0.3784451398274443,-0.2045529631666666,0.0294561743692711,0.3923888629827797,-0.1932403277999999,0.0315548102553397,0.392983842790323,-0.1822182889666666,0.0307195929545532,0.3930490543815398,-0.1856840482999999,0.0110405843745609,0.4006772784488198,-0.2043633605999999,0.0124475307100024,0.3994118822650655,-0.2161395588666666,0.0154123974046086,0.3901630413783651,-0.1972955292333333,0.0778977730170219,0.3799211075553971,-0.0865221573933333,-0.0364891273175134,0.3495900570345326,-0.0850520801733333,0.0444393113160789,0.3694649558381077,-0.1549218462133333,0.0134881175498368,0.3423667685776803,-0.1817984343,0.14201580406456,0.2388111164130205,0.0295766223676666,-0.0909113681981136,0.2982005549785748,0.06664971519,0.1718336746505694,0.072112359357689,0.03927953089,-0.1160431835236837,0.0872528970954212,-0.0112389872513333,0.134685126716361,-0.0623331851982652,0.0042243309787666,-0.0432455138121219,0.0311077592983377,-0.1268048134266666,0.1151284162412327,-0.0881236010626715,-0.0028445361489999,0.0005822004605525,0.0215749803413544,-0.1814752800866666,0.0911700491695682,-0.0852566424603315,-0.0197128173673333,0.0294029364445736,0.059886092996046,-0.1873118552,0.1252536494576411,-0.0798815750028364,-0.0016615911487666,-0.0244025327202347,0.0414477531496042,-0.205695674,0.0745250105704132,-0.1164976132189551,0.0280900042533333,-0.0723964690451333,-0.1059679817757154,-0.0254697777333333,0.0634187275779761,-0.4535572294881885,-0.0316549689166666,-0.0395741694660303,-0.3921911108057693,-0.0477633632033333,0.0746760347047772,-0.7417984998139213,0.1025454943466666,-0.071358176694496,-0.7204170616457775,0.0887454317566666,0.058614361138819,-0.7709084636163629,0.1192559681666666,-0.0725576531220372,-0.7491901046130833,0.0604495496399999,0.0478310661197291,-0.7865637115096588,0.0443676435166666,-0.0679482792978284,-0.7602623914339016,-0.03983461173,kalt_g_ch1_g18_compr.mp4,ch1g18,1.0665037882479004e-05,0.0006254664345115,2.0637932456186435e-05,0.0001594675825985,1.4149571863542558e-05,0.0006633261357938,2.356747839714797e-05,1.5139121779040043e-05,1.6891802491191515e-05,1.3653705875445244e-05,0.0005444389073084,1.1839119275559147e-05,2.5388421783508105e-05,2.2167073333668385e-05,4.16651251294379e-05,2.383349097971681e-05,2.265184829668536e-05,0.0006355049585649,8.61230146444099e-06,2.2541521051207717e-05,0.000799124469623,3.067765259141861e-05,2.405001895178197e-05,2.247152195843396e-05,1.045812985479367e-05,7.044486119354602e-06,1.936737458024904e-05,0.0005002971579585,1.9678944508582565e-05,0.0006706375398386,9.088423223863527e-06,1.1527194965447353e-05,0.0007623192450054,0.0008177233025381,1.3547849149371982e-05,-4.453317012888325e-05,-0.0001089564473092,-5.343616273524218e-05,-5.92414733723613e-05,-1.050520922716366e-05,-1.1984912351931507e-05,1.5514167483169437e-05,-0.0001901553636954,5.907150280459866e-06,-0.0001281671029967,-4.893940370846662e-05,-0.0001577134348994,0.0002523217807883,0.0005264302781384,0.0018654988958279,0.0074214531960174,0.00824233540781,0.0094103944471796,0.0100706721891381,0.0103556586284253,0.0111293307480525,0.0082940617830772,0.0090691100721132,8.107831316788382e-05,-6.935561337274234e-05,5.562690090459342e-05,-0.0002191525656045,0.0001355025138221,-7.102459589913748e-05,0.0002082778091513,-6.428180130619536e-05,0.0003361015018274,0.0002329500746978,-6.249518245800901e-07,-2.83570049690115e-06,-1.9218877984076987e-06,-7.822305036118486e-10,-1.3355449140634513e-06,-3.3543799769180984e-06,-1.7805480525227656e-06,4.409990367599346e-07,6.980121298537664e-07,-2.946719742572002e-08,8.581422719898046e-06,6.821168347768556e-07,-1.7693219130565754e-06,-1.8215368478619096e-06,2.5343169628851583e-06,9.93944104704119e-07,-1.7684855570479394e-06,9.47969126764412e-06,4.194635545526749e-07,-1.845860528113519e-06,-4.480545039987293e-06,-1.3882593549209055e-06,-1.8189825251285708e-06,-1.1012997709472505e-06,-1.353814886730784e-06,1.4231553540853465e-07,-1.1754155552803e-06,8.617924163899391e-06,-7.506832404195545e-08,9.460541879219627e-06,1.815857144150371e-07,-1.8191475581476004e-06,-3.6711534478991288e-06,1.21067504277153e-07,-3.106574020256082e-06,8.770464379918317e-08,-2.485559867934504e-06,2.4485529188953997e-07,-2.9339595133585306e-06,9.80403800210939e-08,-2.0216379475906149e-07,-7.948826692412761e-07,2.851909869080103e-07,-7.685101740991071e-06,-3.683073581090769e-07,-1.3077901078042196e-08,5.990632165962125e-08,-3.360212278830822e-07,-9.104277727942826e-07,-2.693636042409298e-07,-9.583600455104076e-06,-3.294731297208525e-07,-1.4413237992085162e-08,-3.0225071355142557e-06,-1.24312637246231e-07,-9.184670636365937e-09,7.327725344434698e-09,2.322689935185876e-07,-3.42478403255675e-08,-1.2424131135452772e-08,-7.579006618029606e-06,-2.865755674661665e-07,-9.07366225567754e-06,-4.5781501045819283e-08,3.8941569413232137e-07,-3.5874537366401713e-06,8.566391397907361e-06,no movement,no movement,no movement,no movement
483.33333333333354,0.0167052008192694,0.3783747153579531,-0.1994521029666666,0.0298135383410475,0.3922567581924634,-0.1881634567333333,0.0318998941820444,0.3929057725253955,-0.1771840183333333,0.0310381653616034,0.3929656118624645,-0.1806103747666666,0.011417721983019,0.4006416088809582,-0.1993487398999999,0.0128475101721378,0.3993740660196411,-0.2111508726333333,0.0157648934315577,0.3901528691104037,-0.1923131613333333,0.0778802603634471,0.3797204307183136,-0.0816831457699999,-0.0363045515441502,0.3495818847546332,-0.0805778701633333,0.0447764782296869,0.3693159213755024,-0.1498944981733333,0.0137893236103639,0.3422945135283203,-0.1769457785333333,0.1417972331254645,0.2386582520725381,0.0333744205976666,-0.0907045150615728,0.2984704289980328,0.0697543169766666,0.1712852659064088,0.0726947884943542,0.0393220827779333,-0.1141258644490626,0.0890682762482408,-0.0122080986713333,0.1308447513515103,-0.0548953316523913,0.0017425378337666,-0.0368275571717223,0.0392210107056306,-0.1293942761066666,0.1102037683394551,-0.0787463996544034,-0.0053734859156666,0.0083815829360906,0.0314812785197736,-0.18434383382,0.0869288579159701,-0.0749020222883864,-0.0212511812106666,0.0367649203950106,0.0708659673853031,-0.1889949999666666,0.1215353678196611,-0.0715746285470313,-0.0037308899154333,-0.0180416197942261,0.0503859725611464,-0.212519199,0.0743961852764193,-0.1164157623353711,0.0282905459433333,-0.0723005586669368,-0.1060378976111068,-0.0256297626233333,0.0631658505110467,-0.4534957972947637,-0.0323445198166666,-0.039624853300129,-0.3924152422775214,-0.04945857846,0.074576144762777,-0.7416697901145451,0.1019899082633333,-0.0712363183714965,-0.7204918129910816,0.0876157943499999,0.0585158849125695,-0.7707045738625264,0.1188470738666666,-0.0723748207455611,-0.749255024205406,0.0593526113399999,0.0479851442886263,-0.786242324819285,0.0447125973266666,-0.0676457141284224,-0.7600334659199548,-0.0406942248266666,kalt_g_ch1_g18_compr.mp4,ch1g18,1.0199682152672695e-05,0.0006180715725842,1.9129628974708423e-05,0.0001588961889444,1.297895555386559e-05,0.0006550626876042,2.1961367263813093e-05,1.572684387523365e-05,1.7206275670729615e-05,1.3726529684597148e-05,0.0005512733971915,1.2054436905216068e-05,2.3955201952685288e-05,2.0695378885847353e-05,4.50841126698201e-05,2.3833194032320945e-05,2.0743651609853285e-05,0.0006424052181769,8.697306516951418e-06,2.1190419414123903e-05,0.0007882021094782,2.9399624886744472e-05,2.2586158937326665e-05,2.1269121628151753e-05,9.189759231071246e-06,7.1482852989032375e-06,1.8374833101958707e-05,0.000507344895588,1.9953839457111903e-05,0.000677466864421,9.22819763774339e-06,1.0142809738852247e-05,0.0007526438595829,0.0008165120256262,1.265285799236144e-05,-2.3935562940208185e-05,-8.539741022490885e-05,-3.21468412267659e-05,-3.800400695918424e-05,6.250154933617993e-06,3.8945089421753606e-06,3.0278885714413583e-05,-0.00016472646762,1.322226270125637e-05,-0.0001079805380185,-3.32485442837106e-05,-0.000153395636211,0.0002641139792757,0.0005817456562123,0.001829055065312,0.0075512049192673,0.0080864309119487,0.0095497089676074,0.0098683711366867,0.0105000209896333,0.0109140668220423,0.0084255225804915,0.0088998322764455,8.08583166997739e-05,-6.847621215163403e-05,5.7939050479084856e-05,-0.0002176278706032,0.0001142877473347,-7.206546111560055e-05,0.0001909020359419,-6.293463407357953e-05,0.0003038092867905,0.0002292991037237,-7.472146712622143e-07,-6.268745813591612e-06,-1.974080750460672e-06,-2.690025851375328e-06,-9.820178944439357e-07,-6.565882661848398e-06,-1.8282049353696671e-06,2.745793815141062e-07,-3.030357602016187e-07,2.524733320248194e-07,6.530070447780892e-07,1.3519989687580434e-07,-1.8918850855356844e-06,-1.9010668672428036e-06,1.9482404243926107e-06,-3.305050023699344e-08,-2.067168561799605e-06,-3.246594975632802e-07,-8.861553953189659e-08,-1.96616001787496e-06,-7.773596312746475e-06,-1.6516516924414072e-06,-1.9368927206300653e-06,-1.242763310494892e-06,-1.0285140473154374e-06,9.720256478817965e-08,-1.323815007853432e-06,8.087950916741888e-07,-3.960468117045714e-07,1.3685039755279765e-07,1.2037454131514262e-07,-1.5468877550096432e-06,-7.61657529050309e-06,1.0758903603911312e-08,-5.431539619211961e-06,1.6313507389475832e-09,-2.7306628930405995e-06,3.8281544621669483e-07,-5.39815899658722e-06,-5.603294881111221e-09,-2.411358283698837e-07,-8.339834538432284e-07,2.4472256702555994e-07,-7.921353156172857e-06,-4.743295035685025e-07,-8.92712661232917e-08,-2.8964904356956182e-08,-3.175415827163421e-07,-9.354373557686872e-07,-1.825009441887293e-07,-9.92332317808024e-06,-4.211321991395748e-07,-8.482427743861987e-08,-6.046290687784383e-06,-2.4292316167743465e-07,-8.004506310570475e-08,-9.313515791359245e-08,3.53862916048688e-07,-3.3983458810800135e-08,-1.0387153349699045e-07,-7.819836760160328e-06,-3.087236848487893e-07,-9.374925591030775e-06,-4.3615931007640376e-08,3.452509649453421e-07,-6.481795964224258e-06,9.910036431961633e-06,no movement,no movement,no movement,no movement
500.0000000000002,0.0171782546201575,0.3783459066759396,-0.1945405406666666,0.0301591473216806,0.3921643603151968,-0.1832696695333333,0.0322327834365953,0.3928654931862281,-0.1723316129,0.0313437103263765,0.3929192626513592,-0.1757157771999999,0.0117814589376158,0.4006373977749303,-0.1945250815333333,0.0132343079692315,0.399366670448307,-0.2063551767666666,0.016104185852676,0.3901721845638763,-0.1875200294666666,0.0778566791941553,0.3795433832852782,-0.0770061824566666,-0.0361292714422504,0.3495790325236621,-0.0762959517166666,0.0451047758082643,0.3691993752003158,-0.1450469207233334,0.0140820018105461,0.3422530382464004,-0.1722868482666666,0.1415796635605075,0.2385035661494257,0.0370286293743333,-0.0904972806703409,0.2987332876657673,0.0726916839733333,0.1707542671915616,0.0733009455004282,0.0392205052909333,-0.1122125735711094,0.0908512944550972,-0.013336973918,0.1271646905109217,-0.0474221944819967,-0.0010992513022333,-0.0304531342090456,0.0472586225994508,-0.1321547601933333,0.1054801971954059,-0.0693195087662055,-0.0083096207123333,0.0161143956619495,0.0412893386466458,-0.1873631075933333,0.0827868766331138,-0.0645060937372886,-0.0232399598473333,0.0440698469600303,0.0817346818934607,-0.1908402055666666,0.1179521916706848,-0.0632300831516866,-0.0061943350454333,-0.0117247027837462,0.0592368110170126,-0.19487226,0.0742661192604933,-0.116334493271394,0.02849499124,-0.0722033667209349,-0.1061067234784833,-0.02579605058,0.0629158644401843,-0.4534387636631194,-0.03302554765,-0.0396720028886428,-0.3926382252344451,-0.0511507521533333,0.0744767533288687,-0.7415582048949367,0.1017301052966666,-0.0710998686365755,-0.7205673980274657,0.08653085321,0.0584178828169365,-0.7705169106427588,0.1187676387666666,-0.0721759220044514,-0.7493201209822966,0.0583035569266666,0.0481399660647416,-0.7859537791930341,0.0454522688633333,-0.0673279352566324,-0.7598224305534812,-0.0415035084433333,kalt_g_ch1_g18_compr.mp4,ch1g18,1.0212413868271615e-05,0.0006059809532289,1.7598103961711723e-05,0.0001551899618859,1.1774206226617722e-05,0.0006422811414365,2.0532306947786703e-05,1.5908733047122438e-05,1.6516368514153687e-05,1.4077486395659812e-05,0.0005484118396231,1.1387608586574076e-05,2.231549281756497e-05,1.9195180710414177e-05,4.699413743395321e-05,2.2939595245751735e-05,1.8516787730587933e-05,0.0006375082687583,7.941199480727644e-06,1.9514321618531655e-05,0.0007728793228112,2.793534077373828e-05,2.0907567265943347e-05,2.0333546143715352e-05,7.953822684250545e-06,7.16205371037336e-06,1.7334397982365037e-05,0.0005046937455542,1.9663650588637587e-05,0.0006731811304002,9.23710461965238e-06,9.064772793739162e-06,0.000737820650086,0.0008051217707285,1.123948150428691e-05,-2.5568958218030015e-05,-8.453065282842057e-05,-3.30358826594846e-05,-3.88958266869639e-05,1.1285339336985045e-06,-1.9633176998485583e-06,2.3986360277778263e-05,-0.0001562005609491,3.0883791966952924e-06,-0.0001085605742565,-3.76942163479483e-05,-0.0001542489519381,0.000262236815005,0.0006139104314566,0.0017532635705257,0.007519801727806,0.0078694048584361,0.0094807088397397,0.0095989727120316,0.010446337377339,0.0106410144348305,0.0083919819846821,0.0086706530947006,8.107284182810916e-05,-6.835661952170962e-05,5.7970328397615934e-05,-0.0002202090165319,9.485931740089094e-05,-7.307261572497449e-05,0.0001729716454186,-6.14101249540864e-05,0.0002661199098502,0.0002139403808319,-8.478564017659043e-07,-1.251219944415212e-05,-2.0344798648861108e-06,-5.45040464168814e-06,-4.5549339750291787e-07,-1.2804667641728362e-05,-1.9040529649915384e-06,1.1637480540415273e-07,-1.1825511824864064e-06,5.04227333038812e-07,-7.359484725877584e-06,-4.308026199615685e-07,-2.0294512943014937e-06,-1.9901008312196542e-06,1.5603513314175655e-06,-9.560023861850718e-07,-2.1190047521557412e-06,-1.0268903797619362e-05,-6.079938974899915e-07,-2.0949496317388323e-06,-1.4893463886440756e-05,-1.9590753366398185e-06,-2.065805788970724e-06,-1.414113268365924e-06,-5.382325694280671e-07,5.083312873217522e-08,-1.4977662926434676e-06,-7.023540680295796e-06,-7.186730021715326e-07,-9.42589475212626e-06,6.255294018764015e-08,-1.3010609220492863e-06,-1.5158122837184476e-05,-2.5156698075966455e-08,-7.735406305927723e-06,1.1513019587296636e-09,-2.80286048244948e-06,5.050944232259476e-07,-7.886645149301061e-06,-3.6901786412667146e-08,-2.785949781613579e-07,-6.764110494657207e-07,1.655696239803891e-07,-8.003696402913607e-06,-4.30728641794127e-07,-8.087732484171108e-08,-3.2140567547702344e-08,-1.3879682257174722e-07,-8.134358907795651e-07,3.991368922769913e-09,-1.0027521902918156e-05,-3.649536217747748e-07,-6.24206419835354e-08,-9.17588127786378e-06,-2.691701472089921e-07,-6.55507485320784e-08,-1.3313331364746934e-07,4.658559604659931e-07,-3.157271101391759e-08,-1.1659348738321726e-07,-7.847154534760237e-06,-2.7010072840933265e-07,-9.558004843291852e-06,-3.8757352286831416e-08,3.419501947023128e-07,-9.389431020015192e-06,1.1370560076453028e-05,no movement,no movement,no movement,no movement
516.6666666666669,0.0176320170233772,0.3783326294580951,-0.1899671388666666,0.0304840071056075,0.3920935179385446,-0.1787120053333332,0.032544182745637,0.3928444328257124,-0.1678130471333333,0.0316271429330914,0.3928915042842186,-0.1711565297666666,0.012123586825115,0.400645188826679,-0.1900403689333333,0.013599674030034,0.3993710271025928,-0.2018994951333333,0.0164220736308705,0.390201539025317,-0.1830658220333333,0.0778188854896017,0.3793979208593162,-0.0726374929233333,-0.0359773920738598,0.3495721431863676,-0.0723419698266666,0.0454161880690839,0.3690993064998943,-0.14052729446,0.0143594217414888,0.3422207429617047,-0.1679588117,0.1413639456220585,0.2383555781533167,0.0404565504843333,-0.0902919806059035,0.2989811695663774,0.0753592144266666,0.1702406717647337,0.0739423773636247,0.0389526080706,-0.1103153840620928,0.092580822562425,-0.0146386515979999,0.1235650687278521,-0.0400049020077242,-0.0040466210138999,-0.0241394795311283,0.0551506630653587,-0.1351004888,0.1008539320897824,-0.0599775577022278,-0.0113277453326666,0.0237760429067628,0.0509498523295268,-0.1905548630666666,0.0787411781849601,-0.0541892204019779,-0.0253391312506666,0.0512940056542699,0.0924393693635537,-0.1928718457666666,0.1144517985829651,-0.0549457686909462,-0.0087703749321,-0.005463984718561,0.0679363093443291,-0.188453853,0.0741359579322216,-0.1162540363353789,0.0287080755466666,-0.0721061245496368,-0.1061743410906908,-0.0259734634333333,0.0626662734595905,-0.4533848480392982,-0.0336794252566666,-0.0397585314925936,-0.3928584065997261,-0.05280458069,0.0743728561386398,-0.7414529166545684,0.10171039403,-0.070996023057058,-0.7206377500147735,0.0855777570666666,0.0583157172555242,-0.7703334737632824,0.1189468853333333,-0.0720069256619544,-0.7493783173544925,0.0573945221433333,0.0482873109068786,-0.7857110718196348,0.04648019368,-0.0670234244435504,-0.7596283092003848,-0.0421844769833333,kalt_g_ch1_g18_compr.mp4,ch1g18,9.941928871872577e-06,0.0005919169552852,1.5630750442572858e-05,0.0001492017984747,1.1053503088861447e-05,0.0006278165704413,1.8777634913900744e-05,1.5851006973813194e-05,1.4800647820245084e-05,1.4717013401640944e-05,0.0005363665842135,1.0236692250930644e-05,2.0222314126433534e-05,1.726714902768509e-05,4.778118869476252e-05,2.1385625131209065e-05,1.6457426680495242e-05,0.0006216168491686,6.62371334374627e-06,1.729879546295697e-05,0.0007565111498788,2.5856092620496645e-05,1.8771157951267717e-05,1.906916252649064e-05,7.210067695275088e-06,7.163727911277615e-06,1.5778221867054877e-05,0.0004930905527821,1.8613933083912025e-05,0.0006582659702802,9.221639653116983e-06,7.98821005077005e-06,0.0007210705030896,0.000786160412294,9.79074331348605e-06,-4.022501941034451e-05,-9.62062871299374e-05,-4.624531778189156e-05,-5.2189514046201755e-05,-1.654890546614176e-05,-2.0356305784798357e-05,5.601047074815045e-06,-0.0001595938570216,-2.0648378211927057e-05,-0.0001212758271291,-5.5215270167790136e-05,-0.0001522530951624,0.0002417594579029,0.0006369985206499,0.0016570621454946,0.0073353779687078,0.0075982601447789,0.0092081491822273,0.0092651816873531,0.0101954981089583,0.0103096954758545,0.0081980469621498,0.0083881494231217,8.191684979452145e-05,-6.914575620553203e-05,5.917996111244468e-05,-0.0002252504609877,8.535277752353575e-05,-7.243725011227627e-05,0.0001635326047599,-5.835080236045126e-05,0.0002297343229434,0.0001913799521606,-7.702832058061603e-07,-2.122679615833124e-05,-1.950381018676767e-06,-8.159758332871674e-06,1.1718239133410137e-07,-2.1737721919068113e-05,-1.8625308189518784e-06,-8.956819738708426e-08,-1.721856070905318e-06,6.78802930947598e-07,-1.5298689258953787e-05,-7.961220790413112e-07,-2.0334545678938626e-06,-1.935282684318798e-06,1.4114336619831308e-06,-1.5950787142606353e-06,-1.8723651633627544e-06,-2.015493797829152e-05,-9.239903397175994e-07,-2.079390932137635e-06,-2.543458171775765e-05,-2.1483600872174187e-06,-2.054952769323737e-06,-1.4763206281016004e-06,-1.1028251530724092e-08,1.2363482889796232e-08,-1.5492049838730814e-06,-1.4736927627539977e-05,-9.624448714596752e-07,-1.9002284044447897e-05,1.888704871410007e-08,-9.474763146153375e-07,-2.587119535597451e-05,2.6271821501681257e-08,-9.808908497896116e-06,9.522363241923216e-08,-2.716387118954253e-06,5.57067389937608e-07,-1.018258167466093e-05,1.7959973451193637e-08,-3.176274399835541e-07,-3.599784890739006e-07,4.939568873765439e-08,-7.938381526726623e-06,-2.798043822682462e-07,1.8252918949255688e-08,5.8310788117902126e-08,1.3040893665345717e-07,-5.910855741469718e-07,2.1747988365294333e-07,-9.886308998384785e-06,-1.9751212543532806e-07,5.761729705707645e-08,-1.2141030463880997e-05,-1.8853706875795856e-07,4.0599191244987495e-08,-9.239163994868541e-08,5.192861616938861e-07,-3.1739444197672615e-08,-3.28679082665222e-08,-7.676683006794655e-06,-1.6359505116610245e-07,-9.612064886165856e-06,-3.853587065494495e-08,3.9613432586527947e-07,-1.2035565262824537e-05,1.2749192655917006e-05,no movement,no movement,no movement,no movement
533.3333333333335,0.0180663887853996,0.3783168780791073,-0.1855205046999999,0.0307867508343808,0.39202177543987,-0.1742853362333332,0.0328336942507237,0.3928218016109392,-0.1634269725333333,0.0318885867411785,0.3928622415999253,-0.1667339803333333,0.0124444581889295,0.4006472738240537,-0.1856784240333333,0.0139442614495372,0.3993696397230085,-0.1975654988666667,0.016719504516469,0.3902252776170993,-0.1787344493666666,0.0777635783405655,0.3792531339163438,-0.0683765809433333,-0.0358375080502921,0.3495533181222391,-0.0684654253533333,0.0457120179344604,0.3689980663536281,-0.13612818829,0.0146237829396676,0.3421833981291467,-0.1637375903666666,0.1411530308822866,0.2382068877621223,0.0438353257643333,-0.0900921048150497,0.2991907558730786,0.0780013908399999,0.1697373388171233,0.0746003476120992,0.0387091584551,-0.1084785743880072,0.0941263423461582,-0.0158762021946666,0.1199957614275643,-0.0328208893202029,-0.0070353855373333,-0.017950075475748,0.0625037722903838,-0.1380418262833333,0.0962739102640531,-0.0509597610333201,-0.0144455027326666,0.0313066765220061,0.0599502046309854,-0.1937266325999999,0.0748057824705724,-0.0442097018474058,-0.0275800031373333,0.0584118924896163,0.1024980870430278,-0.1949189506666666,0.1110069517107457,-0.0469187427629206,-0.0114115368974333,0.0006870918305789,0.0760828831574227,-0.184169695,0.0740077813975592,-0.1161737501497113,0.0289234804633333,-0.0720107180194866,-0.1062415421461192,-0.0261539620033333,0.0624174022050474,-0.45334197513315,-0.03433184845,-0.0398699216340097,-0.3930761683977306,-0.0544431918466666,0.0742709049291514,-0.7413626559533553,0.1017414353966666,-0.0708954442450258,-0.7207062511187083,0.0846314543466666,0.0582168211687309,-0.770163948446821,0.1191766552666666,-0.0718393028289615,-0.7494346422744056,0.05648986793,0.0484414067703462,-0.7855006644816859,0.0475385102833333,-0.066714382222727,-0.7594469399076962,-0.0428394465966666,kalt_g_ch1_g18_compr.mp4,ch1g18,9.082980301227248e-06,0.0005771029435153,1.3518729406381504e-05,0.0001398449180012,1.1385905133682793e-05,0.0006134892183919,1.686435264747798e-05,1.5593305549038505e-05,1.2501023119699365e-05,1.5325443846367737e-05,0.0005144597348139,8.941699268071623e-06,1.800788211912449e-05,1.5188059199973134e-05,4.7367094906183405e-05,1.964014469611883e-05,1.4928805509750354e-05,0.0005938244431051,5.132180792648562e-06,1.4952094089754498e-05,0.0007417441109408,2.3562048566080345e-05,1.6531556825126767e-05,1.7599735832307516e-05,7.462588255295691e-06,7.1686605257468666e-06,1.4063184992498127e-05,0.0004720730066362,1.7123830067812972e-05,0.0006313577394572,9.217294242935666e-06,6.980656570700887e-06,0.0007043676834843,0.0007600664272149,9.057014030932493e-06,-5.5353629766803976e-05,-0.0001079392702488,-5.954481491244271e-05,-6.548973344403213e-05,-3.4291377409045734e-05,-3.85201375921868e-05,-1.2663060098728048e-05,-0.0001661718078323,-4.590652943395886e-05,-0.0001349058897947,-7.363936533862227e-05,-0.0001469421885791,0.0002095054969113,0.0006521861863243,0.0015445699043654,0.0069934428386778,0.0072927372668186,0.0087306932390136,0.0088892717248117,0.0097310968109581,0.0099390635265705,0.0078351548331907,0.008071627041049,8.288439749173981e-05,-7.022042062158428e-05,6.261265677693297e-05,-0.0002241946582408,9.53791539216512e-05,-6.390684240346787e-05,0.0001735742200764,-4.731735140811088e-05,0.0002086904806599,0.0001755859684436,-5.320520194117577e-07,-3.119563220641784e-05,-1.695960791876157e-06,-1.0604238071531676e-05,7.285187187723957e-07,-3.2143592239931806e-05,-1.6840330049867362e-06,-3.818940102292184e-07,-1.843411465327697e-06,7.463166741366012e-07,-2.2875752884294043e-05,-9.438652384122132e-07,-1.8758520729140029e-06,-1.7135186656213538e-06,1.552031071114352e-06,-1.9702095824595247e-06,-1.3608501269844527e-06,-2.9555978988126528e-05,-1.0080081004789532e-06,-1.8869939012988551e-06,-3.796769399881144e-05,-2.1744746378132904e-06,-1.874676114333256e-06,-1.4120711652879996e-06,5.481108711537355e-07,-1.0881900756385664e-08,-1.4432415224929355e-06,-2.2048840171171516e-05,-1.0980782790704289e-06,-2.8209958182828576e-05,-6.175058506995028e-09,-4.796148625083835e-07,-3.82244231253756e-05,1.725073501674732e-07,-1.111321463851267e-05,2.7831906971063616e-07,-2.3991660559983364e-06,5.037895208620074e-07,-1.1717042071135534e-05,1.6334326242032957e-07,-3.493333041989509e-07,5.451248879064568e-08,-8.243595132064357e-08,-7.674124777078894e-06,-5.9443472247787633e-08,2.0162460279703674e-07,2.3777499365458354e-07,4.169976702495825e-07,-3.159711420927499e-07,4.174583509535633e-07,-9.42349105180106e-06,3.892882203584288e-08,2.633965397771689e-07,-1.4230684174546416e-05,-4.713105938775565e-09,2.3032655359787478e-07,3.46405887452954e-08,4.830885346535192e-07,-3.6615839400362464e-08,1.400608330344092e-07,-7.278236477263767e-06,-2.809488120093278e-09,-9.433940042397256e-06,-4.6649676924829985e-08,5.101326308507207e-07,-1.3747730195847723e-05,1.3505782118850926e-05,no movement,no movement,no movement,no movement
550.0000000000001,0.0184378586579025,0.3783051717420607,-0.1817652784666666,0.0310419339706707,0.3919593268238271,-0.1705893838333333,0.0330742631396213,0.3928067146740812,-0.1597667561,0.0321007524634508,0.3928415561774551,-0.1630433595666666,0.0127059642480914,0.4006564910310987,-0.1819932928333333,0.0142304995753624,0.3993751097259225,-0.1939081633333333,0.0169575191183679,0.3902552395381551,-0.1750801859333333,0.0776941844212158,0.3791363267416003,-0.0648689321633333,-0.0357161198555973,0.3495528182313858,-0.0651166048166666,0.0459730708536443,0.3689055988870958,-0.1324360826233333,0.0148468952338946,0.342152665789631,-0.1601442245,0.1409857460110749,0.2380910360464031,0.0466525687909999,-0.0898947666437427,0.2994260534494204,0.0803585891266666,0.169278906418954,0.0753001249521804,0.0381408112471,-0.1068764712326949,0.0956363392780711,-0.0171825366446666,0.1165878352277933,-0.0257440152502953,-0.0103399586483333,-0.0122269703090839,0.0695913532394256,-0.1413732282266666,0.0918855713724066,-0.0421064958760835,-0.017900893224,0.0382906075244197,0.0685402837006042,-0.1974199000333333,0.0711032406797206,-0.0344077780711873,-0.0302578552306666,0.0650852519608382,0.1121111990793423,-0.1975865848333333,0.1077501388215142,-0.039015204823309,-0.0143937174644333,0.0064053370814566,0.0839233671791213,-0.183383599,0.0738803947886453,-0.1160930725453919,0.02912899914,-0.0719159662149786,-0.1063091622178374,-0.02632563077,0.0621686640857571,-0.4532782253676998,-0.0349699884433333,-0.0400271240318298,-0.3932723667860432,-0.05598182242,0.0742047185892543,-0.741268987793316,0.1018085536966666,-0.0708189630438122,-0.7207463564316305,0.0839131222666666,0.0581604058703563,-0.7699898323620721,0.1194391203666666,-0.0716900328669391,-0.7494564840942409,0.0558333776533333,0.0485952733528425,-0.7852951500759409,0.0485980924933333,-0.0664165065152175,-0.7592605938412744,-0.0432465445833333,kalt_g_ch1_g18_compr.mp4,ch1g18,8.098987816903405e-06,0.0005511955893095,1.1783583746505722e-05,0.000127761443194,1.2795297600812536e-05,0.0005873872604568,1.5195018710392112e-05,1.4985644560331652e-05,1.0253262145883656e-05,1.6026432286070918e-05,0.0004845132272953,7.936845511302782e-06,1.615468422643527e-05,1.344952922206696e-05,4.706042804516099e-05,1.7623415835759236e-05,1.4041214948275845e-05,0.0005563004384391,4.009985730929485e-06,1.303438055279886e-05,0.0007117818185103,2.1504216441850204e-05,1.4683538699040225e-05,1.6216838675856043e-05,8.675075649754448e-06,7.175279111771124e-06,1.2621411512119196e-05,0.0004432799728335,1.5539864253601558e-05,0.0005949178104246,9.227144478359643e-06,6.306200764357808e-06,0.0006730922629521,0.0007203133916875,9.557035266818923e-06,-5.891797790284746e-05,-0.0001082395549651,-6.157856581203447e-05,-6.730343688192151e-05,-3.937896015843976e-05,-4.3244628687560136e-05,-1.816042337030561e-05,-0.0001643537438748,-6.00623933425496e-05,-0.0001381779448619,-8.018544625809979e-05,-0.00013395748337,0.0001736902676606,0.000672266591453,0.0014197314531162,0.006533892862502,0.0069456900964171,0.0080984287227547,0.0084590176419811,0.0090991170891544,0.0095020439878745,0.0073424928975364,0.0077066401150555,8.379331741509978e-05,-7.134868326603152e-05,6.61893097380333e-05,-0.0002131508376875,0.0001218123462389,-4.248729789851348e-05,0.0002009847562931,-2.292497510313554e-05,0.0002050988367362,0.0001717157269191,-1.6426130007468164e-07,-4.183381895034958e-05,-1.2547617609500286e-06,-1.269796890297619e-05,1.2552778460185697e-06,-4.345542679803529e-05,-1.354651250077172e-06,-7.744349190954956e-07,-1.503772531083556e-06,6.577131470832516e-07,-3.0299141741711388e-05,-8.461939197388584e-07,-1.5190993906694748e-06,-1.3111211345868706e-06,1.9808573841948497e-06,-2.1073959851383117e-06,-7.777611363771577e-07,-3.863918053441703e-05,-8.184790296219548e-07,-1.4746023628136875e-06,-5.177789722471268e-05,-1.983441898797652e-06,-1.4851051707317552e-06,-1.2051643793847602e-06,1.056035639582658e-06,-2.7536172209693992e-08,-1.1383627737576542e-06,-2.908495704906097e-05,-1.1330017676953202e-06,-3.7353542991940216e-05,-2.830775231301735e-08,1.1729204158464115e-07,-5.139285763665394e-05,3.723721102948145e-07,-1.0829714876401423e-05,5.168880001521687e-07,-1.8476418924101903e-06,3.397017791829111e-07,-1.1570649731526056e-05,3.767336490922762e-07,-3.566924636923424e-07,4.790877157215071e-07,-2.16420334360571e-07,-7.205287447315962e-06,1.7865202056490197e-07,4.402992584859391e-07,4.749189795043844e-07,5.9670027787469e-07,-2.636440684651673e-08,5.66589386506833e-07,-8.631949713726787e-06,2.8429169058910485e-07,5.195678328995641e-07,-1.422029045735726e-05,2.5845976334065573e-07,4.733108708998705e-07,2.317967372718275e-07,3.526965440137547e-07,-4.7036393874524726e-08,3.75434487268112e-07,-6.662935841219041e-06,1.8390237225049777e-07,-8.99571626262767e-06,-6.42363506864271e-08,6.620287472464337e-07,-1.3438480059028842e-05,1.2862630761728196e-05,no movement,no movement,no movement,no movement
566.6666666666667,0.0187841981002299,0.3782845084543912,-0.1784426979999999,0.03127609195511,0.3918895253667009,-0.1673274213,0.0332921615603043,0.3927832260409958,-0.1565340331333333,0.0322906962471311,0.392812552900287,-0.1597876003999999,0.0129422916136576,0.4006549660654149,-0.1787367095999999,0.0144908106528043,0.399370022198564,-0.1906792078666667,0.0171683943260226,0.3902735235736111,-0.1718545111999999,0.0776093584930193,0.3790123755201108,-0.0617847928966666,-0.0356167355398588,0.3495280276526772,-0.0621886248533333,0.0462143883951144,0.3688034709336124,-0.1291863246233333,0.0150486073320635,0.3421090723081352,-0.1569836340666666,0.140830477921471,0.2379824621151529,0.0490208475609999,-0.089715341179358,0.2996103619729323,0.0825063347266666,0.1689504259495949,0.0759795075416589,0.0373794663357666,-0.1054598304238283,0.0970415956599608,-0.0185779766846666,0.1131797522292343,-0.0193419470017075,-0.0136126568783333,-0.0068235843789747,0.0762476174918123,-0.1450108638933333,0.0874736256016583,-0.0342134511325033,-0.021280234416,0.0449298483421385,0.0765664191004776,-0.2014969461666666,0.0673370325376455,-0.0255055540841529,-0.0329665175306666,0.0714370169293486,0.1211031438881221,-0.2006745214333333,0.1044818400700603,-0.03181425840094,-0.0173462995033333,0.0118079903974347,0.0912845816028602,-0.182827234,0.0737545982254449,-0.1160088538575858,0.0292976880466666,-0.0718227991162299,-0.1063809225692639,-0.0264586914966666,0.0619261275617015,-0.4532087663895527,-0.03562990909,-0.0402222081293257,-0.3934672347507456,-0.0574269728566666,0.0741462681260012,-0.7411386866707728,0.10185722013,-0.0707682955215223,-0.7207645789992225,0.0833039478799999,0.0581114454587429,-0.7697780423952935,0.1196745626666666,-0.0715680980169798,-0.7494506751953193,0.05528652714,0.0487069854202526,-0.7850839438415449,0.0496284786066666,-0.0662046683030662,-0.7590754041987586,-0.0435460648166666,kalt_g_ch1_g18_compr.mp4,ch1g18,7.6850459507558e-06,0.0005070192255418,1.1035438932320696e-05,0.0001137495762939,1.4911431331389935e-05,0.0005415924278428,1.4333214253106818e-05,1.4308625824217363e-05,8.685544909635134e-06,1.6930447279932678e-05,0.0004497195108935,7.675893854745124e-06,1.5247442391308702e-05,1.2642699728716308e-05,4.8833909641904855e-05,1.5652104146106214e-05,1.3480052038599736e-05,0.0005124772360278,3.723067460231243e-06,1.219010576124222e-05,0.0006569334286327,2.0114602718748043e-05,1.3819572217171078e-05,1.5383702513466502e-05,1.054184453262302e-05,7.13134586746298e-06,1.201564250190931e-05,0.0004100258727465,1.4434157256821462e-05,0.0005522397166518,9.185109214385165e-06,6.884112063444497e-06,0.0006187223857502,0.0006637118563266,1.1179969475066851e-05,-4.407752619120261e-05,-9.086697203298036e-05,-4.624099228680556e-05,-5.1665616581896625e-05,-2.6005390538287713e-05,-2.891022306967264e-05,-5.222638452330003e-06,-0.0001487028572545,-5.516016944830001e-05,-0.0001246609296224,-6.855317832792147e-05,-0.0001031402623048,0.0001454398062853,0.0007167077272493,0.0012839791530901,0.0060194402379983,0.0065257058570852,0.0073842696810397,0.0079341700900583,0.0083708113596191,0.0089543436350694,0.0067821209199314,0.0072567771799537,8.424115592266651e-05,-7.209012675361038e-05,6.930470855380216e-05,-0.0001890460905253,0.0001591945729728,-6.5445221417713755e-06,0.0002400453690763,1.6505428213188716e-05,0.0002133424085226,0.0001753507372007,4.021836725290771e-09,-5.419875111929529e-05,-9.32237377020484e-07,-1.45060109929369e-05,1.416298379213945e-06,-5.6770173764534784e-05,-1.1854886430569995e-06,-1.2545192916546838e-06,-9.442464131900164e-07,3.018550791854075e-07,-3.7037537552952344e-05,-6.144301776493654e-07,-1.245936264083143e-06,-1.0345428392825023e-06,2.7528486733175725e-06,-2.077106457095856e-06,-4.306904250018909e-07,-4.670570960400488e-05,-4.646926032680679e-07,-1.11039750497103e-06,-6.819596785003768e-05,-1.893287966439716e-06,-1.168710064259095e-06,-1.1339448877522457e-06,1.2494895598636318e-06,-6.714942001246806e-08,-8.86645901752353e-07,-3.526337744715909e-05,-9.215439967788136e-07,-4.581590664698888e-05,-8.736161714789633e-08,6.630598674311145e-07,-6.670511562044997e-05,5.644747173264856e-07,-8.4547176285848e-06,7.569073109390691e-07,-1.0879851353350676e-06,9.386377053948936e-08,-9.175278512093375e-06,6.124890571439858e-07,-3.336873712359685e-07,8.233890140749102e-07,-3.361790962207059e-07,-6.547517684864152e-06,3.809284222474887e-07,6.846267211376764e-07,7.172953898903188e-07,5.469104746907722e-07,2.3259987807883927e-07,6.465945571321147e-07,-7.535702841158329e-06,4.824649070655148e-07,7.703893002819564e-07,-1.1384783566159578e-05,5.576564515001256e-07,7.188593993181708e-07,4.586568112434393e-07,1.513417460652038e-07,-6.166481513273604e-08,6.238776741375952e-07,-5.875872711607795e-06,3.546211274970818e-07,-8.275115390670797e-06,-8.869130930177364e-08,7.91183769082856e-07,-1.0482033375470806e-05,1.036778438356799e-05,no movement,no movement,no movement,no movement
583.3333333333334,0.01911740843944,0.3782483073593663,-0.1752026749333333,0.0314974519560649,0.3918077154086118,-0.1641499314666666,0.0334965920455593,0.3927452437049444,-0.1533848982,0.0324680691546291,0.3927700145640404,-0.1566157854333333,0.0131661355925666,0.4006387749364112,-0.1755686526666666,0.0147376223169552,0.3993509313841242,-0.1875380783666666,0.0173656398921177,0.3902775780905211,-0.1687156983333333,0.0775363897874276,0.3788808705191969,-0.0587926232266666,-0.0355173801957611,0.3494860224360257,-0.0593735146299999,0.0464432879152678,0.3686907609529487,-0.1260208478566666,0.0152392704304162,0.3420504899570341,-0.1539089696999999,0.1406833149111484,0.2379023298104077,0.0512708361309999,-0.0895368035752717,0.2997639365910373,0.0846186212499999,0.1688199480140512,0.0766802569816757,0.0368317820881,-0.1040716586047518,0.0983485662014278,-0.0198315578569999,0.1098293484898688,-0.0136500218124201,-0.0161571941583333,-0.0015726922543763,0.0825622585909344,-0.1485703723133333,0.0830699543794277,-0.027278069412993,-0.023896604636,0.0513642466514766,0.0842061633917369,-0.2054821355666666,0.0635333233932349,-0.0175703906180431,-0.034989670724,0.0775620805863586,0.1297098636859507,-0.2036653935999999,0.1012257296157252,-0.0253683325819822,-0.0195921207636666,0.0170289379664451,0.0982948436254483,-0.181702137,0.0736289760733273,-0.1159222003066661,0.0294269782833333,-0.071729793375932,-0.1064561095160339,-0.02655081743,0.0617036794840098,-0.4531382048116916,-0.036311406,-0.0404418996758838,-0.3936591686069465,-0.0587440493033333,0.0740966903604636,-0.7409849807301329,0.1017935665966666,-0.0707302255725324,-0.7207677128252007,0.0827216874866666,0.0580708477685908,-0.7695464402159712,0.1197694408666667,-0.0714602584356114,-0.7494287036453806,0.0547596380966666,0.0487749915672182,-0.784876594397122,0.0504032976366666,-0.0660431249443747,-0.7589104190643372,-0.0438288681833333,kalt_g_ch1_g18_compr.mp4,ch1g18,7.777232481425677e-06,0.0004449995846551,1.0339019549254302e-05,9.811255744166305e-05,1.678287710464879e-05,0.0004763306937422,1.3294470430808229e-05,1.3279418403407454e-05,8.216312816482013e-06,1.7544410183584828e-05,0.0004103485923286,7.54638257505214e-06,1.42104324689452e-05,1.1814882688370352e-05,5.295488283866157e-05,1.3890659015768825e-05,1.3468882413468172e-05,0.0004641061666485,3.755271809818012e-06,1.134836114169451e-05,0.0005775468480734,1.829652100857344e-05,1.2884947381755845e-05,1.4324138043196168e-05,1.220927420895223e-05,7.041453746355399e-06,1.1300101036671802e-05,0.0003725740096392,1.3745055920656933e-05,0.0005040768093039,9.080941423219413e-06,7.872642190573566e-06,0.0005415803186839,0.0005909875773196,1.277374037136343e-05,-2.8819294274352807e-05,-7.200466031652255e-05,-2.9438197931836057e-05,-3.425416591837343e-05,-1.130335706736064e-05,-1.2958139813888076e-05,8.847801220102919e-06,-0.0001225276665083,-4.335470314007055e-05,-0.0001071920628649,-5.367536570554381e-05,-5.368134659463172e-05,0.0001247450798597,0.0007814490337088,0.0011351313953205,0.0054503677614227,0.0059700792843843,0.006600445963909,0.0072421825902998,0.007556137881456,0.008218883861645,0.0061547862312579,0.006657136671091,8.428553460977404e-05,-7.239948599994067e-05,6.582520808071347e-05,-0.0001557463674915,0.000195141559178,2.939817519744504e-05,0.0002772096615141,5.4395135683994134e-05,0.0002250746460004,0.0001748692924042,5.877306942948467e-07,-6.235210069363355e-05,-9.89088069723996e-08,-1.5399364553733737e-05,1.4588325623172556e-06,-6.56278084042303e-05,-5.075751212288153e-07,-1.6279557285967123e-06,5.377685764386948e-08,-1.2717641598419328e-07,-4.29622426648564e-05,-2.633487088700085e-08,-4.814802593920378e-07,-2.408932222976589e-07,3.732970987263533e-06,-1.685171590761737e-06,2.03972301623321e-07,-5.353501703343077e-05,2.390922480841049e-07,-2.5375167480393505e-07,-7.91677448003175e-05,-1.259431452496524e-06,-3.709646833706978e-07,-6.27871566000758e-07,1.3637634282579271e-06,-1.2736172806243757e-07,-1.9710250311239805e-07,-4.0548072197593626e-05,-4.609360701475687e-07,-5.330253002384184e-05,-1.733178745846666e-07,1.5098267634841917e-06,-7.67570368839374e-05,7.123440443700844e-07,-4.005835908882115e-06,9.89276649859762e-07,-1.645049154121023e-07,-1.7338953925871974e-07,-4.520079908134402e-06,8.651403715271484e-07,-2.593274769514875e-07,1.0183523626709298e-06,-4.040045913782685e-07,-5.577900986821991e-06,5.375563202236454e-07,9.295754323491326e-07,9.566866434968812e-07,2.333362553056331e-07,4.2697802292907794e-07,6.363408104199083e-07,-6.05744917799511e-06,6.188902300658371e-07,1.0098795673861068e-06,-5.700346308842737e-06,8.844488399171812e-07,9.614016336984637e-07,7.056415832052489e-07,-7.042231636162939e-08,-7.936363171154245e-08,8.727954588005049e-07,-4.828030203934537e-06,4.904217144717693e-07,-7.110779574906014e-06,-1.1667129753083565e-07,8.865976847189911e-07,-4.899531475091304e-06,6.27997648516524e-06,no movement,no movement,no movement,no movement
600.0,0.0194193381144706,0.378193999386913,-0.1721888286666666,0.0316958398795856,0.3917125950039365,-0.1612022935333333,0.0336777715920477,0.3926917899924804,-0.150463912,0.0326231194234619,0.392712234267709,-0.1536751232333333,0.013366276529404,0.4006032192804976,-0.1726241449666666,0.0149591453054186,0.3993134236192621,-0.1846209585,0.0175375479429102,0.3902621858314238,-0.1658000464333333,0.0774770012359261,0.3787448981369125,-0.0560367192666666,-0.0354257012483293,0.3494213844121693,-0.0567830411266666,0.0466553506629437,0.3685639005179734,-0.1230852363899999,0.0154119412480342,0.3419727139204049,-0.1510472463666666,0.1405639722666408,0.2378509864149824,0.0532979606786666,-0.0893629914061141,0.2998711778427323,0.0866515171399999,0.1690460885507259,0.0774112542904019,0.0363117956081,-0.1028768412236614,0.0994768298367774,-0.0208882994219999,0.1067984560340557,-0.0087213824274875,-0.0185472080416666,0.0032133420048063,0.0882374681891433,-0.1520299311999999,0.0789600635178476,-0.0213309349396871,-0.026419583876,0.057287146623226,0.0911072517440994,-0.2093179902666666,0.0598111250208443,-0.0106703159944351,-0.0369581551906666,0.0832269768377731,0.1375522048041602,-0.206593437,0.0981867184547234,-0.0197566553371765,-0.0217096668216666,0.0218037686060009,0.1046316175347596,-0.175846905,0.073503769137161,-0.1158349604465436,0.0295169943966666,-0.0716370905771881,-0.1065326267449532,-0.0266007494833333,0.0614980399025163,-0.4530693240454974,-0.03699538246,-0.0406823738469435,-0.3938478899445025,-0.05987191751,0.0740414134649759,-0.740806930357068,0.1017445879633333,-0.0707198383661013,-0.7207538076053719,0.08225923722,0.058023225479995,-0.7692926845779284,0.1198761903,-0.0713831286396176,-0.7493888448408866,0.0543487351,0.0487989485477388,-0.7846727995522152,0.05109154241,-0.0659390462275472,-0.7587502287948671,-0.04403368365,kalt_g_ch1_g18_compr.mp4,ch1g18,8.707837047102284e-06,0.0003710939596114,1.0513711517027174e-05,8.250041797671249e-05,1.800130744811166e-05,0.0003979939231353,1.2941641600868382e-05,1.1484727310507709e-05,8.97414412127312e-06,1.725431947253591e-05,0.0003700889513355,7.806874000272664e-06,1.396084610295446e-05,1.1821441006949338e-05,5.8007440043875974e-05,1.2492218051960375e-05,1.3899612504189207e-05,0.0004133095094892,4.33216900715515e-06,1.1401717958327833e-05,0.0004818357095021,1.7135494004430537e-05,1.2771173919463504e-05,1.378826540571848e-05,1.3335442962033553e-05,6.885488318741069e-06,1.1322742735481602e-05,0.000334674703788,1.362521008212506e-05,0.0004535639256605,8.868772970309315e-06,9.792719426065396e-06,0.0004496149577611,0.0005097931602939,1.402147379201651e-05,4.644640023816749e-06,-3.580720153250564e-05,4.406076557569236e-06,2.2630016813557483e-07,2.062959328189385e-05,2.0398831720183587e-05,3.935704265200757e-05,-7.940676424854118e-05,-1.124902590693498e-05,-7.198117285283807e-05,-2.077319333775766e-05,1.033574259100756e-05,0.0001162594606428,0.0008467516397963,0.0009899951718347,0.0048734180872563,0.0052765257491672,0.0058159054076194,0.0063731932729161,0.0067185743629571,0.0072710398254649,0.0055126585696993,0.0058969944300003,8.372121470636074e-05,-7.225504801565449e-05,5.2405266294280095e-05,-0.0001194820144538,0.0002209749667942,6.485096276453668e-05,0.0003027144490093,9.097662113409722e-05,0.0002317293659494,0.0001737041304465,1.3109259156011928e-06,-6.58544870165762e-05,9.846467327714685e-07,-1.5404032273360044e-05,1.2272293539138598e-06,-6.962789703804487e-05,4.338331920558947e-07,-1.8566442721407945e-06,1.1960135831591095e-06,-6.148815036260671e-07,-4.7860856550820376e-05,6.736682062371203e-07,5.491568112574594e-07,8.095835846702427e-07,4.2454863755828346e-06,-1.151188787671151e-06,8.119985241069415e-07,-5.876884048844239e-05,1.0365672551564837e-06,8.69699165668199e-07,-8.431339207178176e-05,-2.81070102978961e-07,6.898567248277222e-07,1.2765542084178386e-07,1.24888483657078e-06,-2.2156317463823706e-07,7.541312039894133e-07,-4.467814588455116e-05,1.659403079724737e-07,-5.962636784468274e-05,-3.063858899371302e-07,2.4534735202742e-06,-8.107880581643508e-05,7.746574688406523e-07,1.9517071620566307e-06,1.1523764651044316e-06,8.20636505462789e-07,-4.10136473250193e-07,1.8016955975422991e-06,1.0717411736582973e-06,-1.2046400239414518e-07,1.0289898462588868e-06,-3.895951745615239e-07,-4.2966435985987325e-06,6.141656456809359e-07,1.1127888429631086e-06,1.1313601816952067e-06,-2.8657359855066653e-07,5.335590701074144e-07,5.36335695175463e-07,-4.179618784494846e-06,6.596585218597597e-07,1.1740285229994487e-06,2.089262072775472e-06,1.1668623348377257e-06,1.138421885201669e-06,9.167102834178226e-07,-2.708953137381147e-07,-9.719846864411465e-08,1.0616390646994774e-06,-3.5518640303785776e-06,5.600131672744723e-07,-5.452898285814723e-06,-1.4219543173942544e-07,9.019748186283696e-07,2.575724570237344e-06,4.144932766427551e-06,no movement,no movement,no movement,no movement
616.6666666666666,0.0196771930698354,0.3781281842375386,-0.1698513098333333,0.0318892476162612,0.3916099255971321,-0.1589432963666666,0.0338536919603099,0.3926291192852953,-0.1482321824666666,0.0327750231162468,0.3926450762206762,-0.1514368372,0.0135566456829111,0.4005535891292651,-0.1702976465333333,0.0151697416705847,0.399263640010694,-0.1823253069666666,0.0177008732087956,0.3902326272998599,-0.1634997154333333,0.0774860285693765,0.3786036579109192,-0.0540369206,-0.0352830695953211,0.3493484902668842,-0.0546019184933333,0.0468544922339645,0.3684285798914462,-0.1208607180233333,0.0155745721898088,0.3418841807156483,-0.1488043956333333,0.1405358908747285,0.2378336744794621,0.0548424580739999,-0.0891897989582959,0.2999266659397834,0.0883828547466666,0.1695487325858393,0.0781835880475436,0.0356461418614333,-0.1020218701605371,0.1002174105056792,-0.0218394649579999,0.1043453645403996,-0.0043972004940409,-0.0213646056083333,0.0070128100311594,0.0929648361415713,-0.1553862555699999,0.0755235261798703,-0.0162489036336853,-0.029602586056,0.0619834375702195,0.0968844122863913,-0.2131728059333333,0.0564194499847524,-0.0046794190879375,-0.0396862986473333,0.0877704190846174,0.1442321987200954,-0.2098434031,0.0955909521133491,-0.0148372378596165,-0.0243427325816666,0.0256135974999648,0.1099608479199258,-0.16485472,0.0733847041198514,-0.1157497100073718,0.02955389675,-0.0715502429295448,-0.1066070689151295,-0.0265961135466666,0.0613173828912602,-0.4530110351530192,-0.0377249690166666,-0.0409290353768985,-0.3939828071815379,-0.0607200271566666,0.0740013465163874,-0.7405907536655847,0.1017361342966666,-0.07071358179747,-0.7207065851577994,0.08198425443,0.0579815002632645,-0.7690041389251369,0.1200152116666666,-0.0713113562748863,-0.7493183172614424,0.0541251151133333,0.0487517694992384,-0.7844680191778657,0.0517753953166666,-0.0658730099743385,-0.7586050052336611,-0.0440469415866666,kalt_g_ch1_g18_compr.mp4,ch1g18,1.0504399060474235e-05,0.0002975697899473,1.1716812604488856e-05,6.845190904607866e-05,1.8654599992937825e-05,0.0003197751238935,1.348787707681202e-05,9.33049371274626e-06,1.0900012864457869e-05,1.6254323369870385e-05,0.00032364025361,8.602151868242804e-06,1.4644624429282504e-05,1.283175692914108e-05,6.29066441117545e-05,1.1412683729559256e-05,1.479945201520314e-05,0.0003551745419387,5.612616967196354e-06,1.2477194058617207e-05,0.000386444288795,1.691391670284715e-05,1.3617975803858906e-05,1.401143903167333e-05,1.4064886973993028e-05,6.628460801913342e-06,1.227107132308372e-05,0.0002914036815648,1.419967041571106e-05,0.0003949906042592,8.495860307030668e-06,1.258816915524429e-05,0.0003586512619795,0.0004267397277549,1.5143398390442587e-05,6.105828548196581e-05,2.2461285277662025e-05,5.9647253364662495e-05,5.5844922796634675e-05,7.301221997918131e-05,7.41680619465609e-05,8.941656138204347e-05,-1.608441195713026e-05,4.334198316615967e-05,-1.4411100850016616e-05,3.406168948679718e-05,8.669737113621697e-05,0.000125025486757,0.0009023822128569,0.0008653288699246,0.004242701298908,0.0044434185195752,0.0049706464128649,0.0053205562250005,0.005792806105075,0.0060876771512813,0.0048014118453904,0.0049656694919105,8.25322787528997e-05,-7.166528274665154e-05,3.365561831528414e-05,-8.232871736465425e-05,0.0002348471454723,9.86519115628613e-05,0.000313094836236,0.0001253418495286,0.0002304754017971,0.0001687635259581,2.1672126682683947e-06,-6.21456561360425e-05,2.2576252251180744e-06,-1.400622637649553e-05,7.297636953083952e-07,-6.603739811450689e-05,1.60827257136788e-06,-1.911954923832415e-06,2.4090460810873303e-06,-1.0238961974551795e-06,-5.107840582773025e-05,1.3400198339356025e-06,1.7918619397994357e-06,2.061466646879665e-06,3.932609223721436e-06,-5.625446218636489e-07,1.3518625931250956e-06,-6.148430821250264e-05,1.7524388679687753e-06,2.188740527125222e-06,-8.024048868989254e-05,1.03179828482544e-06,1.9560677495294545e-06,1.125698242710524e-06,9.042013711880252e-07,-3.365085041370476e-07,1.9273766738376816e-06,-4.710450782562736e-05,8.81306280861868e-07,-6.386073074851347e-05,-4.725996638087159e-07,3.4341754354282345e-06,-7.643276074328728e-05,7.375341018686514e-07,8.418020828068436e-06,1.208749075275995e-06,1.7642960234264492e-06,-5.830349661355726e-07,8.724339107472129e-06,1.1914692014094552e-06,6.227931923633711e-08,8.60790850408914e-07,-2.966557419519961e-07,-2.4302965561666135e-06,5.894889985506391e-07,1.1971530704185825e-06,1.2034172422452214e-06,-9.15188954823132e-07,5.472449821326732e-07,3.573245069495108e-07,-1.6722347479888049e-06,5.867069048789065e-07,1.2259059353276218e-06,1.0648111922127176e-05,1.3524884989813592e-06,1.2132265847500658e-06,1.0535910324216583e-06,-4.252844307204966e-07,-1.1034242916497427e-07,1.1533799591441918e-06,-1.809272688370196e-06,5.439300179107647e-07,-2.997865255151814e-06,-1.576714596105603e-07,8.191119632432139e-07,1.0663810042146516e-05,8.836676615333672e-06,no movement,no movement,no movement,no movement
633.3333333333333,0.0199122085628246,0.3781260960553005,-0.1681576259666666,0.0320816288714584,0.3915718894634296,-0.1573480247333333,0.0340288338391375,0.3926269899917787,-0.1466596589666666,0.0329276430343867,0.3926387247271907,-0.1498653185333333,0.0137458357094791,0.4005604958771462,-0.1686033075333333,0.0153779718266144,0.3992721350234192,-0.1806578516333333,0.0178630544637805,0.3902559862293827,-0.1618273163666666,0.077609696226552,0.378544351029932,-0.0527060335833333,-0.0350490298595523,0.3493354787993511,-0.0529217051266666,0.0470531715831039,0.3683582991123761,-0.1192769053899999,0.0157378002908196,0.3418585390618138,-0.1471540284666666,0.1406437779105618,0.237947302603167,0.0558740311116666,-0.0889770076439193,0.2999972378153695,0.0899115619733333,0.1702835712114104,0.0791237073629663,0.0348616937314333,-0.1014547870228281,0.1009313802075663,-0.0222744517786666,0.1026032647420952,-0.0004380553009461,-0.0242951913983333,0.0099272262168838,0.0969677902323609,-0.1581372443666666,0.0729440988778648,-0.0117044548744561,-0.0329530176526666,0.065622056723889,0.101686289786639,-0.2163240140999999,0.0537538432512966,0.0006564945871303,-0.042601993989,0.0913232457358929,0.1498027160030376,-0.212458616,0.0936805265243071,-0.0103724524738056,-0.027104797635,0.0285619064731908,0.1144688260544475,-0.153530404,0.073272211267251,-0.1156690236778536,0.0295255446799999,-0.0714686876570208,-0.1066767239640846,-0.02652801139,0.0611991343508435,-0.4529816363954366,-0.0383160243833333,-0.0411817077234617,-0.3940188067808707,-0.0610169676866666,0.073967578253595,-0.7403086765765496,0.1021794828299999,-0.0707029017322317,-0.7205692618095356,0.0822099764733333,0.0579387913457335,-0.7686444693272271,0.1206280432666666,-0.0712316953750454,-0.7491551703240219,0.05441387056,0.0486470321022299,-0.7842344411889027,0.0528936435233333,-0.0657911361385055,-0.7584628917446603,-0.0435309267299999,kalt_g_ch1_g18_compr.mp4,ch1g18,1.3304555513698692e-05,0.0002334293152558,1.4416914279324013e-05,5.540146189535999e-05,1.86621203757527e-05,0.0002515222313215,1.5475388260142275e-05,7.105746571849109e-06,1.4023778339652664e-05,1.474192141923077e-05,0.0002720044885548,1.0154255948165936e-05,1.6778949177060115e-05,1.5313623390200874e-05,6.701395355569993e-05,1.0959084133726612e-05,1.5890301198307274e-05,0.0002927165054108,7.687562527221907e-06,1.5047153298427976e-05,0.000303933795178,1.8287238409975643e-05,1.5934025469168756e-05,1.544697115722667e-05,1.4345031486461773e-05,6.264659931948301e-06,1.4556076824286849e-05,0.0002439150195346,1.5460227758492602e-05,0.0003301533077569,8.034389305462014e-06,1.6376874907505734e-05,0.0002803159108562,0.0003486315733359,1.627508973731101e-05,0.0001436322161557,0.0001054292268835,0.0001390099151529,0.000135602268782,0.0001496386231399,0.0001522193459611,0.000162921584691,6.45196037358348e-05,0.0001214382917098,6.680181793948909e-05,0.0001133832573697,0.0001685968796984,0.0001502517175287,0.0009339847813586,0.0007575314980865,0.0036179107398722,0.0034598545841318,0.0041495289627745,0.0040738461759079,0.0048705508612499,0.0046642233345019,0.0040903318911376,0.0038550850467708,8.063137499790044e-05,-7.043751891406611e-05,1.45960909526533e-05,-4.25314123809768e-05,0.0002345025308846,0.0001300324857758,0.0003059233516572,0.0001568162144506,0.000219489987365,0.0001614215991471,3.0622900474176875e-06,-5.116887979963601e-05,3.627839770267987e-06,-1.1585197260974369e-05,-3.3940935552716714e-08,-5.469233169569784e-05,2.95922430844717e-06,-1.7315087676316712e-06,3.2835034747845953e-06,-1.2808332500987378e-06,-5.27598332044714e-05,1.827364077729602e-06,3.1425291048539597e-06,3.423411821828752e-06,2.5764940997153474e-06,-1.7599145283416133e-08,1.7004655034348711e-06,-6.201981439623437e-05,2.2281498238985845e-06,3.5750601374151664e-06,-6.650072106997294e-05,2.574914099423482e-06,3.3219486342441225e-06,2.325657802171464e-06,3.190451697349096e-07,-4.5906835869727347e-07,3.240405513271791e-06,-4.813000011895593e-05,1.4977803713833287e-06,-6.597238143634935e-05,-6.501080434947276e-07,4.304095441870136e-06,-6.264491456545495e-05,5.923718819029693e-07,1.4351960715033792e-05,1.1149366328027048e-06,2.6090076523624045e-06,-6.633177289974051e-07,1.512093340212332e-05,1.1722222416648786e-06,2.610397648515016e-07,5.383858550823038e-07,-1.4018834678674185e-07,6.365718507350738e-08,4.5834859869242833e-07,1.1334201088029056e-06,1.1270105158369197e-06,-1.5389457373514767e-06,4.6751549708400403e-07,1.2803097448696978e-07,1.4147928300965336e-06,4.044655295525618e-07,1.121760166226245e-06,1.8559392105549343e-05,1.3755872396367627e-06,1.1383847977347951e-06,1.0686572850519062e-06,-5.099557738322496e-07,-1.1420713377366689e-07,1.1034859109509017e-06,4.257007028089094e-07,4.3819448102859883e-07,2.7346721928758986e-07,-1.5889101026517973e-07,6.207963836247849e-07,1.8044474394854385e-05,1.4674306537851904e-05,no movement,no movement,no movement,no movement
649.9999999999999,0.0201038876856875,0.3784278151259297,-0.1664026342666666,0.0322444883908803,0.3918347554828904,-0.1556711419333333,0.034177712867138,0.3929177044569337,-0.1450066110666666,0.0330554861324279,0.3929263781404966,-0.148209881,0.0139131674589607,0.4008636475524202,-0.1668203120666667,0.015559844409998,0.3995796702385344,-0.1788900235666666,0.0180022262191861,0.3905695992785945,-0.1600653543666666,0.0777715930148448,0.3787068351176546,-0.0514030921933333,-0.0347843309644669,0.349571342644408,-0.0511410364933333,0.0472351769991783,0.3685632029001831,-0.1176679053899999,0.0158873731705094,0.3421132675694676,-0.1454412070333333,0.1407990475660569,0.2381751049484903,0.0567575582903333,-0.0887442904173751,0.3001678119338938,0.0915883141433333,0.1710573124923976,0.0801755633647933,0.0340539910647666,-0.1010780815108938,0.1016514043878851,-0.0219262269383333,0.101171472529427,0.002887669069833,-0.0271675568649999,0.0119569173342739,0.1001231357751323,-0.1595580387666666,0.0708145561987329,-0.0079579334029169,-0.0363236515593333,0.0681899622649532,0.105356665465547,-0.2180992778333333,0.0515227377116508,0.0050417021900733,-0.0454966878823333,0.0938052814646576,0.1540120632617775,-0.2139980256666666,0.0921070459753633,-0.0066349036250715,-0.0298449164116666,0.0306058816552208,0.1179847622841686,-0.149892911,0.0731629252005414,-0.1155930058718782,0.0294634676233333,-0.0713891651766519,-0.1067421140706114,-0.0264299895033333,0.061090951491626,-0.4529539928160816,-0.03871847416,-0.0414263628770495,-0.3939996621687798,-0.06109544428,0.0738934173580814,-0.740003107722647,0.1027891149299999,-0.0706864265664925,-0.720377454896682,0.0824813892033333,0.0578572613849114,-0.7682599063326012,0.1213901266333333,-0.0711463317065479,-0.748933355601539,0.0547403038433333,0.0485037196236239,-0.7839551302068241,0.0541536278466666,-0.0656851302263234,-0.7582459446612576,-0.0429967822533333,kalt_g_ch1_g18_compr.mp4,ch1g18,1.654154178136774e-05,0.0001886235244241,1.8437086180044983e-05,4.4399556772800823e-05,1.8308372563717563e-05,0.0002037465826199,1.8802616050480828e-05,5.144136511348923e-06,1.761452155758617e-05,1.3086882571207472e-05,0.000218671054062,1.2130015407275564e-05,2.0300585633019576e-05,1.9118674350632537e-05,6.9280364060454e-05,1.09639100322436e-05,1.752655371025514e-05,0.000230236621662,1.0131665464405494e-05,1.902287826520501e-05,0.0002466726345901,2.1288431709077293e-05,1.9643362629430957e-05,1.8049151213406108e-05,1.4330462817244786e-05,5.793824940459381e-06,1.810391530341723e-05,0.0001952974472506,1.7178786852217864e-05,0.0002636669714859,7.357337006956733e-06,2.0872471375509453e-05,0.0002264086877803,0.000283709387146,1.7550293719452744e-05,0.0002516646464594,0.0002124231824986,0.0002415068612454,0.0002383813808121,0.0002496098238347,0.0002532998174958,0.0002589823110458,0.0001579096968349,0.0002187465523271,0.0001706635796242,0.0002154038712423,0.0002447386204594,0.0001876277153769,0.0009311737996505,0.0006622589571683,0.002999656994232,0.0023249405689246,0.0033648920863925,0.0026461556520266,0.0039656516899027,0.003017919069903,0.0033828078067507,0.0025687445048923,7.740124460052876e-05,-6.78278294380103e-05,1.241870066538932e-06,-1.1014496731442118e-06,0.0002197758307752,0.0001553602273497,0.0002809757464045,0.0001817571004288,0.0002008659814811,0.0001515475453857,3.733995503632018e-06,-3.346810514591163e-05,4.724755412535789e-06,-8.452450585189385e-06,-9.047374003708744e-07,-3.6008090871733835e-05,4.177824194304055e-06,-1.3926276720390633e-06,3.6855112686855897e-06,-1.3609419982064802e-06,-5.182761764438712e-05,2.1252747250904855e-06,4.247262487017626e-06,4.5423883860874645e-06,4.213738965298239e-07,3.815256274981512e-07,1.7337798694695336e-06,-5.939913993890895e-05,2.450065200358906e-06,4.634773866665625e-06,-4.345438134539275e-05,4.0033839823437905e-06,4.424208328714064e-06,3.4876740208681963e-06,-3.756211645734422e-07,-5.824333390895192e-07,4.356158688207594e-06,-4.689666550846361e-05,1.8746041369384195e-06,-6.45509126722226e-05,-8.236808038933009e-07,4.841699849438655e-06,-4.03517463677656e-05,3.5560283184857474e-07,1.8687413433675382e-05,8.5659905919575e-07,3.2399608077785297e-06,-6.46818667535008e-07,1.9847851404135167e-05,9.872213082387568e-07,4.370333953307915e-07,1.217734128296291e-07,4.6950902234429375e-08,3.0409616469253354e-06,2.481571790386632e-07,8.992586175518625e-07,8.844413154582942e-07,-2.0242932695782815e-06,3.182002197031063e-07,-1.3601562614990886e-07,4.868678316818701e-06,1.5054437836167192e-07,8.460269359849715e-07,2.4422377543299247e-05,1.2019026299355752e-06,8.9350564431524e-07,9.351951926961372e-07,-5.19591725514559e-07,-1.0531867237781189e-07,8.902957162593286e-07,3.026982776371584e-06,2.584374137710505e-07,4.1485751841913305e-06,-1.3764455739414528e-07,3.0797336344985993e-07,2.34005854525162e-05,1.9312616468173395e-05,no movement,no movement,no movement,no movement
666.6666666666665,0.0202152079273139,0.3788508318960138,-0.1644502419,0.0323472794116942,0.3922085818517577,-0.1537652938666666,0.0342719359100057,0.3933177261415996,-0.1431287836333333,0.0331310852060972,0.3933234289580291,-0.1463221666333333,0.0140105246436388,0.4012753392136085,-0.1648125286,0.0156633425819601,0.3999973416400261,-0.1768891939999999,0.0180699672607751,0.3909880600484833,-0.1580780719333333,0.0779431888694011,0.3789854319206532,-0.04983053564,-0.0345418732392403,0.349931516883926,-0.0490296802833333,0.0473891817065468,0.3688831167770116,-0.1158397334233333,0.0159923845161985,0.3424880541746544,-0.1434959319666666,0.1409976839938537,0.2384772718639966,0.0577255211743333,-0.0885237048929269,0.3004270442365233,0.0936582275533333,0.1717855888661468,0.0811811769280607,0.0336771559114333,-0.1010705510871345,0.1022611990653293,-0.0200554100516666,0.1000532885886755,0.0057275930705514,-0.0292974901649999,0.0125247000219237,0.1020479955765459,-0.1587938930666666,0.0691500319233652,-0.0047697105151203,-0.0389895428093333,0.0690056011672895,0.1074778737154209,-0.2175128912999999,0.0497482736232766,0.0087542812239481,-0.0478366566733333,0.0945151852876345,0.1563903616884188,-0.2134505783666666,0.0908585858070843,-0.0034455896296097,-0.031893866555,0.0311544628225785,0.120083192186542,-0.147636414,0.0730763095038465,-0.1155218057801257,0.0293281321133333,-0.0713269178625552,-0.1068034203727551,-0.02626498733,0.0610108814642309,-0.4529463876541941,-0.0391307617866666,-0.0416427667607645,-0.3939322280737105,-0.0610627389633333,0.0738054865198126,-0.7397260089997768,0.1033356274633333,-0.070750780229819,-0.720158169698885,0.08274310848,0.057757828956503,-0.7679126106721904,0.1220672649333333,-0.0711636317890681,-0.7486817055297804,0.0550479052866666,0.0483201184237735,-0.7836770965672988,0.0552005908833333,-0.0656702718671126,-0.7580249557473175,-0.0424990702433333,kalt_g_ch1_g18_compr.mp4,ch1g18,2.018376478968029e-05,0.0001669969757044,2.351704758040557e-05,3.686121378626411e-05,1.7713631195866703e-05,0.0001803051511402,2.33370969586534e-05,3.866493032849218e-06,2.131649278887564e-05,1.1541982130247751e-05,0.0001656283362124,1.4200038981337645e-05,2.4930090294094376e-05,2.401157082652352e-05,6.950573390251249e-05,1.1305859383905146e-05,1.9486281209162465e-05,0.0001704200182751,1.2560772589057542e-05,2.404369977642658e-05,0.0002189037981126,2.5792699611124394e-05,2.444543295411727e-05,2.1802278992377105e-05,1.4350411037115872e-05,5.166123947179461e-06,2.2754465067208383e-05,0.0001475392598263,1.904293339021854e-05,0.0001977460205909,6.4495190376519835e-06,2.570460101076919e-05,0.0002012705303522,0.0002363167772538,1.9071111791612897e-05,0.0003749712370245,0.0003336609180969,0.0003574619118304,0.0003542994597113,0.0003630253344191,0.0003674476399891,0.0003679136231623,0.0002582619673562,0.0003274847177717,0.0002881274341374,0.0003308688148916,0.0003120023619613,0.0002320523076109,0.0008931503506672,0.0005635783777381,0.0024198847748687,0.0010874488448521,0.0026544475480206,0.0011067501579948,0.0031357578236025,0.0012446488976289,0.002718493965716,0.0011717047865608,7.228363092190504e-05,-6.330313345269143e-05,-1.772669611619009e-06,4.2166082617076174e-05,0.0001980969007674,0.000175551450702,0.0002476071166071,0.0002011908814294,0.0001759565983099,0.0001383714136015,3.980835119581289e-06,-1.025067285250437e-05,5.41545822915541e-06,-4.749663101382124e-06,-1.6522287297600032e-06,-1.1252785425877364e-05,5.0717069886265905e-06,-8.776378779578448e-07,3.5199975256532894e-06,-1.235141230021704e-06,-4.79120295203111e-05,2.2496089199735258e-06,4.993451095700924e-06,5.276358760534991e-06,-2.175579698751801e-06,6.297048759710139e-07,1.4854572328016062e-06,-5.3410619676979806e-05,2.4201212708887766e-06,5.285693270626451e-06,-1.2748830475543685e-05,5.118015695081906e-06,5.15521886944009e-06,4.376595041847096e-06,-9.911199263706324e-07,-6.774520888645384e-07,5.111325238789264e-06,-4.3110045624156666e-05,1.978875669467491e-06,-5.919120705465104e-05,-9.490103850233496e-07,4.955763421067458e-06,-1.1158764761207002e-05,5.0260326109497795e-08,2.0723713716182825e-05,4.518831769232129e-07,3.566444716563599e-06,-5.371378258370532e-07,2.213156177083405e-05,6.399279502374598e-07,5.48207120225827e-07,-3.2033340735329197e-07,2.3381366282173474e-07,6.320552672470313e-06,-4.207591265337961e-09,5.100759814771045e-07,4.911615225622221e-07,-2.269996159572578e-06,1.2880148741741554e-07,-3.997105878574186e-07,8.462185107870382e-06,-1.2968693134016785e-07,4.222327539167624e-07,2.72504509182774e-05,8.344108650861848e-07,4.957470376857893e-07,6.50927931682194e-07,-4.622641396704896e-07,-7.998171993343549e-08,5.236115914727263e-07,5.846397830791406e-06,4.2335273279453215e-08,8.36865876779098e-06,-9.167405682808157e-08,-8.6839705380348e-08,2.5848091788605624e-05,2.1943679916253e-05,no movement,no movement,no movement,no movement
683.3333333333331,0.0202822992833069,0.3793004378698791,-0.163364136,0.0324212959532736,0.3926163170898291,-0.1526961152,0.0343409731326151,0.3937475404718307,-0.1420775499333333,0.0331868911604792,0.3937498769407124,-0.1452596815666666,0.0140759351189596,0.4017096573388153,-0.1636784752333333,0.0157319784295037,0.4004366744919219,-0.1757460692999999,0.0181102721929741,0.3914242527577553,-0.1569588640999999,0.0781271507391087,0.3793352571057496,-0.0488717310733333,-0.0343295994014713,0.3503400398979628,-0.0476572036166666,0.0475208630825425,0.3692492976423882,-0.1147840929566666,0.0160744063101695,0.342895980823017,-0.1423305906333333,0.1412195481348005,0.2388635087432113,0.0584305242129999,-0.0883260279848553,0.3007256509790024,0.0954989574733333,0.1724816660584538,0.0821434833290535,0.0332463756347666,-0.1014190415225147,0.1028359933677963,-0.0175859563416666,0.0992550406860937,0.008068838326464,-0.0311087674716666,0.0114664462664702,0.1025370778528091,-0.1568029553599999,0.0679047589806074,-0.0022023412015471,-0.0412880229593333,0.0678503459633965,0.1077925861874456,-0.2155588260333333,0.0484203121513164,0.0117350015974781,-0.0499543615533333,0.0933265356262447,0.1566808115710457,-0.2117204293666666,0.089952823418067,-0.0008467174386284,-0.033674543335,0.0300638525826247,0.1205502259984153,-0.143092677,0.0730088498263618,-0.115453512661573,0.0291230994633333,-0.0712785562158799,-0.1068630872595558,-0.02604247183,0.0609532132697837,-0.4529679652896095,-0.0394021185733333,-0.0418337483958857,-0.3938588016050461,-0.06083264529,0.0737076012900886,-0.7395676885636172,0.1040677259633332,-0.0708892886604511,-0.7199630897549818,0.0834679938499999,0.0576414967377864,-0.7677081387784029,0.1228985841,-0.0712921186355891,-0.748460291065007,0.0558521258366666,0.0480430341840698,-0.7835220507546208,0.0560809678766666,-0.065788543343854,-0.7578789459494967,-0.0416383310533333,kalt_g_ch1_g18_compr.mp4,ch1g18,2.445483855901869e-05,0.0001694059530963,2.9722687845830005e-05,3.328918529901802e-05,1.5979255158468536e-05,0.0001825068528844,2.9252437340085256e-05,3.380549030957922e-06,2.4944053104525897e-05,1.0335115352451815e-05,0.0001171572400037,1.6782951681880206e-05,3.0767558429489396e-05,3.0096171496827987e-05,6.653924819749483e-05,1.2480458601723063e-05,2.1273768470097765e-05,0.0001177364888811,1.524238835155844e-05,3.0151367026339415e-05,0.0002225820538764,3.192962593000065e-05,3.0433843296243384e-05,2.6967231199542317e-05,1.3439267556580762e-05,4.394303936924804e-06,2.864508891370885e-05,0.0001042167299912,2.122066294433069e-05,0.0001380858947247,5.361632662541794e-06,3.105688088524988e-05,0.0002058879738015,0.0002123561752413,2.032103134973933e-05,0.000513656764172,0.0004685433588674,0.0004863023502558,0.0004824721537799,0.0004899051180044,0.0004944561439946,0.0004897670488487,0.0003618953106564,0.0004472336319903,0.0004187870623448,0.0004596849764573,0.00037373650949,0.0002852978274918,0.0008267093263138,0.0004605792436872,0.0018870649953882,-0.0002099203834829,0.0020225079295245,-0.0005024834662676,0.0023824051448107,-0.0006069085046055,0.0021039304282112,-0.0002912027495569,6.537896449497455e-05,-5.700827360205688e-05,1.1127482362281122e-05,8.490438099506183e-05,0.0001782692078967,0.0001975185221391,0.0002163492190187,0.0002234894406088,0.0001557279849852,0.000136645081456,3.788364273090714e-06,1.4720662144580408e-05,5.676940526411565e-06,-1.0856362566501057e-06,-2.067001571197729e-06,1.560769304379654e-05,5.577041806368478e-06,-2.506003879210906e-07,2.838125187386014e-06,-9.044757761285142e-07,-4.0791029060724153e-05,2.152029478050468e-06,5.340980653414489e-06,5.5910573764663265e-06,-4.857935417271705e-06,6.953964308579837e-07,9.853997582325875e-07,-4.402626287505308e-05,2.150183727002192e-06,5.511194680664193e-06,2.0636589119522615e-05,5.840010603094486e-06,5.480932912900954e-06,4.923318789066152e-06,-1.3542689905398997e-06,-7.382969019185349e-07,5.4766389583444666e-06,-3.6621536005634016e-05,1.8397687187158049e-06,-4.9701901020422014e-05,-1.0126448849450603e-06,4.654652342585447e-06,2.0181089549275847e-05,-3.002944085500643e-07,2.0127106962086543e-05,-7.049958659116803e-08,3.561435988880077e-06,-3.1972702399976804e-07,2.1581161756767183e-05,1.4655834863008078e-07,5.787706211137767e-07,-7.235083340532784e-07,3.858743909998673e-07,9.528038529807236e-06,-2.774815270732861e-07,-7.123661072315955e-09,-2.6701090176601186e-08,-2.1967921540353175e-06,-8.505150674424692e-08,-6.167717365801336e-07,1.1801579457051663e-05,-4.05886342093243e-07,-1.157994757418747e-07,2.656098156872392e-05,2.928387535748788e-07,-2.7205093885335513e-08,2.2495548139640977e-07,-3.164872751032062e-07,-3.8592723445890294e-08,2.7526484830887043e-08,8.585707573968908e-06,-1.835934311601238e-07,1.241720410431376e-05,-2.4642683195539957e-08,-5.309523491591964e-07,2.50063068588794e-05,2.227834220223536e-05,no movement,no movement,no movement,no movement
699.9999999999998,0.0203281209801769,0.37980071175618,-0.1626548283,0.0324811597792883,0.3930759842064631,-0.1519630868666666,0.034399714275698,0.3942228219121637,-0.1413574428666666,0.0332364941315566,0.3942211365089854,-0.1445232140333333,0.01413094516005,0.4021831600860126,-0.1629236231333333,0.0157878786823832,0.4009131781766711,-0.1749739646333333,0.0181422587980537,0.3918950946842725,-0.1562119880999999,0.0783136941529378,0.3797300014717381,-0.0481379161733333,-0.0341286700869945,0.3508008760717942,-0.0466189773833333,0.0476379498856396,0.3696729851447072,-0.1140493826233333,0.0161436919176226,0.3433525757673205,-0.1415172405333333,0.1414521188310871,0.2393010492866802,0.0588842810399999,-0.0881464731884755,0.3010496589181282,0.0970274577099999,0.1731503642273934,0.0829394227630111,0.0325885905714333,-0.1018077298176398,0.1032889890448744,-0.0146738848716666,0.0988357620432799,0.0097295612576766,-0.033043448855,0.009383727680157,0.1015811630745808,-0.1532406852399999,0.0672158072301361,-0.0004293304892314,-0.0436732689659999,0.0654071761473403,0.1063516066550214,-0.2117582605333333,0.0476778877119031,0.0137865810618423,-0.05226195904,0.090792871247109,0.1549953311598175,-0.20835434,0.0894583576079314,0.0009831444585729,-0.0356428149316666,0.0278934228069254,0.119411915844128,-0.133571774,0.0729560678440566,-0.1153899067163271,0.0288579782499999,-0.0712387287318635,-0.106919093873603,-0.0257733704566666,0.0609172362776729,-0.4529901741118724,-0.0397732259099999,-0.0419513636660232,-0.3937816022144786,-0.0604473028766666,0.0736217807184316,-0.7394680238365794,0.1039939572633332,-0.0710515348707253,-0.7198060506955357,0.0841636053733333,0.0575393711198694,-0.7675825961337465,0.1228472362,-0.0714623030144153,-0.7482842608508057,0.0566169925066666,0.0477171198971744,-0.783435172245651,0.0557050939066666,-0.0659683506574377,-0.7578066086244983,-0.0408779957666666,kalt_g_ch1_g18_compr.mp4,ch1g18,2.84699626939107e-05,0.000196109249235,3.587949932637109e-05,3.419394321980152e-05,1.3523468159917302e-05,0.0002107548984339,3.542108609272218e-05,3.638326708442222e-06,2.768654358021039e-05,9.71763774875893e-06,7.996882689851146e-05,1.912638956696597e-05,3.6636602210353016e-05,3.619899180275631e-05,5.984625921712882e-05,1.3701690328601648e-05,2.252355064552707e-05,7.936192628240989e-05,1.7428084279798235e-05,3.6136374860072705e-05,0.0002580780221526,3.846939407256151e-05,3.642198554308389e-05,3.251732956600753e-05,1.1759114807508014e-05,3.5644795169742778e-06,3.4675551679305424e-05,7.114284817287142e-05,2.339387765825436e-05,9.320717876309384e-05,4.226506749623786e-06,3.592808497973252e-05,0.0002403324826104,0.0002197064927963,2.102415046369067e-05,0.000647595925842,0.000598140094331,0.000608972556681,0.0006041081755119,0.0006115330962754,0.0006156008414083,0.0006060899538599,0.0004551708089197,0.000560267169156,0.0005441561618144,0.0005835762686859,0.0004192808137665,0.0003411194609865,0.0007323453880595,0.0003643039186124,0.0013744329050725,-0.0014715528254302,0.0014297143043863,-0.0020659626838933,0.0016654615306652,-0.00241020733332,0.0015097201726903,-0.0017168222410907,5.6851508821220666e-05,-4.925905820361816e-05,3.51391752312494e-05,0.0001239352730038,0.0001560549720838,0.0002189655557537,0.0001825577921887,0.0002466453489098,0.0001354312566446,0.0001444772850787,3.257496730087385e-06,3.601538235102743e-05,5.440524346095734e-06,2.369261939131918e-06,-2.131814262276376e-06,3.854700462556572e-05,5.583630204481687e-06,4.025197597033389e-07,1.8051231371574895e-06,-3.730335733059825e-07,-3.020662832835777e-05,1.8340505243851817e-06,5.19124904077031e-06,5.4055932387764054e-06,-7.092529533493255e-06,5.238464323559165e-07,2.633781417839962e-07,-3.1099883066968705e-05,1.6870382163809849e-06,5.233256652977647e-06,4.88525797598394e-05,5.997168357860387e-06,5.305593635974235e-06,5.0133626811985985e-06,-1.4596105352233416e-06,-7.576772742323775e-07,5.345063189186204e-06,-2.7200262719793857e-05,1.5018013690721712e-06,-3.581500236145069e-05,-1.0049049674194806e-06,3.935128957871925e-06,4.654998433295058e-05,-6.36184090980948e-07,1.6883374189165616e-05,-6.316788184972944e-07,3.2136418640502285e-06,-4.9399162857646584e-08,1.8168339325883557e-05,-4.2016091937999314e-07,5.216372580945912e-07,-1.0110108953850637e-06,4.683993352482672e-07,1.2173669378130394e-05,-5.273670500640209e-07,-5.743120492609289e-07,-5.909682908574172e-07,-1.7777893493116871e-06,-2.802531566123741e-07,-7.681148497195778e-07,1.4403005374868894e-05,-6.317627965969531e-07,-6.856828642342121e-07,2.232664608557681e-05,-3.433950715308491e-07,-5.967552612046387e-07,-2.8023049760843e-07,-1.1853689103205537e-07,1.2906669210976872e-08,-5.237227587308016e-07,1.0846971311131954e-05,-3.814616102814514e-07,1.566410894556844e-05,5.2803972741839375e-08,-9.54960902648147e-07,2.087736561588929e-05,2.0400812229830595e-05,no movement,no movement,no movement,no movement
716.6666666666664,0.0202690935550299,0.3804265994953755,-0.1619821670333333,0.0324619919203484,0.3936560321003751,-0.1512852554,0.0343855545401636,0.394812353559648,-0.1406902468666666,0.0332164765749443,0.394805784672694,-0.1438365675333333,0.0141178680630981,0.4027681040969917,-0.1622073322666666,0.0157736062318785,0.4015005536185428,-0.1742475568666666,0.0181073478328088,0.3924709292162117,-0.1555055409333333,0.0784903215714942,0.3801945219751886,-0.0475018350066666,-0.0339476036509303,0.3513468631254361,-0.0456110104166666,0.0476769528828316,0.3702083147960683,-0.1133629978899999,0.0161422283773378,0.3439164736700479,-0.1407443853333333,0.1416865463292847,0.2397133998164873,0.0590930414033333,-0.087988650068738,0.3013871145714534,0.0986501927899999,0.1737555044392819,0.0834926924049577,0.0319225274781,-0.1023069370931833,0.103639820354864,-0.0108779078116666,0.0985634704470852,0.0106488284455357,-0.0346934711053333,0.0061969026713777,0.0993231307648265,-0.1481189793233333,0.0668252261706838,0.0004916097485699,-0.0457256432273333,0.0615833406434209,0.1033141427218987,-0.2062514921966666,0.0471565388147147,0.0148456203771272,-0.05428822086,0.0869037929323492,0.151446344665566,-0.2034500949333333,0.0891020388579007,0.0019894393039355,-0.0373536747526933,0.0245970802024825,0.1168026264957293,-0.135558411,0.0729188814053724,-0.1153334070065979,0.0285736385399999,-0.0712083046897803,-0.1069695252780815,-0.0254930106333333,0.0609149467696022,-0.4529957006195714,-0.0402023860566666,-0.0419943716369207,-0.3936993279563847,-0.0600557451866666,0.0735218708046838,-0.7394107766598431,0.1037889192966666,-0.071225494350432,-0.7196487648357158,0.0848252338266666,0.0574220620531167,-0.76751665934913,0.1226698756333333,-0.0716512487919502,-0.7481064177061867,0.0573476052566666,0.0473590969983901,-0.7833980342965121,0.0551421811133333,-0.0661435062789509,-0.7577392544164196,-0.0402402276833333,kalt_g_ch1_g18_compr.mp4,ch1g18,3.195240156440498e-05,0.0002441542453996,4.147168483666847e-05,3.9376016291076266e-05,1.0942997020353262e-05,0.000261931927465,4.132769208313441e-05,4.573375661162819e-06,2.9473959387930763e-05,9.800404634476048e-06,5.5156549708758146e-05,2.080246599151864e-05,4.203462064870581e-05,4.179286241778915e-05,4.9748933166990544e-05,1.4336091310543244e-05,2.2546347434214388e-05,5.542890837601672e-05,1.878858605376304e-05,4.149161088185618e-05,0.0003218752460766,4.4910586727456905e-05,4.1915009042861255e-05,3.7949804641548166e-05,9.879498151347436e-06,2.7715090160355302e-06,4.031302091120948e-05,4.91359506638004e-05,2.4818195101694015e-05,6.411159002049374e-05,3.1836553741151865e-06,3.971969818449127e-05,0.0003013745162772,0.0002570040159306,2.122770476575686e-05,0.0007616223774793,0.0007071868177524,0.0007105238863448,0.0007043131714062,0.0007121214616812,0.0007151689289353,0.0007016420105914,0.0005241368766646,0.0006473821812547,0.0006495363154965,0.0006869850330998,0.0004401731423708,0.0003832084681622,0.0006075556667238,0.0002570855479458,0.0008261211504242,-0.0026708985688947,0.000798874879293,-0.0035379439050949,0.0009174033771725,-0.004103124122999,0.0008805275469171,-0.0030686885480249,4.737895951073677e-05,-4.0816871605736286e-05,6.298641788595926e-05,0.000153685093617,0.0001322078868279,0.0002337884287879,0.0001474047067006,0.0002637169815774,0.0001161272288075,0.000153759528264,2.4642953845249703e-06,5.072541828663435e-05,4.662576534744113e-06,5.307981477592227e-06,-1.920472323290556e-06,5.445468592271063e-05,5.015848962424265e-06,1.010342890615816e-06,6.432376710703658e-07,2.52977187816664e-07,-1.6504796951807112e-05,1.2820089502585244e-06,4.484793286849282e-06,4.6713402603623255e-06,-8.491077539599083e-06,1.6494247707995878e-07,-6.006713246858589e-07,-1.513055280019368e-05,1.026087700056981e-06,4.411463138871763e-06,6.825420811511675e-05,5.473526321407445e-06,4.5730103598025e-06,4.594102837834414e-06,-1.366792438695146e-06,-7.268777152414851e-07,4.677446033335951e-06,-1.5088902599692248e-05,1.0274202606160942e-06,-1.8147265349943377e-05,-9.193057091927628e-07,2.8875982998470854e-06,6.454894284375319e-05,-9.023741388074371e-07,1.145407524915645e-05,-1.147709994341532e-06,2.5777352681938023e-06,2.284115101446178e-07,1.2384455403506969e-05,-9.750409790279469e-07,3.982588286755733e-07,-1.1356283124295577e-06,4.595191068301034e-07,1.398517637215885e-05,-7.115155489994405e-07,-1.1064826731681825e-06,-1.116400679433453e-06,-1.0528180262943563e-06,-4.10990929261809e-07,-8.017176727245632e-07,1.603278642241676e-05,-7.712090096652854e-07,-1.2024706748413456e-06,1.5154077537154483e-05,-9.825431835207533e-07,-1.1291080289022847e-06,-7.884022705045428e-07,9.644981111783217e-08,6.635741352694312e-08,-1.0467637655313269e-06,1.2410409043260688e-05,-5.075240781166464e-07,1.777638037954919e-05,1.2779647242254078e-07,-1.2900035035067644e-06,1.4033669037819356e-05,1.7116285734462533e-05,no movement,no movement,no movement,no movement
733.333333333333,0.0201068660797147,0.3812833965203168,-0.1613245976333333,0.0323753383556276,0.3944503900107827,-0.1505949775,0.0343094774875011,0.3956059252334408,-0.1400112024333333,0.0331360747537868,0.3955923641646445,-0.1431412227,0.0140380279111821,0.4035651022591698,-0.1614792635333333,0.0156909984761203,0.4023008722662355,-0.1735088412333333,0.0180102201546964,0.3932550219137272,-0.1547876784666666,0.0786613378419523,0.380742341041888,-0.0468841635066666,-0.0337968438973865,0.3520588589551413,-0.0445851842466666,0.0476321182653715,0.3709348359915899,-0.1127021323899999,0.0160606385012728,0.3446831492253884,-0.1399900061,0.1419202263665795,0.2401151015166041,0.0593047926166666,-0.087858694795821,0.301778783633329,0.1001940963899999,0.1743036869785185,0.0839206414668493,0.0313822948214333,-0.1029630230968404,0.1038967438438423,-0.0070997832083333,0.0984096557699003,0.0110342899485198,-0.0359814201286666,0.00195065876096,0.0960465958451131,-0.1428347709033333,0.0666761225169208,0.0007488315106231,-0.0473534545503333,0.0563781059829024,0.0989946532600444,-0.2005544102,0.046798327353438,0.015131417479522,-0.0559408187433333,0.0817240492365068,0.146386015682382,-0.1984026859333333,0.0888471477895102,0.002376994428639,-0.0387164814513599,0.0202227380079042,0.1130110397907702,-0.136698961,0.0729057198723834,-0.1152881870705609,0.0283265894566666,-0.0711956369194366,-0.1070097074372461,-0.02525843258,0.0609098657791759,-0.4529253581337727,-0.0404742990333333,-0.04199794427338,-0.3935647453157916,-0.05968178254,0.0733679228515813,-0.7393229410994175,0.1036968256633333,-0.0714739396162232,-0.7194056540728246,0.0852960898933333,0.0572535238771083,-0.7674311539674811,0.1225743338666666,-0.0719269009790521,-0.7478287035880833,0.05786419797,0.0469998918968848,-0.7833262601349871,0.0546777754966666,-0.0663233452314987,-0.7575715736401452,-0.0399004552566666,kalt_g_ch1_g18_compr.mp4,ch1g18,3.4268894153785855e-05,0.0003072711815441,4.5741490269694947e-05,4.770330044402873e-05,8.588054825686468e-06,0.0003295274360667,4.613880888081903e-05,5.958869646360675e-06,2.9742990173724295e-05,1.0453901672819255e-05,4.5884334644955345e-05,2.1606809806094797e-05,4.614571411212985e-05,4.610540855461205e-05,3.886583644771552e-05,1.4407396315791051e-05,2.1538826227112883e-05,4.919339322266481e-05,1.919553781389546e-05,4.544480188584963e-05,0.0004063272769448,5.028132053505098e-05,4.610890936939989e-05,4.2470493496641214e-05,8.045757552281405e-06,2.107748605797681e-06,4.473637172576525e-05,4.05911537624522e-05,2.550735946500631e-05,5.516651886740943e-05,2.3572448434673883e-06,4.202992251613259e-05,0.0003812998757904,0.0003159895233821,2.0813526528553104e-05,0.0008430712637396,0.0007838248855523,0.0007795717289356,0.0007719658274486,0.0007799887862366,0.0007814624041614,0.0007650803457634,0.0005618607415891,0.0006987514332582,0.0007235650580496,0.0007577550828817,0.0004334184025954,0.0004091999368103,0.0004628876402659,0.0001475385889104,0.0002502214293661,-0.0037479641316584,0.0001421490101133,-0.0048459621564851,0.0001379833129541,-0.005598132467044,0.0002207325995942,-0.0042770142238292,3.6943073641497314e-05,-3.1692327308231395e-05,9.00391220961073e-05,0.0001746946455339,0.0001041219670504,0.0002402607685393,0.0001078886350565,0.0002722878044909,9.242470220103284e-05,0.0001589567782481,1.4428854092495216e-06,5.7628461990676595e-05,3.219583922704204e-06,7.511845734706577e-06,-1.5521771001453338e-06,6.195928992974768e-05,3.7295157417723952e-06,1.3826482706458297e-06,-4.858870405587849e-07,7.52105391920318e-07,-9.863729122198878e-07,3.92470271241549e-07,3.083524879397197e-06,3.2573346938137353e-06,-8.984200911390845e-06,-3.431417255879155e-07,-1.4437259245615753e-06,2.4616851234505817e-06,1.0282146421845473e-07,2.911460451564183e-06,7.71987881514013e-05,4.11757984322736e-06,3.1478070130299973e-06,3.533872239802655e-06,-1.1725965902181965e-06,-6.363222990435335e-07,3.362059000496726e-06,-1.3949016874015142e-06,4.042615901031618e-07,1.5641296606892038e-06,-7.528549781291682e-07,1.440960643068198e-06,7.267959882147121e-05,-9.828298603604102e-07,5.092612358100644e-06,-1.472425343804976e-06,1.77829581417976e-06,4.930916088437316e-07,5.5720565139235155e-06,-1.3614728708216248e-06,2.488740616753878e-07,-1.032167303994986e-06,3.768895321687413e-07,1.46598295611759e-05,-7.786428965259997e-07,-1.4567334475581291e-06,-1.4538738067703077e-06,-1.6382969361190153e-07,-4.258595744746698e-07,-6.58236731483751e-07,1.6429200730130442e-05,-7.860903364224918e-07,-1.5257669247463935e-06,6.70613488846446e-06,-1.4560015771139975e-06,-1.4793292707156864e-06,-1.156032428068889e-06,3.1699622539828496e-07,1.160335739054116e-07,-1.4010241253799652e-06,1.3021292843924462e-05,-5.523190897442372e-07,1.8390932161553728e-05,1.9177468999946946e-07,-1.435359214929952e-06,6.053864305412579e-06,1.4095316389792605e-05,no movement,no movement,no movement,no movement
749.9999999999997,0.0199030436008098,0.3821572705705611,-0.1636080684333333,0.0322591331864207,0.3952668001277948,-0.1528754889666667,0.0342087209388579,0.3964133831505845,-0.1422671195333333,0.033030131028717,0.3963928789733831,-0.1453826667999999,0.0139323892535625,0.4043726914988483,-0.1637766619666667,0.0155815692975731,0.4031094296513109,-0.1757882848,0.0179006413326877,0.3940469822324161,-0.1570636818333333,0.0787997474064618,0.3813052707992184,-0.0491493924399999,-0.0336928667193128,0.352771767566701,-0.0466418741733333,0.0475306017738149,0.3716863676275579,-0.1149023161566666,0.0159582891865117,0.3454658371592736,-0.1421658801,0.1421458258745817,0.240511091641917,0.0573614260143333,-0.0877368499368316,0.3021920927804832,0.0991905056666666,0.1747823567154163,0.084284876539923,0.0299378428147666,-0.1037255053283071,0.1039778368095553,-0.0038957470783333,0.0984985184222367,0.0109172627156388,-0.0376347584753333,-0.0028438191099064,0.0916487180566383,-0.1383427484366666,0.0669279153501819,0.000451446250847,-0.0492171046051666,0.0504933837332667,0.0933665912738762,-0.1956510318466666,0.0468984016008298,0.0147878574037988,-0.05794633393,0.0759356375829664,0.1398990135360738,-0.1940800279333333,0.088882210269324,0.0021812155168287,-0.0404776903226933,0.0153216437263498,0.1080088328371078,-0.138888299,0.0728956397584448,-0.1152552303608625,0.0280862164033333,-0.0711815311673371,-0.1070370604907064,-0.0250390854366666,0.0609226701881223,-0.4527751176164735,-0.0402343974766666,-0.0419932990067715,-0.3933558534685578,-0.0589528393433333,0.0732182154830716,-0.7392149801216717,0.1037178332966666,-0.0717233138721697,-0.7191589080006703,0.0858902332033333,0.0570901807892581,-0.7673290081787623,0.1225917399,-0.0722078570625167,-0.7475479300105627,0.0584960911466666,0.0466374754577881,-0.7832248657617099,0.0543876235633333,-0.0665264365082285,-0.7574055697209987,-0.0394707125033333,kalt_g_ch1_g18_compr.mp4,ch1g18,3.5015994665137726e-05,0.0003734944567472,4.802331961190826e-05,5.6679889893863226e-05,6.950388636278476e-06,0.0004010080437461,4.91181941763729e-05,7.570306172949176e-06,2.8131133151436473e-05,1.1535538479837546e-05,5.336404966804793e-05,2.1405065478458704e-05,4.830631672739301e-05,4.844970800242419e-05,2.938854928086039e-05,1.3421479047017057e-05,1.925471848013168e-05,6.105451820884866e-05,1.864351012107424e-05,4.732868663310316e-05,0.0004961450155722,5.36247185965525e-05,4.831891750224901e-05,4.543010193808532e-05,6.6923539971006914e-06,1.5859335334499118e-06,4.728233958602101e-05,4.65089643954269e-05,2.5263419887169585e-05,6.773646039317109e-05,1.771456712324962e-06,4.245177341482266e-05,0.0004652889292021,0.000381755798564,1.980828290531785e-05,0.0008823401888856,0.0008207090757426,0.0008089824661441,0.0008002461450679,0.0008074447769315,0.0008071839648416,0.0007888731740487,0.0005688669336856,0.0007094019631838,0.0007599756227352,0.0007891136500785,0.0004012646081146,0.0004140035013802,0.0003091470281776,3.085395968331869e-05,-0.0003612852558755,-0.0046842189685249,-0.0005574159358158,-0.0059761161895128,-0.0006886757527969,-0.006878913184203,-0.0004796893003978,-0.0053222848850387,2.5959591931339983e-05,-2.211096152630847e-05,0.0001117884319225,0.0001897987829855,7.59403965020512e-05,0.0002391522753639,6.94361991895803e-05,0.0002726287475477,7.362757358343116e-05,0.0001652682703756,3.971600332898866e-07,5.7271366025040234e-05,1.4683322069212715e-06,8.953054337275355e-06,-1.0276361798118484e-06,6.165998660921868e-05,2.058212053502518e-06,1.478753585897611e-06,-1.4314751749611483e-06,1.042532734104526e-06,1.518729554209946e-05,-5.404350732037106e-07,1.333100969771023e-06,1.5123400672418136e-06,-8.573109518810742e-06,-8.562539439103925e-07,-2.1322375197227096e-06,2.007871783131511e-05,-7.934420934979911e-07,1.11166788929257e-06,7.652502167723987e-05,2.272538020773756e-06,1.3819217101313132e-06,2.0971561300573563e-06,-8.513522565361481e-07,-4.933689147487888e-07,1.6937365118475e-06,1.2972545522542406e-05,-1.9610480343218874e-07,2.1575266916159977e-05,-5.23763491171912e-07,-1.0702002880096065e-07,7.179945817305715e-05,-8.907104657728198e-07,-1.3131051948362642e-06,-1.587083969536713e-06,9.287547320579504e-07,6.725501793060524e-07,-1.334752395871145e-06,-1.5499427420565278e-06,9.19136103644844e-08,-7.313718525950079e-07,2.297153114243709e-07,1.4033661248918896e-05,-7.481119024456316e-07,-1.5971334011561548e-06,-1.5831703712541924e-06,7.031193639941854e-07,-3.341629690072171e-07,-3.910871802489038e-07,1.547815965944509e-05,-7.065061147920032e-07,-1.6307196500577262e-06,-1.8775475216150037e-06,-1.7165522670325777e-06,-1.617919747823914e-06,-1.348994382799361e-06,4.79273565107182e-07,1.5546109642258346e-07,-1.5497718292635428e-06,1.2547097714325557e-05,-5.200344944500296e-07,1.731979031023293e-05,2.3469878316713774e-07,-1.3790523141411262e-06,-1.956803663235514e-06,1.2669288397454814e-05,no movement,no movement,no movement,no movement
766.6666666666663,0.019677859314067,0.3830833723466387,-0.1663049873666666,0.0321217801658462,0.3961297129132479,-0.1555677041333333,0.0340885251331389,0.3972600415344139,-0.1449379967333333,0.0329032459933259,0.3972313539833723,-0.1480401304666666,0.01381497422375,0.4052196868146863,-0.1664865971,0.0154585384591455,0.4039558301673659,-0.1784760782666666,0.0177855153916056,0.3948742776817676,-0.1597525769999999,0.0789028969314259,0.3818768410909918,-0.0518596377333333,-0.033590665168944,0.3534978394841571,-0.04920525487,0.0473983079910495,0.3724817174105949,-0.1175415065233333,0.0158427402769898,0.3462898785540531,-0.1447872372666667,0.1423585689648182,0.2408868717121648,0.0551238815639999,-0.0876275591193673,0.3025998108202923,0.0975220574033332,0.1751629522195248,0.084531879285528,0.0285431799314333,-0.1046157097391674,0.1038714443239602,-0.0010345047083333,0.0988565348902509,0.0103648900737522,-0.039177709052,-0.0077225579805511,0.0864675724078073,-0.13375001697,0.0675827501802467,-0.0003155656127996,-0.0509254904721666,0.0445433531070691,0.0868488006224552,-0.1905579393766666,0.0474561473294404,0.0139017676214915,-0.0598074515233333,0.0701191235758042,0.132497066023023,-0.1896819559333333,0.0892294161696675,0.0015024048452168,-0.0421297279530266,0.010369322607409,0.1021892499725273,-0.143409103,0.0728886564889119,-0.1152364700107701,0.02791051141,-0.0711688285068147,-0.1070513983928084,-0.0249005327333333,0.0609625036039468,-0.4526074805524492,-0.0398052493133333,-0.0419464690723823,-0.3931216442662066,-0.05804124926,0.0731032245536577,-0.7390980258062385,0.1043475605966666,-0.0719158346350007,-0.7189086199622913,0.0868796353033333,0.0569656612474706,-0.7672158315359869,0.1232354442333333,-0.0724438291345405,-0.7472630433942667,0.0595634902533333,0.0463020125416527,-0.7831100952805794,0.0545878658666666,-0.066664949485253,-0.7572339657503488,-0.0386579851053333,kalt_g_ch1_g18_compr.mp4,ch1g18,3.435242634805499e-05,0.0004332797833836,4.8313375309568074e-05,6.500887634425607e-05,6.480528770243197e-06,0.0004659889674344,5.013057193514385e-05,9.079760354954067e-06,2.5149559167458825e-05,1.2697985574571142e-05,7.596575082711311e-05,2.0523276236098892e-05,4.8473572870388125e-05,4.880794658488789e-05,2.225038324935688e-05,1.1932471468047115e-05,1.6410924369555113e-05,8.82115500972351e-05,1.751864993865437e-05,4.71820885833514e-05,0.000577668127543,5.467624848250714e-05,4.851273331349549e-05,4.659327933242753e-05,6.229328548035099e-06,1.1805287235511866e-06,4.780721465971314e-05,6.559622620355212e-05,2.436772088574154e-05,9.892145896851456e-05,1.4006991803914124e-06,4.12929521239614e-05,0.0005405769181218,0.0004435712672608,1.8593214618039557e-05,0.000883602283544,0.0008229892544184,0.0008040060119213,0.0007946082168343,0.0007993988169334,0.0007974367225177,0.0007777548023284,0.0005539078520778,0.0006867935805081,0.0007641035102309,0.0007860341208662,0.0003526214969501,0.0004018156095596,0.0001622000916532,-9.743942655251648e-05,-0.0009597421517236,-0.0054555779737028,-0.0012515791260636,-0.0069019198890649,-0.0015130713543981,-0.0079172490170741,-0.0011705343477445,-0.0061785596304321,1.49528712763161e-05,-1.2461300136053853e-05,0.0001253772734253,0.0002045947661407,4.88031194654342e-05,0.0002323425601904,3.4083476454404785e-05,0.0002661889557222,5.6527217383264014e-05,0.0001632753904768,-5.4997648322667e-07,5.125451346418697e-05,-3.935742190913927e-07,9.528681517298873e-06,-3.57437663944855e-07,5.5226624332525616e-05,1.792650068355135e-07,1.3779164254736068e-06,-2.0663556779673577e-06,1.1484181690604642e-06,2.9376322546776636e-05,-1.346340744893551e-06,-5.758133482325266e-07,-3.6560046724363155e-07,-7.309298432383638e-06,-1.222846397453123e-06,-2.5099949320226877e-06,3.533340853193024e-05,-1.50431714587393e-06,-7.914516779381688e-07,6.832740262297158e-05,1.6695049922209424e-07,-5.369287332395307e-07,4.422459480276938e-07,-3.9043082888489195e-07,-3.1191153121938914e-07,-1.5129639842452364e-07,2.5666681241791668e-05,-6.938792619264687e-07,3.8866646811397286e-05,-2.544000844848786e-07,-1.6155969280875674e-06,6.39894565312142e-05,-6.283452974399766e-07,-6.519989508005868e-06,-1.4650417650977238e-06,1.8710345287545834e-07,7.312468770832538e-07,-6.9953708422906635e-06,-1.4975281591600395e-06,-5.0886380901242446e-08,-2.829569789359603e-07,5.79005810592808e-08,1.2179799507265617e-05,-6.354381983227767e-07,-1.4965622409263278e-06,-1.4749104277830954e-06,1.4412183880329488e-06,-1.6360277889439278e-07,-4.6170258072086354e-08,1.3319645580700073e-05,-5.589246862827229e-07,-1.4947741141736555e-06,-8.913376275761718e-06,-1.7107448903729691e-06,-1.5146680170082258e-06,-1.322373703678536e-06,5.506368154642421e-07,1.824093538695261e-07,-1.459294530207178e-06,1.1037218086550773e-05,-4.321396035965205e-07,1.471861591095216e-05,2.550524148128409e-07,-1.1210199153680357e-06,-8.423928117448847e-06,1.2901262125027624e-05,no movement,no movement,no movement,no movement
783.3333333333329,0.0194448271284177,0.3839901190973157,-0.1696274060333333,0.0319828355177425,0.3969770572370351,-0.1588636512333333,0.0339692884755778,0.3980837254282752,-0.1482027942,0.0327770869687825,0.3980438804513965,-0.1512943612999999,0.0136945538798522,0.4060404488617704,-0.1698081712333333,0.0153265244453987,0.4047734789573815,-0.1817685747666666,0.0176737984301221,0.3956716064593086,-0.1630469604666666,0.0789899241204361,0.3824443988529711,-0.0549460242266666,-0.0335801592175346,0.3542012659345762,-0.0522631462366666,0.047249385362269,0.3732717708453955,-0.12073027181,0.0157116740308221,0.3470998074740173,-0.1479684047,0.1425490393231992,0.2412415605818028,0.0527029882596666,-0.0875840817261431,0.3030046282457467,0.0955944791899999,0.1754344761840152,0.0846912532745051,0.0271986080481,-0.105845204019274,0.1036252266206462,0.0016202925016666,0.0997136245775995,0.0092310467944423,-0.039333157998,-0.012885532139037,0.0807557727525127,-0.1294036300033333,0.0688797782151071,-0.0017476801973426,-0.0509879197602,0.0382725080865668,0.0797132322203218,-0.1857464746366666,0.048748789435812,0.0121925307328189,-0.0602612034633333,0.0641222920824043,0.1243676195746525,-0.1855623171,0.0901335815885473,0.0001340687907487,-0.0424448970632933,0.0051993321019296,0.0957688727695814,-0.143651024,0.0728851147243955,-0.1152313306932861,0.02777920517,-0.071157863101701,-0.1070540437897256,-0.02481521514,0.0610384934178922,-0.4524382724218432,-0.0392304838333333,-0.0418803632113296,-0.3928854220443941,-0.0569094824733333,0.0730298858730994,-0.7389925864175608,0.1055057751899999,-0.0720424658686263,-0.7186532744935132,0.0883970500999999,0.0568848336658097,-0.7671176580150806,0.1244250406666666,-0.0726198524508585,-0.7469725060871393,0.0611893824066666,0.0460179495310357,-0.7830218974419402,0.0553492739766666,-0.0667719980951764,-0.7570553609456445,-0.0372967933852666,kalt_g_ch1_g18_compr.mp4,ch1g18,3.29049303749832e-05,0.0004813693314495,4.686993086409776e-05,7.409619385780889e-05,7.121459796747626e-06,0.0005182169149103,4.924355567815111e-05,1.0306434762905543e-05,2.2662561914918496e-05,1.3898938640127398e-05,0.0001138809888979,1.9108309487642447e-05,4.6902582170364046e-05,4.741212468405864e-05,1.7578532542515308e-05,1.0492176672095382e-05,1.345640310079561e-05,0.0001322921702579,1.5993081560872572e-05,4.537534777638514e-05,0.0006421946290099,5.365073059577452e-05,4.6958671210063746e-05,4.599735355208874e-05,6.659567924201601e-06,9.52884346578984e-07,4.6540999432257384e-05,9.868263281341896e-05,2.337648633683546e-05,0.0001483441696546,1.2960723715373802e-06,3.89961319087272e-05,0.0006003754990999,0.0004972463635158,1.73242172333926e-05,0.0008605266565661,0.0008045756349447,0.0007785817677954,0.0007691973146497,0.0007702848546025,0.0007669802590472,0.0007460444172347,0.0005337989139394,0.0006465723300507,0.0007499206209626,0.0007628244652462,0.0003048148112733,0.0003851956339776,4.485636644411179e-05,-0.0002050736939516,-0.0015641068154539,-0.0060301982565986,-0.0019733049914927,-0.0075979559055126,-0.0023686337734167,-0.0086917158603773,-0.0018716152651337,-0.006814960174876,4.515695381770826e-06,-3.3617256218863463e-06,0.0001284617938277,0.000218712860064,2.735579386652833e-05,0.0002232159402525,7.149395832818456e-06,0.0002564877141982,4.2997215846349944e-05,0.0001516829230693,-1.176937811024938e-06,4.141906664194319e-05,-1.971275057763516e-06,9.204481583052843e-06,3.876617249170834e-07,4.463128038588937e-05,-1.4942561149348968e-06,1.13692883622332e-06,-2.2222700485785172e-06,1.0751696144140545e-06,4.043585888230988e-05,-1.928685603155601e-06,-2.2159686363141906e-06,-1.9689290530165796e-06,-5.371628831473533e-06,-1.35588640635208e-06,-2.466958693966733e-06,4.722360727758884e-05,-1.9668907203423017e-06,-2.394500212604649e-06,5.503003731970448e-05,-1.7371661449861813e-06,-2.1894248930949885e-06,-1.0613278398440317e-06,1.6471982961843688e-07,-1.0907324006804373e-07,-1.7727901629038236e-06,3.5771366037231274e-05,-1.0450832014407668e-06,5.198037430782937e-05,3.1276072950295096e-08,-2.7772155560061553e-06,5.153122075426382e-05,-2.672001392718023e-07,-9.753457919556889e-06,-1.1462865139011925e-06,-3.872874566816963e-07,6.639972526353442e-07,-1.0555796507117411e-05,-1.2290739899483444e-06,-1.5717665070649581e-07,1.889329016961947e-07,-1.0943244726248727e-07,9.275394270882308e-06,-4.61317543427489e-07,-1.1904848405491892e-06,-1.1668433278921713e-06,1.97141333688447e-06,4.3145049917800756e-08,3.071544399609155e-07,1.0106678919662384e-05,-3.708892968431634e-07,-1.1621614477895796e-06,-1.3322247029674869e-05,-1.4615220889852854e-06,-1.205541365908515e-06,-1.0950622907079202e-06,5.224741829002334e-07,1.9337270164598374e-07,-1.1629164562131297e-06,8.605586985288188e-06,-3.356744633380436e-07,1.0867256590951958e-05,2.5119802794118237e-07,-7.213773686541698e-07,-1.2392657143342593e-05,1.3161403073718144e-05,no movement,no movement,no movement,no movement
799.9999999999995,0.0192465903266659,0.3848850598247214,-0.1731150064,0.0318829280749179,0.3978141812810451,-0.1623264263,0.0338905839583715,0.3988914317382246,-0.1516370024666666,0.0326929640116009,0.3988396162133388,-0.1547174237666666,0.0136110216299043,0.4068378345687449,-0.1732829729999999,0.0152260261493675,0.4055672436338972,-0.1852138567,0.0176058605719362,0.3964425833053927,-0.1664951184666666,0.0791102813828058,0.3830098739266017,-0.0581682405566666,-0.0335654367060186,0.3548728954518022,-0.0554200671399999,0.0471359589678127,0.3740556626576513,-0.1240765063833333,0.0156201737515736,0.3478966664311236,-0.1512867574333333,0.1427719115530382,0.2415865054945275,0.0502036847109999,-0.0875866636683725,0.3034044949071858,0.0936252537899999,0.1756222887207959,0.0847717091082921,0.0258665177514333,-0.1072653254857444,0.1033078726839491,0.0042257273316666,0.1009624758471058,0.007566861543804,-0.0392924497496666,-0.0180187092064191,0.0746810351287753,-0.1251998962166666,0.070675048936545,-0.0038572943208704,-0.0508858197510666,0.0320457261822111,0.072060601767061,-0.18109458046,0.0505274116553193,0.0096576098029798,-0.0605847045066666,0.0582201463447531,0.1156483158689785,-0.1816575440666666,0.091436296303196,-0.0018705306005184,-0.0425751527949933,9.858034129223988e-05,0.0889166503923239,-0.15935415,0.0729059081216975,-0.1152346941545514,0.0276889718099999,-0.0711665016721447,-0.1070504254629504,-0.02477538353,0.0611693917341743,-0.4523016886254049,-0.0386360379566666,-0.0417962494504411,-0.3926538515279223,-0.0556785887533333,0.073007920058569,-0.7389302218022904,0.1070966082666666,-0.072146376307887,-0.718393675161916,0.0903115773599999,0.0568553023860604,-0.7670658621832668,0.1260777629666666,-0.0727776281028608,-0.7466763086142113,0.0632364706566666,0.0458406873400063,-0.7829653589503948,0.0564602008666666,-0.0668623602183648,-0.7568651365383405,-0.0355823536019333,kalt_g_ch1_g18_compr.mp4,ch1g18,3.14863493147706e-05,0.0005124941330508,4.4570465815000486e-05,8.283882424769815e-05,8.506661649521447e-06,0.0005517078553521,4.718153073949905e-05,1.1481998854776798e-05,2.061169609575727e-05,1.510040813638568e-05,0.0001600656797642,1.6915360902707462e-05,4.437856755892849e-05,4.5067015299445915e-05,1.401553836645729e-05,9.28160709769315e-06,1.1162691983813402e-05,0.0001854886476971,1.3870418387736168e-05,4.278557678459386e-05,0.0006824718349611,5.1217748872565435e-05,4.447143627308181e-05,4.425406283749911e-05,7.6748594315331e-06,9.261573089893736e-07,4.433430693567912e-05,0.0001395493052257,2.228313360924356e-05,0.0002072528480742,1.4540973609882e-06,3.606921084359359e-05,0.0006382749357456,0.0005377573347886,1.5852191442972233e-05,0.0008254728752268,0.0007777216639488,0.0007453689367285,0.0007367874724494,0.0007340697433793,0.0007300420481591,0.0007078622491689,0.0005168085301869,0.0006040444914722,0.0007286220946095,0.0007322229667249,0.0002588288046238,0.0003693016386802,-4.768011550984192e-05,-0.0003215872960832,-0.0021511349583958,-0.0064681609221263,-0.0026868165747203,-0.0081296704270358,-0.0032111240583197,-0.0092737626753988,-0.0025512560482401,-0.007295650395991,-4.783598266374245e-06,4.673556373831192e-06,0.0001207604342375,0.0002270133753191,-6.751776031075264e-07,0.0002068749793902,-2.518658109460573e-05,0.0002383071804595,1.9929669483874525e-05,0.0001303876321725,-1.3559013046105414e-06,3.0426822828076172e-05,-3.025081366006448e-06,8.468710742503894e-06,1.1456768592199852e-06,3.2644756587070624e-05,-2.6848009634907695e-06,8.70301347859361e-07,-1.8660117253377208e-06,8.685541733359907e-07,4.788385828561643e-05,-2.2821263706305308e-06,-3.325240202312953e-06,-3.0510240596193846e-06,-3.066977127183641e-06,-1.2402345152860942e-06,-1.9205820274840543e-06,5.5341712227724474e-05,-2.204456167304164e-06,-3.450578928290143e-06,3.993244355000511e-05,-3.15422347232011e-06,-3.3134529705143294e-06,-2.150771417090317e-06,7.833781484613856e-07,9.507589033614497e-08,-2.8928110672295257e-06,4.286726977907162e-05,-1.2712389222933272e-06,6.038241905487891e-05,2.781840488506136e-07,-3.3772190419563633e-06,3.7680832200195953e-05,9.584756880628093e-08,-1.0608860777371872e-05,-7.173064586782141e-07,-7.089396664585038e-07,5.012895545886676e-07,-1.1558958210794868e-05,-8.219391730710115e-07,-2.230280105840715e-07,6.040216094466142e-07,-2.4391563879464257e-07,5.900432854290026e-06,-2.396046268499013e-07,-7.584329958122022e-07,-7.426443196069035e-07,2.2857398992668785e-06,2.458013545002968e-07,5.919027451783401e-07,6.463306564995943e-06,-1.595437402429571e-07,-7.173794238505838e-07,-1.4544814360148851e-05,-1.0413047939939652e-06,-7.705946653700648e-07,-7.347949516040034e-07,4.173499291771125e-07,1.8611461935841349e-07,-7.418045414989644e-07,5.739124805941463e-06,-2.493664143029233e-07,6.524077602090666e-06,2.234557536576106e-07,-2.5838028829969196e-07,-1.33768904677398e-05,1.22968566255613e-05,no movement,no movement,no movement,no movement
816.6666666666662,0.0190675835231933,0.3856913898490274,-0.1763185156666666,0.0318057086993326,0.3985730974209469,-0.1654794191333333,0.0338342914152491,0.3996148429942439,-0.1547647844999999,0.0326324160955032,0.3995535293839004,-0.1578380338999999,0.0135456014407501,0.4075488037046473,-0.1764458204333333,0.015141874470026,0.4062733817301082,-0.1883453362333333,0.0175594902372242,0.3971258448992666,-0.1696334142666666,0.0792602260262938,0.3835149395195308,-0.0610824477899999,-0.0335471092529123,0.3554524271058952,-0.0582764655033333,0.0470439536063835,0.3747700630326937,-0.12714741295,0.01554687689358,0.3486118087200983,-0.1543265843666666,0.1430248904559753,0.241848330275976,0.0479381123029999,-0.0875952793077997,0.303782132150912,0.0917931077166666,0.1757498202595736,0.0847213923801288,0.0251449700014333,-0.1087433223963405,0.1029578363158677,0.0067690593883333,0.1027866636155349,0.0050824145345121,-0.0384197354606666,-0.0231610202709814,0.0680426791324643,-0.12110412839,0.0732010027533927,-0.0069701490986384,-0.0499074926544,0.0257701717307186,0.0636735736169099,-0.1765573283566666,0.053007928636846,0.0058961448063281,-0.0601114402733333,0.0523731988231932,0.1060474613713676,-0.1778902667666667,0.0933256310897362,-0.00483228407999,-0.0418934062006599,-0.0049645797014833,0.081395307679211,-0.169484034,0.0729378830595609,-0.1152435344486703,0.0276753029733333,-0.0711835110111381,-0.1070430838455911,-0.0248134657466666,0.061325810477773,-0.4522129007377372,-0.0380314980333333,-0.0416468506580396,-0.3924437882613842,-0.0544297000166666,0.0730026344061657,-0.738966190349205,0.1087145562333333,-0.0721948856685275,-0.7181799172680335,0.0922483796299999,0.0568410552499119,-0.7671295225602173,0.1277474519766666,-0.0728836381712896,-0.7464275218673649,0.0652945330533333,0.0457251389719111,-0.7829696697426476,0.0575629183366666,-0.066862076062197,-0.7567060030065513,-0.0338200829372666,kalt_g_ch1_g18_compr.mp4,ch1g18,3.030507379967366e-05,0.0005258103022988,4.107575002803815e-05,9.046963624851244e-05,1.0081840754201782e-05,0.0005656356558317,4.390210894672475e-05,1.218689312958929e-05,1.9385802246124585e-05,1.5944934660061805e-05,0.0002131672198279,1.4003641685052709e-05,4.051813805951971e-05,4.150539923794654e-05,1.2088511105280244e-05,7.92031435387937e-06,9.514131250196926e-06,0.0002465458575209,1.1275784973154187e-05,3.885858909467524e-05,0.0006981536553274,4.7296655051987814e-05,4.063091526966512e-05,4.162517124049693e-05,8.820265696960595e-06,1.0658185239739166e-06,4.099866290483643e-05,0.0001872594945595,2.0925705113320857e-05,0.0002736967909857,1.7981112248454647e-06,3.248085961066896e-05,0.0006537854702243,0.0005655735845051,1.431574006909142e-05,0.0007623298468087,0.0007251796017775,0.0006877569263011,0.0006804262241096,0.0006719433456429,0.0006675612316772,0.0006445116482644,0.0004943688830521,0.0005449188725638,0.0006859051087,0.0006783071483398,0.0002200804019463,0.0003487020598244,-0.0001223315005718,-0.0004540346585188,-0.0027310851988174,-0.0068244127653579,-0.0034113450785051,-0.0085647466548809,-0.0040460715870994,-0.0097342995004688,-0.003217159930744,-0.0076804960980682,-1.246703039810157e-05,1.118755097610388e-05,9.911755450794468e-05,0.0002285661797545,-3.8902337551724034e-05,0.0001811584083795,-6.799067456261371e-05,0.0002093405398425,-1.956001176033346e-05,8.771283103502224e-05,-1.0610223273122683e-06,1.97914660840552e-05,-3.4517718927235582e-06,7.538797274445757e-06,1.717989879248312e-06,2.100953524540743e-05,-3.2492784178473628e-06,6.684094836092103e-07,-1.0353795098145318e-06,5.281735405186826e-07,5.117337205686185e-05,-2.350727297594783e-06,-3.7936249111210057e-06,-3.5043380161527534e-06,-6.732834109370075e-07,-8.438531066585681e-07,-1.0327914843630334e-06,5.914079595022632e-05,-2.189867899909923e-06,-3.8650572890140896e-06,2.541305986020418e-05,-3.9165052151905245e-06,-3.7974514050298938e-06,-2.67647431839239e-06,1.325014621202643e-06,2.699477468926093e-07,-3.373405312450253e-06,4.639550771630825e-05,-1.4386124458642436e-06,6.35718273734076e-05,4.689493967965409e-07,-3.3725131861267196e-06,2.4436014916163805e-05,3.8403148091663603e-07,-9.258846790357562e-06,-2.4351926880068197e-07,-7.574048990184086e-07,2.914482304476885e-07,-1.0181758288083166e-05,-3.514567732431681e-07,-2.3251688775031706e-07,8.793137207298601e-07,-3.172604230443735e-07,2.4915945989650806e-06,-1.8381361707352514e-09,-2.636665267736055e-07,-2.699277147904649e-07,2.3511824581595795e-06,4.168798308167315e-07,7.663084612158172e-07,2.826968555280446e-06,4.6261855359831995e-08,-2.18149049490933e-07,-1.2828328653144746e-05,-5.24581104407411e-07,-2.717664830915243e-07,-3.184463598902231e-07,2.7032230315822945e-07,1.6195498521216595e-07,-2.648725523600349e-07,2.7929200121336975e-06,-1.7746764880793997e-07,2.2551130864212024e-06,1.7698764064990052e-07,1.9924962976006587e-07,-1.16287595423868e-05,9.98140106468555e-06,no movement,no movement,no movement,no movement
833.3333333333328,0.0188932900574766,0.3863476539927115,-0.1795494460333333,0.0317280602828344,0.3991960554042875,-0.1686563685666666,0.0337773211544245,0.4001989327717744,-0.1579128917333333,0.032573061356635,0.4001322769246209,-0.1609816315333333,0.0134796913452893,0.4081134245448292,-0.1796252831666666,0.0150575842730125,0.4068331491834736,-0.1914958430666666,0.0175142612726302,0.397663927148455,-0.1727877049666666,0.0794114449601744,0.3839361702712933,-0.0640157572666666,-0.0335283697050205,0.355891057589246,-0.0611160860266666,0.0469600990854148,0.3753613521939721,-0.13024339445,0.0154814606589646,0.349190424991365,-0.1573787028,0.1432829228613135,0.2419912703166545,0.0456342814729999,-0.0876032050261898,0.3040829302652039,0.09002288068,0.1757597595547762,0.0845012157656025,0.0246266612947666,-0.1102457930713572,0.1024866518838308,0.0092672429116666,0.1048696300824216,0.0018532375743284,-0.0373409769026666,-0.0283895645964938,0.0610290529386516,-0.1169589026199999,0.0761049222636223,-0.0109835732447728,-0.0487938103117333,0.0193661001579244,0.0548566517216929,-0.17194480779,0.0557774848108692,0.0011508538864095,-0.0595119031666666,0.0464287154646959,0.0960264703561337,-0.1740991374333333,0.095460123657046,-0.0086111348691446,-0.0410215771949933,-0.0100907029068349,0.0734927810664361,-0.169058859,0.0729799051931453,-0.1152582722475306,0.0276784334566666,-0.0712080929574065,-0.1070312393260795,-0.0248688163566666,0.06151252946516,-0.4521849186074013,-0.0374353927266666,-0.0414851844273174,-0.3922431841984297,-0.0531590578866666,0.073067524742864,-0.7391045910571402,0.1102607608299999,-0.0722137884539393,-0.718056122635662,0.0942533638999999,0.056900457445899,-0.767311631802839,0.1293367700766666,-0.0729551688951255,-0.7462811007975151,0.06742273751,0.0456799493111857,-0.7830680694950183,0.0586186841066666,-0.06680223191333,-0.7566887282277709,-0.0320119313356,kalt_g_ch1_g18_compr.mp4,ch1g18,2.937075537872662e-05,0.0005317706323972,3.673425824243792e-05,9.801732861320438e-05,1.1374590537812384e-05,0.0005711266347038,3.9692855228703745e-05,1.2496316575846169e-05,1.9151328251417096e-05,1.6147028504409793e-05,0.0002677906277343,1.1189349423394855e-05,3.576553055657117e-05,3.7078912992428587e-05,1.2175379199680006e-05,7.085454820850652e-06,8.780707743150981e-06,0.0003094808167579,8.684470819398825e-06,3.407464912791065e-05,0.0007035482221619,4.223170733902914e-05,3.587998496711452e-05,3.8212161005442864e-05,9.738621866197436e-06,1.4257654560019658e-06,3.6811511968972395e-05,0.0002371242140417,1.9440678001880577e-05,0.0003409061881231,2.366862197850178e-06,2.8661763853076537e-05,0.0006603577166661,0.0005905620500271,1.3048401789712352e-05,0.0006803935281915,0.0006566395563183,0.0006151565738901,0.0006093636787451,0.0005940954583783,0.0005897207615754,0.0005660836166865,0.000470143923045,0.0004788327924625,0.0006300887320898,0.0006098278064438,0.0001940627075561,0.0003247331803787,-0.0001800592462366,-0.0005883255868426,-0.0033286533375991,-0.0071163714763055,-0.0041806819497571,-0.0089240980396721,-0.0049041773272393,-0.0100944352945614,-0.0038954392183142,-0.0079869984018502,-1.8179701075171763e-05,1.577383295024495e-05,6.872950063499221e-05,0.0002202588955728,-8.435639094502531e-05,0.0001466049239004,-0.0001194906420671,0.0001700509531378,-7.902184805929708e-05,2.437658599985895e-05,-3.5529697311722453e-07,1.0963931791010529e-05,-3.2301001897351674e-06,6.553390842230743e-06,1.8761666343343877e-06,1.1322510668927798e-05,-3.1362665147492445e-06,5.048359154934063e-07,1.3670176883316308e-07,1.372582125623773e-07,5.127178187640093e-05,-2.111541427843247e-06,-3.5818283368502127e-06,-3.3023164164498236e-06,1.5347820530076097e-06,-1.765188071684001e-07,-4.4653473328828035e-08,5.958227295823725e-05,-1.9298322405419903e-06,-3.609160465310017e-06,1.3220080328404704e-05,-3.946438763906396e-06,-3.597133350623754e-06,-2.579628428523143e-06,1.5280833666116283e-06,4.030189266801649e-07,-3.1779182760389698e-06,4.711131797788353e-05,-1.4979557213071666e-06,6.292123614825492e-05,5.945905235856912e-07,-2.762886502178686e-06,1.334003568553696e-05,5.49525123913857e-07,-6.5905790037492195e-06,1.91349140171989e-07,-6.178920149189097e-07,7.985333242711563e-08,-7.361089193916695e-06,9.540573880302424e-08,-1.9505398839681853e-07,9.682496585634387e-07,-3.164267938817897e-07,-4.583834619977065e-07,2.057912416069753e-07,2.035799792201609e-07,1.6657834349658852e-07,2.1717884478238656e-06,5.146350279509498e-07,7.932550516309854e-07,-3.136865059182631e-07,2.174303744977533e-07,2.470845816744358e-07,-9.349654431254932e-06,-6.722522319184314e-09,2.008692973930663e-07,7.85226088275299e-08,1.138490144144797e-07,1.2126477146123626e-07,1.8341306075820625e-07,1.7932456026182216e-07,-1.2135732458882557e-07,-1.328039604787587e-06,1.1529730613599785e-07,5.767983642978713e-07,-8.279139017177476e-06,6.968955768748637e-06,no movement,no movement,no movement,no movement
849.9999999999994,0.018728806690324,0.3869625045346637,-0.1830585006,0.0316540575821407,0.3997917312902705,-0.1721349050666666,0.0337234858979775,0.4007530258070757,-0.1613544236999999,0.0325177568749219,0.4006823105064738,-0.1644232174,0.0134177794026183,0.4086408951210671,-0.1831190769666666,0.0149774079587631,0.4073556304323084,-0.1949596214666666,0.0174739508385797,0.3981637359650759,-0.1762525160333333,0.0795541913876978,0.3843665446066748,-0.0672586152533333,-0.0335102385111599,0.3562985745049304,-0.06432332716,0.0468845803950439,0.3759360199246588,-0.13360874943,0.0154266040168205,0.3497350849124223,-0.1607163128333333,0.143532136353317,0.2421323491762347,0.0431048697099999,-0.0876087036397934,0.3043700284241141,0.08794596192,0.1756229206507784,0.084208712521911,0.0241573766647666,-0.1117790822895259,0.1019221010310225,0.0114295378083333,0.1070698039817614,-0.0018837439605243,-0.035982681176,-0.0337042039784626,0.0537782659358161,-0.1129728436133333,0.0791723507638916,-0.0156430630684741,-0.0473567708467333,0.0128396110611583,0.045749324419405,-0.1674837791233333,0.0587011195518974,-0.0042891270479396,-0.0586552162233333,0.0404090285155979,0.085708176457616,-0.1705867532,0.0977164409656248,-0.0129499442963613,-0.0398964285729933,-0.0152883522710516,0.0653459184101171,-0.167850316,0.0730271395122962,-0.1152770372793723,0.0276882305333333,-0.0712365401706928,-0.1070158441204527,-0.0249309467466666,0.0617132381455697,-0.4521495385436241,-0.0368357882533333,-0.0413339082694034,-0.3920411033673909,-0.0519218003766666,0.0732165043170024,-0.7392356420292336,0.1117871374233333,-0.072230800622153,-0.7179561456858475,0.0962484490866666,0.0570503943952879,-0.7674873851993286,0.13092729991,-0.0730246464596047,-0.7461631261314657,0.06953781279,0.0456880561527581,-0.7831758580389504,0.0595977434199999,-0.0667419942560099,-0.7567284855147436,-0.0302614656216,kalt_g_ch1_g18_compr.mp4,ch1g18,2.8894462794575433e-05,0.0005396210104247,3.2701087733258474e-05,0.000104214919499,1.2813560718983937e-05,0.000578936012865,3.5706053084481946e-05,1.2519572891789836e-05,1.9714319251453925e-05,1.5763285899966917e-05,0.0003189894437375,8.838042891241e-06,3.1350939623386005e-05,3.294546347223345e-05,1.415266060702864e-05,7.138683820387067e-06,9.22799084402808e-06,0.0003688860933619,6.494177132957822e-06,2.9688290929584495e-05,0.0007130522984905,3.738408230736599e-05,3.1464007908566965e-05,3.4961412995215025e-05,1.0862461954625688e-05,1.9447148096988573e-06,3.2941632828368973e-05,0.0002847110411267,1.7937679868627922e-05,0.0004027048783498,3.0764597685356262e-06,2.5584323117167365e-05,0.0006705589827613,0.0006191221681379,1.265572662275552e-05,0.0006027261575455,0.0005917085298478,0.0005471002074967,0.0005429291165124,0.0005217324008714,0.0005176964987585,0.0004937110806601,0.0004479367986007,0.0004217450986681,0.0005775123920107,0.0005466692068716,0.0001778267703435,0.0002986020064181,-0.00023615486293,-0.0007306538691603,-0.0039488408639047,-0.0073507938225703,-0.0049880165722643,-0.0092123398171323,-0.0057804048713371,-0.010364603976757,-0.0045862787274748,-0.0082244227239088,-2.2206109844263707e-05,1.875513143762159e-05,3.7667835061115786e-05,0.0002065343038255,-0.000121881020867,0.0001124253373877,-0.0001639444175466,0.0001307065356735,-0.0001417402806601,-4.7966513387857414e-05,4.821435181807731e-07,5.2533948518892775e-06,-2.6179955628078915e-06,5.8475733200672344e-06,1.807971435423342e-06,4.926683862678959e-06,-2.5965386092473296e-06,4.2905006794799443e-07,1.335388000077865e-06,-2.0065007362108578e-07,4.9111879298056904e-05,-1.6971088066207068e-06,-2.932014114886487e-06,-2.705375313905887e-06,3.3563719071287935e-06,5.617627998744912e-07,9.405752789338008e-07,5.752250159190616e-05,-1.5513813661838568e-06,-2.928283614444239e-06,5.023717974674423e-06,-3.4751933484595927e-06,-2.954080743809214e-06,-2.0880502462025634e-06,1.5261543153963533e-06,4.948146972106176e-07,-2.544907585364431e-06,4.578771769550599e-05,-1.5278907112670878e-06,5.953366815209728e-05,6.63848712957531e-07,-1.797734242901735e-06,6.113800328351862e-06,5.594724567236113e-07,-3.6766941200721458e-06,4.910656934085737e-07,-3.4968271977330186e-07,-1.1594596453581635e-07,-4.263309686275858e-06,4.149802527908982e-07,-1.29073688585815e-07,8.576754141854164e-07,-2.4904934875580304e-07,-2.534729091949258e-06,3.600459402884048e-07,5.387861446948233e-07,4.697211019697823e-07,1.799630884162625e-06,5.205954821668794e-07,6.642062620503317e-07,-2.5518400732604786e-06,3.366767371722127e-07,5.768576569526028e-07,-5.582551837604953e-06,3.917647306674701e-07,5.419798344221586e-07,3.618493801772217e-07,-4.307805008155794e-08,6.978636597399359e-08,4.993128352511385e-07,-1.7382236054647728e-06,-7.714765688070631e-08,-3.736618821176919e-06,4.722834207531721e-08,7.981315854119494e-07,-4.7016054247778416e-06,4.460992073396684e-06,no movement,no movement,no movement,no movement
866.6666666666661,0.0185686986672976,0.3875098996429617,-0.1869038222333333,0.0315839183729034,0.4003402590687013,-0.1759719034,0.0336730969955011,0.4012565284282843,-0.1651465079666666,0.032468120677757,0.4011838420422559,-0.1682226362666666,0.0133576694344345,0.4091160288368187,-0.1869590331999999,0.014899134964009,0.4078268884081495,-0.1987719995999999,0.0174375696103342,0.3986102666613689,-0.1800612751999999,0.0796932572278165,0.3848008089342306,-0.0708648954433333,-0.0334921201708772,0.3566814258477951,-0.06785739979,0.0468140549945771,0.3764757790044348,-0.1373101288433333,0.0153821334929459,0.3502344302252544,-0.1643726797999999,0.1437811224460727,0.2422738662464802,0.0402001136843333,-0.087611646241264,0.3046426850587372,0.08565625745,0.1754446658094822,0.0838911980415573,0.0236339503414333,-0.1133387386468743,0.1012229275941258,0.0133216477683333,0.1095772330671006,-0.0062021326215816,-0.0346943765733333,-0.0389920535925305,0.0464045922494332,-0.1092518151599999,0.0826456988328322,-0.0210889399785649,-0.0460313574874,0.0063721271061115,0.0364871912746082,-0.1633114271666666,0.0619346707083293,-0.0105901840570109,-0.05792285743,0.0344838641988527,0.07527189740954,-0.1674526535666666,0.100261560972013,-0.0179469897940231,-0.0388567473612899,-0.0204369406722088,0.0570918650618099,-0.176405057,0.0730770532411132,-0.1153002798098341,0.0276877812633333,-0.0712669147067282,-0.1069963819480193,-0.0249833823766666,0.0619143470544943,-0.4521216062564004,-0.0362343005866666,-0.0411831114997846,-0.3918358468028797,-0.0506387999166666,0.0733963432695501,-0.7393754158114084,0.1132749314533333,-0.0722499102432113,-0.7178681693279184,0.0982438380133333,0.0572352071596457,-0.7676752325307423,0.1324726670433333,-0.0730958924672676,-0.7460613742572701,0.07165947302,0.0456998380374188,-0.7833346087766981,0.06059933006,-0.0666989540516406,-0.7568082947947169,-0.0284754427709333,kalt_g_ch1_g18_compr.mp4,ch1g18,2.940886332727669e-05,0.0005470584233356,2.9866755884261702e-05,0.0001097732042503,1.4515056209071966e-05,0.0005859929496133,3.281455671734174e-05,1.2535767379749716e-05,2.1017937735668988e-05,1.519004133157498e-05,0.0003643180605772,7.536711700422166e-06,2.813899167094995e-05,2.9980718856740153e-05,1.8016967481282305e-05,8.134488045241977e-06,1.0710750569100308e-05,0.0004222459515008,5.37061225788078e-06,2.655689638158073e-05,0.0007210522416286,3.3633015568329545e-05,2.8246200599564127e-05,3.2497892851485966e-05,1.2324343062111289e-05,2.5178555223079747e-06,3.0040739093256385e-05,0.0003277037275805,1.6585407260421416e-05,0.0004565851823583,3.8020535559076167e-06,2.3672811943878976e-05,0.0006797888506071,0.0006473309965553,1.3443693984062187e-05,0.0005431860846649,0.0005443212937167,0.0004974905713267,0.0004949168846499,0.0004687853566122,0.0004655498769395,0.0004408006244397,0.000436760721061,0.0003810866222185,0.0005385881403792,0.0004992109136263,0.0001699522996735,0.0002680307465383,-0.0002891111963545,-0.000867528206629,-0.0045679296198433,-0.0075026195281761,-0.0058003966787216,-0.0093988955182026,-0.0066386490944754,-0.0105274386171744,-0.0052633517189774,-0.0083713837076258,-2.49370162679732e-05,2.050551038139569e-05,1.1031245370977603e-05,0.0001916075217847,-0.0001473488473172,8.513190848823577e-05,-0.0001965032050653,9.899218002198732e-05,-0.0002017057898825,-0.0001172519299117,1.2460985788367328e-06,3.321659835226305e-06,-1.8104103750005551e-06,5.560384184207255e-06,1.4637233548065152e-06,2.5382176132860756e-06,-1.8288019543833816e-06,3.643208812883924e-07,2.3055012965107027e-06,-4.06202552710415e-07,4.4862865387915616e-05,-1.241467108689764e-06,-2.0542069509265615e-06,-1.9118865000948605e-06,4.751614724068377e-06,1.1849474995000905e-06,1.5759603498539355e-06,5.311797386715268e-05,-1.166147833514035e-06,-2.0259682647385664e-06,1.7390603370534436e-06,-2.6940476814613407e-06,-2.0712375272132016e-06,-1.3941557293955957e-06,1.2784404563038169e-06,5.43728485491217e-07,-1.6968089770954245e-06,4.254298416150859e-05,-1.580993079631569e-06,5.367481041262216e-05,6.829998782763526e-07,-7.160401650148978e-07,3.60916145068177e-06,3.95506109433189e-07,-1.257663602068309e-06,5.946405362276479e-07,-9.160551315744429e-08,-2.749212903371978e-07,-1.6585636885573082e-06,5.388034968458789e-07,-6.224348881543455e-08,5.607235839781653e-07,-1.4627870710995708e-07,-3.708391785209415e-06,4.365233346934154e-07,6.747950832057548e-07,5.7830517365326e-07,1.2815920880517391e-06,4.437613847514392e-07,4.104933753770509e-07,-3.907675038955529e-06,3.848241160737311e-07,7.078708267078448e-07,-2.414515128604724e-06,5.922514182577721e-07,6.837483723157213e-07,4.7090611300553674e-07,-1.8435495385847914e-07,1.5519602889606443e-08,6.21323391218531e-07,-2.926804392608336e-06,-3.6531242771920635e-08,-4.990454311641478e-06,-1.7071551464885372e-08,8.264539618158317e-07,-1.7621684521812675e-06,3.434933993362397e-06,no movement,no movement,no movement,no movement
883.3333333333327,0.0184229231108728,0.38802462612095,-0.1910479136333333,0.0315373297821557,0.4008726004423423,-0.1801074462666666,0.0336443840159792,0.4017395639494099,-0.1692368523999999,0.0324455071602081,0.4016664282853158,-0.1723234818,0.0133133767825276,0.4095696545064207,-0.1910860915666666,0.0148357576524107,0.4082788293380864,-0.2028757267666666,0.0174207731768061,0.3990356294283844,-0.1841571948666666,0.0798683157401903,0.3852623490690385,-0.0747538930599999,-0.0334476305165897,0.3570686496631008,-0.0716294401366666,0.046763214842074,0.3770110422248531,-0.14131381777,0.0153613554015665,0.3507233378913809,-0.1683119827999999,0.1440674921205579,0.242459589804807,0.0370818887133333,-0.0876118366695555,0.3049106359249631,0.0831468338633333,0.1753876167312503,0.0835908024940009,0.0231063030147666,-0.1149088534056214,0.1002747091445002,0.0149494120616666,0.1125771934844997,-0.0109827560831341,-0.0334189841066666,-0.0442099483133693,0.0388586836974986,-0.10590653354,0.0866365766779601,-0.0271814187406327,-0.04477798508537,-3.6473268144091223e-06,0.0270526497404267,-0.15958566053,0.0655470364304053,-0.0175331378264454,-0.0572946671933333,0.0286301402248278,0.0647315336969042,-0.1647940095,0.1032439432815861,-0.0234456316845567,-0.0378566877361566,-0.0255157654683414,0.0486903944873823,-0.175052345,0.0731322016034757,-0.1153253321150445,0.0276859618933333,-0.0713012700672425,-0.1069753317684504,-0.02503404769,0.062129081005505,-0.4521012190167673,-0.0354814662933333,-0.0410289230921483,-0.3916350109880308,-0.0492075454899999,0.0736019209585312,-0.7395126426583106,0.1150108203799999,-0.0722714552603169,-0.7177911953725996,0.1003539191833333,0.0574447442442829,-0.7678592737115111,0.1342525357366666,-0.0731705633390354,-0.7459745460426019,0.0738908846666666,0.0457078507556611,-0.783522495653499,0.06184771383,-0.0666978330513782,-0.756946647995106,-0.0264637585652666,kalt_g_ch1_g18_compr.mp4,ch1g18,3.110985494811257e-05,0.0005550759911891,2.9099720542091867e-05,0.0001148461921995,1.6311120231985968e-05,0.0005935916250891,3.189656020614531e-05,1.3114973334658808e-05,2.3385971167117917e-05,1.492610775331223e-05,0.0004036142567401,7.612490592750275e-06,2.707448563590774e-05,2.91067837088634e-05,2.3478725386523507e-05,1.0014283086631882e-05,1.2931201118748453e-05,0.0004695005580629,5.434307123281609e-06,2.5619206825892628e-05,0.0007293571936092,3.195437089429451e-05,2.7161514249098586e-05,3.1779597252541885e-05,1.3975209853715637e-05,3.0764026117731087e-06,2.904841696526405e-05,0.0003656586365397,1.550705443458787e-05,0.0005030095600148,4.470369566751325e-06,2.3735952956677425e-05,0.0006896696060265,0.0006749492520769,1.499460517538024e-05,0.0005167240391049,0.0005276499982176,0.0004793813860771,0.0004780011112812,0.0004485328857165,0.0004465664604587,0.0004207926518524,0.0004453837362221,0.0003706691415819,0.0005273418154054,0.00048203007997,0.0001829776342879,0.0002449548335884,-0.0003246992884388,-0.0010055829412079,-0.0051570828450143,-0.0076255703624862,-0.0065796456233009,-0.0095468198905345,-0.0074405638007088,-0.0106476347310715,-0.005898584054019,-0.0084857436519826,-2.7062089881126507e-05,2.1838539834151796e-05,-6.950030004860266e-06,0.0001821085850305,-0.0001556359907014,7.259099007388252e-05,-0.0002110141813719,8.317937225451414e-05,-0.0002479070996928,-0.000172204072059,1.6098184420744383e-06,4.583474635096153e-06,-1.1121111013117626e-06,5.7621286718952475e-06,9.651910033705445e-07,3.552343301275353e-06,-1.1507686801102402e-06,2.873970672775926e-07,2.720717218902406e-06,-4.712806219543099e-07,3.986020708168402e-05,-8.344241860948194e-07,-1.2646051415219426e-06,-1.2276629411943975e-06,5.818486644234684e-06,1.520489478339029e-06,1.8037747277246256e-06,4.771335893167612e-05,-8.353741270039769e-07,-1.212977352493611e-06,2.6218144359736775e-06,-1.9235926101801823e-06,-1.266146440037354e-06,-7.990913597658369e-07,8.818186023233924e-07,5.458917072930407e-07,-9.55165477892582e-07,3.840446027265789e-05,-1.6548698552950784e-06,4.716614311401009e-05,6.534355053567201e-07,1.5851499358444642e-07,4.9830466548311e-06,7.57868191259865e-08,6.196370139410248e-09,4.767885551320259e-07,3.7280742518605145e-08,-3.7513418190896177e-07,-2.563193913571901e-07,4.342932390347122e-07,-2.6533121704027083e-08,1.1367931244838109e-07,-4.360838346075042e-08,-4.22483863216511e-06,4.357094466503737e-07,5.780765755237454e-07,4.6510778882551866e-07,6.844072645077021e-07,3.044885364296868e-07,9.038107722971189e-08,-4.677015741772468e-06,3.735889982189807e-07,6.09937779776304e-07,-7.06221022766217e-07,5.522794735455426e-07,5.919881822302439e-07,3.671735432109388e-07,-2.8912694060891146e-07,-3.4041453133625346e-08,5.137562046574438e-07,-3.5867495670431e-06,1.0389352061746608e-08,-5.444040041805012e-06,-6.942928806448221e-08,6.422399652241026e-07,-2.7199559461957856e-07,3.651659076250195e-06,no movement,no movement,no movement,no movement
899.9999999999993,0.0183191678487738,0.3885421036043342,-0.1952765209666667,0.0315679782642178,0.4014084695564846,-0.1843135413999999,0.0336899860713978,0.4022257933842698,-0.1733987327999999,0.0325030796468557,0.4021519284660755,-0.1764983063666667,0.0133337003965518,0.4100264931193161,-0.1952689352,0.0148362648604878,0.4087344103015006,-0.2070384903333333,0.0174723171416589,0.3994644724548958,-0.1883111540666666,0.0801648380957269,0.3857336861356545,-0.0787277681566666,-0.0332903661280572,0.357465608703486,-0.0754165111166666,0.0467635720616627,0.3775510702663444,-0.14541633817,0.015394396132739,0.3512157463859129,-0.1723268153333333,0.1444477091301902,0.2426781955650759,0.0338306790763333,-0.0875992810090582,0.3051709050864176,0.08056640934,0.1755196053802141,0.0832990621312591,0.0225274750314333,-0.1164593163362383,0.0991093988594296,0.0165297552416666,0.1158935034706859,-0.0162254273353105,-0.032238155435,-0.0494349247717554,0.031122793209874,-0.10266984924,0.0909797910658786,-0.0339283142451285,-0.0436572155562033,-0.0063926904580752,0.0174136552119682,-0.1560073565333333,0.069425898656137,-0.0251233713168398,-0.0567473656699999,0.0227606919856191,0.0540537827635688,-0.1623289533666667,0.1065095317832799,-0.0294411767028075,-0.0369621874212566,-0.0305979252915441,0.040124173699367,-0.162159,0.0732016637771024,-0.115353121717733,0.0276766661133333,-0.0713482135075097,-0.1069526403026965,-0.0250748288766666,0.0623591569929711,-0.4520952009519409,-0.03472612224,-0.0408650209864553,-0.3914464462661331,-0.0476857495633333,0.0738162890855139,-0.7396555502399228,0.1167051695966666,-0.0722956361367356,-0.7177164471856183,0.1025650334366666,0.0576621825185538,-0.7680546494761443,0.13598414702,-0.0732485111963917,-0.7458907159521896,0.0762230212,0.0457104679729069,-0.7838093278497738,0.06308803576,-0.066716553317576,-0.757176566974114,-0.0242950003852666,kalt_g_ch1_g18_compr.mp4,ch1g18,3.331050487323735e-05,0.0005619648715415,2.9158392667084396e-05,0.0001198987854227,1.756320376778311e-05,0.0005996449744212,3.188908861184781e-05,1.3823929804770754e-05,2.653454581368113e-05,1.4557185245312972e-05,0.0004360250297828,7.368668330715966e-06,2.7102633914319087e-05,2.9120996390273368e-05,2.9601911871131372e-05,1.200161907878274e-05,1.5357541711609678e-05,0.0005102753992489,5.092334195258761e-06,2.5604325976151265e-05,0.0007351637947855,3.139536812687535e-05,2.7122759895626e-05,3.198089101772741e-05,1.519874124917747e-05,3.59506046375491e-06,2.9262554960754985e-05,0.0003974259127708,1.3844506164953255e-05,0.0005415891525958,5.057182879333504e-06,2.4893108367646244e-05,0.0006975741065771,0.0006992881129553,1.6029148546184554e-05,0.0005051585505938,0.0005239057566487,0.0004750944437219,0.0004747858265339,0.0004436661027286,0.0004429330187174,0.0004161482271012,0.0004655326320764,0.0003784691976007,0.0005289882592635,0.0004799932911868,0.0002132475803721,0.0002325713234613,-0.0003519132916668,-0.0011332251631173,-0.0056669486245261,-0.0077128576504409,-0.0072431626823702,-0.0096466160509318,-0.0081095873735337,-0.0107133430670657,-0.0064391319063904,-0.0085585956808691,-2.88992983728991e-05,2.30990765148528e-05,-1.563611213049731e-05,0.0001801759168429,-0.0001507526956923,7.312147475019393e-05,-0.0002109763354611,8.144674483738428e-05,-0.0002784890642115,-0.0002181742339612,1.4210899825427403e-06,6.811112161908688e-06,-7.287718272958739e-07,6.08114151783595e-06,4.7341267226533625e-07,5.690964827977181e-06,-7.830055936025033e-07,2.334137842362063e-07,2.467459159661729e-06,-4.144188320013726e-07,3.511046150403404e-05,-4.606688246238792e-07,-7.667432364462713e-07,-8.548575048804015e-07,6.471112760440364e-06,1.565002953200529e-06,1.562044152287188e-06,4.230587238028256e-05,-5.299275616857717e-07,-6.94139824909583e-07,4.937233539488826e-06,-1.3998823341534856e-06,-7.49951231726311e-07,-4.990121875657072e-07,4.765375870738751e-07,4.952851409701246e-07,-5.302326645406728e-07,3.4224683336923724e-05,-1.7229128117448827e-06,4.124114685366882e-05,5.742040679526197e-07,6.326442469817719e-07,7.501584721539558e-06,-3.2371866218550393e-07,-2.0822107718993505e-07,2.1794721972261197e-07,-7.254332322007791e-08,-3.915376428070099e-07,-3.954207073672282e-07,1.7249134204306932e-07,-1.8226896908229862e-08,-4.0382578237843593e-07,5.01366277345909e-08,-4.446132060462064e-06,4.2039559516646314e-07,3.20053056700455e-07,2.0948440446564218e-07,1.0221090322950002e-07,1.4922193773098345e-07,-2.250333651701749e-07,-5.2658303379846714e-06,3.6479670357336834e-07,3.6202804548881427e-07,-8.493128569309697e-07,3.348920446171642e-07,3.377520213565353e-07,1.0611766923234045e-07,-3.296807420915067e-07,-7.359241258182841e-08,2.34335903521261e-07,-4.008980873562718e-06,9.96138915704251e-08,-5.5928763528668e-06,-1.0537211261030613e-07,3.160609285790241e-07,-5.934551994968826e-07,4.0163407803696936e-06,no movement,no movement,no movement,no movement
916.666666666666,0.0182324500665902,0.3890480076125572,-0.1994497560666666,0.0316268682094274,0.4019337112060621,-0.1884631539333333,0.0337629578424206,0.4027018414743077,-0.1775071510666666,0.0325921482377685,0.4026277271547675,-0.1806228695333333,0.0133769801159202,0.4104769391274473,-0.1993826053666666,0.0148591539324192,0.4091851647901942,-0.2111325063999999,0.0175465409169925,0.3998888101205404,-0.1923985470333333,0.0805177528159676,0.3862022659067696,-0.0826415846866666,-0.0330871457794294,0.3578627212012065,-0.0790972788166666,0.0467888451153299,0.3780844620610205,-0.1494722370666666,0.0154508084665366,0.3517049800493504,-0.1762755746333333,0.144880404992136,0.2429255356407975,0.0306476661863333,-0.087583428616819,0.3054074235801492,0.0780619397766666,0.175875324473545,0.0829930127610888,0.0222272679814333,-0.1180803645984892,0.0978227748444251,0.0181172723683333,0.1195336810204888,-0.0221201337190446,-0.0307996597623333,-0.0546886307258343,0.0232846644796,-0.0994978253966666,0.095671574279282,-0.0415265079512918,-0.0423673505066033,-0.0127840964129626,0.0076257972263063,-0.1525728055133333,0.0735691998644975,-0.0335481135608407,-0.0561920456499999,0.0169090686386861,0.0432732106301847,-0.1600482698,0.1100693855171925,-0.0361160012855135,-0.0358820153579899,-0.0356910221427276,0.0314696060874561,-0.121548444,0.0732871400809486,-0.1153835353803463,0.0276571510566666,-0.0714096686664537,-0.1069282094336089,-0.0250991211233333,0.0625982448885325,-0.4521145757234945,-0.0339651237866666,-0.0406899843063204,-0.3912698149089623,-0.0460698232499999,0.0740277351746275,-0.7397892525577278,0.1183613246533333,-0.0723239963448616,-0.717635730325734,0.1048338627366666,0.057874471582624,-0.7682481632900041,0.1376742300033333,-0.0733315327269506,-0.7458015436515077,0.0786044351233333,0.0457008343608948,-0.7841169959533147,0.0642906929599999,-0.0667570231142296,-0.7574116573220095,-0.0220441259409333,kalt_g_ch1_g18_compr.mp4,ch1g18,3.564836136614917e-05,0.0005681354126909,2.9944446754926527e-05,0.0001255380515172,1.8011561511846552e-05,0.0006049337218455,3.274276190963731e-05,1.4465159181010956e-05,2.979109219209972e-05,1.4072550002734076e-05,0.0004672444166693,7.1045803103063494e-06,2.803568154024049e-05,2.9845386832571912e-05,3.6150221241834055e-05,1.377375950057318e-05,1.7287324895007174e-05,0.0005481524480532,4.669236190981964e-06,2.6484084437975647e-05,0.0007396390854382,3.161298123191597e-05,2.8037644387377143e-05,3.293659631647317e-05,1.5766908688895974e-05,4.031300041390133e-06,3.040223837420373e-05,0.0004281038587736,1.196756462167942e-05,0.0005781044474893,5.515562259928673e-06,2.7033238531004997e-05,0.0007041254272393,0.0007232685544975,1.644375797107094e-05,0.0005085130020818,0.0005295899173777,0.0004806422007009,0.0004810409252881,0.0004527253307063,0.0004530601698995,0.0004251342192962,0.0004797753973588,0.0003981845911118,0.000538277254445,0.0004913134318264,0.0002419662965563,0.0002201690226542,-0.0003934180595712,-0.0012402335343525,-0.0061406914773469,-0.0077920138152226,-0.0078523157315852,-0.0097359333640728,-0.0087143372143912,-0.010773413124544,-0.0069328543275901,-0.0086255095143133,-3.065671277830546e-05,2.4220171267079195e-05,-2.2797541369166617e-05,0.0001764737083529,-0.0001353147506143,8.214761929791601e-05,-0.0001988438792016,8.988240934865482e-05,-0.0002941238187428,-0.0002462985229224,7.392547249836978e-07,7.842338330031363e-06,-7.109932017851497e-07,6.2289648727692995e-06,1.3956935818895981e-07,6.6673089020447225e-06,-8.042085199874919e-07,2.1871268581445297e-07,1.650688041429518e-06,-2.9096936795789336e-07,3.075918634072927e-05,-7.574114720242616e-08,-6.337283565306211e-07,-8.439322613077245e-07,6.492586790885824e-06,1.5198311383392716e-06,1.0539963976087011e-06,3.690492717310336e-05,-1.947959457023115e-07,-5.253342730434842e-07,5.805536379889183e-06,-1.2282133899252036e-06,-5.966375145996658e-07,-5.896269853881252e-07,1.908614563573545e-07,3.951024057333111e-07,-5.094696889683905e-07,3.0103625920264156e-05,-1.6750008994640076e-06,3.596728368256757e-05,4.443492119952314e-07,6.856754562298768e-07,8.394195005360663e-06,-7.144922778409937e-07,-1.9636748266214015e-06,-9.906066743326029e-08,-4.906623346900869e-07,-3.252966470821955e-07,-2.1560638672440292e-06,-1.643248120789024e-07,-3.1565658421929885e-08,-8.854821764614819e-07,1.1850376393474085e-07,-4.996895374651604e-06,3.939161899327402e-07,-1.4492792693278861e-08,-1.0289762867898145e-07,-4.092484804328763e-07,1.1531114726117822e-08,-4.6444624863670874e-07,-6.252398096597921e-06,3.592332860233421e-07,4.212617843624592e-08,-2.927270856520398e-06,2.7103584247332276e-08,2.1864578491279503e-09,-2.347331126949564e-07,-3.0105186080756453e-07,-9.95302616438872e-08,-1.2970220128897672e-07,-4.7307248421123254e-06,2.2378080814516665e-07,-6.181243672228501e-06,-1.2301554501158136e-07,-7.476071031533619e-08,-2.7786735851243677e-06,5.161783626025545e-06,no movement,no movement,no movement,no movement
933.3333333333326,0.0181474249092629,0.3895532377302223,-0.2036647812333333,0.0316877849141301,0.4024580068450433,-0.1926467778666666,0.0338375647462068,0.403177320057686,-0.1816509537999999,0.0326840317808261,0.4031030554656737,-0.1847857520666667,0.0134209435803446,0.4109273187311766,-0.2035211411333333,0.0148830929158076,0.409635664569436,-0.2152505053999999,0.0176214677668492,0.4003128677836098,-0.1965123009,0.0808909297938388,0.386667120183906,-0.0865732389266666,-0.0328769622736812,0.3582589859413673,-0.0827600103733333,0.0468161018213638,0.3786163984527378,-0.15357245276,0.015508920394733,0.3521937026218317,-0.1802549203,0.1453358293398917,0.2431750967606427,0.0275121296696666,-0.0875678435407825,0.3056051896643965,0.0755516753999999,0.1764112687239234,0.0826045111520408,0.0221543012181,-0.1197864829777227,0.0964867599145113,0.0196490423883333,0.1232936568307431,-0.0284146210672402,-0.0291056834649999,-0.0600235377903176,0.0154257914891582,-0.09647571691,0.1004498757511381,-0.0495713024393217,-0.0408384255162033,-0.0192508182832754,-0.0021776809280748,-0.1493432830466667,0.0777744862729611,-0.0424220454560154,-0.0555085984266666,0.0110043160797142,0.0324803027803165,-0.1579679395333333,0.1137301883831309,-0.0431938094572822,-0.0345748965725566,-0.0408524971302694,0.022798245001286,-0.108650312,0.0733801301994915,-0.115415482114917,0.0276352552299999,-0.0714780092108075,-0.1069030368700793,-0.0251173357466666,0.0628344550423667,-0.4521502563587565,-0.0331851254833333,-0.0405170607007851,-0.3911056516020045,-0.0444378674466666,0.0742327597775741,-0.739936939186136,0.1199787711899999,-0.0723834594460534,-0.7175582609118302,0.1070832876566666,0.0580779526096682,-0.7684619607292739,0.1393198700333333,-0.0734478710738752,-0.7457148423271062,0.0809644873499999,0.045671253291114,-0.7844481194611996,0.0654025185133333,-0.0668240229664427,-0.7576621462456484,-0.0198329190372666,kalt_g_ch1_g18_compr.mp4,ch1g18,3.6711415737834175e-05,0.0005723272713813,2.984479681778445e-05,0.0001312320076236,1.763581236284897e-05,0.0006079512844993,3.265662340665524e-05,1.4910708191916088e-05,3.180809693740657e-05,1.3662708625147744e-05,0.0004957977075511,7.09004324083393e-06,2.80995925679326e-05,2.9603402701458335e-05,4.278398274747173e-05,1.5503840191040226e-05,1.8120080577073337e-05,0.0005820443417106,4.47472052050214e-06,2.66524966618189e-05,0.000740924656418,3.100579328678816e-05,2.816615410548469e-05,3.300036326343264e-05,1.5565831114896354e-05,4.353578317466167e-06,3.068167389622291e-05,0.0004558149381981,1.0065034812955535e-05,0.0006118914547234,5.8475812490383475e-06,2.8515559646027987e-05,0.0007078537723073,0.0007445656938485,1.6196240984687726e-05,0.0005149480819739,0.0005375118249565,0.0004887805927869,0.0004895294504172,0.0004673590454122,0.0004681202984079,0.0004398759669365,0.0004876701997246,0.0004240789181662,0.0005477059221625,0.0005055505293535,0.0002661192746345,0.0002062199572803,-0.0004448785707693,-0.0013050192630624,-0.0065861207813509,-0.0078272030407578,-0.0084172752965891,-0.0097706932305634,-0.009278960949177,-0.0107819959087093,-0.0073964608268469,-0.0086477751631311,-3.196582232432689e-05,2.470512267724751e-05,-2.7978030413387607e-05,0.000168612791196,-0.0001153624177442,9.059303845870576e-05,-0.0001818485040923,9.829522132291877e-05,-0.0002951776181526,-0.000259047958721,-2.516301507774897e-07,5.5502721804117185e-06,-1.0044124535393006e-06,5.7912150609902795e-06,-5.198037301887329e-08,4.218266396492939e-06,-1.1775746250854734e-06,2.100731068258676e-07,5.062396373773067e-07,-1.1742767519488293e-07,2.6645281431135872e-05,2.593931147622185e-07,-8.297709014103333e-07,-1.1400205620968493e-06,5.845158375785728e-06,1.4098444372849148e-06,3.6646489639479844e-07,3.1547491512836285e-05,1.268544636295225e-07,-6.597708429696059e-07,2.5261055837950656e-06,-1.386057300799071e-06,-7.740966082855477e-07,-1.0319831952585004e-06,4.912727677922934e-09,2.688495501632452e-07,-8.44043664891256e-07,2.5998190452198257e-05,-1.3902852780791635e-06,3.106731659545009e-05,2.9461788487961346e-07,3.9193310464984084e-07,5.189250653939439e-06,-9.797280567492598e-07,-4.926643561761101e-06,-3.458333120583313e-07,-1.1780880982721104e-06,-2.004164815520343e-07,-5.183966817763582e-06,-4.365495714726987e-07,-5.730499858551541e-08,-1.2094133613986913e-06,1.4236737814967513e-07,-6.125657468215442e-06,3.563810073722669e-07,-2.883398069578286e-07,-3.414735018751995e-07,-8.031434506939846e-07,-9.210539954730624e-08,-5.740175195223553e-07,-7.867610034202692e-06,3.5096587504834186e-07,-2.215224631154454e-07,-6.491639527676227e-06,-2.381537541778389e-07,-2.786851082971437e-07,-5.253281897115448e-07,-2.1534190422463744e-07,-1.0997720938970397e-07,-4.374283876547155e-07,-5.935920619045911e-06,3.685328134850335e-07,-7.54331624041454e-06,-1.239374391758406e-07,-4.036567041324262e-07,-6.39391129350419e-06,7.844737175325858e-06,no movement,no movement,no movement,no movement
949.9999999999992,0.0180702711339016,0.3900577717959883,-0.2080051281333333,0.0317642193509325,0.4029817535462747,-0.1969533458333333,0.0339265878944268,0.4036525898467269,-0.1859169704666666,0.0327932005835189,0.4035782350699989,-0.1890751399666667,0.0134765504568766,0.4113777552112582,-0.2077919120333333,0.0149182297037929,0.4100861010760582,-0.2195036102333332,0.0177070603951776,0.4007369871534079,-0.2007593891333333,0.0812767334175049,0.3871303166069325,-0.0906205674266666,-0.032650546594002,0.3586555041170342,-0.08658256694,0.0468555877048926,0.3791478539566202,-0.15780042802,0.0155784006769623,0.3526822796460548,-0.1843758672333333,0.1457956760032007,0.2434378480719396,0.0243256456763333,-0.0875577408886272,0.3057779832346126,0.0728342740733333,0.1771043176684745,0.0821247826869225,0.0223057909547666,-0.1216377875490982,0.0951907850609009,0.0208558521683333,0.1272313084661629,-0.0354392136436276,-0.027142340056,-0.0653919574367585,0.0077075396058403,-0.09393399133,0.1053963200300584,-0.058542082227666,-0.03903964353508,-0.0257255370536756,-0.0118204651963733,-0.1466732522466666,0.0820828906704021,-0.0522364830728207,-0.0546583418333333,0.0051279448737073,0.0218641092506569,-0.1564262773333333,0.1175357101686673,-0.051049069196294,-0.0330278038197899,-0.0460301953873948,0.0142772785506099,-0.0879969224,0.0734791445376093,-0.1154473699096092,0.0276107613833333,-0.0715519776636033,-0.1068794312787239,-0.0251289702633333,0.0630724187766888,-0.4521874153014532,-0.0323878428866666,-0.0403520035804884,-0.3909591363929004,-0.0427903117433333,0.0744422201361976,-0.7400349956633119,0.1215777614099999,-0.0724646246842795,-0.7174833988129008,0.1093121089866666,0.0582850234502017,-0.7686307393545079,0.1409413326999999,-0.0735894004138069,-0.7456320278365556,0.0833004316366666,0.0456330879315784,-0.7847272715185939,0.0665004252666666,-0.0669494900873715,-0.7579251451535354,-0.0176378115359333,kalt_g_ch1_g18_compr.mp4,ch1g18,3.596392835696165e-05,0.0005717116025762,2.8579072691423937e-05,0.0001357293877848,1.6684545212024882e-05,0.000605853869033,3.123326709711836e-05,1.4855854023278809e-05,3.19821053640986e-05,1.348615841031312e-05,0.000519585868382,7.375918337987672e-06,2.7047255583504017e-05,2.8172590981563353e-05,4.894367204337135e-05,1.6908258675417242e-05,1.7677310502074316e-05,0.0006091521227236,4.607349068206798e-06,2.582304561988741e-05,0.0007354387161859,2.9458500522311096e-05,2.721220602613219e-05,3.17659353291122e-05,1.467163818996134e-05,4.546209311849609e-06,2.966226291666189e-05,0.0004787734447365,8.626062273273886e-06,0.0006397040771638,6.130004601435539e-06,2.873424313489195e-05,0.0007048796931366,0.0007595367783371,1.5378056854279023e-05,0.0005093760820435,0.0005334330060551,0.0004852610058191,0.0004865601624155,0.0004723800060159,0.0004728881361789,0.00044575441244,0.0004761135269636,0.000438906437886,0.0005429573604791,0.0005074611773149,0.0002769933103574,0.0001832532472904,-0.0005071811001369,-0.0013351489209013,-0.0069837401592866,-0.007813134221027,-0.0089067193345134,-0.009737354596965,-0.0097727612178527,-0.0107119793130883,-0.0078089017145358,-0.0086130780114918,-3.2328306907690125e-05,2.3999187840293255e-05,-3.3996708657402566e-05,0.0001531742080528,-9.899562538578563e-05,8.934594125033286e-05,-0.0001685685557669,9.677344143794672e-05,-0.0002838180015817,-0.0002616296141835,-1.3904057856857316e-06,-1.1111950604403251e-06,-1.5332382054064725e-06,4.387147856038552e-06,-1.0330107509107433e-07,-2.76684633519277e-06,-1.8218076585374751e-06,1.9391692008785789e-07,-8.741084418313487e-07,4.8272678412993547e-08,2.122387239437789e-05,5.101851913812782e-07,-1.3056293739403948e-06,-1.667536204484611e-06,4.588026109262061e-06,1.2423677206131218e-06,-2.836882660058087e-07,2.4335885281925688e-05,4.080708415693521e-07,-1.0569282067788902e-06,-6.201641023674103e-06,-1.8351792462327593e-06,-1.2391929546479054e-06,-1.7514298761793355e-06,-9.106123582647886e-08,1.4035689431217553e-07,-1.4699913665100385e-06,2.0551565153352207e-05,-9.496317122205672e-07,2.4503528048845903e-05,1.531922711536631e-07,-2.0962153630569417e-07,-3.405084207003545e-06,-1.0518374319631425e-06,-8.412385609119463e-06,-4.510770530594003e-07,-2.0050587262480736e-06,-5.46448820235814e-08,-8.768354499523178e-06,-5.60808460273574e-07,-7.957685286409525e-08,-1.3019836572237642e-06,1.1135093504240467e-07,-7.901235888967516e-06,3.098962512943352e-07,-4.259164304256403e-07,-4.368438275381574e-07,-1.052440078900017e-06,-1.509905652356942e-07,-5.399340182343581e-07,-1.0123339564073312e-05,3.3552020790227033e-07,-3.566205887309889e-07,-1.0676875885478568e-05,-3.844479839065341e-07,-4.2689422516761385e-07,-6.821197817703017e-07,-9.680196675739581e-08,-1.059232493738632e-07,-6.017480627411331e-07,-7.673057729102976e-06,4.9973398878095e-07,-9.727095845961954e-06,-1.1413064477887204e-07,-5.911854751340513e-07,-1.057753128181147e-05,1.1609131628422765e-05,no movement,no movement,no movement,no movement
966.6666666666658,0.0179980484613322,0.3905341394339885,-0.2122969474333333,0.0318509467301711,0.4034833842109306,-0.2012107862333333,0.0340256020361447,0.4041078212183003,-0.1901345566333333,0.0329146552171185,0.4040350768412173,-0.1933282554666666,0.0135468997184723,0.4118239505414336,-0.2120044574,0.014967099598934,0.4105328516606294,-0.2236948409666666,0.0178055962473782,0.4011576626507745,-0.2049488925666666,0.0816613535538884,0.3875745961886833,-0.0946228745799999,-0.0324081076541615,0.3590732303777983,-0.0903490771066666,0.0468938995920317,0.3796572081804609,-0.16199913591,0.0156498413779797,0.3531617209691958,-0.1884464613666666,0.1462457518240412,0.2437009830265752,0.0213043636263333,-0.0875558763899629,0.3059293795388448,0.0701310159199999,0.177794277905946,0.0815608215115753,0.0230025283041,-0.1235352847424611,0.0938830765600403,0.0219540403383333,0.1311187441371896,-0.0426100273023382,-0.0244898869223333,-0.0708059059902675,8.900898884797488e-05,-0.0914889973633333,0.1102801582624831,-0.06763814888694,-0.0364779788164799,-0.0322540381879036,-0.0213076365252232,-0.14408154468,0.0863243858422455,-0.0622152964747464,-0.0530632811199999,-0.0007888776806317,0.0114133242193123,-0.1548928013333333,0.1212940739735748,-0.0590492869134058,-0.0307864753431233,-0.0512596880803023,0.0058745811986438,-0.0591697544,0.073579379538328,-0.1154795951517272,0.0275873048433333,-0.0716271733424726,-0.106856449354223,-0.0251408713866666,0.0633237540459313,-0.4522280268484152,-0.03156547071,-0.0401805834083063,-0.3908157557794497,-0.0411789920599999,0.0746583914744564,-0.7401178149046169,0.1231793334833333,-0.0725469804191416,-0.7173997664494255,0.1114474732166666,0.058497816956826,-0.7687883289175949,0.1425443136666666,-0.0737312680897414,-0.7455437619745423,0.0855352955133333,0.0455866600039197,-0.7850001765194823,0.0675846229499999,-0.0670749382265143,-0.7581950001699749,-0.0154799705015999,kalt_g_ch1_g18_compr.mp4,ch1g18,3.3665880693556355e-05,0.0005685474358957,2.6262339163989225e-05,0.000140178314029,1.6102703093857657e-05,0.000600214849601,2.856790793039521e-05,1.4469367472325428e-05,3.01786186427349e-05,1.3876724553075692e-05,0.0005393506968512,7.630423962918258e-06,2.4975521275012796e-05,2.5687709815729228e-05,5.37866608615939e-05,1.7642391751485863e-05,1.657080834833102e-05,0.000630659582038,4.788682275139647e-06,2.4068301294770177e-05,0.0007241186737043,2.6907398462214384e-05,2.524836277665844e-05,2.922110610174526e-05,1.3928853006294937e-05,4.664265345863034e-06,2.7357005358045644e-05,0.0004979493851501,8.00996083565305e-06,0.0006618374264166,6.286265504962092e-06,2.7847591480052744e-05,0.0006978288770014,0.0007705470405144,1.472903336961418e-05,0.0004690519058781,0.0004951232557103,0.0004479009983064,0.0004501828464216,0.0004442933358818,0.0004438898367107,0.0004196020755464,0.0004285891572603,0.0004181704555637,0.0005042548660929,0.0004753044126237,0.0002594852594754,0.0001403745588413,-0.0005830461093942,-0.0013572726291181,-0.0073185306327175,-0.0077604147208853,-0.0092983185521524,-0.0096379197886822,-0.0101710235881702,-0.0105577743444455,-0.0081553155599208,-0.008527975519261,-3.2087936363495726e-05,2.2652333285752945e-05,-4.453268715126535e-05,0.0001336454043521,-9.27911550434515e-05,6.958858071085379e-05,-0.0001660103709838,7.489710203393348e-05,-0.0002667826880297,-0.000264801930131,-2.5288179972815213e-06,-1.210012093239027e-05,-2.214526013350557e-06,1.982584530309772e-06,-7.974977181071604e-08,-1.424070632821915e-05,-2.6183881663997465e-06,9.406970286591385e-08,-2.2483019875826022e-06,1.2722186753506112e-07,1.4108534011946797e-05,7.343727690194193e-07,-1.9881199208962717e-06,-2.333100521242864e-06,3.211236591562211e-06,1.0397862975825663e-06,-8.351103766219733e-07,1.496514229435727e-05,6.903934470851585e-07,-1.665626010251746e-06,-2.0213373901157717e-05,-2.4797229317273853e-06,-1.9250073078192784e-06,-2.6298380100252393e-06,-1.350257419477434e-07,3.0175628153655435e-08,-2.3052995212263717e-06,1.3519357371329471e-05,-3.8328241595854155e-07,1.5716646503463692e-05,3.9703955994983793e-08,-1.0293599748760588e-06,-1.721130966854941e-05,-9.211181188448792e-07,-1.1681217865390754e-05,-3.892073931613902e-07,-2.856077247174903e-06,5.734842541654399e-08,-1.2112408791776836e-05,-5.024458003294638e-07,-9.683621105796337e-08,-1.1446766079683522e-06,2.4908003499690208e-08,-1.0186224015426352e-05,2.618004155525959e-07,-3.959602615634072e-07,-3.652304959104977e-07,-1.1315630299943846e-06,-1.6433285933946646e-07,-3.966356250352861e-07,-1.2823357139596633e-05,3.1295441070477897e-07,-3.3459090798320746e-07,-1.4499132854562202e-05,-3.688461437147109e-07,-4.084778845826686e-07,-6.618265877690861e-07,8.701239641310955e-09,-9.197938593728725e-08,-5.825547114145253e-07,-9.81480575329105e-06,5.871983977713378e-07,-1.252178344356117e-05,-9.597232229987849e-08,-6.134193459223728e-07,-1.4417843869312725e-05,1.556338250272862e-05,no movement,no movement,no movement,no movement
983.3333333333323,0.0179284746476267,0.3910095323180005,-0.2164810860333333,0.0319395186920614,0.4039874563387989,-0.2053729952,0.0341262105735689,0.4045658858443669,-0.1942566953999999,0.0330387852686887,0.4044962341554428,-0.1974993929666667,0.0136225369574216,0.4122775430088346,-0.2161156723666666,0.0150217804180391,0.4109859537386862,-0.2277840771999999,0.0179085711170868,0.4015851910983712,-0.2090383158333333,0.0820420623462425,0.3880128960566711,-0.0986269970033333,-0.0321508326013812,0.3594904382489605,-0.0940964516833333,0.0469327951160078,0.3801652493912782,-0.1661328623166666,0.0157274226204004,0.353640349196707,-0.1924377396333333,0.1466876763054593,0.2439615900489569,0.0183811503096666,-0.0875477309956188,0.3060380054629903,0.0672601313333333,0.1785234318688091,0.0809384488265087,0.0238265267095,-0.1254450824967243,0.0925653654648167,0.0227622270116666,0.1350444318809666,-0.0499115696644042,-0.0216585385816666,-0.0761941019638034,-0.0074628586230101,-0.0893054204566666,0.1152021275348862,-0.0768623103758595,-0.03367552167448,-0.0387375114046946,-0.0307028503051406,-0.1417535961466666,0.0905935481322385,-0.0723412445284401,-0.0512196389266666,-0.0066053104100796,0.001065136717713,-0.1535493260666666,0.1250860751407342,-0.0671795193382939,-0.0283602384134566,-0.0564502696513652,-0.0024495546205588,-0.0617232732,0.0736779459015202,-0.1155122896611752,0.0275731581133333,-0.071700581431821,-0.1068334998224369,-0.0251603656466666,0.0635726038902302,-0.452288189555283,-0.0307020612566666,-0.0399973781904864,-0.3906758633345723,-0.0396674937166666,0.0748828891524199,-0.740211155634157,0.1244510425333333,-0.0725854642411322,-0.7173283387479588,0.1132301957233333,0.0587191736932958,-0.7689563355584776,0.1437506838333332,-0.0738196937230821,-0.7454703505278171,0.0873821325233333,0.0455363423866488,-0.7852507698801006,0.0682236770066666,-0.0671486379856541,-0.7584657916955015,-0.0136487919489333,kalt_g_ch1_g18_compr.mp4,ch1g18,2.975381146224531e-05,0.0005587408713909,2.2841195744652167e-05,0.0001435157615565,1.6218723227723386e-05,0.0005877697929759,2.461385330788127e-05,1.422826152616691e-05,2.6433307758860005e-05,1.4339295089605443e-05,0.0005488830581091,7.979311992583513e-06,2.1753834013879e-05,2.210960251767923e-05,5.635348401526424e-05,1.7747891423519264e-05,1.5092670183215547e-05,0.0006400345608071,5.191700071030209e-06,2.1251286539549334e-05,0.0007062898943847,2.324255099515602e-05,2.2114178247123796e-05,2.527623929079641e-05,1.3924071530248365e-05,4.675124862166772e-06,2.371627115592485e-05,0.0005074224029797,7.731836617875549e-06,0.0006713323492755,6.314943128064177e-06,2.552484816318575e-05,0.000684019363432,0.0007703514427741,1.486046828357061e-05,0.0004001451441096,0.0004303734853197,0.0003844205290126,0.0003882088504903,0.0003892158861535,0.0003874587206795,0.0003669738457261,0.0003577670961221,0.0003696584204995,0.0004384313175744,0.0004151485153563,0.0002181614010478,8.429360873279529e-05,-0.0006583037433813,-0.0013549514235543,-0.0074934099967804,-0.0075839554862488,-0.0094785092073869,-0.0093901982981758,-0.0103498200704909,-0.0102365024226142,-0.0083296461040357,-0.00830516554751,-3.1833358231989786e-05,2.1418565264407057e-05,-6.281813591074209e-05,0.0001157471901071,-9.469887607123776e-05,3.1244500785425675e-05,-0.0001703374757952,3.2330068652463736e-05,-0.0002449643491941,-0.0002737928843343,-3.496000117458663e-06,-2.579364403191129e-05,-2.8057822047840778e-06,-1.2380508965793094e-06,-7.791147968355816e-09,-2.8496057838391245e-05,-3.331704817993892e-06,-6.55554480298955e-08,-3.4055219675342097e-06,9.378717979885597e-08,4.037054836161494e-06,9.938191652660372e-07,-2.6186708678253454e-06,-2.8979826214090314e-06,1.938518137670594e-06,9.21706074215565e-07,-1.133984010288727e-06,2.1553244674173406e-06,9.974763041156638e-07,-2.227355281155732e-06,-3.7336255154336e-05,-3.0891412230031496e-06,-2.572020869670126e-06,-3.478780547017325e-06,-1.303016499489891e-07,-4.4727860791082785e-08,-3.1095095992782874e-06,3.8190127314765965e-06,2.8566549721832964e-07,3.1952727391508147e-06,-3.206871085730023e-08,-1.833929800043972e-06,-3.413122498584077e-05,-6.096722738841213e-07,-1.375664596359223e-05,-1.6786873326789356e-07,-3.5089722143800315e-06,1.0710056008657667e-07,-1.4229453427594568e-05,-2.6373396243897834e-07,-1.176744443251805e-07,-7.688399747083179e-07,-8.438667726411872e-08,-1.246216630721998e-05,2.059408776779747e-07,-1.985175961945149e-07,-1.3576426328992304e-07,-1.052329734118534e-06,-1.5079592741738287e-07,-1.859861755943255e-07,-1.5364155495254016e-05,2.7167762813287213e-07,-1.568615563346741e-07,-1.6879687302985083e-05,-1.834269276703828e-07,-2.2033814689927177e-07,-4.569904497477706e-07,6.676054918189548e-08,-7.102647600422268e-08,-3.781669140152482e-07,-1.1885615704868768e-05,6.266996114420616e-07,-1.5278914978377344e-05,-7.405922089501607e-08,-4.676243776450386e-07,-1.6799952551265268e-05,1.8545442909837515e-05,no movement,no movement,no movement,no movement
999.9999999999992,0.0178482931898228,0.3914255932933069,-0.2206579554999999,0.0320152323571164,0.4044370702217417,-0.2095480373,0.0342134312616097,0.4049706501887644,-0.1983913044333333,0.0331507493410705,0.4049057522269725,-0.201687603,0.0136877081380297,0.4126857290908628,-0.2202338541333333,0.0150677059786132,0.4113932191297824,-0.2318811450333332,0.018001387989676,0.4019690058358782,-0.2131354800333333,0.0823935916747845,0.388408811045748,-0.1026865073833333,-0.0319046227169069,0.3598808496613548,-0.0978838795633333,0.0469512951966734,0.380625234463443,-0.1702749219666667,0.015791069602346,0.3540722833454862,-0.1964314006,0.1470884379400583,0.2442002706137578,0.015462931613,-0.0875543980825281,0.3061337707228853,0.0643043730133333,0.1791672081895864,0.0802525680275035,0.0246654690298333,-0.1273631318260236,0.091270544221816,0.0234209814253333,0.1387868388646177,-0.0573142600487043,-0.018552591237,-0.0814454516364962,-0.0149235740293424,-0.08723447978,0.1199090618282969,-0.0861923841393227,-0.0305314490421466,-0.0450009213350159,-0.039956584403782,-0.13958711508,0.0947616361386093,-0.082562971566136,-0.0490027793899999,-0.0121731398753162,-0.0090791063087881,-0.1523328588333333,0.1287297137718473,-0.0754108862117937,-0.02562787826679,-0.0614784309912169,-0.0106442545092513,-0.066838704,0.0737760502286147,-0.1155452408400928,0.0275649278299999,-0.0717736080780405,-0.1068109200193214,-0.0251842122233333,0.063803845094479,-0.4523626173980858,-0.02982908542,-0.039823487227808,-0.3905514683819875,-0.03826785577,0.0751026107481644,-0.740314100292782,0.1254118075666666,-0.0726308002357153,-0.7172901475910296,0.1148127948966666,0.0589359938253888,-0.7691318962972712,0.1446109253999999,-0.0739162161125945,-0.7454315028378355,0.0890179012933333,0.0454756707837263,-0.7854812741839229,0.0684463924933333,-0.0672363086365063,-0.7587300419096833,-0.0120735708116,kalt_g_ch1_g18_compr.mp4,ch1g18,2.5037053874724835e-05,0.0005349989962271,1.9203991381332193e-05,0.0001429160946733,1.608983384689504e-05,0.0005614574894659,2.034909337788356e-05,1.3836059883613325e-05,2.170535589073096e-05,1.454513751660477e-05,0.0005485508407085,8.697183324976637e-06,1.822104825487056e-05,1.8372500704991716e-05,5.7090827587474554e-05,1.778493446691828e-05,1.298435339070138e-05,0.0006376072541781,6.040801655054859e-06,1.816180286454554e-05,0.0006720966764806,1.9376635683186837e-05,1.8641128043709987e-05,2.0809021739083783e-05,1.3785628843821814e-05,4.558047492255289e-06,1.9557525313797977e-05,0.0005070384335658,8.21419545447442e-06,0.0006697597539538,6.186472916109419e-06,2.240703592391533e-05,0.0006525527787725,0.0007529915482847,1.5051074621279554e-05,0.0003177801327718,0.000353680034826,0.0003092029014745,0.0003148699593416,0.0003218179852617,0.0003185655654377,0.0003021249272868,0.0002767804298492,0.0003079043445518,0.0003608226819166,0.0003422620711048,0.0001654153787559,2.7644762003727764e-05,-0.0007212628188374,-0.0013112787374263,-0.0074892142496519,-0.0072762630092434,-0.0094257583528212,-0.0089963385525258,-0.0102917137864215,-0.0097685550575655,-0.008313389531772,-0.0079473463836519,-3.184498388544805e-05,2.066996339405629e-05,-7.755273811456643e-05,9.898773543142566e-05,-8.932005216804902e-05,-1.3092927639081324e-05,-0.0001641002578118,-1.68809658239238e-05,-0.0002076196840993,-0.0002761826760861,-4.06592437046198e-06,-4.053638720308677e-05,-3.0163690064886224e-06,-5.1072284548119066e-06,1.532548625948309e-07,-4.373540675562415e-05,-3.6482412912901457e-06,-2.475352951864211e-07,-4.126319033629299e-06,-2.7728460071842644e-08,-9.537015925280356e-06,1.222523563087624e-06,-2.8935485404895057e-06,-3.074655719429829e-06,9.223940739385368e-07,8.434990465014454e-07,-1.131859101197139e-06,-1.4497745216816345e-05,1.3000435517728428e-06,-2.451878635554766e-06,-5.529095066080102e-05,-3.3419305461301993e-06,-2.8725832973709476e-06,-3.999734238607752e-06,-1.9700221326868336e-08,-9.143474313882041e-08,-3.565881785128832e-06,-9.000900756826509e-06,9.868472117632128e-07,-1.362810034828482e-05,-7.663996550844199e-08,-2.359837591078115e-06,-5.1999268441897e-05,-1.9518724441144427e-07,-1.370892401055243e-05,1.4659352998786618e-07,-3.705353340440961e-06,1.1850497923712356e-07,-1.416505139180698e-05,8.852659548995728e-08,-1.3119730395327898e-07,-2.672798924389126e-07,-1.8143580104599813e-07,-1.420675433460699e-05,1.278410133673428e-07,1.0514483024903245e-07,1.8276200422943867e-07,-8.717151338494914e-07,-1.5188159232974321e-07,5.2001256544651515e-08,-1.7132505698364966e-05,1.9766870155715069e-07,1.1676645841120609e-07,-1.6641475260601e-05,1.1649324890753197e-07,7.851490716899949e-08,-1.2090894189795822e-07,9.74181923224405e-08,-4.7403097584254136e-08,-4.670912888375776e-08,-1.3403172470358416e-05,5.920953498902654e-07,-1.736614791310541e-05,-5.263226379999823e-08,-2.097951599517722e-07,-1.6539673984090803e-05,1.9546589483830007e-05,no movement,no movement,no movement,no movement
1016.6666666666656,0.0177458895466,0.3917565523029964,-0.2246905623666666,0.0320718925529092,0.404794490297541,-0.2135872021666666,0.0342814042037202,0.4052839136195949,-0.2023915849666666,0.0332431269546436,0.4052252375008069,-0.2057422698,0.0137372605892113,0.4130212899362402,-0.2242205897666667,0.0151004440044424,0.4117256493340451,-0.2358490252333333,0.0180799652609727,0.4022848762897375,-0.2171009144666667,0.0826952933056325,0.3886827205790976,-0.1066558080499999,-0.0316703985881627,0.360222341200139,-0.1016136113866666,0.0469251250837607,0.3810027182763743,-0.17429133003,0.0158198995459769,0.3544394529251694,-0.2003167137333333,0.1474064108018789,0.2443669507855692,0.0126170221996666,-0.0876161603339646,0.306205780564303,0.0612755894266666,0.1797215480252617,0.079487790810001,0.0255360660805,-0.1292749728479884,0.0899985694903553,0.0238552935204666,0.1424008930685731,-0.0646966988743916,-0.0154134442596666,-0.0862497409409155,-0.0222744077835824,-0.0853995107466666,0.1244652300276314,-0.0954589630378789,-0.0273585147681466,-0.0506455604643922,-0.0490568733491223,-0.1377287152466667,0.0988089018845897,-0.0927139786214808,-0.0467324084833333,-0.0170740892084285,-0.0189661870452523,-0.1513566281333333,0.132255118096229,-0.0836111283387565,-0.0228539827811233,-0.0660149148821225,-0.0186807191887292,-0.0588590205,0.0738733645742257,-0.1155778939096905,0.0275920537799999,-0.0718458987262113,-0.106789333055972,-0.0252411681866666,0.0640147001313321,-0.4524431159355832,-0.02891562406,-0.0396248357462235,-0.3904499988724745,-0.0370489789133333,0.0753101205770006,-0.7404188815825162,0.1261991558666666,-0.0726741457543618,-0.7172828255369591,0.1162160613399999,0.0591398031056889,-0.7693105224936414,0.1452821144333333,-0.0740151651955151,-0.7454246308845871,0.09047449341,0.0454077534068663,-0.7856765471305489,0.0684560253499999,-0.0673367400530598,-0.7589863413246757,-0.0107091493932666,kalt_g_ch1_g18_compr.mp4,ch1g18,2.0187695044505655e-05,0.0004907408507821,1.5788658067768594e-05,0.0001368932176544,1.707040363463894e-05,0.0005142468225841,1.6249215629738904e-05,1.4009983867162104e-05,1.677594772086472e-05,1.432148524916041e-05,0.0005384069432457,1.0303533536758684e-05,1.495160473035425e-05,1.4937273918986453e-05,5.628588073092107e-05,1.8545608875984085e-05,1.2109931310454132e-05,0.0006220804687205,7.780100826692803e-06,1.531756257700723e-05,0.0006133961653684,1.5723304668352756e-05,1.5353990470345522e-05,1.632302774174007e-05,1.4588714129904537e-05,4.367072146421441e-06,1.5504329743931923e-05,0.0004966670063586,9.514159046177462e-06,0.0006562662540662,5.966292622440663e-06,1.9284998766041463e-05,0.0005961884181461,0.0007137314279482,1.653361874598487e-05,0.0002137257118218,0.0002563911284941,0.0002132037086492,0.0002209271757221,0.0002316635996831,0.0002267390657273,0.0002142249870436,0.0001833972799611,0.0002225336650876,0.0002642443916837,0.0002484558559364,0.0001010220210803,-3.475673660486763e-05,-0.0007676328448478,-0.0012542213568361,-0.0072995304660117,-0.0068476913785357,-0.0091307772175175,-0.0084471336632058,-0.0099903296439549,-0.0091319391176399,-0.008100987439258,-0.0074562154581242,-3.223305639567973e-05,2.0552561619101555e-05,-9.720224274999888e-05,8.290915501477471e-05,-9.71256031012192e-05,-6.886344774386565e-05,-0.000169643571801,-7.866977808777645e-05,-0.0001821546844134,-0.0002879238444958,-4.053118538972366e-06,-5.456071352706905e-05,-2.7022375084303277e-06,-9.02143274599821e-06,3.279795441619328e-07,-5.8218264479542546e-05,-3.401538825546488e-06,-3.921797535851173e-07,-4.204573590648806e-06,-2.1160740799157538e-07,-2.523739704748547e-05,1.431138027318483e-06,-2.6575231678574564e-06,-2.7222396267418254e-06,2.760336196406622e-07,7.570329490053189e-07,-8.808170219841404e-07,-3.3189183626012714e-05,1.5912155808520578e-06,-2.203392227720312e-06,-7.218273122682718e-05,-3.0875541503791987e-06,-2.669510654343508e-06,-4.014835596479678e-06,1.4086603489570934e-07,-1.1752993578586369e-07,-3.51452286151833e-06,-2.3655284356013775e-05,1.629824888439127e-06,-3.291237788157953e-05,-1.0723684189023174e-07,-2.4769357974913165e-06,-6.879970148158854e-05,2.3713711253198907e-07,-1.0986765615385298e-05,4.845461675190126e-07,-3.2883245247765254e-06,6.529222671372474e-08,-1.133143713912139e-05,4.8067782412668e-07,-1.501899186402879e-07,2.598042175285292e-07,-2.364352270639102e-07,-1.4825797809264009e-05,9.943918430763365e-09,4.413870137696891e-07,5.193053012149216e-07,-6.412346718619074e-07,-2.038353389017373e-07,2.220224015882147e-07,-1.7419642679382464e-05,7.644047517631514e-08,4.169310151207203e-07,-1.309589222207615e-05,4.651638941285042e-07,4.1699693916785107e-07,2.7925046430814154e-07,7.846915918347221e-08,-2.7136651904902613e-08,3.361353645387683e-07,-1.3835498324352535e-05,4.7542817408398666e-07,-1.8015244201114584e-05,-3.7716704838096516e-08,8.313308448365976e-08,-1.3003608319200663e-05,1.798205473952349e-05,no movement,no movement,no movement,no movement
1033.3333333333323,0.0176444528650665,0.3918915897686256,-0.2289823466333333,0.0321286757507811,0.4049670038917226,-0.2178921943333333,0.0343474606277306,0.4054119098564853,-0.2066525002333333,0.0333338132756952,0.405362334617606,-0.2100580683,0.0137891532727215,0.4131840935984658,-0.2285071606333333,0.0151371772158304,0.4118816648845518,-0.2401234486666666,0.0181604775411556,0.4024319269805437,-0.2213655408666667,0.0829382557706669,0.3887630403661358,-0.1108647576966666,-0.0314682099070325,0.3603913792590387,-0.1057538239599999,0.0468766760338171,0.3811877553108517,-0.1785661510666666,0.0158327286747715,0.3546227474412513,-0.2045180698333333,0.1476215568450209,0.2443969585951988,0.0095732516596666,-0.0877509322350661,0.3061448237382833,0.0578413043209999,0.1802406802044327,0.0786448369531329,0.0262791954963333,-0.1311474844959208,0.0888200409074134,0.0236146309837999,0.145912376944171,-0.071921467966283,-0.0123039218396666,-0.0904839542941296,-0.0289205144104172,-0.0843141941133333,0.1288674941161623,-0.1044885826231044,-0.0241520256661466,-0.0555440504645543,-0.0572338821363429,-0.1367003513466666,0.1026741121004045,-0.1025909466124267,-0.0443829290499999,-0.0212315163487139,-0.0277734763316891,-0.1510895019666666,0.1356626600793858,-0.0916241496579825,-0.0200847153464566,-0.0699501891735926,-0.0259014808837648,-0.062186487,0.0739655824536284,-0.1156088205654199,0.0276412331999999,-0.0719136644345675,-0.1067704308528593,-0.02531925164,0.0642109991878692,-0.4525322281219679,-0.02798389344,-0.0393938285896248,-0.3903888213354203,-0.0359184478133333,0.0755276432873087,-0.740524990137538,0.1269442606,-0.0727054382821575,-0.7173738329028592,0.1175383588599999,0.0593582170389802,-0.7694902544745891,0.1459138302999999,-0.0741042876716627,-0.7455227205905044,0.0918497863866666,0.0453669217884964,-0.7858541513838712,0.0684260119266666,-0.0674391347972434,-0.7592783514188081,-0.0095110805742666,kalt_g_ch1_g18_compr.mp4,ch1g18,1.6484486344752655e-05,0.0004269845558728,1.3454323275895204e-05,0.0001244581412841,1.809806122785488e-05,0.0004471661354126,1.320610790187592e-05,1.4184957170570495e-05,1.2746473571768009e-05,1.3836409661460778e-05,0.0005107917702836,1.2411245362934513e-05,1.2696621369160066e-05,1.2646375091503002e-05,5.476236163166719e-05,2.026206753327161e-05,1.182321318650666e-05,0.0005859839701566,9.99827705804437e-06,1.347772404789054e-05,0.0005313996496773,1.2970855048039868e-05,1.30388331523318e-05,1.2632143643687762e-05,1.5369527754270296e-05,4.17636846930818e-06,1.233655343374113e-05,0.0004704089823528,1.1751901143703052e-05,0.0006207444728591,5.747481879291877e-06,1.7170919436156083e-05,0.0005167359554769,0.0006496838976114,1.8335428206581413e-05,9.280832541994068e-05,0.0001398138611844,9.769166008424938e-05,0.0001071644619052,0.0001189725381766,0.0001124358367216,0.0001036710273452,7.789431543515473e-05,0.0001122267371588,0.0001527191531111,0.0001373748472382,3.191443729156039e-05,-9.958293431209654e-05,-0.000799926604961,-0.0011881023773079,-0.0069264080428102,-0.0062679417505559,-0.0085997924078187,-0.0077040985383781,-0.0094460157314903,-0.0082974078775715,-0.007693436552258,-0.0068047161597862,-3.2493065650880256e-05,2.050609061681188e-05,-0.0001278113366589,6.181080316676177e-05,-0.0001290050236888,-0.0001323938477333,-0.0001994492749004,-0.0001484924299222,-0.0001859410677437,-0.0003148311897054,-3.441512372811683e-06,-6.491135086469396e-05,-1.8006946377254396e-06,-1.239856232166173e-05,4.389202400782537e-07,-6.881739949560901e-05,-2.4960849185294937e-06,-4.795679969655546e-07,-3.561649695530919e-06,-4.530168937709483e-07,-4.135864287377416e-05,1.4887498421294834e-06,-1.8089413344180668e-06,-1.7737551798954555e-06,-1.2697145012632424e-07,6.02244411545356e-07,-4.641593592802899e-07,-5.1827177963706194e-05,1.7019633190459007e-06,-1.4003787369245745e-06,-8.419007745440657e-05,-2.2082524718041267e-06,-1.856828925597326e-06,-3.355570672473283e-06,2.836565673572635e-07,-1.2844969776272032e-07,-2.7896612687187933e-06,-3.8591941233735006e-05,2.090155704111783e-06,-5.245930522298796e-05,-1.326936794269177e-07,-2.064606706399291e-06,-8.082764181490721e-05,5.848015527637662e-07,-5.713227022055473e-06,7.573888549608584e-07,-2.21593469253518e-06,9.196150997833719e-10,-5.845548646724133e-06,8.175880759181927e-07,-1.4976642598246057e-07,7.029623821143024e-07,-2.382789565557018e-07,-1.3559616586457817e-05,-1.316825163011729e-07,7.228989375215597e-07,7.864005784836952e-07,-4.265826224713496e-07,-3.09411252631997e-07,3.155428575303539e-07,-1.543541749347158e-05,-7.409434177439596e-08,6.595182652057974e-07,-6.401129261118042e-06,7.789073806474806e-07,7.064628242094388e-07,6.570852506698131e-07,5.282869899737507e-08,-1.5695173870082995e-08,6.805177072006959e-07,-1.2541003224512084e-05,2.852026277436223e-07,-1.62775361255403e-05,-3.430017608258458e-08,3.250910921389073e-07,-6.390854540867597e-06,1.3964600394502624e-05,no movement,no movement,no movement,no movement
1049.999999999999,0.0175798265137345,0.3918784867628099,-0.2327389771999999,0.0321976060628339,0.4050065934956365,-0.2216370106333333,0.0344246436189056,0.4054096856540389,-0.2103565469333333,0.033435945613674,0.4053695039574758,-0.2138130005,0.0138693918775912,0.4132104447071664,-0.2322960873666666,0.0152031136103008,0.4118992073511022,-0.2439041071999999,0.0182692897638865,0.4024470503044662,-0.225133972,0.0830922527627038,0.3887225727750001,-0.1145392930099999,-0.0312986324994759,0.3604076589803264,-0.1096270699966666,0.0468238983059587,0.3812357956048084,-0.1823088168666666,0.0158579048342774,0.3546589944248498,-0.2082804476333333,0.1477068502474693,0.2443494688048831,0.006857345533,-0.0879387481159535,0.3059507926229836,0.0544487387009999,0.1806993435582807,0.0778063350575883,0.0271610364676666,-0.1327884139760893,0.087621601673108,0.0229979263104666,0.1491849508811047,-0.0789835898895207,-0.0090210909586666,-0.0937963451386792,-0.0350205454629856,-0.0835427828466666,0.1329595176683941,-0.1132929351231004,-0.02074794151048,-0.0593276122665145,-0.0646311834512127,-0.1359265877133333,0.1062266319086683,-0.1121919297572872,-0.0417294117333333,-0.024366550379942,-0.0356361350020661,-0.1509071341333333,0.1388170175050126,-0.0994500242918595,-0.0171131885664566,-0.0729719383164999,-0.0324541840896777,-0.0662343428,0.0740537545798035,-0.1156386078545758,0.0277187199833333,-0.0719782666605591,-0.1067533803954216,-0.02542405219,0.0643770590571037,-0.4526686584876113,-0.0270571137933333,-0.0391170070029528,-0.3903800621382747,-0.0349318884966666,0.0757264781586366,-0.7406536064938757,0.1276828436333333,-0.0727135688536165,-0.717593067461328,0.1186020775066666,0.0595612796413231,-0.769689797075649,0.1465453762666666,-0.0741762773555491,-0.7457653757586844,0.0929439212833333,0.0453874156095836,-0.7860384156112412,0.06838665026,-0.0675407755489002,-0.7596079357087452,-0.0086611027242666,kalt_g_ch1_g18_compr.mp4,ch1g18,1.40173551384845e-05,0.000352587641203,1.2392059094004535e-05,0.0001084868600811,1.882122159991931e-05,0.0003688081066889,1.1468128686853783e-05,1.3823780638952492e-05,9.90163006862666e-06,1.3173030379723406e-05,0.0004635280989358,1.4171951637173725e-05,1.157506288585466e-05,1.1651860455713072e-05,5.369876328657619e-05,2.157393961240522e-05,1.2214850416730322e-05,0.0005269508080377,1.1969070586032696e-05,1.2753827750252752e-05,0.0004358604175232,1.1380941715155993e-05,1.1842540998675984e-05,9.914613441957266e-06,1.5857805574047686e-05,4.042761539721595e-06,1.0233401105200617e-05,0.0004263375394898,1.4390143741464824e-05,0.0005607537308835,5.595629112978805e-06,1.5896363627075846e-05,0.0004244036709693,0.0005663344403232,1.986777914910801e-05,-3.1532711540540933e-05,1.6325485637277585e-05,-2.420014591600945e-05,-1.3633732801571812e-05,-2.6236376312978896e-06,-1.0557723834791033e-05,-1.5860770981526953e-05,-2.865877248116911e-05,-6.724397897442077e-06,3.811832224134005e-05,2.196012301810943e-05,-3.2789833780882614e-05,-0.0001596063186495,-0.0008066166551695,-0.001100687958125,-0.0063690939253134,-0.005524155406817,-0.0078518554281779,-0.0067630497448766,-0.0086702984287705,-0.0072598339525471,-0.0070879853633884,-0.0059803713378713,-3.2771245853313865e-05,2.0641748042400227e-05,-0.0001643422173402,3.547549581269242e-05,-0.0001713917830307,-0.0001942970842501,-0.0002401604958985,-0.0002166562801064,-0.0002102324735393,-0.0003512371447438,-2.4283521730646557e-06,-6.927523410805158e-05,-6.124365789405538e-07,-1.446646118348466e-05,4.254439777419511e-07,-7.31803999103616e-05,-1.1940941998161753e-06,-5.626362291559134e-07,-2.369607371380985e-06,-7.642032445172537e-07,-5.557315726868998e-05,1.227330987497486e-06,-6.174345160647034e-07,-5.41071146659104e-07,-3.924522681021812e-07,2.826734129833388e-07,-2.410208453149101e-08,-6.769425425310099e-05,1.4832465834894331e-06,-3.311487704710799e-07,-8.860587750960823e-05,-9.57540674957447e-07,-6.946646478865555e-07,-2.2229567051773243e-06,3.5246703557582e-07,-1.3429515382514826e-07,-1.5937574772952438e-06,-5.168805715319878e-05,2.212276902701179e-06,-6.937479648483931e-05,-1.6422156671916166e-07,-1.3260287387148805e-06,-8.537333118980064e-05,7.984007882911402e-07,1.3013382916400336e-06,9.094484734692134e-07,-6.657656360369653e-07,-3.8200622454788154e-08,1.472088804669909e-06,1.034897561980558e-06,-1.0882044515174629e-07,9.992123622695016e-07,-1.8019491599076058e-07,-1.0089245281018974e-05,-2.612995548346418e-07,8.947923262137338e-07,9.2998442524541e-07,-3.031665193954226e-07,-4.18064237697796e-07,3.218528781906727e-07,-1.0886921360244142e-05,-2.204366586090083e-07,7.941560250546418e-07,2.451985235525238e-06,9.962000850294082e-07,8.897498935233111e-07,9.514359587314548e-07,4.5644065443961803e-08,-1.555890005975758e-08,9.27998201818493e-07,-9.246554801605969e-06,5.488531174659706e-08,-1.1799672112328403e-05,-4.337365516543219e-08,4.81485543664878e-07,2.296086136461363e-06,9.366291201377473e-06,no movement,no movement,no movement,no movement
1066.6666666666658,0.0175258873935834,0.3917658622161073,-0.2363279973999999,0.0322688584641101,0.4049610874505795,-0.2252083689666666,0.0345041688674515,0.4053266923864887,-0.2138905684,0.0335398705865282,0.4052971650665864,-0.2173909451333333,0.0139557992762566,0.4131420558962075,-0.2359192689666666,0.0152767008030974,0.4118217477306532,-0.2475199008,0.0183845823502927,0.4023711678549206,-0.228735458,0.0831979596905248,0.388652700109636,-0.1180218615099999,-0.0311506401507202,0.3603366963750804,-0.1133220658599999,0.0467718766062855,0.3812066541045681,-0.1858622193,0.0158867737845229,0.3546021015907089,-0.2118620495333333,0.1477279153587396,0.2442981546571202,0.0043373992963333,-0.0881396891374574,0.3057326416877509,0.0511415424266666,0.1810135150202111,0.0770524834874879,0.0280060093656666,-0.1342727748011383,0.0864843648708723,0.0221537342404666,0.1522911572644577,-0.0850686465766436,-0.005980804456,-0.0964770912636935,-0.039905275183799,-0.08294987758,0.1368198378236902,-0.120758835832098,-0.0176181212791466,-0.062371195328142,-0.0705142258738352,-0.1352738254466666,0.1096234882026489,-0.1204199753384404,-0.0392396199233333,-0.0268911286065082,-0.0418165131810709,-0.1507330751666666,0.141822805375817,-0.1062154180828813,-0.0143804451971233,-0.0754004280885398,-0.0376602352377053,-0.0690226257,0.0741363922945102,-0.1156690238408124,0.0278266199133333,-0.0720383156731111,-0.106735743360191,-0.0255597249633333,0.0644911037927918,-0.4528270066055422,-0.02612015653,-0.0388699815280392,-0.3903742398098456,-0.0340821091766666,0.075924567740077,-0.7408146636831671,0.1284336687,-0.0727076533918189,-0.7178413303777643,0.1195182744266666,0.0597699998536135,-0.7699191445043767,0.1471971182999999,-0.0742322344423162,-0.7460442747255994,0.0938918015333333,0.0454418190775125,-0.7862240450568542,0.06836219969,-0.0676052296681268,-0.75996680800264,-0.0078988668542666,kalt_g_ch1_g18_compr.mp4,ch1g18,1.2444358343744997e-05,0.0002765037996266,1.2497410144956156e-05,9.1541434374992e-05,1.8944416996234065e-05,0.0002885194107851,1.1041012399463258e-05,1.295103767648942e-05,8.368834430611477e-06,1.2411113069407912e-05,0.000400627889591,1.534141131201762e-05,1.1590985572929323e-05,1.1851435083032934e-05,5.408773821108074e-05,2.175205111345704e-05,1.256691346535596e-05,0.000450849360224,1.3405179168598313e-05,1.304598137239672e-05,0.000338513596547,1.1079657883056372e-05,1.176488924443823e-05,8.359598175118173e-06,1.5876171202975016e-05,3.980269433362109e-06,9.301341855751445e-06,0.0003683383812195,1.6822022624155885e-05,0.0004817932729931,5.559423016197951e-06,1.5191943778962115e-05,0.0003307087943013,0.0004726868222403,2.0778634233471534e-05,-0.0001442570797138,-9.810550657817964e-05,-0.0001364536140538,-0.0001253644412526,-0.0001170759702859,-0.0001255688841245,-0.0001285735150599,-0.0001217588375223,-0.000118728147664,-6.532045343749121e-05,-8.329209303777074e-05,-9.155517720355272e-05,-0.000210122148686,-0.0007986969184311,-0.0009863428916566,-0.0056755031178583,-0.0046015167214206,-0.0069348178502002,-0.0056023778118608,-0.0077044343944402,-0.0060052958778275,-0.006327105495473,-0.0049706945251608,-3.280081054789903e-05,2.080964307493777e-05,-0.0001968210617548,3.7930362362564474e-06,-0.0002102334985172,-0.0002458185617187,-0.0002768958473652,-0.0002731368229693,-0.0002346474279101,-0.0003758998682367,-1.2734083476702718e-06,-6.5529392557396e-05,6.050283393610892e-07,-1.4705998382260986e-05,3.090514702894771e-07,-6.907725002864318e-05,2.1675474488263547e-07,-6.102133057792602e-07,-9.372350934647264e-07,-1.0100236963439e-06,-6.460232863531912e-05,8.513849431565854e-07,6.180163562092472e-07,6.929299861901155e-07,-4.442211136059286e-07,-1.6462004711124238e-07,3.286157723106953e-07,-7.720133520943235e-05,1.1321627527857356e-06,7.691688857308168e-07,-8.289715059640148e-05,3.560839235468373e-07,5.421862335282382e-07,-8.816031528856717e-07,3.558671288366023e-07,-1.4496947601759805e-07,-2.622945350292662e-07,-5.993530631341346e-05,2.0860830238642486e-06,-7.97531226209309e-05,-2.1036061851442664e-07,-4.829026936614757e-07,-7.998506011529948e-05,8.768240362810413e-07,8.944485889567465e-06,9.125240272852166e-07,1.1223450760869184e-06,-2.9891013001894284e-08,9.462676033024698e-06,1.0893043587924216e-06,-2.9149925974520193e-08,1.125747648263563e-06,-6.565370222759888e-08,-4.619278028911102e-06,-3.609102075520393e-07,9.172826038769672e-07,9.233511949937828e-07,-3.105820042636273e-07,-4.843656866239645e-07,2.6836976989831653e-07,-4.114109727912093e-06,-3.4161956780825644e-07,7.902114318470274e-07,1.2040672726182576e-05,1.069708351340933e-06,9.252636414103668e-07,1.1091747557798354e-06,6.859497742241342e-08,-2.5183585717669035e-08,1.0270334342851448e-06,-4.152477592615941e-06,-1.6827315391202704e-07,-4.898186691423843e-06,-6.203668910043619e-08,5.353513623305984e-07,1.1660288261673388e-05,9.929905217928213e-06,no movement,no movement,no movement,no movement
1083.3333333333326,0.0175155062171604,0.3915346903383728,-0.2400493855999999,0.0323715822498032,0.404776313830847,-0.2289364010666665,0.0346095662318567,0.4051068329578179,-0.2175819307666667,0.0336685873085282,0.4050891622739747,-0.2211238732666666,0.0140590991851631,0.4129331861837744,-0.2396838670666667,0.0153719475566124,0.4116054808809949,-0.2512861856666666,0.0185166901556131,0.4021541543140346,-0.2324811132333333,0.0832929926839695,0.3884588382698267,-0.1216237678466666,-0.0310112371344199,0.3601156852732585,-0.1171089945499999,0.0467518288943248,0.3810555726240843,-0.1895359021333333,0.015941128754944,0.3544304169368525,-0.2155693293,0.147750025317534,0.2441638567433162,0.0016984350663333,-0.088343347723291,0.3054681225383944,0.0477478274179999,0.1811215970493069,0.0763030993252986,0.0281151434666666,-0.1355602578003461,0.0854076870521348,0.0206318746127999,0.1551595869711331,-0.0902363968499936,-0.0046885059093333,-0.0982849523951427,-0.0439255598017491,-0.08359256168,0.1403961222440704,-0.1270126544560094,-0.01636164891248,-0.0644148908048507,-0.0753789112321026,-0.13598915618,0.1127831952194661,-0.1273671598087748,-0.03846386808,-0.0284062539992366,-0.0469744486600411,-0.1519093758,0.1446196240231309,-0.1119753897421591,-0.0133344363337899,-0.0769278714182524,-0.041976338781026,-0.0672562793,0.074218865683535,-0.1157017581828164,0.0279457173199999,-0.0720990466976228,-0.1067146011439082,-0.0257069904066666,0.0645866317352435,-0.4530258301971455,-0.0251869750966666,-0.0386580116217857,-0.3903720108566446,-0.03331422316,0.076128960954468,-0.7410065829155367,0.1292978337333333,-0.0726747846591951,-0.7181018519396444,0.12047145452,0.0599836485942644,-0.7701718766334803,0.1479923917666666,-0.0742444466152943,-0.7463356314715429,0.09489038112,0.0454949152890583,-0.7864341486649954,0.0685936691133333,-0.0676364235235459,-0.7603307361875833,-0.0071145181875999,kalt_g_ch1_g18_compr.mp4,ch1g18,1.1603065537718126e-05,0.0002098077276756,1.3585447272469709e-05,7.699710885711766e-05,1.8942281969814908e-05,0.0002178965555213,1.1788545267032458e-05,1.202333375908754e-05,8.102876702907399e-06,1.1459502805140591e-05,0.0003277687653915,1.6114823337620716e-05,1.2594825518093969e-05,1.303173110128784e-05,5.517017765282077e-05,2.135731235957731e-05,1.3252728090582562e-05,0.0003639198971921,1.4433444540254504e-05,1.4162310568702734e-05,0.0002532514333002,1.1922033761335775e-05,1.2684985966145826e-05,7.890091021333561e-06,1.594413009774343e-05,3.9163212634629076e-06,9.419141466695284e-06,0.0003011239161822,1.856441306079711e-05,0.0003914509836509,5.463578130440935e-06,1.4832705914802766e-05,0.0002488322465013,0.0003790345614372,2.15067339656762e-05,-0.0002226199807453,-0.0001826094469733,-0.0002177495963273,-0.0002070629434426,-0.0002028639759012,-0.0002105751898266,-0.0002126662232283,-0.0001897676622068,-0.0002067630280396,-0.0001395784028469,-0.0001591851937526,-0.0001419668832019,-0.000245643657756,-0.000778207932005,-0.0008563619823429,-0.0048501796273019,-0.0035067033538506,-0.0058656789025787,-0.004228192908851,-0.0065514293030143,-0.0045311144690984,-0.0054103607497688,-0.0037796024716642,-3.212211078308394e-05,2.0532730886483628e-05,-0.0002099487462093,-3.096645500716597e-05,-0.0002302106875709,-0.0002719094373058,-0.0002937285104852,-0.0003010706223479,-0.0002457467050538,-0.0003777280294633,-3.166769278720322e-07,-5.33446604706027e-05,1.518321167395925e-06,-1.2926425154351631e-05,1.518904776631407e-07,-5.626228737606208e-05,1.3504083718010276e-06,-6.45368381566361e-07,3.511413850005765e-07,-1.083636990153198e-06,-6.705506002341223e-05,4.09298198583435e-07,1.5487779328164615e-06,1.5982347854656548e-06,-5.068144619767788e-07,-6.906050758034783e-07,5.012275819226378e-07,-7.867242813352632e-05,6.936522814692761e-07,1.5687681779423822e-06,-6.69561300673295e-05,1.4474138726931495e-06,1.498603390196818e-06,3.339688567903389e-07,3.152582350897736e-07,-1.7246968857124645e-07,8.444693004459422e-07,-6.209184762604092e-05,1.7400452897221423e-06,-8.183571928533212e-05,-2.754450646293566e-07,1.32471532109226e-07,-6.442722705163999e-05,8.368872252073353e-07,1.5913919421691377e-05,7.743384142708379e-07,2.827192384634114e-06,1.2422993053932996e-08,1.676751340351556e-05,9.818495191066171e-07,6.86738558166662e-08,1.0845630271628785e-06,9.703103848748037e-08,2.224100108405055e-06,-4.275120402213758e-07,7.911061245017888e-07,7.769243849271546e-07,-4.023277403446935e-07,-5.076366916143454e-07,1.625730138836554e-07,4.107507769586729e-06,-4.315084704537812e-07,6.515484797232896e-07,2.0735763241296167e-05,9.939237334365313e-07,8.101672961922183e-07,1.1185876997527492e-06,1.0324281761351693e-07,-3.797868521293056e-08,9.732495112607764e-07,2.179992828198347e-06,-3.4902314125808554e-07,3.5966948711701e-06,-7.837994297582864e-08,4.928352551891419e-07,2.011933211495188e-05,1.6314413396793224e-05,no movement,no movement,no movement,no movement
1099.999999999999,0.0175883541023045,0.3912869492352662,-0.2437195554999999,0.0325347930490435,0.4045646282745073,-0.2326403260999999,0.0347684245250956,0.4048632808259386,-0.2212486163,0.0338508588862922,0.4048569241570501,-0.2248276840333333,0.0142031530017721,0.4126977762879161,-0.2434113920333333,0.0155106661378028,0.4113641909310581,-0.2550243068666666,0.0186876740572426,0.401908124862689,-0.2361928919666666,0.0834163854980486,0.3882508022484734,-0.1251642492399999,-0.0308647224853209,0.3598611687448055,-0.1208211464866666,0.046802940248564,0.3808847026848299,-0.1931427731666666,0.0160517343026041,0.3542397727645506,-0.2192240124333333,0.1477966980311407,0.2439875884074936,-0.0009393141003333,-0.0885209666269849,0.3052067604379783,0.0444077063309999,0.1808635658117521,0.0755611787312774,0.0278678004566666,-0.1364783857931366,0.0846043176503181,0.0189492137144666,0.1575092044447079,-0.09441451969455,-0.0038906416726666,-0.0993371582807562,-0.0468087840058158,-0.0847461474799999,0.1434043624278551,-0.132024176455721,-0.0155393079691466,-0.0656718205520667,-0.0789322490645721,-0.1373242475466666,0.1155737325039869,-0.133005209755655,-0.0380449644,-0.0291710711788128,-0.050823482057505,-0.1536260938666666,0.1469824603625444,-0.1166476104522349,-0.0127294602404566,-0.0777300758923126,-0.0451186355137408,-0.0679559708,0.07430103834714,-0.115736129071663,0.0280484685266666,-0.0721604672503717,-0.1066906082368012,-0.0258345349699999,0.0646934942695219,-0.453250957469525,-0.0243249688133333,-0.0384931508615889,-0.390374322855159,-0.0325565829333333,0.0763422990435414,-0.74121865285835,0.1301866038,-0.0726340782112655,-0.7183643098188588,0.1215852104533333,0.0602022713457796,-0.7704376471156723,0.1488285575333333,-0.0742393110469254,-0.7466282648434455,0.0960605025033333,0.0455575771609013,-0.7866545696912481,0.06895447217,-0.0676537554414301,-0.7606935696553495,-0.0061322258799333,kalt_g_ch1_g18_compr.mp4,ch1g18,1.1773119309216627e-05,0.0001594391588824,1.5794493101187847e-05,6.546919422413355e-05,1.866605405743868e-05,0.0001644709876989,1.3901435169268812e-05,1.1136426715638473e-05,9.187887263064368e-06,1.0476032773479496e-05,0.0002559887968076,1.6202264333887286e-05,1.4809668092393836e-05,1.5323317919995714e-05,5.6121715933599995e-05,2.024051371068067e-05,1.363425210536086e-05,0.000280609086414,1.4794548404222252e-05,1.633261510060274e-05,0.0001899803337516,1.4147026872920266e-05,1.4856243240845444e-05,8.885912961277999e-06,1.5966394702573908e-05,3.776765610174768e-06,1.0936014547634876e-05,0.0002349355167465,2.011435505646707e-05,0.0003041400729589,5.2121938922056606e-06,1.533343718818066e-05,0.0001884729080062,0.0002967345696169,2.176704900263826e-05,-0.000270981153721,-0.0002398719054784,-0.0002702412384054,-0.0002607636807317,-0.0002611803764392,-0.0002668310350463,-0.0002688007606226,-0.0002334176333229,-0.0002707183968674,-0.0001888800758441,-0.0002094418005187,-0.000180411636936,-0.0002736617512974,-0.0007500433729394,-0.000757786680142,-0.0039476434617018,-0.0023126182567507,-0.0047071619751448,-0.0027135564835289,-0.0052763112725677,-0.0029076492199838,-0.0043961142724175,-0.0024773314614133,-3.041029832464341e-05,1.946752590172999e-05,-0.0002005957017645,-6.714330653640408e-05,-0.0002198349323945,-0.000270018100133,-0.0002785819637102,-0.0002983676614962,-0.000235957258589,-0.0003541433531493,3.806609933431672e-07,-3.341556519061481e-05,2.097822602421866e-06,-9.065540838932716e-06,4.7726335010202794e-08,-3.541575485925387e-05,2.1537238518840098e-06,-6.452797036321487e-07,1.3315313123220876e-06,-8.961671670225403e-07,-6.186901565187662e-05,-8.39304324337876e-08,2.157680301106242e-06,2.1639088180276643e-06,-7.602589386118089e-07,-1.281000302031973e-06,5.231094788867712e-07,-7.10692027102226e-05,1.8469885214061993e-07,2.0413702857232875e-06,-4.161999295263534e-05,2.29252120446626e-06,2.1424973222165813e-06,1.360530927468494e-06,2.93813042095855e-07,-2.1740810083648967e-07,1.6766711570126098e-06,-5.71379053054246e-05,1.288033993636492e-06,-7.460829182784356e-05,-3.538162806475299e-07,4.950528215672232e-07,-3.962717204920702e-05,6.88193691508069e-07,2.106484307001881e-05,5.126669731083152e-07,4.193238530643438e-06,7.968115089936354e-08,2.2182798309766283e-05,7.274607940818365e-07,1.6711038897288047e-07,8.836879396883793e-07,2.761559754856955e-07,9.353945278703576e-06,-4.485169743816501e-07,5.312367845032473e-07,5.092958061973068e-07,-4.984126519641084e-07,-4.726068763295241e-07,4.279618724882266e-08,1.2419795293333363e-05,-4.768311097012955e-07,3.929353482052318e-07,2.7083638092979837e-05,7.72660402649199e-07,5.560558159583958e-07,9.753021676557442e-07,1.3951509091244165e-07,-4.68241864380448e-08,7.738778004991026e-07,8.753131081456959e-06,-4.95259668564007e-07,1.2291798516920903e-05,-8.301039091221413e-08,3.621693787676666e-07,2.624838129780452e-05,2.3198633189052277e-05,no movement,no movement,no movement,no movement
1116.666666666666,0.0177117948618482,0.3910437119005948,-0.2463250458999999,0.0327078263996639,0.404350623580251,-0.2352877905999999,0.0349359927748377,0.4046204902214421,-0.2238608509666666,0.03404008545731,0.4046243253808845,-0.2274598256333333,0.0143586495495909,0.4124640369325403,-0.2461135795333333,0.0156616346591434,0.4111251599782004,-0.2577379608333333,0.0188678539653432,0.4016633324919151,-0.2388863901,0.0834819266191206,0.3880519711989815,-0.1275943904733333,-0.0307752082815895,0.359615415076091,-0.1236734002866666,0.0468736518255297,0.3807180691712675,-0.1956628659999999,0.0161746175783476,0.3540547808489716,-0.2218607276999999,0.1477526663389797,0.2438052731042091,-0.0029483239203333,-0.0887022528478194,0.3049714502018044,0.0418240116876666,0.1802734979128905,0.0748360725705707,0.0277674317303333,-0.1369234646429017,0.0841108476673506,0.0173841198737999,0.1587915781798647,-0.09768120788977,-0.0026544373026666,-0.0993530698424494,-0.0484580951971937,-0.0858909669466666,0.1451384864709112,-0.1358330703613702,-0.0140512647258133,-0.065723035424983,-0.0809434833039688,-0.1384992597466666,0.1173605921550829,-0.1373781335474254,-0.03684258896,-0.028980952798266,-0.0531136769705453,-0.1549044466,0.1483660787823978,-0.1202980563119441,-0.0115957148271233,-0.0776008599960534,-0.0469529330737273,-0.0666334629,0.0743781703194571,-0.1157681824816413,0.02811761991,-0.0722172752636377,-0.1066687682002239,-0.0259216365399999,0.0647817573553962,-0.4534566039674803,-0.0235181985266666,-0.0384082018384214,-0.390436295307581,-0.0318744594333333,0.0765269255332005,-0.7414394930922499,0.1310427808,-0.0725956560827333,-0.7186200492021602,0.1228137645099999,0.0603965253192427,-0.7707100569764619,0.1496547588666666,-0.0742329399851083,-0.7469090463300435,0.0973528164,0.0456058165035133,-0.7868873488103045,0.06940194336,-0.0676722852846443,-0.7610438423668369,-0.0049439152430333,kalt_g_ch1_g18_compr.mp4,ch1g18,1.2780086744204752e-05,0.0001358094300374,1.8598142929279127e-05,5.850939444345739e-05,1.857024830207814e-05,0.0001393451939229,1.6872334974130587e-05,1.0544401155758584e-05,1.1427757391968152e-05,9.62789186130822e-06,0.0001916660465858,1.5451771114606845e-05,1.7740334213332078e-05,1.8186848550108564e-05,5.538579948902101e-05,1.834748598630039e-05,1.406357314492414e-05,0.0002077197684574,1.4373821028852307e-05,1.9039201099409323e-05,0.0001616905062829,1.7275293583727197e-05,1.7778944894069185e-05,1.1076738075368416e-05,1.622280262794545e-05,3.5376757494681763e-06,1.346248194916055e-05,0.0001755740412686,2.1031075770109617e-05,0.0002273856266252,4.7958635532929865e-06,1.6446637962832347e-05,0.0001617524321105,0.000236138479028,2.1674548578338388e-05,-0.0002909061380107,-0.000269924730594,-0.0002937845459195,-0.0002860746085502,-0.00028909128186,-0.000291863929708,-0.000294020325098,-0.0002550285235475,-0.0003052143984002,-0.0002158051441278,-0.0002346791093307,-0.0002069836800381,-0.000290894558926,-0.0007128829029606,-0.0006716975259512,-0.002954303994278,-0.0010342393878901,-0.0034457684564877,-0.0010894910136156,-0.0038643825998758,-0.0011613718314875,-0.0032680828191369,-0.0010794283930328,-2.7427332921905085e-05,1.743827233594739e-05,-0.0001672451995887,-0.0001005835245538,-0.0001817608231039,-0.0002414221549905,-0.0002326199328703,-0.0002664930094197,-0.0002076183276546,-0.0003048187953293,8.374233655330419e-07,-7.681636278010587e-06,2.33364807956604e-06,-3.4111106123608303e-06,9.920681383220417e-08,-8.573402779583922e-06,2.6000658047225677e-06,-5.275677370860224e-07,1.944584762696406e-06,-4.5054526548844906e-07,-4.886655228192611e-05,-5.81488454739576e-07,2.418979623253181e-06,2.383920314411485e-06,-1.3596695065861085e-06,-1.8569292407412245e-06,4.236327461189736e-07,-5.4281339034607454e-05,-3.446831196551951e-07,2.173202866367417e-06,-9.271763272252014e-06,2.8210735006056446e-06,2.440887938997694e-06,2.127269210009859e-06,3.880679462586987e-07,-2.691846755392474e-07,2.1940374835059885e-06,-4.4937688307665306e-05,7.489044025147342e-07,-5.793157611045884e-05,-4.4274254032170566e-07,6.47973198123617e-07,-7.86367025651453e-06,4.739885508561444e-07,2.346999923143002e-05,1.855731236752358e-07,5.0048273399136446e-06,1.450505790957857e-07,2.4735476805237128e-05,3.839519557295568e-07,2.437857664598229e-07,5.821955144179965e-07,4.385174921965092e-07,1.5704215018205796e-05,-4.135838162862281e-07,1.9694757731198333e-07,1.79869473886171e-07,-4.749212293086605e-07,-3.7061836305278737e-07,-7.73249726464693e-08,1.9593537601564645e-05,-4.669990173792135e-07,7.344979370984777e-08,2.994918226652854e-05,4.539111748376082e-07,2.205857910323515e-07,7.14487320359198e-07,1.59607013629435e-07,-4.652348957801139e-08,4.761548242846694e-07,1.4597796523955469e-05,-5.85852398272253e-07,1.9877005647565785e-05,-7.06219365136304e-08,1.9322833744662763e-07,2.895580452131171e-05,2.809288831990273e-05,no movement,no movement,no movement,no movement
1133.3333333333328,0.0178787193126834,0.3907238454782312,-0.2482412855666666,0.0328946489189984,0.4040383599311272,-0.2372308985333333,0.0351154137989919,0.4042859354744174,-0.2257745306,0.0342394347557388,0.4042963214732544,-0.2293839291333333,0.0145274815451736,0.4121341710741366,-0.2481398776666666,0.0158262580780105,0.4107918723556255,-0.2597798654666666,0.0190595367932638,0.4013272638200664,-0.2409075553,0.083444922115759,0.3877701788632762,-0.1293141034233333,-0.0307639855156255,0.3592671148832188,-0.1259886718533333,0.0469657553656817,0.3804747195170796,-0.1975006838333332,0.0163170091245029,0.3537917170760332,-0.2238644962666666,0.1475990157884229,0.243595499474458,-0.004462671687,-0.0889144467879816,0.3046787361732358,0.0395540890376666,0.1794363113924766,0.0741065429265274,0.027766579477,-0.1367848104729198,0.0835858195894056,0.0154752287611333,0.1589903155678317,-0.1001937846698457,-0.0013060581093333,-0.0983466974581367,-0.049058583730282,-0.0873181316133333,0.1455455151735747,-0.138664861685435,-0.0123654424658133,-0.0646171747983267,-0.0814441843335346,-0.1399441482133332,0.1179350437237817,-0.1406112268168404,-0.03531942368,-0.0279580518043482,-0.0536890439379947,-0.1564378928333333,0.1486653721018075,-0.1230763368725557,-0.0102740618604566,-0.0765859411183523,-0.0475696352952686,-0.0673856586,0.0744531745853812,-0.1157947494375592,0.0281887387466666,-0.0722728794224197,-0.106651965476856,-0.0260059317866666,0.0648382009327038,-0.4536211888707325,-0.02292149028,-0.0383754618910579,-0.3905626073621573,-0.0314712091766666,0.0767158491706265,-0.7416590440403584,0.1316737782,-0.0725596984227435,-0.7188594455650134,0.1238612143166666,0.060595704591084,-0.7709803849981995,0.1502706427333333,-0.0742283834089837,-0.7471726479467907,0.0984664104833333,0.0456660437781787,-0.7871525719206377,0.0697307258066666,-0.0677178673072721,-0.7613807415449019,-0.0038591058313666,kalt_g_ch1_g18_compr.mp4,ch1g18,1.4345043657042744e-05,0.0001426537108249,2.1539983589179978e-05,5.753219673850748e-05,1.870956171746386e-05,0.0001463879679219,2.0249484246873647e-05,1.024991369586948e-05,1.432308417963862e-05,9.065280366517748e-06,0.0001477662329122,1.4198955635353463e-05,2.086180921087654e-05,2.1169581569755983e-05,5.355433460896291e-05,1.581503599373597e-05,1.412131019559342e-05,0.0001602394642425,1.3425378423860987e-05,2.1787029168630314e-05,0.0001723503944601,2.0882336360743824e-05,2.0935911699209676e-05,1.4121676942174498e-05,1.6735505575465866e-05,3.216308637723326e-06,1.6530542185393468e-05,0.0001351124485451,2.1231769915974444e-05,0.0001765176243873,4.258810461764445e-06,1.765170331970065e-05,0.0001727415995982,0.0002116210655416,2.1455021153341262e-05,-0.0002857897366912,-0.0002755585971363,-0.0002914793707085,-0.0002860815987694,-0.0002902086101716,-0.0002899875816112,-0.0002921222093932,-0.0002582692321214,-0.0003149039055846,-0.0002235149819898,-0.0002393014875375,-0.0002221926253061,-0.0002996956792828,-0.0006581585645095,-0.0005860957330952,-0.0018955741946275,0.0002678793242219,-0.0021208925845346,0.0005599490889431,-0.0023555504418633,0.0006232306888308,-0.002056178963367,0.0003503065542097,-2.2997873808534936e-05,1.4206678388661428e-05,-0.0001128669345229,-0.0001300112343092,-0.0001172381643783,-0.0001928299235121,-0.0001573614518381,-0.0002127103269672,-0.000160535648928,-0.0002342218674619,9.8419610327951e-07,1.9548538496607904e-05,2.191404961259212e-06,2.8019538706268507e-06,2.9861489341737e-07,2.0081246383112568e-05,2.634253739073489e-06,-2.506030638405401e-07,2.1545566728783724e-06,1.2302305914023978e-07,-2.9435758172212852e-05,-1.0047723853892756e-06,2.283294598761116e-06,2.228580470321618e-06,-2.1280221878975592e-06,-2.305265027567705e-06,1.976757575135275e-07,-3.019109402781085e-05,-8.168445165032184e-07,1.9297579195199207e-06,2.5541075996981235e-05,2.967732220395209e-06,2.333927413045251e-06,2.5460967125006134e-06,5.978006698256083e-07,-3.26713936229241e-07,2.3412637714370566e-06,-2.687880156974324e-05,9.002743717599678e-08,-3.347770308184361e-05,-5.254135590655359e-07,5.35007065657499e-07,2.5810056776974444e-05,2.480360482316436e-07,2.2743014437232743e-05,-1.296933004149407e-07,5.118020510422658e-06,1.916036737234851e-07,2.401498213076856e-05,2.7627588914705852e-08,2.93097064985211e-07,2.519548714322973e-07,5.552567158478247e-07,2.011042465539111e-05,-3.285846201608471e-07,-1.3075419731991106e-07,-1.352689816793167e-07,-2.987742845099363e-07,-2.0150147525836866e-07,-1.630399028634373e-07,2.4305111952873016e-05,-4.052757307673948e-07,-2.263980826427423e-07,2.8880390699882597e-05,1.0744794746919101e-07,-1.1529936595478847e-07,3.916795205549933e-07,1.5439698011268268e-07,-3.4761243946454654e-08,1.508777184060934e-07,1.864579516451917e-05,-6.137127842974021e-07,2.4957409593237902e-05,-4.0508554726746294e-08,4.5729223092610765e-08,2.781252850916246e-05,2.98528689245703e-05,no movement,no movement,no movement,no movement
1149.9999999999995,0.0180832474830075,0.3903798006079074,-0.2485106160999999,0.0331003823186059,0.4036917381612743,-0.2375341873333332,0.0353135445102893,0.4039242694714166,-0.2260687927666667,0.0344567415296534,0.403937137513934,-0.2296779663,0.014725610255315,0.4117701985930512,-0.2485038176666666,0.0160199719172169,0.410426803591472,-0.2601564024333333,0.0192754475566142,0.4009610339077931,-0.2412732879333333,0.0833877227915955,0.387466305816439,-0.1296077099466666,-0.0307243136573058,0.3588866459508905,-0.1267242085533333,0.0470853809826496,0.3801992264430998,-0.1977808408666666,0.0164876643296498,0.3534960596763188,-0.2242642467333332,0.1474169524343748,0.2433772346272771,-0.0049384375613333,-0.0891151481485135,0.304367807698477,0.0385495378109999,0.178646733325081,0.0734643497482723,0.028123332277,-0.136153123336312,0.0830704231488575,0.0136926511987999,0.1585584434973485,-0.1015777847424981,-2.9794142666666536e-05,-0.0965509605018896,-0.0482182657459971,-0.0888446656799999,0.1451219314978029,-0.1401471975477845,-0.0106624225291466,-0.0625774861239659,-0.0800833863624224,-0.1413378697133333,0.1176041319907354,-0.1422940088153841,-0.0337520478933333,-0.0262506156454121,-0.0521933552438351,-0.1580177228666666,0.1482751279743639,-0.1245791053906906,-0.0089361270137899,-0.0748901485838481,-0.0465719247051582,-0.067757085,0.0745263052439316,-0.1158140256458177,0.0282573187933333,-0.0723278582916593,-0.1066412687776069,-0.0260819264066666,0.064895881582621,-0.4537702217409061,-0.02268240131,-0.0383435368838908,-0.3907285520163037,-0.0311893027999999,0.0769047136784093,-0.7418725266558797,0.1318647899666666,-0.07252303745202,-0.7190736928662406,0.1246324107499999,0.0607946917254238,-0.7712422702124313,0.1504662274333333,-0.0742225107384802,-0.7474071276767484,0.09927368859,0.045773288251894,-0.7874319999729876,0.0698202823399999,-0.0677605646239381,-0.7616642218051355,-0.0029560995360333,kalt_g_ch1_g18_compr.mp4,ch1g18,1.5735474484972133e-05,0.0001788872321762,2.3870621608284004e-05,6.311259262080219e-05,1.90607546019478e-05,0.0001841755340964,2.3207775129139886e-05,1.02204510619653e-05,1.69996948988257e-05,9.043635391200916e-06,0.0001312561653594,1.2940607754235528e-05,2.339550546045897e-05,2.3528818995134297e-05,5.067968384999323e-05,1.3293135048242184e-05,1.4022078768456197e-05,0.0001457705422572,1.2234576971422035e-05,2.384751359524703e-05,0.0002192969695131,2.416452682773456e-05,2.3536421997331308e-05,1.7280641358413058e-05,1.7407451606503317e-05,2.8441330674850333e-06,1.936518242705578e-05,0.0001199789989918,2.08056647880684e-05,0.0001595793766007,3.660712914700457e-06,1.844154407865232e-05,0.0002191052444053,0.0002301026547808,2.1276847630755957e-05,-0.0002695480394238,-0.0002698070808273,-0.0002768079180038,-0.0002739187097013,-0.0002752096083786,-0.0002723614773096,-0.0002736014536578,-0.0002556841292765,-0.0003065665440248,-0.0002244124560487,-0.0002340754272663,-0.0002320614464772,-0.0002971349448238,-0.0005830092459848,-0.0004749217534239,-0.0007782096002606,0.001536873390841,-0.0007391468269197,0.0021547578572408,-0.0007683691242079,0.0023621546610607,-0.0007752773362147,0.0017482567883395,-1.7252629349555973e-05,9.8193797218971e-06,-4.1614801061683165e-05,-0.0001555043893418,-2.984683298428333e-05,-0.0001338245873397,-5.668050177015722e-05,-0.0001471732965036,-9.514100952667172e-05,-0.0001488908829748,9.69115771996062e-07,4.343636033801093e-05,1.8091154700604449e-06,8.337345742215438e-06,5.782079405528936e-07,4.542396873670535e-05,2.3825238499890855e-06,1.252335132700948e-07,2.1113655659910783e-06,7.430627724245571e-07,-5.508678039106025e-06,-1.2768709697421377e-06,1.8872751793936124e-06,1.8452468939543663e-06,-2.6676527724344247e-06,-2.4595607760595055e-06,-9.035942321213909e-08,-1.469768737083156e-06,-1.16566528671227e-06,1.4526360315355902e-06,5.605708103729132e-05,2.8353833240448733e-06,1.9494852092960594e-06,2.686283422535313e-06,8.320453559857886e-07,-3.738393994138488e-07,2.2179540546383013e-06,-4.814313328710863e-06,-5.275509641116339e-07,-3.74742895216252e-06,-5.804799708811381e-07,3.244270378756793e-07,5.4905883757364514e-05,6.764109965789694e-08,1.8957855484734103e-05,-3.718501149160612e-07,4.51882241477636e-06,2.034376100696699e-07,2.009093691899889e-05,-2.7240777197316076e-07,3.0667888470193733e-07,-2.4713902988847456e-08,5.963778217827658e-07,2.1834270404117694e-05,-2.0999503867237465e-07,-3.8586158073845794e-07,-3.753351512471231e-07,4.1665286436502814e-08,-1.0625069895418651e-09,-2.1083716978819285e-07,2.5769518619314787e-05,-2.997215639559009e-07,-4.455242529444612e-07,2.399519453950148e-05,-1.9893981277660296e-07,-3.843992732554062e-07,7.344226949687221e-08,1.1749805873564521e-07,-1.2919438907264293e-08,-1.3516887910284414e-07,2.022022939183256e-05,-5.817265871629521e-07,2.6688367391796536e-05,2.732512506565147e-09,-4.1002773748833225e-08,2.2956536931707227e-05,2.8083437347496677e-05,movement,movement,no movement,no movement
1166.6666666666663,0.0183783778833727,0.3901130161182853,-0.2476482590666666,0.0333736609543997,0.4034146948019465,-0.2366483887999999,0.0355768425962831,0.4036437363776244,-0.2251776432,0.0347372029613648,0.4036575092663783,-0.2287870591333333,0.0149952097475089,0.4114937658782022,-0.2476932799333333,0.0162843866561345,0.4101552479641312,-0.2593624978666667,0.0195515734364139,0.400689505882602,-0.2404719576333333,0.0833465423749467,0.3872026773141362,-0.1287084087233333,-0.0306581732935661,0.3585976684571605,-0.12632365913,0.0472711474570109,0.3799794350378034,-0.1969624185999999,0.0167079977004993,0.3532714512712706,-0.2235760847999999,0.1472269714833384,0.2431550331296731,-0.0045458422413333,-0.0893060171456319,0.3040995788998371,0.0384786885043333,0.1779329668971013,0.0729180790029217,0.028207740587,-0.1349807133006373,0.0827299400970734,0.0112520606621333,0.1574521181831958,-0.1019221066508201,0.0004418361173333,-0.0937634298982912,-0.0459171479457697,-0.0914490258133333,0.143729502498341,-0.1404183961333583,-0.0097937842958133,-0.0594534686759524,-0.0769955628965722,-0.1438685324466666,0.1162170426987712,-0.1424988518917323,-0.0327168397633333,-0.0235982374518176,-0.0488434551534619,-0.1606457294,0.1471365024389771,-0.1248652854967974,-0.00829907772379,-0.0722893412857806,-0.0440059223190381,-0.0681405738,0.0745884374729888,-0.1158270122199276,0.02830245708,-0.0723756664595002,-0.1066356180429834,-0.0261280173133333,0.0649577929307843,-0.4537978732558791,-0.0225825327333333,-0.0383613338926874,-0.3909272160727906,-0.03095656231,0.0770973880923215,-0.741875138429663,0.1316165068,-0.0724763999205378,-0.7191757975171399,0.1251398034666666,0.0609966766973818,-0.7712726133616378,0.1501946845666666,-0.0742018739515283,-0.7475190276935647,0.0997805282966666,0.0459005498867675,-0.7875093868193076,0.0695586136033333,-0.0678061139778295,-0.7617670857805542,-0.0022579112173666,kalt_g_ch1_g18_compr.mp4,ch1g18,1.64491505291918e-05,0.00023814956246,2.5187440120335343e-05,7.465211824809625e-05,1.986538378239761e-05,0.0002461575462911,2.524986943743784e-05,1.047622253341865e-05,1.88318807728976e-05,9.928532513542094e-06,0.0001396485193037,1.1557856438467028e-05,2.489096628284085e-05,2.485673997718312e-05,4.724892635443559e-05,1.0909115298316828e-05,1.3873528582975429e-05,0.0001608378999367,1.0869764179785396e-05,2.4861841582432203e-05,0.0002946934529421,2.670247827180459e-05,2.5128467370651587e-05,2.0009179702016164e-05,1.841863709365025e-05,2.4312956157739554e-06,2.14857942461835e-05,0.000127921818294,1.991014260688665e-05,0.0001730657613471,3.0325958881259783e-06,1.8608265916594285e-05,0.0002929626636287,0.0002844021896824,2.1386864326304e-05,-0.0002544089436539,-0.0002636998364919,-0.000261191704362,-0.0002607244980625,-0.0002557993608085,-0.0002512073200672,-0.0002501015696228,-0.0002589818630425,-0.0002912912450716,-0.0002291696700904,-0.0002300500004476,-0.0002416716503655,-0.0002891999882289,-0.000503755203162,-0.0003328906837839,0.0002946486060591,0.0027310657662705,0.0005796459082806,0.003643336616729,0.00076268876591,0.0040040846134706,0.0004600298265189,0.0030696843496558,-1.051726905799831e-05,4.382295579579894e-06,3.836210222285158e-05,-0.0001773540923425,7.553563451715047e-05,-7.23216506500418e-05,6.31475266653528e-05,-7.909556734504342e-05,-1.413674010851873e-05,-5.882185071791154e-05,9.213707480578218e-07,6.021268293500006e-05,1.2858311398699029e-06,1.2367601941963309e-05,1.0258608730042668e-06,6.339058186460113e-05,1.9297185184145756e-06,6.074179092132331e-07,1.9104017480016635e-06,1.3316613087495589e-06,1.9228975000541783e-05,-1.2811567375261262e-06,1.3565154963154098e-06,1.3335536563496517e-06,-2.7666260412109144e-06,-2.2059221202747276e-06,-1.827368802955531e-07,2.727325394501367e-05,-1.2803653978194351e-06,8.713186575257002e-07,7.754264204393753e-05,2.488534365079455e-06,1.4043550537094826e-06,2.600977009874695e-06,1.1426921745374935e-06,-3.9046701680310275e-07,1.9288161710152034e-06,1.7925493477648127e-05,-1.0225277048979816e-06,2.639141663122327e-05,-5.785076236148615e-07,2.1119031560528498e-07,7.512254417528661e-05,-2.3978240531567353e-08,1.2784795135857549e-05,-5.028713629528184e-07,3.352894803585788e-06,1.557386231813644e-07,1.3638346327440324e-05,-4.677878154012777e-07,2.7850942028555337e-07,-1.8600169023973196e-07,5.400539397214009e-07,2.0795817176576745e-05,-6.239854457896625e-08,-5.249701538441979e-07,-5.021058803854045e-07,5.195885187128435e-07,2.0457886575083778e-07,-2.2353276961709826e-07,2.398027507165971e-05,-1.6034281535984865e-07,-5.478333825474907e-07,1.6095298290145315e-05,-4.170516629185147e-07,-5.410257374932476e-07,-1.843967007553794e-07,3.4033213237018304e-08,1.6805308534541442e-08,-3.331028749998446e-07,1.9251778869836603e-05,-4.964420907566136e-07,2.5032178520929383e-05,5.344485063551715e-08,-5.0142697484227766e-08,1.521520841608001e-05,2.335795051179843e-05,movement,movement,no movement,no movement
1183.333333333333,0.0187616349804906,0.389935116044233,-0.2452115501666666,0.0337047296959042,0.4032300619797175,-0.2341859530333332,0.0358957141575538,0.403467698227805,-0.2227220724,0.0350662334725598,0.4034808794750986,-0.2263303255333333,0.0153305224336372,0.4113256295072161,-0.2452838510666667,0.0166163052439384,0.409995404128179,-0.2569768582,0.0198819719287209,0.4005303849841042,-0.2380788515,0.0833150873103006,0.387006510588674,-0.12645320827,-0.0305518079801639,0.3584009069319152,-0.1244732460933333,0.0475190787867011,0.3798155461864504,-0.1946550691666666,0.0169825300232734,0.3531138316377648,-0.2213863705666666,0.14703907669746,0.2429236688331073,-0.0033969369446666,-0.0894357068540212,0.3038419032257419,0.0393318800676666,0.1773128986995796,0.0724952924188409,0.0282499725903333,-0.1333097428086381,0.0824323046317735,0.0091178988487999,0.1556222156550993,-0.1011329044875452,0.0002725625273333,-0.0898146694858232,-0.0425690101464857,-0.0944570601533333,0.1413788953364222,-0.1392904027522476,-0.00969327801248,-0.0549523073116124,-0.0725716382971719,-0.1469296665799999,0.1138815533323829,-0.1410220635040992,-0.0323133658866666,-0.0196434194405481,-0.0439296899352788,-0.1632792399333333,0.1452420645272099,-0.1238094088968558,-0.0082888881237899,-0.0685676064012546,-0.0402350465579214,-0.0684556589,0.0746348793131926,-0.1158345733683297,0.0283042715433333,-0.0724134664276184,-0.1066334047375472,-0.0261208572433333,0.0650198895663387,-0.4536648606998683,-0.0228620769666666,-0.0383927375509839,-0.3911178792481108,-0.0309020572166666,0.0772936032834427,-0.7416455991129147,0.1306061787733333,-0.0723587732804379,-0.7191878063365891,0.1248237925466666,0.0612037408151994,-0.7710429870184965,0.1491449325333333,-0.0740845310747965,-0.7475331528016717,0.0993751595933333,0.0460422528415663,-0.7873621178061143,0.0688725784233333,-0.067807688600842,-0.7617136494786768,-0.0022994149873666,kalt_g_ch1_g18_compr.mp4,ch1g18,1.6538276411911426e-05,0.0003108749627594,2.514393622933736e-05,9.058740012675527e-05,2.101553054608295e-05,0.0003223389539623,2.586452644529188e-05,1.1153315615246913e-05,1.9803916845319626e-05,1.1837219551802705e-05,0.0001743744300069,1.0643932942829838e-05,2.485604020910777e-05,2.480016264024969e-05,4.4602503268077024e-05,8.904211721190848e-06,1.3633788160776578e-05,0.0002064740765856,9.94379606619702e-06,2.4419800349059143e-05,0.0003865266013434,2.789348357620201e-05,2.518986978689316e-05,2.157435467031917e-05,1.961964276695906e-05,2.0111246942279972e-06,2.2125116483156263e-05,0.0001603129549532,1.879546846398366e-05,0.0002182191074457,2.435620699754342e-06,1.7850705981821173e-05,0.0003824524422408,0.0003640589874677,2.19956691762084e-05,-0.0002492609241117,-0.0002635623073667,-0.0002515212551164,-0.0002531258736464,-0.0002410749144205,-0.0002358461061954,-0.0002313993228729,-0.0002672901942264,-0.0002806475816005,-0.0002438913804171,-0.0002359232590379,-0.0002512027264713,-0.0002828902007256,-0.0004085996921064,-0.0001569908218281,0.0013554789216345,0.0038543518919978,0.001883732944996,0.0050353559490445,0.0022734242916133,0.0055550873053621,0.0016771174504994,0.0043191035865766,-3.267356027908607e-06,-1.6733509230643695e-06,0.0001194185022026,-0.0001940317503623,0.000185499735815,-2.2221887604523585e-05,0.0001877826939508,-2.399351409213409e-05,6.866909272008907e-05,2.2189929391004837e-05,9.78430333389406e-07,6.838839248557271e-05,7.618466202394465e-07,1.447310343962286e-05,1.2630914672636497e-06,7.234219255732347e-05,1.4043464381231429e-06,9.43402986563784e-07,1.6916528975853971e-06,1.8517387923220232e-06,4.029348975836307e-05,-1.172722402238454e-06,7.984987806758205e-07,8.22941988720975e-07,-2.1459725659666715e-06,-1.700363510433301e-06,-3.1319968297866153e-07,5.115080200576403e-05,-1.2936064082942592e-06,3.083502476332113e-07,8.796705217688997e-05,1.9932398231056356e-06,8.157083568757044e-07,2.3407159228434613e-06,1.2082311145161973e-06,-3.617376265809179e-07,1.547399723842626e-06,3.741327408191779e-05,-1.3693450705477512e-06,5.143259673645675e-05,-5.014829806896105e-07,2.7435631015049196e-07,8.46397487792359e-05,-3.134001391792674e-08,5.351753088997011e-06,-5.155676784665666e-07,1.836345484716756e-06,5.140168533370911e-08,5.836205994292772e-06,-5.387654594682608e-07,2.0401454969272538e-07,-2.195273957699753e-07,3.844171069587629e-07,1.7211402604609863e-05,8.321179540060263e-08,-5.330788370264958e-07,-5.092166573855348e-07,1.0475763351126632e-06,3.8712486787647355e-07,-1.982242040442714e-07,1.9274615658081223e-05,-1.8317632708907428e-08,-5.242973111025191e-07,6.629865489471819e-06,-5.208114969387333e-07,-5.663555739083519e-07,-3.454232875379006e-07,-8.724670796574105e-08,4.993110154715876e-08,-4.111389630872535e-07,1.5940392079774094e-05,-3.7760566422674474e-07,2.0312946754431432e-05,1.0341835914278373e-07,1.6605664492856366e-08,6.009010454958851e-06,1.6947180936652602e-05,movement,movement,no movement,no movement
1199.9999999999998,0.0191898739631528,0.3897607721621284,-0.2423625047666666,0.034062895958661,0.4030408984769574,-0.2313330839999999,0.0362407623925557,0.4032968709922607,-0.2198805620333334,0.0354158216719696,0.4033076144654756,-0.2234828040333333,0.015697274594505,0.411162874891887,-0.242447642,0.016979374330554,0.4098421427413908,-0.2541601523,0.020234749861732,0.4003812635216465,-0.2352614318333333,0.0832947158888225,0.3867784709444858,-0.1238430949333333,-0.0304365707148352,0.358170193807215,-0.1221502910366666,0.0478080990982656,0.3796219595984618,-0.1919550158666666,0.0172840642630084,0.3529319102490034,-0.2187740882333332,0.1468540432459539,0.2426416526545851,-0.0019403352146666,-0.0895181800333758,0.3035547180669795,0.0407777177676666,0.1767958471651367,0.0720981573882116,0.028387790697,-0.1315036183911709,0.0821937356168136,0.0073764210021333,0.1529614579213107,-0.0993982910291823,0.0001328441333333,-0.0853346100948934,-0.0381961590518768,-0.0975340064066666,0.137865493769633,-0.1369048345741592,-0.0095016545758133,-0.0497200705324251,-0.0668278725154695,-0.1501275863799999,0.1105022884483413,-0.1380898156678188,-0.0315741637366666,-0.0149819230387715,-0.0375452082981024,-0.1656754757666666,0.1425083809959018,-0.1216466178998081,-0.00813642270179,-0.0643014247108065,-0.0353111751311522,-0.0734686404,0.0746651014641299,-0.1158341466836851,0.0282578679633333,-0.0724413506685234,-0.1066377257786904,-0.0260557661766666,0.065081880013239,-0.4534431908621302,-0.0233680605466666,-0.0384514000916376,-0.3913143908411996,-0.0309831728066666,0.0774752715551842,-0.7413357637363608,0.1294581309733333,-0.072189700607381,-0.7191410362988645,0.12429165398,0.0613933359810764,-0.7707179808635551,0.1479587271,-0.0739008644233489,-0.7474782263022025,0.09875481258,0.046163773423071,-0.7871730270774834,0.06811785808,-0.0677817586478632,-0.7615619887777001,-0.0025874372340333,kalt_g_ch1_g18_compr.mp4,ch1g18,1.670770273015531e-05,0.0003874993901761,2.4875226608228697e-05,0.0001079098569168,2.2349723252894497e-05,0.0004030308215692,2.607464476502991e-05,1.2126562726973863e-05,2.045830379687584e-05,1.4443988525391206e-05,0.0002290223119735,1.0024243703510769e-05,2.4441000160843163e-05,2.457135561560953e-05,4.270184906944581e-05,7.515387953701158e-06,1.337879735336915e-05,0.0002743759692087,9.15317030372104e-06,2.3664019674535685e-05,0.0004835506088606,2.8809957455607532e-05,2.4808000479029577e-05,2.2882552430292905e-05,2.079199586167093e-05,1.6464695653012926e-06,2.235163294515817e-05,0.0002112024893416,1.7625137979502757e-05,0.0002866519483255,1.95666770135429e-06,1.7187492723832865e-05,0.0004761534908502,0.0004563225328918,2.2717561896485764e-05,-0.0002536413428899,-0.000268768463565,-0.000247564141634,-0.000250835640657,-0.0002324799657512,-0.0002275838669361,-0.000218917122438,-0.0002767048104635,-0.0002737839377791,-0.0002646807024792,-0.0002499287330629,-0.0002554238138836,-0.0002722366317924,-0.0002957365949792,4.789257504766842e-05,0.0023686703819555,0.0048219735815334,0.0031283303767834,0.0062182593074716,0.0036990039298615,0.0068845362618345,0.0028287331239468,0.0053974153688666,3.8117345648763897e-06,-7.6061132199559424e-06,0.0001888941073075,-0.0002039433215537,0.0002830383265329,1.4567961192314474e-05,0.000299870846096,1.575884417280799e-05,0.0001427332310451,8.848045044782572e-05,1.069960658132484e-06,6.829236642966274e-05,2.824342395217524e-07,1.5027327051663533e-05,1.2605258025049632e-06,7.247586582843147e-05,8.62299071866328e-07,1.0655379277968863e-06,1.493254969711458e-06,2.196267857932022e-06,5.529087547409011e-05,-1.0439783925723957e-06,2.670727821766492e-07,3.5599012806371714e-07,-6.878397077396913e-07,-1.1943370676521275e-06,-4.369463956283762e-07,6.738044140089764e-05,-1.265599480418879e-06,-1.9038968761568205e-07,8.755884860495603e-05,1.41924753611433e-06,2.400899654860454e-07,1.923019257718903e-06,1.0382539480487496e-06,-2.862277814503727e-07,1.1029993234233177e-06,5.137358345025529e-05,-1.6497799822191095e-06,6.862331838886955e-05,-3.526183381570751e-07,3.951277637173365e-07,8.381465495171265e-05,3.4682827348952246e-09,-2.078098168419145e-06,-4.628331327170453e-07,2.76783780062131e-07,-9.794356486185139e-08,-2.0012284723884975e-06,-5.287301286642865e-07,8.810982365423438e-08,-1.6456669089958396e-07,1.548825861874407e-07,1.1838040585355103e-05,2.129198153990164e-07,-4.636252292071092e-07,-4.53774418366256e-07,1.5600388400646315e-06,5.082961091993947e-07,-1.5524011250943898e-07,1.2617089699410464e-05,1.17080870881802e-07,-4.305802173535793e-07,-2.822489752160596e-06,-5.504687234873549e-07,-5.089239658078721e-07,-4.40378992915684e-07,-2.3046639942643997e-07,8.013514555995694e-08,-4.141539935781589e-07,1.0988725207182313e-05,-2.449410404293596e-07,1.3506147765460631e-05,1.4374986736311214e-07,9.893180587083217e-08,-3.111328264664192e-06,1.1295171717152715e-05,movement,movement,no movement,no movement
1216.6666666666663,0.0196251238148434,0.3895214691423136,-0.2394929891333333,0.0344197138272158,0.4027837021248061,-0.2284337024999999,0.036583814416213,0.4030680641144761,-0.216989362,0.0357605190119909,0.4030742769337005,-0.2205895568,0.0160618979103911,0.41094894198976,-0.239580822,0.0173405995696905,0.4096346825433428,-0.2512997939333333,0.0205829587870349,0.4001866305998643,-0.2324100315333333,0.0832621382394445,0.3864907305313276,-0.1211363034266666,-0.0303478179323245,0.3578903916926574,-0.1197577172633333,0.048099402248266,0.3793494421689103,-0.1892040106633333,0.01757921567551,0.3526794897587849,-0.2161170018333333,0.1466351669846191,0.2423707409004646,-0.0001282849713333,-0.0895882102963979,0.3032498408592483,0.042265010601,0.1762892431504757,0.071861337208293,0.0286679216003333,-0.129519658578919,0.0821192666361917,0.0052445615087999,0.1496620362970809,-0.0965045004515392,-4.691572233333209e-05,-0.0801546462984485,-0.0329910080205634,-0.1009725700566666,0.1335280425353815,-0.1331380129716554,-0.0093147283968133,-0.0435980782170271,-0.0601103060731285,-0.1537077423499999,0.1064417910277978,-0.1336123224566986,-0.0307660858563333,-0.0094564320967589,-0.0300278769735408,-0.1682968187333333,0.1391648261513736,-0.1182030640263997,-0.0079808645957633,-0.0593232585579618,-0.0294465864069679,-0.0773730949,0.0746743433485583,-0.1158262946752431,0.0282008038799999,-0.0724549361599139,-0.10664837676241,-0.0259755234233333,0.0651041707156861,-0.4531855586614206,-0.0239160660233333,-0.0385820574570781,-0.3915045849657605,-0.0313054119066666,0.0776259421272443,-0.740966763842214,0.1283013630066667,-0.072017652703928,-0.7190696924654678,0.12365262711,0.0615501456613511,-0.7703193401887468,0.1467671041,-0.0737098265302696,-0.7474004297232044,0.09805333818,0.0462499006970747,-0.7869596108929047,0.06744052239,-0.0677647027780155,-0.7614032064036427,-0.0029100261373666,kalt_g_ch1_g18_compr.mp4,ch1g18,1.7548060588252872e-05,0.0004567253636618,2.4991267118392067e-05,0.0001247037205411,2.371467988624319e-05,0.0004765021196068,2.6663481025974924e-05,1.3237821431558807e-05,2.140308921644052e-05,1.708268120211321e-05,0.0002931699882435,9.059872333655556e-06,2.4525854075318077e-05,2.4835976528887628e-05,4.1592927607370294e-05,6.618973779771231e-06,1.29282504338766e-05,0.0003516595749805,7.916193504016924e-06,2.325142937386536e-05,0.0005723529090316,3.021550346799181e-05,2.479345638770508e-05,2.458855727021943e-05,2.181971484840424e-05,1.3728572982146626e-06,2.3250866270036565e-05,0.000270904330964,1.5984056118193776e-05,0.0003654644378379,1.6519850511515e-06,1.7409927242192145e-05,0.0005609857404324,0.0005470541142253,2.3211335068425342e-05,-0.0002729430341065,-0.0002863140243458,-0.0002569491637728,-0.0002612215970553,-0.000238065052516,-0.0002341879102019,-0.0002208577239179,-0.0002920407158429,-0.0002765740575998,-0.00029562947243,-0.0002762752460595,-0.0002587212369302,-0.0002546020366446,-0.0001718829859185,0.000280354659062,0.0033591430883186,0.0056424692585225,0.004354378373915,0.0071960802138476,0.0050668521677774,0.0079834782214801,0.0039370261864092,0.0063052877989955,9.930650023779442e-06,-1.2533616659663342e-05,0.000241708527748,-0.0002040927130322,0.0003552852162167,4.158346300603187e-05,0.0003859339864274,4.474382440102699e-05,0.0001982144226444,0.0001334268668581,1.08937786950218e-06,6.091277019594388e-05,-1.0096300209504293e-07,1.419981630922259e-05,9.978001629015958e-07,6.484720973072184e-05,3.984385958640014e-07,1.0162256096528152e-06,1.3299013043311503e-06,2.2841235587541596e-06,6.314442651983543e-05,-8.379692090317484e-07,-1.1867634683856544e-07,-2.0892815889696095e-08,1.5027706456718337e-06,-6.913335718720162e-07,-5.791655546922941e-07,7.504586885742413e-05,-1.1512430112305875e-06,-5.309386273026238e-07,7.781621362000752e-05,8.805038164531154e-07,-2.000955089009445e-07,1.4564354270841756e-06,6.440675308363693e-07,-1.7253081417770337e-07,7.407402934706191e-07,5.878615789135436e-05,-1.8924654852391828e-06,7.693015789806508e-05,-1.511860151351284e-07,5.939277412650964e-07,7.409551593271874e-05,2.8861790215985315e-08,-8.230185818380984e-06,-3.8584545989881114e-07,-1.0704705316709978e-06,-2.5852585232459733e-07,-8.534106612933905e-06,-4.803994391351699e-07,-4.9546347566051135e-08,-8.178866923573224e-08,-9.646674144239657e-08,5.708216525913879e-06,3.366896460574837e-07,-3.655188325867357e-07,-3.797761135602333e-07,1.986081866528564e-06,5.601784127115281e-07,-9.471165231595857e-08,5.267326029956128e-06,2.536969373207383e-07,-3.102037960113798e-07,-1.0662833138559263e-05,-5.396219761771237e-07,-4.139577511615256e-07,-4.957215939006384e-07,-3.639934186148189e-07,1.0087477272456853e-07,-3.894326348426869e-07,5.352857115915968e-06,-9.640167128046753e-08,5.89867287432009e-06,1.6614157272484377e-07,1.4711267293404708e-07,-1.0596063139601344e-05,1.007370171526938e-05,movement,movement,no movement,no movement
1233.3333333333333,0.0200435915065022,0.3891764514554598,-0.2368737981333333,0.0347431087809884,0.4024330068615653,-0.2257826547999999,0.0368942404363034,0.4027517792037245,-0.2143393824666667,0.0360653676090326,0.4027537919577809,-0.2179342523333333,0.0163894067416196,0.4106543770778184,-0.2369699378666666,0.0176632806230586,0.409340372314312,-0.2486916099,0.0208884657192307,0.3999106487289719,-0.2298101003,0.0831967577177641,0.3861524803872833,-0.1185634389366666,-0.0303577388641355,0.3575592207303076,-0.1175582922099999,0.0483693729522151,0.3789764194207041,-0.18664861128,0.0178239626115533,0.352327323300971,-0.2136747968666666,0.1463655029803627,0.242102620493343,0.0016869266153333,-0.0896389444539925,0.3029545561681748,0.0436759158876666,0.1756900581289018,0.0717524511869688,0.028968072087,-0.1274835544577149,0.0824244431680028,0.0031937177954666,0.1456836437853582,-0.0925887964636581,0.0001477420576666,-0.0745216949463271,-0.0270464522940073,-0.1039839356766666,0.1283678515804641,-0.1280595903653829,-0.00862070815048,-0.0368583999368224,-0.0525493710993948,-0.1568200733799999,0.1017401679612437,-0.127770078957169,-0.0293412904663333,-0.0032765214583573,-0.0216368447438346,-0.1703782290666666,0.1352015869464084,-0.1136499492498393,-0.0073789465770966,-0.0538520867433866,-0.0227951577565895,-0.0853243247,0.0746587893329022,-0.1158126118873368,0.0281170958633333,-0.0724499500890336,-0.1066636862469072,-0.0258646921233333,0.0651067443321518,-0.4529395031207355,-0.0245132978566666,-0.0387887771796904,-0.3916963199007007,-0.0317274714033333,0.0776714851565277,-0.7405929010862822,0.12710570699,-0.071866360627005,-0.7190433958975532,0.1228768783833333,0.0615832488530033,-0.7699022762734109,0.1455494599333333,-0.0735335837715542,-0.7473748323920525,0.0972045926233333,0.0462080197591017,-0.78676858387348,0.0666968238133333,-0.0678040562747342,-0.7612843822548989,-0.0034473546206999,kalt_g_ch1_g18_compr.mp4,ch1g18,1.9144327276241584e-05,0.0005128795964705,2.5247171285303704e-05,0.0001385914982537,2.4880163364491936e-05,0.00053706222893,2.7391457968701728e-05,1.461782177729176e-05,2.3053270646347833e-05,1.9451032376154276e-05,0.0003625311947434,8.229853350944168e-06,2.4787876774756816e-05,2.523601187760576e-05,4.355388674722633e-05,6.311338910564587e-06,1.2418419877388036e-05,0.0004333028054125,6.741354372727775e-06,2.3053136419877115e-05,0.0006460708683231,3.1376942334933994e-05,2.490717432448304e-05,2.626590150393117e-05,2.2565045543750877e-05,1.2643862196241286e-06,2.4369179460077617e-05,0.000335410145837,1.4045362871366512e-05,0.0004493733943045,1.5958863124180691e-06,1.8570105127056007e-05,0.0006298855685337,0.0006298015487796,2.355052311882365e-05,-0.0003017970865904,-0.0003134669304762,-0.0002777406080295,-0.0002825370280215,-0.000256347607102,-0.0002542237269601,-0.0002368072976494,-0.0003135015176252,-0.0002917616202898,-0.0003323275529287,-0.0003101804806634,-0.0002654882219872,-0.0002330548461365,-4.4684454430339666e-05,0.0005358077678535,0.0042797161904884,0.0062587236146573,0.0054914578914231,0.0078983697002228,0.0063039804894918,0.0087604495193087,0.0049509276559391,0.0069746706994301,1.4826284729035202e-05,-1.6185161186244387e-05,0.0002716597442568,-0.0001977693119319,0.0003963245372572,5.521039340074839e-05,0.0004394718787607,5.930947655081495e-05,0.0002294728072883,0.0001564293774927,1.0670288570688785e-06,4.842195079946852e-05,-4.157250321349303e-07,1.2412713681291752e-05,5.797620123581899e-07,5.173030589980869e-05,-2.8550973155168538e-08,8.599271271431643e-07,1.2519890265039298e-06,2.067411501068964e-06,6.385304451198035e-05,-5.326508136804364e-07,-3.9511490346028977e-07,-3.41819364810745e-07,4.016031554542508e-06,-1.3894942414113386e-07,-6.53200794088174e-07,7.427668721034349e-05,-9.16745313637432e-07,-7.391087743570457e-07,6.156924648771543e-05,3.4942784786425037e-07,-5.279834283446204e-07,9.195174878875574e-07,1.4642872561177672e-07,-4.843898888137995e-08,3.919098363235328e-07,5.9561037416762195e-05,-2.033808847721943e-06,7.658981944567207e-05,4.4930474070302694e-08,8.092249069841352e-07,5.821460023055693e-05,1.5946564950153654e-08,-1.2229150014020394e-05,-3.104057777837466e-07,-2.0015274997948177e-06,-3.883879415040178e-07,-1.2838312765396664e-05,-4.193119141680191e-07,-1.8493073226990274e-07,-2.7400725506323328e-08,-3.229591683324519e-07,-2.53805711885451e-07,4.213598195690401e-07,-2.6699480201329756e-07,-3.100057070881115e-07,2.209598147561268e-06,5.394233510116727e-07,-2.0575767290952423e-08,-1.6630046919728764e-06,3.581232055627241e-07,-1.97288753988263e-07,-1.5783406634044068e-05,-4.970334814250578e-07,-3.11146168606374e-07,-5.168017184436254e-07,-4.541293782087703e-07,1.0668642283320246e-07,-3.5319352815806645e-07,-1.1895120909895308e-07,5.1231238398516985e-08,-1.361145769882044e-06,1.6547458265692269e-07,1.3575322797158042e-07,-1.5387527794661783e-05,1.2587878922268924e-05,movement,movement,no movement,no movement
1250.0,0.0204366053106031,0.3888469510335924,-0.2336474508666666,0.0350405919726604,0.4020938803227311,-0.2225565633333333,0.0371772210073918,0.4024503138870879,-0.2111206901666667,0.036340126150001,0.4024473751605347,-0.2147092096666666,0.0166785280000841,0.4103817315105956,-0.2337789883,0.0179514781278141,0.4090653206093204,-0.2455159424666666,0.021149668772876,0.3996552937321441,-0.2266395166333333,0.0831268095180561,0.3858187102844417,-0.11538616728,-0.0303979050796085,0.357259125356128,-0.1147483114566666,0.048624515155048,0.3786112146363423,-0.18346952403,0.0180365821529758,0.3519885748319645,-0.2106185085999999,0.1460739722347147,0.2418433818475273,0.0040383492243333,-0.0896655336577737,0.3027598092548227,0.0455508157643333,0.1749680937032506,0.0718368911256438,0.0293495008336666,-0.1252805957615786,0.0833401729321019,0.0012191888287999,0.1413416606417492,-0.0876985600662286,0.0005764010276666,-0.0684757083161105,-0.0203062314086227,-0.1067090703433333,0.1227919292180487,-0.1218696838341017,-0.0077269264956466,-0.0296354035584857,-0.0442065582386951,-0.1596787560999999,0.0966932664843007,-0.1207267765962082,-0.0277117848463333,0.0033913809113014,-0.0124184378598778,-0.1721893941999999,0.1309000605229346,-0.1080437212081354,-0.0065461652957633,-0.0479568018836214,-0.0153320963374013,-0.0906576067,0.0746320254473248,-0.1157943567279759,0.0280370900399999,-0.0724375037887836,-0.1066827554682385,-0.0257577007933333,0.0650842299832875,-0.4526736225484314,-0.0251817721433333,-0.0390609358051836,-0.3918822593927671,-0.0324401384366666,0.0776865554949393,-0.7402036112500797,0.1258195053233333,-0.0717221443664375,-0.7190093715770502,0.12189596103,0.0615803280014958,-0.7694615006783886,0.1442517071333333,-0.0733593132421622,-0.7473397465831142,0.0961539806666666,0.0461542731931386,-0.7865562149250732,0.0659268597033333,-0.0678437303093773,-0.7611566786804158,-0.0041380170307,kalt_g_ch1_g18_compr.mp4,ch1g18,2.069405509807402e-05,0.000549445147135,2.505090749249478e-05,0.0001474171514411,2.5617378446545683e-05,0.0005771407991802,2.7556126648486645e-05,1.5763697140115094e-05,2.483847052624781e-05,2.1136053235506927e-05,0.0004284072748987,7.768540492541132e-06,2.458763580362245e-05,2.5127358242010755e-05,4.9057444090696056e-05,6.5709713374551345e-06,1.1645467680051591e-05,0.0005088210281395,5.856797682336191e-06,2.2530487063802284e-05,0.0006945343440079,3.176039573238143e-05,2.4532525208897957e-05,2.7241716586399907e-05,2.28040228675486e-05,1.296795185032705e-06,2.4990197919844708e-05,0.0003965823129548,1.174898758544636e-05,0.0005281594902473,1.7600944478078873e-06,1.992318182674256e-05,0.0006741456943971,0.000695202092933,2.3544118969192665e-05,-0.0003285599743427,-0.0003372066492594,-0.0002970794763571,-0.0003021348043831,-0.0002748054397511,-0.0002751401197443,-0.0002543693384695,-0.0003289244072971,-0.0003064317932033,-0.0003624590235591,-0.0003401908364786,-0.0002710016227729,-0.0002037279692201,9.828085390411884e-05,0.0008165041965372,0.0051326627720005,0.0067046441780358,0.0065366038828727,0.0083741706703542,0.0074025095970111,0.009268968457259,0.0058696321108615,0.007444308946362,1.8704898101628465e-05,-1.8910283273084023e-05,0.0002800223602605,-0.0001891848288515,0.0004047735852077,5.56010148187457e-05,0.0004578516021131,5.968618065116821e-05,0.0002326370391001,0.0001566239494856,1.1141976897075203e-06,3.349161454381268e-05,-5.971613517436469e-07,9.837628248192944e-06,4.641587503514573e-08,3.598389255081808e-05,-3.343931797717994e-07,6.015595841926141e-07,1.327816066877769e-06,1.6111992094436836e-06,5.9015332656854994e-05,-1.578712911700398e-07,-5.136680783358084e-07,-5.318514513667915e-07,6.501210953974026e-06,3.371923063844475e-07,-6.985929386929548e-07,6.737227255737789e-05,-5.821500054674645e-07,-7.747664849825275e-07,4.2436130262067576e-05,-6.342254565865156e-08,-6.870568101468993e-07,4.433034589220938e-07,-4.091159712540658e-07,6.346964260618422e-08,1.2803181053795877e-07,5.521623668646268e-05,-1.907522669243387e-06,6.976151776654908e-05,2.099144429725177e-07,1.044156439442924e-06,3.9703894395606977e-05,-2.6938066994224192e-08,-1.3593678162839804e-05,-2.372074712683461e-07,-2.4037383508208587e-06,-4.485853009670542e-07,-1.4369616042452135e-05,-3.447463514239211e-07,-2.812382133769605e-07,-1.8859466409379315e-08,-4.823369362267033e-07,-5.0851060738288575e-06,4.480355201118653e-07,-1.7160109971752205e-07,-2.438715541137159e-07,2.18290120174933e-06,4.537955886658458e-07,7.025100870685414e-08,-7.064537691918097e-06,4.100346878679698e-07,-9.762370223456312e-08,-1.7504224757687993e-05,-4.272209056982061e-07,-2.052163072623928e-07,-4.958206504814103e-07,-4.6896447134736075e-07,9.6342578182258e-08,-3.004652220975219e-07,-4.540138951611191e-06,1.8865135889417138e-07,-7.120324311991175e-06,1.4179402504545998e-07,8.611319033289465e-08,-1.6890692942092618e-05,1.4695031929553967e-05,movement,movement,no movement,no movement
1266.6666666666667,0.0208280215022858,0.3884947291856956,-0.2303956246,0.0353279282133811,0.401731282561398,-0.2193072012,0.0374500921956468,0.4021282121683371,-0.2078776814,0.0366010415414746,0.4021200878471728,-0.2114531281333333,0.0169523233136156,0.41008529358048,-0.2305817335666666,0.0182263141830499,0.4087651002557924,-0.2423324673333333,0.021393471046582,0.3993768108145531,-0.2234599271999999,0.0830387301297955,0.3854777376395293,-0.1121309159266666,-0.0304994218471866,0.3569401938504198,-0.1119562991999999,0.0488790667010742,0.3782290324598213,-0.1802354043133333,0.0182414431733752,0.3516285461141641,-0.2075362602666666,0.1457672228315658,0.2415838806097231,0.0064690889679999,-0.0896910833486771,0.3025912457671124,0.0474844708943333,0.1740371322237107,0.0720590862800615,0.029725692197,-0.1229987438901978,0.0844277336679906,-0.0006238249108666,0.1368846603705707,-0.0819897429152929,0.0011142963443333,-0.0622833636763399,-0.013470904089497,-0.10941527531,0.1171385563279693,-0.1146156308281483,-0.0067026413886466,-0.0222527677858875,-0.0357396201103554,-0.1625247589366666,0.0916590460824681,-0.1126123205355613,-0.0258591735829999,0.010219683162216,-0.0030882105992684,-0.1739323718333333,0.1265308654577794,-0.1015739805384949,-0.0055645289187633,-0.0419077755109461,-0.0077724939476769,-0.101308264,0.0746007819584635,-0.115773981368945,0.02796986637,-0.0724225898643225,-0.1067031071722272,-0.0256619157233333,0.0650432967226559,-0.4524174249959874,-0.0258291219833333,-0.0393972805064904,-0.3920703977941563,-0.0333911456933333,0.0776800240646331,-0.739822352338922,0.1245720970733333,-0.0716138519558807,-0.718975671528724,0.1209007839966666,0.0615552863069232,-0.7690292960285433,0.1429728673999999,-0.0732108605850973,-0.7473048822283452,0.0951107097666666,0.0461068874045377,-0.7863491130772406,0.0653903754299999,-0.0678857780439554,-0.7610345182014618,-0.0048899481887,kalt_g_ch1_g18_compr.mp4,ch1g18,2.203960782479501e-05,0.0005669940513506,2.4437790699835075e-05,0.0001522924213031,2.565925127108493e-05,0.0005969922221403,2.71651020728437e-05,1.6325686200423083e-05,2.6492649084435987e-05,2.225008539230603e-05,0.0004836389004481,7.659074594980032e-06,2.407670618916231e-05,2.4577027548772795e-05,5.816683773360059e-05,7.253802360475499e-06,1.1043127588265828e-05,0.0005698925366444,5.26586244719378e-06,2.179190963225166e-05,0.0007174179253608,3.153248150787345e-05,2.3812950900538203e-05,2.7569806494806847e-05,2.230656199048647e-05,1.4322693468134265e-06,2.515330087988986e-05,0.0004480994475023,9.77710734480343e-06,0.000592544040338,2.093537139993689e-06,2.1298337761213897e-05,0.0006938667744924,0.0007408452819025,2.2919686192183812e-05,-0.000353007221072,-0.000358951274062,-0.0003163902517741,-0.0003215674298843,-0.0002951105109825,-0.0002984137166975,-0.0002748887314999,-0.0003403758604221,-0.0003228763575075,-0.0003861472115524,-0.000366104608306,-0.000273111695431,-0.0001702482031142,0.0002584199978741,0.0010833118387554,0.0058816969218239,0.0069926273224901,0.0074510107615502,0.0086670609403891,0.0083310809794929,0.009569102061413,0.006659318105732,0.0077387151919187,2.1542050925283377e-05,-2.0647851084799066e-05,0.0002719687075932,-0.0001832043022598,0.0003824908667763,4.447897328205124e-05,0.0004423903935825,4.794479398738955e-05,0.0002148838900342,0.0001403540811915,1.121218781050493e-06,1.943126135021445e-05,-7.574712767831781e-07,7.19115504570918e-06,-4.6397606006854186e-07,2.1065041133505472e-05,-6.072641091491703e-07,2.886830097473002e-07,1.4581362830149631e-06,9.695796733663206e-07,5.040796173558551e-05,2.7870918657002993e-07,-5.896377715118438e-07,-7.050015632897478e-07,8.556980804756836e-06,7.005356795871179e-07,-6.286606945041514e-07,5.638887754325795e-05,-1.6035118153948272e-07,-7.732029937982946e-07,2.4442565301793366e-05,-4.1594653883515146e-07,-7.898266782082544e-07,3.8125038860339356e-10,-9.049417303647814e-07,1.5216462392651978e-07,-1.0991127199188269e-07,4.7387446013973013e-05,-1.6408145389328078e-06,5.8572479872032215e-05,3.296242438530154e-07,1.1335595625274763e-06,2.2430753674358576e-05,-1.0087996084127997e-07,-1.2459830029909388e-05,-1.8496400350698426e-07,-2.328353415300457e-06,-4.206551951319275e-07,-1.3244348867642429e-05,-2.777318287112843e-07,-3.1195975456769853e-07,-6.623816122243555e-08,-5.598492107508283e-07,-8.150549915192032e-06,4.114905126077499e-07,-1.0568467177038317e-07,-2.0050783778234128e-07,1.9054965633697165e-06,3.20801354335802e-07,1.538021779480839e-07,-1.0249735086671512e-05,4.013931864210885e-07,-3.452052839963466e-08,-1.5971355401900645e-05,-3.5904877376404e-07,-1.234509425439838e-07,-4.507166405633568e-07,-3.9505015358642516e-07,7.145697159774553e-08,-2.506295587143641e-07,-7.342221664156845e-06,2.908516201015189e-07,-1.0617453894580982e-05,9.884950126650207e-08,3.057450411180947e-09,-1.5288570134541703e-05,1.4771856014712604e-05,movement,movement,no movement,no movement
1283.3333333333337,0.0212077772242633,0.3881258511125744,-0.22685979,0.0355872624555262,0.4013540740268279,-0.2157494811666667,0.0376935490125264,0.4017933616005823,-0.204337994,0.0368311862450229,0.4017804962121177,-0.2078969759333333,0.017190323580975,0.4097738003232757,-0.2271167084333333,0.0184697289809648,0.4084488058435315,-0.2388902652999999,0.0215999578070518,0.3990844827648898,-0.2200181896333333,0.0829110565991906,0.385130662583991,-0.1085328948366666,-0.0306633717072524,0.3566092231628977,-0.1089416156133333,0.0491212007194374,0.3778325906943358,-0.17669365386,0.0184246564011266,0.3512521886281793,-0.2041987220333333,0.1454165497031258,0.2413205550144716,0.0092370504323333,-0.0897148424828284,0.3024650916021397,0.0495094540076666,0.172965865832941,0.0723651566437899,0.030022243437,-0.1207487670077041,0.0857224105570571,-0.0024044450972,0.13241679119564,-0.0759100964116788,0.0006656384149999,-0.0560916366877474,-0.0064095991394602,-0.11205076061,0.1115232955889742,-0.1068980319878031,-0.0068013532346133,-0.0148380396309335,-0.0270185448761613,-0.1653179408766666,0.0866616250761394,-0.1040440241906373,-0.024943201097,0.017100871020275,0.0065163581550615,-0.1756556829,0.1221547708690749,-0.0947276187637627,-0.0055402548794966,-0.0358452480988418,1.6027750818735798e-05,-0.12306308,0.074565122489273,-0.1157522036397085,0.0279350720966666,-0.0724049411613447,-0.1067239261662766,-0.0256015933399999,0.0649825983244158,-0.4521683479488407,-0.0264608875099999,-0.0397654464016873,-0.3922585907628719,-0.0346311587366666,0.0776171020558005,-0.7394646016212191,0.12335250882,-0.0715748221633712,-0.7189501690799611,0.1196228122333333,0.0614715932452594,-0.7686134343726057,0.1417163125666666,-0.0731264319181847,-0.747276798076218,0.0937883401099999,0.0460787636964068,-0.7861372772484287,0.0649545589333333,-0.0679320248378156,-0.7609160823406497,-0.0060066513421,kalt_g_ch1_g18_compr.mp4,ch1g18,2.3593139845909015e-05,0.0005728458606604,2.382622280101246e-05,0.0001564760702695,2.47901207032064e-05,0.0006030695262913,2.6668147459319857e-05,1.6220580395870677e-05,2.82012221152984e-05,2.2889048232572332e-05,0.0005242323743895,8.099464133586553e-06,2.370028217424345e-05,2.39969663051954e-05,6.895199086528148e-05,8.269447862909714e-06,1.063895049468488e-05,0.0006133620610119,5.219692073966006e-06,2.1263676460510992e-05,0.0007219204330752,3.106629072467658e-05,2.322435174187302e-05,2.7571383277426663e-05,2.096403623462379e-05,1.6647611222716377e-06,2.5201090880775824e-05,0.0004866422992906,8.444112175312575e-06,0.0006378550669368,2.5551460623101427e-06,2.308073288469197e-05,0.0006983336137822,0.0007708516362737,2.160407370367086e-05,-0.0003756555635842,-0.0003812349041926,-0.0003376376830899,-0.0003430103624273,-0.0003196646268473,-0.0003258185134251,-0.0003001834734217,-0.0003529843511295,-0.0003460218598565,-0.0004056967638257,-0.0003896001489244,-0.0002749378752107,-0.0001416947210053,0.0004244870423417,0.0012886675590681,0.0065013196145624,0.0071309988929543,0.0081950285039193,0.0087986162006531,0.0090714212278946,0.009700957482216,0.0072996630427503,0.0078754105645794,2.372784678510825e-05,-2.174954425964264e-05,0.0002508355832806,-0.0001788771891434,0.0003363634005004,2.6383704592088756e-05,0.0004004748713498,2.8643985432608726e-05,0.0001826391781953,0.0001156738494495,1.0560634935896238e-06,8.146387184696056e-06,-9.060721585738944e-07,5.003188275904177e-06,-8.824661696044779e-07,9.009946884173108e-06,-8.369019082679898e-07,-4.739723805409129e-08,1.508618157802099e-06,2.654881318798817e-07,4.0720625289834555e-05,7.437062886657711e-07,-6.405907893993204e-07,-8.682275241142266e-07,1.0177117084747795e-05,9.301385556556936e-07,-4.888615483002971e-07,4.4618757584746074e-05,3.042736319795504e-07,-7.603647992331946e-07,9.9905045665162e-06,-6.988398145472154e-07,-8.482728415338409e-07,-3.7287017814553163e-07,-1.2671324430771242e-06,2.080750195397945e-07,-3.063372278034576e-07,3.859208708846167e-05,-1.251520640378701e-06,4.632360283845343e-05,3.9478952374825506e-07,1.0629066839812451e-06,8.709327130971716e-06,-2.0961372150954067e-07,-9.567324208581946e-06,-1.634734428515844e-07,-1.98520479250672e-06,-3.015129833031323e-07,-1.0193220700848714e-05,-2.3452446107090843e-07,-2.6881754507932033e-07,-1.7236784011460033e-07,-5.491261278678855e-07,-9.20275468370712e-06,3.122982214589389e-07,-8.354308665694859e-08,-1.89276891392544e-07,1.4674239964365906e-06,1.6543771130542133e-07,2.231908616171194e-07,-1.1028648623955944e-05,3.286881583454357e-07,-1.907844924977655e-08,-1.2074029806245376e-05,-3.103748082771749e-07,-8.301178861979206e-08,-3.970840636164625e-07,-2.3712909318588098e-07,3.5245026774165354e-08,-2.16351951721192e-07,-8.310804822162782e-06,3.443808060047165e-07,-1.1594472423834e-05,4.464812939195062e-08,-1.0413874006296304e-07,-1.1520545886160776e-05,1.2911140172645942e-05,movement,movement,no movement,no movement
1300.0000000000002,0.021543025000221,0.3877414827131034,-0.2229764207333333,0.0357794765186644,0.4009655846529635,-0.2118473185333333,0.0378688614434439,0.4014493025576162,-0.2004602939,0.0369915775351095,0.4014311297800556,-0.204001119,0.0173618520146269,0.4094414603037287,-0.2233228916666666,0.018651192781821,0.4081104924003269,-0.2351232657999999,0.0217395710694563,0.3987718679314936,-0.2162518803999999,0.0827180080673351,0.3847847305493915,-0.1046829505766666,-0.0308710010719747,0.3562627801435039,-0.1056967806533333,0.0493158193305668,0.3774278279158294,-0.1728315954766666,0.0185539067310673,0.3508590625974538,-0.2005577174333333,0.1450057668957938,0.2410577538600623,0.012182358151,-0.089740817326457,0.3023506114478498,0.0516584211743333,0.1717451354741939,0.0727979402752632,0.0302657947203333,-0.1184947290952547,0.0870760577666695,-0.0041575841905333,0.1278653797437497,-0.0694007354612546,-0.0001775660649999,-0.0499476358461466,0.0007810428324993,-0.1144864229633333,0.1058501493231065,-0.0986732316603827,-0.0073608957657466,-0.0074592899225112,-0.0181156148632971,-0.1678776976199999,0.0816072826939854,-0.0949631408713828,-0.0244573370336666,0.0239407145155329,0.0163399041680532,-0.1771538985333333,0.1177023323202294,-0.0874311859242528,-0.0059180457477966,-0.0298298284367623,0.0079611680165519,-0.145204827,0.0745235299592605,-0.1157285827726865,0.02793520279,-0.0723831800114456,-0.1067455430755695,-0.0255809649799999,0.0648860178668813,-0.451928292690828,-0.02708066536,-0.0401331890285364,-0.3924399363017874,-0.0360811210066666,0.0775117696519927,-0.7391484638246169,0.1221786554333333,-0.0715467959439094,-0.7189275837537618,0.1182642780933333,0.0613462801655578,-0.7682359758793385,0.1405152625999999,-0.0730486602501265,-0.7472524268643995,0.0924027754999999,0.0460700972610622,-0.7859690111738803,0.06470697341,-0.067933290030115,-0.7608114560741419,-0.0071555819987666,kalt_g_ch1_g18_compr.mp4,ch1g18,2.4569274498769375e-05,0.000574539882749,2.287345570047653e-05,0.0001607597310392,2.3132701866832297e-05,0.0006045985114752,2.573333334511349e-05,1.5605212436042407e-05,2.9449848411445968e-05,2.294568602814749e-05,0.0005519809349486,8.866280037971695e-06,2.308638789665471e-05,2.30149115417188e-05,8.030302570488808e-05,9.079714658597172e-06,1.016245213526544e-05,0.0006427647764995,5.572353151072463e-06,2.0594504080397266e-05,0.0007228481344961,3.0070200497553695e-05,2.242260582953992e-05,2.6954221592260576e-05,1.898080805390412e-05,1.9208398307769505e-06,2.482545679922476e-05,0.0005138479197861,7.255529296451831e-06,0.0006674754684232,3.036648309804718e-06,2.4397415574807297e-05,0.0006995739908132,0.00079147206432,1.978186528160119e-05,-0.0003849689070458,-0.0003912001473879,-0.0003474800265558,-0.0003531970744767,-0.0003346304572618,-0.0003431871453537,-0.0003164286935768,-0.0003554474262104,-0.0003610625449011,-0.0004117520960655,-0.0004001410080001,-0.0002738891204074,-0.0001138370417677,0.0006048275062781,0.001431896400712,0.0070592051488655,0.0072030258557428,0.0088502727487672,0.0088615819789758,0.0097146341308004,0.0097584255957454,0.0078681734663771,0.0079421672344746,2.533176961392454e-05,-2.219579391597687e-05,0.0002238498128671,-0.000175924212856,0.0002840103241345,6.8912244956013856e-06,0.0003511302515119,8.465448186697115e-06,0.0001520068646682,9.435156930227354e-05,8.352487388144323e-07,9.518937966764376e-07,-1.0524118954085586e-06,3.443609311054931e-06,-1.1158455631408126e-06,1.24979548460561e-06,-1.0319880418305465e-06,-3.2357802557990636e-07,1.329458977162204e-06,-3.246761334286037e-07,3.175230391361146e-05,1.1288311396780269e-06,-6.96193990551141e-07,-1.0367124577183758e-06,1.1254658972356094e-05,1.0604061574202783e-06,-2.102459879757191e-07,3.41217426376278e-05,6.985101368478387e-07,-7.647286151067203e-07,8.043109538936218e-07,-9.41266432541949e-07,-8.90874427684507e-07,-6.992728550709073e-07,-1.4166736205886552e-06,2.229619740876592e-07,-4.823182453718295e-07,3.04918074221375e-05,-8.164867577570602e-07,3.5173164524865835e-05,4.0153339447557385e-07,8.599600936395164e-07,1.0929550634145872e-07,-3.1786475357315797e-07,-5.80205733998956e-06,-1.5584082031561825e-07,-1.497534373806995e-06,-1.0898505680518868e-07,-6.192008042674889e-06,-2.0466921154163192e-07,-1.646704450552474e-07,-3.0817979468137685e-07,-4.48658844224783e-07,-8.468471768112695e-06,1.6674539682713057e-07,-8.8734449481797e-08,-1.9146383261409169e-07,9.645334646869455e-07,2.3278150578161105e-08,2.814673993174336e-07,-9.789268061837153e-06,2.0420783443539765e-07,-3.2519175232916836e-08,-7.138798790432751e-06,-2.746951528880085e-07,-7.024670572360359e-08,-3.3213696990716733e-07,-2.2052437012229344e-08,-4.47062119924955e-09,-1.8965055986657264e-07,-7.652705050123867e-06,3.711902591571665e-07,-1.0418063464115776e-05,-1.0299524587632366e-08,-1.9301483564553675e-07,-6.7935226806289876e-06,9.767328087350836e-06,movement,movement,no movement,no movement
1316.666666666667,0.0218523358908139,0.3873589098069225,-0.2189230754,0.0359347994755028,0.400578583884259,-0.2077811882666667,0.0380078410029587,0.4011057658853311,-0.1964179834,0.037113259573265,0.4010819278461887,-0.1999402394,0.0175066606146704,0.4091068976741669,-0.2193517272666666,0.0188079885707832,0.4077678982352881,-0.2311802501666666,0.021852416152026,0.3984564182777129,-0.2123075125,0.0824822713142528,0.3844371453848964,-0.1007710910413333,-0.0310891838478794,0.3559034511932766,-0.1023062040366666,0.049480344918392,0.3770229037974507,-0.16883419383,0.0186568206955711,0.3504629119284843,-0.1967622439,0.1445614180963449,0.2407793503517324,0.015079482749,-0.0897338894257746,0.3022431456102031,0.0538787663476666,0.1704118178581867,0.0734902516585288,0.0301595441003333,-0.1162544103402593,0.0885250986422381,-0.0058634291395333,0.1230888106464991,-0.0619652262750269,-0.0013376757606666,-0.0437403438275787,0.0079950457988349,-0.11677110539,0.0999229510756175,-0.0893659790330603,-0.0082349894890799,1.5046852697924432e-05,-0.0092269665850798,-0.1702320969899999,0.0763425204520611,-0.0848142077539744,-0.0242351438936666,0.0309061647295911,0.0261197447516003,-0.1784192758333333,0.113043833692374,-0.0791809810773115,-0.0065901804754633,-0.0237294246596286,0.0159133754809309,-0.158573419,0.0744744239064973,-0.1157031969934328,0.02795813282,-0.0723555942240912,-0.1067667841383349,-0.0255883740833333,0.0647660908928291,-0.4517025159982578,-0.0277148731233333,-0.0404845877564459,-0.3926115655921014,-0.0377374326966666,0.0773802482516863,-0.7388980872204944,0.1210349518166666,-0.0714872662047587,-0.7189249561352828,0.11668387087,0.0611992353959435,-0.7679162439112922,0.1393632880999999,-0.0729295228594498,-0.747246939105872,0.0907985165433333,0.0460754891021199,-0.7858387068664736,0.0645197521166666,-0.0678364977207743,-0.76071810268477,-0.0084965753534333,kalt_g_ch1_g18_compr.mp4,ch1g18,2.4759625583443973e-05,0.0005758072587448,2.156925113663025e-05,0.0001653220919065,2.1071585574339383e-05,0.0006056654579845,2.4397187816465417e-05,1.468509023891288e-05,3.0354943231532056e-05,2.241815389746671e-05,0.000573652702538,9.57445624054936e-06,2.2136533396097144e-05,2.164590965974665e-05,9.2193035437348e-05,9.539101799798132e-06,9.415086111325958e-06,0.000666271291922,5.969288874371891e-06,1.9664353153372794e-05,0.0007231754631976,2.8650040463101923e-05,2.132374107022874e-05,2.5724388659810037e-05,1.6838033208445627e-05,2.1569083883928615e-06,2.392764351456571e-05,0.0005354346189551,6.294657840890294e-06,0.0006907582073388,3.4458322292374627e-06,2.472285287955252e-05,0.0006998472867004,0.0008087491454427,1.7864819394396847e-05,-0.0003756479388293,-0.0003831270901911,-0.0003395416797634,-0.0003455299945253,-0.0003317301921094,-0.0003420009161102,-0.0003149949879399,-0.0003435687127122,-0.0003591460539369,-0.0004003831000442,-0.0003921906791801,-0.0002676152548206,-8.425368736636219e-05,0.0007902881797965,0.0015229203567828,0.0075275380717995,0.0072405403118811,0.0093888278506273,0.008893358758095,0.0102441936309942,0.0097822893272667,0.0083440595654397,0.0079732089759056,2.629776270493669e-05,-2.196274936837166e-05,0.000207436593476,-0.0001728042165691,0.000250652698593,-3.31896778863002e-06,0.0003214615120828,-1.392729154095222e-06,0.000146577648235,9.183897193340934e-05,3.856343761034289e-07,-1.9517665998465126e-06,-1.2662982665122738e-06,2.5427988572458873e-06,-1.0946596182455838e-06,-1.9169008674557555e-06,-1.2729601614627863e-06,-4.653658632174358e-07,8.691091723914861e-07,-6.88597438324114e-07,2.4211736688490174e-05,1.303601088022834e-06,-8.443660287744578e-07,-1.2892664879404748e-06,1.1807639097932931e-05,1.0305472196774968e-06,1.5614534538083634e-07,2.5679302374661425e-05,9.227819637540422e-07,-8.621066951765487e-07,-2.6555949133911794e-06,-1.229777543181089e-06,-1.007276535044774e-06,-1.0469768272886193e-06,-1.2999588880129238e-06,1.937847391607568e-07,-7.159994150489599e-07,2.3715983975698107e-05,-4.141092773470353e-07,2.6008764134501607e-05,3.525907198840773e-07,5.174126072918109e-07,-3.05828849079152e-06,-4.052937312701616e-07,-1.986001253099056e-06,-1.499096244515536e-07,-9.673872595788074e-07,1.2087697153860525e-07,-2.128658035655687e-06,-1.8309426493974646e-07,-2.3937673632988993e-08,-4.537316703283618e-07,-2.743706918539178e-07,-6.596869187237194e-06,2.549590877250414e-09,-1.068937017428831e-07,-1.942058298366417e-07,4.7049843972744586e-07,-8.964372696411785e-08,3.291449105576673e-07,-7.34917553768712e-06,5.4575326753013834e-08,-5.726345989455873e-08,-2.21229791284276e-06,-2.5015444660609e-07,-7.307515439913173e-08,-2.595630848737698e-07,2.105017757120995e-07,-4.05002704292556e-08,-1.6611307037639758e-07,-5.947267097936942e-06,3.732040104347453e-07,-7.95491360384097e-06,-5.6072229639550074e-08,-2.393680502519204e-07,-2.070678686455309e-06,6.361713118594368e-06,movement,movement,no movement,no movement
1333.3333333333337,0.0221413225383721,0.3869667914935218,-0.2144168835333333,0.0360584532440197,0.400183023264318,-0.2032601009666667,0.0381168062291821,0.40075341274144,-0.1919265158733333,0.0372019514638413,0.4007235079886824,-0.1954308634166667,0.0176288641980965,0.4087568098705413,-0.2148953606666666,0.0189423655196268,0.4074079296583253,-0.2267505799666666,0.0219444863731987,0.3981255367929069,-0.2078790446,0.0822408911742923,0.3840778475401685,-0.09649022383514,-0.031305453566569,0.3555230977653281,-0.0984050530396666,0.0496314460760235,0.3766083646560458,-0.1644210174933333,0.0187467541626846,0.3500496291626153,-0.1925090081866666,0.1441110314328351,0.2404895644600464,0.018232661639,-0.0896749972140039,0.3021424136885162,0.0564608339843333,0.1690581987284534,0.074330614310523,0.0301442045969999,-0.1139904682934994,0.0900338877677822,-0.0072994247318666,0.1182561150542883,-0.0543678696717281,-0.0023649447253333,-0.0374331875741665,0.0151511880749246,-0.11890878886,0.0939269401304275,-0.0799376643092082,-0.0089863282417466,0.0076086926721056,-0.0004438064183772,-0.1724743345233332,0.0710047317709337,-0.074554860836262,-0.0239648087636666,0.0380271335811499,0.0357723457209501,-0.1795193120666666,0.1083272355466731,-0.0707788298949182,-0.0071570137544633,-0.0175096645696152,0.0237857187184806,-0.19385013,0.0744214831401725,-0.1156764707927519,0.02800218829,-0.072325302667018,-0.1067880985264759,-0.0256187328399999,0.0646233155945189,-0.4515091461402244,-0.02837969315,-0.0407865404155741,-0.3927854443779854,-0.0395704221766666,0.0772208147269959,-0.738678446034589,0.11988877858,-0.0714076721419306,-0.7189287200068658,0.11490719052,0.0610246832821608,-0.7676198708462281,0.1382276947,-0.0727897500672369,-0.7472468489211564,0.0889903689099999,0.0460894907410344,-0.7857029655991109,0.0643221484399999,-0.0676966072690906,-0.7606222245480074,-0.0100385656417666,kalt_g_ch1_g18_compr.mp4,ch1g18,2.422758811204361e-05,0.0005768082096644,1.99552947868785e-05,0.0001695371056385,2.01216097548216e-05,0.0006065404204574,2.277038109804443e-05,1.4375723141812495e-05,3.0748435571682026e-05,2.132969075965147e-05,0.0005948766884535,1.1154814719945867e-05,2.108583162878116e-05,1.998154161925523e-05,0.0001036679065466,1.0476193614380184e-05,9.794368742522409e-06,0.0006889469068982,7.228510989578681e-06,1.862740889728852e-05,0.0007242250160575,2.720366545685988e-05,2.013100999310483e-05,2.4312969425985965e-05,1.5797892380866913e-05,2.3198247625897277e-06,2.2882269077985864e-05,0.000556074808158,5.967244442524543e-06,0.0007140471146193,3.72096702740989e-06,2.452094908354479e-05,0.0007005624416374,0.0008254797199449,1.7373104926981608e-05,-0.0003528824681835,-0.0003615835977756,-0.0003181923837191,-0.0003246275727571,-0.0003164077853134,-0.0003279390010934,-0.0003013892045909,-0.000320847742757,-0.0003494951062267,-0.0003785479135093,-0.0003735128613161,-0.000259023968884,-6.255699719836514e-05,0.0009734379151162,0.0015520835568599,0.007926602616349,0.0072654060684939,0.009845010942822,0.0089335428881661,0.0106947903172772,0.0098229249547446,0.008749781153655,0.0079986865748722,2.7086714793309565e-05,-2.144385456116811e-05,0.0001997452578048,-0.0001664336239203,0.0002301125713056,-7.669206565513704e-06,0.0003050012765705,-4.726319410466002e-06,0.0001553059871176,9.940484144418856e-05,-1.756172479853272e-07,-8.853894884276266e-07,-1.5082202562524908e-06,2.2392643470729154e-06,-8.643045180799531e-07,-8.309572001242921e-07,-1.5372495374838323e-06,-4.332206777566271e-07,2.009753352675085e-07,-7.971239940809002e-07,1.948798188143123e-05,1.2709259068257508e-06,-1.0715653529691403e-06,-1.5807260477435595e-06,1.1991440061879002e-05,8.67008400377191e-07,5.169701651201611e-07,2.077124813702931e-05,9.557684239082206e-07,-1.0385330392536709e-06,-9.731492304957537e-07,-1.5496332019312865e-06,-1.1900022931257552e-06,-1.3771353028024115e-06,-9.735203964603812e-07,1.290658047955319e-07,-1.0035277613413626e-06,1.953667851157794e-05,-4.362639132911463e-08,2.043302515893557e-05,2.652488391194922e-07,1.015119017056104e-07,-1.3560745278318277e-06,-4.547497663126122e-07,1.257109558223053e-06,-1.270713574628271e-07,-4.5858825887454036e-07,3.078220389922899e-07,1.3199062089366138e-06,-1.564808904551816e-07,1.0686148313579137e-07,-5.745964915428561e-07,-5.5104155415026035e-08,-4.293919121883876e-06,-1.780427586522443e-07,-1.231893864327316e-07,-1.7796279141156944e-07,7.284782178605494e-08,-1.8255166344735193e-07,3.161016147969354e-07,-4.515804747372869e-06,-1.1578371074530825e-07,-7.479542301819693e-08,1.8578804616535685e-06,-2.3008842626689447e-07,-7.699761535945875e-08,-1.8571096386574614e-07,3.902991323409285e-07,-6.62084626926762e-08,-1.460988209218669e-07,-3.831087914693843e-06,3.500489165059131e-07,-5.064274111135756e-06,-8.597727942656919e-08,-2.495910706503964e-07,1.8503825328988649e-06,4.058715196685465e-06,movement,movement,no movement,no movement
1350.0000000000005,0.0224118911659246,0.3866339041286565,-0.2101030418333333,0.0361568860366944,0.3998400620968518,-0.1989489241,0.0382005329097333,0.4004534645079503,-0.1876390924333333,0.0372626152585402,0.4004163128904393,-0.1911261658,0.0177358757309016,0.4084505275541528,-0.2106481052999999,0.0190624511821526,0.4070896482363209,-0.2225313991333333,0.0220225748263504,0.3978337038833425,-0.2036559037666666,0.0819732164622649,0.3837719005898974,-0.0924293951658066,-0.0315206180022972,0.3551641954010146,-0.0947259422663333,0.049764975649491,0.3762452559099185,-0.1602071168833333,0.0188242202696387,0.349685610819497,-0.18845493022,0.1436612079327987,0.2402255009319418,0.0212471876586666,-0.0895920063351012,0.3020722673637633,0.0589322937776666,0.1676427969906981,0.0754154320031747,0.0297070686036666,-0.1115411817667805,0.0915468496482906,-0.0088097611045333,0.1134286460326104,-0.0461818728119301,-0.004024297552,-0.0310746521088858,0.0224566468677775,-0.1210605857,0.0879776278740594,-0.0698045069615333,-0.0103911614534133,0.015185757402525,0.0085425650530026,-0.1747081983899999,0.0657498403337243,-0.0635692705598959,-0.0243088780036666,0.0450827827896924,0.045649130895428,-0.1806288845666666,0.1036417143294392,-0.0617604442810679,-0.0083514605997966,-0.0112728515902554,0.0318300496071757,-0.208353356,0.0743648352963416,-0.1156490177842111,0.02804968891,-0.0722919852587986,-0.1068090335581044,-0.0256546573033333,0.0644721435471358,-0.451318228281993,-0.0290388006933333,-0.0410713565269562,-0.3929489891844682,-0.0413445084233333,0.0770807069561572,-0.7384639304086195,0.11876002904,-0.0712493481519942,-0.7189415321284897,0.1131251683433333,0.0608767907921434,-0.7673271662926282,0.1371211049,-0.0725609056186801,-0.7472571599960818,0.0871674022099999,0.0461298465938913,-0.7855581043161182,0.0642192931766666,-0.0675473938596263,-0.760524000387773,-0.0115719876257666,kalt_g_ch1_g18_compr.mp4,ch1g18,2.3606651780708768e-05,0.0005783682334995,1.8193865602421473e-05,0.0001719026557101,1.966877733925351e-05,0.0006084339104844,2.0935793109117232e-05,1.4288337542140403e-05,3.075473889651231e-05,2.027993417823252e-05,0.000614913987877,1.3100354761578427e-05,1.98679304742746e-05,1.8149082854645317e-05,0.0001146251611617,1.1799690139025689e-05,1.0632909500006912e-05,0.0007111890788345,8.828705472668106e-06,1.7482125755758664e-05,0.0007273079902263,2.554804874573456e-05,1.881664635077072e-05,2.2777528403493624e-05,1.525009442112891e-05,2.389644586818957e-06,2.1668512692095223e-05,0.0005758398570314,6.584087486299171e-06,0.0007360424763921,3.854084664052648e-06,2.426317394424694e-05,0.0007028970937988,0.0008418971463776,1.7621334233719843e-05,-0.0003242009367766,-0.0003352107118725,-0.000291963530998,-0.0002989821657981,-0.0002969476110076,-0.0003095048279046,-0.0002836508306573,-0.0002946241999567,-0.0003422518784046,-0.0003533615977171,-0.0003518821385262,-0.0002467511729193,-4.8659562324279056e-05,0.0011413412797453,0.0015488980180358,0.0082583680101686,0.0073383638540737,0.0102274164396532,0.009043632594604,0.0110682979209847,0.0099350901952469,0.0090847451500021,0.008077994677864,2.7984667890296408e-05,-2.0975661020940186e-05,0.0001928776801849,-0.000160392298248,0.0002121816499278,-1.4638695277356724e-05,0.0002907177376724,-1.1032175285399496e-05,0.0001646044907686,0.0001087803789059,-7.007106544133727e-07,2.873421724022973e-06,-1.621505337184297e-06,2.189845399007782e-06,-4.11646286237801e-07,3.1677376797469884e-06,-1.6787069976572287e-06,-2.3109464946945082e-07,-5.349945907351287e-07,-6.853049328434518e-07,1.7181443900231924e-05,9.85706953134107e-07,-1.2120392214952128e-06,-1.7410474313437943e-06,1.1758475054444152e-05,6.857450948249268e-07,9.033583451879156e-07,1.869996949711252e-05,7.40281026303909e-07,-1.1327352158709438e-06,4.162113678917367e-06,-1.7502911871293173e-06,-1.2816998755091534e-06,-1.5173775339648336e-06,-4.501887272974326e-07,4.2995709422513236e-08,-1.1477419119949498e-06,1.7536206052743718e-05,2.816859368437357e-07,1.786757825089962e-05,1.5760457752804229e-07,-1.7956888543421955e-07,3.5645090048542636e-06,-4.730975719296407e-07,3.4446321369284588e-06,-8.15945008264827e-08,-7.590229304867315e-10,4.427370394363637e-07,3.623672455521636e-06,-1.1723812566081247e-07,2.1804627025522846e-07,-6.486495752817164e-07,1.5450836007099217e-07,-2.0796166238207997e-06,-3.284310107032311e-07,-1.2120660136658354e-07,-1.3354226900751338e-07,-2.059385546178326e-07,-2.407061245900357e-07,2.614596888817182e-07,-1.9339055015152156e-06,-2.592157056814014e-07,-7.094568212689659e-08,4.458949822451066e-06,-1.9685704457351987e-07,-6.761634320748146e-08,-1.1037839990543044e-07,5.105949715488437e-07,-7.821739014738151e-08,-1.2416957674610516e-07,-1.814076535925943e-06,3.024519030645666e-07,-2.35142857744398e-06,-9.833816217411897e-08,-2.4286395243144897e-07,4.394339489399367e-06,3.8985606961225165e-06,movement,movement,no movement,no movement
1366.6666666666672,0.0226703346283133,0.3863625446889021,-0.2059008957666666,0.0362400282895009,0.3995546914078576,-0.1947499812666666,0.0382684575056171,0.4002104787244074,-0.1834632829166666,0.0373056389493927,0.40016565469131,-0.1869326370666666,0.0178332858851663,0.4081983048174118,-0.2065086913666666,0.0191735469838001,0.4068228052248336,-0.2184205865,0.0220921381618554,0.3975908588973032,-0.1995393563999999,0.0817014370213017,0.3835213673701166,-0.08845062251414,-0.0317296675506969,0.3548469106820158,-0.0911132680896666,0.0498872104764271,0.3759377649909453,-0.15609907112,0.0188953202115032,0.3493792288168835,-0.1845002084866666,0.143213470996028,0.2399995621298238,0.0242956668743333,-0.089486559647778,0.3020488704812847,0.061355571281,0.1661234290493778,0.0767351130160415,0.0289520335649999,-0.1090680125146314,0.0931279223011818,-0.0106439396945333,0.108512080552465,-0.0375780163926253,-0.0060244814113333,-0.0247302046135507,0.0298730392067573,-0.1234096577866666,0.0819515755587418,-0.0592047747806139,-0.0121327061294133,0.0227033064310793,0.0176477097776819,-0.1770914454133333,0.0604553694045424,-0.052120080550633,-0.0250033786603333,0.0520713097278343,0.0556370188888692,-0.1818262305999999,0.0988870313136633,-0.052319272038018,-0.0098930714681666,-0.0050623159953162,0.0399825156060236,-0.212814033,0.0743065440152161,-0.1156203331250254,0.0281158985566666,-0.0722573230765052,-0.1068301052668193,-0.0257115993033333,0.0643206074565942,-0.45112944683014,-0.0296663059133333,-0.0413383661386486,-0.3931003823303776,-0.0431101944499999,0.0769405301746364,-0.7382489544371839,0.1177277453733333,-0.0710485257719607,-0.7189542297808142,0.1112716074266666,0.0607304252689656,-0.7670325697443767,0.1361287295666667,-0.0722830269652247,-0.7472670660890832,0.0852602040866666,0.0461944410090054,-0.785381094862579,0.0642718647233333,-0.06736483278574,-0.7604062930644664,-0.0131616419797666,kalt_g_ch1_g18_compr.mp4,ch1g18,2.329279074044461e-05,0.0005839715776126,1.641819112094026e-05,0.0001739686942181,1.9896188999481773e-05,0.000614657313044,1.8940046563321654e-05,1.4279905394889473e-05,3.0446679266550268e-05,1.955464162924651e-05,0.0006349766600804,1.45688099661362e-05,1.829793354789713e-05,1.631074577272296e-05,0.0001251527405555,1.2693385062656975e-05,1.1867617851508755e-05,0.0007335382199689,1.007285678858358e-05,1.605795458555855e-05,0.0007355442216905,2.3644948322481465e-05,1.7202962606989713e-05,2.1071648712631e-05,1.5412421233196413e-05,2.3489059800073033e-06,1.999428494283747e-05,0.0005959124327046,7.803737619777068e-06,0.00075766192157,3.861750195228474e-06,2.3543236276253924e-05,0.0007102126152682,0.0008614306390812,1.8412093095376144e-05,-0.0002894607051281,-0.0003040484846549,-0.0002606989889524,-0.0002684955642192,-0.0002715489843436,-0.000285036577502,-0.000259535852335,-0.0002639804545478,-0.0003295877688939,-0.0003236827243859,-0.0003245825737584,-0.0002241886181563,-3.418078057178666e-05,0.00131509789323,0.0015457869420785,0.0085841145850687,0.0074691846115616,0.0105969234899495,0.0092223603916376,0.0114277195826107,0.0101227513422773,0.0094109548768041,0.0082201564546184,2.8608605123068923e-05,-2.0171587654138808e-05,0.0001871183017258,-0.000153272553864,0.0002038710698927,-2.212341370900005e-05,0.0002860080184404,-1.8835138456548816e-05,0.0001826412645462,0.0001181415751037,-1.100775245630614e-06,7.576184933125891e-06,-1.6137895490059383e-06,2.315711711267631e-06,1.6419359542131917e-07,8.225701580979354e-06,-1.6985265897596868e-06,1.2101621336078668e-07,-1.2114399872104933e-06,-4.102762580953513e-07,1.6894749472862546e-05,5.029233212243557e-07,-1.2677862909268355e-06,-1.7777996591204e-06,1.1281669975191852e-05,4.556529390341382e-07,1.1547880754822542e-06,1.886056845729222e-05,3.3199148938923493e-07,-1.1530948774879051e-06,1.0475248399308926e-05,-1.8618976370446337e-06,-1.286050869994803e-06,-1.4999521847098623e-06,1.7155575481921994e-07,-4.5386870820861316e-08,-1.1622496956987726e-06,1.732484696967698e-05,5.237965430516816e-07,1.7780021546225876e-05,5.419491170026305e-08,-3.045811986572812e-07,9.553413672835124e-06,-4.541415460227025e-07,4.253249322432091e-06,-1.4928728669083362e-08,3.0649501995474397e-07,5.049017712727222e-07,4.448581094982336e-06,-6.243252184761995e-08,3.002135262175134e-07,-6.526826506040058e-07,3.10374216686649e-07,-3.584962686667134e-07,-3.9385180984318355e-07,-8.958966593345843e-08,-6.097574112628613e-08,-3.839982506479193e-07,-2.3414415890713274e-07,1.713452297943825e-07,-2.8890420598275816e-08,-3.258007171841419e-07,-3.5983507722337625e-08,5.247491160657732e-06,-1.4187656225338318e-07,-3.4336782458221864e-08,-3.1749533567922545e-08,5.541015340656155e-07,-7.590424501632116e-08,-9.015811406481109e-08,-2.74091805616878e-07,2.544135236155788e-07,-2.7482707266043445e-07,-9.55464730623489e-08,-2.158347317060685e-07,5.2247617084049435e-06,4.290297189057314e-06,movement,movement,no movement,no movement
1383.333333333334,0.022929537815983,0.386087885306002,-0.2017466621333333,0.036325281440584,0.3992600616308642,-0.1905997406333333,0.0383387844731689,0.399958918810824,-0.1793371275166666,0.037350038235835,0.3999063591160607,-0.1827874335333333,0.0179326739563896,0.4079386944449547,-0.2024116250666666,0.0192872571389704,0.4065487137561613,-0.2143521974666667,0.0221643006219279,0.3973415295293524,-0.1954648651,0.0814529301443277,0.3832538013946343,-0.08449793109414,-0.0319187951520842,0.3545228157164971,-0.087501177803,0.0500164283764962,0.3756196544899441,-0.15203163031,0.0189706962491877,0.3490666962591255,-0.1805763147866667,0.1428045503783344,0.2397741548283286,0.0273810340386666,-0.0893476252628968,0.3020232204406434,0.063802234401,0.1645999148405406,0.0782044339605894,0.0279310160943333,-0.1065622744935651,0.0946907057697546,-0.0123978726478666,0.1035990414380215,-0.0287957004575733,-0.0085133174046666,-0.0184593869032521,0.0373641153719367,-0.12579991184,0.0759459577490842,-0.0483953219979193,-0.01445163113811,0.0301334268451306,0.0268920089366217,-0.1795265494499999,0.0551817285569811,-0.0404761434024234,-0.026259498617,0.0589880305151523,0.0657945787131051,-0.1830625563333333,0.0941347604842428,-0.042714630159224,-0.0119282905466333,0.0010775591317528,0.0482261735442224,-0.218593776,0.0742493205444798,-0.1155922474460215,0.0281838794533333,-0.0722247028534655,-0.1068490134269536,-0.02577067893,0.0641708660763974,-0.4509455765172935,-0.03032061261,-0.041610675442684,-0.3932511387159283,-0.0448667720766666,0.0768009074664578,-0.7380455550726915,0.1167582673733333,-0.0708483798675325,-0.7189856992835081,0.109409795,0.0605846424988252,-0.7667463764582433,0.1352182241666666,-0.0720046454059119,-0.7472948416279459,0.0833425380033333,0.0462839961461938,-0.7851841355838562,0.06436877368,-0.0671710348050962,-0.7602820254267968,-0.0147892730920999,kalt_g_ch1_g18_compr.mp4,ch1g18,2.254167013364567e-05,0.0005939591931525,1.5089101246155103e-05,0.000175839921413,2.055694884822604e-05,0.0006256519069333,1.7580952516971e-05,1.444289481514878e-05,2.9256475703407993e-05,1.9334252795606657e-05,0.0006555413987718,1.526587979426329e-05,1.7192557740691536e-05,1.4888039553378746e-05,0.0001357930275704,1.299351223388621e-05,1.3285643504467924e-05,0.0007570109151571,1.0585009436485708e-05,1.5003633343331976e-05,0.0007494951741452,2.2193734605548235e-05,1.6084393975280436e-05,1.9954825575472733e-05,1.6049284848135857e-05,2.261377061996461e-06,1.9114584707707284e-05,0.0006168244930636,8.841269740309313e-06,0.000779640902864,3.876061889514824e-06,2.3052237558789127e-05,0.0007230095183498,0.0008846577884543,1.922555510010295e-05,-0.0002633453894937,-0.0002813152179692,-0.0002379935513427,-0.0002464017091119,-0.0002530499678442,-0.0002674167303978,-0.0002421405178835,-0.000241320985578,-0.0003233472177108,-0.0003036462283333,-0.0003053778503417,-0.0002050874618546,-2.4656606785482217e-05,0.00148697891839,0.0015728095978221,0.0089028701672376,0.0076789245013177,0.0109617016539052,0.0094931454572646,0.0117770399460905,0.0104058900643546,0.009728120988164,0.0084451827578186,2.863374666919896e-05,-1.8702360543685054e-05,0.0001829427411059,-0.0001484915053996,0.000202817840805,-3.461589060248232e-05,0.0002882198635062,-3.200178937760874e-05,0.0002048151249321,0.0001251072912623,-1.4476196038339217e-06,1.1833103908372676e-05,-1.5900422260748522e-06,2.4114622959910127e-06,7.538020882678227e-07,1.279783913780673e-05,-1.7240151959591103e-06,5.300363794081737e-07,-1.7698661195507629e-06,-3.678835168101805e-08,1.80223815770727e-05,7.426811868645446e-09,-1.346467907355334e-06,-1.8022547502254993e-06,1.0837398514938532e-05,2.156757639390084e-07,1.253265914236956e-06,2.0508666918831068e-05,-9.768116668847598e-08,-1.1769480338848214e-06,1.5918202425822692e-05,-2.006789902869726e-06,-1.3102421454794895e-06,-1.4839073287434957e-06,7.938646681517628e-07,-1.1909774437857257e-07,-1.209005487617633e-06,1.8361922417206547e-05,7.188018658024449e-07,1.9342262144017413e-05,-3.2051687376941326e-08,-3.97797365950953e-07,1.479943085649144e-05,-3.659607116017824e-07,3.6679270475182262e-06,6.119452998523701e-08,4.397397150723525e-07,5.0267910588582e-07,3.77265464949663e-06,-9.810626764367216e-09,3.417779305086612e-07,-5.552568527157073e-07,3.787856812490221e-07,6.238240339190046e-07,-3.4638450009154957e-07,-4.8501823648329314e-08,3.028798794405994e-08,-5.197419531338331e-07,-1.5535658962699808e-07,7.12054987126086e-08,9.364553366672272e-07,-2.8314365711832453e-07,1.2894396132477642e-08,4.225181410554996e-06,-7.809893056790041e-08,3.718521914046391e-09,3.0718752084145304e-08,5.309656268303703e-07,-6.220319117963833e-08,-7.654848418479e-08,5.59797175127444e-07,2.426109313809857e-07,8.865645544021452e-07,-8.424279492858447e-08,-1.9418370355271475e-07,4.348509809321732e-06,3.772342033545702e-06,movement,movement,no movement,no movement
1400.000000000001,0.0231777084669264,0.3858279917461062,-0.1975837080999999,0.0363859473080983,0.3989781822953067,-0.186450332,0.0383845221772285,0.3997208148920847,-0.1752127076166666,0.0373693777323723,0.399659646272648,-0.1786411029666666,0.0180139059175042,0.4076847410534344,-0.1983127725999999,0.0193830930656765,0.406280295139662,-0.2102828641666667,0.0222199658823144,0.3970980248519378,-0.1913880526666666,0.0811887089999869,0.3830182633611048,-0.0805642031708066,-0.0321058014725403,0.3541993329878888,-0.083892643253,0.0501392539584389,0.3753181306249017,-0.14795839541,0.0190437885938313,0.3487640998647878,-0.1766448338866666,0.1423983045416387,0.239591563503548,0.0304583600389999,-0.0891929587143701,0.3020018540943752,0.066236124391,0.1628648178933708,0.0797603696012541,0.0269580118523333,-0.104035423920034,0.0962341650530208,-0.0141213056245333,0.0983831181184416,-0.019858048951766,-0.0110029259929999,-0.0122376875764463,0.0450772409601463,-0.1281911882066667,0.0696182295498852,-0.0373861444877506,-0.01675463632061,0.0375068565046246,0.0364672022906264,-0.1819589109466666,0.0496349077353864,-0.028630190105097,-0.027515437897,0.0658762943726966,0.0763190348716674,-0.1843339003333333,0.0890934848649552,-0.0329433330620235,-0.0139669336181999,0.0071686371855827,0.0567298057149073,-0.209299028,0.0741919555437215,-0.1155648229993357,0.0282622488833333,-0.0721923397471033,-0.1068656806473881,-0.0258416898566666,0.0640073551037803,-0.4507584125779471,-0.0309759676366666,-0.0419007168957725,-0.3933969697367495,-0.0466249083666666,0.0766398081626557,-0.7378442818433931,0.11587825444,-0.0706586992783108,-0.719025122796795,0.1075350093933333,0.0604174578711895,-0.7664586660889634,0.1344167821,-0.071733829155229,-0.7473310506851292,0.08141059973,0.046379570263857,-0.784940676980799,0.06457278076,-0.0669720087172229,-0.7601418988679179,-0.0164379527554333,kalt_g_ch1_g18_compr.mp4,ch1g18,2.0859669262156505e-05,0.0006069197780052,1.3684700447083966e-05,0.0001785108957084,2.174621457507312e-05,0.0006397376226472,1.6144786663582887e-05,1.5077369026182858e-05,2.6913596133686016e-05,1.9522129721251424e-05,0.0006748212729514,1.4914379527795137e-05,1.604807179580438e-05,1.3262375322772896e-05,0.0001464956825093,1.3104365860313037e-05,1.4822669913706436e-05,0.0007785798680246,1.0141049419500166e-05,1.3949807306275408e-05,0.0007666699188872,2.039826511751143e-05,1.49818337797655e-05,1.8701943879785813e-05,1.7266651067586637e-05,2.125698705644267e-06,1.8286514502322796e-05,0.0006365271552088,9.134674185307388e-06,0.0007998907379479,3.833980690823291e-06,2.2716148357352208e-05,0.0007388444469261,0.0009093104866505,2.002443812990855e-05,-0.000241107338024,-0.000262444356603,-0.0002191387291173,-0.0002282428755469,-0.0002379456857761,-0.0002525445409815,-0.0002273924692263,-0.0002230776201259,-0.0003216069754641,-0.0002887835041207,-0.0002907690936499,-0.0001862421375396,-1.8818058740512385e-05,0.0016630690418991,0.0016279245341139,0.0092090159209998,0.0079352054725326,0.0113018996522494,0.0098111106045671,0.0121033708482351,0.010743125006082,0.0100301187600902,0.0087190824031945,2.809324859691584e-05,-1.667121587476353e-05,0.0001838167216197,-0.0001458176307695,0.0002106102743906,-4.711393141081867e-05,0.0002982726985523,-4.4983427862171406e-05,0.0002332054093944,0.0001368424398212,-1.739567689888638e-06,1.4264489108352892e-05,-1.5211820736946124e-06,2.451972946305195e-06,1.2725828876236729e-06,1.52900283776312e-05,-1.7359171995671722e-06,8.972485957352257e-07,-2.217836969998029e-06,3.520902925820335e-07,1.9259486951936683e-05,-3.96964715730624e-07,-1.4134973972651873e-06,-1.7665492379135315e-06,1.0371085937373418e-05,2.669570446026655e-08,1.2050632404901354e-06,2.194920144127209e-05,-4.472122838923868e-07,-1.1773318303112816e-06,1.8405548354240156e-05,-2.1074385309533103e-06,-1.3276909258627651e-06,-1.4504156676175932e-06,1.3276141959113009e-06,-1.7142013546449081e-07,-1.288013350710057e-06,1.944295831888474e-05,9.08898527765572e-07,2.0889029528206827e-05,-9.937784012466577e-08,-5.309690286215236e-07,1.747533147174118e-05,-1.968615327868409e-07,1.921952420881715e-06,1.568642519991101e-07,3.75981014297955e-07,4.400308472033642e-07,1.853405859573943e-06,6.22663955115892e-08,3.297918773673127e-07,-3.544405374913442e-07,3.4993390542777984e-07,8.59311036551259e-07,-1.794400996372358e-07,1.3582284387283916e-08,1.5228466508046068e-07,-6.609220132348924e-07,-2.864099702494657e-08,-2.5512759091403945e-08,1.027125713461339e-06,-1.260421981063096e-07,8.003479093428833e-08,1.7487213129713548e-06,1.7059508312323177e-08,5.7809436194218545e-08,9.735311157730737e-08,4.468902116875985e-07,-3.974628340838778e-08,-5.8657471586576095e-08,6.977264818226168e-07,2.8536196029205217e-07,1.1432805303338428e-06,-6.61714351813106e-08,-1.7978865069796838e-07,2.0991496093120777e-06,2.181490999811971e-06,movement,movement,no movement,no movement
1416.6666666666674,0.0234157753244717,0.3855778888013726,-0.1934228317666666,0.0364373522085441,0.3987065760551781,-0.1822952005666667,0.0384208670210635,0.3994937181001698,-0.1710828627166667,0.037378662922981,0.3994228880117823,-0.1744864344666666,0.0180848365918405,0.4074361203972149,-0.1942162322999999,0.0194677596657726,0.4060177929643057,-0.2062182560666667,0.0222654526536396,0.3968600807071799,-0.1873138941666666,0.0809201667869005,0.3828031987708446,-0.0766221007308066,-0.0323017555022074,0.3538768421319098,-0.0802884846263333,0.0502549242351434,0.3750242679753428,-0.14388119605,0.0191083339673569,0.3484667570884356,-0.17271537282,0.1419879911300929,0.239432121464656,0.033469519329,-0.0890411169008273,0.3019831464455446,0.0686534951876666,0.1609613045991804,0.081449207867061,0.0259956719703333,-0.1015391516315213,0.0978251991889965,-0.0158542585178666,0.0929881956011084,-0.0105639341209111,-0.013403039789,-0.0060428686959106,0.0530818687496656,-0.1306493267166667,0.0631079956562667,-0.0259666456012236,-0.01895265177021,0.0448298685819474,0.0463954897687588,-0.1844502313666666,0.0439242071446074,-0.0163971295982767,-0.028663036607,0.0726520677583258,0.0871793976270334,-0.1856205060999999,0.0838779472360504,-0.0228210296412806,-0.0159077976214666,0.0132035455338182,0.065527715668827,-0.199880555,0.074136435425523,-0.1155359876913332,0.02835042613,-0.0721628144416269,-0.1068829040551179,-0.0259237318,0.0638451021707903,-0.4505689524847815,-0.0315863308733333,-0.0421903657321696,-0.3935458610132038,-0.0483764811933333,0.0764449259616139,-0.7376245173236521,0.1152844910733333,-0.0704835563113214,-0.7190636412249806,0.10573889496,0.0602105555072766,-0.7661508445280868,0.1339382303333333,-0.0714805742042554,-0.7473655812396716,0.07958053324,0.046478451718857,-0.784704412851492,0.06514847098,-0.0667845094223751,-0.7599973954308704,-0.0179571696330999,kalt_g_ch1_g18_compr.mp4,ch1g18,1.906990009920625e-05,0.0006207931195111,1.2654127495706798e-05,0.0001803328829474,2.3256207601192475e-05,0.0006548992719621,1.4962607037649095e-05,1.619222731764894e-05,2.4127380024749792e-05,2.0345324170384884e-05,0.0006935412518716,1.3677052485700156e-05,1.5105338053683706e-05,1.1945682942921031e-05,0.0001574552333152,1.2959166200666552e-05,1.61358199020958e-05,0.0007998889897392,8.922984081718512e-06,1.323633729426109e-05,0.0007851369125273,1.8554002476986588e-05,1.4146652555851634e-05,1.759300189174911e-05,1.8866494041709983e-05,1.9263047930331016e-06,1.748144801350179e-05,0.0006556339040923,9.695066283853712e-06,0.0008199954577601,3.7274250679341343e-06,2.2827176341762773e-05,0.0007561020492466,0.0009341049259041,2.087017590602629e-05,-0.0002259996813637,-0.0002477210201553,-0.0002039037914732,-0.0002137799231563,-0.0002287805732919,-0.0002429197839245,-0.0002177632809661,-0.0001992021726647,-0.0003230415239889,-0.0002775769343577,-0.000282522279714,-0.0001580596186165,-1.602729592779069e-05,0.0018375031390464,0.0016760051952076,0.0095146865280185,0.0082253206749389,0.0116517173169029,0.0101742114094082,0.0124396227214016,0.0111269314891163,0.0103322462492525,0.0090302787062444,2.6776924909988658e-05,-1.3884741510772189e-05,0.0001868833891703,-0.0001437191208289,0.0002235080425245,-5.3298032719092006e-05,0.0003123465695062,-5.1229723556159886e-05,0.0002610709869399,0.0001505486439783,-1.8715563250158675e-06,1.4429996781835034e-05,-1.325436301178735e-06,2.6342253599189582e-06,1.6733135234221305e-06,1.5220687423413569e-05,-1.6489875189110896e-06,1.1890978479372166e-06,-2.48249131578058e-06,7.189315603503207e-07,1.9801229428041366e-05,-5.848049547526911e-07,-1.3685590215328318e-06,-1.5754413920751987e-06,9.847753056609669e-06,5.500354916937928e-09,1.1398284502738417e-06,2.236088001627289e-05,-5.916494924987166e-07,-1.0641798064371771e-06,1.7517935960858203e-05,-2.0679310051025395e-06,-1.244744586783451e-06,-1.3365859625929003e-06,1.7186585371147092e-06,-1.9507688595588994e-07,-1.3224222016609963e-06,1.9851248443998796e-05,1.1893263926093877e-06,2.146310286429545e-05,-1.4565524588519877e-07,-6.368778400592587e-07,1.7178436179712575e-05,1.7594100721076922e-08,-5.892033863206686e-07,2.473781095002062e-07,1.9454194537424185e-07,3.366496017246003e-07,-8.840432686350492e-07,1.394242569521354e-07,2.665161909449981e-07,-9.352111796576201e-08,2.2189720893120886e-07,3.933736923946619e-07,7.431462321689014e-08,8.00963364115192e-08,2.754080136294445e-07,-8.422486784360488e-07,1.297571158278492e-07,-9.589552218453027e-08,3.158482199057337e-07,1.127283249700663e-07,1.429261255138429e-07,-1.6613477059378777e-06,1.2565652965730425e-07,1.1178418815284659e-07,1.535840034439233e-07,3.227510195494504e-07,-1.238938094973926e-08,-3.5970893100204766e-08,1.932105826435289e-07,3.4659592384121973e-07,5.445357576481897e-07,-4.5226320341881536e-08,-1.8204479568917347e-07,-1.0499733828273944e-06,1.063823464929431e-06,movement,movement,no movement,no movement
1433.3333333333342,0.0236251118502975,0.3853568745412279,-0.1892971606666666,0.0364584064302356,0.3984666022765879,-0.1781759573333333,0.0384266200362486,0.3992983708135236,-0.1669883251166667,0.03735675613724,0.3992167756213907,-0.1703677795666666,0.0181213200542016,0.4072120909207137,-0.1901518238333333,0.0195167505804153,0.4057799864587282,-0.2021854668666667,0.0222772099113439,0.3966461013325877,-0.1832708957333333,0.0806565760464617,0.3826355164286789,-0.0727001560574733,-0.0324983989937606,0.3535695742595377,-0.076675106213,0.0503645988631518,0.3747568776185371,-0.1398384089366666,0.0191634783751807,0.3481912165599909,-0.1688125530533333,0.1415948033926387,0.2393119028234663,0.0363559186156666,-0.0888567451046956,0.3019848565048739,0.0710931444643333,0.1589116343930201,0.0833412299617285,0.0248372255236666,-0.0990692621304837,0.0995165357412871,-0.0175300475778666,0.0874218099961954,-0.0008736846757176,-0.0157355351896666,0.000128538619926,0.0615410851230456,-0.1330991943366667,0.0564354621607928,-0.0140892730291537,-0.0210492320239433,0.0521339460623809,0.0568787641998356,-0.1869411792666666,0.0380962102397997,-0.0037548993192437,-0.029715941977,0.0793734163241712,0.0986024185743887,-0.1869385828666666,0.0785133388830127,-0.0123117051934478,-0.0177674189302333,0.0192157315271056,0.0748008976756946,-0.193451092,0.0740806072248701,-0.1155097846676345,0.0284340361733333,-0.072133552728717,-0.1068955690939103,-0.0260022045433333,0.0636517437729571,-0.4503716665186939,-0.0321954323533333,-0.0425313324638523,-0.3936839729601895,-0.05007956893,0.0761846438430735,-0.7373785844002083,0.11470416114,-0.0703635423294548,-0.7190983584390597,0.1039578142799999,0.059937893925499,-0.7658152109085803,0.1334760360666666,-0.0712791738219392,-0.747396459100905,0.0777644589733333,0.0465745755598698,-0.7844364719645049,0.0657413606166666,-0.0666542549580809,-0.7598345696338442,-0.0194400470167666,kalt_g_ch1_g18_compr.mp4,ch1g18,1.6876330118369925e-05,0.0006356328756808,1.1430204870727348e-05,0.0001820577124059,2.501869774969493e-05,0.0006705900891613,1.3394016141457183e-05,1.7701022678761764e-05,2.1227878402903697e-05,2.140969756223506e-05,0.0007112567878721,1.224256571995865e-05,1.3739978988819458e-05,1.0391558868179385e-05,0.0001674063703147,1.2839399679436117e-05,1.7235992386217226e-05,0.0008197244935023,7.561882638567608e-06,1.2243510147072033e-05,0.0008033539991702,1.629154884551725e-05,1.2931720496913655e-05,1.6198082272764806e-05,2.0685719027839204e-05,1.7066593548018508e-06,1.612717298245915e-05,0.0006734820169762,1.049064946109812e-05,0.0008391251547276,3.581122743645989e-06,2.2481560891204125e-05,0.0007738840494473,0.0009585286032795,2.2024555403870902e-05,-0.0002163603718715,-0.0002382167629409,-0.0001936752055495,-0.0002042425259853,-0.0002253972122923,-0.0002383672842949,-0.0002137439818521,-0.0001748587072054,-0.0003269493175864,-0.0002699873588182,-0.000278235355435,-0.0001223892686419,-8.968620022650448e-06,0.0020008764054559,0.0017308937537408,0.0098050286331759,0.0085419403069977,0.0119798884305369,0.0105567786882841,0.012758058357062,0.0115211232327695,0.0106207404298639,0.0093613963109602,2.4668743461093136e-05,-1.0307726940339333e-05,0.0001931832546708,-0.0001390447815344,0.0002377796522373,-4.6533538698624645e-05,0.0003276111307783,-4.3215880703731296e-05,0.0002847286760577,0.0001684729623386,-1.770039512204133e-06,1.2323454853782567e-05,-1.0008065670595718e-06,3.0534604809005797e-06,1.8580270157850432e-06,1.2543451343399046e-05,-1.4416682268236909e-06,1.3620674435879912e-06,-2.4810710901538756e-06,9.246091929519444e-07,1.8940416147892582e-05,-4.3948398236097067e-07,-1.2030745746089077e-06,-1.2171349730218262e-06,9.050969815987191e-06,1.912834683837759e-07,9.82959643263868e-07,2.10318782016688e-05,-4.122136959529496e-07,-8.357399645477975e-07,1.3358558414901105e-05,-1.87277961224379e-06,-1.0525888596175628e-06,-1.146467580274664e-06,1.8849717727366536e-06,-1.8718755677875238e-07,-1.313276220770494e-06,1.891811261608785e-05,1.5723552933185332e-06,2.031018253620479e-05,-1.7110091309639136e-07,-7.496197628056727e-07,1.4027511444734907e-05,2.632374443375679e-07,-3.4982634716625485e-06,3.362824022415746e-07,-8.556625621530974e-08,2.076631381361643e-07,-4.020534018976373e-06,2.3231852077518778e-07,1.6338377780083173e-07,1.8145469886831573e-07,2.6086550643572648e-08,-5.693070146733728e-07,3.4731327267190805e-07,1.5799152679502756e-07,3.975547468907948e-07,-1.0445164720904097e-06,2.8983901861333e-07,-1.382795275743942e-07,-8.973917181745921e-07,3.697219021553885e-07,2.0706057369843514e-07,-5.459091253995397e-06,2.437579469433306e-07,1.7435300219700446e-07,2.045493463778145e-07,1.78420833554687e-07,1.4394474558280021e-08,7.349242823379569e-09,-7.471103145713336e-07,4.122981351755552e-07,-6.368786949625546e-07,-2.531080071843687e-08,-1.6815259551997454e-07,-4.616476977937097e-06,3.727513565901308e-06,movement,movement,no movement,no movement
1450.000000000001,0.0238134578278137,0.3851858890975936,-0.1850293001999999,0.036461674222185,0.3982750991200826,-0.1739143655333333,0.0384137133772624,0.399151402371815,-0.1627539667166667,0.0373157114647779,0.3990589534836527,-0.1661082242999999,0.0181311611467949,0.407029843667344,-0.1859361571666666,0.0195383573918335,0.4055856498884866,-0.1979995951000001,0.0222619308051356,0.396474600179945,-0.1790771551333333,0.0804044907392311,0.382512794352143,-0.0686501080008067,-0.0326953592704072,0.3532832085395911,-0.0728515473563333,0.0504714160157805,0.3745309150626462,-0.1356593509599999,0.0192097463775771,0.3479542959241721,-0.1647587333533333,0.1412407556094655,0.2392243480618316,0.0392482579089999,-0.0886447265443454,0.3020076095406726,0.073727516291,0.1569144703228366,0.0853701668928459,0.0234671475103333,-0.0966008616247518,0.1013487277349894,-0.0190036458245333,0.0819158305779326,0.0089278084121908,-0.0182728365586666,0.0062949035060702,0.0702961325587798,-0.1355814141166667,0.0498280595680212,-0.0021260591148094,-0.0233398803484,0.0594207313534472,0.067662048030235,-0.1894999073333332,0.0323152756317078,0.0089509260762341,-0.030908305017,0.0860577682957322,0.1103040680698686,-0.1882799138666666,0.0732002461325573,-0.0017083844650223,-0.019810676643,0.0252107317266965,0.0843548685766219,-0.169980884,0.0740253370520983,-0.1154857330621678,0.02850206252,-0.0721056408617761,-0.1069045015234737,-0.02606720136,0.0634196256988428,-0.450175734703449,-0.0327977151233333,-0.042885066729071,-0.3938069164908946,-0.0517487313166666,0.0758970740695889,-0.7371323160841068,0.1141529545066667,-0.0702610693491015,-0.7191225146460573,0.1022333778833333,0.059637280275842,-0.7654787713859277,0.1330414963333333,-0.071096414214284,-0.7474171189648464,0.0760080853733333,0.0466438223571081,-0.7841424829024088,0.0663335789533333,-0.0665941580929561,-0.759645983546821,-0.0208635288081,kalt_g_ch1_g18_compr.mp4,ch1g18,1.4898952623328786e-05,0.0006476427076934,1.010178442191662e-05,0.0001848474157903,2.6795830760549945e-05,0.0006825683122876,1.1534962631310108e-05,1.923911167509975e-05,1.8726682657711037e-05,2.2301806942017633e-05,0.0007278128657618,1.1451487582099774e-05,1.210880374229128e-05,8.796994007977572e-06,0.0001762319159517,1.2893544388319497e-05,1.7786673201084673e-05,0.0008381335474893,6.851198427928005e-06,1.1075089045982334e-05,0.0008155991495029,1.3908897981363513e-05,1.147794991015847e-05,1.4809430915168226e-05,2.2490308880166673e-05,1.5139802153775304e-06,1.440455869709806e-05,0.0006899584231179,1.2084695084172331e-05,0.0008571045415062,3.4138260500397577e-06,2.1612615051333508e-05,0.0007871637720334,0.0009801581289691,2.351069785064125e-05,-0.0002038447661194,-0.0002258763124415,-0.0001805092987489,-0.0001919543206252,-0.0002203195992774,-0.0002313958529777,-0.0002084938815932,-0.0001420963446834,-0.0003241354980964,-0.0002574486736206,-0.0002697658042806,-7.75147058302453e-05,4.438804587049479e-06,0.00216368648211,0.0017920463657602,0.0100855589030319,0.0088232357992645,0.012296078455758,0.0108818881494788,0.0130637816746796,0.0118327500693526,0.0109005716160455,0.0096429277645998,2.1772679809893543e-05,-5.888369501427417e-06,0.0002002692176494,-0.0001300582660256,0.0002486852601918,-2.4006238134583257e-05,0.0003390064509763,-1.8254794957212395e-05,0.0002945952484899,0.0001898000979881,-1.4865516190579786e-06,7.640523733287543e-06,-6.050169099969022e-07,3.115576552900727e-06,1.872136786705891e-06,7.193843085347928e-06,-1.156513351497044e-06,1.4251775817448903e-06,-2.2350564838334705e-06,8.897527054141164e-07,1.7087435925555592e-05,1.6740858161085757e-08,-9.731814450115035e-07,-7.523634832818334e-07,8.00096951051006e-06,5.392791196228307e-07,7.633051859907063e-07,1.866853772521058e-05,6.946212470105124e-08,-5.537306490371252e-07,6.3495302703424874e-06,-1.5702283240171506e-06,-8.103364163241585e-07,-9.306675323198595e-07,1.8786460767669828e-06,-1.561866254856496e-07,-1.288467497562037e-06,1.7001523585041438e-05,1.9699006862162417e-06,1.812652417684837e-05,-1.843469319919306e-07,-9.377470883085768e-07,8.030503919021771e-06,4.881009281460957e-07,-6.319740433901969e-06,4.084094334228979e-07,-4.664165768893285e-07,7.724124948820467e-08,-7.018842338393331e-06,3.270652063208325e-07,4.870025634920139e-08,4.216909836897749e-07,-1.8987096884179985e-07,-1.865424468944898e-06,5.615275922120577e-07,2.3293487299274665e-07,4.947002730680104e-07,-1.266768334234469e-06,4.2166006155610306e-07,-1.4242792820267446e-07,-2.407576666823916e-06,5.72715048006834e-07,2.5997060452702224e-07,-8.96996920159362e-06,3.448780565230746e-07,2.328623619440269e-07,2.326064725299832e-07,3.9725477534518755e-08,3.5618792187796564e-08,6.269580680001406e-08,-1.9659261507731106e-06,4.4925658022362614e-07,-2.1935774713217376e-06,-9.194971160025251e-09,-1.2613385403179458e-07,-7.995921730902773e-06,6.754719181283953e-06,movement,movement,no movement,no movement
1466.6666666666677,0.0239802392597033,0.3850465503412208,-0.1808349853999999,0.036449095930579,0.3981090514356047,-0.1697295338333333,0.0383838718812003,0.3990305976095951,-0.15859480155,0.0372567862233195,0.3989258871299905,-0.1619181382333333,0.01811833651662,0.4068643507064514,-0.1817675975333333,0.0195361817797866,0.4054105197697671,-0.1938644056666667,0.022223361753546,0.3963213451098026,-0.1749287088666666,0.0801753771617537,0.3824106596308247,-0.0647133593108066,-0.0328905182121933,0.3529879164437103,-0.0690605233863333,0.0505792915834515,0.3743253611115137,-0.1315639433833333,0.0192515287413734,0.3477349791166055,-0.1607456479866666,0.1409452221540189,0.2391544208291411,0.0417444737023333,-0.0884130328267405,0.3020239778542443,0.076368868311,0.1549349863849245,0.0875791766914584,0.0215525083003333,-0.0941435598159755,0.1032073970376049,-0.0204075795878666,0.0763965283223725,0.0191316226515057,-0.0211008358023333,0.0124435432737473,0.0792213398339676,-0.13807833465,0.0432158206938037,0.0102974282849684,-0.0258777359936666,0.0666827450688234,0.0786450500450718,-0.1920648285666666,0.0265500556970528,0.0221030453681021,-0.032286612197,0.0926992702921617,0.1222042997549213,-0.1896319270333333,0.0678807001258607,0.0092933453535221,-0.0221134711663333,0.0311794549160882,0.0940818954619322,-0.149396762,0.0739752734356469,-0.1154648639158088,0.0285160839533333,-0.0720841812706692,-0.1069083699941988,-0.0260839002233333,0.0631708786778592,-0.4499807821010015,-0.0334273229,-0.0432461979404233,-0.3939329701203455,-0.05331996141,0.0755953750131721,-0.7368865951133233,0.1136185834733333,-0.070157930103284,-0.7191492256974046,0.10066383086,0.0593234900659488,-0.7651418342549069,0.1326330629666666,-0.0709135373452659,-0.7474389022628165,0.0744139011433333,0.0466983196537671,-0.7838469166163289,0.0669079012466666,-0.0665723522541151,-0.7594591425791652,-0.0221239315124333,kalt_g_ch1_g18_compr.mp4,ch1g18,1.3809973180234206e-05,0.0006538536296346,9.54479854126322e-06,0.0001881030302104,2.8582967188734083e-05,0.0006877021030519,1.0309496185228109e-05,2.0702077402726697e-05,1.6886151059083486e-05,2.3043239289251533e-05,0.0007449930143602,1.1724431405911957e-05,1.1065801401911917e-05,8.115211539350403e-06,0.0001836027884238,1.364071439571209e-05,1.82073481509443e-05,0.0008568193132056,7.150362250540371e-06,1.0507901958498384e-05,0.0008181577291461,1.2302840402242175e-05,1.0620089748715758e-05,1.3982952572017658e-05,2.4267444166748784e-05,1.3764041943407351e-06,1.3024327055983285e-05,0.0007068426614473,1.4573440023268049e-05,0.0008754721275773,3.2358475225541516e-06,2.068459029394571e-05,0.0007923527955827,0.000998120158558,2.529894319334747e-05,-0.0001729607201183,-0.0001953495169963,-0.0001493421754149,-0.0001618532154186,-0.000196745342338,-0.000205536134638,-0.0001856273686635,-9.20868153372499e-05,-0.0003000624393685,-0.0002272855774451,-0.0002432345371889,-2.3622874695774143e-05,3.281436428998968e-05,0.0023235573504655,0.0018669636298511,0.0103800414775984,0.0090240021719505,0.0126223349342983,0.0110921434324814,0.0133751180678854,0.0119968179424227,0.0111952172481491,0.0098241840805053,1.809807222711045e-05,-6.639619219529571e-07,0.000208159855902,-0.0001184889705446,0.0002551379333794,1.4557772091565805e-05,0.0003456787734375,2.484043838060173e-05,0.0002938037282412,0.0002168897007169,-9.882005498569133e-07,3.302514857473409e-07,-1.779069922499583e-07,2.659463817990562e-06,1.814807079833588e-06,-9.016505663109472e-07,-8.103006027617276e-07,1.4138906925355762e-06,-1.7170087470414558e-06,5.782658155428399e-07,1.432078620627406e-05,7.179125647572662e-07,-7.089417510161355e-07,-2.237095848869367e-07,6.6798455180179005e-06,1.0458481560653316e-06,5.574731022687642e-07,1.530272332975476e-05,7.845678896057028e-07,-2.618321915701062e-07,-3.832049106258102e-06,-1.182319300887415e-06,-5.509018408857983e-07,-7.130752010542251e-07,1.7997944665686176e-06,-1.0514740898281185e-07,-1.247147692585034e-06,1.415090089711284e-05,2.4188816683303253e-06,1.5007092647741731e-05,-1.874771301138918e-07,-1.1591452259748605e-06,-1.1409387550328389e-06,6.473141591646102e-07,-8.656755964961218e-06,4.3705018247902724e-07,-8.970461155447225e-07,-4.256413373329431e-08,-9.449754573656844e-06,3.943796846759831e-07,-5.914681516917467e-08,5.954911968880904e-07,-3.9345094169813513e-07,-3.3759853717265077e-06,6.536275718623415e-07,2.800941012951183e-07,5.334760186142343e-07,-1.4834706121676282e-06,4.831463716323256e-07,-1.270343763165657e-07,-4.0658213233099595e-06,6.633606840672678e-07,2.80263544246378e-07,-1.169128920489999e-05,3.973894272768339e-07,2.644282071717333e-07,2.2467989448491555e-07,-8.024652039485348e-08,4.813235313070759e-08,1.1321300631604029e-07,-3.3534907469190022e-06,4.357964986272072e-07,-3.963254618837587e-06,1.935970845259386e-09,-5.7953600635248686e-08,-1.0720328544383069e-05,9.444082846795757e-06,movement,movement,no movement,no movement
1483.3333333333344,0.0241051296655651,0.3849011733226793,-0.1766401686333333,0.0363925361800702,0.3979345604128103,-0.1655460422666667,0.038309363256991,0.3989016363590902,-0.1544356743833333,0.0371526812472933,0.3987839888050538,-0.1577214953999999,0.0180559768856609,0.4066885894008842,-0.1775789089333333,0.0194834207910393,0.4052264507745244,-0.1897084703333334,0.0221347719458043,0.3961583769493816,-0.1707571529,0.0799479537886361,0.3823228035014895,-0.0607660894408066,-0.0331029096085791,0.3526913475626272,-0.0651923915996666,0.0506698050778899,0.3741158111918769,-0.1274617302,0.0192686249528244,0.3475107440306305,-0.1566958513533333,0.1406772440837514,0.2391336199288316,0.0441324428989999,-0.0881743880651124,0.3020611038601453,0.0791808123643333,0.152960994531646,0.0899877251365918,0.0195179787536666,-0.091645474034386,0.105107642847716,-0.0215447993012,0.0708321459295588,0.0296720359349482,-0.024044859773,0.0185442824355769,0.0882411137271261,-0.1402883343233333,0.0365626125567277,0.0230976786250762,-0.028533434579,0.073882500384124,0.0897373012827913,-0.1943164980666666,0.0207547238714319,0.035635067310313,-0.0337517400636666,0.0991997515421521,0.1342228904181836,-0.1907219145999999,0.0625273583526875,0.0206413749097637,-0.0245250654693333,0.0370895777413222,0.1039111843012002,-0.138024434,0.0739264243535881,-0.1154496982642552,0.0284891409333333,-0.0720642747437037,-0.106905182239194,-0.0260636263866666,0.062868875493527,-0.4497688133837638,-0.0341204661833333,-0.0436156062508381,-0.3940578974228498,-0.0547458193766666,0.0752585899381471,-0.7366310977531008,0.1129821168733333,-0.0700658304194708,-0.71915294800652,0.0993221559033333,0.0589744348799718,-0.7647954750770427,0.1321198774333333,-0.0707462866715252,-0.7474338163278895,0.0730580484533333,0.0467027473013126,-0.783541861852462,0.06737438504,-0.0665978052525652,-0.7592378151142443,-0.0230844942617666,kalt_g_ch1_g18_compr.mp4,ch1g18,1.3119070970335122e-05,0.000649781457394,9.478257381551003e-06,0.0001909770160672,3.0470670194191835e-05,0.0006817469728405,9.500412334396254e-06,2.2039215109841435e-05,1.570050159939458e-05,2.3476056453448395e-05,0.0007580295976861,1.3022213265095264e-05,1.0415817804639632e-05,8.04222120867724e-06,0.0001889816590853,1.489739250587488e-05,1.8626640917873713e-05,0.0008704701899149,8.512350079253966e-06,1.033656571416623e-05,0.0008076048398765,1.1215482552310177e-05,1.012942737925726e-05,1.325939414008933e-05,2.6097616635739277e-05,1.3052777775864382e-06,1.1739600891558388e-05,0.0007196332606323,1.748450625974885e-05,0.0008888865769165,3.0415920799809116e-06,1.9416574563478624e-05,0.0007854365589341,0.0010061184126722,2.745078683640581e-05,-0.0001295027194335,-0.0001542828229963,-0.0001075395643783,-0.0001216228458439,-0.0001617270533248,-0.0001680964346748,-0.0001518790692874,-3.3914924478437665e-05,-0.0002609260275515,-0.0001853407193683,-0.0002039533775363,3.7843413477052635e-05,6.965258277421222e-05,0.0024593271112469,0.0019232664313377,0.0106128707112903,0.0090725132324025,0.0128718890341618,0.0111281654030242,0.0136070136572308,0.0119674637150169,0.0114256207747704,0.0098407537895267,1.3786526806670408e-05,5.048561101334546e-06,0.000217705638248,-0.0001045670932489,0.0002613803338047,6.760204428349458e-05,0.0003514792181493,8.357449815043914e-05,0.0002863145668895,0.0002482404528716,-2.946257310790916e-07,-9.315527903860974e-06,2.328199432208297e-07,1.5276598986174913e-06,1.762223388014053e-06,-1.1382417670017411e-05,-4.317001484605232e-07,1.3352838693754488e-06,-1.003542273189135e-06,1.7514515064877492e-08,1.047560281512081e-05,1.6183290097743735e-06,-4.291003213325862e-07,3.058489077075673e-07,5.008455665794766e-06,1.653296070795154e-06,4.913876363208912e-07,1.07084782146012e-05,1.6857920637533531e-06,8.231863955937318e-09,-1.6555547561691853e-05,-7.411567046792781e-07,-2.953000859879458e-07,-4.937311767089727e-07,1.705082320011611e-06,-4.8974490940431415e-08,-1.1582682929176236e-06,1.0266482856265112e-05,2.9155632885919243e-06,1.062909033473703e-05,-1.865499961951085e-07,-1.2956646240658296e-06,-1.2927507698155132e-05,7.37218280028776e-07,-1.0143502277052894e-05,4.351373143853187e-07,-1.3168454234119991e-06,-1.4591829870908145e-07,-1.0939286106154211e-05,4.416118693369629e-07,-1.4808484415148658e-07,6.907465828229217e-07,-5.509210670037041e-07,-4.789494910363235e-06,5.983391906308414e-07,3.117949261287972e-07,5.252091490829026e-07,-1.6443651703274356e-06,4.613830961145834e-07,-1.0824083003374298e-07,-5.53351433572566e-06,6.121266452272819e-07,2.820320026610025e-07,-1.3249113654818527e-05,4.116449334565138e-07,2.833926582767434e-07,2.0358410887084402e-07,-1.747394581515216e-07,5.1600213399820466e-08,1.7228788551341327e-07,-4.620275930407099e-06,3.7425683405018577e-07,-5.586992833870186e-06,9.055103309715078e-09,5.192886421025105e-08,-1.2410278703493082e-05,1.13435270881778e-05,movement,movement,no movement,no movement
1500.0000000000011,0.0242185913562702,0.3847369569877457,-0.1724533183666666,0.0363309774069031,0.3977445569288653,-0.1613621618,0.0382296500563847,0.3987576894238433,-0.1502752952833333,0.0370426707515515,0.3986254563896935,-0.1535187738666666,0.0179793471291475,0.4064921821916937,-0.1733703342333333,0.0194137681254237,0.4050241872384879,-0.1855326041666667,0.022030595445708,0.3959747787300326,-0.1665643324666667,0.0797552906597566,0.3822493857115779,-0.0567722954774733,-0.033319408212786,0.3524011124194162,-0.0612133907896666,0.0507715273992068,0.3738927515062855,-0.1233474319,0.0192803558690543,0.3472739072363411,-0.1526005095866666,0.1404659959418611,0.2391544231912482,0.0465211028889999,-0.0879170800038769,0.3021081159209487,0.082116768051,0.151082149968598,0.0925816194683323,0.0175029088836666,-0.089111448786339,0.1070192311773094,-0.0225410921181999,0.0653232619627063,0.0404936289968413,-0.0269964258709999,0.0245248031526168,0.0972542046276366,-0.1423310170333333,0.0299581110215374,0.0361775547312003,-0.031216888478,0.0808731807490852,0.1008027262235538,-0.1963652829999999,0.0149835263913752,0.0494570314971172,-0.035237776617,0.1054272387822838,0.1461642403991243,-0.1916416013666666,0.0572150287106343,0.0322710642185006,-0.0269454010126666,0.0428455337416778,0.1137044531022743,-0.134094507,0.073879855832788,-0.1154387896224314,0.0284358810166666,-0.0720471799176683,-0.1068966696165626,-0.0260181278633333,0.0625486781160818,-0.4495392432269214,-0.0348332865733333,-0.043971590921967,-0.3941683072420747,-0.0559954950166666,0.074907347276507,-0.7363635128011407,0.1123327649733333,-0.069967692277089,-0.7190727911517861,0.0982474233233333,0.0586071444904573,-0.7644393233730978,0.1315879482,-0.0705736423758573,-0.7473340940875266,0.07197859417,0.0466595305148454,-0.7832485798831251,0.0677968831266666,-0.0666241217922274,-0.7589713106271972,-0.0237246245691,kalt_g_ch1_g18_compr.mp4,ch1g18,1.2953387185180636e-05,0.0006355846653834,9.826154422188168e-06,0.0001934675197265,3.195798356038633e-05,0.000664968452969,9.134802441376527e-06,2.312603228685864e-05,1.5132900519105784e-05,2.3350498050499776e-05,0.0007675616018104,1.5304838677492323e-05,1.0068176541960044e-05,8.512146543198712e-06,0.0001930492538853,1.6324942954760242e-05,1.860516622951082e-05,0.0008802091760618,1.0832256704728752e-05,1.040884389993174e-05,0.0007842258496346,1.067687245123786e-05,9.896578423235195e-06,1.2575364071582585e-05,2.757841013237472e-05,1.3048818203582423e-06,1.038316804863193e-05,0.0007291053863265,2.07383095300967e-05,0.0008981497955896,2.8539133949285632e-06,1.762584084547418e-05,0.000766591654733,0.0010051170214735,2.9629486845819816e-05,-6.907127389620792e-05,-9.683485000746014e-05,-5.020724952320691e-05,-6.602004357270883e-05,-0.0001107696046879,-0.0001151614468057,-0.0001035679332755,3.741796290440533e-05,-0.0002040102423896,-0.0001266953864472,-0.0001479604652234,0.0001044975136619,0.0001159945878866,0.0025758592395974,0.0019543259127294,0.0108044598536237,0.0089756505268178,0.0130788391460235,0.010998273573522,0.0137872214057615,0.0117568810005876,0.0116113323057807,0.0097032899266489,9.307337321335507e-06,1.079333244256105e-05,0.0002279422757749,-8.908074016026897e-05,0.0002586196229866,0.00012523653663,0.0003469618498572,0.0001471868787966,0.0002652765423453,0.0002782114346559,5.777521023727273e-07,-2.033477138193157e-05,6.273591712719141e-07,-1.7666449930629236e-07,1.6254118080042851e-06,-2.318607680908991e-05,-2.5147486026934393e-08,1.1504777481807397e-06,-1.5910711178083462e-07,-6.572772445919289e-07,5.51183638979501e-06,2.4060035734978e-06,-1.5964217808888285e-07,8.084257442999459e-07,3.1761587592039145e-06,2.163948299822229e-06,4.500852326669575e-07,5.071914851315929e-06,2.4706700541119662e-06,2.386564577327611e-07,-3.0652006877989915e-05,-3.273939498446664e-07,-6.160898630730945e-08,-3.165307830582338e-07,1.5338887828243155e-06,5.712117905363688e-09,-1.0245940538042017e-06,5.472444409615053e-06,3.3939933992613485e-06,4.877513094950453e-06,-1.804515264870543e-07,-1.2764062641985056e-06,-2.6257953749619933e-05,7.381175815489394e-07,-1.0650782311664884e-05,4.079715268225526e-07,-1.6805374258349769e-06,-2.15828877188321e-07,-1.135966846072213e-05,4.666290889204602e-07,-2.060662254277587e-07,7.066318578815162e-07,-6.302695980490335e-07,-6.006106513810905e-06,3.9263549673537147e-07,3.357936526876042e-07,4.7519857672046954e-07,-1.7218973497524638e-06,3.551536459278289e-07,-8.50274806338405e-08,-6.740347032363966e-06,4.1562380537437363e-07,2.7698696674895146e-07,-1.3524374990388824e-05,3.924429274595425e-07,2.987813273612998e-07,1.7779877232795814e-07,-2.2897391698663494e-07,4.74672059553301e-08,2.4594267772573244e-07,-5.683703524003447e-06,2.629176897481447e-07,-6.9632970752441305e-06,1.3069536251768705e-08,2.0215438626991409e-07,-1.2931709190840844e-05,1.2309865398206406e-05,movement,movement,no movement,no movement
1516.666666666668,0.0243203625201215,0.3845947153610735,-0.1682622892999999,0.036256194021873,0.3975879655550533,-0.1571848897333333,0.0381373001298908,0.3986480642222612,-0.1461180935833333,0.0369203706481855,0.3985002981315105,-0.1493162443333333,0.0178823549298167,0.4063175646236598,-0.1691499782,0.019320342776717,0.4048456512002927,-0.1813417592,0.0219030674023179,0.3958081499672248,-0.1623578702666666,0.0796102231143931,0.3822618767193481,-0.0527638958408066,-0.0335473138803866,0.3521483170176928,-0.0571074276796666,0.0508954543069182,0.3737029900454193,-0.1192110481333333,0.0192949158861847,0.3470580564360067,-0.14844771242,0.140331605507775,0.2392608837267582,0.0489047102356666,-0.0876023764308915,0.3021891080326536,0.0852684494376666,0.1492237250777089,0.0952394514193833,0.0155917749836666,-0.086572896427462,0.1089490662263758,-0.0232243849533333,0.0597989631304631,0.0513614641315655,-0.0298600451616666,0.0300481781483445,0.1061948101176163,-0.1439021808666666,0.0233453725404501,0.0493053716892293,-0.0338422800786666,0.0872062232750745,0.1117350078432277,-0.1978506506333333,0.0091943266513451,0.063314311482463,-0.0367125049903333,0.1109334307737244,0.1578572389085012,-0.1920637085666666,0.0518878387907556,0.0439490318313453,-0.0292971999983333,0.0480697315009591,0.1233727643499497,-0.124355048,0.0738333952815117,-0.1154310138129082,0.0283276623266666,-0.0720302539637073,-0.1068840576705049,-0.0259187819466666,0.0622156957493949,-0.4493012081012318,-0.03560702757,-0.0443275337705311,-0.3942609780090548,-0.0570438529166666,0.0745438193280408,-0.7360962489895748,0.1115899408733333,-0.0698410725142798,-0.7189451437636017,0.09726369535,0.0582216237383975,-0.7640838459047382,0.1309486019666667,-0.0703711522367888,-0.7471828370149067,0.0709793876066666,0.046523901413064,-0.7829823724642133,0.0680988839666666,-0.0666379439826668,-0.7586826843177398,-0.0242211354574333,kalt_g_ch1_g18_compr.mp4,ch1g18,1.3562999525279243e-05,0.0006102342161723,1.0815849758945822e-05,0.0001935823614798,3.348734772969074e-05,0.0006362800274585,9.488367808977407e-06,2.3995251392697017e-05,1.5206554640950512e-05,2.246176344600987e-05,0.0007703840357054,1.823020703439305e-05,1.0314962261765115e-05,9.772213306254516e-06,0.000195421393146,1.8790981941943136e-05,1.929883024800637e-05,0.0008820508101477,1.3818416707448831e-05,1.0997492815159385e-05,0.0007468064293984,1.0946318777664255e-05,1.0195558485475636e-05,1.2424719941016572e-05,2.904981941071266e-05,1.3441850232278611e-06,9.54509529416884e-06,0.0007321599858593,2.433208661013261e-05,0.0008995060795472,2.6394351771570087e-06,1.601158253188192e-05,0.0007342096456935,0.0009920220234733,3.216893918200784e-05,2.811002790798084e-06,-2.8544757719910545e-05,1.7764402067721986e-05,2.416580312315129e-07,-4.66389942760982e-05,-4.899325183235157e-05,-4.186093804663845e-05,0.0001147885966309,-0.0001277266031456,-5.692999546910561e-05,-7.839093028316517e-05,0.0001702020262335,0.0001729725199358,0.0026566232703748,0.0019572391191141,0.0108918106765024,0.0087204437478766,0.0131595558348813,0.0106726390564476,0.0138378516711699,0.0113324596146125,0.0116871052360406,0.0093918959114584,5.14519355645171e-06,1.595506951065447e-05,0.0002408708336588,-7.367612019585647e-05,0.0002586309649305,0.00018936840215,0.0003450631147374,0.0002177872046386,0.0002503807696565,0.0003188308423558,1.473271653351096e-06,-3.14448529453395e-05,1.0360180622253288e-06,-2.091671780994294e-06,1.4442681157759518e-06,-3.4966228931110685e-05,4.5570412235593e-07,8.932646549546074e-07,6.714199099678856e-07,-1.367912613243014e-06,-6.65303474918653e-07,2.828666381470863e-06,1.5287448552821905e-07,1.2956743792027745e-06,1.3198257187689352e-06,2.466733702209286e-06,4.2849700493864506e-07,-1.814349788094849e-06,2.911928576763162e-06,4.722756306854203e-07,-4.455257530028476e-05,8.442353064910229e-08,2.0764436992631377e-07,-1.4897094205034625e-07,1.3371442626655893e-06,5.139425925724599e-08,-7.867821235939979e-07,-3.254218425838705e-07,3.6985405256099503e-06,-2.343391454595098e-06,-1.6823553416941178e-07,-1.0818454255728514e-06,-3.966084366715646e-05,6.349298436757339e-07,-1.0136977080039784e-05,3.441215560743454e-07,-1.8941515140033255e-06,-2.722989432451384e-07,-1.0682038872185134e-05,4.505901371225477e-07,-2.354319304168742e-07,6.428313072899168e-07,-6.133461796649483e-07,-6.870468586848625e-06,6.979034913208178e-08,3.377438314044223e-07,3.734689814597047e-07,-1.6589565100774e-06,1.4284945359591286e-07,-1.0301308661522932e-07,-7.537273742260292e-06,1.041407564714246e-07,2.548788571930458e-07,-1.251901825232391e-05,3.303472895619609e-07,2.9808401548069044e-07,1.2900388071713057e-07,-2.595842026399607e-07,3.9076537058133315e-08,3.021722109788668e-07,-6.401791580813363e-06,1.0515814491435579e-07,-7.929836624407906e-06,1.6339033378432985e-08,3.462932142863806e-07,-1.2242566984936515e-05,1.2250762687512726e-05,movement,movement,no movement,no movement
1533.3333333333346,0.0244175304389831,0.3846282144975994,-0.1636842448,0.0361731654713443,0.3976003584690303,-0.1526096019333333,0.0380386351022842,0.398708445251516,-0.14156686745,0.0367921695396479,0.3985423745563999,-0.14471567,0.0177787440959654,0.4063011725563151,-0.1645079615,0.0192178900441328,0.4048288605207513,-0.1767232967666667,0.0217681143806881,0.3957949186379539,-0.1577305739333333,0.079520108561254,0.3824657664731846,-0.0484082999574733,-0.0337527659052736,0.3520722336828872,-0.0525110572196666,0.0510375989199968,0.3736932215650578,-0.1146940248633333,0.0193207124146189,0.3470133429442104,-0.14387374462,0.1402889125198691,0.239521690041968,0.0515509263623333,-0.0872101649602359,0.302413801871663,0.08884250001,0.1473878269911541,0.0979518796261078,0.013774144627,-0.084009452062593,0.1108901027320159,-0.0232971526633333,0.054366115685303,0.0622762200889839,-0.0326552881849999,0.0350618218297492,0.114845986149899,-0.1446572679,0.016864014970036,0.0624925383566963,-0.036412825114,0.0928537035494431,0.1222736004692432,-0.1984283979666666,0.0034863223898192,0.0772090946809703,-0.038167143617,0.1157088355671863,0.1689832422859075,-0.1916750817999999,0.046637932843189,0.0556723632134363,-0.031593835133,0.0527399511135787,0.132653532247627,-0.126012012,0.0737893471846502,-0.1154269250945461,0.0281942028066666,-0.0720153511119546,-0.1068668934988459,-0.0257949149866666,0.0618785988576632,-0.4490484609501892,-0.03638191105,-0.0446895553184131,-0.3943154030252386,-0.0580006645433333,0.0741390456891502,-0.7358259193754053,0.1108341040733333,-0.0697164192984667,-0.7187069385927464,0.0963655079766666,0.0577868588140104,-0.7637267342829603,0.1302884273666666,-0.0701692618473119,-0.7469134455022559,0.0700667582999999,0.0463378319944946,-0.7827241842394327,0.0684122869266666,-0.0666476515498615,-0.7583245397120543,-0.0245552745031,kalt_g_ch1_g18_compr.mp4,ch1g18,1.5572881928170283e-05,0.0005734425807884,1.2578195669411516e-05,0.0001908132019631,3.4888213603857145e-05,0.0005958253179141,1.0760733280818263e-05,2.4929738709352543e-05,1.6084170940060467e-05,2.085032284953166e-05,0.000766861402133,2.1430120854733596e-05,1.1199387306435229e-05,1.189601252556426e-05,0.0001961492316471,2.1931413271010323e-05,2.0107723596210524e-05,0.0008765862582737,1.7127598674302055e-05,1.2126431706266523e-05,0.0006962672768042,1.1865300353164954e-05,1.1109725046327554e-05,1.295568630120817e-05,3.0295255179354346e-05,1.431744326137063e-06,9.38251457946436e-06,0.0007290128144789,2.814862493621828e-05,0.0008939225994589,2.4708395440367993e-06,1.5202356503978832e-05,0.0006882349865782,0.00096704719443,3.480168275716204e-05,8.194883614658353e-05,4.8905071960960106e-05,9.49325668631414e-05,7.593256455484937e-05,2.860811316813138e-05,2.831405835315915e-05,3.161711448235377e-05,0.0001981307816543,-3.491932728612626e-05,2.0580771473217225e-05,-4.208654073184107e-07,0.0002324299224294,0.0002325667920187,0.0027020843562817,0.0019280591887218,0.0108815365199079,0.0082979825853154,0.0131275098381802,0.0101425997663161,0.0137810531084943,0.0106993766704502,0.0116631038543429,0.0089032637528799,1.1616913790195093e-06,2.070147197664282e-05,0.0002625298810228,-5.789451877893565e-05,0.0002701223507617,0.0002532079900171,0.0003558370346115,0.0002875128700401,0.0002549076537735,0.0003695158804775,2.1269416404992325e-06,-4.148344192762551e-05,1.42411815499532e-06,-4.170626034727767e-06,1.1541116389975077e-06,-4.5424522433021646e-05,1.0153203519978424e-06,6.125171286712946e-07,1.2678041122900154e-06,-1.994109915879267e-06,-7.773552843098728e-06,2.724304926484165e-06,5.718183203877281e-07,1.7013391089292075e-06,-3.214176407694534e-07,2.4774026757284753e-06,3.548569104515214e-07,-9.529895515128182e-06,2.8289061893423436e-06,7.669067572801062e-07,-5.6642197338092025e-05,4.863293008165203e-07,5.792587499513633e-07,4.0961481860543735e-08,1.067620666798292e-06,8.603573895544704e-08,-3.1996758409989456e-07,-6.8591588918806495e-06,3.6874220474926946e-06,-1.0626663919298517e-05,-1.467952784173208e-07,-6.069551305047703e-07,-5.16775758449416e-05,4.154306477743789e-07,-8.629639041791294e-06,2.428059659300608e-07,-1.9127052424226797e-06,-3.215821919513215e-07,-8.964468909270681e-06,3.826701973300443e-07,-2.4855147552962693e-07,5.036966360981315e-07,-4.992403372056719e-07,-7.330934974359773e-06,-3.133581922162961e-07,3.1284131319672985e-07,2.259125431726967e-07,-1.4321181767988072e-06,-1.4848950932110293e-07,-1.4697594811199684e-07,-7.906125700081215e-06,-2.7019644175994576e-07,2.1636705961960674e-07,-1.034890750001965e-05,2.365022127687832e-07,2.759286322684527e-07,5.4200412911143635e-08,-2.7290711798002733e-07,2.9202721210274583e-08,3.205433316721755e-07,-6.733395681146063e-06,-7.592503597153727e-08,-8.45620461752611e-06,1.810786879090456e-08,4.3364851438346026e-07,-1.0394245624280617e-05,1.1203512449548749e-05,movement,movement,no movement,no movement
1550.0000000000014,0.0245053436124731,0.3847812652852942,-0.1590784959,0.0360861409443492,0.3977175026023229,-0.1480089118666666,0.03793851192212,0.3988720351238161,-0.13699047325,0.0366622119842455,0.3986865303125246,-0.1400873405,0.0176730035757976,0.4063928395870497,-0.1598189386,0.0191106702876117,0.4049217203359156,-0.1720546249,0.0216303537161748,0.3958844010116296,-0.1530544623999999,0.0795151389030365,0.3827618310576864,-0.0440395124641399,-0.0339148784415223,0.3521228240969798,-0.047796273133,0.0511964473242348,0.3737966028684569,-0.1101464000766666,0.0193570103958429,0.3470917912789656,-0.1392374383199999,0.1403503937601904,0.2398416411020768,0.0542092241023333,-0.0867484278947068,0.3027429368835347,0.0925804966633333,0.1455535215486307,0.1006494150399398,0.0119660541803333,-0.0814484102498675,0.1128547026088695,-0.0228959975066666,0.048997017691088,0.0731836491725719,-0.0354114986159999,0.0394876348673705,0.1230974879316118,-0.1445959839,0.0104914712545952,0.0756787940231782,-0.0389187355563333,0.097760928743497,0.1322977878240158,-0.1980793963666667,-0.0021488134335773,0.0910521542087067,-0.0395530492103333,0.1196938298628481,0.1794398391595185,-0.1904612272333332,0.0414445310384161,0.0673769112557635,-0.0338469029229999,0.0567746934614627,0.1414406535882011,-0.124002561,0.073748336608805,-0.1154282962276114,0.0280283888933333,-0.0720027818175877,-0.1068433786216898,-0.02564108322,0.0615642634708128,-0.4487772256935673,-0.03716581029,-0.0450402730216707,-0.3943444450515784,-0.0588645495533333,0.0736910643592315,-0.7355571021201686,0.1100990985733333,-0.0695648606670543,-0.7183684005370494,0.0956678500133333,0.0573009508459931,-0.7633726647365537,0.1296547654333333,-0.0699379727082146,-0.746533275575521,0.0693812383266666,0.046075939359531,-0.7824855186965708,0.06878679098,-0.0666431028828145,-0.7579326128089448,-0.0245884552297666,kalt_g_ch1_g18_compr.mp4,ch1g18,1.823526676701946e-05,0.0005263996081493,1.4293952698405071e-05,0.0001846419461372,3.5886334132615905e-05,0.0005448907278894,1.2145564545954343e-05,2.552940173768356e-05,1.770987662055517e-05,1.8469679081568568e-05,0.0007554097467424,2.4450479495415556e-05,1.2070207246059093e-05,1.3939939990509336e-05,0.0001954954114211,2.498970735571219e-05,2.063177780162192e-05,0.0008630909506591,2.026153878919323e-05,1.315869099870953e-05,0.0006341587410655,1.2638768483985382e-05,1.197068738557644e-05,1.323875543223643e-05,3.116601360833638e-05,1.5458656963401387e-06,9.335600345678248e-06,0.0007185224459514,3.181700325759565e-05,0.0008795441547837,2.3511971213334753e-06,1.4916402261285274e-05,0.000630508063571,0.0009304204194642,3.717324788528695e-05,0.0001585441463799,0.0001266046606117,0.0001716542008635,0.000151515594599,0.000104718910147,0.0001058980891629,0.0001061181699361,0.0002823791216712,6.231473863113403e-05,9.862856220539632e-05,7.717186082555194e-05,0.0002912200038081,0.0002946042439604,0.0027004787309167,0.0018711218143841,0.0107400713352071,0.0077180381038147,0.012954337366183,0.0094257055432891,0.0135793847533665,0.0098708252142071,0.0115026944900831,0.008247903699176,-1.986115032971545e-06,2.4271363851698986e-05,0.0002907319941837,-4.3046264129939424e-05,0.00028468177502,0.00030780494308,0.0003699459076128,0.0003468051920459,0.0002681187304596,0.0004200857675471,2.4381117855108573e-06,-4.94766754889674e-05,1.6450276642495915e-06,-6.1516730626938655e-06,7.975097749350587e-07,-5.358822684683189e-05,1.4236369101609903e-06,3.684799358303749e-07,1.6046994248497946e-06,-2.442361510729526e-06,-1.5511742729726437e-05,2.0343031244966472e-06,9.192060622728556e-07,1.8679229342913276e-06,-1.5816660884872583e-06,2.1852750940067353e-06,2.072865628555323e-07,-1.786104671816492e-05,2.1953113430628436e-06,9.982652350318046e-07,-6.589266371807036e-05,6.805923415388305e-07,8.885698541102686e-07,7.914855893680379e-08,7.748661585584255e-07,1.0457764487163854e-07,9.756781878176169e-08,-1.3886949658467748e-05,3.387226526054826e-06,-1.9619047150925223e-05,-1.278805958565483e-07,-1.031987873179294e-09,-6.124607934842391e-05,1.254832834037382e-07,-6.2864308715767815e-06,1.3772479975601138e-07,-1.7059868991200136e-06,-3.640783366620552e-07,-6.393741335043132e-06,2.91751156336609e-07,-2.416135662750615e-07,3.111228543951534e-07,-3.040905624038809e-07,-7.337860599218072e-06,-6.886726318467183e-07,2.855154155911003e-07,7.790320057767977e-08,-1.0571481237405389e-06,-4.635020147360814e-07,-2.038567406563857e-07,-7.855141288461803e-06,-6.415962714134039e-07,1.8529001007441692e-07,-7.239581690755707e-06,1.5419693462202025e-07,2.5592883761446026e-07,-9.464582422372493e-09,-2.764170569856552e-07,2.1009672814058096e-08,3.152162811690154e-07,-6.652658989262264e-06,-2.541976054939398e-07,-8.496794218297384e-06,1.9099855161953436e-08,4.488167287364128e-07,-7.581563490284164e-06,9.37043425813462e-06,movement,movement,no movement,no movement
1566.666666666668,0.0245894052689961,0.385003023051803,-0.1544777673333333,0.0359991552726878,0.3978911896594294,-0.1434083492,0.0378397762993617,0.3990880979033512,-0.1324159300166666,0.0365335691935415,0.398882019989106,-0.1354625460666666,0.01756757022509,0.4065495053274224,-0.1551364781666666,0.0190021853281751,0.4050802274316117,-0.1673923222666666,0.0214929400876495,0.3960364791154973,-0.1483850161333333,0.0795629537935933,0.3830757070704542,-0.0396542241674733,-0.0340541171321406,0.3522462248148282,-0.0430520232096666,0.0513562550146413,0.3739500115020969,-0.10560179849,0.0193931152310252,0.3472350247517267,-0.1346112178533333,0.1404596977948378,0.2401584409521614,0.0569107368889999,-0.0862683112743599,0.3030978416603717,0.096405224671,0.1437275817602969,0.1032966796141824,0.0101650638903333,-0.0789417017239514,0.1147669525672967,-0.0221588157633333,0.0437860610054856,0.0837388463836666,-0.0381603541686666,0.0433951956664254,0.1303574560092169,-0.1440296285,0.0043616595209317,0.0884102779841153,-0.0414086619276666,0.1020214751419279,0.1411387551832212,-0.1972158994,-0.0075821784060372,0.1043404034884793,-0.0409091559603333,0.1231294315808461,0.1885673106607966,-0.1888127276666666,0.0364002944391381,0.0786631657149527,-0.0360821317856666,0.0603056124352354,0.1491318720244104,-0.121715724,0.0737122154087329,-0.115433271474468,0.0278507450733333,-0.0719942359877126,-0.1068156623621592,-0.02547717616,0.0612947758496004,-0.4484945028734751,-0.0379414184,-0.0453314663257319,-0.3943708491882547,-0.05964216131,0.0732297383879098,-0.7352982049978731,0.1093872783066666,-0.0693988650630554,-0.7180187651963529,0.0950734260366666,0.0567959206501667,-0.7630312511738423,0.1290433022333333,-0.0696939675932118,-0.7461399518178585,0.0688011808233333,0.045802427979227,-0.7822658032237264,0.0691846847666666,-0.0666269876729923,-0.7575074208833108,-0.0245581062831,kalt_g_ch1_g18_compr.mp4,ch1g18,2.1090316878742148e-05,0.0004720323888011,1.5835932958232686e-05,0.0001756295860948,3.636474415652896e-05,0.0004864203320455,1.3565687609322687e-05,2.5732486821820225e-05,1.975120872515608e-05,1.5490046361898464e-05,0.0007354704420399,2.6448869587238647e-05,1.287065926966267e-05,1.5730025920080403e-05,0.0001933644817345,2.7029693384294637e-05,2.049992730525857e-05,0.0008403619292464,2.242227620087512e-05,1.3998947489136473e-05,0.0005630812477379,1.319822099272007e-05,1.273069552425291e-05,1.3232137724098102e-05,3.16733076486912e-05,1.6690016564560789e-06,9.371711981284158e-06,0.0007004128546981,3.505220777301138e-05,0.0008549296089779,2.2677236845938652e-06,1.4951921186077234e-05,0.0005637172446436,0.0008840974592272,3.880666034892685e-05,0.0002226754077047,0.000194578870222,0.0002378008230023,0.0002170179935418,0.0001720309460305,0.0001736231455033,0.0001719143421446,0.0003561533656731,0.0001527835850805,0.0001668547602771,0.0001446085816927,0.0003387574679815,0.0003548536919676,0.0026614907425808,0.0018071021960767,0.0104799842800375,0.0070180695476382,0.0126404691803804,0.0085519473695278,0.0132227212987367,0.0088787208811625,0.0112109062333877,0.0074625226461158,-4.459269766286624e-06,2.6825106812257564e-05,0.0003146608508872,-3.1072829866974066e-05,0.000291773298065,0.0003428650408271,0.0003757642980228,0.0003842776176989,0.0002741697581709,0.0004561858297672,2.4116602662496987e-06,-5.444529421378272e-05,1.75616685804433e-06,-7.973399205816942e-06,3.957189176417228e-07,-5.846453405777071e-05,1.7081434842553794e-06,1.77426223005306e-07,1.7448082488525428e-06,-2.610512966414725e-06,-2.309735227323168e-05,9.517630934838922e-07,1.213846305803452e-06,1.8772959061474815e-06,-2.3951326621574662e-06,1.56989797260678e-06,-2.530598470997215e-08,-2.590571934067092e-05,1.1878233290603383e-06,1.1986802990305585e-06,-7.116411793209506e-05,7.499105133091035e-07,1.1596645720321651e-06,4.3773313181043785e-08,4.80122735269761e-07,1.1295189427323049e-07,4.4589767139149123e-07,-2.07192997301449e-05,2.9555991002162804e-06,-2.833660556249694e-05,-1.0672634473127172e-07,6.095002871488461e-07,-6.714927561354577e-05,-1.7800300012566658e-07,-3.337460598942367e-06,4.8995142037010974e-08,-1.3014680684955242e-06,-3.993325160945782e-07,-3.2111884276186978e-06,1.9614901282771698e-07,-2.139375924537736e-07,1.0649636162194883e-07,-6.124176198630788e-08,-6.840287984451051e-06,-9.740782854600065e-07,2.656564408132479e-07,-4.1670972095617097e-08,-5.706739992300069e-07,-7.372260727441568e-07,-2.5116423404027196e-07,-7.317978957594097e-06,-9.31455243086422e-07,1.7238702136137905e-07,-3.426457473985754e-06,1.0389997394115139e-07,2.466506380459311e-07,-4.4556281643489334e-08,-2.7732029570654905e-07,1.7192276583958127e-08,2.920001522720278e-07,-6.133081612538473e-06,-4.018112541568167e-07,-7.964250091435417e-06,2.0658001426291333e-08,3.8916567263957833e-07,-4.027629346580952e-06,7.12550498296513e-06,movement,movement,no movement,no movement
1583.3333333333348,0.0246299478371247,0.3853053030830416,-0.1496934266666667,0.0358764826464646,0.3981641247307365,-0.1385988327666666,0.0377113574762151,0.3994021965911526,-0.1276342665833333,0.0363755735046341,0.3991735428256765,-0.1306323361333333,0.0174433737186905,0.4068004672563592,-0.1502540883333333,0.0188705043476333,0.4053323552328826,-0.1625214502999999,0.0213371194162811,0.396284500221179,-0.1435142477333333,0.0795975343823401,0.3834958162194842,-0.0350949179141399,-0.0341965667648965,0.3524869769209559,-0.0381033878863333,0.0514825979385064,0.3741904915147269,-0.1008834429166666,0.0194034555244181,0.3474552274555925,-0.1297993318866666,0.1405569763691246,0.2405234424891563,0.0597837491889999,-0.0857865033588374,0.3034987884947782,0.1004297060796666,0.1418823063211483,0.1059317047317835,0.0087925134336666,-0.0766998747981186,0.1166327085625764,-0.0208005487499999,0.0386959702298351,0.0940092184632888,-0.039917944702,0.0464130041008628,0.136931132971247,-0.1422661093666666,-0.0015557570475908,0.1007957747220781,-0.0427969822543333,0.1052580133684857,0.1491855159263014,-0.1950189566333333,-0.0128037771495672,0.1172184777124808,-0.0412623141003333,0.1255292744221231,0.1968648836442332,-0.1858792299333333,0.0314924983588482,0.0896151671876176,-0.0373741955756666,0.0629240043435584,0.1561089109558552,-0.114569053,0.0736773866527748,-0.1154404511160438,0.0276720554999999,-0.0719864886508683,-0.1067857999309283,-0.0253134649866666,0.0610184317111109,-0.4481943339554912,-0.0387149510266666,-0.045585971006493,-0.3944019248029655,-0.0604305575333333,0.0727534518206076,-0.7350398380226332,0.1086724561733333,-0.0692536468418038,-0.7176721782476734,0.0944005561566666,0.0562780535146682,-0.7626921404531628,0.1284263216333333,-0.0694877256876954,-0.7457506461635011,0.06813051855,0.0455416216427848,-0.7820423923273218,0.06957612362,-0.0666461943872658,-0.7570636554181366,-0.0246250788997666,kalt_g_ch1_g18_compr.mp4,ch1g18,2.368099095611619e-05,0.0004142571072623,1.735823664858223e-05,0.0001650779287664,3.681564047185928e-05,0.0004247062919281,1.5117382361638424e-05,2.5811636146796302e-05,2.176896666290619e-05,1.2644590650121096e-05,0.0007092881518996,2.6897777653065383e-05,1.3844530079162808e-05,1.732258282910323e-05,0.0001904328236168,2.799650248316064e-05,2.0499979841416088e-05,0.0008116175795888,2.3100968443761436e-05,1.491208568624477e-05,0.0004885440260451,1.366834779480226e-05,1.363376474410502e-05,1.3043822729161742e-05,3.224906621652991e-05,1.7939460843718606e-06,9.76195959176618e-06,0.0006769661637186,3.768790140405525e-05,0.0008230567663056,2.199241845456524e-06,1.5791734979895255e-05,0.0004930319625917,0.0008327109466157,3.966934603541874e-05,0.0002639590271316,0.0002426082301934,0.0002827976227245,0.0002619254921181,0.0002191274373688,0.0002200436658289,0.0002175434936984,0.0004134274393641,0.0002256757820543,0.0002168694032477,0.0001928206980128,0.0003757247753949,0.0004104556635452,0.0025944698452233,0.0017568904387761,0.010135354719537,0.006253093049929,0.0122356180727929,0.0075933692898133,0.0127588734439323,0.0078001854682242,0.0108224076559444,0.0066068582729106,-6.72508877606435e-06,2.898591588367016e-05,0.0003272656286954,-2.2089781594825636e-05,0.0002853384175787,0.0003539791262506,0.0003673439335937,0.0003955799841995,0.0002708877312297,0.0004719900744607,1.957063116852005e-06,-5.587312728787909e-05,1.6760469743861467e-06,-9.212162325835805e-06,-2.98896578004751e-08,-5.9638022484599896e-05,1.7658180871963829e-06,2.2357090628375463e-08,1.695544026461246e-06,-2.5337260690867806e-06,-3.0012032134376313e-05,-2.82809741985351e-07,1.3776736246361183e-06,1.6677328146267294e-06,-2.7835200900561697e-06,6.956217847961398e-07,-3.256216514287519e-07,-3.327716348951727e-05,1.3855423508841345e-08,1.2897539769686589e-06,-7.216785367999341e-05,6.924447433990441e-07,1.3147993824296083e-06,-9.337505244013534e-08,1.921354511489257e-07,1.2100273581319912e-07,6.508788952696192e-07,-2.6925055846638824e-05,2.4137491866757817e-06,-3.630169554783996e-05,-8.360462714309688e-08,9.9080042491393e-07,-6.891809807004825e-05,-4.46139906197496e-07,-1.361439558106235e-07,-2.34562381085108e-08,-8.06943511592613e-07,-4.374819948868143e-07,2.1199236083000385e-07,9.9211162323326e-08,-1.7393775738120913e-07,-7.22050745674424e-08,1.7203032508666674e-07,-5.909299455024374e-06,-1.1068786774171571e-06,2.414513106584201e-07,-1.2545658886991358e-07,-6.425899371653485e-08,-9.302426312573956e-07,-2.990237115629423e-07,-6.3845301891721245e-06,-1.0789694058770694e-06,1.6474900975710652e-07,6.764587301009131e-07,8.564244794231055e-08,2.35023861777228e-07,-5.102510697560224e-08,-2.892400900827001e-07,1.8344906573596795e-08,2.4261419403729337e-07,-5.263432011892486e-06,-5.070757072516581e-07,-6.926597962120527e-06,2.3424552951751497e-08,2.3796150101777473e-07,-1.3423912969745284e-07,5.327057233566505e-06,movement,movement,no movement,no movement
1600.0000000000016,0.0245843764333623,0.385597022080658,-0.1449660819666667,0.0356806288391409,0.3984340794334011,-0.1338266517,0.0375187387045208,0.3997100529466621,-0.1228896903833333,0.0361523353472589,0.3994596665225442,-0.1258402014,0.0172699301735866,0.4070486402534853,-0.1454294896999999,0.0186876023659672,0.4055799128347753,-0.1577002794333333,0.0211344286175472,0.3965322160046214,-0.1386977885999999,0.0795687399233957,0.3839156247970295,-0.0305997923874733,-0.0343602844749599,0.3527443805015534,-0.0332351606829999,0.0515298912837925,0.3744296173765142,-0.0962283365366666,0.0193528731813002,0.3476728990688814,-0.1250526854533333,0.1405972149685808,0.240897615318082,0.062652114439,-0.0853306370582019,0.3039198251821966,0.1043889575,0.1399675675777465,0.1084700132707877,0.0075210387303333,-0.0747361608149102,0.1183228297975286,-0.0194011849866666,0.0337254872725432,0.1040519462509464,-0.0415193297153333,0.0489576858435048,0.1427337943114808,-0.1400106199333333,-0.0072822483557289,0.1128883718441729,-0.0440342616776666,0.108002538429645,0.1563106183881991,-0.192236509,-0.0178204727051061,0.129781595538423,-0.0414898168336666,0.1274228489970402,0.2042145276555881,-0.1823851485666666,0.0267240580933248,0.1003109950765896,-0.0385337017423333,0.0650637317883212,0.1622701883411815,-0.116089992,0.0736431556744472,-0.115448714570886,0.0275227146966666,-0.0719784731458705,-0.1067554027303431,-0.02518582282,0.0607167223728935,-0.4478729923574752,-0.0394089405566666,-0.0457960978561751,-0.3944342517239712,-0.0612760484266666,0.0722718655609625,-0.7347779164213369,0.1079636866733333,-0.0691127188359332,-0.717334408991464,0.0934976098566666,0.0557606969419696,-0.762351585396925,0.1278081052333333,-0.0692955165690576,-0.7453710140805756,0.0672119215666666,0.0453093272891345,-0.7817891160112228,0.0699600982333333,-0.0666885235098347,-0.7566013496421642,-0.0249821729974333,kalt_g_ch1_g18_compr.mp4,ch1g18,2.563008198160336e-05,0.0003580266099369,1.8772571315481837e-05,0.0001560333471158,3.6709480019383946e-05,0.0003646073105281,1.6714607124439508e-05,2.566483865685427e-05,2.3584071858394333e-05,1.0009934213213018e-05,0.0006750605106355,2.5852185012396905e-05,1.503217257443182e-05,1.8649640688398236e-05,0.0001869559934372,2.7908498081007277e-05,2.0081774756444193e-05,0.0007734755890552,2.235850637628225e-05,1.5942426699886312e-05,0.0004153864246919,1.412380882133402e-05,1.4745677097522558e-05,1.2699875796995913e-05,3.2413436500926126e-05,1.915913590410631e-06,1.0407969968234491e-05,0.0006463635697138,3.99653028890224e-05,0.0007813607672017,2.134419024502502e-06,1.7044501980079182e-05,0.0004230633282241,0.0007779896314029,3.93768164428998e-05,0.0002738091154413,0.0002611715752922,0.0002971323513071,0.0002768997877202,0.0002361634905095,0.0002355834077659,0.000233310415455,0.0004469095952297,0.0002726072380399,0.0002402874398328,0.0002140815178314,0.0004015587517075,0.0004656596661159,0.0025181203845545,0.0017611594865923,0.0096885923208829,0.0054879760365618,0.0116937913092444,0.0066088306152797,0.0121492727775637,0.0067035303069458,0.0103159032546001,0.0057475564623918,-8.928756617804002e-06,3.088168301815576e-05,0.0003232847248926,-1.6723927823755718e-05,0.0002609754916233,0.0003407726029545,0.0003404738060637,0.0003807988909672,0.0002545085998149,0.0004644196570429,1.301103442734774e-06,-5.4089571694063085e-05,1.5274380022465755e-06,-9.667430260356177e-06,-4.737356989685265e-07,-5.746029243227374e-05,1.711914139951169e-06,-1.3495679735910561e-07,1.5268367501266065e-06,-2.2474090626186486e-06,-3.562886930408511e-05,-1.4709989910404414e-06,1.5176782486087249e-06,1.3996452923268746e-06,-2.6755783459821376e-06,-3.568849350776851e-07,-6.906453319243698e-07,-3.931017532608075e-05,-1.1471605478175337e-06,1.3736085129161227e-06,-6.934625329091435e-05,6.664320803177242e-07,1.460130552611983e-06,-1.9101715935921637e-07,-9.438889324859605e-08,1.359350090380829e-07,8.009679444232096e-07,-3.1936943122724774e-05,1.874993030994668e-06,-4.281380414824771e-05,-5.882060491010477e-08,1.1485816223467555e-06,-6.690680229955855e-05,-6.412511460467024e-07,2.8698716974387664e-06,-7.979597805779563e-08,-4.017777370652464e-07,-4.530532992086534e-07,3.4259774516518757e-06,5.229611512869679e-09,-1.2159572564910605e-07,-2.008392941598713e-07,3.591194085876571e-07,-4.529478326322462e-06,-1.066110612146825e-06,2.0289357637852834e-07,-1.7203398640255857e-07,3.865685835203276e-07,-1.0127463855539029e-06,-3.182673384430534e-07,-4.992467081637239e-06,-1.0617477504007308e-06,1.4976832710695788e-07,4.581015870020485e-06,9.152908745932941e-08,2.0858823590280757e-07,-3.3077699150197444e-08,-2.942051937723618e-07,2.3368991419944393e-08,1.6989503437786938e-07,-4.03582070213707e-06,-5.735238694293811e-07,-5.3365975050489666e-06,2.7133611767777363e-08,1.7331450829587367e-08,3.6053295937346542e-06,4.9834599345559504e-06,movement,movement,no movement,no movement
1616.6666666666683,0.0245343845479971,0.3858197353327316,-0.1406243361,0.0354813952202594,0.3986461146081221,-0.1294298743333333,0.0373249574337937,0.3999555255511803,-0.1185186493166666,0.0359275008169082,0.3996851971844156,-0.1214277756,0.0170963935906603,0.407233654303865,-0.1410215210666666,0.0185048408314696,0.4057638670156919,-0.1532913715333333,0.0209327673152958,0.3967181159513004,-0.1342935135,0.0795314731889967,0.3843185860575456,-0.0264562321474733,-0.0345238911527226,0.3529792804742385,-0.0288160786296666,0.051571692037521,0.3746266494293661,-0.0919369277733333,0.0193009693242276,0.3478425525230143,-0.1206973241199999,0.1406357197549348,0.2412765466248945,0.0654172660489999,-0.0848688901010179,0.3043537984397768,0.1079247901533333,0.1380896832510181,0.1109560213629107,0.0062454661466666,-0.0729113161445154,0.1199321661757627,-0.0180969839833333,0.0291995925426464,0.1135115082775338,-0.0431787173786666,0.051133183168976,0.147787830044369,-0.1375805723333333,-0.01245527513482,0.1243121490877729,-0.0453450893843333,0.1103279348417871,0.1624419247756089,-0.1892354588333333,-0.0222477042410813,0.1416339507456228,-0.0418088072336666,0.129002788794015,0.2104787465412165,-0.1787247617666666,0.0224310714742301,0.1103636317676254,-0.0397574928856666,0.066866685745919,0.1675895721637514,-0.119423889,0.0736093435136207,-0.1154578777164671,0.0274193822233333,-0.0719701066662704,-0.1067244160104784,-0.0251124585033333,0.0604135716902353,-0.4475532287531188,-0.0400614416033333,-0.0459224104256377,-0.3944560033590909,-0.0621594329733333,0.0718024060509508,-0.7345248267913151,0.10721894974,-0.068966884845227,-0.7170240262695917,0.0923842020399999,0.0552597736593644,-0.7620192153069593,0.1271273551333333,-0.0691028890257186,-0.7450254063181525,0.06605693404,0.0451356167675469,-0.7815209773972986,0.07018629662,-0.0667494236028207,-0.7561376550799589,-0.025658487061,kalt_g_ch1_g18_compr.mp4,ch1g18,2.6625340874204965e-05,0.0003053467790118,2.032108507052416e-05,0.0001470450414627,3.593559063011651e-05,0.0003087928936233,1.853350356383027e-05,2.5354533608550936e-05,2.4931403254245895e-05,7.981049631623444e-06,0.0006372003425721,2.3405228844150075e-05,1.6713082112487526e-05,1.9952831083769395e-05,0.0001840700045254,2.675239334470517e-05,1.919895600409961e-05,0.0007318888714021,2.025614629402628e-05,1.7415381111768034e-05,0.00034786922278,1.4798836024059817e-05,1.6362961138250765e-05,1.24643145154325e-05,3.208590665417259e-05,2.022468571854196e-06,1.1480741523253328e-05,0.0006126579244989,4.1503177668342995e-05,0.0007356772767345,2.0590629813365874e-06,1.8595437990558316e-05,0.0003576275866585,0.0007239408806588,3.794491887598749e-05,0.0002438196941552,0.0002416187632307,0.000272319816878,0.0002533959078513,0.0002136534236879,0.000211074286368,0.0002097263785256,0.0004520478699368,0.0002846630925214,0.0002295420836495,0.0002005465677198,0.0004158039097711,0.0005119279976854,0.0024392365937308,0.0017792424306885,0.0092075405615109,0.0047489314122601,0.0111151566967536,0.0056565508449385,0.0114913739544021,0.0056603576314986,0.0097657560390635,0.0049244916178851,-1.1455204955461634e-05,3.296741350361061e-05,0.0002995054687387,-1.6517561499452065e-05,0.0002181815472708,0.0003044878646272,0.0002940434517568,0.0003415780223223,0.0002215466012946,0.0004310660449332,5.444365673277193e-07,-4.945699083184529e-05,1.4184636898580414e-06,-9.588446457377804e-06,-8.873004320863042e-07,-5.225807894185338e-05,1.6513447885745558e-06,-2.445909909299653e-07,1.2878423484146297e-06,-1.734813527481339e-06,-3.9188142880695175e-05,-2.4544836757240613e-06,1.705788270832883e-06,1.2012269027294377e-06,-2.1118275136802623e-06,-1.4308136963538445e-06,-1.0356822032422809e-06,-4.3267201367454975e-05,-2.1417308313523855e-06,1.522996354932096e-06,-6.28807555050932e-05,7.672957665938529e-07,1.6630771579810184e-06,-2.1643644347479613e-07,-3.42789904811827e-07,1.6246213550651408e-07,9.304576086159553e-07,-3.50803579717542e-05,1.3502228638322292e-06,-4.70672152586916e-05,-3.1680394878491244e-08,1.0636843928333131e-06,-6.133351122120974e-05,-7.285090457780882e-07,5.354860498123373e-06,-1.2265840599570205e-07,-1.0392481864261645e-07,-4.292670006545124e-07,6.062623284933259e-06,-8.044944972426698e-08,-6.28883928910148e-08,-2.573417640225317e-07,4.718523602394883e-07,-2.923670323218922e-06,-8.592993785131303e-07,1.4358307658064533e-07,-1.8568336272952555e-07,6.842691704903257e-07,-9.65195196581012e-07,-2.922082037526804e-07,-3.4043687576783455e-06,-8.831466241427775e-07,1.1632782386837768e-07,7.787688922862126e-06,1.10160264533229e-07,1.588283523408131e-07,2.4908045847786272e-09,-2.810442062509795e-07,3.083525299024747e-08,8.142298417099101e-08,-2.6513131887163564e-06,-5.861069952050841e-07,-3.4726916211104e-06,3.185690205966271e-08,-2.2929070257658442e-07,6.734615369527949e-06,6.015232102308007e-06,movement,movement,no movement,no movement
1633.333333333335,0.024461454549112,0.3860538353738891,-0.1363262769666667,0.0352669691553031,0.3988951354955105,-0.1250795021666667,0.0371182297729094,0.4002327935495409,-0.1141934934166666,0.0356900787004584,0.3999463104142964,-0.1170648872,0.0169088757360209,0.407449739218201,-0.1366646972,0.0183084363612617,0.4059783225539051,-0.1489340077333333,0.020718881726969,0.3969329052631994,-0.1299418829333333,0.0794835001036201,0.3847947749450869,-0.0223478551108066,-0.0346996155802254,0.3532848588296503,-0.0244386640196666,0.0515913650290686,0.3748588163645933,-0.0876783470233333,0.0192284661023481,0.3480407330641538,-0.1163781102866666,0.1406727418812073,0.241682635049716,0.0681823713423333,-0.0844085571966492,0.3048828035097481,0.11142140797,0.1362589802605835,0.1133944103061823,0.0049331689366666,-0.0713876496832827,0.1216442218039136,-0.0166685420333333,0.0250402820015324,0.1224089904674037,-0.0449349880453333,0.0528219393998672,0.1523367052223172,-0.1349651349333333,-0.0171689401274784,0.1350406775798983,-0.046826739191,0.1120939379105448,0.1677562242291433,-0.1861159311666667,-0.0262303532457897,0.152743395535897,-0.0424096241636666,0.1302352231011609,0.2157822097358486,-0.1749951998,0.0185198745861513,0.1197991690504149,-0.041141664669,0.068249447745384,0.1722778933218073,-0.121376976,0.0735758562407111,-0.1154689266318843,0.0273344636699999,-0.0719612857756664,-0.1066922372994803,-0.02506169863,0.0601010321974372,-0.4472455456276386,-0.0406105169233333,-0.0459935864990081,-0.3944777186336867,-0.0630744312,0.0713311045619131,-0.7342848387870016,0.10647749004,-0.0688240755697322,-0.7167336629887091,0.09119518276,0.0547638590893645,-0.7617009925129823,0.1264376340333333,-0.068919446217088,-0.7446996202697823,0.06481385433,0.0449719043549729,-0.7812401405471581,0.07035766842,-0.0668327369756845,-0.7556678793926318,-0.0264817860626666,kalt_g_ch1_g18_compr.mp4,ch1g18,2.660365237164552e-05,0.0002591421936683,2.1931109446068182e-05,0.0001384247742812,3.4728242795061105e-05,0.0002602580821826,2.044583330627317e-05,2.521733103847972e-05,2.5830813343573273e-05,6.682318070623834e-06,0.000596401468372,1.9758105999218788e-05,1.880865746592314e-05,2.1224001245376688e-05,0.0001822900309914,2.48616403933661e-05,1.7843685597924487e-05,0.0006870996841518,1.695427535080836e-05,1.929835475286959e-05,0.0002896105537698,1.5693415698921314e-05,1.842372390406858e-05,1.2314061351698208e-05,3.152128281932101e-05,2.176311175415627e-06,1.279243648913974e-05,0.0005763035627915,4.23232667960692e-05,0.0006867893094705,2.020534714365261e-06,2.0007425328338684e-05,0.0003002686850871,0.0006720651356521,3.579160129481007e-05,0.0001755296068904,0.0001855535579679,0.0002101411403285,0.000193304404311,0.0001530197708069,0.0001484215181431,0.0001482422412757,0.0004336538389753,0.0002640201391104,0.0001865388089623,0.0001540461623718,0.0004240546040725,0.0005505006108355,0.0023751802090543,0.0018026978862039,0.0087018305251005,0.0040835858417302,0.010502273250577,0.004798093757009,0.0107926918542698,0.0047389008888422,0.0091831105220838,0.0041893640783643,-1.4727029787812458e-05,3.5701436992377894e-05,0.0002565982646304,-1.966360712885688e-05,0.00015866222055,0.0002538080351612,0.0002301704810108,0.0002876768153754,0.000175786531316,0.0003809117103255,-3.150823029005138e-07,-4.2894481535319987e-05,1.2535728056061271e-06,-9.168663273030657e-06,-1.2843220530467865e-06,-4.496008236230565e-05,1.4934732222813577e-06,-2.9808632673833877e-07,1.008769795956548e-06,-1.122878700189072e-06,-4.120492968244661e-05,-3.156283586337508e-06,1.8179528633264128e-06,9.87147312350894e-07,-1.3043547945950149e-06,-2.4449481002959208e-06,-1.335097148876627e-06,-4.576269726651474e-05,-2.882414602210336e-06,1.6205140459016069e-06,-5.3669734193066075e-05,8.891992428506751e-07,1.79400867726154e-06,-2.5404691358416437e-07,-5.885792706535231e-07,1.9996503126906953e-07,9.320133520454864e-07,-3.689973944986517e-05,7.94606928556057e-07,-4.959015750471313e-05,-2.6421943178088823e-09,6.363577146845628e-07,-5.3097452840735975e-05,-7.039314862621293e-07,7.078241205045132e-06,-1.5003088242606437e-07,6.920119546833062e-08,-3.698852774618341e-07,7.870298621718894e-06,-1.481441830807986e-07,-1.02688250861522e-08,-2.475376723680112e-07,5.042962014992374e-07,-1.297858201513015e-06,-5.263039162386196e-07,6.77077907612037e-08,-1.715521818593532e-07,7.626964747277919e-07,-7.974331686997654e-07,-2.148622102843118e-07,-1.8071311414447088e-06,-5.76505794754265e-07,6.43860609344278e-08,1.0000243758172314e-05,1.3046949650135134e-07,8.85390496411308e-08,5.1213269122141886e-08,-2.5573737356801324e-07,3.687160414698539e-08,-4.229516332608547e-09,-1.2733863885970626e-06,-5.556189323302854e-07,-1.5960366284127773e-06,3.609941806993207e-08,-4.457062462240586e-07,8.964587502323874e-06,7.232531103941378e-06,movement,movement,no movement,no movement
1650.0000000000018,0.0243297466272798,0.3862202444872835,-0.1335165324,0.0350097260387407,0.3990821064321342,-0.1222339468666666,0.0368708230512666,0.4004466036486427,-0.1113554383833333,0.0354111156647077,0.4001446285946165,-0.1141958966,0.0166716599376772,0.4076090879140544,-0.1338198092333333,0.0180632944570361,0.4061353249078002,-0.1460957736333333,0.0204602049786433,0.3970916464994376,-0.1270958152666667,0.0794007563886969,0.3852518587659246,-0.01954435641414,-0.0349412860151781,0.3535779667727422,-0.0214773216863333,0.0515510599986697,0.375046038825805,-0.0848275850099999,0.0190992544313411,0.3481983061986538,-0.11350215912,0.1406932485532185,0.2421197516347834,0.0700822734766666,-0.083993462216957,0.3054534800226853,0.11381186032,0.1344277663118952,0.1157678772684837,0.0032732558866666,-0.0702015820774504,0.1233818889889396,-0.0155353789166666,0.0211906344419082,0.1308806716265118,-0.0466951226419999,0.0539703967413164,0.1560957559836847,-0.1327846018333333,-0.0215155339341549,0.145253904689563,-0.048356039651,0.1132211513477998,0.172076515230881,-0.1835677303,-0.0298074150992915,0.1633015489427598,-0.0431328268169999,0.1310277562175349,0.2200123678024774,-0.1715173045666667,0.0149365191460853,0.1287553257427547,-0.0425855385156666,0.069173564369555,0.1760907039140941,-0.12167716,0.0735434340100137,-0.1154844021085432,0.0272640759233333,-0.0719526917243051,-0.1066564498152357,-0.0250287439033333,0.059768850168348,-0.4469497895236988,-0.0408913527133333,-0.0460659517950693,-0.3944879149473669,-0.06393533784,0.0708587158932086,-0.7340510250916056,0.1061423433066666,-0.0686933637272031,-0.7164657926995276,0.09018314954,0.0542682663445043,-0.7613907854097867,0.1261415072333333,-0.0687521846670387,-0.7443984586564129,0.0637671312,0.0448002671608896,-0.7809598431332586,0.0707561020666666,-0.06695012533492,-0.7552296475480184,-0.0272231548046666,kalt_g_ch1_g18_compr.mp4,ch1g18,2.540825825648907e-05,0.0002211690270733,2.3219816094746203e-05,0.0001295415803605,3.302790646385129e-05,0.0002208165483139,2.2050732215540787e-05,2.4937202927062515e-05,2.624750856274721e-05,5.9794004825100575e-06,0.0005527982218518,1.5769361592994253e-05,2.0966126606222985e-05,2.2162091247373432e-05,0.0001813342897605,2.224105809174081e-05,1.6205244526937427e-05,0.0006386052649191,1.3307962617257813e-05,2.12459197700666e-05,0.0002430183729897,1.6737633120098407e-05,2.057388437631244e-05,1.222182010402085e-05,3.05884782394478e-05,2.3678846917136925e-06,1.400055312227152e-05,0.0005371016513956,4.252097813606885e-05,0.0006347809558778,2.016392961211754e-06,2.0732758063398615e-05,0.0002533433465882,0.0006221391067549,3.3358010582579756e-05,8.011672847721832e-05,0.0001032071882419,0.0001214318893728,0.0001070327065663,6.317869615583057e-05,5.701261957270131e-05,5.754568864708301e-05,0.0003996505565945,0.0002182801247619,0.0001206198040332,8.401773482303789e-05,0.0004306273960429,0.000577891671938,0.0023317309373162,0.0018076240728762,0.0081678205463617,0.0035269316643873,0.0098439341129277,0.0040843864645934,0.0100495131739964,0.003989396101351,0.0085678964381287,0.0035806043752005,-1.846934923723209e-05,3.8864825540803875e-05,0.0001975257006145,-2.357697091578381e-05,8.562032014761665e-05,0.0001994790563673,0.0001519838058626,0.0002303777475893,0.0001140882498997,0.0003177000994635,-1.054934084345067e-06,-3.484460910894706e-05,1.1198189932259096e-06,-8.62024335273975e-06,-1.6805354418567145e-06,-3.6082956607134195e-05,1.3372119927091082e-06,-3.202483239162716e-07,7.388647149155785e-07,-5.496629973072926e-07,-4.15184753881823e-05,-3.50107581142167e-06,1.892198273513257e-06,8.603742001748425e-07,-3.897007064531403e-07,-3.233207008387107e-06,-1.5727686733722775e-06,-4.658872255560195e-05,-3.298403434397029e-06,1.6968688449728742e-06,-4.246389316317009e-05,1.1033922881340928e-06,1.8903662296385616e-06,-1.8256942638212677e-07,-8.654452819582093e-07,2.453658185110941e-07,8.784469564931022e-07,-3.726628326363342e-05,2.7573739403871245e-07,-5.014990384150289e-05,3.1073043951897095e-08,-2.3200806805021812e-08,-4.28621713615059e-05,-5.846071557076928e-07,7.953713102688869e-06,-1.578269438497973e-07,1.6133436080415544e-07,-2.8546088290215074e-07,8.755454787237138e-06,-1.875960986733501e-07,3.334076996089448e-08,-1.8650191442530714e-07,4.723572731722485e-07,1.6270368461217124e-07,-1.5196339648097665e-07,-1.6389156326053827e-08,-1.353428120470074e-07,6.231013706388639e-07,-5.350931494058585e-07,-1.0611789805715398e-07,-3.4310724862340797e-07,-2.198778750255894e-07,-1.8787066860610208e-10,1.1068834384168049e-05,1.3865889356598644e-07,6.216726561933253e-09,1.0213805066018041e-07,-2.2285678476703498e-07,3.965041710509113e-08,-7.084601511161701e-08,-4.2804094814076153e-08,-5.009174750952733e-07,9.707662691066993e-08,3.9579723500492024e-08,-5.854646772969327e-07,1.014095656626146e-05,7.97982884556339e-06,movement,movement,no movement,no movement
1666.6666666666686,0.0241152118523189,0.3862647112052463,-0.13205111,0.0346881205562124,0.3991641173020237,-0.1208282418333333,0.0365604195747011,0.4005435574995638,-0.1099486994833333,0.0350697001565754,0.4002287228959894,-0.1127626982,0.0163694196853826,0.4076444217442311,-0.1323907893666666,0.0177552180593133,0.4061613873617132,-0.1446746871666666,0.0201460819691015,0.3971171229384824,-0.125657807,0.07928992258453,0.3856588868581559,-0.0182167243574733,-0.0352047561368773,0.3537753378808451,-0.0199127995996666,0.0514444181462314,0.3751489439390427,-0.0832963220633333,0.0189218474617289,0.3482526426225536,-0.1119302154866666,0.1407111612336003,0.2425741350630132,0.0710240392699999,-0.0835799191150444,0.3060331893921568,0.11509281628,0.1325700900762327,0.1180859652949275,0.0012775139366666,-0.0692343394380736,0.1251933457170592,-0.0147425884333333,0.0176882681049126,0.1387921360621509,-0.0485712457053333,0.0548962034689932,0.1592067034157593,-0.1309406601333333,-0.0253770517387595,0.1548178702651595,-0.049949819921,0.1141446338125839,0.1756368867280389,-0.1813950277333333,-0.0328403187883886,0.1730393396446,-0.0440868564003333,0.1317407803334744,0.2234329362697983,-0.1683625375333333,0.0117456134296717,0.1370411903030594,-0.0442030594723333,0.069953166436197,0.1792168031746188,-0.123551615,0.0735104794267425,-0.1155048289917636,0.02722558374,-0.0719429651753245,-0.1066156600802084,-0.0250336639566666,0.0594127243095699,-0.4467517481876311,-0.0409827446399999,-0.046144065658123,-0.394502164822498,-0.0647342662033333,0.0703886706629285,-0.7340006630322199,0.1062439069066666,-0.0685773896198369,-0.7163075007413551,0.0893596815866666,0.0537759828160505,-0.7612758465024624,0.1262971364666666,-0.0686035735815973,-0.7442135743095954,0.0629362756766666,0.0446273438526082,-0.7808808664296627,0.0715311592666666,-0.0670885006833802,-0.7549652027652225,-0.0278210388133333,kalt_g_ch1_g18_compr.mp4,ch1g18,2.349516435207368e-05,0.0001920303950045,2.3965006168050058e-05,0.0001208308444785,3.1127926548008025e-05,0.0001909206479655,2.296261745154813e-05,2.4700092574876093e-05,2.6594105446322098e-05,5.960161713520238e-06,0.0005116339677201,1.2102181708757584e-05,2.2693998469999037e-05,2.2614476723324666e-05,0.0001815900275036,1.8714028355501453e-05,1.4557880573055675e-05,0.0005923507290921,9.866054853450876e-06,2.2856538958692267e-05,0.0002081750910591,1.7631594585910033e-05,2.2324774806518073e-05,1.1919494995528374e-05,2.9570888904315047e-05,2.628741213235077e-06,1.4633275593077444e-05,0.000500000184627,4.2472719297196576e-05,0.0005853391165296,2.067777033092305e-06,2.035021584673328e-05,0.0002174504536233,0.0005783172903336,3.117333009100318e-05,-2.024619609883397e-05,1.5314512524321404e-05,2.736588404969035e-05,1.564784857572719e-05,-3.4685629462444324e-05,-4.187930530185479e-05,-4.1677895876772886e-05,0.0003651450182326,0.0001608972042717,5.053942792863317e-05,8.563166493306511e-06,0.0004418056513032,0.0005964190724236,0.0023167464873316,0.0017910949679363,0.0076717376529964,0.0031032356059038,0.0092213534062066,0.0035433131921737,0.0093421490966861,0.0034313649315163,0.0079931879508157,0.0031213700138029,-2.288213038608423e-05,4.292218164917682e-05,0.0001271993273608,-2.625710255713427e-05,2.221790332277862e-07,0.0001436110551579,6.141014148694809e-05,0.00017160065626,4.1133776779155064e-05,0.0002471597128265,-1.5617675692347916e-06,-2.640881685149011e-05,1.0440099621214709e-06,-8.333962844289182e-06,-1.9221792225563814e-06,-2.6822007448565648e-05,1.2169228560364832e-06,-2.534280416668489e-07,5.629243902842825e-07,-8.673136139610243e-08,-4.044602423027547e-05,-3.427803741160378e-06,1.929092136687434e-06,8.486468509031622e-07,3.285255372836225e-07,-3.540019468805179e-06,-1.5252422345638217e-06,-4.611728434391753e-05,-3.308850620280008e-06,1.7549542882578124e-06,-3.0710587254924894e-05,1.3795002107275668e-06,1.947165056800961e-06,4.0630212256358666e-08,-1.06788468160785e-06,2.906331113034235e-07,8.445218220429904e-07,-3.654410877626482e-05,-1.676938881211656e-07,-4.902045343425141e-05,6.69179038771274e-08,-7.215806006977345e-07,-3.2043939199490476e-05,-4.195858193450422e-07,8.00011135434142e-06,-1.447505238840214e-07,2.08886219103779e-07,-1.7898226849400793e-07,8.74027276266148e-06,-1.8946069505736076e-07,6.882263087563533e-08,-1.069620258613286e-07,3.927624279126655e-07,1.2144459643800934e-06,1.943561688679784e-07,-8.926447267028965e-08,-8.506943533709088e-08,2.6986525946497924e-07,-1.994330133910877e-07,2.806744163441792e-08,7.273155258598574e-07,1.247224196397941e-07,-6.187893226671278e-08,1.1016444617353466e-05,1.354574613166088e-07,-6.860362339756262e-08,1.5429521225972634e-07,-1.8071279170885304e-07,3.671788009860338e-08,-9.783499252908077e-08,8.194039653678041e-07,-4.478634641341932e-07,1.3454129574047055e-06,4.1123636024577575e-08,-6.157236373501439e-07,1.0262382392848544e-05,8.04920277115197e-06,movement,movement,no movement,no movement
1683.3333333333353,0.0238499150362841,0.3861605531932821,-0.1313162115666667,0.0343302597059327,0.3990943747117896,-0.1201914725,0.0362128732628856,0.4004799714891742,-0.1093069390166666,0.0346936791434482,0.4001541392072036,-0.1120900533333333,0.0160273512059369,0.4075202664526184,-0.1317224652666666,0.0174087305341074,0.4060260477587081,-0.1440206245333333,0.019799443590186,0.3969813894474945,-0.1249798945666666,0.0791621189389843,0.3859629449720981,-0.0176208538674733,-0.0354839952233184,0.3538625011166041,-0.0190702023863333,0.0512882191927109,0.3751335690639915,-0.0824699868466666,0.0187058011452835,0.3481926649827908,-0.1110706407866666,0.1407221272491461,0.243018099847556,0.0714017124299999,-0.083212710998514,0.3066457951892936,0.1158940815333333,0.1306426535212631,0.1203106054742586,-0.0008606577833333,-0.0684442804563024,0.1270465656387515,-0.01424099962,0.0145541572527911,0.1460237257327898,-0.0506997759386666,0.0555718141212222,0.1620285317869252,-0.1291675595333333,-0.0287320121577577,0.1635256377983853,-0.051821017281,0.1147702063564633,0.178833062724051,-0.1793055814333333,-0.0354386620186757,0.1817540245604967,-0.0453409223336666,0.1322232815406811,0.2264281000360686,-0.1657627210333333,0.0089145443644201,0.1445239447810886,-0.0460630240256666,0.0705312781640557,0.1820083761661058,-0.124050036,0.0734902308082895,-0.1155291701785477,0.0272061534966666,-0.0719420536461829,-0.1065714385019787,-0.0250611026433333,0.0590507385542446,-0.4466957997451142,-0.0408922700033333,-0.0462453571974685,-0.3945356631628081,-0.06540290018,0.0699328298571246,-0.734127289326653,0.1067872027333333,-0.0685082515803761,-0.7162218684694395,0.0890665213566666,0.0532983596120003,-0.7613522098663837,0.1269161217333333,-0.0685092101419881,-0.744102152048832,0.0626871426666666,0.0444500776274185,-0.7809973398307203,0.0725653230733333,-0.0672582298602948,-0.7548307727592086,-0.02797588516,kalt_g_ch1_g18_compr.mp4,ch1g18,2.148465497889752e-05,0.0001703988547116,2.46880505712567e-05,0.0001129999571012,2.939956195756604e-05,0.0001689347203027,2.3626906372914233e-05,2.453634519407445e-05,2.732867348868176e-05,6.2725897658695606e-06,0.0004720433460516,9.362289422723592e-06,2.419803501011155e-05,2.3220778596705624e-05,0.0001822715471621,1.509905510050656e-05,1.3196435740843492e-05,0.0005467419226465,7.278178204625997e-06,2.430103843903912e-05,0.0001829738808478,1.883394511835516e-05,2.3886071269025337e-05,1.1772231284257468e-05,2.870572786963524e-05,2.9656605070921786e-06,1.4763089094739516e-05,0.00046401117662,4.239552982520126e-05,0.0005373539736532,2.175721454270013e-06,1.871199763591981e-05,0.0001909740475934,0.0005388265480886,2.961402860983028e-05,-0.0001106338051982,-6.656221525665231e-05,-6.0071022841602126e-05,-6.926596994440802e-05,-0.0001271418750744,-0.0001343430479392,-0.0001352169116132,0.0003326312969428,0.0001047321747884,-1.3048396520910086e-05,-5.9021651645758834e-05,0.0004565446133119,0.0006111976653444,0.0023282742534696,0.001754548061972,0.0071940932094826,0.0027851109704146,0.0086037955704049,0.0031408337985137,0.0086465705430236,0.0030257732844344,0.0074401567441418,0.0027795704625192,-2.8121638952790597e-05,4.808517021619586e-05,5.1633089725421454e-05,-2.789952068705886e-05,-8.543507971484726e-05,9.924754252191348e-05,-2.911670374395012e-05,0.0001258140029465,-3.1345018674798645e-05,0.000181564592906,-1.7601822986866088e-06,-1.859804427599794e-05,9.948043084493386e-07,-8.36857574266156e-06,-2.0539901913963325e-06,-1.823940967248664e-05,1.1184330390013286e-06,-1.0852295468807429e-07,5.183234774725169e-07,2.1923659798035277e-07,-3.835426629881678e-05,-2.959333113404588e-06,1.876859746340994e-06,8.974405336923436e-07,5.935627222196866e-07,-3.437328897300511e-06,-1.3872442107455668e-06,-4.457017830553456e-05,-2.922149588478738e-06,1.7374878658310634e-06,-1.968808366903258e-05,1.6069177107363252e-06,1.9164903206680365e-06,3.320081784700871e-07,-1.2463722389222191e-06,3.319063562845246e-07,7.952582413744785e-07,-3.504403474492565e-05,-5.678644563309912e-07,-4.655054034298575e-05,1.1486376051020739e-07,-1.3322512421718387e-06,-2.186544333846081e-05,-2.6143550743282653e-07,7.333428052734874e-06,-1.326846225113643e-07,2.238503435810882e-07,-6.903287851494358e-08,7.955280304832826e-06,-1.7407064586687017e-07,9.748007990944137e-08,-4.35819466772846e-08,2.982513213497026e-07,1.80729822672081e-06,4.571503349003397e-07,-1.5273011119549245e-07,-5.1471390638815967e-08,-2.317245532916628e-07,1.5911206668403986e-07,1.6456921133950321e-07,1.386836623782323e-06,4.011891696505154e-07,-1.209931321206042e-07,9.99274761734766e-06,1.0134048971317845e-07,-1.3681171408052717e-07,1.8785992263366497e-07,-1.370628257135791e-07,2.7141881505639714e-08,-8.820309183657996e-08,1.2850071224257086e-06,-4.066154898357649e-07,2.097185362015274e-06,3.9622642228464766e-08,-5.254617972750414e-07,9.452629229718838e-06,7.452128256695748e-06,movement,movement,no movement,no movement
1700.000000000002,0.0235156178066988,0.3859867155186766,-0.1307701346666666,0.0339134674859865,0.3989624536880923,-0.1197539227333333,0.0358049322852916,0.4003507096937252,-0.1088631444166666,0.0342613782868415,0.4000161862379834,-0.1116206265333333,0.0156206774616091,0.4073252197374568,-0.1312465892333333,0.0169995017835325,0.4058213179971462,-0.1435692723333333,0.0193960127693324,0.3967750350340239,-0.1244968769,0.0790075991118072,0.3862535724374009,-0.0172779957808066,-0.0357852681450103,0.3539238455405011,-0.0184421518429999,0.0510720758334773,0.3750697931826613,-0.0818500411866666,0.0184429063028088,0.348085422191745,-0.1104072691533333,0.140731641816272,0.2434773714837756,0.0714733524966666,-0.0828917482930823,0.3072769666168931,0.1163673607666666,0.1286368690608977,0.1226256783374271,-0.0033735429166666,-0.0678776017219336,0.1289712322383882,-0.0141886267566666,0.0118633132430967,0.1530463478095267,-0.0534834624213333,0.0559968896692929,0.1647784286112323,-0.1281551880333333,-0.0314784921862806,0.1718628699750015,-0.0545356462243333,0.1151023462604258,0.1818703092318565,-0.178123296,-0.0375861124098025,0.190054602834132,-0.0475753942803333,0.1325096318405806,0.2293158264161386,-0.1643622413666666,0.0064947727300011,0.1517345162110304,-0.048653476191,0.0709002670651155,0.1847245492148543,-0.129679158,0.0734805879017843,-0.1155614729890757,0.0272060298766666,-0.0719492214121992,-0.1065190336905737,-0.02511071395,0.0586471395035974,-0.4467329767619106,-0.0406522928866666,-0.0463872550287514,-0.3945683389059792,-0.06596237163,0.0694725394547582,-0.7343024447650367,0.1075123913333333,-0.0685001370261261,-0.7161612628276923,0.0889884938933333,0.0528165980548189,-0.7614782191996926,0.127713011,-0.0684775472437719,-0.7440170168544735,0.0626597265166666,0.0442606116873745,-0.7811372753774161,0.0737385607199999,-0.0674431988422032,-0.7547397007936623,-0.0278972589333333,kalt_g_ch1_g18_compr.mp4,ch1g18,1.9529145629900644e-05,0.000155864924793,2.572756720300567e-05,0.0001052579745259,2.7500851373496134e-05,0.0001548507539247,2.4741159709772116e-05,2.4364218741322275e-05,2.8020905345798475e-05,6.729726296169172e-06,0.0004351501492323,7.488536418414256e-06,2.6078076206070663e-05,2.429228500745443e-05,0.0001828610339442,1.1548103972999136e-05,1.2001819599983043e-05,0.0005033764614996,5.269382759682392e-06,2.6016419045090084e-05,0.000168169603605,2.0838348175659683e-05,2.5814222164996185e-05,1.2367878074829397e-05,2.7610007813970135e-05,3.3474163937721984e-06,1.5547944600158487e-05,0.0004300819431963,4.1948187933997424e-05,0.0004923426034443,2.317442627996623e-06,1.6636549205507045e-05,0.0001741497880871,0.0005037675570943,2.810834264334221e-05,-0.0001880109810951,-0.0001396437019985,-0.0001379556142181,-0.0001448610973746,-0.0002090784806131,-0.0002157986740022,-0.0002182821541831,0.0002986289275218,5.096743916276362e-05,-7.063360834326397e-05,-0.00011752336441,0.0004658721954993,0.0006126065652791,0.0023576543565668,0.0016881529041914,0.006741791458272,0.0025720734143659,0.0080087184920906,0.0028867674672625,0.0079832703848355,0.0027894734640401,0.0069208773179906,0.0025618500066059,-3.38698233224217e-05,5.405158519252714e-05,-1.933614317562554e-05,-2.884231113296747e-05,-0.0001610419320337,6.45117868236836e-05,-0.0001096196905065,9.057820599551717e-05,-9.690993895799076e-05,0.0001219301140242,-1.8284273055906812e-06,-1.2064753235270663e-05,8.583746879103381e-07,-8.643762967896002e-06,-2.0824548774719135e-06,-1.1098833346308002e-05,9.381624131137234e-07,9.1948388683583e-09,5.62657526549764e-07,3.6179527502506776e-07,-3.625439158464254e-05,-2.254305095435398e-06,1.653475622053857e-06,8.645967650229182e-07,9.663127554477273e-08,-3.0473870005350767e-06,-1.148508817456961e-06,-4.284380160300502e-05,-2.2807792439188025e-06,1.5573848247345416e-06,-1.0512488508438984e-05,1.667874171478574e-06,1.707217167864616e-06,5.356884125597498e-07,-1.3832534430367546e-06,3.559181890006304e-07,6.74674820319726e-07,-3.3605579796145496e-05,-9.41269493762526e-07,-4.3966633400648946e-05,1.6108192011306118e-07,-1.8460783860322348e-06,-1.3200953072676532e-05,-1.3866425644351678e-07,6.116303136652705e-06,-1.308501692722308e-07,2.693662583637888e-07,4.8609183470404714e-08,6.561706343947183e-06,-1.642829252486961e-07,1.212399311488726e-07,-4.7721416188458906e-11,2.139888031264389e-07,1.911718175785982e-06,6.175099438379791e-07,-2.159738571924839e-07,-4.5590360743016966e-08,-8.119378458339785e-07,4.940296084991546e-07,2.9511741958814153e-07,1.587092146055868e-06,5.951078247203912e-07,-1.8064078048142653e-07,8.163025385920946e-06,2.874685697927975e-08,-2.0514853776769293e-07,1.8466783829554922e-07,-7.90179758745191e-08,1.1768964179310391e-08,-7.76346907629804e-08,1.3355041210363692e-06,-3.620089052781733e-07,2.3073622449645583e-06,3.4204070068065055e-08,-3.522855601668539e-07,7.874651269740231e-06,6.318586595384704e-06,movement,movement,no movement,no movement
1716.6666666666688,0.0231816717029969,0.3857354787625676,-0.1306228645,0.0334989220040494,0.3987602487004615,-0.1197230366,0.0353981847291001,0.4001463690693914,-0.1088264711499999,0.0338319749473095,0.3998058121022356,-0.1115546898999999,0.0152118202704703,0.4070493638279127,-0.131173732,0.0165884933286276,0.4055394070252787,-0.1435265214,0.0189926704080602,0.3964888534788043,-0.1244162606333333,0.0788635165173032,0.3865231411080791,-0.01732098867414,-0.0360766065753351,0.3539426279009193,-0.018168858153,0.0508553208557276,0.3749513107166809,-0.0816232022999999,0.0181829073478205,0.3479230789015258,-0.1101247083866666,0.1407692132518619,0.2439558707773996,0.0710514962799999,-0.0825863486615889,0.3079182197296305,0.1166556845666666,0.1266322552236208,0.1250040912333677,-0.0064208651499999,-0.0674708241510584,0.1307992803266806,-0.0144365722999999,0.0096217086748729,0.1596385939584503,-0.0568463234719999,0.0562584897427033,0.1673959408815128,-0.1278388731333333,-0.0337020785208485,0.1796769146593208,-0.0579207830953333,0.1152750714357001,0.1848110226888193,-0.1777154328333333,-0.0392820432836264,0.1978000776480074,-0.0505134459406666,0.1326367517092215,0.2321699112962882,-0.1638076892,0.0045060149714427,0.1584635747499641,-0.051851844076,0.0711154670943464,0.1873310092659525,-0.134194523,0.0734821401803259,-0.1155984496028539,0.0272042717233333,-0.0719649015882574,-0.1064619158633493,-0.0251591469466666,0.0582464361944637,-0.4468085863217428,-0.0403383888733333,-0.0465484841502402,-0.3945996628869552,-0.0662610475266666,0.0690420209485721,-0.7344978885530442,0.1083399467,-0.0685012165010777,-0.716108301097004,0.0890656190766666,0.0523665691018977,-0.7616242147452496,0.1286099769333333,-0.0684539638981567,-0.7439353824885208,0.0627713627866666,0.0440874458464361,-0.7812738014216645,0.0749541547333333,-0.0676281438951711,-0.7546534582488352,-0.0277163004066666,kalt_g_ch1_g18_compr.mp4,ch1g18,1.7920456182703233e-05,0.0001461558864196,2.6590006724291847e-05,9.744328144195752e-05,2.5429123907537744e-05,0.0001462519221156,2.569295518500844e-05,2.425923578749545e-05,2.8688464349562403e-05,7.1015806864615164e-06,0.0004006450877802,5.770519685534576e-06,2.7756389808248604e-05,2.5264368304358732e-05,0.0001830829627214,8.462810832664252e-06,1.0949984433197594e-05,0.0004619719943368,3.375389300255205e-06,2.7549830152569808e-05,0.0001607540560417,2.285117363101156e-05,2.7538427502780632e-05,1.310210448304236e-05,2.6201462973693683e-05,3.726415354059488e-06,1.6340744289069226e-05,0.0003980132005736,4.0977915602866593e-05,0.0004498572999149,2.480105782079517e-06,1.4374049743225736e-05,0.0001641452976294,0.0004720070076842,2.641798468638587e-05,-0.0002437025104626,-0.000194126028338,-0.0001962159274644,-0.0002013034147945,-0.000269581714883,-0.0002756049213746,-0.0002797369459992,0.0002701948312916,9.198951791461628e-06,-0.0001149431182681,-0.0001597250424617,0.0004735889566811,0.0006015725513671,0.0023993861201006,0.0015938880072465,0.0063054217457312,0.0024255553002402,0.0074258645020704,0.002732694268899,0.0073434199408292,0.0026690845990113,0.0064262779919345,0.0024263970594905,-3.9427051566905585e-05,6.000072438722795e-05,-7.889246084671526e-05,-2.931611725645003e-05,-0.0002176453609041,3.672104026428385e-05,-0.0001712357311323,6.21788207183292e-05,-0.0001470267345674,7.55212633362543e-05,-1.816618548784914e-06,-7.036916250687527e-06,6.842228554135334e-07,-8.833324905202536e-06,-1.978331324771338e-06,-5.716541430392939e-06,7.383712477498864e-07,1.201774441979248e-07,6.385446561625069e-07,4.1485613557816987e-07,-3.4455349777044745e-05,-1.498740999077901e-06,1.3312548217012727e-06,7.834532397567534e-07,-1.1917737206348933e-06,-2.440384936922891e-06,-8.240102998756415e-07,-4.1338942272604625e-05,-1.5423954822979675e-06,1.273118771322403e-06,-3.793854880628414e-06,1.5992545261791755e-06,1.3927249130111627e-06,6.845481546764458e-07,-1.4369247869904624e-06,3.585293390048815e-07,5.521218150623304e-07,-3.243476620565971e-05,-1.2953752466948672e-06,-4.174572636434009e-05,1.977787696866618e-07,-2.148194122864516e-06,-6.62585621217126e-06,-6.882246955868616e-08,4.580438861207128e-06,-1.215461074848054e-07,3.703332601157381e-07,1.637496394592253e-07,4.811244100149856e-06,-1.4275500062114266e-07,1.3600394852289758e-07,1.7057782941454754e-08,1.5698587711099997e-07,1.6352777317690365e-06,6.94360324309862e-07,-2.5332238527537424e-07,-4.6509751523409254e-08,-1.3958687578915362e-06,7.575439072443814e-07,4.06043752793608e-07,1.441417009351316e-06,7.122704311763047e-07,-2.1769134807867002e-07,5.840502828727535e-06,-4.422676577507353e-08,-2.471346118458647e-07,1.6798640649802639e-07,-8.066698662864448e-09,-6.5046422017863225e-09,-4.93205235080098e-08,1.0720987297925791e-06,-3.0356422545782965e-07,2.0976190200384104e-06,2.5877997982710457e-08,-1.3064447321860336e-07,5.820553745211842e-06,4.920915784738134e-06,movement,movement,no movement,no movement
1733.3333333333355,0.0228770987081108,0.3854526961466648,-0.1304045436333333,0.0331237155913998,0.3985280501554649,-0.1196218363666666,0.03502884977936,0.3999102694382797,-0.10872454745,0.033446535268602,0.3995662955107884,-0.1114279681999999,0.0148418905899525,0.4067380224621527,-0.1310303058666667,0.0162189633564304,0.4052243212156026,-0.1434162985,0.0186333862582449,0.3961686896167384,-0.1242681108,0.0787608368180818,0.3867788872592153,-0.01736750153414,-0.0362704417286431,0.3539317061815154,-0.017866633733,0.0506692380448077,0.3748052313295944,-0.08135997279,0.0179758039287883,0.347734639928652,-0.1097953194866666,0.1408561657027439,0.2444340394556608,0.0705523314699999,-0.082267065361176,0.308536598012084,0.1169326156666666,0.124740137795375,0.1274292203693815,-0.0097852130633333,-0.0671152529601304,0.1323555086562931,-0.0147852319666666,0.0079659632578742,0.1656118974671234,-0.0611269217986666,0.05649493185014,0.1698579817882819,-0.1278841304333333,-0.0352216099934927,0.1866473663643063,-0.062413511642,0.115429358720075,0.1876056464609708,-0.1777223246333333,-0.0404058115293858,0.2046652964230859,-0.054610624644,0.132746448490609,0.2349881130900249,-0.1637184158666666,0.0030655711810832,0.1645191540826222,-0.0560297986226666,0.0713098909298457,0.189830816601574,-0.134190857,0.0734875007778735,-0.1156411048241185,0.0271997613266666,-0.0719828188229939,-0.1063988647767798,-0.0252048201866666,0.0578581740420255,-0.4469211998010449,-0.0400328678833333,-0.0466844072971904,-0.3946282920222938,-0.0664740863233333,0.0687162766192588,-0.7347305980828351,0.10902695705,-0.0684724969952398,-0.7160767508845636,0.0890717677933333,0.0520398046847192,-0.7618123325777293,0.1293531532333333,-0.0683950487420991,-0.7438777113268426,0.0627931910033333,0.0440382330158187,-0.7814133157701735,0.0760781043699999,-0.0677474920786869,-0.7545813161825049,-0.0275826657366666,kalt_g_ch1_g18_compr.mp4,ch1g18,1.677401912913462e-05,0.0001409210230318,2.7548229921385897e-05,8.86979086835802e-05,2.342167769544669e-05,0.0001428034055082,2.6739150534550807e-05,2.444648096399512e-05,2.941827790703638e-05,7.551543397341808e-06,0.0003687172084632,4.407843151457513e-06,2.928133562150448e-05,2.640342896724321e-05,0.0001817985112725,6.2563917096680585e-06,1.0273456892826805e-05,0.000423075170894,1.931608197229721e-06,2.8995226166082132e-05,0.0001604202908435,2.479733039475664e-05,2.9110991294632156e-05,1.4105506386634484e-05,2.4668034832659697e-05,4.093828812221633e-06,1.715999740431707e-05,0.0003678167627925,3.9553101676488733e-05,0.0004108260644123,2.689286690387426e-06,1.231294339438624e-05,0.0001604985573737,0.0004427933190883,2.474354567827572e-05,-0.0002789137725723,-0.0002291044387086,-0.0002334917033911,-0.0002372707118773,-0.0003077964540245,-0.0003128434642841,-0.0003180154843597,0.0002501401497438,-1.7189167203924288e-05,-0.0001449876672918,-0.0001864424996073,0.0004815993674722,0.0005809864353963,0.0024383601741046,0.001471228458968,0.0058874013807921,0.0023554805755198,0.0068669062470927,0.0026856411739024,0.0067479230633447,0.002674028212291,0.0059632299357228,0.0023826873187203,-4.44624019333876e-05,6.550748645637348e-05,-0.0001204220404011,-2.866145119034793e-05,-0.0002486372140322,1.9103735164172014e-05,-0.0002067804349426,4.394428661763431e-05,-0.0001727001784917,4.6070763821574835e-05,-1.7900898792544451e-06,-3.5435032480582076e-06,5.339168522307566e-07,-8.555939641806604e-06,-1.6952742527402277e-06,-2.1390884720924453e-06,5.772932128219216e-07,2.4093943584895476e-07,6.933299053015642e-07,4.854661288800125e-07,-3.292629191946844e-05,-8.037360803558481e-07,1.0068701112847023e-06,6.94560205920394e-07,-3.058125539494402e-06,-1.6131630327569868e-06,-3.4467501370615194e-07,-3.985680879002268e-05,-8.087872305435452e-07,9.800064804923482e-07,3.976596611578013e-07,1.4556304389920257e-06,1.0686633420393854e-06,8.021277299108413e-07,-1.3590487604038718e-06,3.397002823491855e-07,5.022198077436935e-07,-3.14369187663222e-05,-1.5967172618308611e-06,-3.975111874415788e-05,2.195420882287581e-07,-2.108018638405715e-06,-2.219202100113352e-06,-5.0313466857502915e-08,2.9262374630663605e-06,-1.0935598548961445e-07,5.771810178976907e-07,2.611210681420167e-07,2.923663157550868e-06,-1.1736434916958373e-07,1.3316309853577338e-07,3.2538791480588425e-10,1.224187068973255e-07,1.1206421718221208e-06,6.971230999955277e-07,-2.610937769752584e-07,-5.535652879685425e-08,-1.8895142023400756e-06,9.12221015224174e-07,4.822641598154694e-07,1.0685818234954068e-06,7.502600094380299e-07,-2.2912008415116133e-07,3.2918801502080855e-06,-1.017123193616999e-07,-2.589223395528904e-07,1.394845696564719e-07,6.652022038404792e-08,-2.5304515011360034e-08,-9.383166790592269e-09,6.259879741441236e-07,-2.3200445680571198e-07,1.6000934356467708e-06,1.4273072166959954e-08,9.126127994012813e-08,3.5413487013475637e-06,3.585823264229901e-06,movement,movement,no movement,no movement
1750.0000000000025,0.0225724330204292,0.38515199331287,-0.1302522130666666,0.0327484824816326,0.3982795797717174,-0.1195831315666666,0.034659148907392,0.39965681277929,-0.1086873198833333,0.0330608737216929,0.3993104754442805,-0.1113659031333333,0.0144723221578755,0.4064050702322359,-0.1309357664666667,0.0158497674949837,0.4048898550608618,-0.1433540653,0.0182741138765,0.3958285553871198,-0.1241686286666666,0.0786593425940286,0.3870197216144406,-0.01748120490414,-0.0364510919189834,0.3538902910404329,-0.0175775865963333,0.0504815898522872,0.3746432764865496,-0.0811770538333333,0.0177686230936887,0.3475294703905336,-0.10952711152,0.1409496658081571,0.2449089224695807,0.0699368635933333,-0.0819648061111712,0.3090657960847783,0.1172224675666666,0.122945153791266,0.129831632856661,-0.0133226107699999,-0.0668623826185709,0.1334748656087806,-0.0151567326899999,0.0065472953988958,0.171303290402037,-0.0655730854419999,0.0565730686043995,0.1720575149992648,-0.1280599432666666,-0.0364693542124384,0.1933295963436502,-0.0670592025686666,0.1154236613709944,0.1902384458102343,-0.1778871707333333,-0.0412956157037689,0.2112085139618542,-0.0588439794606666,0.1326805872403366,0.2376912311978548,-0.1637804489,0.0018507452517668,0.1702808883090108,-0.0603705737493333,0.0713489938866299,0.192110360322817,-0.134841576,0.0734982870821931,-0.1156879460310664,0.02718366596,-0.072004740434274,-0.1063310273245979,-0.0252379884333333,0.0574603686454205,-0.4470585666757753,-0.0397541206766666,-0.0468058514525893,-0.3946597496613711,-0.0665667992366666,0.0684154602848941,-0.7349875160248431,0.1096233397833333,-0.0684298890564573,-0.7160606388197941,0.08909350362,0.0517425497893648,-0.7620294188662036,0.1299992266,-0.068318080500956,-0.7438373544893323,0.0628215301533333,0.0439766766127209,-0.781572237322762,0.0770387829799999,-0.0678302055267916,-0.7545240057066083,-0.0274772956366666,kalt_g_ch1_g18_compr.mp4,ch1g18,1.512011482821176e-05,0.0001389226317579,2.8089753499884695e-05,7.93480119875363e-05,2.1634208873152715e-05,0.0001426554874762,2.7352953177301985e-05,2.4938687276834396e-05,3.007854424252219e-05,7.98262800186607e-06,0.0003375813577936,3.6739104423775023e-06,3.01674222315074e-05,2.712772951622779e-05,0.0001781057388611,5.203238383774584e-06,1.0122266865646943e-05,0.000384808908741,1.2230265354886546e-06,2.9882273330227913e-05,0.0001641308286801,2.6166544518314685e-05,3.005097074256911e-05,1.491679960692477e-05,2.3138164690617695e-05,4.422075162088273e-06,1.764646305573614e-05,0.0003377563873932,3.7652477506008954e-05,0.0003732566610063,2.9232026342395403e-06,1.0186823985661414e-05,0.0001610209351305,0.000414000768189,2.31704652339278e-05,-0.0003033536157649,-0.0002553940619599,-0.0002609005941381,-0.000263659313405,-0.0003340673004426,-0.000337809724239,-0.0003433629260862,0.0002288907437183,-3.6931546460224425e-05,-0.0001692430639985,-0.0002057699693238,0.000487947663109,0.0005510314994239,0.0024473122685468,0.001319839084012,0.0054454519851205,0.0023201179415671,0.0062864198430699,0.0026877983858236,0.0061530797852235,0.0027344153277056,0.005489842029912,0.0023793979404101,-4.871905855754284e-05,7.025415278981041e-05,-0.0001416131264844,-2.553558648569367e-05,-0.0002533948795056,1.1732756572507757e-05,-0.0002155534576937,3.57897332190619e-05,-0.0001717407044129,3.471763826813791e-05,-1.803847833749481e-06,-1.4527831300768294e-06,4.196365548916702e-07,-7.544631270396397e-06,-1.3886415757388106e-06,-2.2817703127694833e-07,4.722897977546892e-07,3.359561979232474e-07,6.860609435899223e-07,5.761227584362494e-07,-3.2282170719042656e-05,-2.0964073293532766e-07,7.307406550920853e-07,6.115927781563163e-07,-5.323677800184134e-06,-6.650194340163682e-07,1.353319687161365e-07,-3.9241717658150936e-05,-1.3297769281933056e-07,7.251090957280674e-07,2.1447191266261595e-06,1.2893164664673673e-06,7.894350391073901e-07,9.011815149739876e-07,-1.2639877564271286e-06,2.99788922687391e-07,5.2846660953718e-07,-3.118346525565314e-05,-1.7826521505557694e-06,-3.876108264049288e-05,2.2382431319990338e-07,-1.8230926352108608e-06,2.436187024895053e-09,-3.512359884948033e-08,1.296058109320761e-06,-7.260291299496663e-08,8.510977915501987e-07,3.246365414660023e-07,1.0816330538659289e-06,-6.88079648141316e-08,1.0906020208600633e-07,-4.7299852952066534e-08,1.066565589751661e-07,5.871427266595704e-07,6.333462555731643e-07,-2.2003038344739394e-07,-4.357807417479641e-08,-2.2048504083025364e-06,9.35925901539366e-07,5.094397335980016e-07,6.901661157778759e-07,7.09350236010121e-07,-1.950916567212278e-07,8.115857966803023e-07,-1.1415129911551273e-07,-2.2112522512693798e-07,1.225472789144858e-07,1.322102743783007e-07,-4.2063994232309456e-08,4.9963291274033455e-08,1.9394753545336006e-07,-1.4178178558580677e-07,1.0658570636304136e-06,4.953334158099159e-10,2.9216929632445437e-07,1.2828745962069257e-06,2.7024276203106764e-06,movement,movement,no movement,no movement
1766.666666666669,0.022268377319021,0.3848513901387596,-0.1302440705999999,0.0323795441057768,0.3980283188371871,-0.1196821642,0.0342946139581953,0.3994008487569558,-0.1087896655166666,0.032683187224054,0.3990523409906105,-0.1114481205333333,0.0141072457155472,0.4060709932412637,-0.1309777857333333,0.0154857428192952,0.4045549760416604,-0.1434337845333333,0.0179201210136423,0.3954881680404813,-0.1242095522333333,0.0785743748969453,0.3872504995776518,-0.01773951920414,-0.0365977261729738,0.3538477305693857,-0.0174050629396666,0.050294016111257,0.3744756653260812,-0.0811459389666666,0.0175653640808191,0.3473240683043049,-0.1094047573533333,0.1410597078552792,0.24539806029517,0.0692385832566666,-0.0816627542753963,0.3095781631363279,0.1173315299333333,0.1213967940382858,0.132337708613914,-0.0169792239666666,-0.066665464973975,0.1345919540626797,-0.0156623408869999,0.0052742670894042,0.176526542944284,-0.0702887508719999,0.0565229593568175,0.174369923405701,-0.1285773401666666,-0.0376135475870892,0.1992778142491004,-0.0720524718053333,0.1152834786523573,0.1929467392414907,-0.1784465280333333,-0.0421766059570909,0.2170479767438665,-0.063494394924,0.1324939469456165,0.240495146490531,-0.1642687823,0.0007284465272004,0.1755361956787658,-0.0650191336693333,0.071264670421064,0.1945029327764704,-0.132092565,0.0735138780767675,-0.115738701894036,0.0271653028866666,-0.0720310559866286,-0.1062584395575996,-0.0252686104433333,0.0570533617059903,-0.4471928084032805,-0.0395021123633333,-0.0469128798943651,-0.3946857021578748,-0.0665797964033333,0.0681120280151911,-0.7352369994340209,0.1100595148999999,-0.0683837802866154,-0.7160430207923592,0.0890324262333333,0.0514440842133024,-0.7622385369183614,0.1304783419,-0.0682364025926122,-0.7437952116600406,0.0627519114333333,0.0438978579977828,-0.7817264415618235,0.0776029526166666,-0.0678782196225927,-0.7544659390645155,-0.0274721224033333,kalt_g_ch1_g18_compr.mp4,ch1g18,1.346468964689513e-05,0.0001379406634019,2.8388265051883145e-05,7.105491022191097e-05,2.016329883879912e-05,0.0001429528085771,2.772741122113843e-05,2.5364536051035608e-05,3.0654555602101485e-05,8.121924588117125e-06,0.0003048483022677,3.5635506805226713e-06,3.0617557638771166e-05,2.7629687836067715e-05,0.0001713969170914,5.24663463946861e-06,1.0524521231924016e-05,0.0003449741783293,1.2343494762386976e-06,3.0370063761486497e-05,0.0001670757734374,2.7208425608901432e-05,3.056523914731938e-05,1.5960664188453412e-05,2.1642578163845508e-05,4.685725632756468e-06,1.815063377952488e-05,0.0003057175261564,3.557587871310679e-05,0.0003346583318227,3.1581234638325436e-06,8.543789999884867e-06,0.0001617173760077,0.0003832969291216,2.1677749149938355e-05,-0.0003231458370011,-0.0002770737551861,-0.0002825785488435,-0.0002845923853413,-0.0003531663157415,-0.0003551615714519,-0.0003606630561113,0.0002078376033824,-4.993369282651824e-05,-0.0001908169729733,-0.000222169583481,0.0004922623779273,0.0005169745332786,0.0024162919525704,0.0011735548791804,0.0049507705433147,0.0022945787424978,0.0056560326317643,0.0026864797271784,0.0055249058417736,0.0027748926813575,0.0049724953588306,0.0023766192797171,-5.188980646905445e-05,7.374215987933124e-05,-0.0001457236900177,-2.182176676499901e-05,-0.0002353625858167,1.3625439839926832e-05,-0.0002008878075071,3.649005805305126e-05,-0.0001540595554747,3.817940630201367e-05,-1.877538037477706e-06,-9.301872362131648e-07,3.8534967198561147e-07,-6.317692374912764e-06,-1.0787658886489133e-06,-2.7333247607974746e-08,4.576663868423903e-07,4.214156128011462e-07,5.696842364206157e-07,7.280029117548687e-07,-3.199005038871743e-05,2.49245352287123e-07,5.663545270111695e-07,5.765634436316572e-07,-7.677307373905821e-06,2.9555444386233697e-07,6.164815929474704e-07,-3.865933096689659e-05,4.319066401829672e-07,5.758745533923858e-07,1.715766375899395e-06,1.1621836658341204e-06,6.208557418276282e-07,1.0103384594417456e-06,-1.1456908619385543e-06,2.429458359495477e-07,6.543518977865247e-07,-3.116888834891372e-05,-1.9176782054716876e-06,-3.800619208450259e-05,2.110760104218794e-07,-1.332040039498275e-06,1.7554839201136975e-07,-1.2422490935960226e-08,-1.319552013770644e-07,-1.1292360220942524e-08,1.0905865750550306e-06,3.456642738584585e-07,-4.961582749482506e-07,4.983888537346918e-10,7.461428328480108e-08,-1.2337301982698145e-07,1.0453641304290888e-07,2.235317188606715e-07,5.194410926182208e-07,-1.368933792114165e-07,-6.8153488325380374e-09,-2.28816164546996e-06,8.366158258971953e-07,4.841798478493887e-07,4.797470446365288e-07,6.022426514062692e-07,-1.203693364383497e-07,-1.2635038360615554e-06,-8.02652844973519e-08,-1.4067033272966405e-07,1.1379019085672205e-07,1.803143766599022e-07,-5.4819016938049597e-08,1.1419777185518047e-07,-6.40404741709609e-08,-4.764836813845637e-08,7.056103411540363e-07,-1.4002709795218578e-08,4.342884454122511e-07,-6.606226005631162e-07,2.5390108607472637e-06,movement,movement,no movement,no movement
1783.3333333333358,0.0219480398102396,0.384542439066073,-0.1303672232333333,0.0320033023126097,0.3977651285190091,-0.1199337899333333,0.0339224612801711,0.3991338728570426,-0.1090375679499999,0.0322982962813884,0.3987829257241867,-0.1116787251999999,0.013735444203217,0.4057315708816993,-0.1311409783,0.0151150729207848,0.4042140808950911,-0.1436282427,0.0175586221973925,0.3951420493463454,-0.1243687934666666,0.0785018704940123,0.3874567907185026,-0.0181834341074733,-0.0367231021351495,0.3538030825530729,-0.017313156303,0.0500943557631429,0.3742924024728498,-0.0812662179133333,0.0173507691915613,0.3471104290731253,-0.10939524122,0.1411991083183807,0.2458908017937126,0.0683829695099999,-0.0813628546641546,0.3100575506883582,0.1174069176333333,0.1200403254377963,0.1347866732146391,-0.0203498891066666,-0.0664640428523119,0.1356637729476303,-0.0161555619639999,0.0040088755781099,0.1813113730278421,-0.0738535354466666,0.0564386463163712,0.1766719156367193,-0.1290406793666666,-0.0387986617456693,0.2046763337530316,-0.0757488318766666,0.1150913320207398,0.1956322630225775,-0.1789239656999999,-0.0431061295504207,0.222341831762929,-0.0670553612633333,0.1322496726724985,0.2432699185312919,-0.1646394854666666,-0.0003937256675199,0.1803487160264686,-0.0685520587433333,0.0711386154115057,0.1968935007567124,-0.130319789,0.0735312447972466,-0.1157918489933294,0.0271154856366666,-0.0720587575145734,-0.1061828457235615,-0.0252640083433333,0.0566444639529619,-0.4473197850857703,-0.0393081140199999,-0.0470195841382777,-0.3947037275558809,-0.0665135150466666,0.0678309299531697,-0.7354618498886887,0.1101351608933333,-0.0683273266265609,-0.7160209891281237,0.0888449219433333,0.0511669216179965,-0.7624292412315006,0.1305768219666666,-0.0681431089406617,-0.7437513666539566,0.0625311705966666,0.0437763357017599,-0.7818761863020512,0.0776489804433333,-0.0679221184236737,-0.7544196800115853,-0.0276319897566666,kalt_g_ch1_g18_compr.mp4,ch1g18,1.1952925931652511e-05,0.0001373766733361,2.8930067731385393e-05,6.41072231648861e-05,1.9402757330296306e-05,0.0001430691129275,2.8347236464311736e-05,2.5863223780044987e-05,3.120129741754422e-05,8.595456913583058e-06,0.0002733904848415,4.25470575620482e-06,3.117105703125657e-05,2.8364669133666127e-05,0.0001621838870234,6.4098060203362605e-06,1.1497130168141924e-05,0.0003071303663008,2.160233313616552e-06,3.096558633033905e-05,0.0001683883594235,2.835247232979036e-05,3.11833472724497e-05,1.7331866541611416e-05,2.064904583084449e-05,4.884253587288687e-06,1.903800331506487e-05,0.0002746553058028,3.3666179408565247e-05,0.0002980455903333,3.379404961923686e-06,7.833808777408504e-06,0.0001617584631344,0.0003531589396497,2.0761736480689056e-05,-0.000334428216305,-0.0002888909015684,-0.0002936421083925,-0.0002951801763935,-0.0003598415772066,-0.0003600919549717,-0.0003652393230261,0.0001923665401845,-5.0360355239924864e-05,-0.0002053038798488,-0.0002313251080893,0.0004968146381534,0.0004886297805333,0.002342409044673,0.0010574367753525,0.0044456060291605,0.0022792005211314,0.0050293097991869,0.0026791334897125,0.0049093151873127,0.0027879667590575,0.0044533968360767,0.0023724144074657,-5.421100380614794e-05,7.616900890630081e-05,-0.000136037812227,-1.8073987929989543e-05,-0.0002020632535299,2.171612065995319e-05,-0.0001710065371858,4.34295131700143e-05,-0.0001263016234175,5.198123682667008e-05,-1.972210174615891e-06,-1.6179831803017254e-06,4.051425382441766e-07,-4.9641065140957005e-06,-7.536400435040314e-07,-1.1470892800694087e-06,5.004537286220009e-07,4.955542051074584e-07,3.5722818410330346e-07,9.058247806927572e-07,-3.221209062417443e-05,5.787525503459943e-07,4.962581962041723e-07,5.750471168183209e-07,-9.930799742842298e-06,1.152925710315018e-06,1.055390596319072e-06,-3.8501683630034746e-05,8.691558370042505e-07,5.168972380677255e-07,-3.784435633304537e-07,1.0844865720673516e-06,5.471945758598062e-07,1.1109612963335027e-06,-9.702222184003975e-07,1.79797553172174e-07,8.224586903252095e-07,-3.158773988752846e-05,-1.9540467514761915e-06,-3.7671689478442946e-05,1.875189340715641e-07,-7.701602187250982e-07,-1.2815289027118289e-06,3.762823720021248e-08,-1.2787597334629883e-06,5.93480069186858e-08,1.2202849767191777e-06,3.100728727825531e-07,-1.7149171674636815e-06,7.457234474835999e-08,2.5243123052741952e-08,-2.2002697253062566e-07,8.179067448895963e-08,5.2983328908956254e-08,3.680561867952293e-07,-3.60963927563806e-08,4.4583059397684125e-08,-2.145494307874357e-06,6.312567475026002e-07,4.00337083244423e-07,4.381719543549506e-07,4.399091489296946e-07,-2.7561379813806696e-08,-2.781702165790929e-06,-1.53400973613038e-08,-4.1744388458335554e-08,1.1485374392361861e-07,1.9033456500724128e-07,-6.276645255827496e-08,1.6659692701263389e-07,-1.4769632963473693e-07,3.3605463853907084e-08,5.603150173909549e-07,-2.7585944064919277e-08,4.945899749379658e-07,-2.1490833109303837e-06,2.7837532058790155e-06,movement,movement,no movement,no movement
1800.0000000000025,0.0215987022489642,0.3842263629496588,-0.130694189,0.031617963878056,0.3974922599051852,-0.1203873887333333,0.0335409353182162,0.3988571822744191,-0.1094837876833333,0.0319050859234419,0.3985047813310361,-0.1121098803666666,0.0133495485821171,0.4053940784962828,-0.1314764114,0.0147298871446967,0.403875606112014,-0.1439920044,0.0171816056039242,0.3947990644516468,-0.1246987002,0.0784544882538802,0.387645137914229,-0.0187942928074733,-0.0368398318168581,0.3537557256246427,-0.017274631463,0.0498843516103238,0.3740939182019027,-0.0815902888633333,0.0171221939196981,0.3468886903096349,-0.1095527978866666,0.1413740386930829,0.2463790948873623,0.0674016534166666,-0.0810664185122544,0.3105271476252262,0.1174860919666666,0.1188569917452593,0.1371303265908981,-0.0235507989766666,-0.0663390200569862,0.136757789613984,-0.0166162077373333,0.0028070824050153,0.1856823995672821,-0.0769514729999999,0.0563287245084592,0.1789326532703118,-0.1295565123666666,-0.0399463839065183,0.2095858142948419,-0.0789243968,0.114893818681945,0.1982355394311258,-0.1794782466666666,-0.0440221390888464,0.2271353213574078,-0.0701126295566666,0.1320235028881614,0.2459449627581789,-0.1650870021,-0.0014677077804414,0.1847300057882609,-0.0716055519466666,0.071005682524853,0.1992275770629011,-0.12898691,0.0735503358346268,-0.1158478778472779,0.0270290422033333,-0.0720880540327323,-0.1061039969638911,-0.02521769094,0.0562185721535928,-0.4474441982451575,-0.0391478339033333,-0.04714855228932,-0.3947190858165614,-0.06632252078,0.0675466941159395,-0.7356456411107606,0.1101199751199999,-0.0682850702728129,-0.7159985255964093,0.08864867862,0.0508863209759053,-0.7625823523458167,0.1305908904,-0.0680638207839645,-0.7437071481695564,0.0622898092866666,0.0436119334079597,-0.7819794220306517,0.0775256175766666,-0.0680016195097225,-0.7543703646575605,-0.0278371056066666,kalt_g_ch1_g18_compr.mp4,ch1g18,9.825897521568684e-06,0.0001341878180344,2.911986174661399e-05,5.917963654006977e-05,1.9115764951188617e-05,0.0001399447545143,2.8623068705975832e-05,2.6455733628383303e-05,3.1555499019276644e-05,9.539068691454534e-06,0.0002409082551721,5.335810582692716e-06,3.137235467266842e-05,2.8676497986808855e-05,0.0001503072519521,8.06312719246685e-06,1.2879863153324348e-05,0.0002687695890964,3.618760959703934e-06,3.122459164294785e-05,0.0001650185387316,2.900623611033016e-05,3.142981070154637e-05,1.8231446606752687e-05,1.999789125334462e-05,5.01029165632775e-06,1.97462296621454e-05,0.0002425750824472,3.165212114321261e-05,0.0002605731475999,3.5592689534199093e-06,7.49699566301696e-06,0.0001581061669906,0.0003208481580179,2.0322674171084734e-05,-0.0003471908252826,-0.0003028012092915,-0.0003061881456613,-0.0003076574428506,-0.0003667185872967,-0.0003656568018975,-0.0003700015012791,0.0001706333031378,-5.285006242555803e-05,-0.0002216145583774,-0.0002431902864843,0.0004993642635674,0.0004609433314397,0.0022168628547023,0.0009756400504869,0.0039058881739303,0.0022201230227026,0.0043747792044699,0.0026119931063626,0.004266604950446,0.0027220445319612,0.0039023079874879,0.0023134921156942,-5.580874043410116e-05,7.761087030045934e-05,-0.0001195941274038,-1.4156710645858982e-05,-0.0001648817946051,2.926643101761212e-05,-0.0001376837946677,4.902340020446531e-05,-0.0001015013607501,5.514504912739224e-05,-2.028007443528953e-06,-3.2615583761663768e-06,4.847240519811271e-07,-3.7143942248102495e-06,-4.748027590577966e-07,-3.255939943872172e-06,5.968685525331699e-07,4.990168932959411e-07,5.5801917080019264e-08,1.0451361686825754e-06,-3.258842999735152e-05,8.415653664266967e-07,5.236961218616367e-07,6.245222974633939e-07,-1.194507285595775e-05,1.7389410657847927e-06,1.4163918302525648e-06,-3.847438719070407e-05,1.220014316249423e-06,5.522507524824963e-07,-3.637895958756187e-06,1.096547852321134e-06,5.710489731895562e-07,1.2251418740778813e-06,-7.851478549426627e-07,1.114392915265938e-07,1.0111397582945688e-06,-3.2106398560341686e-05,-1.897732572744306e-06,-3.753984077540838e-05,1.5205970947948206e-07,-2.408873336986353e-07,-3.942472540461724e-06,1.530895663066491e-07,-2.0272963586106423e-06,1.5204276124382766e-07,1.174463255606657e-06,2.2563798993404442e-07,-2.4566807043199244e-06,1.6597580128752687e-07,-4.078065570143219e-08,-3.1821941004618185e-07,2.2640584328531298e-08,2.2499613411312717e-07,2.0482933142064418e-07,8.313913666103358e-08,1.2744360958773808e-07,-1.7863021452213875e-06,3.687185519257693e-07,2.6181789603062664e-07,7.235413446427674e-07,2.487477474974374e-07,8.413254105978384e-08,-3.606995031182146e-06,8.70457482679065e-08,7.688595199062696e-08,1.4967280856423658e-07,1.6094215658624468e-07,-6.60708832229249e-08,2.1884024141586474e-07,7.359575349959247e-08,1.0289406870543853e-07,8.044863887572147e-07,-3.867085053746706e-08,4.934012251742271e-07,-3.043155528448491e-06,2.947131852049016e-06,movement,movement,no movement,no movement
1816.6666666666692,0.0212499394865297,0.3838832562339346,-0.1312365450666666,0.0312405508566764,0.3971889405468525,-0.1210590429333333,0.0331669008158706,0.3985508505926475,-0.1101475536833333,0.031521258340319,0.3981966734509385,-0.1127593365333333,0.0129674098895981,0.4050350100148018,-0.1320454877333333,0.0143480962100679,0.4035165503169056,-0.1445876952,0.0168074303173455,0.3944360617083901,-0.1252617075333333,0.0784172391317759,0.3878062077633527,-0.0195444297428066,-0.0369513350686983,0.3537137330678233,-0.0174592523796666,0.0496742862577002,0.3738690709320983,-0.0821026667833333,0.0168933971750873,0.3466500342682822,-0.10991981672,0.1415487341575679,0.2468791069778906,0.0664022049666666,-0.0808220787636526,0.3109958064871162,0.1174614178666666,0.1178184136513306,0.1392584574200785,-0.0263320977333333,-0.0662973982580789,0.1377883111977984,-0.0170216605116666,0.0018525424919813,0.1891726461048124,-0.0796904990999999,0.0560698973761913,0.1811159185970826,-0.1300620722333333,-0.0408118166832992,0.2134679608499265,-0.0817517927933333,0.1145387537330189,0.2007801749667077,-0.1800544591666666,-0.0447225472256294,0.2309266598925016,-0.07286518292,0.1316124978039036,0.2485905417965405,-0.1656028202,-0.0023177103008467,0.1882092100327667,-0.07432481599,0.0707114345970587,0.2014988780922227,-0.12830919,0.0735711149000436,-0.1159039357262137,0.0269229034666666,-0.0721187916962781,-0.1060264093052978,-0.0251461647466666,0.0557992569379309,-0.4475557162376073,-0.0389565203766666,-0.047305071090711,-0.3947315356599719,-0.0659680607733333,0.0672747682641512,-0.7357658953427988,0.1101184782999999,-0.0682799212430879,-0.7159618958187688,0.0886010897433333,0.0506137179266091,-0.762679558782947,0.1306158483666666,-0.0680289022546689,-0.7436514323016903,0.0621964188666666,0.043415881263267,-0.7820581709368918,0.0774510622233333,-0.0681585231195815,-0.7543213277402198,-0.0279195178433333,kalt_g_ch1_g18_compr.mp4,ch1g18,7.495267367198502e-06,0.000129367840858,2.9381151352464133e-05,5.68837188854521e-05,1.869611754195681e-05,0.0001346348757302,2.8994909221869032e-05,2.6672693393736215e-05,3.1398645167753e-05,1.073589199065888e-05,0.0002066122525537,6.1818746444313845e-06,3.166886585402972e-05,2.9004057113189387e-05,0.000136501892479,9.55555935373672e-06,1.3942003642334116e-05,0.0002291830758852,4.930472765846882e-06,3.1542908933162484e-05,0.0001579781179392,2.9767579364833593e-05,3.177729395806286e-05,1.910267069986108e-05,1.9263420093517574e-05,5.073890555788422e-06,2.057978978469828e-05,0.0002090947376102,2.9681618320649875e-05,0.0002210286711703,3.68588667660312e-06,7.4804088921411725e-06,0.0001517660343643,0.000286923633863,1.9884388735741776e-05,-0.000367547864244,-0.000323608497064,-0.0003262521301332,-0.0003276438072371,-0.0003818210399808,-0.0003798528445171,-0.0003833152823623,0.0001394034390831,-6.506590139830767e-05,-0.0002443108986978,-0.0002636298480557,0.0004942311599004,0.0004347420161442,0.0020472400663821,0.0009326375152431,0.0033377369753936,0.002130965392872,0.0036965734009086,0.0024969235818273,0.003589317308725,0.0025927147673403,0.0033179232032931,0.0022148107302972,-5.6568958708133407e-05,7.799561015291717e-05,-0.0001083036906972,-1.2036830869755463e-05,-0.0001419609342743,2.9661155366316525e-05,-0.0001195634005036,4.686156556830974e-05,-9.571667337909782e-05,4.163812558608847e-05,-1.92903906882533e-06,-5.541057755210078e-06,6.362263980335656e-07,-2.5747040954910235e-06,-2.498555955560025e-07,-5.990999940491431e-06,7.45259472518718e-07,4.4935155756480154e-07,-2.9778197479381034e-07,1.1013011413937523e-06,-3.226342235388174e-05,1.0450436587158575e-06,6.319032675444273e-07,7.487887147145474e-07,-1.3458254239056786e-05,1.950501898452479e-06,1.6449106870222071e-06,-3.760635017437328e-05,1.4577914737712664e-06,6.681178330885887e-07,-7.5948685100486445e-06,1.2059373529124196e-06,6.762685136939265e-07,1.3541788652748867e-06,-5.868972672053678e-07,4.7732742495286335e-08,1.1996488592817793e-06,-3.189181760872124e-05,-1.7337552021469398e-06,-3.66465632074207e-05,1.1045781790156307e-07,1.915061809446874e-07,-7.351514437073197e-06,3.210776134846798e-07,-2.4079252883991292e-06,2.4496006725321597e-07,9.219649263932364e-07,1.2250414646453465e-07,-2.763738527235229e-06,2.5333705098676804e-07,-1.0886534994756052e-07,-3.921935467810808e-07,-7.04458446316331e-08,7.059030468528173e-07,5.5651942316920404e-08,1.932968081585093e-07,2.194399614406629e-07,-1.2853129123166174e-06,1.01347675748945e-07,9.77086843473168e-08,1.2947728409265003e-06,6.167173666996815e-08,1.888460860363618e-07,-3.7922412498969942e-06,1.9162962053271038e-07,1.869602608332797e-07,1.9888086026741562e-07,1.0981916355641446e-07,-6.569058708313488e-08,2.5831394364323084e-07,5.587769168276719e-07,1.5126565721146837e-07,1.3998714376820898e-06,-4.6301545648022514e-08,4.484226374596048e-07,-3.376150096668089e-06,2.934686430499616e-06,movement,movement,no movement,no movement
1833.333333333336,0.0209151289684323,0.3835334072950651,-0.1320784584333333,0.0308912435091386,0.3968798724304355,-0.1220357340666666,0.0328195049861974,0.3982389776997242,-0.1111123497433333,0.0311670033233915,0.3978833862928756,-0.11371251065,0.0126069704544657,0.4046782828325787,-0.1329422614666666,0.0139880320155431,0.403159565266908,-0.1455098511,0.0164527451103005,0.3940748165054681,-0.1261517159,0.0783843840436378,0.3879546837866987,-0.020562336099,-0.0370578823014987,0.3536804427256348,-0.0180265523766666,0.0494682629559004,0.3736395300494587,-0.0829008872166666,0.0166702073161658,0.3464091853423067,-0.1106049346,0.141722269668257,0.247389150140769,0.0652347763466666,-0.0806187990359005,0.3114470007523662,0.1171455594333333,0.1168687418158264,0.1412168240680414,-0.02901808469,-0.0663029498757719,0.1387319535029678,-0.0175495501726666,0.0009505031724655,0.19232358337197,-0.0822758807333333,0.0557098916159479,0.1832870939434682,-0.1305149639666666,-0.0416348807390429,0.2169946916433797,-0.08436747993,0.1140654847282557,0.2033474227140444,-0.1805245590333333,-0.0453922334188217,0.2343500639764228,-0.0753309721266666,0.1310501063150307,0.2512652917951291,-0.1660141747666666,-0.0031210343318953,0.1913493722434806,-0.0768550316733333,0.0702943724572841,0.20376755625382,-0.128005698,0.0735909921581144,-0.1159597087326528,0.0268011411133333,-0.0721481593987884,-0.1059497792149045,-0.0250564600066666,0.0553739041528081,-0.4476464261903455,-0.0387812342899999,-0.0475123595476534,-0.3947299126004949,-0.06551200403,0.0670139201051443,-0.7358769474428121,0.1099271384466666,-0.0682878248054448,-0.7159277777305789,0.0885039997366666,0.0503541091200431,-0.7627740400916974,0.1304130673999999,-0.0680047782811433,-0.7436033650956376,0.0620401716233333,0.0431992231823326,-0.7821426115125396,0.07719583886,-0.0683337422180767,-0.7542809534921225,-0.02801494339,kalt_g_ch1_g18_compr.mp4,ch1g18,5.166033077040707e-06,0.0001231553272325,2.9968535641297178e-05,5.6625109618385225e-05,1.8615532135765665e-05,0.0001274321065894,2.9687941863057523e-05,2.6859854963198184e-05,3.083998605449448e-05,1.2170845751743193e-05,0.000173376425654,6.88390475560347e-06,3.232508711727564e-05,2.9665369161746383e-05,0.0001220686648189,1.1380547226252176e-05,1.5732977338750956e-05,0.0001909611681699,6.127002018348903e-06,3.220209734836486e-05,0.0001477912647814,3.0990643862380126e-05,3.245763959761977e-05,2.033095462037288e-05,1.8879996717296263e-05,5.078174147971152e-06,2.183759671441644e-05,0.0001766227940882,2.810053853151535e-05,0.0001829942496911,3.728515846708923e-06,7.829084312436335e-06,0.0001427758703023,0.0002539094484009,1.9849292928917375e-05,-0.000396743465934,-0.000353693488546,-0.0003557352702543,-0.0003569416684302,-0.0004045363344405,-0.000401699970245,-0.0004039859858641,9.957328504713496e-05,-7.887849452747225e-05,-0.0002739523599883,-0.0002896326558476,0.0004839013006208,0.0004191673196393,0.001849437926702,0.0009233994301705,0.0027851306555242,0.0020221538803106,0.0030430906131296,0.0023428156371462,0.0029356524750269,0.0024150396032921,0.0027496015546426,0.0020884348491719,-5.6884081687078135e-05,7.761601486893124e-05,-0.0001026797442146,-1.235389743742311e-05,-0.0001249503900835,2.9992121424399632e-05,-0.0001073002502837,4.494592521735471e-05,-9.521259481642618e-05,2.689344830013485e-05,-1.5847707396083938e-06,-8.154722726991918e-06,9.399903829104588e-07,-1.678318319953244e-06,-1.1252948972114018e-07,-8.967431098165626e-06,1.0374726986962216e-06,3.209502987395789e-07,-6.662492785952445e-07,9.99801764647404e-07,-3.144177124301212e-05,1.1756848887014634e-06,8.869293721066777e-07,1.036505514289701e-06,-1.4473300883639967e-05,1.868210714180393e-06,1.712697361675686e-06,-3.623755511833688e-05,1.565814753759046e-06,9.185938432403994e-07,-1.1628509105194745e-05,1.4907277778059566e-06,9.283593847290506e-07,1.5805165231342791e-06,-4.292115898302144e-07,-1.0065603165815684e-08,1.4486469657876036e-06,-3.119564200192351e-05,-1.5074800683985094e-06,-3.5181670956403644e-05,6.443585174334413e-08,5.298844187793599e-07,-1.0986969773617448e-05,5.151236152525677e-07,-2.434668457871466e-06,3.130492010723699e-07,5.165027332246214e-07,-1.1444067419713707e-09,-2.6689023513722804e-06,3.139526037749671e-07,-1.8394946322182217e-07,-4.3189200802810674e-07,-1.8802443297880837e-07,1.372029554832422e-06,-7.21157816178264e-08,2.6800784894236985e-07,2.9167803786397705e-07,-7.278221331060967e-07,-1.5631256468466897e-07,-1.1159222600366233e-07,2.041461930785954e-06,-1.0626486656271135e-07,2.5969176938491933e-07,-3.4190755909568425e-06,2.630187462812597e-07,2.627469478009171e-07,2.3365326295768605e-07,3.0727977642846694e-08,-6.255311566420435e-08,2.6652495266290386e-07,1.2079288280650488e-06,1.6393135145467057e-07,2.18378596317811e-06,-4.936983686911238e-08,3.7463108880838626e-07,-3.1838062569528864e-06,2.860629770573682e-06,movement,movement,no movement,no movement
1850.0000000000027,0.0205904148283091,0.3830971750138653,-0.1326453703666666,0.0305629754807856,0.3964869583789108,-0.1227150856999999,0.0324932590355882,0.3978439216948507,-0.1117866590833333,0.0308364777815748,0.3974874776204445,-0.1143753667,0.0122580707933314,0.4042425283074314,-0.1335367137333333,0.0136385789233473,0.4027274001624501,-0.1461270750666667,0.0161079877064092,0.3936412782736898,-0.1267438152666666,0.0783777909198732,0.38801849287023,-0.0212798618416666,-0.0371632985468358,0.3535951098043394,-0.01827102682,0.0492722023076224,0.3733316041046837,-0.08341912129,0.0164505417713635,0.3460915747586995,-0.1110038369333333,0.1419009548111409,0.2478725012287778,0.0642681285833333,-0.0804415855016219,0.3118697643788898,0.1170562783666666,0.1160618209462759,0.1429338018760585,-0.03119625957,-0.0665007653864453,0.139659027378981,-0.0178488568533333,5.820693906836707e-05,0.1948127553339493,-0.0842807912433333,0.0552544814036776,0.1851989080798777,-0.1308893116999999,-0.0424987063647396,0.2197003582258325,-0.0864281297166666,0.1135461468865298,0.2055603430737406,-0.1809591558666666,-0.0461616185338686,0.2369495603502062,-0.0772578976566666,0.1304896045117836,0.2535454650311664,-0.1663919574333333,-0.0039518389380701,0.193792563562673,-0.07880074459,0.0698135757836686,0.2057324610282645,-0.12787275,0.0736172220880701,-0.1160163735876353,0.0266757316966666,-0.0721838704786906,-0.1058731635471652,-0.0249608873133333,0.0549409625122986,-0.4477449097842457,-0.0386182926999999,-0.047742109458187,-0.3947388291829741,-0.0650999483033333,0.0667172013868537,-0.7359862752312325,0.1097273488933333,-0.0683827676274442,-0.7158898111861419,0.0884156214466666,0.0500496407797688,-0.762867209953315,0.1301922098333333,-0.0680809156099999,-0.7435505425965618,0.0619009390233333,0.0429253210644065,-0.7822255905278259,0.0768200519366666,-0.0685441717147127,-0.7542377950364287,-0.02812484566,kalt_g_ch1_g18_compr.mp4,ch1g18,3.736699076117016e-06,0.0001147373574473,3.122880793057109e-05,5.704814183132545e-05,1.8594945132934273e-05,0.000117883280884,3.105545627146855e-05,2.7210542086627416e-05,2.9988291712265625e-05,1.3515683488730924e-05,0.0001438222059821,7.838849516114769e-06,3.359506611801452e-05,3.102238601903141e-05,0.0001082861552933,1.34516544702157e-05,1.7455218195786934e-05,0.0001568010821739,7.505788258599897e-06,3.345987879126647e-05,0.0001348847340641,3.28665884188987e-05,3.376750469043136e-05,2.2192120137103777e-05,1.8553487311531344e-05,5.059826023613186e-06,2.3621321591518623e-05,0.0001474093419994,2.6798379283796116e-05,0.0001499129914158,3.758722476220844e-06,8.752185321163241e-06,0.0001306670316326,0.000223326123007,2.0014213669342363e-05,-0.0004341875028632,-0.0003903353864082,-0.0003918771077987,-0.0003926665607766,-0.0004342235740002,-0.0004303386932599,-0.0004314481966789,5.83692657834828e-05,-9.239440023672786e-05,-0.0003084821078219,-0.000320959841971,0.0004704691128082,0.0004093494128914,0.0016527325682811,0.0009279940724765,0.0022971468967098,0.0018770231755142,0.0024691922079781,0.0021372623238636,0.0023732727561493,0.0021926956096418,0.0022523036988391,0.0019245049014716,-5.713939715477474e-05,7.69251361800506e-05,-9.709786165080208e-05,-1.0793883379636723e-05,-0.0001052025336977,3.833983533763006e-05,-9.08992306826132e-05,5.2141700607949274e-05,-8.554369736946589e-05,2.328400718499943e-05,-9.573319082917688e-07,-1.0545670974531204e-05,1.2990573527747563e-06,-1.2759608215577945e-06,-1.6861363173260712e-07,-1.151440089581011e-05,1.4015259658499034e-06,9.492339421630084e-08,-1.0828196071287648e-06,7.397962432371651e-07,-2.959982086686692e-05,1.1253184033499963e-06,1.2173591879586211e-06,1.3850503511698637e-06,-1.487789235288721e-05,1.4975198844632266e-06,1.5232534894693357e-06,-3.371655421931865e-05,1.419000955387778e-06,1.2290848314124692e-06,-1.4787702612474343e-05,1.845914818502078e-06,1.2512667120960264e-06,1.849470252309297e-06,-4.196287228096357e-07,-6.630396350712035e-08,1.748034495336851e-06,-2.9531948668132852e-05,-1.300877109615744e-06,-3.253094706282603e-05,1.2775835385502024e-08,8.101203234510791e-07,-1.3998777032098692e-05,6.769156625131598e-07,-2.118198479838955e-06,3.30317289928915e-07,5.7855168731485e-08,-1.210995450907436e-07,-2.2145363598051336e-06,3.233645174507014e-07,-2.654748748842874e-07,-4.317891113583283e-07,-3.0393209508183913e-07,2.065999473134685e-06,-1.887836681950499e-07,2.863576013939589e-07,3.1491492309285453e-07,-1.867166452914204e-07,-3.7567087846542e-07,-3.2358924384273114e-07,2.80062638405936e-06,-2.556254261637031e-07,2.754267599217254e-07,-2.609359885635486e-06,2.7593705762612065e-07,2.8174720794311425e-07,2.2987687541967585e-07,-5.5631922801234306e-08,-5.8557972775851314e-08,2.349746702844079e-07,1.891815824898634e-06,1.458863387989031e-07,2.9425820078140165e-06,-5.030730885094741e-08,2.826101807985971e-07,-2.5292347743453853e-06,2.846742391138824e-06,movement,movement,no movement,no movement
1866.6666666666697,0.0202751699745163,0.3825856187223789,-0.1330581421999999,0.030245538604937,0.3960231086342358,-0.1232398541999999,0.0321787391549084,0.3973786845705915,-0.1123091707666666,0.0305198179354319,0.3970217105614537,-0.1148850248999999,0.0119165932679463,0.4037350138730229,-0.133977354,0.0132958364896464,0.4022265884057996,-0.1465893319333333,0.0157700341713487,0.3931412100234033,-0.1271834186666666,0.0783768008228052,0.3880173443819423,-0.0218694650899999,-0.0372696062168641,0.3534559033259605,-0.0183813816233333,0.0490861040182662,0.3729579913074488,-0.0837868722633333,0.0162361165955148,0.3457021109493329,-0.1112531318666666,0.1420762727837208,0.2483239991972948,0.06334596662,-0.08028408710525,0.3122501937658308,0.1170864266333333,0.1153729688820294,0.1444001080288984,-0.032909110828,-0.0667279732318934,0.1405044470898071,-0.0176800032966666,-0.0007795597673829,0.1967011670674504,-0.0858409670366666,0.0548167440170714,0.1869030555860089,-0.1309605866666666,-0.0433291961896307,0.2217077301548262,-0.0880596466666667,0.1130740318904844,0.207523672243173,-0.1811702213666666,-0.0469431509621504,0.2388670916083902,-0.0787624484066666,0.1299683311754798,0.255573326248125,-0.1666339761333333,-0.0047569615567693,0.1956224032162576,-0.0802995516866666,0.069354222883005,0.2074801956727051,-0.127807215,0.0736450675718413,-0.1160733805370248,0.0265394019066666,-0.072220835245573,-0.1057970410488904,-0.0248512739966666,0.0544991694303828,-0.4478430580120283,-0.0384832159099999,-0.0479892743398803,-0.3947539461902509,-0.0646991273066666,0.0664115666646675,-0.7360966170270827,0.1094511079433333,-0.0685407752303949,-0.7158521267940628,0.0883833723299999,0.0497344681533701,-0.7629632178201806,0.1298793313666666,-0.0682313201053001,-0.7434986850580194,0.0618299226966666,0.0426266962823302,-0.7823135036131352,0.0762965794833333,-0.0687955364465959,-0.7542031094586594,-0.0281841922666666,kalt_g_ch1_g18_compr.mp4,ch1g18,3.0803536929508503e-06,0.0001033093503229,3.2861147051818194e-05,5.654032254034184e-05,1.8297293204326213e-05,0.0001055224847756,3.2783919400946435e-05,2.729074304063084e-05,2.8723366916191728e-05,1.435862202340951e-05,0.0001157561488843,8.928918527379572e-06,3.5174082195722877e-05,3.275346891434992e-05,9.435459221332814e-05,1.5076328708974756e-05,1.901010144711532e-05,0.0001250012313329,8.843442695761522e-06,3.504376473643011e-05,0.0001193951419531,3.512162274199104e-05,3.5378508791162365e-05,2.432420530389697e-05,1.804487998738741e-05,4.984398008098416e-06,2.5636878006757912e-05,0.0001193189127907,2.5799286463519628e-05,0.000119609522439,3.752395917591641e-06,9.711351342822771e-06,0.0001157356912386,0.0001923783302724,2.0095376893017768e-05,-0.0004844821546216,-0.0004382176298538,-0.000439714266018,-0.0004398219014185,-0.0004752946394063,-0.000470476254038,-0.0004707128539882,1.209694319689691e-05,-0.0001103819640472,-0.0003517570623101,-0.0003609523323486,0.00045176856679,0.0004033403581289,0.0014464127665962,0.0009156129688415,0.0018395500107493,0.0016780421080822,0.0019476346255078,0.0018790645132216,0.0018678151836246,0.0019233433820939,0.0017908845975494,0.0017091973147512,-5.686806696068842e-05,7.546351352987735e-05,-9.29366638009433e-05,-9.063221592133988e-06,-9.338947052139327e-05,4.841681189728861e-05,-8.165008414735447e-05,6.208295802055002e-05,-7.84914936539817e-05,2.66502983789238e-05,-8.567795250683105e-08,-1.247776669716164e-05,1.6378326956005194e-06,-1.3794148085525975e-06,-3.838507427448555e-07,-1.3424991157772612e-05,1.7344295223498174e-06,-2.1192931223650357e-07,-1.504219018692305e-06,3.493006664130307e-07,-2.6862622422406474e-05,8.424244583393882e-07,1.5160867091741798e-06,1.7161510084619069e-06,-1.4656931203850324e-05,9.331071225755437e-07,1.0929578718677155e-06,-3.0233333921171557e-05,1.0329066091141127e-06,1.5123140638282286e-06,-1.686500287975848e-05,2.1476629453610744e-06,1.541507305475722e-06,2.077864978022868e-06,-5.459026343687069e-07,-1.2062134209335608e-07,1.969709245716708e-06,-2.6997196140209952e-05,-1.1329101679115992e-06,-2.889656507468011e-05,-3.8975443299068086e-08,1.0133466434678809e-06,-1.6128459510969584e-05,7.805224281862793e-07,-1.4846654441899566e-06,3.052304260312385e-07,-3.31632850894315e-07,-2.1389670031075198e-07,-1.4578567459742954e-06,2.918223923007155e-07,-3.3039149299956833e-07,-3.862940546670609e-07,-3.8522981904904315e-07,2.7433621593082822e-06,-2.888799238010898e-07,2.6085902943531177e-07,2.9547960571388217e-07,3.249520505424069e-07,-5.198928961623158e-07,-5.12020104142892e-07,3.5081120320305698e-06,-3.725816747445602e-07,2.474086521307311e-07,-1.497918071665143e-06,2.3608278187328002e-07,2.5729340657007924e-07,1.9550086418584245e-07,-1.3089369548629364e-07,-5.299199185093785e-08,1.7857484092571865e-07,2.5786654830698703e-06,1.0510132304039557e-07,3.61241358484989e-06,-4.86428647385822e-08,2.0567340800093646e-07,-1.5342038977429336e-06,3.0115313941069477e-06,movement,movement,no movement,no movement
1883.333333333336,0.0199636382282376,0.3820521225438044,-0.133392863,0.0299324960576546,0.3955411251265771,-0.1236852156666666,0.0318689479842585,0.3968955272549808,-0.1127526613666666,0.0302087401569301,0.3965384899466828,-0.1153164939666666,0.0115791462747957,0.4032113446701347,-0.1343448082,0.0129566839676347,0.4017095681095585,-0.1469770462333333,0.0154353610827617,0.3926249506441131,-0.1275503406333333,0.0783625373934261,0.3880041430965498,-0.02237895445,-0.037387586222868,0.3533117728894998,-0.01843595669,0.0488978188981817,0.3725694038663318,-0.0840745319766666,0.0160207483364903,0.3452971140568251,-0.1114318412333333,0.1422069109975159,0.2487708462832275,0.0624772533866666,-0.0801535828998912,0.3126363529078376,0.1171841554,0.1146943984327216,0.145683116533874,-0.0342320699173333,-0.0669914945715044,0.1413726427674485,-0.0174955447086666,-0.0016161901461511,0.1982312411925429,-0.0868887041899999,0.054428415056815,0.1885080977863611,-0.1309557608999999,-0.0441681332702202,0.2233060823107119,-0.0890983527166666,0.1126598411731371,0.2093185731754279,-0.1812989038333333,-0.0477348203568366,0.2403826656607899,-0.0796957442666666,0.129496906684363,0.2573932590124921,-0.1668178058,-0.005561075518609,0.1970979716419598,-0.0812843436,0.0689423154897853,0.2091084805019843,-0.129130736,0.0736707758556723,-0.1161293232433375,0.0264027238633333,-0.0722549913318374,-0.1057233681954767,-0.0247403619233333,0.0540507279222034,-0.4479438923801551,-0.03834657634,-0.0482374454340505,-0.3947689508780113,-0.0643156959666666,0.0661063711271839,-0.7362037332728888,0.1091371561233333,-0.0687243107185508,-0.7158022182061462,0.0883440523866666,0.049419794226155,-0.7630602254687531,0.1295134671333333,-0.0684112605806772,-0.7434364026918469,0.0617532734833333,0.0423098812059444,-0.7824167108637488,0.0757478403733333,-0.0690572436959683,-0.7541823465113057,-0.0282330772633333,kalt_g_ch1_g18_compr.mp4,ch1g18,3.3624765753278816e-06,8.937749442383425e-05,3.4711429217215975e-05,5.398450464227131e-05,1.7557560060108507e-05,9.092118340954758e-05,3.473542362301621e-05,2.7042232635083312e-05,2.7035738050092543e-05,1.4469721009990824e-05,8.924017967128525e-05,9.899406659590552e-06,3.689290627122328e-05,3.4716954500933734e-05,8.015961420426235e-05,1.5810372823513536e-05,1.9916818541481873e-05,9.506083365137076e-05,9.89643319533554e-06,3.676131374260791e-05,0.0001019573193895,3.756185213000989e-05,3.713207389333628e-05,2.66024002106092e-05,1.7242239928617506e-05,4.844976384068486e-06,2.771279422928973e-05,9.244224863588356e-05,2.480069469106711e-05,9.150296223040486e-05,3.7026416492371863e-06,1.0512121315907515e-05,9.83916641601949e-05,0.0001608533379609,1.9880498679503767e-05,-0.000540594684606,-0.0004910530157638,-0.0004926566290398,-0.0004918782971049,-0.0005219739691799,-0.0005164892935627,-0.0005159269017416,-3.654346838465776e-05,-0.0001320080012377,-0.0003987417377305,-0.000405222866876,0.0004270700681271,0.0003949368551822,0.0012336464560143,0.0008675537881107,0.0014131383255293,0.0014342660278112,0.001468352090529,0.0015784665263581,0.0014096941506488,0.0016216626241704,0.001365966565162,0.0014543789123609,-5.606477812276651e-05,7.32829155178731e-05,-9.196745656143794e-05,-6.121952778617792e-06,-8.985634203284056e-05,5.814213592537591e-05,-8.030541641960622e-05,7.154962479086881e-05,-7.486280760907958e-05,3.630917790893763e-05,8.649235754413204e-07,-1.3653540297679889e-05,1.963348960663381e-06,-2.0618336671059987e-06,-6.959695689412006e-07,-1.44243960824457e-05,2.0475575704588523e-06,-5.536606620614217e-07,-1.894777903880997e-06,-1.0178959415143501e-07,-2.3448746150873197e-05,4.378691183763846e-07,1.781262511618176e-06,2.0387411418652303e-06,-1.3972736583717312e-05,3.239260463748767e-07,4.789374606959282e-07,-2.6028201733703295e-05,5.331631840823411e-07,1.7646966096812626e-06,-1.75202612765347e-05,2.3869311590852645e-06,1.8012641169495958e-06,2.2853546622965223e-06,-7.637960170078877e-07,-1.6845218860633908e-07,2.13539328931621e-06,-2.3806672866604925e-05,-1.0593250029638469e-06,-2.4497531268862076e-05,-8.403042669280397e-08,1.1734396952277e-06,-1.7018461519159043e-05,7.953393111482002e-07,-6.237241888029334e-07,2.411018197186041e-07,-5.622647223521962e-07,-2.680449495415677e-07,-5.026322220747276e-07,2.229991654945604e-07,-3.659180621711487e-07,-2.970012160784896e-07,-4.064202139414075e-07,3.3364462050103755e-06,-3.58088665279016e-07,1.9880011928146438e-07,2.343908772392936e-07,8.010261388418158e-07,-5.672703508311791e-07,-6.389945756684749e-07,4.102854275272888e-06,-4.4114140881383107e-07,1.838798330386626e-07,-2.3272190736784337e-07,1.509403247145613e-07,1.9591935254259242e-07,1.3129124523867564e-07,-1.8435796619285677e-07,-4.6540132693971626e-08,1.0495867671497475e-07,3.204672741854012e-06,5.9019920212844314e-08,4.131543681714244e-06,-4.526829872969072e-08,1.5319520132976266e-07,-3.344618887014405e-07,3.40833445236667e-06,movement,movement,no movement,no movement
1900.000000000003,0.0196592329190643,0.3814920228826444,-0.1336842206666666,0.0296366155688742,0.3950325871566889,-0.1240804908,0.0315766500925977,0.3963857996855264,-0.1131461486333333,0.029915917062714,0.3960297590006122,-0.1157003995666666,0.0112556235310326,0.4026705209436004,-0.1346671834,0.0126315677677002,0.4011748759616911,-0.1473176758666666,0.0151133424172865,0.3920910605510154,-0.1278727325,0.0783472238323037,0.3879434504284099,-0.0228271495899999,-0.0375083111883351,0.3531574594892449,-0.0184516048733333,0.0487090747570037,0.3721521089953173,-0.0843173876233333,0.0158043383696862,0.3448708005284589,-0.1115714444999999,0.1423283722662477,0.2491713559951305,0.0616818888833333,-0.0800390709128915,0.3130182723331269,0.1173237638666666,0.1142316623817015,0.1468247218805523,-0.0355061451353333,-0.0672729912802254,0.1422526729463483,-0.0173133917026666,-0.0021569443999327,0.199550458701621,-0.0879170325799999,0.0540730545605261,0.1898827345728998,-0.1309420451333333,-0.0446959125366905,0.2246667470749118,-0.09013346115,0.1122740264741085,0.210772329028957,-0.1814240224333333,-0.0482642093435143,0.2416739073561777,-0.0806159031399999,0.1290196954822063,0.2588399580049113,-0.1669635928,-0.0060844719254718,0.1983641799658849,-0.08225079256,0.0685579443141748,0.2104707987145663,-0.129159823,0.0736964750493725,-0.116184207144462,0.02626085599,-0.0722886543959373,-0.105652119540396,-0.0246220512233333,0.0536151339645993,-0.4480439618767923,-0.03822668023,-0.0484742148021274,-0.3947818017488067,-0.0639591310466666,0.0658205863740971,-0.7363027104409967,0.10869170529,-0.0689140682275321,-0.7157481269636482,0.0882566138633333,0.0491242148980591,-0.7631509923774651,0.1289937836666666,-0.0686005911666801,-0.7433707774664943,0.0616260267566666,0.0419849492025854,-0.7825151121820108,0.07502095813,-0.0693259439048205,-0.7541655605559782,-0.0283351207166666,kalt_g_ch1_g18_compr.mp4,ch1g18,4.693062525172669e-06,7.41024807407216e-05,3.6852561926322414e-05,4.95823217776982e-05,1.689210725007938e-05,7.515779843431451e-05,3.6948916202328685e-05,2.6455783687096317e-05,2.504112168618553e-05,1.3958985549484403e-05,6.775324095894426e-05,1.0441885408714756e-05,3.8799954716733905e-05,3.694217213581475e-05,6.646193211939763e-05,1.5736660079670024e-05,2.0351576699233353e-05,7.149434015039002e-05,1.0436458287855129e-05,3.866468684993375e-05,8.381513250985061e-05,4.008589137321879e-05,3.9062982127257206e-05,2.900177444457776e-05,1.656025266631282e-05,4.656977648919702e-06,2.9905057027212348e-05,7.02913483379659e-05,2.362329395969777e-05,6.978465797851993e-05,3.610357681482811e-06,1.1662036973096008e-05,8.033279201490784e-05,0.0001315585282564,1.9574514807939963e-05,-0.0005976507953641,-0.0005451131364032,-0.0005469771290476,-0.0005452809121221,-0.0005707637986045,-0.000564897750345,-0.0005636294734838,-8.637000568190346e-05,-0.0001567368898212,-0.0004458468900965,-0.0004498719150735,0.0003985338504231,0.0003815619418826,0.0010266931363143,0.0007913513502906,0.0010669487492994,0.0011678921771354,0.0010963486149373,0.0012656190828961,0.0010626165604679,0.0013098386952343,0.0010276856469955,0.0011802087308406,-5.471456160457031e-05,7.048838465921104e-05,-9.279792059267124e-05,-1.49563572946277e-06,-9.132023426612129e-05,6.699302582067232e-05,-8.299401971483038e-05,7.994541751149264e-05,-7.347303400110427e-05,5.028497072911549e-05,1.7064541886197117e-06,-1.3824726152488776e-05,2.189274509683645e-06,-3.036528689856638e-06,-1.0411607521091184e-06,-1.4358965791933984e-05,2.2546520863220955e-06,-9.193657649919424e-07,-2.1930843740208197e-06,-5.651482667333148e-07,-1.976897382761707e-05,3.9492457954954665e-09,1.9459266482168997e-06,2.2603163944885328e-06,-1.2928428720850511e-05,-2.3248627786113274e-07,-2.429702309698206e-07,-2.1591507945293595e-05,1.8911410670582307e-08,1.9182646466932145e-06,-1.688603516374081e-05,2.4949851205336067e-06,1.9638855140398268e-06,2.4048299027556293e-06,-1.028462149249989e-06,-2.1267155427033905e-07,2.2032156252763523e-06,-2.030996294708955e-05,-1.0783414333984085e-06,-1.9939145795353e-05,-1.2506410878826208e-07,1.2788393944610853e-06,-1.6612594938263435e-05,7.068485888540467e-07,3.31155210140274e-07,1.4268373846824665e-07,-6.141177626168508e-07,-2.917661462512873e-07,5.120804876058712e-07,1.2292041690738893e-07,-3.6328901373981794e-07,-1.7351344069540905e-07,-3.619441728407817e-07,3.6818238143352898e-06,-3.784281438469422e-07,1.0890231058095653e-07,1.368694041789177e-07,1.208847634868193e-06,-5.256357379151733e-07,-6.941322411274764e-07,4.3887301955045085e-06,-4.4643680535531986e-07,9.38937698228342e-08,1.0091189392028851e-06,3.5081098256405184e-08,1.0669712443468554e-07,4.2570039724007856e-08,-2.190967562813509e-07,-3.9313168983705985e-08,1.8566263865091253e-08,3.6048840034824857e-06,2.005305394944797e-08,4.320233428371695e-06,-4.0305770291908594e-08,1.0866925996513297e-07,8.810235855417304e-07,3.86565721222859e-06,movement,movement,no movement,no movement
1916.6666666666697,0.0193543279632106,0.3809236528477918,-0.1340051576666666,0.0293436705660487,0.3945148154450063,-0.1245115016666666,0.0312878263375329,0.3958661818412253,-0.1135743017333333,0.0296267341081371,0.3955121138341694,-0.1161214872666666,0.0109356421802187,0.4021272648837956,-0.1350201288333333,0.0123103900760257,0.4006369693046389,-0.1476865719666666,0.0147943337370296,0.3915542502035721,-0.1282248665333333,0.0783341538535216,0.3878601645249929,-0.0233068085933333,-0.0376247219882483,0.3530074726993976,-0.0184982117966666,0.048517905265368,0.3717273158411234,-0.0845932789833333,0.0155854196965869,0.3444413943119337,-0.1117409996,0.1424436813874031,0.2495535112860961,0.0609290866899999,-0.0799316463988476,0.313399805885673,0.1174645016,0.113938581324165,0.1478217846694441,-0.03679318949,-0.0675163581273675,0.1430788017006096,-0.0170957464289999,-0.0025308584427818,0.2005219613161008,-0.0890540880366666,0.0537190965002634,0.1910222066449821,-0.1308417421999999,-0.0450527876398949,0.225639496244932,-0.0912959752566666,0.1119002621835372,0.211971845171745,-0.1814567935666666,-0.0486375441764866,0.2426046560603009,-0.0816698912033333,0.1285842225520659,0.2600784618124279,-0.1670659920666667,-0.0064446690201004,0.199292788309091,-0.0833366169566666,0.0681899904990327,0.2116159990289045,-0.129941925,0.0737201912781055,-0.1162389122308993,0.0261093403633333,-0.0723193060416303,-0.1055816829503764,-0.0244924629666666,0.0531757835933007,-0.4481358582707739,-0.0381546867599999,-0.0487129731625253,-0.3947752920737717,-0.0636176023899999,0.0655631163466326,-0.7363959372585887,0.1079742116566666,-0.0690948308355889,-0.7156929001050187,0.0880940772133333,0.0488638804734452,-0.7632367065799922,0.1281669860333333,-0.0687777710767632,-0.7433051649805952,0.0614040856333333,0.0416596063916567,-0.7825730649121554,0.0739412363066666,-0.0695888684567627,-0.7541445568064098,-0.0285533088566666,kalt_g_ch1_g18_compr.mp4,ch1g18,6.95703121686191e-06,6.007267299073937e-05,3.91246062728315e-05,4.5600047418431456e-05,1.5896283736459795e-05,6.070011865110791e-05,3.9278949193350315e-05,2.5364562027038183e-05,2.2829280989817254e-05,1.2850264622597696e-05,4.945546012034095e-05,1.0443951886144095e-05,4.0769113995471986e-05,3.928700569827316e-05,5.362063710583593e-05,1.485136536040087e-05,1.9815143211455765e-05,5.116373981498216e-05,1.0356946995917263e-05,4.0613622180003555e-05,6.683845985504075e-05,4.257480634042348e-05,4.104566683765735e-05,3.144342073766707e-05,1.562603491781934e-05,4.423751682285379e-06,3.2091089220332736e-05,5.128324099989969e-05,2.2599294285960772e-05,5.134542932223321e-05,3.474276292658604e-06,1.290327402168032e-05,6.349227425415798e-05,0.000105798080776,1.8746714867654784e-05,-0.0006531708128953,-0.0005987857476689,-0.0006009277175198,-0.0005983578052821,-0.000619706739502,-0.0006138695158092,-0.0006118529620599,-0.0001363607647585,-0.0001837752379608,-0.0004926366316753,-0.0004941648793304,0.0003666895412542,0.0003683426716086,0.0008391561208034,0.0007232922774702,0.0007743015295052,0.0009204724895619,0.0007783066634117,0.0009713234735111,0.0007733309545449,0.0010186578619742,0.0007445421553818,0.0009258014730843,-5.2789360577172245e-05,6.711976003943683e-05,-9.282584361858836e-05,6.1574233066060505e-06,-9.27420381355409e-05,7.47528182869909e-05,-8.465531990314021e-05,8.685883366436123e-05,-6.874970625848055e-05,6.73119030913393e-05,2.4131949440311347e-06,-1.309384772197958e-05,2.295972616608423e-06,-3.927456704649494e-06,-1.3571280821873051e-06,-1.3415625558093782e-05,2.340019594162859e-06,-1.308124023543152e-06,-2.3374418410431626e-06,-9.78784131567731e-07,-1.6027325162908004e-05,-4.046297251739069e-07,2.0017853136927074e-06,2.3630327749393034e-06,-1.1652010923002076e-05,-6.952380447597875e-07,-9.859825680957624e-07,-1.7145988338347357e-05,-4.463738811601751e-07,1.962704344113987e-06,-1.5277331435239547e-05,2.465874438428472e-06,2.020166072101435e-06,2.445197082376652e-06,-1.292773324940756e-06,-2.516479932981033e-07,2.1910406431938583e-06,-1.6666754570615494e-05,-1.136140590394326e-06,-1.5511906632487297e-05,-1.6069112703629388e-07,1.3935729289191556e-06,-1.5165959155645997e-05,5.204272672923715e-07,1.20875954445167e-06,1.9241946780613203e-08,-5.532642212804268e-07,-2.6722050132130564e-07,1.4190896967057542e-06,-2.4553820642744307e-10,-3.131347087381285e-07,-2.998344079743523e-08,-2.5133099516382625e-07,3.7926349986075814e-06,-3.4350006502600857e-07,1.0651486017958235e-09,1.1767306417303226e-08,1.530621974215496e-06,-4.152706317387293e-07,-6.508785570190308e-07,4.420187698566695e-06,-3.8624024118083515e-07,-1.1587464901917829e-08,2.0674765832873457e-06,-9.820575809335209e-08,-6.16885501489543e-10,-6.510419638712506e-08,-2.145172757093911e-07,-3.061768020518456e-08,-7.517630321658694e-08,3.778884654734659e-06,-1.1476719446191497e-08,4.243670661589727e-06,-3.346427113585289e-08,6.876428050131526e-08,1.9384190397979525e-06,4.288353273296461e-06,movement,movement,no movement,no movement
1933.3333333333364,0.0190785255885663,0.3802840670906734,-0.1342973769,0.0290828490033053,0.3939248756572756,-0.1249144161666666,0.031031833250666,0.3952743769709385,-0.1139748993333333,0.0293708939716816,0.3949237939741331,-0.1165142426333333,0.0106525054446609,0.4015190647878413,-0.1353473995666667,0.0120267704541311,0.4000346793331819,-0.1480300511999999,0.0145113926741719,0.3909542588011222,-0.1285517801333333,0.0783231910175311,0.3877096762784011,-0.0237701636466666,-0.0377351260057135,0.3528220948049134,-0.0185498799566666,0.0483352125955796,0.3712405144578753,-0.08484026275,0.0153779917320107,0.343955142742273,-0.1118860048,0.1425479394571596,0.249898335174011,0.0603135064799999,-0.0798555610788105,0.3137645060549674,0.1176248915,0.1138084253252312,0.1486159424642673,-0.03786059096,-0.0677408951543186,0.1438041142935466,-0.0168414671153333,-0.0027258690836323,0.2011435604243846,-0.0902572835399999,0.053375903190757,0.1917743394239195,-0.1307221385333333,-0.0452364032724846,0.2262025335710242,-0.0925660427166667,0.1115339472354107,0.2127154726667725,-0.1814685411333333,-0.0488808764147796,0.2431812482181654,-0.0828252351033333,0.1281888731151099,0.2608775283576098,-0.1671201816,-0.0066480190555702,0.1998822344960737,-0.0845022547033333,0.0678307465581181,0.2123654717833778,-0.131122723,0.073744306153538,-0.1162909088503039,0.0259604465933333,-0.0723499277973802,-0.1055158723078492,-0.0243640104866666,0.0527714399454737,-0.4482248929588155,-0.0380802237966666,-0.0489035824473026,-0.3947649905003557,-0.0632848999433333,0.0653685133572582,-0.7364779591958784,0.1072895984133333,-0.0692170591362091,-0.7156168847935875,0.0879343439666666,0.0486657108059602,-0.7633099709125684,0.127379107,-0.0688991123053388,-0.743217484443396,0.0611852796933333,0.0413408102346814,-0.7826178527705124,0.0729312789399999,-0.0698119192539313,-0.7540951797721969,-0.0287625893333333,kalt_g_ch1_g18_compr.mp4,ch1g18,9.866141671951944e-06,4.737068024347098e-05,4.146852101340609e-05,4.147414979990126e-05,1.4361947055904456e-05,4.779511320177103e-05,4.1656377997480934e-05,2.385426553138074e-05,2.041508775439115e-05,1.1449778156935e-05,3.623860081234551e-05,9.89629207164178e-06,4.277479849999872e-05,4.167952802532743e-05,4.233801423767142e-05,1.3510193578872935e-05,1.842223617148658e-05,3.733453014748161e-05,9.68848946785442e-06,4.2581599610982506e-05,5.205206710930264e-05,4.49771045509539e-05,4.3059432928342734e-05,3.3879583770545134e-05,1.4197350705667664e-05,4.151277086882589e-06,3.4281655682807005e-05,3.742032887713033e-05,2.1409043605577676e-05,3.85281893965472e-05,3.295635306765769e-06,1.438552576628132e-05,4.889532169054829e-05,8.459831506132782e-05,1.7188123668057784e-05,-0.0007049101889296,-0.0006501279634356,-0.0006525364621224,-0.0006491617336315,-0.0006671772571677,-0.0006615820441679,-0.0006586811808137,-0.0001857691047334,-0.0002145457042534,-0.0005380290025871,-0.000537438490934,0.0003309747222676,0.0003503316320158,0.0006712066880122,0.0006518419920425,0.000555341490058,0.0006972566320968,0.0005590408553224,0.0007172696248558,0.0005776771590954,0.0007687351595213,0.0005370385358133,0.0006998985558742,-5.02509230012735e-05,6.320249875814693e-05,-9.334747912487884e-05,1.58679219402027e-05,-9.185153111698508e-05,7.98823758874384e-05,-8.389133323460778e-05,9.03764431153624e-05,-5.935958105978017e-05,8.616992647586987e-05,2.8377909089071064e-06,-1.1379717899991892e-05,2.247498957309234e-06,-4.531627203253709e-06,-1.557077607721019e-06,-1.1512476945051044e-05,2.268810643411433e-06,-1.6167259080552256e-06,-2.2936313028624796e-06,-1.18461026639023e-06,-1.2232741384307084e-05,-6.979539815986798e-07,1.932647989736207e-06,2.3040093824617056e-06,-1.0123394404648748e-05,-1.000646306631232e-06,-1.6356403859106908e-06,-1.270758077804693e-05,-7.588186915302643e-07,1.883445059917792e-06,-1.2666695003397524e-05,2.270797310583946e-06,1.950897268932234e-06,2.326100525478997e-06,-1.463571332185874e-06,-2.817674275903311e-07,2.0656339609556905e-06,-1.2854352959062876e-05,-1.182415544266911e-06,-1.1324775630570186e-05,-1.9025593297549558e-07,1.492843737065599e-06,-1.2639716264955258e-05,2.641388230984742e-07,1.909813930124757e-06,-1.23729491873138e-07,-3.8124145339220084e-07,-1.930872916568073e-07,2.1142004199669863e-06,-1.4135077856049525e-07,-2.215296897828511e-07,1.1888856260380447e-07,-9.707322247184861e-08,3.5939272649713022e-06,-2.528024744431951e-07,-1.209703693080369e-07,-1.3380271433179526e-07,1.7262576466398535e-06,-2.7277355762230945e-07,-5.142762403803592e-07,4.0839168771297935e-06,-2.6646035696819496e-07,-1.2881495354301646e-07,2.810252919652975e-06,-2.3866855048158745e-07,-1.225988800067305e-07,-1.866213260218026e-07,-1.6411209865105239e-07,-2.004892683799335e-08,-1.7783607246253822e-07,3.63846856421033e-06,-2.0407870288580196e-08,3.831806686015241e-06,-2.4721389603988445e-08,1.7046110271213413e-08,2.6967303639093247e-06,4.473382752326533e-06,movement,movement,no movement,no movement
1950.0000000000032,0.0188332064334215,0.3795397728179496,-0.1346580719333333,0.0288531149109267,0.3932349067145107,-0.1253877701666667,0.0308083423558006,0.3945807063145085,-0.1144469541999999,0.0291471966445859,0.3942342980632069,-0.1169759247999999,0.010405914485971,0.4008197481913341,-0.1357554634,0.0117797012536969,0.399341049920733,-0.1484576832333333,0.0142657937632788,0.3902643136121304,-0.1289584969,0.0783177760410948,0.3874922704419641,-0.0242568396066666,-0.037840995478347,0.3526029403988404,-0.0187019387933333,0.0481645029133441,0.3706674697866654,-0.0851393340233333,0.0151851005987593,0.3433928473566536,-0.1120919378666666,0.1426288358371784,0.250215278979922,0.0597798552899999,-0.079803139381525,0.3141188793311815,0.1177416021,0.1136479107305034,0.1492787036231543,-0.0387345782133333,-0.067951793497352,0.1443980247301176,-0.0166278077153333,-0.0029332591923912,0.2017798233073408,-0.0914396750499999,0.0530417152630301,0.1923052293756811,-0.1306264711,-0.0454147436353256,0.2268812343343267,-0.0938630983833333,0.1111838981809567,0.2132560147982999,-0.1815426267333333,-0.0490818631204951,0.2439146817085386,-0.08406852305,0.1278247361092888,0.261506891632087,-0.1672823117,-0.0068450605788789,0.2005165586995886,-0.0856750288633333,0.0674873562966582,0.2129114787424161,-0.134905219,0.0737676251183332,-0.1163407936395941,0.02582666198,-0.0723791159532155,-0.1054536308156828,-0.0242483850499999,0.0524051573475974,-0.4483120807180228,-0.0379973868766666,-0.0490722581510213,-0.3947431842448283,-0.0629606367666666,0.0651886184440063,-0.7365576746550837,0.1066030244366666,-0.0693017146290941,-0.7155195361788462,0.0877488528233333,0.0484808985352561,-0.7633807697096727,0.1265877947666666,-0.0689834120436722,-0.7431067363385956,0.0609354770433333,0.0410593982565974,-0.7826512063587802,0.0719461156166666,-0.0699651616642416,-0.753950585805407,-0.0289848846066666,kalt_g_ch1_g18_compr.mp4,ch1g18,1.3119504531482804e-05,3.720815800972957e-05,4.35403910030561e-05,3.73230216519316e-05,1.2594983355573172e-05,3.7585421124559805e-05,4.374316647226631e-05,2.203862743707475e-05,1.8062611417831414e-05,1.00883549453783e-05,2.6639686105620265e-05,8.81978373978225e-06,4.449336937394186e-05,4.378461940445513e-05,3.302936526833239e-05,1.220252929513853e-05,1.6323756228762397e-05,2.8006947729896656e-05,8.503053599010218e-06,4.424440121106111e-05,4.086359318964585e-05,4.696266208957765e-05,4.478756881419761e-05,3.601715671718293e-05,1.2526705135349851e-05,3.8605108212018665e-06,3.615986912183649e-05,2.713646658980021e-05,2.0244835228710828e-05,3.067182981683026e-05,3.0931750421561846e-06,1.5910787009019764e-05,3.784185250152129e-05,6.785854225310048e-05,1.514002186443735e-05,-0.0007472770320797,-0.0006941423802172,-0.0006968287655326,-0.0006927677131211,-0.0007076185732651,-0.0007022551050259,-0.0006983170090424,-0.0002310737696626,-0.0002451141444566,-0.0005775022435816,-0.0005746547599847,0.0002953084105782,0.0003321719143775,0.0005331878572713,0.0005836029871117,0.0004225764187547,0.0005198202602023,0.0004365991205648,0.0005254129456943,0.0004758745721651,0.0005831030804379,0.0004152190172958,0.0005219762534215,-4.728613621252785e-05,5.893810272786923e-05,-9.31695750919884e-05,2.6525360353900593e-05,-8.508802054281082e-05,8.259542087856642e-05,-7.693219295615233e-05,9.117210806997174e-05,-4.1214560756717755e-05,0.0001064685999728,2.881602069991342e-06,-9.117161148924584e-06,1.969377890458619e-06,-4.696873433869278e-06,-1.666515642871564e-06,-9.108707622605676e-06,1.9719991324000924e-06,-1.808846200414981e-06,-2.087395648582297e-06,-1.1811573806328763e-06,-9.062315695297277e-06,-8.86228226618037e-07,1.6774541963026206e-06,2.007429132349404e-06,-8.520006614217417e-06,-1.1845359970326672e-06,-2.096632511323999e-06,-9.090468070605635e-06,-9.308084361128652e-07,1.6230725826888506e-06,-9.658573132925557e-06,1.8589137048660872e-06,1.694100651284506e-06,1.988040943801184e-06,-1.5622520182237898e-06,-2.989432248366469e-07,1.774391048170894e-06,-9.546996781876994e-06,-1.2345056686760706e-06,-8.143811378315099e-06,-2.1167472904719275e-07,1.501533398405216e-06,-9.600178873386072e-06,-1.94534813238427e-08,2.3244075815130004e-06,-2.6587563314369674e-07,-1.4163852494199726e-07,-8.772959750977836e-08,2.496752949667792e-06,-2.8077282231422716e-07,-1.0354700189574877e-07,2.487662630682392e-07,7.063147543174918e-08,3.1785356684889578e-06,-1.1657334616339021e-07,-2.4067488902877953e-07,-2.782847677726614e-07,1.788375666277795e-06,-1.395884893409487e-07,-3.036710967010418e-07,3.501860200156331e-06,-1.0442327412470355e-07,-2.4186282775976913e-07,3.1422615097803875e-06,-3.650173927844245e-07,-2.4309658818257293e-07,-3.03326308590476e-07,-8.092387852107705e-08,-8.463584009850403e-09,-2.761565064041246e-07,3.270154862116511e-06,-1.2879551745683706e-08,3.180811195189165e-06,-1.5135931407393273e-08,-4.7634479693677254e-08,3.051562265592959e-06,4.394898454196827e-06,movement,movement,no movement,no movement
1966.66666666667,0.0186137083752779,0.3787373549471591,-0.1349694113333333,0.0286406888101459,0.3924896189767259,-0.1258175057666666,0.0306034427268944,0.3938316677896212,-0.1148753332666666,0.0289429161451652,0.3934898313566697,-0.1173995866666666,0.0101863492219014,0.4000711937656858,-0.1361488162999999,0.0115605295697399,0.398595497998528,-0.1488662566666666,0.0140477903403031,0.3895228161802948,-0.1293516379333333,0.0782912951757507,0.3872396764032301,-0.0246761712599999,-0.0379412203963188,0.3523628163212374,-0.0188716998366666,0.0479992245220077,0.3700515355949365,-0.0853796703833333,0.0150053612103501,0.342786287730763,-0.1122835794666666,0.1426609021301947,0.2505167150488963,0.0596180102999999,-0.0797623279286486,0.3144660626986164,0.1178503162666666,0.1135183052617515,0.1497652771559656,-0.03905038051,-0.0681026216697241,0.1449234775626798,-0.0163728060686666,-0.0031195668541374,0.2021800585636391,-0.0922590936233333,0.0527166832098409,0.1926758594421664,-0.130374638,-0.0455809582384951,0.2273393986200778,-0.0948173531,0.1108426474974683,0.2136429657238921,-0.1814522218666666,-0.0492865957563963,0.2444477057045714,-0.0850195022433333,0.1274703790493375,0.2619741291159756,-0.1672992423666667,-0.0070300661678727,0.2009371424463484,-0.0865091300533333,0.0671567417724118,0.2132992048106822,-0.136924908,0.0737847757086728,-0.1163878409929307,0.02574491452,-0.0724008559450054,-0.1053958316795575,-0.0241791527633333,0.0520520877952218,-0.4484008037406389,-0.0379268368299999,-0.0492247459689888,-0.394710631888574,-0.0627060276466666,0.0650023732342467,-0.7366385512889491,0.1058021141,-0.0693831775565034,-0.7154147532966801,0.0874126186133333,0.048288239451153,-0.7634535104241629,0.1256638209333333,-0.0690640841986905,-0.742990623596779,0.0605227312699999,0.0407818526363471,-0.7826841549916648,0.0708253919566666,-0.0700793768511656,-0.7537938360111807,-0.0293538024666666,kalt_g_ch1_g18_compr.mp4,ch1g18,1.6312951455130332e-05,2.9774194982257377e-05,4.534659275360329e-05,3.268806580412659e-05,1.0637492320583111e-05,3.0338550118566328e-05,4.554286543848683e-05,1.998072824266048e-05,1.5983844898274593e-05,8.979862511546649e-06,1.9087496293514564e-05,7.421602332582601e-06,4.597565334823664e-05,4.561157017252135e-05,2.538420369914931e-05,1.1109844633021588e-05,1.3817458261469462e-05,2.080081740578432e-05,7.107352241299109e-06,4.566363918659654e-05,3.3659656065469804e-05,4.85394021283366e-05,4.627864439607165e-05,3.782374257850376e-05,1.064704123001408e-05,3.543131515174759e-06,3.7717927893990374e-05,1.899924539770971e-05,1.89550424332935e-05,2.4537994917463996e-05,2.860139385617026e-06,1.740988672957187e-05,3.063995120117203e-05,5.440901998730256e-05,1.2801325823348113e-05,-0.0007828715200811,-0.0007330045411156,-0.000735975703649,-0.0007315001327063,-0.0007436410327801,-0.0007384993655593,-0.0007334733845428,-0.0002718247492897,-0.0002743964690017,-0.00061142431542,-0.0006066747681368,0.0002635684152461,0.0003130171052203,0.0004182955739908,0.0005097264124212,0.000317511591419,0.0003873356920551,0.0003442334084952,0.0003977477968634,0.0003985098283993,0.0004632733429893,0.0003175162474682,0.0003921701639674,-4.378313799005413e-05,5.418084721576525e-05,-9.15320314852803e-05,3.7089084983964185e-05,-7.494831814910682e-05,8.108719411646291e-05,-6.699803171052648e-05,8.668271578974457e-05,-2.05408977527771e-05,0.0001245094685843,2.646244196992926e-06,-6.425731776533136e-06,1.5738796029298893e-06,-4.417859223471584e-06,-1.7099255332400673e-06,-6.3167999989687715e-06,1.5634151299504297e-06,-1.899722788149552e-06,-1.7716932055023754e-06,-9.876839563542293e-07,-6.293099176270833e-06,-9.74237907870961e-07,1.335513350456708e-06,1.59269168501861e-06,-6.75201808823153e-06,-1.2654259043157922e-06,-2.3530927084900465e-06,-6.054177065511429e-06,-9.803801894141256e-07,1.2777777360274318e-06,-6.399766650777801e-06,1.3727107441837988e-06,1.3510289479224315e-06,1.5655869051425374e-06,-1.604132689533106e-06,-3.012123933639334e-07,1.4147093563639527e-06,-6.559687587905929e-06,-1.2490872229701863e-06,-5.644876570014801e-06,-2.242560886072759e-07,1.4390532859760051e-06,-6.269603355666379e-06,-2.7973471516598816e-07,2.415152050893911e-06,-3.972574903030567e-07,1.3217049001461325e-07,3.5382940247269234e-08,2.539644987910682e-06,-4.0873302440168705e-07,2.6377321375353742e-08,3.3966505111425153e-07,2.2131959460369455e-07,2.6549399572733314e-06,3.631244804013423e-08,-3.5417437423906106e-07,-4.108186327561138e-07,1.7389897534063943e-06,-3.76620345213563e-08,-5.5814710099187274e-08,2.8252045542186093e-06,6.423268824618545e-08,-3.481201130331135e-07,3.0579983680018196e-06,-4.710113387464233e-07,-3.582030625642857e-07,-4.054340513378514e-07,2.49098150636359e-08,4.2034070847070695e-09,-3.650659097835409e-07,2.770071987335402e-06,6.440895003143311e-09,2.4785062196402877e-06,-4.806947842146616e-09,-1.2518058731233345e-07,2.9902967487507215e-06,4.067900274692154e-06,movement,movement,no movement,no movement
1983.333333333337,0.0184413816556114,0.3778995633557774,-0.1352353364666666,0.0284733803948315,0.3917059834663534,-0.1261906219,0.0304443506062917,0.3930448636586379,-0.1152508357999999,0.0287848699814807,0.3927073443080444,-0.1177720302666666,0.0100188598718423,0.3992754785726531,-0.1365074107666666,0.0113942506509079,0.3978047241210824,-0.1492373139666666,0.0138829745663019,0.388736747646598,-0.1297110094666666,0.0782629241895162,0.3869385274496926,-0.0250267462866666,-0.038022626964916,0.3520591661352176,-0.0190307278866666,0.0478563787134755,0.3693983910249668,-0.08557831975,0.0148572474970659,0.3421363339427453,-0.1124598107999999,0.1426733247164825,0.2507645130814364,0.0595855460066666,-0.0797291119530208,0.3147598705419842,0.117967237,0.1134742739676985,0.1500663461959719,-0.0392046374566666,-0.0682749955784503,0.1453420569687309,-0.0161186588453333,-0.0031156312932029,0.202323256472092,-0.0929426548533333,0.052411116707429,0.1929541952456082,-0.1302871954999999,-0.0455365301794659,0.2275116828244719,-0.0956797761733333,0.1105128745839953,0.2139540002015216,-0.1815423758666666,-0.0493035418811589,0.2446981812517839,-0.0858921428033333,0.1271430984507293,0.2623586786545535,-0.1674936345333333,-0.0070371692830196,0.2010915839842748,-0.0872152552966666,0.0668343861908522,0.213587569324367,-0.137355894,0.0738012264889746,-0.1164290228756783,0.0256940311866666,-0.0724215156735901,-0.1053450414097121,-0.0241359118266666,0.0517553587951307,-0.4484951616359316,-0.0378529096666666,-0.0493523112381242,-0.3946629585705041,-0.0625313008499999,0.0648456545136711,-0.7367193266706988,0.1050542937,-0.0694622592703541,-0.7153179925281034,0.0868641063733333,0.0481251748849164,-0.7635270326245134,0.1248007881333333,-0.0691449484381293,-0.7428871505693136,0.0598857523266666,0.0405559188556971,-0.7827149079000901,0.0697405519566666,-0.0701680917815746,-0.7536445626838193,-0.0300142105699999,kalt_g_ch1_g18_compr.mp4,ch1g18,1.8892091514302143e-05,2.5028932294238417e-05,4.659189075902301e-05,2.82346430183483e-05,8.749563664687224e-06,2.575330047495058e-05,4.676277145986288e-05,1.794681831917387e-05,1.415901188670579e-05,8.293822699781127e-06,1.4873905462519172e-05,6.033606235334479e-06,4.700463502868987e-05,4.6876853555841895e-05,1.9975399977981414e-05,9.975716074327956e-06,1.1107137354125915e-05,1.728541294549679e-05,5.808657520593204e-06,4.663060640528912e-05,2.9549211170234413e-05,4.9523565292396585e-05,4.731912578617187e-05,3.908389045506309e-05,8.87047080950773e-06,3.2339705813465675e-06,3.884402080885989e-05,1.4616625808571524e-05,1.7601426266923055e-05,2.1126269799939545e-05,2.620911573762652e-06,1.878701136255184e-05,2.6692803096751787e-05,4.512543487293252e-05,1.0603101177196826e-05,-0.0008083279936694,-0.0007622588526317,-0.0007656204694308,-0.000760817854295,-0.0007713422657799,-0.0007662900449137,-0.000760166411143,-0.0003051675037526,-0.000301613398901,-0.0006369310177493,-0.000631676474726,0.0002350349872994,0.0002918667900217,0.0003328874687066,0.0004388983757151,0.0002555391191985,0.0003010855662536,0.0002960059301784,0.0003269545544257,0.0003556753175277,0.0003970035434179,0.0002586210043075,0.0003079092747644,-4.015031599807758e-05,4.951445551824534e-05,-8.878400873312673e-05,4.736268285534797e-05,-6.712871072937799e-05,7.541121965676289e-05,-5.948439335656546e-05,7.757488858972127e-05,-3.790546760126123e-07,0.0001379356254412,2.178703976101677e-06,-3.761311096991039e-06,1.10362129420043e-06,-3.843003271239183e-06,-1.5958232754890483e-06,-3.591026118061036e-06,1.0847941268996617e-06,-1.806719073701147e-06,-1.357157122576149e-06,-6.288327079755181e-07,-3.744549316592345e-06,-9.0307824323671e-07,9.320233889008354e-07,1.1085874898695322e-06,-4.867883177594937e-06,-1.205415787713193e-06,-2.2479984758092337e-06,-3.4383283939826172e-06,-8.631046558665583e-07,8.785592748645906e-07,-3.3241182080361806e-06,8.584033134927313e-07,9.413630389425648e-07,1.1063578220336609e-06,-1.5086164034630752e-06,-2.88570441522298e-07,1.0185204932207251e-06,-3.8364321120963236e-06,-1.186149867993833e-06,-3.4414986443105123e-06,-2.2682657029820398e-07,1.2891851736965355e-06,-3.184841712429803e-06,-4.722063814306695e-07,2.1928852710377203e-06,-5.011734187756724e-07,3.703934373077375e-07,1.545239931289643e-07,2.2731636148630775e-06,-5.068118179587008e-07,1.4346099762117426e-07,3.755904690080738e-07,3.261591232777513e-07,2.0485815980327104e-06,1.7092627488518405e-07,-4.4831305982222394e-07,-5.146269389704451e-07,1.5785938018645713e-06,2.8825178812759068e-08,1.9273169718939066e-07,2.0833049269120104e-06,2.03526829314894e-07,-4.36416922858825e-07,2.6343741818238094e-06,-5.454586928785738e-07,-4.548477274552387e-07,-4.770028279806458e-07,1.313195228785692e-07,1.6248381815809963e-08,-4.32960165431722e-07,2.1519761341807004e-06,2.3873181125451144e-08,1.7770564546302172e-06,5.194051929229627e-09,-2.0544962090040627e-07,2.573940284711515e-06,3.474031776438346e-06,movement,movement,no movement,no movement
2000.0000000000032,0.0183198365559664,0.3770741377662771,-0.1354313925333333,0.0283470825819027,0.3909279390898668,-0.1264886580333333,0.0303257350554854,0.3922638620833899,-0.1155527516999999,0.0286673685144751,0.3919311217530523,-0.1180732421,0.0099020653569309,0.3984885810986312,-0.1368070452999999,0.0112793622502094,0.3970223225329587,-0.1495468389,0.0137695890044488,0.3879599429251143,-0.1300121681333333,0.0782324975756558,0.3866165016633937,-0.0253321538433333,-0.0380804936904782,0.3517394847799589,-0.0191945329366666,0.0477395990055249,0.3687471432269438,-0.0857232027566666,0.0147471819323816,0.3414884699028568,-0.1126067022333333,0.1426684938625746,0.2509868870128538,0.0595844752333333,-0.0797004569008562,0.3150361102806508,0.1180715995,0.1134034050770584,0.1502430353053327,-0.03938860645,-0.0684531272239216,0.1457316623718167,-0.015949792492,-0.0031292791721929,0.2023842702806262,-0.0936194213766666,0.052117810626022,0.1932234791894972,-0.1302705628333333,-0.0455021977579305,0.2276243180139264,-0.0965162623,0.1101989586011917,0.2142729412087391,-0.1816834469666667,-0.0493105825976655,0.2448640261666244,-0.0867315495533333,0.1268505315363099,0.2627392749283373,-0.1677260633333333,-0.0070517051227903,0.2011582698222254,-0.0879103415666666,0.0665236764100478,0.2138676159833538,-0.137444317,0.0738165357027584,-0.116465847172302,0.0256577197266666,-0.0724404346726108,-0.1052995244339385,-0.0241054533566666,0.0514947130262315,-0.4485917033920675,-0.0377795697533333,-0.0494776009860472,-0.3946151816647517,-0.0624277112066666,0.0647104628794202,-0.7367988792241403,0.10434942657,-0.0695254998424956,-0.7152703287115427,0.0862176867966666,0.0479864349969898,-0.7635994129982487,0.1239907716666666,-0.0692094320199965,-0.7428428989888745,0.0591531179866666,0.0403814029299249,-0.7827375960708374,0.0687395609899999,-0.0702484617859466,-0.7535281952856324,-0.03076725913,kalt_g_ch1_g18_compr.mp4,ch1g18,2.0461607002360904e-05,2.21341447577492e-05,4.769297512210574e-05,2.4462966203666175e-05,7.3508535251492735e-06,2.293178311364725e-05,4.783820456360592e-05,1.6173855393336847e-05,1.2882835767522595e-05,7.98592209932225e-06,1.1035588839276044e-05,5.2166947711704715e-06,4.7979340265858264e-05,4.798523420143945e-05,1.60243033309904e-05,9.076088199597386e-06,8.902593903184673e-06,1.35742004614812e-05,5.185282032420289e-06,4.7537163645431274e-05,2.7298728703653756e-05,5.037315204234188e-05,4.831898617447421e-05,4.017240599041748e-05,7.524802978577372e-06,2.9627562501214956e-06,3.986688351210318e-05,1.097118981984582e-05,1.624915648631853e-05,1.7150022542950705e-05,2.4050669715048107e-06,2.0118513592607028e-05,2.4597135155451733e-05,3.828188060878656e-05,9.13837018412734e-06,-0.0008309138749234,-0.0007885174405324,-0.0007920900620672,-0.0007872315226355,-0.0007971888911526,-0.0007917919487575,-0.0007844860337145,-0.0003356319850098,-0.0003296857185575,-0.0006601258613519,-0.0006551747125476,0.000213696456153,0.0002698812326258,0.0002698976193208,0.0003748624029207,0.0001889800223157,0.0002488961226302,0.0002284810925686,0.0002930700168676,0.0002907921738667,0.0003659539516709,0.0001902962631088,0.0002572428633561,-3.663835064940309e-05,4.517882950135493e-05,-8.700386478580473e-05,5.4941242481198635e-05,-5.7633009304228187e-05,6.786097893187625e-05,-5.000866164799401e-05,6.683124900263962e-05,1.7723963249757958e-05,0.0001434582874552,1.6189386055996488e-06,-1.5854451398686957e-06,6.138026593151656e-07,-3.2182572755260298e-06,-1.397020057773353e-06,-1.3646433173294517e-06,5.934656279881594e-07,-1.5638623900318433e-06,-9.331607070584522e-07,-2.0353769283305232e-07,-1.6961471372095995e-06,-6.353289640149666e-07,5.055930672087502e-07,6.085176572201647e-07,-3.1042874269890096e-06,-1.0724117526041365e-06,-1.9072682680935216e-06,-1.474193612106804e-06,-5.616580702416317e-07,4.643524176355985e-07,-8.452061539933111e-07,3.5445434952560025e-07,5.085319349053498e-07,6.507292747812524e-07,-1.3409142422313644e-06,-2.624753021882556e-07,6.065205848657632e-07,-1.6970739254860974e-06,-1.112981495840232e-06,-1.7020815608345386e-06,-2.145848506617715e-07,1.0683543263824946e-06,-8.142306875521546e-07,-5.701299582472769e-07,1.7317915135012433e-06,-5.839768596182357e-07,5.170694766032564e-07,2.425381031086028e-07,1.7795783748409106e-06,-5.819657258318404e-07,2.265808686810169e-07,3.4116955190603106e-07,3.714568378612369e-07,1.5027223523516584e-06,2.507404309013978e-07,-5.29632510666344e-07,-5.965241902786796e-07,1.3515849060404943e-06,5.771478630901119e-08,3.899311464623247e-07,1.4615752055949713e-06,2.775136913370704e-07,-5.135124927969842e-07,1.9850885531341367e-06,-6.021512253994998e-07,-5.39244076713405e-07,-5.238395103405173e-07,2.138323929892165e-07,2.6218738867033186e-08,-4.837658878777608e-07,1.563226344522316e-06,2.704195871453249e-08,1.238090000897645e-06,1.4037806249393973e-08,-2.781876280902137e-07,1.919939060873664e-06,2.7453453429969037e-06,movement,movement,no movement,no movement
2016.6666666666704,0.018246501384066,0.3762591387560817,-0.1354175687333333,0.0282594194446741,0.3901497059040607,-0.1265515705,0.0302452798241684,0.391482879696944,-0.1156262146666666,0.0285882600291934,0.3911549182010785,-0.1181454034666666,0.0098312043620981,0.3976957070691692,-0.1368976483333333,0.0112113959803879,0.3962357398561448,-0.1496474125,0.0137039760673607,0.3871816590999799,-0.1301062426333333,0.0782020064975058,0.3862707910829636,-0.0254260349466666,-0.0381017887276545,0.3513860907430825,-0.0192509096199999,0.0476534688677982,0.3680940034077286,-0.08567411361,0.0146800768788218,0.3408340756190238,-0.1125888605666666,0.1426593688307849,0.2511877861003227,0.0597067181499999,-0.0796725170893929,0.3152806748275286,0.1182302141666666,0.1134020121770442,0.1504453889995444,-0.03964613403,-0.0686046000365352,0.1460714351459784,-0.0157843180153333,-0.003075753985024,0.2025023920608249,-0.09433469673,0.0518486221908788,0.1934994610603895,-0.1303398825333333,-0.0454060640332249,0.2277790221438411,-0.0973679133366666,0.1099335080650702,0.2146057937789716,-0.1819290876333333,-0.0492810741985058,0.2450705553760153,-0.0875155428566666,0.1266244111969773,0.2631396594751081,-0.1680537805666666,-0.0070155306940959,0.2012708880522823,-0.0886191597533333,0.0662571760845558,0.2141518690241545,-0.138630822,0.0738322228005863,-0.1164998916192838,0.0256324322066666,-0.0724596048034199,-0.1052574625368036,-0.0240848041333333,0.0512652221326773,-0.4486739966266392,-0.0377178015233333,-0.0495947786506435,-0.3945524308847924,-0.0624026131799999,0.0646003336413541,-0.7368392581964516,0.10362074487,-0.0695762205546586,-0.7152121940460756,0.08544654003,0.0478788647409419,-0.7636317272594223,0.1231583471,-0.069258370087139,-0.742791052544273,0.0582910643299999,0.0402972772045662,-0.7827064322354099,0.0676875036199999,-0.0702887987950282,-0.7533986392353443,-0.0317072265833333,kalt_g_ch1_g18_compr.mp4,ch1g18,2.1308993013525903e-05,2.1677565358913896e-05,4.809759052476014e-05,2.1329668534704428e-05,6.24183208178439e-06,2.2669552724685715e-05,4.822194492811615e-05,1.4757970772598914e-05,1.2266821565387313e-05,8.025730100099422e-06,9.121624072257889e-06,4.987940168192413e-06,4.836028158805256e-05,4.8382821368490114e-05,1.3378937923938991e-05,8.34146357073648e-06,7.225661088414492e-06,1.1673926867317484e-05,5.0268409297937e-06,4.787363923909176e-05,2.7765360156952404e-05,5.0533989482312674e-05,4.87167872154273e-05,4.061880463909269e-05,6.451210363607935e-06,2.7161154417380123e-06,4.035331442989024e-05,9.306263913453744e-06,1.4961132401768512e-05,1.4666067214506738e-05,2.19861534977172e-06,2.1169449464550228e-05,2.510460081684052e-05,3.450324807449015e-05,8.178462256987656e-06,-0.0008395358483421,-0.0008002401693751,-0.0008037607328555,-0.0007990845754114,-0.0008099180375647,-0.0008042444680372,-0.0007962370910613,-0.0003546896519059,-0.0003515052507658,-0.0006713288036148,-0.0006682771158386,0.0002010474433005,0.0002480754341333,0.0002326143432074,0.0003255700678344,0.0001455683889551,0.000243942968713,0.0001815923503615,0.000309673754273,0.0002423938896742,0.0003840139009479,0.0001443247636589,0.0002560890690307,-3.334182823926853e-05,4.129975355161003e-05,-8.277529755401189e-05,6.0804788542686025e-05,-4.5947758837215306e-05,5.953542222317095e-05,-3.8683340934574994e-05,5.549105521567862e-05,3.188136778605869e-05,0.0001392005923712,9.898372780492037e-07,-2.188963419809913e-07,4.649752262275444e-08,-2.7011633260055674e-06,-1.130564257581548e-06,7.566180188493825e-08,3.0894597404906664e-08,-1.2566131344191053e-06,-5.893470940810793e-07,2.0591892242852065e-07,-5.060909302726083e-07,-2.8033105259343793e-07,-1.1155154526908851e-08,3.281137913006728e-08,-1.780347217464412e-06,-9.676356555479322e-07,-1.34405842740976e-06,-4.312440428599312e-07,-1.9202571551071153e-07,-3.0564433158997445e-08,7.975382790615246e-07,-1.9489040588385533e-07,-2.0221383152129267e-08,1.516536069125781e-07,-1.104045204795778e-06,-2.327207724179301e-07,1.3548051793130226e-07,-5.029117824828319e-07,-1.0420265924332134e-06,-7.654231485083552e-07,-1.966313352635717e-07,7.215701098550476e-07,6.829833009503796e-07,-5.75898416732732e-07,1.103394178344266e-06,-6.314079143288932e-07,5.561571402797086e-07,2.987403947781283e-07,1.1241999295370155e-06,-6.242746634353623e-07,2.634829676340042e-07,2.444182634125827e-07,3.504464328836274e-07,1.004318437609896e-06,2.662003149378569e-07,-5.880090671995356e-07,-6.422161071732711e-07,1.0847255631836169e-06,6.645347999819157e-08,5.129799200779469e-07,9.366759910175744e-07,2.864063505558877e-07,-5.69091891816649e-07,1.1849663197347007e-06,-6.345290236062763e-07,-5.996239433204817e-07,-5.388957017247833e-07,2.69388457151555e-07,3.3905270756162536e-08,-5.156154522952853e-07,1.008450701905473e-06,1.2521892086278356e-08,8.239803612073981e-07,2.2027741292198276e-08,-3.3278584053809637e-07,1.1165725630882053e-06,1.9288317301117217e-06,movement,movement,no movement,no movement
2033.333333333337,0.0181830165992518,0.3754440780656982,-0.1353521521333333,0.0281857097009874,0.3893656353413458,-0.1265617996666667,0.0301782045331573,0.3906960676303427,-0.1156472821666666,0.0285222551176947,0.3903725229296005,-0.1181643011333333,0.0097746801573191,0.3968994397800636,-0.1369341054999999,0.0111579186893182,0.3954456152131061,-0.1496933666666666,0.0136530669041755,0.3864005641816934,-0.1301458593666666,0.0781719615258283,0.3859069341062581,-0.02546550003,-0.0381056916662984,0.3510164327765327,-0.0192603258499999,0.047573572457924,0.3674315887089001,-0.08557394428,0.0146221289286264,0.3401735022755188,-0.1125165973666666,0.1426458903295727,0.2513678803594838,0.0598348759599999,-0.0796468894887683,0.3155079725312439,0.1184178816,0.1134002514783866,0.150696302598179,-0.0399229384966666,-0.0687426008609823,0.1464036739134094,-0.0156116946753333,-0.0030453438437284,0.2027682503125445,-0.09508889021,0.0515830497700344,0.1937992542971931,-0.1304481901333333,-0.0453337074371489,0.2280959232195013,-0.0982546243033333,0.1096537378522277,0.2149720513730161,-0.1822195927,-0.0492681717090365,0.2454202207871305,-0.0882940080766666,0.1263783959978954,0.2635649494679946,-0.1684195653333333,-0.0069995513887654,0.2015256806553122,-0.0893552868966666,0.0659775764291113,0.2144579085212482,-0.13814418,0.0738482956941899,-0.1165321951180078,0.0256085365799999,-0.072478973467998,-0.1052172829385346,-0.0240651122499999,0.0510504551599411,-0.4487553929240519,-0.03768007464,-0.0497126488080541,-0.3944883868910438,-0.0623995360899999,0.0645137228891597,-0.7368767849643322,0.1029024194833333,-0.0696332363961867,-0.7151661052240949,0.08465515277,0.0477977621038603,-0.763661126017005,0.1223436522,-0.0693146208634318,-0.7427524516546652,0.0574087141733333,0.0402283142662419,-0.7826578050242071,0.0666475220266666,-0.0703344258648949,-0.7532848503821992,-0.0326855567933333,kalt_g_ch1_g18_compr.mp4,ch1g18,2.180798165392375e-05,2.3073148288620523e-05,4.764979193557083e-05,1.9505251204353624e-05,5.421698220510369e-06,2.427026743835869e-05,4.775764939037601e-05,1.3648300935940737e-05,1.2161271322004358e-05,8.39853637443206e-06,8.928336004717271e-06,5.133833722311983e-06,4.793247209995906e-05,4.791201067777232e-05,1.2071495775039617e-05,7.426705457862709e-06,6.277611504668439e-06,1.1286136104217882e-05,5.232564508943536e-06,4.744115489963988e-05,2.973622145720498e-05,4.986078249693436e-05,4.827398563334283e-05,4.032344206335588e-05,5.637738190766292e-06,2.4967668745238364e-06,4.010614114044593e-05,9.328973554344916e-06,1.4113949314460134e-05,1.3474839469472096e-05,2.009724683237528e-06,2.1724129880622056e-05,2.7153807096857645e-05,3.3846355111268286e-05,7.691802340666347e-06,-0.0008311130661841,-0.0007946790033344,-0.0007978636429041,-0.0007935941062817,-0.0008051305814948,-0.0007996786460495,-0.0007916475232443,-0.0003608154223917,-0.0003624540584162,-0.0006680932343622,-0.0006668394661403,0.000198257429583,0.0002336345175828,0.0002170725996864,0.000298336492389,0.0001297759958422,0.0002698924287068,0.0001598109899701,0.0003524631501207,0.0002155135911378,0.0004236075637547,0.0001269918453289,0.0002860037201056,-3.041429635525052e-05,3.794338534186816e-05,-7.78724664423003e-05,6.47191179816727e-05,-3.354964592242653e-05,5.197112138158016e-05,-2.7051031774358497e-05,4.5257806598972784e-05,3.8983598851161066e-05,0.0001239518530382,4.074424472240416e-07,3.481820524014519e-07,-5.653719509236113e-07,-2.338523405730374e-06,-7.967546526340875e-07,6.845712733460939e-07,-5.712159042641125e-07,-9.318105841455176e-07,-3.751921716879177e-07,5.251470793616798e-07,-7.349606240273588e-08,7.156826484173727e-08,-5.824949278607949e-07,-5.861909603122349e-07,-9.569281208989222e-07,-9.146041495792656e-07,-7.175584037864776e-07,-1.4788836083931154e-07,1.629345016677569e-07,-5.775218982789582e-07,1.478650103196642e-06,-7.888254365828288e-07,-6.021455080772863e-07,-3.648477196272541e-07,-7.989809037435929e-07,-1.939418210850471e-07,-3.6785835794779115e-07,-1.2885936424832817e-07,-1.0231332757975369e-06,-4.733476986988891e-07,-1.6774188342744813e-07,3.363660957344723e-07,1.1902083481650338e-06,-5.113738974681406e-07,4.366493813080313e-07,-6.34456493542337e-07,4.923081916911914e-07,3.209761252370241e-07,4.3306056341637627e-07,-6.240775750706233e-07,2.517010726474827e-07,1.082255734546436e-07,2.672474956838364e-07,5.851823978621021e-07,2.2782218181249325e-07,-6.093691516281661e-07,-6.427612895500389e-07,7.976592195607348e-07,7.652186406354277e-08,5.444157249408508e-07,5.404974798198803e-07,2.392940911481762e-07,-5.909461492868464e-07,3.7747146811499153e-07,-6.343571864518736e-07,-6.207183923201398e-07,-5.16918583123217e-07,2.942478758062912e-07,3.8976650088024425e-08,-5.153559606720829e-07,5.357994572159286e-07,-2.3357698529386952e-08,5.390492348288817e-07,2.8706197028274432e-08,-3.518474816513501e-07,3.159010804325458e-07,1.164633558981563e-06,movement,movement,no movement,no movement
2050.0000000000036,0.0181324331201993,0.3746287325954443,-0.1352982730333333,0.0281232511985978,0.3885813591426164,-0.1265821392666667,0.0301215369166326,0.3899089771535979,-0.1156783791333332,0.0284667553666977,0.3895893684663062,-0.1181928788333333,0.0097281273060469,0.39610324842341,-0.1369913676999999,0.0111144306506881,0.3946555665025196,-0.1497582885333333,0.0136125258170084,0.3856197002190856,-0.1302057099,0.0781358506075569,0.3855396411396583,-0.02549022286,-0.0381148777864226,0.3506402619766251,-0.0192982742633333,0.0474985735319542,0.366766318594237,-0.0854781372666666,0.0145697341779394,0.3395077417715114,-0.1124608593333333,0.1426086384419453,0.2515412798234239,0.0599851896866666,-0.0796383994656622,0.31572116410333,0.1185938230999999,0.1134077474790806,0.1509590879609738,-0.0401702697066666,-0.0688856441151218,0.1467126352572804,-0.0154363255186666,-0.0030227343291813,0.2030283874879509,-0.0957609151966666,0.0513171791530826,0.194121428790073,-0.1304574556666666,-0.0452760420108789,0.2283931149271655,-0.0990480669166666,0.1093777710032745,0.2153864283783326,-0.1823812871999999,-0.0492711792711045,0.2457591140081792,-0.0889909175033333,0.1261384487067525,0.2640447831397677,-0.1686357811999999,-0.0069962562598063,0.2017768569255569,-0.0900088714433333,0.065698069195749,0.2147922441496701,-0.137918621,0.0738630613128321,-0.1165613823207727,0.0255907217466666,-0.0724970140949594,-0.1051805299775432,-0.0240504313166666,0.0508432727934531,-0.4488301711549114,-0.0376425568699999,-0.0498450683982325,-0.3944244567827028,-0.0623786757066666,0.0644451320012712,-0.7368987201272061,0.1021915327633333,-0.0697162867975325,-0.7151199948777456,0.08387513783,0.0477318232888936,-0.7636769912814004,0.1215383653666666,-0.0693995525874828,-0.7427137210349547,0.0565355734333333,0.0401584200605849,-0.7825959227565008,0.0656416709233333,-0.0703891239671923,-0.7531662808898258,-0.0336215629566666,kalt_g_ch1_g18_compr.mp4,ch1g18,2.1918545250949577e-05,2.4017773627005753e-05,4.651965652633873e-05,1.8011533360816705e-05,4.869012768550121e-06,2.54665339233558e-05,4.662968182604663e-05,1.2953257300209762e-05,1.2112315163895238e-05,9.057128781405566e-06,9.680273323935256e-06,5.527776157978675e-06,4.6841429964292686e-05,4.675367670992168e-05,1.1677005601013351e-05,6.488814175317955e-06,6.037873968508973e-06,1.1780876871619914e-05,5.69251915597908e-06,4.6377325485058746e-05,3.1647447527438444e-05,4.85327786688729e-05,4.715279546971497e-05,3.9508232698037815e-05,5.077946416558859e-06,2.3352860140383424e-06,3.932084338128959e-05,1.0052985641752492e-05,1.3370911488349156e-05,1.347682138108497e-05,1.8658053910152108e-06,2.1836318543844367e-05,2.877141304691908e-05,3.374438863167156e-05,7.628257609089492e-06,-0.000809368178041,-0.0007760518860621,-0.0007786006349592,-0.0007748243313198,-0.0007867412490472,-0.0007817769487301,-0.0007742118676078,-0.0003599881762778,-0.0003652116737661,-0.0006546953745712,-0.0006546668320118,0.0001956860606228,0.0002207023561018,0.0002063566821509,0.0002848920981599,0.0001294144747156,0.0003072566179676,0.0001560499007317,0.0004020862245506,0.0002098129785421,0.0004722672989828,0.0001288346312059,0.0003283265001727,-2.8166530768679453e-05,3.547335769939392e-05,-7.277934671443555e-05,6.673099232916561e-05,-2.1152156614213623e-05,4.493485428974715e-05,-1.5224098107219282e-05,3.626683993123864e-05,4.382946925595072e-05,0.0001026605263485,-5.6947691440115526e-08,2.49258133367896e-07,-1.1952039848813967e-06,-2.0385201185240622e-06,-4.2041606513595754e-07,5.740100882145382e-07,-1.1900013715488988e-06,-6.643325125378424e-07,-3.1826545678086685e-07,7.132903704502803e-07,1.74411809837301e-07,3.14359855352384e-07,-1.195494501631574e-06,-1.2240889726123666e-06,-4.970565784433657e-07,-9.064549339693056e-07,-1.1709018798854228e-07,7.052097310892143e-08,4.03583593999561e-07,-1.1675861093730837e-06,1.277970174383721e-06,-1.422440302368611e-06,-1.2268356230489068e-06,-8.767577856643848e-07,-4.48974796648836e-07,-1.5237991023016078e-07,-8.854926902522107e-07,1.2090487366110653e-08,-1.0553255662445232e-06,-1.784724309794418e-07,-1.3439116530282978e-07,-2.620341879322125e-08,8.889037021883822e-07,-3.995881185558403e-07,-1.311148199301048e-07,-5.999110700858123e-07,3.9355491588492186e-07,3.114863808421198e-07,-1.639409377543551e-07,-5.891034369829847e-07,1.908273916387281e-07,-3.064287925855154e-08,1.3527228009766465e-07,2.482543817884434e-07,1.4929064127171896e-07,-5.944638912907972e-07,-6.059789939761025e-07,5.212827743711822e-07,9.301891587633097e-08,4.863838534751967e-07,2.527167611912406e-07,1.5131248427603267e-07,-5.79688726342527e-07,-3.350887804173418e-07,-6.057467274927746e-07,-6.034060069806709e-07,-4.6855763562358497e-07,2.883224050463179e-07,4.0445505213187216e-08,-4.865072923635565e-07,1.702552453691502e-07,-6.150558564625072e-08,3.230445479766599e-07,3.2834958170408096e-08,-3.318300571752363e-07,-3.581786921444991e-07,6.876039174221728e-07,movement,movement,no movement,no movement
2066.66666666667,0.0180832807993328,0.3738421657367854,-0.1352812881999999,0.0280621638409511,0.387823158349578,-0.1266477493333333,0.0300660451755671,0.3891480092450631,-0.1157520574333332,0.0284123732798186,0.3888319298376234,-0.1182637216999999,0.0096839682750845,0.3953360160212419,-0.1370915651,0.0110734010904029,0.3938938580070788,-0.1498668474666666,0.0135745543439952,0.3848662132893055,-0.130307763,0.0780851346381864,0.3851829800168104,-0.0255729308866666,-0.0381244263705437,0.3502828513757943,-0.0194297694666666,0.0474231116409683,0.3661270349744944,-0.0854211726133333,0.0145183802910432,0.3388705827210715,-0.1124453777666666,0.1425533931907296,0.2517301933674871,0.06007976659,-0.0796444027208739,0.3159403306649651,0.1186350506333333,0.113434536028771,0.1512445899459624,-0.0404118797433333,-0.0689817593543493,0.1470191730793364,-0.015332472872,-0.0030178181964684,0.203300820279757,-0.0964072024,0.051055992857127,0.1944914830067125,-0.1304274646,-0.0452425814350868,0.228688632962565,-0.09982237969,0.1091181270039678,0.2158657423865585,-0.1824768533333333,-0.0493038830888466,0.2461107093934424,-0.0896985517933333,0.1258995261188726,0.2645933417582924,-0.1687934175999999,-0.0070106534598185,0.2020459186190606,-0.0906539650633333,0.0654256429276048,0.2151816352114481,-0.136112571,0.0738768154798972,-0.1165891354713724,0.0255760036199999,-0.0725137215434037,-0.1051453313949801,-0.0240387022399999,0.0506392855456394,-0.448901955083351,-0.0376282943499999,-0.0499958327963688,-0.3943615644355648,-0.0623651295566666,0.0643748361790297,-0.7369139717745838,0.1014664608633333,-0.0698109059179766,-0.7150754506348991,0.0830848795833333,0.0476623907106102,-0.7636866537854318,0.1207207595333333,-0.0694960184217832,-0.7426769552105653,0.0556510300766666,0.0400735503299002,-0.7825357426390465,0.0646418037533333,-0.0704544301568146,-0.753055217722412,-0.0345520722999999,kalt_g_ch1_g18_compr.mp4,ch1g18,2.170058939830203e-05,2.4616019920575483e-05,4.49891058107735e-05,1.6329188767797274e-05,4.576210692321911e-06,2.6494434746691745e-05,4.5116403626210735e-05,1.2626443171501244e-05,1.1917526476913177e-05,9.921553958556917e-06,1.0425557756902383e-05,6.084197554397885e-06,4.53295789350615e-05,4.518938066653991e-05,1.1995282220705404e-05,5.597242730591875e-06,6.39128060998026e-06,1.2231181607384438e-05,6.317045400661337e-06,4.4909644664678526e-05,3.286646496378718e-05,4.679851173593271e-05,4.559881773204312e-05,3.83271308763191e-05,4.7653249245625935e-06,2.2154532408243155e-06,3.8150027211427616e-05,1.0536170959184804e-05,1.2511488716376702e-05,1.372835895774512e-05,1.7558851557724185e-06,2.154751067690271e-05,2.9625299009125533e-05,3.357809608331101e-05,7.912861949426014e-06,-0.0007790379547646,-0.0007490908010128,-0.0007507938159665,-0.0007475906320068,-0.0007594236023365,-0.000755160415175,-0.000748337707845,-0.0003529843267764,-0.0003607182555072,-0.0006339245645418,-0.0006347244460074,0.0001943152345919,0.0002083321714131,0.0001840624449072,0.0002703934402974,0.0001250496698524,0.0003227518336646,0.0001553825764751,0.0004236771130878,0.0002135320449911,0.0004956536256462,0.0001328487469261,0.0003506863542078,-2.660331821378552e-05,3.382181510525272e-05,-6.73829810134494e-05,6.829619455445716e-05,-8.886086943217987e-06,4.296809221100395e-05,-3.1125461432869795e-06,3.349594110967108e-05,4.8354740533959144e-05,8.24253551563154e-05,-3.5670417498747605e-07,-2.7895348146737676e-07,-1.7906362008126263e-06,-1.6803526070883917e-06,-1.1591048741720298e-07,-1.1774057286648496e-08,-1.7727772602106172e-06,-5.111844189561761e-07,-4.309585875664266e-07,7.381119294580723e-07,1.834583653922268e-07,4.151455909550575e-07,-1.7985908810041643e-06,-1.825190302084968e-06,-2.919321980316254e-07,-9.105638665903924e-07,3.210984071637366e-07,8.074925637336997e-08,4.93845072241522e-07,-1.7554929996283406e-06,4.130714021927819e-07,-2.035523829391012e-06,-1.840066289695238e-06,-1.3306375321918676e-06,-1.5973375604495236e-07,-1.1345471085800581e-07,-1.370855519333362e-06,-8.36569166552541e-08,-1.1299148588101983e-06,-6.869541016016294e-08,-1.0117261452377989e-07,-3.521379855521655e-07,2.1520688893849227e-08,-2.600691603219463e-07,-5.326816646275155e-07,-5.30830693890618e-07,3.182649190283758e-07,2.741636140473219e-07,-6.028543345721203e-07,-5.22221018188627e-07,9.507422766129327e-08,-1.3832513065633e-07,-2.029969878392955e-08,2.8252734001941022e-08,4.589947424077667e-08,-5.412084783534258e-07,-5.349977557066203e-07,2.8976897831138125e-07,1.1559769443022339e-07,3.553238615924652e-07,8.943645296980695e-08,4.037796307106813e-08,-5.325900760321791e-07,-8.621814985553317e-07,-5.488807641070251e-07,-5.458086694487282e-07,-3.98796860982382e-07,2.545000684652706e-07,3.9147390382004764e-08,-4.288263654868419e-07,-4.2967712905638395e-08,-8.222108701180784e-08,1.7453992468124895e-07,3.4692756052205115e-08,-2.691384414416664e-07,-8.262037756787427e-07,6.861884578295111e-07,movement,movement,no movement,no movement
2083.3333333333367,0.0180323320881062,0.373077579929574,-0.1352555941333333,0.0279950926026787,0.3870865870786879,-0.1267354253,0.0300051687089596,0.3884089741638357,-0.1158445886666666,0.0283527638978501,0.3880958727098504,-0.1183559017666666,0.0096398048967835,0.3945940123819073,-0.1372093200666666,0.0110323938772428,0.3931555909291234,-0.1499886433666666,0.0135365627001805,0.3841343767690697,-0.1304272022666666,0.0780064361509882,0.3848380366699769,-0.02572545973,-0.0381298772350826,0.3499427772604727,-0.0196651202699999,0.047344164392051,0.3655079400712321,-0.0853761793,0.0144673898076788,0.3382549696697369,-0.1124446754333333,0.1424863490291043,0.2519301527875461,0.0601428777266666,-0.0796510527953044,0.3161557070533533,0.1185718304999999,0.1134915289472447,0.1514306488969474,-0.0404311773066666,-0.0689816982527447,0.1472495879946589,-0.015186141172,-0.0030075810535293,0.2034110497826316,-0.09676930211,0.050805188525848,0.1947665122318765,-0.1301729557333333,-0.0452199323240353,0.22879478185919,-0.1002927981733333,0.1088684033233858,0.216226979680403,-0.1822902028999999,-0.0493526442739832,0.2462856963260109,-0.0900937464833333,0.1256532874485412,0.2650240150992675,-0.1686770822666666,-0.0070221956434311,0.2021654950060022,-0.0910007918266666,0.065157770663808,0.2154784330311296,-0.127724588,0.0738881348454226,-0.1166154526172203,0.0255677435333333,-0.0725274007573623,-0.1051118824702146,-0.0240330627733333,0.0504414370132405,-0.4489631824369772,-0.0376259178633333,-0.0501544895886076,-0.3942956798561681,-0.0623638651266666,0.0642969709184519,-0.7369209671147489,0.1007288186233333,-0.0699117956443375,-0.7150320390621854,0.0823217036966666,0.0475854629066163,-0.763688958989571,0.1198909436666666,-0.0695981946604501,-0.7426421019497373,0.05479957015,0.0399714866071496,-0.7824831020487525,0.0636480283,-0.070513210651539,-0.7529730407618955,-0.0354168662833333,kalt_g_ch1_g18_compr.mp4,ch1g18,2.144677205787263e-05,2.321712364460153e-05,4.315157394657589e-05,1.444237306806076e-05,4.386520749002448e-06,2.5450625848447023e-05,4.3309977360783303e-05,1.2226531066002132e-05,1.1386880905855172e-05,1.05847866921431e-05,1.1330268249476422e-05,6.4476170723842734e-06,4.342991450946061e-05,4.331989640020949e-05,1.212625057340088e-05,4.533656541368247e-06,6.99223132878432e-06,1.292852014042697e-05,6.714698841849851e-06,4.306511391502798e-05,3.202370346556232e-05,4.473971386968421e-05,4.3651874452585835e-05,3.699242892808277e-05,4.521033449218449e-06,2.127478218195356e-06,3.672060467428616e-05,1.086965764588509e-05,1.1358339108336164e-05,1.4779945777607817e-05,1.6794390170250522e-06,2.0994869125425003e-05,2.8209354397243296e-05,3.1824713360428175e-05,8.094870226612148e-06,-0.0007437600893166,-0.0007178708320411,-0.0007185935294252,-0.000715948669056,-0.0007264505553387,-0.0007229991076512,-0.0007170724157741,-0.0003456667847835,-0.0003513830746727,-0.0006105030086161,-0.0006104777930963,0.0001861181975899,0.0001936478100409,0.000148031319919,0.0002463109418429,0.0001225841464494,0.0003114601157923,0.0001624453338449,0.0004118074074513,0.0002256722924728,0.0004840903919993,0.0001406691054894,0.0003447778389853,-2.558891924935944e-05,3.267457994819281e-05,-6.234725668006254e-05,6.707351546712441e-05,-9.385003398247677e-08,4.3218673458203983e-05,5.547646724146817e-06,3.390750774535423e-05,4.570108915744339e-05,6.417077284767722e-05,-4.973893884834067e-07,-1.0634846208095695e-06,-2.3062716352194023e-06,-1.3757933528610368e-06,1.1124103156582612e-07,-8.747089512859055e-07,-2.2785795108454766e-06,-4.813488937233379e-07,-6.753968432918039e-07,6.204377050005068e-07,3.158406134761982e-07,3.589767084195536e-07,-2.3407260167992177e-06,-2.345916087511149e-06,-1.2640912052091424e-07,-8.541812800758667e-07,5.716426255693779e-07,4.065437165448849e-07,4.25546940895443e-07,-2.2922569476621094e-06,-7.652025743989771e-07,-2.5834600879504985e-06,-2.387372991444319e-06,-1.7020408959188844e-06,5.4769995628779267e-08,-7.785174410636788e-08,-1.7842772085711553e-06,-2.622590152982788e-08,-1.2581919522134024e-06,3.045387842963628e-07,-6.870642141708163e-08,-5.920227961673709e-07,-1.0664498261908628e-06,-1.321859146962785e-07,-6.878713193162823e-07,-4.3211439289691844e-07,2.856204760570052e-07,2.181518793473059e-07,-7.940960531842446e-07,-4.279083184355713e-07,-4.910353426271366e-09,-1.941988342145313e-07,-1.6403994474387097e-07,-8.675409275224407e-08,-5.6856103130288344e-08,-4.4929915508915057e-07,-4.354469002761609e-07,1.425698060336159e-07,1.465737155754249e-07,1.839718718862035e-07,1.3644570619371441e-08,-6.61045782638442e-08,-4.481192875358957e-07,-1.1257775771745571e-06,-4.645321894500256e-07,-4.482269886276182e-07,-3.212228630919666e-07,2.023543006671021e-07,3.542189407065247e-08,-3.489180861340027e-07,-1.1341155654235485e-07,-7.351837438772293e-08,4.905331231852222e-08,3.3838853227985164e-08,-1.7883827147046132e-07,-1.016019528181377e-06,7.667687650333546e-07,movement,movement,no movement,no movement
2100.000000000003,0.0179943318902791,0.3723336004540581,-0.1351604437666666,0.0279318381869974,0.3863724999084219,-0.1267656336666666,0.0299472215284394,0.387693509142035,-0.1158800958999999,0.0282971060528873,0.387383095394285,-0.1183923957,0.0096040908231097,0.3938721322489745,-0.1372561568999999,0.0110002275980936,0.3924364288913308,-0.1500373597333333,0.0135067602080791,0.3834200744878204,-0.1304768226333333,0.0779215657302498,0.3845028064399625,-0.0258633044133333,-0.0381271139838872,0.3496022286535833,-0.0198506244833333,0.0472732985774582,0.3649036505363616,-0.08527634177,0.0144272149904206,0.3376502324492323,-0.1123763894,0.142417130906253,0.2521256226648933,0.0602263393766666,-0.0796450430031606,0.3163461344957,0.1185505009666666,0.1136130918662004,0.1515477226712991,-0.0403675784066666,-0.0688889746913454,0.147451637959063,-0.014947287666,-0.0029779212635592,0.203290776547575,-0.0970906704866666,0.0505706943790754,0.1950075427481477,-0.1297490015666666,-0.0451768964696586,0.2286998346845441,-0.1007204982566666,0.1086478114557514,0.2165618919283461,-0.1819148640333333,-0.0493776898248946,0.2462490190673651,-0.09046584959,0.125419952676981,0.2654364162684028,-0.1683772728666666,-0.0070148276275351,0.2020571633366957,-0.0913119079566666,0.0649100903995548,0.215758143527783,-0.126868054,0.0738975926635905,-0.1166405097238778,0.0255611857799999,-0.0725389560469532,-0.1050797811508667,-0.0240289593033333,0.0502454046438956,-0.4490227582531393,-0.0376438175866666,-0.0503192732299909,-0.3942279040783353,-0.0623820583266666,0.0642241016787986,-0.7369270433564138,0.0999870383166666,-0.0700148472904868,-0.7149906286187764,0.0815568044933333,0.047516374113106,-0.7636906880519186,0.1190589522333333,-0.0697011478279684,-0.7426103935557473,0.05395532462,0.0398523418010493,-0.7824516989770018,0.0626633943366666,-0.0705434442706387,-0.7529145643871247,-0.0362514218333333,kalt_g_ch1_g18_compr.mp4,ch1g18,2.106687828692215e-05,2.1108888500424427e-05,4.097510430444865e-05,1.2847563083081294e-05,4.5296645308415254e-06,2.3589494947572013e-05,4.115903922678184e-05,1.1757457638485465e-05,1.0507212621303711e-05,1.1162311398202125e-05,1.2477680944151728e-05,6.711081049367208e-06,4.1136976319280345e-05,4.1103694937879577e-05,1.2309327442857778e-05,3.5869481397976655e-06,7.645633699311676e-06,1.43476501883398e-05,7.026649229706037e-06,4.0825098492872254e-05,3.053585643933699e-05,4.230015414671801e-05,4.13037832956989e-05,3.542028557688208e-05,4.585508042314851e-06,2.0546895561924334e-06,3.4980430760288246e-05,1.1410673164565629e-05,1.006779647238882e-05,1.6581172757081507e-05,1.6183573922902774e-06,2.023687899424897e-05,2.5992294298753537e-05,2.9872530108130005e-05,8.390511510239565e-06,-0.000702066498909,-0.000680779491358,-0.0006805440524829,-0.0006785797277903,-0.0006867229024274,-0.0006842075459573,-0.0006791876659832,-0.0003368350499083,-0.0003378088290162,-0.0005830589187571,-0.0005808960821743,0.000170920454474,0.0001746697928329,9.98448917579718e-05,0.0002058528104013,0.0001400536055196,0.0002833408787507,0.0002061762964365,0.0003862292738548,0.0002728670677737,0.0004586614803846,0.0001719697863492,0.0003232943460486,-2.5023886881498316e-05,3.2001970186977726e-05,-5.7078054226167615e-05,6.527946134938876e-05,4.816697563634203e-06,4.433232230082743e-05,1.0186789273976209e-05,3.568387064989184e-05,3.862599749172105e-05,5.15291783335756e-05,-5.116935620031622e-07,-1.8116711928144284e-06,-2.7297627191557254e-06,-1.1193716639643515e-06,2.813608452827751e-07,-1.7307169888815498e-06,-2.697826939317688e-06,-5.723882191159002e-07,-9.601419631025916e-07,3.857523100101278e-07,3.477235866459665e-07,1.7165616439057197e-07,-2.8002143560402102e-06,-2.773147838456123e-06,6.887298614518623e-09,-6.965006776555491e-07,6.186098759250626e-07,6.559248744646539e-07,2.3023291959312682e-07,-2.7565379139784217e-06,-1.966474585322926e-06,-3.0532161826789086e-06,-2.8448569802131316e-06,-2.0026827782258155e-06,2.1059930227648725e-07,-4.6135000651395695e-08,-2.1282728953644305e-06,-4.2337709979901846e-08,-1.363437646962313e-06,7.011648166321507e-07,-3.7305580012443326e-08,-7.463111310096726e-07,-2.0962279952195153e-06,-3.3054741621057336e-08,-6.308578751177122e-07,-3.0692106196766313e-07,2.9379327890296165e-07,1.430129727719174e-07,-7.656530887664168e-07,-3.079527621828259e-07,-9.197506319320973e-08,-1.911986221929962e-07,-2.8363131953965213e-07,-1.334074853580146e-07,-1.4472019080628014e-07,-3.2105193688089956e-07,-3.097479379539973e-07,7.859748510310107e-08,1.7482696454979816e-07,4.8751329701585834e-09,-3.7952039761624455e-08,-1.5550816795135052e-07,-3.270452984923665e-07,-1.146674947833678e-06,-3.485463590920289e-07,-3.137444396848394e-07,-2.344290649850277e-07,1.3090221109699214e-07,3.019816371712359e-08,-2.47998354282855e-07,-9.198730339352125e-08,-3.680407588152981e-08,-8.62748815748673e-08,3.084769533993812e-08,-7.65743430317107e-08,-9.685946222124165e-07,7.063535785828031e-07,movement,movement,no movement,no movement
2116.6666666666697,0.0179373813543753,0.3716536151557191,-0.1350149031333333,0.0278520319459146,0.3857171833677656,-0.1267333207333333,0.0298732456204092,0.3870393584737127,-0.1158533694333333,0.0282252874173987,0.3867305045393603,-0.1183662638,0.0095592843094151,0.3932098140515073,-0.1372367674999999,0.0109596496567488,0.3917759947528975,-0.1500191773333333,0.013468517480249,0.3827632139784621,-0.1304609101666666,0.07781792956081,0.384179201359518,-0.0259617202499999,-0.0381245052702267,0.3492766356079362,-0.0199924850599999,0.047182885241666,0.3643381422074488,-0.0851411554566666,0.0143776188853778,0.3370866018892481,-0.1122693973333333,0.1423475398358957,0.2523122937997074,0.0603318254433333,-0.0796452482596455,0.3165166469340361,0.1185305934999999,0.113765201606378,0.1516312308516417,-0.0401892313133333,-0.0687849604361535,0.1476374287445484,-0.0147280002366666,-0.002895840720536,0.2033187665869884,-0.09736002288,0.05036598774493,0.1952910989408334,-0.1293386027333333,-0.0450728421727715,0.2287703867874365,-0.1010989654,0.1084611533523366,0.2169573093886766,-0.1815482318999999,-0.0493380918209034,0.246405046481488,-0.0908035064233333,0.1252081144595217,0.2659261536710705,-0.1680856730333332,-0.0069502813248255,0.2021275643709001,-0.0915832499066666,0.0646942736135616,0.2160998082965964,-0.122684248,0.0739074131421553,-0.1166652191501432,0.0255649404999999,-0.0725506501355459,-0.1050481225763679,-0.0240342482233333,0.0500585548355898,-0.4490731469592156,-0.03767022083,-0.0504893863236117,-0.394157403410987,-0.0624835405733333,0.0641402561550691,-0.73691088386372,0.0992643416766666,-0.0701223079951954,-0.7149330286653359,0.0807976119366666,0.0474332101076823,-0.7636689743697546,0.1182583769333333,-0.0698071470200887,-0.7425594076877807,0.0531367758966666,0.039699685798407,-0.7824282277545033,0.0617537500966666,-0.0705563165065595,-0.7528773049885276,-0.0370255426233333,kalt_g_ch1_g18_compr.mp4,ch1g18,2.049666437934632e-05,1.831446405836805e-05,3.8201986480308914e-05,1.1624552578690424e-05,5.008659313737177e-06,2.0808556865740695e-05,3.8416849424491106e-05,1.1243317417822126e-05,9.323803624110046e-06,1.1450202486904889e-05,1.131121525375766e-05,6.8546015949744725e-06,3.825736912288741e-05,3.8286815807001386e-05,1.1459325034356436e-05,2.970561738182373e-06,8.45077840291566e-06,1.3526318058133774e-05,7.228909535143442e-06,3.799601161716239e-05,2.765596912911172e-05,3.918250134181628e-05,3.837188696707675e-05,3.336194716129198e-05,4.967699372725147e-06,2.010046467489171e-06,3.276857732736312e-05,9.728772129720964e-06,8.605124731717342e-06,1.6019330537843905e-05,1.5876276987111326e-06,1.939046819376456e-05,2.286897009600677e-05,2.6391569748596936e-05,8.771269584561952e-06,-0.0006490456631558,-0.0006337222490591,-0.0006323809649329,-0.0006311860847943,-0.0006371815740212,-0.0006355669284596,-0.000631385341646,-0.0003258200286496,-0.0003220500882613,-0.0005475715880537,-0.0005434305592194,0.0001464948933129,0.0001499856002673,4.363902223390823e-05,0.0001574742119884,0.0001363813249288,0.0002363061760057,0.0002200763738454,0.0003359134299156,0.0002876401227735,0.0004047840494181,0.0001800300931131,0.000279668347836,-2.4849566554701146e-05,3.170402299673893e-05,-5.2585334255970666e-05,6.283876084661982e-05,7.094230337574563e-06,4.607008145307217e-05,1.222042453787328e-05,3.825362163774528e-05,3.0841593615267644e-05,3.958610813320371e-05,-4.529477532209424e-07,-2.4138741299755735e-06,-2.965200622661968e-06,-8.979915905093462e-07,3.626825465802519e-07,-2.472814097694525e-06,-2.937155836390765e-06,-7.497971122020004e-07,-1.2139146333768585e-06,5.9482039859248564e-08,3.148357830762695e-07,-8.257186763295146e-08,-3.0617856030460384e-06,-3.0101022373554736e-06,1.298586475080726e-07,-4.5098402114805274e-07,4.881396182649127e-07,7.556715411945245e-07,-2.441313796119821e-08,-3.031196941544886e-06,-3.0754324857191736e-06,-3.3430917334795073e-06,-3.0964431929567145e-06,-2.178498011094939e-06,2.811373666561236e-07,-2.131034445694714e-08,-2.324936001718764e-06,-1.9151271868488263e-08,-1.4256204342031612e-06,7.36196094116768e-07,-1.0448536986914455e-08,-7.680411785948831e-07,-2.979334061284449e-06,3.6884781597974306e-08,-4.010646189246011e-07,-1.4989627013928266e-07,3.223459448088597e-07,5.884077511750225e-08,-5.497591237747249e-07,-1.5633879862901306e-07,-1.503174093945548e-07,-1.3132147265534328e-07,-3.6036847411878987e-07,-6.590442977001265e-08,-1.9906616443131175e-07,-1.545947701138222e-07,-1.5167853128332832e-07,1.1834683316705845e-07,1.950353782924896e-07,-1.5443857239858253e-07,-2.0213118857138575e-08,-2.1059611394240957e-07,-1.6649145893521818e-07,-9.355123035214104e-07,-1.904522811285196e-07,-1.4140268693271429e-07,-1.2784253844481285e-07,5.01170295657818e-08,2.309088980246104e-08,-1.224478465323552e-07,4.785292633024511e-08,3.027664947156955e-08,-1.5452940618646796e-07,2.5205661116907893e-08,2.6422969424479412e-08,-7.301095846388411e-07,5.301467836051553e-07,movement,movement,no movement,no movement
2133.333333333336,0.0178444241168931,0.3710238706530911,-0.1347925335999999,0.0277391352048603,0.3851030778980686,-0.1266256116666667,0.0297682610461511,0.3864285909001171,-0.1157510833666666,0.0281219424214425,0.3861198745784047,-0.1182654306333333,0.0094937934773363,0.3925927978289739,-0.1371330260999999,0.0108989938242084,0.3911594799871087,-0.1499136746333333,0.0134101602538723,0.3821492872857648,-0.1303601502666666,0.0776881202130266,0.383855123804586,-0.0260202303433333,-0.038121789871604,0.3489560746995647,-0.0200713883533333,0.0470586281034293,0.3638032270129802,-0.0849451830833333,0.0143064481041888,0.3365553220040425,-0.1120936615,0.1422726943513372,0.2524736112188803,0.06050156606,-0.0796482879543313,0.3166565219683268,0.1185488846666666,0.1139110417306004,0.1516409914229258,-0.0398079612633333,-0.0686873263382178,0.1477895345301873,-0.0143755499106666,-0.002808036253401,0.2035109927074886,-0.0974538048266666,0.0501666597028104,0.1955531530589883,-0.1287993294666666,-0.0449605856237661,0.2290661698034721,-0.1012983056533333,0.1082752387818265,0.2173312022150271,-0.1810187240999999,-0.0492834882373901,0.2467808969637576,-0.0909766954166666,0.1249804351030072,0.2663783468952709,-0.1676202963666666,-0.006876776194016,0.2023810708464619,-0.09168606248,0.0644813573118743,0.2164220144257861,-0.122557223,0.0739173313376379,-0.1166894465672364,0.0255752372666666,-0.0725622214264214,-0.1050171217767528,-0.0240448747999999,0.0498786356005976,-0.4491206620691953,-0.0377314133166666,-0.050669220331659,-0.3940939850571156,-0.0626379190866666,0.0640416376689331,-0.7368893789758933,0.0985474229766666,-0.0702454262793562,-0.7148827087788499,0.0800300133866666,0.0473315300043839,-0.7636417492018307,0.1174694108666666,-0.069927195841707,-0.7425171620139417,0.0523210867066666,0.0395244868149783,-0.7824118388720219,0.0608915269366666,-0.0705765168637156,-0.7528568088796469,-0.0377754088533333,kalt_g_ch1_g18_compr.mp4,ch1g18,2.001553625964655e-05,1.5264272720362486e-05,3.5001653534221754e-05,1.0687759835359857e-05,5.432149937274754e-06,1.761431629397051e-05,3.524134808238816e-05,1.0340230558561622e-05,7.793445229828108e-06,1.131843200775178e-05,9.656204010022707e-06,6.669510056412243e-06,3.498759251259498e-05,3.5037941209793436e-05,1.0467002102759949e-05,2.65434463667407e-06,8.794710865513537e-06,1.2492475912722606e-05,7.118174613974027e-06,3.475507227447988e-05,2.38544819578896e-05,3.555411332470095e-05,3.507901138318702e-05,3.100329428525772e-05,5.304884125267927e-06,1.9917177251101593e-06,3.02695425034701e-05,7.861387952853737e-06,6.9389918604137795e-06,1.4757266269138207e-05,1.5822199824173256e-06,1.8695221587404505e-05,1.933963834418538e-05,2.277247868687967e-05,8.877511217539743e-06,-0.0005881791381104,-0.0005803348411788,-0.0005778527932337,-0.0005774975983192,-0.0005823705234186,-0.000581144335936,-0.0005774404928073,-0.0003176304199528,-0.0003090715980746,-0.0005077837012481,-0.0005017822157106,0.0001111457048325,0.0001167144759512,-1.8697201767114512e-05,9.940995213665309e-05,0.0001046183740078,0.0001775109607368,0.0001925673566284,0.0002701463788535,0.0002587657217517,0.0003337086211483,0.0001542067294304,0.0002202719814585,-2.466075873462303e-05,3.138607963241735e-05,-4.859438514508204e-05,6.043023041198027e-05,7.84655817807776e-06,4.710448616988741e-05,1.2730491514601638e-05,3.973526565487773e-05,2.4281181997957436e-05,3.0548089740097047e-05,-3.96225530657313e-07,-2.692089311146907e-06,-3.033803223759796e-06,-6.065737779312403e-07,3.681864243047316e-07,-2.9295750394880283e-06,-3.0179274272615147e-06,-9.549173327631546e-07,-1.3602276128905803e-06,-3.248632788725556e-07,2.821677123322457e-07,-3.275840874673615e-07,-3.131083791040842e-06,-3.077936171805995e-06,3.4378962833563205e-07,-1.4741825352712408e-07,2.0080607920757445e-07,7.976968000546733e-07,-2.694586921758846e-07,-3.119804168361306e-06,-3.897050393797565e-06,-3.454403579107002e-06,-3.1472835501859595e-06,-2.248514380510891e-06,2.823417605650093e-07,-1.711631678647628e-09,-2.379185587530996e-06,1.3209407606959736e-07,-1.4003400703167626e-06,5.475132266939965e-07,1.2082198444691002e-08,-6.759232450857612e-07,-3.551418564157893e-06,6.820635191159062e-08,-9.589132888435342e-08,1.729411948716793e-08,3.451840221541743e-07,-1.2861706141991098e-08,-2.426952825310138e-07,6.341480588985602e-09,-1.5723635688188977e-07,-2.6229427863006347e-08,-3.8355933151765284e-07,4.2472468073942914e-08,-2.016989884336178e-07,2.4708407598616245e-08,1.7300952989687813e-08,2.02586822122153e-07,2.091604443642641e-07,-2.535389828952992e-07,-1.100746096856989e-09,-2.1469071681530773e-07,1.0091622111208488e-08,-5.783388672579324e-07,-1.1314130222012057e-08,4.166500936802094e-08,-1.6917292672391306e-08,-1.9802046182374706e-08,1.4546047248400204e-08,8.39612602458771e-09,2.0920167985089515e-07,1.1723826499431149e-07,-1.870555365764542e-07,1.7579196641350363e-08,1.0880192049043297e-07,-3.993615157222106e-07,4.616859532796401e-07,movement,movement,no movement,no movement
2150.0000000000027,0.017779243493165,0.3704710360634869,-0.1344224741666666,0.0276499998751348,0.3845541546392235,-0.1263452127666667,0.0296850442463082,0.3858833519708911,-0.1154794083666666,0.0280405265583523,0.385574820742824,-0.1179943541666666,0.0094494885132782,0.3920409495650286,-0.1368416847999999,0.0108588946448022,0.3906078297951273,-0.1496173277666666,0.0133729120713027,0.3816004890062681,-0.1300723229333333,0.0775819750878106,0.3835418287374456,-0.0259219179466666,-0.0380872333843111,0.3486480917988156,-0.0199240518793333,0.0469670966310978,0.3633171257157916,-0.0846145156366666,0.0142639590590117,0.3360720776885798,-0.11176560921,0.1422213232741407,0.2525590786210334,0.0608061788266666,-0.0796268989424518,0.3167600487669028,0.1187531395999999,0.1140563645533827,0.1515530601573544,-0.0392704614799999,-0.0685721725879699,0.1479185188974924,-0.0137873187483333,-0.002702604594652,0.2036559473335198,-0.0974106950233333,0.0499958056692947,0.1957083467820315,-0.1281839040666666,-0.0448280997353477,0.2293293727814821,-0.1013685931899999,0.1081055952273108,0.2175621913612232,-0.1804435178999999,-0.0491889440620902,0.2471013755964911,-0.0910233489633333,0.1247832155944029,0.2666531328234106,-0.1671130548666666,-0.0067795378286297,0.2025847525756362,-0.0916507532433333,0.0642963084429753,0.2166127962372686,-0.1227239,0.0739266432227101,-0.1167141279266277,0.0255878684866666,-0.0725730979632296,-0.1049858779179165,-0.0240577463,0.0497212787687504,-0.449168731637355,-0.03781557781,-0.0508468740326398,-0.3940385815978099,-0.0628207906066666,0.0639468429536987,-0.7368827759578195,0.09783840635,-0.0703536860609873,-0.714835253783167,0.0793055877233333,0.0472339909241942,-0.7636300207034428,0.1166935923333333,-0.0700285474926954,-0.7424771611114582,0.0515574465266666,0.0393824025125967,-0.7823921738001681,0.0600460266233333,-0.0705672556020474,-0.7528320752569123,-0.0385058091366666,kalt_g_ch1_g18_compr.mp4,ch1g18,1.952298813706249e-05,1.2376609302611056e-05,3.1548545504665965e-05,1.034766064430177e-05,5.932767482938264e-06,1.4371972219627384e-05,3.180409683750747e-05,9.179031731747483e-06,6.307846637091073e-06,1.0790697571064033e-05,9.297752139697684e-06,5.993368072947653e-06,3.1470133952942964e-05,3.153851625419639e-05,1.0374909519554512e-05,2.5490479826474566e-06,8.722502044760144e-06,1.2941578240372089e-05,6.539220949966411e-06,3.123991484973566e-05,1.9598752633971498e-05,3.1614480389546386e-05,3.155654718078327e-05,2.8431868881733672e-05,5.726784483899546e-06,2.002744485034142e-06,2.759731622677227e-05,7.565762082742953e-06,5.497114512053879e-06,1.45939800637948e-05,1.6068151077452472e-06,1.8062710419617604e-05,1.575998100264275e-05,2.0618778869533578e-05,8.692380062877612e-06,-0.0005225596255232,-0.00052305146166,-0.0005195632382957,-0.0005199900648642,-0.0005240151576785,-0.0005228567455956,-0.0005191891614658,-0.0003105006437478,-0.0002971697487,-0.0004650695471977,-0.0004576243191074,7.029566708290922e-05,8.028483092296374e-05,-7.963707874780656e-05,4.0325972858240016e-05,6.5646836579649e-05,0.0001156599150979,0.0001530863880611,0.0002006842148102,0.0002139532555243,0.0002576670808482,0.0001162677100598,0.0001552195381989,-2.467329411720217e-05,3.124779612229876e-05,-4.4486645093785194e-05,5.7158101741749944e-05,9.554427148755276e-06,4.6414607148991015e-05,1.4427053165332774e-05,3.9003434599833733e-05,2.2143335517966777e-05,2.5770894153537615e-05,-3.68265830890585e-07,-2.5725265851904153e-06,-2.9140456441562775e-06,-2.302368729260355e-07,3.455297471889567e-07,-2.970472640176725e-06,-2.9139679511948814e-06,-1.126099758630898e-06,-1.3056767827339616e-06,-7.258356062211292e-07,1.2414381475171465e-07,-4.967588379838732e-07,-2.989763310627025e-06,-2.957737682751603e-06,5.630100984546149e-07,1.4402437184765617e-07,-1.083932563282886e-07,5.190840832259994e-07,-4.454036375371746e-07,-2.9981000664418164e-06,-4.218907987496857e-06,-3.3564101348430132e-06,-2.982884476282095e-06,-2.1992251285342526e-06,2.50079138552377e-07,1.053637906030013e-08,-2.2860518991683827e-06,2.2649938492492338e-07,-1.2516192109963846e-06,-4.751597935546398e-09,2.7955550463710243e-08,-4.965678364939404e-07,-3.691091002667308e-06,6.865958801351128e-08,1.907568974891413e-07,1.7051848214070273e-07,3.367885381472413e-07,-7.35108240472876e-08,6.634888209048513e-08,1.5704003077610006e-07,-1.1921212298474961e-07,9.437622019325793e-08,-3.5660078595757106e-07,9.490785792718434e-08,-1.5038405621217145e-07,1.89518796782956e-07,1.724930966695367e-07,2.649322603834495e-07,2.0813162876682057e-07,-2.952651275619704e-07,-5.4135407327514284e-08,-1.6688392748111638e-07,1.7563059875060276e-07,-1.628443129045579e-07,1.62641017801676e-07,2.0783597902674757e-07,8.243561541427884e-08,-7.818866806931874e-08,4.932365560932822e-09,1.238999511137613e-07,2.8799868825980474e-07,1.9995409294116584e-07,-2.5084424928322844e-07,8.698844905781646e-09,1.569245940244776e-07,-5.8924595406884896e-08,5.50406268494728e-07,movement,movement,no movement,no movement
2166.6666666666692,0.0177066460019825,0.3699627876242236,-0.1340217446999999,0.0275580771715274,0.3840381357171211,-0.1260171083333333,0.0295994720356083,0.385371406515636,-0.1151608729666666,0.0279567018954781,0.3850621697341606,-0.1176738813666666,0.0094034302420998,0.3915259750658018,-0.1364923136666666,0.0108170033746014,0.3900940730284269,-0.1492626036333333,0.0133340590599452,0.3810912502602666,-0.1297259909,0.0774842106785343,0.3832251293432612,-0.0257850026033333,-0.0380383858840679,0.3483455059410676,-0.0196638224093333,0.0468729830387154,0.3628569302568576,-0.08426071985,0.0142195441030415,0.3356212330682516,-0.11139830975,0.1421806816833005,0.2525923539147422,0.0611090707533333,-0.0796006804806584,0.3168250063387218,0.1190934756666666,0.1141956843067372,0.1513789559362218,-0.0387484310866666,-0.0684295509195086,0.1479205943933579,-0.0130631263346666,-0.0025869490819126,0.2037344913734207,-0.0973714478499999,0.0498522061654895,0.1957793362993734,-0.1275560855999999,-0.0446759424371972,0.2295376310797612,-0.1014483402299999,0.1079611974481071,0.2177222883141953,-0.1798414389666666,-0.049064054938136,0.2473791126190704,-0.0910844561433333,0.1245989379109851,0.266863948301606,-0.1665901691333333,-0.0066673933796506,0.2027272472927878,-0.0916206275966666,0.0641355680414315,0.2167190637700558,-0.122559659,0.0739372491629064,-0.1167389783555549,0.0255975409533333,-0.0725849953283836,-0.104954767238125,-0.0240669093966666,0.0495857118567353,-0.4492237933873569,-0.0379259666066666,-0.0510262047871487,-0.3939864234877827,-0.0630086366333333,0.0638512501515035,-0.7368806192213964,0.0972208647166666,-0.0704543806162643,-0.7147904383492008,0.0786593705566666,0.0471355422284349,-0.7636218531477575,0.1160292295333333,-0.0701184532276106,-0.742439903305293,0.0508800473133333,0.0392516340166554,-0.7823724944760504,0.0592882777433333,-0.0705396656027111,-0.7528086008495501,-0.0392183406333333,kalt_g_ch1_g18_compr.mp4,ch1g18,1.9229580510034403e-05,1.0237318269557306e-05,2.8500482182085287e-05,1.0356440286811488e-05,6.239509406826761e-06,1.1567229593948187e-05,2.8754643473925303e-05,7.829058729057674e-06,4.97465163617138e-06,9.809229347512856e-06,1.0219425094408269e-05,5.279272327241712e-06,2.83729521831649e-05,2.8447387492632637e-05,1.1436967395269116e-05,2.793967503988023e-06,8.129649288229615e-06,1.4448655841908448e-05,5.890257012617784e-06,2.811006748122976e-05,1.498932029497216e-05,2.8055831620462565e-05,2.848646001400237e-05,2.613546032462887e-05,5.962231018821598e-06,2.032705422926438e-06,2.5230996052881912e-05,8.835155116869154e-06,4.211220433122606e-06,1.5336367861842553e-05,1.6531631254002024e-06,1.7716123023471118e-05,1.1992597907997308e-05,2.051640148530175e-05,8.381129183856517e-06,-0.0004636137221204,-0.0004727426079205,-0.0004685343457449,-0.0004696702298625,-0.0004733718548944,-0.0004717256183637,-0.000467516915669,-0.0003078859506139,-0.0002899041584666,-0.000427564153701,-0.0004188059805696,2.622931407561957e-05,4.202919379473818e-05,-0.0001267907936386,-2.130950490176298e-05,2.8229864768265108e-05,4.7511349551647006e-05,0.0001082824531441,0.0001242527294813,0.0001635616485027,0.0001749699535937,7.494832896887296e-05,8.103604715897172e-05,-2.467312881370588e-05,3.100225161533361e-05,-4.0137838196191267e-05,5.390652657842846e-05,1.4381912635248884e-05,4.917493117375217e-05,1.930361959510014e-05,4.214706605903241e-05,2.4190470009198872e-05,2.847915972817447e-05,-3.436718100698148e-07,-2.0371088041787364e-06,-2.700270825026471e-06,2.2462941683105925e-07,2.618983755034707e-07,-2.5569845331611285e-06,-2.7169055923992347e-06,-1.225586335050374e-06,-1.0568832265774333e-06,-1.0787810038692165e-06,2.1808740305193767e-07,-5.83131531375388e-07,-2.7337750175505827e-06,-2.742355994034831e-06,8.251471504749271e-07,3.652491240469832e-07,-4.240352546789926e-07,3.876567202737692e-07,-5.602835112312864e-07,-2.754909821230421e-06,-3.988713965521732e-06,-3.138537369683874e-06,-2.705853033633429e-06,-2.103587159102047e-06,1.613323499031964e-07,1.1871474634897066e-08,-2.121007207312511e-06,5.750988825667129e-07,-9.704381865491764e-07,-4.3530875294201067e-07,3.2923217422646593e-08,-3.0129030062423697e-07,-3.3598349723911855e-06,3.5694562946661084e-08,3.859124345525702e-07,2.7207409419191993e-07,2.976407888262855e-07,-1.0815920273656413e-07,3.0482466015836844e-07,2.5841257789951524e-07,-4.9928607179278474e-08,2.0715826887498514e-07,-2.8431230358402125e-07,6.340584209094196e-08,-7.069644574114505e-08,3.000083326890937e-07,2.760111355198934e-07,2.704264583289489e-07,1.8440177686508726e-07,-2.752699446234106e-07,-1.753912704819573e-07,-9.091672835176173e-08,2.9010218321486384e-07,2.382886294119733e-07,2.912228995987959e-07,3.163494295378333e-07,1.4527371520196794e-07,-1.0915364271974277e-07,-5.494815417861118e-09,1.9754280901950466e-07,2.52078180518703e-07,2.6812258973351477e-07,-3.451777404161339e-07,-1.459730033105675e-09,1.5611394069873033e-07,2.4328319431343717e-07,6.117126161633286e-07,movement,movement,no movement,no movement
2183.333333333336,0.0176431085182951,0.3695257489621477,-0.1335056015,0.0274781668199136,0.3835844369018227,-0.1255476055333333,0.0295255752263149,0.3849218195182485,-0.1147025971666666,0.0278843316575705,0.3846115070226145,-0.1172144770666666,0.0093664062261416,0.391071773546354,-0.1360009457333333,0.0107833964941463,0.3896426509923618,-0.1487630417333333,0.0133040870057156,0.3806452384313047,-0.1292372306,0.0774071617568388,0.3829162194349343,-0.0254845158133333,-0.0379805882673878,0.3480586529900998,-0.0192394063893333,0.0467933129452354,0.3624445465248495,-0.0837974372866666,0.0141842394807164,0.3352193304563344,-0.1109141417,0.1421533702851996,0.2525698872247049,0.0614916384466666,-0.0795738049204996,0.3168326423407033,0.1195521768666666,0.1143399950860886,0.1511927672551338,-0.0381910337799999,-0.0682912188772286,0.1478577582059781,-0.0123036192599999,-0.0024250995482346,0.2038135780344259,-0.0972438397699999,0.0497324727647816,0.1957963373922245,-0.1270135228999999,-0.0444641856965061,0.2297452890047462,-0.1014453599966666,0.1078480417723491,0.2178107313342362,-0.1793584217999999,-0.0488735218830645,0.2476398375079389,-0.0910480694966666,0.1244578147287224,0.2669904116371946,-0.1661720872333333,-0.0065079545784377,0.2028579976933967,-0.0915015226166666,0.0640077906922414,0.2167573047700976,-0.122092962,0.0739490077157886,-0.1167636435369016,0.0256126070199999,-0.0725981161269696,-0.1049239226454441,-0.0240811757066666,0.0494643126875321,-0.4492665626792821,-0.0380232290933333,-0.0511787083330334,-0.3939352461829845,-0.06321212366,0.0637548352962503,-0.7368699095077339,0.0967927605833333,-0.0705301713019328,-0.7147433551067,0.0780666594866666,0.0470354428763572,-0.7636054405380438,0.1155802185666666,-0.0701835035373441,-0.7423993297378272,0.05026896609,0.0391419828212797,-0.7823354438983312,0.05875595065,-0.0704849955776388,-0.7527677409628635,-0.0398755554166666,kalt_g_ch1_g18_compr.mp4,ch1g18,1.897837800979089e-05,8.665249940120464e-06,2.5870750351298173e-05,1.081256312749443e-05,6.3292292234359155e-06,9.464973829469356e-06,2.6109822134132592e-05,6.450073197979389e-06,3.940631093007878e-06,8.561156817885624e-06,1.2542454228160017e-05,4.569571051836942e-06,2.564223883311341e-05,2.578532695847046e-05,1.3429807171036212e-05,3.3487093896553255e-06,7.508611705684398e-06,1.6779606833612477e-05,5.1920343911547575e-06,2.5334803026797525e-05,1.112654488487599e-05,2.5020446808881873e-05,2.5777500098216335e-05,2.413934799259041e-05,5.98595515811346e-06,2.0193482176555457e-06,2.3165287941069347e-05,1.159750925659013e-05,3.305869694570088e-06,1.6744905230271077e-05,1.6627761888808997e-06,1.7385803958358196e-05,9.084131493441317e-06,2.2513551908100137e-05,7.92394347997756e-06,-0.0004127272124957,-0.0004290988313984,-0.0004245902907183,-0.0004262360980672,-0.0004285430200624,-0.0004264907069487,-0.0004215713884864,-0.0003067858681997,-0.0002825095591408,-0.0003948111830836,-0.0003844812813865,-1.6037443924893237e-05,6.145224600514869e-06,-0.0001645597901836,-7.606681306821475e-05,-1.6498428419777685e-05,-1.1272765658033282e-05,5.350515657628165e-05,6.10419065751017e-05,9.70134933509724e-05,0.0001031870868169,2.172489865854536e-05,1.4734063088351942e-05,-2.4355101105394788e-05,3.0338632853033253e-05,-3.756026162767382e-05,5.050147849944656e-05,1.5443251116540577e-05,4.99273081549442e-05,2.0317916081428484e-05,4.306704349368546e-05,2.6157836832188743e-05,3.4121749443653384e-05,-3.360862103358238e-07,-1.3339320790724737e-06,-2.4012018509221425e-06,6.590548831680609e-07,1.4575517644753912e-07,-1.917388178511923e-06,-2.432988492867421e-06,-1.2360480254222169e-06,-6.979614869948131e-07,-1.3299063717583635e-06,3.445989274188967e-07,-5.796537770522017e-07,-2.392849786642652e-06,-2.44021759121604e-06,1.1353937107048771e-06,4.790109853674809e-07,-6.640079953062107e-07,1.64632039269365e-07,-5.824645182452126e-07,-2.4190714541765774e-06,-3.405161574843943e-06,-2.805102470488756e-06,-2.350055882040604e-06,-1.9522160718823873e-06,4.3912326176683795e-08,3.584871362906125e-09,-1.9030692829998845e-06,9.128959984483204e-07,-5.85103588560781e-07,-8.738032807619105e-07,2.8308595975722483e-08,-1.535887171921424e-07,-2.7922345317237076e-06,-1.0229832145152664e-08,4.758764521911073e-07,3.1464474840116405e-07,2.32629152398102e-07,-1.1234565866198569e-07,4.453108236327749e-07,3.030940017080915e-07,3.5291809925975185e-08,2.8993514376623116e-07,-1.8133520963292975e-07,-1.6167542153133316e-08,2.1847163848749204e-08,3.4623056403749373e-07,3.201293145557905e-07,2.207000018119105e-07,1.4768049336798634e-07,-2.162343223226051e-07,-2.994768982306479e-07,-8.641968818802554e-10,3.41824418436859e-07,5.624420508882483e-07,3.598312991671369e-07,3.5868095288110653e-07,1.707453928268007e-07,-1.0899785061139593e-07,-1.4164905215236886e-08,2.242547815700814e-07,1.3836501266094433e-07,3.0170125906068025e-07,-3.9854519109042993e-07,-1.0406711359640964e-08,1.1576714257706786e-07,4.588580268729264e-07,5.902779750455671e-07,movement,movement,no movement,no movement
2200.0000000000023,0.0176027833675216,0.3691539332506349,-0.1330265413333333,0.0274265432122429,0.3831891183049607,-0.1250934082333333,0.0294798514613409,0.3845305253678778,-0.1142589163333333,0.0278398563404765,0.3842181526371822,-0.1167686561666666,0.0093581759923443,0.3906791774769006,-0.1355246644,0.0107777429183591,0.3892528802417838,-0.1482797374666667,0.0133018274512853,0.3802612133070286,-0.1287632288999999,0.0773609855581303,0.3826133841493,-0.02517369398,-0.0379054615010006,0.3477876020309076,-0.018818361726,0.0467342277307417,0.3620770178518164,-0.0833616726966666,0.0141680994050732,0.3348656215957095,-0.1104532887666666,0.1421326528283115,0.2525268837922377,0.0618545629333333,-0.0795436027360018,0.3168175364008269,0.1200117778666666,0.1144773996749099,0.1510497259888798,-0.0377208790466666,-0.0681394712029401,0.1477089926785476,-0.0115578028479999,-0.0022996679753445,0.2038334930649768,-0.0969550319199999,0.0496425251117558,0.1956901750660919,-0.1264678960333333,-0.0442999494084031,0.2298303609264848,-0.1012388696966666,0.1077607199303922,0.2177625161381969,-0.1788579891333333,-0.0487356353527492,0.24774123660543,-0.0908173841366666,0.124332780653672,0.2669664444783812,-0.165726396,-0.006391088270866,0.2028991771545865,-0.0912192841933333,0.0639073817740939,0.2166649108473696,-0.128900483,0.0739624023860876,-0.1167875906748674,0.0256265975366666,-0.0726128853046967,-0.104894371757287,-0.0240943336166666,0.0493857151472339,-0.4492979617964942,-0.0381382509066666,-0.051300547576047,-0.3938869772689155,-0.0634043977866666,0.0636682219085815,-0.7368576605495833,0.0963657576166666,-0.0705860011082877,-0.714697882263844,0.0775613832133333,0.0469433241231742,-0.7635897034113198,0.1151339757,-0.0702314748418512,-0.7423604488456444,0.0497542847,0.0390447443072665,-0.7823101229867833,0.0582255663566666,-0.0704251235452928,-0.7527305891330284,-0.04043510321,kalt_g_ch1_g18_compr.mp4,ch1g18,1.8741744351159047e-05,7.879934466371227e-06,2.3833201938798068e-05,1.1689928030555565e-05,6.401163141370919e-06,8.169434554464614e-06,2.4029931157139777e-05,5.226442469005993e-06,3.378832810256177e-06,7.129609443595313e-06,1.3537263481306542e-05,4.109717894517544e-06,2.3597031495868503e-05,2.371136358570036e-05,1.5450147498047118e-05,4.198439833166128e-06,6.77756245377164e-06,1.7393074480851646e-05,4.695584877422921e-06,2.324812516895737e-05,8.316074238491397e-06,2.264339597766394e-05,2.3787217028625724e-05,2.2465997145982208e-05,5.938632367977315e-06,2.021975362867499e-06,2.1561666001739325e-05,1.324702573392836e-05,2.8605080686027317e-06,1.6331655131861263e-05,1.692132064656098e-06,1.7330305224536426e-05,6.930018692193722e-06,2.475759546201217e-05,7.570724651119645e-06,-0.000373337593124,-0.0003955240589289,-0.0003909968669796,-0.0003931943531978,-0.0003954947386924,-0.000392455432032,-0.0003867595543924,-0.0003062339089089,-0.0002794750605376,-0.0003681357582275,-0.0003577716048082,-5.0669519549026216e-05,-2.471046298650074e-05,-0.0001875607753967,-0.0001272406542678,-5.5838251560891106e-05,-6.082212195511277e-05,9.599820661336083e-07,1.3565428981298465e-05,4.013575364708456e-05,5.1125100487491086e-05,-2.7137071662499507e-05,-4.193592308993744e-05,-2.360828433796555e-05,2.90755946397733e-05,-3.593474266244064e-05,4.601714311353434e-05,1.9342006446670396e-05,5.1754728023335755e-05,2.4140662412925896e-05,4.51536391521135e-05,2.9019509728280287e-05,4.5505589694354794e-05,-3.670964208160421e-07,-7.350732075825984e-07,-2.043222623398703e-06,8.933739881193831e-07,1.7517788375315065e-08,-1.3097812379811462e-06,-2.084229515869892e-06,-1.1292219008931138e-06,-3.2431521739079453e-07,-1.453632136387958e-06,5.089538935719992e-07,-5.053376125324627e-07,-1.997636383025556e-06,-2.076085454360848e-06,1.4556499295476284e-06,5.376795409466711e-07,-8.216730900101837e-07,-2.885670408530475e-08,-5.327088633627398e-07,-2.0234504483578596e-06,-2.613015421610873e-06,-2.384463807014038e-06,-1.945064025783233e-06,-1.7528143012875356e-06,-7.856051040082379e-08,-1.2726318366522616e-08,-1.646581375997736e-06,1.1960353765791624e-06,-2.198608171310258e-07,-1.1212040309408897e-06,1.4857472144157882e-08,-6.55983739101205e-08,-2.1728211671082267e-06,-5.8068731111914154e-08,4.679251625261194e-07,2.916965532765981e-07,1.5517595884419673e-07,-9.47754963198865e-08,4.971157080231375e-07,2.843458743226973e-07,1.1417165158547593e-07,3.2859164887233065e-07,-6.062653745343712e-08,-7.129806722576759e-08,1.0289453665637261e-07,3.159483975706219e-07,2.983625854535777e-07,1.449324959353224e-07,1.0336903245092109e-07,-1.3578919511685218e-07,-3.463565244971303e-07,7.980658885135801e-08,3.170794183159363e-07,8.009791810652278e-07,3.603578579605824e-07,3.218971268245117e-07,1.6001326928671437e-07,-8.541200551535818e-08,-2.249301544715154e-08,2.001523354347541e-07,2.1610391022858956e-08,2.942363134180393e-07,-3.4304177216205906e-07,-1.9358378239645892e-08,3.3589588248635344e-08,6.098830065141692e-07,5.143014420614763e-07,movement,movement,no movement,no movement
2216.666666666669,0.0175736670940535,0.3688411993298875,-0.1324853758666666,0.027389037419342,0.3828485949115733,-0.1245795866333333,0.0294469147584237,0.3841941672184853,-0.1137544318333333,0.0278081764350896,0.3838791558019103,-0.1162652509999999,0.0093588904102892,0.3903386296131459,-0.1349869326666666,0.010780654945141,0.3889161329286225,-0.1477326607,0.0133083689669923,0.379930366643396,-0.1282268494333333,0.0773316259610974,0.3823196007232186,-0.0248016389933333,-0.0378217280977335,0.3475245857124342,-0.0183479929426666,0.0466889491831324,0.3617508616161555,-0.0828717605166666,0.0141602099304288,0.3345526840294873,-0.1099373390333333,0.1421247435385085,0.2524541588959025,0.0622667805833333,-0.0795116357204862,0.3167735126442839,0.1204809794333333,0.1146653213463437,0.1509300784202409,-0.0373122719466666,-0.0679824811797746,0.1475310040122113,-0.0109588373546666,-0.0021596925732682,0.2037548058389247,-0.0967028259533333,0.0495856307833831,0.1956490059026272,-0.1260620529666666,-0.0441292241044126,0.229748785878613,-0.1010668715533333,0.1077066350045399,0.2178215437862844,-0.1784966513666666,-0.0485966597583894,0.2476715727874843,-0.0905947059033333,0.1242618350343642,0.2670757485395691,-0.1653970480666666,-0.0062675342182994,0.2028238428465749,-0.0909689210933333,0.0638476078222706,0.2166484231014198,-0.128858358,0.073979462804982,-0.116811261867243,0.02564204818,-0.0726316158553492,-0.1048652526888359,-0.0241090444766666,0.0493243367116496,-0.4493256844931646,-0.0382893791066666,-0.0513909603226395,-0.3938447576844157,-0.0636075627,0.0635815065495483,-0.7368441827118841,0.0958899136166666,-0.0706304431064022,-0.7146636364360908,0.07704595751,0.0468507572729792,-0.7635737742107914,0.1146337998666666,-0.0702699742882509,-0.7423340557763685,0.0492274906566666,0.0389501732384491,-0.7822849163852911,0.05763870747,-0.0703594052608851,-0.7526960949655505,-0.0410239207999999,kalt_g_ch1_g18_compr.mp4,ch1g18,1.8354620840995507e-05,7.785548163349496e-06,2.2113257390936103e-05,1.2808505615748358e-05,6.426060748653229e-06,7.540931779083043e-06,2.2248869492938313e-05,4.181236582981425e-06,3.3788173418404975e-06,5.62380546063268e-06,1.3784874581331988e-05,3.753997791059065e-06,2.195136836617319e-05,2.195761131545271e-05,1.7187749175714612e-05,5.020010978705429e-06,5.9611323691339875e-06,1.68823209911995e-05,4.282054727163077e-06,2.157686448530045e-05,6.565435788692145e-06,2.0632491005792623e-05,2.2208173513277658e-05,2.086455661746922e-05,5.838669063078493e-06,2.0152616056466325e-06,2.0135651879557373e-05,1.4211680910971445e-05,3.0009543400484627e-06,1.4815020173174738e-05,1.7159133098449737e-06,1.731653302177149e-05,5.4208590506075365e-06,2.687123317518272e-05,7.240583478875825e-06,-0.0003413494430584,-0.000367485510045,-0.0003632102151953,-0.0003659093485276,-0.0003692622549204,-0.0003650153740007,-0.0003587396407246,-0.0003027763748316,-0.0002776069175725,-0.0003437191953486,-0.0003345970097423,-7.428084762734827e-05,-4.905094658768295e-05,-0.0001980637077148,-0.0001718756650147,-9.446833452998652e-05,-0.0001000153762334,-5.2262889729116224e-05,-1.8078150498334517e-05,-1.3754853591393744e-05,1.7950393154798318e-05,-7.553684296181975e-05,-8.620116746610162e-05,-2.2527585818241928e-05,2.7351570658390713e-05,-3.501516332085904e-05,4.100750950271366e-05,2.4538721334937776e-05,5.3842963204245066e-05,2.930496490705133e-05,4.756728563805299e-05,3.095623183545366e-05,5.559531163907248e-05,-4.390559205782859e-07,-2.3472798319564775e-07,-1.682430259399131e-06,8.961031290725313e-07,-8.62099234268957e-08,-7.113190149530058e-07,-1.7265558568989833e-06,-9.400960979565768e-07,9.67778339836509e-09,-1.440479020614118e-06,5.378304082733842e-07,-3.548950157022073e-07,-1.6186179490438198e-06,-1.7071679888691692e-06,1.6654658117126278e-06,5.672811257928977e-07,-8.831896682676839e-07,-3.145218272569072e-07,-4.079626673270051e-07,-1.638955720930963e-06,-1.7062382536192027e-06,-1.9361367337008763e-06,-1.564671422365167e-06,-1.542834190686781e-06,-1.7108671876368044e-07,-4.030383824358513e-08,-1.4026946826951664e-06,1.2436699548401465e-06,7.368174054442552e-08,-1.2931980770997028e-06,-9.919284837824846e-09,-7.610390643913067e-08,-1.5368627359631015e-06,-9.50405690461404e-08,3.803647303070631e-07,2.1919144720985027e-07,7.1610825587094e-08,-6.40162923470579e-08,4.775964374714967e-07,2.1750524033434406e-07,1.7196744247049314e-07,3.178314661884246e-07,6.016971139633857e-08,-9.436103920005677e-08,1.6159972946179348e-07,2.254383821684665e-07,2.2677785148490562e-07,6.623828949876985e-08,6.256263325474878e-08,-5.3994829734081305e-08,-3.060896137197066e-07,1.4032199217228986e-07,2.3066818374519639e-07,9.458160435037712e-07,3.077964547933708e-07,2.2377531870257642e-07,1.2682063627157406e-07,-4.7934721051955035e-08,-2.9066157300719458e-08,1.3986793429828108e-07,-8.000260213786335e-08,2.467780813302528e-07,-1.8444491012291525e-07,-2.669965815480343e-08,-7.818185117071214e-08,7.014231595793297e-07,4.007410207944554e-07,movement,movement,no movement,no movement
2233.3333333333353,0.0175493697498338,0.3685269187067636,-0.1318117187,0.0273527864015831,0.382507856354122,-0.1239110628999999,0.0294152932873183,0.3838577900926149,-0.1130996107333333,0.0277775536601834,0.3835395008942356,-0.1156106678333333,0.0093605908460228,0.3899930170999686,-0.1343089310666666,0.0107839512124233,0.3885754086234348,-0.1470482876333333,0.0133158078869717,0.3795963291978113,-0.1275514826,0.0772951258870195,0.3820236748925993,-0.0242450057133333,-0.0377414121776504,0.347248395020664,-0.017727949356,0.0466491378622978,0.3614299510894027,-0.0822418161599999,0.0141556016931655,0.3342382325649817,-0.10929280022,0.1421173361035581,0.2523793221166373,0.06282524978,-0.079487847314786,0.31671042965653,0.1210242924333333,0.1149095197135504,0.1507575339859653,-0.0366910669999999,-0.0678362151225354,0.1473402577915775,-0.0102855000343333,-0.0020103539421403,0.2035800791096973,-0.0961542983233333,0.0495204612323634,0.1955059749075577,-0.1256316361666666,-0.0439763385208911,0.2295626067255747,-0.1005894202066666,0.1076407649693527,0.2177460030460425,-0.1781206329666666,-0.0484890085537298,0.2475414361631364,-0.0900774543133333,0.1241820293904433,0.267043369413344,-0.1650552089666666,-0.0061495150480302,0.2026654132757624,-0.09041580961,0.0637797893168412,0.2165191929422807,-0.133658618,0.073998469008217,-0.1168334704241007,0.0256630165966666,-0.0726526014591584,-0.1048381359214539,-0.0241288022366666,0.04926677035321,-0.4493550666363763,-0.0384491890933333,-0.0514538492088926,-0.3938011649725952,-0.0638246928599999,0.0634837077331308,-0.7368065736949059,0.09544595785,-0.0706561820418897,-0.7145940501164881,0.0765378222,0.0467430175530031,-0.7635309432121375,0.1141715169,-0.0702932645786591,-0.7422696360483586,0.0487095673933333,0.0388479874080352,-0.782236368264863,0.05707837923,-0.07028454910438,-0.7526193955719985,-0.0416182205833333,kalt_g_ch1_g18_compr.mp4,ch1g18,1.7872095478519335e-05,7.677410816168101e-06,2.0746727397718855e-05,1.3766652037970686e-05,6.232568019086734e-06,6.950853236160776e-06,2.0819009123266655e-05,3.3729180627279215e-06,3.787396593285418e-06,4.1464978072936284e-06,1.3276440611842338e-05,3.570494620858559e-06,2.0701788970424342e-05,2.0566932521287415e-05,1.826163063252912e-05,5.650934457691357e-06,5.073180601880876e-06,1.5149289433534538e-05,4.017087879480038e-06,2.0316975853203064e-05,5.218569769857123e-06,1.90467499897102e-05,2.1019939650122444e-05,1.944965397223839e-05,5.556882715628161e-06,1.9676986258868255e-06,1.8932937341417457e-05,1.4447481701026486e-05,3.4586447184370123e-06,1.2040946429637424e-05,1.7017645857588891e-06,1.7329855224959806e-05,3.965617434584711e-06,2.8119036719546393e-05,6.856817085697447e-06,-0.0003181305118952,-0.000346067414516,-0.0003421636293827,-0.0003452336552243,-0.0003504254011982,-0.0003450613178647,-0.0003384517300489,-0.0002967049003411,-0.0002762639556251,-0.0003233036933185,-0.0003164447566968,-8.748121690359786e-05,-6.705296430465416e-05,-0.0002112908103821,-0.0002113582707669,-0.0001536972473451,-0.000134220127325,-0.0001252762385494,-4.36891943893716e-05,-8.54203014644531e-05,-7.008277759367916e-06,-0.0001429362647872,-0.0001228303155544,-2.106653417991325e-05,2.515287558983459e-05,-3.4452190383063306e-05,3.608917714684212e-05,2.952321861092312e-05,5.589620883354644e-05,3.4001772927446285e-05,5.00310291032622e-05,3.028818188399429e-05,6.220697464260585e-05,-5.277889899479921e-07,-7.853846372593317e-08,-1.4231729031344483e-06,7.873349112630811e-07,-1.5447009266165025e-07,-4.1546428831548804e-07,-1.464669317914732e-06,-7.244647153270876e-07,2.825662991663966e-07,-1.3175595848726343e-06,4.909261628462954e-07,-1.7481784896480094e-07,-1.3686983081942203e-06,-1.4385599641609108e-06,1.6784253664932891e-06,5.756454765091743e-07,-8.743149893296314e-07,-5.591802651921944e-07,-2.512834529498229e-07,-1.3791899060809118e-06,-8.079152092783051e-07,-1.5702406832613163e-06,-1.3222411293698229e-06,-1.370593392228152e-06,-2.2224029813925786e-07,-7.319528015735304e-08,-1.2363494912606248e-06,1.1198296196062537e-06,2.6811313082956714e-07,-1.261427832427379e-06,-4.0164044945131084e-08,-1.970442623426516e-07,-1.0041544695487943e-06,-1.204495733461108e-07,2.434721607522468e-07,1.1600978603767836e-07,-2.0854619011072105e-08,-1.7987853897827844e-08,4.060328479183601e-07,1.1987229440659118e-07,1.9969775450078848e-07,2.6380626936896093e-07,1.669549660882419e-07,-7.77243766321294e-08,1.8719538579508e-07,9.772031209825017e-08,1.2380250052415937e-07,5.167658853512841e-09,3.2942612231910085e-08,2.0150697153013427e-08,-1.6806509491643288e-07,1.7111808987652877e-07,1.050688371425729e-07,9.947301524832095e-07,2.177695376554206e-07,8.868256254242842e-08,7.884003110844518e-08,2.7622452351895782e-09,-3.225081335999129e-08,5.8704317516689945e-08,-1.4598875317537216e-07,1.6981827065856821e-07,6.749833987797614e-08,-3.0679074784418574e-08,-1.966201122304785e-07,7.43888894578505e-07,2.8469813653621073e-07,movement,movement,no movement,no movement
2250.000000000002,0.0175235165706416,0.3682125004444591,-0.1311294541333333,0.0273174240403384,0.3821678787401617,-0.1232289289666666,0.029384708874092,0.3835217815616037,-0.1124323660333333,0.0277477748979684,0.3832004471295303,-0.1149432207333333,0.0093620728001262,0.3896481908234061,-0.1336151287666666,0.0107867096703994,0.3882359419677283,-0.1463469972333333,0.0133231509505244,0.3792635446509532,-0.1268610981666666,0.0772685661246465,0.3817260331106536,-0.0236670323266666,-0.0376603004424756,0.3469750486507875,-0.0170960267493333,0.046611143352106,0.3611125167879854,-0.0816028176133333,0.0141498546097886,0.3339261081209297,-0.1086319610266666,0.1421209864082198,0.2522924554712837,0.0634524513266666,-0.0794653632672432,0.3166431466301486,0.1215954589333333,0.115184722089122,0.1505496197856376,-0.0360490646266666,-0.067748056441792,0.147155525309664,-0.0095980825159999,-0.0018330000304948,0.2032788906107724,-0.0956504510766666,0.0494511065664552,0.1953733269653267,-0.1252554275666666,-0.0438073886455513,0.2292315148539998,-0.1001768363766666,0.1075742127895032,0.2176840195262203,-0.1778107732333333,-0.0483715464357117,0.2472643991204544,-0.08962711466,0.1241068058360569,0.2670226602371007,-0.1647789921,-0.00601124581338,0.2023655014027965,-0.0899081109033333,0.0637080044939859,0.2163931899256177,-0.136122704,0.074019335373394,-0.1168547061723905,0.02568895058,-0.0726755853550899,-0.1048129486632298,-0.0241520936833333,0.0492301807021945,-0.4493902679231538,-0.0385921719466666,-0.0514916527997929,-0.3937650864948119,-0.0640350984966666,0.0633809629857282,-0.7367684901067386,0.0951785021166666,-0.0706647322217574,-0.7145213046777839,0.0761787444499999,0.0466285482644055,-0.7634878369616632,0.1139092502666666,-0.070303500711094,-0.7422012567389088,0.0483574035333333,0.0387637296913205,-0.7821976218535381,0.05674266327,-0.0702192357965879,-0.7525362172373434,-0.0420403092633333,kalt_g_ch1_g18_compr.mp4,ch1g18,1.725545937286827e-05,7.828392563324114e-06,1.9592870454366818e-05,1.477095675205324e-05,5.956795026625585e-06,6.802699394913797e-06,1.9617324914086388e-05,2.83810673217561e-06,4.425622966407977e-06,2.8499206573202855e-06,1.304989714512834e-05,3.5183107678732444e-06,1.96668644166244e-05,1.940097228826137e-05,1.9563929158570822e-05,6.041676305055072e-06,4.202031078913932e-06,1.3632743776949977e-05,3.87572108364546e-06,1.928737439818519e-05,5.081992955576872e-06,1.779623810827784e-05,2.0031455444894375e-05,1.822118121344711e-05,5.226469942171659e-06,1.876874155369406e-06,1.7895838861164045e-05,1.5015011772720852e-05,3.967791157065531e-06,9.343814492761802e-06,1.6443047220744117e-06,1.7185079326128957e-05,3.3183908484193043e-06,2.979367040418248e-05,6.506704386602926e-06,-0.0003001852973558,-0.0003277544697479,-0.0003242179282049,-0.0003274876897705,-0.0003347722295626,-0.0003285961642311,-0.00032196295622,-0.000287415247833,-0.0002730324204889,-0.0003049785264257,-0.0003007251162382,-9.21464655817868e-05,-7.760201568483819e-05,-0.0002276300204092,-0.000234315675431,-0.0002125666569927,-0.00014965963551,-0.0001882705335263,-4.700527384562315e-05,-0.0001461248385229,-7.35413334294577e-06,-0.000206118756369,-0.0001364176172722,-1.9345587118610136e-05,2.2684543449496567e-05,-3.45762030160333e-05,3.131254074848012e-05,3.310779147552732e-05,5.804729842774247e-05,3.713797510117828e-05,5.27709696652659e-05,2.6504784213855077e-05,6.680038096601683e-05,-6.565304385743567e-07,-7.929456814335105e-08,-1.3377079369970915e-06,6.751177338315809e-07,-1.4412296892654884e-07,-2.536396066335346e-07,-1.3728456975430052e-06,-4.889304257693615e-07,4.712048298454495e-07,-1.0743634941660423e-06,1.995322632374068e-07,3.0053390963219044e-08,-1.3149123135026285e-06,-1.3448789551120102e-06,1.5284922560046063e-06,6.085525056667482e-07,-7.902642597518752e-07,-8.820052082434177e-07,-5.8529695812494385e-08,-1.3146891331305976e-06,4.058811737128093e-08,-1.3763288051477309e-06,-1.283039969789625e-06,-1.303373722186862e-06,-1.8970260496559832e-07,-1.096967640821305e-07,-1.2077104253922348e-06,7.074839699703001e-07,3.764969817209177e-07,-1.2571686445853506e-06,-7.5189900426709e-08,-4.402645569948112e-07,-4.702097063286576e-07,-1.2788058326912786e-07,1.3030871352299448e-07,1.2088982155524642e-08,-9.69924315662894e-08,3.457846965078886e-08,3.422469726900465e-07,2.0121819442582796e-08,1.9338244174236002e-07,1.851790534959879e-07,2.449268908335475e-07,-7.032488591802211e-08,1.794542219268274e-07,-3.0711690707048654e-08,1.9474336060899615e-08,-4.9160465642237014e-08,1.3766483372395614e-08,7.74557606252598e-08,-3.354728510715116e-08,1.713460230876716e-07,-2.3271036643615737e-08,9.771086286822222e-07,1.1876050103988681e-07,-4.5821441942594154e-08,3.175282046578476e-08,5.7186750948935134e-08,-3.0921217110920323e-08,-1.9330276744536693e-08,-2.115377961017415e-07,8.226549738062207e-08,3.006085853650049e-07,-3.012635205070568e-08,-2.969222483739472e-07,7.653748686401053e-07,2.712063479399085e-07,movement,movement,no movement,no movement
2266.6666666666683,0.0175045741389883,0.3678963088502056,-0.130496758,0.0272891116874393,0.3818281827212084,-0.1225939581999999,0.0293608042951907,0.3831854835265081,-0.1118116375666666,0.027724123035325,0.3828611370894823,-0.1143196771666666,0.0093689562852342,0.3893029817262611,-0.1329824627333333,0.0107943513732864,0.3878963961947066,-0.1457075953666666,0.0133358470475741,0.3789306888958573,-0.1262299545333333,0.0772363394604869,0.3814316975884992,-0.0231066679199999,-0.0375826130114008,0.3467019996940728,-0.0165286883043333,0.0465761960502236,0.360797412585723,-0.0810037407666666,0.0141465786619347,0.3336145167964729,-0.1080272987166666,0.1421151382027754,0.2522045977760573,0.06409359614,-0.0794496170556961,0.3165658159170464,0.1221377571333333,0.115453324604943,0.1502385046513422,-0.0353139471399999,-0.0676839463966302,0.1469276288250864,-0.0089973874949999,-0.0016556193928026,0.2029544325973651,-0.0950691587633333,0.0493817277752067,0.1952329805181695,-0.1249247876666666,-0.0436403683409434,0.2289466938989712,-0.0996617851766666,0.1075106710487151,0.217661035534743,-0.1775321617333333,-0.0482542759323468,0.2470262738365898,-0.0890795824333333,0.1240070879218,0.2670378935184327,-0.1645206412333333,-0.005872830774621,0.2020513457590211,-0.0893206584466666,0.0636304950304245,0.2162680498742373,-0.135852367,0.074036995939988,-0.116872574640233,0.0257174637033333,-0.0726951527498369,-0.1047921716034808,-0.0241772888166666,0.0492225701923906,-0.4494252113686975,-0.0387109062633333,-0.0515088302809961,-0.3937339547468834,-0.0642229666233333,0.0632994365866451,-0.7367322863842012,0.0951316280166666,-0.0706530320049569,-0.7144601991186429,0.0759249200566666,0.0465338287915693,-0.7634477390004675,0.1138930303333333,-0.0702950976506835,-0.7421458746181882,0.0481193911333333,0.0387025957656626,-0.7821823782744811,0.05675905852,-0.0701620864004666,-0.7524695764652101,-0.0422920386,kalt_g_ch1_g18_compr.mp4,ch1g18,1.64471888221026e-05,8.143196413578029e-06,1.8170255128616378e-05,1.5454289771432118e-05,5.856707434958815e-06,7.114018022064282e-06,1.817054447691589e-05,2.512589668634488e-06,5.176633357474426e-06,1.8896744853404932e-06,1.293551643621027e-05,3.611742360556124e-06,1.8282878207463875e-05,1.7970669035118788e-05,2.0811041696091232e-05,6.217184955864426e-06,3.468133917636684e-06,1.2417765991735917e-05,3.8824516492121165e-06,1.7924044114074813e-05,6.145610881482047e-06,1.6405203157436925e-05,1.866786096860903e-05,1.686326537248908e-05,5.082537223771134e-06,1.7490587753295322e-06,1.6622433061919923e-05,1.5290786646818032e-05,4.468502641198308e-06,8.229757605423302e-06,1.5504643262995225e-06,1.6545947402412708e-05,3.649345105771548e-06,3.11777858887455e-05,6.395749794941096e-06,-0.000276829978098,-0.0003037196929276,-0.0003004170496476,-0.0003038151451999,-0.0003118595609252,-0.0003053816579022,-0.0002990009261055,-0.0002735563722155,-0.0002619193179989,-0.0002821308334638,-0.0002792759429953,-9.148653639584064e-05,-8.094342650468708e-05,-0.0002469546013087,-0.00024362349915,-0.0002322783323653,-0.0001425701286435,-0.0002018510823596,-2.6491627208711466e-05,-0.0001553512307648,1.6469685044730365e-05,-0.0002238759664553,-0.0001240820163821,-1.754049008263719e-05,2.0160420747630885e-05,-3.448156191297796e-05,2.7370701664545084e-05,3.551405962778774e-05,5.961259935768352e-05,3.889981855144339e-05,5.5196496062298286e-05,2.1392702792687952e-05,6.924697405675409e-05,-8.077628012523402e-07,-1.766591649463671e-07,-1.434700485398402e-06,5.657847390746343e-07,-6.010866792776488e-08,-1.593569383487297e-07,-1.459081576501689e-06,-2.7632132561582193e-07,5.654221074072909e-07,-7.799805278674691e-07,-2.6980477972049784e-07,2.225557403612357e-07,-1.4586357957561804e-06,-1.434595187747294e-06,1.1885517736005616e-06,6.632842264992296e-07,-6.48496573602323e-07,-1.2061806599599988e-06,1.3019125452527062e-07,-1.4486472187717008e-06,8.073730198358452e-07,-1.3710554684665967e-06,-1.446170029257647e-06,-1.347735580855536e-06,-8.070142396638509e-08,-1.3860627502834414e-07,-1.3108092248784763e-06,7.62222037587331e-08,3.822954774130826e-07,-1.2268797971518e-06,-1.0388199795428037e-07,-7.8014350121227e-07,1.3213417746883368e-07,-1.1929531426362774e-07,2.3982241888131648e-08,-5.727169739635475e-08,-1.456057924748496e-07,7.931617609017737e-08,2.546017297798237e-07,-4.7310048167118754e-08,1.5978518656762718e-07,9.29841075189399e-08,2.823522828561251e-07,-8.92831902726318e-08,1.462229386457116e-07,-1.1616158836789545e-07,-5.08063484880722e-08,-1.073162424201949e-07,-7.214915093526977e-10,1.143516674823983e-07,5.385617828513511e-08,1.4727254616461444e-07,-1.0994934712720366e-07,8.33749325962111e-07,4.6460703022291376e-08,-1.350386157453815e-07,5.827483576298341e-09,1.0130058223096613e-07,-2.564178889223061e-08,-6.416206064496185e-08,-2.7225846661280676e-07,-1.882426373053519e-09,4.121066623219941e-07,-2.5581211312093293e-08,-3.4962948306293753e-07,7.016684200134631e-07,3.2774630929692656e-07,movement,movement,no movement,no movement
2283.333333333335,0.0174996546556399,0.3675994406450427,-0.1298724480333333,0.0272703370423528,0.3815071313969521,-0.1219695717333333,0.0293465071301459,0.3828671657970607,-0.1112009047666666,0.0277094021056246,0.3825398738125657,-0.1137048909999999,0.0093857237736619,0.3889755818279775,-0.1323577127,0.0108114651014861,0.3875753274598636,-0.1450761467666666,0.0133587615294074,0.3786157486078987,-0.1256062040999999,0.0772062826225392,0.3811586960862494,-0.0225709924733333,-0.0374955284683086,0.3464394864513162,-0.0159826061026666,0.0465539838520055,0.3605029853129619,-0.0804190591866666,0.0141554706413441,0.3333228768896313,-0.1074344296966666,0.1421070928396831,0.2521134994557664,0.0646266009899999,-0.0794343687550792,0.3164889574130264,0.1226727406333333,0.1156497424834259,0.1499349859736408,-0.0347479395699999,-0.0676207342998216,0.1466794914453495,-0.0084010249416666,-0.0014923697722006,0.2027697641842874,-0.0946031860333333,0.0493163028406061,0.195094340175803,-0.12460693,-0.0434808406929229,0.228853919517768,-0.0992515184766666,0.1074541309647378,0.2176587227400125,-0.1772662480333333,-0.0481369192094212,0.2469698073229574,-0.0886178382,0.1238971997301214,0.2670756923532704,-0.1642790993666666,-0.0057401968879884,0.2018812810063187,-0.0888425805333333,0.0635537510408226,0.2161523280213238,-0.135193244,0.0740543114478633,-0.1168888520981444,0.0257491109133333,-0.0727142791816658,-0.1047739342963408,-0.0242050545833333,0.0492287535489743,-0.4494647186969733,-0.0387805570233333,-0.0515164227379326,-0.3937098246557659,-0.0644061699433333,0.0632201753234653,-0.7366966453208672,0.09547636391,-0.0706206093788056,-0.7144034486478966,0.0758309990299999,0.0464404798716224,-0.7634081414874758,0.1143126616666666,-0.0702641371316285,-0.7420930679107265,0.0480612102966666,0.0386479048133837,-0.7821694886279736,0.0572969242533333,-0.0700976941764063,-0.7523960811769556,-0.0423127366866666,kalt_g_ch1_g18_compr.mp4,ch1g18,1.5562104075435232e-05,7.825829374053871e-06,1.677226989668754e-05,1.5768095568288592e-05,5.922928921666325e-06,6.992688468909952e-06,1.6772958454764263e-05,2.3747553981475903e-06,5.7468007991726116e-06,1.3364324789887683e-06,1.3376465869146854e-05,3.85879097697452e-06,1.6816019650038442e-05,1.6576500048700914e-05,2.1858450653590315e-05,6.36299157472308e-06,3.040781700972151e-06,1.1809017885861166e-05,4.041162339998075e-06,1.6486473557033784e-05,7.1659007929555165e-06,1.5126704439333677e-05,1.719138146183674e-05,1.5585032658683664e-05,5.131831004433331e-06,1.5888209209638896e-06,1.532419907984194e-05,1.5823352274301022e-05,4.827824426424889e-06,7.995195441797954e-06,1.4241617385456698e-06,1.5569211236743385e-05,3.889826103466555e-06,3.2218733454537857e-05,6.531973860655133e-06,-0.0002527784105073,-0.0002785072622811,-0.0002753534925065,-0.000278731235611,-0.0002860331773566,-0.0002798719190748,-0.0002739055444604,-0.0002575441587088,-0.0002457233737875,-0.0002585704477967,-0.0002562977052732,-8.994055791545029e-05,-8.05943548966177e-05,-0.0002754973718262,-0.0002453555065553,-0.0002355903446929,-0.0001302395091259,-0.0001921344342349,-4.437182689175814e-06,-0.0001455969433624,4.0286268865422256e-05,-0.0002227415770301,-0.0001054331761946,-1.5797394143408166e-05,1.776797233061231e-05,-3.477793927476829e-05,2.4039720048709105e-05,3.516172976772098e-05,6.050651357078746e-05,3.779243379347103e-05,5.6826228556323784e-05,1.5498719861216338e-05,6.951349684029139e-05,-9.390264407897874e-07,-3.4059279968584204e-07,-1.628455610724359e-06,4.381750831209542e-07,5.248172248317018e-08,-9.580822558207073e-08,-1.6412847938762444e-06,-1.5706292498008022e-07,5.826310922073301e-07,-4.787378736963901e-07,-4.936215121074234e-07,3.4893766615983597e-07,-1.7112191786525778e-06,-1.6232074078224004e-06,9.52114780913572e-07,6.804917644755146e-07,-5.404584513338753e-07,-1.1527521274056287e-06,2.638172353741764e-07,-1.6964918440706163e-06,1.4636433340396474e-06,-1.4736949228371243e-06,-1.717857716480379e-06,-1.432168187638892e-06,5.825556722753333e-08,-1.6076246232881144e-07,-1.4707927465807865e-06,-3.237810688548541e-07,3.1119255278768205e-07,-8.394427428856838e-07,-1.26884742584067e-07,-1.1620367686133614e-06,7.440010743919705e-07,-1.0106907975649881e-07,-6.993420040822375e-08,-8.331615806525233e-08,-1.657264868127912e-07,1.0999487835909317e-07,1.4385837737273998e-07,-7.367429140640896e-08,1.1120182635016217e-07,2.7630028201545606e-09,2.7621085260800425e-07,-1.288875520139426e-07,9.449569976697525e-08,-1.450482228953611e-07,-7.844564001076775e-08,-1.707280591170182e-07,-2.2381384642196707e-08,1.2887365160732188e-07,9.5688865143566e-08,1.0365668083795509e-07,-1.406372009481236e-07,5.707154550495201e-07,1.2190166169330774e-08,-1.650068805857013e-07,3.390886974795631e-09,1.287906042484138e-07,-1.6163767521852095e-08,-6.854615874995286e-08,-3.20391745474976e-07,-6.5263148884128e-08,4.243038912581256e-07,-1.68508672791187e-08,-3.4690347029579333e-07,5.443098258670477e-07,4.05160463960162e-07,movement,movement,no movement,no movement
2300.000000000002,0.0175051744857419,0.3673387988280282,-0.1292538479333333,0.0272612312046732,0.3812202578770747,-0.1213519329999999,0.0293414919894247,0.3825827506201716,-0.1105965273333333,0.0277037282847223,0.3822523316306145,-0.1130964268999999,0.0094131088641942,0.3886835242793802,-0.1317419075666666,0.0108390691168754,0.3872895312465766,-0.1444537813999999,0.0133922594291446,0.3783359257917288,-0.1249916143333333,0.0771775208004827,0.3809036021420595,-0.0220393002599999,-0.037408076715773,0.3462003305456507,-0.015466591183,0.0465367932199705,0.3602423941352757,-0.0798398950099999,0.014170599907691,0.3330672213743997,-0.1068519780899999,0.1420952856486285,0.2520260198038271,0.0651564486566666,-0.0794261363078019,0.3164127649170273,0.1231770481,0.1158456300025288,0.1496621134052782,-0.0342067057766666,-0.0675218797356851,0.1464277527813069,-0.007828454389,-0.0013543987177334,0.2026195749432891,-0.0941683937566666,0.0492511520776264,0.1949733202760594,-0.1242753076333333,-0.043362930392963,0.2287892174250759,-0.09887339951,0.1073890808460961,0.2176785784259418,-0.1769794841333333,-0.0480656871753466,0.2469483340979811,-0.08818383269,0.1237663338516732,0.2671387808614542,-0.1640188470999999,-0.005636968227396,0.2017485057226322,-0.08839560779,0.0634665634753611,0.2160577731687694,-0.130537063,0.0740712261274078,-0.1169028044892506,0.0257863521433333,-0.07273285964563,-0.1047588256676435,-0.0242378395566666,0.0492531456614589,-0.4495046484177594,-0.0388246560166666,-0.0515118889017327,-0.3936885238380624,-0.0645824445966666,0.0631571467305245,-0.7366678477062542,0.0958839531366666,-0.070564162441467,-0.714347167997585,0.0757886685533333,0.0463645773627453,-0.7633768396413008,0.1147934543333333,-0.0702085480000938,-0.7420404605491743,0.0480560706366666,0.038612473043349,-0.7821595619660624,0.0578914840766666,-0.0700079620616661,-0.7523205388708224,-0.0422715279,kalt_g_ch1_g18_compr.mp4,ch1g18,1.4586636385318244e-05,6.94194004273062e-06,1.518070817184656e-05,1.5684424303086882e-05,5.961379731192892e-06,6.38755223637288e-06,1.518531593529135e-05,2.279782874551118e-06,5.9783131506847885e-06,1.1047566500918028e-06,1.3332491685381477e-05,4.229685562223912e-06,1.5072489586438313e-05,1.500228345954226e-05,2.296220127231341e-05,7.07444703346458e-06,2.5214643596474905e-06,1.1350425025135874e-05,4.350492054368173e-06,1.4755531060564686e-05,8.0888498254719e-06,1.3728794202430608e-05,1.5423703601865757e-05,1.4255077236834492e-05,5.207274616969484e-06,1.4104455101378366e-06,1.3879368659795729e-05,1.5723330016097923e-05,4.888528139556095e-06,8.17612167156082e-06,1.2792600308245718e-06,1.4206344844377896e-05,4.122758686574245e-06,3.269063308260467e-05,6.785461668276912e-06,-0.0002259370692309,-0.0002509167313696,-0.000248217932857,-0.0002512224449592,-0.0002560490388184,-0.000250315134522,-0.0002445228506402,-0.0002406701527953,-0.0002234530447013,-0.0002340352898301,-0.0002299883592676,-9.317354053615156e-05,-7.65904771530744e-05,-0.0003098948150902,-0.0002408998841169,-0.0002316311340445,-0.0001123933852218,-0.0001679908793151,1.9221789355072945e-05,-0.0001231611858617,6.623927784115876e-05,-0.000212994827763,-8.20634345983686e-05,-1.427048533433398e-05,1.569216725663888e-05,-3.484656220187409e-05,2.224609478528545e-05,3.1802823240204676e-05,6.417639516308265e-05,3.3637934771588724e-05,6.201075858056109e-05,1.8305379194623484e-05,8.509295823562371e-05,-1.0445716934129398e-06,-4.421068647324898e-07,-1.8233188265776867e-06,3.066289000640336e-07,2.0350481619817597e-07,2.0002459672309777e-08,-1.82513521251797e-06,-1.0399972597434143e-07,5.501757792820706e-07,-2.049904147664515e-07,-4.262499117164034e-07,3.862363432220533e-07,-1.97552824478435e-06,-1.8146820803689895e-06,8.322199527829147e-07,6.497503123347508e-07,-4.303479897312437e-07,-7.451884232476565e-07,3.177841259068258e-07,-1.96013620726244e-06,1.9773113204949583e-06,-1.5865285786140426e-06,-2.000781753057962e-06,-1.4922730077133776e-06,2.2883312374437075e-07,-1.7291058879394346e-07,-1.6153503300760937e-06,-4.445036344363366e-07,2.0441791108732533e-07,-1.3171780229935072e-07,-1.4056185260097112e-07,-1.5432178632211878e-06,1.3301719330150934e-06,-7.211227140016635e-08,-1.3967015081103356e-07,-5.3304812255792455e-08,-1.6022693297060898e-07,1.249247056987579e-07,3.0086835269596625e-08,-4.5180490917776215e-08,6.030123127522204e-08,-7.143442181063244e-08,2.3540143169700785e-07,-1.5059800306224297e-07,3.120208336801256e-08,-1.0477714736562299e-07,-5.05838086626599e-08,-2.4460125409175633e-07,-6.97432805856002e-08,1.4119272578318617e-07,1.069414972482346e-07,4.5403270566523554e-08,-1.0136361864105716e-07,2.3594422406419618e-07,2.912218283230558e-08,-1.2348372523015797e-07,3.0616629250475735e-08,1.3722321624784705e-07,-4.745636617434482e-09,-2.7023205255115553e-08,-3.2541620385019656e-07,-9.737956549196977e-08,3.609897552124133e-07,-6.165157850815152e-09,-2.8692319456777584e-07,3.160371991928989e-07,4.592449240963666e-07,movement,movement,no movement,no movement
2316.666666666668,0.0175122303781227,0.3671390331803675,-0.1286226534,0.0272528699668275,0.3809945136435708,-0.1207130831999999,0.0293370105548443,0.3823596988171172,-0.1099713227999999,0.0276986427452495,0.3820256999349203,-0.1124669079666666,0.0094402727075731,0.3884471462646657,-0.1311105615,0.010866437348864,0.387059832155847,-0.1438162535999999,0.0134256791723336,0.3781113885683779,-0.1243621485666666,0.0771445231419338,0.3806803051576031,-0.0214790121599999,-0.0373298665530659,0.3459769908309434,-0.014941207127,0.0465207555244158,0.3600320690464245,-0.07924778346,0.0141862452838082,0.3328559075712421,-0.1062618841633333,0.1420806424428656,0.2519377436706292,0.0657093468066666,-0.0794274948112912,0.3163295280339664,0.1236710747333333,0.1160633775482696,0.1493867682416635,-0.0336686223633333,-0.0674062117335038,0.1461736399342917,-0.0073186958609999,-0.0012188677726463,0.2024928102399999,-0.09369833686,0.0492043029623974,0.1949061084579157,-0.1240030962333333,-0.0432522882114115,0.2287462298107637,-0.0984413443166666,0.1073327855719534,0.2177686990993267,-0.1767507244999999,-0.0480067564957339,0.2469535655811659,-0.08770237046,0.1236324879761499,0.2672808919618075,-0.1638092716999999,-0.0055408831201612,0.2016430366351029,-0.0879116801599999,0.063390122323805,0.2160257207033684,-0.128712639,0.0740879476157916,-0.116916067179606,0.0258301259833333,-0.0727512653057116,-0.1047445225681366,-0.0242770833799999,0.0492779735959613,-0.4495408447620296,-0.0388741763033333,-0.0515070722947806,-0.3936677608907086,-0.0647603094533333,0.0630814654634926,-0.736637303645247,0.0962506714733333,-0.0705120237352202,-0.7142862127374565,0.0757463316533333,0.0462760662078598,-0.763343967498219,0.1152219759666666,-0.0701577218875302,-0.7419821676756169,0.0480495939699999,0.0385945964448156,-0.7821318258398848,0.0583958583333333,-0.0699168995365858,-0.7522338834084539,-0.04222898012,kalt_g_ch1_g18_compr.mp4,ch1g18,1.3539774859034316e-05,6.025041521009285e-06,1.337376945438442e-05,1.5284645260823748e-05,6.2226959353318285e-06,6.021795016715254e-06,1.3386677306132246e-05,2.2142424106203045e-06,6.0951363169759415e-06,1.0777803774061878e-06,1.258846833805743e-05,4.624045382106759e-06,1.303905735533819e-05,1.3210592817113184e-05,2.386333799140116e-05,8.008380084599111e-06,2.2039831579371477e-06,1.0567508140610671e-05,4.697799299406349e-06,1.2725064224071224e-05,9.915966323675158e-06,1.2196444326160954e-05,1.3353085194548624e-05,1.2834095649809814e-05,5.5163507747950935e-06,1.2258451158545013e-06,1.2255393545447634e-05,1.48166343851737e-05,4.730520932726622e-06,8.345471314559167e-06,1.1272901300034817e-06,1.2519738793438142e-05,5.23662698895444e-06,3.254094437281852e-05,7.245650014186802e-06,-0.0001940596448551,-0.0002184669802712,-0.0002163235103778,-0.0002189685156933,-0.0002193225330172,-0.0002142262517204,-0.0002085760070385,-0.0002222124266445,-0.0001936519758019,-0.0002062449532108,-0.0001982391872478,-9.630174551269106e-05,-7.155227972656902e-05,-0.000342225964611,-0.0002409633986858,-0.0002076188880735,-8.32354782593319e-05,-0.0001175044873491,5.780270783149151e-05,-7.687476208162659e-05,0.0001089496407633,-0.000181959565703,-4.549136359648234e-05,-1.3010554978042428e-05,1.402299533036748e-05,-3.441070854710897e-05,2.2005278140327156e-05,2.7568162589101075e-05,6.858454175149861e-05,2.8738619613074222e-05,6.809588356891991e-05,2.5593533413755363e-05,0.0001064734389154,-1.0756383016605506e-06,-4.1159798026838105e-07,-1.881777977223796e-06,1.415777107460604e-07,3.2891773910343073e-07,2.264140138080339e-07,-1.8744850025586369e-06,-9.987826756519277e-08,4.554324772132457e-07,3.6658709192783662e-09,-2.095062590678354e-07,3.818015318705523e-07,-2.105592093302035e-06,-1.8715891103652896e-06,7.466910437891704e-07,5.809380452765374e-07,-3.167051552312468e-07,-2.255640615029843e-07,3.2985273453239956e-07,-2.0924722257234612e-06,2.2717024442580212e-06,-1.5716426642892438e-06,-2.147539738328355e-06,-1.439180409646863e-06,3.656953060369857e-07,-1.7370957743879413e-07,-1.6446291006584156e-06,-4.044997716068626e-07,6.3096682820264e-08,6.275335372077716e-07,-1.4317530644517228e-07,-1.8433277081091403e-06,1.7746554991272891e-06,-2.873599080862997e-08,-1.726983101894913e-07,3.116123558546801e-08,-1.3287775950220298e-07,1.1557252970625869e-07,-7.408591204936863e-08,3.7197361259491705e-08,1.5504769870660268e-08,-1.2946167204975212e-07,1.7462815496834304e-07,-9.360717356469207e-08,-3.476431366006382e-08,2.789721650438332e-10,3.1917541387479726e-08,-3.0549942380774973e-07,-1.3432983153992906e-07,1.5103654393631002e-07,1.5877397081173548e-07,-1.9495273294743813e-08,4.052032096838322e-09,-1.357150856967695e-07,9.674303520099101e-08,-1.5447767154060313e-08,8.679132172557632e-08,1.2027840497064345e-07,6.654393738044868e-09,5.61676216685819e-08,-2.3450205804926835e-07,-9.980347062714337e-08,3.0513583881716866e-07,4.479101987275408e-09,-1.8118533151993434e-07,3.7408632693837526e-08,4.424955575922096e-07,movement,movement,no movement,no movement
2333.3333333333344,0.0175151872185868,0.3669665259293723,-0.1280261601666666,0.0272427496121398,0.3807949805440204,-0.1201009293333333,0.0293306333648192,0.3821628138784146,-0.1093729485333333,0.0276917177082902,0.3818251021886115,-0.1118627409,0.0094630819907139,0.3882374365445071,-0.1305096863333333,0.0108892312570765,0.3868576840976497,-0.1432114690999999,0.013454696972479,0.3779144735592564,-0.1237641229999999,0.0771112251109542,0.3804710811025747,-0.0209189989533333,-0.0372618390330127,0.3457732118307323,-0.014427701727,0.0465027691754891,0.3598441916711326,-0.0786813784033333,0.0141972813345005,0.3326710849311535,-0.1057046627033333,0.1420647269637904,0.2518411671198605,0.0662729895633333,-0.0794500285506655,0.3162516792497488,0.1241387735,0.1162558852637767,0.1490851542184459,-0.0331144949899999,-0.067296513375609,0.1459088226020981,-0.0068385509873333,-0.0011098717187498,0.202381955893464,-0.0934050698466666,0.0491616641755587,0.194807542614918,-0.1239028732333333,-0.0431605907360368,0.2287231770262366,-0.0982325328433333,0.1072800393768967,0.2178175153587139,-0.1767392029333333,-0.0479557218675085,0.2469998491575445,-0.0874631387766666,0.123507578880448,0.2673939436252344,-0.1638369510333333,-0.0054669347991525,0.2015647836651774,-0.0876188050366666,0.0633209269382244,0.2159699043530615,-0.12167494,0.0741060254180712,-0.1169289700034859,0.0258810410133333,-0.0727710856157705,-0.1047307451916448,-0.0243229785199999,0.0493071944762682,-0.4495724511076879,-0.0388747040533333,-0.0515012444326512,-0.3936556099998106,-0.0649197640466666,0.0629948874410779,-0.7365957651172479,0.0967749233966666,-0.0704764882501084,-0.714216650118546,0.0758648731233333,0.0461755586173355,-0.7633018135749866,0.1158221239666666,-0.0701272658083751,-0.7419111924105389,0.0482172987166666,0.0385822548496044,-0.7821072203813622,0.0590391251966666,-0.0698331325170854,-0.7521385874116423,-0.0420662600633333,kalt_g_ch1_g18_compr.mp4,ch1g18,1.2495804676056142e-05,5.294076151305795e-06,1.130584128136672e-05,1.540974327194639e-05,6.64349898186436e-06,5.89305163465609e-06,1.1331204582189418e-05,2.1524517215471535e-06,6.356151980225287e-06,1.2023668199917171e-06,1.230904741402858e-05,4.9890665374872306e-06,1.0738520684226297e-05,1.1156521898001887e-05,2.437635214792469e-05,9.009736846255936e-06,1.9242620566887974e-06,1.0724816533578442e-05,5.003183675125691e-06,1.043165935722942e-05,1.2038253454989912e-05,1.0472396870681926e-05,1.1004538390439534e-05,1.127940581695199e-05,5.988737362271772e-06,1.0491253022546549e-06,1.0486271077243264e-05,1.432637233330026e-05,4.573533547165747e-06,9.366873965446872e-06,9.796839552026747e-07,1.0629197034456936e-05,6.9619325308878416e-06,3.2633401880207116e-05,7.803641591033898e-06,-0.0001575880041727,-0.0001817611209937,-0.0001801772561689,-0.0001824652540855,-0.0001783212693879,-0.0001739661966534,-0.0001685443794677,-0.0002040699490618,-0.0001644997569989,-0.0001763413981582,-0.0001644554816703,-0.0001028193401347,-7.22721643793978e-05,-0.0003637783883605,-0.0002461390373754,-0.0001739522064247,-5.078607728196806e-05,-6.204396851950204e-05,9.726508602697408e-05,-3.117761949176202e-05,0.0001501572540034,-0.0001438710384612,-6.846768345443515e-06,-1.1989206125189488e-05,1.2759220813664152e-05,-3.260834916350178e-05,2.2604238618613752e-05,2.2263002944455704e-05,7.082303824228069e-05,2.281778680820148e-05,7.164580248078822e-05,3.4165854720407625e-05,0.0001269632682453,-1.0665204966140835e-06,-3.785785569008524e-07,-1.7974917474010336e-06,4.408983138439944e-09,4.3556806838334e-07,3.8872900717403474e-07,-1.7843738841865727e-06,-1.233873153917064e-07,3.29236384494404e-07,1.469850948149211e-07,3.9741743036776715e-08,3.003221740956919e-07,-2.0691712756835756e-06,-1.7862404407763848e-06,6.557117710992136e-07,4.292221684779138e-07,-1.705530467067439e-07,2.3397118962400514e-07,2.663548114395555e-07,-2.0564583045172945e-06,2.2721292329227547e-06,-1.422590529767726e-06,-2.1277484539111943e-06,-1.2966118348804574e-06,4.733061548598853e-07,-1.6593461954700268e-07,-1.5458271358906542e-06,-2.9600014158745884e-07,-3.221927790681387e-08,1.1956262918773006e-06,-1.3723926576521108e-07,-2.015348167274229e-06,2.0079255460731366e-06,2.20149691811352e-08,-1.7462044283533206e-07,1.625594784265174e-07,-1.223280170947717e-07,9.009515900016681e-08,-1.616400277210349e-07,1.666854854348703e-07,-1.319889416314546e-08,-1.7611326583723446e-07,1.0439931133705773e-07,-1.9263797526896022e-08,-9.33031266708083e-08,1.5673849405294758e-07,1.6177150491461514e-07,-3.440025268954372e-07,-2.021115617841916e-07,1.709924829777396e-07,1.8479666188037738e-07,-7.842016180807458e-08,1.6168952609099645e-07,-4.832773687977928e-07,2.080855574662643e-07,1.4539795984579972e-07,1.68394150096041e-07,8.662377650655473e-08,1.6759025955607096e-08,1.6948067454215529e-07,-1.1479606269245326e-07,-8.39060607725595e-08,2.211684512868273e-07,1.3926436826721865e-08,-4.2571315117987814e-08,-2.5600204787123297e-07,4.206807784323903e-07,movement,movement,no movement,no movement
2350.000000000001,0.017449708794205,0.3668471076708993,-0.1277652935,0.0271910620364875,0.3806534729752841,-0.1198414221333333,0.0292837857783246,0.3820226999793678,-0.1091177636666666,0.0276445890814857,0.3816835202533145,-0.1116040788333333,0.0094340037073582,0.3881058287255859,-0.1302307947333333,0.0108614823702127,0.3867280173202769,-0.142926696,0.013428825424587,0.3777897218754288,-0.1234837583999999,0.0770784797679013,0.3802871348307356,-0.0206768096966666,-0.0372120370318583,0.3456416720351857,-0.0141198188693333,0.0464377513938274,0.3596990914968435,-0.0784410569466666,0.0141497680505091,0.3325419544316987,-0.10543606357,0.1420364596820167,0.2517351527040931,0.0666395387566666,-0.0794706245952521,0.3161804730289921,0.1244792643,0.1164111090572387,0.1486886744734641,-0.0326453483199999,-0.0672219781551362,0.1456712161855646,-0.0065039188146666,-0.0010031910916611,0.2020876520076196,-0.0931529928633333,0.0491198855672472,0.1947609371284699,-0.1238426772333333,-0.0430567261720794,0.2285169191141275,-0.0980250388766666,0.1072391059198651,0.2179075735556948,-0.1767402226666666,-0.0478618311332894,0.2467949168917504,-0.0872450883466666,0.1233934636849649,0.2675257895126957,-0.1638630707999999,-0.0053785339971301,0.2012968348691128,-0.0873679849633333,0.0632568364693564,0.2159716128464995,-0.116474241,0.0741058982703616,-0.1169405034618998,0.0259126962333333,-0.0727724587404369,-0.1047182383582883,-0.0243501730766666,0.049302248643483,-0.4496003064539194,-0.0388920846433333,-0.0514973871171758,-0.3936321269136957,-0.0650408681433333,0.0629046111393423,-0.7365871989228253,0.0970407993533333,-0.0704416567259731,-0.714153291905512,0.0759647233199999,0.0460777005783828,-0.7632949859444207,0.1161249913333333,-0.0700936846085353,-0.7418469546178513,0.0483527778366666,0.0385847014165603,-0.7820831258545525,0.0593544434533333,-0.0697380995236406,-0.7520368924668805,-0.0419270405033333,kalt_g_ch1_g18_compr.mp4,ch1g18,1.1413461047050924e-05,4.731328363116973e-06,9.230475938258576e-06,1.5860919195967338e-05,7.196649863329687e-06,6.0558191817220885e-06,9.261203806758584e-06,1.970702436971916e-06,6.742339538831712e-06,1.4336308203887114e-06,1.1571125653851503e-05,5.394821498830961e-06,8.377513881239082e-06,9.086203377347551e-06,2.4497046660769615e-05,9.678338067060245e-06,1.881405279331716e-06,1.0362981671230094e-05,5.362998431123088e-06,8.087088874096202e-06,1.4132628968090602e-05,8.791536625107422e-06,8.57929086870563e-06,9.800976334428434e-06,6.581096522131872e-06,9.004852105362634e-07,8.749466833721789e-06,1.3338080533565395e-05,4.604972384932505e-06,9.870798257972847e-06,8.576778132237499e-07,8.502279384533785e-06,8.986472694836278e-06,3.243399317445264e-05,8.489557326848376e-06,-0.0001215447109083,-0.0001456626300409,-0.000144559348688,-0.0001465939749145,-0.0001363319257286,-0.0001329192880881,-0.0001279620947735,-0.0001878822234991,-0.0001337949431779,-0.0001478284883011,-0.0001303954210888,-0.0001097751037435,-7.302338576217476e-05,-0.0003748875267597,-0.0002549894698212,-0.0001395315628621,-1.730668209553247e-05,-1.5394796574361728e-05,0.0001398353540714,1.2503023172875177e-06,0.0001946572434192,-0.0001084138397149,3.3277402070796606e-05,-1.1208908082681162e-05,1.1836944439776656e-05,-3.023687814321326e-05,2.2436622930638645e-05,1.5631490884267218e-05,6.930475889767205e-05,1.5449438786431547e-05,7.097702223203305e-05,3.80561825436504e-05,0.000140171654921,-1.002309611255175e-06,-3.935068246097179e-07,-1.511956180833407e-06,-1.0115270004771305e-07,5.305856827098633e-07,3.624665783038402e-07,-1.498523926659766e-06,-1.4655891197333697e-07,1.651467310724869e-07,1.967464662482541e-07,4.2661966956794287e-08,1.909320295834614e-07,-1.7758892090961458e-06,-1.5026828775917517e-06,4.0887293194482785e-07,2.2454286634723522e-07,1.208779146514604e-08,4.073098447435485e-07,1.709685034155068e-07,-1.7589594072462717e-06,1.7772337703842474e-06,-1.1018947229656924e-06,-1.8415839971268656e-06,-1.054048537146463e-06,5.526783616333756e-07,-1.3601097718735398e-07,-1.2776562885370012e-06,-3.620833520571007e-07,-8.052470814649145e-08,1.3563537781774916e-06,-1.1020894408099017e-07,-1.958447984635934e-06,1.7489558961618248e-06,7.757364347650073e-08,-1.4695793566703348e-07,3.15476000057731e-07,-1.417386125512544e-07,5.4852629088995276e-08,-2.2134869063779606e-07,3.188090579433982e-07,-1.852324444022333e-08,-2.065425918985485e-07,3.6318539989262827e-08,9.019334587310945e-08,-1.3833221354548586e-07,3.355519451875775e-07,3.1396476967108676e-07,-3.520840415317474e-07,-2.510270137360659e-07,1.9524602623651578e-07,2.2893691023231387e-07,-1.268990137606447e-07,3.4192117558814385e-07,-7.374270068363674e-07,3.38503965276934e-07,3.296848462603755e-07,2.589886300331278e-07,4.4140409869987935e-08,2.4615115111218033e-08,2.915167553084597e-07,4.4536666470706323e-08,-6.621571712188899e-08,1.688702029201783e-07,2.121116005851484e-08,1.1582436954476333e-07,-5.1080760754855e-07,4.094302823499047e-07,movement,movement,no movement,no movement
2366.6666666666674,0.017353980093888,0.3667469677887806,-0.1275423572333333,0.0271242353081414,0.3805299947325521,-0.1196201319333333,0.0292226462181125,0.3819003544067685,-0.1088999697999999,0.027582464565106,0.3815599455357615,-0.1113839263333333,0.0093866916024303,0.3880010015738184,-0.1299858270666666,0.0108152101664506,0.3866242294956036,-0.1426758886,0.0133842142571441,0.3776908403593856,-0.1232365215333333,0.0770516520629692,0.3801073079408581,-0.0204644978899999,-0.0371677969275437,0.345544266358308,-0.0138283732976666,0.0463485037472394,0.3595686036882231,-0.0782384098466666,0.0140754650039251,0.3324366700662474,-0.10520102707,0.1420106210974612,0.2516217933563198,0.0669806242266666,-0.0794961855393395,0.3161223494309253,0.1247855864666666,0.1165655936704426,0.1482604887496804,-0.0322216247966666,-0.0671780693588921,0.1454412600498169,-0.0062900672236666,-0.0008479006873117,0.2018581973286165,-0.0929669779433333,0.0490766307455486,0.1947574560727581,-0.1239421089666666,-0.0428892860600087,0.2283987799498825,-0.09787572131,0.107199116880998,0.2180348626732856,-0.1769012316999999,-0.0476888321898101,0.2466829820537607,-0.0870819529166666,0.1232891186153561,0.2676993519354806,-0.1640202909666666,-0.0052298853645377,0.2011019289249142,-0.0871862635666666,0.0631964993460978,0.2160181787875603,-0.116686627,0.0741032273669348,-0.1169516654734093,0.0259429568899999,-0.0727712475687291,-0.1047062139688381,-0.0243756782166666,0.0492901771645002,-0.4496278772856859,-0.0389111511733333,-0.0514874197155535,-0.3936061475050961,-0.06515925998,0.0627878413177385,-0.7365841473724853,0.0972809193966666,-0.0703949082603902,-0.7140873899155287,0.0760527449999999,0.0459533309242299,-0.7632936286352552,0.1163978167,-0.0700469423852845,-0.7417796004363131,0.0484695018599999,0.0385871717399433,-0.7820513826659298,0.0596360523033333,-0.0696683247530157,-0.7518958879473207,-0.04181641118,kalt_g_ch1_g18_compr.mp4,ch1g18,1.0434557907761824e-05,4.30321781117445e-06,7.502233721776483e-06,1.6447769571984575e-05,7.768182036285706e-06,6.315173444055811e-06,7.539054085174179e-06,1.7708912292372483e-06,7.113440879181795e-06,1.637914866284032e-06,1.1717308411508278e-05,5.5351581642344395e-06,6.390776538758085e-06,7.360345571459168e-06,2.4839896639134577e-05,9.83450190174653e-06,1.9557839405584994e-06,1.10219353822068e-05,5.490532579591927e-06,6.115865443912075e-06,1.59594128606312e-05,7.458379437753605e-06,6.5314523084624625e-06,8.613167542231276e-06,7.172983907439251e-06,7.940542973201276e-07,7.335889756576202e-06,1.3161324756990068e-05,4.675691648922709e-06,1.1279680524048724e-05,7.728665972289435e-07,6.461887765332805e-06,1.1056906548239895e-05,3.2852515000002045e-05,9.033141543446712e-06,-9.01458576501204e-05,-0.0001139350529892,-0.0001132459696046,-0.0001150375279332,-9.929992169605776e-05,-9.667345059002088e-05,-9.213130178608546e-05,-0.0001743187646478,-0.0001059596642735,-0.0001230053327959,-0.0001002501137504,-0.0001170078639244,-7.590491818517857e-05,-0.0003826881997083,-0.0002661771661252,-0.0001197639300118,1.924993435163346e-05,7.203165662459892e-06,0.0001863188456194,1.3134421622157087e-05,0.0002451984621957,-8.845116297856115e-05,7.629570249220572e-05,-1.0604312688789802e-05,1.1203409192216854e-05,-2.6359560590364764e-05,2.29311384819173e-05,1.3492322501100648e-05,6.728581876907285e-05,1.2834060465183585e-05,6.932909958062039e-05,4.418490279259392e-05,0.0001479919369101,-9.021919945607512e-07,-4.457504791193345e-07,-1.0860739684615375e-06,-1.9048993830681415e-07,5.64523933951474e-07,1.6017146635328228e-07,-1.074459908070348e-06,-1.6279272906313454e-07,-2.5450738140388624e-08,1.769835037762191e-07,-1.57608075794218e-07,4.2783868420168244e-08,-1.295644829698543e-06,-1.0793311282397284e-06,-8.7789571178063e-09,-4.4858860762642916e-08,2.114057914287396e-07,2.248045318054512e-07,3.103995264638944e-08,-1.269663420754253e-06,9.090344019698274e-07,-6.665347651159672e-07,-1.363990652469064e-06,-7.487992857908772e-07,5.674182287944227e-07,-9.989154310362133e-08,-8.937278258536029e-07,-5.609336328923661e-07,-9.889243863434841e-08,1.0413361306570812e-06,-7.760186823812826e-08,-1.7114885610086088e-06,1.099630971082934e-06,1.3047032057927233e-07,-8.799783105238274e-08,4.485050160805848e-07,-1.7694780899282709e-07,2.1573606904345783e-08,-2.3451482766376634e-07,4.521810132540208e-07,-4.224786456980397e-09,-2.1370284411521322e-07,-1.7421665935925953e-08,2.1133074215342288e-07,-1.5279108527159558e-07,4.887901058921527e-07,4.4700087660378035e-07,-3.3183817432215e-07,-2.638623469630874e-07,2.2393169120151794e-07,2.801484353226553e-07,-1.4792587929437556e-07,4.965027649757546e-07,-8.443300552157176e-07,4.484819925224952e-07,4.882828575386603e-07,3.3278658363109857e-07,5.289440540650766e-09,3.0271334273388335e-08,3.88624637464596e-07,2.133826346764191e-07,-4.7922294063024444e-08,1.5215364438079346e-07,2.6464750233058262e-08,2.683518591279248e-07,-6.71324367753223e-07,4.4125147942663427e-07,movement,movement,no movement,no movement
2383.333333333334,0.0172482712392247,0.3666762851861097,-0.1273705781333333,0.0270516509147098,0.3804378373124732,-0.1194441243666666,0.0291557972434956,0.3818085972178587,-0.1087273947333333,0.0275138919689498,0.3814669069701381,-0.1112097332666666,0.0093279953712297,0.3879319183033921,-0.1297870197333333,0.010756901610095,0.3865558217347074,-0.1424702600333333,0.0133276286057336,0.3776267591823566,-0.1230346701666666,0.0770353612583568,0.3799420515091549,-0.0202814432099999,-0.0371420395039241,0.3454712377321652,-0.0135616409293333,0.0462533633787787,0.3594614716508026,-0.0780839568266666,0.0139885412513166,0.332358003409105,-0.10501050157,0.1419926787447686,0.2515012630762451,0.0672914670433333,-0.0795246900881295,0.3160588504203879,0.1250762023333333,0.1167226424171814,0.1478498490754184,-0.0318294878866666,-0.0671698537568883,0.1452016176828053,-0.0061105842116666,-0.0006674578022523,0.2017398208655067,-0.0927185698733333,0.0490296654571184,0.1947887705522249,-0.1240587495666666,-0.0426953348316996,0.228409765738122,-0.0976446216899999,0.1071610233932134,0.2182170458843602,-0.1770707140333333,-0.0474824003523099,0.2466934260171118,-0.0868488036366666,0.1231869158706635,0.2679376884023302,-0.1641761879,-0.0050526327833028,0.2010182285380645,-0.08694056875,0.0631340279927843,0.2161066281507875,-0.113967575,0.0740979387499544,-0.1169622742760016,0.0259723429099999,-0.0727674528942088,-0.1046948987810572,-0.02440040899,0.0492838113762861,-0.4496510811654415,-0.03892035204,-0.0514749520581402,-0.3935772953231565,-0.0652627615833333,0.0626441010217381,-0.7365738267960511,0.0975316001499999,-0.0703426887196558,-0.7140166804007619,0.0761843880666666,0.0457991323329929,-0.7632836924718348,0.1166814558333333,-0.0699954490916086,-0.7417065401738604,0.0486319608999999,0.0385940783869705,-0.7820020894732463,0.0599597775533333,-0.0696313050127367,-0.7517322395531553,-0.0416344085233333,kalt_g_ch1_g18_compr.mp4,ch1g18,9.526359323009857e-06,4.667812770377752e-06,6.567485160773661e-06,1.6345872093401224e-05,8.409597816777554e-06,7.429920389082058e-06,6.614819775606163e-06,1.5532620322153329e-06,7.193635455112481e-06,1.7820568836454917e-06,1.2110948574180503e-05,5.533422737305075e-06,5.251227586074033e-06,6.427166119715179e-06,2.50499097006008e-05,9.485481191674614e-06,2.2471298142360863e-06,1.187485207252877e-05,5.478739005931908e-06,4.996705671454571e-06,1.7267521144490246e-05,6.922261942868803e-06,5.331383290718091e-06,7.965620090341168e-06,7.794223116819549e-06,7.061071940577035e-07,6.553457000657491e-06,1.3138671117779686e-05,4.692541623445138e-06,1.2802089890667144e-05,7.048869625947006e-07,4.699900611853831e-06,1.2891560244459564e-05,3.3001494894967513e-05,9.527145169980565e-06,-7.108368546086123e-05,-9.351459084521836e-05,-9.31060732059268e-05,-9.467921554881752e-05,-7.437603129223007e-05,-7.25227099596194e-05,-6.841133341138141e-05,-0.0001649004322553,-8.417136218146463e-05,-0.0001064114561369,-7.95105135752636e-05,-0.000122858135237,-7.878980661528564e-05,-0.0003860072695074,-0.0002669506551323,-0.0001061444604949,3.994753819793139e-05,1.863762063145506e-05,0.0002048502173934,1.614079484757001e-05,0.0002599380133112,-7.589320390105981e-05,9.696119809698032e-05,-1.0179613865286076e-05,1.0789934169063764e-05,-2.291632405482734e-05,2.3655868327664888e-05,1.4043164366707744e-05,6.616750460859676e-05,1.3462232733072994e-05,6.835150780947476e-05,4.917438995493624e-05,0.000150450681767,-7.43705010168338e-07,-6.045605044116619e-07,-5.428682323659782e-07,-3.1246203132538457e-07,5.328327166212906e-07,-2.2688810034288265e-07,-5.311606537463136e-07,-1.4683215763463786e-07,-2.2903769359144013e-07,1.1055200582225017e-07,-2.1637671337592058e-07,-1.0507930636382452e-07,-6.709080162234449e-07,-5.381918532304587e-07,-5.088889874463018e-07,-3.421861422116134e-07,4.2842334431647716e-07,1.1363876118969265e-07,-1.1808800426220733e-07,-6.326382390650172e-07,-1.987769849348785e-07,-1.342896309535021e-07,-7.367264831552428e-07,-3.745133658668197e-07,5.186880386320125e-07,-6.371721411499009e-08,-4.1783152489416244e-07,-5.684877320397784e-07,-1.1190972463380685e-07,7.066528680389169e-07,-4.5587684484422506e-08,-1.3138741605368231e-06,1.3873343350456753e-07,1.7724844278951913e-07,7.095828625235085e-09,5.223993781668149e-07,-1.8566368205857976e-07,-8.307612831278311e-09,-1.910873925930803e-07,5.273499537131556e-07,2.6066932053771954e-08,-1.8928774249242325e-07,-4.9418072128046814e-08,3.605508809852533e-07,-1.3891998002946614e-07,5.753615469435375e-07,5.212717269062561e-07,-2.595502275628338e-07,-2.3671926454038314e-07,2.453464392781493e-07,3.782535986047157e-07,-1.4169684683069516e-07,5.837340473871467e-07,-7.537815185034082e-07,4.976252944286148e-07,5.799823007390506e-07,3.655958486830371e-07,-2.6826974894179384e-08,3.3976612020135776e-08,4.3312668639875443e-07,4.06437024480939e-07,-3.4053679110919363e-08,2.075971699566333e-07,2.9789505679646652e-08,3.8946854148085595e-07,-6.697812252411098e-07,5.167966032359988e-07,movement,movement,no movement,no movement
2400.0000000000005,0.0171467150191511,0.3666137764557699,-0.1272220021333333,0.026986074906113,0.3803540641780351,-0.1192888825999999,0.0290957704798685,0.381724852534867,-0.1085758193999999,0.0274516770847249,0.3813819774383347,-0.1110561683333333,0.0092726355684392,0.3878714692507628,-0.1296057296999999,0.0107013715312362,0.3864966176717273,-0.1422820549,0.0132738157946114,0.3775719038911256,-0.1228498637333333,0.0770416876577727,0.3797820447408986,-0.0201081487266666,-0.0371159612451264,0.3454049924669868,-0.013292300415,0.0461660819447762,0.3593609647397159,-0.07795064036,0.0139050992471275,0.3322869379858518,-0.10483395137,0.14198289484436,0.251378703958554,0.0676033951599999,-0.0795499475253497,0.3159823527348522,0.1253766440333333,0.1168814536407931,0.1474795709894213,-0.0313697136133333,-0.0671704262228167,0.1449386306385348,-0.0059185146003333,-0.0004565985711066,0.2016607144318079,-0.0923124360266666,0.0489862151352331,0.1948572851122076,-0.1241429585,-0.042461206211701,0.2284579492182298,-0.0972420597566666,0.10713477308544,0.2184501714369345,-0.1771992599,-0.0472275987600029,0.2467311876952098,-0.0864438822133333,0.1230971720993232,0.2682314219852992,-0.1642784560333333,-0.0048403711422337,0.2009643437543373,-0.08653348422,0.0630768563291595,0.2162346101619547,-0.111921519,0.0740914270339528,-0.1169723166087016,0.0260001346933333,-0.0727625306931102,-0.1046843055750064,-0.0244237160933333,0.0492798900450559,-0.4496743340920937,-0.0389145987033333,-0.051458733231441,-0.3935487903709505,-0.06534124302,0.0625010124841489,-0.7365597586173777,0.0978175263499999,-0.0702705544642029,-0.7139443970326581,0.0763546278733333,0.0456452311469556,-0.7632693173784905,0.1170037153,-0.0699227012642569,-0.7416313443012453,0.0488341284299999,0.038607477802716,-0.78194166417439,0.0603430603766666,-0.069579807960922,-0.7515559055826058,-0.0414005439866666,kalt_g_ch1_g18_compr.mp4,ch1g18,8.85521631388231e-06,4.863818362324218e-06,6.482919349609525e-06,1.559444762627585e-05,8.962453104136545e-06,8.259663601187123e-06,6.547396841309228e-06,1.322695919450885e-06,7.04415981136648e-06,1.7855248144786373e-06,1.3399593716936068e-05,5.31231040247704e-06,5.030983307187653e-06,6.34626791162578e-06,2.5016636307776945e-05,8.685224936795499e-06,2.6780894015637396e-06,1.3440995901845993e-05,5.249215737228076e-06,4.814693374669831e-06,1.8113606642841342e-05,7.26270056161047e-06,5.047340224079294e-06,7.9695421676818e-06,8.31054265292946e-06,6.623570421320549e-07,6.511261723327236e-06,1.3933484922534816e-05,4.576653864811584e-06,1.5031506805705942e-05,6.797242725478872e-07,3.482797600680433e-06,1.3949713284114058e-05,3.296691705441125e-05,9.829516012608289e-06,-6.46910099001047e-05,-8.36889799070228e-05,-8.353378163317125e-05,-8.483308939629682e-05,-6.104707403450163e-05,-6.019104779867716e-05,-5.680965744894702e-05,-0.0001557303910657,-6.471152275427194e-05,-9.758539930192572e-05,-6.845274512761068e-05,-0.000121216808207,-7.43247609980777e-05,-0.0003859968678422,-0.0002568478749319,-0.0001121913858747,5.7431841992369205e-05,4.7853337889185055e-06,0.0002129662946002,-7.18181109138441e-06,0.0002593302325628,-8.57408333822576e-05,0.0001108856028635,-9.795689870756832e-06,1.040610903030435e-05,-2.0918491609634144e-05,2.252520294572156e-05,1.224635929237854e-05,5.8564100329034974e-05,1.1893758578685848e-05,5.998903240805624e-05,4.469651790950515e-05,0.0001370920393979,-5.868482154504437e-07,-9.081164072356952e-07,1.310497445183192e-08,-5.091774064558531e-07,4.776340695347396e-07,-7.968517460178731e-07,2.9660697412407252e-08,-8.910680874490794e-08,-4.444580297832053e-07,3.5980734167947255e-08,3.2800116194392877e-08,-2.420128763238507e-07,-3.0180424856047786e-08,1.6450196836542412e-08,-9.096407107613472e-07,-6.313176052747985e-07,6.638117612178921e-07,3.646057927025415e-07,-2.624806790993325e-07,2.093406797404877e-08,-1.4160057749710397e-06,3.89494921510066e-07,-8.84540249098509e-08,-5.229447594157097e-09,4.485177682212028e-07,-3.199689558558275e-08,4.9585940624250754e-08,-2.3319493758442166e-07,-1.2054462155682236e-07,6.886467549843143e-07,-1.8210888298594437e-08,-8.492095747005267e-07,-9.958047763292303e-07,2.0331358627169283e-07,1.8814458234478125e-07,5.141111310433716e-07,-1.531140499966125e-07,-2.6282566192650658e-08,-2.7777557081998676e-08,5.208340820757512e-07,6.81597985558731e-08,-1.3599484677465329e-07,-5.4321985276893396e-08,4.978982478906371e-07,-9.739357931749349e-08,5.713675440855052e-07,5.13502595240713e-07,-1.1371536961314986e-07,-1.7022373393757753e-07,2.508487104639275e-07,4.900581279248455e-07,-1.0723485993957483e-07,5.789020988210334e-07,-4.432004661700304e-07,4.634568071019668e-07,5.804954364499146e-07,3.40410839412605e-07,-4.3022201605714724e-08,3.529761294566402e-08,4.083417167808423e-07,5.828578622266459e-07,-2.6192297854698628e-08,2.952257288372471e-07,3.0727185812437326e-08,4.54674599832976e-07,-4.486344934325256e-07,6.414801392231316e-07,movement,movement,no movement,no movement
2416.666666666667,0.0170366299763729,0.3665268093810567,-0.1271933501666667,0.026910761371373,0.3802522616645115,-0.1192728270999999,0.0290261161342375,0.3816224109254183,-0.1085634809666666,0.0273795016224475,0.3812785866865075,-0.1110381329666666,0.0092056056537695,0.3877914350928919,-0.1295652382666666,0.010633592918875,0.386418004812236,-0.1422354917666666,0.0132081246505481,0.3774968203114863,-0.1228049913666666,0.0770422824655179,0.3796225481346801,-0.0200505584699999,-0.0371109257372037,0.3453342007031224,-0.0131497554383333,0.046071939582461,0.3592480174867279,-0.0779242370266666,0.0138123276606419,0.3322028247345414,-0.1047688646033333,0.1419779781583832,0.2512626212871562,0.0678683862333333,-0.0795832081686869,0.3159078165270716,0.1256313039,0.1170404693326361,0.1471060198723746,-0.0309521638933333,-0.0671735624162098,0.144672984366016,-0.0057413536706666,-0.000232859549053,0.201594534031681,-0.0920090481366666,0.0489364678075674,0.1949331730821833,-0.1242504428,-0.0422136659168868,0.2285175724888568,-0.0969484149766666,0.1070953519873411,0.2186967743229378,-0.1773636475333333,-0.0469538917600799,0.2467792952428656,-0.0861577615399999,0.1230004001571839,0.268537531894415,-0.1644179632,-0.004612677824605,0.2009228304929211,-0.0862319954833333,0.0630125299521504,0.2163665643878531,-0.112253226,0.0740843589302748,-0.1169817329262414,0.0260268275766666,-0.0727571621864852,-0.1046744175929961,-0.0244459343433333,0.0492810686886921,-0.4496968031707786,-0.0389053141599999,-0.0514412061398187,-0.393526998367687,-0.0653735673666666,0.0623594305461979,-0.736545011107338,0.0981419266166666,-0.0701920608353816,-0.7138737033625869,0.0765508843599999,0.0454909301252031,-0.7632531610175788,0.1173686159333333,-0.069843667559568,-0.741557698713978,0.04905845076,0.0386143573571718,-0.7818784467588595,0.0607864825,-0.0695252905332721,-0.7513796301339215,-0.0411465310933333,kalt_g_ch1_g18_compr.mp4,ch1g18,8.417224885228845e-06,4.477398578280303e-06,7.066404491342909e-06,1.45626726059549e-05,9.357863753776434e-06,7.988667777518136e-06,7.151937996233644e-06,1.2197772575353432e-06,6.577621697291617e-06,1.773751171474711e-06,1.3882174871208866e-05,4.884144159270557e-06,5.563357635468392e-06,6.933426546812573e-06,2.450996871711091e-05,7.628495132089327e-06,3.3858490706614465e-06,1.3831448969947752e-05,4.8212935255366665e-06,5.401641968721439e-06,1.679796534701821e-05,8.223043801287691e-06,5.525233760798795e-06,8.42257472333844e-06,8.655119732411214e-06,6.287514063470057e-07,7.008865198492514e-06,1.4096979866636076e-05,4.418039449905477e-06,1.5775840957797984e-05,6.608398960048908e-07,2.8945244681547265e-06,1.2835389794097553e-05,3.211824931921281e-05,9.907369420878369e-06,-6.833711144516078e-05,-8.199917270299832e-05,-8.200994268873017e-05,-8.306337950837853e-05,-5.7569189769024046e-05,-5.780414901863154e-05,-5.543744528027611e-05,-0.0001448808633248,-4.899824088465884e-05,-9.398194509521584e-05,-6.50383133931384e-05,-0.0001107068645766,-6.532192768481421e-05,-0.000381463424751,-0.000242649215216,-0.0001149292530624,7.421850798186523e-05,-3.831233362920865e-06,0.0002254132045417,-2.0901337653665697e-05,0.0002637174863713,-9.109881608961998e-05,0.000125771485075,-9.06866207438616e-06,9.62897131567497e-06,-2.04921412021849e-05,1.9358803783090037e-05,7.4574071699116285e-06,4.444049953043531e-05,7.556187202085285e-06,4.4206333168150386e-05,2.9735040119693235e-05,0.0001090123136278,-4.0563197751137707e-07,-7.618006916595964e-07,5.129293974319449e-07,-6.949946986714858e-07,4.270385505849356e-07,-8.742840669574561e-07,5.395117150186689e-07,-3.499078182965348e-09,-5.901628937780614e-07,-7.724675124513933e-09,7.626511454038306e-07,-3.496388887098176e-07,5.306801382116061e-07,5.160794254123628e-07,-1.0205057015719525e-06,-8.58625318243397e-07,9.261758785399688e-07,1.1259758966698058e-06,-3.831705201755277e-07,5.913250808828004e-07,-1.849915614723279e-06,8.34382803008828e-07,4.826435755402682e-07,3.177533732305872e-07,3.8451075189620545e-07,-2.024222339485775e-09,4.404163760580354e-07,5.767666328974691e-07,-1.4274295710904437e-07,1.2824672453992986e-06,6.904518098271842e-09,-3.940932351886036e-07,-1.4628509323793175e-06,2.063260324702226e-07,4.537240511098286e-07,4.2351986391367e-07,-8.677364959332636e-08,-3.5638038840418464e-08,2.642602138003067e-07,4.32032250767878e-07,1.0444064065566849e-07,-5.74421222134207e-08,-4.030828936075619e-08,6.532607417387109e-07,-3.823693389417006e-08,4.757537446724132e-07,4.241605533763966e-07,1.0416767029663769e-07,-7.947768664470075e-08,2.3127687053049305e-07,6.459453690830601e-07,-5.411453375966704e-08,4.808342573480037e-07,8.741283261852654e-08,3.525246399096211e-07,4.879263244531481e-07,2.627392713993254e-07,-4.711790493658964e-08,3.5023289080480456e-08,3.1939078413190245e-07,7.635398581383548e-07,-2.8281788984146578e-08,4.512427639867204e-07,3.025829620292439e-08,4.55703436781597e-07,6.794587080959652e-09,8.984649126817517e-07,movement,movement,no movement,no movement
2433.3333333333335,0.0169225598334369,0.3664664837418848,-0.1272149901333333,0.0268318744862336,0.380177261952942,-0.1193225810666666,0.0289524330823603,0.3815465253175497,-0.1086159131999999,0.0273030471130434,0.3812013627724917,-0.1110834047,0.009134855245622,0.3877389843204575,-0.1295820164666666,0.0105620341154254,0.3863664525959329,-0.1422460000666666,0.0131384381961858,0.3774471648405895,-0.1228168328,0.0770383434397175,0.3794822254147555,-0.0200905600166666,-0.0371092460004282,0.3452849538502016,-0.013071123005,0.0459742140285182,0.3591620225650314,-0.07795578204,0.0137159096789144,0.3321460995569187,-0.10475415667,0.1419738504957767,0.2511520936014446,0.0679972781266666,-0.0796164089047432,0.3158362511864246,0.1258599537666666,0.117191844271743,0.1467444274131783,-0.0306561220266666,-0.0671582674414195,0.1444096500920116,-0.0055987329649999,-1.0008507977584472e-05,0.2015384851332638,-0.0917412668199999,0.0488837932002782,0.1950413065202828,-0.1243780610666666,-0.0419664673207601,0.2286075286375059,-0.0966743175399999,0.107044970420667,0.2189817178686673,-0.1775366082999999,-0.0466717833346429,0.2468562526103542,-0.0858909607199999,0.1228768934630054,0.2688594414066588,-0.1645657936666666,-0.0043838814197129,0.200893033892817,-0.0859646472933333,0.062937938457795,0.2165266154522514,-0.115747936,0.0740762959867365,-0.1169902166685313,0.0260439971299999,-0.0727506375107435,-0.1046655149841051,-0.0244585432066666,0.0492832245731642,-0.4497205725761143,-0.0388955964899999,-0.0514195598785591,-0.3935127917536172,-0.06534992891,0.0622154056985756,-0.7365434528863722,0.0985345974933332,-0.070112212869934,-0.7138379879326922,0.07680862453,0.0453346919182411,-0.7632510649528038,0.1178124127333333,-0.0697636046503427,-0.7415223044244775,0.04934104855,0.0386136383662939,-0.7818402350330206,0.06133490794,-0.069478410580603,-0.7512465162992539,-0.0408247583966666,kalt_g_ch1_g18_compr.mp4,ch1g18,8.178764554594416e-06,4.184572431320548e-06,8.08827797489618e-06,1.3655226695327934e-05,9.711953667939136e-06,7.297820602200567e-06,8.205146338987347e-06,1.3905426142189875e-06,5.747564315130192e-06,1.7246798189858509e-06,1.411689456903948e-05,4.437392451636804e-06,6.644577107583139e-06,7.96473336514396e-06,2.304891496450595e-05,6.6928773618553875e-06,4.5196402084089814e-06,1.4234988116994136e-05,4.343491917003956e-06,6.5583452219538065e-06,1.4486748329365691e-05,9.554247853572824e-06,6.549614229503276e-06,9.076249716516277e-06,8.953216095532358e-06,6.571646701222429e-07,7.845447957960363e-06,1.4188109090801178e-05,4.1896056640726e-06,1.6199830871363436e-05,6.960700130226639e-07,2.902015137509489e-06,1.0884435266452451e-05,3.0602790447069794e-05,9.951180858891994e-06,-7.89057948853571e-05,-8.603565375470328e-05,-8.616150853062887e-05,-8.693135285917315e-05,-6.132156184727036e-05,-6.285636703771462e-05,-6.177164733341673e-05,-0.0001310017000149,-3.6314361605106954e-05,-9.28769116857324e-05,-6.681514881604796e-05,-9.174702262684274e-05,-5.345018198633844e-05,-0.0003611854362706,-0.0002318613201373,-0.0001251859372845,7.762833681569655e-05,-2.9428373303182295e-05,0.0002207100854943,-4.7761627168497466e-05,0.000251883903972,-0.0001040256755195,0.0001282998285187,-8.225402465188141e-06,8.673765493258572e-06,-2.270189272277281e-05,1.4912896016932172e-05,-6.647825424044292e-07,2.6804853348076304e-05,9.13126488957414e-08,2.444055527476114e-05,6.254543302273373e-06,7.028114442963618e-05,-1.9076587249726794e-07,-1.294912600143722e-07,9.402565171453926e-07,-7.911154738892833e-07,3.8682830804589e-07,-4.127863914048566e-07,9.798172297665126e-07,1.0281140693716453e-07,-6.457453392914144e-07,-1.50275392005744e-08,1.7343872806626698e-06,-3.814528120706001e-07,9.90233498879807e-07,9.45989513983424e-07,-7.929830619199422e-07,-9.265093991420668e-07,1.2016307806899288e-06,2.076025774696182e-06,-4.334621010290163e-07,1.05585908006219e-06,-1.4587550784482185e-06,1.1820355413745518e-06,9.548978586228585e-07,5.881766040527364e-07,3.348413312773983e-07,2.0438853398310535e-08,7.415951076061809e-07,1.6432395887192028e-06,-1.9030681487894258e-07,2.071977382405266e-06,2.460866484773219e-08,4.1530606536667724e-08,-1.2106879727589755e-06,1.824704085818607e-07,7.614728332267461e-07,2.6823275685757565e-07,5.266521702008262e-10,-4.328050215383958e-08,6.36157329378586e-07,2.773613710873358e-07,1.2297158280439004e-07,3.6095157099254137e-08,-1.0217493129600727e-08,7.989738211523485e-07,2.5553236578566976e-08,3.0811088028798817e-07,2.6972984329366524e-07,3.904961838582701e-07,1.4665214609087763e-08,1.796779685793061e-07,7.980053682017176e-07,6.001901467148045e-09,3.093236597311654e-07,7.323388568645324e-07,1.805147648303359e-07,3.2225136957664474e-07,1.457620769961389e-07,-4.6855697942374253e-08,3.1643199771647036e-08,1.825189413892041e-07,9.196373684411657e-07,-3.309593044690123e-08,6.218627728877028e-07,2.7047240428484022e-08,3.980721169370249e-07,5.990674086207855e-07,1.2562091036710968e-06,movement,movement,no movement,no movement
2450.0,0.0167854488492116,0.3664033169126016,-0.1272778467,0.0267223942384016,0.3801072722438474,-0.1194453373333333,0.0288478315330467,0.3814776524338924,-0.1087368212333333,0.0271965297383376,0.3811304934837438,-0.1111974671333333,0.0090404457820824,0.3876894348258908,-0.1296515189666666,0.010466919133511,0.3863148070631317,-0.1423041493666666,0.0130434527819463,0.3773945748896239,-0.1228808755,0.0770124791533141,0.3793619205699295,-0.0202763252799999,-0.0371151632404412,0.3452401839332417,-0.0130691613283333,0.0458591596221224,0.3590844964870991,-0.0780445271466666,0.0136066410387158,0.3320875330239726,-0.10477936497,0.1419658043630091,0.2510591246516272,0.06795137063,-0.0796476245074713,0.3157579483733866,0.126108262,0.1173318098888573,0.1463853755460681,-0.0303584605266666,-0.0671276416992823,0.1441351251634287,-0.0053379259336666,0.0001639260254981,0.2013957958474982,-0.0912828065033333,0.0488182343952519,0.1951000106658689,-0.1242477087,-0.0417853189169278,0.2285390006480158,-0.0961671500766666,0.1069750613947789,0.2191904103965324,-0.1773643841333333,-0.046471850991231,0.2467593984191173,-0.0853831703733333,0.1227115773151133,0.2690832636016327,-0.1643874590333333,-0.0042083064100771,0.2007687109181454,-0.08549857101,0.0628416185565905,0.2166347623198583,-0.119273543,0.074066934667276,-0.1169980684980902,0.0260414648033333,-0.0727425124756388,-0.1046572620849619,-0.0244512251233333,0.0492914159516279,-0.4497468549183057,-0.0389184379833333,-0.0513888485140229,-0.3935061634424201,-0.0653017200533333,0.0620615572114116,-0.7365476861537412,0.0989257949366666,-0.0700512283382568,-0.7138385029251062,0.0770682772633333,0.0451667355026542,-0.7632545768486095,0.1182635553,-0.0697017211830046,-0.7415296145618505,0.0496257563466666,0.0385529688388407,-0.7818809588729585,0.0619162723966666,-0.0694326632847964,-0.7512675766597696,-0.0405120898133333,kalt_g_ch1_g18_compr.mp4,ch1g18,8.091940167886823e-06,3.4692491690659776e-06,9.32386205902487e-06,1.2934034712376904e-05,9.974140065797714e-06,5.9183996959111985e-06,9.477693288610829e-06,1.6327577552015278e-06,4.836793112476628e-06,1.6593152413001606e-06,1.493770181365649e-05,4.084693914399423e-06,8.059947732837731e-06,9.2111303325877e-06,2.185434011285462e-05,5.8233475197448205e-06,5.82132586322054e-06,1.528017633954906e-05,3.9244493918757e-06,8.05299644035908e-06,1.1558456211945368e-05,1.09815300259659e-05,7.92494696468798e-06,9.747398197926252e-06,9.178113925800804e-06,7.146222900656245e-07,8.844780687991089e-06,1.509202042839846e-05,4.0005286076297785e-06,1.7029814490717217e-05,7.549146330828763e-07,3.434247092046497e-06,8.246201877000465e-06,2.9744011264749724e-05,9.981937600705197e-06,-8.77610696047249e-05,-8.775169681538703e-05,-8.776842276212532e-05,-8.833525359728116e-05,-6.46262759434894e-05,-6.741682650502794e-05,-6.789225190078741e-05,-0.0001137879389924,-2.6007422982614836e-05,-8.912826576980253e-05,-6.82551073517957e-05,-7.042741109703006e-05,-4.213416490075671e-05,-0.0003422747806485,-0.0002211744299501,-0.0001592302766297,7.660569417040919e-05,-8.630043193596712e-05,0.0002037573932915,-0.0001023719955582,0.0002258135151651,-0.0001396462677965,0.0001246143192927,-7.276364114924431e-06,7.574042804484046e-06,-2.5943311048444792e-05,9.741491740950116e-06,-1.0501153030637277e-05,7.852700743503802e-06,-9.212674298704706e-06,3.0330632697198593e-06,-2.296148298229629e-05,2.607085325046207e-05,1.3731826557075091e-08,8.660477198712005e-07,1.1855571830775231e-06,-8.52941870599495e-07,3.4492712853819146e-07,4.777788594820507e-07,1.236216404256831e-06,2.301070987820721e-07,-5.987574602334029e-07,-7.857293861370012e-09,2.622831570932907e-06,-3.242637801419713e-07,1.246594599991423e-06,1.1949642474648868e-06,-2.465214098079546e-07,-7.776888891947222e-07,1.3827978998130055e-06,2.963655189560316e-06,-3.957166437971877e-07,1.3096363205767314e-06,-3.317962739235074e-07,1.3356206628155798e-06,1.224979737093455e-06,7.285247121435664e-07,2.934919704432818e-07,4.5337346838614064e-08,8.837042097391837e-07,2.6432333701370708e-06,-2.580693775241466e-07,2.859559824156743e-06,4.5317454515231316e-08,4.0561063862179315e-07,-2.900506571792684e-07,1.3481896205547706e-07,1.072225447069334e-06,8.376552163130393e-08,9.625468346761493e-08,-5.219192712713635e-08,1.0310763712716766e-06,9.223526750728744e-08,1.2825275924693708e-07,1.2562192268640746e-07,2.4156110911358353e-08,8.666939177136118e-07,8.330046075673054e-08,1.0657471499149907e-07,8.609770658442364e-08,6.623203622964902e-07,1.0328691764642994e-07,1.1260917499019314e-07,8.663344626435616e-07,6.28390657374742e-08,1.0394806967990164e-07,1.3677435298963725e-06,-8.915809761552141e-09,1.204097031010068e-07,1.6883126311330212e-08,-4.657356696499926e-08,2.5446434101048305e-08,2.9300527593816253e-08,9.792565566919836e-07,-3.7397490199651705e-08,7.216224624849553e-07,2.1385241130246592e-08,2.925760140241474e-07,1.2156209432533184e-06,1.5989196476275092e-06,movement,movement,no movement,no movement
2466.6666666666665,0.0166180455170052,0.3663016662905223,-0.1273291871666667,0.0265815155713735,0.3800045189955137,-0.1195530578333333,0.0287121969931111,0.3813756854221734,-0.1088437887333333,0.0270588948361185,0.3810280075781529,-0.1112983214333333,0.0089185745901114,0.3876082956000368,-0.1297068852333333,0.0103444616241098,0.3862312712010179,-0.1423489482333333,0.0129207712301434,0.3773101420903509,-0.1229316239,0.0769623940947697,0.379241252995701,-0.0204442197066666,-0.0371350767847224,0.345195596986685,-0.0130478876849999,0.0457165154127903,0.358984363160491,-0.0781214158966666,0.0134726221773362,0.3320074970082647,-0.1047937513033333,0.1419495436181993,0.2509743817793604,0.0679152221533333,-0.0796818335261657,0.3157024507748265,0.1263663610333333,0.1174704347846364,0.1460299360572044,-0.0300661674199999,-0.0671439732382977,0.1438987249873728,-0.0050087321749999,0.0003688684857745,0.2011645899713467,-0.0908937953066666,0.0487457666686753,0.1951149386249616,-0.1240681365333333,-0.0415506341481177,0.2283442940231859,-0.0957573693833333,0.1068996155634668,0.219300733215905,-0.1771437565666666,-0.0461972395697199,0.2465532077341667,-0.0849850105999999,0.1225586580091964,0.2692030938752696,-0.1641735946,-0.0039851640096017,0.2005520612213641,-0.0851073539366666,0.0627419354528907,0.2166868611118044,-0.125067025,0.0740557869420022,-0.1170049318506149,0.0260342848033333,-0.0727322360016006,-0.1046501687951187,-0.02443895315,0.0493050314019669,-0.4497715719266695,-0.0389306758133333,-0.0513522409746913,-0.3935022980002347,-0.0652516974099999,0.061919037578012,-0.7365556686157811,0.0993356801733333,-0.0699929849521688,-0.7138487016805151,0.0773105395366666,0.0450109403393877,-0.7632617635990661,0.1187339596333333,-0.0696436507801189,-0.741546637816043,0.0498898355933333,0.0384747843832894,-0.7819302014528542,0.0625082459866666,-0.0693877617347776,-0.7512995508040711,-0.0402487465566666,kalt_g_ch1_g18_compr.mp4,ch1g18,8.056510799113717e-06,3.1731169947658556e-06,1.045057326403984e-05,1.2370979315419528e-05,1.0293716736464747e-05,4.853444682618064e-06,1.064744274115205e-05,1.9321321623909236e-06,4.045141706460479e-06,1.6316408874591138e-06,1.6787321930143005e-05,3.779622474100843e-06,9.42561275546728e-06,1.0348011863524418e-05,2.122009225675141e-05,5.1608372929075e-06,7.304063578675801e-06,1.757034907559738e-05,3.5285982201954565e-06,9.49594629431061e-06,9.56787086444895e-06,1.2195064627361155e-05,9.280755334200855e-06,1.029634543190285e-05,9.45640214202942e-06,7.842119599625491e-07,9.753504587973062e-06,1.7155769337994875e-05,3.7819402016472096e-06,1.896962097557158e-05,8.198981623993862e-07,4.26452955337237e-06,6.4408725918530806e-06,3.012843403910226e-05,1.0093292172098516e-05,-9.128730826336446e-05,-8.437843779965513e-05,-8.407359162712502e-05,-8.452363014347676e-05,-6.452557203795387e-05,-6.838359751141301e-05,-7.05199102367916e-05,-9.338327833383142e-05,-1.735803012708915e-05,-8.126849213645947e-05,-6.693844919021026e-05,-5.12484912543424e-05,-3.19411032694317e-05,-0.0003324537900447,-0.000210076427907,-0.0002176289606726,5.808039279459653e-05,-0.0001731808052969,0.0001566715669667,-0.0001834422228227,0.0001677822829125,-0.0001987701000213,0.0001005629482457,-6.402491046132268e-06,6.553885677520039e-06,-2.9742694728699605e-05,3.508214063838706e-06,-2.0420063195726963e-05,-1.0608213091911073e-05,-1.839230835307138e-05,-1.7511785132475454e-05,-5.431137719272854e-05,-1.9288807273715044e-05,1.5722657818410024e-07,2.100517602746836e-06,1.1785731558308565e-06,-8.38066869809103e-07,3.201853074081633e-07,1.7329599465552624e-06,1.237922190366417e-06,3.790746875221611e-07,-4.3255680353277764e-07,2.0930389571453823e-08,3.398727665615365e-06,-2.0135335421147088e-07,1.2400420707672775e-06,1.1914856315516112e-06,5.395330724707385e-07,-5.413621244683518e-07,1.485641806566248e-06,3.7451186381713857e-06,-2.938738056329861e-07,1.2957368795201468e-06,1.5043895777749057e-06,1.2340535559905228e-06,1.2315501000098868e-06,6.818780902902543e-07,2.781397464392444e-07,7.116261820228656e-08,8.2255658998966e-07,3.5349009796827374e-06,-3.122100157269964e-07,3.564170168503629e-06,6.753624772432339e-08,6.67228490876345e-07,1.2971609599866574e-06,7.321627753431363e-08,1.3132744634055928e-06,-9.083901880348805e-08,1.8269148404546218e-07,-7.142850944292654e-08,1.359695791314407e-06,-8.491558525217074e-08,1.1742006435631477e-07,1.8947841301587495e-07,5.4466095419890034e-08,7.978467803541724e-07,1.2818177135502784e-07,-8.439149615666576e-08,-8.70721893862066e-08,8.52235372065341e-07,1.7091236316348274e-07,3.5783768103734315e-08,7.802420365698927e-07,1.087953214830751e-07,-8.988791827948115e-08,1.857505511395324e-06,-1.73195645423682e-07,-7.346405183198537e-08,-9.923842075513785e-08,-5.547374830034901e-08,1.6961028930569e-08,-1.075430098928915e-07,8.881473402523639e-07,-3.3505736956722044e-08,6.734420186478652e-07,1.3744587429464037e-08,1.6083778614113138e-07,1.7189403434959243e-06,1.809192312047749e-06,movement,movement,no movement,no movement
2483.333333333333,0.0164270999716946,0.3662043628212198,-0.1274209281333333,0.0264118450171781,0.3799170931412257,-0.1197108949,0.0285480970941298,0.3812886471392225,-0.1089992654666666,0.0268931578801855,0.3809410199345303,-0.1114481446666666,0.0087675430642103,0.3875461491213698,-0.1298123675666666,0.0101924164474834,0.3861644579950711,-0.1424432442666666,0.0127682178544165,0.3772411347523766,-0.1230326761333333,0.0768820041186501,0.3791542796043421,-0.0206490816766666,-0.037191325485546,0.3452078125833914,-0.0130774959183333,0.0455536100286811,0.3589044942439502,-0.0782290857266666,0.0133152456179142,0.3319482122886187,-0.10484100387,0.1419203398273386,0.2509298842213036,0.0678584107333333,-0.0797229334719323,0.315699041006974,0.1266224300333333,0.1175453593599697,0.1456815449099412,-0.0297723059666666,-0.0671696721028953,0.1437466302956749,-0.0046118430872333,0.0004479155467188,0.2009060885152493,-0.0904365462066666,0.0486686307418194,0.195115641020047,-0.1236903553333333,-0.0414533921758736,0.2281161547193134,-0.0952483012699999,0.106818932330432,0.2193564229944317,-0.1767123024,-0.0460406539313161,0.2463149875148317,-0.0844948463399999,0.1224067072467842,0.2692539508358894,-0.1637564644333333,-0.003876449531656,0.2003105679709793,-0.0846428167499999,0.0626383720522718,0.2167164038252134,-0.124821976,0.0740433645680386,-0.1170113092513718,0.0260204932299999,-0.0727205023649665,-0.1046436864801836,-0.0244203947466666,0.0493177815328785,-0.4497939777061939,-0.0389420529933333,-0.0513335404811873,-0.3934998539095101,-0.0651845782366666,0.061772357844172,-0.7365675505449638,0.0997442222399999,-0.0699539025616401,-0.7138592499481432,0.07757824262,0.0448500805983576,-0.7632724116325406,0.1191995029666666,-0.0696040264956965,-0.741563400044138,0.0501803933333333,0.0383566428250889,-0.7819879263856431,0.06310541932,-0.0693558741975285,-0.7513394900263664,-0.0399541686066666,kalt_g_ch1_g18_compr.mp4,ch1g18,8.2460934298709e-06,4.820061941992256e-06,1.15177684316087e-05,1.1702958730903027e-05,1.0505358912743882e-05,5.91413642933719e-06,1.1774391830364e-05,2.3559164530258214e-06,3.46508861777466e-06,1.6631651697347551e-06,2.016038888089933e-05,3.7535184441215985e-06,1.0599474574154136e-05,1.1422347877498436e-05,2.130382193334278e-05,4.930363280505267e-06,8.89391802607327e-06,2.151780078158221e-05,3.365077601613597e-06,1.0729215847597384e-05,1.0546392135341006e-05,1.327241001475238e-05,1.0468342646557158e-05,1.087483733471524e-05,9.642361620292311e-06,8.586970698011907e-07,1.0494561231330523e-05,2.0744045260033656e-05,3.329927414613798e-06,2.267030346276836e-05,8.860472746703908e-07,5.0532289395580204e-06,7.159390675700066e-06,3.231656669418587e-05,1.0212682550699776e-05,-9.13582638203253e-05,-7.858143899439327e-05,-7.783169366537976e-05,-7.816147577182184e-05,-6.083131350121098e-05,-6.581148913056337e-05,-6.936461697865311e-05,-7.412522185636973e-05,-7.445503237883006e-06,-7.17475749142966e-05,-6.263241355511286e-05,-3.633699742664981e-05,-1.9410119425991552e-05,-0.000337381403945,-0.0001910662761722,-0.0003049716194864,9.463466685725252e-07,-0.0002924456670468,4.964398822891763e-05,-0.000296669091752,4.13916286852295e-05,-0.0002864779424666,3.11069265063147e-05,-5.5981321723664875e-06,5.611322577379306e-06,-3.5161213245344e-05,-3.714467982857557e-06,-3.1575327299187436e-05,-2.801562694043425e-05,-2.881191320983148e-05,-3.660200730504783e-05,-8.739661749883626e-05,-6.154058149575012e-05,2.2838263337595714e-07,3.49061495604963e-06,9.473725451772808e-07,-5.518042876708097e-07,2.7091548572111184e-07,3.2293470346488093e-06,1.0107207963283154e-06,5.091161834035826e-07,-1.5947717006644174e-07,9.589183697842627e-08,4.273837034962806e-06,-1.7706263591891408e-08,1.0068846687285071e-06,9.644722854824869e-07,1.521903697971389e-06,-2.595154065179606e-07,1.464807912038882e-06,4.665249435142918e-06,-1.3276965980627594e-07,1.0537233793438909e-06,3.719450434178436e-06,9.20576511027582e-07,1.0084037703176154e-06,4.803106966347402e-07,2.4955074442857237e-07,9.428943391131487e-08,6.047864045497638e-07,4.500725084942772e-06,-3.3091378748313353e-07,4.391691517536637e-06,8.72087936886023e-08,7.742897039516636e-07,3.336526025106545e-06,-1.4949492102043764e-09,1.413525152105232e-06,-2.3504018285688218e-07,2.55701323188055e-07,-9.60646826490247e-08,1.530662652485957e-06,-2.3433016797030939e-07,9.02958825045141e-08,2.1553922398051298e-07,7.206676079492816e-08,5.780590334472647e-07,1.4550917619747566e-07,-2.3608508760114827e-07,-2.2924070304259002e-07,9.147754154410146e-07,2.0317681517569135e-07,-4.042627597191379e-08,5.276057153349756e-07,1.297514708898349e-07,-2.4219827233908186e-07,2.08277135007912e-06,-2.937876057218735e-07,-2.30382338107489e-07,-1.9602712355071198e-07,-7.0116585482787e-08,6.930511533876657e-09,-2.0981418683565215e-07,6.391880631252341e-07,-1.0766497889658173e-08,4.508205358381571e-07,4.678154970787477e-09,2.419280793136864e-08,1.9910909456573793e-06,1.8190140084813284e-06,movement,movement,no movement,no movement
2499.9999999999995,0.0162074689056928,0.3661016475523822,-0.1275072098333333,0.026210411140715,0.3798340091316087,-0.1198607782333333,0.0283535029055946,0.3812059196485242,-0.1091472133666666,0.0266975301902022,0.3808588465569851,-0.1115903397333333,0.0085841765253618,0.3874769456488902,-0.1299073594999999,0.0100083964062454,0.386088822319359,-0.1425266614666666,0.0125829809564896,0.3771624380513558,-0.1231234659333333,0.0767587182920954,0.379091226687007,-0.0208508260766666,-0.037292817440384,0.3452047499656513,-0.0130982644116666,0.0453737920378429,0.3588330950204707,-0.0783290700333333,0.0131393846500087,0.3318780058495688,-0.1048805540366667,0.1418793031541919,0.2509106660388677,0.0678374859033333,-0.0797655384381755,0.315700724180748,0.1268926966333333,0.1176488197541436,0.1453361879024312,-0.0293359466333333,-0.0672000039989177,0.1436097514747221,-0.0041027177978666,0.0005245852658102,0.2005251948283037,-0.0898238156866666,0.0485829523451193,0.1950484948366303,-0.1231124699333333,-0.0413749814039281,0.2277274119099428,-0.0945836898033333,0.1067305866079684,0.2192813157141005,-0.1760681733666666,-0.0459161309286438,0.2459269853985292,-0.0838562287666666,0.1222510029635952,0.2691481333773837,-0.1631404916666667,-0.003779554410147,0.1999476190253738,-0.0840232709133333,0.0625279879242786,0.2166618229895869,-0.126575291,0.0740299226370205,-0.1170168115310186,0.0260069321799999,-0.0727076084905529,-0.1046380721798667,-0.0244020966166666,0.0493343624281209,-0.4498286767400111,-0.03895793966,-0.051312586516342,-0.3934984878950512,-0.0651183172433333,0.0616214450367086,-0.7366025145594169,0.1000850239699999,-0.0699374630531008,-0.7138852396279272,0.0777562300366666,0.04468473665457,-0.7633039203355946,0.1195819316,-0.0695882691981708,-0.7415987136769725,0.0503644396866666,0.0382227124285987,-0.7820697853906287,0.0635969996866666,-0.0693306784617289,-0.751405599244796,-0.0397992812166666,kalt_g_ch1_g18_compr.mp4,ch1g18,8.43848487272201e-06,8.855009302205767e-06,1.214302770933353e-05,1.1118372963226012e-05,1.0651087969416907e-05,9.928487654370868e-06,1.2476234879237711e-05,2.85011619544373e-06,3.4606464936038197e-06,1.8985866621467243e-06,2.5782699846788257e-05,3.7426093792885903e-06,1.1184476515746e-05,1.2069293537531776e-05,2.3229120886506135e-05,4.7707276864488256e-06,1.0280041617712838e-05,2.757868191250598e-05,3.227026013172073e-06,1.1348466575280654e-05,1.5809943823447007e-05,1.38717850372169e-05,1.1055206980944531e-05,1.1211990852593129e-05,9.805100164787646e-06,8.904119432039394e-07,1.0803769867561846e-05,2.657632854392474e-05,2.972615767399053e-06,2.837551657192943e-05,9.112553522459964e-07,5.501768030357314e-06,1.1980808491693375e-05,3.805157950895193e-05,1.0322484494113223e-05,-8.443733834337828e-05,-6.719808896904874e-05,-6.611322736259253e-05,-6.604311618431964e-05,-4.925924287780281e-05,-5.583429198452649e-05,-6.03978971814866e-05,-5.610936956456655e-05,5.918547128341986e-06,-5.8803874140637254e-05,-5.324740679376975e-05,-3.232136371184136e-05,-9.730420956285272e-06,-0.0003729198795333,-0.0001691742623053,-0.0004267481574175,-9.685971021697028e-05,-0.0004423683703349,-0.0001130102257506,-0.0004446310958463,-0.0001464700729056,-0.0004079513420726,-8.501293060737394e-05,-4.827412052961736e-06,4.71462914407102e-06,-4.160273160873356e-05,-9.896121000422752e-06,-4.877655264773889e-05,-4.373541676956816e-05,-4.564257404600922e-05,-5.362276556769366e-05,-0.0001167305606495,-9.262921868218754e-05,1.8760438467436277e-07,5.012762040398968e-06,5.521268255194276e-07,-1.0760062506695573e-07,1.8714884458373137e-07,4.929363518326466e-06,6.114715849529249e-07,5.959863525675936e-07,1.3203767381254265e-07,1.9083117241883485e-07,4.903201703933883e-06,1.930996063598428e-07,6.088675438999618e-07,5.730451741454471e-07,2.5751698582383805e-06,-5.257453426067733e-09,1.359098106887406e-06,5.297858698609498e-06,6.218709337658766e-08,6.470759789210372e-07,6.109591950484283e-06,4.627837296283551e-07,6.1560045078715e-07,1.6748049017732978e-07,1.9601989551456258e-07,1.0792753563307177e-07,2.782039434035847e-07,5.187094287249746e-06,-3.141259281823022e-07,4.936202379819593e-06,9.820594891476693e-08,6.984475429185653e-07,5.678153079516624e-06,-7.216424788183665e-08,1.3420010876827192e-06,-3.19690993067604e-07,2.9173958395824113e-07,-1.2520009381714314e-07,1.493919320944007e-06,-3.266855916347779e-07,5.1551781205073225e-08,1.914292023192369e-07,6.839030644123376e-08,2.484714564725361e-07,1.4239205712893426e-07,-3.172241737546817e-07,-3.12457270897357e-07,8.111767050437388e-07,2.108034155797588e-07,-1.045746621063001e-07,1.7132294937615034e-07,1.307356365345387e-07,-3.2166393020052176e-07,1.9844098400735793e-06,-3.483284233121584e-07,-3.1728227601789097e-07,-2.556070759485725e-07,-9.118884764405604e-08,-1.929617445349446e-09,-2.5780318292488157e-07,2.797778439182059e-07,2.0158394617333346e-08,1.1588406762541777e-07,-3.322486975570892e-09,-9.160500298021605e-08,1.949792623501443e-06,1.6193709250640713e-06,movement,movement,no movement,no movement
2516.666666666666,0.0159741126442668,0.3659950770594627,-0.1277312497666666,0.0259971859125847,0.3797545704901152,-0.1201549445333333,0.0281477385968877,0.3811272685972126,-0.1094360430666666,0.0264909136598185,0.3807808553828322,-0.1118756661666666,0.0083899392366019,0.3874147628096991,-0.1301304338666666,0.009813498547088,0.386017536530098,-0.1427380935333333,0.0123860450042373,0.3770849724858285,-0.1233419875,0.0766186742822222,0.3790516979405248,-0.0211962950933333,-0.0374049599261601,0.3452204528550937,-0.0132238587216666,0.0451855391485762,0.3587679507891151,-0.0785650443266666,0.0129536401989779,0.3318105108439866,-0.1050428324033333,0.1418344101157205,0.2509061488143846,0.0677221776133333,-0.0798083846578223,0.3157185336715551,0.1271104368666666,0.117732243296741,0.1449661771591773,-0.02883492607,-0.0672559542063799,0.1435060798975634,-0.0035561979926999,0.0005810892745741,0.2000801614424638,-0.0891003864166666,0.0484950294743171,0.1949508749776881,-0.1222978770999999,-0.0413215397541342,0.2272657286155243,-0.0937727308566666,0.1066421807712078,0.2191487128642272,-0.1751297682666666,-0.0458087529799569,0.2454636980211117,-0.0830951750566666,0.1221033819699136,0.268973095009271,-0.1622318114333333,-0.0036973770167544,0.1995225797608596,-0.0832918603333333,0.0624157594524983,0.2165736441539662,-0.12891221,0.0740142531382169,-0.1170215059960702,0.0259914292,-0.0726920942193381,-0.1046334638183938,-0.0243820758499999,0.0493583543094365,-0.4498848047292031,-0.03897025143,-0.0512849923634131,-0.3935148411866839,-0.06503024737,0.0614618952406171,-0.736687202094682,0.1004753633699999,-0.069952913258134,-0.7139468703975856,0.07801926141,0.0445080659298333,-0.7633846688317888,0.1200226339333333,-0.0696092024003606,-0.7416717818219621,0.0506414338933333,0.0380768376026353,-0.7822230246160754,0.0641965172333333,-0.0693454496751145,-0.7515151168776163,-0.0395108920366666,kalt_g_ch1_g18_compr.mp4,ch1g18,8.656001860176741e-06,1.5198981109463548e-05,1.2563162802472968e-05,1.0844809594081489e-05,1.0921068043287392e-05,1.660166826480716e-05,1.296784812247558e-05,3.443839740967137e-06,3.912424404628409e-06,2.156422837230974e-06,3.347523023053566e-05,3.951917843874797e-06,1.1500760842832208e-05,1.2514081441031555e-05,2.7020632770724204e-05,4.8572255038840344e-06,1.1697861058271554e-05,3.622764224547533e-05,3.309329396024762e-06,1.1684054292764095e-05,2.442939412437938e-05,1.4172331606196242e-05,1.1386960836964318e-05,1.134427466684907e-05,1.009036547430069e-05,9.783524233177489e-07,1.0849174506045406e-05,3.4452100218357716e-05,2.7709352038772508e-06,3.674326975511136e-05,9.897345919500665e-07,5.875096083041733e-06,1.994474352108668e-05,4.759916728981517e-05,1.0619187184354223e-05,-7.841698480078629e-05,-5.8328273871320555e-05,-5.717376123550261e-05,-5.660891687865431e-05,-3.962424797608695e-05,-4.748835538662929e-05,-5.263188750840561e-05,-4.293706712020717e-05,1.58156103151361e-05,-4.8279415808521725e-05,-4.561046076290712e-05,-3.8207554656129736e-05,-6.627360726309333e-06,-0.0004375984061344,-0.000152651779693,-0.0005751637753417,-0.000228956077936,-0.0006161800991359,-0.0003105826596247,-0.0006140147722094,-0.0003672803608519,-0.0005553226857684,-0.0002366725381563,-4.1998746838091875e-06,3.920787543504091e-06,-4.948784849673561e-05,-1.5463325283842248e-05,-6.683987862257247e-05,-5.535780969578433e-05,-6.343018527335745e-05,-6.622808592761037e-05,-0.0001417131578548,-0.0001104219779316,6.459924333771192e-08,6.581104412722731e-06,1.2225659502324636e-07,3.860763106727137e-07,4.7447288007376877e-08,6.692355521666242e-06,1.703237555082036e-07,6.297035526618464e-07,3.7729728646819754e-07,2.727803210548518e-07,5.291910231054386e-06,3.287455403769461e-07,1.8871456606830036e-07,1.4782329832700888e-07,3.565264931383406e-06,1.610791213068759e-07,1.1598129309972396e-06,5.663043802098729e-06,1.9146599197259517e-07,2.199953637495841e-07,8.383159160951787e-06,-1.4059162253793896e-09,1.956195010088445e-07,-1.692330510328763e-07,9.458018160923657e-08,1.045717051755662e-07,-5.2341341529928486e-08,5.606714535122616e-06,-2.872090806168901e-07,5.188666155455654e-06,9.349069125218536e-08,4.944288105559272e-07,8.025101363450669e-06,-1.2963782815474437e-07,1.1237170882526175e-06,-3.42536483695666e-07,2.884565218585822e-07,-1.560891472580655e-07,1.2795015294599583e-06,-3.581133253980567e-07,7.603711050135338e-09,1.2516955619174738e-07,5.14566067095964e-08,-5.6238947417247217e-08,1.1575674449811197e-07,-3.297354126160952e-07,-3.3489262298813057e-07,5.737266102527524e-07,1.922992052012961e-07,-1.5533028041195676e-07,-1.501023378980607e-07,1.0819029237796469e-07,-3.312362191324597e-07,1.6312032429510957e-06,-3.392535936606088e-07,-3.361102750232067e-07,-2.727105940160201e-07,-1.1599507523532879e-07,-1.056744346974704e-08,-2.532985419024053e-07,-5.4115875272608266e-08,5.409507680101457e-08,-1.9723898610588607e-07,-1.1283062328575197e-08,-1.829639612255525e-07,1.6519380385543464e-06,1.295391064776319e-06,movement,movement,no movement,no movement
2533.3333333333326,0.0157424535567434,0.3659058778201446,-0.1279930209666666,0.0257824205694369,0.3796938161417871,-0.1204918215333333,0.0279405886788497,0.3810670204563837,-0.1097670532333333,0.0262831031135246,0.3807215991146327,-0.1122047411666666,0.0081954410382576,0.387369748746418,-0.1304027620333333,0.0096184830305832,0.3859632364932627,-0.1429994110666666,0.0121888316450734,0.3770239412667077,-0.1236098423333333,0.076454094910016,0.3790308574682873,-0.02159190691,-0.0375276674558324,0.3452447561762403,-0.0134115426349999,0.0449971668242773,0.3587206602916277,-0.0788385176366666,0.0127684254968949,0.3317571931782713,-0.10525382217,0.1417742137820031,0.2509074056411094,0.06761399121,-0.079854031513653,0.3157278639412514,0.1272587086333333,0.1178146943412949,0.1445097554714434,-0.0282197923499999,-0.067327478204846,0.1433082774527922,-0.0030234300986333,0.0006337791091466,0.1994583400837948,-0.0883488858233333,0.0484171401494422,0.1947307489759495,-0.1214416493999999,-0.0412761579851017,0.2266102878917356,-0.0929293139733333,0.1065796791537297,0.2188825334721134,-0.1741273855333333,-0.0457079309797165,0.2448324585966782,-0.0823125464533333,0.1219976036586873,0.2686843350151718,-0.1612527321333333,-0.0036192776697773,0.1989331905033105,-0.08253726345,0.0623209430695765,0.2163742036012384,-0.128817424,0.0739957537502591,-0.117024232220309,0.0259881813066666,-0.0726734257602519,-0.1046312285238644,-0.0243744229233333,0.049399927857663,-0.4499417758844435,-0.0389732181266666,-0.0512501048785737,-0.3935344754184437,-0.0649439168699999,0.0613049012655668,-0.7367743637380093,0.1008736565233333,-0.0699698398066027,-0.7140138376447595,0.0782874905066666,0.0443341094173577,-0.7634681366705282,0.1204715247,-0.0696316429930963,-0.7417514245335791,0.05092674481,0.0379299414360939,-0.782394951001065,0.06481298473,-0.0693521489875334,-0.751639957153728,-0.0391835848033333,kalt_g_ch1_g18_compr.mp4,ch1g18,8.726075942279547e-06,2.4444541553900992e-05,1.2600521981898488e-05,1.1313169151529336e-05,1.1106504556792644e-05,2.6294833892013756e-05,1.305437919663271e-05,4.037467232328905e-06,4.6904132316026845e-06,2.4760648750029515e-06,3.9839959773781314e-05,4.322240855394945e-06,1.1473316485652676e-05,1.2581737412532592e-05,3.19980348929332e-05,5.1486110784642315e-06,1.2901893571964546e-05,4.290223008015938e-05,3.55490825010406e-06,1.166844685405978e-05,3.6532330454057905e-05,1.404789375034974e-05,1.1361993363796512e-05,1.1116250434828984e-05,1.0302866458096564e-05,1.0935989839724476e-06,1.061236213475229e-05,4.112424761884783e-05,2.5468692069166387e-06,4.313693051511915e-05,1.0941858598322862e-06,6.209371634716703e-06,3.145177231673232e-05,5.8656639754227223e-05,1.0898918750042556e-05,-7.479973054975632e-05,-5.265531522526755e-05,-5.177942241737382e-05,-5.062457723093592e-05,-3.349930287619456e-05,-4.246560106673667e-05,-4.790926021598722e-05,-3.379176347265981e-05,1.8820663757164347e-05,-4.10662550790329e-05,-4.184914455876771e-05,-5.1961596602307974e-05,-1.380038263251165e-05,-0.00052439159116,-0.0001528195485482,-0.0006916745545427,-0.0004006305624353,-0.000733152367731,-0.0005405972542683,-0.0007248729826494,-0.0006147862797554,-0.0006661957784053,-0.0004254792249545,-3.77304512604104e-06,3.3236272710089957e-06,-5.70534983750365e-05,-1.947361629883891e-05,-8.418650289394428e-05,-6.123949673938982e-05,-8.072800535668867e-05,-7.259555900169432e-05,-0.0001596769094038,-0.0001153124140291,-1.4027384777723789e-07,7.842267156220644e-06,-2.5597750668519666e-07,7.12023943738808e-07,-1.067069891203855e-07,8.16083213728043e-06,-2.2606229727230698e-07,5.924787630219919e-07,4.985855779371973e-07,3.245322984847377e-07,5.316960067492831e-06,4.247047369464585e-07,-1.7944674572483445e-07,-2.2324183155929546e-07,4.206585762668549e-06,2.74491376792373e-07,9.436036053987808e-07,5.597180083955435e-06,2.839713765844062e-07,-1.50686529556207e-07,1.0100165711139082e-05,-3.613387145203978e-07,-1.8184044950075e-07,-4.57988318076821e-07,-2.1939628083370532e-08,8.984341080495437e-08,-3.2326805135423413e-07,5.603798017990297e-06,-2.232004219288353e-07,5.075126034203235e-06,7.901907106874904e-08,2.327736460672931e-07,9.841554462760011e-06,-1.609041618217147e-07,8.034473536467931e-07,-3.0131935079578896e-07,2.490583659859447e-07,-1.7367600902257052e-07,9.430393757614216e-07,-3.245820835513173e-07,-3.4169374677630977e-08,3.4430814940469747e-08,2.3202174618597883e-08,-1.2060830492680914e-07,7.348829960751793e-08,-2.778478647907749e-07,-2.948406825537758e-07,2.8041918289948077e-07,1.565904905530221e-07,-1.880669701152015e-07,-1.6684078716106326e-07,6.97279554477063e-08,-2.764504094532093e-07,1.1278174102899757e-06,-2.711446470919751e-07,-2.894811081637544e-07,-2.4278026208384234e-07,-1.318644999188203e-07,-1.6176121065050156e-08,-2.011628735630126e-07,-1.493912178445098e-07,9.22526946693653e-08,-2.133203324840775e-07,-1.6592652882038003e-08,-2.416568026427701e-07,1.1819105767802703e-06,8.991720490855474e-07,movement,movement,no movement,no movement
2549.999999999999,0.0155329614583019,0.3658451740846042,-0.1280319015666666,0.0255828856890169,0.3796542012447496,-0.1205668059,0.0277483058996293,0.3810283341328151,-0.1098396213999999,0.0260906474094912,0.3806840390118484,-0.1122811575666666,0.0080171095516308,0.387346286998888,-0.1304199967,0.0094398011176815,0.3859313303723356,-0.1430014986999999,0.0120077479788981,0.376985892473173,-0.1236253137,0.0763081897323043,0.3790033317554192,-0.0217420363566666,-0.0376322663351687,0.3452533808925281,-0.0133713131649999,0.0448323841728557,0.3586916285364724,-0.0789035942333333,0.0126062304753379,0.3317243141611928,-0.10525999597,0.141729798473044,0.2508472674842306,0.0677067767333333,-0.0798841850042434,0.3156860010879945,0.1275242266999999,0.1179251330631552,0.1439959939539884,-0.0273422656366666,-0.0674204182944926,0.1430848989889135,-0.0024516751662999,0.0006970242634042,0.1987724430685266,-0.0871648909633333,0.0483167233248713,0.1943411467046461,-0.120722686,-0.0412263435258232,0.2258755564368183,-0.0916585980966666,0.1064988468160061,0.2183858442557473,-0.1733060598333333,-0.0456060163536926,0.24411572406178,-0.0810772052966666,0.1218947855718425,0.268133753106001,-0.1604600231333333,-0.0035342644161424,0.1982764019718653,-0.0813396935099999,0.0622177253301461,0.2159744365994836,-0.128193229,0.073978232394045,-0.1170271240537297,0.02598868031,-0.0726556093742154,-0.1046290686089475,-0.0243702684799999,0.0494415041740667,-0.4500013303620207,-0.0390019957466666,-0.0512053965754506,-0.3935534689618467,-0.0649341831833333,0.0611542251571525,-0.7368626438257458,0.1011323161099999,-0.0700025622080229,-0.7140716147827678,0.0785048929833333,0.044167520587429,-0.7635526058834062,0.1207628446333333,-0.0696739527357712,-0.7418202578453083,0.0511642069833333,0.0377794691987489,-0.7825650141613357,0.0651996445299999,-0.069365457048126,-0.7517439142804323,-0.0389363007799999,kalt_g_ch1_g18_compr.mp4,ch1g18,8.858535398591727e-06,3.553656874618013e-05,1.2380013864929062e-05,1.2617742202680537e-05,1.1066660033179167e-05,3.7978901294138296e-05,1.2850773158914067e-05,4.637779921682034e-06,5.6744194988970795e-06,2.778437963426215e-06,4.533581633017543e-05,4.917242070806764e-06,1.1297439071315242e-05,1.2397424576027436e-05,3.736238739343041e-05,5.683102287105632e-06,1.3785707078938251e-05,4.810348310472677e-05,4.009728824572132e-06,1.1512168188845222e-05,5.0858669718965553e-05,1.370223898110649e-05,1.1173382877504274e-05,1.0698106959119757e-05,1.0331685237466327e-05,1.2326348450397169e-06,1.0310595822924898e-05,4.689419150228697e-05,2.312075465273916e-06,4.8108266742606594e-05,1.2199287815335777e-06,6.491472609024824e-06,4.5098366301400407e-05,7.083126657723426e-05,1.1082492729196093e-05,-7.890113005764099e-05,-5.4873080028189006e-05,-5.4576938731946594e-05,-5.279434849669757e-05,-3.706166944120354e-05,-4.676349394173927e-05,-5.24159374944574e-05,-3.189445134605523e-05,1.1079887952535214e-05,-4.1370876905861e-05,-4.68939154086334e-05,-7.135658624158658e-05,-2.6697045765508772e-05,-0.0006207187478841,-0.0001744406021725,-0.0007833267116376,-0.0005920090906062,-0.0008099182708616,-0.0007797880445534,-0.0007955256353793,-0.0008704791030907,-0.0007516892150559,-0.0006333349305019,-3.516779964523945e-06,2.8992389860807225e-06,-6.381751293256756e-05,-2.224500394145386e-05,-0.000100954019618,-6.207670604609944e-05,-9.769462145181984e-05,-7.353864202329061e-05,-0.000172726711265,-0.0001094406648001,-3.406116081063431e-07,8.568554320976099e-06,-5.065129305827008e-07,9.05994455239658e-07,-3.030620656795154e-07,9.0304768088374e-06,-5.012513867520356e-07,5.0160290339741e-07,4.898478742811718e-07,3.339243609088442e-07,5.248927273707171e-06,4.5560767997349945e-07,-4.12034708501881e-07,-4.666567485093502e-07,4.401625091307488e-06,3.4330424871548917e-07,7.419498661630573e-07,5.452203471909549e-06,3.161479747060453e-07,-3.7967641566208266e-07,1.1032568365956168e-05,-5.553802751356869e-07,-4.302781769388866e-07,-6.435174829174222e-07,-1.828397582690421e-07,6.9127775481035e-08,-4.749403925903063e-07,5.463319070803344e-06,-1.203235583080843e-07,4.914850188115372e-06,5.8936542812388e-08,-1.8281607614401557e-08,1.0860028740108256e-05,-1.670030420979053e-07,4.86182653086929e-07,-2.077818727045318e-07,1.9617837690645955e-07,-1.630239261089474e-07,5.944404294374515e-07,-2.3614438263539447e-07,-6.97040083845468e-08,-5.8384583941313894e-08,-8.944028627022286e-09,1.4774181688175634e-07,2.2082476578935222e-08,-1.8095224707066578e-07,-2.0393064881512937e-07,3.5815136962636656e-08,1.1244685329247985e-07,-1.9962993412460537e-07,2.246635020837499e-07,2.2409850559509263e-08,-1.7838237566687709e-07,6.327611827874149e-07,-1.617514716183572e-07,-1.9611886359297605e-07,-1.7327810608971218e-07,-1.2689250250843485e-07,-1.5632969716466185e-08,-1.1885422321909189e-07,9.146634254599641e-08,1.2745726287422556e-07,1.786248922641701e-07,-1.6184219866527716e-08,-2.641311465558081e-07,6.96634695746031e-07,5.333932354114477e-07,movement,movement,no movement,no movement
2566.6666666666656,0.0153230815868154,0.3657907205904333,-0.1280534595666666,0.0253823650615216,0.3796197102355945,-0.1206255917333333,0.027555017106986,0.3809944648355389,-0.1098953390666666,0.0258972450127699,0.3806516646363779,-0.1123428841333333,0.0078378646549353,0.3873280757110207,-0.1304216810333333,0.0092604041450849,0.3859043386548998,-0.1429864782999999,0.0118259199623699,0.3769528869108548,-0.1236250926666666,0.0761701351234764,0.3789759942679787,-0.0218822698799999,-0.0377343499314671,0.3452600250484209,-0.0133184560783333,0.0446682956464909,0.3586659172933724,-0.0789526928133333,0.0124443539454305,0.3316929664529843,-0.10525214257,0.1416947502189534,0.2507540090303289,0.0678742367333333,-0.0798904898129392,0.3156424328996224,0.1277884396666666,0.1180184211893676,0.1433502180697975,-0.0261537859843333,-0.067592837162874,0.1428803297975487,-0.0018720574026333,0.0008053403030996,0.1978924089616286,-0.0855463675633333,0.048196506459243,0.1936880417066042,-0.1200578396666666,-0.0411265618479468,0.224937934187015,-0.0899419161466666,0.1064023509219033,0.2174762864119182,-0.1725671956666666,-0.0454425533345023,0.2431841258749627,-0.0794432651566666,0.1218053629408965,0.2671075035652678,-0.1597404420666666,-0.0033989082243781,0.1974246805841257,-0.0797179837466666,0.0621118532883896,0.2152559508408966,-0.12802434,0.0739580788888839,-0.1170309585374501,0.0259986438466666,-0.0726352029563965,-0.1046259829386352,-0.0243748316499999,0.0494824931963487,-0.4500635733420491,-0.03901478057,-0.0511635641827582,-0.3935734709922499,-0.0649561507233333,0.0610115257780239,-0.7369531860954253,0.1013287429899999,-0.0700615072248291,-0.7141240940331893,0.07865067576,0.0440092866680841,-0.7636392817023601,0.1209743564333333,-0.0697471330251099,-0.7418827808013715,0.0513277192866666,0.0376263791496503,-0.7827321080203641,0.0654506341,-0.0693921854835195,-0.7518415325469427,-0.0388053883666666,kalt_g_ch1_g18_compr.mp4,ch1g18,8.457646663507905e-06,4.3349997824904674e-05,1.1665247916113046e-05,1.3601300191530785e-05,1.0729312390138992e-05,4.619227574768781e-05,1.2117462082201984e-05,5.263352782043691e-06,6.167024593137685e-06,3.0168266663662503e-06,4.912617927119468e-05,5.618084675085082e-06,1.077710094649178e-05,1.1721221885073322e-05,4.169820545004132e-05,6.270995312100607e-06,1.4190831551866656e-05,5.189848315221785e-05,4.571194039622106e-06,1.1027021806793104e-05,6.077305225874526e-05,1.292792352154238e-05,1.0628857710928668e-05,9.84627313211648e-06,1.0129943440309371e-05,1.3456915750084783e-06,9.749172839605632e-06,5.0907851222838424e-05,2.2658373608012787e-06,5.131716217235171e-05,1.3235870135806457e-06,6.593049279192884e-06,5.49394825533205e-05,7.996603861765245e-05,1.1113575889503052e-05,-8.473683479377154e-05,-5.863309239117623e-05,-5.917743453930105e-05,-5.67722653527809e-05,-4.429324600657681e-05,-5.429680350911388e-05,-6.03236701855238e-05,-2.765044588502416e-05,-1.2522249756257171e-06,-4.289904686365837e-05,-5.461719640172506e-05,-8.455614386164091e-05,-3.666733558430977e-05,-0.000694310161646,-0.0001875101228869,-0.0008397788484639,-0.0007208416084974,-0.0008549417168487,-0.0009356333202762,-0.0008276965371055,-0.001032022917405,-0.0008022076161817,-0.0007729486047364,-3.291525158176866e-06,2.551635403033759e-06,-6.778287121851235e-05,-2.3534963020996537e-05,-0.0001134431228256,-5.9926792500005793e-05,-0.0001099427263667,-7.128582231021053e-05,-0.0001796356331447,-9.965801233444652e-05,-5.138843892702362e-07,8.811933489904163e-06,-5.988751750776424e-07,1.0306108826080426e-06,-4.932681655897138e-07,9.321005692566624e-06,-6.228700022801821e-07,4.142704190093138e-07,3.366815225312394e-07,3.037587737372539e-07,5.14293147023991e-06,4.267618666478174e-07,-4.761253548500737e-07,-5.549781909891944e-07,4.198254785052352e-06,4.011712535325459e-07,5.665613755592303e-07,5.346804471910008e-06,2.9251451591429656e-07,-4.365651540932297e-07,1.1106652349046945e-05,-5.811309689647888e-07,-5.130231333759144e-07,-7.244253206562317e-07,-3.4051839268730913e-07,4.7974100508630575e-08,-4.969485507764632e-07,5.273578715078198e-06,2.6111575478123423e-08,4.792125438605992e-06,3.740421134940971e-08,-2.507578205411452e-07,1.1015146130051463e-05,-1.2911427780319613e-07,3.899239568541156e-07,-7.158301161488186e-08,1.8656801614645177e-07,-1.1853312277413865e-07,4.70089005788305e-07,-1.015495951188948e-07,-9.7761066222444e-08,-1.1592682566091505e-07,-3.839778325877277e-08,7.999442456416039e-07,-2.4816111881955336e-08,-5.4428938586681414e-08,-7.112219550851993e-08,-5.821747513964552e-08,7.470696498835233e-08,-1.9523667782152046e-07,1.0465334922375324e-06,-2.0790639408468333e-08,-5.346980439283407e-08,4.4982707467588e-07,-2.285187177792423e-08,-7.123369609196035e-08,-6.72733039087126e-08,-9.665756320436298e-08,-5.7359849935960035e-09,-1.7081189944169365e-08,7.195481265474889e-07,1.4640933168678316e-07,1.0185808259828791e-06,-6.995551671215182e-09,-2.48430371392791e-07,4.805424006397178e-07,8.414196917158698e-07,movement,movement,no movement,no movement
2583.333333333332,0.015132873273688,0.3657398296313966,-0.128127945,0.0251963799303626,0.379588739455971,-0.1207223094666666,0.0273758490459166,0.3809637332656985,-0.1099885890666666,0.0257178953269021,0.3806226407903001,-0.1124410127666666,0.0076762662963065,0.3873121092210497,-0.1304763365,0.0091002666843659,0.3858801887645481,-0.1430270785,0.0116636542740019,0.3769231733560643,-0.1236771816666666,0.0760444150872358,0.3789466287391378,-0.0220236025499999,-0.0378251571738203,0.3452619992921703,-0.013295631785,0.0445135536591662,0.3586413434446191,-0.07903678578,0.0123010621286257,0.3316631880331422,-0.10529857607,0.1416598566165222,0.250628088289304,0.06805131766,-0.0798975282549226,0.3156045566460632,0.1280172077333333,0.1180990510228592,0.1425848460259714,-0.0250228099456666,-0.0677716626839211,0.1427448493970401,-0.0013824340866333,0.0010219018687652,0.196954892714696,-0.0842223445033333,0.0480756318025414,0.1928647504798614,-0.1196186763666666,-0.0408793995353766,0.223970271721597,-0.0885821397366666,0.1063037490634084,0.2163474679202807,-0.1721114441333333,-0.0451203597669447,0.2422412872169947,-0.07818402651,0.121732564102649,0.2658409954660738,-0.1593028167999999,-0.0031425561033465,0.1965192073010848,-0.07841498188,0.0620083081980813,0.214338897766049,-0.125038669,0.0739382644814385,-0.1170346243343491,0.02602008991,-0.0726151176710097,-0.1046231215734758,-0.0243894899833333,0.0495318093625135,-0.450128518254036,-0.0390157116433333,-0.0511139804880666,-0.3936017054168493,-0.0650154852266666,0.0608861876414093,-0.7370552480426145,0.1015246199966666,-0.0701252587631866,-0.714179466652401,0.07874418452,0.0438682960796474,-0.7637371543598359,0.1211832918333333,-0.0698264164337066,-0.7419476244612422,0.0514373213033333,0.0374782799195324,-0.7828988475367973,0.0656699506333333,-0.0694288303043315,-0.7519274492006209,-0.03875866391,kalt_g_ch1_g18_compr.mp4,ch1g18,7.64279099518613e-06,5.0741409711375416e-05,1.0656227122869453e-05,1.4735414024213334e-05,1.0050937836725524e-05,5.406282682361233e-05,1.1061061704630178e-05,5.7761393385059665e-06,6.291228393565435e-06,3.306101283665997e-06,5.43571837135057e-05,6.087383023273175e-06,1.002921794170623e-05,1.0752884228941736e-05,4.577814353377317e-05,6.562116164048093e-06,1.4270183014595983e-05,5.787870353747197e-05,4.9092029416436975e-06,1.0317126728093508e-05,7.035817665674893e-05,1.1967253128945131e-05,9.835099060747506e-06,8.747919995970396e-06,9.648330841166672e-06,1.4557019641894923e-06,9.056466702892587e-06,5.628208178236251e-05,2.33831060061275e-06,5.640289812571789e-05,1.4205703992645645e-06,6.263395370704574e-06,6.476277216158867e-05,8.975039967107626e-05,1.0825458952989066e-05,-9.26206755467104e-05,-6.469667725488258e-05,-6.623020067569707e-05,-6.323034860233057e-05,-5.421171144819176e-05,-6.424952507674635e-05,-7.059651076904987e-05,-2.3251112069189627e-05,-1.5348607837904117e-05,-4.6224372835200874e-05,-6.444182683580208e-05,-9.28497043076479e-05,-4.286629909997701e-05,-0.0007604917825187,-0.0001977007503531,-0.0009181690366915,-0.0008354862727221,-0.0009360471284728,-0.0010771523562621,-0.0008910666351407,-0.001175061702038,-0.0008761359667151,-0.0008967217051282,-2.914200569555487e-06,1.996432270488536e-06,-6.984136904655449e-05,-2.2621747468538903e-05,-0.0001215003201324,-5.471528112336542e-05,-0.0001175709870497,-6.609561986454568e-05,-0.0001836696417591,-8.919968782573156e-05,-6.047897783059702e-07,8.882171983530965e-06,-5.260580816965929e-07,1.1519945466043134e-06,-6.270151822243889e-07,9.39176205392655e-06,-5.807995918293179e-07,3.2514891421225973e-07,9.787914807289065e-08,2.209483166279652e-07,5.714733560130884e-06,3.6648201330821796e-07,-3.803320392190474e-07,-4.742335506926082e-07,3.785811379697587e-06,4.7461820755642754e-07,4.192118339960798e-07,6.154230903354615e-06,2.372982671409731e-07,-3.342630627737613e-07,1.0964004091269226e-05,-4.066014212363436e-07,-4.4107469902234395e-07,-6.817159364857742e-07,-4.52080707584812e-07,4.358071385883526e-08,-3.887675340965813e-07,5.751003228558054e-06,1.830293709264369e-07,5.5920521599342155e-06,3.0849594581108156e-08,-4.575565606394527e-07,1.0900135775600145e-05,-5.950194489162178e-08,4.823980998337146e-07,7.551439391263007e-08,2.395012095259562e-07,-4.3432270595803764e-08,5.375109576490132e-07,4.7438332326008e-08,-1.104457423360191e-07,-1.3359924170313754e-07,-6.382222342782545e-08,1.7255174812667563e-06,-4.5994240816773885e-08,7.177233232762356e-08,7.279483768934363e-08,2.216662609469888e-08,6.203325182223086e-08,-1.887192435856001e-07,2.165743384577799e-06,-3.94647392582999e-08,6.842175963526391e-08,5.408196599040217e-07,1.151737826766036e-07,5.5678719631286785e-08,5.1808307791021026e-08,-4.3061621580981646e-08,1.3347605495284753e-08,8.056938984619718e-08,1.6294006757847909e-06,1.4671460750644868e-07,2.1592538451338096e-06,1.0728178571779613e-08,-1.9157017176620438e-07,5.107631237284102e-07,1.7162478485486674e-06,movement,movement,no movement,no movement
2599.999999999998,0.0149737038856448,0.3656392183364115,-0.1282712906666666,0.0250368152529967,0.37951123553938,-0.1208817161333333,0.027223556194671,0.3808843436711015,-0.1101426546666666,0.0255654904056211,0.380546524226753,-0.1125997908666666,0.0075437417006507,0.3872527251602057,-0.1306097833666666,0.0089699005534522,0.3858102306917635,-0.1431470348333333,0.0115307921311278,0.3768487984881561,-0.1238066111666666,0.0759242798868136,0.3789057925796835,-0.0221896257633333,-0.0379026213539321,0.3452520266355234,-0.0133786543516666,0.0443771309186166,0.3585858616907544,-0.0791731763566666,0.0121836810096464,0.3315975154064056,-0.1054124564366666,0.1416238477280044,0.2505107242677332,0.0682418580633333,-0.0798936667433895,0.3155727929150712,0.1281815491666666,0.1181779838284209,0.141753480241555,-0.0236755380956666,-0.0679452158520237,0.142577756307687,-0.0008865261119666,0.0012688106976052,0.1958804968771353,-0.08263576013,0.0479504789904749,0.1917542547993918,-0.1191122802666666,-0.0405954593251307,0.2228501965824097,-0.0869503318299999,0.1061862335485011,0.2149139379399717,-0.1716083809,-0.0447556333039488,0.2411676530660601,-0.07668746216,0.1216562533420551,0.2642773874098226,-0.1588544453333333,-0.0028479585176256,0.1954788125610646,-0.07685695794,0.0619034428598014,0.2131342893716885,-0.125090465,0.0739144636202683,-0.1170376233567367,0.02604758224,-0.0725904238059867,-0.1046211005971638,-0.0244094916866666,0.0496059529536026,-0.4502032530115099,-0.03900575891,-0.0510581603928911,-0.3936295372481727,-0.0650732787566666,0.0608075455103693,-0.7371842045158242,0.1016253312333333,-0.07018175968396,-0.7142353850775802,0.0787735074233333,0.0437697423815954,-0.7638620262987978,0.1212770169,-0.0698976669559134,-0.7420139867966916,0.0514703679833333,0.0373298426506659,-0.7830812419043162,0.0657431651299999,-0.069472222685589,-0.7520189896595754,-0.0387717134766666,kalt_g_ch1_g18_compr.mp4,ch1g18,6.7243712905123315e-06,5.934135599931436e-05,9.849572556444906e-06,1.676422544345463e-05,9.235890975140956e-06,6.316910415884616e-05,1.0185956723016865e-05,5.985342867571975e-06,6.1578577148034655e-06,3.6768065840489194e-06,6.147473752193217e-05,6.3739325253661616e-06,9.457539623183184e-06,9.997444429055048e-06,4.9671594408685595e-05,6.694278631382663e-06,1.4510874178400749e-05,6.592142324745235e-05,5.0639761942761615e-06,9.799580231372911e-06,8.087634561641178e-05,1.1289497590325636e-05,9.201881124760832e-06,7.827620674155961e-06,9.029034839908756e-06,1.47374053236674e-06,8.536423779961072e-06,6.338937186841392e-05,2.534372723796361e-06,6.350965384989762e-05,1.4225162030969537e-06,5.563787806334639e-06,7.56552130115073e-05,0.0001014293623342,1.0352165234214618e-05,-0.0001087733430426,-7.844436078805026e-05,-8.104545073006703e-05,-7.744561102806639e-05,-7.155532856505659e-05,-8.14193709786056e-05,-8.806428856842662e-05,-2.263310500906001e-05,-2.978203066722726e-05,-5.579697279551823e-05,-7.993499109101142e-05,-9.717483467094064e-05,-4.2308852478736374e-05,-0.0008240785597664,-0.0002119167494521,-0.001031309141871,-0.0009739391663633,-0.001069026241683,-0.0012455596170435,-0.0010070905892801,-0.0013416308045088,-0.0009890554624974,-0.0010439116536473,-2.5302318704191828e-06,1.3344978924869898e-06,-7.037245255532124e-05,-2.074779424758009e-05,-0.0001255454126831,-4.6255093108050936e-05,-0.0001212375879823,-5.720756987572134e-05,-0.0001892226235183,-8.39671845985494e-05,-6.285435625813439e-07,8.97582660162488e-06,-3.719342890280779e-07,1.3380927488027514e-06,-6.670055630923725e-07,9.472702098136684e-06,-4.593226338017715e-07,2.134818968743121e-07,-1.3500998812142524e-07,1.3116063778993276e-07,7.3694125772934574e-06,3.087142728418675e-07,-2.1331075528910977e-07,-3.18967762553571e-07,3.573916500321874e-06,5.471408493982079e-07,2.522044335788803e-07,8.298951168556984e-06,1.8244968809613533e-07,-1.6848189974040512e-07,1.0968961825809047e-05,-2.0203805327054844e-07,-2.913023619981335e-07,-5.994385841555569e-07,-4.897624093604865e-07,6.184646038902342e-08,-2.437586378917973e-07,7.323454251706904e-06,3.5032232839164866e-07,7.727847884388448e-06,4.5428940712871766e-08,-6.008054009363008e-07,1.0856625213742454e-05,2.171989972807152e-08,7.120104823212522e-07,1.9335367295068373e-07,3.4464572481547266e-07,4.852718385851248e-08,7.509014357439055e-07,1.7036251419344857e-07,-1.0098787782899913e-07,-1.0954933082266377e-07,-8.171131805647269e-08,2.813555800099088e-06,-3.823892674795979e-08,1.6121284135241648e-07,1.8842753347205117e-07,2.820187666210562e-07,6.962768714588579e-08,-1.9519329636420493e-07,3.4695649672696867e-06,-3.013104972975068e-08,1.5088512872675136e-07,8.592445245474207e-07,2.166526362962181e-07,1.4773647825410846e-07,1.5250381220919586e-07,2.401004212368349e-08,4.2348010195834884e-08,1.470479384513569e-07,2.710726170902983e-06,1.2852613744340948e-07,3.484658059156638e-06,3.7799108714581136e-08,-1.0582190489124725e-07,7.65243998581379e-07,2.8378355415551715e-06,movement,movement,no movement,no movement
2616.666666666665,0.0148413442054014,0.3655013349564568,-0.1284366717,0.0248956039349471,0.37940435815833,-0.1210727527666666,0.0270888368066591,0.3807736190546688,-0.1103272810333333,0.0254311208722011,0.3804405007341249,-0.1127892263333333,0.0074240240605047,0.3871606847838572,-0.1307812490666667,0.0088519602695957,0.3857064570928134,-0.1433028314333333,0.0114104388737238,0.3767397807461892,-0.1239737808333333,0.0758176247826894,0.3788639998465027,-0.0223798741033333,-0.0379819503405782,0.3452205919274627,-0.013527952065,0.0442675590157237,0.3585086994834672,-0.0793229496666666,0.0120860320835174,0.3314978627553083,-0.1055460995033333,0.1415887069270912,0.2503930264459359,0.0684579345866666,-0.079871096433821,0.315530737085632,0.1283329546666666,0.1182329997163897,0.1408071771157055,-0.0222177083856666,-0.0681165160928659,0.1423604018802536,-0.0003099908579666,0.0014863942454395,0.1947014082890431,-0.0808856557533333,0.0478038244674828,0.1905294545302283,-0.11843092865,-0.0403450446486202,0.2216545791105487,-0.0851198977766666,0.1060317042410472,0.2133957338804455,-0.1709129357333333,-0.0444040856757124,0.2400258452416903,-0.0749999787966666,0.1215378480028504,0.2626431608197363,-0.1582256739333333,-0.0025758590302688,0.1943455021380677,-0.07512486975,0.0617732384217492,0.2118261478090252,-0.125446677,0.073887082038394,-0.117040297377083,0.02607834215,-0.0725617485936367,-0.1046196577208037,-0.0244330251533333,0.0496799631997686,-0.4502799311726391,-0.0389527439333333,-0.051001567127003,-0.3936502867394786,-0.06510041551,0.0607755235108409,-0.7373306382455059,0.1017377520399999,-0.0702415514338616,-0.7142833890110131,0.0788322661766666,0.0437220278460849,-0.7640070616080354,0.1213830461,-0.069974453869512,-0.7420741210255725,0.0515312475466666,0.037187645338714,-0.7832714320743381,0.0658265880366666,-0.0695209058628043,-0.7520929358183273,-0.03874721696,kalt_g_ch1_g18_compr.mp4,ch1g18,5.9369029662284785e-06,6.90387113411826e-05,9.600780871997492e-06,1.89086292427978e-05,8.413146992734903e-06,7.3148789404577e-05,9.839165900111643e-06,5.960637929365286e-06,5.7865563976384815e-06,3.869103664367038e-06,7.018357944445555e-05,6.576641399263769e-06,9.3565557440598e-06,9.801187459482471e-06,5.316016249528641e-05,7.1757783664034414e-06,1.472119344184318e-05,7.577538928432794e-05,5.143651139129885e-06,9.752815744585056e-06,9.161563443776924e-05,1.1264914075552275e-05,9.013575275399972e-06,7.368595154855923e-06,8.381547462012228e-06,1.483477751420273e-06,8.423385219210196e-06,7.196186357798589e-05,2.866028599063256e-06,7.269150153382604e-05,1.4149172915404398e-06,4.667651439849308e-06,8.677544054653001e-05,0.0001145791979795,9.83399638494116e-06,-0.0001366557548648,-0.0001029125439431,-0.0001068029371595,-0.0001026147125472,-9.815558088898704e-05,-0.0001078424984327,-0.0001146291516321,-2.697303401506621e-05,-4.014463378808801e-05,-7.347730162337596e-05,-0.000101457744523,-9.63545006313037e-05,-2.836839668275493e-05,-0.0008825892627812,-0.0002300336424923,-0.0011682606854284,-0.0011259388059673,-0.0012267948952829,-0.001420173902785,-0.0011502131655509,-0.0015125741604115,-0.0011267219408817,-0.0012019056653712,-2.3689235577719622e-06,9.184640965477122e-07,-6.958120925576024e-05,-1.7355426938085124e-05,-0.0001275014302266,-3.402618814486378e-05,-0.0001233167584025,-4.399556454286483e-05,-0.0001904977200975,-7.000960835918773e-05,-5.730418751283597e-07,9.481253021669967e-06,-1.6034646367898138e-07,1.6759726575150053e-06,-5.843059334354736e-07,9.97935718145434e-06,-2.735591975594719e-07,1.2496902184821946e-07,-2.873069728879626e-07,3.1538791140436426e-08,1.0507503835068052e-05,2.7845669921389266e-07,-2.1933451805730913e-08,-1.1674146153652613e-07,3.7604614141445985e-06,6.636149937898352e-07,8.99829799550534e-08,1.2237657616972807e-05,1.5594713365543112e-07,1.2002381202690055e-08,1.160668854284947e-05,5.868659189497085e-09,-1.0886431962999357e-07,-4.59761578983225e-07,-4.35057415265199e-07,1.0980484761807253e-07,-8.810940445365775e-08,1.0375601476515986e-05,4.691619556506995e-07,1.1635592938855358e-05,8.78571305841787e-08,-6.696935444257506e-07,1.1380166011457385e-05,9.703273729454445e-08,1.0575301090189938e-06,2.5201673375844866e-07,5.282014827731166e-07,1.4134339759751404e-07,1.0971422016912923e-06,2.3716205077824361e-07,-7.223819168221535e-08,-4.9405994070568635e-08,-8.215305165458631e-08,3.940918795043997e-06,-1.913950301606723e-09,1.8903941441091114e-07,2.468833522140254e-07,6.853790396543518e-07,7.941963970727118e-08,-2.048126381876558e-07,4.805571942600155e-06,5.707537114634292e-09,1.7060257556784538e-07,1.3755006283029474e-06,2.5571160062341973e-07,1.8005185326040434e-07,2.107508327841769e-07,9.25607639417661e-08,7.484819502520144e-08,1.640744551465592e-07,3.834979409192544e-06,9.502256574939813e-08,4.82815660258803e-06,6.774438130223482e-08,-7.692292956028041e-09,1.2391449670831768e-06,4.071139672722339e-06,movement,movement,no movement,no movement
2633.3333333333317,0.0147629092046075,0.36532896372567,-0.1287379281333333,0.0247957038093462,0.3792710197111702,-0.1214272747333333,0.0269933420823328,0.3806343878670577,-0.1106738641666666,0.0253367288112861,0.3803069265805318,-0.1131389014666666,0.0073372821551042,0.3870307110918135,-0.1311289905333333,0.0087662788074645,0.3855653133681815,-0.1436344975333333,0.0113228209960584,0.376591736590322,-0.1243176668666666,0.0757351994452914,0.3788305386629327,-0.02272097677,-0.0380551189627005,0.3451676871527486,-0.0139021629083333,0.0442085589379372,0.3584128656163061,-0.07959368663,0.0120328409975445,0.3313664685080196,-0.10582015817,0.1415664229420517,0.2502835452267206,0.0685983077466666,-0.0798396474920749,0.3154761317000167,0.1283982341999999,0.1182807833634363,0.139799751046669,-0.0210058356889999,-0.0682541277588524,0.1420525415436649,0.0002121713593666,0.0017116442730713,0.193435447004357,-0.07941161774,0.0476595684598199,0.1892766721307286,-0.11780386568,-0.0400873019358042,0.2203707495743253,-0.0835597575233333,0.1058789296871724,0.2119023188071962,-0.1702698771333333,-0.0440292639706769,0.2388242274871569,-0.0735571205933333,0.1214147656651813,0.26108789909617,-0.1576572114999999,-0.0022903876863203,0.1931338706952304,-0.0736611035766666,0.0616466277543792,0.2105202984721827,-0.125708386,0.0738591204477729,-0.1170422727241223,0.0261068093266666,-0.072532287553396,-0.1046194248696005,-0.0244547203133333,0.0497563773675694,-0.4503480470673437,-0.03885102662,-0.0509446068507252,-0.3936634674559616,-0.0650531748566666,0.0607773765811536,-0.7374772871392518,0.1019212332666666,-0.0703033383573734,-0.7143154501817073,0.0790633280533333,0.0437117498910852,-0.764152636353514,0.1215631008,-0.0700559254597498,-0.74211710388913,0.051778919,0.0370509622674289,-0.7834672175451093,0.0659817338366666,-0.0695913037201075,-0.7521571329774657,-0.0384812833866666,kalt_g_ch1_g18_compr.mp4,ch1g18,5.281627050151051e-06,7.913813082049112e-05,9.69331172878774e-06,2.0230396431502017e-05,7.8172441354082e-06,8.363717038146149e-05,9.814838736879963e-06,5.93517703381407e-06,5.216746803232863e-06,3.74879648872164e-06,8.062858014600071e-05,6.626842234570377e-06,9.508454096535716e-06,9.943706978382708e-06,5.6372277274269464e-05,7.796120250176146e-06,1.4985479589277186e-05,8.785773330319613e-05,5.085523780284349e-06,9.941272538004583e-06,0.0001033187862351,1.1602993402140816e-05,9.06547349005264e-06,7.143582378932825e-06,7.91641665626511e-06,1.5492405259526756e-06,8.47064897953791e-06,8.224489699197028e-05,3.3952105162740666e-06,8.43077496743473e-05,1.46151805402531e-06,3.953491083248878e-06,9.82812728562978e-05,0.0001288959635358,9.409155370989965e-06,-0.0001659188889624,-0.0001281436731074,-0.0001334219806951,-0.000128733685678,-0.0001226070678918,-0.0001325263047202,-0.0001394051206532,-3.2628856440467e-05,-3.9874079324510995e-05,-9.128795166149452e-05,-0.0001206263570736,-8.941025914616725e-05,-2.672690215816435e-06,-0.0009346493916287,-0.0002516577337701,-0.0013392957230577,-0.0012941560937011,-0.0014294438398069,-0.0016114151797169,-0.0013448476428305,-0.0017047068976187,-0.0013005589919152,-0.0013753258075946,-2.0729778864220447e-06,3.131722115641089e-07,-6.851457642441584e-05,-1.3554470055269008e-05,-0.0001288496627576,-2.1161503192891915e-05,-0.000125389957693,-3.0138175722748495e-05,-0.0001908101190633,-5.804917100291881e-05,-4.167278444214602e-07,1.0649225720800108e-05,1.0837670198573763e-07,2.230872780771743e-06,-3.926815338873084e-07,1.120254545131239e-05,-1.6020212459912217e-08,7.829259704578866e-08,-3.078252222985458e-07,-3.6898073101101374e-08,1.5199876738546796e-05,3.0846722252411777e-07,1.680925216294844e-07,1.3787073479597713e-07,4.54587025225641e-06,8.015712794327208e-07,-8.509116113099668e-08,1.7993491887952718e-05,1.882353514650982e-07,1.774537441446184e-07,1.32562504717833e-05,2.3444884898565117e-07,7.928618469622899e-08,-2.315086376810616e-07,-2.9979018843273066e-07,1.921384626895249e-07,6.882643173970091e-08,1.496371781461354e-05,5.378754355805226e-07,1.7386245450316443e-05,1.6300309853175538e-07,-6.550692566976476e-07,1.2844977963983855e-05,1.585706221355426e-07,1.477575991435962e-06,2.558577185520086e-07,7.971533948067911e-07,2.1314956035031437e-07,1.5215867338975106e-06,2.509046767839625e-07,-3.513767974084265e-08,2.831137304521938e-08,-6.274288989414344e-08,4.916400058490017e-06,5.6847449558894024e-08,1.643586141958801e-07,2.532084856818193e-07,1.159316073023072e-06,9.055225459499817e-08,-2.1195005087534474e-07,5.9403735907330046e-06,6.196924693006655e-08,1.384209507980631e-07,1.959553962361834e-06,2.4328019602178893e-07,1.604543841270361e-07,2.292591159349845e-07,1.452965255877892e-07,1.0323533836699537e-07,1.4165602361065378e-07,4.807849798840642e-06,5.083780394150136e-08,5.952014323220675e-06,9.382701242279378e-08,8.196500129162825e-08,1.837630252893319e-06,5.222845755974572e-06,movement,movement,no movement,no movement
2649.999999999998,0.0147310477221952,0.3651248145116274,-0.1292094361333333,0.0247359219484455,0.3791137354437818,-0.1219852422666666,0.0269397384822342,0.3804705069247822,-0.1112199231666666,0.0252834416963732,0.3801481347315058,-0.1136884845999999,0.0072965438718106,0.3868718876064776,-0.1316949214999999,0.0087266163152973,0.3853962341714629,-0.1441833490333333,0.0112820172107408,0.376414075354485,-0.1248779152666666,0.0756558043116861,0.3787985044043341,-0.0232550210366666,-0.0381115692627241,0.3451033259731444,-0.0145540395356666,0.0441874738681895,0.3583001556356425,-0.0800200053733333,0.0120266724240352,0.3312123481104876,-0.1062704610933333,0.1415571092601858,0.2502244645506572,0.0685839102433333,-0.079803138126158,0.3154669580459789,0.1282907565999999,0.1183433613114743,0.1388495721809092,-0.0199156831889999,-0.0684332811377015,0.1417445070215879,0.0006047626003666,0.0019653034891089,0.1920923580681517,-0.0779148295633333,0.0474342664658335,0.1880105777187518,-0.11723026832,-0.0398098462879454,0.2189539620494175,-0.08194340485,0.1056456593560153,0.210374835913518,-0.1696609625333333,-0.0436389208762568,0.2375033544860761,-0.0720830102466666,0.1212355517818895,0.2594926997161996,-0.1571270157666666,-0.0019774117292237,0.1918363186441762,-0.0721738988366666,0.0614551366366576,0.2092015262866315,-0.12478815,0.0738296706792947,-0.1170435699508395,0.0261316116266666,-0.0725008634111196,-0.1046202044482585,-0.0244731141833333,0.0498351614771664,-0.4504128385485357,-0.03875625747,-0.050890081771441,-0.3936704240469552,-0.0649683334766666,0.0607798161281397,-0.737604707552837,0.1021046685466666,-0.0704032629029145,-0.7143344460872173,0.0793312638433333,0.0437004482227841,-0.7642762458922402,0.1217439437666666,-0.0701841552426744,-0.742147742885607,0.05206561337,0.0368804773197721,-0.7836687027536084,0.0661568486666666,-0.0697432706908205,-0.7522266054116606,-0.0381410703799999,kalt_g_ch1_g18_compr.mp4,ch1g18,5.063170757207032e-06,8.947871217448617e-05,1.027388415361903e-05,2.1929911978488153e-05,7.506843111930768e-06,9.452541965653032e-05,1.0274519343223823e-05,5.918211178932407e-06,4.787521830132828e-06,3.5704640536356083e-06,9.680892681251555e-05,6.794768831995832e-06,1.0033093732003255e-05,1.0572088892307348e-05,6.040584410714256e-05,8.689672841659896e-06,1.508597387888796e-05,0.0001069056923047,5.131649827362221e-06,1.04750744947987e-05,0.0001162879621212,1.2433260950815548e-05,9.48341185393584e-06,7.324366882824553e-06,7.670273114448796e-06,1.7497924592798116e-06,8.837808572227196e-06,9.807003576410126e-05,4.104957373653723e-06,0.0001030687770229,1.6324058476008864e-06,3.498764561370931e-06,0.000110398695144,0.000147492233317,9.228592503784245e-06,-0.0001971364094023,-0.0001553861826411,-0.0001620399342048,-0.000156900934476,-0.0001468346158125,-0.0001574020500155,-0.0001642284564246,-4.180548745823229e-05,-3.827643180113167e-05,-0.0001111632047249,-0.0001407288316523,-8.156219763000202e-05,2.5883271809836465e-05,-0.0009930744938043,-0.0002839664260619,-0.0016021745708326,-0.0014843276260339,-0.0017480433217404,-0.0018342282773976,-0.0016608657145279,-0.0019348444370357,-0.0015704203923566,-0.0015727160912073,-1.2536420065005466e-06,-1.002439343100979e-06,-6.508048233282573e-05,-1.0308609748979335e-05,-0.0001309331691086,-1.2544036490564826e-05,-0.0001284870351662,-2.114872397318175e-05,-0.0001910028734557,-4.986610662308068e-05,-2.2081467167316486e-07,1.258035511511247e-05,3.568832491047347e-07,3.141361375256154e-06,-9.719886929216548e-08,1.322886222910353e-05,2.3572378401052098e-07,6.734437432701785e-08,-1.6395804411733277e-07,-6.881934776995622e-08,2.1072582489511053e-05,3.628904362020667e-07,2.936927229869402e-07,3.772543107936084e-07,6.085119691499584e-06,8.766631425665482e-07,-2.980331174699624e-07,2.504131735326101e-05,2.517762774041436e-07,2.687289303372591e-07,1.592108527763548e-05,4.292585097777764e-07,2.063899369593514e-07,1.4980325926348236e-08,-8.508971624255653e-08,3.0262586672829125e-07,1.767375416683476e-07,2.0721091155543468e-05,5.985971931247161e-07,2.4438832765531726e-05,2.6453742020248537e-07,-5.646811460420111e-07,1.5367416515433967e-05,1.916605624538151e-07,1.9072704743062977e-06,2.078123521786065e-07,1.0688299726522756e-06,2.5284731901413476e-07,1.9517099519683637e-06,2.123612005983533e-07,1.0719505165896269e-08,9.25884157854754e-08,-3.4755785683766776e-08,5.450551283315786e-06,1.2166768860536792e-07,9.602543123517529e-08,2.096503673676193e-07,1.5863873954994164e-06,9.81438334358795e-08,-1.9741110394569066e-07,6.532026909996679e-06,1.23938871681243e-07,6.52218253708848e-08,2.486650069532428e-06,1.843246246589053e-07,9.735138476481617e-08,2.0455299077712913e-07,1.7514710664151677e-07,1.1980633000634696e-07,8.420969320869945e-08,5.343216090156535e-06,2.415533036367303e-09,6.516537230588492e-06,1.092463673982473e-07,1.5644022563566666e-07,2.4424931075997667e-06,5.9872081413048885e-06,movement,movement,no movement,no movement
2666.6666666666647,0.0147622186386355,0.3649232542995947,-0.1296988260333333,0.0247373761438101,0.3789592290673445,-0.1225640274666666,0.026947636112783,0.3803094465771678,-0.1117888293666666,0.0252907732917636,0.3799919135449847,-0.1142610639333333,0.007317593568342,0.3867148596144321,-0.1322879201666666,0.0087488258939651,0.3852292368137959,-0.1447585174666666,0.0113047239147389,0.3762383836647242,-0.1254663717999999,0.0755838017742219,0.3787706765275495,-0.02378842828,-0.0381476808710492,0.3450450773957292,-0.0152697546623333,0.0442052102690354,0.3581886843014417,-0.08046075788,0.0120649975602063,0.3310602715725111,-0.1067515234866666,0.141565009473128,0.2501783336353984,0.0685624478533333,-0.0797802326415638,0.3155147484343197,0.1281499560333333,0.1185766348009543,0.1379444714472662,-0.0189113914889999,-0.0687130711338539,0.141442777520531,0.0009795073866999,0.0023628283870962,0.1906267432164564,-0.0764674476133333,0.0471313518585219,0.1866149992344,-0.1167215138733333,-0.0394220589137126,0.2173391474141651,-0.08046469234,0.1053382461477094,0.20862946942735,-0.1691942795333333,-0.0431882266212926,0.2360128763080837,-0.0708209746533333,0.1210297755538312,0.2576656798610605,-0.1567930877,-0.0015531765166541,0.1904095593649995,-0.07076369963,0.061210220281805,0.2077234409960757,-0.125421748,0.0738005523277032,-0.1170438491011984,0.0261568821966666,-0.0724695627751925,-0.1046224501586184,-0.0244911980466666,0.0499246947608838,-0.4504675854747892,-0.03867652831,-0.0508263223213519,-0.3936771053595877,-0.0648784309166666,0.0608078542138719,-0.7377240938034326,0.1022800460133333,-0.0705027425309989,-0.7143414563431595,0.0796312438366666,0.0437181628736669,-0.7643917084441907,0.1219199525333333,-0.070314824569931,-0.7421628076876645,0.05238965315,0.0367261480190865,-0.7838516761292962,0.06632475346,-0.0699138562881233,-0.7522719801607233,-0.03774753071,kalt_g_ch1_g18_compr.mp4,ch1g18,5.131399318245009e-06,0.0001014865783403,1.0965401726106222e-05,2.472004050652688e-05,7.605023926997136e-06,0.0001072750555582,1.0840848683036924e-05,6.059559246680117e-06,4.531210076672873e-06,3.38393971462924e-06,0.0001196456632819,7.392327311878144e-06,1.0564296647975248e-05,1.1296639554172002e-05,6.627267171437842e-05,9.961559409440494e-06,1.501761270550487e-05,0.0001340474604143,5.600906612490061e-06,1.097600617245557e-05,0.0001321603864353,1.327136443611557e-05,9.918676091428572e-06,7.61613054186778e-06,7.750329642450935e-06,2.1229111794394526e-06,9.215131233313964e-06,0.0001203485309788,4.8936395034197665e-06,0.000130009116907,1.9610590811999335e-06,3.147546068022382e-06,0.0001252042836648,0.0001725874905977,9.562309577109942e-06,-0.0002219242686139,-0.0001772208629526,-0.0001850677787571,-0.0001795544943933,-0.0001620808488634,-0.0001735890138033,-0.0001804630808243,-5.276192102896715e-05,-2.954564662586211e-05,-0.0001273420369446,-0.0001541345348921,-7.482110062479002e-05,5.659196492586179e-05,-0.0010672464145428,-0.000315913049206,-0.0019760369045422,-0.0016954015349345,-0.0022067168677381,-0.0020931687112187,-0.0021200296482142,-0.0022087679611177,-0.0019560047862866,-0.0017952272974424,2.3025944086780453e-07,-3.2530564428451674e-06,-6.06286221510094e-05,-8.68141498720437e-06,-0.0001342888614652,-1.100684427286279e-05,-0.0001335570983432,-1.9916780195440476e-05,-0.0001919714063465,-4.97395090516401e-05,8.872280397761512e-09,1.5069961229136584e-05,5.841075552878009e-07,4.337689716109563e-06,2.4722926699888256e-07,1.5801898260312063e-05,4.763826752436639e-07,9.389332389434813e-08,6.449191192886856e-08,-1.0415438751299348e-07,2.7309516847339336e-05,4.969769530316356e-07,3.7022318040146e-07,6.036797230678664e-07,8.149943696635804e-06,9.581703128126596e-07,-4.881498968438086e-07,3.245549191230447e-05,3.935046495589349e-07,3.079515755729202e-07,1.920270127587096e-05,6.038618965780358e-07,2.893107216089169e-07,2.567075544378136e-07,1.6260590534759958e-07,4.398419183123403e-07,2.416332930816688e-07,2.684480107404996e-05,6.034813430950219e-07,3.1879878638800223e-05,3.915611972855342e-07,-3.651913613153001e-07,1.8573288099018464e-05,1.9268637056437977e-07,2.2263402464257605e-06,1.227314615185501e-07,1.2733273389498983e-06,2.540903026435465e-07,2.2593282606447904e-06,1.3496608661256405e-07,6.21299713199082e-08,1.2637783917829296e-07,-7.244957625663228e-09,5.394688943918942e-06,1.743866365349811e-07,3.5688666914913387e-09,1.3010031096205096e-07,1.841040232122877e-06,1.0162236461515768e-07,-1.536671080483321e-07,6.405150353231911e-06,1.731407722013833e-07,-2.769000266911966e-08,2.791624059838923e-06,9.645793209218489e-08,9.676781066569956e-09,1.4374487652635418e-07,1.786477056197732e-07,1.1945498073398686e-07,5.707576424072181e-09,5.289396518079895e-06,-3.7996366120308704e-08,6.356107939173813e-06,1.0931983312421688e-07,2.0852209101527913e-07,2.8684557937849024e-06,6.159959258529485e-06,movement,movement,no movement,no movement
2683.333333333331,0.014801260690215,0.3647188579136107,-0.1302796243666666,0.024760938625916,0.3788010304522105,-0.123211471,0.0269771293838415,0.380143399954311,-0.1124260810333333,0.0253198386498818,0.3798313609973013,-0.1149050096666666,0.0073540769563897,0.3865666525262607,-0.1329506018666666,0.0087867959576763,0.3850712438346763,-0.1454056664333333,0.0113421622256923,0.3760728132054883,-0.1261272122,0.0755207059488144,0.3787379762609301,-0.02435972219,-0.0381756573615229,0.3450240217859681,-0.0160383636656666,0.0442255279008245,0.3580763405269897,-0.0809863831766666,0.0121049390835653,0.3309187323409244,-0.1073236332033333,0.1415693435945053,0.250136340282363,0.0685040839766666,-0.0797615084208272,0.3156152569378382,0.1279093358,0.1189954056438371,0.1369695352580801,-0.0179178140356666,-0.069069966208806,0.1411892718146447,0.0012954387020333,0.0027617710246437,0.1883631153723967,-0.07496108575,0.0467942703815291,0.185093710422333,-0.11635076454,-0.0390653270736267,0.2146651045614166,-0.0788881306266666,0.1050000019222029,0.2066793601747613,-0.1688903564333333,-0.0427991039904193,0.2334505895163252,-0.0694293907233333,0.120795193032407,0.2556092085117817,-0.1566395853666666,-0.0011507167224372,0.1881361211596242,-0.06928230255,0.0609358832309689,0.2060932214418938,-0.125607222,0.0737695603660841,-0.1170419891614006,0.02617674532,-0.0724361126802551,-0.1046278059111924,-0.0245036170466666,0.0500098857248545,-0.4505231858913566,-0.0386378276366666,-0.0507667221834495,-0.3936828130063934,-0.0647703950166666,0.0608358925331606,-0.7378431378669952,0.1022303985666666,-0.0706066978582554,-0.7143491065974048,0.07988863234,0.0437363689144718,-0.7645070634008387,0.1218405842333333,-0.0704510045840776,-0.7421788612040282,0.0526565837333333,0.0365515823616721,-0.7840339344500661,0.0661864226266666,-0.0700994095995764,-0.752322080158931,-0.0374093497266666,kalt_g_ch1_g18_compr.mp4,ch1g18,5.55866320271794e-06,0.0001177075739143,1.1794363946520196e-05,2.9631372146559328e-05,7.94066701652219e-06,0.0001242498306293,1.1550640857329568e-05,6.39310233152438e-06,4.710442038152186e-06,3.226016469103528e-06,0.0001495696442853,7.980797374080109e-06,1.1193830831382726e-05,1.2136370497525871e-05,7.51971567193918e-05,1.111915516156074e-05,1.440049391569244e-05,0.0001698105384327,6.088052631414788e-06,1.1528233722959396e-05,0.0001529932727327,1.4022006115889129e-05,1.0482250756968494e-05,7.97374695423065e-06,8.004494854561616e-06,2.6217379037625967e-06,9.61412121934646e-06,0.0001498443913021,5.472260892136349e-06,0.000164996197819,2.4028744446522128e-06,2.78472051815624e-06,0.0001452954604633,0.0002069807845078,1.0056655642885456e-05,-0.000238322781116,-0.0001924913621912,-0.00020125961163,-0.0001954182682175,-0.0001695549845798,-0.0001818820790343,-0.0001884237333169,-6.623187610625152e-05,-2.15429734929057e-05,-0.0001388396249412,-0.0001617887969307,-7.477152557311712e-05,7.957045788543333e-05,-0.0011716862334478,-0.0003657563084632,-0.0024721638647746,-0.0019661989271715,-0.0028140105796668,-0.0024305786210886,-0.0027204850606451,-0.002560525474616,-0.0024636114235451,-0.00208056467405,2.3319817351377955e-06,-6.4366530163997195e-06,-5.471982268049023e-05,-6.795560887094951e-06,-0.0001331852147575,-1.3014710706042724e-05,-0.0001347345727554,-2.2943110457051336e-05,-0.0001868324243004,-5.2531940822389466e-05,2.2631868714845534e-07,1.7876579089853082e-05,7.159627056998749e-07,5.7649845530527685e-06,5.594290179950597e-07,1.8655346309237743e-05,6.273112161609216e-07,1.8017310358773037e-07,3.008840116189088e-07,-1.0125023228472453e-07,3.2718194657821926e-05,7.092804128376039e-07,3.575230342189319e-07,7.451383639966009e-07,1.0370908415933206e-05,1.0547524629454245e-06,-6.543410989606924e-07,3.873349514415042e-05,6.066677161626095e-07,2.605625722368253e-07,2.2702361611397575e-05,7.038467291383338e-07,2.837292842941687e-07,4.277854222140563e-07,3.844675558367648e-07,5.779608325521287e-07,2.3594759124995237e-07,3.2161690521333085e-05,5.146846331468739e-07,3.816784998318824e-05,5.193244650918981e-07,-9.6475958909107e-08,2.214198399301644e-05,1.598360420665184e-07,2.2767479086447097e-06,1.528982113102607e-08,1.3375901382973574e-06,2.274124307368553e-07,2.2837011573537503e-06,3.1931994614852775e-08,1.1848259306222825e-07,1.1610668486276461e-07,1.498302782082689e-08,4.6444100740107275e-06,2.1681747912537034e-07,-9.698286461942345e-08,2.7515535916721263e-08,1.8090691692463888e-06,1.1324938430157647e-07,-6.886187550819823e-08,5.446418682387497e-06,2.1105349859058802e-07,-1.2332176299938144e-07,2.7028205652275755e-06,-6.380393507501878e-09,-8.712569757741481e-08,5.8403752321730045e-08,1.6663440911982944e-07,1.0178733475953852e-07,-7.977221099781666e-08,4.537294815264633e-06,-5.5658288998704527e-08,5.375645779921031e-06,9.37838750708008e-08,2.410172532457561e-07,2.9159787306980194e-06,5.552702397691915e-06,movement,movement,no movement,no movement
2699.9999999999977,0.0148481303716996,0.364499847967634,-0.1308097652333333,0.0248131013778816,0.3786245098221244,-0.1238298041,0.0270360938760875,0.3799577974207939,-0.1130334009666666,0.025378219109837,0.3796519902594862,-0.1155210256666666,0.0074190606759373,0.3864216077155139,-0.1335845275666666,0.0088535185250643,0.3849147837833991,-0.1460211365333333,0.0114064617091839,0.3759110488968974,-0.1267594687,0.0754777974412013,0.3786894202314244,-0.0249241137299999,-0.0381570255841011,0.3450395437751685,-0.0167985780056666,0.0442475478951895,0.3579543857105909,-0.0814731767266666,0.0121481530540825,0.3307834623537254,-0.1078615323366666,0.1415710683042062,0.2500804487958201,0.06847865415,-0.0797463791544804,0.31572906320157,0.1276687466333333,0.1195448108521384,0.1357876616661753,-0.0165415308056666,-0.0695139834055843,0.1409012846011124,0.0016721480266999,0.00320767767235,0.1855288798615305,-0.0730096512233333,0.0464595766815675,0.1830924170971112,-0.11584180744,-0.0386634148646544,0.2113514063622841,-0.0768348837966666,0.1046733515549833,0.2041395148329975,-0.1684267078,-0.0423863177314864,0.2302481846706098,-0.0676162391,0.120599602528358,0.252959821756884,-0.1563388561,-0.0007064099517728,0.1852957872722926,-0.0673693854166666,0.0606694531025206,0.2039690882001899,-0.124861166,0.0737332230358726,-0.1170386200767281,0.0261974225433333,-0.0723966678283833,-0.1046357498143564,-0.0245158793366666,0.0500898437326413,-0.4505802622532518,-0.0386086226033333,-0.0507046350414421,-0.3936876885280105,-0.0646790086766666,0.0608612755973183,-0.7379644915404244,0.1020495019599999,-0.0707052360088659,-0.7143554755014768,0.0800608060766666,0.0437552725757212,-0.7646285626225261,0.1216107236666666,-0.0705806098617378,-0.7421937219359622,0.05282754364,0.0363784690232071,-0.7842076882831424,0.0658587905466666,-0.0702884419894718,-0.7523683376194297,-0.03716552513,kalt_g_ch1_g18_compr.mp4,ch1g18,5.9181268815497216e-06,0.0001373738864102,1.235804163885133e-05,3.62165482891458e-05,8.82434954909664e-06,0.0001448653300609,1.201745485478982e-05,6.789749743567788e-06,5.229558455715344e-06,3.133933436520331e-06,0.000185466166604,8.842377139400927e-06,1.1394198599454896e-05,1.2717206967749427e-05,8.70489303368782e-05,1.2323800167685753e-05,1.343876682300777e-05,0.0002125011424756,6.843962719143337e-06,1.16010191096184e-05,0.0001783818111115,1.4445016907128929e-05,1.0622015423632124e-05,8.2213737603258e-06,8.705612915703451e-06,3.283741912621467e-06,9.704419253274955e-06,0.0001852515088613,5.914854720655052e-06,0.0002068965689614,3.001609705016718e-06,2.604417734133306e-06,0.0001700458564593,0.0002491562980252,1.107373116610145e-05,-0.0002435068471295,-0.000197943655881,-0.0002076214929488,-0.0002011478170155,-0.0001645553840741,-0.0001779397510782,-0.0001837694747988,-8.141632390806238e-05,-9.098755476675366e-06,-0.0001436012363114,-0.0001603832101819,-8.454035599441102e-05,9.4081458733614e-05,-0.0013093201354204,-0.0004156784586206,-0.003061341798359,-0.0022744349228031,-0.0035320763513624,-0.0028269418801828,-0.0034344487375341,-0.0029761657594358,-0.0030667904937879,-0.0024096892376716,4.821959006744328e-06,-1.0153774254318623e-05,-5.04339085484856e-05,-5.504389369102238e-06,-0.0001348422355204,-2.199318097188437e-05,-0.0001392486659556,-3.3814947499223176e-05,-0.0001767228238729,-6.102781654060678e-05,4.0913634481909155e-07,2.0373019027190227e-05,6.900720580121126e-07,7.22607213049121e-06,7.835020042313043e-07,2.1166578557992856e-05,6.210809748692114e-07,3.428143598934036e-07,4.642618691644038e-07,-7.438927803871955e-08,3.6922105944399104e-05,9.861502961081463e-07,2.258222418536698e-07,7.364342484631371e-07,1.2294935289594045e-05,1.1801132226580604e-06,-7.764828101655502e-07,4.356395601966356e-05,8.742777518179944e-07,1.042881433411211e-07,2.565961544814736e-05,6.705241829124337e-07,1.621506575335036e-07,4.645844751376087e-07,5.500430219237312e-07,6.89097296425618e-07,1.3524412527140761e-07,3.6258346721160305e-05,4.102990605861232e-07,4.295545416609832e-05,6.210630434662679e-07,1.925965778534755e-07,2.5317403004757155e-05,1.1190261577860857e-07,2.031407094525652e-06,-8.830937808266215e-08,1.245654994759697e-06,1.7331047257251637e-07,1.991661848767823e-06,-7.087272199571283e-08,1.8440224979243362e-07,6.902506031132838e-08,2.8255013343190256e-08,3.261030003500177e-06,2.340450099933291e-07,-1.742026477086955e-07,-7.447128920792317e-08,1.454169690418686e-06,1.2994213827677078e-07,4.2149965322445335e-08,3.756175949151296e-06,2.238634647162443e-07,-1.9082530977217305e-07,2.2062866781583436e-06,-1.0684413945342385e-07,-1.6074392948469865e-07,-3.5011423910576526e-08,1.3982716638360734e-07,6.666104910624097e-08,-1.5046692607601656e-07,3.1543606545593683e-06,-4.506620193698669e-08,3.664794584652603e-06,6.218557030628457e-08,2.441198373557459e-07,2.552050976894247e-06,4.212228837233741e-06,movement,movement,no movement,no movement
2716.666666666664,0.0148912215418457,0.3642218428060957,-0.1313038390666666,0.0248708788264141,0.3783898972302814,-0.1243873059666666,0.0271042540802045,0.3797128326162066,-0.1135779783,0.0254458488696443,0.3794137566106439,-0.1160797046999999,0.0074929408257409,0.386237322096478,-0.1341529740666666,0.0089283424746381,0.3847163849464131,-0.1465648202999999,0.011476894862736,0.3757088802963311,-0.1273260324666666,0.0754451430605016,0.3785607713363989,-0.0253780209199999,-0.0381354616993336,0.3450504196059986,-0.0174466372356666,0.0442605041716937,0.3577806492881015,-0.08191570868,0.0121867904767274,0.330609556682286,-0.1083483577366666,0.1415510180231223,0.2499505961551266,0.0685756775966666,-0.0797461428535394,0.3158331183689866,0.1276042235999999,0.1201504042966313,0.1342605695021569,-0.014441673699,-0.070027294455958,0.140377764901021,0.0025590877733666,0.0036912801384432,0.1820417402378823,-0.069910941042,0.0460825897949127,0.1802246792648559,-0.1147309366066666,-0.0382424755889377,0.2073831968090476,-0.0735400711816666,0.1043287536862086,0.2005985980209245,-0.1673218810666666,-0.0419766477950529,0.2263355731187526,-0.0645765192219999,0.1204051000001919,0.2492170653671759,-0.1554080898333333,-0.0002398584020031,0.1817936129170058,-0.064286853476,0.0603773220048109,0.200929499623451,-0.123544298,0.073683579226884,-0.1170340035593508,0.02621268307,-0.072342426905267,-0.1046462970453113,-0.0245210653133333,0.0501617719194691,-0.4506429631900986,-0.03859135849,-0.050648290534619,-0.3936968553080516,-0.0645847734866666,0.060889945469714,-0.7381124484310343,0.1017443765899999,-0.0708072024420013,-0.714369755659351,0.0802148145433333,0.0437790907413159,-0.7647853128414008,0.121240891,-0.070713887807109,-0.7422180853714058,0.0529753925866666,0.0362271649844679,-0.7843962901883202,0.0653739695933333,-0.0704848549154921,-0.7524138041190992,-0.0369569348266666,kalt_g_ch1_g18_compr.mp4,ch1g18,6.337069794154154e-06,0.0001597694421355,1.2691791991025734e-05,4.4405065284753405e-05,9.8931742571078e-06,0.000168171548239,1.2283489444383124e-05,7.14201806815216e-06,6.058316816926116e-06,3.17687977507302e-06,0.0002265786512237,1.0008807860797387e-05,1.1233676798650132e-05,1.3072296951609054e-05,0.0001010673496531,1.3512764981487615e-05,1.24583862636886e-05,0.0002611949124123,7.896320763867277e-06,1.1283723047255736e-05,0.0002069761033224,1.4566864110139746e-05,1.0418803320091709e-05,8.412752358450303e-06,9.47763056825035e-06,4.057219672134047e-06,9.501440955282577e-06,0.0002257466612363,6.227598950203737e-06,0.0002546803317668,3.707746427192397e-06,2.9317352478180876e-06,0.0001985344090784,0.0002977822168775,1.2336018919980422e-05,-0.0002399538218267,-0.0001957357462387,-0.0002063340411881,-0.0001989314127838,-0.000150095421651,-0.0001645444775498,-0.0001693672902249,-9.656002543740112e-05,1.034066301195124e-05,-0.0001429682292824,-0.0001515554267234,-9.913654837002618e-05,0.000106906785128,-0.0014789828109897,-0.0004651416180295,-0.0037240823431136,-0.0026097959672487,-0.0043368135482107,-0.0032686546798298,-0.0042348160506538,-0.0034352043869612,-0.0037458958896536,-0.0027686241750206,7.515917733086655e-06,-1.4166014780679493e-05,-4.74388535201329e-05,-5.533179691951554e-06,-0.0001393124775975,-3.72215695936765e-05,-0.0001470492379565,-5.14421082273104e-05,-0.000163399022639,-7.078184034101812e-05,4.515302315523381e-07,2.178711526232719e-05,4.862589333788101e-07,8.431562460052854e-06,8.979288603739142e-07,2.24973224529409e-05,4.353769708924009e-07,5.873121418365722e-07,4.513810618912261e-07,-2.452612452642024e-08,3.931652518343292e-05,1.2641585247441915e-06,-2.8866901639538368e-08,5.521176868806643e-07,1.353585120731166e-05,1.3069431122506722e-06,-7.794609069021804e-07,4.6377978820349494e-05,1.137717404996143e-06,-1.6277528177884694e-07,2.7023985415979547e-05,4.68714800978652e-07,-7.860133475182386e-08,3.3014969030522484e-07,6.496607776390733e-07,7.471959390357866e-07,-7.758811217944707e-08,3.855588788597598e-05,3.42492790811535e-07,4.560049247761232e-05,6.733224134786477e-07,4.6072059415555156e-07,2.7166522010443084e-05,6.146256014332334e-08,1.5310892344967685e-06,-1.6298152743571346e-07,9.980207998146574e-07,1.1680576852292345e-07,1.434081434700215e-06,-1.4821837445294898e-07,2.60349418205513e-07,-9.550667198864272e-09,3.2299688746317995e-08,1.360760216661141e-06,2.1844061143186418e-07,-2.0566204831678733e-07,-1.5236449791642133e-07,8.143040944843382e-07,1.469200812945606e-07,1.522488176239768e-07,1.4904923384094904e-06,2.0487600972723514e-07,-2.0972967592826221e-07,1.3839109199833435e-06,-1.8497833611736095e-07,-1.8902684168028037e-07,-1.1526314554458849e-07,1.2052795505483612e-07,1.883293844077914e-08,-1.858157971621722e-07,1.2668826280251075e-06,-1.5852794467079792e-08,1.377706698064806e-06,1.8959078928425335e-08,2.1449954007876665e-07,1.834448720493884e-06,2.368198157321374e-06,movement,movement,no movement,no movement
2733.3333333333308,0.014946181506267,0.363957543571558,-0.1319270766333332,0.0249489262479089,0.3781693369989569,-0.1250938614333333,0.0271927668169055,0.3794810643462573,-0.1142666769333333,0.02553484508719,0.3791892557743574,-0.1167850034666666,0.0075878890620081,0.3860751781256276,-0.1348542999333333,0.009023674256044,0.3845382475734958,-0.1472359149666666,0.0115659293411075,0.3755263498820634,-0.1280238781999999,0.0754291522302119,0.3784316424293758,-0.0260100175033333,-0.0380946706163129,0.3450845610233131,-0.0182395144256666,0.0442804439167847,0.3576186745927415,-0.0824949756966666,0.0122339944919029,0.3304512330878036,-0.1089593733833333,0.1415292984224204,0.2498219386344292,0.0685801489366666,-0.0797415904283535,0.3159529976895199,0.1274723646999999,0.1209754090860532,0.1326937817578945,-0.0119665791523333,-0.0705872505514375,0.1398218336421785,0.0034107343597,0.0042986557972038,0.1781950176446092,-0.065986008962,0.0456386393449094,0.1772981178546362,-0.11362528285,-0.0377473555468136,0.2029656770761354,-0.0693281162849999,0.1039247618038917,0.1970232605851778,-0.1662221669333333,-0.0415587505893991,0.2219675775872835,-0.0606564928486666,0.1201881054623243,0.2454378895600559,-0.1544681320333333,0.0003138029529298,0.1779162552817941,-0.060378239156,0.0600323668076313,0.1978346895227291,-0.122589208,0.0736196081930482,-0.1170273648296692,0.0262246680766666,-0.072273431043417,-0.1046596252143352,-0.0245223250833333,0.0502723442994307,-0.4506963037868304,-0.0385529980566666,-0.0506108946885112,-0.3937089184028814,-0.0644620937166666,0.0609746397038083,-0.738268552573825,0.1013534741733333,-0.070938243724148,-0.7144191991775877,0.0803415131566666,0.043865311743196,-0.7649542006278283,0.120760301,-0.0708761567573079,-0.7422811382887411,0.0530823176099999,0.0361158226956246,-0.7845734103954847,0.0647615928399999,-0.0706953049757297,-0.7524993632718591,-0.03685207784,kalt_g_ch1_g18_compr.mp4,ch1g18,6.628074053842901e-06,0.0001833678265119,1.2891906994243508e-05,5.39329056103985e-05,1.1034249741103157e-05,0.0001924384041258,1.2455679415980448e-05,7.813375797942972e-06,6.847664827860357e-06,3.341276909257817e-06,0.0002687352143996,1.1399256603964996e-05,1.090446979748327e-05,1.3268441708441764e-05,0.000116203109856,1.4723870089748744e-05,1.1552170843428062e-05,0.0003108881052585,9.165260434153336e-06,1.079685521902593e-05,0.0002358563113194,1.4366762119278707e-05,1.0083537787332056e-05,8.528722724539988e-06,1.0299141190947244e-05,4.85766916375637e-06,9.11679105795753e-06,0.0002671302581145,6.5186295773028725e-06,0.0003033906893068,4.43681196216089e-06,3.707752817557208e-06,0.0002279547822514,0.0003484167843945,1.3786743926573916e-05,-0.000228188510427,-0.0001856603035539,-0.000197075736723,-0.0001885489678792,-0.0001275523899222,-0.000142798686153,-0.0001464435764346,-0.0001071143467414,3.60745415557355e-05,-0.0001349607046788,-0.0001350795025111,-0.0001133931712467,0.0001164192075016,-0.0016537125832107,-0.0005130630002368,-0.0043888261697235,-0.0029464258180388,-0.0051460040505921,-0.0037098498747033,-0.0050393538541071,-0.0038878104008208,-0.0044302615002517,-0.0031275225743723,1.0497639031251056e-05,-1.8466727210348057e-05,-4.7346429786657866e-05,-6.870382793210774e-06,-0.0001458277315298,-5.626665685652646e-05,-0.0001569595338131,-7.318508269400102e-05,-0.0001484572211906,-8.192840975495142e-05,4.664105924043778e-07,2.2890357065281604e-05,2.368019099209851e-07,9.390990368601643e-06,9.218607214476572e-07,2.348225236661917e-05,2.007174827775358e-07,8.671897189674548e-07,3.6287157586024705e-07,5.2618850347149765e-08,3.991494779529814e-05,1.4569546425529291e-06,-2.851195010407855e-07,3.175705935914778e-07,1.4073845352188434e-05,1.4039595441631572e-06,-6.070402305500726e-07,4.706321896134619e-05,1.3140912241827886e-06,-4.185141359175648e-07,2.7820729346019585e-05,2.1214167854180057e-07,-3.1904411542101077e-07,1.328779152346069e-07,7.031813389498356e-07,7.409119698161542e-07,-3.000724192096845e-07,3.906561230545497e-05,2.964808472854926e-07,4.607861967500617e-05,6.674815904914596e-07,6.551898303521295e-07,2.856331457236041e-05,3.2141648722768685e-08,8.807819654561464e-07,-1.9608730919724386e-07,6.231250956900376e-07,7.658615622419193e-08,7.339357595310795e-07,-1.866707599509604e-07,3.296447542450983e-07,-8.99154099432038e-08,3.1947109126180665e-08,-6.91477428585389e-07,1.6931167262758876e-07,-1.8664784143484546e-07,-1.9346054241436322e-07,-9.356144099832443e-10,1.5443570482816818e-07,2.3557043197564202e-07,-9.109232262055032e-07,1.5439602009380656e-07,-1.7833480480504104e-07,4.4684061276855444e-07,-2.3139286833157945e-07,-1.6791048373147264e-07,-1.65667980948538e-07,1.1969900237507214e-07,-3.409272220017114e-08,-1.8015942635269266e-07,-7.618919885427273e-07,1.3443688436479525e-08,-1.0394976178752551e-06,-2.8931488034270046e-08,1.716276846470667e-07,9.469637675718384e-07,1.3208111269713874e-06,movement,movement,no movement,no movement
2749.9999999999973,0.0150197568858743,0.3637074026738687,-0.1325423296666666,0.0250512597896338,0.3779625855126401,-0.1257967715666667,0.0273043022995636,0.3792623992679074,-0.1149505557999999,0.025648417316542,0.3789792945296107,-0.1174896875666666,0.0077085173562543,0.3859370796081493,-0.1355531174666666,0.0091463790918526,0.3843822494335758,-0.1479041033999999,0.0116780990813524,0.3753672954410489,-0.1287190633,0.0754141342960738,0.3783071074755035,-0.0266579557533333,-0.03801922765934,0.3451246413350576,-0.0190385592056666,0.0443118641867979,0.3574660269822143,-0.0830755974566666,0.0122978063913843,0.3303029500671803,-0.1095736685433333,0.1415035638501959,0.2497004125271865,0.06861432152,-0.079720435310189,0.316069297090873,0.1272775893666666,0.122083931717097,0.1309932428081738,-0.0093027533256666,-0.0712295914383497,0.1392726351049722,0.0041944408713666,0.0051095006727389,0.1736095391233869,-0.061906358122,0.0450886336412275,0.1742309276325774,-0.1126146997466666,-0.0370966589477937,0.1975966116933293,-0.0649860013583333,0.1034194371754047,0.1931812202453937,-0.1652445370333333,-0.0410852977702442,0.2166820923627331,-0.0566775904986666,0.1199418205318518,0.2413795173993996,-0.1536488425333333,0.0010302980221943,0.173286141191767,-0.0563501082126666,0.0596018779472155,0.1945778469744571,-0.119260348,0.07353036746823,-0.1170157519160791,0.0262321206866666,-0.0721779251534903,-0.10467946828794,-0.0245165190933333,0.0504259169376122,-0.4507428222734262,-0.0385247142866666,-0.0505772357753501,-0.3937139465856182,-0.0643458356033333,0.0610836817542453,-0.7384180726750199,0.1004677918599999,-0.0710871348148186,-0.7144861784741615,0.0800693702666666,0.0439773712447018,-0.7651177462039864,0.1197163574266667,-0.0710561297793351,-0.7423689975763992,0.0527236867699999,0.0360118734992301,-0.7847122065307532,0.0635385910233333,-0.0709195819718533,-0.7525964594861752,-0.0372149825933333,kalt_g_ch1_g18_compr.mp4,ch1g18,7.1278915203230445e-06,0.0002076798695545,1.3341803490960887e-05,6.422251425493769e-05,1.206540612650712e-05,0.0002172504050919,1.2923433014336842e-05,8.827992977864944e-06,7.392271228107452e-06,3.391037087144102e-06,0.0003100073075136,1.2861624568609095e-05,1.0737189489835971e-05,1.3805996594598764e-05,0.0001310073177786,1.599758638332407e-05,1.0979484894169e-05,0.0003592362327594,1.0507695701939616e-05,1.0496006560061872e-05,0.0002648658423621,1.492946689526517e-05,9.878364486479152e-06,9.073874504870746e-06,1.106729165411516e-05,5.614660036695286e-06,9.004290047676837e-06,0.0003074033322683,6.704614823498849e-06,0.0003508752022596,5.119807401883205e-06,4.599437866158117e-06,0.0002580035958817,0.0003986416756394,1.526095061003106e-05,-0.0002283040096357,-0.0001865462090698,-0.0001989927733703,-0.0001890265564419,-0.0001168219651841,-0.0001325920723923,-0.0001350751816193,-0.0001196773183824,5.6632892989804256e-05,-0.000135974413875,-0.0001286502202353,-0.0001245036457964,0.0001190627595771,-0.0018148464242235,-0.0005632211794896,-0.0050208986581266,-0.0032843318509935,-0.0059186573774698,-0.0041516943205731,-0.0058119812393226,-0.0043398551962395,-0.0050871226961547,-0.0034888155155369,1.3405070715713133e-05,-2.268319181543544e-05,-5.353162814269391e-05,-7.74523686675411e-06,-0.0001525996011641,-7.423138158254467e-05,-0.0001666489236041,-9.384134789851642e-05,-0.0001350757614283,-9.73443568771371e-05,4.727670971690459e-07,2.3623030811576337e-05,9.488551989910111e-09,1.002225137267725e-05,9.225276673161098e-07,2.4043995172323624e-05,-1.956764913098129e-08,1.174061440352863e-06,2.0014269032392227e-07,1.24281821537734e-07,3.83404443408025e-05,1.584724041338496e-06,-4.719006297835087e-07,9.23740082103936e-08,1.3670183186955843e-05,1.533650679234194e-06,-2.701618629914226e-07,4.5111605974261664e-05,1.4232189038417829e-06,-5.882088208265228e-07,2.791634954693529e-05,-4.9164986298114675e-08,-4.864961826737439e-07,-7.173018883120373e-08,7.685238019003918e-07,6.573326309552232e-07,-4.815517440391701e-07,3.741138327078555e-05,3.027000752807607e-07,4.3962792478981475e-05,5.914050985948987e-07,7.856459831892581e-07,2.9268622659249737e-05,2.4419258093553424e-08,1.768603760193663e-07,-1.8102139384413698e-07,1.756849542876059e-07,6.761364965769743e-08,-2.0107019190485342e-09,-1.785845883577057e-07,3.845671464566643e-07,-1.4289335011853226e-07,4.115574214766574e-08,-2.564899689057716e-06,9.337126657168712e-08,-1.1539512548355619e-07,-1.945301934406817e-07,-8.368208780010677e-07,1.4378297256722238e-07,2.6334992238033237e-07,-3.0551969804126334e-06,7.959068450258924e-08,-9.739031050635604e-08,-4.5731358677722403e-07,-2.594844831825685e-07,-9.389435252519228e-08,-1.799623576116763e-07,1.442373976675176e-07,-8.452306560635529e-08,-1.336471165293033e-07,-2.602521300776325e-06,3.2270610147576684e-08,-3.192445604779665e-06,-7.484245033731035e-08,1.336426279939841e-07,2.550280471010876e-08,2.7450921839934124e-06,movement,movement,no movement,no movement
2766.666666666664,0.015086723668589,0.3634940228763548,-0.1332032133333333,0.0251484633019981,0.3777882447888585,-0.1265288551666666,0.0274102375210481,0.3790747844846041,-0.1156654474333333,0.0257574033054207,0.3788027675563383,-0.1182358341666666,0.0078242042897946,0.3858371327287535,-0.1362688008666666,0.0092654414391851,0.3842660228063517,-0.1485898756999999,0.0117853867630479,0.3752493935491284,-0.1294358419333333,0.0753981634375319,0.3781821770146762,-0.0273921775933333,-0.0379369069287808,0.3451698183306428,-0.0198721719006666,0.0443389415399027,0.3573351098805463,-0.0837394590899999,0.0123590709256367,0.3301795066456216,-0.1102515720199999,0.1414851261185397,0.2495683680900319,0.0685390681733333,-0.0797011570134563,0.3161663996483752,0.1269484798333333,0.1234741766964726,0.1291127542186314,-0.0066035280556666,-0.0721718081986549,0.1387230846138182,0.0048280778870333,0.0062519105528069,0.1681843370726359,-0.0578270992453333,0.044094441775801,0.1708157203520039,-0.1121710122133333,-0.0361085463523063,0.1911399796295559,-0.0608437624116666,0.1024365155357152,0.1887948164687955,-0.1649371762666666,-0.0404084608182061,0.2103479098573496,-0.0531867194319999,0.1193523134343564,0.2367797931168279,-0.1535708344666667,0.0020270161740967,0.1677755777151932,-0.0524785867326666,0.0587646964721561,0.1909274924165544,-0.111821793,0.0734345874040282,-0.1169983515414137,0.0262346359399999,-0.0720750957709966,-0.1047077227519654,-0.0245016373033333,0.050593661657982,-0.4507892577147086,-0.0385389739533333,-0.0505195050965367,-0.3937213492698141,-0.0642506189233333,0.0612068683139155,-0.7385636595495199,0.0993566115399999,-0.0712552080989685,-0.7145781871876595,0.0796325620466666,0.0441074860049624,-0.7652776839403281,0.1184338375833333,-0.0712572113992885,-0.7424841026274315,0.0521829127033333,0.035903563293249,-0.7848245684854673,0.0619010847866666,-0.0711717140143004,-0.7527181058485523,-0.0378856777733333,kalt_g_ch1_g18_compr.mp4,ch1g18,7.603454150579052e-06,0.0002316719590164,1.3532753208178284e-05,7.460056107146198e-05,1.2971789956723682e-05,0.000241512254418,1.310956124190444e-05,1.0054456639200684e-05,7.495588546186856e-06,3.577818869055009e-06,0.0003467292609237,1.4389099862288812e-05,1.0375150752194288e-05,1.4138470974138764e-05,0.0001446553363492,1.725747790893841e-05,1.0668179231052897e-05,0.0004020653549436,1.18780992371599e-05,1.0028758483994627e-05,0.0002927321348357,1.530785285172167e-05,9.48645158212494e-06,9.274390005925978e-06,1.182960892780684e-05,6.258686209953454e-06,8.67388114351124e-06,0.0003430827710511,7.034416983121498e-06,0.0003929252994196,5.694493099807884e-06,5.520159772078344e-06,0.0002874667787612,0.0004448236666738,1.6763916274924124e-05,-0.0002413088350771,-0.000197769224395,-0.0002114412070846,-0.0001998276448022,-0.0001193458897814,-0.00013538220947,-0.0001368811392803,-0.0001308282811852,7.030919663407714e-05,-0.0001456154328138,-0.0001334097723403,-0.0001282740548758,0.0001188677531119,-0.001947543049473,-0.0006016866922807,-0.0055581443738416,-0.0035986635230977,-0.0065810996890892,-0.0045649213246789,-0.0064780129766868,-0.0047608084554931,-0.0056509907262059,-0.0038265073059372,1.599234890929149e-05,-2.6497593934664173e-05,-6.595855726661395e-05,-5.465007979780346e-06,-0.000156357691464,-9.045781473409404e-05,-0.000172730853203,-0.0001128798894072,-0.000120494755941,-0.000115658573166,4.744140960687423e-07,2.3620774785636192e-05,-1.220388673868451e-07,9.987204048199238e-06,9.534087777220184e-07,2.3820197064690784e-05,-1.5485761395552865e-07,1.5450615638979371e-06,-4.438268839069287e-09,1.53940079331674e-07,3.4715987141346e-05,1.6126066091715131e-06,-5.177774811763021e-07,-5.8406147514844715e-08,1.2322950090145871e-05,1.6919241171753523e-06,1.1852096630867265e-07,4.07453337470041e-05,1.4404884757494472e-06,-6.054312429204981e-07,2.7008334326655535e-05,-2.5607830368198433e-07,-5.126599944761376e-07,-2.2817941376557613e-07,8.917738849169485e-07,5.266341168094607e-07,-5.661247241637367e-07,3.3746236458666156e-05,3.693033525048931e-07,3.950279374690577e-05,4.753866701921799e-07,8.770118276119999e-07,2.8870891944350992e-05,4.000860599532225e-08,-4.198478098422989e-07,-1.0029209876766041e-07,-2.638345218465553e-07,9.690711057061737e-08,-5.957676599803866e-07,-1.0309548605720325e-07,4.214521335831669e-07,-1.3798548782296074e-07,5.978431908431515e-08,-3.901442023068049e-06,-6.110495177552332e-09,1.4422683123897108e-08,-1.3552327170779496e-07,-1.5526609821287286e-06,1.1369663465906507e-07,2.313848419239877e-07,-4.539522893369926e-06,-1.3778817417445908e-08,3.835062744290336e-08,-1.1018639355766792e-06,-2.321148619975731e-07,3.8026205310134054e-08,-1.2830318056337633e-07,1.933338196082463e-07,-1.2547582175372474e-07,-3.2443962312608246e-08,-3.91180814956117e-06,2.5715419666543567e-08,-4.659394625746143e-06,-1.1318009223458008e-07,1.0214138234266637e-07,-7.174097154777289e-07,4.237791873457863e-06,movement,movement,no movement,no movement
2783.3333333333303,0.0151313950485289,0.3632720230867669,-0.1339451426333333,0.0252370011513472,0.3776099919381019,-0.1273450672666666,0.0275072634613527,0.3788826311382328,-0.1164684630666666,0.025859018917889,0.3786228188454352,-0.1190754701666666,0.0079293781033285,0.3857308283046318,-0.1370593968333333,0.0093755531525403,0.3841441913768696,-0.1493507597666666,0.0118827814441846,0.3751258393739445,-0.1302301048666666,0.075379090397284,0.378056213569941,-0.0282321320199999,-0.0378594724103636,0.3452151029215304,-0.0207593726023333,0.0443492907801079,0.3572014677035789,-0.0844933242299999,0.0124087269963495,0.3300492276578791,-0.1110018531733333,0.1414801248213582,0.2494427645348626,0.0685075492366666,-0.0796862830324904,0.3162637616660835,0.1265746221,0.125087245628466,0.1270680200464931,-0.003824250889,-0.0734619449216055,0.1381300980265021,0.0054797751270333,0.0077117982936691,0.1621340896525222,-0.0542896699356666,0.0423907478098788,0.1670979044153685,-0.1117585517799999,-0.0347697567888403,0.1839426818344873,-0.0574399608035999,0.100654079275064,0.1840370576977179,-0.1646897956333333,-0.0394479396313571,0.2033014333128832,-0.0505055890986666,0.1180586264273796,0.2318404004970742,-0.1535940738,0.003315977773216,0.1616226438757962,-0.0492245769963333,0.0572372302167351,0.1869663992282929,-0.109760903,0.0733336381552241,-0.116979733296211,0.0262384758433333,-0.0719660691432607,-0.104738255332336,-0.0244844977066666,0.0507656797484595,-0.4508504747971502,-0.0385613574833333,-0.0504456658881522,-0.393725636308294,-0.0641571004766666,0.061354599644536,-0.7387142806845375,0.0981854972299999,-0.0714410617801982,-0.714693084983705,0.07915502056,0.0442662008333747,-0.7654442747501803,0.1170832556933333,-0.0714801130970762,-0.7426257747209039,0.0516049274566666,0.0357921683081864,-0.7849309411983687,0.0601603222566666,-0.0714489701384286,-0.7528581928620436,-0.03859435949,kalt_g_ch1_g18_compr.mp4,ch1g18,8.023735064702287e-06,0.0002546357667988,1.3372877662010291e-05,8.442890509844901e-05,1.3765026606264492e-05,0.0002645122182106,1.2905289006512098e-05,1.1701972936158392e-05,7.1526148829647065e-06,3.65362556445625e-06,0.0003778310533283,1.59983355167377e-05,9.851879953982936e-06,1.4091469165371134e-05,0.0001559989458881,1.8933410848022324e-05,1.086012995208558e-05,0.0004383193477747,1.3307248938315763e-05,9.453025553802774e-06,0.0003182599977792,1.519943714275629e-05,8.95384578385935e-06,8.950343946623985e-06,1.262165478874532e-05,6.717567824349976e-06,8.099621709820849e-06,0.0003731817563656,7.289033143072286e-06,0.0004280187677576,6.09563509340807e-06,6.396286741428025e-06,0.0003151078850975,0.0004853533848153,1.8340911752488305e-05,-0.000258320147176,-0.0002126788308606,-0.0002277020597735,-0.0002145937580534,-0.0001293794679894,-0.0001449854487473,-0.0001455673311456,-0.0001426844895257,7.739486737394408e-05,-0.0001593321974144,-0.0001434070139471,-0.0001244155036969,0.0001177099276837,-0.0020314119942835,-0.0006360249924251,-0.0059839746863801,-0.0038863248862487,-0.0071161120860684,-0.0049362718809478,-0.007013143280821,-0.0051344592091694,-0.0061047262311759,-0.0041354692851238,1.8071018458008193e-05,-2.970734338119593e-05,-8.603620621973979e-05,-5.188777770966649e-06,-0.0001572046041315,-0.0001065836039971,-0.0001754346078766,-0.0001316689040232,-0.0001100441432049,-0.0001434063334998,4.651443607940171e-07,2.2877709805394797e-05,-2.107921975339283e-07,9.290183520439204e-06,1.0640087815494977e-06,2.2898929668408777e-05,-2.5396266628595336e-07,1.986635805029166e-06,-1.774472838690236e-07,1.7355248101850964e-07,2.9786515812396396e-05,1.5466325443075107e-06,-4.778677845939159e-07,-1.915127808556311e-07,1.021828592270942e-05,1.829414523644932e-06,4.584328960140584e-07,3.493724088932994e-05,1.3714024508703023e-06,-5.315931663097628e-07,2.5502338269433383e-05,-4.832188676108386e-07,-4.474261505018415e-07,-3.6441585549561706e-07,1.1096217983031118e-06,3.691640612418267e-07,-5.930637176192153e-07,2.8795488706780788e-05,4.6711089781326786e-07,3.368475592282638e-05,3.322383029847143e-07,9.471939653337888e-07,2.7625865942186897e-05,7.685754580778225e-08,-7.753336029862902e-07,3.8531761321033796e-08,-6.086191214565834e-07,1.5927436334245904e-07,-9.044960204549842e-07,3.3743548071972855e-08,4.242278192597833e-07,-6.420926243373128e-08,9.84865839829406e-08,-4.5008701887211234e-06,-1.1673086898440349e-07,1.8588976328554308e-07,-1.8401364882244852e-08,-2.019293973429506e-06,5.1676376681017474e-08,1.3797810569206348e-07,-5.154932143781221e-06,-1.152751188143778e-07,2.107242279720414e-07,-1.3132635267270658e-06,-1.410659647586237e-07,2.0983793875744525e-07,-1.14342777910354e-08,2.5622990516298845e-07,-1.5071588355248294e-07,1.1213649283926665e-07,-4.500927919784163e-06,1.911215746750842e-09,-5.206502287511111e-06,-1.3897243052304333e-07,8.70676755543422e-08,-1.1057510101060394e-06,5.030652017496698e-06,movement,movement,no movement,no movement
2799.999999999997,0.0151499444176098,0.3630580611227614,-0.1348336365333333,0.0253198577670245,0.3774413253404384,-0.1282967329333333,0.0275985481492345,0.3786987718927866,-0.1174105894666666,0.0259561500568862,0.378452911796553,-0.1200553725333332,0.0080255243870122,0.3856391375466647,-0.1379704371666666,0.0094771904698526,0.3840381919830413,-0.1502318892666666,0.0119720928119272,0.3750187753333579,-0.1311457159999999,0.0753738534228639,0.3779317640234893,-0.02918420946,-0.03777524890439,0.3452981768457465,-0.0216898221553333,0.0443469590035915,0.3570773392709809,-0.0853839122433333,0.0124438766379127,0.3299358532350857,-0.1118636613466666,0.1414985698251191,0.2493278311479683,0.0684618642633333,-0.0796679122095065,0.3163750874520262,0.1261809937666666,0.1268671834088876,0.1249652113231845,-0.0011421321723333,-0.0748954721390455,0.1374816581633084,0.0063771370077,0.0095772461889778,0.15584814203625,-0.0507782326576666,0.0402552661699654,0.1630765080943031,-0.1113246120799999,-0.0329479955572303,0.1764408647837946,-0.0542337958312666,0.0983668282533639,0.1789209573902334,-0.1644192148666666,-0.0380503423072059,0.1959548269977124,-0.0480707276253333,0.1163030647263094,0.2265684036733533,-0.1535824340333333,0.0049989090436539,0.1552180038048826,-0.046081430549,0.0552978506875095,0.1826993617172725,-0.109278947,0.0732319956226979,-0.116960661813096,0.0262429581733333,-0.0718563559545186,-0.104769630740894,-0.0244675047966666,0.0509578932170898,-0.4509561403907521,-0.0385612141833333,-0.0503698274481108,-0.3937286728632352,-0.06407095115,0.0615211004793426,-0.7388758377646826,0.0970508239733333,-0.0716428044530558,-0.714819165498711,0.0786805082333333,0.0444406946110759,-0.7656251884481575,0.1157857773133333,-0.0717198663981886,-0.7427802415254133,0.0510310442533333,0.0356548171666812,-0.7850384909040855,0.0585069236066666,-0.0717427165908999,-0.7530331444426283,-0.0392893028333333,kalt_g_ch1_g18_compr.mp4,ch1g18,8.594181301235488e-06,0.0002757182176237,1.3095446583005992e-05,9.297035756702192e-05,1.4596418458925846e-05,0.0002855993488596,1.2563237928439408e-05,1.3910008642733394e-05,6.506247009015031e-06,3.878938706571938e-06,0.0004035956364856,1.7717232228523443e-05,9.417969256773515e-06,1.383971088936878e-05,0.0001642845527724,2.1158044716942083e-05,1.1594304834048792e-05,0.0004687495436096,1.4802686209463125e-05,8.993710616739548e-06,0.0003415851481919,1.4693275811956792e-05,8.55202229539829e-06,8.415144345801039e-06,1.360560255121664e-05,6.9807294016760485e-06,7.520821652923446e-06,0.0003979446012467,7.542711359190038e-06,0.0004570738610087,6.319251150798233e-06,7.357700383499877e-06,0.0003406150069351,0.000519628081282,2.0105520132478603e-05,-0.0002690331944898,-0.0002208697576623,-0.0002372857105409,-0.0002229631196837,-0.0001364245258467,-0.0001510072987525,-0.0001511240135719,-0.0001503841293962,8.284694926889366e-05,-0.0001684425909591,-0.0001499987203968,-0.0001112046189748,0.0001217798832298,-0.0020592165735657,-0.0006574303113348,-0.0063004199678394,-0.004141282078129,-0.0075324740899577,-0.0052691044188612,-0.0074312049115182,-0.00547009725884,-0.0064513673825225,-0.0044124027727508,1.943343153961601e-05,-3.2020525766873454e-05,-0.0001124469319671,-5.356199834502312e-06,-0.0001534812849908,-0.0001235030070941,-0.0001724324807297,-0.0001515299092926,-0.000104535159416,-0.0001816878949908,5.254910822662405e-07,2.16060809312483e-05,-1.4356611936830902e-07,8.307032869614664e-06,1.2705293671349445e-06,2.1522296409747392e-05,-1.9591700694925777e-07,2.4213616208597337e-06,-2.2943018967117258e-07,2.455533587306807e-07,2.4664461967780032e-05,1.399688444318444e-06,-2.559119087781717e-07,-1.8990502108120569e-07,7.731248714056407e-06,1.9026088687443755e-06,6.255534481800489e-07,2.901750486311123e-05,1.2257725654800554e-06,-2.793778112516616e-07,2.373778164658792e-05,-6.03155577056786e-07,-2.0033708497653435e-07,-3.5894375455439034e-07,1.418342379546857e-06,2.054677121889305e-07,-4.578988306352452e-07,2.3648515878687592e-05,5.423298822830444e-07,2.7840622030343657e-05,1.7949770019148173e-07,9.76698021982411e-07,2.5876496495588712e-05,1.1644132499084552e-07,-8.376963798587007e-07,1.997936678066045e-07,-8.035047943149599e-07,2.425952038154514e-07,-8.824182480038258e-07,1.958045814895385e-07,3.843218731052191e-07,6.062111940479754e-08,1.475190901485531e-07,-4.346636894884476e-06,-2.249708047237491e-07,3.594227526957903e-07,1.2647075205356758e-07,-2.1690474751207575e-06,-4.420516489689167e-08,-2.908354029423523e-09,-4.9159887825336166e-06,-2.1158049497303409e-07,3.815581578025759e-07,-1.0769184852383386e-06,-7.080506760525848e-09,3.8133641615111403e-07,1.3783415781367965e-07,3.2077770377238973e-07,-1.591798574430804e-07,2.668000223998729e-07,-4.357109385488859e-06,-4.256667145758602e-08,-4.846690136848044e-06,-1.519978872804583e-07,8.18187435015027e-08,-1.0994123932171851e-06,5.0036510995230604e-06,movement,movement,no movement,no movement
2816.6666666666633,0.0151315349993894,0.3628189574223153,-0.1360667570333333,0.0253954813614881,0.3772512791262426,-0.1295779881666666,0.0276826691264926,0.3784913291053252,-0.1186828498666666,0.0260473233196674,0.3782612551561717,-0.1213675069666666,0.0081054414348013,0.3855327031270346,-0.1392038179666666,0.0095628417766354,0.3839178222731638,-0.1514380970333333,0.0120457955356441,0.3748989751035994,-0.1323821383666666,0.0753926049325717,0.3778008111186483,-0.0303695921433333,-0.0376875873489769,0.3454081026188134,-0.0227964828146666,0.0443224632742298,0.3569362287485502,-0.0865860174866666,0.0124447487809101,0.329814178421262,-0.1130175725066666,0.1415254607947089,0.249222157645289,0.06836491408,-0.0796412741313421,0.3164975927986067,0.1256723195333333,0.1287187347806371,0.1228418026113668,0.0014652237143333,-0.0764093855611962,0.1367473613626256,0.0073115386130333,0.0118681968804571,0.1493911955468362,-0.047355144336,0.0380780972795476,0.1588109327806168,-0.1108747447799999,-0.0306006309657968,0.1687204423974815,-0.0512532678345999,0.0960578862788083,0.1735237014543214,-0.1641304417666666,-0.0361214667141674,0.1883498256008822,-0.0458799707219999,0.1145446286621213,0.221032604294544,-0.1535880428333333,0.0071242228200066,0.1486099034589638,-0.0430981511378333,0.0533349878367545,0.1781858080281552,-0.109055169,0.0731292939824216,-0.1169411562113343,0.0262466086466666,-0.0717454693638947,-0.1048018223306835,-0.0244489945733333,0.0511562392702729,-0.4510820848590094,-0.03850621474,-0.0502922826883007,-0.3937313155036532,-0.0639737312533333,0.061704791080963,-0.7390377472499641,0.0959550236066666,-0.0718534593743244,-0.7149487389330452,0.07825696632,0.04463301614743,-0.7658065577143055,0.11451136295,-0.0719707002478433,-0.7429384765276118,0.0505235616166666,0.0354801111098713,-0.7851419149111948,0.0569158986866666,-0.0720523708203851,-0.7532141720260129,-0.03990473246,kalt_g_ch1_g18_compr.mp4,ch1g18,9.168409329832153e-06,0.0002959465291066,1.2734556109109348e-05,0.0001007572941304,1.578154912952261e-05,0.0003057523896733,1.2127683993453498e-05,1.6638476035453046e-05,5.985021123411323e-06,4.3487284909060425e-06,0.0004250618158032,1.910270907059527e-05,9.146792711742612e-06,1.3400520008959682e-05,0.0001700172548282,2.327184935373295e-05,1.2495132146307968e-05,0.00049441623761,1.5990153586252634e-05,8.717089245927642e-06,0.0003635479122369,1.3757715264132652e-05,8.352961041522906e-06,7.746983542815712e-06,1.5052084189897618e-05,7.030105818870184e-06,6.997411037114247e-06,0.0004183573547784,8.132764516988519e-06,0.0004813137503163,6.343583121640982e-06,8.28775131882268e-06,0.0003648879425161,0.0005492404970933,2.1960196952024673e-05,-0.000265102536729,-0.0002155775328661,-0.000233426625471,-0.0002181423956653,-0.0001333377451624,-0.0001464488527266,-0.0001463566038902,-0.0001512817107372,8.91524364989339e-05,-0.0001667747329983,-0.0001464216960285,-9.529892377578114e-05,0.0001278114943697,-0.0020441239948795,-0.0006817766261136,-0.0065288552735599,-0.0043891755492456,-0.0078510163497882,-0.0055877683097139,-0.0077532317822283,-0.0057873969439457,-0.0067118504470312,-0.0046807530726811,2.009134330116628e-05,-3.348500861604075e-05,-0.0001432577070815,-4.353367697196272e-06,-0.0001473396490716,-0.0001394800115425,-0.000166315040635,-0.0001699941301343,-0.0001023727644764,-0.0002251441906517,6.842677193358211e-07,2.038146620230108e-05,1.1360866710018416e-07,7.214692570294576e-06,1.575229759301874e-06,2.0284079873094623e-05,5.4878914723657924e-08,2.8245107706072364e-06,-1.5702976276812427e-07,3.869930280674494e-07,1.997368624694698e-05,1.1659897540520589e-06,1.734105440612105e-07,-1.5325745785334246e-08,5.280637800455075e-06,1.870651103167513e-06,5.642135999813414e-07,2.3765225852425575e-05,1.0072752028307486e-06,1.706651548058954e-07,2.2406561868166785e-05,-5.802040035731784e-07,2.5256684027730537e-07,-1.756606129710935e-07,1.8017818753278573e-06,4.810207472207044e-08,-1.339716509383759e-07,1.895971195875804e-05,5.108770911809691e-07,2.269752637365409e-05,2.7885154059121746e-08,1.035335878097336e-06,2.437234292842584e-05,1.5352394958436998e-07,-6.67304597076083e-07,3.540502807956342e-07,-8.617085241510701e-07,3.234953833565662e-07,-5.983117915847654e-07,3.5257166836718264e-07,3.024867292524293e-07,1.943925185614425e-07,1.9895231440501407e-07,-3.5448356237353738e-06,-3.038212220317223e-07,5.039330250551705e-07,2.7308148267791433e-07,-2.0320518953569444e-06,-1.470525397874826e-07,-1.5685177879261777e-07,-3.953455493932963e-06,-2.784472802881043e-07,5.212532901865711e-07,-4.980459172840102e-07,1.4922950647158853e-07,5.216612301275543e-07,2.901277222451217e-07,3.678526855680186e-07,-1.514558114995923e-07,4.036988706812351e-07,-3.5866022559364745e-06,-1.1384224286173725e-07,-3.7228144067961217e-06,-1.5270852197298913e-07,8.78698425292953e-08,-7.830257270269568e-07,4.2638934852533365e-06,movement,movement,no movement,no movement
2833.33333333333,0.015100027278335,0.3625814562124366,-0.1378089806999999,0.0254738649453162,0.3770644458287995,-0.1313645095,0.0277693761783404,0.3782852815799851,-0.1204550062333333,0.0261408800678764,0.3780720552663472,-0.1231820705333333,0.0081832801893533,0.3854357223640176,-0.1409460267333333,0.0096466129497286,0.3838081844382901,-0.153155059,0.0121178995640892,0.3747895444971718,-0.1341250638666666,0.0754461450556884,0.3776695355075219,-0.0319583373733333,-0.0375943480759152,0.3455583820445274,-0.0243018209913333,0.0442890419518793,0.3567968409452808,-0.0882558433466666,0.0124290651413131,0.3297054074531286,-0.1146353483666666,0.1415562579727357,0.2491451314582102,0.06800969635,-0.0796110715487364,0.3166546065383885,0.1249130986666666,0.1306443113753729,0.120807684836393,0.0039472872843333,-0.0780236682685232,0.1360598444462034,0.0081466791893666,0.0145202092213068,0.1428142360522472,-0.0442012050146666,0.0357379818247366,0.154451021334871,-0.11062610428,-0.0278156063029705,0.1607846065987428,-0.0485850053745999,0.0935618593919838,0.1679510599471036,-0.1641348952,-0.0337748423725751,0.1804543122431291,-0.0440097047453333,0.1126686155726973,0.2152589208852737,-0.1539733555666666,0.0096158886505332,0.1418134353484092,-0.0404064459085,0.0512381403934052,0.1735343381549901,-0.108980425,0.0730252558009434,-0.1169211710845938,0.0262469653433333,-0.0716327676957246,-0.104834811290574,-0.0244253916933333,0.0513758610178952,-0.4512358967494388,-0.0384117439866666,-0.0502153864250707,-0.3937328555443573,-0.0637554727033333,0.0619058276165206,-0.7391987564805206,0.0949353792066666,-0.0720998773843147,-0.7150880887568184,0.0780512125766666,0.0448395181819739,-0.7659874445001867,0.1133043120233333,-0.0722628228419677,-0.7431066793295404,0.05025292548,0.0352681918243678,-0.7852440021515075,0.0554059016233333,-0.0723943132137422,-0.753435572265063,-0.04033857902,kalt_g_ch1_g18_compr.mp4,ch1g18,9.89214760363507e-06,0.0003154358847745,1.273765716532042e-05,0.0001073205863231,1.7428998432414616e-05,0.0003251627468035,1.2057323537300471e-05,1.960679646429319e-05,5.812359540035991e-06,4.770375844128405e-06,0.000443991363003,2.004720224185441e-05,9.35241401535269e-06,1.3214408880025255e-05,0.0001737268539338,2.5192782606347093e-05,1.3383642751892125e-05,0.000517455202397,1.6790597361338726e-05,8.93441125257578e-06,0.0003849303904983,1.2841780022254385e-05,8.66381697594631e-06,7.380068599440189e-06,1.699642549076865e-05,6.916178363287186e-06,6.833069257631852e-06,0.0004362013332466,8.942916405222733e-06,0.0005031502485729,6.220453675529225e-06,9.295050581208149e-06,0.0003882754917694,0.0005757344253699,2.389147628786981e-05,-0.0002432164455759,-0.0001932162662045,-0.0002124853551387,-0.0001964040430221,-0.0001153995686995,-0.0001267609755513,-0.0001266021190105,-0.0001420466165949,0.0001022450271678,-0.0001495623194606,-0.0001277798387364,-7.420570377363336e-05,0.000136832059091,-0.0020026137639445,-0.0007038095875708,-0.0067138473352354,-0.0046314425287997,-0.008122678944439,-0.00589563549862,-0.0080318039217252,-0.0060943168508888,-0.0069290651944403,-0.0049414054362735,2.0041876227342823e-05,-3.410410544673478e-05,-0.0001757210692715,-3.44690062316849e-07,-0.0001387916608954,-0.0001520402788747,-0.000157519987867,-0.0001846314702063,-0.0001047699425023,-0.0002727962459216,9.375040914577112e-07,1.9752758500364426e-05,5.560890888094901e-07,6.265322793070929e-06,1.9360403515096853e-06,1.976504453915232e-05,4.96969587455762e-07,3.1217784701862155e-06,6.546953102505232e-08,6.012486640541405e-07,1.6646230471980408e-05,8.169242241694947e-07,7.811691485024385e-07,3.375265464698857e-07,3.265473948236241e-06,1.669181400188034e-06,2.438419524419321e-07,2.018766239753221e-05,6.881154912432619e-07,7.877307190188429e-07,2.2153355044924304e-05,-3.817064211491182e-07,8.785340299312699e-07,1.8430372844154938e-07,2.2012514519155644e-06,-9.494915657226224e-08,3.5612028964374253e-07,1.5638436924414256e-05,3.31147585523816e-07,1.929726287987379e-05,-1.1765046228092038e-07,1.1058967018343896e-06,2.3740517895804742e-05,1.7606042181303667e-07,-3.508144509364933e-07,4.590786059813309e-07,-7.94120044443767e-07,3.798653708217187e-07,-1.541133312108131e-07,4.607547836401302e-07,1.8672743125629004e-07,2.9399284358908753e-07,2.545196364384083e-07,-2.277508900192216e-06,-3.420800778431501e-07,5.823837021231676e-07,3.8156600786008754e-07,-1.675797546934779e-06,-2.4153575947888956e-07,-2.891540904679703e-07,-2.4995459404407817e-06,-3.0722258981884193e-07,5.942886899446896e-07,2.5403332857733073e-07,2.893170306825653e-07,5.939385335202426e-07,4.057579165380991e-07,3.8030801284046276e-07,-1.3320386249143174e-07,4.898807392257983e-07,-2.373423281484601e-06,-1.9974235562664538e-07,-2.088273559842012e-06,-1.456215294137603e-07,9.773017449086501e-08,-2.7987779002182276e-07,3.0323477563397968e-06,movement,movement,no movement,no movement
2849.9999999999964,0.0151368337044247,0.362318641681601,-0.1398777222999999,0.025601466301608,0.3768512558491451,-0.1334661260666667,0.0279034969022683,0.3780534816737259,-0.1225423516999999,0.0262836195895543,0.3778557156691002,-0.1253102369999999,0.0083131830924995,0.3852983831710583,-0.1430366983666666,0.0097811981222881,0.3836620765732166,-0.1552206102666666,0.0122449586867685,0.3746434540161444,-0.1362161301666666,0.075563142488864,0.3775288600374336,-0.0337956730266666,-0.0374815133255732,0.3456688235000621,-0.026165742579,0.0443040773894959,0.3566372264725756,-0.0902176654066666,0.0124711279535654,0.3295692547279533,-0.1165799290333333,0.1416126129630674,0.249083087824091,0.06747115373,-0.0795658461034164,0.3168070421697149,0.1239763065999999,0.1327259877602525,0.1188888437235083,0.0064098692009999,-0.0796957607374763,0.1353461978487097,0.0090077455300333,0.017422107075787,0.1361395985749586,-0.0410103344083333,0.0332068279831925,0.1496939301377055,-0.1103571189466666,-0.0247803922927203,0.1526683048142015,-0.0457668844745999,0.0908512737481769,0.1618851141494373,-0.1641084367,-0.031220259226643,0.1723876600109468,-0.0419874231453333,0.1106358711161358,0.2089627432753906,-0.1543434010666666,0.012335202675278,0.1348868745115406,-0.0375826698371666,0.0489823746556622,0.168442533657683,-0.102393575,0.0729322480833761,-0.116901870949518,0.0262563473,-0.0715308671096402,-0.1048683629274501,-0.0244082776466666,0.0516649009057534,-0.4514225499163152,-0.03826854395,-0.0501368204812717,-0.3937287852092923,-0.0634240568466666,0.0621399082830924,-0.7393212048711271,0.0942343170733333,-0.0723467369543849,-0.7152185702222524,0.0781447528799999,0.0450684504265988,-0.7661284237000827,0.1124489264999999,-0.0725560777081169,-0.7432657859757744,0.0503212250766666,0.0350523051332767,-0.7853484386001559,0.05420865268,-0.0727218957533265,-0.7536876605474868,-0.04044988138,kalt_g_ch1_g18_compr.mp4,ch1g18,1.085422610935986e-05,0.0003357313443972,1.3563532652683922e-05,0.0001130441145126,1.969704305657384e-05,0.0003454574393723,1.2818843502463222e-05,2.276831182655971e-05,6.141539741126744e-06,5.395665690268641e-06,0.000459486610914,2.057743036645575e-05,1.0432009873406728e-05,1.375013728596742e-05,0.0001762402477702,2.6770214776769818e-05,1.399668204248143e-05,0.0005361024157401,1.7229574560156133e-05,1.0026968613829505e-05,0.000407713273707,1.248443316876074e-05,9.859664240824316e-06,7.769485635094263e-06,1.9509459909428848e-05,6.724128457011042e-06,7.38028157632112e-06,0.0004507056326049,9.34877530923127e-06,0.000521158151307,6.022959388818184e-06,1.0419258180553737e-05,0.0004125210689106,0.0005997421943074,2.6028393447955848e-05,-0.0001996831113659,-0.0001499895888056,-0.0001705318012367,-0.0001539066962993,-7.952598219353121e-05,-8.91503996634095e-05,-8.920751416747622e-05,-0.000122360857878,0.0001188636946793,-0.0001137724165854,-9.300621895230274e-05,-5.274487891046781e-05,0.0001425471359951,-0.0019517722644917,-0.0007348851606573,-0.0068457940348889,-0.004892066007133,-0.0083212489274556,-0.0062204495383934,-0.0082463615560204,-0.0064227361133777,-0.0070913100432679,-0.0052197003805702,1.9433883062248323e-05,-3.408086434428941e-05,-0.0002077439649336,6.471471443661194e-06,-0.0001320970460961,-0.000163239483802,-0.000151385539592,-0.0001976232007542,-0.0001098419652889,-0.0003207119044116,1.193963604429079e-06,1.956094763818232e-05,1.093663265800614e-06,5.532371404005012e-06,2.3757522180422215e-06,1.982442845118036e-05,1.038580928389785e-06,3.2459027967381694e-06,3.960971499421943e-07,8.927600622498542e-07,1.516775639860528e-05,4.39697454444665e-07,1.435473705913953e-06,7.922975403007378e-07,1.88490510637436e-06,1.3541290058804983e-06,-2.1387485795752385e-07,1.8722279928592145e-05,3.514324210931409e-07,1.442958937798784e-06,2.2821951737201992e-05,-4.4097638153849274e-08,1.5403021135999448e-06,6.777906187534963e-07,2.6177523206912056e-06,-2.0351564974552598e-07,9.273912950780836e-07,1.4098287766649347e-05,1.3826225459508316e-08,1.8213464656752924e-05,-2.3940476058937097e-07,1.2855509934223616e-06,2.381186152941189e-05,1.7791957830052377e-07,-7.220560497497357e-09,4.875758179986099e-07,-6.500106189999723e-07,3.8877467163427697e-07,3.113030345706033e-07,4.919001766567164e-07,4.1438427497300135e-08,3.218678238952351e-07,2.94588355859599e-07,-7.371439883852263e-07,-3.362170129539177e-07,5.741909141124273e-07,4.246302616676151e-07,-1.2117303501119902e-06,-3.05376002516666e-07,-3.597330191443386e-07,-7.580548818435043e-07,-2.972287234366982e-07,5.819175386470514e-07,9.769939978013212e-07,3.8156543904983457e-07,5.788214435818939e-07,4.56061350183645e-07,3.423801584625756e-07,-1.1023159528855818e-07,5.051312207292299e-07,-9.0884630794115e-07,-2.683406005490509e-07,-1.7527335902076365e-07,-1.3415883232061113e-07,1.1124312059422504e-07,2.473825174181402e-07,1.6482894145590486e-06,movement,movement,no movement,no movement
2866.666666666663,0.0152075639659224,0.3620597305193659,-0.1425810576999999,0.0257580775463137,0.3766476761683025,-0.1361861969333333,0.0280647640908371,0.3778291548636844,-0.1252432407999999,0.0264563095641257,0.3776476635111056,-0.1280529121999999,0.0084639216621897,0.3851621481702448,-0.1457701122666666,0.0099369263264554,0.3835169811496819,-0.1579300407,0.012393021134368,0.3744981316445511,-0.1389470105999999,0.0757208431851059,0.3773926820191347,-0.03616225651,-0.0373642161250908,0.345760577530649,-0.028629764414,0.0443530428438098,0.3564794439067655,-0.0927703815966666,0.0125419612639729,0.3294285223018909,-0.1191392578666666,0.1416963726679983,0.2490461954279215,0.0666014146733333,-0.0795005917262138,0.316946051876616,0.1225897783666666,0.1349896325902506,0.117033171802014,0.0087922687776666,-0.0814248332633629,0.1346307280761544,0.0098374659723666,0.0205914192664402,0.1293648496935385,-0.0378710063353333,0.0304188561380005,0.1446009474797998,-0.1100667884466666,-0.0214693449137967,0.1444121149374295,-0.0429493615212666,0.0878280751978161,0.155402388393549,-0.1640406960333333,-0.0284583071422699,0.1641550489519758,-0.0399620194419999,0.1083371507430759,0.2021996805602154,-0.1546937447666666,0.0152908559148736,0.1278336417305298,-0.0347688566991666,0.0464891174428411,0.1629708886546801,-0.0974720046,0.0728404305758073,-0.1168826655330763,0.0262671480966666,-0.071429981337818,-0.1049024872733658,-0.0243927470333333,0.0520182832886838,-0.4516576228536242,-0.0379815449166666,-0.0500570590299846,-0.3937168573915358,-0.0628964946466666,0.0624585421925092,-0.7394390229215183,0.0937531027,-0.0725923274121197,-0.7153707748979004,0.0784346527333333,0.045373183641347,-0.7662648231990914,0.1118087467933333,-0.0728467668668781,-0.743452317109301,0.05059615982,0.0348522534503786,-0.785459595110608,0.0530497495766666,-0.0730149514938529,-0.7540436078362814,-0.0404404085866666,kalt_g_ch1_g18_compr.mp4,ch1g18,1.2218651477753424e-05,0.0003574776427114,1.5017577374738576e-05,0.0001182654540391,2.2517330726402717e-05,0.0003676791826893,1.4210029201736496e-05,2.600291375067654e-05,7.043083638922938e-06,6.2664596053039e-06,0.0004739166190158,2.083169573115511e-05,1.2218000074851648e-05,1.4832888559670402e-05,0.0001777366547552,2.8009468110954956e-05,1.3694887015770455e-05,0.0005532928091616,1.742594424436423e-05,1.1836694178479767e-05,0.000433614710253,1.2632718497788755e-05,1.1764793436428068e-05,8.799314976752401e-06,2.25162162976227e-05,6.483004484728361e-06,8.585417517515171e-06,0.0004639682202689,9.370121833502388e-06,0.0005385355656543,5.754513709112484e-06,1.1636880446789856e-05,0.0004386416991369,0.0006234050132303,2.847180235195905e-05,-0.0001400811391792,-9.169590525094798e-05,-0.0001131958617631,-9.628827217085576e-05,-3.064303651789633e-05,-3.866689020054096e-05,-3.933313790464863e-05,-9.746118328657188e-05,0.0001349515907931,-6.53001682403095e-05,-4.747394970820738e-05,-3.584020663215917e-05,0.0001428292657152,-0.0019036662484651,-0.0007864896852247,-0.0069714774318906,-0.0051784838444566,-0.0085068787467492,-0.0065746870646326,-0.0084630428276759,-0.0067977331062431,-0.007250348328241,-0.0055298737695145,1.8419266670995715e-05,-3.3588838099728145e-05,-0.0002377517848379,1.5998848607832498e-05,-0.0001300826154674,-0.0001735135748739,-0.0001508509179863,-0.0002096060832741,-0.0001196688230892,-0.0003673104334399,1.3990288099886338e-06,1.986493743746594e-05,1.647343536104053e-06,5.0926871443159834e-06,2.778365051671898e-06,2.049565132645695e-05,1.6027636480355764e-06,3.181611547872383e-06,8.304549136058461e-07,1.237626585592832e-06,1.5891753557416527e-05,9.086361189214513e-08,2.0629442166584013e-06,1.2801942058150709e-06,1.14809435514644e-06,9.775589441849311e-07,-6.732251687446217e-07,1.972603845655549e-05,4.6633788412372946e-08,2.068389238204324e-06,2.434969552080843e-05,3.857757819229223e-07,2.1689907018099176e-06,1.2188268722440032e-06,2.934264886372677e-06,-2.863886282216217e-07,1.4921191100113716e-06,1.4621389344169102e-05,-3.339113427170827e-07,1.983453867582552e-05,-3.484157992671176e-07,1.5097876595503962e-06,2.4571782915318217e-05,1.5048897282427282e-07,2.624552519420878e-07,4.416246978916349e-07,-4.839221071767139e-07,3.429881526091966e-07,6.656439973935795e-07,4.479409565132482e-07,-1.2347171091748392e-07,2.5863670640674957e-07,3.045846884563959e-07,7.567896729827577e-07,-2.909786823651584e-07,4.871178034974424e-07,4.027578116538763e-07,-7.461060636810959e-07,-3.31272067602534e-07,-3.261824593181815e-07,8.967464677100248e-07,-2.536355055232576e-07,4.925513402812761e-07,1.4689154719542255e-06,4.1977410412378907e-07,4.846769415065383e-07,4.39480505538101e-07,2.5330281274358345e-07,-8.604264597863354e-08,4.52563176433037e-07,5.052689419402092e-07,-3.040503058865087e-07,1.6162339717339536e-06,-1.1865893713327301e-07,1.263103735012383e-07,6.395003303154694e-07,1.055951858295355e-06,movement,movement,no movement,no movement
2883.3333333333294,0.0152898287862044,0.3618596152533239,-0.1455627239333333,0.0259340160311406,0.3764982129965412,-0.1391806573,0.0282440339401412,0.3776566649967354,-0.1282173700333333,0.0266499328152004,0.3774923471973616,-0.1310674011999999,0.0086289434331565,0.385071946043978,-0.1487691348666666,0.0101075193896089,0.3834184500747765,-0.1609081102666667,0.0125559538578754,0.3743995167281162,-0.1419418869333333,0.0759170797201201,0.3772568132510734,-0.0388231003166666,-0.0372210156660932,0.3458506942494951,-0.031359631969,0.0444141270378254,0.3563561145298577,-0.09561427838,0.0126277146801308,0.3293248119755606,-0.1219877660666666,0.1418138905450126,0.2490082621122261,0.06539035533,-0.0794305035437965,0.3170782987914622,0.1209683619099999,0.1372957311187499,0.1151708684109996,0.0109016842976666,-0.0831865789632976,0.1338664507495053,0.0106805240490333,0.0240782492859329,0.1223581436797684,-0.0352855020686666,0.0273909674914246,0.1391902624611394,-0.1098347768466666,-0.0177320798231226,0.1358538406198434,-0.0408132775179333,0.0844942572992552,0.1485356825792019,-0.1641303175666666,-0.0253209940095123,0.1556210133160794,-0.0386662579253333,0.105790931218329,0.1950608686414268,-0.1553579277666666,0.0185576316057229,0.1205313053883844,-0.0325641750791666,0.0437823288489317,0.157169630485645,-0.0964814052,0.0727506110577988,-0.1168651301743448,0.0262680813433333,-0.0713308962081486,-0.104935816696217,-0.0243661976966666,0.0523964792264582,-0.451924195337505,-0.0376436633833333,-0.0499490478110186,-0.3936973417959382,-0.0622330518633333,0.0628332979230992,-0.7395642365432435,0.0934343422666666,-0.0728143489596327,-0.7155544174399318,0.0788479918233333,0.0457333939282106,-0.7664116271160641,0.1113377677933333,-0.0731102312531691,-0.7436749275168268,0.0509984848366666,0.0346553896724394,-0.7855798588441555,0.0518821995766666,-0.073253561251178,-0.7544587370532553,-0.04042060097,kalt_g_ch1_g18_compr.mp4,ch1g18,1.3378265943696211e-05,0.0003763064171436,1.67324134069129e-05,0.0001224936180101,2.569562342081578e-05,0.0003871923233863,1.5878086793729528e-05,2.9337489848951485e-05,7.94749359736074e-06,7.466451728950023e-06,0.0004883989517383,2.0940714151179056e-05,1.438519544683246e-05,1.613362160104099e-05,0.000178027797527,2.890067038066541e-05,1.2551117967971675e-05,0.0005711793068159,1.751093651890851e-05,1.4020981100234164e-05,0.0004571202435241,1.3042838066583016e-05,1.404967523902263e-05,1.0164135488584368e-05,2.5794600728571255e-05,6.213045997871369e-06,1.0177860744097563e-05,0.0004771371495302,9.084837517783932e-06,0.000557011046764,5.408832292916123e-06,1.3143894706051498e-05,0.0004617684699579,0.0006449534573834,3.117682351548427e-05,-5.863436399364057e-05,-1.309869533765101e-05,-3.514916816041381e-05,-1.8056487344141267e-05,3.721777391008707e-05,3.0676272768003824e-05,2.9113490815539796e-05,-5.883736523545076e-05,0.0001552123648961,8.009341487934822e-07,1.3756860241336754e-05,-1.758480427912822e-05,0.0001378441869117,-0.0018541206918823,-0.0008419038900037,-0.0071143838088214,-0.0054233703208625,-0.0087190326170755,-0.0068826463024399,-0.0087129495860072,-0.0071310427696038,-0.0074279049427952,-0.0057983668091704,1.755880994126399e-05,-3.3235918391338086e-05,-0.0002620545691296,2.8347994463650593e-05,-0.000131622125839,-0.0001854779143241,-0.0001548408697342,-0.0002235913032347,-0.0001258390869748,-0.0004108200929975,1.4758682148331122e-06,2.0530927561679837e-05,2.1725136968897493e-06,4.927588886582079e-06,3.105183713464242e-06,2.1613106926868873e-05,2.143668743269848e-06,2.965794041252042e-06,1.2070710328419192e-06,1.5706827103722414e-06,1.7912783032770518e-05,-1.9681419940700265e-07,2.6165741703580097e-06,1.76887235410888e-06,9.046792588612912e-07,5.972513958921806e-07,-1.034252083852093e-06,2.2043291724245545e-05,-2.003002585561534e-07,2.624626687996281e-06,2.6374317322542803e-05,9.264077386288214e-07,2.7174370238768267e-06,1.764207503702572e-06,3.135621449307294e-06,-3.482631318217163e-07,2.025773237681503e-06,1.6326222347263674e-05,-6.39256686236603e-07,2.29892053233277e-05,-4.470369919822334e-07,1.6481552474837546e-06,2.5709766614921596e-05,1.1103764970144794e-07,4.818525314820427e-07,3.4266732556247474e-07,-3.259884340581093e-07,2.432617712550732e-07,9.238814157424367e-07,3.500567750809973e-07,-2.985119600750252e-07,1.1939712407241234e-07,2.7001093807931604e-07,1.9270117884611988e-06,-2.1196612199431355e-07,3.4813174900855437e-07,3.337710148743225e-07,-3.6734638249371186e-07,-3.096096231148615e-07,-1.8700626086215658e-07,2.1275500566842818e-06,-1.8295695902192674e-07,3.536901249964749e-07,1.7345967817344184e-06,4.148345061585465e-07,3.390096389820048e-07,3.7325106338612084e-07,1.2118183893414184e-07,-6.269254305727887e-08,3.54803589370383e-07,1.6023663668576398e-06,-2.956327117576186e-07,2.9464936400277694e-06,-9.814032213162457e-08,1.3219067551755466e-07,8.918880480625986e-07,1.7438381976557e-06,movement,movement,no movement,no movement
2899.999999999996,0.0153962395794561,0.3618669696868389,-0.1483462424666666,0.0261469273909815,0.3765466883428403,-0.1419714883333333,0.0284588484681963,0.3776823003073836,-0.1309910150333333,0.0268833847605397,0.3775347779383057,-0.1338810081666666,0.0088217095976757,0.3851666140122648,-0.1515744448666666,0.0103060322128566,0.3835061369551617,-0.1636907774333333,0.0127474671740949,0.3744862686653057,-0.1447448462333332,0.0761371606029603,0.3772090703437379,-0.0413400096333333,-0.0370469428795624,0.3460179020204716,-0.03397547531,0.0444990167402577,0.356404570899679,-0.0982873820333333,0.0127403513664711,0.3293865819237504,-0.1246746893666666,0.1419552874132048,0.2489958929254815,0.06417960407,-0.0793605150077933,0.3172166757190839,0.1193933352366666,0.1396904296810565,0.1133256894997531,0.0128979067443333,-0.0850575782894539,0.1329913712549992,0.0116641253517,0.0277940421112433,0.1151379006689344,-0.0330149056853333,0.0240969781560179,0.1335656495034311,-0.1094359358466666,-0.0137165604163912,0.1269949000598891,-0.0390597350379333,0.0808719206262922,0.1414444431244752,-0.1641045499666666,-0.0219580629920906,0.1467839161630841,-0.0377478102053333,0.102917373547146,0.1877307868839187,-0.1560495959666666,0.0220362865210059,0.1129994987348646,-0.0306975269991666,0.0407995829022702,0.1511701019888626,-0.0961360186,0.0726622052024599,-0.1168478102559644,0.0262597242133333,-0.0712325834582842,-0.1049692615257789,-0.0243291529133333,0.0528445433123988,-0.4522016136083377,-0.03730770081,-0.0498036477659147,-0.3936715482771999,-0.0615345019433333,0.0632814845095028,-0.7397003259957989,0.0931675007266666,-0.0730125427763446,-0.71577262992265,0.0793350469566666,0.0461677598077904,-0.7665744038661941,0.1109252279266666,-0.0733486978429215,-0.7439365532973932,0.0514803548633333,0.0344835395118476,-0.7857048304162612,0.05071803065,-0.073457862712308,-0.7549171813415816,-0.0403410550933333,kalt_g_ch1_g18_compr.mp4,ch1g18,1.4850742811244914e-05,0.0003950129211283,1.9091522834767336e-05,0.0001264261431186,2.897710223565514e-05,0.0004071252568797,1.823308890365352e-05,3.2341246539305526e-05,9.221973875985818e-06,9.155012745529642e-06,0.0005062515651028,2.0603608686574924e-05,1.719828414062359e-05,1.8084867479967452e-05,0.0001785657874654,2.916085129505713e-05,1.0883745659261766e-05,0.0005935000675727,1.7194455360440766e-05,1.6821837381618392e-05,0.0004821905359986,1.4193039451697285e-05,1.695541346843909e-05,1.2200985363692284e-05,2.9065882371207127e-05,5.9348945389949105e-06,1.2440930443526436e-05,0.0004933846117993,8.219454500908894e-06,0.0005804747149527,5.008763728075529e-06,1.486736026760584e-05,0.0004857511131201,0.0006688294948159,3.377091667632135e-05,3.905070377662549e-05,8.009448469082602e-05,5.7767211616725375e-05,7.496604354794735e-05,0.0001198186003808,0.0001147474584945,0.0001123106762171,-1.288603013036278e-05,0.0001765327057187,7.949463800613773e-05,8.653408236648761e-05,-4.373836513465746e-06,0.0001248045358319,-0.0018241206602353,-0.0009021969171612,-0.0073227808663596,-0.0056685363122237,-0.009014438769274,-0.0072011793103302,-0.0090554964371179,-0.0074841695309959,-0.007674963739955,-0.0060730341344874,1.7123569437949632e-05,-3.344385398027178e-05,-0.0002793119093817,4.375794708641837e-05,-0.0001342799912926,-0.0001932831618005,-0.0001608830736159,-0.0002333380078765,-0.0001216738358736,-0.0004413528451177,1.4936032094262368e-06,2.1462205765415268e-05,2.538503020309311e-06,4.913953807839833e-06,3.3000684562150353e-06,2.3043163824214746e-05,2.5271512810751622e-06,2.5665752955565426e-06,1.397701989841685e-06,1.8218006877101356e-06,2.0705814817132988e-05,-3.9222746057791217e-07,2.944950234117139e-06,2.153627898299782e-06,9.161289007111906e-07,2.567333272859727e-07,-1.16924084533713e-06,2.5000997461606703e-05,-3.633670160548541e-07,2.9600884607511453e-06,2.869713885479129e-05,1.5175212012437276e-06,3.0272241951113224e-06,2.2096110872597724e-06,3.1823395995819753e-06,-3.953911818978881e-07,2.4000847781990203e-06,1.870673574159089e-05,-8.818052383775638e-07,2.6956995968173156e-05,-5.35411516769259e-07,1.709537988138655e-06,2.7099626095980815e-05,4.3005640148851686e-08,4.880566686418866e-07,1.9920478604902117e-07,-2.299472322790028e-07,1.037760826852144e-07,9.044042308898842e-07,2.066690789044923e-07,-4.56914009635276e-07,-8.519476608309618e-08,1.819789643929318e-07,2.501247381018402e-06,-9.616379082809833e-08,1.750714142479726e-07,2.215428435719776e-07,-1.734425681686995e-07,-2.3093615394812307e-07,2.6910712732010657e-08,2.640950823360167e-06,-8.188082820948279e-08,1.830742491742577e-07,1.5585890903637145e-06,3.645490334500076e-07,1.6061678986414774e-07,2.646473062167027e-07,-3.4247061713672525e-08,-4.1249456271932484e-08,2.2518147946305417e-07,2.125678216637596e-06,-2.2368463123574353e-07,3.5076220710702705e-06,-7.221539243319918e-08,1.2425376783992234e-07,7.886816692030423e-07,2.199923918361527e-06,movement,movement,no movement,no movement
2916.6666666666624,0.0155258753097186,0.3620354429898336,-0.1510624171999999,0.0263938436118097,0.3767441127177837,-0.1446557681333333,0.0287043275963764,0.3778570744645355,-0.1336595544666666,0.0271514343973422,0.3777260912769515,-0.1365926022666666,0.0090380516684999,0.3853969047444546,-0.1542649548333333,0.0105286338620081,0.383733539069316,-0.166359634,0.0129641290131681,0.3747101399071763,-0.1474365443333332,0.0763935274362029,0.3772242181911087,-0.04377559965,-0.03683486846467,0.3462226681956386,-0.0364753770933333,0.0446134074264261,0.3565769104676154,-0.1009203257,0.0128817751600293,0.3295675493928381,-0.1273059937666667,0.1421439799012064,0.2489750042025634,0.0628879543433333,-0.0792816132546498,0.317320509432331,0.1178269154833333,0.1420857539097808,0.1114709865198715,0.0147649711443333,-0.0869789769989412,0.1319786741573904,0.0126711044750333,0.0317000086615735,0.1075884508540993,-0.0311046741753333,0.0207306163081803,0.1277650252814585,-0.10913074268,-0.009431679832833,0.1177108397645384,-0.0377302566646,0.0771586058783525,0.1341258968626319,-0.1642106169333333,-0.018372778516615,0.1374662333416367,-0.0372583299086666,0.0999857849255729,0.1801527571664252,-0.1569074041666666,0.0256936245254668,0.1050885268861255,-0.0292028917291666,0.037762824028902,0.1449751447260117,-0.0993940085,0.072581467675466,-0.116831278019596,0.0262430414333333,-0.0711407782124395,-0.1050025297225505,-0.0242817562933333,0.0533456700732734,-0.4524874770753238,-0.03695270132,-0.0496512872867486,-0.3936393621536976,-0.0607647596133333,0.0637950714115131,-0.7398410638626697,0.0932497129266666,-0.0732059096777631,-0.7159908029926836,0.0802424449866666,0.0466716535063399,-0.7667445935982448,0.1109116340933333,-0.0735795045336007,-0.7441975494835434,0.0524288579799999,0.0343500011959302,-0.7858459504136607,0.04984918082,-0.0736137331790159,-0.7554027163169741,-0.03984022682,kalt_g_ch1_g18_compr.mp4,ch1g18,1.665909088375931e-05,0.0004159740407114,2.1858712656522177e-05,0.0001316133322955,3.223416495632342e-05,0.0004299117156925,2.1031213914864266e-05,3.4628388952753815e-05,1.0599722971320527e-05,1.1272046590681804e-05,0.0005281434809769,2.014804179119589e-05,2.039630253812756e-05,2.04917584303244e-05,0.0001793447662337,2.910406076246848e-05,9.129333115542176e-06,0.0006204533344936,1.6749597904164142e-05,2.000213297525676e-05,0.0005112652814377,1.6002138391757984e-05,2.0224150566192765e-05,1.4741321297801212e-05,3.215927330390889e-05,5.547694608145046e-06,1.5173497749298216e-05,0.0005131767993102,6.881769083309687e-06,0.000609435377314,4.454112759923304e-06,1.6772872136630118e-05,0.000513009498038,0.0006970447936177,3.6259728203430966e-05,0.000146094819561,0.0001810542222031,0.0001586566612887,0.0001759340825137,0.0002115592780864,0.0002080917160617,0.0002047944475898,3.6975964295780064e-05,0.0002020217263885,0.0001654795569048,0.0001670549421525,2.024740764034157e-06,0.0001061341046284,-0.0018206592564842,-0.0009715254971893,-0.0076014632894715,-0.0059474405869183,-0.0093931792927403,-0.007569042405847,-0.0094952791435979,-0.0078997823029854,-0.0079990922142191,-0.0063909234319549,1.6931531821297e-05,-3.402601533396269e-05,-0.0002903272424091,6.104494638375956e-05,-0.0001394395490782,-0.0001984135762456,-0.0001708013576768,-0.0002398752961723,-0.0001115663740291,-0.0004617514008664,1.4464764426019045e-06,2.2066716353110984e-05,2.6101257414166948e-06,4.82332886372543e-06,3.3295123195309935e-06,2.407687771209039e-05,2.606421975361244e-06,2.022480080146328e-06,1.2422193136774462e-06,1.982592325718349e-06,2.331294369862202e-05,-4.209665103177842e-07,2.9508300457280005e-06,2.2806222801733213e-06,9.167502116362568e-07,1.6284654880818678e-08,-1.063448928354503e-06,2.760784145186652e-05,-3.85707286764334e-07,2.9763359756722057e-06,3.0332357315705548e-05,1.8626680266549312e-06,3.012262411081162e-06,2.3671068592160867e-06,3.0672094866636807e-06,-4.2790178643011145e-07,2.485699190812934e-06,2.089631140253431e-05,-1.0149287263287987e-06,3.054228706188782e-05,-6.03490940434265e-07,1.7573166443096413e-06,2.794260637417158e-05,-5.402011852392168e-08,1.8210618393348526e-07,3.562377829683561e-08,-2.468974237414357e-07,-5.8290715808095743e-08,5.098277119908282e-07,4.372291515486403e-08,-5.707544297202191e-07,-3.084925355518247e-07,4.828387600859955e-08,2.3755828906057613e-06,3.255269039819058e-08,-3.3711599722317852e-09,8.616082991458921e-08,-1.882653684150896e-07,-1.165602906469837e-07,2.641894654780839e-07,2.3566099280772147e-06,2.9971731408476427e-08,7.2842726456523405e-09,8.642415359224682e-07,2.812011028271596e-07,-2.174786916036008e-08,1.3454241175909885e-07,-1.9300589629340313e-07,-1.8707404202734808e-08,8.689031182070639e-08,1.989289607184672e-06,-8.351172711477896e-08,3.200295578722652e-06,-3.746534545851142e-08,9.455238564233779e-08,2.3827639686290805e-07,2.0215929338703157e-06,movement,movement,no movement,no movement
2933.333333333329,0.0156565146806808,0.3622867102144693,-0.1537056810333333,0.0266421172824683,0.3770297966380949,-0.1472463643333333,0.0289513119414331,0.3781203169879328,-0.1362365391666666,0.0274213891849364,0.3780071179449514,-0.1392134952333333,0.0092530410771396,0.3857041315055481,-0.1568660255333333,0.0107498305774044,0.3840378566169237,-0.1689360631333333,0.0131801220654269,0.3750089143592547,-0.1500380575999999,0.0766542730505701,0.3773268670290036,-0.04608290259,-0.0366254860157678,0.3464654763168839,-0.03886520937,0.0447315321791641,0.3568360684302246,-0.1034755634,0.0130241447067406,0.329820292589342,-0.1298546099,0.1423405804846872,0.2489848280464673,0.06167098017,-0.0792118036867381,0.3174199390368272,0.11632316505,0.1444370575137445,0.1096190622271567,0.0167234085943333,-0.0890090481660824,0.1309404683209138,0.0138269769790333,0.0357526696148795,0.0998261788768314,-0.0291362417686666,0.0170876934990062,0.1217463572949072,-0.1086452176466666,-0.0049036584106568,0.1081044425323494,-0.0363128657845999,0.0730958098123652,0.126451839903687,-0.1641122786999999,-0.0145582053625256,0.127729116456041,-0.0366533705786666,0.0967254015443569,0.172166174762584,-0.1577012724666666,0.0295132105430999,0.0969115953238805,-0.0276318101491666,0.0344550300038803,0.1385224785868645,-0.107658625,0.0725092569169399,-0.1168148822498476,0.0262207820166666,-0.071055015576102,-0.1050360778252897,-0.0242290095366666,0.0538697398921683,-0.4527702122633023,-0.03660531111,-0.0494523587830903,-0.3935557384955156,-0.06006780275,0.0643607084487185,-0.7399774380685548,0.09321520116,-0.0733933907790787,-0.7161907252560028,0.0810210336433333,0.0472360315192647,-0.7669119200053836,0.1107621029266666,-0.073804050459591,-0.7444395022566379,0.0532384239133333,0.0342596954288998,-0.7859560992333287,0.0488238769933333,-0.0737339249187259,-0.7558712581085929,-0.0394528681566666,kalt_g_ch1_g18_compr.mp4,ch1g18,1.8619666902354903e-05,0.0004384573505325,2.52457038767199e-05,0.0001372127214855,3.537362973526289e-05,0.0004545501974107,2.4447636808251657e-05,3.618957174354652e-05,1.1745488761073864e-05,1.3497708010881856e-05,0.0005533968236997,1.952115623615544e-05,2.413666922193507e-05,2.358869775655837e-05,0.0001806121671446,2.879247283409589e-05,7.834290039259601e-06,0.000650601825853,1.6168092759077653e-05,2.374259243501517e-05,0.0005423063727036,1.8802201135432925e-05,2.397918932042145e-05,1.783055276977734e-05,3.49618293984031e-05,5.0950515587316175e-06,1.8430528049718817e-05,0.0005359871377007,5.422401658212443e-06,0.0006424856457606,3.830461973765576e-06,1.888104375889643e-05,0.0005417291307239,0.0007286804140876,3.851930345098653e-05,0.0002536277326466,0.0002814761255723,0.0002594442592513,0.0002765821997802,0.0003047426223381,0.0003029737440943,0.0002988187894662,8.724740834989361e-05,0.0002324405356688,0.0002521362033696,0.000249511627124,-3.7331130865778036e-07,8.307782994568866e-05,-0.0018543774901863,-0.0010574661458198,-0.0079345896540738,-0.0062428615538811,-0.0098206372856844,-0.0079451875676315,-0.0099980337296107,-0.0083327394542906,-0.0083808088797381,-0.006728237473522,1.6564037472472454e-05,-3.430804222475622e-05,-0.0002982784728994,7.740192713331203e-05,-0.0001494918808164,-0.0002007859017866,-0.0001874914187487,-0.0002429996092064,-9.993607023861352e-05,-0.0004723747612502,1.325862701693846e-06,2.1943151216142777e-05,2.450040715670471e-06,4.48887838044526e-06,3.1823682491820584e-06,2.4263387184016048e-05,2.449330805690176e-06,1.4249460580402988e-06,7.513360965194968e-07,1.9716721056037795e-06,2.5364531038785224e-05,-3.0558177382327837e-07,2.726131006343609e-06,2.195388031503165e-06,6.774173100887114e-07,-3.4965947503438635e-08,-6.735042321654354e-07,2.948667967586393e-05,-2.745497359536545e-07,2.7678509592174006e-06,3.068933343661012e-05,2.0090676512497045e-06,2.767407200522147e-06,2.306203460583755e-06,2.799571170633034e-06,-4.523988988084378e-07,2.372483805528553e-06,2.256811687862137e-05,-1.0545246915413188e-06,3.322119297183835e-05,-6.473111553288722e-07,1.7554490794282677e-06,2.77220657086237e-05,-1.6891197835807545e-07,-3.83469946994277e-07,-1.281297430761855e-07,-3.275062738045354e-07,-2.2185152502572965e-07,-1.8760976899723293e-07,-1.1642732731385144e-07,-6.296739468679625e-07,-4.943492130139793e-07,-1.0635404304435228e-07,1.6048702309336127e-06,1.574854196841531e-07,-1.649811491736846e-07,-5.5527902852476955e-08,-3.860506125728127e-07,6.4526414733949795e-09,4.692405282851073e-07,1.3758530321943974e-06,1.3789430225438386e-07,-1.5366373017088436e-07,-2.0488927675861726e-07,1.745139021861833e-07,-1.850329661977278e-07,3.302945370849058e-09,-3.3505390389080305e-07,3.906106217276674e-09,-4.0634564591793213e-08,1.253484059250443e-06,1.1573451721374407e-07,2.1166024284040886e-06,3.187574747834727e-09,3.860389986342015e-08,-6.404431937332203e-07,1.405192841531701e-06,movement,movement,no movement,no movement
2949.9999999999955,0.0157946447787339,0.3626036215878545,-0.1561718381333333,0.0269021859408465,0.3773730235558724,-0.1496181494,0.0292095864839744,0.3784421007511528,-0.1385985835666666,0.027704826141644,0.378346609920322,-0.1416207825333333,0.0094711490326406,0.3860648325480155,-0.1592642869666666,0.0109738269759141,0.384397209825194,-0.1713093561666667,0.0134011193343254,0.3753644313464614,-0.1524391780666666,0.0769198392237741,0.3774625324966171,-0.0481308959566666,-0.0364338943466002,0.3467267160920043,-0.0410500026,0.0448578527585581,0.3571489110609765,-0.1058458615633333,0.0131694686973062,0.3301244804333874,-0.1322313734,0.1425351878214001,0.249001526179186,0.06068155325,-0.0791919157540668,0.3174983921223373,0.1148662521966666,0.1467663310459045,0.1077602730940551,0.0188092913276666,-0.0911028760204437,0.1298375168918189,0.0151221612777,0.0398714306743148,0.0917799943498562,-0.0271601016753333,0.0131336771913754,0.1154191744823354,-0.10801885948,-0.0002590511776688,0.0981378830118423,-0.0348379603979333,0.0686283007207462,0.1183911442684673,-0.163852547,-0.0106622436183929,0.1175557781602459,-0.035961162092,0.0930380214261027,0.1637138110474882,-0.1584201069666666,0.033391243998366,0.0883974373282385,-0.0260158324891666,0.0308174019425486,0.1317083916261185,-0.107173637,0.0724500716419999,-0.1167981800784566,0.0262109658766666,-0.0709791050572935,-0.1050707148678637,-0.0241879844033333,0.05439575549275,-0.453064917946207,-0.0362705613033333,-0.0492438658771559,-0.393461442280411,-0.0594291391066666,0.0649510522071788,-0.7401352032503187,0.0931915527933333,-0.0735789255333942,-0.7163814105661238,0.0817809086833333,0.0478293411154283,-0.767111763177928,0.1106252953599999,-0.0740260682489652,-0.7446697376252853,0.0540353570133333,0.0342221145953088,-0.7860518508248515,0.0477568640733333,-0.0738192104014807,-0.7563300282615275,-0.0390716485833333,kalt_g_ch1_g18_compr.mp4,ch1g18,2.0025870869115888e-05,0.0004619294442672,2.8028732418803493e-05,0.0001422167672978,3.83150792964156e-05,0.0004805121384838,2.7230432519350327e-05,3.7255113220655624e-05,1.2447443565009472e-05,1.5573462040898056e-05,0.0005815228819602,1.9102085848707183e-05,2.7198912886489915e-05,2.615041546688416e-05,0.0001819926597886,2.869202107227953e-05,7.38981232339836e-06,0.0006832278211656,1.5811415390351976e-05,2.685148222725441e-05,0.0005749351878308,2.132025714967775e-05,2.7058785640777343e-05,2.0428620836007896e-05,3.742912952154995e-05,4.615023475975658e-06,2.1138092222034815e-05,0.000561150629635,4.218559843822529e-06,0.0006791534949767,3.156080064830281e-06,2.0990159576766925e-05,0.0005712507981719,0.0007626373828619,4.06317682778786e-05,0.0003399827676703,0.0003612052816036,0.0003395656475351,0.000356797619877,0.0003826756688215,0.0003820792902052,0.0003776875459572,0.0001272528123164,0.0002667153981822,0.0003217222942998,0.0003190439093868,-1.1774745694453317e-05,5.586441648887389e-05,-0.0019196762414693,-0.0011603176022159,-0.0083085210652598,-0.0065706402044323,-0.0102829126148653,-0.0083475935162084,-0.0105537093070102,-0.0087985759733488,-0.0088090484386291,-0.0070987411537796,1.6376932376161616e-05,-3.470311597582966e-05,-0.0003058437969643,8.901319717869215e-05,-0.0001662266275428,-0.0002058651646654,-0.0002127949843556,-0.0002485832092563,-9.077825718203812e-05,-0.0004809631880591,1.173665057578194e-06,2.1111083572287327e-05,2.1783406188142487e-06,4.000038096277177e-06,2.8598952020893197e-06,2.357949149260184e-05,2.1845877204932287e-06,7.936458406471865e-07,5.5938432434615537e-08,1.8351839483049183e-06,2.6563781288391828e-05,-8.195758869843794e-08,2.415182403740824e-06,2.0097735865675425e-06,9.089642391245865e-08,9.23460973338169e-08,-3.1925979949065445e-08,3.0404848182641085e-05,-7.687176148693017e-08,2.469423397735849e-06,2.9791988532401444e-05,2.0461834174462257e-06,2.4374639538029944e-06,2.1532316694554348e-06,2.375828114333611e-06,-4.541821676145191e-07,2.188623951148812e-06,2.344742674863575e-05,-8.606536482622783e-07,3.4729943603588555e-05,-6.43169921687898e-07,1.783907271188466e-06,2.6518143016876983e-05,-2.690401667407299e-07,-1.0868027882919268e-06,-2.302248417283441e-07,-4.0047190485479236e-07,-3.713083871295031e-07,-1.050565089255924e-06,-2.1008446467623337e-07,-6.352631318973974e-07,-5.880611849075949e-07,-2.474446722656188e-07,3.365856610750968e-07,2.4374511355657514e-07,-2.526011311616143e-07,-1.431813114208341e-07,-6.857960031603628e-07,1.056275852114465e-07,5.933137109985253e-07,-1.067865026105046e-07,2.1274347844258875e-07,-2.450357186217281e-07,-1.4625998910216346e-06,1.0479006669593647e-07,-2.739781813468743e-07,-7.639127605019523e-08,-4.504872609583429e-07,2.4703765479780503e-08,-1.0887328319459337e-07,7.46387012871342e-08,3.535571174682061e-07,4.427964306560632e-07,4.6746121846579695e-08,-4.201749480103356e-08,-1.6726292721932637e-06,1.3481116945185554e-06,movement,movement,no movement,no movement
2966.666666666662,0.0159590546365847,0.362977449522613,-0.1583000085666666,0.0271909892305098,0.3777711848821963,-0.1515996333,0.0294961771348996,0.3788193314470642,-0.1405743178333333,0.0280177114840682,0.3787415820571254,-0.1436466430666666,0.0097110158258299,0.3864787294086317,-0.1612754316333333,0.0112191972236995,0.3848109042081188,-0.173290016,0.0136444633645752,0.3757735507792538,-0.1544569376333333,0.0772088126568031,0.3776275587688574,-0.0497487610966666,-0.0362366274711148,0.3470155986768046,-0.0428133860233333,0.0450107833282754,0.3575078305704713,-0.1078808907966666,0.0133351365178166,0.3304720586708046,-0.1342527482,0.1427364175507725,0.2490101659439536,0.05996812725,-0.0791853374717657,0.3175531825750574,0.11368117633,0.1490713605749988,0.1058459211257745,0.0211385129443333,-0.0932001766286395,0.1287051967490196,0.0165800236090333,0.0441486385569758,0.0833261952221278,-0.0249775349286666,0.0089368669961845,0.1088471645043568,-0.10700263183,0.0046286072134916,0.0876514827570222,-0.0332346595312666,0.0638053959454056,0.1099870994963365,-0.1631028104666666,-0.0066176148466931,0.1067451370492763,-0.0352478042686666,0.0889838420725761,0.1548066446965157,-0.1586379381,0.03740232275402,0.0794124126915391,-0.0242538731225,0.0269097820191584,0.1245772659505318,-0.0953198448,0.0724039830429596,-0.1167813719668307,0.0262056260466666,-0.070913228976174,-0.1051060601255957,-0.0241516334533333,0.0549293886257594,-0.4533655930982305,-0.0359980826433333,-0.0489956098532946,-0.3933637448965851,-0.0588917319566666,0.0655598706364028,-0.7403155917377782,0.0929556984666666,-0.0737473384566867,-0.7165825145464723,0.0825160706433333,0.0484427987785987,-0.7673442874017492,0.1102446109266666,-0.0742292368435625,-0.7449127772064793,0.0548099054633333,0.0342330733759066,-0.7861389745417636,0.04637783549,-0.0738518709103884,-0.7567976145675815,-0.0387127721833333,kalt_g_ch1_g18_compr.mp4,ch1g18,2.065528004243089e-05,0.0004840410788929,2.9955012541982894e-05,0.0001468520910713,4.099180578484526e-05,0.0005053387088452,2.9160321422284458e-05,3.7597125489414344e-05,1.2722215926515455e-05,1.7357553689236292e-05,0.0006113354366383,1.9077130380893145e-05,2.928840408531484e-05,2.7954515251467103e-05,0.0001826529317213,2.8845177755944457e-05,7.95402724529349e-06,0.0007166380746292,1.579188772015206e-05,2.902073942626952e-05,0.0006060776384549,2.3409255102706716e-05,2.9155505043860595e-05,2.240118121878847e-05,3.952196597337844e-05,4.148452926703804e-06,2.3086491375391872e-05,0.0005873830961286,3.768426176896175e-06,0.0007178124873194,2.4910525882299454e-06,2.248867857064218e-05,0.0005986287157445,0.0007963933059688,4.2560186937638945e-05,0.0003942336507574,0.0004106930423403,0.0003891434987888,0.0004066008676052,0.0004337702704467,0.0004339119083782,0.0004297125018444,0.000152985127469,0.0002948796106462,0.0003660526412955,0.0003653092268965,-3.281101559977152e-05,1.9124530789804316e-05,-0.0020034271665236,-0.0012762756174106,-0.0087025141308523,-0.0068914722159906,-0.0107546596520822,-0.0087259830027517,-0.0111360323547072,-0.0092460384916281,-0.0092645962310572,-0.0074621034197561,1.644797399256107e-05,-3.533039941675863e-05,-0.0003091512028114,9.637994564352028e-05,-0.0001854132562002,-0.000213628574361,-0.0002419145477205,-0.0002571087880317,-8.2287035079882e-05,-0.0004860357095384,9.338275034846074e-07,1.9775359371883925e-05,1.850034656093662e-06,3.5370569141511223e-06,2.3865378841570883e-06,2.2175887927520288e-05,1.8738126874050784e-06,1.5933871370810542e-07,-6.793823240676344e-07,1.5366025491310572e-06,2.6388265330300024e-05,1.7694678121867942e-07,2.0843021885026484e-06,1.7725533556275242e-06,-8.073053744271824e-07,3.006760875286032e-07,7.401806100441282e-07,2.97214827164788e-05,1.417933104347027e-07,2.145369565299798e-06,2.7713959944258368e-05,2.0248673088509635e-06,2.0881128922460217e-06,1.968305740254622e-06,1.829400535915525e-06,-4.331678670088349e-07,1.9966938213763963e-06,2.305414947034933e-05,-3.868814432303142e-07,3.4422402809910485e-05,-5.865426070691206e-07,1.774186162529251e-06,2.444745207813144e-05,-3.405876791425642e-07,-1.7336602751882226e-06,-2.512439797165191e-07,-4.185006464612071e-07,-4.923776778838065e-07,-1.861889484474876e-06,-2.185905509504105e-07,-5.826567712571309e-07,-5.580926352002144e-07,-3.528756387434608e-07,-1.2016002251973434e-06,2.6456261440846754e-07,-2.516427991389762e-07,-1.5840173838654316e-07,-9.76613850799487e-07,1.586228034769023e-07,6.123772223145369e-07,-1.8194795592139092e-06,2.33912352691395e-07,-2.527861443432844e-07,-2.627551949405796e-06,8.96606924441533e-08,-2.739995793949946e-07,-9.211819044654099e-08,-5.330069738158843e-07,4.1779948051526176e-08,-1.0935701993213777e-07,-1.3188206169122407e-06,6.024569736722133e-07,-1.5427709028936466e-06,8.820298657974896e-08,-1.31138017356995e-07,-2.602674379421574e-06,2.4235889036757735e-06,movement,movement,no movement,no movement
2983.3333333333285,0.0161411761780873,0.3633801810748553,-0.1598871446666666,0.0275060185035522,0.3781896092915612,-0.1529965933333333,0.0298090437397108,0.3792164211995519,-0.1419710829,0.0283572739484283,0.3791557162431472,-0.1450958873,0.0099764438688535,0.3869180290583264,-0.1627127469666666,0.0114898726811255,0.3852510233231699,-0.1746914578,0.0139136296543016,0.3762087263227728,-0.1559017099999999,0.0775231213598061,0.3777885732278981,-0.0507612498,-0.0360147149786332,0.3473077938380419,-0.04402800886,0.045180376853895,0.3578794200770602,-0.1093834613166666,0.0135162237191903,0.3308392250656242,-0.1357446678666667,0.1429258689651852,0.2489730425921055,0.0596964404633333,-0.0792324474140381,0.317551616445014,0.1128501869966666,0.1513357319254226,0.103831850845129,0.0238157701809999,-0.0953026066823043,0.1274021656447312,0.0182078722346,0.0486586689999648,0.0744290604265429,-0.0224706365853333,0.0045916930812397,0.1018624144346946,-0.1057431494266666,0.0098951005720003,0.0766419285783656,-0.0313230661779333,0.0587695304634197,0.1011275789647924,-0.1620651368,-0.0022429385625966,0.0952705387464293,-0.0343066350053333,0.0847171044801434,0.1453660291967851,-0.1585473355666666,0.0416477819002914,0.0699042586969164,-0.0222097227658333,0.0228431404668091,0.1169834627192498,-0.0951052904,0.0723755364241811,-0.1167639236605016,0.0262075449466666,-0.0708609957325647,-0.1051429350684483,-0.0241217300533333,0.0554752218664228,-0.4536791104422967,-0.0358445126433333,-0.0486865201753523,-0.3932657469412746,-0.0585332007033333,0.0661856229286652,-0.7405212959879233,0.09253108244,-0.0739006538322178,-0.7168032566865787,0.08309328949,0.049074971691807,-0.767611986239117,0.1096643283933333,-0.0744178835411904,-0.745178158498362,0.0554137581333333,0.0343180818206632,-0.7862175130612348,0.0448062719866666,-0.0738545309401607,-0.7572757270860845,-0.03848290364,kalt_g_ch1_g18_compr.mp4,ch1g18,2.0784859724802298e-05,0.0005034018193416,3.125927895628762e-05,0.0001504155439462,4.329354501461815e-05,0.000527227020336,3.048647414321185e-05,3.745681908201992e-05,1.2219533540223998e-05,1.8740328875227226e-05,0.0006384285749841,1.9509454681130395e-05,3.074488873923088e-05,2.9240597346357547e-05,0.0001817705159676,2.9409638755069616e-05,9.513784642222994e-06,0.0007463719017423,1.6185416842713614e-05,3.056932181740644e-05,0.0006333130353308,2.5200154179678233e-05,3.0619673002352665e-05,2.396167323217496e-05,4.120093363954934e-05,3.712802580468408e-06,2.4574702810004017e-05,0.0006107694482996,4.169933312181164e-06,0.000753063129611,1.8956856550228708e-06,2.384343441489947e-05,0.0006221475540608,0.0008259043933946,4.42660665876577e-05,0.000425017037165,0.0004391101389088,0.0004174498772302,0.0004350002205707,0.0004654254406194,0.0004661510738476,0.0004622002374688,0.0001697998426312,0.0003241201317179,0.000393120946477,0.0003956150703744,-5.144298552323317e-05,-1.1086661016542948e-05,-0.0020729843559327,-0.0013762179925657,-0.0090493219372036,-0.0071653847608714,-0.0111633422252887,-0.0090384396202715,-0.0116571512570497,-0.0096265787501355,-0.0096736480062886,-0.0077749475606069,1.6816872225830556e-05,-3.6291918763018195e-05,-0.0003081737210053,9.783738868936576e-05,-0.0002042566411945,-0.0002243503680835,-0.0002717196738068,-0.0002687787716055,-7.678169245167081e-05,-0.0004926720411534,6.034896726824441e-07,1.7861849282760065e-05,1.581913160372725e-06,3.0581471378070303e-06,1.7982293131223828e-06,2.001027338082798e-05,1.638512137000826e-06,-4.288230067666402e-07,-1.2808857691918856e-06,1.0747552895418808e-06,2.447292660061991e-05,4.429131300623977e-07,1.8377074477013177e-06,1.5920393115968363e-06,-2.0033445605892476e-06,5.413713607014724e-07,1.492210427636689e-06,2.7110176616863383e-05,3.681364644916309e-07,1.895969593148588e-06,2.456967820945777e-05,2.0588419372903765e-06,1.8223393907213905e-06,1.85648425968878e-06,1.2192045801989344e-06,-3.822805144858133e-07,1.886112723642467e-06,2.1091770607938014e-05,3.471411891433622e-07,3.192953485899066e-05,-4.712825322618654e-07,1.6779718194553956e-06,2.151633195704508e-05,-3.849731928909491e-07,-2.1840446268517976e-06,-2.0077707631939657e-07,-3.270477725792552e-07,-5.767711349297082e-07,-2.4513531028417647e-06,-1.530245169321733e-07,-4.836205294771502e-07,-3.808196137159781e-07,-4.013719056825745e-07,-2.656569148679216e-06,2.1049423654858977e-07,-1.8212276184588985e-07,-1.1020934473512227e-07,-1.1522477297740494e-06,1.5584364040249734e-07,5.249216623645375e-07,-3.3805796971604215e-06,1.931230294454585e-07,-1.9614964485094552e-07,-3.468785141440827e-06,1.263206402118264e-07,-2.0542945449952806e-07,-5.449170170238247e-08,-5.826800401118186e-07,5.3774793964893175e-08,-6.148234061513213e-08,-2.6009759764606507e-06,8.426254698497622e-07,-3.4078958558694072e-06,1.2190586446351537e-07,-2.3929131468195964e-07,-3.2421520683956726e-06,3.6013555834607816e-06,movement,movement,no movement,no movement
2999.999999999995,0.0163227202375017,0.3638006635429586,-0.1610850827666667,0.0278258022335913,0.3786179302924185,-0.1539972937,0.0301268942921601,0.379623317995789,-0.1429714529999999,0.0287021453837001,0.3795794222972957,-0.1461493865,0.0102468323894605,0.3873789965016114,-0.1637643139666666,0.0117649849595652,0.3857136692425553,-0.1757037071,0.0141882171229857,0.3766675518392497,-0.1569594485666666,0.0778629372251697,0.3779535235676866,-0.0514035927899999,-0.0357647037898146,0.3476358610448324,-0.0449051922266666,0.0453498106028792,0.358262336258436,-0.11050860777,0.0136971034373289,0.331233297213108,-0.1368647442,0.1431125567409107,0.2489140267810936,0.0596693310266666,-0.0793025553877274,0.3175276659005714,0.1122255675633333,0.1534791430657514,0.1017456734520291,0.0266196600309999,-0.0973875424564021,0.1259573010805577,0.0200168673219,0.053344634977801,0.0652757035603738,-0.019730767961,0.0001386797919425,0.0944886788690696,-0.1041329875566666,0.015458869495627,0.0653500613603599,-0.0291152950979333,0.0535352179760427,0.0918449904532144,-0.1606074525666667,0.0024555863829522,0.0834295116801153,-0.0331097868986666,0.0802205955297763,0.1354368592057401,-0.158042743,0.0461003622408484,0.0600994482135803,-0.0199519573191666,0.0186418533860845,0.1089614340064724,-0.100307435,0.07236563346827,-0.116746823557413,0.0262102460933333,-0.0708233140343494,-0.1051798926922129,-0.0240924071766666,0.0560135730295535,-0.4539850708486157,-0.0357777537866666,-0.048369876938272,-0.39316478762034,-0.0583157767433333,0.0668285857291644,-0.7407255432426781,0.0918944295799999,-0.074049902240677,-0.7170156809985281,0.0835251544466666,0.0497289497272619,-0.7678875077645432,0.10885970766,-0.0746019104776576,-0.7454340022921023,0.0558632188766666,0.0344445085860576,-0.7862795329681214,0.0430649543299999,-0.0738467015293862,-0.7577539788096591,-0.0382980606333333,kalt_g_ch1_g18_compr.mp4,ch1g18,2.083914302263596e-05,0.0005208699004206,3.2201988177933035e-05,0.0001529583370237,4.4826015707462946e-05,0.0005468926368731,3.150376783060101e-05,3.6906412403764406e-05,1.0772151842936236e-05,1.9529205487633625e-05,0.0006608605233865,2.0216503857442982e-05,3.1898452339502415e-05,3.026591086005916e-05,0.0001788416798486,3.0177352286965017e-05,1.1605248168984055e-05,0.0007704881974813,1.679783148911514e-05,3.1795983279327084e-05,0.0006572112117343,2.692666837182379e-05,3.177261885588559e-05,2.5254094519061752e-05,4.217028591387947e-05,3.2945463106938543e-06,2.5822354482924698e-05,0.0006296822540718,5.456636092576622e-06,0.0007823498077553,1.395490521070919e-06,2.4606359058835146e-05,0.0006426781359998,0.0008504033123015,4.539273242265825e-05,0.0004367664300345,0.0004492332876116,0.0004271430463792,0.0004443143044803,0.0004769851007575,0.0004783961115141,0.0004745461748416,0.0001810904852869,0.0003427182298598,0.0004048738533709,0.0004092130738472,-5.943223785821927e-05,-3.7587818705812615e-05,-0.0021074739252297,-0.0014631355995925,-0.0093257688877835,-0.007402351583622,-0.0114858405831494,-0.0092946092021785,-0.0120836861979902,-0.0099452205746485,-0.0100090740515304,-0.0080457014286634,1.740289628547978e-05,-3.751983208396968e-05,-0.0003028599400243,9.522529734251314e-05,-0.0002176266921093,-0.0002343604599926,-0.0002961348352639,-0.000279400552586,-7.539896390257452e-05,-0.0005020457656635,1.7732341658075377e-07,1.540002070605e-05,1.423353031203431e-06,2.697953562955038e-06,1.1871798183251242e-06,1.7160633353582452e-05,1.531596101724136e-06,-8.785602247410407e-07,-1.5976919904163069e-06,5.839941820539686e-07,2.085864395036754e-05,6.74661964635968e-07,1.71685884592475e-06,1.5136446503602448e-06,-3.3156035473481753e-06,7.243410300881939e-07,2.0533723468412993e-06,2.2604989007214408e-05,5.77442019482381e-07,1.7574102026725355e-06,2.0506975927642827e-05,2.197923072937298e-06,1.6802670929420792e-06,1.852729092206968e-06,6.302976211501256e-07,-3.0662364677410396e-07,1.8811173026917408e-06,1.7611721070174315e-05,1.283672602959436e-06,2.731014971185505e-05,-3.1110579830276773e-07,1.4175274174917812e-06,1.7794254250414887e-05,-4.095508166783393e-07,-2.3953127815942256e-06,-1.044139090856371e-07,-1.200273873390356e-07,-6.130449076617252e-07,-2.758050833884714e-06,-4.2265615102735795e-08,-3.50965219947598e-07,-6.705450228870654e-08,-3.798327968988937e-07,-3.8066172690547903e-06,9.717198975497815e-08,-7.761883955621452e-08,-2.2556483905871487e-08,-1.1515951917071602e-06,1.0962152873029689e-07,3.623750062204144e-07,-4.56542543818701e-06,1.0389105615866369e-07,-1.0643897349047917e-07,-3.898079129217752e-06,1.9468159092651007e-07,-1.0150072869573344e-07,1.5262169634441156e-08,-5.944715670658288e-07,6.087360597433524e-08,7.1529943678149e-09,-3.5790153396772145e-06,1.0568473469009222e-06,-4.876520471821494e-06,1.4406444262424113e-07,-3.444985504680228e-07,-3.528020303955055e-06,4.459534973804775e-06,movement,movement,no movement,no movement
3016.6666666666615,0.0165030219321251,0.3642765202227053,-0.1621600967666666,0.0281482734840819,0.379100609878517,-0.1548758934666666,0.0304476091939858,0.3800835815046379,-0.1438463364333333,0.0290507000843158,0.3800559006889213,-0.1470769795666666,0.0105196569844908,0.3878932468159789,-0.1647020787999999,0.012042064341556,0.3862305887644098,-0.1765986072666666,0.0144656122106668,0.3771808652729628,-0.1579016385666666,0.0782048496701946,0.3781452458958758,-0.0519479340733333,-0.0355128136563222,0.3480035489079551,-0.04569178535,0.0455165179787323,0.3586953318956506,-0.1115199868233333,0.0138765348653702,0.331677258043112,-0.1378742176666667,0.1432836434101204,0.248840367764319,0.0597828665733333,-0.0793790055391767,0.317482156670651,0.11163770213,0.1555693991011017,0.0996393880256555,0.0297955799709999,-0.0994527419636785,0.1244399892605171,0.0219379290234,0.0582960842969136,0.05586572271509,-0.0161510174276666,-0.0044006902460753,0.0869403935464609,-0.1022034802766666,0.0213943417395907,0.0537673769358676,-0.0259212969479333,0.048159448129301,0.0824099617665716,-0.1587904971333333,0.0075696937674631,0.0711988199340376,-0.0309573172056666,0.0755518346084869,0.1253195529896292,-0.1571703331333333,0.0508505796885025,0.0499843102339035,-0.0168647480891666,0.0143349489544765,0.1007511302616654,-0.121322989,0.0723630108102159,-0.1167289258604865,0.0262206043866666,-0.0707911840679513,-0.1052183460897341,-0.0240711235999999,0.0565443966379561,-0.4542788163217414,-0.03571250831,-0.0480477211378864,-0.3930690099394777,-0.0581544360733333,0.0674946790434364,-0.7409360629001434,0.09115291824,-0.0741906961744141,-0.7172420532605568,0.0838912019199999,0.0504154372984827,-0.7681821027203631,0.1079386992933333,-0.0747780516471923,-0.7457037893117082,0.0562399928766666,0.0346833903386804,-0.7863213705017142,0.0412513322633333,-0.0738391873192358,-0.7582443418522039,-0.0381360955566666,kalt_g_ch1_g18_compr.mp4,ch1g18,2.106731181162314e-05,0.000534622650922,3.311687881354166e-05,0.0001547575753808,4.58273200881574e-05,0.0005621863583262,3.2530798578025087e-05,3.593722248175815e-05,8.290391650314144e-06,1.9792625433281113e-05,0.0006766910485326,2.100687214870835e-05,3.30110137625027e-05,3.1348678999700675e-05,0.0001742432270222,3.09666463327645e-05,1.3910152966256316e-05,0.0007869065179874,1.748621311051482e-05,3.2942562447400067e-05,0.0006750466826558,2.878358628046747e-05,3.284231292689705e-05,2.669498366333748e-05,4.267359725205972e-05,2.999586000975697e-06,2.72097327450239e-05,0.0006426308629626,7.117611828676856e-06,0.0008030587496411,1.1321923049906457e-06,2.5740863090159703e-05,0.0006580439377667,0.0008678170395952,4.6117280398754426e-05,0.0004518040702156,0.0004642109332313,0.000441621836885,0.0004579734946611,0.0004922739587469,0.0004943707639848,0.0004904778043963,0.0001998111374016,0.0003708568373419,0.0004207037118931,0.0004267412960421,-5.0679287885108744e-05,-4.778283314419358e-05,-0.0021012201641206,-0.0015307539475769,-0.0094930057169079,-0.0075586762096101,-0.0116732254527127,-0.0094432837586315,-0.0123629651326901,-0.0101442367182774,-0.0102273348293527,-0.0082265434684971,1.8237484246973983e-05,-3.8950519241127455e-05,-0.0002929996332931,8.896261794043971e-05,-0.0002272374394894,-0.0002437355237517,-0.0003163885911085,-0.0002883984701067,-7.63372617623716e-05,-0.0005133463325573,-3.031577079662094e-07,1.2669390764718226e-05,1.340962493171819e-06,2.5556292341924418e-06,5.639189196412772e-07,1.4007603690979096e-05,1.5167068989710803e-06,-1.1588858586314294e-06,-1.5255174874243623e-06,1.4606002657519634e-07,1.6077366438141673e-05,8.016408235835891e-07,1.6816171968114485e-06,1.5005670208299816e-06,-4.617970477716942e-06,8.389942733975746e-07,2.2557971570242186e-06,1.694189366906134e-05,7.049033837551159e-07,1.6890160447628203e-06,1.6141330983089172e-05,2.3950651248938813e-06,1.6233298793677072e-06,1.9055916482781917e-06,6.253231724596761e-08,-2.273210953755454e-07,1.9331101428950617e-06,1.3119047200694172e-05,2.4421553250413523e-06,2.128486585515645e-05,-1.3876568719607417e-07,9.91894975546194e-07,1.38001074698654e-05,-4.126298657096735e-07,-2.3033609514372437e-06,1.1238597789496247e-09,1.673459037709155e-07,-6.162687797462848e-07,-2.701440430956879e-06,7.441835118645277e-08,-1.9926105188316406e-07,3.391749510509718e-07,-2.97059283607968e-07,-4.518305969594396e-06,-5.130133442741092e-08,2.4225770772077623e-08,7.024863904330892e-08,-9.851008073633131e-07,3.5466927776718905e-08,1.5749622251102285e-07,-5.245505532822686e-06,-1.5924705990149107e-08,-1.8790654911528572e-08,-3.8099108649287006e-06,2.64722393032968e-07,1.4979449817436907e-09,8.05937577415033e-08,-5.834496340157729e-07,6.007704537042415e-08,6.006013031742277e-08,-4.14776271240636e-06,1.2350101870643614e-06,-5.781453714060355e-06,1.4864489732674078e-07,-4.5769418318128564e-07,-3.3792962131779465e-06,4.848487954322584e-06,movement,movement,no movement,no movement
3033.333333333328,0.016654397529437,0.3647639203071942,-0.1632872980666666,0.0284443934878613,0.3795944943183768,-0.1558106477666666,0.0307440700365397,0.3805543775691219,-0.1447760121999999,0.0293776262686692,0.3805418263939737,-0.1480575574333333,0.0107737953624329,0.3884194708366764,-0.1656859155666666,0.0122982388459398,0.3867601759743322,-0.1775404929666666,0.0147273202270605,0.3777064337691482,-0.1588888533999999,0.0785322453538423,0.3783401850422754,-0.0525478283733333,-0.03528280084593,0.3483912805231917,-0.0465087098466666,0.0456498332958216,0.3591400259608341,-0.11258471228,0.0140277729323178,0.3321360914686664,-0.1389262957666666,0.1434153481285109,0.2487523866821757,0.0598069428766666,-0.0794940882165435,0.3174109014029977,0.1110692831966666,0.1575761264137404,0.0975430980807832,0.0329152097343333,-0.1015154103644537,0.1228681084419257,0.0239559249193333,0.0634400539457155,0.0462231132143136,-0.0123109714243333,-0.0091753070379772,0.0792044323628306,-0.1000035396599999,0.0276155607651072,0.0419120726035355,-0.0224004640546,0.0424792952807003,0.0727795298272703,-0.1566675572666667,0.0129626603664856,0.0585921482622249,-0.0284744791296666,0.0705739661607497,0.1149375696443203,-0.1560196421333333,0.0558042719835042,0.0395695153277194,-0.0135107827458333,0.0097843701877799,0.092315627842495,-0.122662812,0.0723672998418894,-0.116711580371634,0.0262172842833333,-0.0707645720233913,-0.1052565540635384,-0.0240364084266666,0.0570507596168458,-0.4545676886088166,-0.0356585772799999,-0.0477291043338402,-0.3929838272906545,-0.057989193,0.0681668620049941,-0.7411561263989375,0.0904139768433333,-0.0743494443218059,-0.7174787935534847,0.0842679435066666,0.051111853707938,-0.7684955860394718,0.1070248311933333,-0.0749766998510215,-0.7459828939411781,0.0566284429299999,0.0349512235480896,-0.7863950084718497,0.0394566919166666,-0.0738526375547852,-0.758764845592804,-0.0379726275199999,kalt_g_ch1_g18_compr.mp4,ch1g18,2.1298177427483298e-05,0.0005446104068339,3.4040945050572594e-05,0.0001562025896318,4.6050916305284654e-05,0.0005730592195072,3.363687426891058e-05,3.464309237029272e-05,5.981778641167505e-06,1.9723588442955025e-05,0.0006895681069126,2.1885629737615893e-05,3.424810833882129e-05,3.2478707031406325e-05,0.0001684361803163,3.185907591306574e-05,1.6260666895742704e-05,0.0008004341226735,1.8262449669618387e-05,3.41461674630128e-05,0.0006870774643916,3.058242421839936e-05,3.400955370016751e-05,2.8209204006222885e-05,4.242955239539468e-05,2.816340895676518e-06,2.868994725063492e-05,0.0006529462242933,9.64291325625734e-06,0.0008200645816871,1.0976292294785695e-06,2.7287752270891814e-05,0.0006684320733983,0.0008807435852153,4.619289971855942e-05,0.0004794188960105,0.0004917292878645,0.0004684240038906,0.0004834905820553,0.0005173910612015,0.0005206780981835,0.0005162434394285,0.0002222315908774,0.0004018717077276,0.0004461533268314,0.0004536787353514,-4.1584254842421505e-05,-5.479180517102134e-05,-0.0020630970283729,-0.0015885962955828,-0.009622183696675,-0.0076356719010067,-0.0118247628680322,-0.0094925001247831,-0.01258990959491,-0.0102308203958813,-0.0104029925505207,-0.0083189994203053,1.919614059723864e-05,-4.047612361004987e-05,-0.00027799084848,7.909956431003651e-05,-0.0002338824249055,-0.0002546361546078,-0.0003327183857622,-0.0002984583987186,-8.3508530810881e-05,-0.0005263883165702,-7.979959078050731e-07,9.870546142722806e-06,1.3613225256494238e-06,2.690811097635248e-06,-2.2805173512738084e-08,1.077613629411887e-05,1.6189848275032132e-06,-1.2461002084930758e-06,-1.021148147639861e-06,-1.410041151131695e-07,1.0667771479572367e-05,7.42010649784399e-07,1.738808174804185e-06,1.5816968470361303e-06,-5.714311287379601e-06,8.074747552263085e-07,2.1659081903414616e-06,1.078143579526992e-05,6.842850982745058e-07,1.6955749998265728e-06,1.1770224831678764e-05,2.664436702484404e-06,1.6585878794158803e-06,2.017838218468486e-06,-4.607712860786799e-07,-1.5558083126860065e-07,2.0213560567443803e-06,8.165835019500128e-06,3.7544921425625674e-06,1.448480778624354e-05,2.3054912760072305e-08,4.706398255759087e-07,9.861789276051308e-06,-3.807097795859961e-07,-1.959204506372026e-06,8.545368469333512e-08,4.63710589990788e-07,-5.918795792046935e-07,-2.3323798872808633e-06,1.6273928625573525e-07,-4.97742620827882e-08,7.368883854495813e-07,-1.721140236549033e-07,-4.89440131149752e-06,-2.117623155936542e-07,8.937075784219744e-08,1.4105342372600638e-07,-7.155645337425277e-07,-5.7806063717765573e-08,-5.5241431112989834e-08,-5.572753940722052e-06,-1.4989840664671138e-07,3.56285636977544e-08,-3.2799023403841283e-06,3.118833650271543e-07,6.94318612696355e-08,1.1762169119195777e-07,-5.503503357085844e-07,5.2041355674365016e-08,7.469946640458822e-08,-4.415184202457522e-06,1.3370258824149864e-06,-6.258624906092464e-06,1.354951840294493e-07,-5.569719091636218e-07,-2.868341494824889e-06,4.90503760970685e-06,movement,movement,no movement,no movement
3049.9999999999945,0.0167160284795712,0.3652458373839102,-0.1646405922333333,0.0286524926889426,0.380084953862283,-0.1570127676666667,0.0309578167595136,0.3810214877115551,-0.1459695589666666,0.0296253170456257,0.3810239253794718,-0.1492958926,0.0109598494554395,0.3889421813691364,-0.1669243207666666,0.012483575653032,0.3872860775276091,-0.1787443503333333,0.0149242653994925,0.3782283169537148,-0.1601289856666666,0.0787633853882507,0.3785450095800645,-0.0534104185333333,-0.0351089249131528,0.3488014993973751,-0.04755277597,0.0456895925574096,0.3595825116417263,-0.1138637740499999,0.0141011463676982,0.3325945309796974,-0.1401896586666667,0.1434606667443559,0.2486610051744462,0.0596129717633333,-0.0796773449389128,0.3173006798092007,0.1103729715633333,0.1594251874080836,0.0953660331522693,0.0356758458576666,-0.1035673589661655,0.1211662737305249,0.0261079832936666,0.068663361565398,0.0363054589303153,-0.0090088849076666,-0.0141412639611885,0.0713092934653935,-0.0972371952266666,0.0339922580652885,0.0297809549724775,-0.0194342408912666,0.0365762907605538,0.06300795681739,-0.1538800968833333,0.0184933175258695,0.045651850650413,-0.0265625726049999,0.0653463003851183,0.1043923448295365,-0.1542508842266666,0.0608473071477327,0.0288469621032876,-0.0107140514158333,0.0050290155692397,0.0837231727798396,-0.121822707,0.0723741816708684,-0.1166928573354013,0.0262084724799999,-0.0707393321905035,-0.1052964978197521,-0.0239970290666666,0.0575560840515869,-0.4548510992532442,-0.0356026714766666,-0.04741599129226,-0.3929189416967486,-0.05777520947,0.068835266532181,-0.741408268452472,0.0897638555566666,-0.0745167891215308,-0.7177585525927647,0.0845687962133333,0.0518063023840353,-0.7688536610293514,0.1062143451233333,-0.075187361298606,-0.7463074682286405,0.05692323881,0.0352445078768795,-0.7865226092283257,0.0378450395066666,-0.0739157493974016,-0.7593335604952833,-0.0378668245566666,kalt_g_ch1_g18_compr.mp4,ch1g18,2.0784980618936343e-05,0.0005514942281127,3.5757887053209725e-05,0.0001582646087434,4.5561620808552805e-05,0.0005803106270859,3.562869088678674e-05,3.3373496243578206e-05,4.632043662710822e-06,1.94379884543286e-05,0.0006976209849475,2.2615812633510308e-05,3.650525421914773e-05,3.436866634179878e-05,0.0001618470124774,3.2817739983272385e-05,1.830966663538671e-05,0.000808936967253,1.8916197588057e-05,3.6327299683172314e-05,0.000694284101112,3.3266866609995986e-05,3.618978902396339e-05,3.048055236093658e-05,4.154152517682075e-05,2.7482923272953136e-06,3.114579790620767e-05,0.0006589258297739,1.3561847291350372e-05,0.0008312401083988,1.2850649684776029e-06,2.821502396122933e-05,0.0006746335254472,0.000888578232129,4.5645600502204434e-05,0.0005404637320796,0.0005494245267478,0.0005254551888339,0.0005386435413432,0.0005719129852052,0.0005770018943802,0.0005716038188258,0.0002515799181722,0.0004415857386373,0.0004960919539947,0.0005066565861268,-4.0934612246759446e-05,-7.527638447304975e-05,-0.0019913179403934,-0.0016495642045633,-0.0096895512428983,-0.0076545676041288,-0.011911924381978,-0.0094674374874486,-0.0127365568452689,-0.0102291537089134,-0.0105095822140649,-0.0083440761105805,2.0235246515615353e-05,-4.1967870517190647e-05,-0.0002561555695701,6.674429175012853e-05,-0.0002349900238727,-0.0002631098996652,-0.0003423372246081,-0.0003049746225654,-9.888226635357063e-05,-0.0005400929017182,-1.1162553793998373e-06,7.779281697660769e-06,1.543198826934005e-06,3.202742877370747e-06,-5.779591114184719e-07,8.340827415651653e-06,1.8894012477379387e-06,-1.2122843931497697e-06,-6.930566626840157e-08,-2.280325376059244e-07,5.255461240669695e-06,4.259868610583274e-07,1.9164353790394536e-06,1.8159675537587956e-06,-6.4179828191894015e-06,6.002667389315479e-07,1.8585235408053544e-06,4.771845373024625e-06,4.465206453382296e-07,1.808195015799862e-06,8.49873524956575e-06,3.0475671299887097e-06,1.814037551178043e-06,2.214940161973984e-06,-9.589412124320597e-07,-1.0288206138304613e-07,2.1596991527170703e-06,3.32588041709425e-06,5.083435475506003e-06,7.647668829268017e-06,1.5644192305213816e-07,-1.0002712311112745e-07,6.988422056321877e-06,-2.832193986475757e-07,-1.466654385418033e-06,1.0641576664646745e-07,6.784142847670095e-07,-5.514314481471132e-07,-1.7645333503664545e-06,1.7766276368885548e-07,6.95138074716767e-08,1.0335872183308108e-06,-3.1026676922413566e-08,-4.9310088367473805e-06,-3.480092710367132e-07,7.59175115389033e-08,1.5072000617328117e-07,-4.204057472238018e-07,-1.554887699356642e-07,-2.411792496761348e-07,-5.549463754645621e-06,-2.6960927491536273e-07,1.5778489245862726e-08,-2.450184463585271e-06,2.861359387943045e-07,6.002785759652553e-08,9.168600236972133e-08,-5.032082146612972e-07,3.9385037563360475e-08,1.5707903725928018e-08,-4.38959423140664e-06,1.322953653837531e-06,-6.306289906681841e-06,1.0842745761376729e-07,-5.834152598993979e-07,-2.1226096582716167e-06,4.696445415070757e-06,movement,movement,no movement,no movement
3066.666666666661,0.0167178140440498,0.3657411898865609,-0.1660950245333333,0.0287940707732089,0.3805933415331586,-0.1582934886666666,0.0311073604950491,0.3815048427541026,-0.1472384233999999,0.0298108817270412,0.3815210891935676,-0.1506093274,0.0110886924235674,0.3894735008262699,-0.1682477872666666,0.0126098851830733,0.3878213242663593,-0.1800306727333333,0.0150679933594553,0.3787587141274846,-0.1614507559,0.0789167966679814,0.3787592910920326,-0.0543578110799999,-0.0349968108363583,0.3492140443100126,-0.0486781227133333,0.0456696352132943,0.3600387127245876,-0.1152569551433333,0.0141241522551115,0.3330624605609465,-0.1415578656333334,0.1434583950874447,0.2485704947799415,0.0592494238033333,-0.0799367135006153,0.3171480875887564,0.10959638613,0.1611706670099838,0.0932681525804458,0.0380464334319999,-0.1055620267430591,0.1193934582070755,0.0282225465733333,0.0739021562594195,0.0264528680200948,-0.0061631665676666,-0.019284876270704,0.0635473580352965,-0.0943797451933333,0.0404323707335318,0.0177409322087878,-0.0169221409846,0.0304355785956443,0.0535061882164698,-0.1509728793566667,0.0240724762403243,0.0327574004877459,-0.025073690044,0.0598502131213023,0.0941494010279907,-0.1523628673766666,0.0659038073264711,0.0181604020500727,-0.0083708027758333,7.24879782473105e-05,0.0752966789193499,-0.120806962,0.0723866978576379,-0.1166723301350876,0.0261885635366666,-0.0707185231714464,-0.1053387786186539,-0.0239479358266666,0.0580572521413724,-0.4551094740579398,-0.0355524042699999,-0.0471026497606165,-0.3928746157762892,-0.0575261394166666,0.0694999596318691,-0.7416681145579029,0.0891880605333333,-0.0746700337055105,-0.7180553733434627,0.0849480518766666,0.0524991337519883,-0.7692275777421775,0.1054941898799999,-0.0753837554392403,-0.7466480359181696,0.0573021938399999,0.0355632956311236,-0.7866616110261494,0.03636249802,-0.0739911103919146,-0.7599086898984626,-0.0376458697666666,kalt_g_ch1_g18_compr.mp4,ch1g18,1.9591202019444297e-05,0.0005584712198063,3.807386419825596e-05,0.0001621237684368,4.447292976463406e-05,0.0005875773673633,3.8350056767645865e-05,3.202726942884273e-05,5.204848310801904e-06,1.9008955536214747e-05,0.0007014308787239,2.2794640223841676e-05,3.93537390254066e-05,3.6941756488893206e-05,0.0001551287915234,3.35252183436067e-05,2.016154297079408e-05,0.0008123001107813,1.9126253499640983e-05,3.9038795854598926e-05,0.0007013341488237,3.7247691537801745e-05,3.891910537380038e-05,3.352289782327171e-05,4.0079144698891826e-05,2.7345648351675415e-06,3.4238912146540015e-05,0.0006609628564828,1.90958007027333e-05,0.000837134230484,1.600308614043497e-06,2.819660697331099e-05,0.0006805789805476,0.0008939301198939,4.4408911411193565e-05,0.0006115163795761,0.0006153931740036,0.0005903715393394,0.0006013442142016,0.000632779552043,0.0006400522843718,0.0006330376730458,0.0002712721944118,0.0004676742554325,0.0005490607274571,0.0005627803520274,-6.417578544646918e-05,-0.0001270218983014,-0.0019156667668245,-0.001743361299511,-0.0097043278935939,-0.0076920091814164,-0.0119297895848992,-0.0094579012452668,-0.012808853386404,-0.0102426105237742,-0.0105579705867197,-0.0083859080636371,2.106125937978509e-05,-4.318243214785776e-05,-0.0002297718519552,5.4046049755591544e-05,-0.0002333611052144,-0.0002635157001441,-0.0003481201611077,-0.000301684312763,-0.000124406515424,-0.0005502221710861,-1.2511574566582588e-06,6.644705429634239e-06,1.8028240077617531e-06,4.107718468561695e-06,-1.0961386189468362e-06,6.970326856312274e-06,2.2264492075179978e-06,-1.0995178954242617e-06,1.1504193023709542e-06,-1.2739831379690518e-07,3.507018832857182e-07,-5.5249894648944606e-08,2.1290256083418612e-06,2.1165699439403647e-06,-6.6630050527645325e-06,3.077763426809117e-07,1.426317077740708e-06,-5.836880182999965e-07,6.353264644668861e-08,1.9514100027237004e-06,6.6499579693236515e-06,3.4583964640212555e-06,2.0080666015695773e-06,2.413371665107812e-06,-1.4315282815189093e-06,-7.802259657945578e-08,2.270579768956031e-06,-9.672966154135058e-07,6.333088119697033e-06,1.3992612483886703e-06,2.435177453866664e-07,-6.440391680760575e-07,5.451945235474831e-06,-1.2203239723817465e-07,-1.0463536378959486e-06,6.311396619484734e-08,7.113374508822603e-07,-5.089184232736467e-07,-1.245344856894042e-06,1.1666720657062185e-07,1.4937736673518392e-07,1.1485854947839885e-06,9.986865583505313e-08,-4.738972564224832e-06,-4.243109195331569e-07,-5.083360064079658e-09,9.492804212986739e-08,-1.8890461277755378e-07,-2.36771817233902e-07,-3.8271944947429593e-07,-5.27894438741311e-06,-3.465158055974552e-07,-6.565613236088268e-08,-1.6413159487197132e-06,1.649103925392743e-07,-1.4378398867395767e-08,7.62058982290089e-10,-4.495308124056695e-07,2.6794376509143523e-08,-1.039943199762306e-07,-4.179804621471304e-06,1.1710210529986068e-06,-6.049085763839408e-06,7.510606549573524e-08,-5.082091298521581e-07,-1.4240520569697828e-06,4.371190745205163e-06,movement,movement,no movement,no movement
3083.3333333333276,0.0166321800151511,0.3662770906104725,-0.1680681454,0.0288523833106438,0.381145576970333,-0.1600749512666666,0.0311750936275606,0.3820290656189549,-0.1490018620666666,0.0299149224272157,0.3820573569464473,-0.1524149139999999,0.0111278845859872,0.3900371566793777,-0.1700736787,0.0126422011022337,0.3883897385973538,-0.1818197737,0.0151232556470362,0.3793201410539319,-0.1632693189333333,0.0789948865038947,0.3790054755666049,-0.0557563536033333,-0.0349893395369342,0.3496431104096656,-0.0502634627166666,0.0455756968229023,0.3605333992192172,-0.1171548427633333,0.0140647321124191,0.3335622314246117,-0.1434207815,0.1434049330677952,0.2485130743466355,0.0585017058866666,-0.0802956356376225,0.316978434161164,0.10847955454,0.1628067534806825,0.0914085962137478,0.0401932421033333,-0.1076453348953631,0.1176027062760119,0.030245965814,0.0790539188164801,0.0168724854431234,-0.0033872491176666,-0.0245878380749429,0.055909216820885,-0.0915533108233333,0.0467726779913583,0.0059738092997779,-0.0144377199246,0.0241338056850126,0.0441631815958648,-0.14806872749,0.0295453443901214,0.0200907967754523,-0.0235934431182666,0.0541798969648753,0.0840500866016148,-0.1504818011666666,0.0708635837780541,0.0077169506338527,-0.0060773718258333,-0.0050386677226242,0.066992821091003,-0.125207543,0.0724042425774792,-0.1166500930320338,0.0261563200933333,-0.0707016930102147,-0.1053835263769265,-0.0238894464099999,0.0585421387024602,-0.4553234154530359,-0.0354526900466666,-0.0467936952403153,-0.3928277160350021,-0.05714308756,0.070142781640173,-0.7419098537593647,0.0889376271466666,-0.0748582229213953,-0.7183467284969745,0.0855309107966666,0.0531722173557629,-0.7695881790984197,0.1051353664466666,-0.0756270410139762,-0.7469817016105724,0.0579084479533333,0.0358807603904513,-0.7867998661592861,0.03522714148,-0.0741183872530894,-0.7604742425235173,-0.03720607491,kalt_g_ch1_g18_compr.mp4,ch1g18,1.8040358557143293e-05,0.0005653937075647,4.0326737442304846e-05,0.0001676120144105,4.2912081353291344e-05,0.0005946130655644,4.108434579838789e-05,3.073947104836107e-05,7.390655505383686e-06,1.8814381070413983e-05,0.0006991792309238,2.2672455815656814e-05,4.2015408786479707e-05,3.952691740544476e-05,0.0001483107721149,3.3673735691886515e-05,2.1365110179574997e-05,0.0008088680320756,1.905433711261399e-05,4.148102401852667e-05,0.0007078626990332,4.135868343276262e-05,4.1435646692090664e-05,3.646787887864197e-05,3.82191977863828e-05,2.7668858344646452e-06,3.70548790765706e-05,0.0006575040855885,2.628435112462836e-05,0.0008357293808155,1.999495649639713e-06,2.750395416756513e-05,0.0006860454094703,0.0008955844681656,4.270567693218065e-05,0.0006772944128029,0.000676411335168,0.0006498531764889,0.0006584405946831,0.0006846219668849,0.0006939907466343,0.0006847440764335,0.0002799606140603,0.0004688014413812,0.0005949663821775,0.0006089030499469,-0.0001054520051695,-0.0002111622539136,-0.0018268388460935,-0.0018611029893177,-0.0096332580124027,-0.0077260819741332,-0.0118435427967726,-0.0094362302715297,-0.0127691387084118,-0.0102409245894445,-0.0105122309957499,-0.0084204605310822,2.1482113476778723e-05,-4.380632665129254e-05,-0.0002000701161892,4.423527931372657e-05,-0.0002289672031872,-0.000257037294568,-0.0003498022884188,-0.0002903544370031,-0.0001523214995927,-0.0005515058229408,-1.226376250392059e-06,6.175983891242458e-06,2.0378885315452237e-06,5.053275528372494e-06,-1.577523124737543e-06,6.369147002495907e-06,2.5118000616768453e-06,-9.059517763594735e-07,2.46184200417557e-06,1.043296690132701e-07,-3.795197428241444e-06,-6.461613222594867e-07,2.268388901425361e-06,2.3782061610806144e-06,-6.480450380399087e-06,-1.9846269207630352e-08,9.8050701936562e-07,-5.1042265999693765e-06,-4.193766445697804e-07,2.026524980433109e-06,5.832262646241592e-06,3.7773948516827938e-06,2.1343399531657445e-06,2.5161392033612235e-06,-1.87518544376454e-06,-6.964811361878577e-08,2.257887834612773e-06,-4.5180318192121615e-06,7.4061158199830995e-06,-3.9611459211070905e-06,2.920507229569966e-07,-1.1086015699779738e-06,4.820750807459646e-06,8.123111459854115e-08,-7.985414787122538e-07,-1.7377432679346023e-08,5.312370708802071e-07,-4.694968796978221e-07,-8.888389786059742e-07,9.776428734123728e-09,1.823154378774626e-07,1.0613994975641897e-06,1.8633199185169806e-07,-4.369245092219905e-06,-4.31734114635736e-07,-1.1648957199193343e-07,6.455407460015484e-10,-8.239775155512798e-08,-2.869000994990626e-07,-4.556196577692277e-07,-4.824946461039268e-06,-3.715832151328847e-07,-1.7066042761504826e-07,-1.0047982035047372e-06,-9.958939044948621e-09,-1.1762262586178083e-07,-1.1744499280730252e-07,-3.926144065428976e-07,1.8109991807056716e-08,-2.401662996372642e-07,-3.843258570499362e-06,8.771424593981861e-07,-5.544919428105167e-06,4.292778065209656e-08,-3.35489715131922e-07,-9.101681341662452e-07,3.961982729376729e-06,movement,movement,no movement,no movement
3099.999999999994,0.0164671916852502,0.3670029220707408,-0.1702382139333333,0.0288302736411411,0.3818731042642073,-0.1620481794333333,0.0311592421562779,0.3827285831272625,-0.1509571477333333,0.0299348291001541,0.3827637606337266,-0.1544073224333333,0.0110825759809641,0.3907509891401923,-0.172083823,0.0125870770159618,0.3891150287370037,-0.1837941139666666,0.0150970121495624,0.3800330892374196,-0.1652714399666666,0.078994019010798,0.3793316475938803,-0.0573943158766666,-0.035051630552665,0.3501099690275107,-0.0520311915033333,0.0454168802540282,0.3611755559573268,-0.1192749456966666,0.0139407572194322,0.3342003618053119,-0.1455007973333333,0.143332530904286,0.2484638815833117,0.0574557871733333,-0.0807398250665062,0.3167810477391763,0.1070968663566666,0.1643747889748091,0.0897738531184372,0.0419961545833333,-0.1097505844979924,0.1157910664447865,0.0320416798533333,0.084196163299084,0.0076380823119551,-0.0009000779243333,-0.0300851960249477,0.0485314024086475,-0.0891531187699999,0.0531085941957197,-0.0054247457975423,-0.0122075568179333,0.0175538282669333,0.0351492880620009,-0.1456121963299999,0.0350077500937433,0.0077845021604097,-0.0223581764529333,0.0481892192247535,0.0742490113234369,-0.1489912876933333,0.0758044573566414,-0.0023895394729249,-0.0040731676325,-0.0103713297317679,0.0589378241796633,-0.124387048,0.0724338077388671,-0.1166278833901994,0.0261225326433333,-0.0706969467967062,-0.1054282463769913,-0.0238313512533333,0.0589967803912643,-0.4554902490821828,-0.0352785075166666,-0.0464856921581484,-0.3927788301863493,-0.0566536682366666,0.0707284325767058,-0.7421204452089595,0.0891533145166666,-0.0750559534015236,-0.7185877526700593,0.0864427511966666,0.0537900823019313,-0.7699204542529153,0.1052965354133333,-0.0758824831937859,-0.7472543044740848,0.0588861158699999,0.0361951904951396,-0.7869362546174351,0.0345962448166666,-0.0742555799051748,-0.760994709877053,-0.03646649638,kalt_g_ch1_g18_compr.mp4,ch1g18,1.6128167950943784e-05,0.0005706608304945,4.2229613471907434e-05,0.000173270933626,4.115773414736545e-05,0.0006000794517255,4.3501310566753245e-05,2.995958832269751e-05,1.0841327065806836e-05,1.8760274428940777e-05,0.0006915597085395,2.202771344549852e-05,4.409721486224913e-05,4.178959390418858e-05,0.0001417434804528,3.3237504442536327e-05,2.1762010236388972e-05,0.0007992015258215,1.866606784256365e-05,4.330341763506349e-05,0.0007126338054463,4.5238297277085845e-05,4.337621905789306e-05,3.893900447401909e-05,3.635708886124902e-05,2.7115231991625916e-06,3.9185256615979976e-05,0.0006493759686748,3.4243198548200136e-05,0.0008273074784414,2.313127790685743e-06,2.5564015187893807e-05,0.0006894564941811,0.0008930044584679,4.086881450651519e-05,0.0007348951647408,0.0007279041392266,0.0006993012540328,0.0007055352340192,0.0007244557782446,0.0007356108478259,0.000723865956009,0.0002723175398865,0.0004413074379939,0.0006291283216516,0.0006412393593708,-0.0001649583299107,-0.0003269376844083,-0.0017301769793965,-0.0019940033019946,-0.0094847350115001,-0.0077458058005147,-0.0116599667484174,-0.0093932250857583,-0.0126191853405515,-0.0102209915687766,-0.0103783732533511,-0.0084405010667111,2.1492237818296885e-05,-4.3821308057903445e-05,-0.0001685745307851,3.3516501641290785e-05,-0.0002232087815286,-0.0002486541841021,-0.0003486312976037,-0.0002768042253918,-0.0001788377492969,-0.0005436196783032,-1.1204291805043112e-06,6.032485399577257e-06,1.9822828180987816e-06,5.786544911562136e-06,-2.0019736628916847e-06,6.215207099588157e-06,2.468505983484097e-06,-6.762017288661705e-07,3.634943785997734e-06,3.641698964525381e-07,-7.149665553914579e-06,-1.139810249074559e-06,2.091882730382424e-06,2.3322247482429946e-06,-6.120888096698862e-06,-3.029050254064503e-07,5.748935736689046e-07,-8.812148614093657e-06,-8.406321235046056e-07,1.8011572309521418e-06,5.747319543049458e-06,3.705687537230821e-06,1.961386489500066e-06,2.3198902922414514e-06,-2.2473185883405506e-06,-6.31225800777477e-08,1.931535756581849e-06,-7.401808250276411e-06,8.206454608173403e-06,-8.290933989077571e-06,3.063358781528688e-07,-1.4356607563693276e-06,4.732421933190374e-06,3.053661285146625e-07,-7.456271588414323e-07,-1.0889942592577077e-07,1.8595335021512802e-07,-4.3518091150409274e-07,-7.405635748026401e-07,-1.1267812822893585e-07,1.572063573773202e-07,7.96496857518019e-07,2.139868309688703e-07,-3.947170207538389e-06,-3.608403787680785e-07,-2.2303846319473025e-07,-1.0464489366537617e-07,-1.2095687344261885e-07,-3.115541193060396e-07,-4.568704196493753e-07,-4.325913253513052e-06,-3.394592892864058e-07,-2.658370264321583e-07,-6.264081342653667e-07,-2.059481030765756e-07,-2.161920468746173e-07,-2.3121092038000595e-07,-3.3603470678715957e-07,1.9717399631299772e-08,-3.5543239573307997e-07,-3.501246925316764e-06,4.881799372682695e-07,-4.928657739374416e-06,2.1819765927673803e-08,-6.06289868866473e-08,-6.44654766182333e-07,3.586627818122656e-06,movement,movement,no movement,no movement
3116.6666666666606,0.0162365066499836,0.3678426364968681,-0.1725534197666666,0.0287477392964847,0.382700902762735,-0.1641513228666666,0.0310817991847024,0.3835283986992384,-0.1530427155,0.0298929002591813,0.383567183408546,-0.1565265064666667,0.0109795650347152,0.3915608974912469,-0.1742145067333333,0.0124724927540605,0.3899388771290604,-0.1858908265666666,0.0150149585417252,0.380842579973259,-0.1673940448,0.0789411349960852,0.3796821372211064,-0.0592026494599999,-0.0351555262619326,0.3506028536856637,-0.0539023398766666,0.0451978008169859,0.3618930790909468,-0.12156312653,0.0137601015219322,0.3349234755154667,-0.1477357812666666,0.1432415286872485,0.2483901545431627,0.0561342935866666,-0.0812589637799552,0.3165307992461847,0.10557214874,0.1659413995345036,0.0882659562058381,0.0435231950366666,-0.1118749797584094,0.1138952243718588,0.0337303253233333,0.0893739281490495,-0.0014935204505595,0.0014059619556666,-0.0357083556817072,0.0410593435141035,-0.0867920875233333,0.0594974872588706,-0.0167254099350386,-0.0101390386512666,0.0108213883319723,0.0260418846690796,-0.1431284062233333,0.0404973776954961,-0.0044507758473734,-0.0212731781596,0.042015508992571,0.0643184368660153,-0.1475144293966666,0.0807714755225227,-0.0124070038066246,-0.0022520857958333,-0.0158438634364038,0.0507735724477781,-0.123857424,0.0724723425505209,-0.1166055702673754,0.0260789752433333,-0.070701203398508,-0.1054730113881999,-0.0237652181,0.0594500780915941,-0.455631117554994,-0.0351236705433333,-0.0461757214381695,-0.3927472712951559,-0.0560820565866666,0.0712413556576346,-0.7423232893190561,0.08951559825,-0.0752463818497562,-0.7188101194620747,0.08756940415,0.0543298253751145,-0.7702467718284488,0.1056213996133333,-0.0761293148856851,-0.7474970529853033,0.0601037722033333,0.0364801876394662,-0.7871101128344093,0.0341500065733333,-0.0743673869876768,-0.761510183046269,-0.0355162145633333,kalt_g_ch1_g18_compr.mp4,ch1g18,1.4666844627261164e-05,0.0005750415432287,4.402440317646694e-05,0.0001789204971908,3.9261322561002745e-05,0.0006049067453346,4.580343619656755e-05,2.958931501169879e-05,1.5353427597371143e-05,1.9354444257213788e-05,0.0006816758118505,2.0774193675821496e-05,4.585876936679084e-05,4.39538052842706e-05,0.0001356539146267,3.246101326937924e-05,2.1621366505351545e-05,0.0007873897162602,1.7808909589191744e-05,4.475043401027637e-05,0.0007172779080525,4.885186584021492e-05,4.500396378587905e-05,4.1024219449395795e-05,3.4365734761726485e-05,2.61544433839842e-06,4.07345122250934e-05,0.0006395135122462,4.2962337137063214e-05,0.0008158196805041,2.5646614697188456e-06,2.3400948925567145e-05,0.0006925219268735,0.0008888559150126,3.870608461817524e-05,0.0007805847563485,0.0007671973042035,0.0007360545432517,0.0007403035315972,0.0007497860449574,0.0007624701626015,0.0007479278943655,0.0002509593930488,0.0003861373149529,0.0006492150317926,0.0006570372304348,-0.000239086923048,-0.0004708291964941,-0.0016426606301281,-0.0021355196125733,-0.0092993267723385,-0.0077633611563025,-0.0114355134474585,-0.0093591166620451,-0.0124167368831374,-0.0102126343089055,-0.0102005285826598,-0.0084617581471729,2.138345593015966e-05,-4.364307963110897e-05,-0.000138633447964,2.220039419680483e-05,-0.0002170137714372,-0.0002412859948357,-0.0003448543363298,-0.0002643210882298,-0.0002038400696475,-0.0005314060702648,-8.593229299394053e-07,5.625666533905437e-06,1.7019471027158148e-06,6.007872768569914e-06,-2.378586428583271e-06,5.896426212516622e-06,2.1649849097992148e-06,-5.094562607113654e-07,4.464190558801446e-06,6.150099446798182e-07,-1.0265225456479557e-05,-1.4558343899120262e-06,1.67373776197225e-06,2.0486057731446053e-06,-5.9448108116335414e-06,-5.60929390312703e-07,2.2205521953369345e-07,-1.233213774300658e-05,-1.1479080404727187e-06,1.3508107513123203e-06,5.700104419183109e-06,3.3076530277753596e-06,1.5574577115831675e-06,1.9141849608277806e-06,-2.533460582903036e-06,-5.0737795505774594e-08,1.3874519107904517e-06,-1.0189457539747272e-05,8.629637508720142e-06,-1.2182306253905356e-05,3.0121464623557305e-07,-1.5406010788755058e-06,4.5292071999134566e-06,5.011119974189128e-07,-9.471611706866484e-07,-1.991837519512909e-07,-2.806841266248212e-07,-3.9732855759549474e-07,-8.769843272008089e-07,-2.3355729268197453e-07,8.811460757267574e-08,4.01421000986777e-07,1.6277856542751237e-07,-3.6407251772431424e-06,-2.184124639573849e-07,-3.103750164280597e-07,-2.0799417884882954e-07,-2.82841086696094e-07,-3.258305396884019e-07,-4.106621534295857e-07,-3.989992461430365e-06,-2.495489873736368e-07,-3.377221010884081e-07,-6.318073525974414e-07,-3.959700161125034e-07,-2.968332967858215e-07,-3.236678112392906e-07,-2.6654145293778345e-07,3.0947346101483855e-08,-4.3219012527796756e-07,-3.303999270995452e-06,3.9085001942320474e-08,-4.416259528748884e-06,1.3759225837908068e-08,2.556737247264629e-07,-7.453590201688461e-07,3.460102328726355e-06,movement,movement,no movement,no movement
3133.333333333327,0.0159418534116941,0.3687141360721939,-0.1756540894666666,0.0286094680081283,0.3835482745825098,-0.1670206686333333,0.0309458562172856,0.3843457326655054,-0.1558918508,0.0297922376401222,0.3843860091382957,-0.1594017647333333,0.0108163770510402,0.3923826925487792,-0.1770793563,0.012297122629873,0.3907766244242999,-0.1887259597333333,0.0148744636178282,0.3816640396381334,-0.170243117,0.0788617024881078,0.3799826660551967,-0.0617647021033333,-0.0352911183874497,0.3510063999525079,-0.0563881507833333,0.0449307329594497,0.3626091595079808,-0.12464770639,0.013531115020505,0.3356475336172453,-0.1507290500333333,0.1431409826288824,0.2481671620581892,0.0540300747566666,-0.0818090545221443,0.3160498550656202,0.10348478115,0.1674881868407946,0.0867413346199917,0.0445232577866666,-0.1139944787265917,0.1117522000066512,0.03487815426,0.0945881977930604,-0.0107410461824157,0.0037695619189999,-0.0414823133475283,0.0333524012161263,-0.0847561080933333,0.0659423437758613,-0.0281483942299241,-0.0080388749312666,0.0038538932683968,0.0167249272629104,-0.1408262778833333,0.046021859871833,-0.0168778611793883,-0.0201175812412666,0.0355679248125794,0.054103056910769,-0.1463676747966666,0.0857683232011521,-0.0225792856460685,-0.0003459564491666,-0.0214926434668021,0.0423389192379346,-0.128507197,0.0725161674149977,-0.116584131751306,0.0260317460133333,-0.0707106181095496,-0.1055164664802142,-0.0236966590366666,0.0599045507119238,-0.4557574527794518,-0.03501382775,-0.0458588777909048,-0.3927207849093819,-0.0554346413666666,0.0717029721150403,-0.7425188739045672,0.08983925769,-0.0754216039606013,-0.7190205410257468,0.0886503406033333,0.0548139623122465,-0.770567407103381,0.1059054989466666,-0.0763615824652503,-0.7477217294137259,0.0612597974599999,0.0367407945530317,-0.7873134979731785,0.0336159893133333,-0.0744367637034559,-0.7620227786648497,-0.03474232735,kalt_g_ch1_g18_compr.mp4,ch1g18,1.401292302592086e-05,0.0005804435875374,4.550505942506583e-05,0.0001849235580818,3.7048067998483446e-05,0.0006108328045369,4.774907921834504e-05,2.9389118462544468e-05,2.0326120188738253e-05,2.0449956494574026e-05,0.0006700941613623,1.8944700712822245e-05,4.7142388747472313e-05,4.580517664564592e-05,0.0001301157532921,3.153104950733595e-05,2.135167122096221e-05,0.00077349177763,1.637649571538171e-05,4.568803320291843e-05,0.0007232872558777,5.1866100894719663e-05,4.6175593575180135e-05,4.255660370754753e-05,3.1958011457164625e-05,2.475906052259519e-06,4.158655622275474e-05,0.0006282268876841,5.188052020380615e-05,0.0008017840832088,2.7441152280292056e-06,2.158196027072816e-05,0.000697100510416,0.000884709337755,3.5909665944034913e-05,0.0008061397063551,0.000786721728505,0.0007527990971188,0.000755416286879,0.0007532586529986,0.0007671454278449,0.0007496260525462,0.0002182264678818,0.0003055659057364,0.0006505959619327,0.0006517369569029,-0.0003213379284526,-0.0006320999200569,-0.0015783832042634,-0.0022875939482106,-0.0090846756418165,-0.0077931932764025,-0.0111667009883755,-0.0093422746771522,-0.0121606991579118,-0.0102192747321979,-0.0099866333089112,-0.008495465109318,2.0818932179469133e-05,-4.28696290203296e-05,-0.0001120899564369,9.835032770836134e-06,-0.0002115659092027,-0.0002376992147184,-0.0003396831662933,-0.0002558411399192,-0.0002275036080866,-0.0005172749891535,-3.550082803108028e-07,4.6532028470397915e-06,1.3053935069433173e-06,5.462445402829548e-06,-2.7166562876450877e-06,5.048058775892339e-06,1.7122954200467007e-06,-4.331712867749671e-07,4.704773964303364e-06,7.610504246177384e-07,-1.3783823230186284e-05,-1.5562024877869504e-06,1.1568389646911922e-06,1.638288384392018e-06,-6.230623911532726e-06,-8.272906860256776e-07,-8.903207341531056e-08,-1.631443841668298e-05,-1.3071527071068856e-06,8.197772791760918e-07,5.1911837137561565e-06,2.6773570769443097e-06,1.0632734177464991e-06,1.4100026940502903e-06,-2.7269866859363125e-06,-2.2835710019754135e-08,7.699056048563239e-07,-1.3457533219493131e-05,8.550270615475964e-06,-1.6410964489031915e-05,2.9575038961568953e-07,-1.221986810909027e-06,3.7935334739266913e-06,6.360296897117751e-07,-1.4525057017003864e-06,-2.644829983999807e-07,-8.259117411829171e-07,-3.383162264868275e-07,-1.34667159427888e-06,-3.2464549949565834e-07,1.2294725483909992e-09,-5.0462791864613853e-08,4.8135250315346675e-08,-3.503986939909056e-06,-2.617268610079926e-08,-3.559765792265862e-07,-2.85427241751879e-07,-5.185308624230903e-07,-3.405433577760397e-07,-3.480212855235464e-07,-3.860156390588821e-06,-1.1042592431884992e-07,-3.657821773313829e-07,-1.0697025127718157e-06,-5.446713966229091e-07,-3.3813894219766034e-07,-3.730021424690082e-07,-1.6712559273929873e-07,5.025930582691254e-08,-4.504963229131399e-07,-3.2835776203802936e-06,-4.170701838509895e-07,-4.080655886042655e-06,1.8596960399448335e-08,5.574765969641797e-07,-1.2690973622696265e-06,3.720572437413829e-06,movement,movement,no movement,no movement
3149.9999999999936,0.0155723406446598,0.3695904305124709,-0.1791730011666666,0.0284134987680843,0.3844004776543002,-0.1703205923666666,0.0307487069004169,0.385165316153883,-0.1591731071,0.0296311406586165,0.3852066145697214,-0.1627087898666667,0.0105936522787848,0.3932050887227406,-0.1803577702,0.0120626795067356,0.3916153762785415,-0.1919810766666666,0.0146745643707207,0.3824849646175216,-0.173504707,0.0787699658601454,0.3801999263433756,-0.0648523641299999,-0.0354643173483136,0.3513439967483633,-0.0592935717966666,0.0446017152036327,0.3633092749743944,-0.12818459014,0.013242562480181,0.3363611034860714,-0.1541527758333333,0.1430221473861977,0.2477525256457477,0.0514082145293333,-0.0823752654080397,0.3153466184330605,0.1009247104933333,0.1690198650488863,0.0851357735523083,0.0448133196933333,-0.1160515389730401,0.1093690923035518,0.03553968535,0.0998272630972294,-0.0198923712596615,0.0054485421856666,-0.047280124682209,0.0254455535638004,-0.0830246583533333,0.0724372660882809,-0.0393930760273405,-0.0065271766212666,-0.0031625042582021,0.0072678134832945,-0.1387502831366666,0.0516107480945375,-0.0291325612406767,-0.0196184761912666,0.0290255253510979,0.0437454600354284,-0.1455075929299999,0.0907968914303952,-0.0326401480964338,0.0008275044395,-0.0271895304742349,0.0337121585888719,-0.125070661,0.0725642672526301,-0.1165641575621827,0.0259849934333333,-0.0707247910941158,-0.1055582552917665,-0.0236295192466666,0.0603815147421391,-0.4558642186106606,-0.03489985038,-0.045511004412195,-0.3927173647376425,-0.0546732408366666,0.0721543370146558,-0.7427197611549605,0.0902152152366666,-0.0755352215716029,-0.7192415853297698,0.08986095863,0.0552872952000616,-0.7708961766787162,0.1062450268799999,-0.0765292328579279,-0.7479561822315878,0.0625454613266666,0.0369997223349457,-0.7875595859463894,0.03307352868,-0.0743986018021511,-0.7625348664834993,-0.0339430044766666,kalt_g_ch1_g18_compr.mp4,ch1g18,1.4386975908042651e-05,0.0005866671616302,4.674695460200383e-05,0.0001903275961865,3.424195994509763e-05,0.0006176526813239,4.9370028980414934e-05,2.9070566660023437e-05,2.5224386681245025e-05,2.152009588400076e-05,0.0006552606313052,1.6817880200687742e-05,4.8093564650374744e-05,4.7387912362953496e-05,0.0001241718372652,3.052384064532444e-05,2.1197930992824625e-05,0.0007560647113088,1.455921840528461e-05,4.6289332778153067e-05,0.0007308512423325,5.4265438705253314e-05,4.7041829811637846e-05,4.367420472771511e-05,2.906097428478824e-05,2.38319349077766e-06,4.1948585826932814e-05,0.000614036905578,6.046662034937829e-05,0.0007836760092778,2.944337417882417e-06,2.0705911268126055e-05,0.0007032741793478,0.000879126224718,3.250401616652782e-05,0.0008113475238489,0.0007872813716063,0.0007506209271526,0.0007520777010154,0.0007369073954958,0.000751654379241,0.0007314118889396,0.0001803360575991,0.0002138080907522,0.0006364745947883,0.0006295400827851,-0.000399567306649,-0.000792396971772,-0.0015313234562353,-0.0024331547446575,-0.0088112821178162,-0.0078317646545357,-0.0108217171528823,-0.0093414174810869,-0.0118173350220728,-0.0102376767100877,-0.0097053155155994,-0.0085370457227583,1.954192745191755e-05,-4.1107038812850006e-05,-9.121789917366248e-05,-1.426478909083999e-06,-0.0002026764821467,-0.0002307800234488,-0.0003295546206096,-0.0002439375166898,-0.0002503896661269,-0.0005030936634854,3.873720448794304e-07,2.9090321580486116e-06,8.659933007299598e-07,4.1487588590925374e-06,-3.03685294294433e-06,3.4509256270169633e-06,1.1937703686714976e-06,-4.781969771437798e-07,4.278521152803425e-06,7.442998878930031e-07,-1.7551820778122644e-05,-1.4459032098436229e-06,6.241419861049082e-07,1.1757892903290172e-06,-7.043081915269343e-06,-1.144683087472085e-06,-3.98368336932103e-07,-2.0550225354034256e-05,-1.3165899214180889e-06,2.887280831570052e-07,3.935541289721842e-06,1.907777334622977e-06,5.554632570316227e-07,8.836159394032463e-07,-2.8474512858209914e-06,2.6583256335271697e-08,1.6593842875901381e-07,-1.705973106818667e-05,7.908813333710791e-06,-2.076898405485243e-05,3.038077036253756e-07,-5.477610781160389e-07,2.259936646124944e-06,6.881438309490597e-07,-2.196973752164583e-06,-2.960056562311009e-07,-1.350239908620834e-06,-2.388439135415358e-07,-2.080936534284848e-06,-3.7348260021397057e-07,-7.396465557752335e-08,-4.784617984743796e-07,-9.04056515653564e-08,-3.4719056128716954e-06,1.7713072970415553e-07,-3.547892069130933e-07,-3.27150785206116e-07,-7.28795919777789e-07,-3.620762284984031e-07,-2.9351475572779874e-07,-3.868260700007516e-06,5.2015319205805156e-08,-3.473579072972209e-07,-1.8721463002572796e-06,-6.343420346713661e-07,-3.355644767206254e-07,-3.771300291471995e-07,-3.181824783624202e-08,7.139631685712256e-08,-4.126605307018273e-07,-3.363497859645993e-06,-8.200844170391902e-07,-3.875629790497323e-06,3.0435305261775475e-08,7.892838653078525e-07,-2.141450094875429e-06,4.300477045986928e-06,movement,movement,no movement,no movement
3166.66666666666,0.0151243250172123,0.3703938377345406,-0.1838975121666666,0.0281342334330606,0.3851682067624583,-0.1748617241999999,0.030464841022229,0.3858932911599317,-0.1636839481333333,0.0293847217090915,0.3859357475390264,-0.1672460688,0.0102866554462514,0.3939269811704787,-0.1848807554,0.0117445445451872,0.3923524062759254,-0.196489945,0.0143896477323098,0.3832008298704912,-0.1780038399333333,0.078639910521474,0.3802859806362342,-0.0691553643633333,-0.0356774482062869,0.3514759051387691,-0.0634302494933333,0.0442178515333533,0.3639111141018945,-0.1329080513666666,0.0129010205512842,0.3369679684342014,-0.1587765457999999,0.1428811191128648,0.2471798559125832,0.0477698494093333,-0.0829588224401967,0.314351156568845,0.0973411646933333,0.1703804534029049,0.083502137435899,0.0442539567766666,-0.1180047130886978,0.106748705242851,0.0353174200033333,0.10496774535483,-0.0289021760764904,0.0063756507809999,-0.0530562893124034,0.0172862016460781,-0.0820759282399999,0.0788639546368548,-0.0504293174133336,-0.0056216415939333,-0.0101801422625604,-0.002411108824245,-0.1374589390699999,0.0571737991181019,-0.0412122399596016,-0.0197153246746,0.0224438629757212,0.0331251884341398,-0.1453573464966666,0.0957566374426461,-0.0425623993857437,0.0012489434895,-0.0328841936693671,0.0248293411843377,-0.129535869,0.0726135183440733,-0.1165463608376351,0.0259323293133333,-0.070740628674086,-0.1055971895734071,-0.0235584539933333,0.0608631383761563,-0.4559510267341489,-0.0347703508433333,-0.0451466020488623,-0.3927270074424396,-0.0537095961566666,0.0725760431338233,-0.7429215527738606,0.0906710805033333,-0.0756286939819747,-0.7194694968362865,0.0912346487566666,0.0557279001474482,-0.7712269284334192,0.1066585606799999,-0.076679723880659,-0.7481983849633791,0.0639922652366666,0.0372343460021513,-0.7878565854475467,0.0325509656933333,-0.0743381375338369,-0.7630657793662776,-0.0330598857006666,kalt_g_ch1_g18_compr.mp4,ch1g18,1.5616326570751955e-05,0.0005901378641512,4.774591468469849e-05,0.0001942806145653,3.1137904500796104e-05,0.0006216168979781,5.065136816099154e-05,2.862748242120412e-05,2.9387301315915695e-05,2.2439455913861104e-05,0.000637500948015,1.4968548318775846e-05,4.875248654046445e-05,4.868530564707221e-05,0.0001175502809025,2.9170066077939687e-05,2.129636904784004e-05,0.0007353358098989,1.2888347102470856e-05,4.660777111552641e-05,0.0007353467882042,5.606309133684921e-05,4.7642020564924135e-05,4.448542853773688e-05,2.608967403243935e-05,2.4291668287728387e-06,4.197657523304152e-05,0.000597015738654,6.794911069226064e-05,0.000762292646887,3.2503804621542298e-06,2.0763838162538023e-05,0.0007063124474345,0.0008696283784707,2.9099494534316384e-05,0.0007975878065745,0.000771136299611,0.0007319928563934,0.0007325651560508,0.0007027251539469,0.0007179914007059,0.0006953369251231,0.0001434982498631,0.0001192758289926,0.0006105177669972,0.0005933439706564,-0.0004664678229162,-0.0009373493692313,-0.0014913228127208,-0.0025612012130315,-0.0084750580207204,-0.0078449496790153,-0.0103936140207039,-0.0093120695043265,-0.0113884023831683,-0.0102193075100527,-0.0093561473022089,-0.0085485045682502,1.7585092887204315e-05,-3.838913973318899e-05,-7.30541312600462e-05,-9.07753485391014e-06,-0.0001851355049471,-0.0002159928532225,-0.0003091503304651,-0.000224248291103,-0.0002694560357087,-0.0004833391489314,1.2719055029616989e-06,9.53908339014484e-08,5.096169739364471e-07,2.278551312346505e-06,-3.2612559071845853e-06,7.298027322908438e-07,7.419397107947221e-07,-6.292160965025096e-07,3.306835931147333e-06,5.838490123997632e-07,-2.139239399947138e-05,-1.1623178938266668e-06,2.117463585429271e-07,7.854617677919028e-07,-8.131030801396981e-06,-1.5214484519315262e-06,-6.80798103243037e-07,-2.48250252010338e-05,-1.1884664658067308e-06,-1.0683084581151748e-07,1.3361559309879564e-06,1.1352899954434484e-06,1.6379584723498562e-07,4.676134362965603e-07,-2.8381212299037696e-06,1.1040712653470156e-07,-2.7680484859062416e-07,-2.079654228249244e-05,6.730296519955022e-06,-2.506794603482482e-05,3.456715633888148e-07,5.387428955805677e-07,-5.572774662861176e-07,6.547948132636224e-07,-2.9826695626007773e-06,-2.926596107201754e-07,-1.7667155090087164e-06,-1.0542975412243769e-07,-2.8724761925076832e-06,-3.7724545039419683e-07,-1.2129941380683202e-07,-8.142821022705986e-07,-2.204926301671757e-07,-3.444294515627824e-06,3.4494439633277905e-07,-3.134143949564131e-07,-3.316598980736251e-07,-8.242659275829924e-07,-3.769653195780208e-07,-2.523243239622831e-07,-3.87891682324143e-06,2.0103277770326746e-07,-2.908737232488517e-07,-2.785769328818019e-06,-6.597527480368914e-07,-2.955285174119166e-07,-3.442834714824303e-07,1.20657606803645e-07,8.719994047700006e-08,-3.346550334447443e-07,-3.4256632587240086e-06,-1.119544900472914e-06,-3.704437237462872e-06,4.204920319618761e-08,9.111796433645104e-07,-3.09992220623243e-06,4.942892320391259e-06,movement,movement,no movement,no movement
3183.3333333333267,0.0146361808069034,0.371155270739296,-0.1892469728999999,0.0278018324552277,0.3858953591448275,-0.1800643290333333,0.0301264831050609,0.3865786360791269,-0.1688512543333333,0.0290838209360356,0.3866212981207766,-0.1724336731333333,0.0099291852733201,0.3945872507576357,-0.190061007,0.0113754757032594,0.3930261049458306,-0.2016574864,0.0140549367645497,0.3838516489858987,-0.1831548887333333,0.0784757173404974,0.3803413400913438,-0.0740758210533333,-0.0359223476521688,0.3515063400651231,-0.0681645799933333,0.0438038773362911,0.3644674297737511,-0.1382312204833333,0.0125354116093475,0.3375122771975267,-0.1639956052333333,0.1427408177580656,0.2466006258650555,0.0436575334859999,-0.0835646618835396,0.3132382183370015,0.0933832321793333,0.1715625685932401,0.0819492545133573,0.0433218159433333,-0.1198751237326628,0.1039585650948736,0.034772902085,0.1101406232840214,-0.0370903240163942,0.006984679741,-0.058842471619943,0.009116164827168,-0.0814439699833333,0.0853387281842517,-0.0603799323636921,-0.0050463234539333,-0.0172371616073059,-0.0119992607250308,-0.1365048505033333,0.0628209584644006,-0.0521885068800791,-0.0201902082912666,0.0158029795301938,0.0226223442623987,-0.1454900378633333,0.1007724892376287,-0.0516095919538192,0.0013423549561666,-0.038603843771459,0.0159667222026859,-0.125615582,0.0726649321462124,-0.1165311906752534,0.0258763306866666,-0.070759203007188,-0.105632572674217,-0.0234858575833333,0.0613413050744941,-0.4560072353800068,-0.0345910367266666,-0.0447656482555818,-0.3927417273768703,-0.0525475148833333,0.0729850522164064,-0.7430975122044726,0.0913999725499999,-0.0756996866470233,-0.7196641006165688,0.0929250287733333,0.0561549000244964,-0.7715301259972669,0.1073653843466666,-0.0768129256945243,-0.7483973211133634,0.0657766205399999,0.0374648081808468,-0.788152109003376,0.0322965748066666,-0.0742647650379912,-0.7635275552075187,-0.0319025547263333,kalt_g_ch1_g18_compr.mp4,ch1g18,1.743087827431203e-05,0.0005894852821067,4.812037546975461e-05,0.0001961102994737,2.758998037092106e-05,0.0006215438262756,5.118338146342258e-05,2.788929834449656e-05,3.222902283451944e-05,2.2920939236749784e-05,0.0006163218656736,1.3883398934450137e-05,4.882708252494577e-05,4.928598510160695e-05,0.0001097569135006,2.787771959446725e-05,2.091667300974918e-05,0.0007108585284158,1.1706443226324244e-05,4.637671093564734e-05,0.000735891320656,5.6820104259369646e-05,4.768967782425826e-05,4.471029392416688e-05,2.301715148756309e-05,2.598623101428159e-06,4.1533014895554385e-05,0.0005763495774061,7.406064994077238e-05,0.0007376243284021,3.638847666022116e-06,2.173860237219762e-05,0.0007050282686225,0.0008545042789931,2.582305318146134e-05,0.0007612443741771,0.0007353459435511,0.0006940008879947,0.0006940194916713,0.0006498905143291,0.0006652642112179,0.0006404813037336,0.0001103025707212,3.111862195163809e-05,0.0005709489990136,0.000543454082204,-0.0005120295455392,-0.0010545974261644,-0.0014475627336065,-0.002660262751709,-0.0080791912162645,-0.0078137304546521,-0.0098933630938663,-0.0092393416705188,-0.0108912461328371,-0.0101578878486819,-0.0089471503025274,-0.0085149970621899,1.5069174251426869e-05,-3.479767148906529e-05,-5.7690923609547856e-05,-1.6210491282189015e-05,-0.0001596308010037,-0.0001937412698729,-0.0002793078316633,-0.0001970648428658,-0.0002887053485916,-0.0004620351565309,2.0799242597908207e-06,-3.532241072960451e-06,2.648313640892395e-07,1.009349638595796e-07,-3.3694165240822817e-06,-2.83301347524297e-06,4.042020781959036e-07,-8.254963095790845e-07,2.126441313222029e-06,2.78426669424567e-07,-2.4689742565844897e-05,-7.037464890492912e-07,-2.5014720361233108e-08,4.952798377211916e-07,-9.211909972187271e-06,-1.87954547449842e-06,-9.141354001026742e-07,-2.8418907467602837e-05,-8.99828942816082e-07,-3.156292855414555e-07,-2.2430842931929235e-06,4.487643667310511e-07,-5.6628605144459636e-08,1.808202560898055e-07,-2.7084706680733826e-06,2.19436628861027e-07,-5.249583914606123e-07,-2.4112419923374212e-05,5.296184180390938e-06,-2.8504933837519177e-05,4.146876557990133e-07,1.7403288229216663e-06,-4.37153035589093e-06,5.491898820422654e-07,-3.6100296536149786e-06,-2.4674862087734866e-07,-1.9823087524073793e-06,5.8577842539734694e-08,-3.52034356931936e-06,-3.281957949377762e-07,-1.285265759819003e-07,-9.993330283912575e-07,-3.074251597555879e-07,-3.289776357581213e-06,4.371012889705603e-07,-2.327410572249462e-07,-2.903616281467299e-07,-7.173698384809505e-07,-3.888561680126858e-07,-1.999107171887297e-07,-3.748980369475686e-06,3.051860883045883e-07,-1.9868430585799522e-07,-3.58800705125804e-06,-6.117893978852606e-07,-2.185114158964053e-07,-2.768030564398856e-07,2.764601529168487e-07,9.384921824224948e-08,-2.277030539312425e-07,-3.322477500059949e-06,-1.2836902628373758e-06,-3.451460350758726e-06,4.9048205330775564e-08,9.071075407691456e-07,-3.9089029797682105e-06,5.339975497454757e-06,movement,movement,no movement,no movement
3199.999999999993,0.0140957333940101,0.3717880478423264,-0.1948728427333333,0.0273747778011829,0.3865159584714046,-0.1855757534666666,0.0296918602096577,0.3871541485682939,-0.1743249870333333,0.028687558966706,0.3871975351398298,-0.1779303235666666,0.0094787706310507,0.3950990316881549,-0.1955598057,0.0109131420446036,0.3935506410419996,-0.2071455329333333,0.0136289625512663,0.384349018436009,-0.1886235051333333,0.0781992100653417,0.380380988217123,-0.07930774987,-0.0362764541642235,0.3513885742199514,-0.0732426388166666,0.0433488465898805,0.36493032246697,-0.1438128910499999,0.0121357629316383,0.3379233598066681,-0.1694852908666666,0.1425930876031904,0.2460513957180798,0.0393051830793333,-0.0841880214940811,0.312080338816006,0.0892360479983333,0.1726008559091391,0.0804889340193587,0.0420376642333333,-0.1216529652359852,0.1011499530310394,0.0340969662133333,0.1152985616320226,-0.044861644840865,0.0071517131876666,-0.0646928953217196,0.0012519701152139,-0.0809226615366666,0.0918033238450571,-0.0698308122774448,-0.0049519458339333,-0.0243710163392712,-0.021215418384131,-0.1356737700366666,0.0684978733791463,-0.0626444261103014,-0.0211001086079333,0.0090439329543243,0.0124714212529453,-0.14571847363,0.1057903053316249,-0.0602302103841173,0.0010022643295,-0.0443982116185459,0.007413050683678,-0.121266939,0.0727195981503946,-0.1165176141428836,0.0258161260199999,-0.0707813970145279,-0.1056653959015123,-0.0234117647866666,0.0618193078213713,-0.4560524084210534,-0.0343476861733333,-0.0443777403581553,-0.3927596942530112,-0.0512196368966666,0.073370529365032,-0.7432560019161227,0.0923727285566666,-0.075768159878095,-0.7198539522356101,0.0947072280066666,0.0565567463837636,-0.7718073765850408,0.1083303239133333,-0.0769445592152931,-0.7485905596754028,0.0676448249466666,0.0376703788498581,-0.7884335691312865,0.0323286094466666,-0.0742112755356245,-0.7639568459462045,-0.0306634419615233,kalt_g_ch1_g18_compr.mp4,ch1g18,1.9419759499020975e-05,0.0005842255870751,4.781613039209731e-05,0.0001954885317791,2.407227252770989e-05,0.000616893832322,5.093108352705565e-05,2.7014044775476644e-05,3.3706830094324955e-05,2.2921390560126384e-05,0.0005916016330633,1.3783854402382926e-05,4.831915117796459e-05,4.9152341157297995e-05,0.0001007946426472,2.6346652645943384e-05,2.010291489067362e-05,0.0006822325429214,1.1252793790682613e-05,4.561147013424779e-05,0.0007316956091647,5.6507258702668526e-05,4.7178779528646455e-05,4.441746826035184e-05,2.0302492039710357e-05,2.9074594987252533e-06,4.063957460413834e-05,0.0005519528040026,7.8724618539832e-05,0.0007094318194593,4.110309158833316e-06,2.3805248128739516e-05,0.0006985989670457,0.0008332747208953,2.3212422344902473e-05,0.000705462705727,0.0006829028128748,0.0006398834638041,0.0006395062942855,0.0005809321168472,0.0005961204044403,0.0005696175464042,8.322376305394724e-05,-4.895055396632117e-05,0.000520771820243,0.0004823593600652,-0.0005349584293038,-0.0011389831176195,-0.0013959564990804,-0.0027264647208408,-0.0076428059837213,-0.007743159686491,-0.0093445058059921,-0.0091281552256235,-0.0103470218777563,-0.0100580910774551,-0.0084960058969428,-0.0084408271094793,1.2315354335462117e-05,-3.08336299884033e-05,-4.086826010564357e-05,-1.9796357614281837e-05,-0.0001226754869834,-0.0001622459929168,-0.0002368957727661,-0.0001608050687313,-0.0003004205091637,-0.0004331534757206,2.6083588826469053e-06,-7.6258863232357155e-06,2.0541143314542398e-07,-2.0372046739660856e-06,-3.319239608728296e-06,-6.894337188473348e-06,2.6536617584551056e-07,-1.0065077659644134e-06,9.689453065941311e-07,-1.219906478402395e-07,-2.7821710776391577e-05,-1.9644514272081394e-07,-1.8171054608754223e-08,3.816208564385193e-07,-1.0049316573688631e-05,-2.235078234286801e-06,-1.073370026810606e-06,-3.189343129666649e-05,-5.396613041621576e-07,-2.673241494697575e-07,-6.511723879605127e-06,1.647752879974531e-08,-3.8686434567367026e-08,9.525414930382549e-08,-2.4366220630986363e-06,3.35020529924919e-07,-4.998068883434807e-07,-2.731564571618646e-05,3.836406618247307e-06,-3.165036828628954e-05,4.929318135796694e-07,2.72567093788716e-06,-8.878148165836619e-06,4.0275312793942507e-07,-3.908846403919009e-06,-1.6671602500651988e-07,-1.938684105385735e-06,2.2727948614151578e-07,-3.845011943122669e-06,-2.3755871682166065e-07,-1.0079914734088929e-07,-1.0020164766259672e-06,-3.342389417600366e-07,-2.891695700769944e-06,4.353104438369666e-07,-1.2892077415756154e-07,-2.124072939792457e-07,-3.7166862622186883e-07,-3.753312801086308e-07,-1.2893028551584868e-07,-3.3526961916966375e-06,3.44835367495244e-07,-8.714209664600956e-08,-4.061306797727763e-06,-5.002970062971697e-07,-1.1953590624323244e-07,-1.886208136010195e-07,4.0696179069857684e-07,8.792899343780038e-08,-1.0938849407683117e-07,-2.942190961715947e-06,-1.3058393337381455e-06,-2.994028079854273e-06,4.7234195436459717e-08,7.67916777732344e-07,-4.356529822535307e-06,5.2756233274208e-06,movement,movement,no movement,no movement
3216.6666666666597,0.0134687405710135,0.3724271052306043,-0.2004409864666666,0.0268508167400654,0.3871409492469003,-0.1910370861666666,0.029158587563376,0.3877343971882225,-0.1797540492666666,0.0281916038613569,0.3877783139068143,-0.1833733198999999,0.0089395053903568,0.3956008922734088,-0.2010082389666666,0.0103627069804611,0.394066304029075,-0.2125887761333333,0.0131173650344035,0.3848366984965324,-0.1940431861,0.0778321808930162,0.3804703006252544,-0.0845726446466666,-0.0366786959932889,0.3512570882220559,-0.0783228204333333,0.0428150982736317,0.3654038790118184,-0.1493605153666666,0.0116682687129904,0.3383349581248178,-0.1749440508999999,0.1424333343235214,0.2455743051160844,0.0348961133893333,-0.084845410181188,0.310928333828659,0.0849789696079666,0.1735152216758594,0.0792428127882304,0.0402589480433333,-0.1233657861071929,0.0985288109984663,0.0331791482106666,0.1203848047978034,-0.0521331104611793,0.0062711465596666,-0.0705676852801981,-0.0060507808046892,-0.0807292570833333,0.09820123849298,-0.0787680347948897,-0.0060402498822666,-0.0315632730794468,-0.0298468726938018,-0.1352149533699999,0.0741351501553137,-0.0725242874594214,-0.0232028873059333,0.0021778348119167,0.0029335805864333,-0.1463152968966666,0.1107575428114473,-0.0683294786273574,-0.0004184255411666,-0.0502424714259084,-0.0005692146054256,-0.107911929,0.0727838876997665,-0.1165055574337048,0.0257603188733333,-0.070814532699749,-0.1056954426779458,-0.0233440798633333,0.0622900338719413,-0.4560776941133202,-0.0340651538866666,-0.0439833402812101,-0.3927786195341751,-0.0498260092733333,0.0737121061334151,-0.7433576161511376,0.0936733781599999,-0.0758437832761587,-0.7200307734637215,0.0965840836633333,0.0569145314979913,-0.7720155011986781,0.10966275718,-0.0770896866732455,-0.7487682979053125,0.0696161736899999,0.0378031188372961,-0.7886944403115479,0.0327695653533333,-0.0741751958608632,-0.7643618444046036,-0.0293256184021899,kalt_g_ch1_g18_compr.mp4,ch1g18,2.192221826854299e-05,0.0005736040507261,4.7269014938084065e-05,0.0001919477347279,2.077525369331436e-05,0.0006070005729042,5.037879810801839e-05,2.590039660352926e-05,3.394855904830721e-05,2.2402514689592276e-05,0.000561452261427,1.4311233005750542e-05,4.762880566795495e-05,4.874220571042248e-05,8.987888698615367e-05,2.414223240831169e-05,1.8882834819376527e-05,0.0006473024661172,1.1255738052223036e-05,4.471237018440622e-05,0.0007218807086382,5.5542984366667006e-05,4.649184083003628e-05,4.396316796663119e-05,1.808894732063779e-05,3.3301715491065702e-06,3.963899609258533e-05,0.0005220777470391,8.184056944284649e-05,0.000675414830708,4.661738021153147e-06,2.695726344634222e-05,0.0006861451387329,0.0008040577890649,2.13049678307448e-05,0.0006391603895251,0.0006227110131636,0.0005784737424024,0.0005775743162897,0.0005040774334961,0.0005189462287752,0.0004910199278875,6.629875870841799e-05,-0.0001189221713309,0.0004679567164223,0.000417170028848,-0.0005320258921412,-0.0011865825593447,-0.0013106320204574,-0.0027443587155847,-0.0071434392005251,-0.0076145342606135,-0.0087270133323015,-0.0089571405313176,-0.0097345995440957,-0.0099011277424186,-0.0079809176404927,-0.0083101507281851,9.552181446730714e-06,-2.6806989651745916e-05,-2.058522973378132e-05,-1.755026191250561e-05,-7.209896422794787e-05,-0.0001180604697881,-0.000179501594355,-0.0001119722849372,-0.0002980011809956,-0.0003950358716679,2.8517193449986756e-06,-1.1512615886662385e-05,1.8041457656913328e-07,-3.7586838094511303e-06,-3.0485671057463223e-06,-1.0747327688644168e-05,1.8326680211493013e-07,-1.1450725960503942e-06,5.7768752425310575e-08,-5.4804494108167e-07,-3.0480547165948285e-05,2.665289630178833e-07,3.7655486505264263e-08,3.110212199242815e-07,-1.031594931625617e-05,-2.602277944947732e-06,-1.1425097527560428e-06,-3.5030908207862155e-05,-1.6698745901591486e-07,-1.667183789177811e-07,-1.068298381050968e-05,-2.719465471086948e-07,1.9516494884361967e-08,7.458496595798944e-08,-1.9960973513517305e-06,4.345889557911858e-07,-3.988095283436399e-07,-3.0082216174937473e-05,2.5402839749452817e-06,-3.428772802059466e-05,5.569943539478052e-07,3.423923071108404e-06,-1.3347272692763916e-05,2.2473311590782625e-07,-3.8126898205569905e-06,-8.490914357072859e-08,-1.6319041558426787e-06,3.761753435782776e-07,-3.7799803006073408e-06,-1.421879220412948e-07,-4.159492139015007e-08,-8.448477436119195e-07,-2.990978858131264e-07,-2.184058131319161e-06,3.527043379913429e-07,-3.676285361905185e-08,-1.3089820418456725e-07,1.9390621145872034e-07,-3.145254824652546e-07,-3.8398807145038656e-08,-2.6159659006286064e-06,3.2520297362968314e-07,9.84898241336076e-09,-4.122106831609679e-06,-3.627270601775145e-07,-3.17230939597496e-08,-1.0916335291044701e-07,4.915739174289695e-07,6.886401298754378e-08,-1.1268831009551855e-08,-2.229588181646373e-06,-1.1875078698890931e-06,-2.248026598370376e-06,3.411162856538573e-08,5.14798574267933e-07,-4.362112412713739e-06,4.7125765691620285e-06,movement,movement,no movement,no movement
3233.333333333326,0.0127812037624652,0.3730677840859276,-0.2059438935999999,0.0262617870774822,0.3877673369034896,-0.1964205742,0.0285599323491391,0.3883164509887344,-0.1851073835666666,0.0276292242334461,0.3883605939122502,-0.1887381817333333,0.0083320207694567,0.3961006314742236,-0.2063819662666667,0.0097447671791209,0.3945803898452472,-0.2179604321333333,0.0125401427242414,0.3853227570900108,-0.1993912744333333,0.0774147859535932,0.3805731313984719,-0.0897342287066666,-0.0371413599894282,0.3511294004391872,-0.0833060241066666,0.0422294629588537,0.3658783657225674,-0.1548371339,0.0111473264960939,0.3387474866354087,-0.1803335041333333,0.1422561963342029,0.2451054145288406,0.0305533613159999,-0.085535862777311,0.3097733358128375,0.0807396335876,0.1741158616757435,0.0779927339131212,0.0381145081533333,-0.1250320433994469,0.0959222073896496,0.0322573983896666,0.1253100282999459,-0.0590808888501514,0.0045000727729999,-0.0764055863883218,-0.0134193232469515,-0.0805411207333333,0.1044805037933877,-0.0872941154647338,-0.0081169944822666,-0.0387438169536059,-0.0386055099350632,-0.1347591710699999,0.079734562026652,-0.0820033604874411,-0.0262649481559333,-0.0047142243465041,-0.0067663764540875,-0.1469324354299999,0.1156126304059943,-0.0760948326341081,-0.0027326323744999,-0.0560683194662139,-0.0086418677015179,-0.0992973149,0.0728611009444899,-0.1164950907458224,0.0257091033333333,-0.0708608838987401,-0.1057231903781825,-0.0232829351833333,0.0627166720812083,-0.4560892248582304,-0.03372801822,-0.0435921420509633,-0.3927972610970897,-0.04842682867,0.0739812140870599,-0.7434156875439849,0.0953449012766666,-0.0759219166146522,-0.7201615918877048,0.0986412448366666,0.0571992727650832,-0.7721737314766626,0.11141877458,-0.0772369865291869,-0.7488932473426176,0.0717996203599999,0.0378947688555519,-0.7889738122837612,0.03371145732,-0.0741393267825411,-0.7647493608557759,-0.0277044052195233,kalt_g_ch1_g18_compr.mp4,ch1g18,2.4952300041842555e-05,0.0005586771014437,4.706464189861704e-05,0.0001862663129588,1.7856603567862874e-05,0.0005929218943152,5.0137728990844494e-05,2.445847632039524e-05,3.2991482974584625e-05,2.149218486431782e-05,0.0005272093926597,1.5309279173229593e-05,4.7358005175046755e-05,4.864911554155635e-05,7.800277133389398e-05,2.124509241941211e-05,1.729107407087634e-05,0.0006079324908566,1.1633531946364854e-05,4.427314790978456e-05,0.0007078997629087,5.465137148421492e-05,4.6214239849596966e-05,4.382436696087528e-05,1.6457391973174908e-05,3.8366755810749305e-06,3.9074407199667166e-05,0.0004881275542007,8.349120477831521e-05,0.0006372014070027,5.267911446861693e-06,3.111651313023449e-05,0.0006692110572416,0.0007688746221111,2.015402729247466e-05,0.0005774487016477,0.0005681652132897,0.000523109035541,0.0005214417056064,0.000433710664039,0.0004483747284117,0.0004191849191607,6.35016471196313e-05,-0.0001716748856742,0.0004227791168319,0.000359839940353,-0.0005050098479352,-0.0011970000766096,-0.0011908417331733,-0.002715623426709,-0.006606218488164,-0.0074437072394012,-0.0080717840533514,-0.0087509561578292,-0.0090823367965756,-0.0097133069143126,-0.0074259963918621,-0.0081407521029654,6.821099771339035e-06,-2.2878857037747188e-05,4.9789488588068335e-06,-7.81498763042082e-06,-7.885709071196339e-06,-6.222886215745836e-05,-0.0001075064457219,-5.1560703203421905e-05,-0.0002825040896776,-0.0003492359994999,2.865959628790833e-06,-1.530575543190746e-05,1.3920773622547957e-07,-5.069693541401881e-06,-2.5819627091241256e-06,-1.4542056840096585e-05,1.0209285739658201e-07,-1.1626295695771565e-06,-5.706161254356751e-07,-8.956703860698194e-07,-3.2625583351276674e-05,6.450379658900918e-07,6.226400211982577e-08,2.2878788924709922e-07,-9.85546102894021e-06,-2.94199230642063e-06,-1.1897544598556662e-06,-3.768830061834731e-05,1.9658159186100098e-07,-9.66737399752661e-08,-1.4963417441310513e-05,-5.234201686231009e-07,4.2331984412628275e-08,3.3523067172841215e-08,-1.4198837276349635e-06,5.009225514713359e-07,-3.244572059371695e-07,-3.228509894829955e-05,1.524434563731774e-06,-3.647169483526178e-05,5.904437840486846e-07,3.756399095818634e-06,-1.7888432363298798e-05,3.482428303627956e-08,-3.3619465129769107e-06,-3.3900715719690185e-08,-1.1438601012139226e-06,4.832386455404023e-07,-3.3614079721863767e-06,-7.834399825133022e-08,4.2015292562414726e-08,-5.739824018565587e-07,-2.164298025104725e-07,-1.2226345620382109e-06,2.1310189078923954e-07,1.0275755094234981e-08,-7.890987379484568e-08,8.798710835879181e-07,-1.9859965894035633e-07,6.757965897556038e-08,-1.6078220634171912e-06,2.575346698613985e-07,5.944690021551346e-08,-3.798884206417285e-06,-2.421649698479214e-07,1.2727186986161284e-08,-6.338726709891951e-08,5.179345475910445e-07,3.944077883712733e-08,3.9781714234795594e-08,-1.2500170753560275e-06,-9.595815002702646e-07,-1.2668811410856293e-06,1.0951930704008852e-08,1.850950053774989e-07,-3.964533044878931e-06,3.866240564124605e-06,movement,movement,no movement,no movement
3249.9999999999927,0.012016620509249,0.3736674338056142,-0.2115163959333333,0.0255744210890831,0.3883594201839198,-0.2018698280333333,0.0278649541948072,0.3888651322245006,-0.1905252696999999,0.0269689832304383,0.3889070351008745,-0.1941656292,0.0076193557972942,0.3965480665124831,-0.2118347650666667,0.009018115072708,0.3950449720288858,-0.2234109331999999,0.0118590570428531,0.3857577491057756,-0.2048184725333333,0.076903115367975,0.3806801574595622,-0.0948669074966666,-0.0377631230305941,0.3509795526155469,-0.0883226837566666,0.0415755911120531,0.366325647834302,-0.1603436368266666,0.0105455017739964,0.3391267390560749,-0.1857710831333333,0.1420141074878192,0.2446490314841162,0.0262581310326666,-0.0863091814879662,0.3086148417193651,0.0766098054014,0.1743752241065839,0.0768040886911656,0.03604468182,-0.1266349937018869,0.093247741295094,0.0315063323323333,0.1299872972361656,-0.0655727893004663,0.0027339516963333,-0.0822266865191789,-0.0207796192994005,-0.0801547090366666,0.1105802375389564,-0.0952373523578906,-0.0101853120389333,-0.0459323065046325,-0.0472844112543717,-0.1341041190033333,0.0852198366207874,-0.0909346751469497,-0.0292559598959333,-0.0117107313925411,-0.016378125485639,-0.1473109411299999,0.1202480990715232,-0.0834035241243698,-0.0050111935211666,-0.0619141789933126,-0.0166937899536797,-0.0854110345,0.0729624073146827,-0.1164887490622471,0.0256628067466666,-0.0709323522337557,-0.1057454004523622,-0.02322947975,0.0630776202823467,-0.4560901392325167,-0.0333635671066666,-0.0432310992301869,-0.3928109092719004,-0.0469776371,0.0741678541880341,-0.7434162159128253,0.0974912836566666,-0.0760750103210356,-0.720212773916717,0.1011429479033333,0.0574001465594284,-0.7722711820866546,0.1137083610866666,-0.077469814697794,-0.7489294721648749,0.0744983963733333,0.0379251049051671,-0.7892806862681503,0.03525767923,-0.0741605453299145,-0.765111703934198,-0.02552785545619,kalt_g_ch1_g18_compr.mp4,ch1g18,2.8438519787419315e-05,0.0005403425839792,4.779157965413271e-05,0.000179273910646,1.535918567633873e-05,0.000575434523151,5.0825386527932886e-05,2.3038889000769533e-05,3.1481248766751365e-05,2.0510250873302098e-05,0.0004911495816221,1.598838029418116e-05,4.799178398408347e-05,4.946799723295817e-05,6.68034984279532e-05,1.7754424064201292e-05,1.5691223193585466e-05,0.0005666618855352,1.1853504824199489e-05,4.476526573973385e-05,0.0006900004374867,5.459167001904571e-05,4.680508686221234e-05,4.443167140186974e-05,1.5255752300972711e-05,4.351571326278876e-06,3.932223046583313e-05,0.0004525796474687,8.395290532529497e-05,0.0005969589604207,5.884744051968615e-06,3.563963484922102e-05,0.0006482385191219,0.0007303425824945,1.93195122838532e-05,0.0005451740431884,0.0005407940075248,0.000495638743784,0.0004927275015508,0.0003918794640411,0.0004066575003742,0.0003764044251635,7.596489545661362e-05,-0.0002028215651915,0.0004027894700617,0.0003290845747241,-0.0004675053961748,-0.0011824701397958,-0.0010577092622229,-0.00266308967968,-0.0060711098742427,-0.0072333646511644,-0.0074210835431535,-0.0084972034925609,-0.008427640255397,-0.0094747860273996,-0.0068684152446894,-0.0079292296191423,4.274833354541794e-06,-1.9150943540404236e-05,3.639204527790883e-05,6.1541952747860075e-06,6.146052225324356e-05,-1.1578308309875214e-06,-3.0529540947852686e-05,1.4006850745767444e-05,-0.0002577392510522,-0.0002970419642945,2.65700378413473e-06,-1.8807565776328095e-05,7.190039758872948e-08,-6.037813521192287e-06,-1.950582087380241e-06,-1.8036320749002772e-05,6.617674141072387e-09,-1.0099807935903125e-06,-9.159244613449248e-07,-1.0970656996452178e-06,-3.376900459735518e-05,8.116591194990655e-07,2.5662095379495065e-08,1.2076172220929332e-07,-8.609447193469431e-06,-3.1617855360388725e-06,-1.1931057773981317e-06,-3.9311078130702554e-05,4.631078211631568e-07,-8.399291047310892e-08,-1.8979182994175056e-05,-7.286069574879945e-07,6.205222716844918e-09,-4.9489753262606424e-08,-7.61422087278527e-07,5.105805464614761e-07,-3.1693068876289857e-07,-3.342264324980187e-05,7.460846189070795e-07,-3.773554609041823e-05,5.705283424460013e-07,3.5922539344324e-06,-2.211793722860853e-05,-1.399246547666277e-07,-2.6430556026117825e-06,-3.983644248240748e-08,-5.79213806330313e-07,5.351527721978336e-07,-2.6710445252633683e-06,-7.466822331428488e-08,1.2521451259592289e-07,-2.623191151178087e-07,-1.12673050478735e-07,-1.460895157522391e-07,6.81013896612579e-08,-8.631838692102328e-09,-8.270790600848358e-08,1.5428402690740935e-06,-2.9337762546343492e-08,1.6842100715511634e-07,-4.732398006983409e-07,1.7386452033818546e-07,4.140928460680645e-08,-3.1519054857312805e-06,-1.7881712577232587e-07,-5.843495044094362e-09,-6.954054253130813e-08,4.883022446566652e-07,3.876628234377361e-09,2.8168323146843337e-08,-1.529867693817075e-07,-6.798604608752085e-07,-1.8291346459258434e-07,-1.9886764532668073e-08,-1.5997140131574481e-07,-3.229798267789358e-06,3.1184920393394716e-06,movement,movement,no movement,no movement
3266.6666666666592,0.011243793884143,0.3742182664696977,-0.2174120542666666,0.0248794653508816,0.3889084098737076,-0.2076690167666667,0.0271631568444894,0.3893709466318996,-0.1962881678999999,0.0262998534355386,0.3894083262060094,-0.1999305646,0.0068961786685467,0.3969457137222303,-0.2176308324666667,0.008279795527578,0.3954584829105968,-0.2292060797333333,0.0111670947413194,0.3861401321940969,-0.2105816943,0.076391697461458,0.3807892463832266,-0.1002969840166666,-0.0384009457136777,0.3508213603170587,-0.0936366200199999,0.0409167788679675,0.3667445389057786,-0.16613106829,0.0099356607573203,0.3394739619688972,-0.1914959627666666,0.1417695326432164,0.2442128482498129,0.0217925070859999,-0.0870829312698847,0.3074853572993283,0.0723124055084,0.1743538679253381,0.0757721417748111,0.0337530701133333,-0.1279684488509126,0.0905852185179632,0.0306567911823333,0.1343255072508552,-0.0713485036944818,0.0008977025863333,-0.0876217065774661,-0.0279230310577636,-0.0794077547699999,0.1163296882859289,-0.1022660210119437,-0.0121037386922666,-0.0526698242637348,-0.0556258914442747,-0.1329682680366666,0.0904857679013306,-0.0989995257523257,-0.0318276369426,-0.0183597428483665,-0.0256795921530183,-0.1471819054966666,0.1245968778112801,-0.0899681854122034,-0.0072021338511666,-0.0673686175514336,-0.0245128446059712,-0.0681927726,0.0730722328202872,-0.1164880728204637,0.0256248691366666,-0.0710133148722037,-0.1057594362783967,-0.02318927952,0.0634244426720541,-0.456045177374455,-0.0329336534566666,-0.0429203216542566,-0.3927975126216778,-0.0454561943933333,0.0743308664535055,-0.7433232073910799,0.0998324480433333,-0.0762682162700733,-0.7201697720766815,0.10384321967,0.0575727050336435,-0.7722684073805671,0.1161963957966666,-0.0777460514506512,-0.7488672465954332,0.0774107001733333,0.0379587911046455,-0.7895553867623291,0.0371530602433333,-0.0742278152293506,-0.7653926515114232,-0.02302030214619,kalt_g_ch1_g18_compr.mp4,ch1g18,3.148940743668667e-05,0.0005199724016354,4.850211153064622e-05,0.0001727142848881,1.3585946810201518e-05,0.0005558347377545,5.147636338127364e-05,2.1985818036151717e-05,2.9949369075658935e-05,1.9224200966514708e-05,0.0004571407764047,1.662143212662344e-05,4.866821373538374e-05,5.022997350978674e-05,5.8153455894613825e-05,1.4196657986918678e-05,1.4381438004307142e-05,0.0005273647774842,1.2219493291053158e-05,4.534701447844402e-05,0.0006691039063579,5.4450088316186486e-05,4.7441441077006023e-05,4.489836432557516e-05,1.4643398409055487e-05,4.877652609150373e-06,3.95774685969628e-05,0.0004190771165937,8.383296289750207e-05,0.0005589056713293,6.472109249990239e-06,3.966055608549992e-05,0.0006242337547131,0.0006922492157828,1.9072103535174666e-05,0.000529794688717,0.0005282808395609,0.0004834897451207,0.000479215458859,0.0003689585936539,0.0003839302327315,0.0003529414870773,9.192706084745148e-05,-0.000219312533936,0.0003955385864478,0.0003148642462902,-0.0004334493123639,-0.0011612149046967,-0.0009359525597632,-0.002616394021173,-0.0056044557201078,-0.0070206134675759,-0.0068480614551994,-0.0082310173523018,-0.0078493596830352,-0.009218037159451,-0.0063783556630403,-0.0077109040199679,2.112189767810725e-06,-1.5913432276119473e-05,7.197745579259637e-05,1.9832959433878217e-05,0.0001288659621866,5.8543966882239574e-05,4.38260887684979e-05,7.792338458667359e-05,-0.0002313936080638,-0.0002452164899926,2.393992175012145e-06,-2.1266624075234696e-05,2.4033121734710475e-08,-6.4473899566778626e-06,-1.2709485458332037e-06,-2.0496732748321134e-05,-6.403559732306137e-08,-7.704506064750351e-07,-9.570357113541398e-07,-1.0780675773775149e-06,-3.348687290744109e-05,7.473630735696946e-07,-1.7684984906474663e-08,3.4612865312012686e-08,-6.657302717055212e-06,-3.159395456558704e-06,-1.048312011316858e-06,-3.932389024175147e-05,5.719750593983338e-07,-8.039050413602671e-08,-2.1896483649934377e-05,-8.748392370664942e-07,-3.5673889316196195e-08,-1.485655876191337e-07,-1.855788595643743e-07,4.787224559992936e-07,-3.449510028617165e-07,-3.3089498959856276e-05,2.786796230366947e-07,-3.756783606151011e-05,5.143274930012031e-07,3.1622709847658537e-06,-2.510353815126127e-05,-2.527622463363377e-07,-1.788948922066609e-06,-6.784586294880185e-08,-7.092694556759133e-08,5.196501023016712e-07,-1.8463663899076836e-06,-9.601686457208461e-08,1.832675617058448e-07,1.9681999975517585e-08,-3.3404309396577014e-09,8.20082879676171e-07,-6.565964920616429e-08,-5.7732848843398894e-08,-1.069870208346807e-07,2.029811092239516e-06,1.680047139298031e-07,2.4305672113234384e-07,5.61643215588717e-07,8.001276292183436e-08,-9.206540010524374e-09,-2.32328167647304e-06,-1.4603526427350985e-07,-5.339674044436665e-08,-9.378132619774434e-08,4.043282262102497e-07,-3.4384161706379725e-08,-1.232547400871308e-08,8.436028665257221e-07,-4.1952275888131474e-07,7.628005848991017e-07,-5.4164326802319526e-08,-4.546098958932336e-07,-2.295281856689552e-06,2.834989901914965e-06,movement,movement,no movement,no movement
3283.3333333333258,0.0104824796588687,0.3747442658513625,-0.2235320093666666,0.0241826079254272,0.389432124938629,-0.2136941552666666,0.0264598768208198,0.3898507265060215,-0.2022699971666666,0.0256262927551489,0.3898826088731756,-0.2059097543666666,0.0061695910526985,0.397316490106649,-0.2236697560333333,0.0075364409408424,0.3958448129205258,-0.2352456246666666,0.0104708914724785,0.3864959387119285,-0.2165831181,0.0758736461320381,0.3808882632294244,-0.1058849338566666,-0.0390589459290629,0.350643469717975,-0.0992083775099999,0.0402634348936993,0.3671428837333163,-0.17210970547,0.0093255650096948,0.339801473921292,-0.1974471770999999,0.1415066994543893,0.2437847597970659,0.0172072223459999,-0.0878700711677475,0.3063542521022999,0.0678023692750666,0.1741443974945841,0.0749281303840462,0.0314553588033333,-0.1289386360637212,0.0879510618595342,0.0296058170656666,0.138352524616982,-0.0765733720453334,-0.0003659985833333,-0.092306984080724,-0.0348697066771623,-0.0787013098566666,0.1217231630705958,-0.1086619924579193,-0.013256922917,-0.0586114769368618,-0.063730108484877,-0.1318252431699999,0.0954593734996255,-0.1064414258640982,-0.0335782947826,-0.024309003451558,-0.0347787201640494,-0.1470157500966666,0.1286544918682818,-0.095967401375685,-0.0087497676608333,-0.0721326821636337,-0.0321406194323421,-0.0582666658,0.0731906472655471,-0.1164882026999899,0.0255992220666666,-0.071104421494372,-0.1057718115875104,-0.02316502661,0.0637645163998841,-0.4559548716074247,-0.0324516914166666,-0.0426376462992454,-0.3927578170414337,-0.0439114686233333,0.0744698215824637,-0.7431346624153357,0.1022832243866666,-0.076463988316645,-0.7200248839081337,0.1066600254033333,0.0577165066303025,-0.7721630091297084,0.1187970966866666,-0.0780248303986426,-0.7486969176848515,0.0804491988166666,0.0379880726911032,-0.7897800758771243,0.03916305422,-0.074294319145249,-0.765585937527927,-0.0203689449928566,kalt_g_ch1_g18_compr.mp4,ch1g18,3.3682021973767736e-05,0.0004981674119914,4.891352816251941e-05,0.0001668734138828,1.2611869637572284e-05,0.0005347400321933,5.181390710044893e-05,2.138936660921109e-05,2.9270782334263655e-05,1.8124148819300404e-05,0.0004259300821924,1.7167720127775848e-05,4.902765944023549e-05,5.063909798883687e-05,5.3046413045320264e-05,1.1043125495219748e-05,1.3544177249607837e-05,0.0004906761782726,1.2709686543985834e-05,4.5654330628329e-05,0.0006461617526468,5.401207040540485e-05,4.776549725226352e-05,4.500792263339925e-05,1.4633803937056233e-05,5.348129633608278e-06,3.9552354975771207e-05,0.0003882142687204,8.376468126274796e-05,0.0005240840838009,6.966497502194585e-06,4.2332841094901864e-05,0.0005982261818262,0.0006553943446554,1.9382578510471124e-05,0.0005218511255522,0.0005221543106774,0.0004778148600471,0.0004724415942711,0.0003561294141161,0.0003711683781757,0.0003393891778924,0.0001053496668569,-0.000232554343555,0.0003934674864704,0.0003079016072394,-0.0004168871181293,-0.0011541399149511,-0.0008404804664166,-0.0025841030260988,-0.0052117973857693,-0.0067993325940182,-0.0063570046735638,-0.0079456999908283,-0.0073582817217078,-0.0089394109594936,-0.0059630997397049,-0.0074802863294009,3.786575972810328e-07,-1.3193117884140104e-05,0.0001125824813881,3.720769797267839e-05,0.0001893169357393,0.0001140440269194,0.0001102814965332,0.0001367335376239,-0.0002011663283154,-0.0001897893965018,2.1239130975923044e-06,-2.235748280270468e-05,-5.1677787353046737e-08,-6.24112489311475e-06,-6.905787907425506e-07,-2.1644330808136785e-05,-1.6057383712148746e-07,-5.093120292992597e-07,-7.730962715469214e-07,-9.28997223332508e-07,-3.204692032171814e-05,5.124451370374028e-07,-1.1962358561210644e-07,-7.547592938725359e-08,-4.217926933408659e-06,-2.8829260904233504e-06,-7.361900468051488e-07,-3.808791547806149e-05,5.340482176838591e-07,-1.3904860411135596e-07,-2.3469867087361488e-05,-1.0078991734987002e-06,-1.3230715529431224e-07,-2.926758021390137e-07,1.8816087765162837e-07,4.084722498423351e-07,-4.467840693129883e-07,-3.155802425353461e-05,2.4590481964112123e-08,-3.629405983456213e-05,4.26322623458584e-07,2.5218599540272196e-06,-2.6541400485045916e-05,-2.834024979849037e-07,-9.270305643795751e-07,-9.576731384469409e-08,3.005467773132444e-07,4.4391909846694425e-07,-1.022537690075674e-06,-1.1926200072620706e-07,2.0927316080608893e-07,2.0721883637295224e-07,7.685692326802364e-08,1.5407033900056626e-06,-1.657681795852495e-07,-1.0852055377697725e-07,-1.2947505294547828e-07,2.2343076532787057e-06,3.638794006113854e-07,2.739985773283172e-07,1.3660759781681202e-06,-8.312079954605957e-09,-6.437280323331868e-08,-1.4768393417271484e-06,-1.2730998654562556e-07,-1.0211445090318737e-07,-1.15950350716791e-07,2.81981834139968e-07,-6.988547852650195e-08,-5.6855894202781185e-08,1.6107820806190565e-06,-2.3621477995616633e-07,1.4242809627273356e-06,-8.661499092559258e-08,-6.410957851684287e-07,-1.3199840486213228e-06,2.921722716718776e-06,movement,movement,no movement,no movement
3299.9999999999923,0.0097501651771565,0.3752270324373132,-0.2296963798333333,0.0234941333152682,0.3899174608865987,-0.2197835202333333,0.0257650766074609,0.3902917030128444,-0.2083105563999999,0.0249599918594418,0.3903170915231184,-0.2119461432333333,0.0054552830864681,0.3976389635785818,-0.2297882567666667,0.0068050382733171,0.3961819525557786,-0.2413670385666666,0.0097858862656777,0.3868007102883565,-0.2226630049333333,0.0753417800912995,0.3809825973974848,-0.1115733586233333,-0.039721980760609,0.3504057707546188,-0.1049545927099999,0.0396244773668138,0.3675077009728816,-0.1781399756666666,0.0087316759793871,0.340083837329548,-0.2034758208333333,0.1412252092826005,0.2433626542429452,0.0123950602259999,-0.0886547869572496,0.3052072971140041,0.0631374091384,0.1737776775910746,0.0741869971944232,0.0289719349399999,-0.1297036157589153,0.0853839999755182,0.0281200853023333,0.1419722594999123,-0.0815282245600671,-0.001766318938,-0.096535731897795,-0.0415343331042755,-0.0781555170833333,0.1266340842163661,-0.1147011168672992,-0.0143436368793333,-0.0640350957813933,-0.0715024090874583,-0.1308391936033333,0.1000101924129857,-0.1135309002754828,-0.0352279713559333,-0.0297737332243267,-0.043593291699072,-0.1470312497633333,0.1323191719152813,-0.10167731306518,-0.0103471108581666,-0.0764589122437274,-0.039496588048973,-0.0414488688,0.0733102032773251,-0.1164888534453493,0.02557208327,-0.0711969463256024,-0.1057833554890914,-0.0231404293866666,0.0640822195356222,-0.4558014765359947,-0.0319605120133333,-0.0423649452676263,-0.3927111561649027,-0.04228739954,0.0745946501966672,-0.7428900646131757,0.1047312489766666,-0.0766471267876899,-0.7198498582263938,0.1095045530033333,0.0578507319610692,-0.7719932054031032,0.1213738323,-0.078290384341971,-0.7484950480633381,0.0835072814333333,0.0380439879977704,-0.7899519898942277,0.0411028175366666,-0.0743620449101099,-0.7657099059211386,-0.0177201274928566,kalt_g_ch1_g18_compr.mp4,ch1g18,3.5122702107948434e-05,0.0004760791910398,4.9003740098524185e-05,0.0001618119412898,1.2442628953094276e-05,0.0005131695269199,5.180597882379084e-05,2.120797389139766e-05,2.9455614541069052e-05,1.720247192749446e-05,0.0003958680035041,1.756055131707943e-05,4.909453318605176e-05,5.068286761035675e-05,5.1283074757774295e-05,8.453792437289753e-06,1.3245119391125344e-05,0.000454507283286,1.3249217486117275e-05,4.571869447846398e-05,0.0006221104493415,5.324353730106703e-05,4.781349681237166e-05,4.477111239035115e-05,1.5197477769990354e-05,5.730618480394211e-06,3.928104121945152e-05,0.0003586319759726,8.411557899048498e-05,0.0004899444448239,7.346944431636899e-06,4.408630385389695e-05,0.0005713024384366,0.0006197429696509,2.0161971494965138e-05,0.0005100744602963,0.0005122306982237,0.0004683855109617,0.000462224176617,0.0003433360039418,0.0003580953399169,0.0003255436860716,0.0001118695758387,-0.0002451033064372,0.0003878843267049,0.0002990533978495,-0.0004127603529763,-0.0011592285587789,-0.0007690357741211,-0.0025639045457553,-0.004864637045901,-0.0065789120287718,-0.0059098849332855,-0.0076496659504831,-0.0069075736109727,-0.0086435083197866,-0.0055893263391138,-0.0072439654860388,-8.316600203542573e-07,-1.1159674208956838e-05,0.000156060192146,5.2419880980925635e-05,0.0002356423622036,0.0001604263719283,0.0001608165766399,0.0001854124653424,-0.0001746496195329,-0.0001349304621001,1.8875000073815164e-06,-2.2346317327181732e-05,-1.4611041659950038e-07,-5.6148796144319014e-06,-3.038045806498499e-07,-2.1761545415785338e-05,-2.781505615064389e-07,-2.7438171673047404e-07,-4.4311147234469174e-07,-7.396198207992378e-07,-2.9858919766962447e-05,1.973736292127039e-07,-2.582962607191999e-07,-2.0219577591225406e-07,-1.705088692125735e-06,-2.375831748393674e-06,-3.319577455276227e-07,-3.594394551266031e-05,4.0609422451481236e-07,-2.3786570689861078e-07,-2.3973325338688765e-05,-1.1219868195030947e-06,-2.6224525454758546e-07,-4.428185585942976e-07,3.445646289392224e-07,3.1781455919690957e-07,-5.690675735925403e-07,-2.9223414718573676e-05,-1.0510887286141769e-07,-3.4287636158186065e-05,3.2241493535775664e-07,1.77671043706868e-06,-2.673911665941367e-05,-2.4582654098048613e-07,-2.0148853942977455e-07,-1.0774084857338642e-07,4.997188081247038e-07,3.230255208043673e-07,-3.463150232340855e-07,-1.267398216345894e-07,1.9985122865027602e-07,2.830526718008222e-07,1.1456570482874853e-07,1.9917573884677673e-06,-2.1512668728871517e-07,-1.4312348393902317e-07,-1.3501657346376108e-07,2.121086307119434e-06,5.347568681844285e-07,2.526892548549941e-07,1.927803778266516e-06,-7.504168081000876e-08,-1.066819622921868e-07,-7.817233282015135e-07,-1.0551446372917793e-07,-1.3560226212727924e-07,-1.209299175303343e-07,1.3995016457460038e-07,-9.80922231954132e-08,-8.836536739417339e-08,2.116104822803839e-06,-1.6104676623452134e-07,1.8068125262922436e-06,-1.1306353881903902e-07,-7.165691067692806e-07,-4.75343105536852e-07,3.044211435176332e-06,movement,movement,no movement,no movement
3316.666666666659,0.0090499352690458,0.37567988139835,-0.2356853680999999,0.0228076820302579,0.3903762468576882,-0.2257116611333333,0.0250717692510545,0.3907058514245893,-0.2141882627999999,0.0242937270031182,0.3907248030339574,-0.2178190847333333,0.0047495151695857,0.3979279790252675,-0.2357562130333333,0.0060824591162113,0.3964847134748522,-0.2473373988999999,0.0091085049421876,0.3870702600090974,-0.2285929831,0.0747828336665277,0.3810641352620762,-0.1171943149066666,-0.0403978286055408,0.3501108261804175,-0.1106928471066666,0.0390034968943617,0.3678465190311538,-0.1840255811666666,0.0081671942935846,0.3403302179651661,-0.2093809826333333,0.1409358734651959,0.2429427373004222,0.0074998328226666,-0.0894370102062924,0.3040254796818576,0.0584002909517333,0.1733394421900302,0.0734880585350411,0.0264103096766666,-0.130376560253164,0.0828747920378,0.0263546634623333,0.1451625095373478,-0.0862854357363456,-0.0032170877029999,-0.1007221899280145,-0.0480864722045263,-0.07780322085,0.1310148314738325,-0.1204919099281441,-0.015340553466,-0.0694414483507297,-0.0791476359966101,-0.13004312787,0.1040154350086141,-0.1203384340400353,-0.0367734141026,-0.0352295542998072,-0.0523129786287445,-0.1471993328633333,0.1355357015081525,-0.1071625320993732,-0.0119223853859999,-0.0807584602316407,-0.0467511725741275,-0.0384297781,0.0734308694157108,-0.1164896319695519,0.0255462611733333,-0.0712906227185137,-0.1057945212332608,-0.02311852797,0.0643908822879319,-0.455625869483979,-0.0314646571866666,-0.0420950322150131,-0.392663164891302,-0.0406713592333333,0.0747201046206071,-0.7426339997102926,0.1071461212099999,-0.0768130357819822,-0.7196749685648621,0.1122525849166666,0.0579879803748049,-0.7718103870771829,0.12392514803,-0.0785361443273313,-0.7482942256779965,0.0864467637133333,0.038150050287343,-0.7901031615328864,0.0429715323,-0.0744147839816886,-0.7658240618032517,-0.01519487737619,kalt_g_ch1_g18_compr.mp4,ch1g18,3.612291358981244e-05,0.0004542279700207,4.843477913084371e-05,0.0001570229581041,1.2630433842745214e-05,0.0004918799883631,5.112398900538166e-05,2.127543859974584e-05,2.9983400649190667e-05,1.642886484304433e-05,0.0003673101198769,1.7757407323913032e-05,4.8443448963683305e-05,5.0037762570292545e-05,5.162731734379941e-05,6.522932735892137e-06,1.3237055288151042e-05,0.000419421548052,1.3766695766029416e-05,4.5101353283638625e-05,0.0005985068791294,5.1855165320516205e-05,4.71685937797201e-05,4.391278509556442e-05,1.5897839310583443e-05,5.964054663801576e-06,3.835739457783518e-05,0.0003306757852301,8.477462373274041e-05,0.0004568877523017,7.557350472797088e-06,4.458652240721034e-05,0.0005447970150162,0.0005856544313455,2.103005485155815e-05,0.0004850791632879,0.0004882992097612,0.0004448567034081,0.0004382608711834,0.0003194232035009,0.0003334606148688,0.0003000888182716,0.0001097994446825,-0.0002669498078751,0.000370068190044,0.0002779987807805,-0.0004128191303279,-0.0011757306790316,-0.0007146511293357,-0.0025418813504547,-0.0045562786015439,-0.0063512610830165,-0.005503106237884,-0.0073438863671204,-0.0064957038753285,-0.0083409986950143,-0.0052521788665393,-0.0069997015208886,-1.5286302354006093e-06,-9.752225260392486e-06,0.0001999944499296,6.303968418700857e-05,0.0002653160173797,0.000195834767748,0.0001929835512506,0.0002223699331903,-0.000151725053341,-8.291094449374088e-05,1.699012289335782e-06,-2.1922698036536387e-05,-2.549411806576064e-07,-4.748516985875481e-06,-8.569600492967565e-08,-2.1542296789676228e-05,-4.123381367657939e-07,-8.36283722424679e-08,-4.762756922152306e-08,-5.655575789924757e-07,-2.7194949289668687e-05,-8.654687871775852e-08,-4.135102601417942e-07,-3.3871985909877714e-07,5.296868714063549e-07,-1.7238074237885365e-06,2.7177857639066315e-08,-3.3238806701576466e-05,2.650815491606548e-07,-3.585773385435844e-07,-2.4220550250472497e-05,-1.2164238776000257e-06,-4.063588722543936e-07,-5.726335822767256e-07,3.46677079470525e-07,2.1454346464572025e-07,-6.696338591598608e-07,-2.6420568937794698e-05,-1.6301299866912082e-07,-3.1807897536761935e-05,2.0699456380451482e-07,1.043250455200778e-06,-2.655288390614144e-05,-1.697956237762725e-07,2.994345688296955e-07,-8.19673401876903e-08,5.427274554402183e-07,1.9890804418766766e-07,8.710597984681743e-08,-9.56073271915465e-08,1.6554237475386514e-07,2.7145510780941453e-07,1.0789164700895152e-07,2.1274522567954914e-06,-2.003695564576039e-07,-1.339653601178026e-07,-1.0277433804707023e-07,1.7362613567035172e-06,6.64479892865945e-07,1.818634406081865e-07,2.18861240508729e-06,-1.0253599302075953e-07,-1.0811484357300381e-07,-3.6600379349001075e-07,-5.6794278494224516e-08,-1.271765647513974e-07,-8.91310935811223e-08,1.7618767510508103e-08,-1.1498516239739909e-07,-8.161213997855533e-08,2.3106123842141206e-06,-1.7844246019496536e-07,1.8685047871916415e-06,-1.2952216739038325e-07,-6.713481322203315e-07,1.09449589965349e-07,2.95596807167541e-06,movement,movement,no movement,no movement
3333.3333333333253,0.0083691681621136,0.3761226138530758,-0.2411565981333333,0.0221239868782734,0.3908229642135178,-0.2311206986999999,0.0243812957887681,0.3911094546208671,-0.2195530557999999,0.0236303401167703,0.3911210707997384,-0.2231755013333333,0.0040527197109572,0.3981980080679523,-0.2412021091,0.0053688924561351,0.3967678520257821,-0.2527828772666666,0.0084396364499376,0.3873204657718382,-0.2340030175666666,0.074193181612628,0.3811454611474668,-0.1223924040666666,-0.0410715629804189,0.3497728860828266,-0.1160142583966666,0.0383969184883931,0.3681775128354761,-0.1894327828999999,0.0076254997394016,0.3405580598824173,-0.2148078211333333,0.1406569970311896,0.2425110317452146,0.0028722251826666,-0.0902104803943598,0.3028188701316519,0.0539145496950666,0.1728507330470565,0.0727882198863393,0.02393275445,-0.1308835312702524,0.0803622639330535,0.024652921239,0.1480387352296561,-0.090764919051835,-0.0044296448843333,-0.1047315673601541,-0.054494526701155,-0.07730279215,0.1350073179616224,-0.1258682089213637,-0.0160846509626666,-0.0746475653351923,-0.0865540223971202,-0.1290127806366666,0.1076461728382355,-0.12666305411245,-0.0380271298792666,-0.0405599412920088,-0.0607389280102929,-0.1470294631299999,0.1384305899347551,-0.1123066856419233,-0.0132312400086666,-0.0849099596974248,-0.0538212524731135,-0.0390955284,0.0735542173338319,-0.1164911282982709,0.0255258113166666,-0.0713878662752273,-0.1058047119097328,-0.0231047140333333,0.0646900243369456,-0.4554079234150854,-0.0309311470633333,-0.0418245936519743,-0.3925840671628964,-0.03916728864,0.0748569688203827,-0.7423475284917456,0.1096131327766666,-0.0769016294938356,-0.7194708051516366,0.1147587464133333,0.0581416629597796,-0.7715932090381018,0.12654183439,-0.0786929255216568,-0.7480658459169363,0.0891204726133333,0.0383340354012454,-0.7902177840771113,0.0448841987233333,-0.0744020640061255,-0.7658777085184388,-0.0128970038928566,kalt_g_ch1_g18_compr.mp4,ch1g18,3.740612852050091e-05,0.000432439379688,4.765608106102659e-05,0.0001528036956312,1.294708484481127e-05,0.0004703361081633,5.0180879887818846e-05,2.1436868980548596e-05,3.0283466357256745e-05,1.6073376229019734e-05,0.0003399866080336,1.7422800385489734e-05,4.745247557437173e-05,4.91566892776433e-05,5.357853904794839e-05,5.0195608893383355e-06,1.3381580974389792e-05,0.0003853759416007,1.391454640611859e-05,4.418302955836894e-05,0.0005738481852666,5.0115525742929854e-05,4.620336478250126e-05,4.285650833928257e-05,1.6538169427228564e-05,6.055327632199716e-06,3.716987497753598e-05,0.0003043546097084,8.500099790983312e-05,0.0004241375741841,7.62073394853766e-06,4.492428742096529e-05,0.0005180409104442,0.000553041747792,2.161308977660865e-05,0.0004490359029856,0.0004540577014482,0.0004114286784873,0.0004045700026857,0.0002874104239483,0.0003005338574374,0.0002663815208704,0.0001065291757162,-0.000286962598843,0.0003439623406021,0.0002484381838432,-0.0004072223564902,-0.0011864129991978,-0.0006764085139377,-0.0025153055777823,-0.0042586444425163,-0.0060991456897527,-0.0051008404892695,-0.0070045943844882,-0.0060825970678587,-0.0079988446341058,-0.0049223393121347,-0.0067274996690909,-1.6618179954250846e-06,-9.051949077621125e-06,0.0002401353553098,6.688706469683853e-05,0.0002772135635522,0.0002189165408877,0.000206171595597,0.0002469395459913,-0.0001318190375729,-2.958463011308883e-05,1.546379365747213e-06,-2.1320579116279128e-05,-3.9920806322650116e-07,-4.0072739301635144e-06,-5.04928942595513e-08,-2.11932307687357e-05,-5.802232325417682e-07,3.3606132054944975e-08,2.365836877484795e-07,-4.773395473715791e-07,-2.473607716715355e-05,-2.508818941034949e-07,-6.042908985093735e-07,-5.067588531657396e-07,2.102166446574709e-06,-9.157930321192178e-07,2.0416554163390154e-07,-3.064358240424551e-05,1.6121751356060385e-07,-5.228522820854356e-07,-2.432349593138033e-05,-1.3222675755462838e-06,-5.856257992760083e-07,-6.916248651683052e-07,2.1136877773821185e-07,9.867137137947177e-08,-7.667150132003979e-07,-2.3829254309215777e-05,-2.8433307518664576e-07,-2.952308632196083e-05,7.759232506731883e-08,3.813057070370074e-07,-2.6118434663451733e-05,-1.1928161550358568e-07,5.557728213060134e-07,-4.424436213887001e-08,4.450121109255086e-07,9.368955705361461e-08,2.705906053801843e-07,-4.942277278486856e-08,1.1981551888659806e-07,1.946994770153623e-07,5.254777442899411e-08,1.9392713573838736e-06,-1.3185821367477794e-07,-1.0297066418289777e-07,-5.8772569175089484e-08,1.1182840932687658e-06,7.37093070053874e-07,7.063032269017009e-08,2.1243511131408747e-06,-9.16368235114189e-08,-8.932971333929045e-08,-2.148856334524478e-07,3.784085072429703e-09,-9.834352248115448e-08,-4.5429659556184793e-08,-6.826896591468223e-08,-1.2125275919770832e-07,-5.793746333909888e-08,2.1754820583593903e-06,-2.498147701026874e-07,1.6186319893624068e-06,-1.3706489752378978e-07,-5.788067265558016e-07,4.180968136378001e-07,2.547587232515185e-06,movement,movement,no movement,no movement
3349.999999999992,0.0076910552157811,0.3765880218187167,-0.2459438013333333,0.02143536428609,0.3912929251537336,-0.2358435824999999,0.0236864590689123,0.3915362237439447,-0.2242407703666666,0.0229605680065793,0.3915412142922122,-0.2278537765333333,0.0033580545570395,0.3984970656809288,-0.2459607472666666,0.0046575853048395,0.3970790304592379,-0.2575412894333333,0.007772800478333,0.3875978381806377,-0.2387299574666666,0.0735579082136535,0.3812578768732915,-0.12700612393,-0.0417455728114797,0.349465577099176,-0.1207524046966666,0.0377916162147297,0.3685323923191894,-0.1942019770333333,0.0070858083573478,0.3408104075985068,-0.2195952369,0.1403720586077821,0.2421116214747027,-0.0013863267606666,-0.0909720636848576,0.3016181643627571,0.0497433188750666,0.1722364128379438,0.0721080154959377,0.0215192236166666,-0.1312853915765673,0.0778612365293389,0.0230092418223333,0.1506744983331913,-0.0948892440806678,-0.005673945634,-0.1085569848998556,-0.0604512817709979,-0.0767561122699999,0.1387561468215863,-0.1307677325716009,-0.0169790160793333,-0.0796670084219716,-0.0933580073028729,-0.1278948031366666,0.1110670801299047,-0.1324754981693848,-0.0394180068126,-0.045778438918108,-0.068487704378324,-0.1467689883633333,0.1411008634299934,-0.1170514530180695,-0.0146681077633333,-0.0889235737253813,-0.0603764656858074,-0.0443378612,0.0736788919041541,-0.1164921349428275,0.02551330204,-0.0714867601883514,-0.1058143650237253,-0.02310200463,0.0649581162926208,-0.4551582919097588,-0.0304043696566666,-0.0415538560037205,-0.3925160825641859,-0.03781457116,0.0749799934297484,-0.7420760582983659,0.1119623758466666,-0.0769502353531835,-0.7192732462958357,0.1169620102466666,0.0582896586712202,-0.7713912729856456,0.12903581168,-0.0788009693615863,-0.7478445216103382,0.0914626116633333,0.0385501181525282,-0.7903364658624604,0.04675638161,-0.074352573734094,-0.7659141184343417,-0.0109155165195233,kalt_g_ch1_g18_compr.mp4,ch1g18,3.9127416271214655e-05,0.0004111311455055,4.671667126505777e-05,0.0001487409415901,1.319397804562806e-05,0.0004491067693111,4.904301118756005e-05,2.1664805073163233e-05,3.037255621264337e-05,1.5874856136018166e-05,0.0003162732267485,1.7067359434023456e-05,4.618650873636908e-05,4.8104905936643234e-05,5.668459792217242e-05,4.483719552054713e-06,1.3457362694581749e-05,0.0003557431884286,1.407660887249985e-05,4.299955968822033e-05,0.0005494687203922,4.812542782545001e-05,4.4971291433345095e-05,4.16716197533656e-05,1.69091780440837e-05,6.0648645676208345e-06,3.575340191680076e-05,0.0002817604847664,8.469186750383493e-05,0.0003951257762764,7.605315633783598e-06,4.5251728244401134e-05,0.0004921107814776,0.0005232158263348,2.2001618564911625e-05,0.0004015522902175,0.000408755538439,0.0003672170075093,0.0003603520921734,0.0002456171106843,0.0002578675341734,0.0002231201561852,0.0001023475998221,-0.0003079215806552,0.0003092507493333,0.0002098371298826,-0.0003970009831201,-0.0011900603384597,-0.0006525055473179,-0.0024737978713996,-0.0040099647179688,-0.0058249707129329,-0.0047635456217306,-0.0066490644650362,-0.0057236966034776,-0.0076393422080767,-0.0046410371044414,-0.006434423384092,-1.3364297772428523e-06,-8.876756492438627e-06,0.0002731238108767,6.449745736601313e-05,0.0002743117349756,0.0002295907295118,0.0002045405873056,0.0002581704836053,-0.0001167404331292,1.6756039814067364e-05,1.4130799046508527e-06,-2.0626039349863617e-05,-5.26305449062118e-07,-3.599131822036887e-06,-8.180916158507107e-08,-2.0795679813489637e-05,-7.209244989083819e-07,9.955295382184886e-08,3.150626499591072e-07,-4.892992683700079e-07,-2.293579997081552e-05,-2.677520616828948e-07,-7.716296015905223e-07,-6.473591333172868e-07,2.811456758121474e-06,-1.1832670276328093e-07,1.9199117332088033e-07,-2.8661647413186773e-05,1.27750253555056e-07,-6.748857683452738e-07,-2.437462306850938e-05,-1.3999120817938245e-06,-7.450353569582727e-07,-7.669963541835392e-07,6.081875659323691e-08,-1.863844045462335e-08,-8.42344675064048e-07,-2.1836254028757464e-05,-5.236490516109809e-07,-2.7987320266357432e-05,-5.7001046816343604e-08,-9.471669106393933e-08,-2.5536844894333367e-05,-1.1301978909812425e-07,5.945764572647709e-07,4.68396188199233e-09,2.763476865570376e-07,3.556654858063095e-08,2.379415061327327e-07,9.742645700987355e-09,7.755287791138045e-08,8.697376413922499e-08,-2.5628848615987282e-08,1.409192072398974e-06,-3.035287398624828e-08,-5.1266939896036545e-08,-3.968204982948491e-09,3.753770970243893e-07,7.384790992809834e-07,-5.890145475856806e-08,1.6724919158982097e-06,-4.961888240516431e-08,-4.9475620034312845e-08,-3.018179521746261e-07,8.020225358565733e-08,-4.9739489224541744e-08,8.729074528128927e-09,-9.609650224684661e-08,-1.1915884613230109e-07,-1.6751633728119122e-08,1.697176831875575e-06,-3.287635964039322e-07,1.0096768876054066e-06,-1.378191008218557e-07,-4.638270211521999e-07,4.6413008146117195e-07,1.8577422778804988e-06,movement,movement,no movement,no movement
3366.6666666666583,0.0070122380470477,0.3770616764308177,-0.2500110156333333,0.0207397060944137,0.3917666889004875,-0.2398590505666666,0.0229853230422122,0.3919684268013581,-0.2282268473999999,0.022282059760308,0.3919668826734129,-0.2318281233666666,0.002665217283819,0.3988087629817159,-0.2499860371666666,0.0039481435800651,0.3974029925363305,-0.2615645925333333,0.0071075742160542,0.3878871399730847,-0.2427270534,0.0728956657469303,0.3813826143048554,-0.1310186497566666,-0.0424154222183057,0.3491819671088391,-0.1248035863733333,0.0371795083417932,0.3688956592468663,-0.1983010470666666,0.0065457043860586,0.3410760989368429,-0.2236809758333333,0.1400709254723996,0.2417140929011176,-0.0052945295573333,-0.0917171461608494,0.30042230802614,0.0460840058617333,0.1714589516364888,0.0714339102516772,0.0190932296366666,-0.1315617795971665,0.0753630071608366,0.0214361360456666,0.1530432932335665,-0.0987943574581619,-0.0068581338203333,-0.1121411783207469,-0.0660297624359941,-0.0761912842499999,0.1422319807056163,-0.1353776745701349,-0.017855237606,-0.0844273255168624,-0.099653661090308,-0.1267878271699999,0.1142820564569267,-0.1379896765694418,-0.0407802609126,-0.0508020721518599,-0.0756772150761827,-0.1464885196966666,0.1435347484190462,-0.1215507569090231,-0.0160774956479999,-0.0927338687347219,-0.0665012382091445,-0.0409811549,0.0738028079355569,-0.116493276398406,0.0254960828166666,-0.0715853050855641,-0.1058232633306621,-0.0230960744033333,0.065177870525253,-0.4548614743173837,-0.0299931529266666,-0.0412820929621498,-0.3924558692445304,-0.03664785016,0.0750640396609162,-0.7418098528169125,0.1140774064266666,-0.0769623969027577,-0.7190643069675964,0.1189460822133333,0.0584114246517591,-0.7711949448937706,0.1312950114866666,-0.0788671212969964,-0.7476082821637225,0.0935737719133333,0.0387714984039064,-0.790453012037647,0.04857045636,-0.0742757727088964,-0.7658858665991555,-0.00907999868619,kalt_g_ch1_g18_compr.mp4,ch1g18,4.086280551272053e-05,0.0003897841151704,4.62542307690716e-05,0.0001442898704664,1.2940143706928884e-05,0.0004274456636022,4.834845425675473e-05,2.1820669098609215e-05,3.015377523977876e-05,1.570467062237591e-05,0.0002943624641806,1.664587741996581e-05,4.537286681028924e-05,4.750533006338205e-05,5.945404898837271e-05,4.922753999021504e-06,1.35912703421934e-05,0.0003287076851128,1.4114334610956438e-05,4.23044132995365e-05,0.0005242479822874,4.674123016095464e-05,4.420026448337431e-05,4.093799787202597e-05,1.666542025296604e-05,5.987252798232459e-06,3.484304731542675e-05,0.0002612031566518,8.36752866105335e-05,0.0003679517335138,7.499514323026718e-06,4.498670349457076e-05,0.0004663413959428,0.000494482655049,2.183920039099448e-05,0.0003619659406073,0.000369517624266,0.0003295533377019,0.000322708261656,0.0002127658460543,0.0002242974718497,0.0001894637764775,0.0001035253094413,-0.0003152190926058,0.0002809111470394,0.0001794497341373,-0.0003817758574258,-0.0011835063876891,-0.0006314643718359,-0.002407041255212,-0.0037706900589327,-0.0055294812590744,-0.0044451034139828,-0.0062779329973453,-0.0053706048528394,-0.0072527776743571,-0.0043659892737339,-0.0061165767188422,-7.564361974887603e-07,-8.987853036850008e-06,0.0003001316707375,5.654776811291321e-05,0.0002621598393279,0.0002326923789012,0.0001935374473042,0.0002618951354454,-0.0001078621613184,5.688568996820206e-05,1.3302519336988376e-06,-2.019511571019911e-05,-5.625023887700587e-07,-3.660800246170644e-06,-1.1600485729807653e-07,-2.070816171299326e-05,-7.531872272672264e-07,1.1222318301067273e-07,2.310256087305624e-07,-6.016424494097536e-07,-2.213389017330853e-05,-1.5883929824636753e-07,-8.45381038295755e-07,-6.875390464511921e-07,2.5688029380441293e-06,6.060536099577646e-07,4.560128337086523e-09,-2.7643759962030015e-05,1.54229656032793e-07,-7.484548891307227e-07,-2.477410177389706e-05,-1.371801498090887e-06,-8.175043548779299e-07,-7.594319525107939e-07,-4.80486077896844e-08,-1.3167225364530073e-07,-8.565521946776981e-07,-2.074754336914143e-05,-9.64368471940487e-07,-2.7623791185372083e-05,-1.897343497720885e-07,-3.9803370650220787e-07,-2.5194755557383e-05,-1.4655494056365336e-07,4.91340771580733e-07,3.3346567221781964e-08,9.455156701241393e-08,3.8753296379893104e-08,8.200164859022406e-08,4.8546583976931777e-08,4.6819262285001237e-08,-2.3083285815709113e-08,-1.008335674443229e-07,6.964721133735367e-07,8.539813611853895e-08,-1.3977427814794361e-08,3.07856349392971e-08,-3.55545845325544e-07,6.705913274378793e-07,-1.923391066828388e-07,9.93441825834827e-07,1.725870220048983e-08,-2.27799239874687e-08,-5.032753376438816e-07,1.352013957907468e-07,-1.5813529489788e-08,4.218583415936427e-08,-6.209986203476829e-08,-1.1037503104794428e-07,7.196961195998123e-09,1.0275508085982632e-06,-3.7640841853639785e-07,2.1346151083417195e-07,-1.324844026335702e-07,-3.3401719789665713e-07,3.455620651642044e-07,1.1969249203777374e-06,movement,movement,no movement,no movement
3383.333333333325,0.0063339033312444,0.3774751477671413,-0.2536911872,0.0200355865062455,0.3921829745148266,-0.2434947967999999,0.0222767350959818,0.3923459691361545,-0.2318350816333333,0.0215936572766891,0.3923377618758388,-0.2354258224666666,0.0019728500433573,0.3990707035594901,-0.2536385472,0.0032391178326899,0.3976767407298078,-0.2652127226333333,0.0064422812383183,0.3881254020999141,-0.2463541356333333,0.0722009943161776,0.381512564535072,-0.13465501489,-0.0430854126376135,0.3488971058122073,-0.1285042910066666,0.0365655540469462,0.3692229400577988,-0.2020076329333333,0.0060056353333466,0.3413020029443281,-0.2273766347,0.1397473059008266,0.2413325537750605,-0.0088366516473333,-0.0924369828668373,0.2992332010255298,0.0427181267917333,0.1706474198278494,0.0707819363313364,0.0168782620533333,-0.1317209775958994,0.0729132701776525,0.0199037712223333,0.1550768430943125,-0.102456127407876,-0.007542173797,-0.1155002022485862,-0.0712868742246191,-0.0755314382466666,0.14526334418415,-0.1396774808435704,-0.0181168885226666,-0.0889261998106138,-0.1055579301737433,-0.12545931367,0.1171018791178926,-0.143194859629865,-0.0414625565226,-0.0556463703793104,-0.0824912587758674,-0.1458504703633333,0.145639457046084,-0.1257879395687875,-0.0169287896113333,-0.0963607938024529,-0.0722934129035494,-0.0513443388,0.0739261163056366,-0.1164934959790795,0.0254800726366666,-0.0716834283970986,-0.1058321442360359,-0.0230942450366666,0.0653717937188019,-0.4545363724572967,-0.0296438427,-0.0410333318056808,-0.3924046389382968,-0.0356105457766666,0.0751188827381961,-0.7415658751607405,0.1159646459266666,-0.0769644532257454,-0.7188362056432203,0.1207414356933333,0.0585084317456345,-0.7710202513932847,0.1333024146866666,-0.0789209632124621,-0.7473497696402248,0.0954715443199999,0.0389932798923396,-0.7905704377659467,0.0502482627166666,-0.0741971185151862,-0.7658045565319198,-0.00740755726619,kalt_g_ch1_g18_compr.mp4,ch1g18,4.235071157710859e-05,0.0003710945532933,4.588267779804964e-05,0.0001407136187516,1.2487171347425444e-05,0.0004081133380693,4.775289802696749e-05,2.1718509931519727e-05,2.997846454636748e-05,1.525989649433089e-05,0.0002738496456391,1.6327359618436803e-05,4.471330721361151e-05,4.699498658864006e-05,6.146279331448903e-05,6.115379496575943e-06,1.3840533543247358e-05,0.0003033070991854,1.407749350939284e-05,4.1756576429830623e-05,0.0005010171700098,4.5575887945811974e-05,4.357847132817205e-05,4.031012705070957e-05,1.6105116705347395e-05,5.837492866706622e-06,3.413422406008197e-05,0.0002421502536333,8.209702619007024e-05,0.0003420852222415,7.301997537338846e-06,4.463111615334135e-05,0.0004432486802373,0.0004689625894279,2.1390432618342653e-05,0.000324887831401,0.0003322573924464,0.0002939900186019,0.0002870954509069,0.0001833181239573,0.0001942740257577,0.0001597718701815,0.0001028282621294,-0.0003145757040989,0.000254075145842,0.0001520808505241,-0.0003670532440708,-0.0011681622250811,-0.0006228738860155,-0.0023440765891482,-0.0035348735627754,-0.0052717355219775,-0.0041286804245745,-0.0059491723427622,-0.0050135557605885,-0.0069008692097385,-0.0040932235816141,-0.0058340155610729,-2.1074890973514378e-07,-9.07777623926616e-06,0.0003202850861559,4.4587180224429536e-05,0.0002483198386639,0.0002354099344855,0.0001811543362236,0.0002659175757133,-0.0001069342753624,8.987966474292924e-05,1.260504284183173e-06,-1.9990124729545536e-05,-4.640332524115921e-07,-4.019892153523187e-06,-9.765183180782697e-08,-2.090794866279787e-05,-6.322764991110873e-07,8.449754688336849e-08,3.641103794479159e-08,-7.675076877630526e-07,-2.213584975235685e-05,2.1630176212940505e-08,-7.847599447296863e-07,-5.851018322357165e-07,1.6163384231418312e-06,1.188591016168895e-06,-3.2932666115519413e-07,-2.7310474563567457e-05,2.1945920653135985e-07,-7.014149773337092e-07,-2.5507457251515543e-05,-1.184171536166543e-06,-7.62547513742729e-07,-6.558733587432391e-07,-7.88453771415924e-08,-2.3529309167955553e-07,-7.927033286781537e-07,-2.0376418948643338e-05,-1.5394232165594e-06,-2.8162860265282467e-05,-3.157913413051977e-07,-5.565578520746523e-07,-2.5067133424161672e-05,-2.1625534468862058e-07,2.436201255175949e-07,3.7727248679827866e-08,-9.542342410442097e-08,8.685493795365886e-08,-1.9268722261379842e-07,5.940797209953898e-08,3.552174074687269e-08,-1.2989687642290345e-07,-1.447536730846018e-07,-5.0693670226217974e-08,1.884592673417081e-07,3.4464668100648163e-09,3.9490722308096214e-08,-9.746249072110654e-07,5.511919820109044e-07,-3.096629520965168e-07,2.611726477663933e-07,9.26872576702513e-08,-1.1499031820381912e-08,-8.000191687899191e-07,1.5721370980493305e-07,-2.722816738151163e-10,4.6618799528149316e-08,1.0763741498925942e-08,-9.69234521492558e-08,9.132001615717423e-09,3.129724149890152e-07,-3.761515152579132e-07,-5.99416783880832e-07,-1.216090358458191e-07,-2.211702192339608e-07,8.152058676824538e-08,1.0565518622979443e-06,movement,movement,no movement,no movement
3399.9999999999914,0.00562969405573,0.3777460057501512,-0.2573556246333333,0.0192948428625747,0.3924667284609898,-0.2471212213666666,0.0215330127106029,0.392592623457702,-0.2354312588333333,0.0208660134433544,0.3925781359121387,-0.2390073687,0.0012532571439719,0.3992110674172338,-0.2572547113333333,0.0025024868137621,0.3978289295607602,-0.2688228299333333,0.005748590334119,0.3882413329064081,-0.2499441725666666,0.0714843624002327,0.3816258851336738,-0.1382797707733333,-0.0437801088890684,0.3485898331890806,-0.1320746805133333,0.0359287140428529,0.3694417411828975,-0.2056956663666666,0.0054393012091613,0.3414202101584879,-0.231012402,0.1394061679084219,0.2409811521887361,-0.0123964344206666,-0.0931396417067844,0.2980736771064725,0.0395969438784,0.1697630432923887,0.070163562374989,0.01468969821,-0.1317189962127478,0.0706031479988777,0.018599800999,0.1568635689864532,-0.1058687031605508,-0.0080039955503333,-0.1186149586127529,-0.0763231468860844,-0.0746545528499999,0.1479935495287775,-0.1436514619107403,-0.0180810488726666,-0.0931799593651667,-0.1112338343349279,-0.1238269595033333,0.1196711719138006,-0.14807319451651,-0.0418413769459333,-0.0602429091031059,-0.0891174018189086,-0.14480373283,0.147513002367978,-0.1297597231332826,-0.0175277453246666,-0.0997500090358273,-0.0778819594381824,-0.0605801,0.0740486528851109,-0.1164937958801505,0.0254557646233333,-0.0717812655751959,-0.1058406558328759,-0.0230866362566666,0.0654938507772785,-0.4542010916144944,-0.02929549726,-0.0408132998423427,-0.3923596984453606,-0.0345638141733333,0.0751010954193464,-0.7413204879636428,0.1177905068,-0.0769881116863643,-0.718572333498866,0.1224557246166666,0.0585332707554993,-0.7708401808878964,0.13523895592,-0.0789978903237482,-0.7470499210664194,0.0972783535633333,0.0391905314433239,-0.7906845793957962,0.05189524367,-0.0741470329497177,-0.7656781438091187,-0.0058102750095233,kalt_g_ch1_g18_compr.mp4,ch1g18,4.383527920085327e-05,0.0003532520449779,4.569385023986865e-05,0.00013779753453,1.1864318263304156e-05,0.0003890457492332,4.7386036129374533e-05,2.1446316221580213e-05,3.0088067287034604e-05,1.4305332997857442e-05,0.0002527514857591,1.651998282340348e-05,4.425816170692372e-05,4.669279830478242e-05,6.233800707682368e-05,7.713156672441277e-06,1.37498273896654e-05,0.0002774637538857,1.4264911372900856e-05,4.138088244399109e-05,0.0004770116221103,4.472177063932494e-05,4.3133250966193175e-05,3.993808809727871e-05,1.5440185838165604e-05,5.6286535108969225e-06,3.3717697136055707e-05,0.0002228225726201,8.039399535395639e-05,0.0003151561182681,7.0152091253043814e-06,4.452794272123616e-05,0.0004202116256622,0.0004441971339383,2.1021109276006484e-05,0.0002895059777003,0.0002960503499767,0.0002596270784625,0.0002523947464604,0.0001543950778893,0.0001650621803926,0.0001312130465014,9.957782514884912e-05,-0.0003112893320118,0.000227622022235,0.0001263135986889,-0.0003560459419,-0.0011496431491981,-0.0006134251662188,-0.0022890924573505,-0.0032752997607331,-0.005023865804153,-0.0037844526370439,-0.0056242029214612,-0.0046200221254558,-0.0065405670124521,-0.0037939912860413,-0.0055549501942421,-7.699297447047949e-08,-8.642112762001865e-06,0.0003343514458017,3.064435877215085e-05,0.0002375605513022,0.0002405848602597,0.0001723277268937,0.0002729313390045,-0.0001125132147283,0.0001198076905696,1.1073828550817786e-06,-2.0018055319892937e-05,-2.808829017516541e-07,-4.44189407131722e-06,1.4288415797930585e-08,-2.1391762915033437e-05,-4.127658562170421e-07,9.163280801400135e-08,-1.983446521470716e-07,-9.387999102395128e-07,-2.2699622364000387e-05,1.9640801847057617e-07,-6.441828221513065e-07,-3.93831533678357e-07,1.7063708368276825e-07,1.6094366773852068e-06,-7.150754479681258e-07,-2.7466757741050272e-05,2.895677203658664e-07,-5.84086576880661e-07,-2.6634081849871867e-05,-8.690037535693388e-07,-6.324638078494442e-07,-4.923077412077711e-07,-2.3928421346891242e-08,-3.27045007144104e-07,-6.85027961424183e-07,-2.0514151154982815e-05,-2.0949308782928816e-06,-2.9322921861618896e-05,-4.312298771673333e-07,-6.735942492928319e-07,-2.5272716704651754e-05,-3.2058270326114025e-07,-1.9812119501736383e-08,9.804357368062237e-09,-2.582759661852342e-07,1.6290875981008158e-07,-4.438419276976745e-07,3.1521950148312564e-08,3.687817430611714e-08,-2.2677073702498073e-07,-1.407307936229671e-07,-6.228012457174298e-07,2.473634009472999e-07,-5.995789532641356e-09,1.3406919983921945e-08,-1.411188115862329e-06,4.053627372243159e-07,-3.720120739731935e-07,-2.9839077961367186e-07,1.5150577546341986e-07,-2.0284595601124336e-08,-1.013887620392822e-06,1.396838032621619e-07,-8.871578788185589e-09,1.4974926990462376e-08,9.631697591142257e-08,-8.062205832412403e-08,-1.4694781050289357e-08,-2.5250317814901274e-07,-3.3703014858383313e-07,-1.1815514829978874e-06,-1.0574447921654613e-07,-1.4597629227040818e-07,-1.5867105624288198e-07,1.4568145894774975e-06,movement,movement,no movement,no movement
3416.666666666658,0.0049227838533468,0.3779443587251042,-0.2607573426666666,0.0185389576669465,0.3926794438694549,-0.2504970789333333,0.0207775029519821,0.3927700885324931,-0.2387775604666666,0.0201228615439806,0.3927490438308893,-0.2423383543999999,0.0005328719142663,0.3992913318407295,-0.2606319025666667,0.0017647148387487,0.3979182442513771,-0.2721894080666667,0.0050525845968767,0.3882968035928724,-0.2532922876333333,0.0707412755888508,0.3817210767200463,-0.1416978237166666,-0.0444761887433904,0.3482765507552317,-0.13546791061,0.0352821951432978,0.3696068750238998,-0.2091275513,0.0048683412683284,0.3414832402244281,-0.2344031081,0.1390265593934855,0.2406501686821388,-0.0157745577773333,-0.0938209750251042,0.296951711565065,0.0366439094574,0.1688974281503287,0.0695888432352985,0.01268419898,-0.1316382876600489,0.0684375292040693,0.017398281349,0.1584633618949258,-0.1089442101677243,-0.0079190898503333,-0.1216600434356802,-0.0812141224345772,-0.0735497415266666,0.1504546100284255,-0.1472006370789546,-0.0174076883693333,-0.0973488958056155,-0.1167479302868332,-0.1219202476366666,0.1220137452046759,-0.1524724044723077,-0.0415654179959333,-0.0647797238031202,-0.0955912924451995,-0.1434517067633333,0.149208225356012,-0.1333474530875524,-0.017562177188,-0.1030860551003972,-0.0833206824735694,-0.0868488103,0.0741633787622294,-0.1164937226412969,0.0254353076266666,-0.0718723824791649,-0.1058490020429437,-0.02308539201,0.0655661017738998,-0.4538609304727801,-0.02897072397,-0.0405716603775327,-0.3923255652025291,-0.03360739888,0.0750234275645653,-0.7410954018025417,0.1192119742666666,-0.0770040738449209,-0.7183177773984851,0.1236877940833333,0.0584953711330049,-0.7706796884545098,0.1367116597866666,-0.0790716179637132,-0.7467607690952554,0.0985393116633333,0.0393588544181113,-0.7907921259166494,0.0531677252266666,-0.0741397340814529,-0.7655228274953747,-0.0047479475095233,kalt_g_ch1_g18_compr.mp4,ch1g18,4.47208572947626e-05,0.0003333194623715,4.542658693497583e-05,0.0001339533117415,1.1547875237295672e-05,0.0003674702306392,4.699488452721848e-05,2.1401204277031753e-05,2.9993208778883286e-05,1.2913764509773255e-05,0.0002297788987035,1.7042604400154854e-05,4.36749268715071e-05,4.632399375645859e-05,6.153098085344563e-05,9.403534622659912e-06,1.2721001255991348e-05,0.0002497097397374,1.4714133212778816e-05,4.085963280284523e-05,0.0004496594694988,4.401366768622443e-05,4.256003862676816e-05,3.9601700701226624e-05,1.527221790617145e-05,5.278127199719325e-06,3.32747517890742e-05,0.0002020257273551,7.818794042186336e-05,0.0002856374206098,6.5460176854279416e-06,4.3779849497357165e-05,0.000394439247797,0.0004167083030614,2.1207224145959896e-05,0.0002633264169429,0.0002679784527215,0.0002332238882412,0.0002254880385965,0.0001329871647442,0.0001433346060856,0.0001105009787457,9.645237346389782e-05,-0.0003045456478266,0.0002078578139823,0.0001078090687717,-0.0003461707889248,-0.0011253438520132,-0.0005911721848843,-0.0022235249026206,-0.0029764920011003,-0.004758858894852,-0.003398402245325,-0.0052816293424362,-0.004173293842716,-0.0061547293324872,-0.0034504966179048,-0.0052551283863645,-2.545149297087836e-07,-7.770510060111088e-06,0.0003465200708661,1.6490341534410965e-05,0.0002346600443821,0.0002487611176953,0.0001726730263671,0.0002833038988574,-0.0001147757726979,0.000153092087481,7.444051136542541e-07,-2.024679774114227e-05,-1.971242208289209e-07,-4.73346938697355e-06,2.659298194314911e-07,-2.2079770537055883e-05,-2.947712209602111e-07,1.4969383418568653e-07,-4.457081347805569e-07,-1.1209806902187452e-06,-2.342918754424114e-05,4.5371514842443634e-07,-5.746154104410056e-07,-3.027887828857934e-07,-1.4455764557754553e-06,1.8997332501413568e-06,-1.0923671776334722e-06,-2.778528561012111e-05,4.543408237901385e-07,-5.360965727314597e-07,-2.8006447401044668e-05,-6.307783829330636e-07,-5.701643884392102e-07,-4.314719489195956e-07,1.5167458106718605e-07,-3.954591040326267e-07,-6.581547631650503e-07,-2.0850642264557556e-05,-2.4921514391130897e-06,-3.059250982254372e-05,-5.270164917075052e-07,-7.991252854921025e-07,-2.573451220799342e-05,-4.3007265522445577e-07,-1.3935938500993574e-07,-4.95443395067795e-08,-3.3029199748203916e-07,2.343256179269959e-07,-5.166706972063073e-07,-3.5552439277596543e-08,3.047194587397317e-08,-2.934711370130721e-07,-8.743970955068486e-08,-8.785075502614433e-07,2.559664442345625e-07,-3.9426025723404336e-08,-4.6014940246198106e-08,-1.6203644049014656e-06,2.5507639603698636e-07,-3.451963219419041e-07,-5.270722230215651e-07,1.792643166797898e-07,-4.6062763608835326e-08,-9.851326927965186e-07,7.848474209159909e-08,-3.904815866519643e-08,-4.9146921463812836e-08,1.5874001343876174e-07,-5.972777194147216e-08,-5.6495764675303194e-08,-5.386276188441332e-07,-2.56630081438788e-07,-1.3592156140490838e-06,-8.221654893870326e-08,-8.582259700136966e-08,-2.076285102073865e-07,1.7447677089642631e-06,movement,movement,no movement,no movement
3433.3333333333244,0.0042373607975088,0.3781306826567251,-0.2638812330333333,0.0177970388166381,0.3928714421925995,-0.253596448,0.0200364707756103,0.3929287680620027,-0.2418480624666666,0.0193937039185246,0.3928991097115114,-0.2453940510666666,-0.0001672676642173,0.3993559065654257,-0.2637448455666667,0.0010471841171915,0.3979930019398675,-0.2752924055333333,0.0043765858486045,0.3883402752533424,-0.256379027,0.069996432980847,0.3817878867411297,-0.1448847760499999,-0.0451499146146832,0.3479577552962723,-0.1386761241533333,0.034653086371256,0.3697517568758018,-0.2122956181333333,0.0043219340393718,0.3415308170411364,-0.2375526478,0.1386514690584912,0.2403198835895477,-0.0189362868406666,-0.0944801659414876,0.2958554952462539,0.0338121053504,0.1680996441761842,0.069025466986658,0.0108470780933333,-0.1314432472615332,0.0662999455144917,0.0162199142073333,0.1599217346326225,-0.1118020564379175,-0.0076535122303333,-0.1244320368821662,-0.085949963625881,-0.0724429167966666,0.1526747050626377,-0.150446185865349,-0.0165837137593333,-0.101170763276269,-0.1220153015157854,-0.1200264995366666,0.1241203371210721,-0.1564647579814337,-0.0411630628026,-0.0689835294791409,-0.1017714239724572,-0.14197829583,0.1507443064785307,-0.1366632062428354,-0.0174347284246666,-0.1061528101029084,-0.0885755771142205,-0.103975639,0.0742704601974783,-0.1164938026033972,0.0254286568666666,-0.0719582613869034,-0.1058569243675962,-0.02309807619,0.0656149597549977,-0.4535243334320909,-0.0286489992066666,-0.0403705160715052,-0.3923379952997864,-0.0326346097866666,0.0748986754773216,-0.740876387132351,0.1206122907666666,-0.0770130258377733,-0.7180684923001359,0.1249463044166666,0.0584025376274664,-0.7705235352913631,0.1381627785866666,-0.0791373627461844,-0.7464761047028041,0.0998277808133333,0.0394944672080839,-0.7909195067848471,0.05441313361,-0.0741441006273938,-0.7653676820230123,-0.0036961250795233,kalt_g_ch1_g18_compr.mp4,ch1g18,4.5142801537264406e-05,0.0003118937720558,4.5260577237540296e-05,0.0001288726827209,1.1931964338388695e-05,0.0003440930889206,4.674346918239543e-05,2.156360176319698e-05,2.962434504142471e-05,1.1479068617401582e-05,0.0002055126579485,1.7723283344972783e-05,4.32269897742614e-05,4.6061799308651566e-05,5.887643337416198e-05,1.1125716721747768e-05,1.1047690096347713e-05,0.0002211155232634,1.531913518866779e-05,4.045881156516987e-05,0.0004199839853699,4.352351585749529e-05,4.210849636217365e-05,3.9348109335300054e-05,1.5729803063458293e-05,4.8396744362051095e-06,3.292867220831951e-05,0.0001803360761223,7.572968104499169e-05,0.0002542110979639,5.95165668988347e-06,4.2980110182733534e-05,0.0003670568302501,0.000387134896589,2.1956835093971572e-05,0.0002460765792714,0.0002483039155721,0.0002146925052005,0.000206530910784,0.0001182346091304,0.0001283682356893,9.693628419065028e-05,9.19825714355974e-05,-0.0003001473084645,0.0001934925439643,9.485252656384796e-05,-0.0003372789566209,-0.0010972381216861,-0.0005521953926293,-0.0021395902252158,-0.0026574628357613,-0.0044868968391985,-0.0030034207453084,-0.0049465194816679,-0.0037015191068332,-0.0057687772898001,-0.0030837110732057,-0.0049483446099317,-3.240281082196883e-07,-7.102495433193971e-06,0.0003571820365809,4.092503657139822e-06,0.0002402714143142,0.0002590037147152,0.0001833688437555,0.0002958512099003,-0.0001109330845027,0.0001879964003782,1.8245453661704438e-07,-2.0505749573903077e-05,-2.546022363885628e-07,-4.97926868739313e-06,6.03647274729138e-07,-2.2740093981960705e-05,-3.327311660407979e-07,2.1862435381779869e-07,-6.587422946048332e-07,-1.1950651237792013e-06,-2.4337058577868163e-05,7.185347993649737e-07,-6.192412448567412e-07,-3.580284377330848e-07,-3.0275322907037453e-06,2.0758037644511274e-06,-1.398385555066531e-06,-2.8314909803651884e-05,6.600131401785079e-07,-5.89782958033312e-07,-2.9195513283982182e-05,-5.37082135773296e-07,-6.167136047720009e-07,-4.994918424730902e-07,3.973969157064131e-07,-4.443379521716997e-07,-7.292069782872521e-07,-2.1436571692495643e-05,-2.6906511075439117e-06,-3.190550491016023e-05,-6.005504915711253e-07,-9.591825745490404e-07,-2.612944911499689e-05,-5.328274533118808e-07,-1.0110431075567184e-07,-1.4437644622840354e-07,-3.124376709618441e-07,2.724167337338945e-07,-4.0390893018102513e-07,-1.4491699711976666e-07,8.550462372241014e-09,-3.253267486135188e-07,-8.744234713500662e-09,-7.867687300200108e-07,2.1854225477021738e-07,-1.042695155847117e-07,-1.422959432534571e-07,-1.5967580602571664e-06,1.1279636557238656e-07,-2.340580497104915e-07,-4.0424973424377425e-07,1.7301984201044358e-07,-9.664054397409148e-08,-7.197495254272961e-07,-2.752505090261241e-08,-9.813215001856439e-08,-1.4132676496495425e-07,1.820250491857835e-07,-3.6500103799551145e-08,-1.1415714558004909e-07,-5.176984177943717e-07,-1.658630118350141e-07,-1.0964238845003185e-06,-5.324008198350393e-08,-5.703134106020059e-08,-7.081961411295246e-08,1.710405605309005e-06,movement,movement,no movement,no movement
3449.999999999991,0.0035796836947445,0.3783597252674835,-0.2669081833666667,0.0170782953415576,0.39309778441075,-0.2565979064333333,0.0193194825849196,0.3931222771251078,-0.2448219343999999,0.0186865129489337,0.3930838928062126,-0.2483536501666666,-0.0008342901459352,0.3994572618710449,-0.2667589958333333,0.000363626175758,0.3981046836342968,-0.2782975624333333,0.0037333833852756,0.3884215252328219,-0.2593671702666666,0.0692626453442783,0.3818549277178917,-0.1480037398499999,-0.0457710796818188,0.3476510648396371,-0.1418080827533333,0.034046714410788,0.3699236614179365,-0.2153856416333333,0.0038058326198851,0.3416080836588624,-0.2406238809333333,0.1382935767736096,0.2399742181014754,-0.0220600802206666,-0.0950794707935474,0.2947855746991412,0.0310718663304333,0.1673547819361515,0.0684711165082307,0.0090358896966666,-0.1311994693228377,0.0642294953484988,0.0150770731154666,0.1613258278758528,-0.1143693741168926,-0.0073201926903333,-0.1268881358423444,-0.0903867680650636,-0.0712516876833333,0.1547846463406434,-0.1533339847382184,-0.0157644459926666,-0.1045728945347821,-0.1269123037123116,-0.1180682622033333,0.1261430719287981,-0.1600165514311689,-0.0407864641426,-0.0727267772033015,-0.1074956933394019,-0.1403565845966666,0.1522250260757786,-0.139633543759927,-0.0172777742446666,-0.1088759537613576,-0.0934815629478712,-0.106611677,0.074366023141579,-0.1164943957316578,0.0254264690033333,-0.0720359179699221,-0.1058636056117543,-0.0231165341366666,0.0656598071278358,-0.4531740479015284,-0.02830886462,-0.0401714056457946,-0.3923503890099792,-0.0316521149166666,0.0747737604498116,-0.7406411227847507,0.1219559535333333,-0.0769970640428218,-0.7178131025086754,0.12615766325,0.0583123295455051,-0.7703420948169772,0.1395476209866667,-0.0791749413079063,-0.7461842252146124,0.1010614134333333,0.0396373283411172,-0.7910229133813698,0.0556295312033333,-0.0741304708398613,-0.7651722761879601,-0.0026969952361899,kalt_g_ch1_g18_compr.mp4,ch1g18,4.495551394407769e-05,0.0002900903425152,4.4967978594103394e-05,0.0001227233589621,1.3004752185629886e-05,0.0003200466223185,4.64043459388894e-05,2.1886894958320644e-05,2.8725898379515037e-05,1.0110626515911607e-05,0.0001798868462326,1.863782624650371e-05,4.260677577556871e-05,4.568010758786722e-05,5.4854589003211825e-05,1.3151474330800046e-05,9.190415354131545e-06,0.0001913604436302,1.612594977888759e-05,3.985873889424504e-05,0.0003893724477398,4.300446588102618e-05,4.1484099502010904e-05,3.88228949007397e-05,1.6601666175325867e-05,4.32744111086157e-06,3.2180457930651596e-05,0.0001577043211767,7.287261475943782e-05,0.0002206945021839,5.264591460292575e-06,4.196001729687616e-05,0.0003396186944242,0.0003565012040766,2.31443638078078e-05,0.0002445715574737,0.000243290666035,0.0002104123418164,0.0002017828582725,0.00011433966379,0.0001245386477378,9.42846209834108e-05,9.014623916080475e-05,-0.0003009134366588,0.0001907836094941,9.152415546801592e-05,-0.0003274757052257,-0.0010639078809473,-0.0005028760424345,-0.0020343353174923,-0.0023281551005635,-0.0041969729979658,-0.0026040143196193,-0.0046019955729082,-0.003208857754929,-0.0053666250546886,-0.002701453825419,-0.0046232756696246,-6.810658999126184e-07,-6.187192518540601e-06,0.0003674652974423,-4.857051025751269e-06,0.0002509208514828,0.0002698581249763,0.0002011673817534,0.0003090172113293,-9.937853825133224e-05,0.0002241949040572,-5.040351337052148e-07,-2.0596730865891483e-05,-4.868626806212267e-07,-5.154291405355302e-06,9.873294203412057e-07,-2.3122747091428015e-05,-5.677462491926582e-07,2.73971753666101e-07,-8.93911428795891e-07,-1.1801307897071865e-06,-2.522821263204012e-05,9.244335697603504e-07,-7.939546924440666e-07,-5.907907860047075e-07,-4.453317735669472e-06,2.1099310831576507e-06,-1.5794024045198465e-06,-2.8912738730404455e-05,8.46727139841828e-07,-7.527008933952335e-07,-2.9871851481374472e-05,-6.422002836812763e-07,-7.829124444937997e-07,-7.203791969788686e-07,6.753488431565623e-07,-4.716023550275342e-07,-9.037878657334688e-07,-2.2092496598751644e-05,-2.687602072147264e-06,-3.3091078533498266e-05,-6.452141300275704e-07,-1.0910915689801054e-06,-2.621689954812073e-05,-6.072195627905002e-07,3.560414266686646e-08,-2.582044044680289e-07,-2.514445435799544e-07,2.670352405364062e-07,-1.7050092439422156e-07,-2.7779632710050457e-07,-3.177160479998795e-08,-3.169770678150436e-07,7.79450412456996e-08,-3.529117567999917e-07,1.402845142774194e-07,-1.840511495877753e-07,-2.583193117268669e-07,-1.3783316097647716e-06,-2.205678728117496e-08,-6.418015723577335e-08,7.604649045811926e-08,1.3163655638820278e-07,-1.5724729414072024e-07,-2.968090836948956e-07,-1.6073491986874533e-07,-1.7088261706248908e-07,-2.37776586403797e-07,1.689916051667529e-07,-1.2150700379164437e-08,-1.63434321736655e-07,-1.9330568746499266e-07,-9.00130643568989e-08,-3.9614721684272835e-07,-2.088600365117112e-08,-4.99071509948601e-08,1.747078243639653e-07,1.4147993245525089e-06,movement,movement,no movement,no movement
3466.6666666666574,0.0029365668930944,0.3786246075708908,-0.2701949677666667,0.0163704825459634,0.3933547624670548,-0.2599057511,0.0186139087748461,0.3933465501640386,-0.2480985243999999,0.0179896876322106,0.3932987659861814,-0.2516103048666666,-0.0014875210870122,0.3995849749735777,-0.2700758587,-0.0003062053472635,0.3982428913129687,-0.2816108618,0.0031036656357658,0.3885306220655637,-0.2626541744333333,0.0685364840383223,0.3819325945933273,-0.1514550439866666,-0.0463725715610068,0.3473406362557317,-0.1452611029999999,0.0334560395326948,0.3701214306605065,-0.2187312235333333,0.0033078391147121,0.3417083010658648,-0.2439689174333333,0.1379554092767708,0.2396411353452397,-0.0253660766773333,-0.0956506960319103,0.2937299532863807,0.0281494862331,0.166647130897116,0.0679764525730503,0.0071016808499999,-0.1309480853994984,0.0621696603853465,0.0138561664961333,0.1625535883428572,-0.116551996963821,-0.007063156847,-0.1290920725649161,-0.0945731508608469,-0.07035323409,0.1566109056503993,-0.1557499143617575,-0.0149444191326666,-0.1076030173842754,-0.1314559654466723,-0.1165161982366666,0.1279486280392377,-0.1629813204242508,-0.0402983706459333,-0.0760864923136491,-0.1127467917714901,-0.1391442131966666,0.1535345636702386,-0.142160671764256,-0.0171357785313333,-0.1113183651765052,-0.0980637242878746,-0.104422092,0.0744513764486542,-0.1164955399800962,0.0254233282733333,-0.0721067300956799,-0.1058691048018181,-0.0231344725266666,0.065701570706246,-0.4528131008814434,-0.02790711292,-0.0400028554097701,-0.392353662041029,-0.03057213454,0.0746412258170586,-0.7403808084247764,0.1234831760266666,-0.0769858615830161,-0.7175383039207035,0.12737310155,0.0582144164349559,-0.7701261793639155,0.1411432596866667,-0.0792181741115824,-0.7458700363420951,0.1022944867733333,0.0397641079814158,-0.7911189560428682,0.0571265091833333,-0.0741461949166075,-0.7649386532658828,-0.0017001638361899,kalt_g_ch1_g18_compr.mp4,ch1g18,4.403423385510896e-05,0.0002694512085677,4.433235739544077e-05,0.0001159249630024,1.4463418234214202e-05,0.0002968141265753,4.573336167076433e-05,2.2301951395561225e-05,2.7262353609522185e-05,8.976808200425026e-06,0.0001533372131899,1.9676276029365512e-05,4.1615850066462703e-05,4.494585211533071e-05,4.977940730296259e-05,1.5368612310234314e-05,7.5560859112809725e-06,0.0001614266382051,1.708819777952796e-05,3.8888050470960945e-05,0.0003595719991743,4.2236261546615874e-05,4.049818979303302e-05,3.7851593079901176e-05,1.7666693016432028e-05,3.8112483136981257e-06,3.089350158361664e-05,0.0001347042487299,6.948596333867782e-05,0.0001859416444552,4.561057317067654e-06,4.05120540319707e-05,0.000313852106548,0.0003265972670784,2.4578823110334483e-05,0.0002594798042171,0.0002535779747275,0.0002211711190584,0.0002122629260589,0.0001244523027059,0.0001347890325257,0.0001057454273764,8.949830237058651e-05,-0.000300577996848,0.0001993442239136,9.997772008678924e-05,-0.0003142892182866,-0.0010222795596816,-0.000443318158551,-0.0019169380892843,-0.0019859427582559,-0.0039122006308509,-0.0021992973689733,-0.0042720507700112,-0.0026961473876543,-0.004968993743315,-0.0023005586613826,-0.0043007178471516,-1.31604830756825e-06,-4.988687507423793e-06,0.0003736186228582,-9.037110712859224e-06,0.0002645337239301,0.0002819200432374,0.0002232951834909,0.0003235450027343,-8.487799598769626e-05,0.0002567690749295,-1.235821911499122e-06,-2.0555112978045538e-05,-9.103783499458576e-07,-5.349053729530197e-06,1.2752870575291718e-06,-2.3214963392918448e-05,-1.0189075014192518e-06,2.648166236048299e-07,-1.188481812357528e-06,-1.0510119584199877e-06,-2.556109789608154e-05,1.0103568879454566e-06,-1.1276887871309868e-06,-1.0169054223453835e-06,-5.64743161369554e-06,2.01863288324072e-06,-1.571644254170685e-06,-2.891791167685303e-05,9.574638309800176e-07,-1.0508486177240535e-06,-2.9937224289358883e-05,-9.726384517056717e-07,-1.097104643586941e-06,-1.0986349753816022e-06,8.562353354656916e-07,-4.795373501118989e-07,-1.1900937227473494e-06,-2.232159302168859e-05,-2.6184105835508807e-06,-3.3424870957405125e-05,-6.605987179981512e-07,-1.2397130647794708e-06,-2.5948863204184794e-05,-6.353953228390251e-07,1.84806432547474e-07,-3.700829812782241e-07,-2.07635285105346e-07,2.2380268367401874e-07,9.093712018034965e-08,-4.086788939059466e-07,-8.767428130541743e-08,-2.74609117420594e-07,1.538865107279369e-07,3.47753911365837e-07,3.7223199713643683e-08,-2.616178964338665e-07,-3.718073761403525e-07,-1.014157455037598e-06,-1.424468757640036e-07,1.3052613423120833e-07,8.202420384176917e-07,6.19981535349415e-08,-2.1476979687493875e-07,1.6758739073144777e-07,-2.979546104999049e-07,-2.418398521789888e-07,-3.1869544779985773e-07,1.2902916136077625e-07,1.0107192243788289e-08,-1.9157907607101718e-07,3.630288819541868e-07,-5.5227427566863104e-08,6.349394884261911e-07,1.0576574617378968e-08,-5.420152223027535e-08,4.274918855305646e-07,1.112461748498773e-06,movement,movement,no movement,no movement
3483.333333333324,0.0023100823715385,0.3789230877681303,-0.2739884209333333,0.0156774272369935,0.3936437652804489,-0.2637509127999999,0.0179233878554409,0.3936033595552851,-0.2519071487333333,0.017306730455544,0.3935467823411086,-0.2553972258666666,-0.0021261538711576,0.3997426736978583,-0.2739179284,-0.0009610826289036,0.3984104107228303,-0.2854554507666667,0.0024883184451512,0.3886708450992635,-0.2664650113333333,0.0678282118739536,0.3820313392133247,-0.1554611777233333,-0.0469515910094413,0.3470429818139539,-0.1491990811,0.0328830809854997,0.3703507754086408,-0.2225771715,0.0028287299047488,0.3418363653261296,-0.2478091225,0.1376509944315858,0.2393279889846802,-0.0290681462506666,-0.096147659544638,0.2927161488383033,0.0248955875937666,0.1659883182522685,0.0675784597260009,0.0048714811733333,-0.1306909182950094,0.0602622076539775,0.0124517555538,0.1635426785427858,-0.1183080111888634,-0.0070809795036666,-0.1311421036426419,-0.0983482583340579,-0.0697378802066666,0.1580411808064611,-0.1576708395722929,-0.0143792214426666,-0.1104103442177113,-0.1355410292681658,-0.1153010048366666,0.1294001410854101,-0.165317683916214,-0.0399850590792666,-0.0792236877020063,-0.1174581733179346,-0.13827570743,0.1545956740093099,-0.1441866742922721,-0.017226577268,-0.1135951218980879,-0.1021828067608143,-0.104548417,0.0745205314952857,-0.1164976237555448,0.0254168318633333,-0.0721654890341871,-0.1058728266586829,-0.02315004989,0.0657432071369466,-0.4524309020905516,-0.0273889020666666,-0.0398831085769007,-0.3923528165128735,-0.0293326358666666,0.07452125612868,-0.7400873002505155,0.12515598932,-0.0769625564617607,-0.7172417378529165,0.12869229885,0.0581303896553414,-0.7698677807258254,0.1428927533866666,-0.0792476676745868,-0.74553131003443,0.1036397315633333,0.0398669656401885,-0.7911884790898508,0.05877720602,-0.0741665659399777,-0.7646733716071438,-0.0006308275455233,kalt_g_ch1_g18_compr.mp4,ch1g18,4.253218083947198e-05,0.0002490333795612,4.336394142772248e-05,0.0001100095184522,1.6290560097684356e-05,0.0002735458007568,4.468515420731097e-05,2.2713658777057977e-05,2.6094064034174872e-05,8.162080521942e-06,0.0001279053498232,2.0633932579240635e-05,4.040390195847624e-05,4.387515267708973e-05,4.406965638124194e-05,1.724225055320769e-05,6.1747672513713135e-06,0.0001329478927302,1.8078986964996016e-05,3.773730494644796e-05,0.0003293717132617,4.121170956737528e-05,3.931558402422776e-05,3.651801229691364e-05,1.891794029300647e-05,3.3330409278636077e-06,2.938780842105106e-05,0.0001129173350584,6.654466615020644e-05,0.0001521563215931,3.892909192981987e-06,3.9138604074234566e-05,0.0002881438674658,0.0002980137202479,2.6167503408048955e-05,0.0002783299728038,0.0002667505584958,0.0002345646705454,0.0002256836646431,0.0001367003963738,0.0001472126612487,0.0001193378087427,8.504325577730222e-05,-0.0003085154378844,0.0002087289246648,0.0001097449701999,-0.0003066732458863,-0.000988784498744,-0.0003897203103486,-0.0018165463519094,-0.0016605187596169,-0.0036295458859849,-0.0018146680482249,-0.0039398008548352,-0.0022005245401544,-0.004558443885463,-0.0019152329923242,-0.0039754390752711,-2.1936315724938793e-06,-3.528353702216063e-06,0.0003773211533304,-6.897715932502022e-06,0.0002824351214252,0.0002963191402459,0.0002510105872243,0.0003404335648569,-6.65425555196446e-05,0.0002885465777877,-1.80380942863415e-06,-2.023741049733851e-05,-1.3244902823641777e-06,-5.496702879209198e-06,1.4789790353331675e-06,-2.2897814473276865e-05,-1.4883667762000232e-06,1.713818387461669e-07,-1.4221780956614065e-06,-7.799350721696354e-07,-2.4929908038568715e-05,1.0273305557369838e-06,-1.4192148496688e-06,-1.436216583239886e-06,-6.287615071677294e-06,1.8583916905441865e-06,-1.3634770764433989e-06,-2.7871853809118277e-05,1.026775461540158e-06,-1.2861571815820294e-06,-2.937545569041026e-05,-1.3495784916857697e-06,-1.3628478375627607e-06,-1.452291987502054e-06,9.59920467134662e-07,-4.619147056589999e-07,-1.4006215755391598e-06,-2.1727989621495225e-05,-2.543485101137049e-06,-3.245555416227195e-05,-6.366175430766788e-07,-1.2091303879245898e-06,-2.5266912143406e-05,-6.100204509498669e-07,3.2412687676997225e-07,-4.6084220877773835e-07,-2.6934796822785906e-07,1.453666851389841e-07,3.4679380178451066e-07,-5.124433458075214e-07,-1.5344854010669334e-07,-2.2741948139199158e-07,2.0208515532518255e-07,1.1395728242225998e-06,-7.272016800736722e-08,-3.259122051581757e-07,-4.629727602553454e-07,-5.672969669259774e-07,-2.340170906247013e-07,3.203629030794185e-07,1.6580268010835983e-06,-2.5621551334842883e-08,-2.632368654467624e-07,6.355715078468564e-07,-4.161755444104417e-07,-3.019704290126198e-07,-3.702994361698526e-07,6.801016946818931e-08,2.7909001051923906e-08,-1.9921047450908673e-07,1.005467501059174e-06,-1.0886488086470404e-07,1.7795246040472729e-06,3.758743709428667e-08,-7.744530541712857e-08,6.781713071200835e-07,1.2289822230621265e-06,movement,movement,no movement,no movement
3499.9999999999905,0.0016915613769478,0.3792259752589841,-0.2782517554333333,0.0149934908899945,0.3939357706238268,-0.2680825780666666,0.0172416618222297,0.3938627104940767,-0.2562009868666666,0.016631593758764,0.3937977157920584,-0.2596692695666666,-0.0027561467726956,0.3999027026274559,-0.2782408081999999,-0.0016068404671276,0.3985804311793905,-0.2897858896333333,0.0018813984296711,0.3888133556345699,-0.2707565551666666,0.0671355056100896,0.382115980860016,-0.1599235868733333,-0.047513318186233,0.3467368671540836,-0.1535691395666666,0.0323166639540117,0.3705789558503324,-0.2268810100666667,0.0023577235016137,0.3419643946590589,-0.2521053855333334,0.1373622071538233,0.2390102296944919,-0.033080050574,-0.0966123953979363,0.2917265733713525,0.0213798509554333,0.1654217433391388,0.0672229589285165,0.0023914817833333,-0.130450040439858,0.0584791803437199,0.0108182435878,0.1643444142158331,-0.119817971895609,-0.007465157548,-0.1330789288299299,-0.1017184260485566,-0.0696179405099999,0.1591693792051919,-0.1593069561561672,-0.0142443520893333,-0.1130107476379411,-0.1391467023633819,-0.1146791195366666,0.1305314473800225,-0.1672854602893148,-0.0400669972126,-0.0821253447940826,-0.1216007832288661,-0.13799706713,0.1554434476526855,-0.1459245081358925,-0.0176673124513333,-0.1157310552232929,-0.1058455544768668,-0.102709904,0.0745717786016738,-0.116499953988464,0.02540884422,-0.0722104285530859,-0.1058760081602084,-0.0231644944533333,0.0657987155879289,-0.4520466800090138,-0.0267805787366666,-0.0397679305792261,-0.3923591450488019,-0.0279520530899999,0.0743849206905447,-0.7397860342532476,0.1270746464466666,-0.0769248173351499,-0.7169514995513824,0.1302073188,0.0580262518141787,-0.7695938743507986,0.1449098607533333,-0.0792631184714737,-0.745196641375457,0.1051995667233333,0.0399419840442521,-0.791250109832969,0.0606622458733333,-0.0741878653616494,-0.7643802731655611,0.0005701977881433,kalt_g_ch1_g18_compr.mp4,ch1g18,4.0497407081222825e-05,0.000228186923262,4.188999321464639e-05,0.0001047099266575,1.7989970899426807e-05,0.0002497496736267,4.305583939055293e-05,2.2901084585303964e-05,2.5034214045902745e-05,7.628688732146644e-06,0.0001036395173511,2.1456843091069183e-05,3.8789735898988574e-05,4.227667567998595e-05,3.767822627911362e-05,1.906818527650099e-05,5.120326985577866e-06,0.0001061892682915,1.8992482017212315e-05,3.625566502498425e-05,0.0002986897514626,3.980536422362882e-05,3.776663190110196e-05,3.486251556030852e-05,1.992528697268055e-05,2.891248438104545e-06,2.7745948532793203e-05,9.192907035521324e-05,6.385608805800595e-05,0.0001203357658027,3.2779784928376937e-06,3.758532934918229e-05,0.0002620978743212,0.0002700074876746,2.752692198771607e-05,0.0002931894107496,0.0002773247304948,0.0002453085918209,0.0002370410798,0.0001492017909783,0.0001597456604436,0.0001330242573979,7.379749693148592e-05,-0.0003141046449421,0.0002144186018433,0.000119153040448,-0.000306485144861,-0.000958698364666,-0.0003433668676052,-0.0017273638680215,-0.001358611287166,-0.0033310894443444,-0.0014621499023624,-0.003588624359643,-0.0017457460897582,-0.0041257155381085,-0.0015573023151923,-0.0036315711080422,-3.131901263295472e-06,-1.987910286808664e-06,0.0003763179642956,-3.917462650002991e-06,0.0002982608177451,0.0003069313042299,0.0002770044201565,0.0003530053314927,-4.95497649483235e-05,0.0003137553203398,-2.3394800010765222e-06,-1.9788421115218747e-05,-1.8457081999004536e-06,-5.847826695701333e-06,1.525135284433118e-06,-2.232060674049176e-05,-2.076015242587152e-06,-3.535696892027049e-08,-1.6980622720352288e-06,-5.002748932852184e-07,-2.326440915186992e-05,9.03593401445106e-07,-1.799213523461666e-06,-1.9609950510065165e-06,-6.564866742422363e-06,1.6165362432222606e-06,-9.805452097682618e-07,-2.5616014496766065e-05,9.697126725622126e-07,-1.593275657972507e-06,-2.828769389976976e-05,-1.8632211349865272e-06,-1.7143679834768243e-06,-1.8781085488328449e-06,9.232948681090955e-07,-4.198044497358094e-07,-1.6441240757901096e-06,-2.026381706256603e-05,-2.661377992448205e-06,-2.9977639676794936e-05,-5.754423629450038e-07,-1.2421522304203431e-06,-2.427682587733959e-05,-5.268109364422202e-07,4.2373722388904466e-07,-5.018804503473574e-07,-4.448404523233545e-07,5.284326536052512e-08,5.523496598783911e-07,-5.557608718088995e-07,-2.1591147302653506e-07,-1.692118419269324e-07,2.1629694866393605e-07,1.9132381011211513e-06,-1.76154118593207e-07,-3.528636585706306e-07,-5.021900427883868e-07,-7.981545667809567e-08,-3.086591493005135e-07,4.807463241037066e-07,2.466437463587377e-06,-1.1915599134347846e-07,-2.832171350742526e-07,1.0301159732862128e-06,-4.84216378762372e-07,-3.288989099164345e-07,-3.770011356515449e-07,5.225944812947988e-09,4.1030406105845655e-08,-1.80253665286141e-07,1.6539485678669503e-06,-2.4817635512534357e-07,2.8617923449288483e-06,5.861019563793513e-08,-1.0752952654821489e-07,8.777338856430912e-07,1.766168914686902e-06,movement,movement,no movement,no movement
3516.666666666657,0.0010802755262822,0.3795159651942529,-0.2826174618666666,0.0143194568353934,0.394207773910261,-0.2725220129666666,0.0165693222211271,0.3941026937741761,-0.2606057761,0.0159645321000412,0.3940300203399257,-0.2640530674999999,-0.0033759490102357,0.4000488509933758,-0.2826627859,-0.0022420801176969,0.398737058940267,-0.2942195687,0.0012844125037345,0.3889441613987212,-0.2751488328666666,0.0664608449123794,0.3821742547305549,-0.1644809302066666,-0.0480497882283665,0.3464134144693534,-0.1580144000933333,0.0317570090192166,0.3707848546690916,-0.2312841229,0.0018943307697106,0.3420808751995186,-0.2564968580666667,0.137098308123914,0.2386928445195928,-0.0372384828573333,-0.0970619422660448,0.2907610338828054,0.0178272811967666,0.1649097717945442,0.0668840040272797,-0.0005547763666666,-0.1302234423444727,0.0567701616686182,0.0090193255521333,0.1648936870930596,-0.1210624356680813,-0.0088372315746666,-0.1349265876350739,-0.1048856878639544,-0.0700805109266666,0.1599446300318158,-0.1606362699317493,-0.0152700742026666,-0.1154666527912183,-0.142549420425017,-0.11474392517,0.131270752617289,-0.1688492862804613,-0.0412800464189333,-0.0848509433930246,-0.1254963637023832,-0.13840954023,0.1560070833349916,-0.1473445494128102,-0.0190924084713333,-0.1177571215175825,-0.1092888015205339,-0.112023138,0.0746177171166798,-0.1165033873641165,0.0253913540433333,-0.0722520438256773,-0.1058774270110206,-0.0231690823366666,0.0658735654145179,-0.4516697190179527,-0.0261703911466666,-0.0396585443591783,-0.3923637366133052,-0.02651782303,0.0742350677843931,-0.7394689646717723,0.12910220872,-0.0768681200569307,-0.7166481991695275,0.1317789916933333,0.0579013448948002,-0.7692928029221447,0.1470492213533333,-0.0792571462580641,-0.7448472417146532,0.1068223973033333,0.0399239335309439,-0.7912976281278122,0.06261661388,-0.0742037240997288,-0.7640576715559568,0.0017876162304766,kalt_g_ch1_g18_compr.mp4,ch1g18,3.7879033756909114e-05,0.0002088685317936,3.9792064238012304e-05,9.989372153325228e-05,1.945752284946796e-05,0.0002277832875962,4.069373585932513e-05,2.278816149131995e-05,2.3310157138044776e-05,7.350849948803607e-06,8.124573123135495e-05,2.2110371207523944e-05,3.67525838432679e-05,4.00555983885662e-05,3.091538725774641e-05,2.0419276800796817e-05,4.394124840065668e-06,8.180576907382892e-05,1.9809131427656487e-05,3.445580948479488e-05,0.0002706937381983,3.7760352658707e-05,3.5832079528951734e-05,3.282305229872235e-05,2.0671626628427796e-05,2.505930146168595e-06,2.599883618903431e-05,7.231759091791022e-05,6.167392992633329e-05,9.178160370725272e-05,2.7469521820553986e-06,3.629987514950332e-05,0.0002382643363858,0.0002445207850078,2.863071489472963e-05,0.0002868181646008,0.000267267996377,0.0002353970140626,0.0002282379838248,0.0001433985976072,0.0001536780056348,0.0001280158367235,4.5050061852654675e-05,-0.0003342317792085,0.0002003036567733,0.0001111187054047,-0.0003196211382484,-0.0009405207271052,-0.0003043919609389,-0.0016481184673451,-0.001097652467031,-0.0030603807787612,-0.0011634760642031,-0.0032769074422502,-0.0013604829517664,-0.0037431432954937,-0.0012481867632401,-0.0033211930300908,-4.249951224507181e-06,-3.046915677122473e-07,0.0003704746912692,2.1800092879767364e-06,0.0003118126141932,0.0003152742464048,0.0003006161661122,0.0003622486719025,-3.340595637629652e-05,0.0003338325423299,-2.81144326722259e-06,-1.9274500379966044e-05,-2.3544740080348997e-06,-6.378865030464219e-06,1.4338240578467154e-06,-2.1617087435897457e-05,-2.650822362137753e-06,-3.249567705398661e-07,-1.9183235685271152e-06,-2.405389521669809e-07,-2.0778885638302427e-05,6.460358081309349e-07,-2.1512228257296536e-06,-2.4721240994196107e-06,-6.502816814889488e-06,1.300539008797783e-06,-3.8588485009376017e-07,-2.246571850047857e-05,7.774106727790295e-07,-1.8640189156562235e-06,-2.6978665508016847e-05,-2.374968518939898e-06,-2.0390712919414583e-06,-2.262661276384138e-06,7.88584446873814e-07,-3.667087819866044e-07,-1.8112503154143569e-06,-1.811400166306448e-05,-3.017697302112513e-06,-2.631030606882448e-05,-4.96310461934119e-07,-1.3620039919648836e-06,-2.3199272788352985e-05,-3.886447225975652e-07,4.210693668345429e-07,-4.774204951245876e-07,-7.03948407566326e-07,-4.4750919761560215e-08,6.278930924798154e-07,-5.202857500164232e-07,-2.651633325490097e-07,-7.39086504952409e-08,1.957685324457156e-07,2.562770548016982e-06,-2.627623786917565e-07,-3.324629067260196e-07,-4.744995035036982e-07,4.019836578332053e-07,-3.5778799581665253e-07,5.855189597003305e-07,3.1324131205042824e-06,-2.0859066358404233e-07,-2.67932670998367e-07,1.2369692518042105e-06,-4.788451790735273e-07,-3.132064354549001e-07,-3.3197620449424434e-07,-5.4919576984156426e-08,4.86059000097871e-08,-1.3521628781867878e-07,2.217029298569479e-06,-4.55299275328265e-07,3.7237590753035e-06,7.191563505298819e-08,-1.5389481262073425e-07,9.408807947429884e-07,2.397843310994705e-06,movement,movement,no movement,no movement
3533.3333333333235,0.0005055770682985,0.3797993663637118,-0.2869509992,0.013683056883878,0.3944708787944779,-0.2769212177333333,0.0159325787157411,0.3943345205659907,-0.2649712068666666,0.01532985742354,0.3942551397297683,-0.2683984070333333,-0.0039661707990434,0.4001874715365082,-0.2870499251666666,-0.0028457915786253,0.3988860680832081,-0.2986175952333333,0.0007137073931125,0.3890680926882738,-0.2795067807666666,0.0658290369473616,0.3822248641211253,-0.1689927840233333,-0.0485472855295105,0.3460790827954704,-0.1624327805133333,0.0312365758817302,0.370982097135253,-0.2356540933333333,0.0014655040021923,0.3421900606245444,-0.2608576198,0.1368896235051264,0.2383839970611293,-0.041375156964,-0.0974653303247989,0.2898423767249586,0.0142844155304333,0.1644826147020217,0.0665880058737205,-0.0035842588266666,-0.1300027650694176,0.0552252632251965,0.0071183126461333,0.1652719883808077,-0.1220196388615714,-0.010493080178,-0.1365411671477847,-0.1077511446439514,-0.0708787646433333,0.1604670834927173,-0.1616429958934939,-0.0166365043493333,-0.1176208986378284,-0.1456437680012955,-0.1152096212366666,0.1317747705759386,-0.1700068797635656,-0.0428365749182666,-0.0872650453402286,-0.1290308439187663,-0.1392032699299999,0.1563954453674005,-0.1484265242839043,-0.0208044888113333,-0.1195384557491411,-0.112405256048565,-0.114249058,0.0746583620648968,-0.1165078165701217,0.0253694341866666,-0.0722898664779852,-0.1058773119127109,-0.0231695061499999,0.0659622146916217,-0.451299254272419,-0.0255674665733333,-0.0395377021323483,-0.3923609943132029,-0.0250745572166666,0.0740795875510372,-0.7391699197186277,0.1309162880166666,-0.0767661506565642,-0.7163355258142661,0.13331935131,0.0577666528939595,-0.7690028556905861,0.1489460380866666,-0.0792027366619273,-0.7444872304074395,0.1084060489966666,0.0398773776673218,-0.791322162431178,0.06431038777,-0.074201261812818,-0.76369421478388,0.0029805422084766,kalt_g_ch1_g18_compr.mp4,ch1g18,3.4713633144730435e-05,0.0001902232135854,3.699216981090192e-05,9.428670604391158e-05,2.0668559300857102e-05,0.000206981324878,3.752319017296758e-05,2.236617488879091e-05,2.1113829303936743e-05,7.200104163440987e-06,6.154623830652523e-05,2.2798368158746325e-05,3.4288457053797364e-05,3.7128471119874647e-05,2.430461272730543e-05,2.161097716805947e-05,4.252849516676675e-06,6.037120029929366e-05,2.063881986488923e-05,3.232734406411503e-05,0.0002450041214008,3.497546392054543e-05,3.350079693642396e-05,3.03571728679317e-05,2.121087104351255e-05,2.189043982622491e-06,2.4169962331553005e-05,5.489635581182147e-05,5.914736572761906e-05,6.721909264973873e-05,2.3174365365065833e-06,3.50890113187163e-05,0.0002159854918275,0.0002206335831296,2.9594964704149685e-05,0.000255548447972,0.0002339102266848,0.0002024939182459,0.0001968868468765,0.0001178472857626,0.0001274269604844,0.0001030841497276,6.935150073132213e-06,-0.0003573517250298,0.0001661243208586,8.547304889942889e-05,-0.0003265283471652,-0.000917112311929,-0.0002594365905591,-0.0015571607931205,-0.0008587051081707,-0.0028007552934398,-0.0008962461956644,-0.0029889368584827,-0.0010250905041791,-0.0033985164327377,-0.0009699570701071,-0.0030302168634963,-5.281567132881048e-06,1.2484043836025107e-06,0.0003593769821019,1.111835014441454e-05,0.0003231118223387,0.000323642104016,0.0003213762754972,0.0003710952142642,-1.4803660884274368e-05,0.0003518405283246,-3.14621175409287e-06,-1.851393849238133e-05,-2.829779126587204e-06,-6.967815013741749e-06,1.2873949360310103e-06,-2.0619343479516212e-05,-3.17302725299957e-06,-6.671340000794023e-07,-1.9670373543169912e-06,-6.33233102456884e-08,-1.7627964902374695e-05,3.159154354184122e-07,-2.470591933847909e-06,-2.9435719774159596e-06,-5.9884689872115445e-06,9.133680443525906e-07,3.16215391752059e-07,-1.8678025329912585e-05,4.910930274941583e-07,-2.113990824655151e-06,-2.5321527858778653e-05,-2.8616390827804332e-06,-2.33932435301957e-06,-2.5805051651452552e-06,6.441453292388154e-07,-3.080595607942769e-07,-1.908759913609904e-06,-1.5398138542477584e-05,-3.5758749109924983e-06,-2.1769310543727256e-05,-4.094494299975781e-07,-1.5009492187992407e-06,-2.190646656166161e-05,-2.15760330197606e-07,3.639010529497707e-07,-3.87945195868091e-07,-9.482457909718564e-07,-1.397535531491771e-07,6.120107278399711e-07,-4.076182050360007e-07,-2.9094118281454953e-07,5.143234250550278e-08,1.4877822678563172e-07,3.01822788297613e-06,-3.2930522875077853e-07,-2.673231268031917e-07,-3.808806501933206e-07,8.396790755750589e-07,-3.91305059229652e-07,6.117588070551775e-07,3.5829285218482955e-06,-2.8567357785867245e-07,-2.2003876688248366e-07,1.2793456598053571e-06,-3.970998744321582e-07,-2.567887880471118e-07,-2.406296321134799e-07,-1.1135434690727385e-07,5.0750506283373486e-08,-7.24006121856463e-08,2.630268443770812e-06,-6.581293973062955e-07,4.273289472193324e-06,7.686419940116085e-08,-2.0722364156889597e-07,9.040012176016688e-07,2.941932543871274e-06,movement,movement,no movement,no movement
3549.99999999999,-2.6425038934923965e-06,0.3800548399701613,-0.2913254869,0.0131204579091158,0.3947071856540356,-0.2813626047,0.0153645398005216,0.3945391348497133,-0.2693777618666666,0.0147599728321989,0.3944547566973886,-0.2727861935333333,-0.0045038447585621,0.4003051187455176,-0.2914804024666667,-0.0033943558760269,0.399013387032353,-0.3030591282333333,0.0001922942731535,0.3891711164642141,-0.2839072550999999,0.065278583165246,0.3822550223359295,-0.1735542075466666,-0.0489974231420092,0.3457381101240174,-0.1669047902333333,0.0307849056678375,0.3711560898330852,-0.2400680448,0.0010910470693835,0.3422791348579734,-0.2652611925666666,0.1367512983580756,0.23812577876593,-0.0455583336206666,-0.0978133240276485,0.2890161348549651,0.0106921992435999,0.1641831319363199,0.0664231120917981,-0.0065880995366666,-0.1297972439223783,0.0538591669683895,0.0049097326499666,0.1655671006380677,-0.1226557479368572,-0.0121428197079999,-0.1379393206207474,-0.1102959081712318,-0.0723555884299999,0.1608396019974236,-0.1623125204336355,-0.0180031754626666,-0.1195320673377806,-0.1483879930775158,-0.1164438163866666,0.1321502239853622,-0.1707646113306771,-0.0444054307596,-0.0894243352063088,-0.1321636758133434,-0.1407143192033333,0.1566969229457614,-0.1491532317567789,-0.0225100290913333,-0.1210989313595218,-0.1151764422542619,-0.118038565,0.0746958207934786,-0.1165132589586775,0.02534897657,-0.0723256875020264,-0.1058756970250626,-0.0231709123833333,0.0660514975362585,-0.4509370654475484,-0.0249412077733333,-0.039406230256668,-0.3923414708085277,-0.0236367792833333,0.0739344541586227,-0.7388443630335046,0.1327266519366666,-0.0766290523295169,-0.7159983155015859,0.13487926843,0.0576412296684108,-0.7686731907439831,0.1508351124233333,-0.0791058820646204,-0.7441011811963014,0.1100160243599999,0.0398074472736543,-0.7913001829721621,0.0659678669633333,-0.0741288319542672,-0.7633122698796834,0.00417892597181,kalt_g_ch1_g18_compr.mp4,ch1g18,3.142357854755174e-05,0.0001724768623021,3.3750430058497264e-05,8.709676054709192e-05,2.1570142308942627e-05,0.0001875156603201,3.385332859520442e-05,2.1409499847413607e-05,1.894256621742078e-05,7.1924447627758054e-06,4.541807198179957e-05,2.3244186049319217e-05,3.160258986386623e-05,3.3769114131467475e-05,1.8878854381775243e-05,2.242843785930448e-05,4.688317116430562e-06,4.3187564068434944e-05,2.121543654142208e-05,3.0064081814400837e-05,0.0002217874128765,3.158909938637043e-05,3.096734003424586e-05,2.750678197409837e-05,2.157158064905804e-05,1.9337722742097665e-06,2.22412345983446e-05,4.059972234333763e-05,5.5635548324885305e-05,4.773008442602214e-05,1.9844362630889062e-06,3.3862116504709785e-05,0.0001956181194791,0.0001983402690441,3.0256038064193443e-05,0.0001915925885622,0.0001717066422844,0.0001410271325812,0.0001373725643546,6.543877927215294e-05,7.378457834342028e-05,5.110118707707197e-05,-3.424132452025563e-05,-0.0003822901953353,0.0001080211886125,3.610323366557938e-05,-0.0003143352777738,-0.000875813555704,-0.0002041070286989,-0.0014390374305268,-0.0006437627389963,-0.002553934539128,-0.0006612675685218,-0.002728068757577,-0.0007416181348318,-0.0030947919428077,-0.0007254617876989,-0.0027603889865775,-6.171832926562432e-06,2.5350883151431466e-06,0.0003416495007383,2.1786676798123127e-05,0.0003315000381382,0.0003286900164069,0.0003382576544366,0.000375523174177,6.80586667203031e-06,0.0003648006858557,-3.272861169502772e-06,-1.7928531331103845e-05,-3.176401798496055e-06,-7.752960733220167e-06,1.0677782627481405e-06,-1.979248413468922e-05,-3.532327207009408e-06,-1.0018667701665155e-06,-1.8041515059790256e-06,9.635475685702398e-09,-1.421583471566156e-05,-4.5185682702322824e-08,-2.696176729740234e-06,-3.2784905169994543e-06,-4.997749221670297e-06,4.759110516197635e-07,9.679778197731878e-07,-1.4703462680877972e-05,1.504132827860571e-07,-2.295000005703154e-06,-2.38759833158739e-05,-3.216252815474108e-06,-2.558620820807461e-06,-2.750606866232236e-06,4.910278350557909e-07,-2.53626380536725e-07,-1.9002599586522423e-06,-1.2439000616612424e-05,-4.267647889040053e-06,-1.696254135648889e-05,-3.281050486573728e-07,-1.683696266120542e-06,-2.088613291494477e-05,-4.32224201392688e-08,2.8003149399087e-07,-2.553231823653385e-07,-1.0869170757042689e-06,-2.2477806148755946e-07,5.337868153362678e-07,-2.442601602873925e-07,-2.807947046365573e-07,1.8659060209819808e-07,8.436088392237283e-08,3.2205649000193334e-06,-3.631972435089576e-07,-1.754804119725025e-07,-2.44422034811826e-07,1.1799413877706198e-06,-4.057343118908216e-07,5.522956682501988e-07,3.735877004406841e-06,-3.3448455133073117e-07,-1.553127948689199e-07,1.1804124298434308e-06,-2.5780757978178786e-07,-1.7599739970092485e-07,-1.1973355226098186e-07,-1.6330990305718906e-07,4.8277980815538685e-08,-4.202422217366705e-09,2.831032437115514e-06,-7.826615174892101e-07,4.435293856343704e-06,7.409869671055642e-08,-2.59827062586289e-07,7.859606635560124e-07,3.2660086811976697e-06,movement,movement,no movement,no movement
3566.6666666666565,-0.0004539189725913,0.380241888405128,-0.2958857796666667,0.0126238895530082,0.3948737195079137,-0.2860207236,0.014859491018363,0.3946756561697478,-0.2740014386999999,0.0142511474177714,0.3945882565109614,-0.2773902679,-0.00498587282246,0.4003692616027348,-0.2961285241666666,-0.0038851744153486,0.3990859331516885,-0.3077267212666666,-0.0002779465265838,0.3892210614391952,-0.2885297905333333,0.0648001309253248,0.3822277987604373,-0.1782719741466666,-0.0493916186525233,0.3453715838071224,-0.1715855931633333,0.0303855948606101,0.3712623977074756,-0.2446318125,0.000759690414634,0.3423159592307686,-0.2698394924,0.1366246269978251,0.2378604636661252,-0.0498063514373333,-0.0981141824685616,0.2882245864718183,0.0069756119459333,0.1639648314982903,0.066296913710305,-0.0096384132399999,-0.1296554084719535,0.0525490998107653,0.0025002440823,0.1658000043383647,-0.1231178329203159,-0.0138665027746666,-0.1391509318927831,-0.1127111767418666,-0.0741189879966666,0.1611070596079281,-0.1627869259754863,-0.0194518853526666,-0.1211934273451842,-0.1509886046099913,-0.1179790388133333,0.1324366716890011,-0.1712884169651519,-0.0460367016139333,-0.0913261640527799,-0.1351208917409412,-0.1425050011866666,0.1569379099621064,-0.149677922090575,-0.0242782866846666,-0.1224575751155612,-0.1177958761384239,-0.123246,0.0747298717420936,-0.1165201256481429,0.0253284720133333,-0.0723593683615506,-0.105872264242591,-0.0231719040533333,0.0661438465736446,-0.4506001726922913,-0.02431948619,-0.0392764842850125,-0.392302132729202,-0.0222006082866666,0.0737983131006637,-0.7385062014552038,0.1346046393133333,-0.0764829784761307,-0.715647906557566,0.1364833215466666,0.0575231190086935,-0.7683218600208696,0.1528140877,-0.0789954146869514,-0.7437034232594693,0.1116835683433333,0.0396988935477084,-0.7912691311112242,0.067713274,-0.0740268404058297,-0.7629332445928596,0.0054255106924766,kalt_g_ch1_g18_compr.mp4,ch1g18,2.8215571869542498e-05,0.00015556186007,3.0420032617921483e-05,7.852060938644e-05,2.2156489155374337e-05,0.0001691629120908,3.012665212813462e-05,2.009246306801221e-05,1.7125620288746283e-05,7.374816032352785e-06,3.2863539953161434e-05,2.292997176826687e-05,2.886645361196121e-05,3.0337984876944604e-05,1.4500009370241476e-05,2.2751482341613946e-05,5.865624985883969e-06,3.033743135949335e-05,2.1104265389296832e-05,2.778095324373872e-05,0.0002003751066086,2.812310589833537e-05,2.8383445554124895e-05,2.4685635067751403e-05,2.1711809641123143e-05,1.704721695529981e-06,2.0419262552166744e-05,2.9525269016288656e-05,5.1060985260207725e-05,3.320041469758048e-05,1.7061695167165626e-06,3.223529903398734e-05,0.0001764955444549,0.0001773329359963,3.027858476736058e-05,0.0001166729067017,0.0001002791475357,7.105270497817661e-05,6.942544051918776e-05,6.292928121928144e-06,1.2929110945973574e-05,-7.369449774173779e-06,-7.115004226649827e-05,-0.0003950257278319,4.420736701254577e-05,-1.823168141248498e-05,-0.0002820188676593,-0.0008108468160009,-0.0001414860424309,-0.0012972232464819,-0.0004539590652656,-0.0023094743942149,-0.0004575085567086,-0.0024744309107778,-0.0005021602469728,-0.0028041774466117,-0.0005120794248226,-0.002495785455213,-6.759035911190857e-06,3.4241691862568996e-06,0.0003183807565783,3.217891636804846e-05,0.0003344727243039,0.0003237491850752,0.000347943789938,0.0003679400194866,3.078521306617585e-05,0.0003697526657778,-3.2416529309449863e-06,-1.7776057267917246e-05,-3.3687208201212936e-06,-8.87551414693795e-06,8.221883579724686e-07,-1.9390978506657888e-05,-3.6976059873719984e-06,-1.2677431489949209e-06,-1.5346967118073578e-06,3.950056412261723e-09,-1.0900945675094948e-05,-4.2456366442931747e-07,-2.820502314031114e-06,-3.4549654042658987e-06,-3.681593013585117e-06,2.942180357099555e-08,1.4475804891816644e-06,-1.0936554786411011e-05,-2.139881533576016e-07,-2.4087123149404784e-06,-2.2887765709482385e-05,-3.4005397126698226e-06,-2.6886934072575858e-06,-2.7786035007699563e-06,3.583826754522058e-07,-2.1381824893709602e-07,-1.82423303399688e-06,-9.54061521299484e-06,-5.100555010165698e-06,-1.241188048538639e-05,-2.652070962528118e-07,-1.97902375932411e-06,-2.0330451023984857e-05,1.0440537303541552e-07,2.2312901640394217e-07,-1.1241555792941296e-07,-1.0603944061654212e-06,-2.954788480614373e-07,4.568381899454611e-07,-7.00714878488348e-08,-2.3911960826347997e-07,3.092398419045005e-07,1.4094447844428121e-08,3.1544693243237577e-06,-3.459960150097057e-07,-8.001822761821934e-08,-9.887286813025405e-08,1.4048399285639756e-06,-3.959753180167928e-07,4.0879076943513923e-07,3.567023732557769e-06,-3.359144030456135e-07,-9.185299668974145e-08,1.0301065758980668e-06,-1.0154189729915001e-07,-9.138402615370512e-08,-9.879510434465363e-10,-2.090075330831367e-07,4.33273644700848e-08,4.8726272579166424e-08,2.794941219893139e-06,-7.806012392165566e-07,4.202948016244561e-06,6.601669578966058e-08,-2.922418243772301e-07,6.656957801761577e-07,3.310512724961753e-06,movement,movement,no movement,no movement
3583.333333333323,-0.0008444719176617,0.3803642260686498,-0.3001211252999999,0.0121955096799506,0.3949745617585774,-0.2903631395333333,0.014420072374209,0.3947494188007456,-0.2783145241666666,0.0138075921535825,0.3946607124721218,-0.2816852807666666,-0.0054030412735062,0.4003850572513241,-0.3004610636,-0.0043082061120912,0.3991088032312178,-0.3120821091666667,-0.0006870480384151,0.389223874124779,-0.2928422536333332,0.0643854822325806,0.3821489660126677,-0.1826745020966666,-0.0497185430268127,0.3449894047889243,-0.1759762598066666,0.0300366013707455,0.3713069719942003,-0.2488648514333333,0.0004742893761739,0.3423053860415844,-0.2740965137333333,0.136492946802883,0.237589222862533,-0.053809168164,-0.0983647692736693,0.2874478861607735,0.0034579371026,0.163808447830654,0.0661675878460203,-0.0127081510433333,-0.1295187175048612,0.0512641526528888,-2.6424251033333887e-05,0.1660103986449142,-0.1235468690405843,-0.0155867901146666,-0.1402388774397939,-0.1149528070156538,-0.07599942439,0.1613485184617881,-0.1632154987955316,-0.020897271976,-0.1227049710325547,-0.1533695791711975,-0.11964949178,0.1326970509140271,-0.1717526254263013,-0.0476584320863333,-0.0930760143648298,-0.1378225274673652,-0.14440360953,0.1571603246332349,-0.1501537372874757,-0.0260424319279999,-0.1236894035555236,-0.1202149023091148,-0.121570863,0.0747594530082742,-0.1165278226577755,0.02530648833,-0.072389786785004,-0.1058675764636294,-0.0231703102499999,0.0662458458321056,-0.4502994200419246,-0.02373359451,-0.0391551126038346,-0.3922645806681978,-0.0208451523466666,0.0736759997694984,-0.7381712085240544,0.1363481097,-0.0763236548982334,-0.7153081263785971,0.1380266094666666,0.0574159646055697,-0.7679693233757646,0.1546560443333333,-0.0788623263736561,-0.7433168781120165,0.1132866531333333,0.0395902364012852,-0.7912365241876432,0.0693915055466666,-0.0738959314122931,-0.7625702481662487,0.0066520778891433,kalt_g_ch1_g18_compr.mp4,ch1g18,2.5135594250345515e-05,0.0001381427632454,2.7126187825467596e-05,6.90090499263574e-05,2.270336193595638e-05,0.0001504258824462,2.651685430319864e-05,1.8612652067755457e-05,1.572874307960353e-05,7.33647544660212e-06,2.44752611393645e-05,2.2318201059360156e-05,2.6200693158106196e-05,2.697642272033357e-05,1.1531245485305893e-05,2.255830327264101e-05,7.6313542661432e-06,2.2260181594752585e-05,2.0681957564681208e-05,2.553963980385961e-05,0.0001785421825381,2.4790838796724862e-05,2.5853086039030102e-05,2.1980323066624467e-05,2.1878732523275588e-05,1.5195702216761558e-06,1.8753858860162915e-05,2.226235163094474e-05,4.554280584947783e-05,2.403894090835221e-05,1.4880747331266311e-06,3.0233204105434444e-05,0.0001567928372653,0.0001564424940078,3.0106848150085577e-05,4.749129883585567e-05,3.511185057362248e-05,8.201843393409097e-06,8.471793781883476e-06,-4.436735143775101e-05,-3.934911871930312e-05,-5.677724620856708e-05,-9.582881492741048e-05,-0.0003857172294681,-1.1917152473455334e-05,-6.351042353090836e-05,-0.0002297427032253,-0.0007212744698238,-7.513394525191175e-05,-0.0011385355309204,-0.000299430344205,-0.0020619353199823,-0.000294852959226,-0.0022178374445488,-0.0003151765677228,-0.0025135195876543,-0.0003405236190375,-0.002230247307722,-6.993444973774066e-06,3.8442210027577185e-06,0.0002929613711904,4.064255441174488e-05,0.000336492121512,0.0003136738929005,0.000355172429273,0.0003543312749091,5.582185879705074e-05,0.0003659590073416,-3.0445541462064375e-06,-1.7784366033063547e-05,-3.369531892303005e-06,-1.0151507470930083e-05,5.586067569623557e-07,-1.9169706396424172e-05,-3.633961274378207e-06,-1.4606113369036053e-06,-1.1821492362216526e-06,-3.9430633289004574e-08,-7.934002707018131e-06,-7.754495213576605e-07,-2.805440547974841e-06,-3.4380210637285455e-06,-2.172867635270177e-06,-3.7370614892244353e-07,1.7579562315503189e-06,-7.627219553820771e-06,-5.627104237616774e-07,-2.422890907945196e-06,-2.213380519255471e-05,-3.3837980370373403e-06,-2.693387927664739e-06,-2.6686104538880995e-06,2.0893872591760019e-07,-1.8230617512743578e-07,-1.6926835926212155e-06,-6.908885275011185e-06,-5.942494571315947e-06,-8.496415953308843e-06,-2.1496590093700834e-07,-2.2816017073957146e-06,-1.9936549036311993e-05,2.2270958493309434e-07,2.573730949195803e-07,3.2445380089542625e-08,-8.493298414727043e-07,-3.645421862327773e-07,4.563659693014829e-07,1.0064838090152844e-07,-1.791362554659727e-07,3.959907475819414e-07,-4.035724174745927e-08,2.8156194713983365e-06,-2.973555917322742e-07,1.6070113113961894e-08,4.7103490899795634e-08,1.4811847673591388e-06,-3.671794073583661e-07,1.9623044789285577e-07,3.0819437133104576e-06,-3.042931213082947e-07,-2.7087824275879548e-08,9.35480358452332e-07,5.809746654609117e-08,-4.0490839575264914e-09,1.0889659389917514e-07,-2.620627600287467e-07,3.5865457922952207e-08,8.805793078736287e-08,2.509249484160337e-06,-6.307554861640967e-07,3.59899322950747e-06,5.4109438561046387e-08,-2.867372521722786e-07,6.292653046692101e-07,3.0459552489194907e-06,movement,movement,no movement,no movement
3599.9999999999895,-0.0011946455950249,0.3803396063578633,-0.3042727234333333,0.0118193156438104,0.3949417555156279,-0.2946204454666667,0.0140336480896688,0.3946911591559299,-0.2825426715333333,0.0134171727312567,0.3946044065021462,-0.2858998978666666,-0.0057749102157645,0.4002900270313646,-0.3047160285666667,-0.0046839623101952,0.3990170732463497,-0.3163629224000001,-0.001055065868781,0.3891167911077146,-0.2970780398333332,0.0640334678307623,0.3819989919091932,-0.1869318395866666,-0.0500170280783149,0.3445842164861253,-0.1802414678433333,0.0297181171525633,0.3712274728933829,-0.2529852266666667,0.0002074595697407,0.3421893160300187,-0.2782463868,0.1363494245957129,0.2373191851145548,-0.0576553341973333,-0.0985772123763126,0.2866948058053488,0.0001017393459333,0.1637096083017268,0.0660495799512292,-0.0158840399366666,-0.1294022931507001,0.050057772067822,-0.0026446741610333,0.1661834825154305,-0.1239413384068871,-0.0174887894179999,-0.1411621170852832,-0.1170540174577228,-0.0778319261666666,0.161532959475618,-0.1636108592069962,-0.0225658961826666,-0.1239561406437618,-0.1556094778506707,-0.12124217384,0.13288550490884,-0.1721890878696179,-0.0494610874116666,-0.0945456340973389,-0.1403494796778499,-0.1462302067699999,0.1573418979960467,-0.1505940305933232,-0.0279747963813333,-0.1247346205503204,-0.1224735156361558,-0.119676076,0.0747819678401761,-0.1165347745123464,0.0252790706266666,-0.072413783411766,-0.1058636698164774,-0.0231623188833333,0.0663558019940776,-0.4500327755535903,-0.0232001384033333,-0.0390333821185984,-0.3922270531041013,-0.0195707415566666,0.0735492126819276,-0.7378337550735931,0.1377761863,-0.0761841067397452,-0.715012064952418,0.1393763310666666,0.0572997282910527,-0.7676114571802226,0.1561516915333333,-0.0787529457881624,-0.7429825321858696,0.11466911978,0.0394738789717207,-0.7911953686925507,0.0707660048,-0.0738040409395034,-0.7622395881621529,0.0077107943388099,kalt_g_ch1_g18_compr.mp4,ch1g18,2.2261856604827055e-05,0.0001202983364518,2.396517483989129e-05,5.8132553884292745e-05,2.30784797479881e-05,0.0001312494447075,2.313074458349821e-05,1.6947801610437733e-05,1.484009406202472e-05,7.32071163711596e-06,1.8834783134121587e-05,2.14378413117653e-05,2.357246614823867e-05,2.3757886660030305e-05,1.0081964254756144e-05,2.202721482681485e-05,9.684911440511078e-06,1.7515493333045572e-05,2.0006603063056227e-05,2.3277941525223943e-05,0.0001563784650131,2.1639655981737555e-05,2.331962195877271e-05,1.948340720794992e-05,2.1961986435674943e-05,1.3537488349879582e-06,1.7216238643766053e-05,1.7505215388844428e-05,3.891348593068611e-05,1.8688582793474817e-05,1.3012084436892531e-06,2.7795318236812503e-05,0.0001367549013372,0.0001351264672195,2.970846704768627e-05,-6.786626692731645e-06,-1.377580016075382e-05,-3.7511740149835376e-05,-3.5571122000393534e-05,-7.832121665753459e-05,-7.482096985108217e-05,-8.92376721592869e-05,-9.933509823771488e-05,-0.0003512991003402,-5.072422829697082e-05,-9.215185770340616e-05,-0.0001590790435023,-0.000610331136966,-3.946389016599044e-06,-0.0009640828979684,-0.0001657621081444,-0.0017948879751863,-0.0001596586456514,-0.0019414918968946,-0.0001683878466418,-0.0022013721215202,-0.0001960203556261,-0.0019435328515629,-6.91623394327023e-06,3.887298158433309e-06,0.0002665355728128,5.1783840201924e-05,0.000338843677693,0.000303327675174,0.0003614709064679,0.0003397304976846,8.280269276022478e-05,0.0003566099006113,-2.7432821680919367e-06,-1.7742432213269387e-05,-3.221911271057873e-06,-1.1256024390082915e-05,2.3607024539964654e-07,-1.8943125372524667e-05,-3.391482976855644e-06,-1.575035499102726e-06,-7.944227162505325e-07,-1.1759517233677666e-07,-5.5164858154907696e-06,-1.0266425681269949e-06,-2.7116204788493013e-06,-3.273069247853449e-06,-5.968535451207112e-07,-6.794559388676998e-07,1.8625254454377371e-06,-5.022604622290853e-06,-8.323800154464532e-07,-2.3978678649623123e-06,-2.145799387075756e-05,-3.202131896889999e-06,-2.6283625346071697e-06,-2.4884018070927464e-06,-1.13579329411135e-08,-1.573564454704712e-07,-1.5968270856368438e-06,-4.716711768904047e-06,-6.661099062178408e-06,-5.502575015893231e-06,-1.7566792367120126e-07,-2.6117156312155567e-06,-1.9508037403525437e-05,3.09876672957958e-07,4.204448558442796e-07,1.670850710751864e-07,-4.33050572990299e-07,-4.26693567446835e-07,5.803597580852111e-07,2.5084254830279556e-07,-1.0808620767312439e-07,4.2247344307596667e-07,-7.797893407026891e-08,2.3020348588345915e-06,-2.27094772386061e-07,1.0971903038039587e-07,1.817813595929028e-07,1.3936454961420427e-06,-3.273643592545142e-07,-5.192400430091398e-08,2.3988159092909264e-06,-2.471316846954723e-07,4.1204419459903686e-08,9.53848341148869e-07,2.0516397399462005e-07,8.49025400673583e-08,2.0053754866421366e-07,-3.1820789515113257e-07,2.7703769717466513e-08,1.162927930372824e-07,2.058515961059071e-06,-3.3826362990169764e-07,2.765601054514084e-06,4.11099102596436e-08,-2.2580594927552487e-07,7.161050212624333e-07,2.558132601415551e-06,movement,movement,no movement,no movement
3616.666666666656,-0.0015021710007609,0.3802388645896404,-0.3082719953999999,0.0114895071421428,0.3948392142464949,-0.2987284184333333,0.0136938026555025,0.3945653839631631,-0.2866226755333333,0.0130730579399107,0.3944821716831721,-0.2899691089666666,-0.0061069025228056,0.4001329151977896,-0.3088240075333334,-0.0050188244151178,0.3988621033661235,-0.3204965184333334,-0.0013862171964479,0.3889491936952399,-0.3011675410999999,0.0637257087622139,0.381830232260437,-0.1909970082333333,-0.0502870956764254,0.3441767027287638,-0.1843301865333333,0.0294383616617519,0.371094496697896,-0.2569344635333333,-2.8772941622297684e-05,0.3420222095111583,-0.2822275474,0.1362187502602585,0.2370882995560413,-0.0612687617273333,-0.0987529596419402,0.2860120853463095,-0.0030961526007333,0.1636194749685099,0.0659849431216965,-0.0190208406033333,-0.1293595499481145,0.0490365447647472,-0.0052239226076999,0.1662990079418928,-0.1241926817951426,-0.0194370210013333,-0.1420060300106875,-0.1188490962035561,-0.07979059005,0.1616341054826298,-0.163856245159343,-0.024317180796,-0.1250813056724147,-0.1575333495482099,-0.12304184668,0.1329978850438161,-0.1724621047972228,-0.051330527905,-0.0958613408890105,-0.1425279289019388,-0.148208208,0.1574662023923483,-0.1508861342030076,-0.0299477628346666,-0.1256807268781514,-0.1244116700394599,-0.118633658,0.0747992337438038,-0.1165416498407538,0.02524890186,-0.0724329661997531,-0.105859945388897,-0.0231507742066666,0.066460555607349,-0.4497901820655984,-0.0226888210766666,-0.0389297863889619,-0.3921747494723566,-0.0183756529699999,0.0734137057833554,-0.7374937568641827,0.1390691201,-0.0760746478490764,-0.71472998470506,0.1406311735,0.0571671003232233,-0.7672482361411194,0.1574975947,-0.0786769405435537,-0.7426701736278163,0.1159521748333333,0.0393348857783365,-0.7911128215447433,0.07197038271,-0.0737910988993387,-0.7619095925471054,0.0087239329821433,kalt_g_ch1_g18_compr.mp4,ch1g18,1.963436093300936e-05,0.0001026817360805,2.0862615901087053e-05,4.657155660448535e-05,2.3565301792275417e-05,0.0001122890603071,1.9921227124092196e-05,1.533822542563877e-05,1.428063255762026e-05,7.053969780666106e-06,1.4604811417863113e-05,2.0236032493445947e-05,2.09096741885688e-05,2.06171148508501e-05,1.0033127308028664e-05,2.1005092913824305e-05,1.156199647725452e-05,1.402361367703673e-05,1.8996452072347305e-05,2.089463920193358e-05,0.0001345686745394,1.859160910333804e-05,2.071621686027015e-05,1.709957367406707e-05,2.2226161264729384e-05,1.2015781888749426e-06,1.564451008300923e-05,1.4000783641228346e-05,3.170802200788918e-05,1.4854429782150656e-05,1.1350608616738365e-06,2.495273927198435e-05,0.0001170512392503,0.0001140575924488,2.9238116148321613e-05,-4.599661812797033e-05,-4.652177724754207e-05,-6.652799921789383e-05,-6.321063744541661e-05,-9.680397744851728e-05,-9.468267182743192e-05,-0.0001059567579655,-8.363532923641855e-05,-0.0002980907809329,-7.236552886828191e-05,-0.0001053853588002,-7.45615703821675e-05,-0.0004865076549747,7.221660588293119e-05,-0.0007836184440644,-5.087401860454419e-05,-0.0015214931349068,-4.7122751893071575e-05,-0.0016570528437118,-5.1102610477084675e-05,-0.0018797297357202,-7.513194344862682e-05,-0.0016491832229337,-6.517635559375311e-06,3.5206049858561263e-06,0.0002418857576867,6.368407879527991e-05,0.0003415456056146,0.0002924711100673,0.000366504807011,0.000324085074644,0.0001072523587264,0.0003407200897362,-2.380617957971105e-06,-1.7384402826407876e-05,-2.9613195477384884e-06,-1.1784566907048572e-05,-1.7114334337863697e-07,-1.846515275972305e-05,-3.0247850394160324e-06,-1.617242778537532e-06,-3.63469747239066e-07,-1.9768936710329474e-07,-3.6046336188649345e-06,-1.192394281045783e-06,-2.5528183388213253e-06,-2.9986104589198464e-06,8.553278173125792e-07,-9.34551879740544e-07,1.719247210953036e-06,-3.041950570400267e-06,-1.0240622881806864e-06,-2.3323747616673685e-06,-2.065940697982383e-05,-2.8941167580106794e-06,-2.5011987834959914e-06,-2.251990745791935e-06,-3.210979226286806e-07,-1.344891046158044e-07,-1.5149343651668455e-06,-2.9317926760167053e-06,-7.046681066307367e-06,-3.3555202965540686e-06,-1.433965181575403e-07,-2.894430304474406e-06,-1.8849038157992437e-05,3.667652522986421e-07,7.046479008830983e-07,2.8567174713088033e-07,1.4673014522393358e-07,-4.822422988477674e-07,8.284754477837188e-07,3.715646462149783e-07,-3.8854862952178874e-08,3.855596696455252e-07,-8.805352965588989e-08,1.7434007186084805e-06,-1.4455449443744064e-07,1.9910643900626628e-07,2.992254848624495e-07,1.1566671159745452e-06,-2.752403867354595e-07,-2.929929148749179e-07,1.6902189101351525e-06,-1.719154518760799e-07,1.1525389094635829e-07,1.0980712186392552e-06,3.3061070787116697e-07,1.7405618193802806e-07,2.726128609087571e-07,-3.76657812980667e-07,2.0097703205641412e-08,1.4073255975172457e-07,1.5569696435848942e-06,5.0622049823563035e-08,1.9081087411227662e-06,2.9144499276114347e-08,-1.1133798538607709e-07,9.264636507137984e-07,2.068838245962728e-06,movement,movement,no movement,no movement
3633.3333333333226,-0.0017754687263606,0.380149687538204,-0.3113928742666666,0.0111990773984689,0.3947547513768033,-0.3019359380666666,0.0133956523304911,0.3944618239358454,-0.2898068703999999,0.0127704920034834,0.3943830189229281,-0.2931493917666666,-0.0064013760251863,0.4000086634048154,-0.3120566376333334,-0.0053158549732052,0.39873809518866,-0.3237525234666667,-0.0016825325637302,0.3888158852919581,-0.3043891512999999,0.0634454487333027,0.3817159292641746,-0.1941575482333333,-0.0505386378821682,0.343889466930673,-0.1875933963,0.029182998777079,0.3709872966105605,-0.2599995847,-0.0002498618430222,0.3418910145832383,-0.2853451435,0.1360900943585335,0.2370197802718446,-0.0640869452973333,-0.098915765268165,0.2855745289846856,-0.0056725480040666,0.1635511628862187,0.0661076046858275,-0.0215821823866666,-0.1293512669145899,0.0483710990579479,-0.0073312740376999,0.1663562602674916,-0.1241121328094089,-0.021310411068,-0.1427222939289351,-0.1202519068545166,-0.0814486626233333,0.1616531607327614,-0.1637610622756098,-0.025953876036,-0.125988272709478,-0.159088668343467,-0.1246643896533333,0.1330309590276166,-0.1723592457530345,-0.0531230999166666,-0.0969265199760233,-0.1442872490337836,-0.1498398647666666,0.1575311718277835,-0.1508194084215616,-0.0318703292179999,-0.1264745089652537,-0.1259319249625871,-0.118055336,0.0748128480874029,-0.1165482508093678,0.0252180349133333,-0.0724489317183407,-0.1058564611687581,-0.0231382385433333,0.0665376701770416,-0.4495613395969651,-0.0221826173333333,-0.0388432798454983,-0.3921084132262467,-0.0172875478266666,0.073281468951256,-0.7371563641119103,0.1403257462,-0.0759703272922997,-0.7144565023149752,0.1418346113666666,0.0570371272442658,-0.7668858397693162,0.1588053096666666,-0.0786024219215274,-0.7423713579582971,0.1171908492566666,0.0391579927925983,-0.7909954938836962,0.0731834077633333,-0.0737947755215885,-0.7615747989353248,0.0097921204254766,kalt_g_ch1_g18_compr.mp4,ch1g18,1.6844376011583042e-05,8.465328650299946e-05,1.7425981619551573e-05,3.4473346344511684e-05,2.3425346049236534e-05,9.296722946709523e-05,1.6507269107100298e-05,1.3804004268444527e-05,1.3657263192752651e-05,6.541364316644565e-06,1.1281574317308211e-05,1.8391135261550127e-05,1.7766055478158555e-05,1.7161854841324416e-05,1.0515498864684706e-05,1.951743840333864e-05,1.3313343004837242e-05,1.1305634418806828e-05,1.7374169200652218e-05,1.7934893564389854e-05,0.0001127283484407,1.529066005916659e-05,1.7609870294112357e-05,1.449103728287137e-05,2.196709658367313e-05,1.0436765196185402e-06,1.3652224555601157e-05,1.1296295077579912e-05,2.3996310573450816e-05,1.194526625525162e-05,9.563816662046832e-07,2.1263761620276625e-05,9.72955396977954e-05,9.269720881882318e-05,2.8007411300034776e-05,-7.387250548802222e-05,-6.783212062153793e-05,-8.395780946051634e-05,-7.959605974079506e-05,-0.0001050321721069,-0.0001041848720057,-0.000112287907147,-5.790428390699736e-05,-0.0002351722455066,-8.14971932548045e-05,-0.0001076103111215,8.864148673427112e-06,-0.0003577283926056,0.000141503046184,-0.0005968770774188,3.62825494439515e-05,-0.0012384774006525,3.394636444967305e-05,-0.0013641614359938,3.0363915720125955e-05,-0.0015508645826572,1.513557648959689e-05,-0.0013461560093618,-5.783623482986846e-06,2.834370475685887e-06,0.0002211826597511,7.531180649737721e-05,0.0003492321302129,0.0002852494921052,0.000375685985306,0.0003122279036318,0.0001336975125799,0.0003231286948695,-1.972780680604367e-06,-1.6637407786321454e-05,-2.597018324898775e-06,-1.1344694889108022e-05,-6.411296569813623e-07,-1.7641136849634932e-05,-2.566211655233946e-06,-1.6010770261944338e-06,1.4053069248800633e-07,-2.6813356410817105e-07,-2.079321982015903e-06,-1.2864508050878623e-06,-2.3049685973404783e-06,-2.62342493207127e-06,1.9690477260084943e-06,-1.1774407711349227e-06,1.3093075979815655e-06,-1.64395501340555e-06,-1.1442967141736542e-06,-2.184402047099465e-06,-1.9675310960101853e-05,-2.478673009208415e-06,-2.280801855735554e-06,-1.954484441352278e-06,-7.070235099466699e-07,-1.146192998563336e-07,-1.3921289069956784e-06,-1.5299576845244131e-06,-6.814207993542576e-06,-1.9138517344406338e-06,-1.177425782610848e-07,-2.9714844169130597e-06,-1.795178931998765e-05,4.016818614888116e-07,1.104339917333745e-06,3.9287198280855074e-07,8.274865983007094e-07,-5.057082399442305e-07,1.1957185547910312e-06,4.670334883874784e-07,2.2113450746713752e-08,2.99843999531439e-07,-7.301293167851178e-08,1.2261444672268886e-06,-5.3407603477358884e-08,2.934842809309168e-07,4.0434472022419395e-07,8.192668251929153e-07,-2.127262595791156e-07,-4.925498714609124e-07,1.063191446010933e-06,-8.346283177774813e-08,2.0643454513483573e-07,1.363093890788375e-06,4.36491893678475e-07,2.720814523350839e-07,3.3342807723769497e-07,-4.108989338268535e-07,1.468735127974538e-08,1.7696169835290467e-07,1.0820438643961544e-06,4.817120831905266e-07,1.1580495082891936e-06,2.0618381252439216e-08,5.9171161299502826e-08,1.248299230226217e-06,1.935540694153193e-06,movement,movement,no movement,no movement
3649.999999999989,-0.0020260257792705,0.3800673824134756,-0.3141324041,0.0109223936633017,0.39467609422117,-0.304726332,0.0131126823888844,0.3943672651287522,-0.2925745097666666,0.012483055633311,0.3942933577987933,-0.295911399,-0.0066895028108459,0.3998922137309902,-0.3148810221000001,-0.0056073201533972,0.3986213275327634,-0.3265964856,-0.0019735286246882,0.3886919309121458,-0.3072031650333333,0.0631681419857706,0.3816841497150277,-0.1967707018,-0.0507966116568249,0.3436674418214211,-0.1903660014666666,0.0289485992525984,0.3709000194893939,-0.2626438742333333,-0.0004638808996856,0.3417752150992791,-0.2880484133333333,0.1359674217270022,0.2371313978974381,-0.0663755104133333,-0.099078771593866,0.285305729113495,-0.0077782891440666,0.1634981422090169,0.0663608762246314,-0.02348512959,-0.129345250787222,0.0479443944018138,-0.0090485876976999,0.1663680057783581,-0.1239264432786936,-0.022713515828,-0.1433342843308387,-0.1213044707028535,-0.0828292992933333,0.1616042855534012,-0.1635814888902438,-0.0272378316426666,-0.1267682943022533,-0.1602814653533694,-0.1260811798999999,0.132980478199366,-0.1721728781410118,-0.0544627591666666,-0.09786177899613,-0.14564887198272,-0.1511917843,0.1575415303837141,-0.1506529154958324,-0.0332745599799999,-0.127161297397251,-0.1270864681719509,-0.106101535,0.0748251996671608,-0.1165539314403042,0.02518529849,-0.0724638741181348,-0.1058537640868157,-0.0231233154633333,0.0665854310841635,-0.4493469932199455,-0.0216817236166666,-0.0387879401657365,-0.3920237937408967,-0.0163079483566666,0.0731646168699385,-0.7368169496614232,0.1415263769666666,-0.0758878651750373,-0.7141831796988716,0.14295053,0.0569220512843068,-0.766520897576943,0.1600526431666666,-0.0785454880610376,-0.7420730628281624,0.1183480036533333,0.0389748426463751,-0.7908361736658299,0.07437938949,-0.0738409857346383,-0.7612397989974758,0.0108632621454766,kalt_g_ch1_g18_compr.mp4,ch1g18,1.5464750258965783e-05,6.864481579015902e-05,1.5386922662004404e-05,2.3833072184428713e-05,2.2939823366799117e-05,7.588645454824096e-05,1.4557411837748376e-05,1.2487277480675914e-05,1.4504571333570232e-05,6.341270351108058e-06,1.0080157427864371e-05,1.7208453545389408e-05,1.596604528914944e-05,1.5101256502402031e-05,1.3681728223063966e-05,1.841597664130613e-05,1.4628107524530317e-05,1.0250127887843263e-05,1.6326367571200476e-05,1.6182472895178093e-05,9.3533141916145e-05,1.34093595268542e-05,1.5814703888963017e-05,1.3120729510329706e-05,2.1451524577859333e-05,9.111571900736908e-07,1.2735774200002527e-05,1.0577467786502702e-05,1.759428406697668e-05,1.066486244262201e-05,8.080853919943658e-07,1.856745047961437e-05,7.987989489271019e-05,7.469403307197531e-05,2.695771104497653e-05,-6.525319919504039e-05,-5.3706001169496754e-05,-6.580526949995836e-05,-6.051505334070763e-05,-7.764578598904153e-05,-7.749526090184078e-05,-8.336900628835719e-05,-6.9919053062256e-06,-0.0001478473845701,-5.8313225547641825e-05,-7.800378776233656e-05,0.0001044637016027,-0.0002262654281818,0.0002195526102141,-0.0004065202617939,9.828350125533228e-05,-0.0009595197665421,8.38787182495798e-05,-0.0010772815322634,7.545121158076867e-05,-0.001232615143398,7.671578411830026e-05,-0.0010495159150883,-5.016423138505735e-06,1.8104907072195604e-06,0.0002001882651652,8.579381522898139e-05,0.0003445704368413,0.0002709603808218,0.0003710701059309,0.0002933587850083,0.000158797984933,0.0003076064781826,-1.58058312762839e-06,-1.5372857780529926e-05,-2.1915713983258177e-06,-1.0027503764417407e-05,-1.1759564543967795e-06,-1.632761447914597e-05,-2.092011168265439e-06,-1.5472149464384024e-06,4.836939498429348e-07,-3.22187159621662e-07,-1.1752833274817046e-06,-1.3077729928629096e-06,-2.020141332212401e-06,-2.2112028178086387e-06,2.5448958002073e-06,-1.367874946003754e-06,6.958051119169768e-07,-9.73863698036055e-07,-1.1913816694111443e-06,-1.9903830587417525e-06,-1.8287431462149848e-05,-2.015033616656903e-06,-2.014680478459982e-06,-1.6221927500477854e-06,-1.1681965017881563e-06,-9.999399872556189e-08,-1.239718602998088e-06,-7.605520084605906e-07,-6.037392470829456e-06,-1.243019288463062e-06,-9.895536125062024e-08,-2.867440723630413e-06,-1.6619014378658964e-05,3.821593041901088e-07,1.5352710070617416e-06,4.481148983921622e-07,1.4832857547921571e-06,-4.922862920002609e-07,1.5995706445920156e-06,5.00565965685214e-07,6.906756357074218e-08,1.541914836314972e-07,-5.3321235644476754e-08,7.829110878291154e-07,1.6029596829509568e-08,3.515248323914852e-07,4.5744031185619987e-07,3.7733990045436194e-07,-1.5581090364452241e-07,-6.172790885456875e-07,5.678987172857065e-07,-1.1517212668812644e-08,2.739109059185209e-07,1.6806664356377774e-06,4.854990670161752e-07,3.368992544978634e-07,3.529494825552868e-07,-4.131673282145089e-07,1.0969990531128808e-08,1.9619764623896415e-07,6.611091667357346e-07,8.652700126259114e-07,5.897119303563234e-07,1.4735144700853653e-08,2.2167106594744137e-07,1.6059953337653964e-06,2.2664166488778356e-06,movement,movement,no movement,no movement
3666.666666666656,-0.0022599494010236,0.3800336807992581,-0.3156958984999999,0.0106668989597861,0.3946604773230398,-0.3063115026333333,0.0128534932570786,0.3943425710779457,-0.2941472886,0.0122189855364256,0.3942739173659723,-0.2974783097333333,-0.0069580849570766,0.399854516121728,-0.3164869739,-0.0058799167464443,0.3985837865657001,-0.3282122354,-0.0022461597424511,0.3886505284043549,-0.3088040543999999,0.0629206747570312,0.3817700727118921,-0.1982174381666667,-0.051049385297969,0.3436274678044931,-0.1918884630333333,0.0287302770672598,0.3708907777854411,-0.2641343683333333,-0.0006709603523551,0.3417438230949287,-0.2895648757,0.1358442678095279,0.2373948215599423,-0.0676637011433333,-0.0992202473935897,0.2852565513721104,-0.0088510264674,0.1634531511032929,0.0666862620418323,-0.0244966782533333,-0.1293612006893626,0.0477486025878565,-0.0098795826810333,0.1663396205770165,-0.1236970323464435,-0.0233374385066666,-0.1438951532161348,-0.1219393410440927,-0.08334614309,0.1615166022294466,-0.1633671049849169,-0.0277953811566666,-0.1274737784663838,-0.1610076523691352,-0.1265645067666666,0.1328951820367026,-0.1719581837380425,-0.05500630162,-0.0987375349503171,-0.1464892489480214,-0.1516225440999999,0.1575137713265198,-0.1504394778452746,-0.0338702563133333,-0.1278022179040858,-0.1277891915738568,-0.102666363,0.0748362920262383,-0.1165577676295191,0.0251522899366666,-0.0724773128855219,-0.1058531557572019,-0.0231079968233333,0.0666165790616251,-0.4491488561787321,-0.0212128031366666,-0.0387542848143143,-0.3919327753075964,-0.0155290813933333,0.0730607495378039,-0.7364810170628637,0.1425546226666666,-0.0758162658359732,-0.7139209100716256,0.1438806781,0.0568198525021151,-0.7661593059139624,0.1611188227333333,-0.0784938909514306,-0.7417873630896965,0.1193155010333333,0.0387930121323831,-0.7906442196388274,0.0754555348366666,-0.0738873248736131,-0.76090956138589,0.01184182801281,kalt_g_ch1_g18_compr.mp4,ch1g18,1.4418486145032506e-05,5.414663312001798e-05,1.368757671372756e-05,1.4150362623094269e-05,2.1516534242095887e-05,6.05770214482228e-05,1.3016734310082362e-05,1.1044836301357404e-05,1.532944652028974e-05,6.014377210743136e-06,8.931165905889668e-06,1.6038932673643874e-05,1.437158251775305e-05,1.3390236240325e-05,1.7423689348768246e-05,1.718689086533448e-05,1.4869841622284618e-05,8.984526104184981e-06,1.5241891448474204e-05,1.4537873959308951e-05,7.667825933176247e-05,1.1919276687545294e-05,1.4203233891435026e-05,1.196053971716442e-05,2.0060498825953855e-05,8.257183069527299e-07,1.1835027105666892e-05,9.893710359981758e-06,1.2088646526364404e-05,8.943421580313955e-06,7.262822602815286e-07,1.5907630301668957e-05,6.457807154603661e-05,5.944376414569052e-05,2.5194024451706145e-05,-3.810323077128452e-05,-2.296434065712569e-05,-3.139938187523937e-05,-2.569381838709778e-05,-3.5899734918398276e-05,-3.5910081116870735e-05,-4.0189941567084e-05,4.8955092427679674e-05,-6.003374109447689e-05,-2.129450805231032e-05,-3.559968250762965e-05,0.0001870958331798,-0.0001100171112737,0.0002838960719571,-0.0002379504635725,0.0001434803966211,-0.0007116577162934,0.0001180552837564,-0.0008251177222535,0.0001062330769711,-0.0009552507881842,0.0001224476538935,-0.0007879596463301,-4.296494248534267e-06,9.352934926294744e-07,0.0001795439733734,9.377619603228348e-05,0.0003310235622804,0.0002536659085422,0.0003564543986152,0.0002715773683784,0.0001782836906751,0.0002889723614567,-1.2431628515123158e-06,-1.341069185578731e-05,-1.763076830942855e-06,-7.944607372482438e-06,-1.7042759320247212e-06,-1.4304846063400716e-05,-1.631335351755511e-06,-1.4613028792407929e-06,5.13504788366555e-07,-3.543712590703084e-07,-7.283009698567669e-07,-1.2542048785431145e-06,-1.682190787692742e-06,-1.776209968304629e-06,2.5991683405919976e-06,-1.5311599102303846e-06,-2.9694438234593026e-08,-8.198974710735044e-07,-1.1600175481912014e-06,-1.721136930627615e-06,-1.620038046072266e-05,-1.5510311112876949e-06,-1.6849501473265893e-06,-1.2799003429933869e-06,-1.6299403788603642e-06,-8.786734872492458e-08,-1.042825560624736e-06,-4.492346471448562e-07,-4.775137918903583e-06,-1.0686542416768729e-06,-8.371091491636166e-08,-2.509305250334456e-06,-1.460821848195096e-05,3.355480669278261e-07,1.9473522481728737e-06,4.720551245430783e-07,2.0388788892275343e-06,-4.214481865149314e-07,1.9879234157186778e-06,4.96808937497669e-07,1.0826210949389173e-07,-8.20556027097144e-12,-2.6850529626763808e-08,4.539569848923519e-07,6.8036306552988e-08,3.931409466824522e-07,4.79272326710924e-07,-7.806114297191293e-08,-1.0119034837109413e-07,-6.400917273940014e-07,2.336276715994385e-07,4.618686367036837e-08,3.347309828123875e-07,1.991552329373508e-06,4.985971546976299e-07,3.867762166725036e-07,3.548356500676374e-07,-3.5904657282830593e-07,7.824150246655319e-09,2.2046371790477165e-07,3.3721008591882257e-07,1.1548920418427908e-06,2.3799566521822315e-07,9.776185863289996e-09,3.739628362389577e-07,1.9395056132244258e-06,2.8406006561093924e-06,movement,movement,no movement,no movement
3683.333333333322,-0.0024633577269252,0.3800117345689838,-0.3165845054,0.0104385867098681,0.3946616701074695,-0.3072051292333334,0.0126234697455453,0.3943383852650413,-0.2950341024,0.0119841538710987,0.3942751338776343,-0.2983627433333333,-0.0071948681795482,0.3998416217510065,-0.3174027346999999,-0.006120622170702,0.3985712354701735,-0.3291335523666667,-0.0024875073968048,0.3886343957972163,-0.3097175134666666,0.0626933974152093,0.3818848175548722,-0.1990328709333333,-0.0512856714824551,0.3436352635804558,-0.1927727933,0.0285373867249161,0.3709036848159947,-0.2649728606666667,-0.0008571451590567,0.3417358390404571,-0.2904237974999999,0.1357256457403678,0.2376641838249308,-0.0684382781533333,-0.09933541311627,0.2852618983331345,-0.0094464899000666,0.1634226734732287,0.0669963536937291,-0.0250936134933333,-0.1293829756801474,0.0476536360386248,-0.0102820342393666,0.1662837461029523,-0.1235443644536445,-0.0235642931633333,-0.1444273743611819,-0.1224608832330302,-0.0832660729433333,0.161405809164991,-0.1632470041916359,-0.0279549747033333,-0.1281290424302531,-0.1616410918945611,-0.1263629966333333,0.1327789412899174,-0.1718490372798207,-0.0551321719766666,-0.0995553994882883,-0.1472387087533708,-0.1514083230333333,0.157457171552894,-0.1503061563946691,-0.0340650868233333,-0.1284112556456585,-0.1283784009609364,-0.0973284915,0.074847260199529,-0.1165611229956578,0.0251220568466666,-0.0724903006019361,-0.1058531155414008,-0.02309436431,0.0666536893688034,-0.4489848265298756,-0.0207926497466666,-0.0387420211314784,-0.3918396964003697,-0.0149579999466666,0.0729651041349354,-0.7361732046053884,0.1433618833666666,-0.0757633493913887,-0.7136932342980826,0.1445220389999999,0.0567243241642094,-0.7658270275746035,0.1619549914666666,-0.0784542008995786,-0.7415461527878855,0.1199789119333333,0.0386146391432704,-0.7904623362295622,0.07637365312,-0.0739325050460996,-0.7606508416339461,0.0125822597551433,kalt_g_ch1_g18_compr.mp4,ch1g18,1.3504175951217998e-05,4.0846314132975927e-05,1.230539623854104e-05,6.195111416326415e-06,1.926793947156215e-05,4.65406755255929e-05,1.1803569708629272e-05,9.625449719718374e-06,1.584038067145257e-05,5.707923247827227e-06,7.808357513873165e-06,1.4970951685213109e-05,1.3003657910297345e-05,1.1992410492440928e-05,2.0557456855171935e-05,1.5877603330034323e-05,1.4379684329153571e-05,7.5411742352955e-06,1.4237974275490368e-05,1.306968888474454e-05,6.11132061435514e-05,1.075843841412008e-05,1.2819265630469805e-05,1.0927435283019846e-05,1.7928447680882913e-05,7.550799074622443e-07,1.0913361316609082e-05,9.104652177520608e-06,7.711628887227182e-06,7.073057485579324e-06,6.678073310471626e-07,1.3523762141361268e-05,5.047667648764995e-05,4.703514119609224e-05,2.2894303826840454e-05,4.7844747170991505e-06,2.163688168686671e-05,1.637565895615183e-05,2.210835219858035e-05,1.7167138546520126e-05,1.7342532377213488e-05,1.3916597488285698e-05,0.0001046516968907,2.2284823459501083e-05,2.6612303030298295e-05,1.5965156707003463e-05,0.0002503688087512,-1.2435493521521456e-05,0.0003318606735717,-8.994839985826563e-05,0.0001737606044357,-0.0004869595908186,0.0001388051474337,-0.000594274596912,0.0001248467299851,-0.0007017869850311,0.000154170887845,-0.0005506646589497,-3.6238795599732394e-06,1.6880645912550655e-07,0.000157818020786,9.729173294260692e-05,0.0003022018485336,0.0002301909406645,0.0003253105381906,0.0002441365458161,0.0001883267601185,0.0002664975600706,-9.682734590646168e-07,-1.1124495727433994e-05,-1.3307594807245105e-06,-5.463000112884299e-06,-2.145466211884716e-06,-1.1958554300017291e-05,-1.2015512033144815e-06,-1.3442067132252448e-06,3.6177716197870753e-07,-3.6560937215592596e-07,-4.917163971125511e-07,-1.1176377414732298e-06,-1.2989562759870264e-06,-1.3389783634361449e-06,2.251758304337694e-06,-1.5879604065010367e-06,-7.269419215664613e-07,-8.777270348738105e-07,-1.0499724929771288e-06,-1.3803258169355627e-06,-1.3825749097562066e-05,-1.102479354831501e-06,-1.300311661233419e-06,-9.462574390407946e-07,-2.01085287557238e-06,-7.867280220183129e-08,-8.075265114849172e-07,-3.5198951690634877e-07,-3.3318826776971136e-06,-1.0783031317282645e-06,-7.218854196453051e-08,-1.998314141349164e-06,-1.232093114650635e-05,2.793369741872582e-07,2.2817772521247205e-06,4.6386661239290034e-07,2.4009639019140364e-06,-2.896848206522514e-07,2.30767839987349e-06,4.611436445170869e-07,1.4069700313128126e-07,-1.3100124730327466e-07,-2.902155643637366e-09,2.482589880319552e-07,1.0331282355927261e-07,4.114365296413693e-07,4.697543272692896e-07,-4.6182169039649827e-07,-4.9729249597412614e-08,-5.72469145399292e-07,6.241038066688814e-08,8.835020181689653e-08,3.7699749426149195e-07,2.260058969330198e-06,4.761395280154117e-07,4.1267894627733574e-07,3.411362746996028e-07,-2.434826797442381e-07,5.5494463107728485e-09,2.431700979978982e-07,1.275554438309892e-07,1.30915234232985e-06,9.091055004274905e-08,5.931239919180937e-09,4.9658248132307e-07,2.2073115097442774e-06,3.346742408907461e-06,movement,movement,no movement,no movement
3699.9999999999886,-0.0026224369398073,0.38008948685184,-0.3173152738999999,0.0102747912625968,0.3947508076135185,-0.3079101965666667,0.0124590737790071,0.3944261259165372,-0.2957342821333333,0.0118141592995157,0.394367856053618,-0.2990581020333334,-0.0073679207192361,0.3999384253294556,-0.3181134356333333,-0.0062974567582537,0.3986694422198213,-0.3298482468,-0.0026652321743824,0.3887302929369972,-0.3104260934666667,0.0625543208447549,0.3820276049344309,-0.1996345306666666,-0.0514597324027156,0.3437459328333462,-0.1933761572,0.0283845467220982,0.3709951715038385,-0.2656585286666666,-0.00101206622727,0.3418272655874635,-0.2911070286666666,0.1356338901438898,0.2379225966887443,-0.0690176687066666,-0.0994211516299211,0.2853066719392277,-0.0098652794357333,0.1634466133483788,0.0673084219514823,-0.0254978697033333,-0.1293943059379056,0.0476206142600437,-0.0105571571877,0.1662584125581127,-0.1234081610838327,-0.02363043538,-0.1448873934583044,-0.1228410548259794,-0.0830943229033333,0.1613294786317033,-0.1631522316244725,-0.02794806696,-0.1287062622185342,-0.1621202960515399,-0.1260575903666666,0.1326879442217425,-0.1717666809531047,-0.05510700358,-0.1002801220056563,-0.1478138912084123,-0.1511111789999999,0.1574268920744152,-0.1501864550416494,-0.0341035775166666,-0.1289448143271775,-0.128816683078088,-0.0895943493,0.0748579788891983,-0.1165641508017793,0.02509411897,-0.0725030670446565,-0.1058535184168028,-0.0230816900666666,0.0666912113991996,-0.4488358672300467,-0.0204277344033333,-0.0387411249639947,-0.3917437715788175,-0.0145363790399999,0.072898307370846,-0.7358768093789829,0.1440505961666666,-0.0757081521864917,-0.7134676593400692,0.1451222657333333,0.0566577830729927,-0.7655085310946972,0.1626767396666666,-0.0784096618082488,-0.7413070126738346,0.1206135044333333,0.0384621519118486,-0.7902820303096867,0.0771965919766666,-0.0739444759709823,-0.7604159996523159,0.0133237538303333,kalt_g_ch1_g18_compr.mp4,ch1g18,1.2590887540570207e-05,3.0133305007246264e-05,1.1159305639631384e-05,1.1986614973987338e-06,1.6737680983301137e-05,3.512784748171869e-05,1.0786696584255733e-05,8.287611667630315e-06,1.5960237845346794e-05,5.4079369178479184e-06,6.796178122717353e-06,1.4120220827795535e-05,1.1859972851377693e-05,1.082692443126572e-05,2.242279883276644e-05,1.4405154144550102e-05,1.3249485596460012e-05,6.063758964563059e-06,1.3415799213508192e-05,1.180605194359774e-05,4.8050678062013536e-05,9.83869303120017e-06,1.167217706886309e-05,9.989281580384472e-06,1.5547511808084434e-05,7.017779749644748e-07,1.003850877861564e-05,8.231684522353291e-06,4.763771623692143e-06,5.26941256225275e-06,6.291074326440637e-07,1.1664829008490538e-05,3.8806454834026075e-05,3.84707083066499e-05,2.053554946817085e-05,5.433302703000192e-05,7.07807809730276e-05,6.810533737488951e-05,7.365435582396224e-05,7.336063663544699e-05,7.389233439022942e-05,7.076295178754305e-05,0.0001506601247776,9.189507073468313e-05,7.621123345197362e-05,6.877408776188956e-05,0.0002902227656785,6.194769736465527e-05,0.0003609964342839,2.4258113681920425e-05,0.0001871208018864,-0.0003017004278436,0.0001442643370109,-0.000399382514085,0.0001289487047202,-0.0004873098369218,0.0001690683713937,-0.0003539383957182,-3.057537728773368e-06,-4.405808272871348e-07,0.0001335677078154,9.560849897996262e-05,0.0002615372566232,0.0002007362492683,0.0002819099383098,0.0002114812195249,0.0001868398731452,0.0002377261638363,-7.055135610563344e-07,-8.583462501576144e-06,-8.809120941548405e-07,-2.8496636874337763e-06,-2.440254855389695e-06,-9.36731960769057e-06,-7.785713573452189e-07,-1.2204822308203086e-06,1.1192095588464953e-07,-3.501025555205819e-07,-3.3069404752288357e-07,-9.860767964516857e-07,-8.685001860860865e-07,-8.827110173562489e-07,1.614086202507015e-06,-1.598142876524711e-06,-1.2975895086130404e-06,-8.972130758357508e-07,-9.344442637120216e-07,-9.640786798898687e-07,-1.1237499069358367e-05,-6.680165917028415e-07,-8.610415597755091e-07,-6.268755792358227e-07,-2.2540176548280313e-06,-7.349648306960868e-08,-5.47734059068045e-07,-3.270190169616655e-07,-1.8968611540513208e-06,-1.0289374575361183e-06,-6.53902841597084e-08,-1.3880732422043088e-06,-9.825560731578211e-06,2.2502921679695065e-07,2.424389867138907e-06,4.33886101814338e-07,2.4751460494709544e-06,-1.1617152461130274e-07,2.4442751929734804e-06,4.0913499389611265e-07,1.701919569721181e-07,-2.223787498351895e-07,1.7342626852320387e-08,1.328999585263253e-07,1.2093104391590153e-07,4.0885657513521355e-07,4.3902343550989185e-07,-7.21598348414356e-07,1.863070736031868e-09,-4.3331197902144977e-07,1.2952455565609932e-08,1.1407012914182965e-07,3.987048416336974e-07,2.375208045430809e-06,4.312951036446611e-07,4.155712799820929e-07,3.190899232398149e-07,-8.356362724845471e-08,3.507743147886938e-09,2.610535473643325e-07,1.1496583413070445e-08,1.302227899865835e-06,8.283665194539117e-08,2.48989668261005e-09,5.620947259663562e-07,2.3064181958797463e-06,3.5390465583207545e-06,movement,movement,no movement,no movement
3716.666666666655,-0.0027008066746285,0.3801800797343071,-0.3181711342,0.0101906772548814,0.3948563213687571,-0.3087533887000001,0.0123740467452643,0.3945311130546103,-0.2965684412000001,0.0117245409587129,0.3944780554860739,-0.2998921418666667,-0.0074669638912495,0.4000525463903955,-0.3189608308999999,-0.0064001185903914,0.3987846595638295,-0.3306996862333333,-0.0027697565085669,0.3888424650738518,-0.3112699204,0.0624926432257555,0.3821936325808098,-0.2003564268666667,-0.0515886670357245,0.3438707828232912,-0.1941021209,0.028309293994363,0.3711039614219092,-0.2664536477,-0.001099062511958,0.3419325704952837,-0.2918947378,0.1355928771979754,0.2381908476487253,-0.0696879019533333,-0.0994495007626845,0.2853702951594384,-0.0103351799020333,0.1635544066430656,0.0676423885869371,-0.0259661954133333,-0.1293984573542851,0.0476376719107609,-0.0108965819750333,0.1662755061977864,-0.1232805805326612,-0.0236320809633333,-0.1452816798143932,-0.1231384105500222,-0.08298895282,0.1613048751371799,-0.1630812623894024,-0.02783645801,-0.1292067188363735,-0.1625166159084161,-0.1258099348,0.1326450645743,-0.1717274075424305,-0.05498714199,-0.1008955695502555,-0.148300948206144,-0.1508836209,0.157436981695171,-0.1500848062800611,-0.0340724412933333,-0.1294030169639921,-0.1291680338053286,-0.0851706341,0.074869197570575,-0.1165668570662137,0.02506059943,-0.0725159891130735,-0.1058543666820828,-0.0230631852466666,0.066734083960321,-0.4487100145123963,-0.0200983754633333,-0.0387550274368787,-0.3916490545901748,-0.0141487752499999,0.0728699395615127,-0.7356152057597581,0.1445144782333333,-0.0756432962569345,-0.7132501569757302,0.1457505547999999,0.0566279908680001,-0.7652271121046055,0.1631475488,-0.0783478841341111,-0.7410772017678585,0.1212770052,0.0383581065140006,-0.7901101732485575,0.07775479196,-0.0739448348732405,-0.7602038126392313,0.0141492722243333,kalt_g_ch1_g18_compr.mp4,ch1g18,1.183593634616548e-05,2.3163476997119512e-05,1.033504944647704e-05,5.3338665698390075e-08,1.4026769006750274e-05,2.7432779997598795e-05,1.0035362299895003e-05,7.0468436660099855e-06,1.608613619105752e-05,5.090337368985445e-06,6.5994091505440825e-06,1.3326176870917534e-05,1.1025709144192846e-05,9.991597571984796e-06,2.3368460377106385e-05,1.276491334217077e-05,1.164074963592966e-05,5.234337477329233e-06,1.2643671655704022e-05,1.087262878920308e-05,3.8507983027109653e-05,9.223148575580412e-06,1.0853976167078408e-05,9.301015909658212e-06,1.3037935524262017e-05,6.501485889846147e-07,9.400737735891544e-06,7.95588826586034e-06,3.733980846729976e-06,4.3331334194122605e-06,5.891278303585075e-07,1.0529594428194364e-05,3.051854946309541e-05,3.3851596861958944e-05,1.8161778428118396e-05,0.0001009574064647,0.0001148374663797,0.000114335446208,0.0001196099309889,0.0001239198387084,0.00012480368119,0.0001216663749512,0.0001797744880866,0.0001422083657782,0.000118122045223,0.0001145423815958,0.0002989599265114,0.00010397839825,0.0003582115119645,9.192312702313515e-05,0.0001710651481701,-0.0001739355951408,0.0001236882711174,-0.0002602574703779,0.0001069813533321,-0.0003324961996163,0.0001548325938167,-0.0002156961832553,-2.6312033602448876e-06,-8.757127519450353e-07,0.0001055674006175,8.783514009624972e-05,0.0002075037525656,0.0001636862127722,0.0002243626646185,0.0001718634849757,0.0001698903511868,0.0002031660496355,-4.894682992532809e-07,-6.046395739141015e-06,-4.166761073269126e-07,-3.482828807504483e-07,-2.5169444956491637e-06,-6.800324049009523e-06,-3.542922350194308e-07,-1.064286042527463e-06,-2.052112252439797e-07,-3.182492474662684e-07,-1.7202267528088318e-07,-8.888619225172208e-07,-4.068966955272342e-07,-4.1183322680144516e-07,7.034350182542812e-07,-1.5780295262042132e-06,-1.6572925638951171e-06,-7.780845715505157e-07,-8.381519253271104e-07,-4.946166535999588e-07,-8.739094820092623e-06,-2.163252816372867e-07,-3.878263007581844e-07,-2.8894060188317664e-07,-2.296557319536539e-06,-7.382596609890945e-08,-2.380637188232821e-07,-3.0386204483069e-07,-6.085020055307252e-07,-7.946161561469637e-07,-6.577165218240853e-08,-7.652110137126e-07,-7.428835847511866e-06,1.7156481440673217e-07,2.3439819133541668e-06,3.8618576411336586e-07,2.2374323984758055e-06,8.971848181409384e-08,2.367120860996436e-06,3.47915004152623e-07,1.9986731302223154e-07,-2.757753815125911e-07,3.603145695976525e-08,7.137682816953636e-08,1.2529782664891958e-07,3.848476439035662e-07,3.904704870946086e-07,-8.486002234700983e-07,5.629155593307267e-08,-2.4152799250827164e-07,3.819143777424557e-08,1.2758568624496512e-07,3.949963290103205e-07,2.3096561258093354e-06,3.7057368414144475e-07,3.940733024325881e-07,2.8604574049822536e-07,1.0845467825269597e-07,1.7875917280594319e-09,2.634601540582114e-07,-4.044545855956269e-08,1.1237310317327508e-06,1.475095057609067e-07,-5.639520147766437e-10,5.570967891120093e-07,2.21867713550718e-06,3.3499422565579024e-06,movement,movement,no movement,no movement
3733.3333333333217,-0.0027368721594962,0.380272887344252,-0.3189986704999999,0.010148871681393,0.3949646208974836,-0.3095792498,0.0123316722888187,0.3946390914429426,-0.2973854897333334,0.0116778388620871,0.3945913666097069,-0.3007100427666667,-0.0075212771017416,0.4001704324641609,-0.3197804434333332,-0.0064578170014956,0.3989033049621141,-0.3315192481333333,-0.0028298530461816,0.3889577029867695,-0.3120835014000001,0.0624777194122934,0.3823614035152596,-0.2011020467,-0.0516735748308351,0.3439935444452144,-0.1947986493666666,0.0282743934595458,0.3712156700284343,-0.2672366193,-0.0011449839964775,0.3420398243537298,-0.2926515220666667,0.1355868701740088,0.2384521325162036,-0.0704428768599999,-0.0994381582697426,0.2854414215197449,-0.010673137965,0.1637486892829535,0.0679771193242061,-0.02647209437,-0.1294018169870792,0.0476863687112294,-0.0110184217697,0.1663188070168749,-0.1231736984220891,-0.0235634172833333,-0.1456459386412399,-0.1233122382950197,-0.0826923993466666,0.1613161832335969,-0.1630341550215613,-0.0276395718833333,-0.1296573190449751,-0.162766578252046,-0.1253517007333333,0.1326337742865776,-0.1717106953458858,-0.0547746549066666,-0.1014580812677223,-0.1486135222042831,-0.1504504580666666,0.1574700738857741,-0.1500015463730919,-0.0339647596666666,-0.1298254895205402,-0.1293763195491682,-0.0852163658,0.0748794877289097,-0.1165696338262727,0.0250056179933333,-0.0725275936247285,-0.1058552538531237,-0.0230228419033333,0.0667878216272449,-0.4486185151647204,-0.0198612491866666,-0.0387632051708567,-0.3915600191059172,-0.0137809268299999,0.0728742946392912,-0.7354142315095126,0.1446997443666667,-0.0755538649100789,-0.7130810951630576,0.1462346860999999,0.0566299526695498,-0.7650100527016864,0.1633153433333333,-0.0782581055495596,-0.7409017030542799,0.1217763453333333,0.0382687337978264,-0.7899510349394729,0.0779717983166666,-0.073943730089241,-0.7600125768254692,0.014807648865,kalt_g_ch1_g18_compr.mp4,ch1g18,1.1281316598136646e-05,1.924505965339934e-05,9.89238758367997e-06,2.169335113879882e-06,1.140177456552484e-05,2.276721850074207e-05,9.602452120918007e-06,5.984012822451329e-06,1.5919460241896173e-05,4.7671617659343646e-06,7.191486348705655e-06,1.2496988307628048e-05,1.0580419804724642e-05,9.552404178132463e-06,2.321010132691493e-05,1.1032748758622132e-05,9.610135692030452e-06,5.168087335778541e-06,1.1853431374720312e-05,1.0369382172811311e-05,3.175372626732799e-05,8.958091881647211e-06,1.0448329617514294e-05,8.970070959489567e-06,1.0650818815183864e-05,5.845979006403338e-07,9.129103296490163e-06,8.24475557196062e-06,4.32801450079719e-06,4.400681098467148e-06,5.304051003491347e-07,1.0131821551395092e-05,2.4962336263896596e-05,3.133309965429921e-05,1.593561347388542e-05,0.0001387019121633,0.0001488221417626,0.0001500206238288,0.0001550446703808,0.0001636519082839,0.0001647290505729,0.0001615112825236,0.0001915752466597,0.000172327975316,0.0001484863641046,0.0001488655640907,0.0002826160440567,0.0001174309472153,0.0003288035803214,0.0001220416605976,0.0001305856838149,-8.95037712017184e-05,8.130754553988939e-05,-0.0001617478426329,6.273633842391471e-05,-0.0002205388756344,0.000115701163129,-0.0001214603664735,-2.257596498134921e-06,-1.2406005237887506e-06,7.505928134478864e-05,7.332275691867501e-05,0.0001438161608915,0.0001192350037021,0.000156603855095,0.0001254846199277,0.0001413453964925,0.0001651354925014,-3.40320398211767e-07,-3.755867969700913e-06,-2.64910201021556e-08,1.7597377402894938e-06,-2.296361908733203e-06,-4.490266404410194e-06,-9.756137173556788e-09,-8.565619965711717e-07,-5.118379630069795e-07,-2.810653574432594e-07,3.492685173829207e-08,-7.630266321056538e-07,-1.167697927150154e-09,-1.620459257028711e-08,-2.387286288395138e-07,-1.502038283449996e-06,-1.750335749081404e-06,-4.970097960327214e-07,-7.061987069709061e-07,-6.537598887996556e-08,-6.5268266175598145e-06,1.5453904719016e-07,2.8655483997544722e-08,-4.485563222785631e-09,-2.065219637848858e-06,-7.227268219544867e-08,4.8381663709299644e-08,-2.122235190524425e-07,3.72986471518046e-07,-3.662945039583545e-07,-6.68708411620813e-08,-2.0365052862433505e-07,-5.312928291282002e-06,1.276434840182181e-07,2.07740517063323e-06,3.1514885783600913e-07,1.733922975747019e-06,2.779031580575543e-07,2.1151292503132378e-06,2.738246318968314e-07,2.16820690509165e-07,-2.6287072668072196e-07,5.1278947618800395e-08,4.6114129310522434e-08,1.2665233910628477e-07,3.2888745722034785e-07,3.182622690667209e-07,-8.062410304266333e-07,1.1664180660292815e-07,-3.1610782368306225e-08,9.518239259167749e-08,1.338919866729885e-07,3.516544193658091e-07,2.1149504355226646e-06,2.887826157160801e-07,3.372579363233004e-07,2.3444446994930298e-07,2.8001685641367905e-07,2.1676144924278e-09,2.3599737751914417e-07,-4.00889981452498e-08,8.288385310314835e-07,2.171650815197635e-07,-9.933058811161487e-10,4.861023297429062e-07,1.996503250815094e-06,2.823779887971576e-06,no movement,no movement,no movement,no movement
3749.999999999988,-0.0027104828624256,0.3804074612795518,-0.3196993598333333,0.0101865399660253,0.3951064005862581,-0.3102827276333333,0.0123681233451947,0.3947804392642381,-0.2980833568000001,0.0117098202492988,0.3947389393527079,-0.3014071985666667,-0.0074898737388412,0.4003318540283676,-0.3204648299333332,-0.0064277768896543,0.3990649057279686,-0.3322031856,-0.0028029438535996,0.3891156880568115,-0.3127617516000001,0.0625584868770033,0.3825313337871042,-0.2018266072,-0.0516184958746086,0.3441452285814778,-0.1954073002,0.0282995042656544,0.3713554105818675,-0.267933021,-0.0011211942977229,0.3421831306006198,-0.2933051625,0.1356464250231534,0.2387067424407762,-0.0712174609499999,-0.0993508524582648,0.2855287864635201,-0.0110113738448,0.1640123257208743,0.0683057872758581,-0.0270382683666666,-0.1293956794367936,0.0478028469426632,-0.0111594649197,0.1664098863341475,-0.1230727032263221,-0.02352280361,-0.1459289478867152,-0.1234329692533382,-0.0823679533833333,0.1613541022970285,-0.1629822150295591,-0.0274635521033333,-0.129999321940121,-0.1629668767167398,-0.1248188470999999,0.1326815678332414,-0.1716796381290693,-0.0545929460466666,-0.1018791688598743,-0.1488769396297631,-0.1499952077333333,0.1575625045936744,-0.149916503815794,-0.03388817825,-0.1301494583389272,-0.1295325057499648,-0.0863968134,0.0748882443516241,-0.1165719299116171,0.0249443728566666,-0.0725374840986291,-0.1058567064932134,-0.0229764228,0.066865946661207,-0.4485446315089129,-0.0196926016333333,-0.0387365255779977,-0.3914832294480279,-0.0134589617233333,0.0729456106157493,-0.7352842372750998,0.1447390019666667,-0.0753937377062125,-0.7129824343845895,0.1465920482333333,0.0567005166280963,-0.7648672463191092,0.1633288030666666,-0.0780882545595816,-0.7407987172578357,0.1221353659666666,0.0382419782220885,-0.7897990454278894,0.0780263189333333,-0.0738849088574595,-0.7598381427851895,0.015293822875,kalt_g_ch1_g18_compr.mp4,ch1g18,1.093565602869718e-05,1.7722808006790678e-05,9.913589475911036e-06,6.190841657936347e-06,9.221439698002724e-06,2.0466022033914143e-05,9.573906734432703e-06,5.186178981762024e-06,1.5290150078272026e-05,4.508169147138517e-06,7.68911864247052e-06,1.153659981132459e-05,1.0686870594797942e-05,9.591501396195632e-06,2.196367100668539e-05,9.272517361970104e-06,7.642419916415493e-06,5.041872313328604e-06,1.0991841531161675e-05,1.0469112414920804e-05,2.718337645597978e-05,9.125711180162896e-06,1.0606985623709764e-05,9.103221309816356e-06,8.713726463606864e-06,4.949717961992132e-07,9.408113039392612e-06,8.295815574296265e-06,5.914412122990917e-06,4.608332746469666e-06,4.4373068722641955e-07,1.0494291868279984e-05,2.1582283568164993e-05,3.006073592265919e-05,1.4026746206042696e-05,0.0001599974795349,0.0001665691568215,0.0001689021453853,0.000173851701016,0.000186403087463,0.0001873328569063,0.0001841745304236,0.0001871562869807,0.0001833659224573,0.0001624645200567,0.0001667628322356,0.0002502708552394,0.0001122957511991,0.000284891005067,0.0001320873552826,8.672650003059763e-05,-4.018163745181548e-05,3.773050551414777e-05,-0.0001013789976109,1.788026002365231e-05,-0.0001485723057481,7.265971454342403e-05,-6.370806496661142e-05,-1.870584739299084e-06,-1.6448197969404708e-06,4.477941296177471e-05,5.5356335548849214e-05,7.698955051058158e-05,7.028617156623569e-05,8.568146046214737e-05,7.466552413629394e-05,0.0001067959255826,0.0001271062542819,-2.494175661935578e-07,-1.863520296646698e-06,2.554594244094115e-07,3.183891431931332e-06,-1.866512750037046e-06,-2.5799136824393907e-06,2.3066758940437306e-07,-6.325062876710847e-07,-7.591108076315086e-07,-2.239144237885306e-07,1.5892197128497966e-07,-6.492563081395897e-07,2.973500279976782e-07,2.684524597623873e-07,-1.0528632843716947e-06,-1.3702637124534116e-06,-1.6232150121131047e-06,-2.1759304519420998e-07,-5.78848762565287e-07,2.644271176121745e-07,-4.6497826807855085e-06,4.0736843292086484e-07,3.337076437077506e-07,2.040021239372663e-07,-1.643621854438999e-06,-7.102857848200919e-08,2.701876315783308e-07,-1.6348132193833106e-07,9.55195147290432e-07,5.92478401331658e-08,-6.971938267622268e-08,2.1913703105426418e-07,-3.5385517895765163e-06,9.0116261662128e-08,1.691950824477597e-06,2.3219639235659117e-07,1.1185658164018875e-06,4.253222247874508e-07,1.7445907930682e-06,1.960956434288681e-07,2.2303646188902473e-07,-2.022912186563884e-07,6.077459167947666e-08,3.836772471100858e-08,1.2573184452133437e-07,2.507021628961336e-07,2.3379757609073246e-07,-6.507250105206949e-07,1.689176048781424e-07,1.5734914035246957e-07,1.510146284098664e-07,1.3485741285996297e-07,2.7832766620497433e-07,1.813430383980326e-06,1.9991802430954418e-07,2.560969937878659e-07,1.7156129337198933e-07,4.120718706480619e-07,3.662099534264112e-09,1.8375745744769054e-07,-1.1866962303978553e-08,4.854916381031536e-07,2.6271505533023524e-07,-3.2958348110745905e-11,3.669277079427306e-07,1.6753239329378023e-06,2.1301340197707568e-06,no movement,no movement,no movement,no movement
3766.6666666666542,-0.0026779612663782,0.3806066856331349,-0.3197670965333333,0.0102298611125045,0.3953083081872676,-0.3103441641333333,0.0124104168981474,0.3949841112795791,-0.2981454112000001,0.0117491666251938,0.3949477426076576,-0.3014671032333333,-0.0074483050844227,0.4005566744126166,-0.3205019755666666,-0.0063872763898558,0.3992909568761436,-0.3322328071,-0.0027655508006171,0.3893369482680335,-0.3127975630666667,0.062646993819907,0.3827337365282125,-0.2019770319333333,-0.0515425015142706,0.3443489079485451,-0.1954005926666666,0.0283311454139076,0.3715464897799712,-0.2680323948333333,-0.0010889709126456,0.3423818838067418,-0.2933446615000001,0.1357112240153149,0.2389686893617368,-0.0716134175833333,-0.099251658374418,0.2856387129266408,-0.0107866660571333,0.1642932875503632,0.0686247009994122,-0.0273455150966666,-0.1293928272058225,0.0479622731368597,-0.0106647621470333,0.1665071648818938,-0.1229555018557257,-0.0233571953333333,-0.1462113753638068,-0.123446399246692,-0.0815154835699999,0.1614026282561154,-0.1629066018177502,-0.0271934078966666,-0.1303304747222088,-0.1630383864788664,-0.1237780119333333,0.1327365694689464,-0.1716148077076141,-0.0543046429733333,-0.1022928084631482,-0.1489967945303561,-0.1490108121999999,0.1576584622458602,-0.1498064619783421,-0.03368895842,-0.1304725305917224,-0.129566801243009,-0.0869472474,0.074895176804007,-0.1165742542615628,0.0248606254133333,-0.0725452535941606,-0.1058581323390472,-0.0229069142866666,0.0669328029530476,-0.4485170733369785,-0.0196224919799999,-0.0386860297649648,-0.3914309598147003,-0.0131721950833333,0.0730210728517621,-0.7352500468374294,0.1447243864333333,-0.0751937784586669,-0.7129437955420265,0.1469227884333333,0.0567770682280616,-0.7648258501279642,0.1632899299,-0.0778743009133776,-0.7407567294252304,0.1224698506,0.0382055350004766,-0.789683696787887,0.0780009909333333,-0.0737728468850305,-0.7597032334572318,0.0157740566916666,kalt_g_ch1_g18_compr.mp4,ch1g18,1.0724680813883543e-05,1.7204419962845695e-05,1.03451474466922e-05,1.0599556485318864e-05,7.643095518210757e-06,1.9188338958246785e-05,9.93800400586129e-06,4.687671985388611e-06,1.4016937683325623e-05,4.258582560795568e-06,7.467067587298164e-06,1.0783053827588732e-05,1.1210459902851178e-05,1.0050324149829784e-05,2.005825829660673e-05,7.870803158294736e-06,6.103258260121068e-06,4.412154820507772e-06,1.0346694439605738e-05,1.1001022958295763e-05,2.3687795829563757e-05,9.698539546200204e-06,1.1179539184055376e-05,9.514267876537928e-06,7.355047191063425e-06,4.041441767072955e-07,9.939595185663036e-06,7.657755203850713e-06,7.548554562024034e-06,4.388255036742329e-06,3.507306566006324e-07,1.1141831828024571e-05,1.924486483812231e-05,2.9484192452887767e-05,1.2694518699396928e-05,0.0001747351093574,0.0001773494335232,0.000180495512762,0.0001853746629605,0.0002002804900808,0.0002009937191217,0.00019791508658,0.0001767324284682,0.0001836591805235,0.0001702012820173,0.0001769934512018,0.0002164797885857,0.000103945342769,0.0002405478359493,0.0001408255407917,5.9977847770249514e-05,-4.9282231995297126e-08,1.409004938742708e-05,-5.1854239111037775e-05,-3.5351560242254825e-06,-8.820890647108883e-05,4.769379461972573e-05,-1.6228297018445606e-05,-1.5756761464175244e-06,-1.9664798195897563e-06,1.7532971678679047e-05,3.706180756370937e-05,1.250104132087375e-05,2.464321644705095e-05,1.750532618904999e-05,2.7732360321742083e-05,7.258945564495421e-05,9.522204212013444e-05,-2.0596536205382184e-07,-4.355030456820841e-07,4.1191210977845225e-07,3.912590168016609e-06,-1.2761730771926386e-06,-1.119048360726811e-06,3.581217203083537e-07,-3.873038998236213e-07,-9.224506918659384e-07,-1.776641472823357e-07,1.9553708182780746e-07,-5.589335046421792e-07,4.7034268861801363e-07,4.2631738027413236e-07,-1.6416873415979998e-06,-1.208188352004482e-06,-1.3265702226440014e-06,-2.3168084472479954e-08,-4.7321029795698323e-07,4.6811218666975844e-07,-3.132341622887799e-06,5.313479385915688e-07,5.090900658147765e-07,3.2157701986048133e-07,-1.078312137937896e-06,-6.846124240911384e-08,4.0305284416384745e-07,-1.5713202907753198e-07,1.1709556393812106e-06,3.707055304357269e-07,-7.25133823831447e-08,4.742288261248815e-07,-2.141751789259811e-06,6.121725454752852e-08,1.2480125574282394e-06,1.447113528213749e-07,4.974606515490799e-07,5.139960696593049e-07,1.3146471617068513e-06,1.1908532953728197e-07,2.1679643905041443e-07,-1.0108446415489197e-07,6.634828091173752e-08,4.2440171789171604e-08,1.213626863067634e-07,1.605816953443109e-07,1.4440600641294847e-07,-4.242755988338386e-07,2.043476794247065e-07,2.982406049572069e-07,1.9205346379144945e-07,1.302519111729135e-07,1.8671228018155105e-07,1.454358335194614e-06,1.1096235251765797e-07,1.6188291417965836e-07,1.0543380118208365e-07,4.884409215037082e-07,6.213414434931487e-09,1.1878668115685181e-07,3.126412564380223e-08,1.6096313610170168e-07,2.723414380249342e-07,2.29272083904756e-09,2.2732908768238897e-07,1.3029010296850083e-06,1.409251458277157e-06,no movement,no movement,no movement,no movement
3783.333333333321,-0.0026335673557201,0.3808489026171899,-0.3192589132666666,0.0102865218337998,0.3955507592853242,-0.3098126585666667,0.0124665196897616,0.3952303210738155,-0.2976208069000001,0.0118038930303107,0.3951986665570983,-0.3009397074333333,-0.007389655508817,0.4008232722161615,-0.3199466957333334,-0.0063298764954685,0.399559282176145,-0.3316664726,-0.0027107173732079,0.3896001939497538,-0.3122453449,0.0627505920231209,0.3829551556110378,-0.2015845929666666,-0.0514383013824877,0.3445808122652433,-0.194828249,0.0283759307933793,0.3717700240632925,-0.2675852855,-0.0010435637578631,0.3426129227960504,-0.2928265024333334,0.1357832943691375,0.2392227337076481,-0.0716784904566666,-0.0991308506661994,0.2857550043923759,-0.0100622058868,0.1645893632022655,0.0689075908125095,-0.0275236599066666,-0.1293880430367043,0.048144431426378,-0.0097220972137,0.1666091769594301,-0.1228363980069689,-0.0231608691833333,-0.1464924226007164,-0.1233871480503874,-0.0803394018466666,0.1614599723323211,-0.1628286450640088,-0.0269181298666666,-0.1306546562894718,-0.1630291428162226,-0.1224267845733333,0.1327884772487091,-0.1715448454785827,-0.0539980692166666,-0.1026935287741445,-0.1490285539299339,-0.1477188099999999,0.1577542640786035,-0.149690948513696,-0.0334584039299999,-0.1307925437566678,-0.129521547165767,-0.0870646,0.0748989617912344,-0.1165764913207719,0.0247602501966666,-0.0725492098261856,-0.1058596732709821,-0.0228202187733333,0.0669967419524657,-0.4485248810030979,-0.0196548733199999,-0.0386224495696049,-0.3914106247802866,-0.0129081671186666,0.0730971233692042,-0.7353263722218545,0.1445605506666666,-0.0749927112687989,-0.7129870030180764,0.1471591471666666,0.0568556858383074,-0.7649039108913824,0.1630984907333333,-0.0776593138453471,-0.7408001504729127,0.1226942203666666,0.0381819419675685,-0.7896435756568098,0.0778238047033333,-0.0736466113335273,-0.7596376383819192,0.0161111911183333,kalt_g_ch1_g18_compr.mp4,ch1g18,1.0555231061082688e-05,1.6992212716025162e-05,1.0955535630014806e-05,1.4288587700608042e-05,6.713411476603601e-06,1.821701439802233e-05,1.0491620766560932e-05,4.469192395283073e-06,1.2343841032441046e-05,4.082180096974674e-06,7.008146197843767e-06,1.0270821270139238e-05,1.1893296699481752e-05,1.0686528342217342e-05,1.82197368996671e-05,6.8889665519052046e-06,5.108141747058467e-06,4.039378138452411e-06,9.938242695371882e-06,1.169587546206108e-05,2.062549429765659e-05,1.0441353860604762e-05,1.189942019200563e-05,1.0024662025092968e-05,6.61773211845852e-06,3.226035932701745e-07,1.052304241002484e-05,6.981107095119399e-06,8.347198872039963e-06,4.451529195249257e-06,2.605749603774622e-07,1.1612301281280938e-05,1.7294757334013783e-05,2.9556618555430725e-05,1.1939976811693984e-05,0.0001861439319076,0.0001851684517629,0.0001890373252267,0.0001938866490564,0.0002104357978583,0.0002107532821539,0.0002079592907141,0.000168139695939,0.0001847494604619,0.0001756285807061,0.0001844065139107,0.0001961321203434,0.0001080131492521,0.0002085089529315,0.000159906710344,5.6798554766386774e-05,3.777515125929456e-05,1.5016718248899678e-05,-8.270018683539391e-06,2.4656489168706607e-06,-3.3137287203498496e-05,4.768876539414139e-05,2.884693161423596e-05,-1.2917332487117147e-06,-2.276166266628904e-06,-4.856594905992321e-06,1.981610997305745e-05,-4.4490858721486506e-05,-1.4886870002299833e-05,-4.2547308061342465e-05,-1.2233258707813808e-05,4.0932603730779454e-05,7.026646094105047e-05,-1.8783841075981888e-07,4.622926554593426e-07,4.651489661516468e-07,3.969409035516921e-06,-6.692885561727272e-07,-1.5811776045033805e-07,3.974675332823528e-07,-1.491632644247355e-07,-9.61850068919663e-07,-1.2046552276262545e-07,2.1534186501552882e-07,-4.808356062081103e-07,5.325307559506951e-07,4.787488096486902e-07,-1.933074463620441e-06,-9.999868897915209e-07,-9.04748004792943e-07,1.571378353387319e-07,-3.803599202251818e-07,5.537497129136215e-07,-1.995497050677807e-06,5.539536745534341e-07,5.69153357333793e-07,3.665971205107869e-07,-5.054298940023682e-07,-6.359990413956638e-08,4.570113519122204e-07,-1.241758336179499e-07,1.0756328381785052e-06,6.206619341129725e-07,-7.371062117883554e-08,5.630359176961269e-07,-1.1504579912803637e-06,4.15056237341271e-08,7.98057560573906e-07,6.094608425915347e-08,-4.131935015490077e-08,5.353312516434437e-07,8.7907643347329e-07,4.7708657897915606e-08,1.9691326613513389e-07,1.8382910487725152e-08,6.708830539547516e-08,4.2761793085719694e-08,1.1588481546802185e-07,6.977206880052134e-08,5.8686161938657674e-08,-1.758775315659955e-07,2.22073083193427e-07,3.75347592322627e-07,1.9216480767346686e-07,1.222030724533007e-07,8.999689497055773e-08,1.0851897026369685e-06,2.9247601684986085e-08,6.70012726584751e-08,4.275410359987815e-08,5.005433453561073e-07,9.042615740341842e-09,5.1245055197803125e-08,6.356347384572417e-08,-8.963851632937653e-08,2.3171272938862687e-07,5.4035246062873715e-09,9.523993813558489e-08,9.238512884242178e-07,8.207169914187721e-07,no movement,no movement,no movement,no movement
3799.999999999988,-0.0026091208388796,0.3809492845641322,-0.3192015727670004,0.010314768519837,0.3956482887929566,-0.3097570582967002,0.0124943038588364,0.3953311383202904,-0.2975653615348165,0.0118308789011927,0.3953022008066549,-0.3008852750839451,-0.0073586806523075,0.4009362107310275,-0.3198881878648128,-0.0062994831096958,0.3996718580777493,-0.3316061428102337,-0.0026819674792959,0.3897122477753685,-0.312187052414683,0.0627790151918811,0.3830391864038491,-0.2015440385456433,-0.0513894348924433,0.3446808063380682,-0.1947610592533927,0.0283941056070502,0.3718638858200432,-0.267532985425584,-0.001020918650041,0.34271223509147,-0.2927607529146459,0.1357789305420007,0.2393176396156693,-0.0717019014362773,-0.0991083271194124,0.2858281103421785,-0.0098791473883457,0.164683774812488,0.0689792915003161,-0.0274856716117834,-0.1295492320347034,0.0482484798524708,-0.0094427306960536,0.1666725110266352,-0.1228222038969274,-0.0229723195756915,-0.146653262957315,-0.1233321444593304,-0.0799574054289581,0.1615103084277781,-0.1628359173739372,-0.0266949322324731,-0.1307906220551642,-0.1629923774176803,-0.1219949740788728,0.1328539011246233,-0.1715565231429457,-0.0537668353580348,-0.1028461444820708,-0.1489923194611067,-0.1472795570211346,0.1578248357924666,-0.1496816174811766,-0.0332565560501668,-0.1309521479793856,-0.1294643053369915,-0.0900129825,0.0748999168996403,-0.1165766476894654,0.024724708551561,-0.0725500015006861,-0.1058615318249359,-0.0227900470996514,0.0670389985129907,-0.4485436813251657,-0.0196736949849388,-0.0385853385937116,-0.3914157163124014,-0.0128356234035209,0.0731334554755371,-0.7353902526169517,0.1444818304624398,-0.0749160696102225,-0.7130209826623087,0.147280254591917,0.0568881992850813,-0.7649683948786767,0.1630187296721543,-0.077581683567154,-0.740831598871399,0.1228263364784575,0.0381354892690146,-0.7896503163783343,0.0777683778507304,-0.0736029030974232,-0.7596190467399674,0.0163107807466258,kalt_g_ch1_g18_compr.mp4,ch1g18,1.0544272022164548e-05,1.712507563295291e-05,1.1740152406789086e-05,1.7617142086278386e-05,6.46515280994551e-06,1.7742489306646847e-05,1.1218608044096328e-05,4.489156987633638e-06,1.142487652079876e-05,3.980164496403389e-06,7.682285879191329e-06,9.964187810764677e-06,1.2777882263228224e-05,1.1490438204983904e-05,1.6772576622783275e-05,6.245957554072317e-06,4.5917059707140325e-06,4.8800700343034254e-06,9.7109924259356e-06,1.259806930426981e-05,1.836568959848264e-05,1.1271376060403964e-05,1.2809572618526332e-05,1.0576870651062397e-05,6.516410757688742e-06,2.5985016678310436e-07,1.1178082168821367e-05,7.38201983714012e-06,8.882321155004338e-06,5.786838436743379e-06,1.837432332527063e-07,1.2239642346044628e-05,1.5856652353192223e-05,3.065037445392054e-05,1.1694741684171572e-05,0.0001916386142422,0.000187685515795,0.0001922211397781,0.0001970913600411,0.000213928183656,0.0002138744283362,0.000211497695716,0.0001635991661931,0.0001833551540335,0.0001776064974539,0.0001868281470242,0.0001874595185594,0.0001153603486045,0.0001808847144263,0.0001762949653692,5.026118725325731e-05,7.229572407969576e-05,1.0730296680403532e-05,3.292005567875492e-05,1.5933797426108014e-06,1.8372455762346977e-05,4.230549767273237e-05,6.949296347091167e-05,-9.587935664607952e-07,-2.6458166650037794e-06,-2.2025568610201136e-05,5.386143324058571e-06,-8.93379896958034e-05,-4.5510511730355806e-05,-8.966515105366424e-05,-4.24609781855574e-05,1.5361639353407352e-05,5.2074130246066987e-05,-8.223245074806036e-08,1.0207198927164687e-06,5.395258255180146e-07,3.5590697323524723e-06,-9.474843748092358e-08,5.043445621494949e-07,4.6969675564338443e-07,6.052298949006271e-08,-7.885180563293065e-07,-2.9909371606333476e-08,2.862297628866478e-07,-3.2420516699511024e-07,6.113918103219161e-07,5.49021784218081e-07,-1.7717385731541775e-06,-7.187347394127176e-07,-4.69057112126345e-07,3.463952430774105e-07,-2.2249581279517533e-07,6.430690665562217e-07,-1.0435881883650534e-06,5.97550828036632e-07,6.405608740452791e-07,4.372284858590488e-07,2.8510997341471816e-08,-5.2379113712838935e-08,5.277885258197844e-07,-4.951896023973787e-09,8.535436644090521e-07,8.120690305374637e-07,-6.64366469320617e-08,6.211306731852467e-07,-3.8219800218197473e-07,2.6817512042668893e-08,4.027198327548322e-07,-1.4812246440033912e-08,-4.595374280014864e-07,4.877379471065117e-07,4.974217164698384e-07,-1.6305790052581248e-08,1.6357866206182348e-07,1.1540760939174197e-07,6.298126960454173e-08,1.277039085852607e-08,1.1150490383649912e-07,-1.5257940906877553e-08,-1.8818446017992025e-08,5.2489788612463406e-08,2.26489935336059e-07,3.884068555874606e-07,1.3655590514148602e-07,1.129285476162164e-07,-3.151550102103573e-09,7.650578536249276e-07,-4.1809802270265825e-08,-2.1242764474795545e-08,-1.2949848556805358e-08,4.4816128573609737e-07,1.1537980230249129e-08,-1.336514735881984e-08,5.874838996736282e-08,-2.5416097804198737e-07,1.332779179664523e-07,8.763149463160185e-09,-1.8088136763949706e-08,5.986122665311027e-07,6.160880315836688e-07,no movement,no movement,no movement,no movement
3816.6666666666542,-0.0025602278051986,0.3811500484580165,-0.3190868917676678,0.0103712618919115,0.3958433478082213,-0.3096458577567669,0.0125498721969859,0.3955327728132395,-0.2974544708044494,0.0118848506429568,0.3955092693057676,-0.3007764103851687,-0.0072967309392885,0.4011620877607594,-0.3197711721277717,-0.0062386963381504,0.3998970098809578,-0.3314854832307009,-0.002624467691472,0.3899363554265977,-0.312070467444049,0.0628358615294015,0.3832072479894713,-0.2014629297035966,-0.0512917019123544,0.3448807944837175,-0.194626679760178,0.0284304552343919,0.3720516093335443,-0.267428385276752,-0.0009756284343968,0.3429108596823091,-0.292629253877271,0.135770202887727,0.2395074514317117,-0.0717487233954987,-0.0990632800258385,0.2859743222417837,-0.0095130303914371,0.1648725980329332,0.0691226928759293,-0.027409695022017,-0.1298716100307016,0.0484565767046563,-0.0088839976607608,0.1667991791610454,-0.1227938156768442,-0.0225952203604078,-0.1469749436705121,-0.1232221372772164,-0.0791934125935409,0.161610980618692,-0.1628504619937941,-0.026248536964086,-0.1310625535865488,-0.1629188466205958,-0.1211313530899518,0.1329847488764514,-0.1715798784716716,-0.0533043676407712,-0.1031513758979235,-0.1489198505234523,-0.1464010510634038,0.1579659792201928,-0.1496629554161376,-0.0328528602905005,-0.1312713564248213,-0.1293498216794404,-0.0953217298,0.0749018271164521,-0.116576960426852,0.0246536252613496,-0.0725515848496871,-0.1058652489328434,-0.0227297037522877,0.0671235116340406,-0.4485812819693009,-0.0197113383148164,-0.0385111166419248,-0.3914258993766306,-0.0126905359732295,0.0732061196882029,-0.7355180134071461,0.1443243900539859,-0.0747627862930695,-0.7130889419507728,0.1475224694424175,0.0569532261786291,-0.7650973628532642,0.1628592075497961,-0.0774264230107676,-0.740894495668371,0.1230905687020393,0.0380425838719068,-0.7896637978213825,0.0776575241455246,-0.073515486625215,-0.7595818634560633,0.0167099600032109,kalt_g_ch1_g18_compr.mp4,ch1g18,1.0588897607318686e-05,1.7431561177358827e-05,1.2382450037795452e-05,2.005993363585119e-05,6.77260918040785e-06,1.7567355667065355e-05,1.181834207275173e-05,4.680727366502646e-06,1.122005794819711e-05,3.9784344118020024e-06,8.280481957946939e-06,9.745523350338471e-06,1.3462217798605358e-05,1.2135939042172954e-05,1.53249825394347e-05,5.793069964823292e-06,4.515377668857944e-06,5.7042086275827235e-06,9.583862635423742e-06,1.3304458237783027e-05,1.678169657934454e-05,1.19768001590097e-05,1.3509663407052092e-05,1.1035377919477805e-05,6.919466275408669e-06,2.142777970318199e-07,1.1678163867337216e-05,7.704809120834026e-06,8.951944812599029e-06,7.059814859731863e-06,1.220840473167579e-07,1.2628474362285653e-05,1.481904747346639e-05,3.1630356241705894e-05,1.182072064432576e-05,0.0001953165532535,0.0001903353058181,0.0001957633904954,0.0002007037770315,0.0002179864311023,0.0002176425949686,0.000215862113262,0.0001638000836732,0.0001898774530205,0.0001810266851375,0.0001908056957609,0.000185094942556,0.0001301009287078,0.0001568786397359,0.0001931834628262,4.308345061489217e-05,0.0001054631019588,5.2566477684491446e-06,7.263907061573552e-05,-1.5904530137690873e-06,6.765503254998854e-05,3.604098267034077e-05,0.0001084401855962,-5.889189150188098e-07,-3.0924365709553135e-06,-3.395105884578049e-05,-6.037840050519979e-06,-0.0001204463734345,-6.697673482355005e-05,-0.0001221575200277,-6.33497555239651e-05,-4.0136049034160385e-06,3.922275038920792e-05,-4.2504706101023126e-08,1.1426153523285415e-06,4.88510900994159e-07,2.7271396002344805e-06,3.202014779930979e-07,7.556280502907619e-07,4.2900495296029666e-07,1.9589867838290878e-07,-6.085417358633875e-07,3.1298973771190903e-08,2.1462141847911376e-07,-2.0007719264430946e-07,5.499330230822565e-07,4.928692687504301e-07,-1.4764209043386084e-06,-4.658307623202932e-07,-1.1067536316515621e-07,3.617799414969119e-07,-1.0391513913895124e-07,5.831479226140148e-07,-4.1806830718786633e-07,5.221024926831465e-07,5.692831471460821e-07,3.952176339302239e-07,4.010950257792721e-07,-3.6067049759896584e-08,4.717000423271392e-07,2.2271875073681734e-09,4.883546694917847e-07,7.651785376982899e-07,-5.1114598607527065e-08,5.218705866206631e-07,5.3402286860839765e-08,1.7235503321483447e-08,9.94471628927419e-08,-7.334603111049782e-08,-7.248235238727711e-07,3.8546337330742004e-07,2.063306456509466e-07,-6.586018928928079e-08,1.1977508377819578e-07,1.7793310251737125e-07,5.4366241561951296e-08,-1.9940901411513568e-08,1.0794249598999145e-07,-8.09473067060718e-08,-7.830571089594859e-08,2.405562063355175e-07,2.164211915173476e-07,3.4619822357882576e-07,5.9457576712754686e-08,1.0290846121810893e-07,-7.705916823597756e-08,5.22388424965934e-07,-9.614043037929706e-08,-8.878039277648481e-08,-5.6953684568922014e-08,3.458795489184668e-07,1.3406328863364531e-08,-6.538561434386102e-08,4.3125866458425695e-08,-3.242695631124983e-07,1.7648689663253428e-08,1.1939894573944948e-08,-9.452659190149213e-08,3.547700608094728e-07,7.713533611329396e-07,no movement,no movement,no movement,no movement
3833.3333333333208,-0.0025113347715176,0.3813508123519008,-0.3189722107683352,0.0104277552639859,0.3960384068234858,-0.3095346572168336,0.0126054405351355,0.3957344073061888,-0.2973435800740823,0.011938822384721,0.3957163378048803,-0.3006675456863923,-0.0072347812262694,0.4013879647904911,-0.3196541563907305,-0.0061779095666049,0.4001221616841661,-0.331364823651168,-0.002566967903648,0.3901604630778269,-0.311953882473415,0.062892707866922,0.3833753095750935,-0.2013818208615499,-0.0511939689322656,0.3450807826293669,-0.1944923002669633,0.0284668048617336,0.3722393328470454,-0.26732378512792,-0.0009303382187527,0.3431094842731483,-0.2924977548398962,0.1357614752334534,0.2396972632477542,-0.07179554535472,-0.0990182329322645,0.2861205341413889,-0.0091469133945285,0.1650614212533783,0.0692660942515425,-0.0273337184322506,-0.1301939880266998,0.0486646735568418,-0.008325264625468,0.1669258472954557,-0.1227654274567611,-0.0222181211451242,-0.1472966243837093,-0.1231121300951023,-0.0784294197581238,0.1617116528096059,-0.1628650066136511,-0.0258021416956989,-0.1313344851179336,-0.1628453158235114,-0.1202677321010308,0.1331155966282797,-0.1716032338003975,-0.0528418999235076,-0.1034566073137761,-0.148847381585798,-0.145522545105673,0.158107122647919,-0.1496442933510987,-0.0324491645308342,-0.1315905648702569,-0.1292353380218895,-0.0992355,0.0749037373332639,-0.1165772731642386,0.0245825419711383,-0.0725531681986881,-0.1058689660407509,-0.022669360404924,0.0672080247550905,-0.4486188826134362,-0.0197489816446941,-0.0384368946901381,-0.3914360824408598,-0.012545448542938,0.0732787839008686,-0.7356457741973401,0.1441669496455321,-0.0746095029759165,-0.7131569012392367,0.1477646842929181,0.0570182530721769,-0.765226330827852,0.1626996854274379,-0.0772711624543812,-0.740957392465343,0.1233548009256211,0.037949678474799,-0.7896772792644307,0.0775466704403188,-0.0734280701530067,-0.7595446801721594,0.017109139259796,kalt_g_ch1_g18_compr.mp4,ch1g18,1.059762373842712e-05,1.8704070225349355e-05,1.2814710826909794e-05,2.196878559516248e-05,7.404719062537507e-06,1.8592458313725795e-05,1.220798491427974e-05,4.932409405651787e-06,1.0898396999385527e-05,4.069252702921633e-06,8.352109516839457e-06,9.551913419384164e-06,1.3914092177982213e-05,1.2562381404645386e-05,1.3877144049889516e-05,5.314338862077158e-06,4.6861694944496845e-06,6.0280660742575525e-06,9.502234354493478e-06,1.378709587945458e-05,1.70099003846498e-05,1.242144054030073e-05,1.397067142173524e-05,1.135868026459146e-05,7.599782304744173e-06,1.9550235896068854e-07,1.2053123065118271e-05,7.591210237979053e-06,9.13592982036415e-06,7.765983607294251e-06,8.756004620155721e-08,1.306752815137227e-05,1.5279153242771236e-05,3.290397215200014e-05,1.2167544896453791e-05,0.0001958141187142,0.0001900254296425,0.0001961677355611,0.0002012028748102,0.0002187997857818,0.000218225575633,0.0002169069275931,0.0001616215563646,0.0001915791557561,0.0001815587440297,0.0001916937704189,0.0001798543656232,0.0001374914473097,0.000135915291764,0.00020158509266,3.107704174874562e-05,0.0001150019739583,-7.0017958816402555e-06,8.260810795657892e-05,-1.3033318820331948e-05,8.178867079927145e-05,2.385020752290175e-05,0.0001202569092259,-3.468873173723519e-07,-3.420909388617814e-06,-4.144619624289146e-05,-1.3365763628904203e-05,-0.0001381537298265,-7.902220068706461e-05,-0.0001404778798005,-7.510439707947408e-05,-1.829453329922661e-05,2.839887901443516e-05,-3.0503970139763345e-08,9.706706444870235e-07,3.771168995795542e-07,1.7790054088333158e-06,5.713025162554156e-07,7.120580958293906e-07,3.3222890276129113e-07,2.738062079179536e-07,-3.999679058521658e-07,8.534850445477496e-08,1.2309114019435796e-07,-7.882644551638774e-08,4.224922177291794e-07,3.748225589976621e-07,-1.1072958138713904e-06,-2.410320757490993e-07,1.7095622456523626e-07,3.0854688580627676e-07,4.388452568127197e-09,4.510159325610464e-07,-8.75802827078601e-08,3.899867050272678e-07,4.32677277795607e-07,2.972103610714211e-07,6.150600769203091e-07,-1.9504028047515937e-08,3.5282015070929376e-07,-9.765550698679286e-09,1.2694175665038428e-07,6.252675039401241e-07,-3.39548271318015e-08,3.684328041696256e-07,2.058200035138101e-07,1.4470517456258737e-08,-1.2426418971948369e-07,-1.0906271691806275e-07,-8.427149748396759e-07,2.4745152536172106e-07,-1.2360574727419518e-08,-9.585461607286638e-08,6.924458890373256e-08,2.141204444312801e-07,4.1614875836975e-08,-3.990976161913e-08,1.0211606561310167e-07,-1.211451000374075e-07,-1.141790482209745e-07,3.723649124546691e-07,1.9838441401062778e-07,2.6649116918925596e-07,-1.0339625759025776e-08,8.979406822792247e-08,-1.242047190151707e-07,3.251125280761367e-07,-1.2733550978366066e-07,-1.2931780907039446e-07,-8.498068952091812e-08,2.1210009255293058e-07,1.3963477225351331e-08,-9.948100990612993e-08,2.9996792825848945e-08,-3.215799478666245e-07,-8.343039636413799e-08,1.407118679487108e-08,-1.3779017227411538e-07,1.651170401914095e-07,9.301427596196648e-07,no movement,no movement,no movement,no movement
3849.9999999999873,-0.0024624417378367,0.3815515762457852,-0.3188575297690026,0.0104842486360603,0.3962334658387504,-0.3094234566769004,0.012661008873285,0.395936041799138,-0.2972326893437153,0.011992794126485,0.395923406303993,-0.3005586809876159,-0.0071728315132504,0.4016138418202229,-0.3195371406536894,-0.0061171227950595,0.4003473134873745,-0.3312441640716352,-0.002509468115824,0.3903845707290561,-0.3118372975027809,0.0629495542044425,0.3835433711607158,-0.2013007120195032,-0.0510962359521767,0.3452807707750164,-0.1943579207737487,0.0285031544890753,0.3724270563605464,-0.267219184979088,-0.0008850480031086,0.3433081088639874,-0.2923662558025213,0.1357527475791797,0.2398870750637966,-0.0718423673139414,-0.0989731858386905,0.2862667460409941,-0.00878079639762,0.1652502444738233,0.0694094956271556,-0.0272577418424842,-0.1305163660226981,0.0488727704090273,-0.0077665315901753,0.1670525154298659,-0.122737039236678,-0.0218410219298405,-0.1476183050969065,-0.1230021229129882,-0.0776654269227067,0.1618123250005197,-0.162879551233508,-0.0253557464273118,-0.1316064166493183,-0.162771785026427,-0.1194041111121097,0.1332464443801078,-0.1716265891291234,-0.052379432206244,-0.1037618387296288,-0.1487749126481437,-0.1446440391479422,0.1582482660756452,-0.1496256312860597,-0.0320454687711679,-0.1319097733156925,-0.1291208543643384,-0.103166789,0.0749056475500756,-0.1165775859016252,0.0245114586809269,-0.0725547515476891,-0.1058726831486584,-0.0226090170575602,0.0672925378761404,-0.4486564832575714,-0.0197866249745717,-0.0383626727383513,-0.3914462655050889,-0.0124003611126466,0.0733514481135343,-0.7357735349875345,0.1440095092370782,-0.0744562196587634,-0.7132248605277006,0.1480068991434187,0.0570832799657247,-0.7653552988024396,0.1625401633050797,-0.0771159018979948,-0.7410202892623152,0.1236190331492028,0.0378567730776911,-0.7896907607074789,0.0774358167351131,-0.0733406536807985,-0.7595074968882553,0.0175083185163811,kalt_g_ch1_g18_compr.mp4,ch1g18,1.0384127644779845e-05,1.9734422211444196e-05,1.290906054062986e-05,2.3114346572792392e-05,8.222460197777392e-06,1.950779469149877e-05,1.2259922726253138e-05,5.271058810924954e-06,1.0723767719341631e-05,4.243034463558681e-06,8.422527460905933e-06,9.62505266237027e-06,1.4040020876045753e-05,1.2635447256078222e-05,1.2990197700418564e-05,5.170811573864323e-06,5.034572996036158e-06,6.200841626467041e-06,9.644403843515638e-06,1.3935846791832702e-05,1.7484871312260603e-05,1.2548260564581024e-05,1.4099342105531468e-05,1.1492591475584767e-05,8.426292278768756e-06,1.995933926415605e-07,1.225137382205645e-05,7.562920779426202e-06,9.148689317634026e-06,8.20509424653001e-06,7.673475130211634e-08,1.327727129078294e-05,1.586063694674759e-05,3.390668731266058e-05,1.2806909348631198e-05,0.0001999288047787,0.0001931313062165,0.0001998615755976,0.0002049961312979,0.0002236361613634,0.000222946608555,0.0002220566576761,0.0001614852129447,0.000196898298784,0.0001850296245966,0.0001964090668619,0.0001778722097534,0.0001433711046586,0.0001253590236587,0.0002055666149713,2.4711764881512803e-05,0.0001188005861677,-1.4701942582658884e-05,8.644634255211942e-05,-2.0927371078541472e-05,8.846922072972564e-05,1.6785003698066555e-05,0.0001251957475612,-1.9599019450271518e-07,-3.671807136106317e-06,-4.322676129399792e-05,-1.6246601318060608e-05,-0.000142042173669,-7.95759827169712e-05,-0.0001443488816136,-7.478787911786749e-05,-2.4603106988025733e-05,2.5813850239624144e-05,-3.2526390533880924e-08,7.595689913907554e-07,2.306808084445409e-07,9.708516922841435e-07,6.682601870345808e-07,6.21343104510156e-07,2.0037052589143125e-07,2.892718949181786e-07,-1.7656162774516685e-07,1.1742483837677409e-07,5.993795443315409e-08,2.8971327217533572e-08,2.601031137513289e-07,2.224994311721997e-07,-7.117195772591929e-07,-7.115299808875528e-08,3.32374088363459e-07,2.3129713885294935e-07,9.11596982878521e-08,2.80194827141798e-07,1.7282693907274275e-07,2.283608573245016e-07,2.632104814844009e-07,1.7302697694836755e-07,6.80320524254942e-07,-3.501723304051422e-09,2.087601858756073e-07,-5.9032729015235634e-09,-1.1963629358605908e-07,4.469079145169088e-07,-1.5875505226946772e-08,2.130612379230977e-07,3.060353345637213e-07,1.9739379982732017e-08,-2.528265363857196e-07,-1.1836936456951824e-07,-8.221290576345821e-07,9.613392386336937e-08,-1.4532057286966068e-07,-1.0251786301238329e-07,1.6257951743804536e-08,2.1926229286715733e-07,2.584091552098944e-08,-4.5528490405407366e-08,8.601407132217459e-08,-1.328326547104513e-07,-1.22537741499224e-07,4.353654004750334e-07,1.6621422203955053e-07,1.663680543417504e-07,-5.6548061558599866e-08,6.819490518672306e-08,-1.4053567392393222e-07,1.8216992984582765e-07,-1.3247953143344388e-07,-1.4000965584706062e-07,-9.396268307839273e-08,6.795727696931107e-08,1.2859832120902962e-08,-1.1224376185082481e-07,2.1295409866203306e-08,-2.590026779297793e-07,-1.4957754911066154e-07,1.455513396685385e-08,-1.4691829027155406e-07,3.9368667370881816e-08,9.642686198980455e-07,no movement,no movement,no movement,no movement
3866.666666666654,-0.0024135487041557,0.3817523401396696,-0.31874284876967,0.0105407420081348,0.3964285248540151,-0.3093122561369671,0.0127165772114346,0.3961376762920871,-0.2971217986133482,0.0120467658682492,0.3961304748031057,-0.3004498162888395,-0.0071108818002313,0.4018397188499548,-0.3194201249166482,-0.0060563360235141,0.4005724652905829,-0.3311235044921024,-0.0024519683280001,0.3906086783802853,-0.3117207125321469,0.0630064005419629,0.383711432746338,-0.2012196031774565,-0.0509985029720879,0.3454807589206657,-0.194223541280534,0.028539504116417,0.3726147798740475,-0.2671145848302559,-0.0008397577874645,0.3435067334548266,-0.2922347567651465,0.1357440199249061,0.240076886879839,-0.0718891892731627,-0.0989281387451166,0.2864129579405993,-0.0084146794007114,0.1654390676942684,0.0695528970027687,-0.0271817652527178,-0.1308387440186963,0.0490808672612127,-0.0072077985548825,0.1671791835642761,-0.1227086510165948,-0.0214639227145569,-0.1479399858101037,-0.1228921157308741,-0.0769014340872895,0.1619129971914336,-0.1628940958533649,-0.0249093511589247,-0.131878348180703,-0.1626982542293424,-0.1185404901231887,0.133377292131936,-0.1716499444578493,-0.0519169644889803,-0.1040670701454814,-0.1487024437104893,-0.1437655331902113,0.1583894095033714,-0.1496069692210208,-0.0316417730115016,-0.1322289817611281,-0.1290063707067874,-0.103028521,0.0749075577668874,-0.1165778986390119,0.0244403753907156,-0.07255633489669,-0.1058764002565659,-0.0225486737101965,0.0673770509971903,-0.4486940839017067,-0.0198242683044493,-0.0382884507865645,-0.3914564485693181,-0.0122552736823552,0.0734241123262,-0.7359012957777286,0.1438520688286244,-0.0743029363416104,-0.7132928198161647,0.1482491139939192,0.0571483068592725,-0.7654842667770271,0.1623806411827216,-0.0769606413416085,-0.7410831860592872,0.1238832653727846,0.0377638676805833,-0.7897042421505273,0.0773249630299073,-0.0732532372085902,-0.7594703136043514,0.0179074977729662,kalt_g_ch1_g18_compr.mp4,ch1g18,1.028391359320638e-05,2.058699685142487e-05,1.2746266345225392e-05,2.3685903787569284e-05,8.861436518733129e-06,2.0352767500348873e-05,1.2071660066105894e-05,5.545627698446245e-06,1.0817518992539552e-05,4.429545454863375e-06,8.404471537127361e-06,9.7497442706435e-06,1.3900992397499244e-05,1.2458414242027326e-05,1.2863424546227865e-05,5.232880809399494e-06,5.420734909253334e-06,6.1600265051305034e-06,9.81612907786506e-06,1.3812238491866436e-05,1.824709793677312e-05,1.2330807237442822e-05,1.396334755869126e-05,1.1359477450174409e-05,9.04583149360937e-06,2.1984401732478793e-07,1.2140213137335296e-05,7.574675206712542e-06,9.021048019502148e-06,8.201940897125354e-06,8.734574899573079e-08,1.3307877039910431e-05,1.660982533170096e-05,3.475183265869945e-05,1.3348537653394213e-05,0.0001984023524252,0.0001920355211195,0.0001989621415882,0.0002042616461893,0.000222860139469,0.0002220393279469,0.0002213175861829,0.0001628473835999,0.000197227168962,0.0001849558771351,0.0001959996573364,0.0001807103569064,0.000146770234401,0.0001254421267824,0.0002072727092305,2.1777752690273622e-05,0.0001156248146828,-2.020779501706693e-05,8.147598852374412e-05,-2.853490886561204e-05,8.376091792022596e-05,1.2088532024296727e-05,0.0001218356514765,-1.3875275635488458e-07,-3.832231068391066e-06,-4.215594666407861e-05,-1.5620798820411663e-05,-0.0001382240847617,-7.420618583689875e-05,-0.0001400577392728,-6.880149793644682e-05,-2.4494746487329236e-05,2.82755202103736e-05,-2.060708795673836e-08,5.980382657068453e-07,9.151336467210001e-08,4.196297338664021e-07,6.004132856081729e-07,5.591964312273386e-07,7.40729853590713e-08,2.485028005916047e-07,4.9669344849818776e-08,1.235026496132967e-07,7.44746235717345e-08,9.532724440204473e-08,1.0481415036371193e-07,8.037912351470046e-08,-3.0049590846319044e-07,3.9883482794129065e-08,3.689301785794785e-07,1.836180627101707e-07,1.3399679782831718e-07,1.1659084906191269e-07,4.0653623714104e-07,7.85734901828617e-08,1.0390407159767315e-07,6.43182533039761e-08,5.924601310103682e-07,8.28823832165546e-09,8.219412556444463e-08,5.5221399008126275e-08,-1.8649981415204657e-07,3.0315959894962933e-07,-9.106292318192747e-10,9.383893107718533e-08,4.06098636773414e-07,2.5238965245381323e-08,-3.099436171219925e-07,-1.0608460725683645e-07,-6.953380800831806e-07,-4.346409903389125e-08,-2.1685796933248821e-07,-9.031864744881833e-08,-3.025174131325599e-08,1.9312272610499922e-07,7.268310222572896e-09,-3.802653872855187e-08,6.313856572844699e-08,-1.2066697944440204e-07,-1.0857019762354563e-07,4.273280524356328e-07,1.2539069890880394e-07,6.450867533627098e-08,-7.797068932778952e-08,4.1986678288321175e-08,-1.3065697130055398e-07,6.751268649254001e-08,-1.1410841413317995e-07,-1.2600221946194265e-07,-8.395053961527624e-08,-6.328432207958894e-08,1.0182328038343335e-08,-1.029322041951094e-07,1.698247895848583e-08,-1.599297586263973e-07,-1.753777522791683e-07,1.3162169900437572e-08,-1.3044594356073714e-07,-4.902513155942761e-08,8.731882731681835e-07,no movement,no movement,no movement,no movement
3883.33333333332,-0.0023646556704747,0.381953104033554,-0.3186281677703375,0.0105972353802092,0.3966235838692797,-0.3092010555970338,0.0127721455495842,0.3963393107850363,-0.2970109078829811,0.0121007376100134,0.3963375433022185,-0.3003409515900631,-0.0070489320872123,0.4020655958796866,-0.3193031091796071,-0.0059955492519686,0.4007976170937913,-0.3310028449125696,-0.0023944685401761,0.3908327860315144,-0.3116041275615128,0.0630632468794834,0.3838794943319603,-0.2011384943354097,-0.0509007699919991,0.3456807470663152,-0.1940891617873193,0.0285758537437587,0.3728025033875486,-0.2670099846814239,-0.0007944675718204,0.3437053580456658,-0.2921032577277716,0.1357352922706324,0.2402666986958815,-0.0719360112323841,-0.0988830916515426,0.2865591698402044,-0.0080485624038029,0.1656278909147136,0.0696962983783819,-0.0271057886629514,-0.1311611220146946,0.0492889641133982,-0.0066490655195897,0.1673058516986864,-0.1226802627965117,-0.0210868234992732,-0.1482616665233009,-0.1227821085487601,-0.0761374412518724,0.1620136693823475,-0.1629086404732218,-0.0244629558905376,-0.1321502797120876,-0.162624723432258,-0.1176768691342677,0.1335081398837642,-0.1716732997865752,-0.0514544967717167,-0.1043723015613341,-0.1486299747728349,-0.1428870272324805,0.1585305529310977,-0.1495883071559819,-0.0312380772518353,-0.1325481902065638,-0.1288918870492365,-0.102333128,0.0749094679836992,-0.1165782113763985,0.0243692921005042,-0.072557918245691,-0.1058801173644735,-0.0224883303628327,0.0674615641182403,-0.448731684545842,-0.019861911634327,-0.0382142288347778,-0.3914666316335473,-0.0121101862520637,0.0734967765388657,-0.7360290565679227,0.1436946284201706,-0.0741496530244573,-0.7133607791046287,0.1484913288444198,0.0572133337528203,-0.7656132347516148,0.1622211190603634,-0.0768053807852221,-0.7411460828562592,0.1241474975963663,0.0376709622834755,-0.7897177235935755,0.0772141093247015,-0.073165820736382,-0.7594331303204472,0.0183066770295513,kalt_g_ch1_g18_compr.mp4,ch1g18,1.0275429702713836e-05,2.0928790914972377e-05,1.2772893487149848e-05,2.3982153364288047e-05,9.07786125453462e-06,2.067991109875388e-05,1.2088571458817214e-05,5.643505183429456e-06,1.0825245311380446e-05,4.482779868208391e-06,8.43335547217527e-06,9.786664537925e-06,1.3935271178288088e-05,1.2480825452821112e-05,1.2734823256182228e-05,5.23961687631943e-06,5.539221213937867e-06,6.206562025218944e-06,9.8693118738749e-06,1.3852083321199106e-05,1.850907189483031e-05,1.2350107991172323e-05,1.3998634299486606e-05,1.1383851622009872e-05,9.260639962079352e-06,2.2341373692352017e-07,1.2173828298617964e-05,7.591414609940263e-06,9.028483760464591e-06,8.294436951036821e-06,8.737989201808555e-08,1.336905546214423e-05,1.6873251388601002e-05,3.511357669473557e-05,1.3533764050369325e-05,0.0001983553316856,0.0001919589466321,0.0001989746349368,0.0002043197362641,0.0002229744833944,0.0002221114666448,0.0002214650765888,0.0001629615778352,0.0001975679606993,0.0001851181075512,0.000196185332665,0.000181056613774,0.0001479528631342,0.0001240609611889,0.000207883917472,2.0604185392059283e-05,0.0001149204020782,-2.1869369196598945e-05,8.042833544614814e-05,-3.046013133039515e-05,8.303560041956039e-05,1.057577595249109e-05,0.0001212185246764,-1.1224672849854757e-07,-3.890377661388791e-06,-4.2197697086651616e-05,-1.597607332032225e-05,-0.0001383343877402,-7.368074637828108e-05,-0.0001400858101501,-6.806704983391444e-05,-2.5348293214194097e-05,2.847424830015527e-05,-6.736804915721674e-09,4.538268827934773e-07,4.528958609754192e-08,1.239979315956752e-07,5.57380152479806e-07,4.552702970433925e-07,3.455750349264035e-08,2.2517664888775998e-07,1.3131170813159324e-07,1.2059722578645426e-07,6.232317232747553e-08,1.2059638009172864e-07,5.2662274004201376e-08,3.3705419572466014e-08,-1.0818870935803944e-07,9.497731372138548e-08,3.8469654189236313e-07,1.512688063923202e-07,1.4817960736723553e-07,6.043137693529355e-08,4.2831583404319555e-07,2.90992763842604e-08,4.984002932094881e-08,2.8270511430351264e-08,5.409993343048619e-07,1.2168828439772188e-08,3.8366687694301364e-08,6.580011352587015e-08,-2.369714637896279e-07,2.2679057703039346e-07,4.619297183359017e-09,4.00588789022927e-08,3.771093091252414e-07,2.834494235923475e-08,-3.371067596804095e-07,-9.901777345298849e-08,-6.38707256264029e-07,-1.029098100467711e-07,-2.519214211586863e-07,-8.317761158477153e-08,-4.961537294875563e-08,1.78550586441977e-07,-1.5096236501815146e-09,-3.586752180600968e-08,5.1576115913864626e-08,-1.134755204720183e-07,-1.0064314639268455e-07,4.2396566271203923e-07,1.0618373067988357e-07,1.95326100759336e-08,-8.854891103091101e-08,2.929065289410151e-08,-1.2453157756119365e-07,1.0354559423477038e-08,-1.043931444043286e-07,-1.1804668514189074e-07,-7.781781005792207e-08,-1.1868125014712121e-07,8.758792710858214e-09,-9.708220863913167e-08,1.3771874729229941e-08,-1.1873392044257856e-07,-1.867365969423476e-07,1.2229642672602304e-08,-1.227530082334894e-07,-9.193720872164815e-08,8.375705787090218e-07,no movement,no movement,no movement,no movement
3899.999999999987,-0.0023157626367938,0.3821538679274383,-0.3185134867710049,0.0106537287522837,0.3968186428845443,-0.3090898550571006,0.0128277138877337,0.3965409452779855,-0.2969000171526141,0.0121547093517774,0.3965446118013311,-0.3002320868912866,-0.0069869823741932,0.4022914729094184,-0.3191860934425659,-0.0059347624804232,0.4010227688969998,-0.3308821853330367,-0.0023369687523521,0.3910568936827435,-0.3114875425908788,0.0631200932170038,0.3840475559175825,-0.201057385493363,-0.0508030370119102,0.3458807352119645,-0.1939547822941046,0.0286122033711004,0.3729902269010496,-0.2669053845325918,-0.0007491773561763,0.3439039826365049,-0.2919717586903967,0.1357265646163588,0.2404565105119239,-0.0719828331916054,-0.0988380445579687,0.2867053817398097,-0.0076824454068943,0.1658167141351587,0.0698396997539951,-0.027029812073185,-0.1314835000106928,0.0494970609655837,-0.0060903324842969,0.1674325198330966,-0.1226518745764285,-0.0207097242839896,-0.148583347236498,-0.1226721013666461,-0.0753734484164553,0.1621143415732614,-0.1629231850930788,-0.0240165606221505,-0.1324222112434723,-0.1625511926351736,-0.1168132481453467,0.1336389876355923,-0.1716966551153012,-0.0509920290544531,-0.1046775329771867,-0.1485575058351805,-0.1420085212747497,0.1586716963588238,-0.1495696450909429,-0.030834381492169,-0.1328673986519994,-0.1287774033916854,-0.102448396,0.074911378200511,-0.1165785241137852,0.0242982088102929,-0.072559501594692,-0.105883834472381,-0.022427987015469,0.0675460772392902,-0.4487692851899772,-0.0198995549642046,-0.038140006882991,-0.3914768146977764,-0.0119650988217723,0.0735694407515314,-0.7361568173581169,0.1435371880117167,-0.0739963697073043,-0.7134287383930927,0.1487335436949203,0.0572783606463681,-0.7657422027262023,0.1620615969380052,-0.0766501202288357,-0.7412089796532311,0.1244117298199481,0.0375780568863677,-0.7897312050366239,0.0771032556194957,-0.0730784042641738,-0.7593959470365433,0.0187058562861364,kalt_g_ch1_g18_compr.mp4,ch1g18,1.0307995173465503e-05,2.1361184243082343e-05,1.2808919025216378e-05,2.4247719922423623e-05,9.346761583191573e-06,2.112417147768203e-05,1.211493498496858e-05,5.7749714496169964e-06,1.091581316668988e-05,4.562246096123812e-06,8.482985298219513e-06,9.877023515260418e-06,1.3980175909763584e-05,1.251087834029169e-05,1.2751327973545448e-05,5.318250062981493e-06,5.731569602021972e-06,6.255329076135801e-06,9.972879291131038e-06,1.390153675804829e-05,1.8964182574010093e-05,1.2371774654837334e-05,1.404425061710724e-05,1.1421358950943933e-05,9.5212404504715e-06,2.3181433720180114e-07,1.2218460752538498e-05,7.638746543368452e-06,9.04885523571742e-06,8.37634302243669e-06,9.203240312471114e-08,1.344696243249002e-05,1.728370884572337e-05,3.5569634908808875e-05,1.37881231888595e-05,0.0001983716277615,0.000192056886373,0.0001991314016589,0.0002045528198307,0.0002232818231749,0.0002223781627634,0.0002217862870834,0.0001637429976332,0.0001982022082532,0.0001855177535513,0.0001965713016976,0.0001827699245162,0.0001492781897167,0.0001248436599537,0.0002084647586795,2.0048392447561134e-05,0.0001126593718672,-2.320623181103362e-05,7.733361878614305e-05,-3.224190282208781e-05,7.98062755110264e-05,9.544958512436728e-06,0.0001187645634565,-1.0361892377159565e-07,-3.946778182994581e-06,-4.140961114491013e-05,-1.556942693059408e-05,-0.0001365009204694,-7.173294983169623e-05,-0.0001380304145424,-6.58815068723895e-05,-2.474712884424716e-05,3.015577616240447e-05,2.6979854559352286e-08,1.54320130514788e-07,-2.428588642647089e-08,-3.452129052404137e-07,4.013865846854942e-07,2.1788512972494314e-07,-2.2878185865293585e-08,1.566600375954086e-07,2.5311940264574e-07,1.0078056395878325e-07,4.252376583879379e-08,1.487405369944071e-07,-2.6537948946182276e-08,-3.4960865789321745e-08,2.382792058239195e-07,1.741485501919723e-07,3.571588402319913e-07,8.125160760210033e-08,1.5442439615052785e-07,-2.6735683332546455e-08,3.912296919437895e-07,-4.3106200306892325e-08,-3.171472917339496e-08,-2.3522608264822335e-08,3.746805586904072e-07,1.665683870353911e-08,-2.7046817978371244e-08,8.035344301822617e-08,-2.725405719602524e-07,7.677775551110702e-08,1.2803209290961068e-08,-4.354238449677984e-08,2.672694606911032e-07,3.383078562392912e-08,-3.507561611853611e-07,-7.630522181751914e-08,-4.854725692158822e-07,-2.0096129072041077e-07,-2.856932660549449e-07,-6.174524829710337e-08,-8.035391117511947e-08,1.3515563120309098e-07,-1.8363399847465793e-08,-2.9008261565985153e-08,2.6678063595321516e-08,-8.910627954105228e-08,-7.600369486962146e-08,3.830390583709359e-07,6.636287298298823e-08,-6.190393586876191e-08,-9.897103592058815e-08,3.788907708960517e-09,-1.0083899328428359e-07,-8.089023946143538e-08,-7.679289394432119e-08,-9.189045311847398e-08,-5.847154947490007e-08,-2.085359156889685e-07,5.327769432477269e-09,-7.652375211328072e-08,7.057134163910733e-09,-3.0918574328136365e-08,-1.9063469029595215e-07,9.453311269194588e-09,-9.638282565111127e-08,-1.5094414037842693e-07,7.109727304551569e-07,no movement,no movement,no movement,no movement
3916.666666666654,-0.0022668696031128,0.3823546318213226,-0.3183988057716723,0.0107102221243581,0.3970137018998089,-0.3089786545171674,0.0128832822258833,0.3967425797709347,-0.296789126422247,0.0122086810935416,0.3967516803004439,-0.3001232221925102,-0.0069250326611742,0.4025173499391503,-0.3190690777055248,-0.0058739757088778,0.4012479207002081,-0.330761525753504,-0.0022794689645281,0.3912810013339727,-0.3113709576202448,0.0631769395545243,0.3842156175032047,-0.2009762766513163,-0.0507053040318213,0.346080723357614,-0.1938204028008899,0.0286485529984421,0.3731779504145507,-0.2668007843837598,-0.0007038871405322,0.3441026072273441,-0.2918402596530218,0.1357178369620851,0.2406463223279664,-0.0720296551508268,-0.0987929974643947,0.2868515936394148,-0.0073163284099857,0.1660055373556037,0.0699831011296082,-0.0269538354834186,-0.131805878006691,0.0497051578177693,-0.0055315994490042,0.1675591879675068,-0.1226234863563454,-0.0203326250687059,-0.1489050279496952,-0.122562094184532,-0.0746094555810382,0.1622150137641752,-0.1629377297129357,-0.0235701653537634,-0.132694142774857,-0.1624776618380891,-0.1159496271564256,0.1337698353874205,-0.1717200104440271,-0.0505295613371894,-0.1049827643930395,-0.1484850368975262,-0.1411300153170189,0.1588128397865501,-0.149550983025904,-0.0304306857325028,-0.133186607097435,-0.1286629197341344,-0.102366835,0.0749132884173227,-0.1165788368511718,0.0242271255200815,-0.0725610849436931,-0.1058875515802885,-0.0223676436681053,0.0676305903603401,-0.4488068858341125,-0.0199371982940823,-0.0380657849312043,-0.3914869977620055,-0.0118200113914809,0.0736421049641971,-0.736284578148311,0.1433797476032629,-0.0738430863901513,-0.7134966976815567,0.1489757585454209,0.0573433875399159,-0.7658711707007899,0.161902074815647,-0.0764948596724494,-0.741271876450203,0.1246759620435298,0.0374851514892599,-0.7897446864796722,0.0769924019142899,-0.0729909877919655,-0.7593587637526392,0.0191050355427215,kalt_g_ch1_g18_compr.mp4,ch1g18,1.0399668596878262e-05,2.1442915177876525e-05,1.2830470832250587e-05,2.413361214031428e-05,9.38349475144956e-06,2.1258732660622356e-05,1.2138990253728888e-05,5.814992471087407e-06,1.108379119907868e-05,4.6011122049837946e-06,8.524169267653745e-06,9.975400467513245e-06,1.4003010143465487e-05,1.2530093806933196e-05,1.3088279471812824e-05,5.459172513750318e-06,5.84465761495302e-06,6.25051164627066e-06,1.0060916751102262e-05,1.3920481586973083e-05,1.925749994792065e-05,1.2381953868157802e-05,1.4066555904699328e-05,1.1449955252561256e-05,9.546372555948065e-06,2.402384224086465e-07,1.224086231115891e-05,7.700514631505783e-06,9.08370606861165e-06,8.335977271469118e-06,1.009498742098263e-07,1.3471403244402212e-05,1.7489005098486786e-05,3.567675477656346e-05,1.3869220412466176e-05,0.0001987296567509,0.0001926253233044,0.0001996216458806,0.000205096098849,0.000223873919753,0.0002229830854349,0.0002223278515891,0.0001651566415582,0.0001988798757324,0.0001861310916094,0.0001971245058422,0.0001854798056681,0.0001493869501869,0.000129567036697,0.0002085517684133,2.1559938128950853e-05,0.0001101893418092,-2.215657973096016e-05,7.40092587703445e-05,-3.146419183042901e-05,7.554985570270808e-05,1.0891977127232725e-05,0.0001157611283431,-1.45593138910459e-07,-3.931120464156664e-06,-3.9890627742166434e-05,-1.4013248505436812e-05,-0.0001329623188599,-6.931813030116571e-05,-0.0001342516890732,-6.347595458031829e-05,-2.1696880360574645e-05,3.298209268880862e-05,6.558540954156816e-08,-1.252775503581861e-07,-6.021588507332319e-08,-6.303949257653342e-07,1.7698243655986377e-07,-2.5609117553504005e-08,-4.9249600633655533e-08,6.8542528379465e-08,3.135732022907124e-07,6.565989177882614e-08,2.8824339413987716e-08,1.4818689802939112e-07,-6.86833283892133e-08,-6.782022569226988e-08,5.079427751059616e-07,2.1155680784485306e-07,2.6205440626033557e-07,1.0796185101329382e-08,1.3397145086312246e-07,-7.598779321712765e-08,2.734848463915193e-07,-7.707092286470009e-08,-7.430047574926925e-08,-4.6353505683035196e-08,1.4832450697974658e-07,1.6875079549862223e-08,-6.018327076067492e-08,8.514680844716712e-08,-2.2552799455736082e-07,-5.7679352515616334e-08,1.6902795961179776e-08,-9.05495929376618e-08,1.155454584817944e-07,3.6425723994543225e-08,-3.137831713253495e-07,-4.5454954735517775e-08,-2.94119471619145e-07,-2.627004945968947e-07,-2.734330381501819e-07,-3.3919535074216904e-08,-9.810825479742493e-08,7.648655416095349e-08,-3.272552316482532e-08,-1.9924150484377487e-08,8.49021594172774e-10,-5.4923010396959064e-08,-4.317760360447853e-08,2.9907760237404074e-07,2.6399158959353064e-08,-1.253606767460819e-07,-9.482125131716775e-08,-2.0194426789780193e-08,-6.539206433190642e-08,-1.4053642890189842e-07,-4.1890756980547425e-08,-5.5749677907803385e-08,-3.2521616842689536e-08,-2.625488447208823e-07,1.4108203984581515e-09,-4.7047277459352866e-08,-8.33144209374459e-12,5.3852111867577576e-08,-1.6966103961838284e-07,5.6782884537982775e-09,-5.914377893741304e-08,-1.751062615744315e-07,5.238449718225196e-07,no movement,no movement,no movement,no movement
3933.33333333332,-0.0022179765694318,0.382555395715207,-0.3182841247723397,0.0107667154964326,0.3972087609150734,-0.3088674539772341,0.0129388505640328,0.396944214263884,-0.2966782356918799,0.0122626528353057,0.3969587487995565,-0.3000143574937338,-0.0068630829481551,0.4027432269688821,-0.3189520619684836,-0.0058131889373323,0.4014730725034164,-0.3306408661739711,-0.0022219691767042,0.3915051089852019,-0.3112543726496107,0.0632337858920447,0.384383679088827,-0.2008951678092696,-0.0506075710517325,0.3462807115032634,-0.1936860233076752,0.0286849026257838,0.3733656739280518,-0.2666961842349277,-0.000658596924888,0.3443012318181832,-0.291708760615647,0.1357091093078114,0.2408361341440088,-0.0720764771100482,-0.0987479503708207,0.2869978055390201,-0.0069502114130772,0.1661943605760488,0.0701265025052213,-0.0268778588936522,-0.1321282560026892,0.0499132546699547,-0.0049728664137114,0.167685856101917,-0.1225950981362623,-0.0199555258534223,-0.1492267086628923,-0.1224520870024179,-0.073845462745621,0.1623156859550891,-0.1629522743327926,-0.0231237700853763,-0.1329660743062417,-0.1624041310410046,-0.1150860061675046,0.1339006831392487,-0.171743365772753,-0.0500670936199258,-0.1052879958088921,-0.1484125679598718,-0.1402515093592881,0.1589539832142763,-0.149532320960865,-0.0300269899728365,-0.1335058155428706,-0.1285484360765834,-0.101572208,0.0749151986341345,-0.1165791495885584,0.0241560422298702,-0.072562668292694,-0.105891268688196,-0.0223073003207415,0.0677151034813901,-0.4488444864782477,-0.0199748416239599,-0.0379915629794176,-0.3914971808262347,-0.0116749239611894,0.0737147691768629,-0.7364123389385053,0.1432223071948091,-0.0736898030729982,-0.7135646569700206,0.1492179733959214,0.0574084144334637,-0.7660001386753774,0.1617425526932888,-0.076339599116063,-0.7413347732471752,0.1249401942671116,0.037392246092152,-0.7897581679227204,0.0768815482090841,-0.0729035713197573,-0.7593215804687353,0.0195042147993066,kalt_g_ch1_g18_compr.mp4,ch1g18,1.0534792581554267e-05,2.120228470863615e-05,1.284496297078127e-05,2.373217419553269e-05,9.205064107732107e-06,2.1094627323884684e-05,1.2165929870814011e-05,5.769028030401388e-06,1.1296719009055424e-05,4.599505568646437e-06,8.558261018419208e-06,1.00669002807503e-05,1.4012796665938236e-05,1.2545792101503262e-05,1.3661119156041044e-05,5.631361571901194e-06,5.869306423604832e-06,6.202974825071111e-06,1.0123414208743874e-05,1.391936623294796e-05,1.9346222921910587e-05,1.2390039561001873e-05,1.4075111137150174e-05,1.1474296773508052e-05,9.356434215950234e-06,2.471414133379957e-07,1.2248906717377564e-05,7.76974153029634e-06,9.135335633053944e-06,8.201103620448153e-06,1.1191112782317296e-07,1.3452453216773314e-05,1.7469727046260224e-05,3.5492929281144675e-05,1.3785005494347894e-05,0.0001995206580933,0.0001936882325486,0.0002005053816139,0.0002060079125049,0.0002248294301333,0.0002239942919342,0.0002231822385864,0.0001669963422551,0.0001996512998999,0.0001869950624378,0.0001979153038421,0.0001886951209431,0.0001485503968109,0.0001369927980227,0.0002084708950517,2.459329800638186e-05,0.0001083144839612,-1.924392225974109e-05,7.142348883859578e-05,-2.8614699038051864e-05,7.154516110588114e-05,1.406871573773991e-05,0.0001131844014668,-2.2408253020394825e-07,-3.858574154936194e-06,-3.810616229034855e-05,-1.1758025579483306e-05,-0.00012882528233,-6.712364777490787e-05,-0.0001299108276331,-6.151209577290513e-05,-1.7076274946078583e-05,3.628780045066888e-05,1.0281496622032013e-07,-3.465204931098768e-07,-6.330532311446478e-08,-7.224136209386121e-07,-7.724355681259079e-08,-2.3683544512499045e-07,-4.6241115795433544e-08,-2.5422738064198008e-08,3.106174448301417e-07,2.1108525062278423e-08,2.0476009226656127e-08,1.223194800857997e-07,-7.438246030080605e-08,-6.627363564553649e-08,6.727745384612631e-07,2.085502704306958e-07,1.1970930093414664e-07,-5.18058278776167e-08,9.232747925132993e-08,-8.701311612838066e-08,1.101423203481172e-07,-7.46306700622336e-08,-7.877172444605201e-08,-4.1988400137073694e-08,-1.0058932055894322e-07,1.3343902089969852e-08,-6.206826661761744e-08,7.950862705224643e-08,-1.1216022096396817e-07,-1.627725487297499e-07,1.695311747738186e-08,-9.996463135756779e-08,-4.5005104221743364e-08,3.3623317539194514e-08,-2.319559455883667e-07,-1.1285530881241036e-08,-8.482940643848839e-08,-2.7908572363011833e-07,-2.1901782096073846e-07,-4.222564080880057e-09,-1.0042099151080813e-07,8.430527842579601e-09,-4.25095308062859e-08,-1.0218163346777145e-08,-2.3803735629364218e-08,-1.617038727616598e-08,-7.312247445633751e-09,1.7710482855956024e-07,-1.1696839025030396e-08,-1.6365978561786118e-07,-7.674766424396908e-08,-4.0371226771350425e-08,-2.3585800411397258e-08,-1.6737559593091546e-07,-4.834254316800907e-09,-1.5110067431624974e-08,-4.200000236193018e-09,-2.724005014898827e-07,-2.540524860220763e-09,-1.3170465360270217e-08,-7.382716644573606e-09,1.2298872889984048e-07,-1.256940621493986e-07,1.2830100544724571e-09,-1.6460502487446548e-08,-1.658161225459445e-07,3.040069303398606e-07,no movement,no movement,no movement,no movement
3949.9999999999864,-0.0021690835357507,0.3827561596090913,-0.3181694437730071,0.010823208868507,0.3974038199303381,-0.3087562534373008,0.0129944189021824,0.3971458487568332,-0.2965673449615129,0.0123166245770698,0.3971658172986692,-0.2999054927949574,-0.0068011332351361,0.4029691039986138,-0.3188350462314424,-0.0057524021657869,0.4016982243066249,-0.3305202065944383,-0.0021644693888802,0.3917292166364311,-0.3111377876789767,0.0632906322295652,0.3845517406744491,-0.2008140589672229,-0.0505098380716436,0.3464806996489128,-0.1935516438144605,0.0287212522531255,0.3735533974415528,-0.2665915840860957,-0.0006133067092439,0.3444998564090223,-0.2915772615782721,0.1357003816535378,0.2410259459600512,-0.0721232990692695,-0.0987029032772468,0.2871440174386253,-0.0065840944161686,0.1663831837964939,0.0702699038808345,-0.0268018823038858,-0.1324506339986875,0.0501213515221402,-0.0044141333784186,0.1678125242363272,-0.1225667099161791,-0.0195784266381386,-0.1495483893760895,-0.1223420798203039,-0.0730814699102039,0.162416358146003,-0.1629668189526495,-0.0226773748169892,-0.1332380058376265,-0.1623306002439201,-0.1142223851785836,0.1340315308910769,-0.1717667211014789,-0.0496046259026622,-0.1055932272247448,-0.1483400990222174,-0.1393730034015573,0.1590951266420025,-0.1495136588958261,-0.0296232942131702,-0.1338250239883062,-0.1284339524190324,-0.101587385,0.0749171088509463,-0.116579462325945,0.0240849589396588,-0.072564251641695,-0.1058949857961035,-0.0222469569733778,0.06779961660244,-0.4488820871223831,-0.0200124849538376,-0.0379173410276308,-0.3915073638904638,-0.011529836530898,0.0737874333895286,-0.7365400997286995,0.1430648667863552,-0.0735365197558453,-0.7136326162584846,0.149460188246422,0.0574734413270115,-0.7661291066499651,0.1615830305709307,-0.0761843385596767,-0.7413976700441473,0.1252044264906934,0.0372993406950442,-0.7897716493657687,0.0767706945038783,-0.0728161548475491,-0.7592843971848315,0.0199033940558917,kalt_g_ch1_g18_compr.mp4,ch1g18,1.0689328328297823e-05,2.0721518605056387e-05,1.2856628413625722e-05,2.3164163103775685e-05,8.866513357238976e-06,2.069617820419349e-05,1.2196406670212396e-05,5.656631796027284e-06,1.1516229609935838e-05,4.5640031137476925e-06,8.584863097465073e-06,1.0138813926285964e-05,1.401588724166307e-05,1.256151507179069e-05,1.4349673510013053e-05,5.802066478831935e-06,5.812948475417918e-06,6.128475226057316e-06,1.0155103132228613e-05,1.3907131463305602e-05,1.9234649021394143e-05,1.2400949229178604e-05,1.4076737573409763e-05,1.1496027024242397e-05,9.009004715637946e-06,2.514874126223478e-07,1.2248632545423267e-05,7.8370090653317e-06,9.198870884724957e-06,8.010403078395807e-06,1.2268999299966886e-07,1.340374756610045e-05,1.7252803181439004e-05,3.5118252042664115e-05,1.3575282155174016e-05,0.0002006732426921,0.0001951108697292,0.0002016948389313,0.0002072016286829,0.000226070202103,0.0002253176170992,0.0002242933578814,0.0001689645195882,0.0002004782408084,0.0001880332427624,0.0001988918441654,0.0001918633105499,0.0001471166300684,0.0001455454401945,0.0002084246877795,2.841988006389783e-05,0.0001074863348028,-1.523093412398868e-05,7.013854089817957e-05,-2.446592759847703e-05,6.868864627685746e-05,1.828704937135558e-05,0.0001116494433699,-3.206637214001085e-07,-3.7509503631842e-06,-3.646214849403154e-05,-9.302718091769166e-06,-0.0001250437599674,-6.562282722618712e-05,-0.0001259984297634,-6.039915235273095e-05,-1.1906229042477615e-05,3.94250687239532e-05,1.2946669479611354e-07,-4.745968565048021e-07,-3.9598138420197626e-08,-6.308952156681112e-07,-3.126480900372758e-07,-3.791822735540621e-07,-2.0576038322951495e-08,-1.0886396322431568e-07,2.481459084019963e-07,-2.4910134020955214e-08,1.574330138938359e-08,7.679748721566225e-08,-4.985395271980836e-08,-3.7298631185189844e-08,7.082937583864447e-07,1.6857709623456705e-07,-4.1672181107438664e-08,-9.791125085937918e-08,3.7457086386862536e-08,-6.514906061141836e-08,-6.051522932892045e-08,-4.3262320425144554e-08,-5.1811568328379125e-08,-1.680734358189051e-08,-3.253371493060754e-07,7.048803099324955e-09,-3.849524988602246e-08,6.330881875482808e-08,3.9078195089748514e-08,-2.2526312299491277e-07,1.3371800582157769e-08,-7.602436225484072e-08,-1.8093529837829698e-07,2.2689547354763072e-08,-1.126792238585398e-07,2.0404373624715788e-08,1.1996855757113556e-07,-2.42434283142023e-07,-1.274075287086875e-07,2.1962263270581257e-08,-8.522517889447204e-08,-6.15080898191097e-08,-4.5377730470483456e-08,-1.7296561542559483e-09,-4.473017044218984e-08,2.0714468368744613e-08,2.5399531283545813e-08,2.4364197616502312e-08,-4.5993490346502866e-08,-1.705068684844485e-07,-4.6494940339676565e-08,-5.41213455794675e-08,1.7820961980588525e-08,-1.5996571610866027e-07,2.8271096666547785e-08,2.3314215150578693e-08,2.131604120164235e-08,-2.311288852255371e-07,-5.9600896808365965e-09,1.939385175901861e-08,-1.503218843117891e-08,1.636070723842847e-07,-6.245578258084219e-08,-3.218291065235827e-09,2.5222515283295173e-08,-1.248077209817037e-07,1.6705880135326076e-07,no movement,no movement,no movement,no movement
3966.666666666653,-0.0021201905020698,0.3829569235029756,-0.3180547627736745,0.0108797022405814,0.3975988789456027,-0.3086450528973675,0.013049987240332,0.3973474832497824,-0.2964564542311458,0.0123705963188339,0.397372885797782,-0.2997966280961809,-0.006739183522117,0.4031949810283458,-0.3187180304944013,-0.0056916153942415,0.4019233761098332,-0.3303995470149055,-0.0021069696010562,0.3919533242876603,-0.3110212027083426,0.0633474785670856,0.3847198022600713,-0.2007329501251761,-0.0504121050915548,0.3466806877945622,-0.1934172643212459,0.0287576018804672,0.3737411209550539,-0.2664869839372637,-0.0005680164935998,0.3446984809998615,-0.2914457625408972,0.1356916539992641,0.2412157577760937,-0.0721701210284909,-0.0986578561836728,0.2872902293382305,-0.00621797741926,0.166572007016939,0.0704133052564477,-0.0267259057141193,-0.1327730119946857,0.0503294483743257,-0.0038554003431259,0.1679391923707375,-0.122538321696096,-0.019201327422855,-0.1498700700892867,-0.1222320726381898,-0.0723174770747868,0.1625170303369169,-0.1629813635725065,-0.0222309795486021,-0.1335099373690112,-0.1622570694468356,-0.1133587641896626,0.134162378642905,-0.1717900764302048,-0.0491421581853986,-0.1058984586405974,-0.1482676300845631,-0.1384944974438265,0.1592362700697288,-0.1494949968307872,-0.0292195984535039,-0.1341442324337418,-0.1283194687614814,-0.101544708,0.074919019067758,-0.1165797750633317,0.0240138756494475,-0.072565834990696,-0.1058987029040111,-0.0221866136260141,0.0678841297234899,-0.4489196877665183,-0.0200501282837152,-0.037843119075844,-0.391517546954693,-0.0113847491006066,0.0738600976021943,-0.7366678605188938,0.1429074263779014,-0.0733832364386922,-0.7137005755469487,0.1497024030969225,0.0575384682205593,-0.7662580746245529,0.1614235084485725,-0.0760290780032902,-0.7414605668411193,0.1254686587142751,0.0372064352979364,-0.7897851308088168,0.0766598407986726,-0.0727287383753408,-0.7592472139009273,0.0203025733124768,kalt_g_ch1_g18_compr.mp4,ch1g18,1.0830855630115375e-05,2.0136767417246695e-05,1.2866519043889746e-05,2.257874871886422e-05,8.460926561946492e-06,2.01809980986879e-05,1.222653371418505e-05,5.511451322341148e-06,1.1698049427842792e-05,4.507631319701331e-06,8.601826960748432e-06,1.0180618460682166e-05,1.4015962613058004e-05,1.2577026164615455e-05,1.4998154096237972e-05,5.936808374062895e-06,5.699627494399495e-06,6.047660986821991e-06,1.0155456502946655e-05,1.3891210387736898e-05,1.897417439185098e-05,1.241512393443796e-05,1.4075516756490756e-05,1.1513776779034244e-05,8.598844687889944e-06,2.527492047327633e-07,1.2244243200855267e-05,7.890458231850944e-06,9.262266361079347e-06,7.813473741042038e-06,1.3105530525940572e-07,1.3342481406485344e-05,1.6911503589444946e-05,3.4676984487250116e-05,1.3306893955754465e-05,0.0002019533929151,0.0001965997709709,0.0002029544639652,0.0002084456439661,0.0002273612742318,0.0002266966733306,0.0002254565606058,0.0001706721806409,0.000201233881801,0.0001890558453226,0.0001998800650053,0.0001943703911916,0.0001455105986524,0.0001533122491364,0.0002084922965878,3.2128024699432916e-05,0.000107803795237,-1.1119455473564895e-05,7.031064532381817e-05,-2.0075183136113513e-05,6.749440021698637e-05,2.2518844142013184e-05,0.0001114101930068,-4.125768037062361e-07,-3.63670165454159e-06,-3.530503835043772e-05,-7.194758385732847e-06,-0.0001224189505294,-6.507495861331496e-05,-0.0001233345006562,-6.029386530974969e-05,-7.349848350306427e-06,4.176363348929593e-05,1.3340182948055793e-07,-4.783286247875617e-07,-3.7729345964553383e-10,-3.842266688100404e-07,-4.705332874094957e-07,-4.17803443636743e-07,1.5983392822107134e-08,-1.6279069077422864e-07,1.360018115185827e-07,-6.234259694675797e-08,1.1904151953740693e-08,1.9555310633914993e-08,-6.926425747980198e-09,6.550692125775854e-09,5.935664199016272e-07,9.718541807592034e-08,-1.8600751154291366e-07,-1.1852535612561433e-07,-2.0217225333152084e-08,-2.13822803465862e-08,-1.9698351188630138e-07,3.9161477683411494e-09,-5.9316794861438175e-09,1.8195779385360953e-08,-4.6995093029065156e-07,-5.595749823757457e-10,-2.5513274535352443e-11,3.6958806158085046e-08,1.874446355264382e-07,-2.324818533583581e-07,6.959038477319492e-09,-2.820062568896669e-08,-2.584088591863752e-07,6.62815566891889e-10,3.5005669583874005e-08,4.2835965215419126e-08,2.955977258644889e-07,-1.4642248182259897e-07,-4.644906321836497e-09,3.8390236320283034e-08,-5.084434441169097e-08,-1.242077554852839e-07,-3.874120035066481e-08,3.4656338766331533e-09,-5.893748203832307e-08,4.8101987869035656e-08,4.771942278470617e-08,-1.4968090291533609e-07,-7.46381061237377e-08,-1.4049096428469589e-07,-6.904303858341427e-09,-5.849261373233696e-08,5.07055595580747e-08,-1.1663115352247715e-07,5.0361782012550694e-08,5.1580551441592246e-08,3.7903977259827055e-08,-1.3312953013995646e-07,-8.167050268921924e-09,4.3737689731537445e-08,-2.293088622141975e-08,1.6252814279689026e-07,1.4488166943359318e-08,-7.1755850062910064e-09,5.8440931938877764e-08,-5.4156502022904856e-08,3.339664813715934e-07,no movement,no movement,no movement,no movement
3983.3333333333194,-0.0020712974683888,0.38315768739686,-0.3179400817743419,0.0109361956126558,0.3977939379608673,-0.3085338523574343,0.0131055555784815,0.3975491177427316,-0.2963455635007787,0.012424568060598,0.3975799542968947,-0.2996877633974045,-0.006677233809098,0.4034208580580775,-0.3186010147573601,-0.005630828622696,0.4021485279130417,-0.3302788874353727,-0.0020494698132323,0.3921774319388894,-0.3109046177377086,0.0634043249046061,0.3848878638456935,-0.2006518412831294,-0.050314372111466,0.3468806759402116,-0.1932828848280312,0.0287939515078089,0.373928844468555,-0.2663823837884316,-0.0005227262779556,0.3448971055907007,-0.2913142635035224,0.1356829263449905,0.241405569592136,-0.0722169429877122,-0.0986128090900989,0.2874364412378357,-0.0058518604223515,0.1667608302373841,0.0705567066320608,-0.0266499291243529,-0.133095389990684,0.0505375452265112,-0.0032966673078331,0.1680658605051477,-0.1225099334760129,-0.0188242282075713,-0.1501917508024839,-0.1221220654560758,-0.0715534842393696,0.1626177025278308,-0.1629959081923633,-0.021784584280215,-0.1337818689003958,-0.1621835386497511,-0.1124951432007416,0.1342932263947332,-0.1718134317589306,-0.0486796904681349,-0.1062036900564501,-0.1481951611469087,-0.1376159914860956,0.1593774134974549,-0.1494763347657483,-0.0288159026938376,-0.1344634408791775,-0.1282049851039304,-0.0958631709,0.0749209292845698,-0.1165800878007183,0.0239427923592361,-0.0725674183396969,-0.1059024200119185,-0.0221262702786503,0.0679686428445398,-0.4489572884106536,-0.0200877716135928,-0.0377688971240572,-0.3915277300189221,-0.0112396616703151,0.0739327618148601,-0.7367956213090879,0.1427499859694475,-0.0732299531215391,-0.7137685348354126,0.1499446179474231,0.0576034951141071,-0.7663870425991404,0.1612639863262143,-0.0758738174469039,-0.7415234636380912,0.1257328909378569,0.0371135299008286,-0.7897986122518652,0.0765489870934668,-0.0726413219031326,-0.7592100306170235,0.0207017525690619,kalt_g_ch1_g18_compr.mp4,ch1g18,1.0918572872215544e-05,1.9638106475730648e-05,1.2872505654967675e-05,2.2153513732743367e-05,8.119428140607258e-06,1.9719989864921616e-05,1.2247884293265549e-05,5.3812280496266695e-06,1.1791998301706298e-05,4.4498662186989805e-06,8.605252973234316e-06,1.018397702574838e-05,1.401403250047782e-05,1.2588310425828704e-05,1.541515755595125e-05,5.999380295236953e-06,5.569998481123429e-06,5.986071769030416e-06,1.0128688815505648e-05,1.3877528458290965e-05,1.866329379882634e-05,1.2428528304470846e-05,1.40727905134685e-05,1.1523164075965432e-05,8.25789611330363e-06,2.509082559788609e-07,1.2238106920563248e-05,7.91578919474066e-06,9.30630418134577e-06,7.670830790824759e-06,1.347709066076515e-07,1.3289409749634324e-05,1.6565439948726146e-05,3.43033554876102e-05,1.3068404085406313e-05,0.0002029644625938,0.0001977027529,0.0002039009189087,0.0002093633836359,0.0002283108758719,0.0002277128505924,0.0002263186392166,0.0001716389197159,0.0002017028295109,0.0001897597188711,0.0002005836942798,0.0001955409560666,0.0001442340994695,0.0001580433004321,0.0002086294722745,3.462300472481151e-05,0.0001090131305894,-8.150491881581562e-06,7.169003095767334e-05,-1.67845737462582e-05,6.809414637265129e-05,2.5495957250182928e-05,0.000112359467744,-4.727253357888645e-07,-3.5509220524391477e-06,-3.492180214943657e-05,-6.030051209215614e-06,-0.0001215993024424,-6.552529687964991e-05,-0.0001225684511541,-6.11004947212926e-05,-4.7124278289167485e-06,4.269079743199813e-05,9.954466849637889e-08,-3.301716076828236e-07,3.783522469921994e-08,-2.9555673168957912e-08,-4.821467029144629e-07,-3.196182164005283e-07,4.663600668874321e-08,-1.6559380657188865e-07,-1.0022186933444148e-08,-7.904528883680357e-08,5.249906910283876e-09,-3.919747128160152e-08,3.6961488449992486e-08,4.7143678697445015e-08,3.112052305503588e-07,2.023343308599743e-09,-2.693359283683861e-07,-1.0430186871499629e-07,-6.781505618618662e-08,2.7651325850594193e-08,-2.545366026749814e-07,4.8145656487425675e-08,4.05276909655203e-08,4.741325152536781e-08,-4.69218340190256e-07,-7.565444051199837e-09,3.8011802136369485e-08,1.411514546999382e-09,2.799384179215967e-07,-1.7232900605098114e-07,-1.1024091760955824e-09,2.879976071942576e-08,-2.43200186084202e-07,-3.5646054670013614e-08,2.004208260624833e-07,4.8250332877596085e-08,4.151337781060519e-07,1.3914368270107664e-08,1.421444705662746e-07,3.7955335160782175e-08,4.007514590192522e-09,-1.6892974041120705e-07,-1.9759789134686946e-08,3.0555883138556294e-09,-6.29901064389004e-08,5.7170155339815234e-08,5.1363649784503294e-08,-3.3334715864536077e-07,-9.585693921773841e-08,-6.908454489597006e-08,3.8086462330619514e-08,-5.020083892265168e-08,6.558150224576533e-08,-3.5462660786880044e-08,5.3416291187682976e-08,6.051786780646325e-08,3.849600665932769e-08,2.5844494572201466e-08,-8.365935698264889e-09,5.17579126482838e-08,-3.106092186666625e-08,1.0627814547399707e-07,9.77285468271925e-08,-9.803044834169588e-09,7.471055102292406e-08,4.3720641736802534e-08,5.697277159207856e-07,no movement,no movement,no movement,no movement
3999.999999999986,-0.0020224044347078,0.3833584512907444,-0.3178254007750093,0.0109926889847303,0.3979889969761319,-0.308422651817501,0.0131611239166311,0.3977507522356808,-0.2962346727704116,0.0124785398023621,0.3977870227960074,-0.2995788986986281,-0.0066152840960789,0.4036467350878093,-0.318483999020319,-0.0055700418511506,0.4023736797162501,-0.3301582278558398,-0.0019919700254083,0.3924015395901186,-0.3107880327670745,0.0634611712421266,0.3850559254313158,-0.2005707324410827,-0.0502166391313771,0.347080664085861,-0.1931485053348165,0.0288303011351506,0.3741165679820561,-0.2662777836395996,-0.0004774360623115,0.3450957301815399,-0.2911827644661475,0.1356741986907168,0.2415953814081785,-0.0722637649469336,-0.0985677619965248,0.2875826531374409,-0.0054857434254429,0.1669496534578292,0.0707001080076739,-0.0265739525345865,-0.1334177679866822,0.0507456420786966,-0.0027379342725403,0.168192528639558,-0.1224815452559298,-0.0184471289922877,-0.1505134315156811,-0.1220120582739617,-0.0707894914039525,0.1627183747187446,-0.1630104528122203,-0.0213381890118279,-0.1340538004317805,-0.1621100078526667,-0.1116315222118205,0.1344240741465613,-0.1718367870876566,-0.0482172227508713,-0.1065089214723027,-0.1481226922092543,-0.1367374855283648,0.1595185569251812,-0.1494576727007093,-0.0284122069341713,-0.1347826493246132,-0.1280905014463794,-0.0938025,0.0749228395013816,-0.1165804005381049,0.0238717090690248,-0.0725690016886979,-0.1059061371198261,-0.0220659269312866,0.0680531559655897,-0.4489948890547888,-0.0201254149434705,-0.0376946751722705,-0.3915379130831513,-0.0110945742400237,0.0740054260275258,-0.7369233820992822,0.1425925455609937,-0.0730766698043861,-0.7138364941238766,0.1501868327979237,0.0576685220076548,-0.7665160105737281,0.1611044642038561,-0.0757185568905175,-0.7415863604350632,0.1259971231614386,0.0370206245037208,-0.7898120936949133,0.076438133388261,-0.0725539054309243,-0.7591728473331193,0.021100931825647,kalt_g_ch1_g18_compr.mp4,ch1g18,1.090329703200907e-05,1.9469535891445893e-05,1.286927795054234e-05,2.2094453675482363e-05,8.011182868750292e-06,1.9537346420863057e-05,1.224749192626004e-05,5.327797304075197e-06,1.1741989483263505e-05,4.416633395710106e-06,8.589490408895671e-06,1.0142738848541638e-05,1.4008435602214098e-05,1.258757450031277e-05,1.537366560911456e-05,5.951847178119522e-06,5.481327712730251e-06,5.9741387584204454e-06,1.0083756077730644e-05,1.38705034693751e-05,1.844760062793093e-05,1.2432650532909066e-05,1.4067160955481014e-05,1.1516794216929684e-05,8.155282320195236e-06,2.4645471450882025e-07,1.2230756772767336e-05,7.89626128853493e-06,9.30459404652688e-06,7.65390649688984e-06,1.315956455348484e-07,1.3268847504858322e-05,1.638056553075741e-05,3.41456914945945e-05,1.2968838280943237e-05,0.0002031471770241,0.0001978089126438,0.0002040030820148,0.0002094333016725,0.0002283704271581,0.0002277853164111,0.0002263778274964,0.000171292918335,0.0002015811138613,0.0001897283481741,0.0002005842496322,0.0001946381748681,0.0001438657776398,0.0001571514593253,0.0002086685664436,3.462702536574827e-05,0.0001105079706085,-7.804214344400188e-06,7.362092510934822e-05,-1.6221009995096303e-05,7.023724263527332e-05,2.5710236982871216e-05,0.00011402896336,-4.696763437737703e-07,-3.5353470380975346e-06,-3.5539928473544454e-05,-6.452973714461354e-06,-0.000123080513802,-6.680506195359744e-05,-0.0001241790977507,-6.247081975206372e-05,-5.44145169647603e-06,4.161142994202715e-05,9.88257407740727e-09,-6.215440395339222e-09,5.327840438958285e-08,3.6720934450219267e-07,-2.6868132022729416e-07,-5.3311273104388034e-08,4.9541700336600396e-08,-9.30455386598533e-08,-1.6818398769309765e-07,-6.078454845855673e-08,-8.914677811448025e-09,-8.697609299013162e-08,5.876114564651182e-08,6.07731129129825e-08,-1.5263037960030962e-07,-1.0716104617915228e-07,-2.398184358975996e-07,-4.554296642321401e-08,-8.999810912429923e-08,5.966661402938449e-08,-1.852269431501234e-07,6.50260279487403e-08,6.339771288621485e-08,5.0623522956625435e-08,-2.4868278133106744e-07,-1.158787033898133e-08,5.5519706894409355e-08,-4.1838628111634915e-08,2.513007955035384e-07,-3.327433548731863e-08,-9.24721625782849e-09,7.503500178858508e-08,-1.0069434274974504e-07,-8.965381917278504e-08,3.712517525047669e-07,2.7908448151635383e-08,4.4940476817001627e-07,2.4218195171000144e-07,3.0475219561637184e-07,1.2690230637077917e-08,8.022593087976818e-08,-1.83318130446235e-07,1.4657883994982584e-08,-5.508292490104115e-09,-5.3009716492176585e-08,3.790450768003652e-08,2.7002967534605777e-08,-5.127313283321812e-07,-1.0795518423184212e-07,4.735648486585706e-08,8.344301674242376e-08,-2.562980601759261e-08,5.1598473179045174e-08,8.568262095644795e-08,2.8455117081842282e-08,3.9726635372506424e-08,1.5079057053067376e-08,2.486825847337421e-07,-5.646627910909104e-09,3.415623285822736e-08,-3.94123796501485e-08,-1.891150938770696e-08,1.7801251002256325e-07,-1.0179046578859732e-08,6.452732205861637e-08,1.6606537025131165e-07,7.773282833621695e-07,no movement,no movement,no movement,no movement
4016.666666666653,-0.0019735114010269,0.3835592151846287,-0.3177107197756767,0.0110491823568048,0.3981840559913965,-0.3083114512775677,0.0132166922547807,0.3979523867286299,-0.2961237820400446,0.0125325115441263,0.3979940912951201,-0.2994700339998517,-0.0065533343830599,0.4038726121175411,-0.3183669832832778,-0.0055092550796052,0.4025988315194584,-0.3300375682763071,-0.0019344702375843,0.3926256472413478,-0.3106714477964405,0.063518017579647,0.385223987016938,-0.200489623599036,-0.0501189061512883,0.3472806522315104,-0.1930141258416018,0.0288666507624923,0.3743042914955571,-0.2661731834907676,-0.0004321458466675,0.345294354772379,-0.2910512654287727,0.1356654710364431,0.2417851932242209,-0.0723105869061549,-0.0985227149029509,0.2877288650370461,-0.0051196264285343,0.1671384766782743,0.0708435093832871,-0.0264979759448201,-0.1337401459826804,0.0509537389308822,-0.0021792012372476,0.1683191967739682,-0.1224531570358466,-0.018070029777004,-0.1508351122288782,-0.1219020510918477,-0.0700254985685354,0.1628190469096585,-0.1630249974320772,-0.0208917937434408,-0.1343257319631653,-0.1620364770555822,-0.1107679012228995,0.1345549218983896,-0.1718601424163825,-0.0477547550336077,-0.1068141528881553,-0.1480502232716,-0.135858979570634,0.1596597003529073,-0.1494390106356704,-0.028008511174505,-0.1351018577700488,-0.1279760177888283,-0.0867751166,0.0749247497181933,-0.1165807132754916,0.0238006257788134,-0.0725705850376989,-0.1059098542277336,-0.0220055835839228,0.0681376690866396,-0.4490324896989241,-0.0201630582733481,-0.0376204532204838,-0.3915480961473805,-0.0109494868097323,0.0740780902401915,-0.7370511428894762,0.1424351051525399,-0.0729233864872331,-0.7139044534123405,0.1504290476484242,0.0577335489012027,-0.7666449785483157,0.160944942081498,-0.0755632963341312,-0.7416492572320353,0.1262613553850204,0.0369277191066129,-0.7898255751379616,0.0763272796830552,-0.0724664889587161,-0.7591356640492155,0.0215001110822321,kalt_g_ch1_g18_compr.mp4,ch1g18,1.072746367910886e-05,1.992898055574427e-05,1.2848344544585087e-05,2.2635976915274545e-05,8.34339587868107e-06,1.9910550744895165e-05,1.220785036024724e-05,5.42708829778578e-06,1.1486029637058708e-05,4.4403079884819925e-06,8.547137450713383e-06,1.0052939241366528e-05,1.3994839594495189e-05,1.2563246631981126e-05,1.4611045054415744e-05,5.754545856598543e-06,5.507492742927252e-06,6.047184664802484e-06,1.003435581066414e-05,1.3873045557754837e-05,1.851978688484121e-05,1.241450237932536e-05,1.4054490477729e-05,1.148425976763259e-05,8.497307984599746e-06,2.4038741030938146e-07,1.2220890657018103e-05,7.812693017415344e-06,9.223573239399336e-06,7.845050215091112e-06,1.192833770166152e-07,1.3308669479072882e-05,1.656917520003964e-05,3.4410354933749415e-05,1.3148860768908907e-05,0.0002017796329657,0.0001961486278309,0.000202582047597,0.0002079888807543,0.0002268345390078,0.0002261710158766,0.0002249838005535,0.0001689709452392,0.0002004761880656,0.0001884318540115,0.0001993410384303,0.0001908637937841,0.0001450611264967,0.0001477123807199,0.0002083185315057,3.067922426184787e-05,0.000111329309466,-1.1799959281631724e-05,7.50415535558847e-05,-2.029620491970108e-05,7.329068134130992e-05,2.141352271362063e-05,0.0001155892540452,-3.6766032124597524e-07,-3.6383535505272865e-06,-3.7327424197925e-05,-9.156375458116832e-06,-0.0001272055323734,-6.853143874860959e-05,-0.0001284746625904,-6.380413865414414e-05,-1.1126593429968553e-05,3.7947967114017295e-05,-1.565340275314145e-07,5.138164163900539e-07,1.895220934579539e-08,7.213992235021632e-07,2.58724447286993e-07,4.106672847612265e-07,-2.1785611640153355e-09,8.17005427347103e-08,-3.107920511250641e-07,8.763371774729771e-09,-3.6271436342929475e-08,-1.0902060178801977e-07,2.9813889551053595e-08,1.8155219128632296e-08,-8.08234257959859e-07,-2.185196939647005e-07,-3.7737804761911854e-08,6.78007201970245e-08,-6.897018977414487e-08,4.6729195103845015e-08,6.211465912887325e-08,2.4515984616323623e-08,3.2680977110296656e-08,2.991211155442829e-09,2.753566183121494e-07,-9.780774413319316e-09,2.7633363175468976e-08,-9.075569116921492e-08,2.4014957153409892e-08,1.9564291573445645e-07,-1.5527490188396752e-08,8.532832477561292e-08,2.041129428993093e-07,-1.650048127294916e-07,5.335473714420708e-07,-2.790883486841317e-08,3.6699112414029537e-07,5.406269497029438e-07,4.738870317834448e-07,-4.6233715653389345e-08,1.7831596734155418e-07,-1.533998260338167e-07,6.785442936126564e-08,-2.5010889398243322e-08,-2.4675221873524484e-08,-2.090186542750184e-08,-3.573733618830585e-08,-6.717102438836151e-07,-1.0931697751171708e-07,2.115927872464041e-07,1.230344592769221e-07,1.9168722941171516e-08,-3.457671296022902e-09,2.491811620386507e-07,-3.445924399165171e-08,-2.242112997069804e-08,-4.1305214974073596e-08,5.369166011849143e-07,1.015638282846395e-09,-1.9560789031688142e-08,-4.7983316286956586e-08,-2.2710420673118057e-07,2.442436020292916e-07,-7.24616923486142e-09,1.736734054869496e-08,3.097778960220575e-07,9.342656651887516e-07,no movement,no movement,no movement,no movement
4033.333333333319,-0.0019246183673459,0.3837599790785131,-0.3175960387763441,0.0111056757288792,0.3983791150066611,-0.3082002507376345,0.0132722605929302,0.3981540212215791,-0.2960128913096775,0.0125864832858903,0.3982011597942329,-0.2993611693010753,-0.0064913846700409,0.404098489147273,-0.3182499675462367,-0.0054484683080597,0.4028239833226669,-0.3299169086967742,-0.0018769704497603,0.3928497548925769,-0.3105548628258065,0.0635748639171675,0.3853920486025603,-0.2004085147569893,-0.0500211731711994,0.3474806403771598,-0.1928797463483871,0.028903000389834,0.3744920150090582,-0.2660685833419355,-0.0003868556310233,0.3454929793632182,-0.2909197663913978,0.1356567433821695,0.2419750050402634,-0.0723574088653763,-0.098477667809377,0.2878750769366513,-0.0047535094316258,0.1673272998987194,0.0709869107589003,-0.0264219993550537,-0.1340625239786787,0.0511618357830677,-0.0016204682019548,0.1684458649083783,-0.1224247688157635,-0.0176929305617204,-0.1511567929420753,-0.1217920439097336,-0.0692615057331182,0.1629197191005724,-0.1630395420519342,-0.0204453984750537,-0.13459766349455,-0.1619629462584977,-0.1099042802339785,0.1346857696502177,-0.1718834977451084,-0.0472922873163441,-0.107119384304008,-0.1479777543339456,-0.1349804736129032,0.1598008437806336,-0.1494203485706315,-0.0276048154148387,-0.1354210662154844,-0.1278615341312774,-0.0792761,0.0749266599350051,-0.1165810260128782,0.0237295424886021,-0.0725721683866999,-0.1059135713356411,-0.0219452402365591,0.0682221822076895,-0.4490700903430594,-0.0202007016032258,-0.037546231268697,-0.3915582792116097,-0.0108043993794408,0.0741507544528572,-0.7371789036796705,0.142277664744086,-0.0727701031700801,-0.7139724127008046,0.1506712624989248,0.0577985757947505,-0.7667739465229032,0.1607854199591398,-0.0754080357777448,-0.7417121540290073,0.1265255876086022,0.0368348137095051,-0.78983905658101,0.0762164259778494,-0.0723790724865079,-0.7590984807653113,0.0218992903388172,kalt_g_ch1_g18_compr.mp4,ch1g18,1.0325126975329977e-05,2.1368290140391817e-05,1.279803296135578e-05,2.4040904658437392e-05,9.361312659481388e-06,2.1170375875815535e-05,1.2106913570578442e-05,5.769124128765128e-06,1.0956218840443344e-05,4.559714687539816e-06,8.469041190676258e-06,9.912799601775188e-06,1.3966241131486252e-05,1.249997666377846e-05,1.2829047769269e-05,5.366085062684499e-06,5.73898240198835e-06,6.245423722059505e-06,9.998927048566103e-06,1.3886557202553903e-05,1.9119643195298933e-05,1.235661916923337e-05,1.4027901759475835e-05,1.1412140557591628e-05,9.52745913027075e-06,2.3421385520584278e-07,1.2205371304196556e-05,7.64346205521099e-06,9.022506624513774e-06,8.337528387990353e-06,9.558296251374445e-08,1.344031037679815e-05,1.7389905414100423e-05,3.546231660757203e-05,1.381126422893742e-05,0.0001979772986427,0.0001917935565915,0.0001988111260288,0.0002042186322582,0.0002228410131208,0.0002219646716416,0.0002213376748215,0.0001639183563885,0.0001979069286274,0.0001852269931761,0.0001961911577672,0.0001833581354975,0.0001485524875871,0.0001264645091795,0.000207164920678,2.1135671466605943e-05,0.0001101655057562,-2.2096228536137338e-05,7.448414054176544e-05,-3.120667402803336e-05,7.623908927225102e-05,1.0617644902511042e-05,0.000115849792402,-1.2657122924973277e-07,-3.914959986528815e-06,-4.039281449038883e-05,-1.4881578401231718e-05,-0.000134164555591,-7.010757716318397e-05,-0.000135592773468,-6.424726876698807e-05,-2.349971576519474e-05,3.114041174726915e-05,-4.2359164607403786e-07,1.2465666765084551e-06,-9.738242129663293e-08,9.295840691812952e-07,1.1989867565734893e-06,1.1001019354743636e-06,-1.404427447321337e-07,3.881095252000269e-07,-4.042053972196795e-07,1.4801230580401136e-07,-8.34887928766482e-08,-8.829585780869726e-08,-8.414894818982292e-08,-1.1557033832629063e-07,-1.6623535294143152e-06,-3.1810456909102145e-07,4.0450142808968363e-07,2.4613010783600036e-07,1.5522793563032954e-08,-4.474456514716516e-08,5.418790304983902e-07,-1.0906685079833148e-07,-8.744850455313262e-08,-1.249328990440188e-07,1.1958450051160437e-06,1.1670688224221684e-09,-7.527991521637915e-08,-1.427622412953286e-07,-4.916939725947736e-07,5.2481401683253e-07,-1.7612771929094492e-08,2.9267979376479332e-08,7.066152787055665e-07,-2.655709490994394e-07,6.717200210096074e-07,-1.2990077953483874e-07,1.3422564831051446e-07,9.10137040086734e-07,6.391749113167585e-07,-1.485064513607376e-07,2.983922169760037e-07,-6.3584542211492e-08,1.4342368679247405e-07,-5.84734644890397e-08,2.6777230914565603e-08,-1.316483215161567e-07,-1.4827744108254117e-07,-7.91940810356678e-07,-9.840539714536283e-08,4.255015915527807e-07,1.496333312185966e-07,8.847500873748398e-08,-1.1316490162269192e-07,4.576430442637038e-07,-1.4622229229605485e-07,-1.387818675713066e-07,-1.4056042390525972e-07,8.907208697834308e-07,1.2760275204446956e-08,-1.210817441565472e-07,-5.677976092404068e-08,-5.326581266390257e-07,2.834817608951133e-07,1.888052388134671e-10,-7.831315202454122e-08,4.714169840980217e-07,1.0486269592417069e-06,no movement,no movement,no movement,no movement
