time,X_NOSE,Y_NOSE,Z_NOSE,X_LEFT_EYE_INNER,Y_LEFT_EYE_INNER,Z_LEFT_EYE_INNER,X_LEFT_EYE,Y_LEFT_EYE,Z_LEFT_EYE,X_LEFT_EYE_OUTER,Y_LEFT_EYE_OUTER,Z_LEFT_EYE_OUTER,X_RIGHT_EYE_OUTER,Y_RIGHT_EYE_OUTER,Z_RIGHT_EYE_OUTER,X_RIGHT_EYE,Y_RIGHT_EYE,Z_RIGHT_EYE,X_RIGHT_EYE_OUTER.1,Y_RIGHT_EYE_OUTER.1,Z_RIGHT_EYE_OUTER.1,X_LEFT_EAR,Y_LEFT_EAR,Z_LEFT_EAR,X_RIGHT_EAR,Y_RIGHT_EAR,Z_RIGHT_EAR,X_MOUTH_LEFT,Y_MOUTH_LEFT,Z_MOUTH_LEFT,X_MOUTH_RIGHT,Y_MOUTH_RIGHT,Z_MOUTH_RIGHT,X_LEFT_SHOULDER,Y_LEFT_SHOULDER,Z_LEFT_SHOULDER,X_RIGHT_SHOULDER,Y_RIGHT_SHOULDER,Z_RIGHT_SHOULDER,X_LEFT_ELBOW,Y_LEFT_ELBOW,Z_LEFT_ELBOW,X_RIGHT_ELBOW,Y_RIGHT_ELBOW,Z_RIGHT_ELBOW,X_LEFT_WRIST,Y_LEFT_WRIST,Z_LEFT_WRIST,X_RIGHT_WRIST,Y_RIGHT_WRIST,Z_RIGHT_WRIST,X_LEFT_PINKY,Y_LEFT_PINKY,Z_LEFT_PINKY,X_RIGHT_PINKY,Y_RIGHT_PINKY,Z_RIGHT_PINKY,X_LEFT_INDEX,Y_LEFT_INDEX,Z_LEFT_INDEX,X_RIGHT_INDEX,Y_RIGHT_INDEX,Z_RIGHT_INDEX,X_LEFT_THUMB,Y_LEFT_THUMB,Z_LEFT_THUMB,X_RIGHT_THUMB,Y_RIGHT_THUMB,Z_RIGHT_THUMB,X_LEFT_HIP,Y_LEFT_HIP,Z_LEFT_HIP,X_RIGHT_HIP,Y_RIGHT_HIP,Z_RIGHT_HIP,X_LEFT_KNEE,Y_LEFT_KNEE,Z_LEFT_KNEE,X_RIGHT_KNEE,Y_RIGHT_KNEE,Z_RIGHT_KNEE,X_LEFT_ANKLE,Y_LEFT_ANKLE,Z_LEFT_ANKLE,X_RIGHT_ANKLE,Y_RIGHT_ANKLE,Z_RIGHT_ANKLE,X_LEFT_HEEL,Y_LEFT_HEEL,Z_LEFT_HEEL,X_RIGHT_HEEL,Y_RIGHT_HEEL,Z_RIGHT_HEEL,X_LEFT_FOOT_INDEX,Y_LEFT_FOOT_INDEX,Z_LEFT_FOOT_INDEX,X_RIGHT_FOOT_INDEX,Y_RIGHT_FOOT_INDEX,Z_RIGHT_FOOT_INDEX,fileID,participantID,LEFT_EAR_speed2D,RIGHT_WRIST_speed2D,LEFT_EYE_OUTER_speed2D,RIGHT_ELBOW_speed2D,LEFT_HEEL_speed2D,RIGHT_THUMB_speed2D,LEFT_EYE_INNER_speed2D,LEFT_KNEE_speed2D,LEFT_SHOULDER_speed2D,RIGHT_KNEE_speed2D,LEFT_THUMB_speed2D,RIGHT_HEEL_speed2D,RIGHT_EYE_speed2D,LEFT_EYE_speed2D,LEFT_ELBOW_speed2D,RIGHT_FOOT_INDEX_speed2D,LEFT_FOOT_INDEX_speed2D,LEFT_PINKY_speed2D,RIGHT_ANKLE_speed2D,RIGHT_EYE_OUTER.1_speed2D,RIGHT_INDEX_speed2D,NOSE_speed2D,RIGHT_EYE_OUTER_speed2D,MOUTH_LEFT_speed2D,LEFT_ANKLE_speed2D,RIGHT_HIP_speed2D,MOUTH_RIGHT_speed2D,LEFT_WRIST_speed2D,RIGHT_SHOULDER_speed2D,LEFT_INDEX_speed2D,LEFT_HIP_speed2D,RIGHT_EAR_speed2D,RIGHT_PINKY_speed2D,ARM_TOTAL_speed2D,LEG_TOTAL_speed2D,Y_NOSE_velocity,Y_LEFT_EYE_INNER_velocity,Y_LEFT_EYE_velocity,Y_LEFT_EYE_OUTER_velocity,Y_RIGHT_EYE_OUTER_velocity,Y_RIGHT_EYE_velocity,Y_RIGHT_EYE_OUTER.1_velocity,Y_LEFT_EAR_velocity,Y_RIGHT_EAR_velocity,Y_MOUTH_LEFT_velocity,Y_MOUTH_RIGHT_velocity,Y_LEFT_SHOULDER_velocity,Y_RIGHT_SHOULDER_velocity,Y_LEFT_ELBOW_velocity,Y_RIGHT_ELBOW_velocity,Y_LEFT_WRIST_velocity,Y_RIGHT_WRIST_velocity,Y_LEFT_PINKY_velocity,Y_RIGHT_PINKY_velocity,Y_LEFT_INDEX_velocity,Y_RIGHT_INDEX_velocity,Y_LEFT_THUMB_velocity,Y_RIGHT_THUMB_velocity,Y_LEFT_HIP_velocity,Y_RIGHT_HIP_velocity,Y_LEFT_KNEE_velocity,Y_RIGHT_KNEE_velocity,Y_LEFT_ANKLE_velocity,Y_RIGHT_ANKLE_velocity,Y_LEFT_HEEL_velocity,Y_RIGHT_HEEL_velocity,Y_LEFT_FOOT_INDEX_velocity,Y_RIGHT_FOOT_INDEX_velocity,LEFT_EAR_acceleration2D,RIGHT_WRIST_acceleration2D,LEFT_EYE_OUTER_acceleration2D,RIGHT_ELBOW_acceleration2D,LEFT_HEEL_acceleration2D,RIGHT_THUMB_acceleration2D,LEFT_EYE_INNER_acceleration2D,LEFT_KNEE_acceleration2D,LEFT_SHOULDER_acceleration2D,RIGHT_KNEE_acceleration2D,LEFT_THUMB_acceleration2D,RIGHT_HEEL_acceleration2D,RIGHT_EYE_acceleration2D,LEFT_EYE_acceleration2D,LEFT_ELBOW_acceleration2D,RIGHT_FOOT_INDEX_acceleration2D,LEFT_FOOT_INDEX_acceleration2D,LEFT_PINKY_acceleration2D,RIGHT_ANKLE_acceleration2D,RIGHT_EYE_OUTER.1_acceleration2D,RIGHT_INDEX_acceleration2D,NOSE_acceleration2D,RIGHT_EYE_OUTER_acceleration2D,MOUTH_LEFT_acceleration2D,LEFT_ANKLE_acceleration2D,RIGHT_HIP_acceleration2D,MOUTH_RIGHT_acceleration2D,LEFT_WRIST_acceleration2D,RIGHT_SHOULDER_acceleration2D,LEFT_INDEX_acceleration2D,LEFT_HIP_acceleration2D,RIGHT_EAR_acceleration2D,RIGHT_PINKY_acceleration2D,LEFT_EAR_jerk2D,RIGHT_WRIST_jerk2D,LEFT_EYE_OUTER_jerk2D,RIGHT_ELBOW_jerk2D,LEFT_HEEL_jerk2D,RIGHT_THUMB_jerk2D,LEFT_EYE_INNER_jerk2D,LEFT_KNEE_jerk2D,LEFT_SHOULDER_jerk2D,RIGHT_KNEE_jerk2D,LEFT_THUMB_jerk2D,RIGHT_HEEL_jerk2D,RIGHT_EYE_jerk2D,LEFT_EYE_jerk2D,LEFT_ELBOW_jerk2D,RIGHT_FOOT_INDEX_jerk2D,LEFT_FOOT_INDEX_jerk2D,LEFT_PINKY_jerk2D,RIGHT_ANKLE_jerk2D,RIGHT_EYE_OUTER.1_jerk2D,RIGHT_INDEX_jerk2D,NOSE_jerk2D,RIGHT_EYE_OUTER_jerk2D,MOUTH_LEFT_jerk2D,LEFT_ANKLE_jerk2D,RIGHT_HIP_jerk2D,MOUTH_RIGHT_jerk2D,LEFT_WRIST_jerk2D,RIGHT_SHOULDER_jerk2D,LEFT_INDEX_jerk2D,LEFT_HIP_jerk2D,RIGHT_EAR_jerk2D,RIGHT_PINKY_jerk2D,ARM_TOTAL_jerk2D,arms,lower_body,upper_body,head_mov
0.0,0.0190371471711709,0.3268329311846172,-0.2917000004752689,0.0284627612073981,0.3448592389587776,-0.2819756427526882,0.0313495823438446,0.3447507668344991,-0.2708889379419356,0.0304993493334907,0.344777875553755,-0.2760331273806452,0.0108994573187585,0.3532751528699036,-0.3025687475763441,0.012190408541952,0.3514200248855926,-0.3152925056580645,0.0157741107327356,0.3416756796862713,-0.2952411194451614,0.0541055849079131,0.3483798737644664,-0.1709143467505377,-0.057064142740662,0.3100968382815327,-0.2062260780430108,0.0402505404106924,0.3254656742296767,-0.2369556631161291,0.0098059326573674,0.2963649549231074,-0.2750985396838711,0.1195789086994875,0.231320748855979,-0.0313161723133333,-0.1234382649376053,0.2671684469815021,-0.0493630895645161,0.1588000705836816,0.068299487018906,-0.0270204098484967,-0.1742430266456407,0.028545520932969,-0.0888446875404301,0.1574372888297906,-0.0865874834528209,-0.0845638615698924,-0.1216377230549927,-0.1090772298914023,-0.1525963045569893,0.1458506441743033,-0.1268747878064408,-0.096362101428172,-0.0835054605723664,-0.1472062675400588,-0.1996998181956989,0.1147374705938668,-0.1262929525332245,-0.114534268355914,-0.0446881178958515,-0.1136584151327794,-0.2147385930064516,0.1476436406593836,-0.1098095126552806,-0.0933153267464516,-0.1002779697406925,-0.1043450912083739,-0.153597131,0.0752735542431535,-0.1658410948272534,0.0540705845623656,-0.0723711106024082,-0.1642664412376755,-0.0527940452258064,0.0688529960031479,-0.4947969207372814,0.068093356196129,-0.0688081093197323,-0.434850696746217,-0.0754944573941935,0.0567655591881791,-0.7677961152075976,0.2455165219182795,-0.1363458438401528,-0.770178178475352,0.0467628439744086,0.0405108578576306,-0.796829669906853,0.2659213483376345,-0.1413966227691214,-0.7988147144491274,0.0181919038634408,0.0909129167897831,-0.8187240788528668,0.2282470943419355,-0.1343467083933768,-0.8233956339896183,-0.0691611316550537,nijmegen_nijmegen_rennen_g_ch1_g11_compr.mp4,ch1g11,2.9868655879866468e-06,2.652676344496913e-06,1.1626280390544584e-06,3.6006770610298022e-06,1.5013709802306684e-06,2.457738823255048e-06,1.1909941745883586e-06,2.2589769925950104e-06,1.976866653026065e-06,4.525485398107872e-07,5.669595212958636e-06,5.68358637706201e-07,1.018958503351356e-06,1.157426983926666e-06,2.8312991798282182e-06,2.4339141212374652e-06,1.6373352384352952e-06,5.137417274257761e-06,-1.6272052683569548e-07,1.1209924746626584e-06,4.214050879234595e-06,9.108789371937904e-07,1.0152218918999455e-06,8.795326512545697e-07,1.6360920853853368e-06,5.09918474423509e-07,1.1448797315242629e-06,4.43147531633016e-06,3.765277161293588e-06,7.356123068321082e-06,5.282982183171596e-07,2.8092012411699164e-06,4.14845181861966e-06,6.903317724936261e-06,1.6441640069391577e-06,-3.1965989444142034e-06,-7.919460713549426e-06,-8.002023482825904e-06,-8.634247932710621e-06,-5.291867242120937e-06,-5.322205787064307e-06,-4.91200475309667e-06,-1.8011736035699638e-05,-1.0882525742560498e-05,-5.4623789911837e-06,-6.53214037168893e-06,7.446257118738392e-06,6.96842810092432e-06,3.868000729484016e-05,5.122168041253999e-05,4.8236636194192e-05,3.987808641003112e-05,6.232568692825866e-05,6.588422008200933e-05,6.203280498628407e-05,6.785013547358078e-05,5.17448599443011e-05,3.682393198849636e-05,7.132528594116663e-06,-7.641053185960055e-06,2.8832854943703375e-05,2.7369977096072988e-06,1.3425959169759567e-06,-1.8186052596100689e-06,-5.847888078476085e-06,-6.701978682329614e-06,1.7400498743216918e-05,-5.028884970106378e-06,3.2841633625615364e-06,1.7193010236415705e-06,1.6607331791584523e-06,2.5294192272288487e-06,1.5597179551807603e-06,1.5705632163421662e-06,1.6728239002031162e-06,2.2232050548802016e-06,2.6706797706531316e-06,3.1709320227103864e-07,3.6888452723707023e-06,4.940495480716451e-07,1.3267017882401932e-06,1.6226539395786017e-06,1.7793325363349106e-06,1.0839598865362704e-06,1.013115535065548e-06,3.324222721502441e-06,5.066753717232985e-07,1.3879486769432297e-06,2.960784250307483e-06,1.185979850139401e-06,1.306375996695707e-06,1.252534320815391e-06,1.769973600722654e-06,3.1233437993732665e-07,1.3852515455494063e-06,2.8119056908774323e-06,2.6406804296333185e-06,4.742600504322474e-06,3.064057135360791e-07,2.739709628229594e-06,2.859909486595252e-06,1.5667159223035966e-08,2.230202171035011e-07,-3.540034079246889e-08,2.0829330911390013e-07,2.039900566644173e-08,2.168328359486845e-07,-1.9918696731977812e-08,2.357726303506876e-09,-2.8285918839178622e-08,-1.0373043908623302e-08,4.685300451021078e-07,1.0655133027803493e-07,-1.321369745568518e-09,-2.5770158775007697e-08,2.29574401835158e-07,1.730844069225471e-07,-8.817784272523167e-09,4.2844706579405394e-07,2.40020927379531e-09,2.3081211848765386e-08,3.2394888160567996e-07,-1.2380083341002336e-08,1.5017363475622426e-09,-2.4073692584384136e-08,-2.0447852126640364e-08,3.4639814647386426e-08,2.345707643620734e-08,3.93434458686001e-07,2.2811163969576166e-07,5.859744544562463e-07,3.763882362787719e-08,5.7556181008957616e-08,3.2019655784641697e-07,5.482875150119951e-07,no movement,no movement,no movement,no movement
16.666666666666668,0.0190206904601909,0.3267542193223938,-0.2916365281896182,0.0285051824476766,0.3447573619703961,-0.2819033476685948,0.0313782729030784,0.3446478933684451,-0.2708231484424918,0.0305236833569384,0.3446724420912677,-0.2759630375888766,0.0109206463418245,0.353187952489784,-0.3024936120446422,0.0122114323417773,0.3513318943048061,-0.3152068328885428,0.0158198680013724,0.3415893256254327,-0.2951648634489434,0.0543084388554372,0.3482488480377074,-0.1708258267447535,-0.0568753632152327,0.3099979324726211,-0.2060801684561365,0.0402556712520642,0.3253837228781762,-0.2368896633632926,0.0098607802610817,0.296282800407278,-0.2750171488573972,0.1197584795475992,0.2313307154874946,-0.0310033951326437,-0.1231895263197434,0.2671815462624644,-0.0492628968793771,0.1589294456296208,0.0684245057252654,-0.0262104894444004,-0.1740964811324833,0.0287331204294913,-0.0884041848578717,0.1576602372745063,-0.0864112815068346,-0.0832365782469113,-0.1215571861804589,-0.1089259434435495,-0.151921301199036,0.1460813993815701,-0.1266372498338324,-0.0949174160699073,-0.0834187688214848,-0.1469469988487673,-0.198942850235076,0.1151516042422029,-0.1260663702471041,-0.1131343165419429,-0.0446102408852805,-0.1133899648175674,-0.2139675651991102,0.1479584249690982,-0.1096227670102613,-0.0919680700356618,-0.1001979306476103,-0.1042088736284056,-0.15517953,0.0752583304322632,-0.1658128004411018,0.0540715629403633,-0.0723620276986386,-0.1642967632095651,-0.052791372301268,0.0689598202692991,-0.494664921638749,0.0684055116722581,-0.0688340241823427,-0.4348390114755289,-0.0752647859463181,0.056887259125923,-0.7677547086988711,0.2454635033698924,-0.1363597354177614,-0.770171750516895,0.047302700753185,0.0406276381796931,-0.796822438476375,0.2658414495603263,-0.1414384535397089,-0.7988271372008923,0.0187622584346978,0.0909194444721124,-0.8186272794187244,0.2281790862838709,-0.1344811929570316,-0.8233870770571827,-0.0684857676393029,nijmegen_nijmegen_rennen_g_ch1_g11_compr.mp4,ch1g11,9.754692610759917e-06,6.663863777706949e-06,4.490219258075873e-06,9.30418219084771e-06,4.727781578366849e-06,6.137612553026195e-06,4.568178671346743e-06,6.802200009772978e-06,7.354849535376182e-06,1.087401863218973e-06,1.4224592648758134e-05,1.753682869848532e-06,3.739972284090735e-06,4.4262296064514475e-06,6.962728919257681e-06,5.096496168536528e-06,3.780490172676177e-06,1.2865326030829514e-05,7.8709545711132e-07,4.010835534794102e-06,1.09244204203394e-05,3.3264628836851272e-06,3.702043643097914e-06,3.406902198853296e-06,5.214002914085592e-06,1.226648189343848e-06,4.031545680334217e-06,1.1025843523540283e-05,9.736866541483584e-06,1.834356526854647e-05,1.2402854061649914e-06,8.55176349927569e-06,1.0671757827273136e-05,1.7350034757803364e-05,5.2730774360612535e-06,-5.9140468843654654e-05,-7.504974177729567e-05,-7.577480483464382e-05,-7.746409672227939e-05,-6.488590232455744e-05,-6.554053059976744e-05,-6.435859968942576e-05,-9.285009941229898e-05,-7.119746400890098e-05,-6.058221584410462e-05,-6.014665129972529e-05,4.3462280601665535e-06,6.712742190690072e-06,7.816985086334864e-05,0.0001202305668627,0.0001134188557131,9.75351414784101e-05,0.0001539303824333,0.0001684591681586,0.0001461574678881,0.0001746264110092,0.0001200758656985,8.739937659684108e-05,1.847221881183975e-05,-1.9795085035682817e-05,8.811238355574196e-05,7.695350326662077e-06,3.1128379153036134e-05,6.587779465164451e-06,8.168795233554175e-06,-5.525214682371319e-06,6.61059783986987e-05,9.110186974699825e-06,2.80047480718107e-06,1.8444614314057428e-06,1.31578294456808e-06,2.561547698536978e-06,1.3450190583979405e-06,1.6981083196679004e-06,1.3470762092783763e-06,1.8886718465880545e-06,2.1758404410388755e-06,2.849706789560428e-07,3.939958980209059e-06,5.504098233617317e-07,1.0964364071729222e-06,1.2987090729942183e-06,1.9202166425099747e-06,1.3035453829476376e-06,9.295839051878322e-07,3.5635242966307476e-06,3.4273858644278564e-07,1.1840387988722078e-06,3.0343487557754005e-06,9.649241664376304e-07,1.084830686446714e-06,1.0013543127094557e-06,1.4617695132009429e-06,3.29552841272387e-07,1.190388108464738e-06,3.059333781004726e-06,2.687681556740025e-06,5.053705400726338e-06,3.310313537499689e-07,2.415875376623075e-06,2.959780903304162e-06,-4.089163916729372e-07,-9.181195249273897e-08,-2.5043418951194634e-07,-1.607921138934852e-07,-1.938290610680263e-07,-8.303790519312832e-08,-2.4745642807939444e-07,-2.7204814156749866e-07,-3.77426658549754e-07,-2.167526002432844e-08,-1.9307770228089689e-07,-3.960158409742997e-08,-1.8683256550953905e-07,-2.414728195200271e-07,-8.232963959351496e-08,2.5031019463276674e-08,-7.036770526310061e-08,-1.6890077324317377e-07,-1.2671133352103706e-07,-1.856672726195638e-07,-2.1327725270941106e-07,-1.7036832337025696e-07,-1.8229201637719617e-07,-1.8476171117418159e-07,-2.3520298164818805e-07,-1.5812196853452278e-08,-1.788496746518008e-07,-1.312874060395707e-07,-1.655922971795809e-07,-2.4686703181265004e-07,-1.2502255106897749e-08,-3.136632748289456e-07,-1.9135223177978777e-07,2.4144997629128404e-07,no movement,no movement,no movement,no movement
33.333333333333336,0.019004233749211,0.3266755074601704,-0.2915730559039675,0.028547603687955,0.3446554849820146,-0.2818310525845013,0.0314069634623122,0.3445450199023911,-0.270757358943048,0.0305480173803861,0.3445670086287803,-0.2758929477971079,0.0109418353648906,0.3531007521096644,-0.3024184765129404,0.0122324561416026,0.3512437637240195,-0.3151211601190212,0.0158656252700092,0.3415029715645942,-0.2950886074527253,0.0545112928029612,0.3481178223109487,-0.1707373067389693,-0.0566865836898035,0.3098990266637095,-0.2059342588692622,0.040260802093436,0.3253017715266756,-0.2368236636104561,0.0099156278647958,0.2962006458914486,-0.2749357580309233,0.1199380503957109,0.2313406821190102,-0.030690617951954,-0.1229407877018814,0.2671946455434265,-0.049162704194238,0.1590588206755599,0.0685495244316248,-0.0254005690403041,-0.173949935619326,0.0289207199260137,-0.0879636821753133,0.1578831857192221,-0.0862350795608482,-0.0819092949239302,-0.1214766493059251,-0.1087746569956967,-0.1512462978410827,0.1463121545888368,-0.1263997118612241,-0.0934727307116426,-0.0833320770706031,-0.1466877301574758,-0.1981858822744531,0.1155657378905392,-0.1258397879609836,-0.1117343647279719,-0.0445323638747094,-0.1131215145023554,-0.2131965373917687,0.1482732092788129,-0.1094360213652419,-0.0906208133248721,-0.100117891554528,-0.1040726560484372,-0.158921376,0.0752431066213729,-0.1657845060549501,0.0540725413183611,-0.0723529447948691,-0.1643270851814547,-0.0527886993767297,0.0690666445354502,-0.4945329225402166,0.0687176671483871,-0.068859939044953,-0.4348273262048406,-0.0750351144984427,0.0570089590636669,-0.7677133021901446,0.2454104848215054,-0.1363736269953701,-0.7701653225584376,0.0478425575319614,0.0407444185017556,-0.7968152070458969,0.2657615507830182,-0.1414802843102965,-0.798839559952657,0.0193326130059547,0.0909259721544417,-0.8185304799845821,0.2281110782258064,-0.1346156775206864,-0.8233785201247471,-0.0678104036235521,nijmegen_nijmegen_rennen_g_ch1_g11_compr.mp4,ch1g11,1.3704248153671388e-05,9.211620011251713e-06,6.341692603547311e-06,1.287846955901254e-05,6.612782043260654e-06,8.480708703207922e-06,6.456398747273307e-06,9.49137563641786e-06,1.0422823375182825e-05,1.507287930764487e-06,1.966369822833655e-05,2.466120819749887e-06,5.26974680273092e-06,6.24948045833067e-06,9.617474611613034e-06,6.924913979071136e-06,5.135787894322627e-06,1.7783623110545067e-05,1.2226950978003613e-06,5.6535080340968365e-06,1.513203872432776e-05,4.678321993440283e-06,5.214313536125604e-06,4.814072714350786e-06,7.285843694781953e-06,1.6855940723413764e-06,5.688334947202827e-06,1.5236986317583907e-05,1.347899277766951e-05,2.5331239116741895e-05,1.700877504148214e-06,1.1948212382022486e-05,1.4773683790295174e-05,2.398688165146454e-05,7.3877264193376144e-06,-8.68281656007165e-05,-0.0001089921575737,-0.0001100462469327,-0.0001123794671035,-9.466022453825837e-05,-9.5659794442219e-05,-9.401616767703242e-05,-0.0001327370747288,-0.0001026461009902,-8.837334337358506e-05,-8.752307337218637e-05,4.424601685602909e-06,8.270395607468571e-06,0.0001059558176896,0.0001652898346477,0.0001555232905525,0.0001346447506981,0.0002120571788327,0.0002331755092904,0.0002001899030851,0.0002418062003144,0.0001643449549733,0.0001203755361487,2.5534989615880697e-05,-2.7366238061959484e-05,0.0001232265343847,1.0722087378250751e-05,4.581113436998429e-05,9.567712251377826e-06,1.361522116729441e-05,-7.235239906588061e-06,9.364896980939884e-05,1.4628401038768894e-05,2.2765054545441088e-06,1.7270633334560246e-06,9.995401948691496e-07,2.3368512183378995e-06,1.095876194446821e-06,1.59544667319836e-06,1.034811459310627e-06,1.5455289640072727e-06,1.6986952072787763e-06,2.487894955212849e-07,3.6766401315653742e-06,4.956873966593912e-07,8.586865814034916e-07,9.937708032701664e-07,1.802968243296084e-06,1.310106305492326e-06,8.25370214800647e-07,3.3318414258145728e-06,1.869477873314959e-07,9.476435991374652e-07,2.772105049719208e-06,7.485322863203626e-07,8.525189012662187e-07,7.664612063869595e-07,1.1611295065571258e-06,3.076785079750935e-07,9.61392149813211e-07,2.8782164574154456e-06,2.4546622968660298e-06,4.716743744812185e-06,3.1307532562573016e-07,2.012668452924376e-06,2.719654935952778e-06,-6.032458183260308e-07,-2.6980249147393577e-07,-3.383363036711134e-07,-3.731078791720798e-07,-2.9352422186275897e-07,-2.5114154536244037e-07,-3.432095019591521e-07,-3.9389770369930625e-07,-5.260466946139491e-07,-3.1025834566858585e-08,-5.766401436904245e-07,-1.2318329363501798e-07,-2.685744462011459e-07,-3.31247609440791e-07,-2.672636636224653e-07,-8.705731960077203e-08,-1.0726406439986917e-07,-5.166703954657994e-07,-1.7885819370943428e-07,-2.816717978964397e-07,-5.013133249831116e-07,-2.3798836455920593e-07,-2.639259195641531e-07,-2.5186075550981856e-07,-3.2820956483190897e-07,-4.522754595763292e-08,-2.731411523160891e-07,-4.38998481300027e-07,-3.9317807400433425e-07,-7.296985250190187e-07,-4.2468951468537825e-08,-4.913503343034896e-07,-4.70891602252379e-07,6.900379745944877e-07,no movement,no movement,no movement,no movement
50.0,0.0189877770382311,0.3265967955979471,-0.2915095836183167,0.0285900249282335,0.3445536079936331,-0.2817587575004079,0.0314356540215459,0.3444421464363371,-0.2706915694436041,0.0305723514038338,0.344461575166293,-0.2758228580053393,0.0109630243879566,0.3530135517295448,-0.3023433409812385,0.0122534799414279,0.351155633143233,-0.3150354873494995,0.0159113825386459,0.3414166175037558,-0.2950123514565073,0.0547141467504853,0.3479867965841897,-0.1706487867331851,-0.0564978041643742,0.3098001208547978,-0.2057883492823879,0.0402659329348078,0.3252198201751751,-0.2367576638576196,0.00997047546851,0.2961184913756191,-0.2748543672044495,0.1201176212438226,0.2313506487505258,-0.0303778407712643,-0.1226920490840196,0.2672077448243887,-0.049062511509099,0.159188195721499,0.0686745431379842,-0.0245906486362078,-0.1738033901061685,0.029108319422536,-0.0875231794927549,0.1581061341639378,-0.0860588776148619,-0.0805820116009492,-0.1213961124313913,-0.1086233705478439,-0.1505712944831294,0.1465429097961036,-0.1261621738886157,-0.0920280453533778,-0.0832453853197214,-0.1464284614661843,-0.1974289143138302,0.1159798715388754,-0.1256132056748632,-0.1103344129140008,-0.0444544868641383,-0.1128530641871434,-0.2124255095844272,0.1485879935885276,-0.1092492757202225,-0.0892735566140823,-0.1000378524614459,-0.1039364384684687,-0.161230043,0.0752278828104826,-0.1657562116687984,0.0540735196963589,-0.0723438618910995,-0.1643574071533443,-0.0527860264521913,0.0691734688016014,-0.4944009234416841,0.0690298226245161,-0.0688858539075634,-0.4348156409341525,-0.0748054430505673,0.0571306590014109,-0.7676718956814182,0.2453574662731183,-0.1363875185729788,-0.7701588945999804,0.0483824143107378,0.0408611988238182,-0.7968079756154188,0.2656816520057101,-0.141522115080884,-0.7988519827044217,0.0199029675772117,0.090932499836771,-0.8184336805504396,0.2280430701677419,-0.1347501620843412,-0.8233699631923113,-0.0671350396078012,nijmegen_nijmegen_rennen_g_ch1_g11_compr.mp4,ch1g11,1.5583275520814327e-05,1.0635301988664465e-05,7.128120832582217e-06,1.4833027091926326e-05,7.510976139221256e-06,9.79507474736295e-06,7.267317404662225e-06,1.0816371472111968e-05,1.1807531005226176e-05,1.756291362112693e-06,2.2708264480913743e-05,2.815687935652145e-06,5.935221641288673e-06,7.028376540658403e-06,1.112871168488867e-05,8.078713086994226e-06,5.896326501480329e-06,2.0541103060209067e-05,1.2956944665338575e-06,6.386162882701006e-06,1.743286985198174e-05,5.26082196496004e-06,5.873910380246269e-06,5.412371691354039e-06,8.257004524344247e-06,1.946445034164823e-06,6.4443041380765445e-06,1.76102060344411e-05,1.5524355210553533e-05,2.9247591682399788e-05,1.9671120929404603e-06,1.3612025250353696e-05,1.7027966401375877e-05,2.7696496555354327e-05,8.358046893003642e-06,-9.495746455513556e-05,-0.0001198507445648,-0.0001210161959306,-0.0001236844946002,-0.0001037629287912,-0.0001049014922446,-0.0001030262194927,-0.000147919283212,-0.0001138247104249,-9.715609105943914e-05,-9.657336125771252e-05,6.405335425727781e-06,1.0735622350243797e-05,0.0001240742310002,0.0001916670762277,0.0001798142050964,0.0001558223769399,0.000244599171135,0.0002689323816235,0.0002311280970537,0.0002787481316819,0.0001900313238119,0.0001395828674232,2.9364817851670365e-05,-3.147232210416127e-05,0.0001405262922907,1.230038648476323e-05,5.009743629893826e-05,9.149325831358065e-06,1.346808084262242e-05,-1.035399041443072e-05,0.0001059322343926,1.4505082588334716e-05,1.7532907035994986e-06,1.450165089259711e-06,7.227514822769371e-07,1.9457930828089857e-06,8.390601044117891e-07,1.341214295807313e-06,7.519671592577257e-07,1.2126380417041856e-06,1.2612974101178115e-06,2.0915161511480682e-07,3.0773852725727547e-06,3.751563774530031e-07,6.317460157799227e-07,7.213125538088194e-07,1.5157988705040057e-06,1.1650342366363906e-06,7.062920391493822e-07,2.791869753564392e-06,5.436656849493937e-08,7.056340972043836e-07,2.295525675816662e-06,5.493148048240156e-07,6.285225961888175e-07,5.572569919731565e-07,8.826714361049278e-07,2.60035440989535e-07,7.24093659188429e-07,2.4157991060253616e-06,2.040886288969717e-06,3.955759827245656e-06,2.667008353965536e-07,1.5773743019720154e-06,2.260578001548304e-06,-6.319243026761177e-07,-3.4495760221249994e-07,-3.357433986297192e-07,-4.657163538369838e-07,-3.098351952148608e-07,-3.207256030423618e-07,-3.446606579936037e-07,-4.078652630512819e-07,-5.321138760710177e-07,-3.8213676208820994e-08,-7.466247566337774e-07,-1.5621879534813782e-07,-2.751869210894222e-07,-3.310783471549435e-07,-3.536012572403739e-07,-1.657511168249264e-07,-1.2570207212417566e-07,-6.724049259163303e-07,-1.738350800425798e-07,-2.953504867305056e-07,-6.052844661905081e-07,-2.406279872453431e-07,-2.714413081014935e-07,-2.520374741471427e-07,-3.342423773116196e-07,-5.8536174268680874e-08,-2.885731766231726e-07,-5.790344720729704e-07,-4.932335817112701e-07,-9.441549239745068e-07,-5.684025785114859e-08,-5.284054504380679e-07,-5.778331592967558e-07,8.923016522041236e-07,no movement,no movement,no movement,no movement
66.66666666666667,0.0189713203272511,0.3265180837357237,-0.291446111332666,0.0286324461685119,0.3444517310052517,-0.2816864624163145,0.0314643445807797,0.3443392729702831,-0.2706257799441603,0.0305966854272816,0.3443561417038057,-0.2757527682135707,0.0109842134110226,0.3529263513494253,-0.3022682054495366,0.0122745037412532,0.3510675025624465,-0.3149498145799778,0.0159571398072827,0.3413302634429172,-0.2949360954602893,0.0549170006980093,0.3478557708574308,-0.1705602667274008,-0.0563090246389449,0.3097012150458862,-0.2056424396955136,0.0402710637761796,0.3251378688236745,-0.2366916641047831,0.0100253230722242,0.2960363368597897,-0.2747729763779756,0.1202971920919343,0.2313606153820414,-0.0300650635905747,-0.1224433104661576,0.2672208441053509,-0.0489623188239599,0.1593175707674381,0.0687995618443435,-0.0237807282321114,-0.1736568445930112,0.0292959189190583,-0.0870826768101965,0.1583290826086536,-0.0858826756688755,-0.0792547282779681,-0.1213155755568576,-0.1084720840999912,-0.1498962911251762,0.1467736650033703,-0.1259246359160074,-0.0905833599951131,-0.0831586935688397,-0.1461691927748928,-0.1966719463532073,0.1163940051872116,-0.1253866233887427,-0.1089344611000297,-0.0443766098535673,-0.1125846138719315,-0.2116544817770857,0.1489027778982422,-0.1090625300752031,-0.0879262999032925,-0.0999578133683637,-0.1038002208885004,-0.163358271,0.0752126589995923,-0.1657279172826468,0.0540744980743567,-0.0723347789873299,-0.1643877291252338,-0.0527833535276529,0.0692802930677524,-0.4942689243431516,0.0693419781006452,-0.0689117687701737,-0.4348039556634643,-0.0745757716026919,0.0572523589391548,-0.7676304891726918,0.2453044477247312,-0.1364014101505873,-0.7701524666415234,0.0489222710895142,0.0409779791458807,-0.7968007441849407,0.265601753228402,-0.1415639458514716,-0.7988644054561864,0.0204733221484686,0.0909390275191003,-0.8183368811162971,0.2279750621096774,-0.134884646647996,-0.8233614062598759,-0.0664596755920504,nijmegen_nijmegen_rennen_g_ch1_g11_compr.mp4,ch1g11,1.604516295983214e-05,1.1236612241126653e-05,7.20790867683138e-06,1.5618267316773702e-05,7.73306993344401e-06,1.0354935845522873e-05,7.360286064536822e-06,1.1203833006847638e-05,1.2055414759504569e-05,1.874455169198509e-06,2.3999570901930594e-05,2.903486707071212e-06,6.022399021680599e-06,7.112951827532498e-06,1.1793869545581002e-05,8.70343758818286e-06,6.231333262494893e-06,2.171480364570182e-05,1.1408479120962434e-06,6.504383251996386e-06,1.8354623808938977e-05,5.331094625337673e-06,5.96250889015212e-06,5.473380215877527e-06,8.481307532840633e-06,2.062120561171956e-06,6.587912222807205e-06,1.86313969559616e-05,1.6344197815571643e-05,3.091716591935049e-05,2.089674836931568e-06,1.4080247305844832e-05,1.7942919278461345e-05,2.9264586790597903e-05,8.557693113518012e-06,-9.098967071240112e-05,-0.0001163011664128,-0.0001174420484899,-0.0001202282835058,-0.0001000415769064,-0.0001011779946737,-9.923099068523808e-05,-0.0001472295145526,-0.0001121306391927,-9.407451291172196e-05,-9.409870683624308e-05,9.220314501287168e-06,1.3367482821501935e-05,0.0001344074953641,0.0002040674975546,0.0001909633365955,0.0001651929265308,0.0002585339177939,0.0002836253005316,0.0002451578780596,0.0002937494093478,0.0002019941400865,0.0001484621644296,3.088037036438472e-05,-3.309718799222089e-05,0.0001455504185442,1.2854704136782958e-05,4.800420645810623e-05,7.017558337917893e-06,1.0233225679873984e-05,-1.3692128998943054e-05,0.0001080548761311,1.1258243115426324e-05,1.2644303183749313e-06,1.0856089607041757e-06,4.933959989768902e-07,1.4665893586301953e-06,5.966061000323486e-07,1.003439085702495e-06,5.109841067630653e-07,9.049393599503506e-07,8.806214219263982e-07,1.6693088063731637e-07,2.2961635157626596e-06,2.2767260706020745e-07,4.3048899284313377e-07,4.917058119881365e-07,1.134973727423451e-06,9.2271441981579e-07,5.777973533254144e-07,2.084048600856392e-06,-4.30813541158564e-08,4.802654676843021e-07,1.7089690250638405e-06,3.7726317122848554e-07,4.284255856343362e-07,3.809806399825682e-07,6.37789029975532e-07,1.9812392884504585e-07,4.999526018763508e-07,1.7992405571296728e-06,1.5320568228565305e-06,2.964023011638348e-06,2.0415852133710525e-07,1.1494689293011782e-06,1.686743962256023e-06,-5.513603703056681e-07,-3.4718532862513146e-07,-2.745918013375335e-07,-4.7151363338122916e-07,-2.701198415857146e-07,-3.209598138842095e-07,-2.845396598368366e-07,-3.527674120128768e-07,-4.46138321675762e-07,-4.305886363103909e-08,-7.605745981517152e-07,-1.4988227466467274e-07,-2.317588624595426e-07,-2.723639503124975e-07,-3.667815618924354e-07,-2.138804054317138e-07,-1.3102951511014813e-07,-6.874892386661053e-07,-1.2930295067592192e-07,-2.534274939106716e-07,-5.822692329909194e-07,-2.0046897705899258e-07,-2.2941903023297797e-07,-2.085542452822826e-07,-2.836480269029032e-07,-6.012857114553413e-08,-2.5074485000141925e-07,-5.955463037102348e-07,-5.001418146225367e-07,-9.630132243548016e-07,-5.970922204925627e-08,-4.711582796783229e-07,-5.643650460197732e-07,9.1217699646729e-07,no movement,no movement,no movement,no movement
83.33333333333334,0.0189548636162713,0.3264393718735003,-0.2913826390470153,0.0286748674087904,0.3443498540168702,-0.281614167332221,0.0314930351400135,0.3442363995042291,-0.2705599904447164,0.0306210194507293,0.3442507082413184,-0.275682678421802,0.0110054024340887,0.3528391509693057,-0.3021930699178347,0.0122955275410785,0.35097937198166,-0.3148641418104561,0.0160028970759195,0.3412439093820787,-0.2948598394640713,0.0551198546455334,0.347724745130672,-0.1704717467216167,-0.0561202451135156,0.3096023092369746,-0.2054965301086393,0.0402761946175514,0.325055917472174,-0.2366256643519467,0.0100801706759384,0.2959541823439602,-0.2746915855515018,0.1204767629400461,0.231370582013557,-0.029752286409885,-0.1221945718482958,0.2672339433863131,-0.0488621261388209,0.1594469458133772,0.0689245805507029,-0.0229708078280151,-0.1735102990798538,0.0294835184155806,-0.0866421741276381,0.1585520310533693,-0.0857064737228892,-0.077927444954987,-0.1212350386823238,-0.1083207976521383,-0.1492212877672229,0.1470044202106371,-0.125687097943399,-0.0891386746368483,-0.083072001817958,-0.1459099240836014,-0.1959149783925844,0.1168081388355478,-0.1251600411026223,-0.1075345092860586,-0.0442987328429962,-0.1123161635567195,-0.2108834539697442,0.1492175622079569,-0.1088757844301838,-0.0865790431925028,-0.0998777742752814,-0.103664003308532,-0.163245782,0.075197435188702,-0.1656996228964951,0.0540754764523544,-0.0723256960835603,-0.1644180510971234,-0.0527806806031145,0.0693871173339035,-0.4941369252446191,0.0696541335767742,-0.0689376836327841,-0.434792270392776,-0.0743461001548164,0.0573740588768987,-0.7675890826639654,0.2452514291763441,-0.136415301728196,-0.7701460386830661,0.0494621278682907,0.0410947594679433,-0.7967935127544628,0.2655218544510939,-0.1416057766220592,-0.798876828207951,0.0210436767197256,0.0909455552014295,-0.8182400816821549,0.2279070540516129,-0.1350191312116508,-0.8233528493274401,-0.0657843115762996,nijmegen_nijmegen_rennen_g_ch1_g11_compr.mp4,ch1g11,1.564894366191836e-05,1.1279598887467912e-05,6.8867928424829375e-06,1.5625527361521907e-05,7.545871796010451e-06,1.0400694844188137e-05,7.042344566649599e-06,1.101718362102722e-05,1.1632616473234456e-05,1.8977807562264023e-06,2.409882395304895e-05,2.8217066647970225e-06,5.776343805723143e-06,6.802077266054583e-06,1.1874631578688462e-05,8.930630140238221e-06,6.286164615951857e-06,2.18100058519793e-05,8.760480607539557e-07,6.262182574632379e-06,1.8356756545692665e-05,5.109037930258944e-06,5.721579685964343e-06,5.2289329663431885e-06,8.261006883537588e-06,2.078770715329583e-06,6.3670205351520295e-06,1.8727045309864824e-05,1.6348309202893646e-05,3.1060600665762345e-05,2.112899484227579e-06,1.3813491590703531e-05,1.796143296375368e-05,2.9378488006620634e-05,8.307327785431737e-06,-8.114961874395602e-05,-0.0001055907139804,-0.0001066387517804,-0.0001094049068832,-9.004319762161317e-05,-9.10925481332344e-05,-8.917344157510953e-05,-0.0001380867269055,-0.0001037623073145,-8.509638747072952e-05,-8.578953919901621e-05,1.200935192309275e-05,1.5589863827231414e-05,0.0001386840966927,0.0002066339180721,0.0001930498951669,0.0001663907492538,0.0002599234407083,0.0002841461586159,0.0002476529161575,0.0002940458134918,0.0002044725434983,0.0001500645584068,3.087500399894474e-05,-3.3090727546632596e-05,0.0001430254508264,1.2750775695086934e-05,4.285871315278675e-05,4.514153304354774e-06,5.945667399842904e-06,-1.6349045186761676e-05,0.0001043123415732,6.9445802378679095e-06,8.360884279769428e-07,6.940211120968645e-07,3.166855771246284e-07,9.65208882984074e-07,3.858140637031217e-07,6.395408204256079e-07,3.2080638815557353e-07,6.334518447225534e-07,5.685626467003944e-07,1.232730147421872e-07,1.4624165400649044e-06,8.567365862790488e-08,2.663703728269392e-07,3.122201291616624e-07,7.248116888230758e-07,6.305257594363889e-07,4.449645322661071e-07,1.3265609651324716e-06,-9.661214270434533e-08,2.891770403345156e-07,1.0996793357751446e-06,2.3984968905714704e-07,2.643135434078299e-07,2.427081013189845e-07,4.3465188911758163e-07,1.3162048765620614e-07,3.0605891885529e-07,1.1356130854030078e-06,1.0003168391789772e-06,1.9040277345478092e-06,1.3578645376352648e-07,7.60618901143718e-07,1.085494125399298e-06,-4.097678904397498e-07,-3.022955561728188e-07,-1.8211745033434712e-07,-4.192295416757781e-07,-1.9794516340098256e-07,-2.769361307075058e-07,-1.9082329517467127e-07,-2.6156303240362757e-07,-3.111724198985323e-07,-4.5412645522552486e-08,-6.691083048184529e-07,-1.1449710542698053e-07,-1.598281056128234e-07,-1.8191843559583454e-07,-3.293092734803569e-07,-2.345347453108615e-07,-1.2774675626469618e-07,-6.071499568152955e-07,-6.078901316917357e-08,-1.7893300626611456e-07,-4.812996077278957e-07,-1.364871249233085e-07,-1.58979447557943e-07,-1.4126917675164758e-07,-2.023449536031105e-07,-5.3855773702543314e-08,-1.8169855724104938e-07,-5.275001219378856e-07,-4.440808704496583e-07,-8.5019251869963e-07,-5.468294725780765e-08,-3.5936768189214505e-07,-4.754519429097428e-07,8.086018724565023e-07,no movement,no movement,no movement,no movement
100.0,0.0189384069052914,0.3263606600112769,-0.2913191667613646,0.0287172886490687,0.3442479770284887,-0.2815418722481276,0.0315217256992472,0.3441335260381751,-0.2704942009452726,0.030645353474177,0.344145274778831,-0.2756125886300334,0.0110265914571548,0.3527519505891861,-0.3021179343861328,0.0123165513409038,0.3508912414008735,-0.3147784690409344,0.0160486543445562,0.3411575553212402,-0.2947835834678532,0.0553227085930574,0.3475937194039131,-0.1703832267158324,-0.0559314655880863,0.309503403428063,-0.205350620521765,0.0402813254589232,0.3249739661206735,-0.2365596645991102,0.0101350182796527,0.2958720278281308,-0.2746101947250279,0.1206563337881578,0.2313805486450725,-0.0294395092291954,-0.1219458332304339,0.2672470426672753,-0.0487619334536818,0.1595763208593163,0.0690495992570624,-0.0221608874239188,-0.1733637535666965,0.029671117912103,-0.0862016714450797,0.1587749794980851,-0.0855302717769029,-0.0766001616320059,-0.12115450180779,-0.1081695112042856,-0.1485462844092696,0.1472351754179038,-0.1254495599707906,-0.0876939892785836,-0.0829853100670763,-0.1456506553923099,-0.1951580104319614,0.1172222724838839,-0.1249334588165018,-0.1061345574720875,-0.0442208558324251,-0.1120477132415075,-0.2101124261624027,0.1495323465176716,-0.1086890387851643,-0.085231786481713,-0.0997977351821992,-0.1035277857285636,-0.168672875,0.0751822113778118,-0.1656713285103434,0.0540764548303522,-0.0723166131797907,-0.164448373069013,-0.0527780076785762,0.0694939416000547,-0.4940049261460867,0.0699662890529032,-0.0689635984953945,-0.4347805851220879,-0.074116428706941,0.0574957588146427,-0.7675476761552389,0.245198410627957,-0.1364291933058047,-0.7701396107246091,0.0500019846470671,0.0412115397900058,-0.7967862813239845,0.2654419556737857,-0.1416476073926467,-0.7988892509597159,0.0216140312909825,0.0909520828837587,-0.8181432822480124,0.2278390459935484,-0.1351536157753056,-0.8233442923950045,-0.0651089475605487,nijmegen_nijmegen_rennen_g_ch1_g11_compr.mp4,ch1g11,1.485929576181666e-05,1.099065563416608e-05,6.417842010262376e-06,1.5187068954920772e-05,7.172292399888289e-06,1.013893227632806e-05,6.5682211694822075e-06,1.0556624585463072e-05,1.0924977482850423e-05,1.8582279196703944e-06,2.3487157062151676e-05,2.6536243808935344e-06,5.401183495132587e-06,6.343460776330059e-06,1.1596935147711516e-05,8.877831962485628e-06,6.182306170676686e-06,2.126023388307314e-05,6.02325816255438e-07,5.872004544518022e-06,1.783046995759159e-05,4.777315964002107e-06,5.35238929323308e-06,4.871118213580441e-06,7.846788772899917e-06,2.0357761342135485e-06,5.98889277277362e-06,1.8264229269739885e-05,1.588502261742319e-05,3.0294630644141612e-05,2.074767866650739e-06,1.3195938987769522e-05,1.7460974923710964e-05,2.8627129621186172e-05,7.869872326501617e-06,-7.042567298719656e-05,-9.353830533063383e-05,-9.44788034803438e-05,-9.7153406565191e-05,-7.901428658940927e-05,-7.993927476305546e-05,-7.809725725480323e-05,-0.0001264960468895,-9.371920795261323e-05,-7.501321780699889e-05,-7.622552464856913e-05,1.4120188492021876e-05,1.699147857692286e-05,0.0001384786022403,0.0002029467707153,0.000189560563794,0.0001625596383483,0.0002539142252217,0.0002763832257055,0.0002431747231911,0.0002858117002365,0.0002010856455777,0.0001470515178241,3.0016765600016508e-05,-3.2168873578452124e-05,0.0001368657032289,1.2295615390645696e-05,3.7298571475368656e-05,2.637659664450894e-06,2.1695780237809406e-06,-1.771285523811608e-05,9.819641983264546e-05,3.159477699278709e-06,4.86993526590912e-07,3.2481161016530465e-07,1.9506468884594185e-07,4.953732635557536e-07,2.1924844847384798e-07,2.963311568523216e-07,1.868813784497123e-07,4.052730677028082e-07,3.319375200610981e-07,7.959561983545917e-08,6.810585908076604e-07,-2.4821162867742443e-08,1.4742559365805062e-07,1.8702312065852754e-07,3.376853009504794e-07,3.288408208739548e-07,3.125023507548105e-07,6.153335203002426e-07,-1.0058183762846417e-07,1.453923000582758e-07,5.37786693583297e-07,1.4202751607685357e-07,1.4477400269958273e-07,1.4535230727546278e-07,2.782054872971784e-07,6.837786112284187e-08,1.551325267959156e-07,5.119024098994239e-07,5.04248929436624e-07,9.074935054775484e-07,7.001013503343386e-08,4.346813444281569e-07,5.273172434595696e-07,-2.471660759460295e-07,-2.3200001186084e-07,-8.085589574997173e-08,-3.334276309695253e-07,-1.1308730505060604e-07,-2.096687234999797e-07,-8.673537572466323e-08,-1.613532954731569e-07,-1.6281082892522775e-07,-4.515744058061693e-08,-5.15920092741664e-07,-5.95358498918933e-08,-7.738144886672254e-08,-8.197091871970556e-08,-2.607546423623594e-07,-2.3106322301929665e-07,-1.1950673472751078e-07,-4.704554524929037e-07,1.8313275513687315e-08,-9.120324266627834e-08,-3.4336099842921885e-07,-6.445222705427566e-08,-7.778243503130114e-08,-6.663610603192797e-08,-1.118234295913594e-07,-4.302936680947175e-08,-9.991996549413713e-08,-4.086772928562207e-07,-3.510239502935368e-07,-6.607539964127586e-07,-4.4882592072170285e-08,-2.2622172036967346e-07,-3.4883506783643274e-07,6.32461938623338e-07,no movement,no movement,no movement,no movement
116.66666666666669,0.0189219501943115,0.3262819481490536,-0.2912556944757138,0.0287597098893472,0.3441461000401072,-0.2814695771640342,0.031550416258481,0.3440306525721211,-0.2704284114458288,0.0306696874976247,0.3440398413163437,-0.2755424988382647,0.0110477804802208,0.3526647502090666,-0.3020427988544309,0.0123375751407291,0.3508031108200869,-0.3146927962714127,0.0160944116131929,0.3410712012604017,-0.2947073274716352,0.0555255625405815,0.3474626936771542,-0.1702947067100482,-0.0557426860626571,0.3094044976191513,-0.2052047109348907,0.040286456300295,0.3248920147691729,-0.2364936648462737,0.0101898658833668,0.2957898733123013,-0.274528803898554,0.1208359046362695,0.2313905152765881,-0.0291267320485057,-0.1216970946125719,0.2672601419482375,-0.0486617407685428,0.1597056959052555,0.0691746179634217,-0.0213509670198224,-0.1732172080535391,0.0298587174086253,-0.0857611687625213,0.1589979279428009,-0.0853540698309166,-0.0752728783090248,-0.1210739649332561,-0.1080182247564327,-0.1478712810513163,0.1474659306251705,-0.1252120219981823,-0.0862493039203189,-0.0828986183161946,-0.1453913867010184,-0.1944010424713385,0.1176364061322202,-0.1247068765303813,-0.1047346056581164,-0.0441429788218541,-0.1117792629262956,-0.2093413983550612,0.1498471308273863,-0.1085022931401449,-0.0838845297709232,-0.0997176960891169,-0.1033915681485952,-0.167996615,0.0751669875669215,-0.1656430341241918,0.05407743320835,-0.0723075302760211,-0.1644786950409026,-0.0527753347540378,0.0696007658662058,-0.4938729270475543,0.0702784445290323,-0.0689895133580048,-0.4347688998513997,-0.0738867572590656,0.0576174587523866,-0.7675062696465126,0.2451453920795699,-0.1364430848834132,-0.7701331827661517,0.0505418414258435,0.0413283201120683,-0.7967790498935066,0.2653620568964777,-0.1416894381632343,-0.7989016737114808,0.0221843858622395,0.090958610566088,-0.8180464828138699,0.2277710379354839,-0.1352881003389604,-0.8233357354625688,-0.0644335835447979,nijmegen_nijmegen_rennen_g_ch1_g11_compr.mp4,ch1g11,1.4046542337820865e-05,1.0558521775347165e-05,6.00145683543252e-06,1.4576078426502748e-05,6.791344720931427e-06,9.742406361380828e-06,6.1403325502454685e-06,1.0059135061377592e-05,1.0238038626005227e-05,1.783714848274056e-06,2.2565630623342644e-05,2.4736034686987367e-06,5.060108231525052e-06,5.933647251468124e-06,1.1150971594652634e-05,8.64858283597451e-06,6.017372705734773e-06,2.0427255162090637e-05,4.038503598311379e-07,5.5047231168219705e-06,1.7098711884840096e-05,4.48135893943791e-06,5.016000142937442e-06,4.552277820826171e-06,7.437771430590753e-06,1.9657480310087396e-06,5.620194997239964e-06,1.7550618955045572e-05,1.5241215938797722e-05,2.913208646133252e-05,2.006909899739499e-06,1.2535338220514673e-05,1.675358954904729e-05,2.750114247783161e-05,7.448727338736984e-06,-6.256972744547237e-05,-8.45344857269096e-05,-8.539225177583672e-05,-8.79577931537595e-05,-7.090080637736052e-05,-7.170317244001824e-05,-6.994684758864815e-05,-0.0001170487695878,-8.580190741032563e-05,-6.744023152130818e-05,-6.88755666987378e-05,1.5108492799017591e-05,1.7325866683569154e-05,0.0001352116606035,0.0001960241019113,0.0001833894983267,0.0001563528305098,0.0002447372201229,0.0002652211488566,0.0002354726527932,0.0002741600016481,0.0001948325296842,0.0001416948483806,2.884839201201112e-05,-3.091359988929674e-05,0.0001301732662539,1.1737516324623332e-05,3.327174330533109e-05,2.043431752473165e-06,-1.7101266021235487e-09,-1.7460402146828623e-05,9.239524258846268e-05,1.037005369073236e-06,2.2843847348106637e-07,1.6174424057093752e-08,1.282104462367926e-07,9.85568785329496e-08,1.0473827804938453e-07,1.0013631192271302e-08,1.111597413454792e-07,2.235792462783581e-07,1.724835092552473e-07,3.758817807583784e-08,3.247647971745514e-08,-8.421082062131343e-08,7.827067095607603e-08,1.1718046578344712e-07,1.4020781532206357e-08,5.1025830474163236e-08,1.847499834208615e-07,2.403661673302946e-08,-5.2486357400631644e-08,5.7318886904791464e-08,7.63070314393418e-08,8.62306642979362e-08,7.489635608510884e-08,8.96631695343288e-08,1.7017117109788377e-07,1.4425020530024611e-08,5.55233180612511e-08,-4.99230594759216e-09,8.88753359760976e-08,7.536490687702186e-08,1.3342499545919562e-08,1.8770394677968458e-07,6.58495140763593e-08,-9.53794833347692e-08,-1.5391226423876065e-07,1.1357700695761284e-08,-2.3450518188929655e-07,-3.1531552888804175e-08,-1.3609397941756538e-07,9.253262763897828e-09,-7.338166190117098e-08,-2.9190476657297224e-08,-4.220683751070434e-08,-3.377797575624789e-07,6.3797412692820525e-09,1.1453464451600547e-09,9.8343855687711e-09,-1.777534733531763e-07,-2.0707445178114674e-07,-1.091149658710639e-07,-3.103158468567645e-07,9.674420900441827e-08,-5.88045402087283e-09,-2.0139223880690267e-07,3.071915039291043e-09,-2.738096354074382e-11,2.2953997599049573e-09,-2.9145559228535425e-08,-3.042148309149539e-08,-2.033802427460717e-08,-2.6767440293976685e-07,-2.427393586444505e-07,-4.409009437619932e-07,-3.294337048813222e-08,-9.833766182329729e-08,-2.15032176051065e-07,4.2652965746160386e-07,no movement,no movement,no movement,no movement
133.33333333333334,0.0189054934833315,0.3262032362868302,-0.2911922221900631,0.0288021311296256,0.3440442230517258,-0.2813972820799407,0.0315791068177147,0.3439277791060671,-0.270362621946385,0.0306940215210725,0.3439344078538564,-0.2754724090464961,0.0110689695032868,0.352577549828947,-0.301967663322729,0.0123585989405544,0.3507149802393004,-0.314607123501891,0.0161401688818297,0.3409848471995632,-0.2946310714754172,0.0557284164881055,0.3473316679503953,-0.170206186704264,-0.0555539065372278,0.3093055918102396,-0.2050588013480164,0.0402915871416668,0.3248100634176724,-0.2364276650934372,0.0102447134870811,0.2957077187964719,-0.2744474130720802,0.1210154754843813,0.2314004819081037,-0.0288139548678161,-0.1214483559947101,0.2672732412291997,-0.0485615480834037,0.1598350709511945,0.0692996366697811,-0.0205410466157261,-0.1730706625403817,0.0300463169051476,-0.0853206660799629,0.1592208763875165,-0.0851778678849303,-0.0739455949860437,-0.1209934280587224,-0.10786693830858,-0.147196277693363,0.1476966858324373,-0.124974484025574,-0.0848046185620541,-0.0828119265653129,-0.1451321180097269,-0.1936440745107156,0.1180505397805564,-0.1244802942442609,-0.1033346538441454,-0.044065101811283,-0.1115108126110835,-0.2085703705477197,0.1501619151371009,-0.1083155474951255,-0.0825372730601335,-0.0996376569960348,-0.1032553505686268,-0.16663669,0.0751517637560312,-0.16561473973804,0.0540784115863478,-0.0722984473722515,-0.1645090170127922,-0.0527726618294994,0.069707590132357,-0.4937409279490218,0.0705906000051613,-0.0690154282206152,-0.4347572145807115,-0.0736570858111902,0.0577391586901305,-0.7674648631377863,0.2450923735311828,-0.1364569764610219,-0.7701267548076945,0.0510816982046199,0.0414451004341309,-0.7967718184630287,0.2652821581191695,-0.1417312689338219,-0.7989140964632453,0.0227547404334964,0.0909651382484173,-0.8179496833797275,0.2277030298774194,-0.1354225849026152,-0.8233271785301333,-0.0637582195290471,nijmegen_nijmegen_rennen_g_ch1_g11_compr.mp4,ch1g11,1.3486651411774911e-05,1.0134282192785373e-05,5.7853699477935505e-06,1.4006666706582865e-05,6.538144037879939e-06,9.350053005253483e-06,5.9087838048793585e-06,9.698472100403185e-06,9.797040241569713e-06,1.698118123050511e-06,2.1655231996946727e-05,2.3470945828246433e-06,4.875370796416501e-06,5.718018557581736e-06,1.069118624001632e-05,8.33242110347843e-06,5.865108170431431e-06,1.960108033121473e-05,3.479291501935063e-07,5.28964250797251e-06,1.641617611249811e-05,4.329363198029584e-06,4.8332705714855015e-06,4.385007243724732e-06,7.181505119471554e-06,1.8945281945090808e-06,5.386995634024426e-06,1.6834476431110355e-05,1.4642311681388513e-05,2.798189460851725e-05,1.934603582748513e-06,1.2063005853042936e-05,1.608589815473274e-05,2.639301892017334e-05,7.189928405384195e-06,-6.009720578808687e-05,-8.154142763305239e-05,-8.236669536147145e-05,-8.484704602075926e-05,-6.834818646786803e-05,-6.906011477752514e-05,-6.736734721284972e-05,-0.0001129223585472,-8.261204513248466e-05,-6.481638074467641e-05,-6.609780607465741e-05,1.473786122508859e-05,1.6511394163665335e-05,0.0001301500017216,0.0001883215715785,0.0001768383274812,0.0001499330058899,0.0002357078376455,0.0002545409523533,0.0002274839003857,0.000263142225736,0.0001880922510065,0.0001358766930056,2.778731007908476e-05,-2.9772921271345228e-05,0.0001252380068142,1.126605046837747e-05,3.2036537309243684e-05,3.0436293031732124e-06,5.4295570861526826e-08,-1.5557255640314548e-05,8.879328408537122e-05,1.2499192424610356e-06,6.428049299047451e-08,-2.0491257466008859e-07,1.1303260136331384e-07,-1.96013123394031e-07,4.5377146789705675e-08,-1.938163410109384e-07,9.209542922840664e-08,8.762524354167377e-08,8.685911315502079e-08,-7.879486253051492e-10,-4.274704150808333e-07,-7.931254599812436e-08,6.010219803351984e-08,1.0065590781672377e-07,-2.1770198022625675e-07,-1.7655932444741018e-07,6.567700473958437e-08,-3.959157187301381e-07,4.703850131225208e-08,2.8748596069226873e-08,-2.488578703873538e-07,7.237399997420431e-08,5.6271855525150765e-08,7.42275801671761e-08,1.0904615992071845e-07,-2.6032835251928764e-08,1.121116070667496e-08,-3.682584543251241e-07,-2.1434204800891067e-07,-5.221884058583603e-07,-2.9616086258449617e-08,2.792495652015921e-08,-2.621254199527338e-07,2.1961987241168962e-08,-8.154772340043838e-08,8.138856569299754e-08,-1.386932034398477e-07,3.452766476592393e-08,-6.907050278440488e-08,8.342476050998977e-08,-1.30338817974632e-08,6.900943928826447e-08,-3.6505595026502856e-08,-1.645326744554829e-07,7.547872897076457e-08,6.48675559730833e-08,8.043816349010584e-08,-9.400712572405503e-08,-1.6643657148773933e-07,-9.852954130060957e-08,-1.5348301009354365e-07,1.6537783153051204e-07,6.508707672012415e-08,-8.028558825719238e-08,5.6727494555746967e-08,6.354681297927436e-08,5.5880043866598626e-08,3.305472094270994e-08,-1.826480292920279e-08,4.567503454176003e-08,-1.2790325903728717e-07,-1.367905033820527e-07,-2.2797874387918047e-07,-2.1014551901902242e-08,4.238023612348313e-09,-9.733756018632013e-08,2.2601420139331746e-07,no movement,no movement,no movement,no movement
150.0,0.0188890367723516,0.3261245244246069,-0.2911287499044124,0.0288445523699041,0.3439423460633443,-0.2813249869958473,0.0316077973769484,0.3438249056400131,-0.2702968324469411,0.0307183555445202,0.343828974391369,-0.2754023192547275,0.0110901585263528,0.3524903494488275,-0.3018925277910271,0.0123796227403798,0.3506268496585139,-0.3145214507323693,0.0161859261504664,0.3408984931387247,-0.2945548154791992,0.0559312704356296,0.3472006422236364,-0.1701176666984798,-0.0553651270117985,0.309206686001328,-0.204912891761142,0.0402967179830386,0.3247281120661719,-0.2363616653406007,0.0102995610907953,0.2956255642806425,-0.2743660222456063,0.121195046332493,0.2314104485396193,-0.0285011776871264,-0.1211996173768481,0.2672863405101618,-0.0484613553982647,0.1599644459971336,0.0694246553761405,-0.0197311262116298,-0.1729241170272244,0.03023391640167,-0.0848801633974045,0.1594438248322324,-0.0850016659389439,-0.0726183116630626,-0.1209128911841886,-0.1077156518607272,-0.1465212743354098,0.147927441039704,-0.1247369460529656,-0.0833599332037894,-0.0827252348144312,-0.1448728493184354,-0.1928871065500927,0.1184646734288926,-0.1242537119581403,-0.1019347020301743,-0.0439872248007119,-0.1112423622958716,-0.2077993427403782,0.1504766994468156,-0.1081288018501062,-0.0811900163493437,-0.0995576179029525,-0.1031191329886584,-0.163466096,0.0751365399451409,-0.1655864453518884,0.0540793899643455,-0.072289364468482,-0.1645393389846818,-0.052769988904961,0.069814414398508,-0.4936089288504894,0.0709027554812903,-0.0690413430832256,-0.4347455293100233,-0.0734274143633148,0.0578608586278744,-0.7674234566290598,0.2450393549827957,-0.1364708680386306,-0.7701203268492374,0.0516215549833963,0.0415618807561934,-0.7967645870325506,0.2652022593418614,-0.1417730997044094,-0.7989265192150101,0.0233250950047534,0.0909716659307466,-0.8178528839455853,0.2276350218193548,-0.13555706946627,-0.8233186215976975,-0.0630828555132962,nijmegen_nijmegen_rennen_g_ch1_g11_compr.mp4,ch1g11,1.3361235949072898e-05,9.831367355903092e-06,5.864645951682983e-06,1.3633869326258763e-05,6.503907932360084e-06,9.06698580032194e-06,5.9713684480530285e-06,9.58517064458228e-06,9.746922169632896e-06,1.6212727172824333e-06,2.0996875509509793e-05,2.330635419157297e-06,4.928286611222744e-06,5.790793533787656e-06,1.03362783828091e-05,8.00488366949507e-06,5.7753856843119054e-06,1.899996325170406e-05,4.850079235370007e-07,5.314497195657567e-06,1.5969302370481107e-05,4.392291209832854e-06,4.8848548207143e-06,4.442155530327951e-06,7.173972135602091e-06,1.841188989117532e-06,5.374765472505765e-06,1.6304655709132396e-05,1.425227699430066e-05,2.714907746121592e-05,1.8767749986486385e-06,1.1933826290090402e-05,1.5639098979993398e-05,2.559723863022117e-05,7.190348314809853e-06,-6.42870613502969e-05,-8.609293071324764e-05,-8.694728343997817e-05,-8.939511330756696e-05,-7.270132325820794e-05,-7.337685112561913e-05,-7.170461553549079e-05,-0.000115880445779,-8.55523337051149e-05,-6.840434213836337e-05,-6.91396207127617e-05,1.2979817941309283e-05,1.4631253437208776e-05,0.0001244064368763,0.0001817324531272,0.0001716161528404,0.0001449722880964,0.0002292259534683,0.0002472200377072,0.0002213335031795,0.0002557484564527,0.0001826238365622,0.0001310895318583,2.712563664513862e-05,-2.90608935073379e-05,0.0001235375682329,1.1012068663459296e-05,3.4161608940766335e-05,5.6072174517874715e-06,2.4892480387976024e-06,-1.2257712179581951e-05,8.847136113348125e-05,4.009661440446766e-06,-9.05882545894879e-09,-3.226876119984926e-07,1.4367354626181088e-07,-3.713568230323005e-07,3.9523219709903875e-08,-3.001714648797368e-07,1.246456831695619e-07,-7.255431709544382e-09,6.664386225803588e-08,-3.3299518603932234e-08,-6.674501490639661e-07,-3.3618385342319333e-09,9.069734589578397e-08,1.323112540142441e-07,-3.409494236404777e-07,-3.345610956052791e-07,-4.111661096771039e-08,-6.153657827845052e-07,1.942170636888037e-07,5.885737789270332e-08,-4.1892038430909986e-07,9.785324360294629e-08,8.699361236568117e-08,9.546941163486546e-08,9.010354598416213e-08,-5.0614279767454955e-08,2.1805898479921407e-08,-5.511699830408278e-07,-3.8750167847765124e-07,-8.457717043872307e-07,-5.6177823897630475e-08,-4.4226817331893887e-08,-4.366764706720304e-07,8.942309198632633e-08,-2.4323640984016642e-08,1.2080231434186398e-07,-5.805643300386717e-08,7.668677763080092e-08,-1.7379115092845832e-08,1.2681423370085508e-07,1.0162005298089216e-08,1.185674515789131e-07,-2.8029641849916692e-08,-1.909979812871996e-08,1.4084098571229797e-07,1.064514923511647e-07,1.213660022324437e-07,-2.0282513202756057e-08,-1.1327724869760097e-07,-8.886112885418253e-08,-2.0550561418740034e-08,2.1722193791519657e-07,1.1344503456646912e-07,3.113268139434939e-09,9.036269940061573e-08,1.0566173177550473e-07,8.787679989062098e-08,6.657164219795714e-08,-8.252554458595216e-09,9.030369671733356e-08,-7.590888371771465e-09,-4.653589577537555e-08,-5.047487676020604e-08,-1.0759461110109772e-08,6.802966238037616e-08,-1.1822050256333856e-08,6.65671905066191e-08,no movement,no movement,no movement,no movement
166.66666666666666,0.0188725800613717,0.3260458125623835,-0.2910652776187616,0.0288869736101825,0.3438404690749628,-0.2812526919117538,0.0316364879361822,0.3437220321739591,-0.2702310429474973,0.0307426895679679,0.3437235409288818,-0.2753322294629589,0.0111113475494189,0.3524031490687079,-0.3018173922593252,0.0124006465402051,0.3505387190777273,-0.3144357779628476,0.0162316834191032,0.3408121390778862,-0.2944785594829812,0.0561341243831537,0.3470696164968775,-0.1700291466926956,-0.0551763474863692,0.3091077801924164,-0.2047669821742677,0.0403018488244104,0.3246461607146714,-0.2362956655877642,0.0103544086945094,0.2955434097648129,-0.2742846314191324,0.1213746171806047,0.2314204151711349,-0.0281884005064368,-0.1209508787589862,0.2672994397911241,-0.0483611627131257,0.1600938210430727,0.0695496740824998,-0.0189212058075334,-0.172777571514067,0.0304215158981923,-0.0844396607148461,0.1596667732769481,-0.0848254639929576,-0.0712910283400815,-0.1208323543096548,-0.1075643654128743,-0.1458462709774565,0.1481581962469708,-0.1244994080803573,-0.0819152478455246,-0.0826385430635495,-0.1446135806271439,-0.1921301385894698,0.1188788070772288,-0.1240271296720199,-0.1005347502162032,-0.0439093477901409,-0.1109739119806595,-0.2070283149330367,0.1507914837565303,-0.1079420562050868,-0.0798427596385539,-0.0994775788098703,-0.1029829154086901,-0.160489812,0.0751213161342506,-0.1655581509657367,0.0540803683423433,-0.0722802815647124,-0.1645696609565714,-0.0527673159804227,0.0699212386646591,-0.4934769297519569,0.0712149109574193,-0.0690672579458359,-0.4347338440393351,-0.0731977429154393,0.0579825585656183,-0.7673820501203332,0.2449863364344086,-0.1364847596162392,-0.7701138988907802,0.0521614117621727,0.0416786610782559,-0.7967573556020724,0.2651223605645533,-0.141814930474997,-0.7989389419667747,0.0238954495760103,0.0909781936130759,-0.8177560845114428,0.2275670137612903,-0.1356915540299248,-0.8233100646652619,-0.0624074914975454,nijmegen_nijmegen_rennen_g_ch1_g11_compr.mp4,ch1g11,1.5402670309525275e-05,1.0506656514491204e-05,7.286106391854847e-06,1.4696800453049803e-05,7.446093623806324e-06,9.6639599852798e-06,7.350553818075906e-06,1.0840336060808055e-05,1.146749601316142e-05,1.654081928811292e-06,2.215108603384017e-05,2.5660127316627027e-06,6.068432847344879e-06,7.1724289960473465e-06,1.0750278253728785e-05,8.07268342413781e-06,6.358879827114673e-06,2.005080547266371e-05,1.0449539402367848e-06,6.419633123293698e-06,1.7127444795590565e-05,5.47342076475858e-06,6.009054080482316e-06,5.542515078353565e-06,8.325173661850653e-06,1.938316341029378e-06,6.376677211798737e-06,1.7149537145990757e-05,1.5311952657059487e-05,2.8673529142247083e-05,1.9599753739641965e-06,1.3611587575105869e-05,1.6761666698598544e-05,2.713044197068261e-05,8.390497317631904e-06,-9.217391016367472e-05,-0.0001188635606445,-0.0001199412787753,-0.0001226160495861,-0.0001023260391704,-0.0001030786888832,-0.000101297397604,-0.0001470261556363,-0.000111815044093,-9.461937753162097e-05,-9.336569082487502e-05,7.599921419666383e-06,1.0586614953622436e-05,0.0001218149159768,0.0001897619194996,0.000180116560739,0.0001534004708687,0.0002430378776257,0.0002642270639661,0.0002340537732431,0.00027345476091,0.0001919001806745,0.0001372899820115,2.917198573138523e-05,-3.1263899462534756e-05,0.000138879704978,1.1946340133679064e-05,5.014248400276796e-05,1.5540086165387126e-05,1.4132098314509043e-05,-2.774034685410499e-06,0.0001032615490936,1.4860958862222026e-05,7.517139027275624e-07,1.4170187091923828e-07,6.142629036410766e-07,1.585917183918643e-07,4.768604265456798e-07,1.4256410434591305e-07,6.14388460181943e-07,4.078330173554552e-07,7.278418527830453e-07,-3.5524841197685303e-09,2.283784387988535e-07,3.363173207753856e-07,4.994968279961987e-07,6.023194506509117e-07,8.180327925323351e-08,-2.1376398269353265e-07,2.9429978394200722e-08,1.961618441527863e-07,5.879512337884138e-07,5.03146419591539e-07,3.619688612040372e-07,4.511986055946569e-07,4.927736545011497e-07,4.50198865577135e-07,5.245180075989031e-07,1.3752898870213038e-08,4.312709867768302e-07,1.5676599227412113e-07,1.887120670403525e-07,2.753525781336717e-07,5.470787349321838e-09,5.99184895319423e-07,3.034947600712725e-07,3.919911515154689e-08,4.7616962243428114e-08,7.892205788969747e-08,3.71993833395441e-08,7.402548453867759e-08,4.6206482763245896e-08,9.420444348992636e-08,-6.227415936922363e-08,4.401871376597617e-08,-1.4471922564943314e-08,1.96309137620971e-07,2.5279829639593946e-07,9.843006225102013e-08,8.64343300094453e-08,9.800532497924623e-08,2.2220386235666523e-08,-9.267552575577825e-08,1.80169386220042e-07,2.5655687438685933e-07,1.1947689747660665e-07,7.098207172815522e-08,7.388212076424335e-08,1.0085517167659615e-07,6.259647497342314e-08,2.9053005870944354e-08,5.959704413770053e-09,9.436309264635819e-08,1.8257383877374834e-07,6.831708460285115e-08,2.078228427838346e-07,5.6195204022044655e-09,5.3990395845841945e-08,7.276663046673915e-08,2.158458235477461e-07,no movement,no movement,no movement,no movement
183.33333333333331,0.0188561233503918,0.3259671007001601,-0.291001805333111,0.028929394850461,0.3437385920865813,-0.2811803968276604,0.031665178495416,0.3436191587079051,-0.2701652534480535,0.0307670235914155,0.3436181074663945,-0.2752621396711902,0.0111325365724849,0.3523159486885883,-0.3017422567276233,0.0124216703400304,0.3504505884969408,-0.3143501051933259,0.01627744068774,0.3407257850170476,-0.2944023034867631,0.0563369783306778,0.3469385907701187,-0.1699406266869114,-0.0549875679609399,0.3090088743835048,-0.2046210725873934,0.0403069796657822,0.3245642093631709,-0.2362296658349277,0.0104092562982237,0.2954612552489836,-0.2742032405926586,0.1215541880287165,0.2314303818026505,-0.0278756233257471,-0.1207021401411244,0.2673125390720862,-0.0482609700279866,0.1602231960890119,0.0696746927888593,-0.0181112854034371,-0.1726310260009097,0.0306091153947146,-0.0839991580322877,0.1598897217216639,-0.0846492620469712,-0.0699637450171004,-0.120751817435121,-0.1074130789650216,-0.1451712676195032,0.1483889514542375,-0.1242618701077489,-0.0804705624872599,-0.0825518513126678,-0.1443543119358524,-0.1913731706288469,0.119292940725565,-0.1238005473858994,-0.0991347984022321,-0.0438314707795698,-0.1107054616654476,-0.2062572871256953,0.1511062680662449,-0.1077553105600674,-0.0784955029277642,-0.0993975397167881,-0.1028466978287216,-0.159424931,0.0751060923233604,-0.165529856579585,0.0540813467203411,-0.0722711986609428,-0.1645999829284609,-0.0527646430558843,0.0700280629308103,-0.4933449306534245,0.0715270664335484,-0.0690931728084463,-0.434722158768647,-0.0729680714675639,0.0581042585033622,-0.767340643611607,0.2449333178860215,-0.1364986511938479,-0.7701074709323231,0.0527012685409492,0.0417954414003185,-0.7967501241715943,0.2650424617872452,-0.1418567612455845,-0.7989513647185396,0.0244658041472673,0.0909847212954052,-0.8176592850773006,0.2274990057032258,-0.1358260385935796,-0.8233015077328262,-0.0617321274817946,nijmegen_nijmegen_rennen_g_ch1_g11_compr.mp4,ch1g11,1.659353853932772e-05,1.0738507395209022e-05,8.243674914463486e-06,1.515389137963539e-05,8.249444391876528e-06,9.896766216040685e-06,8.290578599775105e-06,1.1444090641162693e-05,1.2484917639085987e-05,1.64154597275575e-06,2.258713877728689e-05,3.097254075008061e-06,6.8561630872901005e-06,8.104246813886446e-06,1.08767018079799e-05,8.044774729568453e-06,6.543820296594868e-06,2.04158351659701e-05,1.8422685721398208e-06,7.1968166126090455e-06,1.754622811742984e-05,6.178351437748363e-06,6.791295045336414e-06,6.259836602072315e-06,9.240202829998233e-06,1.9853320286987683e-06,7.058971006736365e-06,1.7420451352624495e-05,1.5812141865015222e-05,2.925303651759369e-05,1.9949550000406294e-06,1.4604418209214097e-05,1.7162950037770935e-05,2.7689903079852343e-05,9.422064626789684e-06,-0.0001123551235644,-0.0001415072255818,-0.0001427290737568,-0.0001455399211207,-0.0001228758616012,-0.0001238355733587,-0.0001219660669082,-0.0001679555159289,-0.0001300257003429,-0.0001131928290419,-0.0001107380536178,3.25179956467396e-06,7.347894861716527e-06,0.0001182222154738,0.0001911514513311,0.0001803168696215,0.0001556091339203,0.0002456326751188,0.0002699358062766,0.0002338806037016,0.0002795055225588,0.0001916067678133,0.0001387888600462,3.001955941239166e-05,-3.218781543435991e-05,0.0001467668628603,1.2375398009735917e-05,5.880857212594148e-05,1.872998888116556e-05,2.0253121925632274e-05,-1.3826979950326464e-07,0.000112118407619,2.1756145717997777e-05,8.806312814234577e-07,3.126181264463593e-07,7.336968183405023e-07,3.018012510071338e-07,5.763511637264032e-07,3.129104967663238e-07,7.511436301092982e-07,4.116236740916209e-07,8.438221015629891e-07,-1.1838028049794331e-08,5.977204443684594e-07,5.795980339885149e-07,6.327108713170167e-07,7.296854679462635e-07,2.611879936708731e-07,-1.5820378447755666e-07,-3.919273192794567e-08,5.311707023852523e-07,8.237915852741933e-07,6.617769709407285e-07,6.278626398978483e-07,5.580222477742002e-07,6.279454767226455e-07,5.446827940858137e-07,5.815837005159515e-07,3.13700491029134e-08,5.641271410116027e-07,4.772342171599573e-07,3.540401752776986e-07,7.126043127893122e-07,2.3048127404488514e-08,7.287377514545423e-07,5.565497094928008e-07,-3.8546929762873046e-08,5.0251946710024576e-08,3.149897424148867e-08,5.7305435059038586e-08,4.346899201094927e-08,4.4121990277431063e-08,4.91920682127986e-08,-1.4075925765950258e-07,-4.351878917677616e-08,3.291835294767159e-10,2.3335943547365173e-07,2.940362222633685e-07,7.441942474198133e-08,4.2511032756062555e-08,1.2563279399662168e-07,9.460206829370773e-08,-8.629580989057396e-08,2.186833277781019e-07,2.555866932903078e-07,9.910119102200605e-08,3.3757575793645325e-08,4.9569022284607774e-08,7.89968988903725e-08,3.2693160842329034e-08,-2.0392124018612055e-08,7.465771592093548e-09,7.410441684139683e-08,2.2244588693729838e-07,9.452985070757004e-08,2.48571006403876e-07,8.527941347678854e-09,2.546211840103912e-09,5.190862665509216e-08,2.6659884204206837e-07,no movement,no movement,no movement,no movement
199.99999999999997,0.0188396666394119,0.3258883888379367,-0.2909383330474602,0.0289718160907394,0.3436367150981999,-0.281108101743567,0.0316938690546497,0.3435162852418511,-0.2700994639486097,0.0307913576148633,0.3435126740039071,-0.2751920498794216,0.0111537255955509,0.3522287483084687,-0.3016671211959214,0.0124426941398557,0.3503624579161543,-0.3142644324238042,0.0163231979563767,0.3406394309562092,-0.2943260474905451,0.0565398322782018,0.3468075650433598,-0.1698521066811272,-0.0547987884355106,0.3089099685745932,-0.2044751630005191,0.040312110507154,0.3244822580116702,-0.2361636660820912,0.0104641039019379,0.2953791007331541,-0.2741218497661847,0.1217337588768282,0.2314403484341661,-0.0275628461450574,-0.1204534015232624,0.2673256383530484,-0.0481607773428476,0.1603525711349509,0.0697997114952187,-0.0173013649993408,-0.1724844804877522,0.0307967148912369,-0.0835586553497293,0.1601126701663796,-0.0844730601009849,-0.0686364616941194,-0.1206712805605872,-0.1072617925171688,-0.1444962642615499,0.1486197066615042,-0.1240243321351406,-0.0790258771289952,-0.0824651595617861,-0.1440950432445609,-0.190616202668224,0.1197070743739012,-0.123573965099779,-0.097734846588261,-0.0437535937689988,-0.1104370113502356,-0.2054862593183538,0.1514210523759596,-0.107568564915048,-0.0771482462169744,-0.0993175006237059,-0.1027104802487533,-0.160506442,0.0750908685124701,-0.1655015621934334,0.0540823250983389,-0.0722621157571732,-0.1646303049003506,-0.0527619701313459,0.0701348871969614,-0.4932129315548921,0.0718392219096774,-0.0691190876710566,-0.4347104734979588,-0.0727384000196885,0.0582259584411061,-0.7672992371028807,0.2448802993376344,-0.1365125427714565,-0.7701010429738658,0.0532411253197256,0.041912221722381,-0.7967428927411163,0.2649625630099371,-0.1418985920161721,-0.7989637874703044,0.0250361587185242,0.0909912489777345,-0.8175624856431579,0.2274309976451613,-0.1359605231572344,-0.8232929508003907,-0.0610567634660437,nijmegen_nijmegen_rennen_g_ch1_g11_compr.mp4,ch1g11,1.757466021129311e-05,1.0990526621691868e-05,8.938574162544591e-06,1.5379203669105384e-05,8.776511091297292e-06,1.0166687341658832e-05,9.018621367001686e-06,1.190568320288724e-05,1.3478706343579825e-05,1.7025692306575294e-06,2.3329739020931077e-05,3.836805870738068e-06,7.43851064426982e-06,8.797067200833694e-06,1.1395068408522382e-05,7.98052472288991e-06,6.546215617165954e-06,2.1088326714769888e-05,2.833145295009803e-06,7.827808643475551e-06,1.836995070222618e-05,6.673127142038312e-06,7.365838362982205e-06,6.756842999292048e-06,9.75869819703456e-06,2.0004639315905377e-06,7.601076661126558e-06,1.804662557002056e-05,1.6163864407504608e-05,3.0116959185066658e-05,2.0032426724878524e-06,1.5275123631412906e-05,1.782043640753227e-05,2.8510346532747843e-05,1.016163878335782e-05,-0.0001290457841311,-0.0001599689832757,-0.0001614312874809,-0.0001644559467975,-0.0001402294012987,-0.0001412875833318,-0.0001390653194619,-0.0001856305127354,-0.0001453633437086,-0.0001285883824582,-0.0001253013193175,1.718990985363383e-07,4.020101933361028e-06,0.0001179308260408,0.0001896990857663,0.000184803208932,0.0001586405855622,0.000254292378288,0.0002799434758954,0.0002415378101008,0.0002921060144908,0.0001954050526191,0.000141433152528,3.082428603613178e-05,-3.302493073570845e-05,0.0001530692347161,1.2607974447069049e-05,6.4451506890742e-05,2.0454844547091035e-05,2.3258250536139665e-05,1.2479941639401234e-06,0.0001176322881288,2.8185750312500622e-05,8.164996238039397e-07,3.860779041356478e-07,7.655903109546037e-07,3.689092649443138e-07,5.726233806013735e-07,3.829633226790442e-07,8.010844138942774e-07,2.3484293624397467e-07,7.597446345033419e-07,-2.6097850391514707e-08,8.454486322888396e-07,8.895156591264162e-07,7.136484902097685e-07,7.742040509968901e-07,4.00598486564071e-07,-4.0146561845275504e-08,-1.3520861364261936e-07,7.543458564415583e-07,1.0813808230259583e-06,7.677399010981907e-07,6.829183972675217e-07,6.160828950781338e-07,7.137391688060474e-07,5.80449003957067e-07,5.106824826729439e-07,4.103441944294367e-08,6.404816854693778e-07,7.175652990146669e-07,4.447567135712899e-07,9.640778465961974e-07,3.3857457147529773e-08,7.204494380993716e-07,6.300622208864188e-07,-1.3251169451212477e-07,3.5008183278093166e-08,-1.973561348003259e-08,5.4287727578969656e-08,-6.23819381671521e-10,2.6535714811115513e-08,-3.876061048972062e-09,-2.29982515920348e-07,-1.470905111168732e-07,1.7791682098217036e-08,1.843565715856194e-07,2.945158916472989e-07,4.3020969741973206e-08,-6.9096842380716525e-09,1.0926178691742825e-07,1.4506991820684516e-07,-6.764623858442998e-08,1.797329608148172e-07,2.221207231259539e-07,6.547098420771564e-08,-4.1992187432439595e-08,2.2255592112424833e-08,4.9415161663756145e-08,1.1901249633157986e-09,-7.517968747265263e-08,3.5477335359195463e-09,4.148488568065777e-08,1.906595156863407e-07,8.485284566496387e-08,1.869575643364034e-07,5.695286824199382e-09,-6.834611605320147e-08,-8.039113447881694e-09,2.2904567069530147e-07,no movement,no movement,no movement,no movement
216.66666666666663,0.018823209928432,0.3258096769757133,-0.2908748607618095,0.0290142373310178,0.3435348381098184,-0.2810358066594735,0.0317225596138835,0.3434134117757971,-0.2700336744491658,0.030815691638311,0.3434072405414197,-0.2751219600876529,0.011174914618617,0.3521415479283492,-0.3015919856642195,0.012463717939681,0.3502743273353677,-0.3141787596542826,0.0163689552250134,0.3405530768953706,-0.294249791494327,0.0567426862257259,0.3466765393166009,-0.169763586675343,-0.0546100089100814,0.3088110627656816,-0.2043292534136448,0.0403172413485258,0.3244003066601697,-0.2360976663292548,0.0105189515056521,0.2952969462173246,-0.2740404589397108,0.1219133297249399,0.2314503150656817,-0.0272500689643678,-0.1202046629054006,0.2673387376340106,-0.0480605846577085,0.1604819461808901,0.069924730201578,-0.0164914445952445,-0.1723379349745949,0.0309843143877593,-0.0831181526671709,0.1603356186110953,-0.0842968581549987,-0.0673091783711383,-0.1205907436860535,-0.107110506069316,-0.1438212609035966,0.1488504618687709,-0.1237867941625322,-0.0775811917707304,-0.0823784678109045,-0.1438357745532694,-0.189859234707601,0.1201212080222374,-0.1233473828136585,-0.09633489477429,-0.0436757167584278,-0.1101685610350236,-0.2047152315110123,0.1517358366856743,-0.1073818192700286,-0.0758009895061846,-0.0992374615306237,-0.1025742626687848,-0.162742764,0.0750756447015798,-0.1654732678072817,0.0540833034763367,-0.0722530328534036,-0.1646606268722402,-0.0527592972068075,0.0702417114631126,-0.4930809324563596,0.0721513773858064,-0.069145002533667,-0.4346987882272706,-0.0725087285718131,0.0583476583788501,-0.7672578305941542,0.2448272807892473,-0.1365264343490651,-0.7700946150154087,0.053780982098502,0.0420290020444435,-0.7967356613106382,0.2648826642326289,-0.1419404227867597,-0.798976210222069,0.0256065132897812,0.0909977766600638,-0.8174656862090157,0.2273629895870968,-0.1360950077208892,-0.8232843938679549,-0.0603813994502929,nijmegen_nijmegen_rennen_g_ch1_g11_compr.mp4,ch1g11,1.807646132205423e-05,1.1172725999547071e-05,9.448848032789216e-06,1.5552802353615354e-05,9.351305892410764e-06,1.0353218462173802e-05,9.592069214587157e-06,1.195935638371169e-05,1.4027942483516118e-05,1.8001200355755052e-06,2.4101646270497572e-05,4.845317057226645e-06,7.948236678636556e-06,9.326301735139084e-06,1.1873812648122997e-05,7.961509898710527e-06,6.482700952246402e-06,2.1758287411126515e-05,4.006862744815314e-06,8.420102791332977e-06,1.8873182236267723e-05,7.077325998731739e-06,7.87798778156064e-06,7.129934167974098e-06,1.019840192776448e-05,2.0407242725416765e-06,8.093227663917676e-06,1.8727028355939672e-05,1.6481390261669894e-05,3.090656811919934e-05,2.038720119748003e-06,1.5713127303743898e-05,1.8222173925017928e-05,2.929860892872685e-05,1.095729669836585e-05,-0.0001360704708258,-0.0001674777255324,-0.0001689763213726,-0.000172225874478,-0.000147225167438,-0.0001484537800116,-0.0001459843392086,-0.0001930424441318,-0.0001515597076026,-0.0001348504783734,-0.0001315917342936,-5.148320458506195e-07,3.1278376175879365e-06,0.0001200199360284,0.0001887485796096,0.0001868726341235,0.0001613073042909,0.0002578607549505,0.0002865354286901,0.0002413736596119,0.0003001933975243,0.0001961176148183,0.0001437583957058,3.11881634330518e-05,-3.342568389970084e-05,0.0001560011560704,1.333181991322551e-05,6.143772526762406e-05,1.7846727218526908e-05,1.837668104021588e-05,-2.175260417663669e-06,0.0001148533619031,2.9570740199869297e-05,5.656028556494424e-07,3.401389036556414e-07,6.960725321870487e-07,3.363487097954733e-07,5.187703682833515e-07,3.3728331976747165e-07,7.472721255043652e-07,-8.586741732266304e-08,4.995502849434596e-07,-1.5310889885484837e-08,9.506399590688714e-07,1.2223525928287363e-06,7.244011991442465e-07,7.194841108641493e-07,4.798035287495674e-07,1.2526810057881253e-07,-2.0891858997111796e-07,8.677455385277049e-07,1.3254735859456177e-06,7.993728882902061e-07,5.282296643850774e-07,6.086880580130642e-07,7.323746186119126e-07,5.456932136547272e-07,3.719594947842667e-07,3.6853915012916633e-08,6.444745025656573e-07,8.59813093042107e-07,4.511614246207201e-07,1.0339484222561627e-06,3.2238875301440674e-08,5.659688348889161e-07,5.130889552124562e-07,-2.152649964288468e-07,1.3945365412685226e-08,-6.352508168311727e-08,3.4187668037161395e-08,-5.6398617057494745e-08,7.156788475731576e-09,-5.3290199912027006e-08,-3.062265242411727e-07,-2.3735622951759895e-07,3.9448266756684326e-08,6.470075531564245e-08,2.5339431509166305e-07,1.0712771385498154e-08,-5.0933838905441255e-08,6.42393639334543e-08,1.709185028712967e-07,-3.7745264868798984e-08,7.649220597983798e-08,1.605537219384019e-07,2.577741834063764e-08,-1.223837944287822e-07,-1.7675318825112524e-09,1.793609877940188e-08,-2.4709283741397762e-08,-1.3060207439406598e-07,-5.398824644512092e-09,4.246652420744954e-09,9.8327789473953e-08,4.6550867000458726e-08,4.3528346833096227e-08,-2.616557767996834e-09,-1.4229210567366756e-07,-7.844483678364165e-08,1.231191289918885e-07,no movement,no movement,no movement,no movement
233.3333333333333,0.018806753217452,0.3257309651134899,-0.2908113884761588,0.0290566585712962,0.3434329611214368,-0.2809635115753801,0.0317512501731173,0.3433105383097431,-0.269967884949722,0.0308400256617587,0.3433018070789325,-0.2750518702958843,0.0111961036416831,0.3520543475482296,-0.3015168501325176,0.0124847417395063,0.3501861967545813,-0.3140930868847609,0.0164147124936502,0.3404667228345321,-0.294173535498109,0.0569455401732499,0.3465455135898421,-0.1696750666695588,-0.0544212293846521,0.3087121569567699,-0.2041833438267705,0.0403223721898976,0.3243183553086692,-0.2360316665764183,0.0105737991093663,0.2952147917014952,-0.273959068113237,0.1220929005730516,0.2314602816971973,-0.0269372917836781,-0.1199559242875386,0.2673518369149728,-0.0479603919725695,0.1606113212268291,0.0700497489079374,-0.0156815241911481,-0.1721913894614375,0.0311719138842816,-0.0826776499846125,0.1605585670558111,-0.0841206562090123,-0.0659818950481572,-0.1205102068115197,-0.1069592196214633,-0.1431462575456433,0.1490812170760377,-0.1235492561899239,-0.0761365064124657,-0.0822917760600228,-0.1435765058619779,-0.1891022667469781,0.1205353416705735,-0.1231208005275381,-0.0949349429603189,-0.0435978397478567,-0.1099001107198117,-0.2039442037036708,0.1520506209953889,-0.1071950736250092,-0.0744537327953949,-0.0991574224375414,-0.1024380450888165,-0.162782639,0.0750604208906895,-0.16544497342113,0.0540842818543344,-0.072243949949634,-0.1646909488441298,-0.0527566242822692,0.0703485357292636,-0.4929489333578271,0.0724635328619355,-0.0691709173962774,-0.4346871029565824,-0.0722790571239377,0.058469358316594,-0.7672164240854277,0.2447742622408602,-0.1365403259266738,-0.7700881870569515,0.0543208388772784,0.0421457823665061,-0.7967284298801602,0.2648027654553208,-0.1419822535573472,-0.7989886329738338,0.0261768678610382,0.0910043043423931,-0.8173688867748732,0.2272949815290323,-0.136229492284544,-0.8232758369355193,-0.0597060354345421,nijmegen_nijmegen_rennen_g_ch1_g11_compr.mp4,ch1g11,1.814943121194168e-05,1.140887842666966e-05,9.854017533825362e-06,1.5676678445296383e-05,9.685575061994812e-06,1.0582367089505152e-05,1.006993316647977e-05,1.153163507794686e-05,1.4128618393614892e-05,1.9954946086814237e-06,2.477580993614901e-05,6.185928151780152e-06,8.465789264870773e-06,9.770554473790164e-06,1.223119485883412e-05,8.153417740750326e-06,5.931996604735596e-06,2.238024211123445e-05,5.415370263135855e-06,9.035375720931574e-06,1.908540133214117e-05,7.487282588005014e-06,8.408599115766026e-06,7.451450751592199e-06,1.0296675828600285e-05,2.06530020064478e-06,8.564926047049886e-06,1.9389931732171163e-05,1.6685447111401824e-05,3.1551815737073135e-05,2.0616508623563645e-06,1.5938513627574553e-05,1.849171896991669e-05,3.0024861936148468e-05,1.1633905973753504e-05,-0.0001286532287828,-0.0001589629167984,-0.0001601647865181,-0.0001635658822715,-0.0001388847488659,-0.0001403393087617,-0.0001377907122373,-0.0001857048452246,-0.00014429605787,-0.000127610499655,-0.0001252194718711,2.1788918251861727e-06,6.240421267327323e-06,0.000123114457306,0.0001897738375951,0.0001868445695221,0.0001654602308012,0.0002570156750576,0.0002914474507032,0.0002360367750209,0.0003044471371929,0.0001942881804967,0.0001478695312566,3.1002758452684676e-05,-3.323196600331655e-05,0.0001523120590695,1.3493892109226163e-05,5.195791268248904e-05,8.931351589143704e-06,8.426580345135545e-06,-1.2336235803784796e-05,0.000104548266987,2.4400172163240888e-05,1.6964000123066002e-07,2.51016231088504e-07,5.397776821070796e-07,2.444331820199276e-07,3.846025338170354e-07,2.4929691714565497e-07,6.005289662896846e-07,-5.167358869169466e-07,1.0225551728957664e-07,3.0362013949308574e-08,8.506675542727866e-07,1.507779590076738e-06,6.659585911427035e-07,5.779470280822478e-07,4.5737600578255764e-07,3.105569565126489e-07,-3.007611202559568e-07,8.055840893078044e-07,1.5037242134671753e-06,7.5293057735843e-07,2.387953340810248e-07,5.421272641853789e-07,6.828200484227609e-07,4.530601882848878e-07,1.527220390524644e-07,1.7210819498527312e-08,5.783083567979667e-07,8.385218786273243e-07,3.7943485043270283e-07,8.639443125569789e-07,1.584560111965292e-08,2.794831322952816e-07,2.7403393888535104e-07,-2.670913412640767e-07,6.988401843864102e-09,-9.095472994426835e-08,6.6584842821255944e-09,-1.1285541829442693e-07,5.972475293831547e-09,-8.879831671905776e-08,-3.517712131275573e-07,-2.953384996852854e-07,6.532506990435054e-08,-8.795690135879689e-08,1.7497548275627288e-07,-1.6052902550445572e-08,-8.07035196679604e-08,2.558597733090569e-09,1.745552995180913e-07,9.808016269098998e-09,-5.7523389370781235e-08,7.850458181167958e-08,-1.2099526122220752e-08,-1.674919434687131e-07,-1.7399782265730356e-08,-9.171225345566393e-09,-3.9044821731612554e-08,-1.7434358115594385e-07,-1.6075336285588925e-08,-2.8749325262205037e-08,-2.4762310255467625e-08,-6.263741277113396e-09,-1.3722196251382205e-07,-1.330524284082153e-08,-2.012623661685022e-07,-1.2308613279986038e-07,2.6700030052688143e-08,no movement,no movement,no movement,no movement
249.99999999999991,0.0187816783261122,0.3254066596227457,-0.2910387825333333,0.0291369780252787,0.3430310299367341,-0.2811832145999999,0.0318083721082288,0.3429069664832447,-0.2701996457333333,0.0308902419387147,0.3428918161255351,-0.2752670526666666,0.011235898067857,0.3516994206791443,-0.3016607298333333,0.0125250269897511,0.3498307126273839,-0.3142163597,0.0164961320080861,0.3401151706042989,-0.2943121203666666,0.0573240376722426,0.3461245899031115,-0.1698767523333333,-0.0540430865530704,0.3083751388356425,-0.2040717393999999,0.0403478274376513,0.3240099889884896,-0.2362356066,0.0106736828194963,0.2949240358227528,-0.2740693135,0.122535014105477,0.2314381463507043,-0.0266091301199999,-0.1195518959438046,0.2673295847778825,-0.0478295525533333,0.1608476445899619,0.0701573539592693,-0.0145533237360999,-0.1718806945162635,0.0314036850950224,-0.0820619548533333,0.1609085198429088,-0.083868387324266,-0.06396338331,-0.1203610366014246,-0.1067314641123747,-0.1423653733,0.1494366309787559,-0.1231948960025687,-0.0739245093033333,-0.0821361715874473,-0.1431629028584679,-0.1882883782666666,0.1211638797648027,-0.1227877270066703,-0.09281445425,-0.0434551057618658,-0.1094649766448314,-0.2030771622333333,0.1525362242555837,-0.1069299681704325,-0.0724003231,-0.098999916912442,-0.1022390687705346,-0.161662474,0.0750501383953201,-0.1653987824169337,0.0540442975033333,-0.0722442422685222,-0.1647405286209455,-0.0527039858533333,0.0705660595929207,-0.4926909369540924,0.0730028322066666,-0.069194555792623,-0.4346673400779368,-0.0715666865733333,0.0587894191219985,-0.7670710025243387,0.2447787881333332,-0.1362386619372487,-0.7700078829715369,0.05594248941,0.0424530678072457,-0.7966620911719849,0.2647717040999999,-0.1417074473068718,-0.7989321312988834,0.0279103547233333,0.0909401727884782,-0.8171817192880424,0.2271931861666666,-0.1363606184380095,-0.823170259202305,-0.0577465260733333,nijmegen_nijmegen_rennen_g_ch1_g11_compr.mp4,ch1g11,1.7838647741671953e-05,1.1788518440549949e-05,1.0159206124738248e-05,1.5790294490126315e-05,9.804858339943328e-06,1.0966128626869436e-05,1.04458378581474e-05,1.06345497834537e-05,1.3818527202685811e-05,1.913933053297007e-06,2.540020683057651e-05,7.534530511247131e-06,8.983786549326027e-06,1.0129210254848865e-05,1.2475986543871116e-05,8.161314652804287e-06,5.2106872701760055e-06,2.301141491958816e-05,6.7216952073703936e-06,9.650856831561285e-06,1.9206113169004413e-05,7.903891665239144e-06,8.946413097798167e-06,7.733983959454966e-06,1.0119416148886648e-05,2.0492820827224963e-06,9.001832276185113e-06,2.0079635389662707e-05,1.679230865825265e-05,3.212241010341776e-05,2.046118801896013e-06,1.5933749366394984e-05,1.8701999429723103e-05,3.077571387852356e-05,1.2148406054093432e-05,-0.0001063916247502,-0.0001339342295403,-0.0001345581649417,-0.0001379552514557,-0.0001148718541759,-0.0001165031053209,-0.0001140950219344,-0.0001633109983381,-0.0001236161567574,-0.0001066259591911,-0.0001058914986787,6.954055551032058e-06,1.350516318219336e-05,0.0001245180102091,0.0001929599747448,0.0001854752264125,0.0001747604107359,0.0002532435931028,0.0002980552192226,0.0002296317334118,0.0003102094340497,0.0001916272090476,0.0001579768136517,3.0052894074836396e-05,-3.226638819982991e-05,0.0001420033996253,1.3017944917276214e-05,3.548672904323537e-05,-6.4154224367404915e-06,-6.64320799271819e-06,-2.910829114013805e-05,8.928762743903207e-05,1.4847246365375371e-05,-4.569586543870236e-07,9.819887251115965e-08,1.8068150499264067e-07,5.0490179617615455e-08,1.0241772648315685e-07,9.568736964269973e-08,2.4557920170597773e-07,-1.0873188760310315e-06,-4.90275388609956e-07,1.1517299682913635e-07,4.57476367077773e-07,1.5651331669098662e-06,4.248624439019357e-07,2.3305205674498745e-07,3.160333831816612e-07,4.649026821546448e-07,-3.925627671415633e-07,4.781980368736167e-07,1.4206410015977547e-06,5.144612801549697e-07,-2.4416712250172857e-07,3.171329374658056e-07,4.502208257393567e-07,2.152390439705836e-07,-2.1641061428055978e-07,-2.384740435598256e-08,3.577008608044573e-07,5.762041476380601e-07,1.6928047187392082e-07,3.320849551800672e-07,-2.055616165779819e-08,-2.336909314548579e-07,-1.268398940163209e-07,-2.717496976735814e-07,2.7741349072205584e-08,-9.446014669594609e-08,-1.9308361030517676e-08,-1.564611543439272e-07,3.6760926468202726e-08,-1.0127311872907848e-07,-3.504639865287258e-07,-3.0636696100207433e-07,1.0177579806871573e-07,-2.403577807493482e-07,8.029552436885426e-08,-3.058515467758782e-08,-8.824015130022632e-08,-6.088689977335905e-08,1.712494895905051e-07,6.111823851701919e-08,-1.917968473908442e-07,-2.6979461617787332e-09,-3.919004735513457e-08,-1.5037362463696706e-07,-1.9596713063038393e-08,-2.520484315224834e-08,-3.697809886635253e-08,-1.94112842981135e-07,-2.522905669493503e-08,-4.8994345191172096e-08,-1.519687594602013e-07,-5.9532079347113045e-08,-3.146271708158214e-07,-2.3141648300812177e-08,-2.286801975723837e-07,-1.1490248014913893e-07,1.671649295453875e-07,no movement,no movement,no movement,no movement
266.66666666666663,0.0188171568477592,0.3252721140987638,-0.291145603,0.0292249922527467,0.3428757847317282,-0.2812800632,0.0318836778332434,0.342750633170213,-0.2703012259666666,0.0309622762503797,0.3427326877557248,-0.2753634661666666,0.0113025537013721,0.3515666891472326,-0.3017454598333334,0.0125907746689229,0.3496948320997989,-0.3142874482,0.0165862229449552,0.3399817477095365,-0.2943928916333333,0.0575725862431749,0.3459461083445335,-0.1699291607,-0.0538168834652151,0.3082424715131512,-0.2040240591666666,0.0403980838637064,0.3238782121747113,-0.2363136906666667,0.010769282347433,0.2947959792061275,-0.2741278293666667,0.1227733279903143,0.2314288541290997,-0.0263461774299999,-0.1192785748068484,0.2673423904837321,-0.0477472231399999,0.1610138548860028,0.0702590721754727,-0.0137263250134333,-0.1717088763489636,0.0315744859365521,-0.0816688545233333,0.1611824771916567,-0.0837133641291994,-0.0624678552133333,-0.1202771172641462,-0.10657174252761,-0.1418137824666666,0.149720993291458,-0.1229754605379027,-0.0722552124333333,-0.0820515030436061,-0.1428801543204359,-0.1877084181333333,0.1216342146246504,-0.1226007408841372,-0.09120346485,-0.0433724579202411,-0.109169930309892,-0.2024401778333333,0.1529067738651401,-0.1067725763823676,-0.0708734966066666,-0.0989096784016124,-0.1020966808156631,-0.161597446,0.0750377463583156,-0.165373069201378,0.0540307503199999,-0.0722374944964,-0.1647682879454601,-0.0526849853833333,0.0706621135716599,-0.4925639412704092,0.0733687243833333,-0.0692180108503847,-0.4346556124551584,-0.0713387112233333,0.0589832394356295,-0.7670489316338833,0.2448136618333333,-0.1361465675946621,-0.7700309316402829,0.0563449489133333,0.0426463447020537,-0.7966804303766338,0.2647841942666666,-0.1416350251288827,-0.7989795438662389,0.0283175400033333,0.0909409616944138,-0.8171185321369441,0.2271799494666666,-0.1364612082530499,-0.8231680896419395,-0.0572322603033333,nijmegen_nijmegen_rennen_g_ch1_g11_compr.mp4,ch1g11,1.7227323024372777e-05,1.2408923932270822e-05,1.0380075658241284e-05,1.5858800235903275e-05,9.83603564732946e-06,1.1648178336184242e-05,1.072701441251366e-05,9.333759193400004e-06,1.3145151625893607e-05,1.8239061816263464e-06,2.5798782401530055e-05,9.116959233382595e-06,9.499149208123682e-06,1.0411488449041922e-05,1.2721909104187276e-05,8.541016936521823e-06,4.846903225511687e-06,2.344051515646226e-05,8.107038256276511e-06,1.0250276279488906e-05,1.953580475741079e-05,8.309240585816529e-06,9.491768212174574e-06,7.997124798168449e-06,9.796912086478114e-06,2.010567704920486e-06,9.39237004417384e-06,2.063243925944603e-05,1.6942332848116932e-05,3.240961639346771e-05,2.012342159350582e-06,1.562387024872946e-05,1.9094914754445745e-05,3.151233820472709e-05,1.2716271297786624e-05,-7.147452889354524e-05,-9.42181011987359e-05,-9.402162253847826e-05,-9.725528227647482e-05,-7.684306288361965e-05,-7.868854905358506e-05,-7.66451931275023e-05,-0.0001265604032299,-9.090052537247176e-05,-7.337897494145587e-05,-7.532954438701142e-05,1.442552843353591e-05,2.448794839547688e-05,0.0001280536804233,0.000198104113801,0.000178666208637,0.000190296826757,0.0002413955414731,0.0003096742055377,0.0002156539202825,0.0003213764144483,0.0001835188278242,0.0001757001594283,2.8251311686053717e-05,-3.043926035499101e-05,0.0001259972779331,1.3015855191329097e-05,9.788158058201449e-06,-2.9764054929864427e-05,-2.9627505004819767e-05,-5.4739656697059055e-05,6.236456539980971e-05,-5.6698065420818875e-06,-8.493647510399772e-07,8.946956161437047e-08,1.7053160167098532e-08,-3.700421951072306e-08,-1.0464755495888629e-07,9.749414776926729e-08,7.292979555156933e-08,-1.5042290497993968e-06,-8.984251895429791e-07,2.448945027479186e-07,8.669545572972933e-08,1.6224136760439523e-06,3.390008056062349e-07,7.637237100131588e-08,2.077165485358251e-07,6.395809353495335e-07,-2.9893424316543816e-07,1.750968380400058e-07,1.3807039340233312e-06,4.149659613496966e-07,-4.911481761371987e-07,2.469853044629861e-07,3.717538972971627e-07,1.2440375973759765e-07,-4.623848614568451e-07,-5.8827560264802723e-08,2.4629301190264276e-07,3.253051806817659e-07,2.926280390787169e-08,-1.4286661148226098e-07,-5.2999416277181636e-08,-5.614634456490472e-07,-3.282700891878673e-07,-2.2247535926392685e-07,9.138775369590749e-08,-7.035819163051657e-08,-2.9999653456187834e-08,-1.787630941942505e-07,1.139692035951937e-07,-8.545627311430763e-08,-2.955677812240411e-07,-2.6584395805201874e-07,1.3931011864091608e-07,-3.491521174443452e-07,-2.6044019865751093e-08,-2.8237861934834963e-08,-6.922978618015763e-08,-1.1419955160548313e-07,1.5079688275613434e-07,1.0209205068999536e-07,-2.865036217323558e-07,-7.976534654346004e-08,-4.8476525801107584e-08,-4.8419120604463454e-08,-5.48070261621816e-09,-2.5449850531182403e-08,-1.691126798212107e-08,-1.841797585528478e-07,-3.046798178242935e-08,-5.007453285699693e-08,-2.480702297249499e-07,-9.999943653366763e-08,-4.365775887987414e-07,-2.9647021017524537e-08,-2.1042720045886757e-07,-3.1884110092521645e-08,2.8953769563868194e-07,no movement,no movement,no movement,no movement
283.3333333333333,0.0188626075922463,0.3252232035601538,-0.2911600064333333,0.029318451568856,0.3428184116124579,-0.2812694347,0.0319655199916324,0.3426926970793156,-0.2702939691,0.0310409788056217,0.3426728504031796,-0.2753516068333334,0.0113753194729447,0.3515157753023262,-0.3017520948333334,0.0126627306616652,0.3496415177891666,-0.3142819824333333,0.0166815264577984,0.3399303680218337,-0.2943959036666666,0.057801109406562,0.3458630198633454,-0.1698389083333333,-0.0536299112312485,0.3081736728177388,-0.2039359177999999,0.0404545061615957,0.3238255781525307,-0.2363007182333333,0.01086704009069,0.2947362175792729,-0.2741220914333333,0.1229820372726994,0.2314377430879278,-0.0260040626666666,-0.1190228348167441,0.2673643510720694,-0.0476208214333333,0.1611792240248292,0.0703780571471128,-0.0128648078587666,-0.1715636949556671,0.0317651033517369,-0.0812311932633333,0.161469217738436,-0.0835598839293089,-0.0610200139366666,-0.1202071531332342,-0.1063918963572915,-0.1411434774666666,0.150019975882036,-0.1227601899088882,-0.0706540578299999,-0.081981353296378,-0.1425951434263081,-0.1869929364,0.1220964737345259,-0.1224176103398319,-0.0896517704233333,-0.0433087157291053,-0.1088745994043251,-0.2017014050666667,0.1532766300405742,-0.1066184931055081,-0.06940238369,-0.0988378119872252,-0.1019305188713869,-0.158330128,0.0750250940342721,-0.1653486367711014,0.0540249322866666,-0.0722300965162133,-0.1647946988964512,-0.0526756099433333,0.0707270019630863,-0.4924606881038487,0.07361123507,-0.069263181652846,-0.434644016510021,-0.0712075226433333,0.0590979747820429,-0.7670462633113112,0.2446562027333333,-0.1361732916106263,-0.7700780298162229,0.05654712104,0.0427636546529026,-0.7967103646979116,0.2645852727,-0.1416794586829226,-0.7990508495735895,0.0285131281733333,0.0909754252515403,-0.8170588478927974,0.2269628559333333,-0.1365932805130125,-0.8231834691375245,-0.0569842265033333,nijmegen_nijmegen_rennen_g_ch1_g11_compr.mp4,ch1g11,1.6442487503624698e-05,1.2654142328550915e-05,1.0574094916340804e-05,1.589316325124633e-05,9.647179772915397e-06,1.1945722003836897e-05,1.0966136159333188e-05,7.709847679101e-06,1.220614639604006e-05,1.9116472559093577e-06,2.6136022884723933e-05,1.0920833331297777e-05,1.0017265539692823e-05,1.0668586881923391e-05,1.3026091176907789e-05,9.30033403200594e-06,4.660998169893189e-06,2.387460582279899e-05,9.613257368312825e-06,1.083577883784434e-05,1.935936391246712e-05,8.74514779623441e-06,1.0045060869204055e-05,8.305279654111276e-06,9.248885792202585e-06,1.9473673195844806e-06,9.758812284109968e-06,2.1223132994150144e-05,1.7063734692374042e-05,3.259574654110218e-05,1.954649920214392e-06,1.5053873860692784e-05,1.903653605601842e-05,3.2137522954305146e-05,1.334003769209921e-05,-2.611936455218475e-05,-4.253788068623239e-05,-4.142512880590845e-05,-4.4335712714291645e-05,-2.7742424670083885e-05,-2.978603439567632e-05,-2.816305818868401e-05,-7.803395174302504e-05,-4.856812354860298e-05,-2.9928691746863104e-05,-3.549836507704115e-05,2.481802948086226e-05,3.891924379765609e-05,0.000133692385379,0.0002056841487158,0.0001700043976497,0.0002000360439624,0.0002265430127816,0.000312814586485,0.0001985015256087,0.0003217559432724,0.0001732697013811,0.0001870475221617,2.5883999317332276e-05,-2.8066229754315957e-05,0.0001055193621183,1.2550671291627647e-05,-2.039860759375202e-05,-5.981928500669061e-05,-5.57354349932408e-05,-8.750713487233529e-05,3.038227005340384e-05,-3.566825491276238e-05,-1.0141883572682595e-06,2.3454090115919129e-07,2.1917632049326983e-08,-3.5351892597352764e-08,-2.4330772757655197e-07,2.6878778330875756e-07,5.3633516781792736e-08,-1.7610182439461093e-06,-1.140309545347767e-06,3.792446826226045e-07,-2.9355719810595264e-07,1.5803598848373678e-06,3.733244441542416e-07,7.897394373628096e-08,5.913441709210308e-08,7.671191847200461e-07,-1.3278335215584092e-07,-1.375541676843373e-07,1.3058592738535276e-06,4.17767146892662e-07,-4.914988694612583e-07,3.089705114710977e-07,4.091941667881337e-07,1.6497775518203405e-07,-5.899624379594294e-07,-9.090729469169425e-08,2.3197572325184006e-07,4.0094240429546374e-08,-5.681688218758193e-08,-5.999775213753835e-07,-8.386807330831857e-08,-7.128260574998666e-07,-3.15412155009359e-07,-1.2053135892154128e-07,2.1633469993458466e-07,-1.920688006704104e-08,-1.4714881680421118e-08,-1.6868333568588781e-07,2.570947243232058e-07,-4.04396332664759e-08,-1.864616668668083e-07,-1.7501333838333698e-07,1.690838645972328e-07,-3.732910237374141e-07,-1.2310078149217234e-07,-6.191163672334466e-09,-2.3477436915998782e-08,-1.4124483149700414e-07,1.2092655500736877e-07,1.3205625064874757e-07,-3.048928183381309e-07,-1.381302899706101e-07,-3.4953831648674274e-08,1.6578544768369186e-07,2.453529712020168e-08,-6.50294122982522e-09,1.9207697460415153e-08,-1.3829602033861278e-07,-2.9584215092736212e-08,-2.875578027143384e-08,-2.800763106924748e-07,-1.114266687537954e-07,-4.528385763119538e-07,-3.0220495163843195e-08,-1.3994278609880646e-07,1.5092962112255798e-07,3.813267265408765e-07,no movement,no movement,no movement,no movement
300.0,0.0189353002921176,0.3252875676630219,-0.2908124656666666,0.0294239962329232,0.342881551013841,-0.2809035038999999,0.0320612722219983,0.3427580455609267,-0.2699313344333333,0.0311338643518745,0.3427354679821984,-0.2749883562333334,0.0114749690218042,0.3515852192678914,-0.3014440689333334,0.0127611523220432,0.3497081880734762,-0.3139584434666667,0.0168005959317972,0.3399979699917363,-0.2940852661333333,0.0579869054012761,0.3458814841451835,-0.1694546217666666,-0.0534531283473835,0.3082054771106544,-0.2037136282333333,0.0405188205788002,0.3238809891147673,-0.2359513163,0.0109792599191432,0.2947779231305009,-0.2738274716333333,0.1230971847855956,0.231487389425069,-0.0254846574533333,-0.118781994090995,0.2674258608521735,-0.0474094146866666,0.1613311877556288,0.0705441090046829,-0.0117710077877666,-0.1714518520323686,0.0319778620529953,-0.0807412738799999,0.1617648858801633,-0.0833978750862401,-0.0593352704733333,-0.1201616669037217,-0.1062012248239217,-0.1403823015666667,0.1503326700422036,-0.1225509315323959,-0.0687973185866666,-0.0819334341374091,-0.1423097710069078,-0.1861602411333333,0.122569278571975,-0.1222478364430578,-0.0878377737566666,-0.0432779855341343,-0.108584556590534,-0.2008452747333333,0.1536555566458475,-0.1064592575349637,-0.0677071700999999,-0.0987965072684816,-0.101748851500973,-0.155490041,0.0750020340425745,-0.1653252473420505,0.0540467401366666,-0.0722104351001347,-0.1648200634976333,-0.0526965267033333,0.0707445320903757,-0.4923724893260791,0.0737656586266666,-0.0693072411324691,-0.4346337423951995,-0.0712003159433333,0.059045018550087,-0.7670894553175234,0.2443561822666666,-0.1363285520601914,-0.7701822739619786,0.05640740204,0.0427067672274961,-0.7967791979697515,0.2642422916666666,-0.1418662242233131,-0.7991854477631044,0.0283381867433333,0.0909746369531777,-0.8170364198046464,0.2266909673666666,-0.1367617686002652,-0.8232532637279499,-0.0571225264166666,nijmegen_nijmegen_rennen_g_ch1_g11_compr.mp4,ch1g11,1.540155115664377e-05,1.2692432819905916e-05,1.065412970509542e-05,1.5886944912765298e-05,9.308479827424304e-06,1.2007672362158071e-05,1.1065549774514676e-05,5.8382826030105745e-06,1.0940275777732536e-05,2.4527441922095945e-06,2.582405365136587e-05,1.26433276886561e-05,1.045274865834148e-05,1.0803743613113476e-05,1.3080524781264952e-05,1.0422145224437068e-05,4.650852218767751e-06,2.371472826680707e-05,1.1016918767174088e-05,1.1303019466280193e-05,1.862157532262601e-05,9.11296057715995e-06,1.052202179801306e-05,8.544566761206476e-06,8.584443460620835e-06,1.8591689342716152e-06,1.0037400453567573e-05,2.127745732731539e-05,1.706438447515499e-05,3.194042326877649e-05,1.8711550318788064e-06,1.431036476338252e-05,1.850992992345755e-05,3.220750205182137e-05,1.3966573260864972e-05,2.502325351179658e-05,1.571659048509064e-05,1.7859129673016716e-05,1.5382361749261435e-05,2.779361176198808e-05,2.547697893495898e-05,2.64761414426054e-05,-2.28600674488618e-05,-9.68968535830624e-08,1.91769684468527e-05,9.890774872531894e-06,3.6226335776407386e-05,5.582864934458024e-05,0.0001381257054619,0.000215113517673,0.0001550503427506,0.0002049023854136,0.0002023260993257,0.0003056650863344,0.0001700940970281,0.0003090449644812,0.0001559100083979,0.0001926160877907,2.305273599558038e-05,-2.5236618358685257e-05,8.231905491973684e-05,1.1015062349673673e-05,-5.326469816815725e-05,-9.176939003240237e-05,-8.358298252971914e-05,-0.0001218815592648,-5.744739174669276e-06,-7.150847919819608e-05,-9.001869504657925e-07,5.542786808710869e-07,1.5602868706363777e-07,7.586397757176973e-08,-3.083395748889682e-07,6.355783943144877e-07,1.558952793840137e-07,-1.8008428096006177e-06,-1.1187738896533913e-06,5.434998104515625e-07,-5.912836931129479e-07,1.3763496089510268e-06,4.805526265608115e-07,2.0165169727230338e-07,-7.421182528764638e-08,8.587399238275133e-07,1.090110737891154e-07,-3.806099798936565e-07,1.1278610410619067e-06,4.861021393992718e-07,-1.5225271783141838e-07,4.473823471795201e-07,5.129279859365455e-07,3.034768401002211e-07,-5.852900810148149e-07,-1.1353261411054707e-07,3.020265728773341e-07,-2.047016229287957e-07,-5.8127679192646735e-08,-9.223944757978016e-07,-1.0810163675079433e-07,-6.677529057637533e-07,-1.3715938615225064e-08,3.1342871215120534e-08,3.935349659653271e-07,5.5487240156555415e-08,3.4737919268612776e-08,-1.1656467185865897e-07,4.5454995322738916e-07,3.1835075446528977e-08,-2.6985199781756443e-08,-3.6275269546956824e-08,1.7993462291254389e-07,-2.711766496248928e-07,-1.8107131393244848e-07,3.5280939355625314e-08,4.647147628019495e-08,-1.2349399103822792e-07,9.582024411491665e-08,1.5325103741809539e-07,-2.08624172389051e-07,-1.5654843674051294e-07,3.3269575658389622e-09,4.807369632402302e-07,6.793281538123425e-08,3.17528192799074e-08,6.869115063058407e-08,-5.1619375563623007e-08,-2.0992047356987236e-08,1.4663344057142442e-08,-2.1166732237504717e-07,-8.118019978513737e-08,-3.1191243037674624e-07,-2.3023742877670336e-08,-1.930724468391786e-08,4.2681436200386516e-07,4.6489817557871306e-07,no movement,no movement,no movement,no movement
316.6666666666667,0.0190351982195851,0.3253812158459629,-0.2902603508333332,0.0295556871082611,0.3429716979744648,-0.2803141868333332,0.0321855699639251,0.3428509069644375,-0.2693499785333333,0.0312538642328013,0.3428252922939375,-0.2744037528666667,0.0116035943571449,0.351681866652142,-0.3009122216666667,0.0128886518052656,0.3498035482038388,-0.3134088896333333,0.0169481593758341,0.3400954206979731,-0.2935493816333333,0.0581791092475839,0.3459200966803058,-0.1688383008,-0.0532604984736434,0.3082661487161753,-0.2032672311666666,0.0406059253357538,0.3239633648299647,-0.2354010069666667,0.0111141914342579,0.2948468222411614,-0.2733285162,0.1232085993423057,0.2315453337458189,-0.0247290730899999,-0.1185205446268543,0.2674934743383464,-0.0470707482966666,0.1614937535802071,0.0707133691239119,-0.0104674370077666,-0.17132521600429,0.0321813227330885,-0.0801739439566666,0.1620971904258001,-0.0832279832926852,-0.0575594062099999,-0.1201178522732597,-0.105992587014216,-0.1396940154333333,0.1506819075923763,-0.1223406203340611,-0.0668640434233333,-0.0818930779726945,-0.1420019980666011,-0.1854511132666666,0.1230834251625044,-0.1220602064892151,-0.0859623798,-0.0432542905595996,-0.1082676788704195,-0.2001162438666666,0.154066948832023,-0.1062885210823645,-0.0659286610766666,-0.0987593725166196,-0.1015452315483771,-0.152333468,0.074976999145857,-0.1653043296734413,0.0540828820333333,-0.072188670382289,-0.1648429346835327,-0.05273119202,0.070760210768719,-0.4923278767589371,0.0738537446066666,-0.069351879422043,-0.434625328365146,-0.0713227933033333,0.0589843622774995,-0.7672164452568798,0.2439854880666666,-0.1364998492060188,-0.7702980786755523,0.0559855789766666,0.0426435609433715,-0.7969313814762787,0.2638280016333333,-0.1420649659666938,-0.7993313080640049,0.0278738757833333,0.0910020590981465,-0.8171082901406413,0.2263818482333333,-0.1369200599277873,-0.8233549449098166,-0.0575360209766666,nijmegen_nijmegen_rennen_g_ch1_g11_compr.mp4,ch1g11,1.4383622534093292e-05,1.2825852518594984e-05,1.072517540684754e-05,1.5926650287401573e-05,8.922961114045525e-06,1.219008665260692e-05,1.1130182275273104e-05,3.934682313373424e-06,9.64636894335902e-06,3.1959957564492936e-06,2.5247426215128672e-05,1.4367752384944543e-05,1.088858144424523e-05,1.0914821807222465e-05,1.3083868169096864e-05,1.1802278687546174e-05,4.906958558278407e-06,2.336526017962798e-05,1.241166447135182e-05,1.1729853176077776e-05,1.7782281728798676e-05,9.503629265311852e-06,1.0992251507807838e-05,8.790271672620175e-06,7.936480828395645e-06,1.741635601707296e-06,1.0308225725487992e-05,2.112109104174496e-05,1.697853623243892e-05,3.0882313058072155e-05,1.7604627950533632e-06,1.3610473099197391e-05,1.7913073027245258e-05,3.217838987994774e-05,1.473218052051049e-05,7.710934722729077e-05,7.45582717113819e-05,7.768530894432206e-05,7.573622986068442e-05,8.394208320059738e-05,8.150344656091712e-05,8.176327260108993e-05,3.357721352802065e-05,4.9397303514821954e-05,6.884182104536268e-05,5.6329380947931026e-05,4.695194285411988e-05,7.426291323392114e-05,0.0001407368623716,0.0002272396678671,0.0001405086136405,0.0002100352485253,0.0001775819023429,0.0002952973126073,0.0001439255467601,0.0002917503347762,0.00013959463919,0.00019835096189,1.983282226772662e-05,-2.2043530564263448e-05,5.8107408812285535e-05,7.14868746139672e-06,-8.58176786758224e-05,-0.0001260969204946,-0.0001105002436769,-0.0001583306642951,-4.24754583870185e-05,-0.0001109905915666,-5.36130819847622e-07,1.138850246588887e-06,3.964084956954581e-07,3.131714048175585e-07,-3.1019997239115877e-07,1.283992200484378e-06,3.630564643810082e-07,-1.581619934026148e-06,-8.677552593141464e-07,7.265603293684639e-07,-6.630906281888471e-07,1.1170682294955805e-06,6.450833699439686e-07,4.242213618447883e-07,-1.1951271666644777e-07,9.378538694488992e-07,3.699988733799472e-07,-4.026759849993925e-07,9.39529934312198e-07,6.109488737199216e-07,6.662957071147771e-07,6.423054605116533e-07,6.689435809330959e-07,5.116629908121894e-07,-4.785893177399809e-07,-1.2085584908211716e-07,4.369241101618731e-07,-2.709267415995567e-07,8.253156732263733e-09,-9.545552288645597e-07,-1.199599457028804e-07,-4.429962634476866e-07,7.036431480100124e-07,2.1618055592508237e-07,6.0130272768829e-07,1.4625141083888858e-07,1.224783072277227e-07,-1.899078073456293e-08,6.825024850645969e-07,1.243539037669051e-07,1.6948748306388086e-07,1.3254692720352958e-07,1.7273769637755157e-07,-2.6681998018732107e-08,-1.8399023251623237e-07,9.372911713078097e-08,1.338982213929347e-07,-5.4711636873355644e-08,8.737295027262662e-08,1.6706351360425398e-07,1.7823005811304696e-08,-1.2692762199243384e-07,6.523289037773909e-08,8.65354760385681e-07,1.2057795607451506e-07,8.75701864065054e-08,1.2602540866451118e-07,7.401104205827812e-08,-4.458772511609752e-09,7.77984489831148e-08,-2.8781996658451015e-08,-1.457351137158889e-09,7.666585933389382e-09,-7.469418760614124e-09,1.4242485950731649e-07,7.656507554199141e-07,6.167557641463558e-07,no movement,no movement,no movement,no movement
333.33333333333337,0.0191418550294757,0.325509641176554,-0.2895173203333332,0.0296909801735035,0.3430973792844102,-0.2795517490666666,0.0323139790253681,0.3429808993639045,-0.2685939979,0.0313778040534683,0.3429534888180566,-0.2736503869333332,0.0117358324928241,0.3518147566225243,-0.3001880592000001,0.0130198847417796,0.3499349891954447,-0.3126697781333333,0.0170979687162616,0.3402264007626005,-0.2928251166333332,0.0583872732110995,0.346001257580888,-0.1681277473666667,-0.053063462195985,0.3083614314914469,-0.2026365266,0.0407032847016737,0.3240786082013115,-0.2346852565333333,0.0112534387890103,0.2949488589637065,-0.2726443154666666,0.1233419342770664,0.2316035653381344,-0.02396748058,-0.1182571955580831,0.2675811768394351,-0.04660467226,0.1616530440891599,0.0708497640449002,-0.0092470039677666,-0.1711967281212959,0.0324194601455836,-0.07953044054,0.1624228361093397,-0.0830744771770442,-0.0560199060266666,-0.120091743093564,-0.1057476115055858,-0.1390085029,0.1510311801056142,-0.1221541877133012,-0.0652029397066666,-0.0818886909089298,-0.1416730720356269,-0.1847426127333333,0.1235697214347951,-0.1218968008357978,-0.0843383316733333,-0.0432671344514129,-0.1079427200398821,-0.1993896036333333,0.1544579009917851,-0.1061314955116927,-0.0643910927066666,-0.0987437168791019,-0.1013122705032664,-0.152413681,0.0749562679704574,-0.1652862225739162,0.0541118850299999,-0.0721707384006877,-0.1648631951276586,-0.0527580058233333,0.070785649988704,-0.4922851884859834,0.0737399014733333,-0.0694061085028833,-0.4346185151518872,-0.07145999177,0.0589675331817566,-0.7673169758059349,0.2433247561666666,-0.1366458478954808,-0.7704161237041302,0.0557747195966666,0.0426235252457488,-0.7970526331094979,0.2631172788333333,-0.1422292947748265,-0.7994788478900218,0.0276451792199999,0.0910294895005848,-0.8171812024367302,0.2258207534666666,-0.1370606849101513,-0.8234753751595613,-0.0576662762499999,nijmegen_nijmegen_rennen_g_ch1_g11_compr.mp4,ch1g11,1.356707621264586e-05,1.3927453213816749e-05,1.0833516277778954e-05,1.6057203660808557e-05,8.745950085603039e-06,1.3446045590546012e-05,1.119603629213824e-05,2.1927584312030665e-06,8.522084433036211e-06,4.1606843333190075e-06,2.406341897853965e-05,1.5422547015856398e-05,1.1280205265305687e-05,1.1046261063199582e-05,1.2739667305948367e-05,1.28295612067825e-05,5.406738254988131e-06,2.257902357433278e-05,1.32523761027401e-05,1.2074722569441646e-05,1.821202850756516e-05,9.902356445743513e-06,1.1409610424027528e-05,9.076583905137108e-06,7.58488169330817e-06,1.5953756880459146e-06,1.0532981082885318e-05,2.040107131365641e-05,1.684880921410597e-05,2.9319890786689036e-05,1.6184870731127382e-06,1.2911304399249082e-05,1.842025229611386e-05,3.2098451305925685e-05,1.526944343026157e-05,0.0001250407832805,0.000128253882512,0.0001323645991022,0.0001309981809947,0.0001354266735186,0.0001330144408456,0.0001325095758159,8.580113045550427e-05,9.52578381525226e-05,0.0001143847596838,9.94411473349232e-05,5.7514209207927544e-05,9.284649093827598e-05,0.0001401730735471,0.0002411751047848,0.0001322467989675,0.0002281135379917,0.0001623672617236,0.0002998259537052,0.0001301302511455,0.0002917047765468,0.0001314950723956,0.0002183873599984,1.653167515817392e-05,-1.8770208872576056e-05,3.580805440307945e-05,4.034233016307125e-06,-0.0001165799800638,-0.0001506169781127,-0.0001357690002524,-0.0001836586070938,-7.50707367446177e-05,-0.0001439918974646,-2.513790903373092e-07,1.7840096085884856e-06,5.584239207395201e-07,4.166696773758466e-07,-3.060469388262819e-07,2.026849308340302e-06,5.034872567532258e-07,-1.3273603185838791e-06,-6.541891836920628e-07,8.977240225426835e-07,-6.567669506071647e-07,9.124383528070196e-07,7.337266484018737e-07,5.712537966050606e-07,-1.3547759828880286e-07,1.0064116939092492e-06,5.350612585490326e-07,-3.557809728588747e-07,8.134450187231253e-07,6.710817265497861e-07,1.669719592352412e-06,7.56003859791129e-07,7.484942156734597e-07,6.410706743901149e-07,-3.616029093787989e-07,-1.244922605564384e-07,5.158187030311619e-07,-2.699968717988554e-07,-2.237581973448074e-08,-9.073120058656772e-07,-1.2799171771950169e-07,-2.7103829194320085e-07,1.571000104302428e-06,2.7572158193935096e-07,7.153486231002982e-07,1.6805547810731258e-07,1.3770578518259546e-07,4.7345453864601245e-08,8.16948899819386e-07,1.5034751292386479e-07,2.9522750483099986e-07,1.9807916440630606e-07,1.3717117172229836e-07,1.9916051626879467e-07,-1.5128549575453945e-07,1.0148842200028056e-07,1.5513315425186426e-07,-4.982451497468221e-09,7.427846884332514e-08,1.502775443458601e-07,2.2856572125113778e-07,-7.834181421982805e-08,7.858381726783602e-08,1.1055304890614777e-06,1.2145831936110713e-07,9.439876201083562e-08,1.2796461616186557e-07,1.523339671168653e-07,5.619774388881746e-09,9.02582664982276e-08,1.4831847653825526e-07,1.2994419762440352e-08,2.92540003918182e-07,2.675801167379137e-09,2.1484616673957137e-07,9.697989201206913e-07,7.434445044183197e-07,no movement,no movement,no movement,no movement
350.00000000000006,0.019259645589907,0.3256733226432622,-0.2885349059333332,0.0298302447584741,0.3432656863149062,-0.2785712973666666,0.0324470526346924,0.3431553594795845,-0.2676187387333333,0.031507255422979,0.3431272328813282,-0.2726849744999999,0.0118777010031514,0.3519937879794417,-0.2992438312333335,0.0131607498784223,0.3501108962462465,-0.3117097976333333,0.0172552876121355,0.3403996576075527,-0.2918827940333332,0.0585833241931322,0.3461258277502671,-0.1672550911666666,-0.052859272251532,0.3084931786722327,-0.2018555130333333,0.0408085111549007,0.324229520886039,-0.2337412838666667,0.0114029369912997,0.2950836267213249,-0.2717273331666666,0.1234505480050543,0.2316662685297137,-0.0231376898933333,-0.1179817554826399,0.267692955194293,-0.0459862155833333,0.161778317165277,0.0709734691960158,-0.0080995782510999,-0.1710758003521076,0.0326911088273639,-0.07880770715,0.1627322343792504,-0.0829725194666074,-0.0546541881533333,-0.1200781677031793,-0.1054834033920984,-0.1381128358333333,0.1513776797937222,-0.1220386182050478,-0.0637303731833333,-0.0818948590453543,-0.1413594048776636,-0.1837597997,0.1240440534622372,-0.1218236193986744,-0.08288204515,-0.0432954022883002,-0.107649850257921,-0.1983814581,0.1548325571873115,-0.1060298834799195,-0.0630236302799999,-0.0987455465023687,-0.1010543350536164,-0.149009928,0.0749314646888561,-0.1652719647219016,0.0541400171833333,-0.0721474701771497,-0.1648799339687071,-0.0527844809666666,0.0707942224599899,-0.4922670962045287,0.07346368259,-0.0694637038530285,-0.4346152278781202,-0.0718182442433333,0.058887402120187,-0.7674463908729582,0.2424788520333333,-0.1367960540004152,-0.7705884356625847,0.0551375984699999,0.0425377897346609,-0.797195349882882,0.2622129541999999,-0.142396793153264,-0.7996879765082513,0.0269536404499999,0.0910379545667712,-0.8172720177000474,0.2250984902,-0.1372092342187232,-0.8236430048013856,-0.0582105097466666,nijmegen_nijmegen_rennen_g_ch1_g11_compr.mp4,ch1g11,1.3129493023519977e-05,1.607236345737914e-05,1.109401392637475e-05,1.6426973018353757e-05,8.486223371476502e-06,1.587855340981227e-05,1.1391061551607508e-05,9.75623902302085e-07,7.828021758189353e-06,5.2803555855564265e-06,2.32164609430839e-05,1.5799822052745037e-05,1.1713599695050096e-05,1.1311937530635649e-05,1.245040877199395e-05,1.3666921837357289e-05,6.041189700786695e-06,2.2130050071608846e-05,1.354941671482332e-05,1.2430320033278966e-05,2.0338397495134268e-05,1.0395317758189406e-05,1.185570807736681e-05,9.483199195428576e-06,7.302930886494239e-06,1.4308876398880157e-06,1.0800385032391072e-05,1.9940893930369932e-05,1.6698612077533275e-05,2.8366817292941365e-05,1.4546888548508607e-06,1.2380134425343115e-05,2.037047294390269e-05,3.2875800202943004e-05,1.539218934540649e-05,0.000162990509288,0.0001699560650469,0.0001748455384967,0.0001739713700801,0.0001754297412027,0.0001732007741479,0.0001720844234509,0.0001265816960326,0.0001309624367867,0.0001501887950472,0.0001339009240747,6.587533778909136e-05,0.0001094558294484,0.0001392141831474,0.00025883024896,0.0001291685484658,0.0002619987810072,0.0001563024208384,0.0003269021772349,0.0001291423121372,0.0003182434581939,0.0001295476107287,0.0002559294324645,1.3641004725926477e-05,-1.5949705610874847e-05,1.7113293620452208e-05,-2.459262938519595e-07,-0.0001342408674594,-0.0001650422113897,-0.0001482723129856,-0.0001976493283092,-9.876000029343076e-05,-0.0001692141780459,6.914985330840458e-08,2.543582156986177e-06,7.093470508014326e-07,5.19194647366416e-07,-2.6140991961632805e-07,2.8949429708446607e-06,6.449236034375541e-07,-9.510023324922652e-07,-3.776035628985453e-07,1.064689500609072e-06,-3.487556766677062e-07,7.779579373922006e-07,8.085957474152733e-07,7.098414643388029e-07,-5.4081481712139513e-08,1.1013074979205623e-06,6.643749043962971e-07,-2.4085027010249283e-08,7.67788431862963e-07,7.317680624675195e-07,2.9235543988471416e-06,8.50916974015394e-07,8.137457932467588e-07,7.478934406160033e-07,-2.1044009700687738e-07,-1.1414014992439133e-07,6.016536612799002e-07,-2.8550899981972075e-08,-1.1454794637376485e-08,-4.967492966294796e-07,-1.2088699323279506e-07,-3.828260494037106e-08,2.6691280351858286e-06,2.920218415401241e-07,7.776850128608997e-07,1.632590138964584e-07,1.4438816743037858e-07,1.376336844957718e-07,8.926403389361676e-07,1.522208396565178e-07,3.86440238825513e-07,2.279761726614383e-07,8.520651051064723e-08,4.652012994958768e-07,-6.620043186458676e-08,9.485867340440736e-08,1.5171211008275205e-07,6.539615694856489e-08,7.79476243753515e-08,1.302722296513602e-07,4.797807954868057e-07,6.910404474607287e-09,8.151804107706649e-08,1.2553368950467628e-06,1.033727872402595e-07,8.820916703474924e-08,1.0777617513746767e-07,2.3795302491518733e-07,1.5709767497231205e-08,8.913842361752578e-08,3.642007826254255e-07,3.221989237042143e-08,6.185795888162144e-07,1.3756017644438116e-08,2.618303232742755e-07,1.0951477531913469e-06,8.732472671190988e-07,no movement,no movement,no movement,no movement
366.66666666666674,0.019376758214851,0.3258409531135953,-0.2878954252666665,0.0299702263265447,0.3434394814143107,-0.2778928902333333,0.032581669565073,0.3433343305486894,-0.2669465387333333,0.031637835707328,0.343305801681867,-0.2720116426666666,0.0120180553835437,0.3521745296267635,-0.2985971983000001,0.0133002350179187,0.3502895934380088,-0.3110550187666666,0.0174102665261765,0.3405771136381248,-0.2912351617333332,0.0588076983647149,0.3462539650084009,-0.1665115892666666,-0.0526731538288687,0.3086263826473929,-0.2011898940333333,0.0409160612821487,0.3243841800868774,-0.2330831164666666,0.0115492750710446,0.2952231154869275,-0.2710914777666667,0.1235936322496414,0.2317297527840134,-0.0223728869866666,-0.1177164710176644,0.2678085516484091,-0.0454159033166666,0.1619553876079238,0.0711004599362641,-0.0070899364007666,-0.1709781879209826,0.0329622422872323,-0.0781323837933333,0.1630578515344754,-0.0828450690283351,-0.0536554237499999,-0.1201144304496881,-0.1051828718079416,-0.1374651136333333,0.1517318688153684,-0.121877079535114,-0.0627319427333333,-0.0819792306544574,-0.1409793344526812,-0.1831331243999999,0.1245195928753334,-0.1216752320276412,-0.0819252823333333,-0.0434100767310429,-0.1072722137952692,-0.1977787518333333,0.1552137315365498,-0.1058997431143313,-0.0620443796099999,-0.0987990514804581,-0.1007546819730822,-0.14577955,0.0749156259260717,-0.1652589299408671,0.0541701837166666,-0.0721342297804288,-0.1648953432022292,-0.0528128419733333,0.070816542737072,-0.492258855829888,0.07332932329,-0.0695412558886881,-0.4346204139003921,-0.07212279343,0.0589026842963844,-0.7675677692403838,0.2420688535333333,-0.1369553490385487,-0.7707735608663178,0.0545851513299999,0.0425516184029012,-0.7973294937734879,0.261779848,-0.142570187420184,-0.7999073010853197,0.0263651217566666,0.0910959600038424,-0.8173647770036757,0.2247574100666666,-0.1373698506729181,-0.8238234342390315,-0.05868684151,nijmegen_nijmegen_rennen_g_ch1_g11_compr.mp4,ch1g11,1.3328675560943214e-05,1.9329245275054696e-05,1.1864675423459245e-05,1.7168798368911297e-05,8.062149703963581e-06,1.9520038218745063e-05,1.207601453771083e-05,1.668570967263166e-07,7.56289207569974e-06,6.338965361710935e-06,2.2717683546352756e-05,1.601860887192143e-05,1.2519929727658191e-05,1.2074565117845031e-05,1.2304899176735097e-05,1.4483783468359555e-05,6.740984766088759e-06,2.191394773136525e-05,1.3832368661026497e-05,1.3132633030401865e-05,2.405750392776799e-05,1.1291810405595211e-05,1.2658179394385031e-05,1.0277522960144051e-05,7.00712309671495e-06,1.3088986878512244e-06,1.1380596720304131e-05,1.9732861069217817e-05,1.6632873672246483e-05,2.774801280724057e-05,1.3250912458969568e-06,1.239294292098481e-05,2.3762756156284204e-05,3.477331893941422e-05,1.5505940695974043e-05,0.0001898711827193,0.0001976583111289,0.0002031594908593,0.0002025303155627,0.0002024977323528,0.0002006317835099,0.0001991501270816,0.0001523485351385,0.0001545174446273,0.0001747168190119,0.0001584841611707,7.225094920889388e-05,0.0001228936673475,0.0001360283801317,0.0002796098471039,0.0001268878549261,0.0003112702951308,0.0001506872188599,0.0003755908017633,0.0001269893457176,0.0003691871905298,0.000127422507913,0.0003100287254457,1.1556274453533695e-05,-1.4024233333862672e-05,3.7814554418215023e-06,-6.144031358660309e-06,-0.0001413209162752,-0.0001742194160754,-0.0001513617604776,-0.0002059761975814,-0.0001137947047631,-0.000187801325726,3.1786439758693505e-07,3.3766574189100345e-06,8.238041170450209e-07,6.144960661385791e-07,-9.859312754483745e-08,3.843401493863437e-06,7.576751036894045e-07,-5.478290723613197e-07,-1.646016701393825e-07,1.1707873511147495e-06,2.213276528916378e-07,7.306577696229916e-07,8.616563170788923e-07,8.153030657655682e-07,3.7746241603043704e-08,1.1831207180298667e-06,7.339541423216351e-07,5.60359996981535e-07,7.979973332124818e-07,7.809529131855977e-07,4.275107307115859e-06,9.10250566209434e-07,8.602770499616085e-07,8.1375539602316e-07,4.1782078062676734e-08,-8.830993172719221e-08,6.70503551715994e-07,4.278920665547861e-07,5.497514335219564e-09,2.286090414265324e-07,-9.714022471763877e-08,2.126887971051592e-07,3.8602762599378955e-06,2.389686953393259e-07,7.653359661801076e-07,1.1138662635325818e-07,1.2108439713421238e-07,2.350938402060805e-07,8.863951684677049e-07,1.07839571374124e-07,4.271520091107555e-07,2.098764117308192e-07,2.7152557265772022e-08,7.197288260960272e-07,2.712922011825879e-08,5.524815612610653e-08,1.027613497781496e-07,1.4158680578861924e-07,7.674717395020431e-08,1.1345973122262373e-07,7.28445892712319e-07,8.48653207857047e-08,5.2915027601979466e-08,1.2770947141616045e-06,4.8775114938434335e-08,4.939409332679512e-08,5.245201969190548e-08,3.134979614212995e-07,2.0063116813964367e-08,5.7717966584357975e-08,5.787018566945648e-07,3.53783479954409e-08,9.30465821721836e-07,2.020770130395431e-08,2.531322648773608e-07,1.1031358682071482e-06,9.774166127467627e-07,no movement,no movement,no movement,no movement
383.3333333333334,0.0195028497912326,0.3260046987897239,-0.2874040892999999,0.0301182991874094,0.343610119315806,-0.2773512310333333,0.0327240387984107,0.3435098178493925,-0.2664130314666666,0.0317770780716967,0.3434808231397737,-0.2714732845666666,0.0121671182459636,0.3523518556090946,-0.2980999058333334,0.0134483893626092,0.3504648437023876,-0.3105537685333333,0.0175727881746737,0.3407511754068464,-0.2907361258333332,0.0590299937059144,0.3463829763707765,-0.1658740694,-0.0524931696980515,0.3087578792319291,-0.2006531402999999,0.0410342954150638,0.3245364574082006,-0.2325645799,0.0117049410010277,0.295359712039304,-0.2706084039666667,0.1237321226347049,0.2317934502135887,-0.02170041242,-0.1174453046383857,0.2679295119227534,-0.0449617427466666,0.1621383246926977,0.0712366828312398,-0.0061500689264333,-0.1708863212249557,0.0332427819438784,-0.0775101391166666,0.1633884881541169,-0.0827268704936749,-0.0526695867666666,-0.1201930526616847,-0.1048646379075428,-0.1367662099333333,0.1520911031509008,-0.1217289033454121,-0.0617087823166666,-0.0821101915943436,-0.1405829978980597,-0.1824041342666666,0.1249919450432737,-0.1215505975549442,-0.0809322317566666,-0.0435893160049675,-0.1068733794886745,-0.1970685495666666,0.1555988297579839,-0.1057806517787508,-0.0610660401466666,-0.0989026896549878,-0.100435364115486,-0.144831926,0.0748965774406916,-0.1652479568823407,0.0542072953066666,-0.0721171559570395,-0.164909140651159,-0.0528507809499999,0.0708281932063635,-0.4922455811605261,0.0732420630833333,-0.0696469774089733,-0.4346253744026098,-0.0724241657499999,0.0589198050326951,-0.7677161091019692,0.2415035794666666,-0.1371229807516448,-0.7709667371304654,0.0541232017966666,0.0425684918459504,-0.7974905480668868,0.2611668807666666,-0.1427494735158941,-0.8001351787714266,0.0258859170533333,0.0912243161815783,-0.8174874739149993,0.2242554242333333,-0.1375287098878853,-0.8240298122085458,-0.0589826550399999,nijmegen_nijmegen_rennen_g_ch1_g11_compr.mp4,ch1g11,1.4397272316324576e-05,2.335709677225212e-05,1.330492064794634e-05,1.8095323244195224e-05,8.263442599146373e-06,2.4104903696658506e-05,1.3422747906405804e-05,1.394604320929401e-07,8.020881145128202e-06,7.391582832638694e-06,2.347145816532518e-05,1.6609176693594146e-05,1.386442191303363e-05,1.3489255476308798e-05,1.2634630940426208e-05,1.5438955102725523e-05,7.980301034587347e-06,2.294863029914137e-05,1.4642742887727737e-05,1.4368159322777436e-05,2.9486850442823655e-05,1.2691082687205206e-05,1.3992586077583624e-05,1.1542996034701066e-05,7.452845390513294e-06,1.2464985192197937e-06,1.2418077351224523e-05,2.0588682595859356e-05,1.6805663802049067e-05,2.8652364198092257e-05,1.24977256411916e-06,1.324913072404228e-05,2.860165067654753e-05,3.816441330577584e-05,1.6430301996341895e-05,0.0001994430229489,0.0002047573014426,0.0002106266523905,0.000209970882974,0.0002108200758304,0.0002092336635255,0.0002077344364737,0.0001566875944844,0.0001613675730078,0.0001823499664282,0.0001679552035036,7.357831609610631e-05,0.0001322759489512,0.0001325213490903,0.0002975466296026,0.0001294985581616,0.0003693717550248,0.0001563475527466,0.0004463383415258,0.0001354756162707,0.0004469758586365,0.000130280198012,0.0003759185831697,1.0339280399422736e-05,-1.304105162350992e-05,-3.1980804158446525e-06,-1.3123880352515877e-05,-0.0001402293513752,-0.0001820358967781,-0.000148486773489,-0.0002133468618664,-0.0001221586376661,-0.0001991216306749,4.827921903975936e-07,4.187682910860666e-06,8.836961030891986e-07,6.933733341609082e-07,1.4534361225136198e-07,4.776280502629014e-06,8.205849889658492e-07,-1.3629831771750952e-07,-3.042012576912642e-09,1.1814819198443635e-06,9.94287770223088e-07,7.813520514114642e-07,8.784147178765879e-07,8.704394109764448e-07,1.944473384922977e-07,1.2190357940119492e-06,7.13453742759916e-07,1.3451159764761077e-06,8.969299204703639e-07,8.039558744930231e-07,5.592049959247892e-06,9.198255298890336e-07,8.727781531036372e-07,8.212689327815257e-07,3.457334805476186e-07,-6.478886179115173e-08,6.994768910941104e-07,1.0552882033083324e-06,8.668341160978156e-09,1.2141171573410729e-06,-7.278182837538105e-08,4.380245071021449e-07,5.01399079616555e-06,1.3285426219783177e-07,6.989130895777315e-07,2.0177831399699826e-08,7.447384692824365e-08,3.2180926109140837e-07,8.128697432061869e-07,2.3191264017852467e-08,4.131110087266239e-07,1.5935020575798208e-07,-3.278318358942613e-08,9.122826449901632e-07,9.629841589433037e-08,-1.4838019074257744e-08,1.5406639647020335e-08,2.245929068760389e-07,5.6025306720180345e-08,9.4511951486768e-08,9.236605368368164e-07,1.2632169000520504e-07,-6.999144370414645e-09,1.1817442870718016e-06,-3.2039035925056985e-08,-1.8413833648494994e-08,-2.9244239409197332e-08,3.6560374208587444e-07,1.8125623520529065e-08,-3.178270442623889e-09,7.506311916660979e-07,1.721616324178471e-08,1.16352004872361e-06,2.072577744861421e-08,1.853422053089919e-07,1.0082726126698048e-06,1.0525754226564845e-06,no movement,no movement,no movement,no movement
400.0000000000001,0.0196331540441168,0.3261780198164793,-0.2869234851333333,0.0302692367771068,0.3437886798864921,-0.2768259899333333,0.0328690461082316,0.3436937875044958,-0.2658941939,0.0319193962744251,0.3436640509758496,-0.2709502725999999,0.0123195901535899,0.3525380936104112,-0.2976220295666666,0.0136001964251849,0.35064870471239,-0.3100719046999998,0.0177381500115772,0.3409340652113935,-0.2902570048333333,0.0592476633148626,0.3465202802209868,-0.1652694726666667,-0.0523170415514317,0.308900594348296,-0.2001499722999999,0.0411548015727708,0.3246972318866118,-0.2320554549333333,0.0118625653266151,0.2955063843615315,-0.2701392439,0.1238604533219913,0.2318658796824538,-0.0210670751933333,-0.117187899235429,0.2680608656447816,-0.0445157858866666,0.1623104132023698,0.0713816901548692,-0.0052536389264333,-0.1708417321322254,0.0335409328222406,-0.0769325164633333,0.163713793072049,-0.0826072581670007,-0.0516968919033333,-0.1203530559090115,-0.1045267493793129,-0.1361722620666666,0.1524481827011389,-0.1215800259529386,-0.0606885764266666,-0.0823237239404082,-0.1401649175592443,-0.1817912554666666,0.1254534119607959,-0.1214363874139718,-0.0799473188933333,-0.0438461838577042,-0.1064631338093378,-0.1964737344333332,0.1559751686821935,-0.105664390289027,-0.0601025140533333,-0.0990874424440832,-0.100095099239417,-0.145013,0.0748770752860688,-0.1652376748638229,0.0542338043466666,-0.0720993721238316,-0.164922216517109,-0.0528775965066666,0.0708176402735262,-0.4922414651019405,0.0730276165933333,-0.0698220319906559,-0.4346387753090728,-0.0727300009066666,0.0589240188387311,-0.7678621163526873,0.2408103367333333,-0.137338876490435,-0.7711651052164453,0.0537621960833333,0.0425715858949302,-0.7976486558521261,0.2604352297666666,-0.1429726939615661,-0.8003675190260533,0.0255245554499999,0.0912961486547278,-0.8176313989025467,0.2236008649,-0.1377443550028091,-0.8242626001892465,-0.0591693227566666,nijmegen_nijmegen_rennen_g_ch1_g11_compr.mp4,ch1g11,1.6532307142550824e-05,2.851491816206191e-05,1.560839663360469e-05,1.9445973508055843e-05,9.183570798365932e-06,2.9977182839604145e-05,1.5627385541915608e-05,1.052143696870828e-06,9.383999341390367e-06,8.41378410067964e-06,2.572460164819117e-05,1.806745044394825e-05,1.592503910513248e-05,1.575187482267041e-05,1.3282979983420175e-05,1.664989187092058e-05,9.08368953009283e-06,2.548396357647101e-05,1.6550860094460462e-05,1.632530580769417e-05,3.7063086896499e-05,1.4724724782674058e-05,1.603386977760774e-05,1.3421103584986994e-05,8.761776895428977e-06,1.257352648839536e-06,1.406882257961353e-05,2.266971403303183e-05,1.7427702861574397e-05,3.152233853318135e-05,1.2394384285686852e-06,1.5132576275840066e-05,3.524267220764531e-05,4.337741272879791e-05,1.872697797915288e-05,0.0001869243248872,0.0001860329780072,0.0001922101752318,0.0001912466784387,0.0001956679771932,0.0001942730930277,0.0001930937065061,0.0001356658195195,0.0001476713742648,0.0001690185856228,0.0001581634611149,7.006396333662829e-05,0.000137092590551,0.000125540103368,0.000314229436296,0.0001421394514894,0.0004426093633511,0.0001804200309284,0.0005454419183143,0.0001641662328473,0.0005593718807052,0.0001447941987057,0.0004594493138515,1.0219297021549212e-05,-1.3221905552819688e-05,-1.739057064604458e-06,-1.7997192712762944e-05,-0.000130949560404,-0.0001889062690998,-0.0001401874813183,-0.0002204346524607,-0.000123957166902,-0.0002027939890906,5.352438878451474e-07,4.926006606901503e-06,8.649102945198453e-07,7.566358972705962e-07,4.61961128269689e-07,5.629283990962005e-06,8.087188743460082e-07,2.3568191034172297e-07,9.642968042210075e-08,1.0498586446407275e-06,2.003951381352842e-06,8.814340305410668e-07,8.399122311684574e-07,8.502930704924134e-07,4.372025957672988e-07,1.1717160140508345e-06,7.532189837927098e-07,2.35673492952451e-06,1.0055097038256916e-06,7.784816911074402e-07,6.8018810405691315e-06,8.588016901953603e-07,8.326539777712356e-07,7.556089080253479e-07,6.893551490547196e-07,-4.6334266017175593e-08,6.711009086642967e-07,1.8883934075538688e-06,1.1591154597960952e-08,2.4905610551746343e-06,-5.0457016422232774e-08,5.970865074046587e-07,6.052886794472263e-06,-1.5939035293131854e-09,5.778194174235247e-07,-9.457504963156304e-08,9.401490475038541e-09,3.76876938211328e-07,6.697640870110138e-07,-8.677036095613498e-08,3.496028591029413e-07,9.761059731513922e-08,-8.671016417572449e-08,1.0139375567783149e-06,1.1451478623468833e-07,-1.0539741278806709e-07,-9.5341675511082e-08,3.167135839844473e-07,3.925282402040812e-09,8.789645284018599e-08,1.0336135954385056e-06,1.0875617789702597e-07,-9.005421026704012e-08,9.658141451636145e-07,-1.27272045456203e-07,-1.0671424342103997e-07,-1.2303342128017918e-07,3.794981741625374e-07,1.0511191660931914e-08,-8.304218556263445e-08,8.561427964905612e-07,-1.9180644734021875e-08,1.2752764144766317e-06,1.5616823995603764e-08,7.634129273289606e-08,8.142192885064526e-07,1.08039421020189e-06,no movement,no movement,no movement,no movement
416.6666666666668,0.0197633821653411,0.326365121979934,-0.2863763612,0.0304203646945727,0.3439751898319644,-0.2762574788333333,0.0330144800696281,0.3438862345705643,-0.2653326665,0.0320622113917859,0.343855711207254,-0.2703828781,0.0124725508509404,0.3527327843055183,-0.2970844761333333,0.013752679517678,0.3508419599886457,-0.3095302991666665,0.0179033914275103,0.3411263608260809,-0.2897203709333333,0.0594645695469884,0.3466571088938698,-0.1646787826666667,-0.0521287427674118,0.3090512667102812,-0.1996158793999999,0.0412758510498795,0.3248648080343946,-0.2315097937666666,0.012018746279668,0.2956649382434445,-0.2696146018333333,0.1239908235214022,0.2319308775392046,-0.02047241536,-0.1169596779391682,0.2682020252085428,-0.0440055441733333,0.1624898050434005,0.0714934569934568,-0.0045208722277666,-0.1708282061485732,0.0338584838105768,-0.0763417539666666,0.1640480741631531,-0.0824505719783268,-0.0510911605699999,-0.1205584503559085,-0.1041118213722991,-0.1356672939999999,0.1528186100780525,-0.1213792152494743,-0.06009989823,-0.0825807447745053,-0.1396693016969467,-0.1812980047,0.1259239171896387,-0.1212525098448431,-0.0793871084966666,-0.0441488818759871,-0.1059673774015946,-0.1960158475999999,0.1563597442803719,-0.1055038968932219,-0.0595132732133333,-0.0993192707632156,-0.0996698232394654,-0.147985265,0.0748615817932171,-0.1652285067398339,0.0542489055566666,-0.0720856134120999,-0.1649343463844268,-0.0528926828166666,0.0708112601990658,-0.4922486684323051,0.0726528829366666,-0.0699950470546906,-0.4346673828565998,-0.0729503689633333,0.0589855994646099,-0.7679903556830867,0.2400884459999999,-0.1375345836275698,-0.7713518946455017,0.0535859936999999,0.0426356638916682,-0.7977833758600295,0.2596877994333333,-0.143168729105275,-0.8005815020145424,0.0253566213499999,0.0913549077861171,-0.8177387640403834,0.2228894129333333,-0.1379353057546404,-0.8244573526082479,-0.0592409321499999,nijmegen_nijmegen_rennen_g_ch1_g11_compr.mp4,ch1g11,1.6381162292162207e-05,3.341965613104295e-05,1.5632657606307928e-05,1.9746228727906166e-05,9.241879281486553e-06,3.56350067213669e-05,1.5621792238540333e-05,1.0340977921323e-06,9.049864361674896e-06,9.390713439466972e-06,2.7588820077347712e-05,1.831862601810456e-05,1.5975145636597022e-05,1.5767427163555724e-05,1.3535926561764764e-05,1.766551684739945e-05,9.11686531070826e-06,2.776117982027519e-05,1.6854751432054233e-05,1.6345539264837354e-05,4.388421882047959e-05,1.4851536391161768e-05,1.605941197775217e-05,1.3559821117756718e-05,8.995554014724463e-06,1.1660472881147606e-06,1.4221712586969828e-05,2.4472529511289327e-05,1.6990402995318196e-05,3.375538990422437e-05,1.1459056774448251e-06,1.5021083001934983e-05,4.131122174921177e-05,4.784258535508255e-05,1.910504221058304e-05,0.0001948260463461,0.000194526466302,0.0002011178836012,0.0002002477685106,0.0002043535121201,0.0002028053948681,0.000201884560487,0.0001407674344801,0.0001556416315996,0.0001740931286346,0.0001650855522454,6.438695933415648e-05,0.0001440922944242,0.0001188627034669,0.0003243405796199,0.0001452334771321,0.0005129046929882,0.0001951602648615,0.0006361014775888,0.0001821554996768,0.0006602093323508,0.0001501490617023,0.0005419461550148,7.716773194688187e-06,-1.080519116949598e-05,-1.675032993572198e-05,-2.540384390720955e-05,-0.0001386703266992,-0.0002119887157736,-0.0001439351858719,-0.0002439871494074,-0.0001390805859556,-0.0002172222238983,4.916995546993079e-07,5.470295501101146e-06,7.626204558165962e-07,7.663940201508854e-07,8.642602399324938e-07,6.2669674594442375e-06,7.15972500281584e-07,5.606193070663609e-07,1.6537598881430846e-07,8.803458286097419e-07,3.1341248879187605e-06,1.1246623604542685e-06,7.397557416776652e-07,7.496256188957774e-07,8.021698728931197e-07,1.2043076135859785e-06,8.767940606645122e-07,3.4912251874847698e-06,1.2105170568478037e-06,6.965479732009749e-07,7.735205595970385e-06,7.238960039530928e-07,7.33455524312347e-07,6.218592952696643e-07,1.0820067389920626e-06,-3.2970007761097725e-08,5.800419436237507e-07,2.8423163662403373e-06,1.6065739671697156e-08,3.913745939641728e-06,-3.057505371663476e-08,6.542605892580782e-07,6.837068107420308e-06,-6.957939533925813e-08,4.520469646880761e-07,-1.5267962017135512e-07,-3.6599916829413355e-08,4.189759420131496e-07,5.120268385345157e-07,-1.4414902471673668e-07,2.877007871127192e-07,9.90099822659534e-08,-1.2829361061358713e-07,1.0487766684286837e-06,1.1626880932892506e-07,-1.4882312700979164e-07,-1.5103676139476705e-07,4.288307206610056e-07,-6.77878831468683e-08,1.0575270674406373e-07,1.078925294053584e-06,8.486920415240538e-08,-1.3085666651991417e-07,7.337308262203858e-07,-1.7339651498808456e-07,-1.4952169307639806e-07,-1.6704646718624857e-07,3.8866440062850386e-07,2.8134629393868807e-09,-1.2546264790911144e-07,9.123625169759788e-07,-3.684701138756859e-08,1.30159543021023e-06,9.205053986871674e-09,4.810377074501398e-09,6.099083541966443e-07,1.105435281489153e-06,no movement,no movement,no movement,no movement
433.3333333333335,0.0198989974541673,0.3265586274934186,-0.2857828807333333,0.030576754677596,0.3441656483944242,-0.2756558216333333,0.0331655629245085,0.3440836248782536,-0.2647370055,0.0322107983781695,0.3440521207264045,-0.2697838514333333,0.0126316410016467,0.3529342124881937,-0.2965076392666666,0.0139112953609912,0.3510422968044945,-0.3089467646999998,0.0180734387846108,0.3413253231460809,-0.2891448105999999,0.0596855068686144,0.3467932758368948,-0.1640739182,-0.0519350482269172,0.3092060641892132,-0.1990438748999999,0.0414022436593554,0.3250345734886656,-0.2309233640333333,0.0121777141563061,0.2958290608910082,-0.2690391259333333,0.1241271485991114,0.2319880671161922,-0.0198748080799999,-0.1167313525269871,0.2683480308850943,-0.0433829283966666,0.1626794249341718,0.0715965340743125,-0.0037883785621,-0.1708523391970561,0.0341906344469237,-0.07564261756,0.16440295454765,-0.0822848042798914,-0.0504621626866666,-0.1208124018167751,-0.1035150150869479,-0.1351389579333333,0.1532134713073227,-0.1211582347183606,-0.05948312874,-0.0828744390385634,-0.1389504539030855,-0.1807852433333333,0.1264220439578652,-0.1210281050156786,-0.0787994995833333,-0.0444879206117278,-0.1052114690819614,-0.1955239016666665,0.1567661310867779,-0.1053252694536027,-0.0589009775466666,-0.0995976822573119,-0.0990346774595405,-0.147612944,0.0748457263636004,-0.1652220211139241,0.05425273528,-0.072071291529899,-0.1649438074850919,-0.0528954014099999,0.0708131888097842,-0.4922663952585947,0.0722905130233333,-0.0701602859491957,-0.4346978241699368,-0.07312150099,0.0590594111510244,-0.7681347531138826,0.2394350385333333,-0.1377090088078019,-0.7715442742157324,0.0535199068033333,0.0427116094380105,-0.7979327889717189,0.2590265803,-0.1433424995427386,-0.8008014306848839,0.0252975941866666,0.09141553647489,-0.8178783960275143,0.2222840189666666,-0.1381263013564066,-0.8246527955615915,-0.05918991728,nijmegen_nijmegen_rennen_g_ch1_g11_compr.mp4,ch1g11,1.6421708718010704e-05,3.904398456921403e-05,1.574942268023421e-05,2.0236195128723804e-05,9.897149051880547e-06,4.2063496720581855e-05,1.575112167150407e-05,1.608882723361286e-06,9.081142588666904e-06,1.0478198454715648e-05,3.130501109324476e-05,1.9548536495908825e-05,1.614362719501354e-05,1.588989424553225e-05,1.4809462415901389e-05,1.919458586330053e-05,9.80173805503982e-06,3.18790888563967e-05,1.79907988059316e-05,1.6535984029061496e-05,5.200129101412613e-05,1.4972903188952796e-05,1.6222097443888223e-05,1.365715428237493e-05,9.812479589336513e-06,1.151887762133313e-06,1.4408644911844285e-05,2.7927450566650225e-05,1.6801075692233257e-05,3.825826918160117e-05,1.1305257796215177e-06,1.5237083002283516e-05,4.851298144018978e-05,5.415901583789624e-05,2.0492769392316293e-05,0.0001980443709443,0.0001962843063898,0.000203146830847,0.000202187076226,0.0002062281346324,0.0002046967476249,0.0002044406597728,0.000138086025046,0.0001565509853603,0.0001748580766714,0.0001674318929697,5.722624050247494e-05,0.0001479439634325,0.0001153411040655,0.0003346899972033,0.0001617218375091,0.0005944944972478,0.0002305541154338,0.0007457970296137,0.0002262335670601,0.0007840931616007,0.0001723437391638,0.0006373287116642,6.279593326185543e-06,-9.472378331261191e-06,-2.692181256921207e-05,-3.299017851131666e-05,-0.0001484448868752,-0.0002385356171574,-0.0001519701960487,-0.0002716874241462,-0.0001503445268132,-0.0002292330928881,3.702229256108563e-07,5.730441129908974e-06,5.826935689925416e-07,7.218274305106546e-07,1.2972179329709417e-06,6.5725204423483275e-06,5.455881408850369e-07,8.10638803663312e-07,2.2026363065368058e-07,7.050992165815876e-07,4.258791523167253e-06,1.3619088140356485e-06,5.747246626479317e-07,5.730915540094887e-07,1.2592997920768566e-06,1.2051394076959706e-06,1.014910375089488e-06,4.639495443627728e-06,1.388218241940549e-06,5.517099121015557e-07,8.213629963144804e-06,5.265072156285266e-07,5.686552604010296e-07,4.347868800766451e-07,1.474633499953505e-06,-2.9996462819432333e-08,4.330884740802503e-07,3.8246064533711506e-06,-9.706933252368612e-09,5.311281581473534e-06,-2.0420348875723533e-08,6.126809210127035e-07,7.219113851067215e-06,-1.024000165115768e-07,3.193729441281741e-07,-1.8939398767182573e-07,-8.051842614072718e-08,4.075548054900278e-07,3.4037342140797346e-07,-1.8347567437775285e-07,2.103145855460554e-07,1.3361615048697656e-07,-1.6025057776254064e-07,9.6134686898164e-07,6.625435203728738e-08,-1.7976930112160779e-07,-1.871373780400967e-07,5.186939000898509e-07,-1.5626934376920132e-07,1.0536904667014195e-07,1.0047579767127676e-06,1.87038538231466e-08,-1.6405818446460798e-07,4.779327880534542e-07,-2.0100128877477288e-07,-1.8230659250569105e-07,-1.8600981586388776e-07,3.5540933281578266e-07,-5.459491761790621e-09,-1.523497239778341e-07,8.670117391412547e-07,-5.409515388918777e-08,1.171246943729029e-06,9.365519018502296e-10,-5.829827890985217e-08,3.9453616419806626e-07,1.062654700355878e-06,no movement,no movement,no movement,no movement
450.00000000000017,0.0200529772392497,0.326765573377995,-0.2852992158666666,0.0307539406502506,0.3443681119643583,-0.2751616663666666,0.0333388498001375,0.3442931074077608,-0.2642482067,0.0323809504670483,0.344260488856545,-0.2692883947666667,0.0128071521716841,0.3531454744609605,-0.2960304097333332,0.0140863897055655,0.3512532361283764,-0.3084616613666665,0.0182588684183236,0.3415366690743909,-0.2886682396666667,0.0599314932875962,0.3469337917875205,-0.1635449617333333,-0.0517378784102347,0.3093640814460743,-0.1985390508666666,0.0415520699234529,0.3252145875673087,-0.2304425085333332,0.0123479290544256,0.2960023760077353,-0.2685577836666666,0.1242820374349304,0.2320466813966526,-0.019268187459,-0.1164974509478113,0.2684984645537377,-0.04279008452,0.1629168450791125,0.0717119774476473,-0.0028676133377666,-0.1708868788665105,0.0345387242640649,-0.0749472281733333,0.1648625074721081,-0.0820664344485733,-0.04959034554,-0.121099365812337,-0.1028033571960878,-0.1346659846666666,0.1537104614445335,-0.120849540269309,-0.0586172797566666,-0.0832065518258734,-0.1380552952985409,-0.1803595926666666,0.1270480668605917,-0.1206949822542318,-0.0779842645033333,-0.0448738038230134,-0.1042506937771773,-0.1951026786333332,0.1572823205034664,-0.105084242526058,-0.05805733688,-0.0999120680112052,-0.098263632220608,-0.147201359,0.0748294458289576,-0.1652164434241304,0.0542596412233333,-0.072056476847992,-0.1649526195276626,-0.0529010562766666,0.0708322884942372,-0.4922953682612869,0.0720110236133333,-0.0703074675501664,-0.4347294506925132,-0.0732718378133333,0.059148371060358,-0.7682767077421605,0.2390535673333333,-0.1378769063617065,-0.7717662278716797,0.0535063084999999,0.0428014426037453,-0.7980766699102229,0.2586650898666666,-0.1435095088801376,-0.8010542517009325,0.0252930043166666,0.0915051342447474,-0.8180178683334118,0.2220432395666667,-0.1383163788601217,-0.8248610698493188,-0.0590820808066666,nijmegen_nijmegen_rennen_g_ch1_g11_compr.mp4,ch1g11,1.626378000712794e-05,4.501358215622718e-05,1.6046074704911638e-05,2.068152741324166e-05,1.1256110830140857e-05,4.885121876100626e-05,1.604443418122489e-05,2.342140662029149e-06,8.808194348355422e-06,1.1206276302927052e-05,3.619985007786917e-05,2.1602012455680497e-05,1.6543191161996576e-05,1.6197718652282443e-05,1.641391265799738e-05,2.0711877867630005e-05,1.0599791290734962e-05,3.7204937898922275e-05,1.9933004597736854e-05,1.6940113811431102e-05,6.041425933480609e-05,1.5306308843989383e-05,1.663343955358811e-05,1.3832977081558703e-05,1.1244529562489074e-05,1.153033990278852e-06,1.465331284977917e-05,3.2361856986179616e-05,1.667658959165306e-05,4.4204823900152976e-05,1.1492686744089043e-06,1.5610917239022862e-05,5.603526269808746e-05,6.140565504103339e-05,2.2885893414395895e-05,0.0002037629628877,0.0002009361101905,0.0002082638254847,0.0002070784536589,0.000211992566191,0.0002101844485533,0.0002105466233264,0.000136450696827,0.0001606926711938,0.0001781897913567,0.0001720456828631,4.8503178537186845e-05,0.0001521904331966,0.0001121035049372,0.0003426712442945,0.0001888784700854,0.0006821663309848,0.0002801521417429,0.0008614665328543,0.000287011805683,0.000914760174602,0.0002081929762689,0.0007396133436022,4.791860580580391e-06,-8.062513570223503e-06,-3.602821898834714e-05,-3.9208592199011855e-05,-0.0001665896286506,-0.0002715842579674,-0.0001689199077897,-0.0003069950543437,-0.0001662075969943,-0.0002446121703425,1.823624641071377e-07,5.844812514361577e-06,3.3872737257615e-07,6.171633690543086e-07,1.7086910759898854e-06,6.691599808884601e-06,3.069855658978929e-07,9.600907926871732e-07,2.8114121917876113e-07,5.664272358140696e-07,5.194467510806469e-06,1.4602104713121352e-06,3.561405037312579e-07,3.3171563948011333e-07,1.7775994098194557e-06,1.104881011876214e-06,1.1483315870886022e-06,5.624750891701824e-06,1.4241678029892103e-06,3.487643669647805e-07,8.381415073553897e-06,2.822069633312714e-07,3.491871756630861e-07,2.0666486029894366e-07,1.8181273931170864e-06,-3.9782677768768075e-08,2.459509115342599e-07,4.676243140859279e-06,-6.760533869853888e-08,6.440107426137549e-06,-2.263472533313344e-08,4.949622309378581e-07,7.324228639505349e-06,-9.183981280193057e-08,1.9760376165490674e-07,-2.0620404818616185e-07,-1.166401792479715e-07,3.346902537878677e-07,1.779008282674055e-07,-2.0337727052427047e-07,1.3331575966731918e-07,2.088287896877827e-07,-1.6706258919032757e-07,7.711070500857975e-07,-2.311914954593024e-08,-2.0097097099719257e-07,-2.0481063247966643e-07,5.929254359903517e-07,-2.396647542181712e-07,8.87280570041085e-08,8.247026447324062e-07,-7.659940362369409e-08,-1.9009905421254325e-07,2.475850893071512e-07,-2.1374747426701053e-07,-2.070932500507185e-07,-1.8277875597571846e-07,2.765983059956871e-07,-1.0361808070334293e-08,-1.6309383536793245e-07,7.345889572800719e-07,-6.391743079454128e-08,9.08256849478172e-07,-5.878257979945136e-09,-1.0424398819940136e-07,2.0998753130080025e-07,9.715110327923918e-07,movement,no movement,no movement,no movement
466.66666666666686,0.020204642196022,0.3269804419593791,-0.2850105943,0.0309307422584109,0.3445790068525597,-0.2748710818,0.0335118558113343,0.3445119644850156,-0.2639591242,0.0325508211750581,0.3444777837531249,-0.268990002,0.0129813191471956,0.3533668994455391,-0.2957524414999999,0.014260460408372,0.3514729771415087,-0.3081739238999999,0.0184425019529914,0.3417575179140548,-0.2883873657,0.0601674876823813,0.3470717153345833,-0.1631824860333333,-0.0515442279519236,0.3095286567907639,-0.1981735194,0.0417012743752391,0.3254016237538579,-0.2301470482999999,0.0125159314643849,0.2961831423446148,-0.2682538059333333,0.1244225113801676,0.232098365588901,-0.0187410014823333,-0.1162668773497941,0.2686497130606374,-0.04220546416,0.1631766706663009,0.0718250644319164,-0.0019101522024333,-0.1709522672546214,0.0348889976157507,-0.0742363048233333,0.1654014480400866,-0.0818638620291729,-0.04849202168,-0.1214377679330785,-0.102022140107918,-0.1342076890333333,0.1542941861914122,-0.1205447067423661,-0.0574635576,-0.0835895856302132,-0.137055159881472,-0.1799646955,0.1277834717949933,-0.1203836127910198,-0.0768837471933333,-0.0453164507965046,-0.1031711607910543,-0.1947053282333332,0.1578851589172624,-0.1048614640428015,-0.0569845598166666,-0.1002765009623411,-0.0974097209302044,-0.146201164,0.0748113245441768,-0.1652113358207544,0.0542542109933333,-0.0720393078317206,-0.1649610794048992,-0.0528937034433333,0.070852748062408,-0.4923348186672059,0.0715913072,-0.070484582842748,-0.4347616697644754,-0.07340807065,0.0592413198798165,-0.7684259101364836,0.2382022103333333,-0.1380366573557666,-0.7720139940736096,0.0535031914266666,0.042889963047236,-0.7982262146995537,0.2577940285666666,-0.1436631771293978,-0.8013353312966652,0.0252978282566666,0.0915728991823013,-0.818177553074397,0.2212893247666666,-0.1385428305999929,-0.8250887220153718,-0.0589183431233333,nijmegen_nijmegen_rennen_g_ch1_g11_compr.mp4,ch1g11,1.6221166401663905e-05,5.071970629131512e-05,1.632621970488571e-05,2.1110542284520805e-05,1.3346658337035376e-05,5.53972851307741e-05,1.6300943333026276e-05,3.142333748910456e-06,8.923314821219094e-06,1.1695444113405318e-05,4.176729387189952e-05,2.3337314225767893e-05,1.690549652597599e-05,1.6478339522049016e-05,1.82572328687316e-05,2.191638051770138e-05,1.1860646221824163e-05,4.315351115978602e-05,2.15678408105083e-05,1.7303825292839385e-05,6.842547510778181e-05,1.5570186748228726e-05,1.700140409205249e-05,1.3988717781551556e-05,1.342599007102738e-05,1.1417684132381758e-06,1.4901249781204695e-05,3.727579166937664e-05,1.6797997732316093e-05,5.111231692423853e-05,1.167069934516016e-06,1.616480135570107e-05,6.31558455736754e-05,6.885459170182969e-05,2.5405294066685256e-05,0.0002040139176827,0.000200229284032,0.0002080113018535,0.0002067214188897,0.0002125069611201,0.0002103404413625,0.0002114619542373,0.0001301712912725,0.0001607731097799,0.0001764056204148,0.0001715787447927,3.404067256885878e-05,0.0001543263335985,0.0001018536727884,0.0003467177959415,0.0002222976742271,0.0007661257899049,0.000339812494622,0.000972198846325,0.0003614116670094,0.0010411583049923,0.0002540585565971,0.0008390707319331,2.5760588765261795e-06,-5.909813287257573e-06,-4.640263602085225e-05,-4.3568789973801645e-05,-0.0001911128548999,-0.0003052414091131,-0.0001923649079648,-0.0003429070753013,-0.0001874436917867,-0.0002619290797386,2.9562862496326308e-08,5.916664881060695e-06,6.843945013293344e-08,4.593476111952148e-07,2.0527897930136425e-06,6.72076246133005e-06,3.969269197555912e-08,1.028267007122112e-06,4.57182346596197e-07,4.2733538743349003e-07,5.872452997388343e-06,1.3992300514499671e-06,1.0244436986325237e-07,6.244211120265944e-08,2.379548823222445e-06,8.707139394020468e-07,1.26328134996246e-06,6.374462532765514e-06,1.3074507577704364e-06,1.03913787364458e-07,8.372922052010241e-06,1.823735295275616e-08,9.020212477756485e-08,-2.358323565769985e-08,2.0834508687767573e-06,-5.8663469144081616e-08,3.673982484313013e-08,5.348320144484053e-06,-1.5271808731813017e-07,7.207940243058713e-06,-3.5969032445836486e-08,3.2623213085096337e-07,7.315958349206256e-06,-5.908559853767138e-08,1.0904814893493566e-07,-2.040773403039102e-07,-1.506230598584144e-07,1.987648340582421e-07,5.168578178415985e-08,-2.0282744025546045e-07,5.88123683320148e-08,2.863083019485259e-07,-1.493126712024015e-07,5.095515986743626e-07,-1.1425672277544641e-07,-2.0984682612946546e-07,-2.041019698021786e-07,6.332516159656743e-07,-3.009880097804058e-07,4.1038005688611626e-08,5.703068355361082e-07,-1.634604693052825e-07,-2.054418384688457e-07,8.143254731777531e-08,-2.098229907831252e-07,-2.1922890396421607e-07,-1.620833433904629e-07,1.484350792254751e-07,-1.0063889608677328e-08,-1.6108560602227246e-07,5.398589573339566e-07,-7.257230100485677e-08,5.484062500302758e-07,-9.008289419177268e-09,-1.3404919670188764e-07,9.349257476399594e-08,8.526629509273239e-07,movement,no movement,no movement,no movement
483.33333333333354,0.0203747783885816,0.327197260353018,-0.2847526403,0.0311251243036677,0.3447901091440928,-0.2746338344333333,0.0337020382484316,0.3447310256791843,-0.2637203142,0.0327386317879735,0.3446951181971843,-0.2687447249333333,0.0131817497032748,0.3535898207443548,-0.2955284969333333,0.0144612217299591,0.3516938156524314,-0.3079392186666667,0.0186506328838673,0.3419801313666735,-0.2881597365666666,0.0604075646060069,0.3472022460161196,-0.1629367604333333,-0.0513115186574511,0.3096936683176405,-0.1979391400333333,0.041862897409447,0.3255868895831257,-0.2298884689333333,0.0127046305092182,0.2963642609357549,-0.2679905729333333,0.1245653380137987,0.2321246718708042,-0.0183513365523333,-0.1160363420564934,0.2688023541524916,-0.04164629568,0.1635143011693205,0.0719324180534829,-0.0009555528037666,-0.1710365664354984,0.0352408857860276,-0.0735142391133333,0.1660873671194724,-0.0816631328261044,-0.0471373173166666,-0.1217940598477608,-0.1012283361009391,-0.1337954672666666,0.1550399965040224,-0.1202356294726081,-0.0559834681,-0.083984320931692,-0.1360315665786652,-0.1796056823,0.1286751202873231,-0.1200592489208283,-0.07546129314,-0.0457732214011239,-0.1020705264739609,-0.1943240651666666,0.1586469808499397,-0.1046379230057077,-0.0556449508866666,-0.1006581794038584,-0.0965348547366873,-0.139247239,0.074789965179711,-0.1652083922391635,0.05423600314,-0.0720190425046408,-0.1649676211202923,-0.0528741056866666,0.0708734289224773,-0.4923893720401399,0.07102142061,-0.0706601703488106,-0.434815408299153,-0.0736512645533333,0.0593370028689528,-0.7685951817719827,0.2374531478333333,-0.1381983285290887,-0.77237207487655,0.0533500163066666,0.0429794960056235,-0.7983937213630777,0.2570603713666666,-0.1438206223562706,-0.80173652672311,0.0251413625866666,0.0916118798514334,-0.8183723540440052,0.2206588616,-0.1388289900584227,-0.8253852288564048,-0.0589103763433333,nijmegen_nijmegen_rennen_g_ch1_g11_compr.mp4,ch1g11,1.6116357608032612e-05,5.6762420637703254e-05,1.6324485071816757e-05,2.176481051863631e-05,1.555337134463259e-05,6.222953006318654e-05,1.624336422451603e-05,4.163330308962994e-06,9.32062060764536e-06,1.1913874476057163e-05,4.782112524138718e-05,2.4500641077536067e-05,1.693828386353353e-05,1.6461762691826294e-05,2.055633275636328e-05,2.2389357025604138e-05,1.3254264591080835e-05,4.97596390006015e-05,2.263216284858102e-05,1.731612039125712e-05,7.676930768900527e-05,1.5522600383803533e-05,1.70263529487804e-05,1.3897921073664833e-05,1.5627997199064945e-05,1.0622043490834412e-06,1.4833778982182756e-05,4.2740184373544705e-05,1.6652243073669858e-05,5.863593936912783e-05,1.1149920000308457e-06,1.643227690907797e-05,7.040739582880106e-05,7.710360270596071e-05,2.7503619610129007e-05,0.0002018072458752,0.0001976525369876,0.0002060493254841,0.0002049176244439,0.0002109639722128,0.0002084435017558,0.0002101380865289,0.0001235836083852,0.0001584892866203,0.0001723032227114,0.0001686776836539,1.528871945734567e-05,0.0001541133259617,8.545956332227116e-05,0.0003508559040708,0.0002671544449608,0.0008576901811221,0.0004122455085049,0.001087229725689,0.0004535473314392,0.0011762698655151,0.000313386841528,0.0009456831688043,7.083227100708153e-07,-4.036144206940464e-06,-5.046754260368521e-05,-4.3044312830966e-05,-0.0002055187069204,-0.0003334458310502,-0.0002060983133765,-0.0003728099174216,-0.0001971305076802,-0.0002735043452784,-5.6507019522170964e-08,6.041354532042799e-06,-1.803671502285979e-07,2.734381053037633e-07,2.2532128865669177e-06,6.771422986761332e-06,-2.1146553684075546e-07,1.0298838805034485e-06,7.514760232899351e-07,3.1937395216382885e-07,6.166844039315526e-06,1.1153766574036824e-06,-1.4946502012638225e-07,-1.8764610835429793e-07,2.9841495226566075e-06,4.655211983051849e-07,1.301481927428617e-06,6.761088554070357e-06,9.85945608564915e-07,-1.4767073925007486e-07,8.410993620331386e-06,-2.2190331115232941e-07,-1.706773538975712e-07,-2.1292590350816387e-07,2.219355019020189e-06,-8.059782948869643e-08,-1.5943623015098464e-07,5.7144906451020835e-06,-2.439126605573839e-07,7.504924662067728e-06,-5.657819023940281e-08,1.284590495034521e-07,7.375751465721593e-06,-3.251899664760733e-08,3.431325584620398e-08,-1.885163703868549e-07,-1.91391540790636e-07,1.0710912553487126e-08,-5.0174786041068924e-08,-1.86128980408561e-07,-2.51703595547713e-08,3.2626072628203365e-07,-1.1258183581141921e-07,1.90080437762099e-07,-1.8088801567028666e-07,-2.053852359119291e-07,-1.897089473625101e-07,6.058879949073647e-07,-3.201669355695554e-07,-4.3270618111339855e-08,2.472511351661357e-07,-2.175084949995281e-07,-2.0731760330296605e-07,-4.9386342730186035e-08,-1.9112503532555066e-07,-2.1605985359694646e-07,-1.3103361555583854e-07,-1.85903414606798e-08,-3.5379328084905942e-09,-1.471222195020858e-07,2.8195757447055497e-07,-7.373862043549587e-08,1.1541984370153881e-07,-6.250764807761897e-09,-1.4910390289637518e-07,2.122312143588369e-08,6.959945815788843e-07,movement,no movement,no movement,no movement
500.0000000000002,0.0205451795520156,0.3274068861040537,-0.284354221,0.0313197413305474,0.3449955867180244,-0.2742663787666666,0.0338926931149691,0.3449458744868286,-0.2633554245,0.0329269774849147,0.3449089875695206,-0.2683729628333333,0.0133827276384482,0.353811025152314,-0.2951589808999999,0.014662788997143,0.3519122776415283,-0.3075553168333333,0.0188586734327346,0.3422005357666812,-0.2877869671333333,0.0606497901563461,0.3473280277136962,-0.1625784282333333,-0.0510707428619248,0.3098611572234624,-0.1975398082666666,0.0420259944212989,0.3257647489040912,-0.2294976363,0.0128947990826041,0.2965398091318439,-0.2675774312666666,0.1247119766157242,0.2321327058915573,-0.0178641264789999,-0.1158015030197811,0.268958373046491,-0.0409048402233333,0.1638740046340671,0.0720064027711672,-0.0001095287904333,-0.1711590970927531,0.0355733907479067,-0.0726863570466666,0.1667991863182047,-0.0814027985898394,-0.0460358620399999,-0.1222207208407658,-0.1003663601625794,-0.1334064903333333,0.1558225522798972,-0.1198272476919408,-0.05480828355,-0.0844499298594523,-0.1349264957082238,-0.1792745839666666,0.1295887767034508,-0.1196189428046273,-0.0743161348466666,-0.0462994980127975,-0.1008779038164391,-0.1939783934999999,0.1594310304545258,-0.104331481343477,-0.05454976906,-0.101108373218447,-0.0955782452092928,-0.139381453,0.0747679321465775,-0.1652091280421135,0.05419807335,-0.0719978655142606,-0.1649701771387932,-0.0528344997666666,0.0709033136409421,-0.4924487023730088,0.0702984104333333,-0.070853750334176,-0.434857530341679,-0.0740095118133333,0.0594741360684748,-0.7688459567030718,0.2365841170666666,-0.1383926496541044,-0.7727676587586808,0.0528516983799999,0.043112278871931,-0.7986451399349194,0.2562024087,-0.1440077660832425,-0.802178349534861,0.02460713845,0.0916681233543945,-0.8186017165004625,0.2199120983666666,-0.1391123754213427,-0.825695441108446,-0.0593752674899999,nijmegen_nijmegen_rennen_g_ch1_g11_compr.mp4,ch1g11,1.6113368280115286e-05,6.278238602980168e-05,1.6178222414750158e-05,2.2193199756572875e-05,1.8059977774849176e-05,6.89946712389514e-05,1.6039602388223576e-05,5.280591830885584e-06,1.0199870013977446e-05,1.1868046422590324e-05,5.4215456746367705e-05,2.5501466417562628e-05,1.6786058460184208e-05,1.6300582312962003e-05,2.3709113089610497e-05,2.2404167166516057e-05,1.4726090525336692e-05,5.673535164708621e-05,2.348203627570432e-05,1.7144016804222883e-05,8.519672382812648e-05,1.526535659552209e-05,1.6850552191421213e-05,1.3673565302744298e-05,1.8121930885032372e-05,9.591882069544798e-07,1.4591874048690383e-05,4.868212745962149e-05,1.6331989998846177e-05,6.649007966986846e-05,1.037250014298704e-06,1.655883086500726e-05,7.766025844857267e-05,8.582678887457549e-05,2.966159818107217e-05,0.0001957458124695,0.0001914178898451,0.0002005053054258,0.0001996819950956,0.0002052723964616,0.0002028055227044,0.0002053179740018,0.0001142313691469,0.0001524873162315,0.0001645549623676,0.0001622751613251,-6.214613917661199e-06,0.0001502958683129,6.584426038166789e-05,0.0003493876342122,0.000318205005943,0.0009514146625422,0.0004900816341685,0.0012039125998976,0.0005558467967792,0.0013153435679024,0.0003795609110103,0.0010537834033847,-1.0418479984860624e-06,-2.219165644276005e-06,-5.317919053336494e-05,-3.92803457832294e-05,-0.0002175789942821,-0.000358397971371,-0.0002173215481272,-0.000399128626457,-0.0002016668586789,-0.0002829121610551,-4.509638509711324e-08,6.114839641445352e-06,-3.4849878128541517e-07,8.55627901195089e-08,2.1876241870713843e-06,6.7402192194228395e-06,-3.827309571966383e-07,9.952236339830028e-07,1.1500202362721048e-06,2.307082539574576e-07,6.217506832540809e-06,7.361439208278517e-07,-3.4704982087953917e-07,-3.5851614319375185e-07,3.6106366234514577e-06,1.2753570676653938e-09,1.24380379633956e-06,6.874160903061509e-06,5.853613555886999e-07,-3.53552679096333e-07,8.378552835879653e-06,-3.9215847966685737e-07,-3.79980944608827e-07,-3.1629509816423746e-07,2.129236156046141e-06,-9.240922627432069e-08,-2.977008411271887e-07,5.8852659841358536e-06,-3.246174449794421e-07,7.463065508222312e-06,-7.237334790123183e-08,-3.030914025158052e-08,7.420682685505908e-06,-7.237601189268174e-09,7.063939998706001e-10,-1.5269556562010257e-07,-2.0164224685501678e-07,-2.013134800466145e-07,-9.68801147358771e-08,-1.481026180184753e-07,-9.672419849889935e-08,3.192724948311598e-07,-6.567844851573967e-08,-1.1684274102482673e-07,-2.242335928715417e-07,-1.79543130957919e-07,-1.5527721708934105e-07,4.985524103264022e-07,-2.952967679686354e-07,-1.449266501949877e-07,-7.35983907965155e-08,-2.39194871632905e-07,-1.8717524445104e-07,-1.098019784744064e-07,-1.521137101466783e-07,-1.89161127977864e-07,-8.78587944601465e-08,-2.00977669842473e-07,8.992407345864898e-09,-1.166719377091836e-07,1.2692774107932704e-08,-4.932927735709622e-08,-2.919162118673499e-07,2.8925709489527322e-09,-1.342624049075845e-07,1.7526932744701332e-08,5.379365269862634e-07,movement,no movement,no movement,no movement
516.6666666666669,0.0207139424362554,0.3275788161752552,-0.2841275932,0.031510661524218,0.3451651546282165,-0.2740720020666666,0.0340799797541595,0.345124951936444,-0.2631666750666667,0.0331125585617235,0.3450880205558385,-0.2681742210666666,0.0135814261392007,0.3539963528159439,-0.2949592800333332,0.0148622535784179,0.3520944480796323,-0.3073435773,0.0190636941117632,0.3423853120025713,-0.2875814135666666,0.0608965913693972,0.3474280594729275,-0.1623465030999999,-0.0508318174879938,0.3100018410575575,-0.1972400376333333,0.042188562623697,0.3259094245480914,-0.2292611762333333,0.0130833793496758,0.2966829621150318,-0.2673139817,0.1248935334879397,0.2321080605209428,-0.0174287996723333,-0.1155652153909298,0.2691102552796565,-0.0401865647066666,0.1642869280975449,0.072066087015314,0.0006060003535666,-0.1712799886561133,0.0359062965422702,-0.07188108134,0.167603638086359,-0.0810535309924196,-0.0452956182966666,-0.1226727570928882,-0.0994025905060229,-0.1331124894333333,0.1566932340076313,-0.1192650170968383,-0.05405219416,-0.0849472093201685,-0.1336881616684408,-0.1790818374666666,0.1306069575221932,-0.1189696031305177,-0.0736077783466666,-0.0468624060821841,-0.0995269744018025,-0.1938008997999999,0.1603079101726128,-0.1039046197381495,-0.05383508863,-0.1015846653040341,-0.0945063554640101,-0.137570456,0.0747511168372187,-0.1652129705928715,0.0541557094733333,-0.0719821673908193,-0.1649691881292393,-0.0527899842866666,0.0710036781375319,-0.4925085421834629,0.0696849620366666,-0.0710740849792789,-0.4348932021129684,-0.0743755251466666,0.0597362770943083,-0.7690982378076507,0.2358539313666666,-0.1385772666230153,-0.7731588311360419,0.0523272444366666,0.0433701782096507,-0.798897580693115,0.2554635018333333,-0.144184711006829,-0.8026130677744783,0.0240443862566666,0.0917966534360959,-0.8188302263110518,0.2192337761666666,-0.1393865323578242,-0.8259993652836273,-0.0599230590099999,nijmegen_nijmegen_rennen_g_ch1_g11_compr.mp4,ch1g11,1.625448012049266e-05,6.858213124292654e-05,1.587030013715423e-05,2.236885929122481e-05,2.0211755791708152e-05,7.541053953532325e-05,1.5685993474683728e-05,6.430621439977509e-06,1.1700773849840436e-05,1.1926825393621824e-05,6.057867863278343e-05,2.6266427067013608e-05,1.6438846645872074e-05,1.597509674739815e-05,2.769834019833852e-05,2.2325426850141984e-05,1.6271742493064892e-05,6.371690913910602e-05,2.4095807278977897e-05,1.6781355571196978e-05,9.323878727976944e-05,1.4865749686452095e-05,1.6459184340484557e-05,1.3364090012271838e-05,2.022856514020728e-05,8.383170559634075e-07,1.4273309005166088e-05,5.46891425155478e-05,1.606396911373418e-05,7.417319204172058e-05,9.383691283410716e-07,1.653641896767034e-05,8.47365567107869e-05,9.466770806690848e-05,3.146113119481328e-05,0.0001847310760262,0.0001804187973542,0.0001900881015574,0.0001897615933477,0.0001940169654591,0.00019204755049,0.0001954548540102,0.0001018376101488,0.0001419168273951,0.0001525516193118,0.0001515042239474,-2.9435868713886625e-05,0.0001453468246626,4.3750844747746464e-05,0.0003441815886264,0.0003734077176498,0.0010437061061067,0.0005710874370801,0.0013176392529063,0.0006642577509224,0.0014480142680954,0.0004504338126268,0.0011576556400121,-3.074388642955491e-06,3.8062241474504384e-08,-5.182021635880781e-05,-3.313326495928008e-05,-0.0002275878036319,-0.000377689216577,-0.0002270790950806,-0.0004190618991447,-0.0002040602182914,-0.0002947262367848,7.011068161227127e-08,6.203558058710677e-06,-4.033489001917471e-07,-7.003910359853578e-08,1.870587315914726e-06,6.708711750731969e-06,-4.393035516141496e-07,8.921504471822127e-07,1.5714661819034495e-06,1.509499227647473e-07,5.931242203764131e-06,4.172254676154014e-07,-4.530472333457269e-07,-4.177290435263702e-07,4.1279888313240205e-06,-3.948124489957738e-07,1.050870664224844e-06,6.613471355038211e-06,2.689170197406124e-07,-4.733090720997995e-07,8.35114856764775e-06,-4.498524981167179e-07,-4.959746240998432e-07,-3.18222270324641e-07,1.8369661253230435e-06,-7.699560537373765e-08,-3.526672367259119e-07,5.7623469619927415e-06,-3.682966930633877e-07,6.93791459662057e-06,-6.695174812813315e-08,-1.0579030173207361e-07,7.540899105264902e-06,-5.998302403013918e-09,1.173672346224392e-08,-1.0714571052998865e-07,-1.7969151049982952e-07,-4.023527705007993e-07,-7.963438389457812e-08,-1.0091552758330821e-07,-1.555515744610408e-07,2.422986656833726e-07,-3.030944634436188e-08,-3.74729891642422e-07,-2.399863018564749e-07,-1.369868723794611e-07,-1.109969909511006e-07,3.0918468303701525e-07,-2.4181069886185434e-07,-2.526485906336554e-07,-3.52166941127467e-07,-2.294683240384345e-07,-1.4894835173393366e-07,-9.08389006192677e-08,-1.0313848072254277e-07,-1.434015182687729e-07,-4.529892827871516e-08,-3.686774624589364e-07,2.4641092991217064e-08,-7.926003318644996e-08,-2.344325378845388e-07,-1.2768442353679791e-08,-6.170036852181716e-07,1.6153110398164904e-08,-1.0227070037045278e-07,7.330793205059361e-08,4.277622852321425e-07,movement,no movement,no movement,no movement
533.3333333333335,0.0208788601869996,0.3277455462223885,-0.2837754996333332,0.0316985146258186,0.3453290221227334,-0.2737500296999999,0.0342650879872737,0.3452989577532149,-0.2628532887333333,0.0332956807767551,0.3452621728529385,-0.2678525516999999,0.0137740646846648,0.3541736129594544,-0.2946301690333333,0.0150562840266976,0.352269984759451,-0.3070024331,0.0192614033317633,0.3425642116542304,-0.2872484093666667,0.0611456551705264,0.3475218393611267,-0.1620275243666666,-0.0505968351358555,0.3101317627023858,-0.1968151826666666,0.0423523007880138,0.3260472371578461,-0.2289156282333333,0.0132676885552405,0.2968189907799634,-0.2669355289666666,0.1250930591662041,0.2320676207928458,-0.0169732681923333,-0.1153318023004536,0.2692548732870716,-0.0394049074099999,0.164753073244388,0.0720904920908034,0.0012341742649,-0.1714064497860161,0.0362674777626602,-0.0710911351466666,0.1684435357191111,-0.0806601639784982,-0.0448566655999999,-0.1231547973714825,-0.0983010495905785,-0.1330685498999999,0.1575995471859005,-0.1186623972242921,-0.05367182116,-0.0854842840369588,-0.1323273697614114,-0.1791888372333333,0.131655129856927,-0.1182623075779625,-0.0732751635666666,-0.0474557980502521,-0.0980473784915155,-0.1939305056333333,0.1612185167931693,-0.103421104349616,-0.0534305012433333,-0.1020948215483569,-0.0932985839649496,-0.138147771,0.0747367367219066,-0.1652180827165906,0.0541013669233333,-0.071968762477136,-0.1649667868537843,-0.05273197928,0.0711050819678433,-0.4925614502486877,0.06907945894,-0.0712887082779156,-0.4349284467328153,-0.07474531286,0.0599969399253886,-0.7693504925932719,0.2350140934666666,-0.1387376135081127,-0.7735432396516426,0.0516897602166666,0.0436265694130765,-0.7991492297008287,0.2545960893333333,-0.1443333652598298,-0.8030376526076595,0.0233550183363333,0.0919302779622464,-0.8190434322965127,0.2184152812,-0.139615795641796,-0.8263036252533643,-0.0605807477099999,nijmegen_nijmegen_rennen_g_ch1_g11_compr.mp4,ch1g11,1.644388258102716e-05,7.468097452015104e-05,1.5440146203700193e-05,2.2227713459911324e-05,2.205087004236366e-05,8.1958932654933e-05,1.5225712973172443e-05,7.368973307919199e-06,1.353190008987868e-05,1.2172420038659636e-05,6.679952576842193e-05,2.6597214490105984e-05,1.5939875671474918e-05,1.552404498076468e-05,3.20413333699965e-05,2.2112693245948353e-05,1.7614292456055783e-05,7.065323834158425e-05,2.434440191921885e-05,1.6257806654146196e-05,0.0001015252797502,1.4366268056161e-05,1.5905298169271585e-05,1.304692061654337e-05,2.2046510683834947e-05,7.733290962966399e-07,1.3920996742234552e-05,6.0763237913907787e-05,1.5771590950804372e-05,8.141868364065449e-05,8.788805705936729e-07,1.6416716956370324e-05,9.22403042803905e-05,0.0001038755858074,3.2843546369673826e-05,0.0001699815659499,0.0001655726453022,0.0001759025235409,0.0001761368420741,0.0001785525777818,0.0001774893900451,0.0001817619421377,8.767724539648278e-05,0.0001275524488867,0.0001373950064347,0.0001375723481553,-5.141166217153082e-05,0.0001381640177582,2.514025311879635e-05,0.000335097000168,0.000434011555274,0.0011432137977238,0.000653693779779,0.0014388291802309,0.000769779683547,0.0015855152574958,0.000524321330581,0.0012653269907394,-5.313480842550945e-06,2.656821772686287e-06,-4.685900937841197e-05,-2.6216674592712994e-05,-0.0002359963150419,-0.0003895108841278,-0.0002351104294237,-0.0004305460736401,-0.000205981810241,-0.000307881790772,2.0290181803089698e-07,6.228440869160823e-06,-3.88021073321083e-07,-2.0041032149831857e-07,1.3387998942892673e-06,6.648527022294036e-06,-4.207747585296564e-07,7.637184792404489e-07,1.9155020493474887e-06,1.1388887807691272e-07,5.461369573336753e-06,1.8601889299479438e-07,-4.864239153908675e-07,-4.0845451379327737e-07,4.407105993900795e-06,-6.509354907614789e-07,7.675803183509765e-07,6.145655861898381e-06,6.887905842377683e-08,-5.226156567000166e-07,8.330751802121122e-06,-4.639040435701454e-07,-5.49119068682168e-07,-2.598673628897729e-07,1.373050157315451e-06,-4.0572508913984315e-08,-3.299611062489821e-07,5.443780478118498e-06,-3.321921374018582e-07,6.191088798263463e-06,-4.214639907081743e-08,-8.380229057753147e-08,7.689746505090276e-06,-2.6904078659810938e-08,4.7306355273713844e-08,-5.9399514470876924e-08,-1.216930886650823e-07,-5.63043877113677e-07,-1.7986288498302338e-08,-5.2888140183204923e-08,-1.8759344779461337e-07,1.041685400859218e-07,-1.3817963503375722e-08,-5.432279062209758e-07,-2.284951749744664e-07,-8.346184868369523e-08,-6.410617060271848e-08,6.40275274076766e-08,-1.7165045805092126e-07,-3.397831685558515e-07,-5.480147947308738e-07,-1.9498977892029358e-07,-9.731459302167335e-08,-1.7505182861845845e-08,-5.222370484422183e-08,-8.551736703207825e-08,-1.1501271139367281e-08,-4.998618936673009e-07,3.9111448934399475e-08,-4.0502657024669095e-08,-4.258844661198199e-07,3.7348963550865274e-08,-7.994501701471619e-07,2.99070025320988e-08,-6.084717872658069e-08,1.5596090404896308e-07,4.500268901146188e-07,movement,no movement,no movement,no movement
550.0000000000001,0.02104448771558,0.3279073659749283,-0.2835382423333332,0.0318879495271787,0.3454881554359786,-0.2735367176,0.0344517841897754,0.3454676680741042,-0.2626502514666666,0.0334805753015868,0.3454311926218083,-0.2676403115,0.0139671396001109,0.3543447463367389,-0.2944090377666666,0.0152508816333346,0.3524398407697174,-0.3067742883666666,0.0194592439339034,0.3427387985317339,-0.2870229488333333,0.0614061990719519,0.3476035451442303,-0.1618009134666666,-0.0503539272313163,0.3102529847302292,-0.1964689676,0.0425179460632495,0.3261774863949941,-0.2286766882333333,0.0134520732517515,0.2969491790941088,-0.2666679577666667,0.1253249158755661,0.2319983191926835,-0.0166347561523333,-0.1151075155641502,0.2693909266415609,-0.0386728881133333,0.1653302366170204,0.0721054822701741,0.0014745492415666,-0.1715484611947534,0.0366076827458391,-0.0705665087233333,0.1693919326628067,-0.0802180146238717,-0.04498946239,-0.1236579813841199,-0.0971240790770297,-0.1338400480666666,0.1586151354077613,-0.1179936626984766,-0.0539007663266666,-0.0860461136200667,-0.1308628929740579,-0.1802172945333333,0.1328064105349095,-0.1174767228766494,-0.0735540916999999,-0.0480618364792841,-0.0964444354590789,-0.1949515317333333,0.1622358169624517,-0.1028809045230566,-0.0536031485799999,-0.1026224737964596,-0.0920021103912089,-0.137730956,0.0747252080627185,-0.1652253311067789,0.0540357928733333,-0.0719584651005533,-0.1649620427328943,-0.0526612427233333,0.0712193490025046,-0.4926086817592863,0.0686830173966666,-0.07149742578463,-0.434969801659183,-0.0751445586766666,0.0603118707247435,-0.7696084247620275,0.2346154933666666,-0.138809733197594,-0.7739328054126483,0.05102656929,0.0439458606230729,-0.7994084704989955,0.2541986048333333,-0.1443746547616312,-0.8034666621741321,0.0226422177509999,0.092206976266158,-0.8192486283708224,0.2180615331,-0.1397814446232271,-0.8266064218282744,-0.0612793091799999,nijmegen_nijmegen_rennen_g_ch1_g11_compr.mp4,ch1g11,1.6734509034167227e-05,8.087867389151123e-05,1.496932259748426e-05,2.180448474128505e-05,2.3358597830929145e-05,8.851762067852598e-05,1.4728855391048695e-05,8.147421317096787e-06,1.5666589127056782e-05,1.2618953902436277e-05,7.184385681074969e-05,2.6495805491066702e-05,1.534948956079976e-05,1.503225327027673e-05,3.662163267227759e-05,2.152082140766045e-05,1.800206053242914e-05,7.650127344738213e-05,2.4211974134008412e-05,1.563833914169823e-05,0.0001097388004056,1.3846099112389e-05,1.5244289058415796e-05,1.2768291771568496e-05,2.3358727898732817e-05,7.339505342836132e-07,1.3565484111480697e-05,6.595510947577765e-05,1.5386046709332408e-05,8.702024002855568e-05,8.308739181450088e-07,1.6245262976767886e-05,9.98831788582344e-05,0.0001127298358502,3.364297639200389e-05,0.0001557419146965,0.0001503017642868,0.0001613797013404,0.000162224758317,0.0001619913968684,0.0001624485016054,0.000167614677075,7.409085036875058e-05,0.0001127325892727,0.0001225143400401,0.0001243524688525,-7.152220042729488e-05,0.000131386109777,-3.823127597193205e-07,0.0003241644171577,0.0004821355701814,0.0012451567182074,0.0007174357032366,0.0015613962959005,0.000852176304578,0.0017215548168412,0.0005836188476855,0.001373396137207,-7.689422294625989e-06,5.564948979428003e-06,-4.0805490593900065e-05,-2.0359422205708308e-05,-0.0002406905531717,-0.0003906162904009,-0.0002394354774085,-0.0004295374175195,-0.0002034805458421,-0.0003139082102413,2.618198726375184e-07,6.312797918896475e-06,-3.756486851637682e-07,-2.934545966978898e-07,6.841938848225846e-07,6.688174798094412e-06,-4.003747329554791e-07,6.01745351704621e-07,2.0647484122376725e-06,1.028511864054249e-07,4.834669988863509e-06,4.275222842280995e-08,-5.083040939096655e-07,-4.021342618799984e-07,4.383134581604799e-06,-7.263020788668457e-07,3.436792757777997e-07,5.505208075959107e-06,-2.2797603842701723e-08,-5.593587908689194e-07,8.469147327816955e-06,-4.668118945030065e-07,-5.798178527054729e-07,-2.083354047867324e-07,8.150284728092326e-07,1.4447263150390792e-08,-3.0394078235303273e-07,4.933158419919046e-06,-2.5211883974299785e-07,5.30091526521956e-06,-6.793376046879231e-10,-7.358605484554883e-08,7.976319256736415e-06,-7.111743758606336e-08,9.553808335864077e-08,-1.9194491390472098e-08,-3.3120797460806326e-08,-6.605269577803855e-07,6.922398370890427e-08,-1.3647532296312026e-08,-1.9718385282188085e-07,-7.651694819966923e-08,-1.7173843148069878e-08,-5.836814581541528e-07,-2.0594679784429016e-07,-2.8164347521677836e-08,-2.4090929988747023e-08,-2.079668942184663e-07,-9.45745647573072e-08,-3.757439782236523e-07,-6.202617099825626e-07,-1.54653944436602e-07,-4.1337350667647754e-08,8.790905867197018e-08,-9.748608459393931e-09,-2.590720791579065e-08,7.198902280274866e-09,-5.771511071375092e-07,4.9473372074936735e-08,-6.6509072424400205e-09,-5.219852557227034e-07,9.716040932235409e-08,-7.945628632237042e-07,4.124184861916375e-08,-1.7867593245103145e-08,2.412252791930001e-07,5.709144847339688e-07,movement,no movement,no movement,no movement
566.6666666666667,0.0212081193502547,0.3280647494779068,-0.2832504641333333,0.0320761319526822,0.3456399817171932,-0.2732647545333334,0.0346375731863531,0.3456302038790525,-0.2623908083333333,0.0336643423752786,0.3455945415803787,-0.2673711071333333,0.0141566402160154,0.3545077792468767,-0.2941225271666666,0.015442408778633,0.3526034547405877,-0.3064823935,0.0196524587402732,0.3429079368325745,-0.2867332652999999,0.0616703108906407,0.3476771093109243,-0.1615029955333333,-0.0501117357906782,0.3103651976378735,-0.1960248693,0.0426846905209101,0.3263013009921023,-0.2283904016333333,0.0136339199721945,0.2970743780739356,-0.2663470732,0.1255838834315807,0.231922879310025,-0.0162659121823333,-0.1148940387668288,0.2695195373923876,-0.0378873933333333,0.1659817007833866,0.0720874533696312,0.0016528411539,-0.1717272180667555,0.0369220840480781,-0.07013154159,0.170410506084181,-0.0796796536943524,-0.0456224188899999,-0.1241851074739966,-0.0958105733179826,-0.1351330933333333,0.1596934708426277,-0.1172070937344118,-0.05474851785,-0.0866341204835195,-0.129214759912236,-0.1818522166666666,0.1340056778538905,-0.1165288338639896,-0.0744387063366666,-0.0486824365056861,-0.0945963665133135,-0.1965898737,0.1633095276896559,-0.102229548786379,-0.054286924,-0.10317152821807,-0.0905435207488099,-0.142165348,0.0747174987648836,-0.1652335502613799,0.0539664641033333,-0.0719521434414761,-0.1649560877582128,-0.0525845823333333,0.0713536023529113,-0.4926338991598891,0.06831351827,-0.0716970494202337,-0.4349773580723169,-0.07554431958,0.0606308630640533,-0.7698359501938741,0.2344413782666666,-0.1388507626029135,-0.7743063444471122,0.0502606659966666,0.0442682165997917,-0.7996359745277021,0.2540568600333333,-0.1443813087079106,-0.8038767942815033,0.0218179092483333,0.0924825640646934,-0.819433342302862,0.2179842855,-0.1398977135225799,-0.826905819225516,-0.0621408837633333,nijmegen_nijmegen_rennen_g_ch1_g11_compr.mp4,ch1g11,1.6922212210281375e-05,8.765373406541086e-05,1.4464107206955282e-05,2.1365873841980542e-05,2.365568968954528e-05,9.559946967816027e-05,1.4203848892253713e-05,8.518069490360967e-06,1.776126278448789e-05,1.280755436533937e-05,7.6125478147666e-05,2.5515208668858748e-05,1.4700659983607228e-05,1.4501114878720491e-05,4.1040346028515594e-05,1.9993577448976497e-05,1.7852798009315557e-05,8.152113651341461e-05,2.32497762687193e-05,1.493710003627681e-05,0.0001185630812115,1.3304220966704673e-05,1.4519252385403932e-05,1.250105097447883e-05,2.3746149905308713e-05,7.408850143023303e-07,1.3212286490851308e-05,7.050002936515575e-05,1.5031585717877076e-05,9.147705887059056e-05,8.162121298034028e-07,1.6089887409962026e-05,0.0001082717918355,0.0001216315822608,3.323299161783206e-05,0.0001408365213552,0.0001343988668966,0.0001463774105006,0.0001478423015719,0.000144655839233,0.0001469529201786,0.0001525509988407,6.17996852781504e-05,9.817468046971971e-05,0.0001073548986023,0.0001109725406581,-8.891256867365116e-05,0.0001269972558768,-3.017207980770903e-05,0.000315270074474,0.0005169251547091,0.0013600254966632,0.0007617929082449,0.0016990460961037,0.0009110882325854,0.0018710203682598,0.0006270971221625,0.0014932365468786,-1.0530585134936898e-05,9.02218328304735e-06,-3.4323673919189215e-05,-1.582764630066783e-05,-0.0002403354783448,-0.0003782239638183,-0.000237385104476,-0.0004129572260348,-0.0001930371528607,-0.000306331508885,2.9960546961823494e-08,6.31977730644321e-06,-5.37547888274719e-07,-3.968076871570018e-07,-1.2164388678747598e-07,6.68127843190713e-06,-5.424016575666053e-07,3.1516275795891517e-07,1.8106374183109065e-06,1.2187064344628834e-07,4.080531929202119e-06,-1.6055699181093242e-07,-6.651424119640113e-07,-5.654083565702606e-07,4.0092808218453165e-06,-6.995781228152206e-07,-1.5016698420474985e-07,4.707854034916392e-06,-1.943942427082784e-07,-7.245526859503696e-07,8.449466697971794e-06,-5.953178840077854e-07,-7.295178178197518e-07,-3.0553910070926705e-07,9.51834902863818e-08,7.149113830716436e-08,-4.0474057359120435e-07,4.248277756725176e-06,-1.9794182592924333e-07,4.285866687957161e-06,4.717319727254293e-08,-2.1081720997916126e-07,8.140149253982557e-06,-1.2234609951805553e-07,1.2991379062721425e-07,8.745280278077748e-09,6.944104696193147e-08,-6.680549544036839e-07,1.48808670334622e-07,1.2511937348317373e-08,-1.752201147385965e-07,-2.677016509743995e-07,-2.055831120623959e-08,-5.074694764900881e-07,-1.773872168604883e-07,2.1122931323673793e-08,4.7437079980792524e-09,-4.719947145374372e-07,-1.3862811489403457e-08,-3.631672565031342e-07,-5.679367143700623e-07,-1.1652236171155786e-07,1.1550314221515433e-08,1.8602819915516374e-07,1.8757076058495816e-08,2.6362102343986338e-08,1.0751788214156294e-08,-5.794206666485989e-07,5.4114864400757514e-08,1.84230685465904e-08,-5.207930099168551e-07,1.571514225851267e-07,-6.168607856815802e-07,4.8086763088876076e-08,1.828072858912789e-08,2.899279756750366e-07,7.181253523778667e-07,movement,no movement,no movement,no movement
583.3333333333334,0.0213680298239447,0.3282033361632923,-0.2829311122666666,0.0322585780328521,0.3457742276524476,-0.2729629772,0.034817282730072,0.3457779593658708,-0.2621014983333333,0.0338432035592812,0.3457439201156406,-0.2670711179666666,0.0143371657606645,0.3546530490972799,-0.2938002905666666,0.0156259280122476,0.3527508530297105,-0.3061553447999999,0.0198352172703865,0.3430602783357011,-0.2864096300333333,0.0619381089431513,0.3477379425308657,-0.1611741810666666,-0.0498702511424836,0.3104631468301475,-0.1955297682999999,0.0428546451789395,0.3264030578720426,-0.2280731420333333,0.0138139952058226,0.2971811753243275,-0.2659893539666667,0.1258654667329551,0.2318192705475523,-0.0159070004556666,-0.1146893706734643,0.2696475018236173,-0.0370290924066666,0.1666549675414907,0.0720368712319708,0.0016224393172333,-0.1719185560635294,0.0372449399220605,-0.0697333689766666,0.1714572323123017,-0.0791368275312776,-0.0466411496866666,-0.1247304221456498,-0.0943976604676088,-0.1367011737999999,0.160816864140418,-0.1164169121992291,-0.0560053755366666,-0.0872454548171639,-0.1274636935185706,-0.1837803509333332,0.1352309716397869,-0.1155912321449623,-0.0757283516533333,-0.0493158099509556,-0.0926607693487772,-0.1985129038,0.1644069541731534,-0.1015763253481771,-0.0553563296833333,-0.1037370693266071,-0.0889879933906361,-0.142190501,0.0747144156218392,-0.1652459514680421,0.0538783017533333,-0.0719505621084431,-0.16494515700969,-0.0524866163866666,0.0714958876334677,-0.4926621881734574,0.0678211449133333,-0.0718826295000705,-0.4349769490099799,-0.07599634382,0.0609401212000111,-0.7700481751146269,0.2342156639333333,-0.138804550848377,-0.7746642326494088,0.0495279759033333,0.044577667739601,-0.7998396578556862,0.2538709779666667,-0.1442846872283637,-0.804266740272745,0.0210400484566666,0.0926979396105199,-0.819611083119474,0.2178334862333333,-0.139867546307521,-0.8271970437163378,-0.0629858035666666,nijmegen_nijmegen_rennen_g_ch1_g11_compr.mp4,ch1g11,1.7016907190090333e-05,9.467028791614588e-05,1.3958586280644987e-05,2.0889097109460192e-05,2.3072742988275056e-05,0.0001029521599233,1.369644941977764e-05,8.663909686585254e-06,1.973353552735627e-05,1.2921118525588568e-05,7.974463183713937e-05,2.496875418979305e-05,1.406004520242226e-05,1.3968379793847163e-05,4.517119265908595e-05,1.884252364019427e-05,1.7355648296722606e-05,8.575702517801191e-05,2.2655530092730052e-05,1.4229688304167176e-05,0.0001278669406156,1.2748290714605006e-05,1.3814849486146252e-05,1.2244250676789717e-05,2.3390786639175705e-05,8.334572588044203e-07,1.2852189772722403e-05,7.438496506974535e-05,1.4864680771560742e-05,9.509550061621444e-05,8.784318116117183e-07,1.590963262719563e-05,0.000117301274723,0.0001302780774606,3.2563813403562516e-05,0.0001247368645413,0.0001179343341945,0.0001309243002035,0.0001329255029979,0.0001272575400399,0.000131345405388,0.0001371962443894,5.006071541022088e-05,8.44289559624746e-05,9.132512307759787e-05,9.680481842591122e-05,-0.0001066032459938,0.0001240711988945,-5.9415902514873355e-05,0.0003081685055641,0.0005286760868873,0.0014810946643659,0.0007777129311649,0.0018496273298273,0.0009314345204866,0.0020311179039046,0.0006421265678755,0.0016198181429125,-1.3943372389376448e-05,1.3083881973392807e-05,-3.091938427080431e-05,-1.2728996856769678e-05,-0.0002412332025569,-0.0003711224335715,-0.000235206416711,-0.0004026553625212,-0.000190801166825,-0.0003020223069397,-1.4685112122059645e-07,6.442898474549746e-06,-5.388910666307826e-07,-3.2531998638456265e-07,-7.977950490375365e-07,6.84219963588997e-06,-5.246979749966769e-07,1.3187925238173152e-07,1.4145718773275543e-06,1.7757690034864317e-07,3.6150910345361047e-06,-2.3279560795692874e-07,-6.446680110464362e-07,-5.666977252195495e-07,3.4409411396868813e-06,-5.987688173943518e-07,-5.157572625069143e-07,4.163733891801559e-06,-2.0656730984678986e-07,-7.080298815259344e-07,8.672359236350657e-06,-5.743928237487484e-07,-6.905645405050618e-07,-3.1142322342304146e-07,-4.921656410642284e-07,1.385302131143581e-07,-4.0035934267409954e-07,3.741939711102507e-06,-1.0940029056616624e-08,3.723013669631551e-06,1.0859060686913227e-07,-1.836064558686721e-07,8.468349892765919e-06,-1.656225724115142e-07,1.578643864499312e-07,2.166075451700992e-08,1.750016333087106e-07,-5.89680395563488e-07,2.209572203238262e-07,2.3646156113544716e-08,-1.299154170852727e-07,-4.34718046878021e-07,-2.4959678500157063e-08,-3.456008908617932e-07,-1.9406913098881833e-07,5.5795833524144254e-08,1.971198691207534e-08,-6.918745874451098e-07,1.3679810081307369e-08,-3.143708521528017e-07,-4.1594522812643827e-07,-1.2991186850264484e-07,5.1628074258536394e-08,2.7362104587317976e-07,2.9643966932389115e-08,6.150154206208366e-08,1.1303507413646023e-09,-5.138663185047326e-07,5.0384793529190135e-08,3.166464378711203e-08,-4.3718779731871114e-07,2.0251082852698747e-07,-3.1715085230787924e-07,4.7315842949330824e-08,4.46360937442368e-08,3.0064044186538506e-07,8.516867681528562e-07,movement,no movement,no movement,no movement
600.0,0.0215351620926952,0.3283136807286989,-0.2826834172333333,0.0324481899699403,0.3458734281413342,-0.2727107889333334,0.0350050361427502,0.3458907368745426,-0.2618636072666666,0.0340289909098885,0.3458590795590613,-0.2668189863333333,0.014520079487018,0.3547600916138488,-0.2935296099999999,0.0158122178367803,0.3528644486630561,-0.3058807571333333,0.0200203298752648,0.3431815003359276,-0.2861351545999999,0.0622178762667965,0.3477699434841175,-0.1608561594666666,-0.0496297402653595,0.3105320754357159,-0.1950467555999999,0.0430343170669403,0.3264778467126047,-0.2278110062666666,0.0139969817718948,0.2972653255393493,-0.2656934934,0.1261993540062813,0.2317050732788426,-0.0155718711056666,-0.1144893235870901,0.2697654727835217,-0.0361968097799999,0.1674601222163828,0.0719757630852427,0.0015027423239,-0.1721016043065471,0.0375481315575115,-0.0696716377466666,0.1726191377299661,-0.078573128191944,-0.0478079740633333,-0.125274040501078,-0.0928574805141183,-0.1392254891333333,0.1620467916923378,-0.1156008233339129,-0.0574308671833333,-0.0878730577466414,-0.1255229815199872,-0.1868216386999999,0.1365442259519824,-0.1146032456058946,-0.0772231949133333,-0.0499494944073252,-0.0905124093984349,-0.2015630706666667,0.1656048852733851,-0.1009000178114378,-0.0565858328133333,-0.1042995063170225,-0.0872992937781365,-0.14123714,0.0747176748975372,-0.1652595856157077,0.0537772824366666,-0.071956282397279,-0.1649320806035524,-0.0523709303533333,0.0716462410610484,-0.4926900780115588,0.0674104156566666,-0.0720943383814494,-0.434978450240035,-0.0764453371633333,0.0612491955893207,-0.7702590782326809,0.2341029480666666,-0.1387590608905757,-0.7750145323476696,0.04868798304,0.0448860130109208,-0.8000426713068108,0.2538008113666666,-0.144189627100983,-0.804644465623328,0.0201427760333333,0.0929125585898649,-0.8197853177427166,0.2177646776333333,-0.1398487935389713,-0.8274867604042693,-0.0640461751633333,nijmegen_nijmegen_rennen_g_ch1_g11_compr.mp4,ch1g11,1.696101535322789e-05,0.0001012029408966,1.3469066383960108e-05,2.0588572025690175e-05,2.1731326753966413e-05,0.0001098266651053,1.3229108891268605e-05,8.694332779261902e-06,2.122438388917599e-05,1.2902785618076066e-05,8.29397452162858e-05,2.490093758612846e-05,1.344577523986861e-05,1.345661932345788e-05,4.848584026063088e-05,1.8166490989934025e-05,1.652361650479418e-05,8.941942694189754e-05,2.2525468818667873e-05,1.3549263311788196e-05,0.0001366899609659,1.2198967156932304e-05,1.3143315331253658e-05,1.2001111137218698e-05,2.2455131012206347e-05,1.0196922960230166e-06,1.2482950456459073e-05,7.774014857464686e-05,1.4896822608624836e-05,9.832491192094096e-05,1.0225057396875552e-06,1.5721222803310002e-05,0.0001261018350766,0.0001380591610519,3.1806126049491306e-05,0.0001094019957506,0.0001025366370364,0.0001165357771203,0.0001189085716789,0.0001113920795448,0.0001171939563836,0.0001233018431379,3.970705367414846e-05,7.387918744689632e-05,7.652173539007267e-05,8.376451369647603e-05,-0.0001209282569848,0.000125133519882,-8.405103319039306e-05,0.0003064034918505,0.0005229469789251,0.0015947916228682,0.0007730784372032,0.0019965832687589,0.0009219846839559,0.002182080856685,0.0006352054751324,0.0017385332777589,-1.757135038084825e-05,1.7333528790159377e-05,-3.078977967706465e-05,-1.1775733424029272e-05,-0.0002458046392852,-0.0003697566730802,-0.0002361710547528,-0.0003989542381707,-0.0001968068594754,-0.0003019674610279,-3.892881530021241e-07,6.631074946046442e-06,-4.933663055225242e-07,-1.2093226674986593e-07,-1.341072233588992e-06,7.118341750371213e-06,-4.7361250377561716e-07,-1.7543633679265082e-08,7.832093087372318e-07,1.596973303268337e-07,3.324158028817421e-06,-3.276619858089666e-07,-5.485288635919087e-07,-5.211148594720972e-07,2.5464057206945847e-06,-5.138882619603024e-07,-8.349609363427586e-07,3.793549481191188e-06,-2.343576278506918e-07,-6.159886975204469e-07,8.961565420429628e-06,-5.078783609226264e-07,-5.751110188691145e-07,-3.09405133981958e-07,-9.70072946609899e-07,1.913607157301557e-07,-3.652655554340485e-07,3.3065332542810288e-06,2.2288291054860878e-07,3.4975664397645778e-06,1.6332968985101006e-07,-1.1288075339524733e-07,8.79257387767181e-06,-1.841286034340965e-07,1.9887044030291398e-07,2.018761729955807e-08,2.613289880367268e-07,-4.381484327650997e-07,2.982285680532913e-07,2.1482894038580697e-08,-7.128902866441532e-08,-5.392375175640099e-07,-2.4672649337243993e-08,-1.470203822676549e-07,-2.564634416421169e-07,7.106069440440302e-08,2.1252913531207145e-08,-8.295973377142153e-07,-2.1408616879853337e-08,-2.359184537977709e-07,-2.115063244643422e-07,-1.9823343370599435e-07,7.265807081581194e-08,3.660246393056319e-07,2.2378627727379933e-08,7.477224776710595e-08,-1.765403374842032e-08,-3.935852792504823e-07,3.84198749900782e-08,3.1606261484666163e-08,-3.024521871973654e-07,2.2430736922897226e-07,2.4611095717358772e-08,3.8488236984913986e-08,5.9071531905799214e-08,2.96600856905071e-07,9.420994428920752e-07,movement,no movement,no movement,no movement
616.6666666666666,0.0217105533526759,0.328414701837725,-0.2823059181666666,0.0326494481813046,0.3459633479248866,-0.2723305937333333,0.0352034255131174,0.3459952262864753,-0.2615017713333333,0.0342252342799144,0.345966224589767,-0.2664409647333333,0.0147099404958997,0.3548580904614078,-0.2931198598666666,0.0160055549172183,0.3529710154499586,-0.3054682572333333,0.0202117562462946,0.3432949478319267,-0.2857214248666666,0.0625068927351199,0.3477986689284252,-0.1604082196333333,-0.0493794776950659,0.3105963177201956,-0.1944288794666666,0.043225488395391,0.3265448709358094,-0.2274284587,0.0141884242712263,0.29734296212984,-0.2652731120666666,0.1265562220382612,0.2315860142661463,-0.0152081640623333,-0.1142876279342058,0.2698828182193962,-0.0352784142099999,0.1683225203765588,0.0719035248637907,0.0013511037639,-0.1722627112930962,0.037847886511469,-0.06980011282,0.1738809889076639,-0.0780017868572948,-0.0490343490766666,-0.125823146124523,-0.0911461774899909,-0.1421482361666666,0.1633977400273503,-0.1147815888753322,-0.0588997791966666,-0.08854751627025,-0.1233796328069705,-0.1902891433666666,0.1379473741430263,-0.1136188113473703,-0.0787790594399999,-0.0506054232134826,-0.0881680885939925,-0.2050341287666666,0.1668934686692826,-0.1002209535005428,-0.05787812252,-0.1048710738041543,-0.0854443046337906,-0.148958459,0.0747210803967267,-0.1652747508039707,0.0536609080933333,-0.0719622163778275,-0.1649165652093508,-0.0522351513466666,0.0718012350484235,-0.4927127702835009,0.0669885059166666,-0.0723079229898396,-0.4349830658893361,-0.0768804555399999,0.0615386750531324,-0.7704800735802908,0.2339938268666666,-0.1386953700338358,-0.7753642213522055,0.0477274179733333,0.0451681520814204,-0.8002558822633238,0.2537397811666666,-0.1440735199541355,-0.8050208115622443,0.0190946997653333,0.0931165589881092,-0.8199610355069088,0.2177366554999999,-0.139804051752097,-0.8277750992823175,-0.0652774597266666,nijmegen_nijmegen_rennen_g_ch1_g11_compr.mp4,ch1g11,1.6412674476170124e-05,0.0001074648984316,1.303279237742856e-05,2.061429412795581e-05,1.974860494753497e-05,0.0001166324303465,1.2814182814811008e-05,8.55509978400039e-06,2.165188746899517e-05,1.2983132889821002e-05,8.599466500440196e-05,2.4920396994318264e-05,1.2975647416217906e-05,1.2996301685732494e-05,5.057301447535357e-05,1.787475968266395e-05,1.5419677255112745e-05,9.283996413697002e-05,2.2551333750351704e-05,1.3009310905837197e-05,0.0001454494726328,1.173656068094002e-05,1.263857373674578e-05,1.174428127561284e-05,2.0968887906177148e-05,1.2714336482650545e-06,1.2194636767044807e-05,8.069530029292224e-05,1.5239864737814563e-05,0.0001015967327639,1.2388199030718589e-06,1.564264746217891e-05,0.0001346682878359,0.0001450621066985,3.079378044251102e-05,9.622976633514922e-05,8.977641838662304e-05,0.0001048056410811,0.0001073367864328,9.95869356468307e-05,0.0001066688495792,0.0001128295233225,3.23112723718424e-05,6.978376551978316e-05,6.467699380968844e-05,7.419074828865033e-05,-0.0001279316795258,0.000133129414198,-9.417672504264944e-05,0.0003116118521805,0.0005141746826776,0.0017044645650836,0.0007637078260655,0.0021410781309629,0.0008972305891106,0.0023320917844843,0.000621083440108,0.0018564892315268,-2.1314387680410655e-05,2.1617821569689823e-05,-3.263569592317811e-05,-1.2965925729972188e-05,-0.0002514896438504,-0.0003678896745842,-0.0002380878038031,-0.0003948847784517,-0.0002051041009127,-0.0003017878342495,-6.1699906559255e-07,6.851221391039871e-06,-4.521824876957474e-07,2.3392384653576763e-07,-1.6810439957458446e-06,7.4727000409793e-06,-4.39311422252097e-07,-7.808162843340239e-08,1.1513734648992121e-07,9.280279289274365e-08,3.2422698168881382e-06,-5.636186416662617e-07,-4.393135434980776e-07,-4.802927500716669e-07,1.532519819456658e-06,-5.162585675315178e-07,-1.0114078694342086e-06,3.628302528813123e-06,-4.112339463062863e-07,-5.039481745053945e-07,9.33103695838803e-06,-4.586006186461971e-07,-4.5715903114696326e-07,-3.2917840678624513e-07,-1.2746981524001349e-06,2.2398871924574561e-07,-3.197865002485763e-07,2.9999092085776542e-06,4.931163914700161e-07,3.674532590797969e-06,2.016610691107015e-07,-2.8054180951429433e-08,9.06056054281476e-06,-1.5748080011189059e-07,2.449443949072424e-07,6.818934257923042e-09,3.1678413015673996e-07,-2.361415922498764e-07,3.653234105000809e-07,1.0038118192268224e-08,-5.226318702371211e-09,-5.440005675351727e-07,-2.3380826099860817e-08,4.0901298546135536e-08,-3.356717155241399e-07,6.291995027347283e-08,1.1694120988311317e-08,-8.690381848136402e-07,-1.101832349520142e-07,-1.403142470704978e-07,-5.771558238138239e-09,-2.955496656579267e-07,6.993267833445582e-08,4.579474512647333e-07,-1.3350395192452367e-09,6.221590090973807e-08,-3.901455244107991e-08,-2.3391669417631787e-07,2.1293094779305805e-08,1.7290527409242593e-08,-1.496216156753761e-07,2.141926263829772e-07,3.351061512936105e-07,2.3509734907795062e-08,5.990217947783613e-08,2.9132932764061197e-07,9.68485382572775e-07,movement,no movement,no movement,no movement
633.3333333333333,0.021903028546613,0.328509606012161,-0.2814426343,0.0328653589354333,0.3460510751155329,-0.2715089457,0.0354143086696363,0.3460984794806528,-0.2606946161666666,0.0344352289520432,0.346072330477308,-0.2656244968333333,0.0149185823597744,0.3549559114005429,-0.2922541332,0.0162159974590291,0.3530771986925906,-0.3045918693,0.0204189438593161,0.3434073237072222,-0.2848545259999999,0.0627994291831961,0.347832184782125,-0.1596333747666666,-0.0490985297852595,0.3106680975001952,-0.1934850791666666,0.0434320996149454,0.3266101947278626,-0.2265868868,0.0144020930643804,0.2974184818531153,-0.2643783634,0.126920132504226,0.2314627667279744,-0.0147211295723333,-0.1140431086024378,0.2700286230654511,-0.0341683127799999,0.1691866778196169,0.071815348290053,0.0012351562438999,-0.1723543545403403,0.0381550160485291,-0.069920356,0.175154496097376,-0.0774986696500715,-0.0501148630699999,-0.1263616072621632,-0.0893912339271622,-0.1448134087,0.1647814230981082,-0.1140305907011609,-0.0600862998033333,-0.0892317842975999,-0.1211695870018658,-0.1934186554333332,0.1394185527257954,-0.112750582507866,-0.0800589308433333,-0.051268662857287,-0.0857985629132364,-0.2081423416333333,0.1682182790201153,-0.0996115020908883,-0.0590042866233333,-0.105438680136201,-0.0835408401526197,-0.145925939,0.0747232741633531,-0.1653010655723709,0.0535285856566666,-0.0719668026150713,-0.1648894791005857,-0.0520821726733333,0.071939163395313,-0.4927567359234728,0.0662096581066666,-0.0725378521268809,-0.4350100643902156,-0.0773903958766666,0.0617272278523806,-0.770755581151572,0.2332410435666667,-0.1386206186142477,-0.7757561229276454,0.0467712539833333,0.0453286458914799,-0.8005140876742318,0.2530066082666666,-0.1439446954480773,-0.8054416265982214,0.0180546771592,0.0931074202339233,-0.8201895107410706,0.2172301451666666,-0.139755368777196,-0.8281174302186898,-0.0664897520166666,nijmegen_nijmegen_rennen_g_ch1_g11_compr.mp4,ch1g11,1.5614668848440473e-05,0.0001138528423402,1.2550803436547593e-05,2.098943795184589e-05,1.7675614652780787e-05,0.0001237170901077,1.2373885745655464e-05,8.387966801979758e-06,2.130873152473012e-05,1.3006889553397937e-05,8.924209919065048e-05,2.4921653164726733e-05,1.2523167795505569e-05,1.2490455384065975e-05,5.151236939438089e-05,1.7951102743574527e-05,1.4364484247571162e-05,9.634632006747152e-05,2.2700695768082457e-05,1.249288888652105e-05,0.0001542171287801,1.1210515502022684e-05,1.2163382883446442e-05,1.1363296600642904e-05,1.9380660700127225e-05,1.5628796093186169e-06,1.1842180351855728e-05,8.359436325975519e-05,1.5839697855865694e-05,0.0001052605051277,1.5047872834813554e-06,1.566381332192962e-05,0.0001432605540096,0.0001518043740605,2.984847730669845e-05,8.325565001555252e-05,7.733545519329506e-05,9.319895172337678e-05,9.578636553790948e-05,8.896864110536441e-05,9.704898072899176e-05,0.0001032698214543,2.6182063619368008e-05,6.924542989360068e-05,5.343087086595674e-05,6.548011550588877e-05,-0.0001316039220333,0.000146598316799,-9.108666245311e-05,0.0003236927812212,0.0005122929323615,0.0018162521269208,0.0007607937835829,0.0022870659085502,0.0008769065726662,0.0024820109787601,0.0006128366331563,0.0019789748636319,-2.521358707765772e-05,2.599248330816927e-05,-3.65558979792832e-05,-1.7640832643438952e-05,-0.0002553523477666,-0.0003720807164446,-0.0002379341331408,-0.0003973610308915,-0.0002121935533945,-0.0003024252745609,-7.989012770589484e-07,7.191562312753595e-06,-4.5209912582036785e-07,6.595360731934259e-07,-1.7894416207124963e-06,7.964507252150391e-06,-4.5075426046988425e-07,-2.0262944324094287e-08,-4.861514217873883e-07,-1.1488307645303943e-09,3.4556246771839214e-06,-9.477449775472112e-07,-3.692239642381274e-07,-4.77685675043721e-07,5.990268368053532e-07,-6.997752144806838e-07,-1.0367601756049412e-06,3.804676031084832e-06,-7.592320626768761e-07,-4.2499537476342186e-07,9.959062910862825e-06,-4.668784809211537e-07,-3.914609824363267e-07,-3.9455016103437027e-07,-1.4047303995092562e-06,2.2776164801589578e-07,-3.1412833977289525e-07,2.9806267542191403e-06,6.863025944449271e-07,4.301633029127097e-06,2.1048872455677077e-07,1.5090284323444057e-08,9.412291172519298e-06,-9.174947182296481e-08,2.7914607621184025e-07,-1.1096843386488137e-08,3.3180664050689617e-07,-2.2667811493562834e-08,4.0642821534779697e-07,-3.507351772652179e-09,5.6837507122447415e-08,-4.533408523522637e-07,-1.7342189086660756e-08,1.6990380816279365e-07,-4.020313889224802e-07,3.7485817757829076e-08,-2.163436147025178e-09,-8.125553217232621e-07,-2.291498621280308e-07,-4.6208472956141065e-08,1.4892286133938325e-07,-3.92428455714027e-07,4.8811053014856183e-08,5.436588668567593e-07,-3.0329622701599084e-08,3.1289623829246645e-08,-5.470350307581465e-08,-6.512543583679527e-08,2.407063010980486e-09,-3.950122288142977e-09,-2.124870794290123e-08,1.7238555555544444e-07,5.45128079214233e-07,5.413147175523989e-09,4.9863434253624244e-08,2.828020708869547e-07,9.212577473210068e-07,movement,no movement,no movement,no movement
649.9999999999999,0.0220762244243752,0.3285934665253254,-0.2806211163666667,0.0330582936478841,0.3461320254644505,-0.2707315481333334,0.0356012238027868,0.3461955762756117,-0.2599302526666666,0.0346229091107483,0.3461723161438414,-0.2648515502666667,0.0151042993672356,0.3550494954016806,-0.2914339405333333,0.0164038701327656,0.3531784584673414,-0.3037620385333333,0.0206018538297637,0.3435136748609404,-0.2840331859,0.0630545864306952,0.3478661931842167,-0.1589111721,-0.0488398416216933,0.3107414015704072,-0.1925960098333332,0.043620087081317,0.3266678987258705,-0.2257837986666666,0.0145980366136965,0.2974864163587727,-0.2635236089666666,0.1272456522268339,0.2313377768084967,-0.0142829971256666,-0.1138032794028983,0.2701909712131904,-0.033079489,0.1700406619497394,0.0717300614440154,0.0010630873839,-0.1724463339963942,0.0384879675213362,-0.0700885588166666,0.1764576606655412,-0.0769913144277894,-0.0511544653033333,-0.1269092577482509,-0.0875079549352159,-0.1475722424666666,0.1662196039764865,-0.113273037929944,-0.0612166904666666,-0.0899333441869603,-0.1188066385695818,-0.1966660615333332,0.1409625201292476,-0.1119009836988784,-0.0812729699299999,-0.0519497940514705,-0.0832537606491436,-0.2113567739333333,0.1695869480228364,-0.0990036580957191,-0.0600892808999999,-0.1060211740230136,-0.0814949103338693,-0.145908296,0.0747221648979781,-0.1653303336406028,0.0533797329899999,-0.0719679277242935,-0.1648587480790393,-0.0519112441833333,0.0720557571888092,-0.4927925550312169,0.0653539401766666,-0.0727750113413075,-0.435036514722156,-0.0778984296066666,0.0618888480033785,-0.7710337916218529,0.2320976610666666,-0.1385452326398853,-0.7761334630769404,0.04582224969,0.0454615132242443,-0.8007741613997608,0.2518366535333333,-0.1438151380156511,-0.8058431117541407,0.0170193758471333,0.0930996708058911,-0.8204144945845513,0.2162672936999999,-0.1396998252811925,-0.8284336622488739,-0.0676886523833333,nijmegen_nijmegen_rennen_g_ch1_g11_compr.mp4,ch1g11,1.460324782377094e-05,0.000121107861091,1.2008491766245476e-05,2.1807611508902973e-05,1.6013974132258606e-05,0.0001319211821738,1.1859041474741713e-05,8.304258511838138e-06,2.0284189255458555e-05,1.3090274314939169e-05,9.238473794379825e-05,2.4207456453882955e-05,1.211631660812442e-05,1.1920096758961086e-05,5.114815115600192e-05,1.7800411402903148e-05,1.3364076909443443e-05,9.98408360398136e-05,2.2259700492066064e-05,1.2031429407568206e-05,0.0001644638934769,1.066336354409966e-05,1.1743029101916427e-05,1.0850717944603446e-05,1.8105062855775743e-05,1.8213881301158895e-06,1.145658680266395e-05,8.614563094832092e-05,1.671987593007228e-05,0.0001093291264806,1.7524574296113155e-06,1.571517101750761e-05,0.0001528253237853,0.0001586817224381,2.869298811570654e-05,7.234234223577485e-05,6.719637617493948e-05,8.389829350273977e-05,8.643771032855807e-05,8.231826928878166e-05,9.096455694550746e-05,9.710774303346416e-05,2.2815667976011696e-05,7.514424793575699e-05,4.5056951255472874e-05,6.026522416326542e-05,-0.0001289494757216,0.0001665924263417,-7.537586094313711e-05,0.0003430219205402,0.0005318651730156,0.0019418002041059,0.0007852475495965,0.0024499350562449,0.0008859478260382,0.0026561114995569,0.0006280561857962,0.002119518198141,-2.8968164009996005e-05,3.015699181638219e-05,-4.060569239144813e-05,-1.9504703981884737e-05,-0.0002542866929218,-0.0003644738810619,-0.0002327819421535,-0.0003870073026163,-0.0002121904929223,-0.0002927396836834,-8.522827513498377e-07,7.4785185234615e-06,-4.55988109802758e-07,1.040665907381834e-06,-1.6630950180941726e-06,8.394372234781548e-06,-4.571367898381574e-07,1.1983708529563221e-07,-8.879221804846337e-07,-7.63497577288381e-08,3.8035148411043265e-06,-1.3691490471199364e-06,-3.1678185699308e-07,-4.728576825871223e-07,-1.5536107702163314e-07,-9.93344019344053e-07,-9.584539310740208e-07,4.135458111495343e-06,-1.183582389163938e-06,-3.572309181524006e-07,1.058196190517197e-05,-4.998256399636891e-07,-3.535979026910116e-07,-4.571111362940526e-07,-1.336285333479626e-06,2.149373496448381e-07,-3.115913359652417e-07,3.118434137159815e-06,8.38514446686858e-07,5.1311654543748954e-06,2.0150162616295174e-07,6.790492518242885e-08,9.681103740370704e-06,5.032965192244394e-09,2.6760775213142213e-07,-2.93990156909235e-08,2.992400290161585e-07,1.6237722724848344e-07,3.865745860920259e-07,-1.4251699512687021e-08,1.0231591864464536e-07,-2.84995056202069e-07,-1.002325318984172e-08,2.161173153916809e-07,-4.084662329439866e-07,-2.469764138928484e-09,-1.6718026984438423e-08,-6.718776307746969e-07,-3.313601651748446e-07,3.11605816974906e-08,2.1866174503233197e-07,-4.373401119379078e-07,1.1725648130611742e-08,5.680475825697298e-07,-5.956669812883663e-08,-1.32490409853078e-08,-6.236888866882833e-08,8.087518120970555e-08,-1.3844085974128473e-08,-3.093622709389197e-08,6.041852889979337e-08,1.0059118269674289e-07,6.049954445791256e-07,-1.1704057351778112e-08,3.1606529384186615e-08,2.4315276451324397e-07,7.850021995741535e-07,movement,no movement,no movement,no movement
666.6666666666665,0.0222207894320921,0.328660209248908,-0.2800416897,0.0332323865989096,0.346192427418023,-0.2701965398,0.0357687895583094,0.3462727832291339,-0.2594060715333333,0.0347910650985942,0.3462516070727856,-0.2643114219,0.0152669137893696,0.3551239155282769,-0.2908426316666667,0.0165688098997463,0.3532624210251544,-0.3031642287666667,0.0207615797338202,0.3436042794345082,-0.2834382908333333,0.0632932092332675,0.3478855249698442,-0.1583429267333333,-0.0486008225213406,0.3108132636489325,-0.1918168012999999,0.0437842991194406,0.3267077458493477,-0.2252079313666667,0.0147645656121594,0.2975434298776723,-0.2628795907,0.1275604480372746,0.2312114988066223,-0.0138864822556666,-0.1135913622731087,0.2703545786112254,-0.0319826442599999,0.1709051996230335,0.0716471367313704,0.0009137150705666,-0.1725485579895109,0.0388251301379047,-0.07028505596,0.177818811532228,-0.0764703233339913,-0.0519285691533333,-0.1274574712059655,-0.0854953736500819,-0.1505897584,0.1677140011827426,-0.1124956893033116,-0.0620506344499999,-0.0906346483212241,-0.116251823659712,-0.2002406717999999,0.1425719327288873,-0.1110319619517418,-0.0821870373299999,-0.0526303964362001,-0.0804674102454766,-0.2148900652666667,0.1710137728645655,-0.0983903432894767,-0.0609018648133333,-0.1066044164673908,-0.079300817440709,-0.145874754,0.0747231369208954,-0.1653600042949128,0.0532066069533333,-0.0719718413229821,-0.1648277377865591,-0.05171318987,0.0721853598964713,-0.4928355034006525,0.06440402207,-0.0729935363053468,-0.4350649272111301,-0.0783015024233333,0.062051407459487,-0.7712781269970839,0.2309471071333333,-0.1384568322031106,-0.7764694499568852,0.0452239126833333,0.0455921020477558,-0.8009942826707459,0.2506801063666666,-0.1436748518380907,-0.8061947859482504,0.0163704927674666,0.093077393119677,-0.8206152132876535,0.2153132433999999,-0.1396570370072448,-0.8286782297446114,-0.0683681218633333,nijmegen_nijmegen_rennen_g_ch1_g11_compr.mp4,ch1g11,1.3561309903067944e-05,0.0001285687815901,1.151240714272139e-05,2.294888204088878e-05,1.4734996608937084e-05,0.0001404669573224,1.1378999107234925e-05,8.563840447625186e-06,1.895859006647935e-05,1.3179607246229612e-05,9.65127286726546e-05,2.2527892931697e-05,1.1789552717994403e-05,1.1406731117244127e-05,5.029410158978598e-05,1.6844336697227075e-05,1.2709653026077111e-05,0.0001043328147578,2.087701639016873e-05,1.1658857762315233e-05,0.0001753001427076,1.0098566852643604e-05,1.141054730460072e-05,1.0320269771045564e-05,1.7072835681103058e-05,2.0002748989764447e-06,1.1073118884933316e-05,8.935690448113298e-05,1.7735570701012983e-05,0.0001151922963992,1.933289638323642e-06,1.5817229650478146e-05,0.0001624986162607,0.0001660443790668,2.6969084736959825e-05,6.388404774285481e-05,5.951073977000309e-05,7.671340742373622e-05,7.913675825991842e-05,7.83762334872669e-05,8.733495895810123e-05,9.352752340964966e-05,2.1007693285767357e-05,8.400009861154715e-05,3.939715441818219e-05,5.7949254698064584e-05,-0.0001197819975178,0.0001899886072494,-4.253849201345622e-05,0.0003684563546652,0.000581022721953,0.0020730302271297,0.0008464463643497,0.002618016902208,0.0009387852825325,0.002842540798087,0.0006750996720609,0.0022680496341536,-3.208831441770304e-05,3.356691200774051e-05,-4.286291830670586e-05,-2.200728502761613e-05,-0.0002355431309571,-0.0003455131589482,-0.0002098616565476,-0.0003640022880365,-0.0001993543910055,-0.0002740369325129,-7.813425732701722e-07,7.672145355031036e-06,-4.90398730393368e-07,1.3335302135089129e-06,-1.3738121419236108e-06,8.699838043160647e-06,-4.778450113823994e-07,2.7688896142602954e-07,-1.0657544788166552e-06,-7.13344999829473e-08,4.155080430207154e-06,-1.824833111921048e-06,-3.298574158408501e-07,-4.936668700626467e-07,-7.29330595230168e-07,-1.353431903342487e-06,-8.247891405917844e-07,4.4967466467897164e-06,-1.678490873369994e-06,-3.524411349470286e-07,1.1064427973048022e-05,-5.715066125080187e-07,-3.8572054006874354e-07,-5.191220567310535e-07,-1.1515965857649723e-06,1.8660134137193477e-07,-3.3852231540488077e-07,3.3050274729756352e-06,9.327530224722422e-07,5.9301936437918525e-06,1.748188524100574e-07,9.85582057486979e-08,9.810404004409096e-06,1.0902005888676275e-07,2.318336374199736e-07,-5.1272216670758264e-08,2.2272278912907226e-07,2.991128783419825e-07,3.346880338876074e-07,-2.6546878366483572e-08,1.174224577139156e-07,-8.079616152563032e-08,-2.0025517495529904e-09,1.4559578936326022e-07,-3.2762861942258145e-07,-5.457229756901621e-08,-3.6305320448120136e-08,-4.977558487474413e-07,-3.670298915893071e-07,8.334435593777725e-08,1.6756151174683777e-07,-3.9513934567032995e-07,-3.8965639153747273e-08,5.614624851642505e-07,-8.493114674080904e-08,-6.707559966120322e-08,-6.677256485619754e-08,1.908497910102709e-07,-2.427573841665589e-08,-6.298365382586185e-08,5.6461437436048566e-08,7.618798572228083e-09,4.727855968135753e-07,-2.4016322738231553e-08,3.786783373080019e-09,2.070252673890365e-07,5.952319338849684e-07,movement,no movement,no movement,no movement
683.3333333333331,0.0223630848453093,0.3287201124126569,-0.2793058713666667,0.0334016726311274,0.3462495322385758,-0.2695290184666667,0.0359313548802592,0.3463474519083249,-0.2587466579,0.0349548942110671,0.3463285868768532,-0.2636389712333333,0.0154293954678478,0.3552012475866051,-0.2901178988,0.016733862219627,0.3533482552116225,-0.3024289687333333,0.0209206412540293,0.3436952724957814,-0.2827106869999999,0.063498653885027,0.3479091415260352,-0.1577425420666666,-0.0483576010345629,0.3109055637102167,-0.1910326649333332,0.043938152568001,0.3267442365738197,-0.2244936675333333,0.0149280031880148,0.2975993442417641,-0.2620939115666666,0.1278324547452591,0.2310833747217761,-0.0135651474356666,-0.1133716163165414,0.2705609911571675,-0.03089443006,0.1717302416262195,0.0715625235457154,0.0006751114842333,-0.1726510124184998,0.0392162580243512,-0.0705702843033333,0.179180314238921,-0.0759765406299306,-0.0523918635133333,-0.12800870399775,-0.0834207027503039,-0.1534329794333333,0.1692385520441324,-0.1117492819618456,-0.0624625596666666,-0.0913318123121559,-0.1136371934798141,-0.2035577149666666,0.1442669346354552,-0.1102053341415761,-0.08267906821,-0.0533185102129037,-0.077632311453389,-0.2181750064,0.1724780999845931,-0.0978042983759303,-0.0614007258866666,-0.1071977313675843,-0.0770254339991715,-0.143908605,0.0747177054115108,-0.1653943356262567,0.05301989528,-0.0719685509754481,-0.1647922194244167,-0.0515017093633333,0.0723146708337659,-0.4928849341046092,0.0632647866966666,-0.07320739005201,-0.4350870927448901,-0.0788085308466666,0.0621843459859995,-0.771521061557508,0.2294320117,-0.1383496292044165,-0.7768044491716694,0.04444742733,0.045687633196112,-0.8012086689220116,0.2491434434999999,-0.1435132135841789,-0.8065469555905321,0.0155222225447999,0.0930189745329594,-0.8208180011358728,0.2140469054666666,-0.1396024577296071,-0.8289207083491091,-0.0691385551099999,nijmegen_nijmegen_rennen_g_ch1_g11_compr.mp4,ch1g11,1.284410346963721e-05,0.0001368208569232,1.1099549637394358e-05,2.4468181850380007e-05,1.3976426493409516e-05,0.0001497496393696,1.0974346910698917e-05,8.968102569772352e-06,1.767345474926583e-05,1.3135480547354986e-05,0.0001009058996827,2.0286420884282696e-05,1.1506313319080178e-05,1.0992941481835985e-05,4.9308458609742016e-05,1.5100125089774396e-05,1.202330960273573e-05,0.0001090846422495,1.885215568972295e-05,1.1360361705906088e-05,0.0001870664715298,9.756161489490492e-06,1.1185382774393537e-05,9.792556975397022e-06,1.6431466925945464e-05,2.1546533511227827e-06,1.0626990754755316e-05,9.279692607825858e-05,1.8615198278735645e-05,0.0001215781431195,2.0818109215072544e-06,1.5836563894692132e-05,0.0001728307461765,0.0001742447485358,2.5007936330053168e-05,6.00085954504941e-05,5.469779904212585e-05,7.210714581734227e-05,7.416569199390488e-05,7.69772291796785e-05,8.647530353176507e-05,9.30656525454636e-05,1.876550439221194e-05,9.502889490038162e-05,3.715234520420421e-05,5.988022762019315e-05,-0.0001040107549632,0.0002139243576904,-6.132389312424656e-09,0.0003987140157272,0.0006552995445459,0.0022167343457002,0.0009341828827827,0.0027972722579291,0.0010240892321696,0.0030448399040235,0.000748126349977,0.002428305228996,-3.4200770059087464e-05,3.5829907073325636e-05,-4.497271826219312e-05,-2.281654292893013e-05,-0.0002048009654056,-0.0003129342937469,-0.0001752739633604,-0.0003264816623682,-0.0001788738879938,-0.0002450020366345,-6.037146706925556e-07,7.860089916785973e-06,-5.566167629385262e-07,1.4813428239615642e-06,-9.925453010999674e-07,8.966688372222692e-06,-5.134424810630796e-07,4.066592783161076e-07,-1.0028101747965693e-06,-1.8749092833321146e-08,4.363566798518351e-06,-2.249342417529532e-06,-4.14802779809392e-07,-5.426259110541941e-07,-1.0921397874328005e-06,-1.7623542468296073e-06,-7.180476968605836e-07,4.766404666366251e-06,-2.170160592351331e-06,-4.194666156310502e-07,1.1581215562967814e-05,-6.780424657419858e-07,-4.891321451224726e-07,-5.801898781054419e-07,-9.013445341252168e-07,1.50583487259275e-07,-4.083529564031338e-07,3.4613563033506124e-06,8.981158438235754e-07,6.462405789206164e-06,1.3688448819831553e-07,8.74842211492508e-08,9.95581746180594e-06,1.852029472706053e-07,1.4953037664377726e-07,-7.921606336736208e-08,1.0674489925482836e-07,3.702727108035886e-07,2.382719328914925e-07,-4.535218023770239e-08,1.0250249160669896e-07,1.0637071989951277e-07,1.0463989463243057e-08,-1.2695842952905969e-08,-1.729061652285162e-07,-1.1253540840175878e-07,-6.422197968917897e-08,-3.351154459205675e-07,-3.1969116632242777e-07,1.1760610061111473e-07,2.342382620536489e-08,-2.712760624676692e-07,-9.698143090344497e-08,5.066667854556335e-07,-1.090848998277885e-07,-1.238492508669268e-07,-7.220442930905213e-08,2.488925293910108e-07,-3.0155791468162077e-08,-9.62610654685678e-08,-2.3170572841102154e-08,-9.147435532302961e-08,2.025695808587972e-07,-3.178028089164185e-08,-3.418309521137438e-08,1.5434072824576689e-07,3.828747113567035e-07,movement,no movement,no movement,no movement
699.9999999999998,0.0225003108405617,0.3287646838305359,-0.2789028307333333,0.0335645073978983,0.3462937546886119,-0.2692155328,0.0360868708860788,0.3464096876000905,-0.2584352882,0.0351118338874855,0.346392605325913,-0.2633130441,0.015588091557747,0.3552727409511646,-0.2897553753,0.0168956469317744,0.3534274654990582,-0.3020599424666666,0.021075700726728,0.3437799987176331,-0.2823400812,0.0636868618230735,0.3479239777961159,-0.1574728911666666,-0.0481158970442268,0.3110047806864254,-0.1906022900666666,0.0440815923836449,0.3267686539112371,-0.2240942176,0.0150843941210614,0.2976476292563441,-0.2616373658,0.1280784893088785,0.2309736416509863,-0.0134559673723333,-0.1131514888869751,0.2707866136979656,-0.0300699163699999,0.1725082093145145,0.0715881870429917,0.0003423476106333,-0.1727474417116571,0.0396396654915082,-0.07125803945,0.1806073518692881,-0.0753041080419514,-0.0527228473666666,-0.1285415651073464,-0.0811637901965802,-0.1570099828333334,0.1708352501843415,-0.1107883146943693,-0.0627281326333333,-0.0920062891458055,-0.1107799851142024,-0.2077045282999999,0.1461006310716179,-0.1091665815801151,-0.0830595470099999,-0.0539805376077081,-0.0745288382816044,-0.2222157875666666,0.1740380288004885,-0.0970481548730702,-0.0617833248733333,-0.1077721336246758,-0.0745485308357998,-0.146489456,0.0747081673465348,-0.1654306294804206,0.0528301070133333,-0.0719607653388262,-0.1647544481992306,-0.0512854514166666,0.07244489988292,-0.4929394191531968,0.0620983192066666,-0.0734176116830363,-0.4351108220887253,-0.0792563022966666,0.0623055830126111,-0.7717281605504825,0.227990829,-0.1382968993237851,-0.7771373907576065,0.0437328967833333,0.0457680427581023,-0.801380923381966,0.2477039098666666,-0.1434168262687932,-0.806896733494046,0.0147324447648,0.0929575466647436,-0.8210215626454687,0.2128488590666666,-0.1396484629093203,-0.8291823129653028,-0.0698438558766666,nijmegen_nijmegen_rennen_g_ch1_g11_compr.mp4,ch1g11,1.2236448881455533e-05,0.0001448882854422,1.0593390465664708e-05,2.621363868614768e-05,1.2973323177184276e-05,0.0001589500083771,1.048833383715008e-05,9.420831626740706e-06,1.6474054166548327e-05,1.308599947386322e-05,0.0001056080066593,1.747019384465343e-05,1.1176926876790623e-05,1.0505136601722958e-05,4.7939474976214856e-05,1.2628165427962722e-05,1.1365278154398146e-05,0.0001141485830118,1.6095452496547513e-05,1.1047913019832457e-05,0.000198697802382,9.127986247780635e-06,1.0756142874122963e-05,9.200416344576914e-06,1.5409252205425548e-05,2.2365047504868e-06,1.0280099340663918e-05,9.650379849160338e-05,1.9496447484854775e-05,0.0001285611495006,2.169780248477196e-06,1.6020276681023032e-05,0.0001827517932474,0.0001824580677741,2.228247393354314e-05,6.193681131836575e-05,5.524825823041324e-05,7.276992900326676e-05,7.448438074869725e-05,8.084850337211692e-05,9.07733811401244e-05,9.7700376293374e-05,2.1572691994208466e-05,0.0001102391966229,3.994229220532308e-05,6.708299637957007e-05,-8.415301182374381e-05,0.0002398584932144,4.778420731114778e-05,0.0004305625993065,0.000748315870852,0.0023572446542185,0.0010436559132177,0.0029711889480158,0.0011380302122919,0.0032464827109253,0.0008420344519753,0.0025877460316797,-3.5601942483798586e-05,3.725888575207802e-05,-4.528440613932475e-05,-2.3343335234290363e-05,-0.0001696975958265,-0.0002714614298276,-0.000137329690154,-0.0002791881316753,-0.0001556067455438,-0.0002104307599577,-3.300719819130777e-07,7.988958220643791e-06,-6.439437480978257e-07,1.4777278821770737e-06,-5.445184386453592e-07,9.159331338122692e-06,-5.580205675678067e-07,5.249657629784705e-07,-7.560477267750872e-07,5.54640224517115e-08,4.255121724430415e-06,-2.4923636980778502e-06,-5.614134314207691e-07,-6.12394517972886e-07,-1.2665693853948337e-06,-2.1699985641348915e-06,-6.470534773357023e-07,4.74450047423289e-06,-2.521923311710841e-06,-5.496776659402243e-07,1.205683794767598e-05,-7.957886553679383e-07,-6.45826752432645e-07,-6.381711942134196e-07,-5.998726811368471e-07,1.1596025615301725e-07,-5.185805857837708e-07,3.4141306306457813e-06,7.410051653745492e-07,6.503667367157308e-06,9.802693720414725e-08,2.0900203433768554e-08,1.0076558700238823e-05,2.1755511461587105e-07,4.4745850590605416e-08,-1.0852263123668032e-07,-3.8573054105906966e-08,3.910845649443382e-07,1.1850429071064804e-07,-6.933493266942048e-08,5.8161220207667694e-08,2.3658414461353962e-07,2.0593049192702183e-08,-2.3225555131278925e-07,3.6563005180681736e-08,-1.676482104213468e-07,-9.610723637742312e-08,-1.989723116891407e-07,-1.9067630154043385e-07,1.2891832491452985e-07,-1.889875184953615e-07,-7.905566173719639e-08,-1.5294650380172584e-07,4.1439307807092714e-07,-1.1441524167091173e-07,-1.6780448080986676e-07,-8.006644171194635e-08,2.700918091456233e-07,-3.1614254344138584e-08,-1.336633283402058e-07,-1.6307922945773558e-07,-1.958315008169287e-07,-1.6711064876241712e-07,-3.481219016614793e-08,-9.491049853982577e-08,1.0051381393371516e-07,2.639600112660691e-07,movement,no movement,no movement,no movement
716.6666666666664,0.022628045172846,0.3288214779327283,-0.2785873274333333,0.0337211954258614,0.3463417203683415,-0.268982272,0.0362361481775837,0.3464750673440945,-0.2582062295333333,0.0352616294940013,0.3464594146063571,-0.2630653927666667,0.0157377692868139,0.3553496911222395,-0.2894720207666666,0.0170487413200422,0.353514563879257,-0.3017714967333332,0.0212220682323384,0.3438757851985465,-0.2820480899666667,0.0638798328242031,0.3479356848718799,-0.1572487295333333,-0.0478837068877504,0.3111189722108085,-0.1901999144999999,0.0442177466670577,0.3268016384423401,-0.2237788121666666,0.0152294717795517,0.297711932132423,-0.2612619539,0.1283213452714488,0.2308867416157581,-0.013342348519,-0.1129380659979498,0.2710347828312685,-0.02928204697,0.1732578850894607,0.0716684664656051,0.00012104585,-0.1728426249001892,0.0400839516804085,-0.0719351516899999,0.1820219606271561,-0.0745051954064553,-0.0529832174666666,-0.1290684179550706,-0.0787660343484634,-0.1604327095333334,0.1724235994981279,-0.1096778362860602,-0.06293924856,-0.0926697902144673,-0.1077484845191416,-0.2116709859666666,0.1479581255625996,-0.10796672010168,-0.0833891552299999,-0.0546345716477254,-0.0712019071831904,-0.2260939816666666,0.1755923168533314,-0.0961594761230442,-0.0620997867933333,-0.1083406440805942,-0.0719001334078228,-0.149173856,0.0746990048279592,-0.1654665908096281,0.0526416089366666,-0.0719536161266466,-0.1647169482073396,-0.0510698535933333,0.0726148938730167,-0.492990003776383,0.06112973752,-0.0736232658011142,-0.4351343572025161,-0.0796315555066666,0.062508875185092,-0.7719055852910449,0.2270108000000001,-0.1382518233717557,-0.7774341855882457,0.0431520515066666,0.0459377093519595,-0.8015274870867095,0.2467627420666666,-0.1433286505235642,-0.8072046625971864,0.0140919569081333,0.0929887252126934,-0.8212054754096447,0.2121616363999999,-0.1397012829316927,-0.8294233495781137,-0.0704470909333333,nijmegen_nijmegen_rennen_g_ch1_g11_compr.mp4,ch1g11,1.2019298205513712e-05,0.000153423513243,9.946360706462211e-06,2.788963914338004e-05,1.2535842659287262e-05,0.0001687454204936,9.861721214978465e-06,1.0090551591191484e-05,1.5854592900258126e-05,1.2901339900978334e-05,0.0001101956527674,1.470047096393182e-05,1.0698539547494109e-05,9.885545138826168e-06,4.664726937696927e-05,1.0090953443262596e-05,1.0726869685242017e-05,0.0001193039417558,1.3186558131348398e-05,1.0606943015873209e-05,0.000211769686838,8.298096321511479e-06,1.0112731402227754e-05,8.540040559301292e-06,1.4844978069755764e-05,2.295800339621688e-06,9.890633381635682e-06,0.0001002211718958,2.0124509093360444e-05,0.0001357366137377,2.2106543135361935e-06,1.5961020882138587e-05,0.0001934273573796,0.0001911461676934,1.985594845991901e-05,6.572871108292916e-05,5.628937536576897e-05,7.391371653372616e-05,7.534621651615384e-05,8.43680389045991e-05,9.5116883996528e-05,0.0001025010025938,2.438264896744137e-05,0.00012384961,4.370309390723593e-05,7.559023921675807e-05,-6.0728965432144194e-05,0.000263461518437,9.635284211385764e-05,0.0004584554674598,0.0008582994697266,0.0025058428490477,0.0011746944760515,0.0031589258699576,0.0012830676124462,0.0034734928401768,0.0009553328388017,0.0027578005029921,-3.5974107698738286e-05,3.760243208764255e-05,-4.3442234860020275e-05,-2.1815238382601785e-05,-0.0001243725306767,-0.0002163005394695,-8.980515364110204e-05,-0.0002164758604074,-0.000124780281219,-0.0001673639548388,-6.030280519221512e-08,8.064122532481438e-06,-7.571395095804151e-07,1.3336062782015489e-06,-1.7794247513666257e-07,9.274763776314177e-06,-6.236154381573413e-07,5.304050094705965e-07,-3.96817743447495e-07,8.6008566988666e-08,3.855935099307617e-06,-2.4644712731791387e-06,-7.590933664187854e-07,-7.121797281561026e-07,-1.3083949721174828e-06,-2.455349743034488e-06,-5.690183938927756e-07,4.393307637081497e-06,-2.6282182987272195e-06,-7.359888106100905e-07,1.2464246895990116e-05,-9.135455115058152e-07,-8.395026610269884e-07,-7.065249196134854e-07,-3.660710404130518e-07,8.126010449541253e-08,-6.675939448094482e-07,3.157081072297541e-06,4.715014059524586e-07,6.032638434797736e-06,5.85441012961632e-08,-9.711881137964033e-08,1.0212088198104974e-05,1.8967233761819144e-07,-9.099888212408169e-08,-1.2924602638918528e-07,-1.9081509572163777e-07,3.477764567639828e-07,-3.274032379096607e-08,-9.139217780395921e-08,-9.839676109464697e-09,2.6953727765996237e-07,2.7062980536424314e-08,-4.529399809304428e-07,2.61666521669413e-07,-2.0266505797542452e-07,-1.219118051153149e-07,-1.1991875677204757e-07,-7.203277829531222e-09,1.3131460255945533e-07,-4.13334994088549e-07,1.4543710405339546e-07,-1.8893717742756998e-07,2.474158772870291e-07,-9.515386592466347e-08,-1.8534610383485198e-07,-8.62752213131572e-08,2.388771522186364e-07,-3.0746372916191595e-08,-1.6116829297377658e-07,-3.2109781049098056e-07,-2.8576874149505125e-07,-5.495231452111325e-07,-3.3898605640785945e-08,-1.612228479704752e-07,1.1513876413109918e-08,4.027102052729052e-07,movement,no movement,no movement,no movement
733.333333333333,0.0227472002455968,0.3288896075245556,-0.2783435645333333,0.0338724205660556,0.3463971264147601,-0.2688168462666667,0.0363795621686131,0.3465479253452499,-0.2580474516999999,0.0354051477031336,0.3465334841080931,-0.2628839413333333,0.0158778080302662,0.3554349557642453,-0.2892549794,0.0171925594796841,0.3536116919366087,-0.3015529036666666,0.021358958681588,0.343980809578514,-0.2818235553,0.0640677343825129,0.3479616388995226,-0.1570860287,-0.0476590089515578,0.3112524214245289,-0.1898419518333333,0.0443467702554593,0.3268499218275197,-0.2235423461333333,0.0153649986941219,0.2977946107503824,-0.2609659860333333,0.1285509715250598,0.2308605596101522,-0.0132527937823333,-0.112743091787183,0.2713186180191511,-0.02856576001,0.1739722001981154,0.071832552879724,-8.304722499999877e-05,-0.1729369307256788,0.0405648178793962,-0.0727747819566666,0.1834181684564806,-0.0735273670462322,-0.0534474807766666,-0.1295551907855363,-0.0761463580482641,-0.1642230702333334,0.1739874377977857,-0.1083708550436714,-0.0634155681499999,-0.0932792977859615,-0.1044538620406663,-0.2160537547333333,0.1498049973851711,-0.1065344792712949,-0.0839807715633333,-0.0552352031575093,-0.0675531983960478,-0.2303703,0.1771304171451683,-0.0950759079352565,-0.06262167699,-0.1088741319569836,-0.0690041441817482,-0.150370687,0.0746893385236528,-0.1655019351654014,0.05245834229,-0.071946922757164,-0.1646799158712982,-0.0508583025533333,0.0727876649053522,-0.4930197191504417,0.0603342171766666,-0.0738281071577308,-0.43515201324655,-0.0798297276599999,0.0627385374484506,-0.7719991709492,0.2263680245000001,-0.1382037758077547,-0.7775774422730996,0.0429915266366666,0.0461438382662507,-0.8015908322620241,0.2461868181666666,-0.1432361932665723,-0.807338676439551,0.0139025325414666,0.0931618236191749,-0.8212883515440661,0.2118115495333332,-0.1397280028051136,-0.8295537864448539,-0.0705377884666666,nijmegen_nijmegen_rennen_g_ch1_g11_compr.mp4,ch1g11,1.211216797993003e-05,0.0001614639681453,9.076491916363508e-06,2.923770795040597e-05,1.2508321218119569e-05,0.0001780056565634,9.090055206914707e-06,1.0759680975295496e-05,1.5843016605741363e-05,1.267345763545406e-05,0.0001139581341209,1.2299433889405687e-05,9.826840324043037e-06,9.05917062059489e-06,4.545111789807783e-05,7.670144049303638e-06,1.0298330344629574e-05,0.0001236760849258,1.0473105716957044e-05,9.77009951946877e-06,0.0002243671507534,7.210519436937046e-06,9.089828508737104e-06,7.768556243545874e-06,1.458393425190498e-05,2.357744222232649e-06,9.213792449275008e-06,0.0001033422294102,2.0458264665288793e-05,0.0001418250666768,2.238561212756137e-06,1.5745890484275716e-05,0.0002035390135215,0.0001991754931539,1.7954862339278616e-05,6.741942590105837e-05,5.43060332762676e-05,7.197618906667195e-05,7.318975678600198e-05,8.391281733308803e-05,9.586859410926932e-05,0.0001037435140196,2.3905346949851385e-05,0.0001320400158658,4.49077748415316e-05,8.170182910384323e-05,-3.905976266905842e-05,0.0002825594659481,0.0001423425705273,0.0004803812271505,0.00096174317586,0.0026464038998859,0.0012974531961528,0.0033379234577949,0.0014201559576591,0.0036931029240452,0.0010620295146204,0.0029193280863321,-3.6047779783924974e-05,3.765681093046993e-05,-4.11512301732697e-05,-2.2271503337573445e-05,-7.805792504097923e-05,-0.0001525707159793,-4.187753567944302e-05,-0.0001441841409156,-9.414678523393684e-05,-0.0001209850632983,1.599804802811116e-07,7.914750596346732e-06,-8.802650414486922e-07,1.0412294166144316e-06,1.2752608162495378e-07,9.150031579279192e-06,-7.05262594963461e-07,4.751969880154615e-07,-3.0293699206554304e-08,1.066464216695716e-07,3.2097411340969034e-06,-1.965280744588268e-06,-9.696133541495966e-07,-8.29020494724685e-07,-1.3401338332115517e-06,-2.361659582356429e-06,-4.557054206940409e-07,3.766926152606213e-06,-2.2806837977753465e-06,-9.3545657116004e-07,1.2614535334689328e-05,-9.981444649739112e-07,-1.0278888533399495e-06,-7.782992486040968e-07,-1.559956186274889e-07,5.9598462235537446e-08,-8.316480156918036e-07,2.700688873442354e-06,1.3516225704228098e-07,5.148212062900855e-06,3.1181202326271855e-08,-2.735438398385985e-07,1.0197880298453726e-05,1.3855044828343966e-07,-2.2819670171234647e-07,-1.0362242883487616e-07,-3.151011147004748e-07,2.756294255287501e-07,-1.829775933881873e-07,-7.855239538899546e-08,-6.653261401985803e-08,2.2332447337648578e-07,2.1405104574891805e-08,-6.059486736698539e-07,4.850474762323631e-07,-1.7573837391162406e-07,-1.0423224093253485e-07,-9.57127328473493e-08,2.0790353967550973e-07,1.4004827142805862e-07,-5.795292371921775e-07,3.896573191334969e-07,-1.6298777454668502e-07,5.6914454525138234e-08,-2.5405741439241332e-08,-1.3965310979603758e-07,-6.408865976836285e-08,1.9120417905683833e-07,-2.8238430217573637e-08,-1.443087395538001e-07,-4.4380194687931433e-07,-3.3629277562632905e-07,-8.3653944712731e-07,-3.0142681658993236e-08,-2.0116123315234778e-07,-8.58797038804417e-08,5.978992744943359e-07,movement,no movement,no movement,no movement
749.9999999999997,0.0228573475569026,0.3289597741153645,-0.2782681885,0.0340203283051467,0.3464519349131242,-0.2688270321,0.0365189059728191,0.3466200343469696,-0.2580633333666666,0.0355441427411004,0.3466068161542806,-0.2628747244666666,0.0160116861711994,0.355520538111701,-0.2891908398333334,0.0173300989025203,0.3537097203895435,-0.3014908512666666,0.0214894163300868,0.3440872002244778,-0.2817509945666666,0.0642685565829156,0.3479862365480389,-0.1570944876,-0.0474318963931881,0.3113893439122079,-0.1895697354333333,0.0444710178947064,0.3268990282255742,-0.2234839345666666,0.01549309118241,0.297882979924764,-0.2608259677333333,0.1288008637078001,0.2308448566647907,-0.0132954958523333,-0.1125573479360416,0.2716114474693111,-0.0278767603833333,0.1747019964327493,0.072039162969745,-0.0003668102006666,-0.1730355978759311,0.0410509182646253,-0.0737265452,0.1848415681882205,-0.0724368130143618,-0.0539987845033333,-0.1300040384945057,-0.073363514254982,-0.1686689995666667,0.1755800190509006,-0.1069326275506346,-0.0639963081233333,-0.0938255637070585,-0.1009444544309596,-0.2212156963,0.1516966237260331,-0.1049618822985558,-0.0846924189833333,-0.0557508731296535,-0.0636421442176049,-0.2354210401333333,0.1787033731825092,-0.0938814980464939,-0.0632379158766666,-0.1093588300637072,-0.0659260711243405,-0.150076821,0.0746835662735161,-0.1655372191106046,0.0522581679133333,-0.0719454776889484,-0.1646429478070913,-0.0506259016833333,0.0729653192919417,-0.4930490518087382,0.0596146564933333,-0.0740478217939094,-0.4351716372195612,-0.0798611663799999,0.0629665335836775,-0.772001026090533,0.2259569049333334,-0.1381526232971234,-0.7776654015566355,0.0431820561133333,0.046346896694348,-0.8015540041412131,0.2458626404333333,-0.143138449157806,-0.8074097493083543,0.0140833190148,0.0933247729880239,-0.821301656951099,0.2116630822999999,-0.139769517412715,-0.8296268913415866,-0.0702897008533333,nijmegen_nijmegen_rennen_g_ch1_g11_compr.mp4,ch1g11,1.2566605627372072e-05,0.000168949051124,8.074548484944164e-06,2.9956826447270156e-05,1.2933444234532551e-05,0.0001866787084389,8.306895438907228e-06,1.1321677524287235e-05,1.6420156276674105e-05,1.2939880164982933e-05,0.000117148428729,1.0295790779049497e-05,8.665068172659423e-06,8.122454082908989e-06,4.476650923209143e-05,5.134722082924647e-06,1.006024461287118e-05,0.0001274349674514,8.086153281936272e-06,8.659140256395187e-06,0.0002368816572449,6.094450372670278e-06,7.843471843050394e-06,6.981474230516194e-06,1.4682634292171666e-05,2.4204489078415554e-06,8.315068050975397e-06,0.0001061979669831,2.0412845210851507e-05,0.0001469392418229,2.245741377290035e-06,1.5341076530674495e-05,0.0002134199100656,0.0002066960131852,1.6762029252349613e-05,6.474497897164159e-05,4.6598199464264025e-05,6.40995829325072e-05,6.51264051276044e-05,7.687051849239141e-05,9.036262179303164e-05,9.899135871144976e-05,1.7774959827378005e-05,0.0001329474399065,4.190116389600609e-05,8.351213630467346e-05,-1.9787143235770554e-05,0.0002936515165071,0.0001840029745076,0.0004898716470007,0.0010522967221608,0.0027785167465022,0.001404484704825,0.0035135748188821,0.0015424085052343,0.0039120756079751,0.0011552383547764,0.0030719523898236,-3.5510105607157666e-05,3.710280126400404e-05,-3.756797552360955e-05,-2.498702450269028e-05,-3.600359189077095e-05,-8.836068280219989e-05,1.4471664916957084e-07,-7.152798851267842e-05,-7.251832994837934e-05,-8.38783566928619e-05,2.7115500215877884e-07,7.534609044696726e-06,-9.888722386893049e-07,6.722288060702241e-07,3.314833769147769e-07,8.804907524612975e-06,-7.9057779625678e-07,3.690353699622566e-07,2.094645364434594e-07,8.261878029686747e-08,2.402396953738217e-06,-1.1917381916072929e-06,-1.153448975128876e-06,-9.41067073043918e-07,-1.451976516709729e-06,-1.9709808987877413e-06,-3.187590015312974e-07,2.953980429874879e-06,-1.625678594325141e-06,-1.108089523020177e-06,1.250328658380136e-05,-1.0160716217437777e-06,-1.172132759573864e-06,-8.402284857748831e-07,-1.3800404801080275e-09,4.527847708454243e-08,-9.7876310320844e-07,2.083991083049761e-06,-2.3257080124669566e-07,4.011385750733033e-06,1.2760857477212476e-08,-4.967149095197877e-07,1.0007949643404484e-05,4.968296962539509e-08,-3.682543402688935e-07,-5.503479621599982e-08,-4.111511541265953e-07,1.8178676632865345e-07,-3.364555253600992e-07,-5.48842309181768e-08,-1.1073386991469229e-07,9.390431314298484e-08,-1.508232253257199e-08,-6.899080653805881e-07,6.593440820116356e-07,-1.0756999758658803e-07,-6.554906480822373e-08,-1.3640993651871818e-07,4.316197327711477e-07,1.6056236957332414e-07,-6.79228570403347e-07,5.978475729196237e-07,-9.594800917820514e-08,-1.7897303371015206e-07,6.477781278116938e-08,-5.6555605749236366e-08,-3.0348463269385e-08,1.2795423439229334e-07,-2.6835965685788604e-08,-9.57530040580528e-08,-5.315863411199541e-07,-3.502851149946058e-07,-1.007068205693386e-06,-2.6464585709118072e-08,-2.306867466353435e-07,-2.229023966083944e-07,7.783625373261808e-07,movement,no movement,no movement,no movement
766.6666666666663,0.0229362953810833,0.3290246781297022,-0.2782733314,0.0341510004628198,0.3464956783470763,-0.2689095328666666,0.0366390232423745,0.3466810535947197,-0.2581517240666666,0.0356625394274125,0.3466688855919773,-0.2629354784999999,0.0161195332663258,0.3555943606902426,-0.2891844720666667,0.0174424559485759,0.3537978196081903,-0.3014883577999999,0.0215943052820305,0.3441843118221246,-0.2817371345,0.0644963274797812,0.3479967699308336,-0.1571423645333333,-0.0472084301483318,0.3115192210937387,-0.1893086874666666,0.0445779044389986,0.3269402498449003,-0.2235017886333333,0.0155980804446576,0.2979671764258025,-0.2607467859666666,0.1290908190614565,0.2308249775663495,-0.0133514292523333,-0.112392215005031,0.2719013945931148,-0.0271906726133333,0.1754353091618764,0.0722269416933625,-0.0006841861523333,-0.1731353008553134,0.0415353309777363,-0.0747633262666666,0.1862725984017675,-0.0713406566898573,-0.05471182717,-0.1304506415526092,-0.070482724707737,-0.1735315772666667,0.1771773447587945,-0.1054824158677843,-0.0647980348033333,-0.0943718901120486,-0.0973055823613058,-0.2268662394666666,0.1535856611706855,-0.1033563973960604,-0.0856394533666666,-0.0562650335258986,-0.0596000023264059,-0.2409768358333333,0.1802766715872408,-0.0926789648016522,-0.0640286088666666,-0.1098409577775809,-0.0627531323573916,-0.153248563,0.0746899975829513,-0.1655722261115197,0.0520432397733333,-0.0719582370148839,-0.1646061218025677,-0.0503744546466666,0.0731596976337647,-0.4930847219506273,0.0589465182299999,-0.0742696333992874,-0.4351945739567886,-0.0797358277466666,0.0632206107790165,-0.7719794589057193,0.2256872157666667,-0.1380745994893071,-0.7777236652122357,0.04373445532,0.0465733113059849,-0.801492468014534,0.2456875607333333,-0.1430071439587677,-0.8074470120648024,0.0146498797281333,0.09348340093861,-0.8213387007603283,0.2115632579333332,-0.1398050727233053,-0.8296813196097148,-0.06972277823,nijmegen_nijmegen_rennen_g_ch1_g11_compr.mp4,ch1g11,1.3109607074286544e-05,0.0001759353697272,7.084935865554549e-06,3.003698491223079e-05,1.3386127765353812e-05,0.0001948294686622,7.601282697336196e-06,1.1581737757834734e-05,1.6993800796351666e-05,1.333056933717236e-05,0.0001192078060517,9.27013327788898e-06,7.380140189129606e-06,7.199212308909084e-06,4.3476160777282745e-05,3.2123474942686986e-06,9.71193883059558e-06,0.0001301313714031,6.576463572463771e-06,7.412007915296784e-06,0.000248854667136,5.05188110712104e-06,6.579603234030004e-06,6.209934000060939e-06,1.4774325355047025e-05,2.4717128799786883e-06,7.227283900357325e-06,0.000108157768241,1.9966564291606228e-05,0.0001502698229976,2.2486077911995368e-06,1.4826583989114852e-05,0.0002230382014471,0.0002131754070489,1.6171906591887314e-05,5.743323771255728e-05,3.517031767916264e-05,5.244583495522071e-05,5.33670615090279e-05,6.563785859681197e-05,8.039059987896827e-05,8.932032991961607e-05,8.517939926178366e-06,0.0001285143595679,3.532388088688403e-05,8.031361313840161e-05,-4.64351561433489e-06,0.0002966545128221,0.0002147756932991,0.0004875058371976,0.0011200993378863,0.0029021856255257,0.0014837146176722,0.003683646016787,0.0016286057316903,0.0041208961331935,0.0012235635923753,0.0032156431164608,-3.504870764211359e-05,3.668317521032959e-05,-3.3568511373261086e-05,-3.228727069382465e-05,7.77071920064746e-07,-2.580743447073044e-05,3.6460678627435415e-05,-1.0721127884598464e-06,-5.510815290898801e-05,-5.2375410894629295e-05,2.3353675112057946e-07,7.007056076911697e-06,-1.0445458515626934e-06,2.1523728355408555e-07,4.179944270665298e-07,8.320664156291693e-06,-8.520364614505473e-07,2.113787839138101e-07,2.1325776006639197e-07,3.418520299174484e-08,1.5563866556786066e-06,-3.188620591472373e-07,-1.2547365592495422e-06,-1.01177018572587e-06,-1.6255559741437757e-06,-1.3269680682926102e-06,-1.5232948584572706e-07,2.092289753055338e-06,-8.036272818269091e-07,-1.1994592121981377e-06,1.2138853798944156e-05,-9.324709910238548e-07,-1.2158971471847932e-06,-8.738396079550381e-07,6.245550030086372e-08,2.8170801575729546e-08,-1.0698467570662232e-06,1.3982262035126052e-06,-5.813247300523305e-07,2.781368620510748e-06,-3.625022306887191e-09,-7.466689650771092e-07,9.639045782773028e-06,-4.694645296334866e-08,-5.115991075201622e-07,1.2164536942446922e-08,-4.7230607175893666e-07,9.541866031652785e-08,-4.983257243333283e-07,-2.0079453241040777e-08,-1.260040030459548e-07,-6.971994518745275e-08,-6.49819463443081e-08,-6.825945765911877e-07,7.434067375746682e-07,-7.382412297374152e-09,-8.33980957621699e-09,-1.885186563483141e-07,6.121316668561342e-07,1.9811337302511074e-07,-6.911782742566542e-07,7.244266751586378e-07,3.884164321089986e-09,-4.474008336722855e-07,1.620936125886175e-07,5.0723909497627554e-08,1.4949360038333e-08,7.33461834137721e-08,-2.6209352533958565e-08,-1.7338906429021593e-08,-5.569782700057464e-07,-3.2430556767400173e-07,-1.0239572603533627e-06,-2.4305060031230258e-08,-2.437424448507712e-07,-4.050355105866177e-07,9.113565434481458e-07,movement,no movement,no movement,no movement
783.3333333333329,0.0230045006074652,0.3290972957804985,-0.278389483,0.0342763553099788,0.3465424456718959,-0.2690982053999999,0.0367524945911377,0.3467452959068164,-0.2583448083333333,0.0357735745520165,0.3467337188516764,-0.2631012747666666,0.0162164161596833,0.3556724878407044,-0.2892678063,0.0175433218337449,0.353891456302478,-0.3015780498666666,0.0216878339415521,0.3442866810528074,-0.2818142887333333,0.0647287368762162,0.3480093345959004,-0.1572688167666666,-0.0469918099256768,0.3116584316737539,-0.1890871280666666,0.044680070281855,0.3269888097586499,-0.2236244455333333,0.0156931211490339,0.2980642024385057,-0.2607596953333333,0.1293854127103169,0.2308416879229945,-0.0134386935556666,-0.1122497805597775,0.2722036611434252,-0.0265745667799999,0.1761490460819618,0.0724538103111689,-0.000991346132,-0.173247262724837,0.0420226474203435,-0.0759548854633333,0.1876908404738481,-0.0701676004019019,-0.0553930421966666,-0.1308303401622417,-0.06753150868309,-0.1786733719333333,0.1787654177373295,-0.1039264718498492,-0.0655618109566666,-0.0948241701694111,-0.0935523190966845,-0.2328370910666666,0.1554953551310615,-0.1016443613240505,-0.0865481606966666,-0.0566700797141745,-0.0553844906451941,-0.2468067676333333,0.1818500239278854,-0.0913999291394266,-0.0647849982666666,-0.1102468227616229,-0.0594864089686974,-0.157853425,0.0746995978357865,-0.1656063640865369,0.0518254766866666,-0.0719754576776228,-0.1645705111012032,-0.0501184713266666,0.0733602208612979,-0.4931178908249048,0.0585316351333333,-0.0744896353263635,-0.4352189534865946,-0.0793088878699999,0.0634721342676699,-0.7719499492779752,0.2257212892666667,-0.1379751059845282,-0.7777004041967229,0.04493414905,0.0467964463738405,-0.8014255343473248,0.2458247974333333,-0.1428486377989528,-0.8073947188082293,0.0159024283748,0.0936252308763362,-0.8213791190576681,0.2116979187333333,-0.1398196283498896,-0.8296963336777515,-0.0684621330366666,nijmegen_nijmegen_rennen_g_ch1_g11_compr.mp4,ch1g11,1.3475875716607894e-05,0.000182163380613,6.140020545610178e-06,2.985184865235671e-05,1.3716213890457888e-05,0.0002023059558786,6.9161734581739476e-06,1.1539209987696198e-05,1.7228040368578677e-05,1.3586296625622566e-05,0.0001196783170027,9.586417257196196e-06,6.112951421841436e-06,6.292079163246347e-06,4.154633099795589e-05,2.3974708729490523e-06,9.276991022488782e-06,0.0001310857249077,6.374110043481364e-06,6.1839026158539634e-06,0.0002596869678146,4.241631884105763e-06,5.422358946274976e-06,5.468989747471786e-06,1.4756282742175465e-05,2.5283906332414535e-06,6.129820602591942e-06,0.0001085802810217,1.9362149953445e-05,0.0001514467061966,2.277809757805639e-06,1.4089650652093247e-05,0.0002317835171626,0.0002181522522241,1.607411457012284e-05,4.652740911776123e-05,2.019189798815936e-05,3.72861792538682e-05,3.8091556633862774e-05,5.094746556693853e-05,6.667632943338064e-05,7.560423774961247e-05,-4.671698761011275e-06,0.0001191361966564,2.5545261231739155e-05,7.313547370692064e-05,5.5189251731739e-06,0.0002946785008529,0.0002360212969575,0.0004788909665544,0.0011578178491269,0.0030130434442567,0.0015282640445066,0.0038385214058824,0.0016714627788813,0.0043094879575099,0.0012602355256977,0.0033477482701593,-3.538442287979447e-05,3.699533003352155e-05,-3.1503510276136056e-05,-3.9030548585838456e-05,2.8443221563167812e-05,3.2763026944896826e-05,6.399813855870453e-05,6.472361406964048e-05,-4.3835842961664673e-05,-2.412472440148464e-05,1.016943036329981e-07,6.3944273383293976e-06,-1.0379462593931008e-06,-2.82177119244649e-07,4.455868349055443e-07,7.729159367985919e-06,-8.837843424076148e-07,4.542770664820838e-08,2.1927082331908313e-08,-4.0962983717944715e-08,7.90414963760043e-07,5.329360580389481e-07,-1.2598323122140409e-06,-1.03089467298505e-06,-1.9025306049948968e-06,-5.104471992205166e-07,6.658018900655e-08,1.296134020627638e-06,7.444613693669126e-08,-1.1952686324725586e-06,1.1529846847300386e-05,-7.617458691202364e-07,-1.153055879090384e-06,-8.736337812976003e-07,9.091628534537397e-08,7.559680892027022e-09,-1.097192332062354e-06,7.435613938816436e-07,-8.909417445367692e-07,1.6342552287474282e-06,-2.101944117999312e-08,-1.0093969366125212e-06,9.14482461967308e-06,-1.3247011385859784e-07,-6.554350836314023e-07,9.031395564124945e-08,-5.131822451267674e-07,2.9446138280644553e-08,-6.732309482799877e-07,2.5378971542659872e-08,-1.1281788328966385e-07,-2.2942857621204893e-07,-1.1173466578414893e-07,-5.859437427565761e-07,7.263115141002918e-07,1.0913316957632204e-07,6.222422940545622e-08,-2.2525811731124807e-07,7.140315245387688e-07,2.416692751486684e-07,-6.095607516480951e-07,7.50827149327353e-07,1.199771760777114e-07,-7.373632245666489e-07,2.497083671097317e-07,1.6547487940043853e-07,6.842467946049426e-08,3.4779641902027024e-08,-2.6151651306823417e-08,7.6980821818278e-08,-5.088156058505406e-07,-2.7015267577183986e-07,-8.949151991755198e-07,-2.448731995336661e-08,-2.361878229750495e-07,-6.227412039902185e-07,1.0012920182144235e-06,movement,no movement,no movement,no movement
799.9999999999995,0.0230338483363342,0.3291460713274325,-0.2786486122,0.0343804458529927,0.3465605511266381,-0.2694098572333332,0.0368431608885998,0.3467799759256359,-0.2586633723333333,0.0358605994738768,0.3467691758182901,-0.2633887648666666,0.0162772187275664,0.3557163810690203,-0.2894679577333333,0.0176080901632212,0.3539527738961927,-0.3017860909333333,0.0217460885056507,0.344357909405067,-0.2820079968666666,0.0649663236646248,0.3480007633701392,-0.1574561586333333,-0.0467986044289825,0.3117676420936709,-0.1888892436333333,0.0447625681219888,0.3270128143882923,-0.2238690520666666,0.015757088959645,0.2981369468511253,-0.2608862916333333,0.1296968122152524,0.2308557900515613,-0.0135612525323333,-0.1121283791321946,0.2724925498198128,-0.0259521136733333,0.1768115934294622,0.0726892139765255,-0.0013112566626666,-0.1733724600476465,0.042495014805226,-0.0771256175533333,0.1890948294078523,-0.0689941360734369,-0.05611616674,-0.1312078000862705,-0.0644970646702069,-0.1835484967,0.1803383643296717,-0.1023735314767918,-0.0663776052466666,-0.0952697363903657,-0.0896890993014439,-0.2384828906999999,0.1574016675610031,-0.0999392081152597,-0.0875037489033333,-0.0570693613463974,-0.0510544874421407,-0.2523421104333333,0.1834066975609155,-0.0901236287018465,-0.0655784236333333,-0.1106487311473772,-0.0561231322176757,-0.179552749,0.074716725492906,-0.1656406091733892,0.0515877515066666,-0.0720009719632531,-0.1645347409052955,-0.0498405289066666,0.0735575839911418,-0.4931523568399402,0.0581768677899999,-0.0747091183198089,-0.4352665397369799,-0.0788397074266666,0.0637249098151641,-0.7719262915449043,0.2257883196666667,-0.1378737071031751,-0.7776505800616256,0.04608543971,0.0470234620187918,-0.8013683126518186,0.2459894631999999,-0.1426877633471646,-0.8073108171458021,0.0170977483014666,0.0937623198390199,-0.8214344460643619,0.2117944092333333,-0.139823444018856,-0.8296974480771184,-0.0672596799233333,nijmegen_nijmegen_rennen_g_ch1_g11_compr.mp4,ch1g11,1.3430494297210154e-05,0.0001884362290229,5.065918501161176e-06,2.92899071598537e-05,1.4211256380718942e-05,0.0002099303045659,6.004172290587037e-06,1.136691344544919e-05,1.7015820537625746e-05,1.355528434287867e-05,0.0001197482309706,1.0720162004956973e-05,4.766850976383428e-06,5.21238174100527e-06,3.938169502214344e-05,2.343434856038889e-06,9.378423412280346e-06,0.0001316802927834,7.043718536620924e-06,4.894216302980746e-06,0.0002710716236188,3.52223569610455e-06,4.2484800178456784e-06,4.556086181445996e-06,1.4846886585098317e-05,2.5306384181176933e-06,4.9042431291586565e-06,0.0001087158098891,1.8224891749393732e-05,0.0001519454035846,2.2592070173603886e-06,1.2867652916811045e-05,0.0002408517376091,0.0002230160449215,1.6433015915951323e-05,3.358823816124438e-05,3.0810985846137986e-06,1.998676273717467e-05,2.0630356838683497e-05,3.373302815083011e-05,5.0394505422768266e-05,5.9398105947076575e-05,-2.1020511922780044e-05,0.0001049298331301,1.3327494233647334e-05,6.290040377259592e-05,1.1323355111693111e-05,0.00028467854035,0.0002512740409881,0.0004617854021068,0.0011791046080707,0.0031237646609635,0.0015545786968868,0.0039974724349121,0.0016926935942779,0.0045059223756029,0.0012788237610345,0.0034814047805789,-3.508726995897112e-05,3.666035721667934e-05,-2.790170833872644e-05,-4.409878105592483e-05,5.4700625652845566e-05,8.908861692827652e-05,8.958069405022241e-05,0.0001276106841832,-2.7743569158803287e-05,1.076322477829399e-05,-1.2104701279406364e-07,5.732219999120907e-06,-9.25094704301478e-07,-7.826396451137572e-07,4.54997854982786e-07,7.064117091928881e-06,-8.493508919714618e-07,-8.330777970476303e-08,-3.57095573435593e-07,-1.3891972333261568e-07,2.232068493866213e-07,1.2254873823007991e-06,-1.103172861073098e-06,-9.519802805888488e-07,-2.233982436628828e-06,3.207884377404729e-07,3.460964776631219e-07,7.046686120782641e-07,8.45549848752173e-07,-1.0294671486292266e-06,1.0772513745214824e-05,-4.627754298876916e-07,-9.291699145990604e-07,-7.967689110359857e-07,1.1787556990304165e-07,-2.1945322196111036e-08,-9.938916518522613e-07,2.0842386973057154e-07,-1.1165566683785405e-06,7.900964948685416e-07,-4.4547463918260167e-08,-1.2377367014283628e-06,8.520982348356602e-06,-1.85807759277048e-07,-8.155343580017873e-07,1.7548311343046675e-07,-5.307756557431603e-07,-8.469281254566579e-09,-8.779158914203258e-07,8.513614589244373e-08,-8.191079190970815e-08,-3.464385024963739e-07,-1.427874519626243e-07,-4.687691753446936e-07,6.32619233924645e-07,2.291035856017902e-07,1.4393978568609922e-07,-2.359041647129367e-07,7.389245201803022e-07,2.767694002397823e-07,-5.072972532183702e-07,6.929185206743004e-07,2.387530543633243e-07,-1.0787200308303815e-06,3.1890469014484565e-07,2.7521416332477885e-07,1.3122890408181657e-07,1.9054183726536153e-08,-2.4196964528914864e-08,1.792903109451874e-07,-4.448151835327684e-07,-1.8132557318296667e-07,-7.13209923789491e-07,-2.4438438951461433e-08,-1.985503261364904e-07,-8.950416332155131e-07,1.0955959146698056e-06,movement,no movement,no movement,no movement
816.6666666666662,0.0230294645203234,0.3291755052294861,-0.2789825144333333,0.0344534699977491,0.3465552918365846,-0.2698218027999999,0.0369002826770097,0.346792053344766,-0.2590798975666666,0.0359154006758412,0.3467816565554307,-0.2637748608999999,0.0163055854359142,0.3557407597979346,-0.2897581519,0.0176399777212559,0.3539949650639568,-0.3020834167666666,0.0217714420274628,0.3444090141936002,-0.2822936908666666,0.0651886325988896,0.3479780324068432,-0.1577685768666666,-0.0466324117221803,0.3118681759567604,-0.1887941553333333,0.0448169089299822,0.3270205411704214,-0.2242013102333333,0.0157922319877614,0.2981967018775278,-0.2610909869,0.1299968260781629,0.2308629794077467,-0.0138388086389999,-0.1120480441442677,0.2727786055765766,-0.0253627818133333,0.1773948107700274,0.0729162735379586,-0.0017536294526666,-0.1735307628914388,0.0429627607688639,-0.07825765629,0.1904565662787065,-0.0678557542256763,-0.0567986114666666,-0.1315699998475767,-0.0613308773042481,-0.188150922,0.1818694189287229,-0.1008652862179548,-0.0671176391333333,-0.0956799084097602,-0.0856299734828057,-0.2437932989666666,0.1592570916917216,-0.098294268899046,-0.0883492587933333,-0.0574477272363488,-0.0464793764397194,-0.2575482274666666,0.1849165405434483,-0.0888868177537002,-0.0663114745866666,-0.1110369540891814,-0.0525931194984455,-0.192313701,0.0747359297020101,-0.1656753240940193,0.0513410134866666,-0.072028565104122,-0.164498492883871,-0.0495548224866666,0.0737376974466357,-0.4931882648466625,0.0578214851533333,-0.0749282747676171,-0.4353152593319631,-0.0783114176366666,0.0639561655022585,-0.7719051754001992,0.2258205518666667,-0.137777111555949,-0.7775412280771975,0.0474523023633333,0.0472319680017246,-0.8013150975689055,0.2461127315666666,-0.1425310193700125,-0.8071607357314194,0.0185255697748,0.0938799268074578,-0.8214927969619227,0.2118249630666666,-0.1397591132496525,-0.8296715878642716,-0.0658182214966666,nijmegen_nijmegen_rennen_g_ch1_g11_compr.mp4,ch1g11,1.3126629864192966e-05,0.0001941895113402,4.176758855829434e-06,2.8334707822449636e-05,1.467160101904864e-05,0.000217048201333,5.1407634675142e-06,1.128497794200048e-05,1.6468453591515374e-05,1.3164609515052875e-05,0.0001192574688186,1.2852172343937414e-05,3.748566965823289e-06,4.274561739414301e-06,3.7046353453141346e-05,3.1492757072197713e-06,9.931109346297976e-06,0.0001316425363414,8.785517385172999e-06,3.952772175516078e-06,0.0002821148407437,3.199257172509186e-06,3.4472207908985144e-06,3.7205254160385574e-06,1.49990695247825e-05,2.5141238379608917e-06,3.913951088296793e-06,0.0001083462233035,1.685475534190855e-05,0.0001517484451362,2.226357205750969e-06,1.1466822545047733e-05,0.0002495571531256,0.0002272086230543,1.738267535031464e-05,2.0541977428299236e-05,-1.4878897312481008e-05,1.8059938937201213e-06,2.1712170811511967e-06,1.5569229652403894e-05,3.319128641554736e-05,4.254467707701296e-05,-4.071330655406702e-05,8.813366480192155e-05,3.778876706322572e-07,5.192060242347532e-05,1.3706825928088927e-05,0.0002699068442436,0.0002614715116339,0.0004364521657235,0.0011838346825944,0.0032252705268577,0.0015626210389433,0.0041494084576476,0.0016928389659327,0.0046954124676503,0.0012790665934495,0.0036059111972731,-3.4371579968521735e-05,3.584701158321047e-05,-2.459288654238186e-05,-4.723143728363024e-05,7.933531823448417e-05,0.0001422408774106,0.0001132845364698,0.0001863955916178,-9.161586942980256e-06,4.929981453391635e-05,-3.61392867411706e-07,4.849451952592973e-06,-6.837080639408729e-07,-1.289175641450832e-06,4.574024634581287e-07,6.1072911619585935e-06,-7.176942414042392e-07,-1.493580298032729e-07,-8.308111606836683e-07,-2.652400903662602e-07,-1.0112073444818579e-07,1.6934205651247065e-06,-7.861453006866555e-07,-7.458270591570623e-07,-2.4912428800148316e-06,9.971295513700345e-07,6.324591833511517e-07,3.49801189240144e-07,1.420504964794027e-06,-7.025789296433065e-07,9.535506273951726e-06,-6.37009046829807e-08,-5.555611984601006e-07,-6.247705657477687e-07,1.4222151971559825e-07,-5.793005045950818e-08,-7.613988749659922e-07,-1.422030004487754e-07,-1.251430063226894e-06,2.824239125123275e-07,-7.736916982582496e-08,-1.415588053895212e-06,7.507789320048155e-06,-2.0522038840238722e-07,-9.684012357187397e-07,2.479967589764605e-07,-5.201868642714226e-07,-1.8108593004491018e-08,-1.0871364582633811e-06,1.447803516538062e-07,-4.866484836337773e-08,-4.0228409978322947e-07,-1.48379491709952e-07,-3.8065006638945107e-07,4.674891339739829e-07,3.2435161317043477e-07,2.1774551467597997e-07,-2.1191821269955097e-07,6.764292400333607e-07,2.860733368097688e-07,-4.30942472720402e-07,5.513394443617559e-07,3.312710698944795e-07,-1.4347942590296242e-06,3.505944248766014e-07,3.535530339202214e-07,1.8924835829239607e-07,2.0458994055635443e-08,-2.1066408768909993e-08,2.64872241356369e-07,-3.998375097220026e-07,-7.840106070159475e-08,-5.550357929015754e-07,-2.4678862370864255e-08,-1.41305293627899e-07,-1.1858851933156605e-06,1.1887702427957144e-06,movement,no movement,no movement,no movement
833.3333333333328,0.0230244960782312,0.3291917950351408,-0.2796124739333333,0.0345228801214977,0.346540075281034,-0.2705595711999999,0.0369530234967169,0.3467938097554851,-0.2598197789666666,0.0359663055590459,0.3467844203498161,-0.2644872824333333,0.0163320260522099,0.3557569771643163,-0.2903791118999999,0.0176702506098313,0.3540280966277281,-0.3027176578666667,0.0217947991914043,0.3444504152402826,-0.2829083965666666,0.0653869679560161,0.3479480898833299,-0.1585033466666666,-0.0464691190303939,0.3119565434741248,-0.1891365979333333,0.044868584392511,0.3270193938240271,-0.2248438000999999,0.0158267653909286,0.2982453572630907,-0.2616087049,0.1302614924480692,0.2308715868393358,-0.0145144161723333,-0.1119673626740238,0.2730506875959973,-0.0251885518499999,0.1779020272999615,0.0731764361624655,-0.0024076212373333,-0.173703792172682,0.0433842867481128,-0.0796845542366666,0.1918039186928633,-0.0667158229838909,-0.0574936632166666,-0.1317427525726328,-0.0581272544571195,-0.1928693622666666,0.1834058163591164,-0.0993526989910789,-0.0678439381199999,-0.0957862906325527,-0.0814904151773429,-0.2492006283666666,0.161153671961966,-0.0966684657774787,-0.0891762025833333,-0.0575473340120686,-0.0417692867662329,-0.2627978663333333,0.1864326773747847,-0.0876542444809241,-0.0670459006699999,-0.1112235264213549,-0.0489858950175813,-0.20075433,0.0747486441697256,-0.1657101361834417,0.0511010699,-0.0720497796121356,-0.1644622352031402,-0.0492769917033333,0.0739066180485436,-0.4932027027697848,0.0575993048666666,-0.075134605843542,-0.4353824382929664,-0.0778656136366666,0.0641715309872283,-0.7718429610839567,0.2258601224,-0.1376902954762639,-0.7774021233529707,0.0486616640933333,0.0474322014141707,-0.8012220617090899,0.2462368303999999,-0.1423898145420619,-0.806974588286098,0.0197979737814666,0.0940808076497026,-0.8215076332320035,0.2119192769666666,-0.1396823029860714,-0.8296373934619885,-0.06442783115,nijmegen_nijmegen_rennen_g_ch1_g11_compr.mp4,ch1g11,1.2478407730962769e-05,0.0001986293885972,3.5244701987597165e-06,2.7010773841677045e-05,1.529205268689922e-05,0.0002227589660881,4.371424640463152e-06,1.1093356873311014e-05,1.5246443884339835e-05,1.2650057257224174e-05,0.0001186540855188,1.5424018458146046e-05,3.079142800487299e-06,3.5305844944624635e-06,3.419920231760167e-05,4.776636315024941e-06,1.0912806799887852e-05,0.0001312564962681,1.1066664739326372e-05,3.3724355059006087e-06,0.0002909746662399,3.289438597672603e-06,3.0331739178666047e-06,3.0608417971405913e-06,1.5349746215886457e-05,2.458140762505097e-06,3.230598371630416e-06,0.000107615950136,1.5577733132131897e-05,0.0001513757199529,2.1573786104008698e-06,9.966565363490274e-06,0.000256564598176,0.0002300738883074,1.8923154529432197e-05,8.735972094916148e-06,-3.100909716607409e-05,-1.465005619432486e-05,-1.4576141081567357e-05,-3.160553630712213e-07,1.7907796240705602e-05,2.7584406898704786e-05,-6.02275320303643e-05,7.237016781349773e-05,-1.1483137847771848e-05,4.167658962109877e-05,1.2974515667033605e-05,0.0002545306592322,0.0002717380700677,0.0004084422535153,0.0011731633488737,0.003303497144564,0.0015506780348167,0.0042708339616912,0.0016673979315892,0.0048460667769794,0.001261595026811,0.0037053913100559,-3.338084428183443e-05,3.475374645851577e-05,-1.97210369216349e-05,-5.010038718318254e-05,0.0001024317744744,0.0001776995163652,0.0001354574625577,0.0002246741877054,9.17345455061104e-06,7.682287863377486e-05,-5.65721049543377e-07,3.929568706546875e-06,-3.6124905676267275e-07,-1.757141972393791e-06,4.605969531072966e-07,5.027628989243776e-06,-5.193233278112564e-07,-1.622135548765358e-07,-1.292658135838225e-06,-4.325887025943706e-07,-3.298692946999028e-07,1.9994443498255455e-06,-3.683464000624225e-07,-4.5531901166006555e-07,-2.6476618254466544e-06,1.554146132405494e-06,8.768710201419815e-07,7.505894500146184e-08,1.8318794988152584e-06,-2.750077835630322e-07,8.017201445602857e-06,3.762635177297102e-07,-1.0387821080692886e-07,-3.902155212716618e-07,1.8322012846414879e-07,-8.62959973826906e-08,-4.347777022569165e-07,-4.1181904256245953e-07,-1.2981529854391336e-06,-8.471087790414147e-08,-1.0724280252811833e-07,-1.534624212618352e-06,6.286150778688879e-06,-1.884138794965146e-07,-1.0792360065063196e-06,2.982006106687168e-07,-4.749676622577404e-07,-3.999775639848912e-09,-1.2577630604565951e-06,1.9703453011223357e-07,-1.9707900006522986e-08,-3.7770825662504963e-07,-1.36479338467406e-07,-3.813301066582021e-07,2.812016067327117e-07,3.8302561506622123e-07,2.738699696078515e-07,-1.373446249706974e-07,5.398716516705007e-07,2.575124970441826e-07,-4.376065279408592e-07,3.72076980678241e-07,3.855915478790254e-07,-1.7252209888828105e-06,3.395656190144489e-07,3.911432246370735e-07,2.3253788699883141e-07,3.6325662116493475e-08,-1.559711950514366e-08,3.203315948872009e-07,-4.145146110634475e-07,2.0962182222244258e-08,-5.030931445563985e-07,-2.3405792221180143e-08,-6.746864659771292e-08,-1.4282030095012666e-06,1.2573903716522225e-06,movement,no movement,no movement,no movement
849.9999999999994,0.0229630593504962,0.3291677224954062,-0.2806719296,0.0345497086510662,0.346473075747387,-0.2717043320333333,0.0369593485278242,0.3467420514669466,-0.2609670819666667,0.0359668543272729,0.3467323147504518,-0.2656003911999999,0.0163009904026701,0.3557202691772596,-0.2913886754999999,0.0176443423517681,0.354010392861596,-0.3037420620333333,0.0217601088438437,0.3444438028575205,-0.2839066283333333,0.0655780304377622,0.3478469387536799,-0.1595406368666666,-0.0463406947547705,0.3119973667188755,-0.1897049779,0.0448792407232276,0.3269775911439685,-0.2258942137333333,0.0158113361986332,0.2982583663678138,-0.2625214238666666,0.1305224628961259,0.2308762181198332,-0.0153452845856666,-0.1119338974974365,0.2732795496332303,-0.0251794785333333,0.1783989910905973,0.0734684639476566,-0.0030591795873333,-0.1738990552844147,0.0437387963473723,-0.0812876365666666,0.1931460270615258,-0.0655476131953632,-0.0581418313166666,-0.1319142044838759,-0.0548026960058727,-0.1981519073666666,0.184935295217568,-0.0978023775228145,-0.0684992529433333,-0.09590325893129,-0.0771497313737929,-0.2552867752,0.1630375324427076,-0.0950157723168359,-0.08996323647,-0.0576544786837538,-0.0368142532718103,-0.2687102214333333,0.1879411746659527,-0.0864043495281113,-0.0677376550433333,-0.1114070756911697,-0.0452439772647878,-0.226678848,0.074765407661392,-0.1657428933042757,0.0508602913466666,-0.0720762791271112,-0.1644279650113712,-0.0489961832933333,0.0740960280504572,-0.4932177727897722,0.0575922556266666,-0.0753365204381218,-0.4354385999116562,-0.0772338022933333,0.0644786901407108,-0.7717146970639996,0.2263346289999999,-0.1376031839227777,-0.7772010951742712,0.0502050105133333,0.0477299539372893,-0.8010614847747578,0.2468259349,-0.1422483319427784,-0.8067247236374618,0.0214348076981333,0.0943229491892648,-0.821488177998587,0.2124218215999999,-0.1396082301979178,-0.829559895950483,-0.0628024948166666,nijmegen_nijmegen_rennen_g_ch1_g11_compr.mp4,ch1g11,1.1505063041111555e-05,0.0002019433217638,3.1802653908537163e-06,2.5197396252202992e-05,1.5472337038157905e-05,0.0002271342656875,3.7773277832394887e-06,1.0732337587261712e-05,1.3718755998818571e-05,1.198621932365836e-05,0.0001182120796125,1.766784751035378e-05,2.844115890156103e-06,3.067070577340152e-06,3.129892298590628e-05,6.957362841985207e-06,1.196631498625951e-05,0.0001310722277642,1.3257220324589607e-05,3.2430312523056353e-06,0.0002981277715074,3.77711528733308e-06,3.047877688323634e-06,2.6527805904176e-06,1.533692489861815e-05,2.319151424839258e-06,2.925368706301845e-06,0.0001069753566285,1.4293279585537227e-05,0.0001511858381901,2.0002605266751444e-06,8.405362366853868e-06,0.0002621569866619,0.0002320331086048,2.0272522193367183e-05,-4.619834519983816e-07,-4.398110374630456e-05,-2.795446882803281e-05,-2.8249837856934887e-05,-1.283070110222798e-05,5.8454428598598745e-06,1.6109269334302448e-05,-7.692436463153879e-05,5.903573171513428e-05,-2.057901905653381e-05,3.389433649812386e-05,1.61141191027093e-05,0.0002377915399258,0.0002906725589305,0.0003723969809494,0.0011711206716796,0.0033627515532878,0.0015475942435124,0.0043675536907628,0.0016469538981484,0.0049674065200423,0.0012513016923017,0.0037823145106823,-3.165611318662937e-05,3.29808950183501e-05,-1.3354647416290274e-05,-5.342833073292738e-05,0.000119527946216,0.0002011067910157,0.0001510584031507,0.0002492568430404,2.861516576930701e-05,9.951528037446632e-05,-7.53857465107515e-07,2.837195813453074e-06,-1.2898364654268476e-08,-2.149626260552736e-06,3.883045974462158e-07,3.730662049850903e-06,-2.895401231400727e-07,-1.3807012008179445e-07,-1.696940348724933e-06,-6.037152433166382e-07,-5.667813652975703e-07,2.1308951546816182e-06,9.809200922470725e-08,-1.3084648461667896e-07,-2.7651937778484432e-06,1.9720288800407902e-06,1.1224938906537764e-06,-2.250997922373949e-07,2.0463026588002732e-06,1.9578772730967794e-07,6.160496609897319e-06,7.238312975767348e-07,3.373774976722475e-07,-1.184367833583913e-07,1.5442977529170604e-07,-1.0646696147364594e-07,-1.9664311615516383e-08,-7.09750964485886e-07,-1.1990733815187278e-06,-3.720507645007354e-07,-1.3438959922924468e-07,-1.5331666776244667e-06,4.734610090921763e-06,-1.406435071134627e-07,-1.1463124582080423e-06,3.163446208876518e-07,-3.884971501326213e-07,3.6231135642004244e-08,-1.379230849322494e-06,2.3210453272931082e-07,-1.8003444882900135e-09,-2.7872840399185074e-07,-1.0895349003334565e-07,-4.949444895778784e-07,1.198457494379493e-07,3.942093766677083e-07,3.014388440926051e-07,-1.5889315524980425e-08,3.567762752991624e-07,1.9425367049257346e-07,-5.60326050717461e-07,1.984141824874978e-07,3.910634330603207e-07,-1.9396864679134755e-06,2.868594858809115e-07,3.808545497630302e-07,2.523658736668537e-07,7.015454156522929e-08,-7.632006407324663e-09,3.357521521354729e-07,-5.110455597564232e-07,1.0881931609771385e-07,-5.999340041100215e-07,-1.9101950270885645e-08,1.5784115933339316e-08,-1.6020020770145672e-06,1.313918689264576e-06,movement,no movement,no movement,no movement
866.6666666666661,0.0228932425919411,0.3291435462540059,-0.2814007205333332,0.034566038669769,0.3464058688380252,-0.2725608626999999,0.0369540136225481,0.3466906388598334,-0.2618234455666666,0.0359560240263102,0.3466804494462128,-0.2664377808333333,0.0162637803918443,0.3556868023436548,-0.2921345024666665,0.0176124951752449,0.3539946084186003,-0.3044969181,0.0217193789582092,0.3444379657931522,-0.2846445308666666,0.0657216860964793,0.3477476658255203,-0.1604684755666666,-0.0462117047043991,0.3120405488382179,-0.1902286668,0.0448764684891007,0.3269371794194639,-0.2266674067,0.0157896484354325,0.2982719960807489,-0.2631813595333333,0.1307063399515792,0.2308838272261172,-0.0161566296556666,-0.1118974903142533,0.2734984955818461,-0.0251798562766666,0.178750822894669,0.0737624629758596,-0.0036928649876666,-0.1741135197468967,0.0440819610396151,-0.0828440936333333,0.1944627208997609,-0.0643989343935591,-0.05850604045,-0.1320187671359733,-0.0514446983379761,-0.2030379777666666,0.1864561559290518,-0.0962965402304684,-0.0687486434966666,-0.0958949609476814,-0.0727885672203134,-0.2608220549,0.1649259571499801,-0.0934352700514941,-0.0903075501533333,-0.0576348140779169,-0.0318587341857068,-0.2740542591333333,0.1894397554266322,-0.0851829267334654,-0.0681278494,-0.1115200369630597,-0.0414582433929785,-0.235555261,0.0747701620058024,-0.1657754290310836,0.0506174585466666,-0.0720899444797266,-0.1643940903173195,-0.04871393295,0.0742602171471764,-0.4932249135677339,0.05744649545,-0.0755444554322256,-0.4354918149945693,-0.0766536279433333,0.064658126226865,-0.7715894503620747,0.2264221102333333,-0.1375247160343254,-0.7769901657372591,0.0516906664066666,0.0478917288233241,-0.8009044535260402,0.2470007006666666,-0.142116461341821,-0.8064670071018905,0.0230020202547999,0.0944952385294334,-0.8214711919142637,0.2126334607999999,-0.1395536838396904,-0.8294806626305069,-0.06113171795,nijmegen_nijmegen_rennen_g_ch1_g11_compr.mp4,ch1g11,1.0640061366765314e-05,0.0002041048870657,3.3105319681849944e-06,2.2951691463899723e-05,1.5952299490872842e-05,0.0002301917956939,3.5538146281560017e-06,1.079023200113949e-05,1.172222130629278e-05,1.1344748210586226e-05,0.0001178094427378,1.9463089517329116e-05,3.1613855222829066e-06,3.063689196187658e-06,2.8442475705663256e-05,9.168904080625912e-06,1.3297636516879049e-05,0.0001311540150848,1.5116558664372796e-05,3.675484574048468e-06,0.0003035414306406,4.705415484243175e-06,3.602895269428999e-06,2.656984837688311e-06,1.5617358293102482e-05,2.2062711329984963e-06,3.103125453141885e-06,0.0001063351309909,1.323334265314419e-05,0.000151318381953,1.8558751737407152e-06,6.80527789303104e-06,0.0002661148450183,0.0002330272936209,2.1735046029593797e-05,-6.0172084522880805e-06,-5.3834792905696335e-05,-3.837570759550031e-05,-3.891934406621947e-05,-2.270514345934036e-05,-3.395856063576606e-06,8.011955034936834e-06,-9.272493147401924e-05,4.715324348795297e-05,-2.731721282668897e-05,2.9162587466830685e-05,1.90046262160722e-05,0.000220456156307,0.0003089562177636,0.0003278790712711,0.0011801377672446,0.0034009055035688,0.001559891397477,0.0044340996733714,0.0016488571739352,0.0050577217847051,0.0012555571473857,0.0038354353609005,-2.8930624411600156e-05,3.0294606015388745e-05,-4.839983743442597e-06,-5.659722172132262e-05,0.0001379841170257,0.0002229086151865,0.0001673333529382,0.0002722542400155,5.7510194969605615e-05,0.000127433390127,-8.362271395420309e-07,1.66976257264162e-06,3.222787106477133e-07,-2.4981633351188228e-06,4.60261495708688e-07,2.306392351609792e-06,-4.5942869554513875e-08,-8.483701156707362e-08,-1.8693665626555504e-06,-7.626384491015311e-07,-9.994184994887304e-07,2.1579149346173035e-06,5.286615169088926e-07,1.922482491486787e-07,-2.6558273665312544e-06,2.2559346838793862e-06,1.3346759282086384e-06,-7.23472572278875e-07,2.1282157536485927e-06,6.226839410326162e-07,4.168744951568511e-06,9.787265333919525e-07,7.239462159899722e-07,1.5831967715267424e-07,2.651387021096559e-07,-1.110149902599262e-07,3.732204229681818e-07,-1.1609241348469769e-06,-1.0381486048118688e-06,-8.416072465113066e-07,-1.551178287263824e-07,-1.4808465364522382e-06,3.0476453913548753e-06,-8.509052082529728e-08,-1.1746245249800482e-06,2.96499374097854e-07,-2.6142252933032097e-07,6.73435912733349e-08,-1.4496130958834812e-06,2.4066039269801664e-07,-1.8769276710067484e-08,-1.1420291463618605e-07,-7.373013170225667e-08,-7.065390067293305e-07,5.860415773792259e-09,3.55806963131365e-07,2.926713949962826e-07,1.4716655366420489e-07,1.6807685227837446e-07,9.09672461624451e-08,-7.90219018157504e-07,5.969483150891574e-08,3.464652792799882e-07,-2.070507854992234e-06,2.0038323603228877e-07,3.235952329091767e-07,2.424659167670011e-07,9.266786520946337e-08,-6.894913095589184e-10,3.0869259456935065e-07,-6.778638708799494e-07,1.7377225964892728e-07,-8.412384306705362e-07,-1.3944585729082073e-08,1.0281432302372714e-07,-1.6965243737576208e-06,1.3889715387608974e-06,movement,no movement,no movement,no movement
883.3333333333327,0.0227923182195848,0.3291261519358542,-0.2822355977999999,0.0345528340756685,0.3463406849534658,-0.2735127389333333,0.0369179617950095,0.3466411291437684,-0.2627730608333333,0.0359118496297757,0.3466303767585209,-0.2673685332,0.0161891048111762,0.3556546523969309,-0.2929741272666666,0.0175441701409889,0.3539808437416063,-0.3053483734333334,0.0216400162141353,0.344435006111705,-0.2854753987333333,0.0658511186367501,0.3476438990388313,-0.1614549120666666,-0.0461194738898679,0.3120814494380594,-0.1908118461,0.0448451258412045,0.326900507610618,-0.2275390088999999,0.015734138024541,0.2982909344628529,-0.2639392266333333,0.1308605460962714,0.230904428977419,-0.0169617991856666,-0.1118992010189119,0.2737011648980947,-0.02527299201,0.1790330424078351,0.0740789731916309,-0.0043094487286666,-0.1743355788719953,0.0443924247440316,-0.0846663770133333,0.1957568915922861,-0.0632023370265508,-0.0589686500033333,-0.1320079263212358,-0.0479722717144496,-0.2083220253666666,0.1879646313752084,-0.0947240547031894,-0.0691537524233333,-0.0957384976167873,-0.0682614215772651,-0.2668281949,0.1668036887656073,-0.0917835829664989,-0.0908225603633333,-0.0574817905740873,-0.0267080410663587,-0.2798144719,0.1909253060937029,-0.0839159150184217,-0.0686316214,-0.1115187599826789,-0.0375441177893654,-0.226349726,0.0747769354975948,-0.1658031692775572,0.0503790752333333,-0.0721067403191323,-0.1643650115416899,-0.0484339735533333,0.0744354604134187,-0.493230233753173,0.0574489827033333,-0.0757304717964318,-0.4355450704258535,-0.0759862798133333,0.0648398047103417,-0.7714185293315569,0.2268345882999999,-0.1374298628684052,-0.776739535684716,0.0533452992933333,0.0480549274821404,-0.8007022467661703,0.2475190276333333,-0.1419654292966143,-0.8061654006520377,0.0247490838014666,0.0946667624380782,-0.821384454045795,0.2131019115666666,-0.1394953185260789,-0.8293360363932392,-0.05930933015,nijmegen_nijmegen_rennen_g_ch1_g11_compr.mp4,ch1g11,9.803016100919655e-06,0.0002054983921198,3.875868875498357e-06,2.0349916327325417e-05,1.624392704749566e-05,0.0002321444052409,3.705243019331604e-06,1.0691565707300568e-05,9.675665693676613e-06,1.0612111497766656e-05,0.0001169322601627,2.060863810222791e-05,3.943894845909991e-06,3.4936825782168203e-06,2.6209845346931896e-05,1.1042126886983116e-05,1.4516600706808e-05,0.0001306331200752,1.6426610852697884e-05,4.547091090433407e-06,0.0003070790243997,5.910689140354322e-06,4.582894632550747e-06,3.0246415640712573e-06,1.5680559853282758e-05,2.038031008139613e-06,3.689221557473608e-06,0.0001052720623652,1.2283733376978834e-05,0.0001507130712904,1.6505030134436224e-06,5.344337759816361e-06,0.000268660265557,0.0002332656669253,2.2709326309213905e-05,-9.55969811944015e-06,-6.0721052680959343e-05,-4.5762828891057774e-05,-4.651601331947252e-05,-2.9770778075341337e-05,-9.958158361235031e-06,2.328898765350083e-06,-0.0001037092829387,3.774387869275562e-05,-3.1709258336326205e-05,2.626949991140753e-05,2.5985756105324313e-05,0.000202980028567,0.0003283558883264,0.000278414241206,0.0011969476294831,0.0034243017869469,0.0015771852523084,0.0044740567572131,0.0016596846137084,0.005115347848844,0.0012700072351666,0.0038686400852919,-2.5993231539339527e-05,2.7389073479464685e-05,5.114713933485202e-06,-5.813350801929877e-05,0.0001602849442883,0.000252290667678,0.0001879801208067,0.0003034178289693,9.404037035661368e-05,0.0001625417297528,-8.627231833374218e-07,4.16224875876639e-07,5.968554465179411e-07,-2.762003412522381e-06,5.661931801187305e-07,7.497619140948498e-07,1.9022982563159721e-07,-7.96861040731131e-08,-1.8329464444871792e-06,-8.346912276024574e-07,-1.7081992157586406e-06,2.076921933725141e-06,8.457282511660755e-07,4.70826474739994e-07,-2.366602571841675e-06,2.328770051134947e-06,1.435419748591185e-06,-1.5089834864670977e-06,2.07824027229699e-06,9.267227573735968e-07,1.9773995915183556e-06,1.1044716147280986e-06,9.88621180222658e-07,4.015933283641739e-07,3.971973813250265e-07,-1.0048174390343361e-07,6.731336409587363e-07,-1.8241702808546277e-06,-8.209076472268705e-07,-1.633514483855538e-06,-1.6392499820902065e-07,-1.3358429968666262e-06,1.2167243410561736e-06,-3.07329915772118e-08,-1.1749196210350654e-06,2.397233168100075e-07,-1.005083985776836e-07,9.013241924709187e-08,-1.467880050287007e-06,2.1890679845414434e-07,-5.3859419154359814e-08,8.402863098039247e-08,-2.492239055272129e-08,-9.629336062294018e-07,-5.0093690988624807e-08,2.7378513193547725e-07,2.469701358977961e-07,3.331767713552864e-07,7.417925944926776e-09,-3.6199161413551714e-08,-1.0599604285982929e-06,-2.6748340275978258e-08,2.594026797466233e-07,-2.1070269944590544e-06,9.386655074298155e-08,2.283472095994026e-07,2.034323845484791e-07,1.0803479778920225e-07,6.306194534871525e-09,2.439386854401607e-07,-8.697497835794486e-07,2.134262160583904e-07,-1.1528598137465503e-06,-6.066178301058261e-09,1.812301253371973e-07,-1.7085297847207567e-06,1.5026674619106727e-06,movement,no movement,no movement,no movement
899.9999999999993,0.0226735179832799,0.3291268515285575,-0.2830348503666666,0.0345178831787079,0.3462885908703717,-0.2744226306666666,0.0368605611996307,0.3466039124800181,-0.2636830568666666,0.0358444660602764,0.3465922596991876,-0.2682589879333333,0.0160925647961231,0.3556332251196111,-0.2937774071666666,0.017454272365388,0.3539797968380773,-0.3061637053666667,0.021539196214537,0.344445644853183,-0.2862697984999999,0.065952795689882,0.3475423682036674,-0.1624015589666666,-0.0460486915403843,0.3121204158844596,-0.1913713603666667,0.0447934372081498,0.3268780515464917,-0.2283778648,0.0156599669227893,0.2983255091229892,-0.2646699209666666,0.1309837948495892,0.2309415029443631,-0.017747163149,-0.1119242925138169,0.2738977156779698,-0.0254039210633333,0.1792645921271257,0.0744151674749074,-0.0049387073353333,-0.1745330502078305,0.0446663256989575,-0.0864979962166666,0.197010585964249,-0.0619808891225694,-0.0595495644466666,-0.1319157439910307,-0.0444609950637964,-0.2135089676,0.1894412202575408,-0.0931191428387011,-0.0696980102566666,-0.0955024847048339,-0.0636842613885,-0.2727169231999999,0.1686650577772863,-0.0900951550578873,-0.0914713959133333,-0.0572649849588135,-0.0214787300543058,-0.2854617134666666,0.1923799133988122,-0.0826222373244447,-0.0692534074933333,-0.1114419425110726,-0.0335773937866819,-0.229386434,0.0747818700895853,-0.1658284107909928,0.05015262142,-0.0721224951788458,-0.1643384557469503,-0.0481664038333333,0.0746172197621012,-0.4932250427598491,0.05764564674,-0.0758552569886606,-0.4355923208540663,-0.0753010415866666,0.0649988199113939,-0.7712179078125192,0.2274599135333332,-0.1372913308922075,-0.7764437877023717,0.0548850331733333,0.0481949873387549,-0.8004709056929743,0.2482499236333333,-0.1417742624973443,-0.805814862260435,0.0263594390681333,0.0948608205944487,-0.8212165174138991,0.2138657734,-0.1393837973955397,-0.8290927906173493,-0.0576353591266666,nijmegen_nijmegen_rennen_g_ch1_g11_compr.mp4,ch1g11,9.074904451858809e-06,0.0002054011048362,4.7667775831421825e-06,1.734402159678024e-05,1.6767163388825626e-05,0.000232095859117,4.161942718806991e-06,1.0572260381388717e-05,7.826957555894132e-06,9.983847587021676e-06,0.0001153554132847,2.2188574560121355e-05,5.104035118325412e-06,4.26118249514734e-06,2.4275347437505568e-05,1.3133765400678475e-05,1.5800506880192195e-05,0.0001292931146621,1.8058350514883783e-05,5.7815531217687175e-06,0.0003077188017286,7.241462044410852e-06,5.879144975486128e-06,3.677974435620656e-06,1.5988757630967708e-05,1.914371166997556e-06,4.616491174111748e-06,0.0001036431289238,1.1545148203656618e-05,0.0001490478133529,1.4609013121132597e-06,4.131863025641747e-06,0.0002689264248899,0.0002319948698127,2.411937797498583e-05,-1.0871776716869792e-05,-6.449053906851693e-05,-5.0075161242589136e-05,-5.101202993115268e-05,-3.404685293237243e-05,-1.3834144905001408e-05,-7.638685401092572e-07,-0.0001115023285833,3.03382127459634e-05,-3.42746042465118e-05,2.511855801065752e-05,3.102138339540986e-05,0.0001832511666453,0.000343649501118,0.000224596212029,0.0012091143477413,0.0034202702759318,0.0015861903898106,0.0044729367628116,0.0016609240629051,0.0051225583874459,0.0012786308041281,0.0038662687919421,-2.26913381867744e-05,2.413821063227528e-05,1.3895816778127183e-05,-6.138703012992873e-05,0.0001891035838601,0.0002784158418706,0.0002165842359888,0.0003309224762052,0.0001349481217676,0.0001970916446921,-8.252100852501034e-07,-8.609539322928458e-07,7.936541803849948e-07,-2.8640730865587116e-06,6.873536222339885e-07,-8.429397422637679e-07,4.036343036386158e-07,-1.5310143834468798e-07,-1.5916488892853278e-06,-7.600693360479121e-07,-2.7324086921922795e-06,1.9039261979172388e-06,1.039753604121469e-06,6.859653212694879e-07,-1.887502795927175e-06,2.151667406213413e-06,1.317702092713816e-06,-2.6308168755245897e-06,1.9169632625346357e-06,1.102278952495673e-06,-2.484341807845611e-07,1.1149667166615517e-06,1.130943298002373e-06,5.908748874390927e-07,5.324712444765892e-07,-8.31754935538757e-08,8.62271232862143e-07,-2.7183894251043356e-06,-5.960048045122619e-07,-2.8606198653830513e-06,-1.6457588032519585e-07,-1.1223764514709946e-06,-6.028709722972287e-07,1.2757737513419113e-08,-1.1208284207294911e-06,1.586082864175714e-07,8.77211652747899e-08,8.956579008133749e-08,-1.3983036164270238e-06,1.7323806383587786e-07,-1.0419070117920678e-07,2.837680918637734e-07,2.5205009929937335e-08,-1.196863527047342e-06,-9.054395981909185e-08,1.6514329170543861e-07,1.7497511367749348e-07,5.376192179464191e-07,-1.337778120832679e-07,-1.769021178726424e-07,-1.2967893453105494e-06,-9.015424098403597e-08,1.4736927316253645e-07,-2.009667786950189e-06,-1.1998564968114474e-08,1.1399528065128476e-07,1.4396170244039022e-07,1.0258800065329305e-07,9.393197809740537e-09,1.5573906617770073e-07,-1.031684840146601e-06,2.248913650011019e-07,-1.450121635996974e-06,1.7364722849754975e-09,2.452111619258539e-07,-1.6078561504658714e-06,1.6178255111246605e-06,movement,no movement,no movement,no movement
916.666666666666,0.0225331528239901,0.3291440911365274,-0.2839608472666665,0.034469609274429,0.3462436852873375,-0.2754316270333333,0.0367897458230307,0.3465735666384945,-0.2646911333333333,0.0357617518606322,0.3465602562327929,-0.2692447504,0.0159764794915253,0.3556177221486205,-0.2946831871666666,0.017345533960657,0.3539865343256455,-0.3070838739333333,0.0214179040948619,0.3444671215096183,-0.2871642589666666,0.0660544610002848,0.3474388730297304,-0.1633686920333333,-0.0459993124856566,0.3121579343462939,-0.1919694800666667,0.0447256733890825,0.3268641502484215,-0.22931814,0.0155631260817692,0.2983751834637227,-0.2655094056999999,0.1311075802555759,0.2309878284531371,-0.0185548940023333,-0.1119996579135479,0.2740847700917094,-0.0255871005399999,0.1794835701666431,0.0747836532694189,-0.005530568404,-0.1747136630496742,0.0448884622067638,-0.0883211870766666,0.1982319994851214,-0.0607578712775489,-0.0601583534966666,-0.1317580069910287,-0.0409988095970174,-0.2187151054666666,0.1908841340744279,-0.0915122897314992,-0.0702915186633333,-0.0951871864177059,-0.0591690312353281,-0.2786569288666666,0.1705113110905343,-0.0884004526212939,-0.0921815894766666,-0.0569813056575949,-0.0162949275227461,-0.2911673849666666,0.1938086695218192,-0.0813297756961309,-0.06990940653,-0.1112947594684969,-0.0296670785081545,-0.240138769,0.074792521377446,-0.165848217492277,0.0499169719733333,-0.0721453936500205,-0.164317573475876,-0.0478851180899999,0.0748073803873275,-0.4932070467787164,0.0581337804666666,-0.0759844831529503,-0.4356321622056001,-0.0744874712166666,0.0652024663348411,-0.7710119232465282,0.2284175927666666,-0.1371503993340265,-0.7761471475266801,0.0564914934633333,0.0483874807930226,-0.8002387119462938,0.2493204081666666,-0.1415783026650716,-0.8054652489815898,0.0280375258881333,0.0951149642693217,-0.8210544639390694,0.2149090866333333,-0.1393013644856286,-0.8288521441216444,-0.0559531455266666,nijmegen_nijmegen_rennen_g_ch1_g11_compr.mp4,ch1g11,8.429203916642388e-06,0.0002039009831451,5.799466335268673e-06,1.4513689976262509e-05,1.7623747240615772e-05,0.0002303804407417,4.784813947402627e-06,1.0490902244342326e-05,6.478599629925346e-06,9.28980628879554e-06,0.0001125306983843,2.414234940524416e-05,6.427106987577801e-06,5.1939698897327675e-06,2.2528737086021743e-05,1.509905214722575e-05,1.7054534511151302e-05,0.0001265344779153,1.9929703097586952e-05,7.162356513711176e-06,0.0003062669386386,8.492871598849672e-06,7.252083665418452e-06,4.492852936826021e-06,1.6715168271934772e-05,1.857272844629298e-06,5.744249324784847e-06,0.0001008928230053,1.1056255759090302e-05,0.0001459672204989,1.3126096186682271e-06,3.2319030976108446e-06,0.0002674001504589,0.0002290702159883,2.601134206297441e-05,-8.98050323370178e-06,-6.46869722343216e-05,-5.082239754511644e-05,-5.192876868235758e-05,-3.5492106536037647e-05,-1.4628231024450224e-05,-9.201605533812396e-07,-0.0001142580351468,2.5572507994292737e-05,-3.348039466966006e-05,2.683574610904655e-05,4.016293577812897e-05,0.0001630396930317,0.0003525931292106,0.0001658352642978,0.0012105654584074,0.0033904541309142,0.0015798799402963,0.0044391437222633,0.001650429998563,0.005092687043208,0.0012761713974612,0.0038339282603723,-1.8716073759050146e-05,2.022963797218998e-05,2.2814686519862787e-05,-6.4113761550899e-05,0.0002172704629432,0.0003064631329229,0.000244189852096,0.0003606185207008,0.0001703613339484,0.0002285563517261,-7.686283579730146e-07,-1.9998553094064412e-06,9.095206174824132e-07,-2.742319076778153e-06,7.836624966595295e-07,-2.267242793672365e-06,5.739130336486345e-07,-3.003116064759116e-07,-1.1951198755774933e-06,-6.508144343564837e-07,-4.086187433407296e-06,1.8271557658994097e-06,1.119702573128556e-06,8.278957226522881e-07,-1.3190275712092669e-06,1.9610621548198397e-06,1.085126187715175e-06,-4.072457760904222e-06,1.8217258720052288e-06,1.1580096071505436e-06,-2.2931531530777785e-06,1.0245137140108684e-06,1.166314669885914e-06,7.07227906034738e-07,6.355360360809882e-07,-6.390187405597046e-08,9.331047994172642e-07,-3.862235996607414e-06,-3.689287686701556e-07,-4.541706090151408e-06,-1.526429464358183e-07,-8.397936775891176e-07,-2.2106104046835536e-06,4.3176243716312997e-08,-1.0125468306650143e-06,6.81081758149412e-08,2.732548715557376e-07,6.928225071559169e-08,-1.2476845835840589e-06,1.1260053092823645e-07,-1.5838380197813262e-07,4.523459159708836e-07,7.59997084178117e-08,-1.330400111706619e-06,-1.2987918354864388e-07,5.004287938924203e-08,9.022493599808092e-08,7.430071320744891e-07,-2.370433516326763e-07,-3.0243300821757857e-07,-1.417177739859776e-06,-1.3965546071615896e-07,3.0940435871943585e-08,-1.802494798321048e-06,-9.940048305164784e-08,1.4385073479761196e-09,7.498875831820318e-08,7.92629391526626e-08,7.695320227317221e-09,6.024633631603295e-08,-1.0976244879049686e-06,2.108034048053885e-07,-1.6442341249299627e-06,8.313230491313914e-09,2.884368820209971e-07,-1.4155575718861095e-06,1.6901947887391293e-06,movement,no movement,no movement,no movement
933.3333333333326,0.0223882364070914,0.3291518294349267,-0.2850382925999999,0.0344142894481438,0.3461938397767171,-0.2765898098333333,0.0367112222808908,0.3465368800269608,-0.2658493315666666,0.0356711157043148,0.3465223037705112,-0.2703775913,0.0158517902847851,0.3555934323186843,-0.2957440415666666,0.0172294402190794,0.3539842840961547,-0.3081660419666667,0.0212885445986754,0.3444804384329213,-0.2882138838333333,0.0661483244325345,0.3473349096103219,-0.1644850105333333,-0.0459589361495181,0.3121893600383738,-0.19272933,0.0446500198202349,0.3268448168057767,-0.2304041897666666,0.0154600548336144,0.2984169433375012,-0.2665105998333333,0.1312220494408242,0.2310415456122915,-0.0194582556023333,-0.1120914945623277,0.2742449157320559,-0.0260139535533333,0.1796682924942372,0.0751462929412009,-0.0063931730463333,-0.1748594744685645,0.0450175233348922,-0.0905593067133333,0.1994149984292048,-0.0595454843307912,-0.0613469326499999,-0.1314828249684127,-0.0376537703898718,-0.2244205176666666,0.1922990477510957,-0.0899284825203011,-0.0714998461233333,-0.0947513264103194,-0.0547552055034703,-0.2851358032333333,0.1723321622181339,-0.0867503368443771,-0.0934988777033333,-0.0565920184191036,-0.0112166156282045,-0.2973649899999999,0.1952016851625528,-0.0800575081928637,-0.0711490830566666,-0.1110383429458468,-0.0258849712810631,-0.234252036,0.07480501650302,-0.1658624508455393,0.04969183281,-0.0721712651802952,-0.1643015596737932,-0.0476148464166666,0.0749811098274215,-0.4931740828222448,0.0586307833666666,-0.076123283024658,-0.4357122111647243,-0.0737192363733333,0.0653981368629404,-0.7707833986608681,0.2292666067666666,-0.1370253892265547,-0.7758495756653959,0.0580870420033333,0.0485729984944432,-0.7999867238576069,0.2502577826,-0.1413971210796572,-0.8051150595578301,0.0297242659981333,0.0953690410559299,-0.8208702605340591,0.2158366248333333,-0.1392154171248791,-0.8286195865768159,-0.0542880878653333,nijmegen_nijmegen_rennen_g_ch1_g11_compr.mp4,ch1g11,7.75017157865848e-06,0.0002011231697264,6.902669339874121e-06,1.1745138377795928e-05,1.8601499498262037e-05,0.0002271626187336,5.551982850066508e-06,1.0268504337625331e-05,5.562354007283924e-06,8.514348673887782e-06,0.0001079822631215,2.622676349130303e-05,7.773734970977406e-06,6.230478232362302e-06,2.1741348114388285e-05,1.6874811357457875e-05,1.8073304353826543e-05,0.0001219603148917,2.1864341050037837e-05,8.542012684061508e-06,0.0003026279133622,9.59121553214936e-06,8.579572740479787e-06,5.387292470821854e-06,1.75600670090116e-05,1.820803726260608e-06,6.927055711588779e-06,9.667930612771029e-05,1.0876041447142258e-05,0.0001408054455029,1.1797262398149275e-06,2.619948430742508e-06,0.0002639358420854,0.0002245173760035,2.804292001403112e-05,-5.804010928530664e-06,-6.23832483837302e-05,-4.885288863489013e-05,-5.00913606739794e-05,-3.452368632801672e-05,-1.306670855457281e-05,7.458086868909578e-07,-0.0001109368563379,2.4300317630150932e-05,-3.0636366690472836e-05,3.0323348703715877e-05,5.370118419507321e-05,0.00014587337666,0.0003587316347094,0.0001114704640693,0.0011993192291279,0.0033376185751649,0.0015553012646929,0.0043711562413644,0.0016161321181583,0.005025198439483,0.0012581510452287,0.003775145899695,-1.4673503069728654e-05,1.62179606186234e-05,3.087046177902316e-05,-6.682569702316386e-05,0.0002445617375526,0.0003408115619754,0.0002715013190359,0.0003971426577476,0.0002036565795225,0.0002621002977942,-7.094732652345904e-07,-2.9266257547131777e-06,9.316611049451188e-07,-2.3416870416370296e-06,8.761281877665984e-07,-3.4102242415991116e-06,6.686612946156163e-07,-5.027081156408447e-07,-6.898434239763512e-07,-5.41830664127374e-07,-5.669220420688881e-06,1.8012722011605482e-06,1.095086775264882e-06,8.76815218388926e-07,-5.890167860388736e-07,1.735834582899544e-06,7.272603910952486e-07,-5.750119122832413e-06,1.7679452151266025e-06,1.1099751675675275e-06,-4.003406303195988e-06,8.726411055320941e-07,1.103146488664035e-06,7.423571217821485e-07,7.265128138772059e-07,-4.9601663791163857e-08,9.136843299942896e-07,-5.168182535742213e-06,-1.5673768669183413e-07,-6.546662548009592e-06,-1.3281303512412342e-07,-5.325180034353276e-07,-3.5164545217739016e-06,6.507473673876632e-08,-8.575558048930713e-07,-1.6985720836082112e-08,4.4556381597706356e-07,4.098670295927242e-08,-1.0307368914472254e-06,4.67404960584633e-08,-1.982696468982228e-07,5.75283693425393e-07,1.2052435736266385e-07,-1.2926135350548134e-06,-1.7032396757918818e-07,-5.159719882029897e-08,6.803313486569106e-09,9.084601351836688e-07,-3.007072884340967e-07,-3.875989379277883e-07,-1.351066618452763e-06,-1.7847945106611057e-07,-6.930750959391894e-08,-1.5018389092466382e-06,-1.554366275397177e-07,-9.124235613790981e-08,9.4328823177753e-09,5.2794919446199144e-08,3.534587999840953e-09,-2.4203338802086593e-08,-1.0115939736412228e-06,1.7588578381288584e-07,-1.6413964348296305e-06,1.4401927123287696e-08,3.091694203292016e-07,-1.147612646529182e-06,1.6680980958381958e-06,movement,no movement,no movement,no movement
949.9999999999992,0.0222291702803743,0.3291450491410784,-0.2860971750666665,0.0343398583134292,0.3461306263066608,-0.2777284085333333,0.0366134983352632,0.3464866114798242,-0.2669883902333333,0.0355618258552736,0.3464708467001006,-0.2714914928333333,0.0157123686228596,0.3555580905700068,-0.2967878698666666,0.0170984079280284,0.3539701655078827,-0.3092303037666666,0.0211440429994871,0.3444801190704541,-0.2892464488666666,0.0662160079000712,0.3472255148196136,-0.1655922552333333,-0.0459338968285644,0.3122166309528972,-0.1934796109,0.044556168116906,0.3268145977260764,-0.2314710081,0.0153432875559306,0.2984489806898998,-0.267493845,0.1312976436470271,0.2311000537331771,-0.0204106874733333,-0.112202531733348,0.2743928094969679,-0.0264333258099999,0.1797376681354557,0.0755023070845501,-0.0074384947206666,-0.1750107879857762,0.0450997200369874,-0.0927398578366666,0.2004423677678859,-0.0583836758486388,-0.0626871596033333,-0.1311465767768402,-0.0344258762189286,-0.2299521157999999,0.1935696961164803,-0.0884276726184375,-0.0728108143966666,-0.0942247933061764,-0.0505230460069697,-0.2913391675666666,0.1740031549382621,-0.0852047176846566,-0.0948841313633333,-0.0561266009624537,-0.0063509912107944,-0.3032558104333333,0.1964456876955728,-0.0788456268020836,-0.0725232470333333,-0.1107216119325205,-0.0222336167620175,-0.255349725,0.0748169696513763,-0.1658745442156704,0.0494647640733333,-0.0721966916440088,-0.1642876834919626,-0.0473433411766666,0.0751328297226022,-0.4931367139062217,0.0590408968499999,-0.0762549480891898,-0.435792593460495,-0.0729523910766666,0.0655734457663996,-0.7705508707214156,0.2298723761999999,-0.1369059433555531,-0.7755270028652019,0.05964104834,0.0487401968643754,-0.7997306518012361,0.2509273782,-0.1412225479001634,-0.8047375350377437,0.0313606716814666,0.0955927205782443,-0.8206866003545533,0.2164919381666666,-0.1391293944803103,-0.8283785549074401,-0.052653975337,nijmegen_nijmegen_rennen_g_ch1_g11_compr.mp4,ch1g11,7.175711432606492e-06,0.0001974822700626,7.755829903830949e-06,9.418861553240002e-06,1.954743607545571e-05,0.0002228728081542,6.199028127534248e-06,9.739513958245649e-06,5.309430406896515e-06,7.885572319963497e-06,0.0001013294924616,2.830816467182744e-05,8.71440910525149e-06,7.0500207874775965e-06,2.154233172259338e-05,1.857817301065544e-05,1.8671862530471703e-05,0.0001151102948438,2.3837458485572728e-05,9.481673293463611e-06,0.0002973246458627,1.0156937398088518e-05,9.464622694578915e-06,6.076137168299008e-06,1.8398172410440727e-05,1.8181804001552157e-06,7.754614932615644e-06,9.073820701701002e-05,1.0837647752968258e-05,0.0001329997097841,1.0750079550844003e-06,2.1677213333330413e-06,0.0002593928753961,0.0002185988476885,3.0111744803244223e-05,-7.738956019073286e-06,-6.459611210512205e-05,-5.132157917046808e-05,-5.256292239952509e-05,-3.859109312057158e-05,-1.6369395705961676e-05,-2.7191670257036822e-06,-0.0001070383248533,2.0952773409182785e-05,-3.165740692884819e-05,2.9418495745783565e-05,6.688908267249572e-05,0.000129290028463,0.0003574882938204,5.841045797272819e-05,0.0011648068771449,0.0032675636775354,0.0014995335318157,0.0042823000687738,0.0015467196058464,0.0049278240238034,0.0012141060544976,0.0036960161507175,-1.0835691439415894e-05,1.2455942281741272e-05,3.635723005816514e-05,-7.227970285390282e-05,0.0002679392909582,0.000375089367113,0.0002948263274874,0.0004341451166803,0.0002279297863981,0.0002913820763438,-6.609333778527902e-07,-3.6129776163975046e-06,8.519561286827622e-07,-1.7731534740169602e-06,9.348151640053192e-07,-4.238861038644259e-06,6.632640248958683e-07,-7.319702182257438e-07,-9.4867048936971e-08,-4.21796984239225e-07,-7.103184649247756e-06,1.705588898675324e-06,9.731092578168962e-07,8.208109813934207e-07,3.342160950986485e-07,1.4250463681298952e-06,2.836393111227004e-07,-7.24824914248535e-06,1.6548696833243626e-06,9.699946914183372e-07,-5.2220063972450995e-06,6.723318858622849e-07,9.513191588835304e-07,6.872124442995318e-07,7.840005330476263e-07,-4.7959351425920435e-08,8.114089971862799e-07,-6.278532757502157e-06,-2.727505501198493e-08,-8.40635147412856e-06,-1.1426309344131449e-07,-2.267058670721922e-07,-4.407756102784826e-06,7.607313939504102e-08,-6.874926485690651e-07,-7.84907031011785e-08,5.773842518158758e-07,7.529275847038786e-09,-7.863035415260541e-07,-9.354042032495649e-09,-2.086029430276754e-07,6.337511023737699e-07,1.4854602629106898e-07,-1.0485847974912802e-06,-2.157079269231427e-07,-1.1734831871972415e-07,-5.6831704946881066e-08,1.0241338900797083e-06,-3.339933517175001e-07,-4.09262030105932e-07,-1.0649942215121482e-06,-2.149983485753467e-07,-1.309609076236061e-07,-1.1553495094349056e-06,-1.673324216907678e-07,-1.447786275899451e-07,-3.7553221804534445e-08,2.5332269867398585e-08,-1.8383272081668015e-09,-7.708948411256696e-08,-7.497295396376251e-07,1.314160545907782e-07,-1.392145352478511e-06,1.9773545477729176e-08,3.101112257118364e-07,-8.625986839258833e-07,1.5546585874385826e-06,movement,no movement,no movement,no movement
966.6666666666658,0.0220710486038065,0.3291267724888324,-0.2869116556333332,0.0342597067794109,0.3460597041159639,-0.2786255180333333,0.0365102029617104,0.3464286556151871,-0.2678875968333333,0.0354470164346635,0.3464120398189961,-0.2723698030333333,0.0155696040169095,0.3555132639990808,-0.2975958227333333,0.0169640252087578,0.3539469653877556,-0.3100582728999999,0.020995747965743,0.3444703610060531,-0.2900469868999999,0.0662695320360424,0.3471229809642622,-0.1665170188,-0.0459194786488032,0.3122381668477009,-0.1940895924333333,0.0444590861467286,0.3267746584448203,-0.2323106592333333,0.0152247544252907,0.2984700260523492,-0.2682580451,0.131347219616167,0.2311683067451762,-0.0212891623033333,-0.1123295356745008,0.2745110718157473,-0.0268268927966666,0.1797576538353431,0.0758595368710231,-0.0084734589059999,-0.1751350486795579,0.0451147851411569,-0.0949087612166666,0.2013663312458624,-0.0572369400653186,-0.0639942812666666,-0.1307136075189811,-0.0312720414667711,-0.2353082453,0.1947347834492284,-0.0869543951774695,-0.0740829399399999,-0.0935848837257957,-0.0463838328554484,-0.2973225892666666,0.1755452062773786,-0.0836945288301414,-0.0962262730066666,-0.0555708698823801,-0.0015888741187815,-0.3089389166333332,0.1975802534601128,-0.077650755583135,-0.0738596666166666,-0.1103177555296135,-0.0186609628595036,-0.249735549,0.0748287273241635,-0.1658833923085856,0.0492459067466666,-0.0722220559695738,-0.1642770226906134,-0.0470810509166666,0.0752737483311931,-0.4930989137238298,0.0594403086933333,-0.0763683192353552,-0.4358845708728942,-0.0722197452233333,0.0657221008341006,-0.7703044349110574,0.2304664800333332,-0.1367911271356487,-0.7751835657593154,0.0611683665733333,0.0488826384845139,-0.7994574356363257,0.2515856101666667,-0.1410538371926367,-0.8043377239940175,0.0329656808448,0.0957950331110517,-0.8204730898369299,0.2171611557666666,-0.1390123490474177,-0.8281097338152114,-0.0510213480513333,nijmegen_nijmegen_rennen_g_ch1_g11_compr.mp4,ch1g11,6.475827047239999e-06,0.0001937272956392,8.348439546022853e-06,7.890712388038212e-06,2.040581298387634e-05,0.0002184968908061,6.69282588441369e-06,8.900694715693173e-06,5.605870723612348e-06,7.434329492314114e-06,9.336533796921614e-05,3.034311987674695e-05,9.391948899846692e-06,7.629519347916556e-06,2.2076078848194565e-05,2.036040629934592e-05,1.914141664320139e-05,0.0001068632985755,2.5782053639694176e-05,1.0128322212348391e-05,0.0002919892355686,1.0435015567863157e-05,1.0064437344034608e-05,6.596249306794152e-06,1.9189721741250375e-05,1.8250177998297177e-06,8.394183772316813e-06,8.368543631151529e-05,1.0945459106165338e-05,0.0001236749129341,1.0148623677828223e-06,2.0983768308636828e-06,0.0002548046303197,0.0002123278924814,3.21396905770215e-05,-8.333811322555233e-06,-6.477882712797311e-05,-5.1704899592724496e-05,-5.293590390649737e-05,-3.997124496132827e-05,-1.7058428603282563e-05,-3.959629858874319e-06,-9.937030391563626e-05,2.1359892022373135e-05,-3.064695148587187e-05,3.03669712499632e-05,8.28305623446379e-05,0.000114112832991,0.0003565662858838,7.442431687415111e-06,0.0011198423891701,0.0031947911675519,0.001429264173376,0.004192977624569,0.0014597450800409,0.0048299927118961,0.0011570891975979,0.0036148132796672,-6.747039983466999e-06,8.479621418162885e-06,4.085980939146784e-05,-7.821525955506117e-05,0.0002898397246206,0.000411340167722,0.0003160186765123,0.0004737680649751,0.0002468497559648,0.0003185118331194,-5.990601416212464e-07,-4.161622526327821e-06,7.308744093760438e-07,-1.0768183660714863e-06,9.255546647162794e-07,-4.8443549589450305e-06,6.076395809769103e-07,-9.470000023731637e-07,5.606275199881728e-07,-3.0928368083463157e-07,-8.205439809312001e-06,1.6126288614828893e-06,8.239441069326615e-07,7.17847427647397e-07,1.3933661526217498e-06,1.1298929016580526e-06,-1.644863821778201e-07,-8.382058786600168e-06,1.5580144552936788e-06,8.099608780021193e-07,-6.108556882695804e-06,4.999581974759742e-07,7.817001995464061e-07,6.005847823324698e-07,7.97475214241828e-07,-5.2599170504111355e-08,6.996830737032189e-07,-7.052612056616856e-06,7.596617138468465e-08,-9.895538558072996e-06,-9.068275214908798e-08,8.796166207513322e-08,-5.039202026070055e-06,8.727788869070792e-08,-5.409973968752126e-07,-1.1090768837747137e-07,6.431770410100872e-07,-2.3257644820922145e-08,-5.700538347996481e-07,-4.844625534196964e-08,-1.810431602422259e-07,6.256733518727242e-07,1.525615210770287e-07,-6.250502964801302e-07,-2.5726485278721737e-07,-1.469709131388831e-07,-9.40017254360465e-08,1.0668409196194445e-06,-3.3871410640446004e-07,-3.69218399193193e-07,-5.950847840992002e-07,-2.4410229294570633e-07,-1.5480768443529517e-07,-8.488779836945046e-07,-1.4620999333540126e-07,-1.619655697014437e-07,-6.275640328015542e-08,3.307852022270785e-09,-5.504671801161095e-09,-9.934768559581049e-08,-3.375558896006358e-07,8.276642772734007e-08,-9.33265444646426e-07,2.4383703103445116e-08,2.87339223949987e-07,-6.279536363004557e-07,1.3994457531061308e-06,movement,no movement,no movement,no movement
983.3333333333323,0.0218848995235614,0.3291082045053283,-0.2876897634666666,0.0341478078654979,0.3459868560292953,-0.2794642497666667,0.0363758810936384,0.3463687853432316,-0.2687322045999999,0.0353007427604193,0.3463513020432511,-0.2731901944000001,0.0153882740179791,0.3554646843115913,-0.2983438342,0.0167910019121088,0.3539209048139007,-0.3108268415666666,0.0208105090740531,0.3444574736921015,-0.2907882054333333,0.066305464726799,0.3470204043302475,-0.1673278635,-0.0459527998029704,0.3122510111068196,-0.1945630788,0.0443407949129974,0.3267354295544969,-0.23310921,0.0150766032703585,0.2984904607210734,-0.2689763526,0.1313795341875595,0.2312557903266629,-0.0220589037633333,-0.1124816137947277,0.2746101965789434,-0.0271650794933333,0.1796284235533655,0.0762122843152368,-0.0095110362279999,-0.1752474476150109,0.0450721939970339,-0.09701255695,0.2020519334483069,-0.0560886411071133,-0.0655466269333333,-0.1302143099575657,-0.0281257616833808,-0.2405840633666666,0.1956389661727404,-0.0854813161891781,-0.0757029111099999,-0.0928682879620509,-0.0422589985875231,-0.3032610646,0.1768307361770331,-0.0821820202094045,-0.0979115328599999,-0.0549554992037291,0.0031672830686471,-0.3145807634666666,0.1984617743455671,-0.0764539740552241,-0.07545279968,-0.1098516305707645,-0.0150983734038891,-0.253569722,0.0748472010786171,-0.1658897625920068,0.0490365666666666,-0.0722542614816111,-0.1642687899302433,-0.0468274465633333,0.0754166100604505,-0.493063630412629,0.06000730123,-0.0764657295987442,-0.4359664972050002,-0.0713684644866666,0.0658657217203099,-0.7700359825327944,0.2313648293333333,-0.1367054818491526,-0.7747333643224471,0.06282901481,0.0490211013189032,-0.7991639312830202,0.2525707820666667,-0.1409230139094625,-0.8038206991920582,0.0347123093414666,0.0959955987057555,-0.8202251692562217,0.2181224808333333,-0.1388786450949047,-0.8277697059395648,-0.0492767286046666,nijmegen_nijmegen_rennen_g_ch1_g11_compr.mp4,ch1g11,5.7826167232948785e-06,0.0001888427522371,8.88602070334153e-06,7.09368124327817e-06,2.1356085627006692e-05,0.0002129914933013,7.198698268526409e-06,7.698306434052202e-06,6.411501823886819e-06,7.327567357560456e-06,8.43608120293014e-05,3.17430230996162e-05,9.954233250116772e-06,8.174092590344888e-06,2.368129011888576e-05,2.1275818495888564e-05,1.8965645061982927e-05,9.766349524651596e-05,2.717980496967297e-05,1.065628744214037e-05,0.0002851667790761,1.0649288903700572e-05,1.0585777045585238e-05,7.0679811908248175e-06,1.9977611148192016e-05,1.7797675652429876e-06,8.86318291609806e-06,7.590296051782807e-05,1.1103908304643696e-05,0.0001129085922411,9.328944965607802e-07,2.3273131696117636e-06,0.0002490927132368,0.0002050218727432,3.3731984011881444e-05,-8.046902143695167e-06,-6.321611109353586e-05,-5.045672648770214e-05,-5.169958165023963e-05,-3.9591852398746105e-05,-1.6257109340815573e-05,-3.833066789877483e-06,-9.041692417262426e-05,2.295921563006749e-05,-2.806560506289405e-05,3.202087596805108e-05,0.0001012489183029,0.0001001176418693,0.0003580867907559,-4.5465028258409595e-05,0.0010611785267755,0.0031029818493946,0.0013453345223636,0.0040861234594738,0.0013529487084098,0.0047081860110794,0.0010846696948512,0.0035149378615489,-3.3496559654084432e-06,5.171890372777985e-06,4.148825498757843e-05,-8.904172894025527e-05,0.0003080800439681,0.0004384064064312,0.0003341534835181,0.0005036415174992,0.0002568214779915,0.0003332109961334,-5.45995199228702e-07,-4.673324662164072e-06,5.748188139816463e-07,-3.6609791019563345e-07,8.447386524547617e-07,-5.343744693976992e-06,5.02657395616494e-07,-1.147981412309334e-06,1.1678615748538554e-06,-1.724394323443991e-07,-8.677535543845603e-06,1.3438241600945167e-06,6.43397884341756e-07,5.732727208233982e-07,2.474152453555463e-06,8.156998400172294e-07,-5.64335398438836e-07,-8.846055864582657e-06,1.3134842028543971e-06,6.261879362095564e-07,-6.874867004690578e-06,3.588844627653536e-07,5.911283751404449e-07,4.998319719801572e-07,7.549599136812705e-07,-6.836337236899626e-08,5.812791913907043e-07,-7.256924315254349e-06,1.2983228962749046e-07,-1.0669416675181384e-05,-6.995600687532455e-08,3.583630432092569e-07,-5.5923154922624215e-06,9.711222240461565e-08,-4.093379143027883e-07,-1.2254925282433628e-07,6.392670453304022e-07,-5.05750413473829e-08,-3.834040374168917e-07,-7.480289478601788e-08,-1.1453106351290979e-07,5.523250921870079e-07,1.3012347296934138e-07,-8.270134978839826e-08,-2.7111096112720777e-07,-1.500772540150012e-07,-1.118928120228042e-07,1.0050471414074685e-06,-2.94965812289529e-07,-2.586275898220335e-07,-1.4512423261478138e-08,-2.479422542831751e-07,-1.5244790142752336e-07,-5.842399911340159e-07,-1.107420047123206e-07,-1.5596127213442933e-07,-7.154433244575222e-08,-1.0317005238197577e-08,-3.339659623921003e-09,-9.679861082004905e-08,1.6102294459446554e-07,3.9445352189516276e-08,-3.257738744831582e-07,3.083284655469933e-08,2.441575792142167e-07,-4.483793965959606e-07,1.2697511679334717e-06,movement,no movement,no movement,no movement
999.9999999999992,0.0216986533227708,0.3290883015182212,-0.2885960441666667,0.0340347782858314,0.3459110301444573,-0.2804400076,0.0362400053078845,0.3463049907848258,-0.2697092227666666,0.035152976381474,0.3462862186015568,-0.2741445263333333,0.0152063992138546,0.355411317777297,-0.2992331096666666,0.0166173541795378,0.3538907417137682,-0.3117402877,0.0206248076812182,0.3444394094142392,-0.2916702051666666,0.0663330708863004,0.3469144976438026,-0.1683111305333333,-0.045989321077318,0.3122568531146229,-0.1952363351333333,0.0442201487318053,0.326694285096943,-0.234048758,0.0149271422073501,0.298509479744686,-0.2698413739666667,0.1314038145448802,0.2313447716308514,-0.0230698244599999,-0.1126452450814289,0.274686536056293,-0.0276880526333333,0.1794724104036927,0.0765648679632907,-0.010736124578,-0.1753251990368003,0.0450009714167179,-0.0992976834233333,0.2026598220918072,-0.0550245759052185,-0.0671451089533333,-0.1296235975135067,-0.0250198878967387,-0.2458629353333333,0.1964530406269825,-0.0841387781890706,-0.0773329175933333,-0.0920593367788357,-0.0381761702853001,-0.309173721,0.1780188240421746,-0.0808186512234604,-0.0996037197266666,-0.0542543511384012,0.0078776180110724,-0.3202071905999999,0.1992612561388882,-0.0753632949157861,-0.0770867729766666,-0.109298691575885,-0.0115780232247744,-0.273825198,0.0748676059127449,-0.165892707244307,0.0488224888866666,-0.0722886169735927,-0.1642642072039429,-0.0465692993433333,0.0755521127963767,-0.4930234548959402,0.06053570994,-0.0765472225987332,-0.4360517609908804,-0.0704236705166666,0.0659678615314244,-0.7696744136255902,0.2322280034333333,-0.1365809075648471,-0.7742421338668968,0.06473700556,0.0491160338946157,-0.798772424768121,0.2535260483333333,-0.1407531541156734,-0.8032594601422984,0.0367250330247999,0.0961623005559778,-0.8199423563099273,0.2190616403999999,-0.1387491954790707,-0.8274154440643914,-0.0471710394316666,nijmegen_nijmegen_rennen_g_ch1_g11_compr.mp4,ch1g11,5.271932803956829e-06,0.0001841053286781,9.318735116342462e-06,7.0328117075291305e-06,2.247711839772881e-05,0.0002075568251306,7.638340214782856e-06,6.3646752929451905e-06,7.919276258038147e-06,7.414721226403497e-06,7.524854445400744e-05,3.276856010626359e-05,1.0321044313410615e-05,8.620843435662906e-06,2.6775072160455563e-05,2.167471747083675e-05,1.7943192963683468e-05,8.846574920796749e-05,2.8265916441817996e-05,1.1004353525483698e-05,0.0002781535356289,1.099522479460864e-05,1.1020825765676356e-05,7.414570685939162e-06,2.0967162580296415e-05,1.692644162260129e-06,9.056996620850394e-06,6.841716359003959e-05,1.1039478431110454e-05,0.0001015079090016,8.647122153080677e-07,2.6399769346961075e-06,0.0002435856945528,0.0001983482927859,3.519352126406818e-05,-8.00990731522177e-06,-6.199318038308456e-05,-4.970965826351198e-05,-5.1176018346503034e-05,-3.9514583217761305e-05,-1.6113440659093463e-05,-4.396485226903818e-06,-8.338111051164299e-05,2.3914421797744026e-05,-2.5199911817895135e-05,3.331855217145316e-05,0.0001214286143265,8.744441184752836e-05,0.0003617119447412,-9.343177802731164e-05,0.0009998149769007,0.0030113248701072,0.0012599702796236,0.0039800064608655,0.0012428853517547,0.0045823542777453,0.0010089591010275,0.0034146822413784,-3.2633182470476e-07,2.192573092617148e-06,3.7373336233158e-05,-9.876128944543396e-05,0.0003231855599997,0.0004605023323762,0.0003493228789362,0.0005276197213343,0.0002580618775089,0.0003425541031396,-4.816160057857938e-07,-5.081110343846256e-06,4.30629914674995e-07,2.862198571618188e-07,6.644487760221526e-07,-5.679414802663972e-06,3.903465583496466e-07,-1.2675577202644309e-06,1.692646069325257e-06,-4.3122811402324124e-08,-8.457859983824659e-06,9.478511214863588e-07,4.867965959339066e-07,4.343129143228651e-07,3.5015982797174723e-06,5.18519161776436e-07,-8.393580287623043e-07,-8.530687883799075e-06,9.70519867120692e-07,4.7276312860283946e-07,-7.360688298975303e-06,2.7088693425957437e-07,4.314336108440254e-07,4.137988509559092e-07,6.31727540032093e-07,-8.521453503991449e-08,4.906930466703156e-07,-6.833628384629314e-06,1.3951974369998865e-07,-1.061114780841292e-05,-4.8396108730378425e-08,5.752168788447416e-07,-5.993778994485774e-06,1.0185943135218686e-07,-3.468705149367655e-07,-1.1734291218227277e-07,5.678218407101095e-07,-7.858492031278368e-08,-2.8610027699573297e-07,-8.748524797446576e-08,-2.0876983104307125e-08,4.159693782322851e-07,9.544224118758821e-08,4.904279383810572e-07,-2.629703082442995e-07,-1.3321295001126545e-07,-1.1289171964989156e-07,8.158318557717431e-07,-2.218841381616465e-07,-9.41466670752973e-08,5.805216574427333e-07,-2.3403179602647006e-07,-1.320900771849124e-07,-4.292785444409335e-07,-7.887859697163838e-08,-1.360348296635567e-07,-6.67613182750964e-08,-2.4856050190822653e-08,4.935457877713006e-09,-7.60489656233021e-08,6.582682090922949e-07,1.2232711313522605e-08,3.37946301253944e-07,3.7732627636435795e-08,1.8901198135115078e-07,-3.835811092303754e-07,1.2416277416816432e-06,movement,no movement,no movement,no movement
1016.6666666666656,0.0215119472941567,0.3290869385386426,-0.28907293,0.033916281910597,0.3458578628112592,-0.2809843986666667,0.0360984373142145,0.346264651499594,-0.2702555957,0.0349999008169226,0.3462435698208488,-0.2746711244333334,0.0150209852444786,0.3553800748266082,-0.2996988266,0.0164393448764132,0.3538826034113931,-0.312221175,0.0204356659393584,0.344440601196314,-0.2921338011666666,0.0663277780609786,0.3468493861985159,-0.1689121882333333,-0.0460394532215524,0.3122879150085549,-0.1955841709666666,0.044096790087862,0.3266811442869617,-0.2345764910666666,0.0147765881619234,0.2985495293280601,-0.2702992270666667,0.1313645143475791,0.2314900335828056,-0.0237133726433333,-0.1128074800548866,0.2747652228643473,-0.0280629929799999,0.1791977793945622,0.0769259586553023,-0.0114086539686666,-0.1753984430125184,0.0449064585745338,-0.10146493413,0.2031340343445155,-0.0541002749756693,-0.0678810999066666,-0.1290107580061061,-0.0220318716747839,-0.2508816921333333,0.1971433679523374,-0.0830078782908481,-0.0779823819733333,-0.0912301064766334,-0.0342410526199606,-0.3147562443333334,0.1790792190612218,-0.0797417246178413,-0.1002921143833333,-0.0535220586790117,0.0124032127301168,-0.3254607832333332,0.1999333977822468,-0.0744491014410202,-0.0778318646866666,-0.1087234780155074,-0.0081903463610302,-0.284978777,0.0748784800390535,-0.1658926532702826,0.04862007685,-0.0723127807790783,-0.1642629799166824,-0.0463232070399999,0.0756135818276638,-0.4929821822404813,0.0609331235366666,-0.0765888691049115,-0.4361433952073802,-0.0694850160233333,0.0659325407771561,-0.7693162873651419,0.2327413792333333,-0.1364726539343351,-0.7737401099044531,0.06667543578,0.0490730368696289,-0.7983863454819785,0.2541190807666666,-0.1406047212678005,-0.8026883791002114,0.0387739489314666,0.0962542715888604,-0.8196661195129502,0.2197073385,-0.1386007572735086,-0.8270579114027732,-0.0449518464383333,nijmegen_nijmegen_rennen_g_ch1_g11_compr.mp4,ch1g11,4.666194563042024e-06,0.0001791910783812,9.686823798568847e-06,8.038648368673509e-06,2.2795962220019182e-05,0.0002020648789673,7.993381788663399e-06,4.973556933087589e-06,9.479517789700592e-06,7.603780039909006e-06,6.672650582511709e-05,3.344629612073338e-05,1.073577096002258e-05,8.995798129452551e-06,3.029055008530181e-05,2.1842417244779128e-05,1.66201617792908e-05,7.991498256270962e-05,2.901266087554719e-05,1.1409623149230464e-05,0.0002708060965463,1.1267981684009131e-05,1.1396786597099458e-05,7.741217431528546e-06,2.123576117732528e-05,1.582350417366213e-06,9.444350108499673e-06,6.163153247397264e-05,1.12217295079855e-05,9.059352379031024e-05,8.281059958789154e-07,3.394108927456055e-06,0.0002377606938876,0.0001920677631945,3.595402681007932e-05,-3.585921567991187e-06,-5.651716466056003e-05,-4.474773671645114e-05,-4.652253451926426e-05,-3.5288082810278584e-05,-1.2090157079598695e-05,-1.038110853441707e-06,-7.335615732318265e-05,2.6744280993478377e-05,-1.8220344524258977e-05,3.822714394335139e-05,0.0001426023607244,7.667597361953691e-05,0.0003651501370565,-0.0001330295415078,0.000941458859665,0.0029168348811387,0.0011799858855508,0.0038686955918574,0.0011399825930871,0.0044515536402126,0.000936870683589,0.0033136095980938,2.794772170321442e-06,-1.0053551014409637e-06,3.376324073915023e-05,-0.000107803009304,0.0003341502322166,0.0004762781712111,0.0003596378580336,0.0005449457954993,0.0002560937867243,0.0003484182295429,-3.5169063253684536e-07,-5.360197483198566e-06,3.271641628688117e-07,8.18836567082279e-07,5.729617574722052e-07,-5.8579077683573705e-06,3.042380008443773e-07,-1.20945715592211e-06,2.028351186527285e-06,7.81492759223725e-08,-7.539926873208057e-06,5.290470294939266e-07,3.728398779956125e-07,3.316677679895652e-07,4.305271683609118e-06,2.542168980848941e-07,-8.575856778381656e-07,-7.453640898245043e-06,6.063972012953432e-07,3.640257705774134e-07,-7.616933204403404e-06,2.3471903248730995e-07,3.2205849797275557e-07,3.6492458370403204e-07,5.99821648807388e-07,-8.053100474146377e-08,4.363947741538711e-07,-5.7957265324766715e-06,1.345958286529339e-07,-9.716704396227678e-06,-9.373320021931045e-09,7.179034002188787e-07,-6.25882467274908e-06,1.1089507731368025e-07,-3.467681607311107e-07,-1.0061032152894588e-07,4.40435856240605e-07,-8.038122110977415e-08,-2.823804642782781e-07,-8.618801911046358e-08,8.245322397889291e-08,2.452771024208194e-07,5.9266126876464884e-08,9.870455026468898e-07,-2.2996161024068443e-07,-1.1092427171568128e-07,-1.0080904297588368e-07,5.341283086233629e-07,-1.428837725134724e-07,7.702770335486755e-08,1.0747662128264508e-06,-2.000675497780217e-07,-1.0883368825525073e-07,-3.956180823334361e-07,-5.189166391796921e-08,-1.1000410759639373e-07,-5.54987425425087e-08,-1.7516839056643944e-08,1.829922575584206e-08,-5.977643843229624e-08,1.0624661534210047e-06,-1.028312404466761e-08,9.198734907290904e-07,4.4077593132159797e-08,1.1708860513748481e-07,-4.1975599242440555e-07,1.3146707869262604e-06,movement,no movement,no movement,no movement
1033.3333333333323,0.0213203880524331,0.3290946422882312,-0.2899819097666666,0.0337942940563072,0.3458115218369905,-0.2819597591333333,0.0359531366874767,0.3462297542181898,-0.2712277554333334,0.0348425686511018,0.3462067186122635,-0.2756191273666667,0.0148278153957497,0.3553531660532154,-0.3005819717333333,0.0162542492476771,0.3538797161416019,-0.3131321972333333,0.0202387460726886,0.3444484629701189,-0.2930109868333332,0.0663201903688814,0.3467856097568326,-0.1698583245333333,-0.0460992578424826,0.3123210641367097,-0.1962379241666666,0.0439677863560511,0.3266751360250896,-0.2355053062666666,0.0146185697009632,0.29859963822158,-0.2711637944333333,0.1313204478781046,0.2316488804806108,-0.0246485609533333,-0.1129956727566591,0.2748429615271036,-0.0285879291,0.178861631618238,0.0772952674903058,-0.0125462018766666,-0.175465827305582,0.0447723286857243,-0.1038940659266666,0.2035384437769458,-0.0532047122770779,-0.0694114849266666,-0.1283654765579166,-0.0191495417835903,-0.2564690186,0.1977575648606917,-0.0818900634163578,-0.0795331801,-0.0903699005089175,-0.030400535610437,-0.3210430268666667,0.1800621602035522,-0.0786765558148091,-0.1018942599,-0.0527567123506303,0.0168388466820478,-0.3314608400999999,0.2005308760764866,-0.0735765787449743,-0.0793821775266666,-0.1081092125894878,-0.0049113025571425,-0.293595,0.0748952190123872,-0.1658850013220926,0.0484166633333333,-0.0723439934615845,-0.164268779277003,-0.0460745553366666,0.0756869399856822,-0.4929416355519176,0.0616614854633333,-0.0766401117489987,-0.4362496648910812,-0.0685098096533333,0.0659083530001535,-0.7689348237006837,0.2339275489333333,-0.136377375688244,-0.7732433650334193,0.06868497099,0.0490410766265303,-0.7979791714266542,0.2554355656,-0.1404707407591004,-0.8021203943606477,0.0409033345817999,0.0963537515060975,-0.8193698019861435,0.2210650136,-0.1385122415911808,-0.8266827309269735,-0.042681626592,nijmegen_nijmegen_rennen_g_ch1_g11_compr.mp4,ch1g11,4.449263273727419e-06,0.000173883103092,1.0064154126333092e-05,9.515028882565023e-06,2.332534174380023e-05,0.000196281720836,8.296625416186445e-06,3.822220269634807e-06,1.162067507201818e-05,7.618734914409477e-06,5.917900731077908e-05,3.401763565910884e-05,1.1243714064428464e-05,9.3618010946672e-06,3.4952920767460284e-05,2.2161236014611233e-05,1.56427677479225e-05,7.239257980164441e-05,2.965448084735796e-05,1.1920437812694789e-05,0.0002631423989727,1.1621713244315549e-05,1.1846418573909286e-05,8.110663972084491e-06,2.1799394609919227e-05,1.4622818925459628e-06,9.974255155159982e-06,5.595368752240422e-05,1.1347252093445248e-05,8.04853766210966e-05,8.138549024906017e-07,4.22327204895e-06,0.0002315609924469,0.0001862213498315,3.680491597171899e-05,2.909351901186278e-06,-4.914652584891884e-05,-3.808180106709595e-05,-4.023762154057955e-05,-2.960171316234079e-05,-6.914682396362469e-06,3.637351141028353e-06,-6.232257387890511e-05,2.9766994487121985e-05,-9.208529517664627e-06,4.43785777410829e-05,0.0001642698285932,6.866756613985555e-05,0.0003683256567875,-0.0001652557491225,0.0008848744368813,0.0028157033113036,0.0011065314147175,0.0037496965917487,0.0010494106892322,0.0043154122627993,0.0008690395222293,0.0032078448224914,6.147690230316578e-06,-4.589480092879402e-06,2.9268165102162653e-05,-0.0001148064581837,0.0003444665844951,0.0004887668966875,0.0003683478062433,0.0005583994603318,0.0002560103559434,0.0003574808675066,-2.059480419600892e-07,-5.630140768145863e-06,2.811997622987829e-07,1.1831441670430436e-06,4.880803798283758e-07,-6.057354319357449e-06,2.604373291789515e-07,-1.079975612952828e-06,2.1867108868501044e-06,1.3719438742712825e-07,-6.160879970595543e-06,1.8062114066329066e-07,3.1881442420070217e-07,2.819889230961567e-07,4.767073601962257e-06,8.469268472874303e-08,-7.058727473958059e-07,-5.958073029788776e-06,3.074213293515158e-07,3.140511672401165e-07,-7.917893563236254e-06,2.470566139959755e-07,2.738479318852197e-07,3.5605197692026417e-07,5.784692329531647e-07,-6.63014609791088e-08,4.24325906628357e-07,-4.391275604516445e-06,1.1087762955070879e-07,-8.340281226834256e-06,3.026693937439738e-08,8.110534606899957e-07,-6.6121764467503555e-06,1.1047597256716725e-07,-3.9899582988454e-07,-7.917011215845876e-08,2.93528663825467e-07,-8.800323573728228e-08,-3.598525331469289e-07,-7.366824073226057e-08,1.730111368661871e-07,3.9297751303382633e-08,3.7096489555397535e-08,1.330085502948941e-06,-1.846385898270687e-07,-9.069504493147125e-08,-8.1616770347526e-08,1.5770426415615526e-07,-8.4702296247238e-08,2.106522412503111e-07,1.3865282226104557e-06,-1.5824816101406673e-07,-9.027756322955693e-08,-4.7663115310818427e-07,-3.8154026882675174e-08,-8.687513551445134e-08,-4.4953637827065674e-08,-2.2601584868141064e-08,3.405901875298813e-08,-5.4088063261660685e-08,1.3051657618892777e-06,-1.900593394581892e-08,1.328998344785113e-06,4.889929242223517e-08,4.6417673062632426e-08,-5.382889442157161e-07,1.4048790160342883e-06,movement,no movement,no movement,no movement
1049.999999999999,0.0211326743529362,0.3291022077597263,-0.2903841824999999,0.0336710741986094,0.3457655594635574,-0.2824502189333334,0.0358070755643646,0.3461952322235866,-0.2717178139,0.0346847509101703,0.3461701143268727,-0.2760918935000001,0.014639160179024,0.3553264367071789,-0.3010259021666667,0.0160733573420268,0.3538765292830833,-0.3135910795,0.0200470884234694,0.3444557897758892,-0.2934515009333333,0.0662743782040665,0.3467333691657925,-0.1704564616333333,-0.0461676795857914,0.3123555416680154,-0.1966816256333333,0.043837264815727,0.3266714520337646,-0.2359678139666666,0.0144629673507339,0.2986499166555866,-0.2715925117666667,0.1311884385847994,0.2318348320388705,-0.0253093168133333,-0.1131727086228783,0.2749188071856814,-0.02900127154,0.1783148157165295,0.0776645319172458,-0.0130747397,-0.1755133156262449,0.044601199423366,-0.1056961246966666,0.2037391234020566,-0.0523612232802677,-0.0698505436666666,-0.1276690105081942,-0.0163667517108091,-0.2599559732666666,0.1981724805008331,-0.0808359406413704,-0.0798817895366666,-0.0894386851527313,-0.0266712284386595,-0.3248460634666666,0.1808496723667185,-0.077683015434293,-0.10223055825,-0.0519600193643708,0.0211388793414254,-0.3350132277333333,0.2009264278400988,-0.0727590268990856,-0.0798176565133333,-0.1074558475757279,-0.0017309084219745,-0.285284221,0.0749015974381154,-0.1658758819475525,0.0482305001466666,-0.0723635756584279,-0.1642764003637982,-0.0458468828533333,0.0757396318129113,-0.4929117136030358,0.0621221629333333,-0.0766838247242112,-0.4363553353973271,-0.0676640229733333,0.0657756418412695,-0.7685969174699855,0.2345213483,-0.1363786666428041,-0.7727519703674548,0.07040254859,0.0488960349529324,-0.7976208782769469,0.2561112816,-0.1404594287714942,-0.8015604689389679,0.0427125927204666,0.0963957113818639,-0.8191330913483932,0.2219340185,-0.1384855311627584,-0.826315761192822,-0.0406358085486666,nijmegen_nijmegen_rennen_g_ch1_g11_compr.mp4,ch1g11,4.339589335096013e-06,0.0001684265756308,1.0400143694385269e-05,1.0969744130781977e-05,2.375569237480101e-05,0.0001904436095521,8.539991176800386e-06,2.896322118442224e-06,1.3917150832963236e-05,7.486091129946685e-06,5.36118723259024e-05,3.431453561238137e-05,1.1708099674485905e-05,9.6802441090976e-06,4.011419569835727e-05,2.2540178724262817e-05,1.5152114099355484e-05,6.706335434787211e-05,3.0058767858214027e-05,1.2389897769305646e-05,0.0002554834422391,1.1995849209134227e-05,1.2237753565859723e-05,8.512160603805819e-06,2.2352376623780505e-05,1.3849415558661104e-06,1.057170142576645e-05,5.219578501212798e-05,1.1531990273768184e-05,7.279654656946768e-05,8.571993023132631e-07,5.174467243689644e-06,0.0002251157892302,0.0001811667611196,3.7458754195585974e-05,1.3935671759384492e-05,-3.83492996121106e-05,-2.820317092713414e-05,-3.086792980392159e-05,-2.079784088040067e-05,1.3059678713229236e-06,1.1726657698672456e-05,-5.1456505738298506e-05,3.301192835322817e-05,2.889685614386628e-06,5.3847923163480774e-05,0.0001863423553432,6.37447120789745e-05,0.0003816676207242,-0.0001872067361522,0.0008483139058498,0.0027134080223099,0.0010600231765277,0.003627734213411,0.0009944840054396,0.0041801945523101,0.0008243919817042,0.0031018860227305,9.7869856837636e-06,-8.592743670556415e-06,2.6111757794671273e-05,-0.0001195624205944,0.0003532668995412,0.0004954834640176,0.0003744462683734,0.0005649913542007,0.0002543244306499,0.0003652005191246,-6.349015075985884e-08,-6.055576232288682e-06,2.542173543146335e-07,1.3648153501769768e-06,4.502053061282762e-07,-6.473712165599172e-06,2.2835517402727505e-07,-8.412437005509088e-07,2.1227112298853963e-06,1.723445217484703e-07,-4.508115977154757e-06,2.5426883441800744e-08,2.8732714045324253e-07,2.5066973005594354e-07,4.721104373753758e-06,5.626300237005964e-08,-3.615829089309849e-07,-4.246030283557516e-06,1.6687348437171114e-07,2.8466406533485265e-07,-8.481982084154594e-06,2.556553262752318e-07,2.462024742561927e-07,3.548736005015277e-07,6.049805245397089e-07,-2.0710369050881315e-08,4.1743702834454884e-07,-2.8136949650742265e-06,9.574750075679968e-08,-6.663176951925202e-06,8.492250474386707e-08,8.344626636531978e-07,-7.242106848944654e-06,1.0870095594900821e-07,-4.917875964905394e-07,-5.53120587749656e-08,1.6221751737732589e-07,-1.0084131767386177e-07,-4.989918221790865e-07,-5.271666801679408e-08,2.3946499872100464e-07,-1.734985914310512e-07,2.918908274844824e-08,1.4459881063178297e-06,-1.3235428197308964e-07,-7.199016817427688e-08,-5.7984568476725e-08,-2.675996831267234e-07,-5.2796186522612636e-08,2.7537443212035745e-07,1.4379157999557372e-06,-1.1389174537012097e-07,-7.513728203302135e-08,-6.4602532298554e-07,-3.5977971645803985e-08,-6.552963360753651e-08,-3.84272516236699e-08,-4.0274951237365256e-08,4.7518603219817464e-08,-6.010411907585528e-08,1.3268642799516986e-06,-1.8163898860177506e-08,1.468918081249139e-06,4.976554147590297e-08,-1.8325349992739332e-08,-7.065568413740352e-07,1.4492577309875792e-06,movement,no movement,no movement,no movement
1066.6666666666658,0.0209431640407187,0.3291125189365014,-0.2909562797999999,0.0335432885761164,0.3457241386707522,-0.2831054438666667,0.0356568525882324,0.3461641223590038,-0.2723714781666667,0.034523040222509,0.3461364055135085,-0.2767249961333334,0.0144476274771942,0.3553042209381779,-0.3016345549999999,0.015889512333288,0.3538759646820559,-0.3142172868666666,0.0198525179532524,0.344465500090575,-0.2940550972999999,0.0662212487199053,0.346682178764699,-0.1711742505666666,-0.0462454476716515,0.3123916982273323,-0.1972469255333332,0.04370207730801,0.3266704265333757,-0.2365779499666666,0.0143035557497185,0.2987016897744299,-0.2721747657000001,0.1310221023554438,0.2320222585082274,-0.0260158238299999,-0.1133512716514734,0.2749865573205475,-0.0294915025433333,0.1776784549038155,0.0780529750214149,-0.0135967367056666,-0.1755273519159911,0.0444178721662523,-0.1074285299766666,0.2037936891197695,-0.0515465986134318,-0.0701513807266666,-0.1269332651948225,-0.0137233886521192,-0.2630444629333333,0.1984304645066133,-0.0798148608211543,-0.0800490573066666,-0.0884636854011252,-0.0231410191833694,-0.3281950785666667,0.1814743211878504,-0.076752106642877,-0.1023883829166666,-0.0511357447562743,0.0251793082329968,-0.3381101623666666,0.2011758830121437,-0.0719762419024845,-0.0801089543466666,-0.1067654576703531,0.0012799984445097,-0.281477898,0.0749052575380127,-0.1658655996622549,0.0480556943766666,-0.072380435823245,-0.1642853704192622,-0.0456331362533333,0.0757663187779687,-0.4928966707305151,0.06257749548,-0.0767173520527557,-0.4364893722998493,-0.06681092417,0.0656318423562126,-0.7682669832875936,0.2349268570666666,-0.1363866457058168,-0.7722735501469347,0.0721939262033333,0.0487414113393021,-0.797270843590986,0.2565705115333333,-0.1404549172104965,-0.8010145435459727,0.0446032691731333,0.0964302811261821,-0.8189050540086692,0.2225381309333333,-0.1384422819894494,-0.8259508293137776,-0.0385109580353333,nijmegen_nijmegen_rennen_g_ch1_g11_compr.mp4,ch1g11,4.4042932593414726e-06,0.0001618782708294,1.0625232671441944e-05,1.2311908653051894e-05,2.3975003032535543e-05,0.0001834973714615,8.698168343842496e-06,2.11938257901446e-06,1.6109200009505107e-05,7.670836557326595e-06,5.015516652664842e-05,3.3676291796315945e-05,1.2012985306417109e-05,9.891516747407607e-06,4.52701186723726e-05,2.2043384689869764e-05,1.4349578029683957e-05,6.384483895532423e-05,2.9610827336511907e-05,1.27029313095298e-05,0.0002464446143642,1.2308183445288058e-05,1.246965098134518e-05,8.900274560915723e-06,2.279498060026754e-05,1.3598456842084074e-06,1.1132313665649926e-05,5.03682430425077e-05,1.156893761540188e-05,6.737437331244967e-05,9.378984465853508e-07,6.010834531812607e-06,0.0002172814576159,0.0001759048072487,3.7368599600724864e-05,2.785998544619784e-05,-2.514241037057628e-05,-1.598288637290425e-05,-1.9237430903396605e-05,-9.341450274176129e-06,1.1854384378734258e-05,2.2698678108847755e-05,-4.175782941278149e-05,3.642629405239521e-05,1.6349761084027055e-05,6.514498744565904e-05,0.0002040407460932,5.8756830107986714e-05,0.000397736401409,-0.0002043266425351,0.0008224040881269,0.0025942901502596,0.0010284418235799,0.0034831677264129,0.0009615623343053,0.0040225055585833,0.0007939642822511,0.0029783175535478,1.3753279497518412e-05,-1.303765736269067e-05,2.270759758847922e-05,-0.000124267555616,0.0003562017811532,0.0004882420030134,0.0003735417377228,0.0005556565357494,0.0002397864630937,0.0003585203204908,5.7838059299178595e-08,-6.576992121332493e-06,2.4203896608072253e-07,1.432418622906144e-06,3.915775872993772e-07,-7.021657343387204e-06,2.117242135318364e-07,-5.345128725672211e-07,1.8687270155433528e-06,1.501525507077584e-07,-2.8975882403049e-06,9.031931487414148e-09,2.655716988927916e-07,2.3532624340786617e-07,4.219455387181503e-06,6.015658543248024e-08,3.5758149652032006e-08,-2.6709372021406407e-06,1.4363020002508957e-07,2.5999247960057853e-07,-9.17117064668406e-06,2.4342319919418696e-07,2.2541146749449207e-07,3.493713347619485e-07,6.073760318144037e-07,4.3184739790870115e-08,3.975889982695446e-07,-1.3721283149715154e-06,9.504269491273434e-08,-4.996948349111045e-06,1.430855700160283e-07,8.012964851293069e-07,-8.021198496958545e-06,1.0275116294188969e-07,-5.767576339388912e-07,-3.0849858149405835e-08,6.541972097335751e-08,-1.2430794153165609e-07,-6.40473839019501e-07,-2.7371090829690884e-08,2.7382174944420085e-07,-3.687389821296802e-07,1.897252714992073e-08,1.322990121503663e-06,-7.112493927719455e-08,-5.3566920271444566e-08,-3.2602168472123145e-08,-6.917373357312766e-07,-2.9340935980479107e-08,2.785731892725484e-07,1.230240484794616e-06,-6.387194366157872e-08,-6.134825675863643e-08,-8.311222288477897e-07,-4.0643734763382724e-08,-4.4834038568286185e-08,-3.753750426301731e-08,-7.59272641437184e-08,5.482533330086018e-08,-7.462513095576715e-08,1.126049641090518e-06,-3.654049253307303e-09,1.3386325950468775e-06,4.5631267945620153e-08,-6.585123375760106e-08,-8.576377863040826e-07,1.4434048094847508e-06,movement,no movement,no movement,no movement
1083.3333333333326,0.0207444486411514,0.3291490080039562,-0.2916996748999999,0.0334046651436106,0.3457062455903937,-0.2839136133333333,0.0354966109403036,0.3461539181703123,-0.2731783373,0.0343504367836647,0.3461227955466963,-0.2775088359333335,0.0142434211310317,0.3553005682644797,-0.3023860642666666,0.0156928573353099,0.3538935861496622,-0.3149881875333333,0.0196449711292592,0.3444952697871841,-0.2947988470333333,0.0661583815305623,0.3466417769270642,-0.1719713732666666,-0.0463447692608857,0.3124302350367641,-0.1978636284666666,0.0435554981764354,0.3266947147339116,-0.2373350809333333,0.0141312001785684,0.298773862957953,-0.2728993088333334,0.1308343277467527,0.2322414423216763,-0.0267201415266666,-0.1135363688792311,0.2750361756817132,-0.02999969547,0.1770397928530947,0.0784748010036457,-0.013942907509,-0.1755312017195137,0.0441675169852619,-0.10911894321,0.2037656540164851,-0.0507033130983458,-0.0702610023633333,-0.1261796218852744,-0.011199719216134,-0.2663101244333333,0.1985556754169647,-0.0787527244094882,-0.08005501653,-0.0874665941927175,-0.0197152668127624,-0.3318457537666666,0.1819615475163336,-0.0757463168393118,-0.1023864634166666,-0.050302612286041,0.0291247115459983,-0.3415084874333333,0.2013315171191096,-0.071156006503273,-0.0802103547533333,-0.106059711108615,0.0041842570264575,-0.284220725,0.0749082462365943,-0.1658493042133517,0.0478957516466666,-0.0723967873445089,-0.1643007048163598,-0.0454356520333333,0.0757649844951679,-0.4928790492352918,0.0632359835033333,-0.076774507277013,-0.436635680851546,-0.0659038735999999,0.0654782158665499,-0.767935962709427,0.2355395183,-0.1364763585002915,-0.771811258117649,0.0740069684899999,0.0485794143328602,-0.7969289554648696,0.2572441026333333,-0.1405457012114206,-0.8004852404667697,0.0465196913081333,0.0964504275291304,-0.8186915484068636,0.2232734073666666,-0.1385216136534022,-0.8256204046266487,-0.036416503842,nijmegen_nijmegen_rennen_g_ch1_g11_compr.mp4,ch1g11,4.553173285493037e-06,0.0001545814592259,1.081381060364556e-05,1.3378665752386882e-05,2.4008408734973477e-05,0.0001757613104255,8.860246674875062e-06,1.699169224305657e-06,1.80867872805306e-05,7.968289950048833e-06,4.888025403083528e-05,3.323636659727265e-05,1.2201892494121515e-05,1.0076234603621814e-05,4.964605062816904e-05,2.1867622785019724e-05,1.4530207912415738e-05,6.287832426613799e-05,2.9338031430784905e-05,1.2889241465329338e-05,0.0002365304007907,1.2493911959379871e-05,1.2609926519948897e-05,9.263128156610408e-06,2.3147497288944873e-05,1.4281079562643664e-06,1.153382729049262e-05,5.0453003394147904e-05,1.1595420206673224e-05,6.435681529464242e-05,1.0972529153252078e-06,6.761907809123263e-06,0.000208457218789,0.0001705422297502,3.737013137487522e-05,4.084731213663563e-05,-1.2357088416237468e-05,-4.274765920243288e-06,-8.09023566158078e-06,1.5793621041933508e-06,2.1537705227786996e-05,3.279411739144945e-05,-3.316797642816988e-05,3.867779906461875e-05,2.9182325353267124e-05,7.526571401917068e-05,0.0002221524803819,5.2718705624008014e-05,0.0004188762350091,-0.0002199124958349,0.0008229832550426,0.0024650186273571,0.0010276988389167,0.0033243186196319,0.0009661886294288,0.0038522450836644,0.0007941777975701,0.0028435795979704,1.8404856273134827e-05,-1.814001731742564e-05,2.406697762731739e-05,-0.0001304357683884,0.0003613059468417,0.000484638646492,0.0003735227489512,0.0005500869343081,0.000233945189576,0.0003556351007698,1.5562385011202826e-07,-7.236470342273113e-06,2.2446043376400307e-07,1.3568386604351038e-06,2.8138518698833764e-07,-7.778853598220528e-06,1.9981761166749898e-07,-2.1398509939769177e-07,1.4133179325476374e-06,1.013175380479268e-07,-1.6343277669662023e-06,4.68557156623019e-08,2.1930779480766306e-07,2.1771828718196833e-07,3.3530921864708376e-06,8.70666767977361e-08,3.920520366614563e-07,-1.546546125012458e-06,1.688803588364821e-07,2.0203066820780387e-07,-1.0153990863006971e-05,1.8230248284336176e-07,1.8164137781848224e-07,3.147892585139082e-07,5.37670018531293e-07,1.0911133909435286e-07,3.221436607558127e-07,-3.3679274593483976e-07,1.0581012266396817e-07,-3.7214073716114775e-06,1.906292736532369e-07,7.060189193356852e-07,-9.04417142110073e-06,9.629383311807865e-08,-6.389325655448709e-07,-1.0025993580249578e-08,1.532617057530421e-08,-1.5395833182658453e-07,-7.590286703234537e-07,-3.6862439599517213e-09,2.6829648391927373e-07,-5.207156913877023e-07,1.1404027122606965e-08,9.94324661214538e-07,-5.2711166057824254e-08,-3.638680983805794e-08,-1.0377311109015131e-08,-1.033870690090267e-06,-5.322332567122e-08,1.8553330173689514e-07,8.06507466812777e-07,-5.3286649823450355e-08,-4.8013456515478266e-08,-9.971010004835258e-07,-4.5052163104975335e-08,-2.6303628131356284e-08,-4.1234496392613327e-08,-1.248794579840816e-07,5.3197066553086234e-08,-8.971984430389545e-08,7.432140273363038e-07,1.4410904035734292e-08,9.84234124396149e-07,3.5165551487118826e-08,-9.44683906136708e-08,-9.60266411161449e-07,1.4246843190950852e-06,movement,no movement,no movement,no movement
1099.999999999999,0.0205346287097819,0.329211875820204,-0.2924700249333333,0.0332530010319172,0.3457187114972295,-0.2847436219333333,0.0353242312678369,0.3461733371979005,-0.2740051371666667,0.0341652175414383,0.3461377783247231,-0.2783137589000001,0.014026486483821,0.3553258490459941,-0.3031553297666666,0.0154832760116696,0.353936863740818,-0.3157761043333333,0.0194242093741393,0.344549833046988,-0.2955601334666666,0.0660889638204361,0.3466213538022271,-0.172782515,-0.0464545402828949,0.3124771325202924,-0.1984821846,0.0434014345435159,0.3267444417401782,-0.2381205305666666,0.0139499094537097,0.2988658716327452,-0.2736440480333333,0.1306199562981751,0.2324712294716668,-0.0274044502833333,-0.1137239366093126,0.2750803421521816,-0.0305041644733333,0.1762893545187879,0.0789067035842361,-0.0140838231956666,-0.1755404145147558,0.0439189531780555,-0.11050223514,0.203604834108183,-0.0498754727519637,-0.0700373692133333,-0.1254217119218854,-0.0088156994421309,-0.2687322972333333,0.1985297526517151,-0.0777100650569179,-0.0796947166333333,-0.0864513452865739,-0.016501140204785,-0.3345338308333333,0.1822965391364551,-0.0747667419745713,-0.10201924145,-0.0494607508613316,0.0328530808597934,-0.3439431335333333,0.2013547328980501,-0.0703510662740361,-0.0799770707566666,-0.1053478176202738,0.0069431647022391,-0.300390273,0.0749074789464493,-0.1658298722196029,0.0477515342333333,-0.0724087744396262,-0.1643200631855158,-0.0452576772833333,0.0757578136782444,-0.4928592581797031,0.0639220215433333,-0.0768030642109466,-0.4367791918609381,-0.0649838344333333,0.0653101954751912,-0.7675870852291132,0.2362098271666667,-0.1365573008955259,-0.7713548097255668,0.0758402090533333,0.0484024363876806,-0.7965678424307414,0.2579776490333333,-0.1406250641377664,-0.7999662304476194,0.0484624530447999,0.0964623728563649,-0.8184631143495817,0.2240661471666666,-0.1385964650739842,-0.8252870120006031,-0.0342640985986666,nijmegen_nijmegen_rennen_g_ch1_g11_compr.mp4,ch1g11,4.80505226964191e-06,0.0001469606522881,1.104096213876797e-05,1.4621841505324208e-05,2.4251737109898108e-05,0.0001676358559885,9.09887792961132e-06,1.6789733968777275e-06,1.9359401416140635e-05,8.12789411415719e-06,4.846979847739109e-05,3.322126690366149e-05,1.2351886268045685e-05,1.0303906245732713e-05,5.258773202655048e-05,2.2022867496645624e-05,1.5531532228973635e-05,6.263238276764834e-05,2.9443283357723843e-05,1.3015145302614445e-05,0.0002258647343331,1.2639771094335551e-05,1.2726937242694566e-05,9.623349269534048e-06,2.370158700467972e-05,1.582871330627334e-06,1.1815220315281326e-05,5.114930887933186e-05,1.1733130604491402e-05,6.205887643734351e-05,1.3222753034391988e-06,7.342089114423768e-06,0.0001987939580086,0.000164902859067,3.779777984781143e-05,4.968130204746681e-05,-3.5666516464051467e-06,3.5200200567345e-06,-8.244313275071091e-07,8.680179452422221e-06,2.7184619527067213e-05,3.870363259208582e-05,-2.859251344086851e-05,3.659960708267285e-05,3.796505809351838e-05,8.139211753072499e-05,0.0002355828714979,4.316804208099349e-05,0.0004400802636204,-0.0002335827298648,0.0008363208912908,0.0023294414204378,0.0010402142493468,0.0031485562151269,0.0009898731773499,0.0036655826275236,0.0008103089278891,0.002700518707632,2.3090606368700176e-05,-2.3326282238649464e-05,2.8486478429920875e-05,-0.0001330871019386,0.0003722866762119,0.0004872896801467,0.0003798742649479,0.0005511987948447,0.0002365985790169,0.0003576349487537,2.3742489671513426e-07,-7.930401214329367e-06,1.823964299523601e-07,1.288139806165777e-06,1.1963802591716242e-07,-8.643333850432894e-06,1.751457803971513e-07,6.21822652895049e-08,8.205561612387321e-07,8.482751597630129e-08,-8.54472772347391e-07,8.91207718654659e-08,1.3364946996093393e-07,1.7793993828831596e-07,2.0891636887900164e-06,9.927887820424327e-08,5.724143049951136e-07,-1.0145994667090769e-06,1.998206946435015e-07,9.763356752911185e-08,-1.1302204597406469e-05,6.674853290109766e-08,1.0360228892875505e-07,2.393963182541981e-07,4.017886573158234e-07,1.7324312515492718e-07,1.8118134349508886e-07,1.6400483174094608e-07,1.2095577568522598e-07,-2.957489876320559e-06,2.2631491560110014e-07,5.708640797870502e-07,-1.0125414990435942e-05,8.972216579023968e-08,-6.658318398866121e-07,5.1383314904827685e-09,-2.47104005560359e-09,-2.02454985558862e-07,-8.341714337013662e-07,1.470588914278678e-08,2.249978874383134e-07,-6.015374812695478e-07,7.793017153551469e-09,5.697338316573446e-07,-9.784666541795724e-08,-2.0673572903204585e-08,6.307479170013442e-09,-1.2386420077648435e-06,-1.243560457936209e-07,1.9972092555968364e-08,2.994802728377345e-07,-9.986262315361765e-08,-3.401998819096499e-08,-1.1089481576481085e-06,-4.5731905083233635e-08,-9.767987611462296e-09,-4.7168966867869064e-08,-1.9489834711525658e-07,4.190538751145496e-08,-1.0039063433785933e-07,2.898050971056563e-07,2.7718189131986945e-08,5.42816791082455e-07,1.8941146175755992e-08,-1.0149881568008073e-07,-9.885625739485456e-07,1.435813066786164e-06,movement,no movement,no movement,no movement
1116.666666666666,0.0203159695356265,0.3292508916457198,-0.2934084315,0.0330860087341794,0.3457069649292198,-0.2857451091333333,0.035136975904848,0.346168217842958,-0.2749979459,0.0339658181858875,0.3461278260026608,-0.2792875964666667,0.0138004070564048,0.3553235461509701,-0.3041116435666666,0.0152643793399866,0.3539510778009032,-0.3167507078333333,0.0191948513833439,0.3445753179454165,-0.2965076615333333,0.0659994701637373,0.3465861659904566,-0.1737672910333333,-0.046578493064199,0.3124970733702449,-0.199309056,0.0432337385381486,0.3267758916799445,-0.2390654643666666,0.0137590309229774,0.298935667189764,-0.2745586217,0.1303814349271551,0.2326986668054269,-0.0281349738733333,-0.1139151861213628,0.2751165234010562,-0.0311884112666666,0.1754733528981941,0.0793167928853271,-0.0141896061056666,-0.1755666413979136,0.0436709128226137,-0.1119098008,0.2032900790327509,-0.0490982192657411,-0.0696670634366666,-0.1246541163057513,-0.0066163744063839,-0.2710366252,0.198312330993312,-0.0767295447063922,-0.0791669761166666,-0.0853960906141169,-0.0135193396480343,-0.3370775723,0.1824486407310939,-0.0738424274685269,-0.10148617475,-0.0485926616282965,0.0363354789908808,-0.3462336307666666,0.2012207688766721,-0.0695943056868874,-0.0795972691766666,-0.1046222672715307,0.0095088347766163,-0.295486808,0.0749062088482137,-0.1658086938710485,0.0476227032633333,-0.0724202843717572,-0.1643420581293449,-0.0450994805933333,0.0757432590790108,-0.4928383823577402,0.06454338556,-0.0768049664861367,-0.436916605737097,-0.06407993037,0.0651538732641754,-0.7672227904179862,0.2367698088333333,-0.1366281889240495,-0.7708811151526793,0.0778855841199999,0.048240038043364,-0.796191995281649,0.2585910106333333,-0.1407004900186287,-0.7994313586027655,0.0506616363161333,0.096470539963224,-0.8182398407965054,0.2246921637999999,-0.1386967384263375,-0.8249534366884003,-0.0317688645119999,nijmegen_nijmegen_rennen_g_ch1_g11_compr.mp4,ch1g11,5.080440749928844e-06,0.0001388387263633,1.1228065622058578e-05,1.5739493649402435e-05,2.4493473171022357e-05,0.0001587411931847,9.316474941571106e-06,1.9308985062990406e-06,1.9733738575454765e-05,8.310994587551137e-06,4.84507636675877e-05,3.310162819656303e-05,1.2423906900274002e-05,1.0494822316900625e-05,5.377589554296419e-05,2.2074597564317333e-05,1.6546305841766694e-05,6.2462690536907e-05,2.944350898623481e-05,1.3041123313090195e-05,0.0002142004743816,1.2624853095400636e-05,1.2792587983602002e-05,9.853694920395162e-06,2.421220084402941e-05,1.8056862233581736e-06,1.1872634410210425e-05,5.192188667836651e-05,1.1817378463399551e-05,6.008920963172537e-05,1.5804267385419943e-06,7.79649807252931e-06,0.0001883117358781,0.0001584665669983,3.812021630492289e-05,5.2170483940290954e-05,-3.108182911886076e-07,5.875935390242278e-06,1.1331139426806225e-06,9.720533148791015e-06,2.6786505013746632e-05,3.848894688860035e-05,-2.8377612210370008e-05,2.7854733946411643e-05,4.067221802364664e-05,8.069828058513476e-05,0.0002400642729043,2.6546671468961755e-05,0.0004483226029272,-0.0002498912306918,0.0008391510729753,0.0021867422004523,0.0010392178487123,0.0029602743784327,0.0010040421459744,0.0034616622767504,0.0008183770922691,0.0025449120987224,2.7527726981893374e-05,-2.8221572629083077e-05,3.3437503417740415e-05,-0.0001364982133525,0.0003837567994111,0.0004881764431369,0.0003874290690232,0.0005502336861182,0.0002386698535728,0.0003569207618243,2.787019727406119e-07,-8.638169124293254e-06,1.47039775432717e-07,1.2965367228736448e-06,-1.3696867483769774e-07,-9.551718132272788e-06,1.613171918633442e-07,2.485863678187501e-07,1.5507421505090116e-07,1.1674123452950297e-07,-5.485997302298461e-07,3.6928714134088235e-08,6.706617915374213e-08,1.4643841469933173e-07,6.600375652996445e-07,-1.6663575305560448e-10,5.544739074572837e-07,-1.0328141880310045e-06,1.4224886525286586e-07,1.2157680875136262e-08,-1.2502489040893623e-05,-3.1571748550852365e-08,4.8420986347182615e-08,1.554331943338933e-07,1.4939728806178617e-07,2.1926756519178018e-07,3.3300476890803514e-08,1.492262632102598e-07,1.5747409200742174e-07,-2.6562992343766233e-06,2.441589032484166e-07,4.515594884313842e-07,-1.1181503538898176e-05,8.658514054627985e-08,-6.478616848600944e-07,1.8780638299369596e-08,1.53516939653933e-08,-2.639717876554714e-07,-8.435826631337515e-07,3.11782829476343e-08,1.54212918308735e-07,-6.005897939817942e-07,5.548591969200593e-09,1.4815269898608286e-07,-1.8994899689048514e-07,-2.8028254673687494e-09,2.1233024201323413e-08,-1.282411310744979e-06,-2.1091564782736905e-07,-1.669771200430956e-07,-1.7240311220033816e-07,-1.8721740937483193e-07,-1.5047274655509474e-08,-1.1446737863681485e-06,-3.3773508790328833e-08,8.067158861526741e-09,-4.643985436971222e-08,-2.7623852010077434e-07,2.2620236676679268e-08,-9.654028859688052e-08,-1.362589754754975e-07,4.2542912807242963e-08,1.278228055111905e-07,-4.785769053443948e-10,-8.968519087214255e-08,-9.41001666178236e-07,1.4432968217042726e-06,movement,no movement,no movement,no movement
1133.3333333333328,0.0201036460416765,0.3292937593460299,-0.2947278568,0.0329193567657012,0.3456967788848677,-0.2870882302666666,0.0349523746693165,0.3461635511575243,-0.2763349366666667,0.0337692138070261,0.3461181996159012,-0.2806047275000001,0.0135787587997922,0.3553207939833226,-0.3054404814333332,0.01505089917892,0.3539647700662413,-0.3181030398666666,0.0189748556286572,0.3446006596223167,-0.2978253612666666,0.0659076559178314,0.3465510563346687,-0.1750345448,-0.046721961684327,0.3125079820674578,-0.2004578064,0.0430632229714786,0.3268087659089295,-0.2403826465666666,0.0135677372431311,0.2990060017192761,-0.2758713409666667,0.1301418259175975,0.2329324087033691,-0.0289768682666666,-0.1141127027490041,0.275127316880333,-0.03208321379,0.1746620574552798,0.0797469876334221,-0.0142857727356666,-0.1756599957916876,0.0434291222945492,-0.11333254579,0.2029682189985476,-0.0482583021078019,-0.0691286072466666,-0.1238872313843363,-0.004478353791064,-0.2733993071,0.1980681342828119,-0.0757007939400065,-0.07853985702,-0.0843249268191593,-0.0106451750133639,-0.3396900220333333,0.1825409350204345,-0.0728268676341341,-0.1008500007266666,-0.0477046548098317,0.0397334602100123,-0.3486125891999999,0.2010551519861427,-0.0687741071286938,-0.0790605419866666,-0.1038882265594707,0.0120029143576033,-0.303860545,0.0749019084133134,-0.165776823197661,0.0475115915133333,-0.0724286912048322,-0.1643752093630163,-0.04496162486,0.0757430310927625,-0.492785453717884,0.0655290979933333,-0.0767824838848784,-0.4370304021733222,-0.0631742654833333,0.0650867229253842,-0.7668099636414678,0.2377761961,-0.1366640501200331,-0.7703570384441195,0.0797756204,0.0481854321098413,-0.7957810450772206,0.2596472327333333,-0.1407418893806771,-0.79884345795136,0.0526879222055999,0.0966745823392398,-0.8179776386598739,0.2256969217666666,-0.1387857960914066,-0.824562254479403,-0.0293435848886666,nijmegen_nijmegen_rennen_g_ch1_g11_compr.mp4,ch1g11,5.463840529403463e-06,0.0001304070549105,1.1481323223688184e-05,1.7076721300530247e-05,2.471340045719388e-05,0.0001493078601914,9.606347298805128e-06,2.4508884551425864e-06,1.943426884217502e-05,8.305815901982955e-06,4.790888724027754e-05,3.3712799046123794e-05,1.2584406025104151e-05,1.0751174821914263e-05,5.332982245552356e-05,2.241357186264761e-05,1.755548293997161e-05,6.137015546684379e-05,3.012338180800574e-05,1.3134481820662329e-05,0.0002019214799169,1.260420632270104e-05,1.2957478957572731e-05,1.0015372853035808e-05,2.4666660571572025e-05,2.097098716859698e-06,1.1859242297750583e-05,5.19836685792193e-05,1.2113213562609724e-05,5.739301770818354e-05,1.8748271800574472e-06,8.244244390004554e-06,0.0001772831923952,0.000151142271198,3.893407601708351e-05,4.9494192943309175e-05,-2.1950802306038007e-06,3.281229950979322e-06,-1.8236531793142815e-06,5.376803492052478e-06,2.11376477711108e-05,3.276153527461008e-05,-3.309459660148326e-05,1.2896979411822126e-05,3.853132648311697e-05,7.489015144981808e-05,0.0002372798916309,3.467148626399623e-06,0.0004403604997504,-0.0002693917056346,0.0008220790829866,0.0020365817920432,0.0010146876406566,0.0027603984356992,0.0009938548398427,0.0032440383041364,0.000806903477857,0.0023775856963151,3.156335605961768e-05,-3.27005889098876e-05,4.050822945213683e-05,-0.0001361802100869,0.0003952668215276,0.0005001772995848,0.0003955544647992,0.0005610683968246,0.0002416587633226,0.000361379252675,3.3444161785786106e-07,-9.37365465924849e-06,1.5717359467037894e-07,1.3652992316763545e-06,-4.370505382197944e-07,-1.0501281924624511e-05,1.9217628580612214e-07,3.2263429448089473e-07,-4.858618643276872e-07,1.9067708510555825e-07,-7.386110994684806e-07,-2.306927853129604e-07,4.8719582226439106e-08,1.6188883710777196e-07,-7.200496268054051e-07,-3.148554570464207e-07,2.1310757820460738e-07,-1.567666587035536e-06,-1.1038791433276053e-07,-1.8609557119692472e-08,-1.3785410967650657e-05,-7.42854115532218e-08,4.7809460908214265e-08,9.032011144769755e-08,-1.8589348214543165e-07,2.2868399345377354e-07,-1.0000221198826106e-07,-3.278257395936624e-07,1.967509378485242e-07,-2.8971636438172825e-06,2.284522761889159e-07,3.5245986632244433e-07,-1.2193334381176104e-05,8.340243042403612e-08,-5.796917856910611e-07,2.7828854363848932e-08,4.3173349795759437e-08,-3.228468095498637e-07,-7.794913438287153e-07,4.2006476117651624e-08,6.647588871447336e-08,-5.307012651254108e-07,8.500064813027498e-09,-1.6995668438686174e-07,-3.442669498967715e-07,1.2361651759302462e-08,3.1177929459947715e-08,-1.17287670546511e-06,-3.07912971008969e-07,-3.357967195466887e-07,-4.942291077920495e-07,-3.294370912471953e-07,4.091103772088077e-09,-1.0938087077623866e-06,-1.3789013784960991e-08,2.2570137491190403e-08,-3.852112544812509e-08,-3.532870502963252e-07,-2.2073653142636388e-09,-7.990250093628659e-08,-4.4129566080680353e-07,4.59905889051538e-08,-1.4639039958398408e-07,-2.126718710324891e-08,-6.804500603817595e-08,-8.233245352979321e-07,1.3814080248065311e-06,movement,no movement,no movement,no movement
1149.9999999999995,0.0198942481305191,0.3293411999169777,-0.296097204,0.0327544451376359,0.3456894832310226,-0.288475888,0.0347691058496794,0.3461614046573163,-0.2777162708333334,0.0335738614925288,0.3461108860110354,-0.2819641947,0.0133573173085596,0.3553193487052183,-0.3067974496999999,0.0148368807716862,0.3539797248682927,-0.3194826807333333,0.0187545564271545,0.3446278729278719,-0.2991724600333333,0.0658174713097745,0.3465130627231241,-0.1763062193333333,-0.046871015311637,0.3125135544509297,-0.2016067812999999,0.0428938883776072,0.3268431874882844,-0.2417338153,0.0133762240140163,0.2990773288021497,-0.2772075807333333,0.1299302573690136,0.2331647102666419,-0.02981415778,-0.1143223741784833,0.2751187077917265,-0.0330061648,0.1739098289899517,0.080174063847345,-0.0143438884456666,-0.1757730473986374,0.0431643555370116,-0.1147868454866666,0.2026127492958487,-0.0474693987681462,-0.06865550109,-0.1231530412645499,-0.0025227822413068,-0.2761439400666666,0.1977679356624727,-0.0747340094481823,-0.0779976472266666,-0.0832986375215914,-0.0079843493397927,-0.3428193324333333,0.1825575552629554,-0.0718670023383949,-0.1003239730933333,-0.0468243550246115,0.0428802500619907,-0.3515119886,0.2008431678023864,-0.0680028534563171,-0.0785898133099999,-0.1031700034031353,0.0142957945623869,-0.30089128,0.0749034549241279,-0.1657417783291229,0.0474162651833333,-0.0724444377849826,-0.1644119580812153,-0.0448408067766666,0.0757550595470315,-0.4927347761084104,0.0665349995133333,-0.0767625403698898,-0.4371583476593207,-0.0622095213433333,0.0650861192187485,-0.7664020274410371,0.2388507829,-0.1367227508415626,-0.7698465683883375,0.0819683555766666,0.0481971821686341,-0.7953772751429998,0.2607887074,-0.1408046357927909,-0.7982734995384924,0.0550548086676666,0.096879910533062,-0.8177341709817512,0.2267320483333333,-0.1388967711518952,-0.8241935184752796,-0.0268072281586666,nijmegen_nijmegen_rennen_g_ch1_g11_compr.mp4,ch1g11,5.8224321365891665e-06,0.0001209132138982,1.165294952537274e-05,1.840751731281028e-05,2.4527311449463432e-05,0.0001384827959584,9.827564145165364e-06,2.8844821238542058e-06,1.8499793649522143e-05,8.334260889985529e-06,4.690801707251165e-05,3.3812505550934626e-05,1.2623669439533197e-05,1.092898508474767e-05,5.151975326778526e-05,2.230341781884141e-05,1.784278107346082e-05,5.921931946026968e-05,3.0314017022952517e-05,1.3097964378843851e-05,0.0001875668116488,1.250705139327829e-05,1.30094945354381e-05,1.0064292717430492e-05,2.467075346218805e-05,2.3583933775161037e-06,1.1666302377324327e-05,5.13160457259385e-05,1.2341862686242976e-05,5.393093098814731e-05,2.1201125887149557e-06,8.536858900333886e-06,0.0001647123634224,0.0001422900682216,3.908434091116184e-05,4.239060855468322e-05,-7.58554400338232e-06,-2.698334247793571e-06,-8.088615640970834e-06,-2.7035563727392624e-06,1.1842161873846686e-05,2.299099480797812e-05,-3.902921060191205e-05,-4.41160286510156e-06,3.281327343724628e-05,6.504308503841974e-05,0.000229401766887,-2.231873929335653e-05,0.0004176039901564,-0.0002896143787766,0.0007665012442363,0.0018687067238997,0.0009407159157132,0.0025362906995012,0.0009265212029026,0.002991683771584,0.0007534832030067,0.002186809114877,3.500016261045585e-05,-3.65265828928805e-05,4.8092936847813966e-05,-0.0001371454199384,0.0004022334708084,0.0005024546588405,0.0003996720462524,0.0005609618185184,0.0002385484792533,0.0003573697725444,4.1283132220313243e-07,-9.867924071427717e-06,1.8968219724362819e-07,1.4963650399387657e-06,-7.582550212219472e-07,-1.1202895376560596e-05,2.4283073724271426e-07,3.276746596674649e-07,-1.000309010146461e-06,2.349608106345811e-07,-1.2209161563687145e-06,-6.443856175212903e-07,6.15226220480367e-08,1.99218502573441e-07,-1.851178305875794e-06,-7.145011974782183e-07,-3.0574406934351546e-07,-2.388697518582859e-06,-5.008825534594974e-07,-1.142702811601654e-08,-1.480151950377448e-05,-6.641548408205757e-08,8.105921332308636e-08,4.208618707083894e-08,-5.544808233888542e-07,2.0631185288265586e-07,-2.0299380087981406e-07,-1.0511092331011185e-06,2.359553589825259e-07,-3.4151012988083087e-06,1.9223768576249795e-07,2.8837101037903437e-07,-1.287906166832822e-05,8.22080143445724e-08,-4.42121719709385e-07,3.2655921948513175e-08,6.933486930407266e-08,-3.598758119581481e-07,-6.207956879423013e-07,4.738652672114264e-08,-1.3977957129487777e-08,-4.044572343053041e-07,4.8721535498849324e-09,-3.388810438216685e-07,-4.990683806061153e-07,2.5342881753880892e-08,3.6592808033715273e-08,-9.39901741934574e-07,-3.752381069007193e-07,-4.365539657355019e-07,-6.087879194088422e-07,-4.700908200665598e-07,2.30925411100016e-08,-9.085407747405276e-07,9.44286458878216e-09,3.390722539060405e-08,-2.4668783644671662e-08,-4.0467607196837257e-07,-2.6803530919627815e-08,-5.163714979407626e-08,-5.780031970980619e-07,5.026763377244214e-08,-2.2995503148456577e-07,-3.8905196061335204e-08,-4.18812315252506e-08,-6.182301468806259e-07,1.1907064791490068e-06,movement,no movement,no movement,no movement
1166.6666666666663,0.0196987637130794,0.3293905730119663,-0.2972019810333334,0.0325938190230301,0.3456911062794661,-0.2896183699666667,0.0345903320125819,0.3461681388584667,-0.2788507608,0.0333835790571993,0.3461124103012479,-0.2830862432,0.0131489889744513,0.3553278737001968,-0.3079107432666666,0.0146348658695643,0.3540013101698288,-0.3206119811333333,0.0185461891779949,0.3446596294710724,-0.3002791633,0.0657255862788513,0.3464849226754109,-0.1774418830333333,-0.0470080704242189,0.3125197931762912,-0.2026443332666666,0.0427324552624369,0.3268823679384687,-0.2428493778333333,0.0132004292012812,0.2991469397950585,-0.2783098405,0.1297195513807841,0.23339816823467,-0.0306149084933333,-0.1145159257846658,0.2751052591631651,-0.0339182270333333,0.173169128973923,0.0806081738511461,-0.0143709745356666,-0.1758843043177684,0.0428963620144553,-0.1161874754233333,0.2021681989231572,-0.0467154087829624,-0.0681067555733333,-0.1224190466451877,-0.0007246975095565,-0.2785236724,0.1973644855049733,-0.0738168573055116,-0.0773299035933333,-0.0822719572701239,-0.0055480969836664,-0.3454747163666667,0.1824543860243209,-0.0709591969552915,-0.09967008482,-0.0459422696347892,0.0457432533043103,-0.3539261684333333,0.2005400424200105,-0.0672594976751456,-0.0780346638433333,-0.1024515940256725,0.0164044405140217,-0.301774651,0.0749031147992339,-0.165705902985139,0.0473279389233333,-0.072457869335219,-0.1644495571348476,-0.0447290396233333,0.0757518772259785,-0.4926955643682161,0.0673670236033333,-0.0767606541456739,-0.4372953467011989,-0.0613495620366666,0.0650766062078741,-0.7660114148041194,0.2397790666333333,-0.1367633860148499,-0.7693615354812688,0.0840227288766666,0.0482012296184184,-0.7949917637443021,0.2617765446,-0.1408422004577908,-0.7977353026122603,0.0572703860506666,0.0970338592324999,-0.8175181596660043,0.2276064861999999,-0.1389989041747622,-0.8238512764102683,-0.0244103372646666,nijmegen_nijmegen_rennen_g_ch1_g11_compr.mp4,ch1g11,6.0457590256465645e-06,0.0001103274630998,1.179603296607893e-05,1.989774581854052e-05,2.32147426437174e-05,0.0001263869801187,1.0008954589725173e-05,3.021275068793294e-06,1.7220929684494005e-05,8.422582051356321e-06,4.487524424207539e-05,3.322248571268558e-05,1.2662172610790903e-05,1.1077432009468394e-05,4.891143654093169e-05,2.1595831448511483e-05,1.701601350629259e-05,5.563248748672314e-05,2.9856207691051437e-05,1.3057879123662345e-05,0.0001715107110531,1.2398834182469335e-05,1.3058629321863462e-05,1.0010319238810152e-05,2.3532953957583477e-05,2.536781625025249e-06,1.1394902424372372e-05,4.932051239774606e-05,1.2587638336855828e-05,4.947836882721468e-05,2.27029830754718e-06,8.813556178097679e-06,0.0001506913298665,0.0001318821859478,3.801569491224569e-05,3.198027733045001e-05,-1.5814341728817476e-05,-1.1224853589607378e-05,-1.678741421280546e-05,-1.3360989547216624e-05,2.0110826709203957e-07,1.05628544940739e-05,-4.520474319303408e-05,-2.214709933469255e-05,2.467759966798225e-05,5.24702800769264e-05,0.0002171602452123,-4.851327289793293e-05,0.0003760893856524,-0.000312248100673,0.0006715784206668,0.0016900776088458,0.0008185923513176,0.0023002641471891,0.0008017800262194,0.0027192002622707,0.0006578280150507,0.0019816245072215,3.752906874507555e-05,-3.931378471362856e-05,5.249732223113674e-05,-0.0001398788030196,0.0003892591026589,0.0004940194215309,0.0003838190195386,0.0005493257504937,0.0002220929906299,0.0003464876280187,4.942083661446969e-07,-1.020421619434826e-05,2.442178850946547e-07,1.6439923267071346e-06,-1.1615445474825978e-06,-1.1697164753371166e-05,3.073413455255673e-07,2.763616431997222e-07,-1.3800343646103995e-06,2.4117300719621813e-07,-1.7872500281837558e-06,-1.2210944986833828e-06,1.252776176681278e-07,2.563396757677225e-07,-2.7315499102598685e-06,-1.1349845344359566e-06,-8.529613279509917e-07,-3.2259960239384784e-06,-1.0436849295848582e-06,5.35508712706355e-08,-1.55494343198314e-05,-2.5045155672465684e-08,1.4921924896429138e-07,2.9011999584419344e-08,-1.0115650066729972e-06,1.593714118287886e-07,-2.204292760913249e-07,-1.825025635728574e-06,3.156078078225719e-07,-3.895090109328224e-06,1.4055441433122466e-07,2.958764671251636e-07,-1.3325485722777676e-05,8.255194777703355e-08,-2.5507408210200924e-07,3.3192062767764074e-08,7.421190676257608e-08,-3.417525728066627e-07,-3.973118829612869e-07,4.79125467586703e-08,-7.057481490299494e-08,-2.48825144038166e-07,-8.074108340803344e-09,-3.326931446906322e-07,-6.138947914724563e-07,3.406344752520831e-08,3.7514516779802897e-08,-6.417757963681041e-07,-3.905174564169303e-07,-4.411167660057215e-07,-5.029662727261302e-07,-5.741359737320768e-07,3.8747316228623706e-08,-6.38004102669992e-07,3.2024929225996984e-08,4.0087056548322144e-08,-5.499980810068279e-09,-3.969781121010739e-07,-4.5195567878771776e-08,-1.533544463206199e-08,-5.268642379987066e-07,4.83258338413064e-08,-1.1613348555690418e-07,-4.9271502429282015e-08,-1.8993741409605977e-08,-3.674084335009607e-07,8.717983095598386e-07,movement,no movement,no movement,no movement
1183.333333333333,0.0195039352673626,0.3294366539173701,-0.2984786092,0.0324359603095842,0.3456860626225971,-0.2909085224333333,0.0344140766015102,0.3461677191083682,-0.2801344635666666,0.0331955190604189,0.3461062275554542,-0.2843560605666667,0.0129406810106091,0.3553260992003721,-0.3091682681666666,0.0144326505539618,0.354013700350974,-0.3218899603333333,0.0183377547257371,0.3446835275268853,-0.3015295008333333,0.0656589626948124,0.3464338672936103,-0.1786592552333333,-0.0471447108212731,0.3124979642655953,-0.2037509511333333,0.0425758495385231,0.326914524458028,-0.2441181357333333,0.0130260078515208,0.2992105302365502,-0.2795631230333333,0.1295684267635444,0.2336165536971846,-0.03146671484,-0.1147215009016824,0.2750457428301044,-0.0348701918433333,0.1725078750388915,0.0810244652298992,-0.0145081870356666,-0.1759966237992419,0.0425784925197774,-0.1176263874299999,0.2017003118092625,-0.0459637947120315,-0.0680049135866666,-0.121692580462984,0.0009615381126971,-0.2811062388333333,0.1969159680395512,-0.0729036777237283,-0.07721494014,-0.081265998934091,-0.0032464228776137,-0.3484106663333333,0.1822511994148889,-0.0700490991688452,-0.0995573254866666,-0.0450542417252559,0.0484693151137197,-0.3566227848666666,0.2001845019350559,-0.0665176099947301,-0.0779244461633332,-0.1017308527553831,0.0183764372201298,-0.314440429,0.0749108693640197,-0.1656654937201451,0.0472335970633333,-0.0724801492832617,-0.1644914930189367,-0.0446083662933333,0.0757523327842209,-0.4926398611909789,0.06827947423,-0.0767796258448724,-0.4374415375494335,-0.0604474187033333,0.0651004839017062,-0.7656099757408976,0.2409972827666666,-0.1367973137478161,-0.7688782705288064,0.0862063846366666,0.0482410311739199,-0.7945968679386044,0.2630737628,-0.140868517869327,-0.797197167768943,0.0596257187399999,0.0972233396024148,-0.8172882358673207,0.2286772583333333,-0.1391135759303753,-0.8235117207845518,-0.0219634046859999,nijmegen_nijmegen_rennen_g_ch1_g11_compr.mp4,ch1g11,6.466532237145412e-06,9.977066975279332e-05,1.1864191050650511e-05,2.1589564088037012e-05,2.158201384089875e-05,0.000114226851527,1.0152502492797416e-05,3.307044251690814e-06,1.560125447407675e-05,8.756211551551885e-06,4.2594728384750944e-05,3.173584235158601e-05,1.2616523198906302e-05,1.1165697426868809e-05,4.588497598930024e-05,2.0107618172273335e-05,1.5714658541175807e-05,5.178281455036617e-05,2.8537144011110072e-05,1.292864851675845e-05,0.000155362969105,1.2204773010221204e-05,1.3038638189901878e-05,9.869157966484404e-06,2.2021147333419937e-05,2.6882380834266413e-06,1.1003769274804086e-05,4.688645548624654e-05,1.2862832437486856e-05,4.523810875336971e-05,2.3926741080095385e-06,8.978307371864693e-06,0.0001369841428792,0.0001213427647205,3.6045797510819805e-05,1.666712246456418e-05,-2.88902704831594e-05,-2.4600230928808955e-05,-3.0054614032713056e-05,-2.8700731014242547e-05,-1.595327944114689e-05,-6.185196281965802e-06,-5.5515670101396416e-05,-4.2732272212456566e-05,1.1235351192049412e-05,3.52402414962693e-05,0.0001950547575881,-7.560387655200967e-05,0.000319648191572,-0.000340068334869,0.0005528088137287,0.0015031296252721,0.0006729679797383,0.0020586921821815,0.0006509167803457,0.0024392690435826,0.0005380503655344,0.0017685525419826,3.9220120844201725e-05,-4.1085963646078424e-05,5.553407894557893e-05,-0.000145233487955,0.0003673619196434,0.0004704523954742,0.0003597578003439,0.0005219840888472,0.0002014463516789,0.0003262044139919,6.162414580985737e-07,-1.0384785728325869e-05,3.058945293264737e-07,1.714543331499548e-06,-1.493542154424158e-06,-1.1997113604740965e-05,3.73321797881899e-07,1.7866500184867314e-07,-1.503104892486792e-06,1.8903423509317124e-07,-2.2631674600907624e-06,-1.9022947787063136e-06,2.0570729133761362e-07,3.1982471170714186e-07,-3.1381562625571455e-06,-1.5343703336240828e-06,-1.3539362835188925e-06,-3.8594431757378905e-06,-1.6812819772443735e-06,1.433686160041482e-07,-1.607475178991854e-05,5.12754221542679e-08,2.3210877390338298e-07,5.071663350209725e-08,-1.4027035702604817e-06,9.336519065692695e-08,-1.852748042054118e-07,-2.452891851731045e-06,3.606043309769583e-07,-4.1576282008561415e-06,7.86052977391593e-08,3.154411120038436e-07,-1.3562624637835374e-05,7.007268543391514e-08,-7.183222685137026e-08,2.804646493591715e-08,4.3481763862251515e-08,-2.92814614856739e-07,-1.6970125129455079e-07,4.16566385940469e-08,-1.0967746623861889e-07,-8.567567442428755e-08,-3.304157867526311e-08,-1.862656088305285e-07,-6.47119497255295e-07,3.694662651027991e-08,3.242505333079375e-08,-3.369819846746448e-07,-3.343576654187086e-07,-3.673703983012962e-07,-2.3534471405647557e-07,-6.026499355460563e-07,4.8269794965442775e-08,-3.54901371137507e-07,4.8662323811920854e-08,3.9077693159863055e-08,1.3850146437835976e-08,-3.5195907644179525e-07,-5.616271277279705e-08,2.2848927545683862e-08,-3.321994199576276e-07,3.6517228044672526e-08,1.3621820392222745e-07,-5.3089975921739476e-08,-1.1653820217058363e-09,-1.4931318947524033e-07,4.805869798677926e-07,movement,no movement,no movement,no movement
1199.9999999999998,0.0193101509110071,0.3294450457157749,-0.2994178681333333,0.0322742462277992,0.345652385099243,-0.2918737431666666,0.0342349517335832,0.3461383856215629,-0.2810958149666667,0.0330053740746742,0.3460714936835725,-0.2853147615333334,0.0127324211941661,0.3552921566371013,-0.3101060738333333,0.0142302601082011,0.3539916706097815,-0.3228440657999999,0.0181292513636534,0.3446709463744966,-0.3024645705666667,0.0655654487523661,0.3463736563112813,-0.1796662712333333,-0.0472818764265302,0.3124454092555228,-0.2046616525,0.0424184981319698,0.3269205467769303,-0.2450855727333333,0.0128550650201788,0.2992377023928426,-0.2805139294,0.1294014168738063,0.2338033151226488,-0.0322487528633333,-0.1149217479900445,0.2749509966798848,-0.0357192638866666,0.1718399972048276,0.0813136576375576,-0.0146574184393333,-0.1761164951646686,0.0422013227394775,-0.1187658876866666,0.2011534506157479,-0.0454442336793957,-0.0679727680566666,-0.1209908699535129,0.0023530224485116,-0.2827720485666666,0.196384823406557,-0.0722775428811983,-0.0771531820299999,-0.0802902193542423,-0.0013362268686134,-0.3502624733666666,0.1818968128767807,-0.069451478702521,-0.09944596166,-0.0441928913136879,0.0507411433832186,-0.3583000853999999,0.1997232350195216,-0.066008556605887,-0.0778676349899999,-0.1010354513392747,0.0200193742623422,-0.310984373,0.0749152957239496,-0.1656250098726645,0.0471412252633333,-0.0724987825062985,-0.1645336194937077,-0.04449194886,0.0757498881203202,-0.4925776082109996,0.0690493305233333,-0.0767953892989823,-0.4375915300648382,-0.0597051789499999,0.0650969310053047,-0.7652368100876649,0.2418295960666666,-0.1367724313132601,-0.7684032393505322,0.0880881795299999,0.0482511110586973,-0.7942316232975449,0.263941971,-0.1408272345537235,-0.7966696474194171,0.0616584277066666,0.0974095534941297,-0.8170626298138446,0.2294241065333332,-0.1391442336225544,-0.8231742507636574,-0.019755900256,nijmegen_nijmegen_rennen_g_ch1_g11_compr.mp4,ch1g11,7.11579250513633e-06,8.931635442742244e-05,1.216164540490244e-05,2.3426670053414103e-05,1.967655908443862e-05,0.0001021006638396,1.0522686604425266e-05,3.3690986196229832e-06,1.4041569775116048e-05,9.001831281086605e-06,3.9776174687385976e-05,2.931448579631015e-05,1.280815786872423e-05,1.1478266778700895e-05,4.277841355321594e-05,1.8103682251316845e-05,1.361264924020053e-05,4.729930686211749e-05,2.6397412444760716e-05,1.3053857959472876e-05,0.000139084520575,1.2263637956782153e-05,1.3259216210251493e-05,9.888657756117016e-06,2.0207869835455916e-05,2.703973036428818e-06,1.079541634577329e-05,4.377986545982596e-05,1.3172896235172856e-05,4.072941644154163e-05,2.3978787755112667e-06,9.280677279180658e-06,0.0001233843734597,0.0001107830732729,3.324426848444009e-05,-1.564359334787608e-06,-4.450926002456567e-05,-4.0445632318733015e-05,-4.5663058457647414e-05,-4.6267141330997736e-05,-3.4268070976573805e-05,-2.5070315826633657e-05,-6.929790073666745e-05,-6.467103485589563e-05,-5.259805693362759e-06,1.5108078890178236e-05,0.0001667646473703,-0.0001036670414298,0.0002541035881691,-0.0003717328173374,0.0004173431975747,0.0013189850596204,0.0005093537969931,0.0018226520859584,0.0004765030891803,0.002161379277696,0.0004009894920534,0.0015578042011668,3.9633695678058005e-05,-4.150699676729727e-05,5.517450194703558e-05,-0.0001493702319676,0.000336735200623,0.0004358205412126,0.0003275703314263,0.0004825299416209,0.0001751212847697,0.0002991273073155,6.90192656964534e-07,-1.030427771758817e-05,3.4264006046953965e-07,1.687911829433503e-06,-1.7846930762938886e-06,-1.1983708365679716e-05,4.161458215552805e-07,4.3989641237743236e-08,-1.460117389908631e-06,1.1400007668906309e-07,-2.348883647455664e-06,-2.6392560156954946e-06,2.653867289405706e-07,3.5957597744586026e-07,-3.1848204051048248e-06,-1.9001562470576455e-06,-1.7413395722568557e-06,-3.920038937377717e-06,-2.3651496236006613e-06,2.191605024156885e-07,-1.620135070024046e-05,1.3117262396647617e-07,2.875224694289388e-07,8.821898269602692e-08,-1.7515016972337214e-06,2.7046437080431707e-08,-1.1160281890464424e-07,-2.6573767761859023e-06,3.841528175990987e-07,-3.8084863054253327e-06,2.08551747475936e-08,3.455063214991608e-07,-1.3499746014372e-05,4.0187178962456564e-08,8.475272110764547e-08,5.343341023206087e-09,-2.8492956535514235e-08,-2.1139577936899266e-07,3.3933273307219374e-08,1.8684335065062124e-08,-1.1552931596150067e-07,5.3974217513123014e-08,-5.8624909373815675e-08,5.478751786192082e-08,-5.810175778170813e-07,2.0343084198884133e-08,1.0403107923216804e-08,-7.90496119641777e-08,-2.17887460348095e-07,-2.201404962979299e-07,1.3478663352645117e-07,-5.415941598441973e-07,3.624376767509323e-08,-8.757829231150933e-08,4.285419536766361e-08,1.7776237010539766e-08,2.0101125432788476e-08,-2.684204826844607e-07,-5.560889154937308e-08,4.5120103001034564e-08,-4.5580645504346266e-08,1.3843269304880022e-08,4.70338921533797e-07,-4.7975833436206875e-08,-5.028696558213291e-10,1.8906458677322218e-08,1.2775487741595226e-07,movement,no movement,no movement,no movement
1216.6666666666663,0.0191069789054207,0.3294210633177813,-0.3003519285666666,0.0321046758293195,0.3455877559564581,-0.2928342799666666,0.0340477927703373,0.3460773499417246,-0.2820516320666666,0.0328076176296811,0.3460053172180345,-0.2862684805333334,0.01251471619409,0.355221899517914,-0.3110339035666666,0.014018203747533,0.3539331501441171,-0.3237886652999999,0.017911173827425,0.3446202679365144,-0.3033903479,0.0654649340830604,0.3462922007377896,-0.1806682347333333,-0.0474205440958745,0.3123572195084975,-0.2055472170999999,0.0422566676916684,0.3268984808299099,-0.2460469474666667,0.0126800694393588,0.2992317023608229,-0.2814538569,0.1292459588801623,0.2339652377483458,-0.0330336281,-0.1151281609502408,0.2748250882204848,-0.03652914181,0.1712225327964461,0.0815440670251606,-0.0149163586029999,-0.1762348702434752,0.0417975951972824,-0.1199206487133333,0.2006032630704751,-0.0450570608999212,-0.0681629386633333,-0.1203030537274055,0.0035899084788733,-0.2847363275666666,0.195840851747424,-0.0718100164502588,-0.0773650094866666,-0.0793434670692576,0.0003750533273388,-0.3524909797666666,0.1814903059090036,-0.069020267705717,-0.09960844864,-0.0433445768753783,0.0527703864743907,-0.3603691464,0.1992462486713035,-0.0656394265906669,-0.0780358437233333,-0.1003506596392247,0.0214688798873601,-0.308448,0.0749205917638851,-0.1655836254163705,0.0470463433633333,-0.0725182889829747,-0.1645766136810524,-0.0443727354733333,0.0757524248315318,-0.4925056596914052,0.0696990591499999,-0.076786508586577,-0.4377423447922263,-0.0588728231833333,0.0651028071642345,-0.7648764461634402,0.2423628112666666,-0.1367028079203385,-0.7679397259890296,0.08999571107,0.0482705084815417,-0.7938790075309726,0.2644847214666667,-0.1407356633314979,-0.7961560860045467,0.0637084545233333,0.0976060051015196,-0.8168394122403357,0.2297399157999999,-0.1391304792190676,-0.8228503610765828,-0.017559174275,nijmegen_nijmegen_rennen_g_ch1_g11_compr.mp4,ch1g11,7.878422166100538e-06,7.877230264229103e-05,1.2484144760060712e-05,2.5253189129391524e-05,1.7769796003906366e-05,8.977418841077746e-05,1.0922819624745129e-05,3.286294995443934e-06,1.248713914483595e-05,9.354177895833576e-06,3.718311748009647e-05,2.601551630000092e-05,1.3058278875955465e-05,1.1820948543943712e-05,3.939546755189096e-05,1.590054179168827e-05,1.1422907865159718e-05,4.31607339318103e-05,2.3419075246434003e-05,1.3264826005612394e-05,0.0001222825301336,1.2410184574746867e-05,1.3530700324448377e-05,9.975228138076442e-06,1.833595222470575e-05,2.676270798054125e-06,1.0683351077859353e-05,4.078877522860341e-05,1.3551283400660987e-05,3.681051242545719e-05,2.3688502435912603e-06,9.59895740502683e-06,0.0001095309179376,0.000100292204448,2.9743238380930036e-05,-1.842744360046991e-05,-5.862233981648518e-05,-5.489883119587053e-05,-5.982034219434724e-05,-6.213599924519753e-05,-5.096097687449005e-05,-4.219632773217388e-05,-8.498680883039799e-05,-8.538880553720862e-05,-2.134074468373672e-05,-4.193467264376045e-06,0.0001327033572007,-0.0001313728840098,0.0001843448956261,-0.0004042400872419,0.0002793359497252,0.0011335596780225,0.0003447014088183,0.0015844055980026,0.0002991665711862,0.0018766193366401,0.0002609083811339,0.0013446082086261,3.917981053352419e-05,-4.096504864243182e-05,5.2965988173918e-05,-0.0001551843985851,0.0003032092326221,0.0003853436457232,0.0002935602521367,0.0004261871441881,0.0001506306393509,0.000263323453811,7.24475042995018e-07,-1.0142450738640236e-05,3.326645233423252e-07,1.5884815287303995e-06,-1.9912089951878196e-06,-1.1835828115394942e-05,4.1821333740367e-07,-8.748882109406773e-08,-1.277039082230146e-06,5.1255103425011256e-08,-2.048034848910426e-06,-3.3321045272109072e-06,2.737808944786694e-07,3.549782096183725e-07,-2.9676718868030277e-06,-2.1868419532543432e-06,-1.975452888347146e-06,-3.4561155165143296e-06,-3.0081509434041972e-06,2.476693452240614e-07,-1.6151553127925734e-05,1.7758684529722138e-07,2.882000938785048e-07,1.221874689463232e-07,-2.006174019518061e-06,-2.9563819369071453e-08,-3.643341594716395e-08,-2.442577923666206e-06,3.520888306192357e-07,-2.9803890400148772e-06,-2.568506090136878e-08,3.406855472362289e-07,-1.336846169996814e-05,-7.268258682955411e-09,2.207194965810433e-07,-2.8393226245651033e-08,-1.3696865063671476e-07,-1.1377801817372288e-07,2.1896129490582802e-07,-1.4142192523875518e-08,-9.363970788575915e-08,1.4953553086602778e-07,-8.406198847271793e-08,3.117288725275661e-07,-4.267925770114639e-07,-1.1233009069590245e-08,-2.2167999948739343e-08,1.01863045543471e-07,-7.040356023755324e-08,-4.297643118621324e-08,5.067281050757118e-07,-3.985278474991361e-07,5.896671623713029e-09,1.7572841696571994e-07,1.7731778331677414e-08,-1.848205491523008e-08,1.2914217201675456e-08,-1.6288154876451988e-07,-4.7162874817831635e-08,4.8433027471741705e-08,2.502651534792069e-07,-1.8811085810522826e-08,7.896373285182872e-07,-3.776140344094777e-08,-1.529289586760461e-08,1.5606386156883213e-07,3.74814933696076e-07,movement,no movement,no movement,no movement
1233.3333333333333,0.0189060555192569,0.3293782622571836,-0.3007925457333333,0.0319358372249126,0.3455091667743396,-0.2933256288666666,0.0338619137507715,0.3460021643836045,-0.2825394325,0.0326121385616456,0.3459254814341858,-0.2867621441,0.0123038065473879,0.3551371040327392,-0.3114794939999999,0.0138122601733884,0.3538586938116928,-0.3242400135,0.0177002551775956,0.3445539153300376,-0.3038366227666667,0.0653692278432096,0.3461915747169214,-0.1813217837666666,-0.0475392814179942,0.3122454889309718,-0.2060372695999999,0.0420976337663208,0.3268552262712946,-0.2465541472333333,0.0125107878037603,0.2992016528216092,-0.2819087201,0.1291046663959968,0.2340525682214341,-0.0336735372666666,-0.1152805917389829,0.2746631762825492,-0.03699492032,0.1706321096676073,0.0816305834885012,-0.0152345177143333,-0.1763433790270342,0.0413645230662661,-0.1204659599499999,0.2000385577614633,-0.0449689485079868,-0.0682834243633333,-0.1196588759908214,0.004578934023021,-0.2856110048666666,0.1952767666047529,-0.0716878952695955,-0.0774739176033333,-0.0784580741624404,0.0017715089083665,-0.3534429474,0.1810411431734288,-0.0689616762644784,-0.0996354853066666,-0.042554499663243,0.054406478626697,-0.3612067764333334,0.1987439972003847,-0.0655767736067117,-0.0781183154433333,-0.0997063537323525,0.0226390408966072,-0.307787,0.0749242689421073,-0.1655474572846658,0.0469376145566666,-0.0725343326856585,-0.1646147159363169,-0.0442426371266666,0.0757448243831632,-0.4924680463377135,0.0699997322966666,-0.0767703033606086,-0.4379028921211829,-0.0583476934699999,0.0650241979211599,-0.7646071427687099,0.242543237,-0.1366176214619323,-0.7676132403910387,0.09131147342,0.0481889706260944,-0.7936136053625351,0.2646683574,-0.1406292496253768,-0.7957956891332948,0.0651227614799999,0.0975834080528383,-0.8167525986461769,0.2298714473333332,-0.1391178462296543,-0.8226456801965681,-0.015940689185,nijmegen_nijmegen_rennen_g_ch1_g11_compr.mp4,ch1g11,8.662223393108681e-06,6.890946524559624e-05,1.2933013443488948e-05,2.713257491887024e-05,1.572300931843157e-05,7.831381405744772e-05,1.1446278607712867e-05,3.0476140822732036e-06,1.136415562501232e-05,9.55652705158296e-06,3.536638609515492e-05,2.2250009510957708e-05,1.3504363276093316e-05,1.2291977412931773e-05,3.636270094521089e-05,1.34234547334593e-05,9.221020767323832e-06,4.002712155557071e-05,2.0002200249365083e-05,1.3713870295242428e-05,0.0001066326010467,1.2765907298103442e-05,1.3981705066188283e-05,1.0219710419699644e-05,1.6271327066349187e-05,2.6100194575328915e-06,1.0827454563345704e-05,3.850535333968214e-05,1.3992510763813244e-05,3.435489284974797e-05,2.3228064170942188e-06,1.0045182339085657e-05,9.670022956784682e-05,9.104723652042796e-05,2.5784570954658297e-05,-3.161422354381265e-05,-6.929581072276711e-05,-6.601548412947724e-05,-7.059374906248074e-05,-7.454761981861488e-05,-6.422738071444628e-05,-5.5681755629393154e-05,-9.933620562206068e-05,-0.000103396269022,-3.4646419899875416e-05,-2.056683624857653e-05,9.804879606418006e-05,-0.0001575396425655,0.0001155981686795,-0.0004377693431315,0.0001517638716717,0.0009594344669334,0.0001952130021111,0.0013634789916776,0.0001400106663805,0.0016138114234024,0.000132182232814,0.0011462061842721,3.8466604830702504e-05,-4.017911226174451e-05,4.866412419457771e-05,-0.0001580892804681,0.0002659108535719,0.0003243893760081,0.0002562507435606,0.0003585513716859,0.0001261597075793,0.0002211405626754,6.950145168141093e-07,-9.803270559996574e-06,2.795334409094032e-07,1.379339671256507e-06,-2.091452705649672e-06,-1.1454604373205605e-05,3.824476532179053e-07,-1.596808451269919e-07,-1.0270260481157408e-06,-3.859908043495749e-08,-1.349761178252854e-06,-3.701628358075384e-06,2.319469743670909e-07,3.092147065689575e-07,-2.7059484319394458e-06,-2.156680484611938e-06,-1.786092273489428e-06,-2.456221953300134e-06,-3.3530948326900604e-06,2.2498779252653957e-07,-1.5747602645799515e-05,1.755468928784039e-07,2.37007558253857e-07,1.3752766754538026e-07,-2.1392947356999216e-06,-7.08781368233237e-08,1.3064985403066881e-08,-1.7984013205323038e-06,3.185869730982313e-07,-1.692938121916868e-06,-5.6056778965854596e-08,3.040481176951239e-07,-1.3080674821833857e-05,-6.739268011818558e-08,3.210048800342209e-07,-7.42090598315792e-08,-2.7481916872769116e-07,-6.260256675275508e-09,3.6028040288340245e-07,-5.7741808369092675e-08,-4.8654311960071264e-08,1.8273995743527386e-07,-9.964205358609113e-08,5.102860777206212e-07,-2.090686691402123e-07,-5.986547039540632e-08,-6.636518444556436e-08,1.7367270223435845e-07,9.245112072412752e-08,1.276118725979352e-07,7.893399958391581e-07,-1.9641442091035082e-07,-4.557053327163635e-08,3.94592529474564e-07,-2.8179213183316967e-08,-7.070310443898185e-08,-1.2045508486238628e-08,-4.2820630531675995e-08,-3.3721778878326425e-08,2.5135467430002033e-08,4.781730256530557e-07,-5.82900201267219e-08,9.999597389196207e-07,-2.546385196340378e-08,-4.7367822582632024e-08,2.475159390962789e-07,6.613481371180732e-07,movement,no movement,no movement,no movement
1250.0,0.0186967118781777,0.3293394686653045,-0.3011777914333333,0.0317570632828706,0.3454344882082787,-0.2937494705333333,0.033666943019741,0.3459308685355068,-0.2829612218,0.0324080791017815,0.3458496604651656,-0.2871867159333333,0.0120835505829898,0.3550560352899358,-0.3118615259999999,0.0135968575518993,0.3537875510719936,-0.3246278778,0.0174794222811997,0.3444905652389051,-0.3042204131,0.0652604659806369,0.3460917766799801,-0.1818705547999999,-0.0476670457422916,0.3121341204669596,-0.2064381858333333,0.0419319843761587,0.3268139733895755,-0.2469852343333333,0.0123346027109792,0.2991713237435773,-0.2822945569,0.1289492039007891,0.2341289019268403,-0.0342107302133333,-0.1154324712380698,0.2744961959981868,-0.0373982529066666,0.1700437725578453,0.081661547425094,-0.0155478946916666,-0.1764441820173499,0.0409216805260699,-0.1208598855666666,0.1994460235097359,-0.0449884165280533,-0.06846671597,-0.1190911301379182,0.0053980185242979,-0.2859617443999999,0.1946787590591879,-0.0716866639952751,-0.0776524255666666,-0.0776931941822457,0.0029503847791576,-0.3537997675999999,0.1805338739779615,-0.0690309611839998,-0.0997296680966666,-0.0419111632081497,0.055783420923469,-0.3614653394333333,0.1982023307008659,-0.0656173219522926,-0.0782601739999999,-0.0991524480611983,0.0236205795671136,-0.307479203,0.0749255152455746,-0.1655112635452775,0.0468410747766666,-0.0725469817205226,-0.1646527633042643,-0.04412852118,0.0757436087400394,-0.4924316683732686,0.0703000295599999,-0.0767456034437463,-0.4380628484749201,-0.0579164934766666,0.0649628548149024,-0.7644223615893847,0.2425375258666666,-0.1365347786611756,-0.7673403271012733,0.09240811084,0.0481251870758069,-0.7934409065457751,0.2646400362333333,-0.1405275894323958,-0.7954957887760692,0.0663101657266666,0.0975730802230393,-0.8167057835992592,0.2298138503666666,-0.1390927201859386,-0.8224679410369737,-0.0146067129076666,nijmegen_nijmegen_rennen_g_ch1_g11_compr.mp4,ch1g11,9.46022860019654e-06,5.9364253897766726e-05,1.3364251809302142e-05,2.8247091319988063e-05,1.3699487674006228e-05,6.730964671684055e-05,1.1980518633703558e-05,2.8505377275754155e-06,1.0605052220114572e-05,9.381811559406876e-06,3.417526489500416e-05,1.812622999609905e-05,1.3916911400778654e-05,1.2756417396778112e-05,3.4188972454110495e-05,1.106438284924271e-05,7.622514794379555e-06,3.787489186338051e-05,1.6266870807609733e-05,1.4144798074692827e-05,9.15777264364924e-05,1.3111704502111544e-05,1.4386615840060812e-05,1.0489374872202029e-05,1.4141151012356564e-05,2.480350463042982e-06,1.1007231945255444e-05,3.6943100259027265e-05,1.4358752962261838e-05,3.2957882205894196e-05,2.231050447710681e-06,1.0460731356132376e-05,8.419006032994981e-05,8.279910206695918e-05,2.1554193045106997e-05,-4.001912695375314e-05,-7.523513558302336e-05,-7.229185388339707e-05,-7.655676604438266e-05,-8.175810229704717e-05,-7.249545727928925e-05,-6.426227089997556e-05,-0.0001101295090507,-0.0001168405288846,-4.4137406097972816e-05,-3.278528573329072e-05,6.386171328404284e-05,-0.0001778332378361,4.829248216790929e-05,-0.0004582593747478,3.9064020966208666e-05,0.0007988821772445,6.466297611767188e-05,0.0011525239137881,9.924603597480814e-07,0.0013634206076065,1.945292870228334e-05,0.0009627668739518,3.714652896139904e-05,-3.8812118441514775e-05,4.32662961767033e-05,-0.0001556204191229,0.000231491829569,0.0002629267343887,0.0002233575201061,0.0002901505976807,0.0001120031445927,0.0001868540644736,6.057896834258589e-07,-9.344141283802453e-06,1.848061862874163e-07,1.0803481086769543e-06,-1.9904285074007154e-06,-1.0911765443229263e-05,3.093095306440938e-07,-1.749304286987076e-07,-8.273274547256195e-07,-1.3911723043332657e-07,-5.783620350051993e-07,-3.7698207249203086e-06,1.408037803128161e-07,2.233395920837108e-07,-2.5238888893807226e-06,-1.910885149297397e-06,-1.4096411923182084e-06,-1.3224701772303338e-06,-3.4197329161052744e-06,1.476492208703753e-07,-1.5092002238240362e-05,1.2321602520312138e-07,1.3434107332067484e-07,1.238358764839807e-07,-2.069558906771505e-06,-9.348997581990439e-08,2.7272986389363057e-08,-1.0498099306084931e-06,2.64232103807623e-07,-3.908445432502229e-07,-7.104374573353446e-08,2.29215315709819e-07,-1.269649495895137e-05,-1.323345949061122e-07,4.100916297674396e-07,-1.2189831824823564e-07,-4.100808320992622e-07,9.639152826604429e-08,4.840842125304838e-07,-1.0366347482722e-07,4.344983203443023e-09,1.6025508506350938e-07,-1.0005782761895445e-07,6.128692380629416e-07,3.896330390859433e-08,-1.1171945930133457e-07,-1.1265009507793692e-07,1.352973396874557e-07,2.304660359046033e-07,2.4267530582824736e-07,9.325433547089764e-07,3.362730805201048e-08,-1.0310287554041109e-07,6.022655948740253e-07,-8.114049368931718e-08,-1.244332150338181e-07,-4.790353262510239e-08,7.719331416886414e-08,-1.7982441121211374e-08,-1.4811682825966824e-08,5.96060985168467e-07,-1.0019266854418316e-07,1.067545442884433e-06,-1.2959228775613106e-08,-8.510859831095979e-08,3.463901108735536e-07,8.425767038240758e-07,movement,no movement,no movement,no movement
1266.6666666666667,0.0184720768534085,0.3293043656099689,-0.3015168067666667,0.0315655005917894,0.3453630870291148,-0.2941346585999999,0.0334621822190204,0.3458625109933332,-0.2833437226999999,0.0321943750445376,0.3457769753461483,-0.2875738858333333,0.0118533568340946,0.3549784530219956,-0.3122162332333333,0.0133711567777911,0.3537191227475644,-0.3249882683333334,0.0172480023947377,0.3444303032204433,-0.3045757481666666,0.0651308387850208,0.3459878173202639,-0.1823994983666666,-0.047799409678724,0.312023323204427,-0.2068051169999999,0.0417568628178369,0.3267739303790366,-0.2473769173333333,0.0121466777445384,0.2991433579864668,-0.282653655,0.1287753783398832,0.2341954529335216,-0.0347298946166666,-0.1155932560176052,0.2743230543987879,-0.037734872,0.1694586177498044,0.0816903969523804,-0.0158610748659999,-0.1765441895012777,0.0404623148721834,-0.1211165508666666,0.19881254872405,-0.0450024268854787,-0.0687556014266666,-0.1185363828952953,0.0061068331916483,-0.2860060058333333,0.1940347365022738,-0.0716785834951868,-0.0779679998733333,-0.0769451667639204,0.0039909813412721,-0.3537732991666666,0.1799698802197945,-0.0690965901157886,-0.0999665486133333,-0.0412833679818146,0.0570292580231905,-0.3613174974999999,0.1976139380534073,-0.0656514208827626,-0.0785126525666666,-0.0986103698204979,0.0244951189139686,-0.301871866,0.0749260119558416,-0.1654748197667567,0.0467463046333333,-0.0725577970006236,-0.164691072810415,-0.0440185843866666,0.0757667958940061,-0.4923887422354817,0.0705648074233333,-0.0767261650760045,-0.4382115957142084,-0.0575748787699999,0.0649696239901647,-0.764238151722007,0.2425368031666666,-0.13645060254145,-0.767088487149933,0.0931839507233333,0.0481349028669349,-0.7932684612526618,0.2646198332333332,-0.1404247778057113,-0.7952193643218831,0.0671488200899999,0.0976132707633516,-0.8166084579978284,0.2297771949999999,-0.1390716686372912,-0.8222808717653124,-0.0136317230676666,nijmegen_nijmegen_rennen_g_ch1_g11_compr.mp4,ch1g11,1.01871628026745e-05,5.066394130157505e-05,1.3607286073910122e-05,2.872731031697027e-05,1.2090103431080804e-05,5.713020231817394e-05,1.2362719587998052e-05,2.798197004717948e-06,1.0053360820629184e-05,8.899631469429493e-06,3.3894700991314824e-05,1.4255640029728304e-05,1.4087876805182329e-05,1.3040288556269437e-05,3.207853226322985e-05,9.313845931704351e-06,6.455956625780457e-06,3.704518511145651e-05,1.2750438839780986e-05,1.432576879368708e-05,7.741190697293315e-05,1.3270256065598164e-05,1.4556919357137132e-05,1.0678001039823989e-05,1.2406183513083504e-05,2.361317720648115e-06,1.1086256157548034e-05,3.6304151634720646e-05,1.4556332673122866e-05,3.303140582217751e-05,2.1408695649737747e-06,1.0717813640222613e-05,7.223821660504203e-05,7.575695984090714e-05,1.77900837538023e-05,-4.542665872634602e-05,-7.956939521411111e-05,-7.691695439332622e-05,-8.088572562532447e-05,-8.692423197463824e-05,-7.851160710125864e-05,-7.030877909858153e-05,-0.0001188226540211,-0.000126700259726,-5.1687256176772634e-05,-4.165764244405711e-05,3.265312306270361e-05,-0.0001907142702413,-1.1627581066090117e-05,-0.0004672896117974,-4.958074844146367e-05,0.0006466579057151,-3.704545416861582e-05,0.0009480416264491,-0.0001028049323298,0.0011230997396108,-6.75124809556749e-05,0.0007886131819961,3.574342514621971e-05,-3.7414909628096226e-05,3.729444288232105e-05,-0.0001477850458119,0.0001991947554544,0.0002032235409603,0.0001925821798296,0.0002237211252499,0.0001025008229626,0.0001558340452505,4.434749785165387e-07,-8.847868089032805e-06,4.2766378494508e-08,6.073854625655547e-07,-1.7697548157227733e-06,-1.0329632223036556e-05,1.883154995463031e-07,-1.367273062695328e-07,-7.083366179823427e-07,-2.494978937795472e-07,1.1852869613897253e-07,-3.575918570611004e-06,3.4532407819907683e-09,9.128795746760314e-08,-2.4721540812105207e-06,-1.5601939869435165e-06,-1.018443576943492e-06,-2.685523607979799e-07,-3.2440315154290394e-06,1.6658141749149523e-08,-1.432818611659765e-05,7.258038263890048e-09,-1.375659091611958e-08,5.906817322874801e-08,-1.869019401308584e-06,-9.631086882643473e-08,-1.3801665067790149e-08,-3.626261050499822e-07,1.597724284610255e-07,7.470375122738772e-07,-7.186948659127386e-08,1.2940632795082252e-07,-1.2269695127569884e-05,-1.915068484739883e-07,4.944929257432044e-07,-1.5436453717093885e-07,-5.310665345972232e-07,1.737857103727261e-07,6.037287487052598e-07,-1.366446461005912e-07,5.4943908286700485e-08,9.789639402908593e-08,-9.09536315464533e-08,5.897056177387725e-07,2.6979832375848857e-07,-1.4657733022214096e-07,-1.4424800643889846e-07,3.8705590838378234e-08,3.055873737940002e-07,2.921489573838663e-07,9.033830363621544e-07,2.475203993199985e-07,-1.4459379027217925e-07,8.170521994599601e-07,-1.206040260490747e-07,-1.5967340203333973e-07,-8.186330408692952e-08,1.7285916320640786e-07,-5.636688152799101e-09,-5.5396412888090356e-08,5.763812490142718e-07,-1.3985956672503696e-07,9.667618062162962e-07,-4.184232029255407e-09,-1.156288448386142e-07,4.794632121264408e-07,9.27506541624682e-07,movement,no movement,no movement,no movement
1283.3333333333337,0.0182491727544324,0.3292591308328313,-0.3020510461666667,0.0313727520949426,0.3452843738744856,-0.2947119275999999,0.0332569994008492,0.3457860645002831,-0.2839190813666666,0.0319808984598667,0.3456970605501914,-0.2881492653666667,0.0116251024996705,0.3548932641056803,-0.3127548446333333,0.0131481313022978,0.3536420474440666,-0.3255375629,0.0170185819537219,0.3443618304603336,-0.3051126469333333,0.0650088622481591,0.3458706430542765,-0.1830785437999999,-0.0479260908715708,0.3119031003856313,-0.2072795282666666,0.0415822419825256,0.326721353993441,-0.2479419837666666,0.0119621644469149,0.2991006878026187,-0.2831810110666666,0.1286186676963958,0.2342163641604207,-0.03535862167,-0.1157320089846766,0.2741424279694023,-0.03807960906,0.1689304636463959,0.0816691655897392,-0.0163848036976666,-0.1766409076954009,0.0400021574125811,-0.1213181273,0.1981963287632764,-0.0450892762988284,-0.0694511491366666,-0.1180512500148496,0.0067110580318176,-0.2861969125666666,0.1933959625200346,-0.0717695493813763,-0.0787362744366666,-0.0762940609275449,0.0048837936397012,-0.3539721531666665,0.179379207295598,-0.0692527067461917,-0.1006708842766666,-0.0407628853078725,0.0580840550854654,-0.3614506602333333,0.1970260840746555,-0.0657568249130101,-0.0791825645666666,-0.0981451701677251,0.0252409995945801,-0.324806333,0.0749279327482,-0.1654403123326684,0.0466493861133333,-0.0725694744268248,-0.1647269784881994,-0.0439077150266666,0.0757984250650484,-0.492362001373175,0.0706248009866666,-0.0767238354339596,-0.4383724179147178,-0.0574691011399999,0.0650034885907718,-0.7640689163199527,0.2422928507999999,-0.1363891133359772,-0.7669538023260304,0.09341016674,0.0481686730976452,-0.7931084670360793,0.2643517394999999,-0.1403494568692778,-0.7950691627461293,0.06740536047,0.097638904213381,-0.8165304230603793,0.2295322149333333,-0.1390758402611902,-0.8221723099019658,-0.013240371451,nijmegen_nijmegen_rennen_g_ch1_g11_compr.mp4,ch1g11,1.053008593200431e-05,4.246525339697463e-05,1.3518545265808569e-05,2.882462701321725e-05,1.0429154764494936e-05,4.745983355421539e-05,1.2436459922102208e-05,2.810179132236664e-06,9.57302667665567e-06,8.349237242021918e-06,3.476604529773007e-05,1.0997561777707667e-05,1.3951338210245394e-05,1.3001686250945906e-05,2.992781440630023e-05,8.177809501895218e-06,6.09600298274004e-06,3.772154514200166e-05,9.79085368347442e-06,1.4193443698798127e-05,6.38469214777977e-05,1.3173741563997707e-05,1.4406192809774002e-05,1.0692021657738278e-05,1.067571256598014e-05,2.304647197541488e-06,1.1039151932333878e-05,3.6632071660403425e-05,1.4631626640443404e-05,3.504015476766973e-05,2.111841919698309e-06,1.0807440693101425e-05,6.05234612433265e-05,6.979784823181329e-05,1.4485567114981413e-05,-4.402497976831378e-05,-7.779888452266326e-05,-7.544924492068821e-05,-7.912663665001916e-05,-8.553809083835505e-05,-7.776732766890435e-05,-6.945853842311817e-05,-0.0001218603966327,-0.0001296050546008,-5.386253022146655e-05,-4.3994677457577936e-05,7.653677514961368e-06,-0.0001985513624985,-5.708575058279166e-05,-0.0004686913119724,-0.000100484547504,0.0005233590761049,-9.603545729950984e-05,0.00077785737683,-0.0001549111803387,0.0009265119637335,-0.0001151260782503,0.0006454935337754,3.521884306123941e-05,-3.685560355357364e-05,3.331698758661413e-05,-0.0001383997693573,0.0001751678675297,0.0001495726676293,0.0001697649781735,0.0001638673455617,9.953195509905184e-05,0.0001309877298314,2.281864588018291e-07,-8.307390666663748e-06,-1.240273250897005e-07,4.8290447342408415e-08,-1.4929831591586128e-06,-9.68105409940553e-06,4.0130481741940326e-08,-3.672149007625153e-08,-6.526890624314658e-07,-3.741890180963057e-07,6.468365801455934e-07,-3.0338547314669473e-06,-1.5615615083957024e-07,-6.52949995184028e-08,-2.5427251535105977e-06,-1.0904734301542243e-06,-6.434282152978779e-07,5.703960895646548e-07,-2.7457100485711703e-06,-1.4472255405999978e-07,-1.3411132246423311e-05,-1.3689746588090686e-07,-1.8563614181936482e-07,-4.4296111888774976e-08,-1.5922623359393977e-06,-8.572407190651926e-08,-9.44849775275624e-08,1.749838042782147e-07,3.4356763451384706e-08,1.5705103787780535e-06,-6.355756696577212e-08,1.3873913715849676e-09,-1.1747065862655424e-05,-2.258128930879252e-07,5.984802470408239e-07,-1.6286246616375705e-07,-6.312433265081401e-07,2.3863185942485434e-07,7.436411740145961e-07,-1.4852218976408122e-07,9.96704868274898e-08,2.1962803273204137e-08,-8.104547267930205e-08,4.379367526928423e-07,4.491915194312758e-07,-1.571514900934285e-07,-1.528382252996371e-07,-7.524578202883696e-08,3.1580724853079065e-07,2.670266457578538e-07,7.058417091661115e-07,4.135735858392661e-07,-1.617340724198288e-07,1.0657745150338612e-06,-1.3827292479319778e-07,-1.6897270270499393e-07,-1.0558731170536096e-07,2.5287390012939776e-07,2.2469560038209623e-10,-8.800785909943377e-08,4.248910878200825e-07,-1.7468393946328255e-07,7.01157219528817e-07,-1.7325056610498315e-09,-1.3366887996953534e-07,6.838869256063783e-07,9.710000553971005e-07,movement,no movement,no movement,no movement
1300.0000000000002,0.0180376421681148,0.3292085330639746,-0.3026186612000001,0.031181095166526,0.3451988886558604,-0.2953192035666666,0.0330549522973577,0.345702783418451,-0.2845244132333333,0.0317716571837929,0.3456105218552021,-0.2887535293,0.0114016839658657,0.3548014771398026,-0.3133170485333332,0.0129299747815782,0.3535578029999943,-0.3261102155333333,0.0167924381732773,0.3442866333583262,-0.3056728064,0.0648873591598033,0.3457328234298152,-0.1837627733333333,-0.048054986991155,0.3117655737494454,-0.2077566003666666,0.0414161914588544,0.3266579911432752,-0.2485396698333333,0.0117851562805015,0.2990485805462372,-0.2837316894333332,0.1284656109417525,0.2341945303062899,-0.0359740547133333,-0.1158756808904484,0.2739337553347165,-0.03842934335,0.1684644362030149,0.0816024533276578,-0.0169090814046666,-0.1767519387078403,0.0395283509081752,-0.1215169040666666,0.1975836392711751,-0.0451726602814347,-0.0702192010566666,-0.1175696360591891,0.0072232486791282,-0.286645363,0.1927497995938764,-0.0718444795931309,-0.0795937942933333,-0.0756400961315188,0.0056617440397823,-0.3544991317333332,0.1787628412411326,-0.0693780983266624,-0.1014725203033333,-0.0402333992166323,0.0590301647653335,-0.3618956704999999,0.1964366580835929,-0.0658513319832505,-0.0799313158799999,-0.0976810301775145,0.0258839320274307,-0.281888306,0.074930847165458,-0.1654057806157924,0.0465562604366666,-0.0725820529252242,-0.1647629326646708,-0.0438025422566666,0.0758428347552776,-0.4923290242434159,0.07067590452,-0.0767196856191699,-0.4385083757973936,-0.0573319766799999,0.0650637010340377,-0.7638753547716666,0.2421292573999999,-0.1363241385393838,-0.7668259580561719,0.0938118729899999,0.0482294429504834,-0.7929170965341494,0.2641739984666666,-0.1402707939222727,-0.7949275077341958,0.06785894747,0.0976813719097153,-0.8164102101284535,0.2293495013666666,-0.1390713501033326,-0.8220554582848634,-0.0127173496009999,nijmegen_nijmegen_rennen_g_ch1_g11_compr.mp4,ch1g11,1.0551954425699314e-05,3.435348267697353e-05,1.3246097600846945e-05,2.8516185886553792e-05,8.829603212994062e-06,3.7991690587498275e-05,1.233206568012084e-05,2.726723666888319e-06,8.984016437721041e-06,7.969725284038197e-06,3.610779318914207e-05,8.144960603316384e-06,1.365875385730529e-05,1.2791809198830955e-05,2.743414506974104e-05,7.313352085760288e-06,5.631159996979587e-06,3.927370727440657e-05,7.229260603337675e-06,1.3914276733142696e-05,5.0626352222191754e-05,1.293278122397177e-05,1.4070620072819126e-05,1.0573088997552944e-05,8.975616202758395e-06,2.247069515507029e-06,1.0904667391292158e-05,3.744610336390256e-05,1.448159066655983e-05,3.773122800560611e-05,2.061657618104493e-06,1.0681320093940364e-05,4.8854782709924736e-05,6.440634753191088e-05,1.1524924949438466e-05,-4.034306736608788e-05,-7.346544347130291e-05,-7.133684067644896e-05,-7.474242999385717e-05,-8.105799593652893e-05,-7.405105247571794e-05,-6.574914841745416e-05,-0.0001202781461548,-0.0001271298373473,-5.32202954982173e-05,-4.322026003425304e-05,-1.0385788078360096e-05,-0.0001993341079735,-8.797376268251708e-05,-0.0004620998425612,-0.0001264118134453,0.0004099343845929,-0.0001254472659742,0.0006209244638933,-0.0001753380512885,0.0007424782848675,-0.0001367294933421,0.0005127379805339,3.4343128721143024e-05,-3.590653697764085e-05,2.7418798803530453e-05,-0.0001322730473191,0.0001526919149297,9.869221203659727e-05,0.0001492055395683,0.0001072348003852,9.361843433989848e-05,0.0001029157722289,-3.1314560299429156e-08,-7.783277060811911e-06,-2.927891279979418e-07,-6.322377009212669e-07,-1.2265771016255257e-06,-9.033137441190024e-06,-1.163387209029527e-07,8.106185753783941e-08,-6.856502266721211e-07,-4.4822342579013114e-07,9.585993854024582e-07,-2.4299879991884307e-06,-3.1710295366130426e-07,-2.246714868284757e-07,-2.7150124814116903e-06,-7.187474226440241e-07,-4.258015870061745e-07,1.08422154651362e-06,-2.188613165909729e-06,-3.1476702467331497e-07,-1.2485082807575626e-05,-2.833742342924017e-07,-3.577456182733244e-07,-1.656305218565811e-07,-1.3074638941119935e-06,-7.414454083396008e-08,-2.003682466535736e-07,4.699648193578329e-07,-2.080447173556959e-07,2.0268134660738394e-06,-5.858918519893764e-08,-1.406430881353158e-07,-1.117816194185149e-05,-2.3317430906925397e-07,7.565145304681592e-07,-1.5133836578389257e-07,-6.924113845607566e-07,2.7783264028515993e-07,9.34071961338692e-07,-1.4323509861939738e-07,1.3435271081009232e-07,-4.06446125839269e-08,-7.978034995057772e-08,2.0612295004837045e-07,5.64901249019903e-07,-1.452811012219662e-07,-1.4289604846259214e-07,-1.5424405245047586e-07,2.7803207908844144e-07,1.993496504520609e-07,3.985441358041218e-07,5.199034116034553e-07,-1.5550787278639577e-07,1.3694796494014364e-06,-1.3490819739914517e-07,-1.5489967929108705e-07,-1.1674534899275245e-07,3.060450371056642e-07,6.510517986575375e-10,-1.0566554249740269e-07,1.869519742121325e-07,-1.9839089522133377e-07,3.5395149839192357e-07,-3.330908774409031e-09,-1.3285050847244466e-07,9.853535528973007e-07,1.0537979069332802e-06,movement,no movement,no movement,no movement
1316.666666666667,0.0178215967426669,0.3291658727669964,-0.3030868159666667,0.0309811933398114,0.3451263220411969,-0.2958245566,0.0328472035188579,0.3456318579689535,-0.2850265306999999,0.0315574895455812,0.3455365445112447,-0.2892608244333333,0.0111759197418034,0.3547203837350584,-0.3137852131999999,0.012708931747772,0.3534826931675646,-0.3265872732333333,0.0165628445325285,0.3442203169576774,-0.3061391114,0.0647577019252253,0.3456036820468157,-0.1843831861666666,-0.048185898449743,0.3116322841893417,-0.2081746653666666,0.0412431387391016,0.326601306100438,-0.2490520254,0.0116031009415807,0.2990010181569011,-0.2841976129666666,0.1283114081110948,0.2341734190774028,-0.03657262964,-0.1160197223663116,0.2737244045104674,-0.0387397625399999,0.1680457028226355,0.0815344999043863,-0.0174554626246666,-0.1768639540990226,0.0390610609280808,-0.1216552616,0.1969347080490678,-0.0452458195007179,-0.0709855987166666,-0.1171306124743769,0.0075884727455562,-0.2869221888333333,0.1920572273967199,-0.071902467327734,-0.0804395899133333,-0.0750426314027272,0.0062205929249404,-0.3548037025333332,0.1780993963425955,-0.0694787720696289,-0.1022555403033333,-0.0397504656206807,0.0597088986310771,-0.3621233353999999,0.1958111269559836,-0.0659334373560757,-0.0806814929833333,-0.0972596062429142,0.0263440070228055,-0.282637507,0.0749321134276985,-0.1653709046957714,0.0464560048033333,-0.0725924854895632,-0.1647992943889653,-0.0436913752466666,0.0758823168461292,-0.4922898314484528,0.0707282787466666,-0.076721667933819,-0.4386279410012576,-0.0571774613633333,0.0650909194846317,-0.7636739183591386,0.2419796169666666,-0.1362655308593756,-0.7667492742230105,0.0942286914999999,0.048254705836211,-0.7927158362625604,0.2640155752666666,-0.1402016865797717,-0.7948449904268704,0.0683114326533333,0.0977062607237879,-0.8162627707176848,0.2292128021,-0.139161676463696,-0.8219579499696584,-0.0121441826109999,nijmegen_nijmegen_rennen_g_ch1_g11_compr.mp4,ch1g11,1.026128478328449e-05,2.70755942549451e-05,1.275100200193242e-05,2.78888006273e-05,7.738335415271308e-06,2.9494105753984108e-05,1.2021452199236808e-05,2.7509397266462142e-06,8.320432895758233e-06,7.545109865979155e-06,3.75812170126274e-05,6.192965371845004e-06,1.313119210916026e-05,1.237419360891078e-05,2.487427384544246e-05,6.815240284861907e-06,5.381542966983425e-06,4.1092861322107325e-05,5.476325414058893e-06,1.3389942073759833e-05,3.8708051205814446e-05,1.2464205937705922e-05,1.3485121782801692e-05,1.028159548665283e-05,7.800155841822596e-06,2.1868949568356604e-06,1.0579556331623623e-05,3.839929563286508e-05,1.4100994492555034e-05,4.04731494014296e-05,2.0125043068305585e-06,1.0340457994099843e-05,3.8094016164340664e-05,6.00342269803313e-05,9.53061232017054e-06,-3.793864919886616e-05,-6.921144910614355e-05,-6.72287675760897e-05,-7.031993047228732e-05,-7.644413473125262e-05,-7.040597692256029e-05,-6.238689641412341e-05,-0.0001150344645452,-0.0001222237336765,-5.24493891949097e-05,-4.2738172280816095e-05,-2.160751640317873e-05,-0.0001960592016326,-0.0001037362809378,-0.0004469945654574,-0.0001265417188531,0.0003149209020276,-0.0001254854759532,0.000485108398933,-0.0001639671632305,0.0005807397618544,-0.0001317795386136,0.0003984445891964,3.3405338569217065e-05,-3.4811368490463365e-05,2.1342113501349615e-05,-0.0001258994124224,0.0001311301426641,5.5448072843543977e-05,0.0001294083386155,5.903996631080963e-05,8.642888115813529e-05,7.890335234645715e-05,-3.0671553439377517e-07,-7.114393491830784e-06,-4.641818612410331e-07,-1.348421123374788e-06,-1.0233068108573351e-06,-8.186894810376056e-06,-2.832954143664604e-07,2.141053259696643e-07,-7.892682600460655e-07,-4.909116775741409e-07,9.572596507837766e-07,-1.7663888437943077e-06,-4.805142014453483e-07,-3.877886903224302e-07,-2.9297138093381403e-06,-4.666229208123122e-07,-3.469348480464802e-07,1.2029954600386457e-06,-1.5758376426391465e-06,-4.945425073027145e-07,-1.1207461594222345e-05,-4.4336974861437673e-07,-5.30602903688304e-07,-3.142616408335195e-07,-1.0683947760591611e-06,-7.271278871195849e-08,-3.396625220667112e-07,4.355254250865941e-07,-4.389650658663936e-07,2.0856282154097445e-06,-6.448886868971799e-08,-2.844071578155351e-07,-1.0279680892701048e-05,-2.156015061976996e-07,9.413494844563958e-07,-1.2163132999640238e-07,-7.016259802796697e-07,2.8190444502146745e-07,1.1470019500171798e-06,-1.225568418446802e-07,1.4724229564403925e-07,-7.446997321112276e-08,-8.043916825228996e-08,-4.9972670476915284e-08,5.926701128044096e-07,-1.1159108022470244e-07,-1.1634058054383105e-07,-1.7025051337696546e-07,2.0003486504763114e-07,1.0879833611696697e-07,5.902778979335063e-08,5.452465279052863e-07,-1.2529835177685618e-07,1.685562869398496e-06,-1.1158425783611315e-07,-1.193857015189097e-07,-1.1237426327213046e-07,3.193754816084638e-07,-3.770088311793714e-09,-1.0203521435195081e-07,-7.962365608531531e-08,-2.100256824888595e-07,7.705334410685303e-09,-8.811814806467165e-09,-1.1371475093066689e-07,1.3367594863150777e-06,1.189009264893778e-06,movement,no movement,no movement,no movement
1333.3333333333337,0.0176052676248108,0.3291349771271332,-0.3032616433333334,0.0307811073549561,0.3450647842851174,-0.2960062792666666,0.0326398177044739,0.3455721885274945,-0.2852073761666667,0.0313437780842317,0.345473688238884,-0.2894435186333333,0.0109505043889247,0.3546507159064564,-0.3139226426333332,0.012487942829389,0.3534188371614341,-0.3267271583666666,0.016333498731857,0.344164198145268,-0.3062765944666667,0.0646307644580832,0.3454825818373606,-0.1846016749666666,-0.0483147780074392,0.3115083115404003,-0.2081965149333332,0.0410701043321516,0.3265534375495391,-0.2492613946666666,0.0114210670803658,0.2989628154850075,-0.2843525532666666,0.1281765098909811,0.2341480337657139,-0.03680640421,-0.1161622481960691,0.2735210421743508,-0.0387061020566666,0.1676846870278058,0.0814295438211484,-0.0178236122666666,-0.1769748147148499,0.0386242909696449,-0.1215863807333333,0.1962912768540104,-0.045330926919399,-0.0717272204433333,-0.1168755433001089,0.007886149137015,-0.2870940151333334,0.1913528761263976,-0.0719771952729104,-0.0812650310466666,-0.074728578388954,0.0066678532113382,-0.3550231697999998,0.1773921903352552,-0.0695766404823095,-0.1030192635733333,-0.0395205123077571,0.0602294250972248,-0.3623104313999999,0.195174511432094,-0.0660214709292206,-0.0814130048933333,-0.0970321057215612,0.0267024372078433,-0.296999335,0.0749348284615883,-0.1653370423089671,0.0463492793333333,-0.0726040048887863,-0.1648345066458835,-0.0435742801833333,0.0759287032917142,-0.4922736387716288,0.0706517800366666,-0.0767253000494558,-0.4387342442119419,-0.0569856544866666,0.0651045629673806,-0.7635391061658395,0.2418166087,-0.1362018782797353,-0.7666975335540895,0.09475501566,0.0482611759308978,-0.792581017468809,0.2638494571333333,-0.1401272425921263,-0.7947922214406308,0.0688741927633333,0.0976673000217142,-0.8161625710473673,0.2290274967333333,-0.1392614024756187,-0.821862981641036,-0.0115373425989999,nijmegen_nijmegen_rennen_g_ch1_g11_compr.mp4,ch1g11,9.70341988908847e-06,2.052617773406577e-05,1.2120325956192572e-05,2.6593042772916093e-05,6.899404910155403e-06,2.2010121868858268e-05,1.1575785316202464e-05,3.0827820339773836e-06,7.309495536177069e-06,7.147200640462954e-06,3.89333745557165e-05,4.981061187729354e-06,1.2490979994687878e-05,1.1822828606078443e-05,2.15073030732213e-05,6.732297691999562e-06,5.4375858974712885e-06,4.285708381421022e-05,4.406927407028336e-06,1.2729653577251193e-05,2.8715757688906353e-05,1.1871788349940116e-05,1.2788597722750202e-05,9.82956296215863e-06,6.943221903190796e-06,2.1406296627059775e-06,1.0123965903954702e-05,3.920960318459232e-05,1.3666519333657476e-05,4.301457113300983e-05,1.9614381791865125e-06,9.91939182774139e-06,2.85353953241465e-05,5.5932736064573034e-05,8.223705950954589e-06,-3.674069952711972e-05,-6.613293241913627e-05,-6.427013478216958e-05,-6.711182640472066e-05,-7.335551778206441e-05,-6.801496407202764e-05,-6.030263494516837e-05,-0.0001091422208339,-0.0001181134786814,-5.180999014988689e-05,-4.253207067913426e-05,-2.8361428234273297e-05,-0.000192355368015,-0.0001126173294919,-0.0004285190466324,-0.0001121845373958,0.000232522295839,-0.0001088776850185,0.0003656178960031,-0.000133750004883,0.0004389890032531,-0.0001124257780356,0.000296196393793,3.236207106633724e-05,-3.3563991550089896e-05,1.784854764751548e-05,-0.0001192033756235,0.0001143158444187,2.39248675039531e-05,0.0001145839126116,2.4302735270154544e-05,8.399087538462387e-05,6.159212947771536e-05,-5.283414694183279e-07,-6.127157958566856e-06,-6.031773849976717e-07,-2.0405347286352154e-06,-7.491522053815436e-07,-6.992572692166673e-06,-4.238210850764828e-07,3.830333196981386e-07,-9.184514855381056e-07,-5.249062663657752e-07,7.221029816418393e-07,-1.1875357030809006e-06,-6.122000740489659e-07,-5.204742625433683e-07,-3.1266723770914683e-06,-3.8210019404349507e-07,-3.338002659269339e-07,1.025208576385096e-06,-1.0445104869685752e-06,-6.455927215578765e-07,-9.444605844833395e-06,-5.765525763491721e-07,-6.690422187253643e-07,-4.53061719395465e-07,-7.500543363396303e-07,-7.904395000427977e-08,-4.757215703837476e-07,1.6944295999882925e-07,-6.643774018447465e-07,1.8401956590030616e-06,-7.686104661511453e-08,-4.205139700334888e-07,-8.813027981002208e-06,-1.693844011418343e-07,1.1379128202393642e-06,-7.343116444049819e-08,-6.417690262832164e-07,2.7488616298780876e-07,1.3593901314523606e-06,-8.446382190726754e-08,1.3480297655396485e-07,-5.812057198525217e-08,-8.24494781374913e-08,-2.7837912041968637e-07,5.52954589023011e-07,-5.9370654421567495e-08,-7.21842064296052e-08,-7.889539077670788e-08,1.0189642586329881e-07,2.1271329327490593e-08,-2.455019766404153e-07,5.085560686652571e-07,-7.343904588052401e-08,1.9672257758548553e-06,-6.52239935229209e-08,-6.445761005525324e-08,-8.721487109592006e-08,3.1449102343376077e-07,-1.0809601749936334e-08,-7.65192944035706e-08,-3.175096025335187e-07,-2.15737495188268e-07,-2.778948332616609e-07,-1.5709023665677452e-08,-8.20353908007322e-08,1.691075411491611e-06,1.3467553229701427e-06,movement,no movement,no movement,no movement
1350.0000000000005,0.017435661782731,0.3291072601159362,-0.3031227496,0.0306173727891286,0.3450078819520784,-0.2958864808999999,0.0324726232451025,0.3455173783721131,-0.2850872708333333,0.0311739856675276,0.3454159578943012,-0.2893283585,0.0107747240585208,0.3545868489087777,-0.3137760430333333,0.0123150050790197,0.3533594969416953,-0.3265778020666666,0.0161548084829972,0.3441116184456377,-0.3061321744,0.0645124389682809,0.3453896463927934,-0.1845732092666666,-0.0484181844950487,0.3113989035764044,-0.2080405404999999,0.0409308662870747,0.3265094044137293,-0.2491691718999999,0.0112785650536617,0.2989270128369685,-0.2842182312333333,0.1280495628683725,0.2341206961838611,-0.0368774487733333,-0.1162680985163089,0.2733361803535172,-0.0385356235833333,0.1673356857130658,0.0812962682628408,-0.0180356490833333,-0.1770689283539499,0.0382241502899442,-0.1212997360333333,0.1956512611030079,-0.0454485122913782,-0.0720852022166666,-0.1166402215190238,0.0080563590309423,-0.2866823566333333,0.1906507606695158,-0.072096263979158,-0.0816540718033333,-0.0744246797346006,0.0069259689223767,-0.3545567813333332,0.176693545666806,-0.0697107621412665,-0.10334149521,-0.03930060400492,0.060524162381868,-0.3618345975666666,0.1945414712268115,-0.0661346114075314,-0.0817521101199999,-0.0968241009753143,0.0269184654251665,-0.297153324,0.0749366850914753,-0.1653057617805504,0.0462423292299999,-0.0726137392992654,-0.1648671157857934,-0.0434591394066666,0.0759740140154778,-0.4922604000319253,0.0703603110866666,-0.0767347766390901,-0.4388469435370141,-0.0569201178133333,0.0650906050794079,-0.7634583617289382,0.2412538504666666,-0.136138129399773,-0.7666941837555364,0.0950307514666666,0.0482362909086331,-0.7924980491489919,0.2632533460999999,-0.1400528179363494,-0.7947905786460644,0.0691605501166666,0.0976089260639959,-0.8160910200738397,0.2284496803666666,-0.1393561103487388,-0.8218088579050704,-0.0111225801699999,nijmegen_nijmegen_rennen_g_ch1_g11_compr.mp4,ch1g11,9.162995768196445e-06,1.4291316460908198e-05,1.1469936034244057e-05,2.4436732902566572e-05,6.33935541729525e-06,1.5014469108061826e-05,1.1106115160162974e-05,3.574127942734681e-06,6.285572769691712e-06,6.681822520440622e-06,3.912535064472555e-05,4.375113810450551e-06,1.18156241429376e-05,1.125608956935374e-05,1.7912733830570044e-05,6.774809333751148e-06,5.308489632398347e-06,4.322293564841003e-05,3.882726257834827e-06,1.2009627604469743e-05,1.9506789951155297e-05,1.1206256176023436e-05,1.2062088114515376e-05,9.309176257038546e-06,6.414692239178592e-06,2.045313287577758e-06,9.540701643663075e-06,3.8884605153964295e-05,1.3011576139308324e-05,4.3921063223484115e-05,1.8684127923355271e-06,9.447033688033208e-06,1.966608216532818e-05,5.132518088036087e-05,7.498255778289915e-06,-3.993903063738756e-05,-6.644441095350785e-05,-6.470816242914279e-05,-6.722786988365598e-05,-7.364755412806481e-05,-6.915610675273095e-05,-6.216664339093393e-05,-0.0001023605267564,-0.0001146814624766,-5.351106607934704e-05,-4.559744199878673e-05,-3.330664253942433e-05,-0.0001857525998376,-0.0001203503880578,-0.000401147067139,-0.0001060147548244,0.0001534377804114,-0.0001034666929657,0.0002489877611135,-0.0001170205938133,0.0002960949711348,-0.000102120639461,0.000196764052686,3.067021877678025e-05,-3.16738926841344e-05,1.299686009727214e-05,-0.0001109331428815,9.738218071927374e-05,2.133173039663649e-06,9.950878654805588e-05,3.284255416506146e-07,7.758007422221025e-05,4.65234262791625e-05,-6.712208967855698e-07,-4.916149158390281e-06,-6.39385311840836e-07,-2.6336804551641815e-06,-4.838880548419322e-07,-5.543831340063383e-06,-4.772374929496594e-07,5.142978374969952e-07,-1.0114140115697166e-06,-5.886689301285435e-07,2.727142197762537e-07,-7.070593557811403e-07,-6.348438725476714e-07,-5.5782708992888e-07,-3.239590657645705e-06,-3.911392867771382e-07,-4.382226957004583e-07,5.567087779174539e-07,-6.007880578483745e-07,-6.830214365689684e-07,-7.335222984091604e-06,-6.040206034653926e-07,-6.960486187934665e-07,-5.20248084372934e-07,-4.3386920111614417e-07,-1.0099464146699485e-07,-5.333092833839094e-07,-3.245935880966482e-07,-8.58396593068731e-07,1.3398055369220257e-06,-1.0239529970853361e-07,-4.876529613322081e-07,-6.961794081068955e-06,-1.1253183204633525e-07,1.329838904975947e-06,-1.8274497441292997e-08,-5.020738330757231e-07,2.598933481451935e-07,1.555395552635729e-06,-3.8442897302238335e-08,1.0260749141125213e-07,-4.447809133057996e-09,-7.670227605614566e-08,-4.246150426015498e-07,4.625373570388818e-07,-5.413200317772396e-10,-2.14333968261564e-08,9.047088658556036e-08,8.010071978294043e-09,-2.906866255028251e-08,-4.442813203651029e-07,4.2515573333723914e-07,-1.1879997399932451e-08,2.1982098273516857e-06,-7.666453502756063e-09,-3.34999411508688e-09,-4.8601683645518385e-08,2.945924546064671e-07,-1.6246357517742093e-08,-3.421393747589275e-08,-4.69237868778077e-07,-2.0946370077803658e-07,-4.40930845147467e-07,-2.0482899685197853e-08,-4.282428403476426e-08,2.005900673888017e-06,1.4996395586479918e-06,movement,no movement,no movement,no movement
1366.6666666666672,0.0172590778210311,0.3290749076816984,-0.3029766357666666,0.0304480424151279,0.3449477664139458,-0.2957536459666667,0.0323010026329282,0.3454591624386111,-0.2849555147666666,0.0309999520791468,0.3453550966983844,-0.2891987839666666,0.0105928163819349,0.3545198494027476,-0.3136089563333332,0.0121350075954049,0.3532970143267352,-0.3264087394333333,0.0159697407335772,0.3440555984190762,-0.3059672851,0.064401228329643,0.3453025611858822,-0.1845026974666666,-0.0485272142614164,0.3112928635276841,-0.2078232110333333,0.0407902016909505,0.3264626107699516,-0.2490660181,0.0111301072621552,0.2988882570803176,-0.2840662413999999,0.1279518303034933,0.234092989031917,-0.0368677058966666,-0.1163738500783177,0.2731644988349105,-0.0383216208066666,0.1670727979855273,0.0811646083240159,-0.0181183683466666,-0.1771571230167931,0.0378587134901122,-0.1210442049666666,0.1950099990540616,-0.0455664252280602,-0.0723760095533333,-0.1164799413012557,0.0081832975199118,-0.2864235135333333,0.1899318941762145,-0.0722092287584013,-0.08200596794,-0.0742374232476017,0.0071230756867893,-0.3542884024999999,0.1759614415660963,-0.0698357193622695,-0.1036270253,-0.0391892154247179,0.0607571503921734,-0.3615196555666666,0.1938950819797074,-0.0662429895352764,-0.0820227077566666,-0.096695311432321,0.0270756497546656,-0.302212358,0.0749411713277252,-0.1652759795815249,0.0461386386299999,-0.0726256065837469,-0.164898005922702,-0.0433474689866666,0.0760303749954421,-0.492257017313962,0.0701070783366666,-0.0767279971820354,-0.4389458131747803,-0.0568514736266666,0.0651111819312631,-0.7633859712275965,0.2408263445999999,-0.1360698031199925,-0.7666795746072933,0.0953017750866666,0.048249695709087,-0.7924229442599974,0.2627995153333333,-0.1399754002654607,-0.7947770756949526,0.0694447133966666,0.0975724184655643,-0.8160224370116119,0.2280587598333333,-0.1394306411640906,-0.8217468164433491,-0.0107750384306666,nijmegen_nijmegen_rennen_g_ch1_g11_compr.mp4,ch1g11,8.47382315249131e-06,9.748501855610377e-06,1.087411094766596e-05,2.1395263364878023e-05,6.087318980955073e-06,9.899112721037416e-06,1.0665611205780165e-05,4.131629621235006e-06,5.119838956085429e-06,6.118494912660999e-06,3.8667094967707026e-05,4.081764618408503e-06,1.1241206725035286e-05,1.0740550995769947e-05,1.4355210664813904e-05,6.510079214086325e-06,4.751473768658014e-06,4.2981435568968365e-05,3.6644899311307567e-06,1.137498155290144e-05,1.294119624246182e-05,1.0626665128303112e-05,1.1427733172627132e-05,8.765808589363948e-06,6.220569286390937e-06,1.9255728892054547e-06,8.984733855360768e-06,3.785592189391288e-05,1.2156704568957903e-05,4.432217771541547e-05,1.744612167086218e-06,9.020906859496288e-06,1.3344157777663787e-05,4.681808922361688e-05,7.219693116895547e-06,-4.491294362860916e-05,-6.850569090049546e-05,-6.681198231110662e-05,-6.908505683775578e-05,-7.589853401360331e-05,-7.21231316725392e-05,-6.611554626451303e-05,-9.584120129199142e-05,-0.0001124981070466,-5.618458366700159e-05,-5.015259301318136e-05,-3.5321464438453336e-05,-0.0001770351377779,-0.0001209523583673,-0.0003613178795336,-9.878217924540573e-05,9.272288126408338e-05,-9.681765602914812e-05,0.0001576293503341,-9.980690637751716e-05,0.0001784474046925,-9.220455188165828e-05,0.0001158804927459,2.8219320772615943e-05,-2.905219557669887e-05,7.375526010707716e-06,-0.0001004641190784,7.995065339712047e-05,-1.2673725314304423e-05,8.365032366566456e-05,-1.6038601230761616e-05,6.354473918976985e-05,3.200343552506153e-05,-7.31425337415516e-07,-3.5259454465033873e-06,-6.224361589487124e-07,-3.0610640717998854e-06,-2.3237061191126187e-07,-3.910853325638621e-06,-4.86847176965767e-07,6.024018764604161e-07,-1.0020539055166237e-06,-6.649976043604384e-07,-2.7406538806871985e-07,-3.6206031774472083e-07,-5.973175256060402e-07,-5.464347051085433e-07,-3.1377151728552297e-06,-4.706877910124857e-07,-5.433098090704454e-07,-5.3289305232676175e-08,-2.89586825302907e-07,-6.544046714069135e-07,-5.023773760737086e-06,-5.745490912581857e-07,-6.59968089575353e-07,-5.438144515848382e-07,-1.4137507621999449e-07,-1.2540867286879146e-07,-5.437534601597752e-07,-9.21676562724972e-07,-1.0325056634604092e-06,7.431981451290589e-07,-1.2867320222156896e-07,-5.070611765099081e-07,-4.8028579636351895e-06,-4.379781313047941e-08,1.4426548423007317e-06,3.556887202886766e-08,-2.8655159326064616e-07,2.459021391362226e-07,1.660830755505796e-06,8.459713747501282e-09,5.913006605427514e-08,8.321082812767723e-08,-6.20020970033077e-08,-4.944208264799291e-07,3.576524239064531e-07,5.460909202906239e-08,2.8155044670307345e-08,3.05143239330434e-07,-3.5798981737755293e-08,-2.3864258726608272e-08,-5.465327150459482e-07,3.263393514775852e-07,4.805385573526862e-08,2.296081743616682e-06,4.8149093773493073e-08,5.4447299226013984e-08,-2.706322036851302e-09,2.70246524267967e-07,-1.764455111351803e-08,1.3763993583672444e-08,-5.346591503539745e-07,-1.882919569084656e-07,-5.145850609305907e-07,-2.0947925450497983e-08,-4.782727750904467e-09,2.177582696217299e-06,1.5944709508737583e-06,movement,no movement,no movement,no movement
1383.333333333334,0.0171039969507157,0.32903918075935,-0.3029765086333333,0.0302993047368295,0.3448871225082307,-0.2957787445000001,0.0321519441698893,0.3454001909328381,-0.2849808735666666,0.0308502169648092,0.3452936412408306,-0.2892235735333333,0.0104385136524661,0.3544522227156704,-0.3135975142333332,0.0119816372005273,0.3532335243004919,-0.32639795,0.0158138559502727,0.3439980935945477,-0.3059569556333334,0.0643024708388077,0.3452194628178242,-0.1845758552,-0.0486122921575727,0.3111910210628002,-0.2077476809999999,0.0406667075527028,0.3264147603357752,-0.2490943005,0.0110033308294774,0.2988478799046236,-0.2840527548666666,0.1278957345512413,0.2340644884724736,-0.03696294493,-0.116461125400347,0.2730081803521836,-0.03815626076,0.1669277050769545,0.0810308751527645,-0.0183349125166666,-0.1772252768563069,0.0375284649163049,-0.1207533079666666,0.1944053557065567,-0.0456827175742078,-0.07286028808,-0.1164064035087537,0.0082176034946932,-0.2862979981,0.1892302976695336,-0.0723292194843074,-0.0825725028866666,-0.0741819929286413,0.0071941583596114,-0.3542255821666666,0.1752382922630352,-0.0699479324632325,-0.1041449747666666,-0.0391804724794924,0.0608410668572884,-0.3614735960666667,0.1932669220493885,-0.0663476777340511,-0.0824938372733333,-0.0966472332135,0.0271252043206654,-0.294812232,0.0749499518237244,-0.1652490035268503,0.0460324057699999,-0.0726416840288263,-0.1649255837358848,-0.0432336434666666,0.0761100858898971,-0.4922461370345958,0.06987977143,-0.0767413176182152,-0.4390459041999969,-0.05680662262,0.0651817676756444,-0.7633155412262713,0.2404872865333333,-0.1360156398917813,-0.7666955318771932,0.0954092253733333,0.0483111938569297,-0.7923498245329595,0.2624423593333332,-0.1399159316544983,-0.7947966428598875,0.0695475589766666,0.097555945752817,-0.8159694260456128,0.2277542576,-0.1395387882207734,-0.8217217200326263,-0.0106864748693333,nijmegen_nijmegen_rennen_g_ch1_g11_compr.mp4,ch1g11,7.749089934249035e-06,6.461274184058804e-06,1.0330786242694809e-05,1.797154711738542e-05,6.130863422363559e-06,6.2605988519086165e-06,1.0245965283416232e-05,4.73646721055175e-06,4.08549072455717e-06,5.4500655539396175e-06,3.72627342539472e-05,3.6415274817429057e-06,1.0746857565555287e-05,1.0273242056623156e-05,1.1515201083757165e-05,5.570422989998339e-06,3.2505489143706894e-06,4.16154948838663e-05,3.3056364686340557e-06,1.0813009174499888e-05,8.216623372333976e-06,1.0127185375371808e-05,1.0873339590583026e-05,8.243206361377092e-06,6.337263451295923e-06,1.8080365508846756e-06,8.476213038881144e-06,3.5800386670332874e-05,1.0844489528522144e-05,4.368069618976264e-05,1.618537377946051e-06,8.577419013204104e-06,9.152888276640372e-06,4.217809990526717e-05,7.1475968348735605e-06,-5.07987688978656e-05,-7.120187942727509e-05,-6.953263776660568e-05,-7.151718388816869e-05,-7.871053301842322e-05,-7.553631490313418e-05,-7.046365108945163e-05,-8.999024706797363e-05,-0.0001103971149056,-5.92593780049453e-05,-5.5311989374450896e-05,-3.797883690349714e-05,-0.0001652981411468,-0.000122232124181,-0.0003089024105327,-0.0001033190253396,4.018771317122036e-05,-0.0001030827966966,7.603109454098094e-05,-9.748228229131924e-05,6.99320181812585e-05,-9.51005376759968e-05,4.3843700571328326e-05,2.5407967048976964e-05,-2.6026981832447106e-05,8.80251844409417e-07,-9.023826064335046e-05,5.744798509296354e-05,-2.8927472472317325e-05,6.163189559312931e-05,-3.3666295824616064e-05,3.924420880229221e-05,1.3142676687813172e-05,-7.094220128951958e-07,-1.947452784688683e-06,-5.147109300922929e-07,-3.2767071945315165e-06,-1.3814345129962629e-08,-2.080064905178047e-06,-4.133295820660268e-07,6.244857829234206e-07,-8.483641737165064e-07,-7.535297766581055e-07,-8.127784132381121e-07,-1.1880385933148766e-07,-4.6279408029270145e-07,-4.493435010692008e-07,-2.7054541959821937e-06,-5.98320540139481e-07,-5.847782256830927e-07,-6.688335806601925e-07,-7.105913160474833e-08,-5.202484488404834e-07,-2.484124271882778e-06,-4.530626678288959e-07,-5.240226681795279e-07,-4.90303414962615e-07,9.697927652082225e-08,-1.5081738140324997e-07,-4.659358091374735e-07,-1.4972248386816484e-06,-1.181513811963365e-06,1.9679992094867078e-07,-1.5364153442605754e-07,-4.537333779319572e-07,-2.356465686784115e-06,2.3628203090523563e-08,1.4613697710523083e-06,8.185840057296294e-08,-2.594199625692151e-08,2.3488701883150767e-07,1.6582552649933403e-06,5.089301661239152e-08,1.2054177202709293e-08,1.804794155055459e-07,-4.308156000866259e-08,-4.824295128449655e-07,2.7496179035892884e-07,9.951097578678617e-08,7.080481602499872e-08,5.12493950877634e-07,-8.194338091895866e-09,4.9818865197030184e-08,-5.418007361245285e-07,2.4696201469557005e-07,9.866253000235974e-08,2.247539169937744e-06,9.484602896053647e-08,1.0175510788184055e-07,4.288866435365825e-08,2.4462224129764013e-07,-1.4834662359887292e-08,5.962200184479161e-08,-5.055894108612021e-07,-1.4131906777078805e-07,-4.978198731437221e-07,-1.704621778109856e-08,2.8777313581896852e-08,2.1775185845606405e-06,1.629277538351405e-06,movement,no movement,no movement,no movement
1400.000000000001,0.0169488302772829,0.3289781329004345,-0.3030409243666666,0.0301558172902233,0.3448072241719789,-0.2958658040333334,0.0320076397419511,0.3453219074151772,-0.2850671810666667,0.0307064827054764,0.3452136885820284,-0.2893087743999999,0.0102857877312684,0.3543655095367596,-0.3136400341999999,0.011829435229304,0.3531498086382565,-0.3264423743333333,0.0156587217350471,0.3439194997451638,-0.3060004511333334,0.0642301328234889,0.3451311611392805,-0.1846765145333333,-0.0486895857537677,0.3110836493245112,-0.2076790228999999,0.0405523043056961,0.326347650527627,-0.2491762092,0.0108798640043981,0.2987861627211875,-0.2840854222,0.1278753385738709,0.2340252010342058,-0.0370437072366666,-0.1165299072217998,0.2728522734173195,-0.03795737198,0.16683215604662,0.0809165148887866,-0.0185057425033333,-0.1772797409160085,0.0372214703709208,-0.1205283493333333,0.1938375680692007,-0.045791651879809,-0.0733194704666666,-0.1163455035938661,0.0082146347548849,-0.2864616774333333,0.188556128444575,-0.0724451019672262,-0.0831251054966666,-0.0741406505403711,0.0072195947074332,-0.3545028053333333,0.1745237565777612,-0.0700568690058071,-0.1046528684366666,-0.0391745064025189,0.0608595047925514,-0.3617489278,0.1926635231494914,-0.066450990829404,-0.08294325406,-0.096606811823061,0.0271193466816656,-0.310015768,0.074961196530905,-0.1652236972207242,0.0459265877799999,-0.0726596270737797,-0.1649514019659887,-0.0431198948333333,0.0761876525349259,-0.4922447057582874,0.0696678265,-0.0767439604310061,-0.4391496619283247,-0.0567410421233333,0.0652744813091142,-0.7632760793040819,0.2402821760333333,-0.1359570712897643,-0.7667467057909646,0.09560449317,0.0483954754540915,-0.7923083807076139,0.2622334361333333,-0.1398527688063205,-0.7948546069267602,0.0697504040133333,0.097539293612713,-0.8159774573599045,0.2274997675999999,-0.1396385751280819,-0.8217569779362285,-0.0105141866486666,nijmegen_nijmegen_rennen_g_ch1_g11_compr.mp4,ch1g11,7.015923574681734e-06,5.125350475877273e-06,9.874581227636073e-06,1.440090212802366e-05,5.972339049587518e-06,4.862055007211097e-06,9.870792892220722e-06,5.460887908857982e-06,3.39037558683055e-06,4.607463980317732e-06,3.6256177711362234e-05,3.596963188369266e-06,1.037249679064079e-05,9.879321178749396e-06,9.233600872322269e-06,4.688464496316418e-06,2.464494351298194e-06,4.0652409477580725e-05,3.31001267795421e-06,1.037549644317696e-05,6.5222485467099344e-06,9.75989193456132e-06,1.0439321853475848e-05,7.77011624465912e-06,6.333907239748767e-06,1.651729068817407e-06,8.047255403194144e-06,3.408230799414305e-05,9.448973214647629e-06,4.366591806381923e-05,1.46133682399425e-06,8.123635542725345e-06,7.768911698291795e-06,3.847750385457027e-05,7.146647105458576e-06,-5.3838571166971225e-05,-7.185558290588873e-05,-7.02273419958935e-05,-7.196526620547397e-05,-7.918402476824418e-05,-7.648768210402356e-05,-7.233536044940835e-05,-8.340474182398768e-05,-0.000105877837071,-5.9807475548019486e-05,-5.747419606118554e-05,-3.657203124662123e-05,-0.0001480719973242,-0.0001153899988684,-0.0002463965498442,-0.0001002035181973,4.77290281529502e-06,-0.0001013596496583,1.825998909218768e-05,-8.815673134378554e-05,-9.517932147353445e-06,-9.057306019895258e-05,-6.633523433337733e-06,2.2629347564458137e-05,-2.301768913926241e-05,-1.4352114014822737e-06,-7.805402254097403e-05,3.80345590880943e-05,-3.383101918667794e-05,4.114260686080288e-05,-3.872382083873345e-05,1.7853596115471618e-05,2.4421645426887708e-06,-6.215672894450861e-07,-3.990468918811365e-07,-3.803119707529369e-07,-3.252949910130507e-06,2.2886288304631465e-07,-3.2376526269724333e-07,-3.125443068302898e-07,6.226408011444351e-07,-5.830187706591216e-07,-8.330352883820209e-07,-1.319590343336764e-06,5.6987330295199206e-08,-3.108097740637131e-07,-3.280271633226064e-07,-2.023991682953051e-06,-6.160437371204579e-07,-4.5728677613380955e-07,-1.2349880922901884e-06,8.423945479034714e-08,-3.645839976521698e-07,-1.021282236770194e-07,-3.0756480833752236e-07,-3.682945579109987e-07,-4.0334227103108234e-07,3.327931855897448e-07,-1.715198412951451e-07,-3.603786020617912e-07,-2.0116755228570843e-06,-1.292453670125689e-06,-3.0357985916604857e-07,-1.7417040889985178e-07,-3.839086768012028e-07,-1.3817715601874589e-08,8.24407854745821e-08,1.3491668568934857e-06,1.1635893771014181e-07,2.551005174971692e-07,2.431790716503433e-07,1.5083078959135923e-06,8.517307563164594e-08,-3.6169304477560275e-08,2.6660605379236497e-07,-1.45356511385555e-08,-4.3989123312285e-07,2.15574575695541e-07,1.306582044096385e-07,1.0286720285021915e-07,6.871047669298216e-07,6.230996857592767e-08,1.290997702633999e-07,-4.920243501615533e-07,1.88592963965731e-07,1.3538458296753716e-07,2.0025203498187043e-06,1.28472984482324e-07,1.348035378999473e-07,8.323609480301598e-08,2.346424522270497e-07,-6.320353364398593e-09,9.926051588813967e-08,-4.330168215280542e-07,-7.63191218421435e-08,-4.632143362153933e-07,-7.866783124201868e-09,5.5341013466520806e-08,1.9696501450754417e-06,1.595288064968554e-06,movement,no movement,no movement,no movement
1416.6666666666674,0.0167991605626563,0.3289023300481369,-0.3030956791666667,0.0300099479364849,0.3447203940904976,-0.2959469945,0.0318604100957639,0.3452365835348031,-0.2851475152,0.030560974156208,0.3451272321855649,-0.2893892664999999,0.0101326026773659,0.3542708917777635,-0.3136813600666666,0.0116758654786753,0.3530567711214237,-0.3264848018999999,0.0155040346659394,0.3438293643008102,-0.3060430019000001,0.0641553729972997,0.3450440084365313,-0.1847705875333333,-0.0487735411146021,0.3109727379211037,-0.2075994963999999,0.0404436356531082,0.3262731991110208,-0.2492478441,0.0107651803016904,0.2987096800223093,-0.2841134691333333,0.1278562368098613,0.2339855611483585,-0.0370729316433333,-0.1165587180577323,0.272698858664089,-0.0377611472833333,0.1667560955833663,0.08080971269496,-0.0185453724533333,-0.1773300061767275,0.0369784872598899,-0.1203359827666666,0.1932952525988571,-0.0458848305192816,-0.0734530884333333,-0.1163657143719364,0.0082354134756341,-0.2866681837,0.1879023901876688,-0.072544134959281,-0.0832909502066666,-0.0742209643184765,0.0072774941782482,-0.3548150333333332,0.1738076727136086,-0.0701444550461967,-0.1047874216866666,-0.0392591198919603,0.0608900506360629,-0.3620595117,0.1920760012922401,-0.0665376507352086,-0.0830616256566666,-0.0966462671447982,0.0271298562034113,-0.309426963,0.0749686501482091,-0.1652023740412355,0.0458406155266666,-0.0726729154107727,-0.1649727016228741,-0.04303045645,0.0762719046040393,-0.4922437353813406,0.0693736388366667,-0.0767496042871574,-0.4392409109435367,-0.0567545739933333,0.0653398676452855,-0.7632378618295005,0.2399156347999999,-0.1359010755385062,-0.7667819915600744,0.0957367876633333,0.0484449586247393,-0.7922664682225422,0.2618524392666666,-0.1397940541106117,-0.7948944507914368,0.0698897812766666,0.0975008049396338,-0.8159788795778515,0.2270843282,-0.1397012256265111,-0.8217681796493335,-0.0103558913643333,nijmegen_nijmegen_rennen_g_ch1_g11_compr.mp4,ch1g11,6.425693811287736e-06,5.684626986944969e-06,9.558764270065116e-06,1.1233405990554556e-05,6.211226546885943e-06,5.70663032930744e-06,9.606230491553104e-06,6.145412933997099e-06,2.946584274847012e-06,3.842983171412899e-06,3.518379556959224e-05,3.725030909332076e-06,1.012194449649657e-05,9.610319983551484e-06,7.545699474947537e-06,4.009104129968563e-06,2.2297037119772097e-06,3.96380910873291e-05,3.467811914940783e-06,1.0068892700473638e-05,8.011213119370254e-06,9.55589941844133e-06,1.0127023016649018e-05,7.427484795106718e-06,6.707024942586557e-06,1.4587198083306302e-06,7.751816422463513e-06,3.2301213590557047e-05,8.073135851209323e-06,4.36531856185802e-05,1.2696793146479072e-06,7.705265637829e-06,9.211209375331556e-06,3.5479717785212734e-05,7.55049025281693e-06,-5.753422064812908e-05,-7.352383419403208e-05,-7.194502002143952e-05,-7.347844013027633e-05,-8.017355125289987e-05,-7.804498579390995e-05,-7.479012809394557e-05,-7.953003777769717e-05,-0.0001016243443795,-6.12156810695359e-05,-5.9999044465161966e-05,-3.7091302695603474e-05,-0.0001287349173281,-0.0001035417025147,-0.0001769496410049,-9.064199032630022e-05,-1.5554215242739512e-05,-9.383222172087552e-05,-2.1150963544381418e-05,-7.54625741706225e-05,-6.478093083021916e-05,-8.002506224630117e-05,-3.8973868282038894e-05,1.946806406045392e-05,-1.9676733176994163e-05,-2.00940662618453e-06,-6.35525216292078e-05,2.5679356283351677e-05,-3.1615796868483405e-05,2.758081146652216e-05,-3.603279501531505e-05,1.1560957049299455e-06,-2.0596226575457616e-06,-5.061594644339069e-07,1.024585132181215e-06,-2.617208027477772e-07,-2.9112269380428225e-06,5.032504502071774e-07,1.2213308109386923e-06,-2.2426929837000734e-07,5.69286381737038e-07,-2.3749591170858225e-07,-8.588025116074314e-07,-1.651893495677565e-06,2.2863985983315405e-07,-1.8149644290757096e-07,-2.249675650024927e-07,-1.191159436525651e-06,-4.823865227737655e-07,-2.661891605932686e-07,-1.5906541030585422e-06,2.3321790200868927e-07,-2.2845416391046473e-07,1.88302065691022e-06,-1.7459803475060918e-07,-2.3210963066370562e-07,-3.0763074855654265e-07,5.843487170852439e-07,-1.723143726457927e-07,-2.466702130292128e-07,-2.325256891993732e-06,-1.3464739118884805e-06,-6.059510847964848e-07,-1.769044695962296e-07,-3.1634648883319313e-07,2.0035078205895578e-06,1.2416699961610717e-07,1.1057997806365695e-06,1.348169184752326e-07,5.060811608766564e-07,2.478612136260317e-07,1.214538670716229e-06,1.0661033601141233e-07,-7.64536442959725e-08,3.298993168536261e-07,2.0698528379582483e-08,-3.703529165036862e-07,1.833356315022983e-07,1.447258944213385e-07,1.2052290566597293e-07,7.975165585582e-07,1.5033180207948948e-07,1.985335813089263e-07,-4.0821830985745563e-07,1.5492038469511847e-07,1.539031981199666e-07,1.57657011960625e-06,1.443548780889986e-07,1.5047345079468e-07,1.1147070982928649e-07,2.2290493954552925e-07,7.221038836500287e-09,1.2534827225842276e-07,-3.232646200823059e-07,1.7585841565433796e-10,-4.2110183177184147e-07,5.8750404173243675e-09,7.222292362385956e-08,1.5691119026013452e-06,1.4897798401178685e-06,movement,no movement,no movement,no movement
1433.3333333333342,0.0166512198516826,0.3288253041513714,-0.3031041788,0.0298655464929456,0.3446319063841452,-0.2959841311666667,0.0317149925968342,0.3451496464652383,-0.2851833927,0.0304181025566508,0.3450391280234831,-0.2894269564999999,0.0099829901212748,0.3541759777164576,-0.3136796285333332,0.0115246894386654,0.3529630192091998,-0.3264800722666666,0.0153528981292218,0.3437381292873944,-0.3060416508666667,0.064082858026342,0.3449566095838625,-0.1848188981,-0.0488543603492641,0.310862314315972,-0.2074891617666666,0.0403381260708589,0.3261984135568764,-0.2492686958,0.0106537079841191,0.2986325290207379,-0.2840892567333333,0.1278427297438232,0.2339423485675149,-0.0370604671933333,-0.1165704485802911,0.2725707181195376,-0.0375022983433333,0.1667147678044653,0.0807199838550342,-0.0183600822266666,-0.1773778455088881,0.0368338700809834,-0.1199007397333333,0.1927862512679741,-0.0459779791391241,-0.07304748856,-0.1165017171045472,0.0081852547887443,-0.2864275558,0.1872726252980118,-0.0726404609374097,-0.0828875121966666,-0.0744514358442281,0.0072054526723665,-0.3546270064999999,0.1731036765697104,-0.0702283077161456,-0.10436019672,-0.0394688799967203,0.0607469231709414,-0.3619244992333333,0.1915153227561983,-0.0666229519972967,-0.0826349865366666,-0.0967927273411946,0.0270480907953019,-0.309971184,0.0749756909251768,-0.1651865311989022,0.0457580675666666,-0.0726850243187549,-0.1649886997901703,-0.0429452877433333,0.0763874019215723,-0.4922501996267563,0.0691245676633333,-0.0767572090575795,-0.4392914453590988,-0.0567612413933333,0.0654896614014653,-0.7632308724753029,0.2396293119666666,-0.1358648082904338,-0.7668204411275454,0.0957141473366666,0.0485848878227781,-0.7922586393681477,0.2615525017333333,-0.139758285624746,-0.794937058422882,0.0698483453666666,0.0975383300295372,-0.8159861339443489,0.2266838843333333,-0.1397671522966914,-0.8217747591126854,-0.010398791989,nijmegen_nijmegen_rennen_g_ch1_g11_compr.mp4,ch1g11,5.9544928890191e-06,7.726684764830549e-06,9.33653475227768e-06,8.351175479432904e-06,6.8586511391263095e-06,8.111505161722778e-06,9.400522193415228e-06,6.654070941765562e-06,2.7504946714393357e-06,2.976061782944638e-06,3.348854665227585e-05,3.603006279408823e-06,9.968914488947736e-06,9.417896643114425e-06,6.596036661220279e-06,3.220643207479083e-06,2.1998221471925057e-06,3.7969827361516526e-05,3.369748504251704e-06,9.872379387996358e-06,1.1484551158308451e-05,9.412323125422709e-06,9.926904928094016e-06,7.16787737414911e-06,7.435405930851986e-06,1.2620224433155752e-06,7.547879317511292e-06,2.9892334984365545e-05,6.769942036819797e-06,4.312831796167748e-05,1.0726141575307385e-06,7.416652700406833e-06,1.2671954350862806e-05,3.2657360269884525e-05,8.163361215728206e-06,-6.186345391986354e-05,-7.606941348524239e-05,-7.453968948559215e-05,-7.589966701650251e-05,-8.203562849858614e-05,-8.04067264252085e-05,-7.782571539557726e-05,-7.913997725663093e-05,-9.944710389361575e-05,-6.389569313820693e-05,-6.383887460495468e-05,-4.2100708612898814e-05,-0.0001107096190333,-9.414436347407024e-05,-0.0001104527889403,-8.255582193232365e-05,-2.9963236627472385e-05,-8.893747724482022e-05,-5.101520555079677e-05,-6.47039782291762e-05,-0.0001103419461814,-7.06509080520215e-05,-6.400034218531528e-05,1.6140023430396937e-05,-1.617195008656266e-05,-1.0334117915838357e-06,-4.9402737455124465e-05,1.6485093906738023e-05,-3.2528228665178146e-05,1.6715796177364538e-05,-3.67030870765574e-05,-1.7588513154215526e-05,-1.2160675462187595e-05,-3.9900614136488994e-07,2.097414059892495e-06,-1.5185745759032937e-07,-2.239212128261656e-06,6.847547803373721e-07,2.3442091022455973e-06,-1.40268846449597e-07,4.479561633313736e-07,1.4040091538420056e-07,-8.066006239118385e-07,-1.8346012694983072e-06,3.9335717910352506e-07,-6.255116560802495e-08,-1.303305896227019e-07,-2.529052814337274e-07,-2.841202491449589e-07,1.2174313462550024e-08,-1.7762673596374873e-06,3.7509629687401706e-07,-9.66271344459715e-08,3.2072163969276867e-06,-4.63200707172961e-08,-1.0696645931996677e-07,-2.0191050718148687e-07,7.338481809536007e-07,-1.5516944335078188e-07,-1.216917378013298e-07,-2.461248406850864e-06,-1.337997615161364e-06,-7.720262363272501e-07,-1.6120140459312045e-07,-2.538249258212524e-07,3.394332619996576e-06,1.4255640668448586e-07,7.762424083200361e-07,1.34996096906817e-07,7.117044960240528e-07,2.39831301847029e-07,8.327440069215013e-07,1.1282007945990527e-07,-1.031536231808006e-07,3.569529265136179e-07,6.371103688973453e-08,-2.725908836545575e-07,1.777040653643088e-07,1.389581589682969e-07,1.216625538292546e-07,8.221163666099108e-07,2.4775178653585205e-07,2.509204755590063e-07,-2.9398504209221353e-07,1.4675528001601718e-07,1.5113047926674433e-07,1.04275857119789e-06,1.433114706937275e-07,1.4530497224879461e-07,1.2409313735497424e-07,2.0342412427349898e-07,2.0997492347432746e-08,1.3458327687095681e-07,-1.7870169866393454e-07,8.32089345835762e-08,-3.730981647487492e-07,2.009180285218597e-08,7.218158078886374e-08,1.048219363794128e-06,1.3479188341619823e-06,movement,no movement,no movement,no movement
1450.000000000001,0.0165087289104244,0.3287646174393762,-0.3030517545333333,0.0297293141225925,0.3445572064149442,-0.2959467729666667,0.0315775496234516,0.3450765233136983,-0.2851462004,0.0302829765712244,0.3449647276706266,-0.2893891899999999,0.009840564844298,0.354094803642588,-0.3136008848666666,0.0113805446422503,0.3528838681877496,-0.3263976599,0.0152092274496428,0.3436615165678922,-0.3059645622,0.0640277859379513,0.3448726239658922,-0.1847824478666666,-0.0489219247822015,0.3107584636013567,-0.2072869982333333,0.0402405763026046,0.3261341268090991,-0.2492309312999999,0.0105495259792737,0.2985675492807096,-0.2840041780666666,0.127867381742507,0.2338933088091727,-0.03698364227,-0.1165676267626832,0.2724581364703105,-0.03717570711,0.1667679265211734,0.0806304509021702,-0.0181115560033333,-0.1774104028885487,0.0367558622910009,-0.1194546315,0.1923326432244766,-0.0460567322002534,-0.07265710471,-0.1166714446959729,0.0081650044908114,-0.286229122,0.1866834877660439,-0.0727206944882609,-0.08254780659,-0.0747360837770019,0.0071598968757445,-0.3545375607666666,0.1724164089267965,-0.070277501356161,-0.1040076034533333,-0.0397168522266577,0.0606351508089628,-0.3619383255,0.1909954514194565,-0.0666880998693468,-0.08222691923,-0.0969702341869638,0.0269880020179986,-0.303630382,0.0749847755418457,-0.1651726052993723,0.0456763217833333,-0.07269906945145,-0.1650027095922187,-0.04286035634,0.0765153583245531,-0.4922551344452059,0.06889331133,-0.076772614278358,-0.4393159977434258,-0.0567679081733333,0.0656482638450319,-0.763214472395147,0.2395147309999999,-0.1358239467685835,-0.7668485729454062,0.0957499297433333,0.0487334894930967,-0.7922406837077691,0.2614515980333333,-0.1397159253307496,-0.7949698108610954,0.0698770429966666,0.0975796267393639,-0.8159839973033937,0.2264679570666667,-0.1398166871165685,-0.8217679920197414,-0.0104028443289999,nijmegen_nijmegen_rennen_g_ch1_g11_compr.mp4,ch1g11,5.654396051602678e-06,1.0911454882929792e-05,9.172171717377388e-06,6.498908639404455e-06,7.725466023343187e-06,1.1689790441659329e-05,9.236508301554552e-06,7.061004960019617e-06,3.0814614703773246e-06,1.9300280220185987e-06,3.157730465302276e-05,4.101203524499128e-06,9.867993895913743e-06,9.267363778818873e-06,6.632037038094554e-06,3.160138503360888e-06,2.6294390246476336e-06,3.624067091727424e-05,3.807515311152996e-06,9.750017092993682e-06,1.656543525450558e-05,9.342248834840563e-06,9.780151459434929e-06,6.964504197373174e-06,8.342677493017954e-06,1.0807753065538669e-06,7.416433548279887e-06,2.7467547217225285e-05,5.9382686257769075e-06,4.239836567427187e-05,8.970970424277829e-07,7.137289377148268e-06,1.7676783660736555e-05,3.097976317809251e-05,9.170465669592402e-06,-6.396972530836924e-05,-7.695767776980134e-05,-7.546040408779075e-05,-7.673208576285034e-05,-8.179537389902373e-05,-8.064348716124471e-05,-7.858969805666697e-05,-8.042553591789662e-05,-9.625723322180866e-05,-6.538589231124942e-05,-6.569022681776965e-05,-4.849973519930045e-05,-9.41079693503099e-05,-8.59232592641293e-05,-4.504548616636993e-05,-7.506930634381632e-05,-4.0974752963389614e-05,-8.380573157842168e-05,-7.671369372162795e-05,-5.5423199381996225e-05,-0.0001462016930716,-6.157513994170843e-05,-8.340649777915101e-05,1.2966948508165115e-05,-1.2939824778655511e-05,3.782975607767736e-06,-3.167540573655948e-05,1.4077600398048011e-05,-2.4790710430965295e-05,1.3027753961823746e-05,-2.859504079432038e-05,-2.7691960588817585e-05,-1.2943580696583715e-05,-2.7223796812346844e-07,2.6895621231983827e-06,-2.9764677740685967e-08,-1.3523062269749204e-06,9.090566389626916e-07,2.9550463178482466e-06,-3.7182596333638595e-08,3.089788987207529e-07,5.015097006763534e-07,-6.824086731976909e-07,-1.9573918052721224e-06,5.708929645886457e-07,5.922657845350514e-08,-2.0562598548811825e-08,6.105594577898654e-07,1.86356232745645e-08,3.301011222032838e-07,-1.8860061877404632e-06,5.240290409196027e-07,4.0605213253290264e-08,3.892847197168401e-06,8.882084131588028e-08,1.903395799204184e-08,-7.601909228238427e-08,9.08174214321384e-07,-1.260601188091367e-07,1.4174087329598405e-08,-2.4735235115926613e-06,-1.2545823256599352e-06,-9.909947230648803e-07,-1.3458495934153165e-07,-2.056656950106913e-07,4.077459601927704e-06,1.3641989522958705e-07,4.044045175677186e-07,1.1798645073664982e-07,8.293428256056295e-07,2.2082819341967418e-07,4.129218213591038e-07,1.0361161504314433e-07,-1.147694997059651e-07,3.335855446045934e-07,1.1473153931146505e-07,-1.631825756695828e-07,1.5296337774457649e-07,1.1477356246456532e-07,1.0721327688724693e-07,7.478081318703843e-07,2.993625110699227e-07,2.696985213930454e-07,-1.7425545825123417e-07,1.232226279501883e-07,1.2805545440944302e-07,4.6305078165105275e-07,1.2564503730762089e-07,1.2119601086767078e-07,1.2059841310763297e-07,1.788976980486884e-07,3.1915876202832865e-08,1.262797863184679e-07,-2.6927694737606785e-08,1.5790454997016593e-07,-3.263908749780491e-07,3.178971409463744e-08,5.8358093847759866e-08,4.783305061527677e-07,1.1879792250069294e-06,movement,no movement,no movement,no movement
1466.6666666666677,0.0163571766059731,0.3287139175982538,-0.3030091421666667,0.0295873875890429,0.3444906283160302,-0.2959095151,0.0314335353199105,0.3450114299851342,-0.2851075686333333,0.0301410422137914,0.3448980047207837,-0.2893507777999999,0.0096889465170972,0.3540240131571494,-0.3135158518999999,0.0112263684039586,0.3528145164075801,-0.3263088400333333,0.0150559851173472,0.3435938470745347,-0.3058818647333333,0.0639790729378968,0.3447929346899895,-0.1847340876666666,-0.0489963779331526,0.3106659133304605,-0.2070623339333333,0.0401382466746351,0.3260798269321947,-0.2491989206333333,0.0104369356776547,0.2985133185566605,-0.2839192195999999,0.127910752347567,0.2338435345502961,-0.0368981174299999,-0.1165574896831922,0.2723787220659607,-0.0368554945666666,0.1668474289683757,0.0805471492457067,-0.0178656746766666,-0.1774416376093849,0.0367625861910273,-0.1190544821666666,0.1918787615245723,-0.0461179929858916,-0.07227015806,-0.1168901680243146,0.0081368162791288,-0.2861447407,0.1860674871391266,-0.0727882719895414,-0.0822032159966666,-0.0750867423189289,0.0070814088269152,-0.3545638136333332,0.1716828380896083,-0.0703097531818318,-0.10364533659,-0.0400064343371676,0.0604810570376604,-0.3620409408666667,0.1904646232491492,-0.0667344939234031,-0.0818196016033333,-0.0971917316108152,0.0269099468925553,-0.307584047,0.0749938441047788,-0.1651616875620255,0.0455953167699999,-0.0727128810441271,-0.1650137363162882,-0.0427760232666666,0.0766412789133197,-0.4922553797113829,0.0686446228699999,-0.0767875518004808,-0.4393317616117901,-0.0567612384133333,0.0657957900973155,-0.7631830813071118,0.2393929959666666,-0.1357820494452201,-0.7668612479125912,0.09588935669,0.0488703785559752,-0.7922086324916593,0.2613468180333332,-0.1396738164615112,-0.7949842849900456,0.0700271134866666,0.0976247380687126,-0.8159927068072484,0.2262443875,-0.1398646186341247,-0.8217729928703302,-0.010300968986,nijmegen_nijmegen_rennen_g_ch1_g11_compr.mp4,ch1g11,5.571295451201363e-06,1.409312675147052e-05,9.350808660076124e-06,5.577548919386581e-06,8.847090796748543e-06,1.5101012630393108e-05,9.386950035208046e-06,7.291282944253092e-06,3.911981525965646e-06,1.1160461519874414e-06,2.9658188663332088e-05,4.617072651386635e-06,1.0163100950771508e-05,9.438460142801032e-06,7.685583306359344e-06,3.46698895462303e-06,3.1551636373862284e-06,3.443077003153794e-05,4.260842461003373e-06,1.005079457111986e-05,2.092947766292966e-05,9.669927073744195e-06,1.004052343571026e-05,7.079158264146924e-06,9.44151578561301e-06,9.8376535898253e-07,7.662567741489052e-06,2.5068488758793567e-05,4.644575900036671e-06,4.146091861964797e-05,7.879413145452482e-07,7.065720593660198e-06,2.2361009014945615e-05,3.0285682970504616e-05,1.0358426463873213e-05,-6.780370607135878e-05,-7.977060536202208e-05,-7.824557634688936e-05,-7.948960148775492e-05,-8.378091171215228e-05,-8.29680785593587e-05,-8.14545424349819e-05,-8.372110849398668e-05,-9.546768611546263e-05,-6.832584528025616e-05,-6.886023849946593e-05,-5.485369803519325e-05,-7.82242158393211e-05,-8.151805994316624e-05,1.7542987294532233e-05,-6.772453825577473e-05,-4.919133480133456e-05,-7.809327930120572e-05,-0.0001005193807533,-4.46900909167858e-05,-0.0001796091939859,-5.332614199185754e-05,-0.0001017455219944,1.0425060395137075e-05,-1.0381837323523938e-05,8.988542539782163e-06,-1.5347984541265585e-05,1.567129758569143e-05,-1.3973295044450744e-05,1.3024220041777043e-05,-1.7277220501387393e-05,-3.0547730009723756e-05,-7.2977360712620065e-06,-1.3675531186200097e-07,2.8427381164087464e-06,7.625415551401855e-08,-3.887519390814319e-07,1.1639270904556728e-06,3.090991479102911e-06,6.01998629385813e-08,2.0063464163266674e-07,8.197806746550957e-07,-5.332585467495682e-07,-2.0581086417905157e-06,8.019738529577643e-07,1.5270720767056637e-07,7.702507414162332e-08,1.3204304208103949e-06,4.123140022858247e-07,6.787003449353021e-07,-1.9894953628300864e-06,7.151222205361137e-07,1.478907060597821e-07,3.990880790968014e-06,1.9790257556006466e-07,1.179496583974612e-07,4.488407944240396e-08,1.1156565024360436e-06,-8.359698760801168e-08,1.301694259724859e-07,-2.4132593792340072e-06,-1.0587686353060442e-06,-1.3059033558688865e-06,-9.261272013044049e-08,-1.6792551787991653e-07,4.130507209264707e-06,1.1050601952541436e-07,6.40238276134868e-08,7.984009095069064e-08,8.459332875154497e-07,1.7846489105359294e-07,4.2047263537500526e-08,7.418772077307623e-08,-1.0864448615671048e-07,2.626963504304973e-07,1.579931107938377e-07,-5.5953848669466715e-08,1.2064127893719077e-07,6.731017861060565e-08,7.296449378787626e-08,5.802750441186005e-07,3.094910077962589e-07,2.552041895032366e-07,-5.658430364262929e-08,9.468423940787873e-08,7.955076565605767e-08,-2.6903418763570338e-08,8.610794608340599e-08,7.32288795702458e-08,9.547481505735029e-08,1.389634817099707e-07,3.6721423534676784e-08,9.398341504866429e-08,1.1726035964110621e-07,2.472903842055656e-07,-2.765941198589963e-07,3.8436481576193334e-08,2.7196019632329594e-08,-2.3642243936379924e-08,1.0344908391082946e-06,movement,no movement,no movement,no movement
1483.3333333333344,0.0162092751939265,0.3286472357700568,-0.3030022470666667,0.0294542533798343,0.3444109735889382,-0.2959077975,0.0312974317577971,0.3449333143785596,-0.2851038185,0.0300071884558678,0.3448187105054218,-0.2893464554666666,0.0095422438535022,0.3539407880548851,-0.3134620030666665,0.0110765240836198,0.3527320517934048,-0.3262515653999999,0.014907204356599,0.3435124030449302,-0.3058310736333333,0.0639438283152882,0.3447110478501291,-0.1847020531666666,-0.0490679956789539,0.3105742966783441,-0.2068463574999999,0.0400424941377211,0.3260120537647883,-0.2491953840666666,0.0103275241974682,0.2984457050704877,-0.2838587536666666,0.1279726115097686,0.2337910116587422,-0.0367885213766666,-0.1165458410725218,0.2723173077852867,-0.0365455305433333,0.1670070779177871,0.0804737875665266,-0.0176079892066666,-0.1774853637551232,0.0368422170294532,-0.1186795890666666,0.1915056036869378,-0.0461767541885525,-0.0718477185833333,-0.1171761710879284,0.0081133836518578,-0.2860712299333334,0.1855274704488807,-0.0728592283147946,-0.0818068431233333,-0.0755187957350422,0.0070033977228982,-0.3545694055666666,0.1710066347102146,-0.0703460506980869,-0.1032315052766666,-0.0403595316826774,0.0603228150892537,-0.3621409455333333,0.1900053785575255,-0.0667797849010439,-0.08137223,-0.0974743371261608,0.0268307374612453,-0.278632939,0.0750037676113102,-0.1651517350687381,0.0455171221799999,-0.0727274858482232,-0.165023636311125,-0.0426945013733333,0.0767654774772379,-0.4922492677478449,0.0684158567633333,-0.076788807363913,-0.4393359567101008,-0.0567200331,0.0659887925044464,-0.7631716883742107,0.2392437464333332,-0.1356964020874524,-0.7668648331180683,0.0961799618733333,0.049058580940252,-0.792203233266495,0.2611965388333333,-0.139578611869839,-0.7949903689499914,0.0703417559733333,0.0976869400401762,-0.8160422311050657,0.2258848225,-0.1398199356713646,-0.8217775968376593,-0.0100412088693333,nijmegen_nijmegen_rennen_g_ch1_g11_compr.mp4,ch1g11,5.541761683971272e-06,1.6780759430438144e-05,9.525753950650616e-06,5.6830845790915845e-06,9.830910675769604e-06,1.801521382016866e-05,9.5322913202005e-06,7.322309726463568e-06,4.972749837271513e-06,7.064929238003595e-07,2.7615443422101472e-05,5.678975349422241e-06,1.042808539351963e-05,9.602372398395563e-06,9.570739668806004e-06,4.305969673878462e-06,3.8771190405442485e-06,3.2451307613419e-05,5.224315960556287e-06,1.0325835615784926e-05,2.462214302776472e-05,9.967197835609627e-06,1.0285073550525083e-05,7.21587108785984e-06,1.0331316076748469e-05,9.268268292324928e-07,7.902352617217257e-06,2.2654549448658372e-05,3.5934718474420623e-06,4.023963806100581e-05,7.161794881224173e-07,7.0250291744622104e-06,2.6187833928731684e-05,3.0310377858501063e-05,1.1577114024376044e-05,-7.241243286528417e-05,-8.387438801659172e-05,-8.22524292528593e-05,-8.347214988539776e-05,-8.712469449844595e-05,-8.641036455457568e-05,-8.545977781542854e-05,-8.668233865057164e-05,-9.493386020185538e-05,-7.187115154581353e-05,-7.234220351352329e-05,-6.194247737816739e-05,-6.209359183188457e-05,-8.600050697397635e-05,7.684964225651828e-05,-6.845976766950804e-05,-5.3538828177783935e-05,-8.321366337832907e-05,-0.0001210022092986,-4.596893285379222e-05,-0.0002083449561293,-5.340899934420556e-05,-0.000116063256176,8.005654260460002e-06,-7.995329375275171e-06,1.2033814302999951e-05,-2.0716226151032357e-06,9.893894636245838e-06,-1.3996306523918537e-06,5.357221915382102e-06,-4.102781414864231e-06,-3.972025430317828e-05,-4.5358911605340994e-08,-4.26836890677265e-08,2.578180537859234e-06,1.146579041134144e-07,4.670015508623267e-07,1.3352734864357446e-06,2.8016328408221417e-06,9.873404150621829e-08,1.1513930137961097e-07,1.0296146822169753e-06,-3.465884095926795e-07,-2.1115274988692295e-06,9.3825105533641e-07,1.7293264568168445e-07,1.1002160711505517e-07,1.717647845200228e-06,8.203589846162726e-07,9.49718857240618e-07,-2.045444431112107e-06,8.18224087768353e-07,1.779192564963064e-07,3.611170526523255e-06,2.3329753528394287e-07,1.4527662159177146e-07,1.052044792737368e-07,1.2522299344835275e-06,-3.801844432423623e-08,1.8147758738751026e-07,-2.2659345717399285e-06,-7.606537233183936e-07,-1.6557602714789693e-06,-4.642836369717334e-08,-1.686479040119739e-07,3.651634866942605e-06,7.474670328065192e-08,-2.102513785799429e-07,3.1607715516269975e-08,7.481278778587864e-07,1.2567948917976728e-07,-2.4649673738733177e-07,3.4189585442626126e-08,-8.570807919617444e-08,1.5844993106373934e-07,1.805244361330828e-07,4.9754089221054485e-08,5.7290700023940146e-08,9.91139950550108e-09,2.9001988277706856e-08,3.427554057103353e-07,2.676420370599281e-07,2.0798702534237157e-07,5.527421867662771e-08,3.8782065765932686e-08,2.0062669359658864e-08,-3.9668084464179874e-07,3.798865833179555e-08,1.5081710102950137e-08,5.80373087521864e-08,9.4869400640518e-08,3.5213673776856915e-08,4.9304315156775145e-08,2.46679628308126e-07,3.190742086900157e-07,-2.164329327564494e-07,3.9379897337209874e-08,-1.5222332715865745e-08,-4.126576654605739e-07,8.844394105817252e-07,movement,no movement,no movement,no movement
1500.0000000000011,0.0160627580486073,0.3285788239053328,-0.3027130204666667,0.0293235744311519,0.3443313402649863,-0.2956005723,0.0311643097939463,0.3448554538974149,-0.2847972333666667,0.0298763561143325,0.3447394804718634,-0.2890407114666666,0.0093981529802962,0.3538576798275743,-0.3131094316666665,0.0109287610477068,0.352649590465647,-0.3258891065999999,0.0147612748172307,0.3434306182497184,-0.3054825245666666,0.0639154442220673,0.3446332795543801,-0.1843484967999999,-0.0491368807961033,0.3104864575561791,-0.2063376184333333,0.0399490986084926,0.3259447812099245,-0.2489125033999999,0.0102194633153508,0.2983775368149234,-0.2835178011999999,0.1280438122726902,0.2337367208401991,-0.0363779955666666,-0.1165255475540544,0.2722727692868179,-0.0360401772833333,0.1671697877924025,0.0803857352967032,-0.01708140728,-0.1775278829018447,0.0369573204656894,-0.1180884803666666,0.1911527945188298,-0.0462507730684101,-0.07117415108,-0.1174917837802802,0.0080507685307479,-0.2857560574666667,0.1850110489393027,-0.0729520339044395,-0.08115695431,-0.0759805957737986,0.0068591640606453,-0.3543233363999999,0.1703571425601349,-0.0703983408891781,-0.1025705911,-0.0407332799570008,0.0600947917237092,-0.3619852949666666,0.1895679726634677,-0.0668378156628628,-0.0806827016133333,-0.0977831654373549,0.0266997491391483,-0.283175826,0.0750133923520994,-0.1651440642449116,0.0454429211033333,-0.0727415231211329,-0.1650311739646137,-0.0426169517566666,0.076886058330523,-0.4922250404703116,0.0680939516966666,-0.0767846396478131,-0.4393366668800978,-0.0566876001033333,0.066160366822319,-0.7631701657410153,0.2388581277333333,-0.1356008983213071,-0.7668605417470524,0.0963947482133333,0.0492231571769693,-0.7922091147941608,0.2607876628999999,-0.1394754336833112,-0.7949887722481228,0.0705645444766666,0.0977514136166538,-0.816090815708373,0.225351578,-0.1397657629705379,-0.8217697976162572,-0.009838052002,nijmegen_nijmegen_rennen_g_ch1_g11_compr.mp4,ch1g11,5.472390564043237e-06,1.9194722208884543e-05,9.535384293332515e-06,6.654212318720297e-06,1.122491098238967e-05,2.0477183681073787e-05,9.54322486787698e-06,7.298301267677043e-06,6.22226274189423e-06,6.480180498094962e-07,2.5472499785490214e-05,6.710339866988761e-06,1.0490927688333012e-05,9.61434976343019e-06,1.1909530123208954e-05,5.300699753854213e-06,5.068234227604652e-06,3.038582711135204e-05,6.1371217410191735e-06,1.039277208613122e-05,2.74760469931083e-05,1.00906629990052e-05,1.0324722700271207e-05,7.249780971576259e-06,1.1562058996028391e-05,9.157157693424332e-07,8.00317102733392e-06,2.046175512175083e-05,2.7642085768761844e-06,3.838653232794354e-05,6.927699417787586e-07,6.8070208450221435e-06,2.944069565279144e-05,3.119673432712104e-05,1.3089899598229594e-05,-7.71985924981066e-05,-8.825033542732553e-05,-8.655579680020373e-05,-8.770515951976399e-05,-9.04100922518257e-05,-8.990049521948229e-05,-8.950367999104924e-05,-8.729718631333778e-05,-9.253008993547713e-05,-7.540203150260359e-05,-7.570083671995512e-05,-6.776350389136084e-05,-4.5837669685047666e-05,-8.946630228297168e-05,0.0001278746488637,-7.862218091607538e-05,-6.325489732760429e-05,-0.0001003219087807,-0.000147252097312,-6.219140944857609e-05,-0.0002396169637212,-6.356829145070217e-05,-0.0001329173796519,5.582265612659908e-06,-5.666094650467412e-06,1.4900197395684887e-05,7.384575246382405e-06,-4.74177238218175e-07,8.869361148011706e-06,-6.747859079170313e-06,6.4453480427715855e-06,-5.03935541170544e-05,4.6894080696699115e-06,4.235169077390944e-08,1.9758580835309187e-06,1.3570540983686457e-07,1.1294679997074877e-06,1.4170048093688084e-06,2.153397231199731e-06,1.2625225200848224e-07,3.6552711568591824e-08,1.137817256489444e-06,-1.5977754129147737e-07,-2.1304360266097502e-06,1.020662230861968e-06,1.688761734190606e-07,1.3002582300991862e-07,1.8904667466798352e-06,1.1528190508866307e-06,1.0656698289910148e-06,-2.0855389869173027e-06,8.763325502971204e-07,1.803312040306664e-07,2.768588926059937e-06,2.459368831751328e-07,1.483018198539571e-07,1.5034222073241058e-07,1.3105773115219103e-06,-1.132501283692853e-09,2.0590700325766737e-07,-2.072415405759934e-06,-3.922891342863818e-07,-2.0247991280428983e-06,-4.708964636604287e-09,-1.83078750559253e-07,2.750741888129304e-06,3.460047376055257e-08,-4.1729125986866354e-07,-1.4414708462833576e-08,5.565242625401595e-07,4.7592399030663544e-08,-4.518095791885182e-07,-6.268379527513147e-09,-5.820101161986684e-08,3.897643346623845e-08,1.8706637868517192e-07,1.4875817348240345e-07,-1.2773712572614867e-08,-4.249607890421756e-08,-1.3637131201918282e-08,8.233606027782443e-08,2.045559493397364e-07,1.2972242056638178e-07,1.5252572064381989e-07,-2.0301979646489852e-08,-3.4586949921928405e-08,-6.504367354543038e-07,-6.568431660971034e-09,-3.7924799422396216e-08,1.7637185160259488e-08,2.9375921721729778e-08,2.7472826985586833e-08,3.9242537032405494e-09,3.4793176878138813e-07,3.613897828591265e-07,-1.376742352702964e-07,3.420559367789838e-08,-5.390857769987685e-08,-6.957935419182901e-07,7.821042084710091e-07,movement,no movement,no movement,no movement
1516.666666666668,0.0159185335082347,0.3285035148994238,-0.3024321723333333,0.0291979588826997,0.344244457517972,-0.2953154196999999,0.0310363977327483,0.3447697497591878,-0.2845108092,0.029750658571141,0.3446529286035865,-0.2887570619,0.0092598221679317,0.3537704368173823,-0.3127841055333332,0.0107871704716528,0.3525625348917285,-0.3255569517666666,0.0146213956693994,0.3433444038053973,-0.3051614174333333,0.0638947439141383,0.3445468231579167,-0.1840762336999999,-0.0491918947563272,0.3104032982927354,-0.2059154009666666,0.0398567107998575,0.3258695956518043,-0.2486486306666666,0.0101133720413214,0.2983053422282603,-0.2832031304,0.1281158274319969,0.2336612625094147,-0.03611545089,-0.1164917012911055,0.2722423938399186,-0.0356098560233333,0.1673383359741494,0.0802922311361823,-0.016790162213,-0.1775566246125388,0.0371014216217923,-0.1175028361666666,0.1908206270085233,-0.0463422245711358,-0.07071049698,-0.117807671786056,0.0079705039108224,-0.2851924727,0.1845209942203763,-0.0730705355241337,-0.0807252449466666,-0.0764411124968448,0.006683113235976,-0.3537539411666665,0.1697266657606127,-0.0704804437764772,-0.1021195396566666,-0.0411249032170536,0.0598268586822844,-0.3615213751333333,0.1891505355677206,-0.0669126993676652,-0.0801999701766666,-0.0980986065179485,0.0265478903527775,-0.284634888,0.0750217246994852,-0.1651382981795919,0.0453756861966666,-0.0727536155666482,-0.1650368515024035,-0.0425482206466666,0.0770036280574971,-0.492202655188441,0.06779622699,-0.0767954275622735,-0.4393341137754617,-0.0566926545966666,0.0663321431996427,-0.7631785585612474,0.2384670745666666,-0.1354923364579606,-0.7668519326584462,0.0965933734966666,0.0493880407185914,-0.792225849039472,0.2603673001666666,-0.13935417834942,-0.7949826800307075,0.0707711766433333,0.0978186904797625,-0.8161552604803666,0.2248182515333333,-0.1396594336342141,-0.8217726025599056,-0.0096556841716666,nijmegen_nijmegen_rennen_g_ch1_g11_compr.mp4,ch1g11,5.4250562660345965e-06,2.0805715562979975e-05,9.66965200937623e-06,8.298652318545064e-06,1.281117855746906e-05,2.212508583213732e-05,9.676662556022431e-06,7.3156477100143855e-06,7.2562912544072205e-06,8.600422896520769e-07,2.3553136091595227e-05,7.913093979115643e-06,1.0642607399643e-05,9.743596347834385e-06,1.3848711133361602e-05,6.656867272206722e-06,6.3128035014864085e-06,2.8563951433010116e-05,7.205438318559006e-06,1.055832184363262e-05,2.9400125926620503e-05,1.0349222298830064e-05,1.045176199189992e-05,7.415531185275872e-06,1.2997562168025584e-05,9.497559148182084e-07,8.229318397193665e-06,1.8724171814978344e-05,2.4653734892965268e-06,3.6383319103916245e-05,7.191428970909932e-07,6.560960112888823e-06,3.137072426510954e-05,3.231295159226163e-05,1.4861189847190849e-05,-8.475329252430717e-05,-9.473055132469968e-05,-9.296900068020642e-05,-9.404327674607656e-05,-9.555138237856328e-05,-9.53374964790105e-05,-9.549892352148124e-05,-8.773048020239602e-05,-8.949597283295285e-05,-8.081136256329384e-05,-8.104464987715623e-05,-7.216171015506915e-05,-3.126850130844742e-05,-9.217425979160768e-05,0.0001674033699519,-9.832900829736704e-05,-7.390120410804502e-05,-0.0001279677556524,-0.000169878558549,-9.192271726759076e-05,-0.0002631637437688,-8.436134154457131e-05,-0.0001489998966122,3.176979950516961e-06,-3.3901595288296314e-06,1.3011610499902576e-05,1.3986633996087228e-05,-1.439947930995175e-05,1.8382281386865924e-05,-2.216661253832503e-05,1.5680187753388763e-05,-6.37431288442104e-05,9.486709363005646e-06,5.676066642408632e-08,1.38895067370686e-06,1.2424111829766052e-07,1.5311862290044422e-06,1.4463296283239985e-06,1.5092843590224102e-06,1.26350564888373e-07,-1.2924608995123834e-08,1.1099342528186104e-06,3.2323145919993316e-08,-1.994143233915151e-06,9.873676029123407e-07,1.3269395320672334e-07,1.2154722929503953e-07,1.8562666075289947e-06,1.255406157479106e-06,1.0710271407066338e-06,-1.9518202543772487e-06,8.443098454989476e-07,1.5018811751496545e-07,1.8738107189790912e-06,2.429205423470883e-07,1.1521341201622728e-07,1.616885615536047e-07,1.325532349640704e-06,2.3663640705770497e-08,2.077760784620553e-07,-1.732985463153125e-06,-1.5185796178514932e-08,-2.200710638836686e-06,2.8053350418318913e-08,-2.2630720742882785e-07,1.8687472745107551e-06,-5.618333837873156e-09,-5.418115497476197e-07,-6.197098973589901e-08,2.9004806829377904e-07,-4.309803715272784e-08,-5.660116674648329e-07,-5.0495103647027266e-08,-2.8478636321650243e-08,-7.196585126214579e-08,1.8126969136927635e-07,2.433738353261054e-07,-9.437221016630875e-08,-9.267768599110818e-08,-5.859001351066945e-08,-1.4556870786471737e-07,1.1721231917172347e-07,4.8754047679936256e-08,2.408772552997665e-07,-8.782552800331628e-08,-8.721338815067859e-08,-7.854894695168727e-07,-5.2911600678703475e-08,-8.827429614777865e-08,-2.8418957604769984e-08,-4.8929898797994626e-08,1.5872984017530972e-08,-4.5141281425743e-08,4.230300320815234e-07,3.5694507922690093e-07,-3.1738449089535674e-08,2.4810798814423136e-08,-8.781130947928912e-08,-8.530589780426801e-07,7.60152809712079e-07,movement,no movement,no movement,no movement
1533.3333333333346,0.015772037608639,0.3284208990271861,-0.3018093673666667,0.0290726624730175,0.3441521673435577,-0.2946762880333333,0.0309091497709432,0.344679507078198,-0.2838727563666666,0.029625832558291,0.3445612458364799,-0.2881228972666666,0.0091229773719942,0.353680146662847,-0.3121034780999999,0.0106458651842668,0.3524713904066911,-0.3248560239666666,0.014482463725128,0.3432527440984481,-0.3044874180333333,0.0638840599084711,0.3444596721121848,-0.1834368144666666,-0.0492472754862833,0.3103209719566537,-0.2051090658333333,0.0397659794810366,0.3257889680898565,-0.2480483890333333,0.0100060392097985,0.2982257517105886,-0.2825300603666666,0.1281867195478297,0.2335784390405265,-0.03548304536,-0.1164437175222703,0.2722133517119883,-0.0348803719733333,0.1675173434424008,0.0801892602701355,-0.0159382789326666,-0.1775858926747777,0.0372558100660042,-0.1165445789999999,0.1905023645245762,-0.046454756399376,-0.0693766685266666,-0.1181283056274586,0.007864933018933,-0.2839074343333333,0.1840457539817532,-0.0732224371167846,-0.0793268709233333,-0.0768960859640214,0.0064825126229732,-0.3523399480999998,0.1691114034177526,-0.0706045106544691,-0.10069599598,-0.0415204729979672,0.0595269148007378,-0.3601794749,0.1887460068024279,-0.0670079990168964,-0.0788383029333333,-0.0984216215208255,0.0263732355651819,-0.298708349,0.0750276804919047,-0.1651392244702127,0.0453094168833333,-0.0727623433225485,-0.165036625732968,-0.0424813744099999,0.0771041030467621,-0.4921928279711846,0.0671222411366666,-0.0767849880025597,-0.4393155992859995,-0.0567232080633333,0.0664939442168402,-0.7632079364837332,0.2375367647666666,-0.1353727412068496,-0.7668321152562825,0.0968488941333333,0.0495427882025498,-0.7922613850181939,0.2593884259999999,-0.1392224204808728,-0.7949683902449315,0.0710415733633333,0.0978402119861326,-0.8162495473882421,0.2237017894666666,-0.1395180205744232,-0.8217722881408733,-0.0093987860533,nijmegen_nijmegen_rennen_g_ch1_g11_compr.mp4,ch1g11,5.415521109078117e-06,2.1349619145403344e-05,9.608812909457071e-06,1.0308041322381064e-05,1.436676257496724e-05,2.2663832266179293e-05,9.633857661519737e-06,7.381036942316056e-06,8.266529489501637e-06,1.0714644638746653e-06,2.1636333485613613e-05,8.969230502207775e-06,1.0550460817659246e-05,9.68517137537905e-06,1.5514824497113613e-05,8.146573890631968e-06,7.292619016969429e-06,2.665880471717969e-05,8.103661144176712e-06,1.047549471500964e-05,2.9822793035760948e-05,1.041265273546701e-05,1.0340222597504412e-05,7.453034161753857e-06,1.4446196974763428e-05,1.0018931532485522e-06,8.267376883943002e-06,1.7184123651705808e-05,2.5889655580441252e-06,3.393520776141588e-05,7.768611942370147e-07,6.144410589041839e-06,3.1743124188540423e-05,3.313707649161344e-05,1.65638742742543e-05,-9.209026280018664e-05,-0.0001007840822831,-9.89698321883201e-05,-9.995852383378476e-05,-0.0001004102349365,-0.00010048712592,-0.0001012453059003,-8.796303422040374e-05,-8.549832161166123e-05,-8.610434999454177e-05,-8.623553537454791e-05,-7.676951303142058e-05,-1.914019112276316e-05,-9.80093985671448e-05,0.000194793676828,-0.0001224625769502,-8.730077488541035e-05,-0.0001604629276676,-0.0001922902887701,-0.0001277182288899,-0.0002850519687299,-0.0001099782877431,-0.0001658991302322,6.732546433823797e-07,-1.0308277887675172e-06,8.596442790339537e-06,1.4247660140925555e-05,-3.247241132007316e-05,2.0279922086815648e-05,-4.112016490733881e-05,1.667783888431831e-05,-8.016958566755494e-05,7.709917844370752e-06,3.6025803542291584e-08,8.166446907271201e-07,6.955670842532238e-08,1.6735271158365852e-06,1.4019732780454284e-06,9.084443819009984e-07,8.461465193523659e-08,-2.3488179301146427e-08,9.913789793244166e-07,2.20405351530215e-07,-1.754878097304035e-06,8.330632298221719e-07,4.9819694086461114e-08,7.271937835703448e-08,1.644944643546798e-06,1.224809636497672e-06,9.999573017513896e-07,-1.7322023236655614e-06,7.067557618894711e-07,7.126465273402003e-08,1.0277603372731198e-06,1.9887161375079625e-07,3.660781672538582e-08,1.3439875559499236e-07,1.2816861403243656e-06,3.9163449932570145e-08,1.6547553554874545e-07,-1.3200295267265796e-06,3.1132939229255786e-07,-2.2568963647373425e-06,5.36808955789891e-08,-3.065191138772748e-07,1.0332100444471844e-06,-3.982654184814772e-08,-5.87610125067594e-07,-9.847337667154958e-08,-1.0883263415272132e-08,-1.3657530689974417e-07,-5.988922768038763e-07,-8.62421164331904e-08,-2.133462647711916e-09,-1.6442126716471938e-07,1.6949900696118024e-07,3.4339507444525e-07,-1.712946227571288e-07,-1.2989314651794438e-07,-9.375922718243617e-08,-3.122845910187681e-07,2.5462329761808144e-08,-2.2314477996120037e-08,3.346280272279797e-07,-1.4835280745167e-07,-1.266194836584484e-07,-8.113415423903081e-07,-9.113800392510153e-08,-1.2516948739342745e-07,-6.827812483437028e-08,-1.3362639123934954e-07,2.131926674699244e-09,-8.743783769036328e-08,4.831240375902408e-07,3.004020463038322e-07,1.1319012928317824e-07,1.2444132357822014e-08,-1.1206376004845713e-07,-8.979364853264025e-07,8.223956505173013e-07,movement,no movement,no movement,no movement
1550.0000000000014,0.0156265750471239,0.3283125379667193,-0.3016478835,0.0289504568203739,0.3440380498878479,-0.2944714447666666,0.0307848894776072,0.3445675114607554,-0.2836671909,0.0295038945995538,0.3444482510376064,-0.2879133055,0.0089838815097721,0.3535663633722923,-0.3118210365333332,0.0105025246510237,0.3523574342892322,-0.3245648473333332,0.0143407503364751,0.3431377624529834,-0.3042082497333333,0.0639030343141312,0.3443623366238842,-0.1830648631,-0.049304397067566,0.310227741866794,-0.2044822092333333,0.0396795998320909,0.3256903256291619,-0.2478567258333333,0.0098987323696967,0.2981244392703046,-0.2822454938666667,0.1283195498379724,0.2334941423175585,-0.0349610655666666,-0.1164050144587696,0.2721854322132774,-0.0342424586033333,0.1678018769802237,0.0800831272075108,-0.0152810885409,-0.1776171965208523,0.0374382109952144,-0.1159718809333333,0.1902961005026179,-0.0465713146139491,-0.0685559926633333,-0.1184596044188293,0.0077577827133888,-0.2840243548,0.1836792398168909,-0.0733740251189118,-0.0785135811933333,-0.07737133710858,0.0062623796423991,-0.3526455410999999,0.168606460564104,-0.070722492937325,-0.0999231827633333,-0.0419035118534479,0.0592107568392272,-0.3605391065,0.1884512872202529,-0.0671094279178796,-0.0780087497,-0.0987437112176262,0.02618126712856,-0.298114032,0.0750431186348552,-0.1651401198419953,0.0452435494066666,-0.072781788895554,-0.165036225910988,-0.04241218745,0.0772215406735556,-0.492186953043971,0.06672580158,-0.0767643660881191,-0.4393015983735727,-0.0565886446166666,0.0667573689947318,-0.7632544025628077,0.2371838073999999,-0.1352234388115326,-0.76681847364044,0.097374318,0.0498043572094417,-0.7923164223230296,0.259025392,-0.1390551410220373,-0.7949594699684764,0.0715980119033333,0.09791736547323,-0.8163252794582841,0.2230302840333333,-0.139349787225963,-0.8217723687823819,-0.0089817733616333,nijmegen_nijmegen_rennen_g_ch1_g11_compr.mp4,ch1g11,5.47920140795542e-06,2.140104684888574e-05,9.708659856848702e-06,1.201401373103231e-05,1.5597293010583004e-05,2.2834386151887788e-05,9.75306888416852e-06,7.300874755019114e-06,9.137934956691084e-06,1.311598812078097e-06,2.0033039197274176e-05,9.710057661229358e-06,1.060946550526021e-05,9.78935480378631e-06,1.707203796882178e-05,9.179135631312049e-06,8.04078232153963e-06,2.4984468372444995e-05,8.712964704976853e-06,1.0556956101035234e-05,2.987822809054935e-05,1.0619211057785763e-05,1.0390978222960652e-05,7.616463985072376e-06,1.559845390224985e-05,1.0558070544261134e-06,8.43469785162206e-06,1.6132132239081966e-05,3.0461025875781856e-06,3.152580542563251e-05,8.540819565828225e-07,5.8180133900371785e-06,3.157109487083373e-05,3.397118636647468e-05,1.786693924797378e-05,-0.0001033811651122,-0.0001100271223448,-0.0001081983487767,-0.0001090630267163,-0.0001088652349201,-0.0001092787776291,-0.0001105929012845,-8.956673927614231e-05,-8.306909964882653e-05,-9.437145427453598e-05,-9.500989481620349e-05,-8.193823437373849e-05,-1.1225993237684507e-05,-0.0001087807103461,0.0002063003070575,-0.0001493202470681,-0.0001012030854392,-0.000193499545089,-0.0002111850114709,-0.0001659080399431,-0.0003027577616222,-0.0001381468255613,-0.0001819920763206,-1.8976678470430443e-06,1.3514607753990502e-06,4.528924370220259e-07,1.0147597965512735e-05,-5.658775477188315e-05,1.618836790151317e-05,-6.53193911609217e-05,1.1207006353967174e-05,-9.895678780197796e-05,8.463999213402387e-07,-2.829289454717019e-08,3.940126029521965e-07,-4.072029940627989e-08,1.4959026199109789e-06,1.1942420401974042e-06,4.932780218211888e-07,-1.3619333451277252e-08,3.824230514995914e-09,7.688406564477339e-07,3.716444418723107e-07,-1.2612147038489112e-06,5.702915069098943e-07,-9.539289705226009e-08,-3.1149780149084086e-08,1.2161293070249985e-06,1.1202165239940844e-06,9.961447934432096e-07,-1.24869100433136e-06,4.797030570609412e-07,-7.187864450966999e-08,4.400904428048861e-07,1.0000647473002889e-07,-1.0501068314445489e-07,5.2831124703456745e-08,1.090221637935091e-06,2.8665650569693682e-08,6.199811817605294e-08,-7.034661576747775e-07,5.878220100574283e-07,-1.961665181132894e-06,5.5878628991320815e-08,-4.371006779666758e-07,3.717472130773062e-07,-6.117126356516137e-08,-5.885559844297898e-07,-1.2286461682147298e-07,-3.0007645161205125e-07,-2.1086556058224338e-07,-5.970125002938279e-07,-1.1187717741871693e-07,2.146026642691636e-08,-2.275133823577758e-07,1.556978193963022e-07,4.35628501880356e-07,-2.23604851763459e-07,-1.5356791836879058e-07,-1.181376054321862e-07,-4.0854369832125874e-07,-4.0641706881681836e-08,-6.878805323464475e-08,4.215681486122053e-07,-1.8578608211452865e-07,-1.526453497880684e-07,-7.987516279857234e-07,-1.206680852574218e-07,-1.484134593953726e-07,-9.847372098371413e-08,-2.0292567939496837e-07,-1.0031328373177588e-08,-1.2108736512689716e-07,5.190483616857463e-07,2.001323577634176e-07,2.7433650875441656e-07,1.8222654601170935e-10,-1.2316230591728384e-07,-8.912856525323351e-07,9.34217950387846e-07,movement,no movement,no movement,no movement
1566.666666666668,0.0154730954713765,0.3282052754534871,-0.3015198388333334,0.0288244014581055,0.3439248888349056,-0.2943114132333332,0.030656754473017,0.3444561366448436,-0.283507217,0.0293777724650114,0.3443363426621247,-0.2877499242,0.0088375286425286,0.3534531019041018,-0.3115706573,0.0103522881475546,0.3522446979298235,-0.3243095328333333,0.0141919635303755,0.3430239693031758,-0.3039615977666666,0.0639268823749707,0.3442691411104521,-0.182777453,-0.0493572089567451,0.3101399554101622,-0.2038799837666666,0.0395915413650229,0.3255935528363188,-0.2477121830999999,0.0097875345889606,0.2980260321889172,-0.2819946636,0.1284694736423931,0.2334102184234826,-0.0345462651699999,-0.1163648565340812,0.2721691614909386,-0.0336063218866666,0.1681008077061602,0.0799626262031276,-0.0148668153359,-0.1776557962969415,0.0376394889416547,-0.1154651259666666,0.1901274659074191,-0.0467338808527818,-0.0682020764266666,-0.1188078831911765,0.0076553101676774,-0.2843802551333333,0.1833592830879902,-0.0735797876722017,-0.0782296003266666,-0.0778648327923894,0.0060583749359098,-0.3532430726999999,0.1681505088905739,-0.07089382529477,-0.0996723244966666,-0.042299614663686,0.0589194588320711,-0.3611932873666666,0.1881959497196504,-0.0672630957805024,-0.0776487555266666,-0.0990824137556038,0.0260003509973168,-0.289002061,0.0750608277807702,-0.1651414734978137,0.0451695236666666,-0.0728035029970446,-0.1650353145315898,-0.0423338123066666,0.0773490353459046,-0.492182578545921,0.06643237487,-0.0767523339276548,-0.4392920081926409,-0.0564571814799999,0.0670446967718714,-0.763300480181794,0.2369797921333332,-0.1350658421332788,-0.7668032011329386,0.09789516647,0.0500918406385011,-0.7923709806117816,0.2588183284666667,-0.1388778068098536,-0.7949482765128411,0.0721497306266666,0.0980397965161281,-0.8164005522583652,0.2225482766666666,-0.139188767895629,-0.8217722914272908,-0.0085446808759666,nijmegen_nijmegen_rennen_g_ch1_g11_compr.mp4,ch1g11,5.58536371682665e-06,2.097056745967766e-05,9.82768574068383e-06,1.3222246181909391e-05,1.6681512489328114e-05,2.2695497633586548e-05,9.900544591917704e-06,7.413621110036673e-06,9.790075810653836e-06,1.5811737140409836e-06,1.849861208211072e-05,1.017059191872054e-05,1.064977647017552e-05,9.92446789157378e-06,1.7806113027531313e-05,1.0181148276318256e-05,9.176529775043024e-06,2.333078205829469e-05,9.06358063463889e-06,1.0620971817897216e-05,2.999776487085398e-05,1.083835302536816e-05,1.0422009798365176e-05,7.787050735194087e-06,1.6606348927359127e-05,1.0783444403450793e-06,8.570376388717424e-06,1.522684871824484e-05,3.833121922640664e-06,2.905803138959206e-05,9.125272707506302e-07,5.428012367051139e-06,3.114288791668969e-05,3.411021953481748e-05,1.891875573651192e-05,-0.0001131276771297,-0.0001175153516147,-0.0001158143660541,-0.0001164034809612,-0.0001153561863301,-0.0001162070811193,-0.0001181728365836,-8.998089818277328e-05,-7.925466767637983e-05,-0.0001011512652193,-0.0001025072880606,-8.558724088235676e-05,-5.119314108082024e-06,-0.0001185707806526,0.0002140178337473,-0.0001692969597353,-0.0001108195701222,-0.0002170840056987,-0.0002213261429835,-0.0001951364483644,-0.0003086588352297,-0.0001588544810956,-0.0001911573847504,-4.46404018985458e-06,3.7566491301023015e-06,-9.062675673002334e-06,7.493237213894922e-06,-7.879557340230099e-05,1.1209862826590997e-05,-8.677258590432045e-05,4.966606877259784e-06,-0.0001067546992505,-1.4234595135083265e-06,-1.10729214005301e-07,4.557066518363086e-08,-1.791048839042809e-07,1.0910428033316966e-06,9.493435620125774e-07,1.6242644387406454e-07,-1.41743611673735e-07,3.357682754657629e-08,4.794194746220507e-07,4.964735838161175e-07,-6.946268009067574e-07,2.551268164395721e-07,-2.704159979590552e-07,-1.6431992753716157e-07,7.128784221623878e-07,9.90960716880111e-07,9.457050819114394e-07,-6.898100777065476e-07,2.163061603031959e-07,-2.461306979313667e-07,-3.6418124336614396e-08,-2.9928934789850985e-08,-2.7701239315256897e-07,-5.6238776849274666e-08,8.609746351549472e-07,1.1748741208714263e-09,-7.137748265368929e-08,-8.249289550595586e-08,7.78171503435941e-07,-1.4878379849513202e-06,4.1157096302767493e-08,-5.828516293276148e-07,-2.0245488351199406e-07,-6.522632467277655e-08,-5.622168882873558e-07,-1.226003823333787e-07,-5.335831873826663e-07,-2.6391714614312074e-07,-5.801437320084851e-07,-1.1505863017628229e-07,2.8433421052517964e-08,-2.5535495524010345e-07,1.3675439162325438e-07,5.231487937230411e-07,-2.4516095326125346e-07,-1.5042545536620324e-07,-1.193319704803707e-07,-4.173773046265335e-07,-9.537522207306096e-08,-1.0977689393432125e-07,5.012442410045615e-07,-1.9644359786503785e-07,-1.5140492940191597e-07,-7.754759088986572e-07,-1.297048869590323e-07,-1.4465657956315094e-07,-1.0710838785507293e-07,-2.5391643649659146e-07,-1.6732644933147863e-08,-1.3303568972388625e-07,5.416204086393621e-07,6.653993011276356e-08,4.391376904611934e-07,-8.178720842322999e-09,-1.1171606725907488e-07,-8.601785800508391e-07,1.0336127557286348e-06,movement,no movement,no movement,no movement
1583.3333333333348,0.0153239758202123,0.3280843349528827,-0.3013014315333333,0.0287024507458583,0.3437993869523166,-0.2940877239333333,0.0305321808045697,0.3443323220477354,-0.2832823405999999,0.0292560471651125,0.344212322291085,-0.2875241319,0.0086995395496612,0.3533302933650462,-0.3112670471333333,0.0102100135387419,0.3521213590347646,-0.3240000456333334,0.0140522167920348,0.3428976970732449,-0.3036644080333333,0.0639506322879139,0.344176111823472,-0.1825217729333333,-0.0494005873635949,0.3100575928682524,-0.2033398747666666,0.0395060499905785,0.3254873843963748,-0.2475011771999999,0.0096820951452156,0.2979191559540342,-0.2816845664333333,0.1286181134793435,0.233319878061323,-0.0342248918366666,-0.1163172480520471,0.272171294817859,-0.0330505257733333,0.1683766950934231,0.0798280584474971,-0.0145115691059,-0.1776794787195701,0.0378957363104556,-0.1150000634666666,0.1899550074134013,-0.0469389888842389,-0.0677558705899999,-0.1191342897770594,0.0075724039860092,-0.2843172262,0.1830543638463043,-0.0738407040186436,-0.0778127189833333,-0.0783282628832492,0.0058542496261783,-0.3532664337666666,0.1677222540678638,-0.0711390215733383,-0.09928787379,-0.0426768926858792,0.0586361043172897,-0.3612758845,0.18794404845867,-0.0674641110068501,-0.0771949496033333,-0.0994021289466163,0.0258292830722156,-0.289255142,0.0750777196360431,-0.1651461922652342,0.04509480825,-0.0728240913734552,-0.1650313976395793,-0.0422554102266666,0.0774794343221825,-0.4921982197950051,0.0660157065833333,-0.0766973911556557,-0.439279564517454,-0.0563175352499999,0.0673444013607882,-0.7633722171555132,0.2365656873666665,-0.1349032474765995,-0.7667718993029018,0.0984573711433333,0.0503940157131716,-0.7924492789321301,0.2583881876,-0.1386972363600356,-0.7949212097152318,0.07274123396,0.0981749017253193,-0.8164893363774951,0.2219172785666666,-0.1390084846897598,-0.8217397645091317,-0.0080033625059666,nijmegen_nijmegen_rennen_g_ch1_g11_compr.mp4,ch1g11,5.601802101551046e-06,2.0611504327602744e-05,9.66141928884528e-06,1.364993340680113e-05,1.7841677744042492e-05,2.257925148436332e-05,9.774049472435253e-06,7.591867362483729e-06,1.0213222153545854e-05,1.9664026989154166e-06,1.7820953859304126e-05,1.0322683196311006e-05,1.0381318527180786e-05,9.774911238087457e-06,1.7930018952465844e-05,1.1357747177237446e-05,1.002160752050209e-05,2.264847944954211e-05,9.165493221214807e-06,1.0364179964114972e-05,3.0226780251501116e-05,1.0795600328619e-05,1.0151858465308177e-05,7.741547498185373e-06,1.7687344264584507e-05,1.085572147311079e-06,8.490686785913244e-06,1.5209999219589808e-05,4.9059604243481565e-06,2.751054319170207e-05,9.617765450971172e-07,4.888643666231183e-06,3.09746688592061e-05,3.411721630720477e-05,1.99210545183247e-05,-0.0001151840954613,-0.0001183567781402,-0.0001167474164167,-0.0001171227630561,-0.0001152441669158,-0.0001163440357287,-0.0001186692184331,-8.87927152391502e-05,-7.337360340522692e-05,-0.0001023900895494,-0.0001044201557796,-9.026096308139649e-05,8.082758093293433e-07,-0.0001327449311005,0.0002157770388573,-0.0001996989099484,-0.0001241542324847,-0.0002526162452282,-0.0002372901016278,-0.0002373963112813,-0.0003224620351903,-0.000189519359864,-0.0002035136787698,-7.400226700262786e-06,6.507833389815332e-06,-2.0369507798044205e-05,7.569238180702011e-06,-0.0001070018671138,1.377718224897578e-06,-0.0001142875099925,-6.528592421460583e-06,-0.0001188752942321,-1.0271563849169483e-05,-1.6673053192035265e-07,-3.811864271015913e-07,-3.037863911064194e-07,4.09901660050411e-07,6.485518669204116e-07,-2.508205627811225e-07,-2.621963962888247e-07,6.23469231923328e-08,1.9109692401686058e-07,5.722038119107732e-07,-1.623399856765838e-07,-5.27083270222189e-08,-4.262132023061909e-07,-2.863301622495091e-07,2.3469002431018005e-07,7.94977704755928e-07,8.311856536815172e-07,-1.791649397273624e-07,-3.765404256139938e-08,-4.046144159089699e-07,-5.60388132414611e-07,-1.6557852638812286e-07,-4.265130970778773e-07,-1.6361801008830733e-07,5.743468089865499e-07,-2.1317872231591743e-08,-2.093138554290126e-07,4.318199896019117e-07,8.423510246873418e-07,-9.666951965952807e-07,2.6552088992043218e-08,-6.930434505317127e-07,-8.708977016417607e-07,-4.4391999792411996e-08,-5.367378962819472e-07,-8.305397801939206e-08,-6.777731618610809e-07,-2.955815364878542e-07,-5.694926338221857e-07,-8.076002058116e-08,1.8419101978209946e-08,-2.472827500820153e-07,1.0678391139743905e-07,5.695939007532651e-07,-2.350500173839659e-07,-1.0651475462995589e-07,-8.199798917078315e-08,-3.489017027309049e-07,-1.4510547157606085e-07,-1.262107851993977e-07,5.318763560976691e-07,-1.823644293628627e-07,-1.0867040472850801e-07,-7.533378334274886e-07,-1.044813803136456e-07,-1.004938100811044e-07,-8.168568911493602e-08,-2.871521863709621e-07,-1.675899324060119e-08,-1.126717412003628e-07,5.250449426325253e-07,-8.234700261445216e-08,5.495690755774719e-07,-1.1310332674552048e-08,-7.240407347215156e-08,-8.296265091172123e-07,1.0699853355055169e-06,movement,no movement,no movement,no movement
1600.0000000000016,0.0151933019668581,0.3279567848312115,-0.3010294876,0.0285951931070187,0.3436686883596942,-0.2938151767333333,0.0304220699642146,0.344203389725085,-0.2830107480666666,0.0291495917960531,0.3440832467469061,-0.2872516155,0.0085797490000058,0.3532012869461056,-0.3109300521333334,0.0100861434207836,0.3519916250471455,-0.3236560920666667,0.0139318013477399,0.3427648190333872,-0.3033339290666666,0.0639762089602455,0.3440858759638701,-0.1822337553666666,-0.0494347276587401,0.3099739957379877,-0.2027984629333333,0.0394317113478079,0.3253765592131008,-0.2472352028999999,0.0095922601788554,0.297804692844516,-0.2813367991333333,0.1287644434341802,0.2332286636225387,-0.03387239717,-0.1162545360782761,0.2721756586281477,-0.0324976832566666,0.168643363499246,0.0796874816291025,-0.0141405598382333,-0.1776848668151015,0.0381174209772617,-0.1145219989333333,0.1898045006702949,-0.0471437911407706,-0.0672979844799999,-0.1194521843755494,0.0074683631286589,-0.2840860178,0.1827938275643966,-0.0740994324946789,-0.07739006071,-0.0787789904645349,0.0056410559578792,-0.3530606388,0.1673582746423625,-0.0713806320388565,-0.0988863704366666,-0.043054772564372,0.0583379760848306,-0.3611349791000001,0.1877243099034466,-0.0676637290914458,-0.07672865935,-0.0997176667417862,0.025642496128685,-0.287653804,0.0750938631325938,-0.1651539931950211,0.0450298227966666,-0.0728436357102149,-0.1650243824005622,-0.0421879513033333,0.0776100343609395,-0.4922287524652291,0.0655420875766666,-0.076642062480898,-0.439275620457264,-0.0562537875866666,0.0676612541842178,-0.7634947330100802,0.2360346929333333,-0.1347506314885574,-0.7667651815614563,0.0988376376033333,0.0507155041557223,-0.7925814968991471,0.2578332524666666,-0.138530380793842,-0.794920908497104,0.07314407754,0.0983298152783131,-0.816625477056796,0.2211993545333333,-0.1388228286053013,-0.8217519209403701,-0.0076179982363,nijmegen_nijmegen_rennen_g_ch1_g11_compr.mp4,ch1g11,5.344962835854802e-06,2.0486170968789317e-05,9.237098785537616e-06,1.3575018564510182e-05,1.802516706387145e-05,2.249734677408189e-05,9.39179811400762e-06,7.533207980538074e-06,1.032964973535965e-05,2.520958893646955e-06,1.8114561028628658e-05,9.923957109258932e-06,9.845715814854554e-06,9.365018269632232e-06,1.802751556061075e-05,1.1851007659746712e-05,1.043799189865747e-05,2.2985804638503228e-05,8.840160677412654e-06,9.854385676959164e-06,2.9702768247917357e-05,1.0509272521855862e-05,9.624987236227765e-06,7.464189843203914e-06,1.7830472796072984e-05,1.0431149563911042e-06,8.190249280560798e-06,1.6062573152397775e-05,5.896554128078412e-06,2.7149174278537243e-05,9.748861289470462e-07,4.205787905638794e-06,3.058938337376176e-05,3.445231347171703e-05,1.990161302342028e-05,-0.0001098636112985,-0.0001125777943972,-0.0001109873967851,-0.0001111764417576,-0.0001085226814132,-0.0001096557587703,-0.0001124907591623,-8.390586392534485e-05,-6.494725354433912e-05,-9.774177905081768e-05,-0.0001003702717839,-9.576692933599124e-05,5.335225702161044e-06,-0.0001549091038175,0.0002127146727056,-0.0002332513676933,-0.0001261171584158,-0.0002914900729346,-0.0002399188538142,-0.0002820658416432,-0.0003220804430842,-0.0002226139675942,-0.0002024936187462,-1.0128317562527654e-05,9.05651987283692e-06,-3.028830437256638e-05,8.38405120487847e-06,-0.0001314485831147,-7.718711300373715e-06,-0.0001377690715393,-1.7314837240155094e-05,-0.0001285043811515,-1.8468119797973584e-05,-1.8777504973870298e-07,-8.680383034495833e-07,-3.81884008759839e-07,-3.412120886660185e-07,2.8509792734047117e-07,-7.438904689607689e-07,-3.408572871002072e-07,7.203677420966707e-08,-3.678574676038031e-08,6.259801508363231e-07,3.954196369542492e-07,-2.2701677296890105e-07,-5.264163348833402e-07,-3.652097585751173e-07,-1.0359053630311148e-07,7.212958365479127e-07,6.81682645178646e-07,3.496757520164299e-07,-1.684819374574248e-07,-5.076935639284571e-07,-1.1359279482763692e-06,-2.669273470489925e-07,-5.19759781327451e-07,-2.432617168461529e-07,2.200320870795043e-07,-4.090678846031658e-08,-3.223879498160039e-07,9.142386732201042e-07,7.418389187848841e-07,-3.688455359527983e-07,1.0204604238058162e-08,-7.615406949635888e-07,-1.608243873453669e-06,1.1637427908622312e-08,-5.270753919227939e-07,-7.380305205161311e-10,-7.256519791103496e-07,-2.75278135535568e-07,-5.738504523381229e-07,-4.479522954819006e-09,1.8784984267425808e-10,-2.045244715057083e-07,6.589818514447938e-08,5.68803213155826e-07,-1.817622009857695e-07,-1.994336629781017e-08,-2.120623569991308e-09,-2.412041662516611e-07,-1.7535387846207254e-07,-1.2474997618051714e-07,5.0940361394948e-07,-1.349631144805824e-07,-2.3586564874922617e-08,-7.085354361232403e-07,-4.0103912803542634e-08,-1.3921688033659536e-08,-1.6663007739156526e-08,-2.7239991068049073e-07,-9.040702029125596e-09,-5.5181428570652734e-08,4.7341396671685684e-07,-2.1472805092893406e-07,5.850828121985312e-07,-8.296394235387948e-09,-3.1021753962980403e-09,-7.848476688901009e-07,1.0424392055449e-06,movement,no movement,no movement,no movement
1616.6666666666683,0.015080001451055,0.3278603645964154,-0.3002351752666666,0.0285046383295825,0.3435709841850447,-0.2930541138333333,0.0303313163198473,0.3441067620593402,-0.2822518825999999,0.0290634787114801,0.3439865977056383,-0.2865035772,0.0084913869571505,0.3531108338239189,-0.3101165838333333,0.0099932665904417,0.3518987949612615,-0.3228230992666667,0.0138429448556177,0.3426689650566359,-0.3025273937999999,0.0640120797503592,0.3440213282911022,-0.1816320086999999,-0.0494180429030124,0.3099369634450287,-0.2019812842333333,0.0393682537245378,0.3252912489202685,-0.2464991838666666,0.0095239609167418,0.2977179161466088,-0.2805163859,0.1289044346902785,0.2331454204311689,-0.0333615509666666,-0.1160975044153041,0.2721969756033494,-0.0317730997666666,0.1689000577656122,0.0795530858994845,-0.0136382512562333,-0.1776674486082838,0.0383335377069256,-0.1136594799999999,0.1897035384406169,-0.0474158241953301,-0.0664291288133333,-0.1197573394107968,0.0073212475543042,-0.2828568508333333,0.1826039134425871,-0.0744431938788509,-0.0764601002266666,-0.0792037631703374,0.0053717521212775,-0.3516721555666667,0.1670949967701011,-0.0717330224786933,-0.0979349923866666,-0.0434209093822085,0.0579811265562106,-0.359789742,0.1875737288983485,-0.0679265505659094,-0.0758285302466666,-0.1000241962452656,0.0254277596391965,-0.287065297,0.0750976522450962,-0.1651676467742524,0.04496714193,-0.0728478583674849,-0.1650120480313499,-0.04212469364,0.0777324269499894,-0.4922664522599897,0.0648851794466666,-0.0766074861747913,-0.4392649726574247,-0.0564313318166666,0.0678968138025191,-0.7636714812180965,0.2349952569666666,-0.1346109019583414,-0.7667958121614027,0.09853676805,0.0509493066645955,-0.7927651471917833,0.2567260043,-0.1383752824834195,-0.7949657221156781,0.0727942301899999,0.0984368915428009,-0.816802900167958,0.2201456675999999,-0.1386240292529525,-0.8217962220711108,-0.0078749430563,nijmegen_nijmegen_rennen_g_ch1_g11_compr.mp4,ch1g11,5.0196464930689105e-06,2.0216968288831224e-05,8.838819525596769e-06,1.3013277519809432e-05,1.802537513891902e-05,2.227908374657039e-05,9.029677136064826e-06,7.451286572915476e-06,1.0109741728339057e-05,3.2754252228374566e-06,1.9323725362040917e-05,9.330138949762732e-06,9.3138435223251e-06,8.982426592631337e-06,1.789896278649347e-05,1.2118206089934252e-05,1.104777979802337e-05,2.4227613440219174e-05,8.386261882581195e-06,9.34887602471449e-06,2.8931416169937855e-05,1.0260791148833212e-05,9.097626384499145e-06,7.202212688624828e-06,1.7751413625445045e-05,9.612438096831357e-07,7.882783854692389e-06,1.7713207111002676e-05,6.504212744758263e-06,2.780676789690096e-05,9.506107948661706e-07,3.440793944155096e-06,2.9661224179417284e-05,3.481668814790888e-05,1.9632678728713265e-05,-0.0001031068124217,-0.000105678266111,-0.0001041990999278,-0.0001041491447603,-9.997419516690994e-05,-0.0001011879312808,-0.0001044730867132,-7.788961570244661e-05,-5.391830311150996e-05,-9.167281896087072e-05,-9.395926592248697e-05,-9.956359243931738e-05,1.0832321452438172e-05,-0.0001783059606353,0.0002048684764659,-0.000265442460349,-0.0001222162576013,-0.0003271079767418,-0.000232990664208,-0.0003237193091216,-0.0003104824925035,-0.0002546278202491,-0.0001931902545878,-1.2423530052660016e-05,1.1218644304640532e-05,-3.5893040826931384e-05,1.1021588963966117e-05,-0.0001503492905361,-1.431674784719432e-05,-0.0001561197710569,-2.517421963280128e-05,-0.0001345139644058,-2.4214837000516014e-05,-1.4910562754103198e-07,-1.447023144960949e-06,-3.343565890808267e-07,-1.0680940449304458e-06,1.8763984144361327e-08,-1.3919745770284914e-06,-3.014896352699616e-07,5.993911041248954e-08,-1.9538928135135497e-07,7.062491725780612e-07,9.316642616551088e-07,-3.576245812089258e-07,-4.813124528280947e-07,-3.226019374885304e-07,-2.462803196669546e-07,6.069276102089103e-07,5.507918016691909e-07,8.067073954951893e-07,-2.5323892059213994e-07,-4.649196955400126e-07,-1.957746032973785e-06,-2.575050363562042e-07,-4.660744312385475e-07,-2.2396680943809177e-07,-5.5572652059445215e-08,-4.4488991676342364e-08,-3.295320625965469e-07,1.3077775856770331e-06,3.780659838592191e-07,2.1070533599717293e-07,2.315767137292501e-09,-7.078848796576943e-07,-2.477766303040054e-06,9.244441019056347e-08,-4.81413798636909e-07,1.1582929029076988e-07,-6.5863364539756e-07,-2.2563957352722866e-07,-5.426009660862198e-07,1.0631195525379585e-07,-2.8559733751880773e-08,-1.364005806943046e-07,1.7034122864176922e-08,5.129433995627046e-07,-1.0518099199760269e-07,1.01893856193078e-07,1.1207807974195217e-07,-1.1615628404884189e-07,-2.0915043621911407e-07,-1.200903974351708e-07,4.276319657614141e-07,-7.097686047164774e-08,9.640111668885133e-08,-5.976108119997477e-07,5.9218764533255356e-08,1.080747680166865e-07,8.19242361151861e-08,-2.2861586343694035e-07,4.723915469553932e-09,3.6543466239441955e-08,3.8114987887401156e-07,-3.001583643557073e-07,5.425145309490454e-07,1.8724542875931016e-10,9.523385808525865e-08,-6.610298460184736e-07,9.079234752210156e-07,movement,no movement,no movement,no movement
1633.333333333335,0.0149422757076705,0.3277572677970538,-0.2996468207999999,0.0283979372800917,0.3434654923052636,-0.2924800148,0.0302245282327612,0.3440025508329948,-0.2816805086666666,0.0289598719153346,0.3438821593298382,-0.2859338760000001,0.0083790779842046,0.3530142440486363,-0.3094709473333334,0.0098770355815512,0.3517998364245173,-0.3221621642,0.0137282062145014,0.3425667818261447,-0.3018870511666666,0.0640464957648976,0.3439431764510827,-0.1811136484333333,-0.0494173733520328,0.309895129502577,-0.2012060989999999,0.0392911188733616,0.325198162190022,-0.2459381685333332,0.0094322119987429,0.2976248720569409,-0.2798592526333334,0.1290406489411474,0.233048891551272,-0.0328799784799999,-0.1159860886158311,0.2722099962519595,-0.03105378915,0.1691292461524021,0.0793879821872123,-0.0131705453749,-0.177649150967152,0.0385212440188872,-0.1128173453333333,0.1895664443411797,-0.0476900296824184,-0.0658021651866666,-0.1200566516097325,0.00718737074727,-0.2819503158666667,0.1823729966486704,-0.0747718506666076,-0.0758307217433333,-0.0796155508313082,0.0051417036320421,-0.3507311224,0.166793807612438,-0.072058685837084,-0.0972941490766666,-0.0437811280605819,0.0576851012167876,-0.3589003721666667,0.1873869703450475,-0.0681878463140786,-0.0751797760333333,-0.1003260893314938,0.0252325228740388,-0.300575525,0.0751069446793513,-0.1651812927243,0.0449023767666666,-0.0728579396938673,-0.1649997509660155,-0.04205808309,0.0778546246820902,-0.4923123281923537,0.0642435518366666,-0.0765800024771531,-0.4392542030668142,-0.0565094559966666,0.068139033741093,-0.7638344713495708,0.2341875339666666,-0.1345047252056939,-0.766821337629138,0.0984233540366666,0.0511924957456384,-0.7929315414443612,0.2558878879999999,-0.1382531880635855,-0.7950043149046775,0.0726465918433333,0.0985517232005832,-0.816929949345683,0.2192060729,-0.1384457411235272,-0.821818485534593,-0.0080084141529666,nijmegen_nijmegen_rennen_g_ch1_g11_compr.mp4,ch1g11,4.9550730966914805e-06,1.9436372227222754e-05,8.745368004545536e-06,1.1967223746343318e-05,1.813119719096724e-05,2.1440401951419134e-05,8.966639968032432e-06,7.5200614204505025e-06,9.778314540170924e-06,4.064381236703176e-06,2.0785194273281353e-05,9.133275553177747e-06,9.053586947334444e-06,8.906336945131365e-06,1.7820426053301833e-05,1.2326371760081168e-05,1.1908210720921417e-05,2.5541974342252725e-05,8.334181574904899e-06,9.115009885986074e-06,2.7286953644244467e-05,1.0276916572765333e-05,8.845943310035628e-06,7.204715527359623e-06,1.7748171737547845e-05,8.965872527976105e-07,7.76554083520096e-06,1.9465997858049788e-05,6.749098622871821e-06,2.8658837577429257e-05,9.362202286497094e-07,2.846610842884212e-06,2.7774879168719524e-05,3.4892401277083194e-05,1.9607554221497804e-05,-0.0001014691787412,-0.0001045185418551,-0.0001033063241988,-0.0001028992313409,-9.651420324407416e-05,-9.77343950680233e-05,-0.0001013603488694,-7.655720215722643e-05,-4.5593429586720555e-05,-9.067050441873565e-05,-9.089219911124748e-05,-0.0001037995721827,1.4741334386278402e-05,-0.0002041154160212,0.000194923164357,-0.0002938990713347,-0.0001141136774869,-0.0003557843126803,-0.000219941064335,-0.000355895305748,-0.0002884840546833,-0.0002827484807864,-0.00017799059999,-1.3984443597379277e-05,1.268997584159991e-05,-3.8596370919939255e-05,1.6205731662345417e-05,-0.0001636602664014,-1.880267279588523e-05,-0.0001689883192794,-3.0405219982370747e-05,-0.0001301658543765,-2.5198277583412817e-05,-4.0012095847400436e-08,-1.953022594369434e-06,-1.810339015572231e-07,-1.626640404410056e-06,-1.944088411889015e-07,-1.99517135162104e-06,-1.6072636118605864e-07,1.0932787323474636e-08,-2.885112161817435e-07,8.070840671371272e-07,1.4258419304673433e-06,-3.551864190189488e-07,-3.305234604605237e-07,-1.7511270722392074e-07,-2.098939793874481e-07,4.882880564329819e-07,4.515990640458036e-07,1.20827040936988e-06,-2.1398664232698775e-07,-3.202812393333737e-07,-2.653195854975716e-06,-1.686548198402695e-07,-3.075857577972621e-07,-1.1658340950569693e-07,-2.846231788520696e-07,-3.625993899339805e-08,-2.626112439645032e-07,1.6402864320003385e-06,-2.151802603713661e-09,7.578079373717323e-07,2.997470738028515e-09,-5.532672304948936e-07,-3.1813602611915157e-06,1.8334047791557997e-07,-3.7351429910355067e-07,2.531784552306043e-07,-4.7520185688356387e-07,-1.6523024360622845e-07,-4.4288366496510564e-07,2.385530286338726e-07,-6.879834320850766e-08,-6.451536832109762e-08,-2.6106215866406647e-08,4.215498224511043e-07,-3.0898862956512095e-08,2.463427634874252e-07,2.47524697544164e-07,-8.578711303908284e-09,-2.5962985659400616e-07,-1.2477382274309813e-07,3.132334905094761e-07,-1.2419545475780081e-08,2.388035509699193e-07,-3.885394930809301e-07,1.845295145880688e-07,2.523696864635105e-07,2.0244520894095378e-07,-1.738396952273181e-07,1.966382758030388e-08,1.5474072112111453e-07,2.708915363733602e-07,-3.216474547765956e-07,4.467485491826327e-07,9.919614538256225e-09,2.1222307068398755e-07,-4.2565852079935515e-07,6.624089033118133e-07,movement,no movement,no movement,no movement
1650.0000000000018,0.0148077214815861,0.3276487339096827,-0.2989981722666666,0.0282935226603963,0.3433542226270993,-0.2918510765,0.0301210608552894,0.3438924646794358,-0.2810544413333333,0.0288594208948249,0.3437721900512326,-0.2853116015333334,0.0082725503667054,0.3529096657653425,-0.3087838806333334,0.0097672876279845,0.3516945684077732,-0.3214621007,0.013619942837966,0.3424585426116833,-0.3012050975333332,0.0640806817384863,0.3438591546272845,-0.1805733681,-0.0494096557221626,0.3098463108179592,-0.2004093329333333,0.0392147095389244,0.3251002637577114,-0.2453342880666666,0.0093435782732645,0.2975280435883165,-0.2791697202666667,0.1291551223517898,0.2329361165005094,-0.0323966543766666,-0.1158706728042174,0.2722233543245255,-0.0303263428333333,0.1692929416209065,0.0791465999205931,-0.0128306083815666,-0.1776117520038819,0.0386948478984954,-0.1119867039333333,0.1893915875079414,-0.0479734245179541,-0.06579602118,-0.1203201973940739,0.0070655853611622,-0.2810452322666668,0.1821011319194514,-0.0751033696203435,-0.07595267831,-0.0799803787905127,0.0049232774345189,-0.3497778911333334,0.1664371988484314,-0.0723859664719746,-0.09738622931,-0.0441239013846708,0.0574096784571751,-0.3580276886333334,0.187151536632444,-0.0684539571335807,-0.0751681399666666,-0.10060431562629,0.0250492503537297,-0.306303084,0.0751115796798526,-0.1651957019175041,0.0448374983533333,-0.0728622565884728,-0.1649867018523337,-0.041991492,0.0779667647527775,-0.4923575909730835,0.0636426531966666,-0.0765286044821708,-0.4392470721757224,-0.0566016941866666,0.0683361289699036,-0.7639933182197592,0.2334092805999999,-0.1343662985881794,-0.7668502396838727,0.09813126967,0.0513919005500142,-0.7930928360881192,0.2550724348666666,-0.1381005753619612,-0.7950445241416684,0.0723049744033333,0.0986717130979807,-0.8170443315927569,0.2183024481,-0.1382407178485049,-0.8218444971712039,-0.0082113962496333,nijmegen_nijmegen_rennen_g_ch1_g11_compr.mp4,ch1g11,4.855007321872187e-06,1.8030343673886484e-05,8.47705544986966e-06,1.0218011859378305e-05,1.7984508316264873e-05,2.0009611421972115e-05,8.721790003102278e-06,7.594652460764347e-06,9.36131497072816e-06,4.954326293093056e-06,2.2441765737060573e-05,8.521016752570609e-06,8.604771528277725e-06,8.645789308255214e-06,1.743861906736456e-05,1.2592912917948606e-05,1.2623352881924524e-05,2.695331497951478e-05,7.893608689697103e-06,8.675130363534835e-06,2.5185875910816328e-05,1.0026022206050313e-05,8.419091579269443e-06,7.0197828065946415e-06,1.7496189858253234e-05,8.536669119202711e-07,7.4130896137818255e-06,2.130638139169824e-05,6.473095811694019e-06,2.96392841100036e-05,9.279205394923016e-07,2.17652784083047e-06,2.499808527061768e-05,3.4461114061243145e-05,1.9194418920668187e-05,-9.549896065467092e-05,-0.0001000020029413,-9.905189819702668e-05,-9.83814176846879e-05,-8.9744534593308e-05,-9.0727566929577e-05,-9.429571554782838e-05,-7.454796134306226e-05,-3.540829272924911e-05,-8.626410794544178e-05,-8.338013591719151e-05,-0.0001085517596706,1.9683109005096427e-05,-0.0002308084407864,0.0001800949605634,-0.0003123490016624,-0.000101031529943,-0.0003707510185201,-0.0001986250291208,-0.0003697370860081,-0.0002533739449163,-0.0002999473121638,-0.000156128863722,-1.494223757116669e-05,1.3612635564033346e-05,-3.702826462094171e-05,2.2343650670993017e-05,-0.0001691030749438,-2.056707833737825e-05,-0.0001737302240831,-3.2076393907182686e-05,-0.0001159286918527,-2.0230703065847227e-05,1.606934425825389e-07,-2.278022167326161e-06,1.0034922140168493e-07,-2.0019386351259435e-06,-2.8517504816903697e-07,-2.430136890768675e-06,1.0631016110546921e-07,-6.223032404488203e-08,-3.1039227384209713e-07,8.237527823705236e-07,1.8397128859833536e-06,-3.662726520223046e-07,-5.4784748698961486e-08,1.0111778503236512e-07,-9.218474867216597e-08,2.1296691578651275e-07,3.665078798859942e-07,1.5160031767328631e-06,-2.0528246410462417e-07,-5.3024035937654825e-08,-3.0485943368667295e-06,3.4254431089222585e-08,-2.6826132818627155e-08,1.0999848035256826e-07,-3.9363114852061265e-07,-1.4236389373329221e-08,-8.719196280826123e-08,1.896164092823667e-06,-3.864317328364801e-07,1.1900158009984242e-06,1.3980894559130808e-08,-3.139907625376693e-07,-3.5366861235971007e-06,2.827710330043446e-07,-1.724762687073903e-07,4.0971954912409265e-07,-1.801646006307536e-07,-8.911436447635052e-08,-2.447735930765516e-07,3.914698205120053e-07,-1.0973990321070174e-07,-1.434342366733344e-09,-5.6004372785692855e-08,3.1496611953966605e-07,5.4890329085374065e-08,4.1018112216339226e-07,4.03427708205085e-07,8.226438111643895e-08,-3.183619594961384e-07,-1.2733580911788405e-07,1.8926161556454362e-07,5.6571531777767144e-08,4.011180964444648e-07,-6.76772756202439e-08,3.386165006382351e-07,4.1534901677687083e-07,3.4558554783489857e-07,-1.0363726517234681e-07,3.0758930852302685e-08,2.99881220102759e-07,1.6285107387966545e-07,-2.750333255727815e-07,3.261210485516647e-07,1.714421247292484e-08,3.406286998901276e-07,-5.3337448195860236e-08,3.090230529457209e-07,movement,no movement,no movement,no movement
1666.6666666666686,0.0146595815418993,0.327554180360107,-0.2985139093666665,0.0281805410237638,0.3432523389853356,-0.2913797786,0.0300090473310132,0.3437910699406259,-0.2805869074666666,0.0287501799139855,0.3436715541434945,-0.284845071,0.0081544443217797,0.3528155123302103,-0.3082457262,0.0096469442777505,0.3516005778022075,-0.3209182083333333,0.0135004433458846,0.342361980812376,-0.3006716181,0.064114878413645,0.343771906452722,-0.1801895121999999,-0.0494045132048798,0.3098021180009158,-0.1997231677333333,0.0391284936750918,0.3250117497324009,-0.2448962599999999,0.0092437608500493,0.297444109006479,-0.2786391097666667,0.1292648879277355,0.2328161512926697,-0.0320875457466666,-0.1157667632102541,0.2722375667275935,-0.0296934206066666,0.1694185438911267,0.0788860331771841,-0.0127934015482333,-0.1775815140065675,0.0388493663633314,-0.1112743668333333,0.1891895852516232,-0.0482583753203496,-0.0661113940733333,-0.1205753850726957,0.0069668778901556,-0.2802989861000001,0.1818059678976201,-0.0754348229285773,-0.0763990348966666,-0.0803265881415731,0.0047323204964896,-0.3490012654666667,0.1660563364326995,-0.0727100076104304,-0.0977964585166666,-0.0444452104026268,0.0571751217209766,-0.3573225925,0.1868873863405751,-0.0687207389346206,-0.0754770827633333,-0.1008703278808798,0.0248985384994989,-0.308339596,0.0751156461604807,-0.1652104068233959,0.0447786695633333,-0.0728657506386666,-0.1649733031193249,-0.0419321154666666,0.078079183218941,-0.4923817014032803,0.0632109810866666,-0.0764562341605382,-0.4392284177511494,-0.0566410147499999,0.0685586268289956,-0.7641470193884299,0.2327472741666666,-0.1342477321514918,-0.7668755122631515,0.0978230061666666,0.0516205419222537,-0.7932494064098584,0.2543720972,-0.1379750887239313,-0.7950800683502429,0.0719473279066666,0.098847157399085,-0.8171374171907081,0.2175424387333333,-0.1380354390337982,-0.8218703030615001,-0.0084522996903,nijmegen_nijmegen_rennen_g_ch1_g11_compr.mp4,ch1g11,5.168107177908107e-06,1.5107778030414076e-05,8.570039519978403e-06,8.0789774907041e-06,1.7327680950787716e-05,1.704600477012412e-05,8.808021214523393e-06,7.511860372604774e-06,8.977320843558253e-06,5.7236024323699095e-06,2.4255598217397877e-05,8.188334609248135e-06,8.520473052081207e-06,8.732763936665937e-06,1.7077671511467586e-05,1.3346525360870246e-05,1.2818784246117149e-05,2.8337323657445225e-05,7.685063509292892e-06,8.57289520750667e-06,2.1864574148666137e-05,9.980978784256686e-06,8.379142119739026e-06,7.140921815583433e-06,1.674762131158087e-05,8.544594979534712e-07,7.256882602233207e-06,2.3063083930742865e-05,5.967506601894007e-06,3.080656656870386e-05,9.428013051509422e-07,1.863057867275156e-06,2.0559074826379983e-05,3.3422560329239394e-05,1.842669315797012e-05,-9.535151832756628e-05,-0.0001023423832514,-0.0001018730286607,-0.0001010785556497,-9.07309860764828e-05,-9.115612060515902e-05,-9.404039041060204e-05,-7.971718693998294e-05,-3.1318602971980885e-05,-8.807777741084904e-05,-8.032693111581726e-05,-0.0001144896408135,2.1558883067241363e-05,-0.000254351167231,0.0001567599191595,-0.000322278676026,-8.848578888481255e-05,-0.0003737581154573,-0.0001743680916743,-0.0003697006301407,-0.0002115601854031,-0.0003099109969946,-0.0001347281782232,-1.496076054695696e-05,1.3662273539568225e-05,-3.261932391603871e-05,2.964879479103408e-05,-0.0001605601536553,-2.0613178645611715e-05,-0.0001637300197293,-3.1306778335310016e-05,-9.320677934523168e-05,-1.1332425303628323e-05,4.735398276489446e-07,-2.386207606877635e-06,5.684377930575013e-07,-2.030918617103956e-06,-2.973229449160579e-07,-2.6292632584576187e-06,5.554282097290349e-07,-1.7277748479963658e-07,-2.89537784694976e-07,7.841680135913065e-07,2.1480359551398164e-06,-2.393811269676882e-07,4.088794192008645e-07,5.624854206945371e-07,5.8283601469992115e-08,-5.47844541349901e-08,2.591151609200827e-07,1.6983424481000517e-06,-8.656775765258698e-08,4.020411299441481e-07,-3.0681801781096836e-06,4.2332841704702435e-07,4.3968437176173626e-07,5.11169920513603e-07,-4.219393354519689e-07,2.3796194665607773e-08,2.6211428987019004e-07,2.0633054856517217e-06,-6.626209469588157e-07,1.4849853780757636e-06,3.720902701663456e-08,5.879403477146799e-08,-3.5148484360697537e-06,3.6063523649265946e-07,1.669426939609721e-07,5.479307039782555e-07,1.8927759726065033e-07,3.1375077800050614e-09,1.0425141745073829e-07,5.283596559900506e-07,-1.386733836812648e-07,4.427863750893927e-08,-5.2329785302880996e-08,2.150742357884881e-07,1.2975157441755993e-07,5.569789147820161e-07,5.422194280469803e-07,1.4231603760069606e-07,-3.668748855209497e-07,-1.034015546100035e-07,8.41099892156567e-08,1.183754020335465e-07,5.47593010030916e-07,4.095727219849591e-07,4.899837377225922e-07,5.602124534829128e-07,4.780716858886034e-07,-1.652183837147304e-08,3.5448835513787606e-08,4.438909642553417e-07,8.263363358275627e-08,-1.6853952383123913e-07,2.0728782996169877e-07,1.963307533664713e-08,4.534967054436772e-07,4.898838571184285e-07,3.012939492408762e-07,movement,no movement,no movement,no movement
1683.3333333333353,0.0145097220463199,0.3274459001897012,-0.2979942005666666,0.028063673463393,0.343139279977042,-0.2908705195,0.0298936802909419,0.3436782924319544,-0.2800823571333333,0.0286378248232104,0.3435600144819785,-0.2843412836,0.0080347026980456,0.3527146509300348,-0.3076690294,0.0095250253526186,0.3514989772894661,-0.3203342536999999,0.0133794050066937,0.3422576527110772,-0.3000993737999999,0.0641333869406067,0.3436880623992628,-0.1797547017999999,-0.049404927199605,0.3097622033816006,-0.1989826460666666,0.0390372233616842,0.3249140224975941,-0.2444234421666666,0.0091410552691578,0.2973520426951016,-0.2780723292,0.1293203264793102,0.2326986181719693,-0.0317413490566666,-0.115668171343821,0.2722536968520145,-0.0290180566433333,0.1694452069840882,0.0786187215448631,-0.0125928027049,-0.1775751571911066,0.0389853567511632,-0.1104131383266666,0.1889678421473403,-0.0486037329921357,-0.06589390964,-0.1208167043726576,0.00687079839335,-0.2792787562333334,0.1814948272187864,-0.0758374490237574,-0.0762137185933333,-0.0806426319069751,0.0045552545830235,-0.3479075043333334,0.165670454663019,-0.0731098460501759,-0.09756242238,-0.0447510905348355,0.0569620753891322,-0.3562847286,0.1866074598355633,-0.069055647814345,-0.0752334693899999,-0.1011254277099678,0.02475960983336,-0.308005273,0.0751148943054518,-0.1652255909016837,0.0447375398733333,-0.0728637615330084,-0.1649594205844901,-0.04189348371,0.0781902580539645,-0.4924073262368197,0.0629043269866666,-0.0763242411142875,-0.4391881295020504,-0.05668798427,0.0687787596190127,-0.76430706958458,0.2322929014999999,-0.1341118899286234,-0.7668963726472365,0.0974011269999999,0.051854216931931,-0.7934137529204595,0.2538893889,-0.1378375061357946,-0.7951125167257822,0.0714642136333333,0.0990566247116501,-0.8172301057396979,0.2170812194666667,-0.1378035378887555,-0.8218869994439657,-0.0087858867256333,nijmegen_nijmegen_rennen_g_ch1_g11_compr.mp4,ch1g11,5.745173093157102e-06,1.1848209954265552e-05,9.25494583228745e-06,5.8581394740363976e-06,1.6723692679868707e-05,1.3502486247249697e-05,9.473234621358746e-06,7.286458556178773e-06,8.663913162047158e-06,6.462462015999245e-06,2.6424509193994125e-05,8.182034494167316e-06,9.058750915429593e-06,9.40366953870935e-06,1.7180146484517907e-05,1.3422758292795576e-05,1.2767537055345936e-05,2.9985561675155796e-05,7.830477994366759e-06,9.093122788847975e-06,1.7815917197978024e-05,1.0497413572792925e-05,8.946187159273524e-06,7.741850633257413e-06,1.6011926057747646e-05,8.726547773126779e-07,7.604165822982898e-06,2.501965641018484e-05,5.2033691393756735e-06,3.238502969375871e-05,9.642355550007894e-07,2.0365489797568928e-06,1.5883119252048574e-05,3.31034517434484e-05,1.7824089365211344e-05,-0.0001076097410411,-0.000115882018156,-0.0001157922190909,-0.0001149606916852,-0.0001031344175248,-0.0001032466835425,-0.0001054046237881,-8.96943604369099e-05,-3.447278560510854e-05,-9.956539267461628e-05,-8.745329864806466e-05,-0.0001195360244458,2.000586826955263e-05,-0.0002756857263592,0.0001284664473163,-0.00033370221945,-7.680197877244818e-05,-0.0003759960382465,-0.0001468496772172,-0.0003689107877612,-0.0001654509492083,-0.0003228714015155,-0.0001128303633987,-1.4774246806384731e-05,1.343498894976122e-05,-2.550477159086161e-05,3.737726112204953e-05,-0.0001450193829627,-1.821347795314518e-05,-0.0001469278710799,-2.8249275785877127e-05,-6.913970021215717e-05,1.4166524415963426e-06,8.770325131296022e-07,-2.156953670409637e-06,1.173314973468896e-06,-1.7182504317698852e-06,-2.3296769266317978e-07,-2.4533374269519095e-06,1.1394004348676874e-06,-3.219734571845334e-07,-1.926329356721157e-07,6.786004834382776e-07,2.260281241426268e-06,-5.85960019306948e-08,1.025020730148404e-06,1.1610976837332e-06,2.667878087981348e-07,-3.945370336610296e-07,1.5707852671648497e-07,1.6568783995355049e-06,6.593745367399406e-08,1.0084086009534023e-06,-2.5650140289657527e-06,9.682510649640625e-07,1.0571898621887815e-06,1.041867310069903e-06,-3.67107046476466e-07,7.149893099000632e-08,7.58142575418967e-07,2.072687866445934e-06,-7.796804885674348e-07,1.5339789643229874e-06,6.808440554083103e-08,5.598489368376311e-07,-2.932136349585147e-06,4.084764315281383e-07,5.943466594997181e-07,6.377826327615189e-07,5.89247502626009e-07,7.744770137368836e-08,5.621385796655228e-07,6.188638547483448e-07,-1.5148015653142136e-07,7.448006022624224e-08,-1.3193777054127542e-08,1.217322666792067e-07,1.905852078516388e-07,6.556496373948717e-07,6.334202853185578e-07,1.6681048313758544e-07,-3.387155486958542e-07,-5.9585278030133855e-08,-2.879239339321274e-09,1.6939867120856658e-07,6.46628052624975e-07,9.970426114676213e-07,6.041245598370873e-07,6.572237173404266e-07,5.72223928588181e-07,5.5830897861506896e-08,3.3146382967891884e-08,5.552491581963195e-07,2.608436400691068e-08,-1.2636791315105184e-08,9.244557325969165e-08,1.6852829280613575e-08,5.305629997292073e-07,1.1255301330303754e-06,8.537954686807034e-07,movement,no movement,no movement,no movement
1700.000000000002,0.0143645957543719,0.3273487013500937,-0.2974639039999999,0.0279521699193307,0.3430331131664982,-0.2903479685666666,0.0297837476407037,0.3435723017899664,-0.2795652361666666,0.0285307456865592,0.3434553994957514,-0.2838220834333333,0.0079223240491793,0.352623555824113,-0.3070744075,0.0094098461244112,0.351407817974124,-0.3197324692999999,0.0132659138510504,0.342163430012622,-0.2995091507,0.0641657003714189,0.3436039615633565,-0.1793124303666666,-0.0493981509323086,0.3097306344956092,-0.1982327803999999,0.0389500633570121,0.3248220829480401,-0.2439453443999999,0.0090431314485805,0.2972724383137186,-0.2774953979333333,0.1293902321727455,0.2325757064559699,-0.0314313195299999,-0.1155764589437216,0.2722722401459608,-0.0283353529299999,0.1694172953285926,0.0783415514328928,-0.0124720331082333,-0.1775719596448264,0.0391194800395205,-0.10956551531,0.188722750785584,-0.0489874077528599,-0.0657266429866666,-0.1210487915455089,0.006836350495037,-0.2783256273,0.1811780400325736,-0.0762792452956146,-0.0760505017033333,-0.0809420445183972,0.0044659808705157,-0.3468957423333334,0.1652873988258726,-0.0735535046713915,-0.09736267455,-0.045046515575555,0.0568584452511363,-0.3553277402666667,0.1863111468103204,-0.0694355855315737,-0.0750374038833333,-0.1013706501141754,0.0246965251687817,-0.306783646,0.0751175416418999,-0.1652405424203554,0.04469344018,-0.0728652677120219,-0.1649457205060392,-0.0418522907466666,0.0783057701548535,-0.4924286308672425,0.0627085750566666,-0.0761877303456965,-0.4391395432417257,-0.0567217757566666,0.0690044519009074,-0.764456392140274,0.2321456710999999,-0.1339586620040931,-0.7669054541790916,0.0970648343533333,0.0520947776024249,-0.793568339709642,0.2537390242666666,-0.1376818135637351,-0.7951312476769375,0.0710852500333333,0.0992650849995692,-0.8173160238540923,0.2168938035666666,-0.1375516441119698,-0.8218837714361841,-0.0090518107689666,nijmegen_nijmegen_rennen_g_ch1_g11_compr.mp4,ch1g11,6.868309280685083e-06,8.839094826580642e-06,1.0781810416543498e-05,4.275268899454685e-06,1.670773802199051e-05,1.013728928592061e-05,1.095442855469004e-05,6.903036721975225e-06,8.700822884257938e-06,7.3215250575793534e-06,2.8271373782597753e-05,8.762817590532995e-06,1.0495710784106293e-05,1.091126544432015e-05,1.7892756010477176e-05,1.3301119250509024e-05,1.2672707101631205e-05,3.113266088190295e-05,8.487722015939194e-06,1.0505859589236893e-05,1.4437143984528142e-05,1.1776672598230182e-05,1.04259818984952e-05,9.071362321094522e-06,1.5840066007402317e-05,1.0162100887648098e-06,8.665356698987082e-06,2.659302613486789e-05,4.256466734337237e-06,3.34099776405184e-05,1.086862832876931e-06,2.970386163589202e-06,1.2152620957455666e-05,3.3522339986584515e-05,1.7970785072965546e-05,-0.0001360508767208,-0.0001450389456876,-0.0001455281247873,-0.0001446404305878,-0.0001324403460006,-0.0001320497995382,-0.0001332612154936,-0.0001087570627318,-4.9721889985480766e-05,-0.0001248862902344,-0.0001084317927272,-0.0001235942361318,1.5055082409624723e-05,-0.0002934182810371,9.440081504831336e-05,-0.0003466033101987,-5.8309249215924834e-05,-0.0003762351324461,-0.0001039981037287,-0.0003632210916906,-9.907172104368183e-05,-0.0003388699710971,-8.353807687975408e-05,-1.357668930443634e-05,1.2283479926818986e-05,-1.537994984187804e-05,4.0077450489274217e-05,-0.0001234026844802,-1.4967037932452288e-05,-0.0001247923658752,-2.3288696957168805e-05,-4.606502784985429e-05,1.5916102141460767e-05,1.3236876011342517e-06,-1.4717070060296267e-06,1.8727993965655197e-06,-1.024751106309863e-06,-1.4615768322332266e-07,-1.758058512578617e-06,1.8185249123766872e-06,-5.028378877302099e-07,-9.013671252691947e-08,5.937345809910254e-07,2.2870134832415062e-06,1.378571689928486e-07,1.7410017557261042e-06,1.8566743540434535e-06,4.444540203196518e-07,-7.683385171832694e-07,6.775609860423712e-08,1.5405203315305968e-06,2.2629410819028447e-07,1.7158740173569236e-06,-1.323331492953648e-06,1.6331777297745882e-06,1.7749526686478125e-06,1.6712739712905358e-06,-2.962732541738551e-07,1.1519887808542783e-07,1.3689192766031342e-06,2.0364765986503548e-06,-7.195755701860045e-07,1.482577248599205e-06,9.47144760105099e-08,1.120621809699892e-06,-1.6116506150939972e-06,4.089212159350232e-07,1.06716082188484e-06,6.541944957351891e-07,9.476956341947672e-07,1.218677172845927e-07,1.078514066384863e-06,6.382116672288992e-07,-1.4183297084797132e-07,7.761111831564505e-08,6.36326589159205e-08,6.069339293461118e-08,2.392403277960739e-07,6.795907598864991e-07,6.516035486143048e-07,1.5206845040647864e-07,-2.1611426424930197e-07,2.6332839439902415e-09,-3.8580756169865034e-08,2.1518397156034666e-07,6.72016805858748e-07,1.6173636549264453e-06,6.549571142947181e-07,6.794630793465092e-07,6.038472369218153e-07,1.0099755843885369e-07,2.013921693609425e-08,6.090915294342267e-07,9.283590482344851e-09,1.67605987973074e-07,3.1191984344672166e-08,5.497030636846116e-09,5.491606422810373e-07,1.7709962552956523e-06,1.4353293118650578e-06,movement,no movement,no movement,no movement
1716.6666666666688,0.0142281485682963,0.327207205991777,-0.2970729412333333,0.0278454253510422,0.3428823190137416,-0.2899704794333334,0.0296792762322638,0.3434214928069049,-0.2791923991666666,0.0284288114312022,0.3433050234360761,-0.2834447532666667,0.0078167535350899,0.3524855221958676,-0.3066200353333333,0.0093014002605607,0.3512709234624202,-0.3192741860999999,0.013158952539376,0.3420248021503567,-0.2990567107333333,0.0641979907558822,0.3434927034014625,-0.1789686034666666,-0.0493926818721503,0.309675465485515,-0.1975916579333333,0.0388668485365401,0.3246927423639443,-0.2435906356666666,0.0089497833476058,0.2971596048254792,-0.2770452746,0.1294517901168192,0.2324462860588743,-0.0312213187699999,-0.1155265385359194,0.2722836113995523,-0.0276874256699999,0.1693268853993234,0.0780053489197637,-0.0124964811649,-0.1775682090137889,0.0391845601947971,-0.1087310390966666,0.1884269048735175,-0.0494219527789356,-0.0657949119133333,-0.1212417949827522,0.0068147113128218,-0.2773131311333333,0.1808131974667616,-0.0767540585954458,-0.0761345934266666,-0.0811759794367611,0.0044059319997123,-0.345795678,0.1648602407000611,-0.0740201251060296,-0.09739724995,-0.0453064704791351,0.0567927115958543,-0.3542704403,0.1859637878758925,-0.0698657144132311,-0.0750787702966666,-0.1015810665938659,0.0246559389603555,-0.307323813,0.0751254108170488,-0.165255408955857,0.0446353477533333,-0.0728720407923216,-0.1649322153168494,-0.0417964969466666,0.0784060101624954,-0.4924428013201558,0.06251293473,-0.0760528364669681,-0.4391013414259577,-0.0568113516033333,0.0692204062760164,-0.7646020060150855,0.2320176423,-0.1338346683662659,-0.7669124731662817,0.0967166053966666,0.0523258614761575,-0.7937185083659855,0.2536110958333333,-0.1375626792119856,-0.7951463983660506,0.0707023257066666,0.0994421560497891,-0.8173994481298358,0.2167427584333333,-0.1373676271490227,-0.8218666701063077,-0.0093040156699666,nijmegen_nijmegen_rennen_g_ch1_g11_compr.mp4,ch1g11,8.42917837590522e-06,7.359771566094161e-06,1.302179930554877e-05,3.3744795085233036e-06,1.670421406870711e-05,8.333076296016588e-06,1.3128152092593052e-05,6.391190388917608e-06,8.766925196990337e-06,8.16191038334248e-06,3.050123367365644e-05,9.108147180449516e-06,1.263900742334351e-05,1.313147637585612e-05,1.857378681028518e-05,1.2534313271780572e-05,1.2773340981477513e-05,3.252524811592138e-05,8.898086821846548e-06,1.262002140580588e-05,1.336234619396027e-05,1.3720719425437205e-05,1.2611662168053655e-05,1.1025691177942973e-05,1.566568651184142e-05,1.170061601139654e-06,1.0313160511396922e-05,2.855336263412438e-05,3.3075408453417815e-06,3.464303569661943e-05,1.2072685699745657e-06,4.458743287892191e-06,1.0893858120948198e-05,3.501190402774842e-05,1.8016372636477337e-05,-0.0001781350863508,-0.0001871586069148,-0.0001883887661319,-0.0001874900538201,-0.0001752234278267,-0.0001743438689045,-0.0001745987101656,-0.0001351940769882,-7.428613388400427e-05,-0.0001617844962106,-0.0001409731137422,-0.0001266890392585,9.233539328130104e-06,-0.0003081359812245,5.500538629833888e-05,-0.0003670979218686,-2.329338976037643e-05,-0.0003840485794596,-3.205137349843874e-05,-0.0003653622801239,9.183387962786404e-07,-0.0003639993735733,-3.4286871342056095e-05,-1.1939185455412588e-05,1.0712970747071376e-05,-6.711899457462002e-06,3.578040978514099e-05,-0.0001035763408746,-1.0091978174156527e-05,-0.0001053769884749,-1.6349797131867176e-05,-3.494753850548305e-05,3.1351808975196556e-05,1.7647020607241849e-06,-2.80712548000602e-07,2.5627671570779224e-06,5.7685712205791464e-08,-4.898480883546505e-10,-5.134516711371585e-07,2.4936423053774224e-06,-6.459888650659492e-07,8.439367756975901e-09,6.421983525455082e-07,2.218290143573776e-06,4.15861426113449e-07,2.4576350608788167e-06,2.5458088117893523e-06,4.910245310936882e-07,-9.510643342833682e-07,8.692165642407325e-08,1.3795938277639084e-06,4.6629747018384196e-07,2.4236610136180445e-06,6.132881002430511e-07,2.335789095213344e-06,2.491148441930139e-06,2.3156585103885774e-06,-1.706986008827523e-07,1.4026318035633904e-07,2.0204007481393068e-06,1.9336531970030325e-06,-4.289722408009007e-07,1.3879430208698656e-06,1.0445916202508483e-07,1.6895891926244431e-06,4.48208234039304e-07,3.5602035680664785e-07,1.491514611493386e-06,5.896876769228501e-07,1.2246787766748978e-06,1.421533847755857e-07,1.5487864106655705e-06,5.786944285805814e-07,-1.1593163817819979e-07,6.498927014264441e-08,1.8021870888603705e-07,-3.850134766561312e-09,2.966571955361089e-07,6.22706537213505e-07,5.888196446068078e-07,1.2449498049839134e-07,2.114142139049761e-08,5.0945407079293273e-08,-6.574212318009513e-08,2.750460125461592e-07,6.176663385694655e-07,2.135073058831665e-06,6.302144592529205e-07,6.213232262937368e-07,5.639365874118691e-07,1.2453574535967e-07,1.473182511704822e-09,5.954000072860066e-07,-8.929572316907913e-09,3.379030047178674e-07,-2.0537939499938538e-08,-9.777280465732517e-09,5.067941371929148e-07,2.297798056770866e-06,1.933916409715593e-06,movement,no movement,no movement,no movement
1733.3333333333355,0.0140890285801786,0.3269912625308885,-0.2973787458333334,0.0277372886976664,0.342658612040174,-0.290291364,0.0295731371215259,0.3431957517341361,-0.2795131178666666,0.0283243698573587,0.3430807161251414,-0.2837529281333333,0.0077039680401472,0.3522773729853293,-0.3068547127,0.009186239138029,0.3510634755016025,-0.3195203860666666,0.0130438914426935,0.341816292483322,-0.2992895741666667,0.0642391076296215,0.3433456310752592,-0.1791783487666666,-0.0494057308060457,0.3095954749362506,-0.1974893550333333,0.0387831537748162,0.3245013307127515,-0.2438804458666666,0.0088515464601221,0.2969958081132179,-0.2772482837666666,0.1295266122910459,0.2323271373186913,-0.03138702322,-0.1155481522276852,0.2722900278952529,-0.0273572348133333,0.1692203000814441,0.0777015663367104,-0.0128366502449,-0.1775867090872006,0.0392252283151117,-0.1083839147933333,0.1880971165086478,-0.0497499120452607,-0.0663454418933333,-0.1213839780032476,0.0068369336546581,-0.2772506535333333,0.180409135372774,-0.0770768052637032,-0.0767603719133333,-0.0813106134454666,0.0044440840497276,-0.3458232243,0.1643974029873621,-0.0743191578766147,-0.0979841018933333,-0.0454951667954133,0.0568891219713974,-0.3543258835666666,0.1855853707482044,-0.0701928956823177,-0.0756067383066666,-0.1017371255876839,0.0246802271332744,-0.306643099,0.0751429662552775,-0.1652647071217349,0.04456109154,-0.0728900332688628,-0.1649241697839686,-0.0417225471133333,0.0785256054108447,-0.4924437140881345,0.0626420724133333,-0.075926979250828,-0.4390609000684604,-0.0566093349466666,0.0694935839843171,-0.7646786434241453,0.2324530850333333,-0.1336896820591393,-0.7669077455854624,0.0969259555366666,0.0526201909357032,-0.7937965696500096,0.2540751100666666,-0.1374157204467012,-0.7951458452812933,0.0709226336633333,0.0996892527614966,-0.8173815385621552,0.2170077582,-0.1371995172759682,-0.821789928995582,-0.0091651025736333,nijmegen_nijmegen_rennen_g_ch1_g11_compr.mp4,ch1g11,1.0254137934691349e-05,8.398264456261111e-06,1.5894285832688912e-05,4.255077215986345e-06,1.7052270682350986e-05,8.961427617853173e-06,1.5928019724833428e-05,5.669429226734324e-06,8.827918486467732e-06,8.986957922014477e-06,3.3161775024134865e-05,9.478365221399593e-06,1.5430988799536167e-05,1.598478332275899e-05,1.9375668304736516e-05,1.1691066656547488e-05,1.30648660703729e-05,3.4346556482741736e-05,9.356704954216666e-06,1.5395951867070744e-05,1.5096614741049576e-05,1.6378628610571197e-05,1.542599593206605e-05,1.3609295472450006e-05,1.582447163410849e-05,1.2663912398766958e-06,1.2639436555536064e-05,3.093817179810281e-05,2.8152659458913946e-06,3.648418341709619e-05,1.2794415268945382e-06,6.4173344608026175e-06,1.3174413226934668e-05,3.7699118351168376e-05,1.838373819708513e-05,-0.0002346405713613,-0.0002413314863225,-0.0002432358126106,-0.0002423396246905,-0.0002301974672352,-0.0002292374470429,-0.0002289545256495,-0.0001659853308739,-0.0001064595284724,-0.0002103286031821,-0.0001866576287784,-0.0001288973275953,-1.719291465563279e-06,-0.0003195441831766,3.9507649797824e-06,-0.0003962417710574,2.28707135795501e-05,-0.0004031090213782,6.130385769160473e-05,-0.0003848583362061,0.0001213262267175,-0.000399072146668,2.957793040624886e-05,-1.047926144209614e-05,9.254199135902336e-06,-1.040296195381889e-06,3.0249652596219893e-05,-9.36101464052588e-05,-7.0924674560427396e-06,-9.696529120905796e-05,-1.197359685750318e-05,-4.1032458232804386e-05,4.447184456053634e-05,2.116556922664514e-06,1.445396902263094e-06,3.14262438098829e-06,1.430792787078122e-06,1.5537063309749234e-07,1.2856479465586537e-06,3.065663796148058e-06,-7.619909449607484e-07,6.487704808321083e-08,8.815468670649181e-07,2.2030421987103526e-06,7.390097011595128e-07,3.076974122291429e-06,3.1258571817376048e-06,5.007476603289619e-07,-9.101983425897596e-07,8.933083475318319e-08,1.3412986415592273e-06,7.689419087319727e-07,3.03684519772417e-06,3.103848982777224e-06,2.9810238176084727e-06,3.109581922345165e-06,2.8835979107702173e-06,-3.159477745087414e-08,1.3580073636722026e-07,2.6375095636704734e-06,1.915005805620032e-06,5.100829125266148e-08,1.4105236588570543e-06,9.038328760198584e-08,2.2080956613135215e-06,3.1510173035679413e-06,2.555127194060745e-07,1.7884876395658005e-06,4.442301989835153e-07,1.3509290587306915e-06,1.276789888193237e-07,1.887915557094709e-06,4.3954515696421153e-07,-7.116564425299541e-08,4.5322473115971816e-08,3.2971960790681724e-07,-5.370173527140454e-08,3.6179945939983377e-07,4.828095942120331e-07,4.449003088318431e-07,8.37033516499698e-08,3.526368479937774e-07,8.24233385827024e-08,-6.658388017388862e-08,3.455189748204522e-07,4.808043708046748e-07,2.4625313650644997e-06,5.209760003923858e-07,4.813925535185803e-07,4.473769730465591e-07,1.1539903652491326e-07,-1.8087205796977083e-08,5.028962525111906e-07,-2.2285552455067433e-08,4.5624574169263587e-07,-3.686891208958936e-08,-2.4926789602710937e-08,4.0015901869284996e-07,2.604170918257232e-06,2.243033716984278e-06,movement,no movement,no movement,no movement
1750.0000000000025,0.0139643317594439,0.3267212315398625,-0.2979415309,0.0276406321418249,0.3423809184764392,-0.2908820639333334,0.0294789828440767,0.3429148087594796,-0.2801038048666666,0.0282314386299006,0.3428008513716408,-0.2843265612333333,0.0076025552624947,0.3520119477843513,-0.3073674109666666,0.0090827362506765,0.3507992254572923,-0.3200441708333333,0.0129402732269371,0.3415548442619445,-0.2997974494666667,0.0642970272608136,0.3431494149024104,-0.1796147277666666,-0.0494123343375738,0.3094775434962087,-0.1976479391666666,0.0387128390162822,0.3242580011194035,-0.2443991622666666,0.0087648434276805,0.2967841129408954,-0.2777004535333334,0.1296241012467653,0.2322044601811075,-0.0316878707099999,-0.1155931195346138,0.2722853217175736,-0.02712450947,0.1691608170820482,0.0774084389548401,-0.0131511281049,-0.17759848404544,0.0391944515938567,-0.1081768060266666,0.1877768379593709,-0.0501031171024182,-0.06677810274,-0.1213899475737659,0.0068727460238653,-0.277514266,0.1800138874785174,-0.0774152121097057,-0.0772447058466666,-0.0812538639833202,0.0045571800923579,-0.3462058891,0.1639451599670979,-0.0746288686876048,-0.0984302006866666,-0.0455224862743521,0.0571036275831423,-0.3546941816333332,0.1852147968633446,-0.0705502439731445,-0.0760143764599999,-0.1017503071326738,0.0247341022890283,-0.299076289,0.0751684764646453,-0.1652725215642217,0.04448743001,-0.0729173735267984,-0.1649173152872286,-0.0416482094433333,0.0786472025238854,-0.492444165128243,0.06274089679,-0.0757808783123521,-0.4390300875556316,-0.0564655870466666,0.0698014670085679,-0.7647541499741332,0.2329959020666666,-0.1335041066438062,-0.7669204798186326,0.0970038900999999,0.052953665241655,-0.793873888562667,0.2546665043666666,-0.1372205149439365,-0.7951615803451737,0.0710004616833333,0.0999510024495547,-0.81738180534194,0.2173511311333333,-0.1369647560086011,-0.821732468634351,-0.0091898331609666,nijmegen_nijmegen_rennen_g_ch1_g11_compr.mp4,ch1g11,1.2553125212481678e-05,1.1371705308761877e-05,1.9380706717869495e-05,6.261578602581734e-06,1.760346429568467e-05,1.174147417237502e-05,1.932831887696123e-05,4.885727791280473e-06,8.91303165787203e-06,9.84222458606496e-06,3.556268990111825e-05,1.001576511690066e-05,1.883814721848893e-05,1.94575154896427e-05,1.9972371240504363e-05,1.0204031358968508e-05,1.3427849616128614e-05,3.589608100619219e-05,9.958457172025565e-06,1.8765666247121377e-05,1.9896709486713727e-05,1.9701760178273793e-05,1.8856114077009595e-05,1.6833164529395116e-05,1.6197714973561815e-05,1.414329824759964e-06,1.5619348367623113e-05,3.3097823271607386e-05,3.1833137301619045e-06,3.8154240084380776e-05,1.3879365056916742e-06,8.903660204351623e-06,1.846984589337455e-05,4.077848166021773e-05,1.9014122109942808e-05,-0.0003038661402216,-0.0003065305351768,-0.0003093713497404,-0.0003084864715837,-0.0002970187986791,-0.0002959851173263,-0.0002948901451265,-0.0002042860027328,-0.0001475636369972,-0.0002701274336989,-0.0002446601357473,-0.0001300490966137,-2.099276910929501e-05,-0.0003239713486903,-6.827728537049978e-05,-0.000431530662583,7.258384519001627e-05,-0.0004296784458005,0.0001710755442924,-0.0004163045670344,0.00025824084464,-0.0004412454912839,0.0001000746717524,-9.004586428254154e-06,7.789881227653446e-06,1.1941023925752037e-06,1.9515031894325623e-05,-9.652557115817868e-05,-1.2726210754519347e-05,-0.0001026655166883,-1.7366963771933048e-05,-6.218408869170617e-05,4.871459951727289e-05,2.308493659142753e-06,3.640295828613971e-06,3.54710713925589e-06,2.999534972722159e-06,2.325703922337975e-07,3.571923488321045e-06,3.4693045379337736e-06,-8.357523177906794e-07,5.1597752669090976e-08,1.3114093090475398e-06,2.157768551521462e-06,1.0662192359236878e-06,3.5306829817818312e-06,3.532134664720476e-06,5.352789150650696e-07,-5.602613330513553e-07,1.684932050078553e-07,1.322492282048838e-06,1.0968760999733826e-06,3.4918870324461457e-06,5.907023989276123e-06,3.49175283594825e-06,3.560970735587593e-06,3.3009100230005485e-06,3.40572022096762e-08,9.564809031955312e-08,3.1371613921445444e-06,1.9037463254150384e-06,6.017346214452764e-07,1.442128204438732e-06,4.834533287567692e-08,2.5967982933668567e-06,6.205910961510225e-06,1.1056104336910643e-07,1.940651457665989e-06,2.305902292634356e-07,1.3320345442103071e-06,9.008820127320409e-08,2.0635741184860054e-06,2.3340034696979065e-07,-1.318437887254012e-08,2.0417747417122417e-08,5.00539192248397e-07,-7.849576546167332e-08,4.420610224635149e-07,2.729859925218865e-07,2.3222022532323814e-07,4.8378777895633366e-08,7.820660329725323e-07,1.008330188499956e-07,-3.4653215740777917e-08,4.331967870771271e-07,2.7534333124588386e-07,2.5467589553551298e-06,3.367349800786107e-07,2.718358883948421e-07,2.63017923503932e-07,8.484149588101307e-08,-3.7769041627849066e-08,3.39462884051733e-07,-2.2316015573295822e-08,4.975948981159003e-07,-1.3855423160468334e-08,-3.882165228431493e-08,2.3779867949396497e-07,2.6660553732136886e-06,2.3544176812563295e-06,movement,no movement,no movement,no movement
1766.666666666669,0.0138621493546998,0.3264041715257516,-0.2984588882666667,0.0275540615437292,0.3420589020198031,-0.2914204160666666,0.0293947085543612,0.3425897026007723,-0.2806428792,0.0281484242229092,0.3424759789628404,-0.2848497350666666,0.007514432753089,0.3516950079316114,-0.3078288482999999,0.0089929478906895,0.3504843860120628,-0.3205148508333333,0.0128500830374935,0.3412428706557489,-0.3002548694333333,0.0643511528415918,0.3429258713935992,-0.1800186530333333,-0.0494176301841906,0.3093114406301227,-0.1978143111333332,0.0386574770106216,0.3239727253482989,-0.2448787834333333,0.0086961363708483,0.296526156082582,-0.2781101301666667,0.1297109136257784,0.2320671656101941,-0.03201048793,-0.1156487144533875,0.2722560162067437,-0.0269495566133333,0.1690856739159538,0.077084711406908,-0.0134881278915666,-0.1775830782308969,0.0391076770776889,-0.10802090016,0.1874389753634618,-0.0505065203663281,-0.0671282874799999,-0.1212725103667502,0.0069441554328817,-0.2777114342,0.1796012650122319,-0.0778057593303421,-0.0775989968499999,-0.0810485166675184,0.0047353291427979,-0.3465242315666667,0.1634628349024639,-0.07499283841127,-0.09872895782,-0.0454521774700335,0.057389763180523,-0.3550226588666666,0.1848224463466846,-0.070962312084293,-0.0763316254133333,-0.1016561978294357,0.0248352818089081,-0.286105722,0.0751938156863982,-0.1652800707339806,0.0444010674733333,-0.0729443524665888,-0.1649108671292415,-0.0415615272766666,0.0787242792468948,-0.4924485453706199,0.0627938648299999,-0.0756216158208001,-0.4390215583076421,-0.05633311684,0.0700342086369713,-0.7648341403853129,0.2333820616666666,-0.1333266477134539,-0.7669465935551257,0.0971063522233333,0.0532073146614084,-0.7939569901895258,0.2550891678666666,-0.1370388770159581,-0.7951909533518413,0.0711113335266667,0.1001354340258468,-0.8174232425944505,0.2176105871666666,-0.1367709838534163,-0.8216860881678368,-0.0091132344573,nijmegen_nijmegen_rennen_g_ch1_g11_compr.mp4,ch1g11,1.50307985340231e-05,1.6456423926582606e-05,2.3061099959745303e-05,9.688073815469365e-06,1.7529049604800645e-05,1.6998657575374322e-05,2.2932856669421886e-05,3.933927912508456e-06,8.981515748316952e-06,1.0933791457458733e-05,3.776901225003761e-05,1.12233719314215e-05,2.2437231627619454e-05,2.31316958606878e-05,2.0322722980724932e-05,9.741537699076418e-06,1.3428735973554263e-05,3.7357516153718184e-05,1.1133524023978732e-05,2.231747524248451e-05,2.827595416053673e-05,2.334793712703491e-05,2.2475781400481616e-05,2.0320429686902475e-05,1.598484482482024e-05,1.5122248698421587e-06,1.8886567042555877e-05,3.513606149794989e-05,4.483629701838753e-06,3.978579995127015e-05,1.4414540218727674e-06,1.1487259597010226e-05,2.685181842537592e-05,4.485787054290903e-05,1.9480005679313705e-05,-0.0003771120646284,-0.0003744800242182,-0.0003783234716871,-0.0003774703293214,-0.0003668699531829,-0.0003657474288322,-0.000363776558959,-0.0002452670614466,-0.0001913864959168,-0.0003339679962105,-0.0003074102729448,-0.0001301869384424,-4.654869287859486e-05,-0.0003239283737891,-0.0001526097337342,-0.0004720668581103,0.0001432409281265,-0.0004642646246764,0.0003117873779768,-0.0004577740485489,0.0004279297984322,-0.0004884741002772,0.0001943559937964,-7.255055742538938e-06,6.079754845945153e-06,2.5447081165405813e-06,4.460337444394367e-06,-0.0001035584248735,-2.1954451469272726e-05,-0.0001132598278192,-2.685404480900185e-05,-9.046820979291114e-05,5.232968853220413e-05,2.356445071801825e-06,5.8197880300890144e-06,3.711937585758085e-06,4.450284266630151e-06,3.575651495824139e-07,5.877994731583546e-06,3.640604568118225e-06,-7.956833131091143e-07,8.404747145998697e-09,1.932123227663616e-06,2.1746839060160872e-06,1.5502792542529322e-06,3.742266861310713e-06,3.700448545500743e-06,5.707734135434088e-07,3.618410665376759e-07,3.83471382403475e-07,1.4173002253489348e-06,1.5809805740018796e-06,3.709356746712057e-06,8.615396081911665e-06,3.7884991126210975e-06,3.768397449649573e-06,3.5121511034007747e-06,1.4987102435924747e-07,3.567145023714057e-08,3.444587496545475e-06,1.995728791849089e-06,1.140683130638409e-06,1.5513276342771466e-06,-8.356784096457039e-09,2.7886009227153236e-06,9.071857402623313e-06,-5.9549557246853414e-08,1.927335760106492e-06,-1.668323008782183e-08,1.1671938386037982e-06,6.526786589034239e-08,2.046483248054995e-06,-6.734762345000614e-09,5.5259500384853105e-08,-5.845485089820246e-09,6.716364434845359e-07,-9.824507593722587e-08,5.179203490228221e-07,2.8449914182373227e-08,-1.4840895819428496e-08,1.492017717263049e-08,1.2155504819256585e-06,1.156464866091163e-07,1.8963082118609704e-09,5.187966098418976e-07,3.558237514828985e-08,2.3593207494692565e-06,1.0625393426568497e-07,2.7530789643616723e-08,4.113936814972761e-08,6.750977806146205e-08,-5.063799594180547e-08,1.3354001661014485e-07,-3.256548448313389e-08,4.582593582769853e-07,2.5045420535611936e-08,-4.5346059919822456e-08,5.1692373915783555e-08,2.475843487448646e-06,2.253496774243625e-06,movement,no movement,no movement,no movement
1783.3333333333358,0.0138127032211502,0.3260190584740127,-0.2987952194,0.0275022721888781,0.3416791914520292,-0.2918090880333333,0.029344970959754,0.3422064694075412,-0.2810313902333333,0.0281002927061267,0.3420927424555746,-0.2852285454333333,0.0074701380847156,0.3513158163416552,-0.3081846979666666,0.0089480733877765,0.3501068631489936,-0.3208756268333332,0.0128029126349311,0.3408690523862532,-0.3006075630333333,0.0643941116971851,0.3426801648089371,-0.180382615,-0.0494094047309907,0.3091065869232039,-0.1981178393333333,0.0386288446658308,0.3236320734399378,-0.2452060685666666,0.0086656638420671,0.2962079306053544,-0.2784160309,0.1297769040635077,0.231936648902837,-0.0323570124466666,-0.1157130011735478,0.2721992801277737,-0.0269746843166666,0.1689754585426624,0.0767627271516414,-0.0137323301682333,-0.1775392726587961,0.0389049151617903,-0.10821757986,0.187081748476769,-0.0509845962034197,-0.0671528485666666,-0.1210557146190144,0.0070905829308033,-0.2778356582333333,0.1791757056595605,-0.0782710219552956,-0.0775607483033333,-0.0807340937826291,0.0050791103007097,-0.3466073969333333,0.1629729089890155,-0.0754517008041477,-0.09862721792,-0.0453134929267298,0.0578559828102937,-0.3550505309999999,0.1844159974021299,-0.07145998836475,-0.0763163152166666,-0.1014790905733879,0.0250379482529933,-0.28619349,0.075216112094146,-0.1652863117855182,0.0443147072999999,-0.07296810299539,-0.1649055703466861,-0.04147526756,0.0787607105010161,-0.4924363765669857,0.06279742211,-0.07542786711241,-0.4390319386096555,-0.0562471399966666,0.0702346902733703,-0.7649254494950188,0.2336921816333333,-0.1331467579387252,-0.7669791263280795,0.0971578657866666,0.0534310379041242,-0.7940587618721541,0.2554305018,-0.1368566493555234,-0.7952295444838238,0.07116865556,0.1002687900599611,-0.8175439049094677,0.2178149571,-0.1366041468181993,-0.8216385184600076,-0.0091163750006333,nijmegen_nijmegen_rennen_g_ch1_g11_compr.mp4,ch1g11,1.747558955355036e-05,2.317442209729425e-05,2.690836934507421e-05,1.4627684733967956e-05,1.7850602144297924e-05,2.396746406462887e-05,2.671370799566893e-05,3.084633869095669e-06,9.009652440104294e-06,1.2692158223084314e-05,3.956882882518647e-05,1.2973716573856834e-05,2.6335926108066585e-05,2.696842209235002e-05,2.063514078068619e-05,1.0320104433469698e-05,1.3734297887895877e-05,3.835335238468427e-05,1.2836500618783257e-05,2.6185403328987207e-05,3.833392958118578e-05,2.7365696712331385e-05,2.6402126962244993e-05,2.40122692193299e-05,1.6091957237050658e-05,1.572275092090241e-06,2.255870238369435e-05,3.6777749619037434e-05,5.821481585007002e-06,4.095677423758269e-05,1.44367892105379e-06,1.4341507841744355e-05,3.714239780959468e-05,5.0293487672851504e-05,2.058462620149052e-05,-0.0004512915435657,-0.0004421586138882,-0.0004467389914504,-0.0004458940659151,-0.0004372463114378,-0.0004358620615505,-0.0004332994698922,-0.0002858681239731,-0.0002389280916531,-0.0003985816552504,-0.0003729162421245,-0.0001313792321181,-7.81393594417906e-05,-0.0003271111319574,-0.0002444130909956,-0.0005118634709639,0.0002201417619454,-0.0004984708788767,0.0004633621945347,-0.0004980147843348,0.0006074550452168,-0.0005341543662781,0.0002954651788075,-5.31669221903796e-06,4.310601734372323e-06,-3.133393125346953e-07,-1.7409469238839176e-05,-0.0001185202191691,-3.698680472528455e-05,-0.0001329862767929,-4.273039488879249e-05,-0.0001252216443561,4.686661020814314e-05,2.228675796620553e-06,7.88519178667358e-06,3.5841148745153324e-06,5.598977985078261e-06,4.718278036763668e-07,8.073231329861264e-06,3.5268799316436157e-06,-6.586121243799697e-07,-3.476177044686351e-09,2.6998193831688116e-06,2.1314674527686366e-06,2.13844667542142e-06,3.660193478898291e-06,3.5755573067591465e-06,6.525499408002986e-07,1.8411875507196235e-06,6.37217433677124e-07,1.4986200356392783e-06,2.17744292317993e-06,3.6377790177060487e-06,1.1027480193898369e-05,3.804938130933536e-06,3.683598893265168e-06,3.461229191595758e-06,2.6769887809704997e-07,-2.6761299240871543e-08,3.496249850064566e-06,2.049996133475305e-06,1.6031036569531046e-06,1.6327172948228725e-06,-6.25573130833401e-08,2.7534735348471785e-06,1.158967413269155e-05,-2.2830526287132985e-07,1.7815414127334612e-06,-2.688923403947716e-07,8.85670433622765e-07,3.2614390779541794e-08,1.8780954470631757e-06,-2.528946493550219e-07,1.2552703091814693e-07,-2.0293170566487373e-08,8.045190915285297e-07,-9.674418104084323e-08,5.921353620488579e-07,-2.2474021396256074e-07,-2.6722754360407004e-07,-8.797555864414162e-09,1.596749457928755e-06,1.1280242853411497e-07,6.02598995648033e-08,5.997897533417206e-07,-2.1363420079041314e-07,1.9926179359342512e-06,-1.448559380135694e-07,-2.2603639347850585e-07,-1.919976171277519e-07,4.6322269686026224e-08,-5.3042994513268083e-08,-9.366427662700797e-08,-3.4746749049844073e-08,3.78747817888877e-07,9.681921616445807e-08,-4.1484638292027514e-08,-1.4004806617449118e-07,2.108334738067957e-06,1.989871014874229e-06,movement,no movement,no movement,no movement
1800.0000000000025,0.0137978245452351,0.3254912121891843,-0.2991691749666667,0.0274751229795135,0.341166476137808,-0.2922511637666666,0.0293194571491353,0.3416886412835956,-0.2814710360666667,0.0280765295232366,0.3415758246416988,-0.2856629182666667,0.0074562812775598,0.3508061863107924,-0.3086023139333332,0.0089338695597729,0.3495976309679841,-0.3213002433666666,0.0127855639372274,0.3403616852334466,-0.3010225156666666,0.0644378687159175,0.3423570076339759,-0.1808423988,-0.0493890515433304,0.3088170101703832,-0.1985424901333333,0.038620852443339,0.323168604458882,-0.2455801483333333,0.0086624296950364,0.2957678279708777,-0.2787761244333333,0.1298385586945408,0.2318028218891726,-0.0328336945099999,-0.1157782122055739,0.272095510054667,-0.0271147162399999,0.1688473323865445,0.0764199377738166,-0.0141392587148999,-0.1774616665021898,0.0386133346884187,-0.10857594906,0.1867226623061999,-0.0515669499341859,-0.0672697722333333,-0.1206778559337728,0.0073077259893648,-0.2779624095,0.178756920856411,-0.0788423659660277,-0.0775909094933333,-0.0802085654247334,0.0055592336864595,-0.3466757724,0.1624925646123919,-0.0760360348915209,-0.0985805777866666,-0.0450234157519234,0.0584774534170138,-0.3550693263333332,0.1840109673891045,-0.0720715239928558,-0.0763872390299999,-0.1011586282885096,0.0253373859709893,-0.286766946,0.0752371646701442,-0.1652916335393242,0.0442225592666666,-0.0729905136020084,-0.1649013836132749,-0.0413843153433333,0.078790428755523,-0.4924327288091056,0.0628100083733333,-0.0751896904037496,-0.4390625387481004,-0.0561271816766666,0.0704348883968713,-0.7650417365663279,0.2339168017333333,-0.1328791956825378,-0.7670212582298583,0.0972548785533333,0.0536553248309845,-0.794190838247043,0.2556727152,-0.1365919447361345,-0.7952792237403752,0.07127001301,0.1004100514750524,-0.8177013262752914,0.2179551765,-0.1364356628458729,-0.821603898508065,-0.0090007049542999,nijmegen_nijmegen_rennen_g_ch1_g11_compr.mp4,ch1g11,1.9666506563194245e-05,3.1823603386825466e-05,3.056182681989869e-05,2.1288022035493778e-05,1.8251346354909016e-05,3.287634375460196e-05,3.0308342617179255e-05,2.3824071483577883e-06,8.97883548523518e-06,1.5905785986064137e-05,4.135197821438316e-05,1.5839647378259166e-05,3.0149040076684557e-05,3.060744388751719e-05,2.117690605110967e-05,1.3134879020285712e-05,1.4394522209627648e-05,3.951335978534538e-05,1.5716769218266608e-05,2.997284143741407e-05,5.025807339775142e-05,3.1357321506554965e-05,3.0244059490131063e-05,2.7552347820561235e-05,1.6274155025037072e-05,1.5627020136027945e-06,2.6237951822611847e-05,3.851032858211425e-05,7.800628360828767e-06,4.227984597378364e-05,1.3881990219862223e-06,1.7271869857140813e-05,4.960559291629288e-05,5.828746324987534e-05,2.262443273187622e-05,-0.0005190631323247,-0.0005029868340763,-0.0005081573527281,-0.0005073267904391,-0.0005011195672524,-0.0004993113048168,-0.0004964079248599,-0.0003222127352935,-0.0002842004310497,-0.000457711963861,-0.0004340802811293,-0.0001337540352406,-0.0001134755106989,-0.0003384941795865,-0.0003413023595118,-0.0005559121910708,0.0002982461504781,-0.0005404558642205,0.0006136416542656,-0.000545489043692,0.0007826852517286,-0.0005819409628743,0.0003988110622684,-3.6499322313406497e-06,2.882859318672777e-06,-5.760644985753387e-06,-4.2460343192566505e-05,-0.0001439333563353,-5.88416032255784e-05,-0.000163560093394,-6.631106549886272e-05,-0.0001655433267793,3.373124198555551e-05,1.8756656991358163e-06,9.60885705502258e-06,3.109599964558506e-06,6.307381334066662e-06,4.739205042910279e-07,9.92785450106558e-06,3.07051278443748e-06,-4.755815579957431e-07,4.050383695146687e-09,3.564901794400227e-06,2.0299729197365428e-06,2.7242455473785266e-06,3.2348374806696544e-06,3.1007260659657893e-06,6.926132282321366e-07,3.7432184549514025e-06,7.923868982257562e-07,1.5684804899368315e-06,2.774004479224094e-06,3.2242742061585506e-06,1.2912029028251864e-05,3.4612926849685067e-06,3.2575288174011484e-06,3.0842057870083924e-06,2.9373094444114874e-07,-7.733217842553915e-08,3.227319639140585e-06,2.0386729789858325e-06,1.9460020109751073e-06,1.7031171819238125e-06,-1.0187728467557552e-07,2.474332666363553e-06,1.3482988601452282e-05,-3.6782568334657236e-07,1.516502510962493e-06,-4.859408025218365e-07,5.228083347572918e-07,1.610838184605685e-08,1.579186295859105e-06,-4.6581212753317114e-07,1.9296470333078274e-07,-2.4052897501092377e-08,8.552895987710369e-07,-7.603149701453715e-08,6.488245929761533e-07,-4.454279945909329e-07,-4.849141415343645e-07,-2.1641186194996657e-08,1.8511654109533509e-06,9.70345171752331e-08,1.264192118742109e-07,6.55440444310944e-07,-4.315628413951156e-07,1.4955252205885654e-06,-3.7531317048947514e-07,-4.4783188891901595e-07,-3.983463269476174e-07,4.354529417604507e-08,-4.2732283245500115e-08,-3.0363344256509837e-07,-3.044375032273666e-08,2.5533735159537176e-07,1.8428818622263809e-07,-2.6422658336134015e-08,-3.058044514348932e-07,1.6074757600056144e-06,1.6045259684781914e-06,movement,no movement,no movement,no movement
1816.6666666666692,0.0138587593154817,0.3249251270542515,-0.2996171783666667,0.0275046987443413,0.3406244701154448,-0.2927788635333333,0.0293492976279998,0.3411418796768207,-0.2819985659666666,0.0281086690887472,0.3410306070988761,-0.2861799756666667,0.0075104065738833,0.3502700173527975,-0.3091258503333332,0.0089881127335453,0.349061450493719,-0.3218339771333333,0.0128364810657897,0.339825746766558,-0.3015427350666667,0.0644917928531027,0.3420247458670022,-0.1813455494333333,-0.0493322522878142,0.3085114300273479,-0.1990052417333333,0.0386637900034984,0.3226752818256742,-0.2460131740999999,0.0087217886860195,0.2952918552201409,-0.2792272600666666,0.1298980453946087,0.2316664788328257,-0.03330553804,-0.1158326778946759,0.2719715933852933,-0.0273504272166666,0.1687325301684363,0.0760648331120284,-0.0144777320715666,-0.177259871234949,0.0382463118468628,-0.10918274146,0.186403366865286,-0.0521930339256168,-0.0671328181433333,-0.1200396685632741,0.0076979859577675,-0.2783648829,0.1783904614007365,-0.0794585381964181,-0.0772797196033333,-0.0793990992267334,0.0063186189752,-0.3470893839333333,0.16206276163842,-0.0766658043186436,-0.0982035622766666,-0.0445082305539983,0.0594100819631646,-0.3554068773666666,0.183648763512872,-0.0727225103748542,-0.0761942148533333,-0.100600211299387,0.0258538782628229,-0.295101166,0.0752571341119301,-0.1652968934038104,0.0441434730899999,-0.0730124120660054,-0.1648972197229518,-0.0413068828266666,0.0788172778155359,-0.4924440325668593,0.0628140970066666,-0.0748830271375489,-0.4391205843126071,-0.0560306276166666,0.070679687308883,-0.765235126502856,0.2340936233666666,-0.132619026871833,-0.767071588003784,0.0973406650366666,0.0539254316388369,-0.7944109134253303,0.2558572809666666,-0.136335875551927,-0.7953373474884815,0.07137503391,0.1005685125639967,-0.8179332862720649,0.2180301238666666,-0.1362531964920964,-0.8215761831538851,-0.0089067257222999,nijmegen_nijmegen_rennen_g_ch1_g11_compr.mp4,ch1g11,2.138573546962516e-05,4.2185804275436645e-05,3.3467373658150526e-05,2.8315317656540404e-05,1.87019790019782e-05,4.3590683402683606e-05,3.318465882615276e-05,2.0360899477755547e-06,8.877343276725615e-06,2.0080255743719907e-05,4.328762942304872e-05,1.8700891778809368e-05,3.324405139761708e-05,3.3507807161861203e-05,2.161601201172136e-05,1.7288829283037024e-05,1.521627341270756e-05,4.10991507515445e-05,1.867748203970883e-05,3.3054134158342854e-05,6.414260480155794e-05,3.471896808775587e-05,3.3369245031936085e-05,3.0472954009116157e-05,1.653422982125838e-05,1.4305531129535862e-06,2.9392602177545623e-05,4.0387575549377795e-05,9.968067302679414e-06,4.408706977572991e-05,1.237646748148226e-06,1.9697149045801303e-05,6.407890408752855e-05,6.840911876646138e-05,2.494452026249123e-05,-0.000572927664236,-0.0005502149721489,-0.0005557088463951,-0.0005549169758522,-0.0005511381030769,-0.0005488462054583,-0.0005458931670862,-0.0003509540500989,-0.0003225602901155,-0.000504997070576,-0.0004845065287203,-0.0001354874904716,-0.0001524539670152,-0.0003464984995566,-0.0004353375772525,-0.0005959951686296,0.0003998722105079,-0.0005809928614073,0.0007886364530376,-0.0005913687858358,0.0009794064860357,-0.0006245730184208,0.0005260045847242,-1.7714480109337835e-06,1.3372660409944312e-06,-1.393213410692781e-05,-6.612384036541582e-05,-0.000172400286528,-7.487462888965257e-05,-0.0001968243163478,-8.337239853432256e-05,-0.0002019992599113,2.7380176693922987e-05,1.434531624317252e-06,1.0753750168116575e-05,2.4764262717340614e-06,6.592256238215454e-06,3.863447080128421e-07,1.1144461395765194e-05,2.4573069704219417e-06,-2.493840208409175e-07,-9.332396424649611e-09,4.415292334135659e-06,1.9296816430720744e-06,3.4396065131006977e-06,2.6394204563667553e-06,2.4662268900536296e-06,6.91640802759642e-07,5.887933157577006e-06,8.003439146082951e-07,1.6735014639872422e-06,3.488738039789681e-06,2.6410513287371584e-06,1.396077339600728e-05,2.9185450479130542e-06,2.663566563964897e-06,2.544754005076367e-06,2.441059444760087e-07,-1.1395124417036397e-07,2.76992830032243e-06,1.970420681677939e-06,2.1273235899544713e-06,1.8729809691055515e-06,-1.226883710919042e-07,2.056691312660941e-06,1.452120741777954e-05,-4.575205961335366e-07,1.1808095958901609e-06,-6.230348169223029e-07,1.7200505201638401e-07,2.4494772395626788e-08,1.202851598566324e-06,-6.020194630097562e-07,2.574137842342539e-07,-1.9277759486382073e-08,8.300745683112124e-07,-4.216545056018981e-08,7.249565403553311e-07,-5.843147813694954e-07,-6.235466076610679e-07,-2.2436521291207152e-08,1.977652444381897e-06,8.50762277983941e-08,1.8075630614090838e-07,7.209224509922842e-07,-5.696018739367148e-07,9.43777225646506e-07,-5.367210416899765e-07,-5.88423707354778e-07,-5.371238860429915e-07,6.563065784693595e-08,-1.9120443559507138e-08,-4.51580564721325e-07,-1.871573536260651e-08,1.2559934550148836e-07,2.592175922630506e-07,-7.171411637209435e-10,-4.0472024815290145e-07,1.0513171178452425e-06,1.1936292204463063e-06,movement,no movement,no movement,no movement
1833.333333333336,0.0139579302183245,0.3243256080051241,-0.3004095098666667,0.0275683167613625,0.340047846654282,-0.2936356445333333,0.0294117064808348,0.3405590438368716,-0.2828561228333333,0.0281718574715616,0.340448599242854,-0.2870190441333333,0.0075913218465062,0.3496910020976327,-0.3099726128,0.0090710507520394,0.3484860039843262,-0.3226975193,0.0129145905110217,0.3392528154989559,-0.3023859123,0.064562993210055,0.3416504246651397,-0.1820938773,-0.0492676135868011,0.3081638883239119,-0.1997689326999999,0.038739426494021,0.3221434783349852,-0.2467534473999999,0.0088108987266437,0.2947814724339365,-0.2800053887666666,0.1299610407735716,0.2315308345406735,-0.0338490159233333,-0.115905888122475,0.2718011563142944,-0.02784298473,0.1686519993210648,0.075713981129902,-0.0148835408582333,-0.1770157634234269,0.0377547631611404,-0.1103265476266666,0.1861112456519362,-0.0528131989684078,-0.0674879577666666,-0.119303708279525,0.0082149087150781,-0.2798412253666667,0.1780534169018843,-0.0800683313879839,-0.0775669469366666,-0.0784892133893697,0.0072876736221481,-0.3486458663666666,0.161646489177281,-0.0772907922152253,-0.0984537155099999,-0.0438798073402009,0.0605918813095749,-0.3568222393333332,0.1833046646495103,-0.0733719776337724,-0.0765147758333333,-0.0999344256650741,0.0265153181980461,-0.296069264,0.0752792235223154,-0.1652970690829936,0.0440784394566666,-0.0730382922376254,-0.1648971919096403,-0.04124031338,0.078824141225372,-0.492468780865865,0.06282553998,-0.0745270875710249,-0.4391996524003417,-0.05583313011,0.0708945984700882,-0.7654412016248424,0.2343830495999999,-0.1323209401752742,-0.7671451184501761,0.0973652842399999,0.0541626903378206,-0.794644820693599,0.2561781407,-0.1360377320749089,-0.7954171042878391,0.07140727133,0.1006945529219736,-0.8181787623932381,0.218177474,-0.1359067342801963,-0.8215475129987212,-0.0089841230676333,nijmegen_nijmegen_rennen_g_ch1_g11_compr.mp4,ch1g11,2.25861838736591e-05,5.382273396111453e-05,3.5626017662459386e-05,3.574287210330815e-05,1.9146638196154668e-05,5.555088997434388e-05,3.535012423389876e-05,2.054302658151548e-06,8.660584792123465e-06,2.542663095059304e-05,4.55758448832755e-05,2.257178553183775e-05,3.5565804950311703e-05,3.5664129802510384e-05,2.212273393501201e-05,2.425316185648332e-05,1.6171865208001227e-05,4.3344621611931325e-05,2.263925228611816e-05,3.538338890008903e-05,7.878642605536476e-05,3.738190741108042e-05,3.57141446270608e-05,3.278151469847989e-05,1.6799365605689684e-05,1.2206121020844056e-06,3.196338136637241e-05,4.265407157020661e-05,1.2197177669300442e-05,4.658260450762917e-05,1.0363500593635988e-06,2.1536453032473723e-05,7.953210078563094e-05,8.051847474659462e-05,2.8191389267436537e-05,-0.0006139931728995,-0.0005847835716467,-0.0005901866622113,-0.0005894248903033,-0.0005876007224149,-0.0005849860268541,-0.0005824734156862,-0.0003706389072486,-0.0003521595631803,-0.0005411923262444,-0.0005245581873151,-0.0001377114641143,-0.0001921951843427,-0.0003553022240855,-0.0005211873729687,-0.0006355164482405,0.0005119973230432,-0.0006233568125314,0.0009676184070499,-0.0006395527506723,0.0011755147639822,-0.000665522341353,0.0006628380304468,4.865494818799177e-08,-1.4768470563231185e-07,-2.5029349217982443e-05,-8.497015731848732e-05,-0.0002036330558363,-8.336310864894949e-05,-0.0002324387916483,-9.2844941702915e-05,-0.0002381744465187,2.952268669657278e-05,9.055678514004808e-07,1.1527741456704815e-05,1.7585268136206652e-06,6.476321695893574e-06,4.004698764448242e-07,1.1896991094526433e-05,1.7624242243809148e-06,3.0589546157046836e-08,-3.5236086364265685e-08,5.245507969737137e-06,1.8687948088768483e-06,4.231638911382662e-06,1.954228543591069e-06,1.7470483714691072e-06,6.516527720143075e-07,7.932253800137095e-06,8.07439124774289e-07,1.8297070989181743e-06,4.274899173247877e-06,1.9711004655219353e-06,1.4319299698697896e-05,2.268343230945958e-06,1.9752182375660545e-06,1.908623500825126e-06,3.021192747409264e-07,-1.3065514150671733e-07,2.2078757693272424e-06,1.9034826765585428e-06,2.109849608718956e-06,2.12716269713327e-06,-1.1900893984025584e-07,1.5563467761936774e-06,1.4974008921796644e-05,-4.865008547626057e-07,8.347843429676991e-07,-6.649109731022789e-07,-1.0742417888464483e-07,6.323830897519826e-08,8.167355786039452e-07,-6.462706901818323e-07,3.132390443231661e-07,-3.7713082504905555e-09,7.196635970846877e-07,1.5948324403739722e-09,7.736835370355571e-07,-6.246913669570401e-07,-6.67298971624293e-07,-1.8272350544262928e-08,1.901295184605804e-06,8.872889793773033e-08,2.1575446869647265e-07,7.525607030643004e-07,-6.115195637854027e-07,4.365287484051939e-07,-6.103015391531571e-07,-6.30576146621681e-07,-5.941772468436539e-07,1.151796829613992e-07,1.2573578055703496e-08,-5.217963726842547e-07,-4.688461524684667e-10,8.278102443179517e-09,3.105915470884694e-07,3.022628453454904e-08,-4.231101189766853e-07,5.413516406991488e-07,8.418663504881166e-07,movement,no movement,no movement,no movement
1850.0000000000027,0.014088240234867,0.323694949679357,-0.3007913203333333,0.0276535457913048,0.3394525580807846,-0.2940863599666666,0.0294969778972797,0.3399584729407803,-0.2833106072333333,0.0282590076004106,0.3398490308146111,-0.2874591161666666,0.0077057816005644,0.3490951818149014,-0.3104447212999999,0.0091862239652739,0.3478923944112232,-0.3231793095999999,0.0130253628271588,0.3386611201398526,-0.3028555541666667,0.0646328517889651,0.3412748404846923,-0.1825277584,-0.0491925854315158,0.307809264335225,-0.2003502811333333,0.0388306909167321,0.3215895776072658,-0.2471195207333333,0.0089227570298244,0.294241986596799,-0.2804251375666667,0.1299862955122976,0.2313939811782328,-0.0341289864666666,-0.1159794189555043,0.2715867305431664,-0.02831094067,0.1685423246877517,0.0753596970506969,-0.0148902335915666,-0.1766892469772973,0.0371812150136152,-0.1114239135933333,0.1857970940622041,-0.0534738115548941,-0.0672236340133333,-0.1184200627112571,0.0088194636054763,-0.2808554053666667,0.1776941488460498,-0.0807281602190966,-0.0771628582533333,-0.0774222560847167,0.0083835984613361,-0.3495527460666666,0.161203000124169,-0.0779915632069351,-0.0979803585299999,-0.0431463681392285,0.0618975174847421,-0.3574925591333332,0.1829377237198427,-0.0740667261850653,-0.0762027770599999,-0.0991464589627312,0.0272869447020767,-0.290965676,0.0752951764839703,-0.1652961473737496,0.0440237765333333,-0.0730578209376653,-0.1648982186478211,-0.04118610184,0.0787940746133567,-0.4925061267217306,0.0628048267466666,-0.0741021239160722,-0.4392837886135675,-0.05568940692,0.0710700818602306,-0.7656832785683467,0.2345188875666666,-0.1319514782318722,-0.7672433790236173,0.0973122214533333,0.0543637624578571,-0.7949193800919653,0.2563298464333333,-0.1356761788265184,-0.7955295361150855,0.0713514332,0.1008171654634998,-0.8184395209087821,0.2182408511333333,-0.1354794181577854,-0.8215263063256377,-0.0090885263466333,nijmegen_nijmegen_rennen_g_ch1_g11_compr.mp4,ch1g11,2.3233331901253476e-05,6.629950175904777e-05,3.7083795634028087e-05,4.242348419382596e-05,1.9839027067930648e-05,6.83319679753594e-05,3.682339024236699e-05,2.432466143483679e-06,8.644003639419667e-06,3.1382878359660036e-05,4.751285345084133e-05,2.737365231667499e-05,3.729741443488649e-05,3.710373343040795e-05,2.310436679853171e-05,3.358959955131032e-05,1.7430770816329938e-05,4.5357012120886786e-05,2.751038813182292e-05,3.714440960287421e-05,9.347599770739317e-05,3.941663118395716e-05,3.745203105249272e-05,3.4401065258760565e-05,1.74363101213734e-05,1.024631728393841e-06,3.40034453190936e-05,4.4685339150159714e-05,1.4437867184027666e-05,4.89014577940876e-05,8.723062467747885e-07,2.308075759080452e-05,9.51745935302352e-05,9.34128858603976e-05,3.257063655829054e-05,-0.0006380225685716,-0.0006034883651618,-0.0006083972651023,-0.0006076766329517,-0.0006075374523373,-0.0006046977834295,-0.0006030586638845,-0.000380498580585,-0.0003711928327186,-0.0005626664017497,-0.0005500893028208,-0.0001410356565988,-0.0002303913514946,-0.0003692214861285,-0.0005910791588032,-0.0006684946964414,0.0006366209470125,-0.0006589670665909,0.0011467494140604,-0.0006815336779836,0.001368954104885,-0.0006975382896784,0.0008110247270548,1.7448060274717651e-06,-1.4937619559041344e-06,-3.6971507421653024e-05,-0.0001022624879842,-0.000238991594663,-9.119314195871904e-05,-0.0002706948434186,-0.0001020013912491,-0.0002741732814258,2.9974393444172073e-05,3.907473781907553e-07,1.19939848062949e-05,1.0649836039897486e-06,6.15907301651224e-06,4.573857846209858e-07,1.229683846254816e-05,1.0878360187276972e-06,3.322420136874989e-07,-8.752182656876115e-09,5.945448274736184e-06,1.807771269287831e-06,5.043554284273126e-06,1.2967623472890908e-06,1.0506519397124657e-06,6.071559287493347e-07,9.817992040356412e-06,8.234722499514032e-07,1.967454660430585e-06,5.054624163501413e-06,1.3264508793944274e-06,1.426443470881696e-05,1.5985757952407234e-06,1.3134471798885788e-06,1.2660275522511851e-06,4.131322507907752e-07,-1.007472448191852e-07,1.6223019924003003e-06,1.8183176086031012e-06,1.975327684906102e-06,2.343544523889919e-06,-6.988242406968821e-08,1.097634549646094e-06,1.5037962410719132e-05,-4.561510956965677e-07,5.285930206380646e-07,-6.092885386916124e-07,-2.440644964413365e-07,1.1545096410140624e-07,4.747635928002764e-07,-5.956426247287284e-07,3.5775544731214e-07,1.3649239343678578e-08,5.425968014814281e-07,6.112031692377019e-08,7.977400602936987e-07,-5.668893550462469e-07,-6.13369498334761e-07,-2.0709882252946557e-08,1.6455517827190342e-06,1.1425575313469763e-07,2.401679045343175e-07,7.545265422062563e-07,-5.57765857728952e-07,4.87140117394834e-08,-5.888837707274463e-07,-5.743487389516781e-07,-5.641071131582394e-07,1.715390920595583e-07,4.44323442957019e-08,-5.080296420222573e-07,3.571260317995629e-08,-7.72529179690923e-08,3.354373310323783e-07,5.8810690821442464e-08,-3.720750555954161e-07,1.502565061645574e-07,5.836800057730747e-07,movement,no movement,no movement,no movement
1866.6666666666697,0.0142742295427426,0.3230413859063722,-0.3012286376333333,0.0277842848206727,0.3388379097456844,-0.2945950071333333,0.0296271717596714,0.3393387052231204,-0.2838209213333332,0.028391916806002,0.339230267221817,-0.2879567294999999,0.0078733456355507,0.3484747260208085,-0.3109721190666666,0.0093544640329393,0.3472751731977471,-0.3237174451666667,0.0131886888526098,0.3380464553174302,-0.3033801763666667,0.0647079476389305,0.3408877159244213,-0.1830231847666666,-0.0490858768702132,0.3074289430737257,-0.2009861141999999,0.0389583593549618,0.3210120356061808,-0.2475396798333333,0.0090806730981624,0.2936755903292513,-0.2808964761666667,0.1300139664307967,0.2312549772006576,-0.0344982915066666,-0.1160526617160764,0.2713203539104727,-0.02880167403,0.1684396085328806,0.0750023619331576,-0.0150196241915666,-0.1762491645308146,0.0365233960754427,-0.11250096356,0.185491922152997,-0.0541464990749845,-0.0671707505366666,-0.1174842798393607,0.0094902180215698,-0.2818989297000001,0.1773494347045484,-0.0813956008021977,-0.0770048349133333,-0.0763224851371546,0.0095922086238001,-0.3505388274333333,0.1607788251542164,-0.0786951181616926,-0.0977614781033333,-0.042379069289369,0.063329998748337,-0.3582805931333332,0.182583557758354,-0.0747727136660718,-0.0761103099466666,-0.0983119796854081,0.0281399107055371,-0.265256226,0.075311414220618,-0.1652926220793899,0.0439789259,-0.0730779035509709,-0.1649013156863362,-0.0411411685066666,0.078770434372865,-0.4925421400595191,0.0629015563266666,-0.0735476571429588,-0.4393830574268008,-0.0555346953666666,0.0712398084325907,-0.7659254987333797,0.2348819682666666,-0.1314219163265673,-0.7673638553660596,0.09727363018,0.054558545636623,-0.7951944234222333,0.2567218095666667,-0.1351504992298922,-0.7956643483083845,0.0713085421933333,0.1009474233171378,-0.8187003057709015,0.2184914886666666,-0.1348361565032146,-0.8215154223179827,-0.0092568154359666,nijmegen_nijmegen_rennen_g_ch1_g11_compr.mp4,ch1g11,2.323936506941567e-05,7.879637550638817e-05,3.768738442390706e-05,4.815027526734374e-05,2.0404783395581945e-05,8.115940028252685e-05,3.745121890920233e-05,3.021853907089651e-06,8.654415269716989e-06,3.747866259138884e-05,4.957200037008708e-05,3.258411046262711e-05,3.8145593208487616e-05,3.7686426513464024e-05,2.4386110984864697e-05,4.459011940931126e-05,1.8422705543174768e-05,4.7576718430581905e-05,3.2740917261093505e-05,3.8043116423151984e-05,0.0001077684628788,4.0532607870352264e-05,3.831133003293341e-05,3.520632733491747e-05,1.8004650540149303e-05,9.1016332837368e-07,3.5206942767675364e-05,4.6932892189190234e-05,1.6176947731803737e-05,5.1289078877595864e-05,8.029801837848898e-07,2.384295604877653e-05,0.0001102126649963,0.0001064175576654,3.7364891330909414e-05,-0.0006495184567512,-0.0006107620528713,-0.0006149523985494,-0.0006142967493717,-0.0006156496281887,-0.0006127143888427,-0.0006120657411801,-0.0003808037671921,-0.0003794971514943,-0.0005724914718236,-0.0005640448916933,-0.0001413710207802,-0.000263820153794,-0.0003790951982504,-0.0006464926430934,-0.0006910858935018,0.0007732975130278,-0.0006814668131758,0.0013287614470431,-0.0007082196352266,0.001560593493174,-0.0007169682357232,0.0009683748088348,3.6804869831991943e-06,-3.038108488675153e-06,-4.8274819296170246e-05,-0.0001208656176716,-0.0002685239142126,-0.0001000893093351,-0.0003018740668845,-0.0001122502643887,-0.0002951314778096,2.2105198303329865e-05,-5.0503971209907484e-08,1.2393995442942866e-05,4.75213519100439e-07,5.725266448879413e-06,5.953485947913865e-07,1.2593553068978334e-05,5.109155116180157e-07,6.961997815624853e-07,1.0257146238864733e-08,6.423805510725387e-06,1.915821277479081e-06,5.768396974529e-06,7.398833489752244e-07,4.568808982310725e-07,5.503567948633115e-07,1.128222725656072e-05,9.371524937042932e-07,2.2676500680598556e-06,5.735417827472018e-06,7.791828421864245e-07,1.409865512809754e-05,1.000203998088889e-06,7.4795394624508e-07,6.951547372277254e-07,6.061895451259928e-07,-4.656233006249629e-08,1.090336376245982e-06,1.874657555781862e-06,1.7876263296067917e-06,2.753092572653928e-06,9.209250586549431e-10,7.225630586617161e-07,1.503373112329756e-05,-3.640313058529503e-07,3.033169338167589e-07,-4.647440598745048e-07,-2.338633160024117e-07,1.8121124383286537e-07,2.2053332665373346e-07,-4.579808963141998e-07,3.844365590189465e-07,5.051640154925018e-08,3.272287862007902e-07,1.3221564950889506e-07,7.897412010174528e-07,-4.1679653326964595e-07,-4.705558465285988e-07,5.7153353061676294e-09,1.237835443444101e-06,1.6092609302403428e-07,2.5204781765061316e-07,7.265544698675226e-07,-4.136999303691839e-07,-1.778369501855371e-07,-4.742881911457629e-07,-4.25632353667327e-07,-4.550806304937576e-07,2.3496760528522155e-07,7.011599925000024e-08,-4.132651733073154e-07,9.577580098286275e-08,-1.1749993948043697e-07,3.222084800318941e-07,7.932325447092436e-08,-2.4524823225047685e-07,-8.18124291456849e-08,3.948403247177456e-07,movement,no movement,no movement,no movement
1883.333333333336,0.0144751766905345,0.3223901546614041,-0.3014508983666666,0.0279281573525756,0.3382224548021803,-0.2948759903666667,0.0297685340926395,0.338718356444728,-0.2841082276333332,0.0285351739023485,0.3386104665847467,-0.2882298495666666,0.008052311965586,0.3478505550006144,-0.3112694031999999,0.0095350384734071,0.3466559832544021,-0.3240241319333333,0.0133643883454249,0.3374302003935915,-0.3036774048666666,0.0647847648978863,0.3404919279253763,-0.1833258278666666,-0.0489635546519261,0.3070361756515135,-0.2014237970666666,0.0390995723050588,0.3204337331170068,-0.2477615472,0.0092541323256839,0.293108586682013,-0.2811693730333333,0.1300520028210045,0.2311129526186328,-0.0347227725333333,-0.1161260769169152,0.2710421731008013,-0.02921841828,0.1683439348119943,0.0746351592776078,-0.0150172922848999,-0.1757716724333003,0.0358563655847912,-0.1136314038933333,0.1851685369724557,-0.0548133509944053,-0.0671717094266666,-0.1165208190342586,0.010323887644339,-0.2832847973,0.1769904279603417,-0.0820440655766972,-0.0769522941666666,-0.0751994377362019,0.0110002555931673,-0.3519467338666666,0.1603436962228618,-0.0793502663110988,-0.0976354865433333,-0.0415804088519057,0.0649936367143365,-0.3594991584333332,0.1822153476639039,-0.0754646163039635,-0.0760773448533333,-0.0974495329746255,0.0291652557766529,-0.268190891,0.0753272103897728,-0.1652854247918913,0.0439628063199999,-0.0730988197047349,-0.1649071370054501,-0.04112119822,0.0787359012790077,-0.4925978205632363,0.0631402963966666,-0.0728605034917883,-0.4395423463063533,-0.0553376653833333,0.0713594298148645,-0.76618544901112,0.2354621688333333,-0.1308073589340997,-0.7674888057932917,0.0974877216066666,0.0547057383506564,-0.7954882882872693,0.2573484580333333,-0.1345344648826729,-0.795801036769987,0.07155718595,0.1010881287476916,-0.8189710083510384,0.2189194807999999,-0.1339849295946425,-0.8215078156972245,-0.0092487137366333,nijmegen_nijmegen_rennen_g_ch1_g11_compr.mp4,ch1g11,2.2881533828083e-05,9.091625949134518e-05,3.765185598697611e-05,5.306100530933767e-05,2.1078986566931655e-05,9.352836394105636e-05,3.745028907123628e-05,3.919919068297201e-06,8.931202339410104e-06,4.380933747151475e-05,5.139894327680591e-05,3.874889566641055e-05,3.836384555639067e-05,3.762866264280871e-05,2.540290312912263e-05,5.732074206768677e-05,1.9665266024361996e-05,4.975114275687326e-05,3.880245284787478e-05,3.830896327211584e-05,0.0001213076370762,4.0973924347162386e-05,3.853376166015058e-05,3.541279393162472e-05,1.87318353250652e-05,9.382419690253764e-07,3.576431210925548e-05,4.888583381190792e-05,1.766761451902485e-05,5.3768884931783136e-05,8.745817513108834e-07,2.4098952831477085e-05,0.0001244665264066,0.0001188123257882,4.3087260317371143e-05,-0.0006490742200017,-0.0006074313081735,-0.0006107700696904,-0.0006100495259186,-0.0006121266428873,-0.0006093243689343,-0.0006097110389306,-0.0003751274190606,-0.0003796967412858,-0.0005720453905906,-0.0005665923556308,-0.000140646618174,-0.0002922301194559,-0.000380423569144,-0.0006840621330186,-0.0006952366450747,0.00092254077723,-0.0006844887379573,0.0015178675839899,-0.0007165945396561,0.001758542649461,-0.0007173559747786,0.0011360696947445,6.235086327960603e-06,-5.214971196065508e-06,-5.8905001245009466e-05,-0.0001387603108579,-0.000288614207328,-0.0001099039467758,-0.0003217926239663,-0.0001234087128099,-0.0003021924061057,8.437607670846528e-06,-3.8650021833833505e-07,1.2792307103442822e-05,1.0045452002170736e-07,5.507606817577911e-06,8.298367242913337e-07,1.2861576079905853e-05,1.4017749252468837e-07,1.0705069436828746e-06,6.357689625669665e-08,6.61887413589609e-06,2.0295843695616764e-06,6.496119973492701e-06,4.1583123054092297e-07,7.52341023080782e-08,6.177168770857843e-07,1.2280004831441836e-05,1.1228236573316937e-06,2.498092864170778e-06,6.402003214019473e-06,4.601976267119379e-07,1.391130083720971e-05,6.058578110880977e-07,4.096291024413782e-07,3.09504312445661e-07,9.025339635170508e-07,3.5066579317432314e-08,7.478594738068418e-07,1.96639016576424e-06,1.6698213649632491e-06,3.0428131868002535e-06,9.380603586770655e-08,5.473694007148398e-07,1.5084135512724184e-05,-2.423445467273415e-07,2.0914352938562898e-07,-2.537426936188864e-07,-7.66030811914991e-08,2.365671803190497e-07,1.1254641801982082e-07,-2.5478190150199685e-07,3.966920068223406e-07,8.388187319574333e-08,9.109084159214077e-08,1.97608279607163e-07,7.400737250977481e-07,-1.9931109345376388e-07,-2.612528800928468e-07,8.100324642418255e-08,7.37504690102188e-07,2.1592548571604765e-07,2.371777471398494e-07,6.613047761472029e-07,-2.0277581194317658e-07,-2.103703303667289e-07,-2.860820020351401e-07,-2.0905127193961477e-07,-2.8829691993375425e-07,2.8444906026693906e-07,8.341262910089836e-08,-2.562625633751229e-07,1.6876564846208676e-07,-1.2023065923870198e-07,2.5430918669057396e-07,8.691208313401685e-08,-8.16291537055743e-08,-1.2254960025631622e-07,2.909508858278221e-07,movement,no movement,no movement,no movement
1900.000000000003,0.0147334859605253,0.3217677422889026,-0.3007821729999999,0.0281142223806182,0.3376424436520024,-0.294252345,0.0299527842973415,0.338136896730028,-0.2834968667666666,0.0287245490295713,0.3380293245754968,-0.2876056905666667,0.0082927856769168,0.3472642294270015,-0.3107014046999999,0.0097760660968991,0.3460727967895927,-0.3234561923666667,0.0136019903093502,0.3368452650022578,-0.3031173636,0.0648590029238048,0.3401423195899661,-0.1828943920666666,-0.0488069746504441,0.3066677277198473,-0.201267319,0.0392724452909069,0.3198853056831251,-0.2471606215999999,0.0094749866252199,0.2925614053527564,-0.2806359561666666,0.1300169874218839,0.2309709247501904,-0.0344562498066666,-0.1161533601762175,0.2707467790297351,-0.0294155102266666,0.16815851413446,0.0742294650768154,-0.0146960572568999,-0.1751015069487715,0.0351751107329301,-0.1145519082266666,0.1847240269205185,-0.0555020974424069,-0.0666950545566666,-0.1152663325030827,0.0113097292297482,-0.2833346342333333,0.1765104527119383,-0.0827207422195632,-0.0763299987033333,-0.0737512069125871,0.0125884335161311,-0.3516752926333333,0.1597921856321273,-0.0800363786097483,-0.0968881033966666,-0.0405881616933016,0.0668228656385446,-0.3590005824999999,0.1817297192800521,-0.0761688301108924,-0.0755460717666666,-0.0963589495196513,0.0303729289234517,-0.28376466,0.0753275161536514,-0.1652779245323119,0.0439640655933333,-0.0731023837141992,-0.1649130707542923,-0.04112379313,0.0787037066729059,-0.4926684554823676,0.06301630694,-0.0720760114912006,-0.4397053364102108,-0.0552310388833333,0.0714640965966906,-0.7664779936752402,0.2350474828999999,-0.1300992459031073,-0.7676145183656301,0.09761847855,0.0548410294606183,-0.7958147195627097,0.2569048082333333,-0.1338279831299766,-0.7959400070272603,0.0717084436633333,0.1012438373652019,-0.8192847152801785,0.2185144662666666,-0.1328460107351924,-0.8215242454103732,-0.0092463126206333,nijmegen_nijmegen_rennen_g_ch1_g11_compr.mp4,ch1g11,2.232146308624425e-05,0.0001026661239632,3.73262223044904e-05,5.75054168124249e-05,2.1834339855026047e-05,0.0001053835812508,3.716472842755533e-05,5.070366494465056e-06,9.357096890489642e-06,5.032964960610624e-05,5.356431583272401e-05,4.576860787488664e-05,3.8329129807534776e-05,3.7271405259290565e-05,2.6033604272544155e-05,7.035652040824836e-05,2.0484636640882145e-05,5.244997586285966e-05,4.565207203797856e-05,3.830956956790461e-05,0.0001343909136951,4.1110615619979715e-05,3.850085496572968e-05,3.5329964109596465e-05,1.961532817086418e-05,1.0926203285237935e-06,3.606558910766772e-05,5.0956150148031295e-05,1.915430198243713e-05,5.7030861677079144e-05,1.0793692526335148e-06,2.4272967158336756e-05,0.0001384531630193,0.0001308490877374,4.968775282312012e-05,-0.0006400563219154,-0.0005963600240339,-0.0005985922050879,-0.0005978673487421,-0.0006012421986012,-0.000598527349425,-0.0005997895485785,-0.000365219682578,-0.0003775960522554,-0.0005642167708477,-0.0005624061170749,-0.0001416997508734,-0.0003168744683804,-0.0003841595434453,-0.0007069229075174,-0.0007056942423365,0.0010800579873681,-0.0006987366372099,0.0017074201711469,-0.0007375764234084,0.0019510856434108,-0.0007252036538819,0.0013058650811576,8.89201348340498e-06,-7.484297466758886e-06,-7.462995347690097e-05,-0.0001601430763519,-0.0003111641152762,-0.0001276974303553,-0.0003430490654783,-0.0001431667050102,-0.0003111882339478,-1.875704768621353e-05,-5.403141163316321e-07,1.307782534512464e-05,-1.629983640210543e-08,5.461989487943591e-06,1.0924978056072213e-06,1.3067867197917976e-05,1.6051195141770212e-08,1.4619194970182775e-06,1.8395465174020305e-07,6.524901637866782e-06,2.2312438483894274e-06,7.153953561249352e-06,3.5131995175376073e-07,-4.8997293558785726e-08,7.505062830484549e-07,1.2602225060631536e-05,1.349645124958516e-06,2.732447359601701e-06,6.973014874037578e-06,3.879333988102919e-07,1.3877502338942524e-05,4.447124020432669e-07,3.326934545567673e-07,1.4266666093520254e-07,1.2215308348327635e-06,1.469993587328396e-07,6.026208065724765e-07,2.144504163325973e-06,1.607714845045644e-06,3.3020006584091753e-06,2.046608158639563e-07,5.709286721346163e-07,1.5127540835577084e-05,-1.1454244798803443e-07,2.3187336815485378e-07,-1.8990054310806975e-08,1.735493019495173e-07,2.612811435292089e-07,1.424575887129353e-07,-2.7530084248455224e-08,3.908109332637651e-07,1.1690886340101337e-07,-1.496592347988323e-07,2.2204936030833899e-07,6.339613834318299e-07,3.7999230026433273e-08,-2.7618618522084468e-08,2.1434719451979847e-07,2.305941554355065e-07,2.780138048710605e-07,1.7262405468801737e-07,5.46779837815646e-07,2.8678137818935496e-08,-6.847456388421298e-08,-6.868479876614084e-08,2.810221335896535e-08,-1.0032394449196736e-07,3.011029412755198e-07,8.269510118055633e-08,-7.881962120615596e-08,2.290976468165837e-07,-1.019563743519461e-07,9.719736551994557e-08,8.064419841719928e-08,7.956930869668582e-08,-1.182842438509255e-08,4.269836889648661e-07,movement,no movement,no movement,no movement
1916.6666666666697,0.0150264428656942,0.3211407975598361,-0.2999562185333333,0.02832948971493,0.3370607436421772,-0.2934746494333333,0.0301675831100123,0.3375540493461917,-0.2827317149999999,0.0289461714367141,0.3374468821390711,-0.2868239130666667,0.0085712903387438,0.3466773145628034,-0.3099569903666666,0.0100545140453758,0.345488123925033,-0.3227070970666666,0.0138771023119386,0.336257846432418,-0.3023806015,0.0649427786529174,0.3397939850866039,-0.1823124073666666,-0.0486134160654572,0.3062977670142386,-0.2008889835,0.0394777981742868,0.3193339333704842,-0.2464044645999999,0.0097327679335974,0.2920073712903786,-0.2799100987666666,0.1299748456608521,0.2308224779005213,-0.0340251414566666,-0.1161168896397395,0.2704216152620598,-0.02938853751,0.1679431455757231,0.0738133609410169,-0.0140967970385666,-0.1743315771752203,0.0344694820955898,-0.1151182303599999,0.1842106984270462,-0.0562304404176364,-0.06561244956,-0.1137872851870359,0.0123856000447022,-0.2826365605333333,0.1759409408099987,-0.0834399338942242,-0.0750344314,-0.0720179196185836,0.0142904457657824,-0.3505904980333333,0.1591570404901541,-0.0807955645206441,-0.0954539888366666,-0.0393803248746192,0.068758339529279,-0.3576761683,0.1811729535141904,-0.076910920248443,-0.0743862951433333,-0.0950600527376222,0.0316826498948114,-0.287926793,0.0753135485113703,-0.1652704322363577,0.0439687761033333,-0.0730906696623923,-0.1649190688263367,-0.04113185503,0.0786596858763516,-0.4927734881198047,0.0625175648266666,-0.0711732026421559,-0.4398770417898666,-0.0551469194666666,0.0715485110120739,-0.7668345189255751,0.2341113531999999,-0.1293124559233135,-0.7677597915300679,0.0977400504333333,0.0549585704825295,-0.7962000625808326,0.2559235901,-0.1330483664609174,-0.79610348269242,0.07184688787,0.1014024208801076,-0.8196237391966614,0.2175639743333333,-0.1315973493323371,-0.8215624414818146,-0.0092056956099666,nijmegen_nijmegen_rennen_g_ch1_g11_compr.mp4,ch1g11,2.153702283805828e-05,0.000116022675334,3.716009051042876e-05,6.280861676039978e-05,2.257057671717616e-05,0.0001186385382085,3.70331964180026e-05,6.40895991712446e-06,9.56578364685606e-06,5.665847434120015e-05,5.522345854050834e-05,5.282203695461043e-05,3.853644078807316e-05,3.706640302754563e-05,2.6380276098310757e-05,8.257107380675867e-05,2.1209813715611086e-05,5.464350407681789e-05,5.2518860228683826e-05,3.8547032978986216e-05,0.0001484206563025,4.1358033649893554e-05,3.8698611370713625e-05,3.5265466870170936e-05,2.0519088587724244e-05,1.3013511240804833e-06,3.644149552921872e-05,5.235463320729916e-05,2.0589330372911837e-05,5.997625595738071e-05,1.351668090032804e-06,2.4680420395624397e-05,0.0001537450762844,0.0001443714310946,5.638495966293585e-05,-0.0006247024875674,-0.0005798638369058,-0.0005808398289952,-0.0005800818107105,-0.0005855813465575,-0.0005828053696477,-0.0005849671980364,-0.0003497773096969,-0.0003729900499486,-0.0005510797490877,-0.0005534255126412,-0.0001440018909628,-0.0003381287112242,-0.000391512865018,-0.0007127066939545,-0.0007050020293949,0.0012588213631664,-0.000699556003006,0.0019149997421026,-0.0007427888076646,0.0021567019213387,-0.0007213387016929,0.0014929119370514,1.186870283046153e-05,-1.0087111746726217e-05,-9.68777821414158e-05,-0.0001863294671335,-0.0003365013048061,-0.0001544821185082,-0.0003666204709718,-0.0001726018011538,-0.0003257496226335,-5.816283398015806e-05,-5.474904079951506e-07,1.3382491584610803e-05,8.821663924820624e-08,5.748673124557446e-06,1.3025533897808052e-06,1.3334253186592964e-05,1.074902434177237e-07,1.8378717935325977e-06,3.309485057998298e-07,6.1739348696065625e-06,2.5481716277754698e-06,7.769967502515193e-06,5.075094118529223e-07,4.7280657618563225e-08,1.0326172227248627e-06,1.255965480407793e-05,1.599645518405717e-06,2.9796071547905e-06,7.480604046781137e-06,5.296749815937488e-07,1.408713857431932e-05,4.954845040002845e-07,4.792910325174399e-07,1.553062245939192e-07,1.477011368427361e-06,2.4650644071169196e-07,6.214006738752994e-07,2.470029379679606e-06,1.5624596543587678e-06,3.464854029284445e-06,2.947993728983156e-07,7.339985775662473e-07,1.5280528131537753e-05,5.895018622349963e-09,3.1941885025038585e-07,1.948013726575565e-07,4.437725460032209e-07,2.3501638298514355e-07,2.537698552036579e-07,1.800071569862579e-07,3.602424838480218e-07,1.62046430532589e-07,-3.686258110427102e-07,1.957216931079108e-07,4.922550944451534e-07,2.4628539364933597e-07,1.8559053969064065e-07,3.938772058562884e-07,-1.989358774640771e-07,2.908257055236418e-07,6.862077201081777e-08,4.054420262713847e-07,2.3233587176882002e-07,1.899026565082747e-07,1.347044713364569e-07,2.3790377391790267e-07,7.11276190428914e-08,2.676893647422144e-07,7.020120117468124e-08,7.873874285389949e-08,2.608011400511341e-07,-8.165467623073278e-08,-1.282175092814075e-07,6.322552889796945e-08,1.9623917025906947e-07,1.861787093380412e-07,7.22577997469192e-07,movement,no movement,no movement,no movement
1933.3333333333364,0.0153155543998616,0.3205154051245747,-0.2991321172333333,0.0285425631086285,0.336479120987443,-0.2926869323333333,0.0303804101052385,0.3369717024091963,-0.2819563628999999,0.0291656458909971,0.3368649203757467,-0.2860303517333334,0.0088469001841705,0.3460915108115546,-0.3091901159999999,0.0103295699247883,0.3449046247258254,-0.321938321,0.0141480366701318,0.3356716673667512,-0.3016212005666667,0.0650261667255946,0.3394384787638226,-0.1816587843333333,-0.048422954821391,0.3059260449820929,-0.2003972998,0.0396812978578055,0.3187813775056209,-0.2456402252666666,0.0099843994404468,0.2914535001956521,-0.2791647198333333,0.1299021967200458,0.230670859878764,-0.0334681410799999,-0.1160827878371063,0.2700660595601631,-0.0292684486166666,0.1677070719506559,0.0734075712407942,-0.0133447048085666,-0.1735366423202162,0.0337461891567459,-0.1156695449933333,0.1835966887892634,-0.0569447682577073,-0.0644888519633333,-0.1122144367674453,0.0137800317171849,-0.2820090159999999,0.1752368298900357,-0.0841449827053099,-0.0737226598266666,-0.0701703262478297,0.0163740883205984,-0.3496282595333333,0.1583558768242753,-0.081546221992727,-0.09400091438,-0.0380763029021848,0.0710883339389101,-0.3564937313333333,0.1804948488731488,-0.0776376862403099,-0.0731839339799999,-0.0936737229545594,0.0333228696219734,-0.279795319,0.0752956895738533,-0.165256887846005,0.0439896414533333,-0.0730751827534226,-0.1649310580741955,-0.0411556171666666,0.0785999104741597,-0.4928816014009515,0.0619852872799999,-0.0701837827637933,-0.4400529512985774,-0.0550793588433333,0.0715443342431362,-0.7671644481645322,0.2332478597333332,-0.1283967348636323,-0.767876639860753,0.09789659979,0.0549811771805749,-0.7965540890490819,0.2550329432333333,-0.1321309972489806,-0.7962338751234795,0.0720210289066666,0.1015022353767541,-0.8199422560051467,0.2166570881666666,-0.1301082293119214,-0.8215600233412376,-0.0091092017483,nijmegen_nijmegen_rennen_g_ch1_g11_compr.mp4,ch1g11,2.101203983699906e-05,0.0001290896222399,3.7454766671687166e-05,6.87976592309258e-05,2.377270942548057e-05,0.0001314651764385,3.7347184057978867e-05,8.256473019736807e-06,9.56946037425905e-06,6.266442817846313e-05,5.764628028274762e-05,6.080092610138144e-05,3.923046371612384e-05,3.7323826391509234e-05,2.6663736433893497e-05,9.43340775476567e-05,2.2475311896838232e-05,5.750756602019661e-05,6.014388517182446e-05,3.925491589310844e-05,0.0001618533962034,4.196970546244677e-05,3.936099966889249e-05,3.552744252582639e-05,2.189875850399236e-05,1.5577581767507205e-06,3.7132257690302225e-05,5.450575732255864e-05,2.2020426426562155e-05,6.348042134792071e-05,1.6678635014503856e-06,2.5510205184832827e-05,0.0001685464350158,0.0001583637613459,6.400658206448603e-05,-0.0006129196665631,-0.0005672090960414,-0.0005671194628366,-0.0005661730605369,-0.0005732192510056,-0.0005704949380418,-0.0005733494421548,-0.0003363060591048,-0.0003671763981415,-0.0005408390041077,-0.0005464172988519,-0.0001463604091437,-0.0003549351015362,-0.0003985255351109,-0.0007129603414704,-0.0007191226269065,0.0014293985151094,-0.000719327746812,0.0021149073660016,-0.0007717966823014,0.0023508627867683,-0.0007361102889812,0.0016697138399462,1.5092693975465076e-05,-1.2985989570567652e-05,-0.000127684878066,-0.00021840328027,-0.0003635855643596,-0.000190461046992,-0.0003912172482121,-0.0002115741720905,-0.0003486014456822,-0.0001091380539894,-4.556493691838543e-07,1.3668277316472122e-05,4.225657119983945e-07,6.406817421782644e-06,1.6257666488739388e-06,1.358054974406434e-05,4.231808299041253e-07,2.1920524039841138e-06,4.655480523867232e-07,5.678144126328057e-06,2.736242414572198e-06,8.260843911288651e-06,8.979772828984475e-07,3.717837727409615e-07,1.3653721177483156e-06,1.2122559966760408e-05,1.962155273452334e-06,2.985328476221173e-06,7.871066972945752e-06,9.015364296442452e-07,1.436036692964592e-05,7.704850395858032e-07,8.639511808476086e-07,3.511453030671821e-07,1.814008311492083e-06,3.1911036346401513e-07,8.22185189500828e-07,2.7240011269748724e-06,1.479776559656959e-06,3.2445954404414496e-06,3.535717737568964e-07,1.0461692142872854e-06,1.5482967566855723e-05,9.04719474913732e-08,4.652449923905907e-07,3.5331289734307074e-07,6.638141292243243e-07,1.5889718911583913e-07,4.336875582491987e-07,3.3470190462284765e-07,2.85902792779793e-07,2.1154987355562159e-07,-5.499798592289346e-07,7.811598757321291e-08,2.909995198825948e-07,3.908124316655994e-07,3.441793376452514e-07,5.394544354329524e-07,-5.517250733282934e-07,2.4464034938234585e-07,-9.326458139600763e-08,2.1756134351147057e-07,3.742601070673606e-07,5.157210837511892e-07,2.8973303084954897e-07,3.856665079930377e-07,1.9225216077726426e-07,1.8305741191420274e-07,4.8458260799615784e-08,1.845058136175019e-07,2.0149806476394533e-07,-8.172595521650654e-08,-4.0325749147275e-07,3.8485793551434855e-08,2.402723435779682e-07,4.388722445326421e-07,9.94341319223067e-07,movement,no movement,no movement,no movement
1950.0000000000032,0.01562948977093,0.3199047962938608,-0.2981608098666666,0.0287807980476383,0.3359158555988462,-0.2917471131333333,0.0306175965831232,0.3364096552873342,-0.2810282967333333,0.0294103538051422,0.3363042360677615,-0.2850847181000001,0.009143933824695,0.3455243589993528,-0.3082752462666666,0.0106258145566422,0.3443393675748194,-0.3210222780999999,0.014439571517532,0.335102288385216,-0.3007146328,0.0651221902538793,0.3391085133190377,-0.1808399982999999,-0.0482216583384505,0.3055653501791308,-0.1997435645,0.0399103904662339,0.3182433369465879,-0.2447214588999999,0.0102552864217538,0.2909071616530102,-0.2782641035666666,0.1298180288025558,0.2305233447423048,-0.0327538408799999,-0.1160050520465133,0.2697034898421281,-0.0290425319866666,0.1674486298900606,0.0730197602334904,-0.0124866711119,-0.1726368995193206,0.0330610836452365,-0.1161962302599999,0.182972735059271,-0.0576551255253114,-0.0632533305033333,-0.1105651398166731,0.0153757825129878,-0.2813723211666666,0.1745260271609479,-0.0848480975369412,-0.0722844445633333,-0.0682643571187318,0.0186814291220244,-0.3486801244999999,0.1575556765206368,-0.0823171091080222,-0.0924244929833333,-0.0367140725881494,0.073628520136686,-0.3553083559,0.1798089083906229,-0.0783638088013131,-0.0718694774666666,-0.0922175712071455,0.0351662216636341,-0.275477767,0.0752723133210725,-0.1652402132384036,0.0440250908166666,-0.0730540291490798,-0.1649457113692458,-0.0411951905533333,0.0785426552489085,-0.4930160475315124,0.0614588147233333,-0.0691582271078725,-0.4402657013281119,-0.0550188730433333,0.0715369537527671,-0.7675299841644664,0.2322978794,-0.1273745260567737,-0.7680341303794317,0.0980332583433333,0.0549996616365986,-0.7969459340926149,0.2540409625,-0.1310952418562213,-0.7964098875329647,0.0721722590533333,0.1016007315504382,-0.8203199648960247,0.2156271422666666,-0.1284423806086767,-0.8216538526085523,-0.0090179213326333,nijmegen_nijmegen_rennen_g_ch1_g11_compr.mp4,ch1g11,2.084697519225181e-05,0.0001431166100916,3.840779923742189e-05,7.576798783769345e-05,2.573168686827568e-05,0.0001451832650796,3.8306313335698305e-05,1.0638515216691244e-05,9.856281204009404e-06,6.821493650563176e-05,6.057212028607049e-05,6.936030525025632e-05,4.063678472656828e-05,3.823671675684277e-05,2.7805005090164305e-05,0.0001057373956167,2.4734579100837088e-05,6.073646584141999e-05,6.82913470488706e-05,4.066370495579033e-05,0.000176272113795,4.325099941066044e-05,4.071932860346072e-05,3.6308958550173865e-05,2.4026246257144965e-05,1.8590553988601492e-06,3.8351663639524125e-05,5.736306874320201e-05,2.3399010290174072e-05,6.702273589054546e-05,2.02001285491923e-06,2.683990105042077e-05,0.0001844865248368,0.0001740310088139,7.239453426162958e-05,-0.0006074648464539,-0.0005608528471057,-0.0005597125307385,-0.0005585244341861,-0.0005664842218212,-0.0005637643846643,-0.0005672768200118,-0.0003267697401875,-0.0003627272614326,-0.0005361001083231,-0.0005438290470738,-0.0001492742274572,-0.0003675691269073,-0.0004109198717595,-0.0007047557421767,-0.0007393940100061,0.0016085872636056,-0.0007413005887988,0.0023302210412374,-0.0008009340307371,0.0025609214980987,-0.0007564987906607,0.0018566331905524,1.8198745119468324e-05,-1.5861681008163377e-05,-0.0001676750445063,-0.0002544164261937,-0.0003947174369088,-0.0002350191131726,-0.0004197196763358,-0.0002592114216429,-0.0003815385236148,-0.0001736350098662,-2.993689177234987e-07,1.4109663667839856e-05,9.09044861981608e-07,7.378013178311148e-06,1.8155187405417477e-06,1.3982510394576373e-05,8.874987179236222e-07,2.4649552952546357e-06,6.782021434208312e-07,5.118606218062213e-06,2.810186102898498e-06,8.521064734036247e-06,1.430055945133288e-06,8.489774497923304e-07,1.786392398442182e-06,1.1370459145496954e-05,2.2695965548398025e-06,2.837166733628356e-06,8.062972205190618e-06,1.413246896474964e-06,1.4896692387717538e-05,1.1966636974067787e-06,1.3947638576394722e-06,6.532322197283095e-07,2.005389713232818e-06,3.549082389045347e-07,1.1186173002598094e-06,2.922512602202958e-06,1.463617585159e-06,2.741246839513737e-06,3.7589197294352897e-07,1.3877609903634091e-06,1.593778599574148e-05,1.3311516132746798e-07,5.940038236580519e-07,4.361814979963583e-07,7.86537175109072e-07,2.0299442341441824e-08,5.989540582585574e-07,4.165146033467569e-07,1.708742275043706e-07,2.492392542004847e-07,-6.768085283780082e-07,-1.0062124011796155e-07,5.120157984205026e-08,4.4900437496758897e-07,4.286141637563154e-07,5.926977479121428e-07,-8.065006305352658e-07,1.060793114550078e-07,-2.7316053324840053e-07,-5.06417523279125e-10,4.329345678733211e-07,7.98310596044405e-07,3.7380026594780724e-07,4.489644149151669e-07,2.4235892271498725e-07,3.900515604662289e-08,2.1376225112449713e-08,2.142193559313187e-07,6.431776887830442e-08,-1.0255341059372197e-07,-6.658292063119719e-07,1.1049850835242649e-08,2.0354137555366337e-07,6.453694798089338e-07,1.1519152165513546e-06,movement,no movement,no movement,no movement
1966.66666666667,0.0160532112898139,0.319297105995331,-0.2967204815333333,0.0291130827366846,0.3353564009357808,-0.2903632323666666,0.0309505584371436,0.3358521166886046,-0.2796570635666666,0.0297539092331107,0.3357484489086991,-0.2837017318666666,0.0095580574287951,0.3449626738805364,-0.3069550252333333,0.011041147917036,0.3437789910854141,-0.3197006404666666,0.0148507156067926,0.3345371053028831,-0.2994046876333333,0.0652299568428203,0.3387906368096533,-0.1797045725333333,-0.0479277874225401,0.3052139525412081,-0.1988906036333333,0.0402107046276276,0.3177081737704762,-0.2433650772333333,0.0106216957195148,0.2903636461707393,-0.2769692100333333,0.1297170533995902,0.230370502350466,-0.0318280935736666,-0.1158232679972262,0.2693414123134646,-0.0287356222666666,0.1671745227745659,0.0725956395860882,-0.0115304284852333,-0.171510062193927,0.0323780633519121,-0.11667277686,0.1823599974308173,-0.0584174754389339,-0.0619243410766666,-0.1086553530633285,0.0170465818315803,-0.2805354520666666,0.1738554353258683,-0.0856117437434811,-0.07074365189,-0.0660955552005041,0.0210648353025219,-0.3474857994333333,0.1568206865033667,-0.0831499628430906,-0.0907430433466666,-0.0351191968398592,0.0762371422811707,-0.3538438479,0.179149021108225,-0.0791360756431084,-0.07046768398,-0.0905208902615194,0.0370947799098239,-0.277430713,0.075231129371273,-0.1652229250118891,0.0440949549766666,-0.0730133519897359,-0.1649607500056019,-0.0412744048299999,0.0784903625999083,-0.4931803068001524,0.0609030143266666,-0.0680101109601006,-0.4405285487348961,-0.0552173539033333,0.0715363928468883,-0.7679604966180115,0.2310356984,-0.1261640319208757,-0.7683132708782882,0.09754414851,0.0550250212286175,-0.7974022738395963,0.2527001982333333,-0.1298666023866982,-0.7967219813005311,0.0716290220466666,0.1017243111824935,-0.8207492620654663,0.2144014680999999,-0.1265192497652304,-0.821910403681007,-0.0094358178313,nijmegen_nijmegen_rennen_g_ch1_g11_compr.mp4,ch1g11,2.0588293789809087e-05,0.000158435803691,3.953655423272225e-05,8.37256650118777e-05,2.7963962000142e-05,0.0001604049887059,3.940388038423796e-05,1.3278611359754648e-05,1.0809239773871728e-05,7.320269967772301e-05,6.346095663902072e-05,7.777184508350174e-05,4.236986854926752e-05,3.929987430980636e-05,3.0104603949147256e-05,0.0001165075871072,2.7673129697638287e-05,6.366602126537776e-05,7.624096970049281e-05,4.238007786103237e-05,0.0001924090400485,4.473790168654783e-05,4.239360614283368e-05,3.711219585037041e-05,2.645908277986645e-05,2.2755171890625933e-06,3.972630498653293e-05,6.054567354482232e-05,2.5073051011586443e-05,6.95852547677697e-05,2.448835159398013e-06,2.8544473503426985e-05,0.0002018528959387,0.0001915305631925,8.070172564712163e-05,-0.0006004484625246,-0.0005529574814185,-0.0005506218441177,-0.0005491548900414,-0.0005574579305187,-0.0005548406484917,-0.0005589741950703,-0.0003179012222539,-0.0003555751858841,-0.0005304102081385,-0.0005397695596981,-0.0001583767527944,-0.0003756188996615,-0.0004339353768341,-0.0006842132143241,-0.0007620463983628,0.0018084741254126,-0.000762366315856,0.0025744957671215,-0.0008238161481157,0.0027989936511335,-0.0007747732966292,0.0020677196558338,2.0630615476392088e-05,-1.8082410367195192e-05,-0.0002146864668633,-0.0002923257862658,-0.0004362510231812,-0.0002888939993579,-0.0004583811743048,-0.0003169781774867,-0.0004319198122088,-0.0002508492241746,-1.1414941750827808e-07,1.4618369083975852e-05,1.4018730314452714e-06,8.320994401023469e-06,1.8065562570400664e-06,1.4494375283151838e-05,1.3616709542062205e-06,2.580824353899041e-06,9.588002005954975e-07,4.3932141733511606e-06,2.7295505740444567e-06,8.368717224221056e-06,1.92680480436961e-06,1.3363044112173112e-06,2.3557126668633935e-06,1.0255948302480476e-05,2.397022324808551e-06,2.5692960185735276e-06,7.875397892879257e-06,1.8921198192791764e-06,1.5673375270979558e-05,1.62640244251584e-06,1.8949991843886647e-06,9.409337574595276e-07,1.995116732628186e-06,3.4373429087460717e-07,1.371074482278085e-06,3.007739071163717e-06,1.3811235288656065e-06,2.0431485143509427e-06,3.559843227992459e-07,1.6083474283655106e-06,1.6547846987991583e-05,1.5474743914529726e-07,6.561807343312833e-07,4.522448460126475e-07,7.959120540092887e-07,-1.4024185022881722e-07,6.844091757366623e-07,4.357793421200857e-07,2.6483602155185253e-08,2.6939875946713434e-07,-7.500133063415052e-07,-2.973345181203791e-07,-2.01507892281336e-07,4.2857129322045315e-07,4.478064491906447e-07,5.453390776308193e-07,-9.818975871231894e-07,-8.615916657470222e-08,-4.177100454226085e-07,-2.2506679475360477e-07,4.150345783361824e-07,9.542339795069007e-07,3.90214274492065e-07,4.346499425281917e-07,2.4380549263342714e-07,-1.2791901005353754e-07,-6.720094623165702e-09,1.890879615084142e-07,-1.177786602060245e-07,-1.3917937513903764e-07,-8.429428415120902e-07,-1.4040724400152558e-08,1.0992403172957013e-07,7.501866123126026e-07,1.1727385370217803e-06,movement,no movement,no movement,no movement
1983.333333333337,0.0165164070811893,0.3187091343131172,-0.2950788849999999,0.0294810025879848,0.3348160673685937,-0.2887634486666667,0.0313199508244827,0.335314411924127,-0.2780741723333333,0.0301332544479023,0.3352122799783213,-0.2821024319666666,0.0100126567677019,0.3444179485270851,-0.3054212685999998,0.0114985007757163,0.3432370509294886,-0.3181669086333332,0.0153031816864404,0.3339913741675489,-0.2978802392333333,0.0653409271531927,0.3384848476338858,-0.1783564262333333,-0.0476011250843223,0.3048706372260928,-0.1978354881666666,0.040535815619302,0.3171901431866338,-0.2418181027666666,0.0110189930575052,0.2898358517229354,-0.2754908971333333,0.1295976886119685,0.2302211229866954,-0.0307331813783333,-0.1156164681787246,0.2689691895859252,-0.0282899285999999,0.1668897427554199,0.0721745675191112,-0.0104894554052333,-0.1702541056895657,0.0317195069858081,-0.1171397114599999,0.181682930248306,-0.0591751967232866,-0.0606898679733333,-0.1066939467303634,0.0189919994002701,-0.2797644600333333,0.1731097538187362,-0.0863685306578729,-0.06934116416,-0.0639060849464961,0.0237999823720754,-0.3463939307333333,0.1560085046390486,-0.0839739513340103,-0.0891961103399999,-0.03351049258098,0.0791924328257412,-0.3524987022,0.1784169836748445,-0.0799036973959286,-0.0691678623966666,-0.0887859908305313,0.0393010847995359,-0.277660906,0.075186047456743,-0.1652002955099716,0.0441797515266666,-0.0729687470338267,-0.1649803060000307,-0.0413671768499999,0.0784697904815992,-0.4934013811598706,0.0603473089233333,-0.0668197415119391,-0.4408519133131892,-0.0554830135433333,0.0715461581220763,-0.7684077189034791,0.2298689131333333,-0.1248971652832198,-0.7686606026652495,0.09684040143,0.0550582080207754,-0.7978704457395306,0.2514827723666667,-0.1285795130128305,-0.7971019733403104,0.0708594185466666,0.1019050783478816,-0.8211692002078892,0.2133967885999999,-0.1245739982517675,-0.8222559609681437,-0.0101261484279666,nijmegen_nijmegen_rennen_g_ch1_g11_compr.mp4,ch1g11,2.0709987002312367e-05,0.0001738212074677,4.125886346158453e-05,9.287897066577156e-05,2.972209553073207e-05,0.0001758528499305,4.1056822213268554e-05,1.6044885769144743e-05,1.2102303155854444e-05,7.706890552276524e-05,6.631816133395018e-05,8.61214915071525e-05,4.468767622040676e-05,4.0943736437902153e-05,3.340850806545363e-05,0.0001266088919177,3.0339760429544947e-05,6.638870981454394e-05,8.406314487507024e-05,4.464834590787658e-05,0.0002092775500946,4.6668705140853e-05,4.4679269982779355e-05,3.8274239947418366e-05,2.843175705008604e-05,2.7044760048034437e-06,4.135791360642729e-05,6.385546512760981e-05,2.6822067753423997e-05,7.151979452653041e-05,2.862173330366927e-06,3.057781700828101e-05,0.0002194068493334,0.0002098427129906,8.874106791808494e-05,-0.0005959851949704,-0.0005484091271727,-0.0005449814691982,-0.0005434386970292,-0.0005521287185066,-0.0005492309490756,-0.0005533579679366,-0.000314547637218,-0.0003480004922114,-0.0005283879622901,-0.0005374133273401,-0.0001698280692011,-0.0003815374592514,-0.0004576739837246,-0.0006537502442144,-0.000767915963827,0.0020204585995269,-0.0007561665601147,0.0028392388587815,-0.0008147612746385,0.0030595490575177,-0.0007742817326869,0.0022911333193583,2.317758413833008e-05,-2.0341790461960028e-05,-0.0002637772963245,-0.0003245340276211,-0.000473356710631,-0.000342952272712,-0.0004917461073231,-0.0003748647069976,-0.0004800265561374,-0.0003233192876213,4.62630234836184e-08,1.52329936167336e-05,1.8741355518772785e-06,9.139091465444576e-06,1.613735284682572e-06,1.5138203220644116e-05,1.8205711223616776e-06,2.565374989180582e-06,1.2800883018174726e-06,3.664302035603534e-06,2.424668611808229e-06,8.077619890512925e-06,2.368003682510624e-06,1.8051421416645848e-06,3.0852313630518427e-06,9.267429562954747e-06,2.3368822555095e-06,2.140645920998763e-06,7.579774427874269e-06,2.3208310337159246e-06,1.6605980802042455e-05,2.0461107546025653e-06,2.3423916859113575e-06,1.20030076094613e-06,1.8068917573178875e-06,3.0824351917030753e-07,1.5805638497332792e-06,2.9339160711773458e-06,1.2657377011541044e-06,1.0997560280193136e-06,3.163426767906646e-07,1.691982275215267e-06,1.7275668203971643e-05,1.3800120915049148e-07,6.38215339650858e-07,3.97298572408153e-07,6.556008446086049e-07,-2.771304357634288e-07,6.771152881632069e-07,3.877446429783812e-07,-1.2815212908635592e-07,2.791947525449551e-07,-7.54571165948164e-07,-4.65772653905534e-07,-4.61186079057383e-07,3.347445557982098e-07,3.972377877732742e-07,4.0835495076412884e-07,-1.0977761122813395e-06,-2.580356515456411e-07,-4.803733633386502e-07,-4.5205470113630473e-07,3.259722876826008e-07,9.600468344588015e-07,3.3774020807311484e-07,3.4554026800923676e-07,1.939264983446902e-07,-2.711262301063431e-07,-2.711788920502612e-08,1.1527211408419839e-07,-2.9758587111800356e-07,-1.8230203138483816e-07,-8.894648986611563e-07,-2.9043162383196696e-08,-2.7959686198487063e-08,7.431219575506704e-07,1.045199695617929e-06,movement,no movement,no movement,no movement
2000.0000000000032,0.017009130230394,0.3181153025339945,-0.2934039577333333,0.0298871840512838,0.3342696761328018,-0.2871184002,0.031727322106291,0.3347716338974047,-0.2764461723,0.0305497775246226,0.3346710476449515,-0.2804457387333333,0.0104975366177398,0.3438667934770289,-0.3038153942999999,0.0119861176258938,0.3426902860639129,-0.3165651122666666,0.0157841875471311,0.3334415360319904,-0.2962856510666666,0.0654886900358316,0.3381724839105843,-0.1768506261333333,-0.0472616021902207,0.3045243852896878,-0.1965498666666667,0.0408897587506279,0.3166618146269208,-0.2402060350666666,0.0114329015390584,0.2893005980184452,-0.2739297111,0.1294740773032658,0.2300582711333145,-0.0294849157299999,-0.1154070963379729,0.2685877842208586,-0.0275125238746666,0.1666047545044335,0.0717405307554747,-0.0094249906819,-0.1687356054820739,0.0310712556102813,-0.1175001250933333,0.1808990938189953,-0.0599217576647328,-0.0596539185066666,-0.1046197549737074,0.0211445772715747,-0.2792300706,0.1722287880616937,-0.0871049679030045,-0.0681785658766666,-0.0616456161630043,0.026817437853773,-0.3456016121666666,0.155054014677046,-0.0847655110601903,-0.0878756253133333,-0.0318913829322655,0.0824228638294106,-0.3514431903666666,0.1775655290920957,-0.0806611083844604,-0.0680589751,-0.0869764736266853,0.0417176779986503,-0.291746914,0.075142629336712,-0.1651728947844368,0.0442652064566666,-0.0729261484662662,-0.1650044183220718,-0.0414602521099999,0.0784560278593066,-0.4936813899910253,0.0599006745566666,-0.0655592869402243,-0.4412058255024786,-0.05573729453,0.071647698137116,-0.768857158195241,0.2289834438999999,-0.1235024718572379,-0.769027931254114,0.0962687973466666,0.0551878263651574,-0.7983398373975152,0.2505459468,-0.1271538428912226,-0.797500500444183,0.0702508988333333,0.1020870411893351,-0.8216036665808771,0.2126200804666666,-0.1224813616307544,-0.8226109866178235,-0.0107494939516333,nijmegen_nijmegen_rennen_g_ch1_g11_compr.mp4,ch1g11,2.089080529459905e-05,0.0001894380893224,4.3421992143464325e-05,0.0001025129799776,3.1722385380266665e-05,0.0001914785712527,4.314794830075126e-05,1.8860096623649757e-05,1.3472913287833649e-05,8.026608930166842e-05,6.904824720043393e-05,9.422742786811468e-05,4.735775376261805e-05,4.303294876507384e-05,3.7142456241636584e-05,0.000135282632992,3.3000420237544825e-05,6.87421681661332e-05,9.167185087887257e-05,4.726202715994424e-05,0.0002264632404717,4.901651611126421e-05,4.7328989159292674e-05,3.972879019453139e-05,3.0625171185395976e-05,3.004154342447116e-06,4.318167499045572e-05,6.719297712773735e-05,2.813889562198253e-05,7.271281010948486e-05,3.148421617175469e-06,3.245211334465267e-05,0.0002370551438096,0.0002286704156225,9.665210475562884e-05,-0.0006004255953467,-0.0005521246615994,-0.0005475292085706,-0.0005459388328008,-0.0005546048490721,-0.0005511674313342,-0.0005550606752467,-0.0003158929299553,-0.0003395840767679,-0.0005341585713468,-0.0005413313087534,-0.0001847051986934,-0.0003838872174423,-0.0004951888994379,-0.0006123922819585,-0.0007675235128473,0.0022356723413198,-0.000735474326002,0.0031099194946498,-0.000782851538683,0.0033281013087268,-0.0007636179075343,0.0025183613557492,2.542487439804847e-05,-2.2275865944564548e-05,-0.0003107828466837,-0.0003537671574498,-0.0005058576167946,-0.0003935361663095,-0.0005208521262836,-0.0004289464352618,-0.0005229597822261,-0.0003868447990463,1.4416993123910857e-07,1.591717946764471e-05,2.257134473515241e-06,9.62145403983433e-06,1.307694550972589e-06,1.5889263138593817e-05,2.1958306578037575e-06,2.407633163399956e-06,1.6024618642506437e-06,2.9249356932806283e-06,1.9008165413466949e-06,7.461111711646542e-06,2.684883979418586e-06,2.1874581624272496e-06,3.798598854151764e-06,8.231284246286339e-06,2.053328642444669e-06,1.6165025504695123e-06,7.000833082848181e-06,2.6346118367871883e-06,1.761891922521675e-05,2.379991667787067e-06,2.6700307857615644e-06,1.3709797817040272e-06,1.5176355856823017e-06,2.6655568001858425e-07,1.6790481146266898e-06,2.6433195803649772e-06,1.084858063902132e-06,1.0398261424390696e-07,2.756212785522456e-07,1.6207460793154558e-06,1.8056424683709577e-05,9.851292595989733e-08,4.8157519408747e-07,2.9770906289063097e-07,3.895435958858755e-07,-3.677725292217348e-07,5.22656119553524e-07,2.9636245084779034e-07,-2.730205274313678e-07,2.850039156164115e-07,-7.18230061994429e-07,-5.647798070180537e-07,-7.144800972777832e-07,2.0019273104098525e-07,3.0281414181598504e-07,2.1733765002720118e-07,-1.1587615319415948e-06,-3.708133342419053e-07,-4.322233749087406e-07,-6.749519402531507e-07,1.9766551807730334e-07,7.684821711592362e-07,2.444762275099097e-07,2.148087169412155e-07,1.1472130751469229e-07,-3.6969921092436947e-07,-3.248189749136296e-08,1.7122397937793772e-08,-4.333651153015419e-07,-1.94613560918702e-07,-7.792523083735946e-07,-2.8502525740265994e-08,-1.7427497909242053e-07,5.69096405335842e-07,7.865747630935966e-07,movement,no movement,no movement,no movement
2016.6666666666704,0.0176408643635952,0.3175105274812313,-0.2916823605333333,0.0304250587677406,0.3337146099695828,-0.2854548405333334,0.0322665939451678,0.3342218385405093,-0.2747969256666667,0.0311007142377946,0.3341227453158758,-0.2787699958666666,0.0111358030398389,0.3433071246168608,-0.3022028969333332,0.0126299457760151,0.3421356643403502,-0.314961039,0.0164209056597235,0.3328838394090445,-0.2946840355333333,0.0656779669102137,0.3378504823118699,-0.1753928380999999,-0.0467849781930221,0.3041722172491894,-0.1953484863666667,0.041341731110925,0.316120820959276,-0.2385648484999999,0.011971018639863,0.288753163165542,-0.2723600520666666,0.1293635347795259,0.2298644191375128,-0.0282897100133333,-0.1151140578274638,0.268193930375255,-0.0267803315096666,0.1663528133093361,0.0712157742279514,-0.0085343036755666,-0.1670313191694996,0.030471954237993,-0.1179456261266666,0.1801313451220798,-0.0606607848113313,-0.0588963124266666,-0.1023084205313721,0.0234573057542777,-0.2790519391333334,0.1713643413586491,-0.0878152673407049,-0.0673219697699999,-0.0591418936167995,0.0300226326773101,-0.3452637601333333,0.1541163231421577,-0.0855237903810202,-0.0868775467766666,-0.030047372643521,0.0858502620766361,-0.3508233815333333,0.1767306331384411,-0.0814021392654181,-0.0672409338866666,-0.0849388948823779,0.0443061461179071,-0.291441143,0.07509756655797,-0.1651438699121322,0.04434290496,-0.0728824470128472,-0.1650300092682542,-0.0415441740833333,0.0784829921924896,-0.4940318254818537,0.0592312956466666,-0.0642107937828872,-0.4415844117563989,-0.0560290666966666,0.0717942521648786,-0.769388540278814,0.2278137340333333,-0.1219500459880516,-0.7694536798933945,0.0955573617633333,0.055356774948564,-0.7988835092469851,0.2493318096333333,-0.1255651993187811,-0.7979623990423282,0.0694778554,0.1022762662128843,-0.8221576940428028,0.2114796970999999,-0.1202423382633984,-0.8229980914319719,-0.0115368057119666,nijmegen_nijmegen_rennen_g_ch1_g11_compr.mp4,ch1g11,2.103557747068195e-05,0.0002046583689909,4.586748252971723e-05,0.0001127266764435,3.283477976733769e-05,0.0002067610548499,4.55222803741652e-05,2.113620916173384e-05,1.5315986653930766e-05,8.270384316484861e-05,7.093459492610967e-05,0.0001016343384239,5.020693090742539e-05,4.5407811232419226e-05,4.110118427443216e-05,0.000143063898018,3.492687396869845e-05,7.006830933256088e-05,9.856876421796728e-05,5.004176716612055e-05,0.0002436647127869,5.153811046427394e-05,5.0181853232098215e-05,4.122830417597171e-05,3.19401781943937e-05,3.273599118828034e-06,4.492547012586641e-05,6.994104678860164e-05,2.9118772030258676e-05,7.213441054749006e-05,3.4112394912234463e-06,3.407629389691724e-05,0.0002542447650572,0.0002473325877329,0.000103614556229,-0.0006053426451298,-0.0005560137295164,-0.0005501691275713,-0.000548720533175,-0.0005577118799954,-0.0005533209899037,-0.0005567054312355,-0.0003166137200846,-0.0003266177268907,-0.0005409849194073,-0.0005448494696035,-0.0001947817343232,-0.0003807358211779,-0.0005307629366741,-0.0005555754446212,-0.0007478105885336,0.0024465646197059,-0.000688046058005,0.0033792686860327,-0.0007190464387674,0.0035985115164609,-0.0007311075850568,0.0027415960794498,2.8008183312157775e-05,-2.433058845000342e-05,-0.0003527720676435,-0.0003824446778828,-0.0005266888523205,-0.0004369182342308,-0.0005379722273729,-0.0004742420569316,-0.0005559852158457,-0.0004380261691365,1.0252688755136997e-07,1.646562405271063e-05,2.4396450629694513e-06,9.86163474127435e-06,8.444684365648625e-07,1.6501155188616545e-05,2.3800173374075946e-06,2.1313047021567627e-06,1.8224961100104208e-06,2.1897178784047532e-06,1.1784292818033178e-06,6.617240042772297e-06,2.744383795103051e-06,2.376764557444447e-06,4.1253054283037315e-06,7.301237411110123e-06,1.5755125545870722e-06,1.0792579598742871e-06,6.20655812687973e-06,2.697481080520343e-06,1.840244566495968e-05,2.5155311306045426e-06,2.745181279032203e-06,1.3870156805793038e-06,1.0716133073475869e-06,2.2634552762743946e-07,1.5837150553595344e-06,2.082304882040235e-06,8.4528588730142e-07,-7.856619155364512e-07,2.4219387087539593e-07,1.236756136059017e-06,1.865007122784127e-05,3.9505193228294776e-08,1.7580324992723916e-07,1.7094596454205567e-07,2.341616728559683e-08,-3.4962793354182994e-07,2.0317780631276147e-07,1.7775155687069856e-07,-3.691709410514024e-07,2.727496452798884e-07,-6.481765990204703e-07,-5.295271482429877e-07,-9.244856895895632e-07,4.8218237447047494e-08,1.815790666346121e-07,-5.540952187539457e-09,-1.1804757025652572e-06,-3.810346328332404e-07,-2.326634804264362e-07,-8.591371956479355e-07,5.2764514253131297e-08,3.497745388017427e-07,1.346881621813498e-07,6.515188265830847e-08,2.457797227340037e-08,-3.625584900610327e-07,-2.4880136496493817e-08,-8.169927596508643e-08,-4.632581123228091e-07,-1.7092077395015958e-07,-4.565814445655936e-07,-1.5773678032690372e-08,-3.0530177703791976e-07,2.131516063729647e-07,4.960785022144815e-07,movement,no movement,no movement,no movement
2033.333333333337,0.0183193115432527,0.3169064468844178,-0.2894240816,0.0310120743371651,0.3331612475239329,-0.2832614487333333,0.0328576942334573,0.3336747496175841,-0.2726199127,0.0317038281417631,0.3335768988521376,-0.2765659601666666,0.0118310043907165,0.3427488172725728,-0.3000918886666666,0.0133309356099996,0.3415829290481306,-0.3128574863,0.0171157221238703,0.3323283897015549,-0.2925858467333332,0.0658750697723505,0.3375482700841101,-0.1734551884333332,-0.0462665691132885,0.3038561695621799,-0.1938018889,0.0418181340150672,0.315581098085814,-0.2363897240333333,0.0125405091635176,0.2882066073326985,-0.2702944793999999,0.1292226023928362,0.2296767926937851,-0.0266447318999999,-0.1147725240268796,0.267816549076697,-0.0258581783806666,0.1659494326913293,0.0706815106189138,-0.0073786483192333,-0.1650855941688671,0.0299543401178316,-0.1180981146599999,0.1792604411607091,-0.0613746853066409,-0.0581001913733333,-0.099825543862066,0.0259749969756378,-0.2784531091333334,0.170438445770886,-0.0884542649899007,-0.0664466766766666,-0.056497480812796,0.0334904978000993,-0.3445132701,0.1531718719156695,-0.0861774889385537,-0.0858571246966666,-0.0280826641788672,0.089540766998619,-0.3497750887999999,0.1758251915512707,-0.0821015814701013,-0.0663954032566666,-0.0827501136134008,0.047114349920224,-0.301678419,0.0750520807316652,-0.1651132706621247,0.0444307293,-0.0728383118102953,-0.1650564312611944,-0.0416377418266666,0.0785157884477638,-0.4944364596058296,0.0585861092666666,-0.0628614494627129,-0.4419986920132572,-0.0564484357866666,0.0719431467489066,-0.7699441397806673,0.2268042861666666,-0.1203124984774523,-0.7699308065909776,0.0946245605,0.0555269517297624,-0.7994498791679577,0.2482913266,-0.1238807657856898,-0.7984769892716224,0.06846858187,0.1024858882632481,-0.8227424278303652,0.2105269535999999,-0.1178632384803018,-0.8234577612313836,-0.0126087869166666,nijmegen_nijmegen_rennen_g_ch1_g11_compr.mp4,ch1g11,2.1237334479793435e-05,0.0002200725258962,4.828603420277903e-05,0.0001222430377045,3.3564241695824805e-05,0.0002222196244976,4.78884664252759e-05,2.315866952336433e-05,1.727985078159223e-05,8.459120919015493e-05,7.25835924396406e-05,0.0001076999430944,5.27980933079807e-05,4.777432017802203e-05,4.477417085498043e-05,0.0001496915528737,3.63863604680831e-05,7.162917869007335e-05,0.0001042206582635,5.257133389645427e-05,0.0002613655242756,5.392112579099152e-05,5.280558041196808e-05,4.2489728577412525e-05,3.2803460318813304e-05,3.4251564351901537e-06,4.622066277259293e-05,7.235030226168813e-05,2.9533992198708695e-05,7.177397363305842e-05,3.5796277277757724e-06,3.493504346120967e-05,0.0002716497977307,0.0002657340202809,0.0001092612127782,-0.0006021287152994,-0.0005514241525325,-0.0005441274993324,-0.0005432243300534,-0.000552002973576,-0.0005464312263736,-0.000548989666158,-0.0003099570247838,-0.0003019980704138,-0.0005400914696145,-0.0005399276740055,-0.0001948988376044,-0.0003657852216102,-0.0005472465740113,-0.0004765412437232,-0.0006788076496589,0.0026631951411253,-0.000579381920771,0.0036528842707443,-0.0005885520046611,0.0038761428015187,-0.0006470499801999,0.0029682017912102,3.108591043072789e-05,-2.674672270808358e-05,-0.0003852074473542,-0.0004093650645551,-0.0005316424847029,-0.0004658179524864,-0.0005399441419829,-0.0005030729416227,-0.000571346584834,-0.0004703264546636,7.480848982413372e-08,1.6524467920170604e-05,2.4363530216621403e-06,9.640924428642458e-06,3.775825147044478e-07,1.656827150014287e-05,2.386326752754272e-06,1.6658919039161885e-06,2.130001310677714e-06,1.5635195966852582e-06,5.116085947428854e-07,5.575606619606272e-06,2.5914537962469336e-06,2.386094224785934e-06,4.066423711164486e-06,6.264045463298181e-06,9.364017333443684e-07,8.043031579569004e-07,5.2519947977156475e-06,2.5528477146055545e-06,1.858082886541708e-05,2.4790939839431953e-06,2.612622566002156e-06,1.2697235713763149e-06,6.00624832191998e-07,2.086607627325803e-07,1.3360295619032736e-06,1.4688787168716212e-06,5.980439642426281e-07,-1.2492361078293107e-06,2.3437809721037754e-07,7.634102797729066e-07,1.867897590032347e-05,-3.854982611256786e-08,-2.868550669053803e-07,3.132443676919383e-08,-3.459725965664055e-07,-2.214709091937224e-07,-2.9152332412838356e-07,4.5097227340400465e-08,-4.0364728076521123e-07,2.510189245243196e-07,-5.561702901591107e-07,-3.871356598201795e-07,-1.054096447362913e-06,-9.90574703523543e-08,4.663568354781044e-08,-1.909269107835203e-07,-1.1585975700711282e-06,-3.007889930232162e-07,4.5366111321724504e-08,-9.724483652818962e-07,-8.869485732299973e-08,-3.0490086913008373e-07,2.202648829992776e-08,-8.203794404630887e-08,-6.128800669263715e-08,-2.45872420042167e-07,-3.149239485460301e-09,-1.6126113437585958e-07,-3.9583187320054313e-07,-1.0209631099531741e-07,-2.921240507719438e-08,8.57319183983493e-09,-3.9384833324688394e-07,-3.37702456971643e-07,6.285847787585856e-07,movement,no movement,no movement,no movement
2050.0000000000036,0.0190139772712976,0.3163192719237379,-0.2870655352333333,0.0316210044464159,0.3326246061503064,-0.2809961930666667,0.0334715875375789,0.3331460622031583,-0.2703667438666666,0.0323306618423854,0.3330489060869801,-0.2742926350333333,0.0125568640496313,0.3422133610805688,-0.2979170209666665,0.0140618777030261,0.3410525938680867,-0.3106916701333334,0.0178392222285401,0.3317957450536516,-0.2904246722333332,0.0660724946012335,0.3372503640852876,-0.1715119759333332,-0.0457243956134253,0.3035831986358296,-0.1922752301666666,0.0422960711846661,0.3150523053127049,-0.2341214960999999,0.0131164941499555,0.2876798902775418,-0.2681489515999999,0.1289854275416896,0.2294885193228872,-0.0250083041966666,-0.1143981135117846,0.2674611859754442,-0.0250001091386666,0.1653090212445961,0.0701444503236974,-0.006289661471,-0.1629798305159716,0.0295011682841379,-0.1182677983933333,0.1781897592678072,-0.0620319040179141,-0.0573123225233333,-0.0971792126821876,0.028685273430692,-0.2776993349,0.1693491538890916,-0.0889870390619019,-0.0655789702633333,-0.0536962136895881,0.0372218294741862,-0.3435527332999999,0.1521339255594047,-0.0867162085156586,-0.0848468121866666,-0.0260055757267533,0.0934947218188758,-0.3484868615333333,0.1747640224565927,-0.082719726144841,-0.0655581324666666,-0.0804303389021433,0.0501510635055133,-0.301014,0.0750014522886564,-0.1650818385278378,0.0445396447433333,-0.0727885654693985,-0.1650835622712342,-0.0417538069699999,0.0785530859601499,-0.4948535867841081,0.0579229884699999,-0.0615012026204769,-0.4424220488861528,-0.05709848777,0.0720961139749053,-0.7704904486903164,0.2257256710666666,-0.1185907729139406,-0.7704162197282824,0.0936065233666666,0.055699487987602,-0.8000015938756065,0.2471801226666666,-0.1221026153034397,-0.7989993145681319,0.0673880251599999,0.1027165760297572,-0.82337302686253,0.2096108689666666,-0.1152863479768092,-0.8239658378637634,-0.0136586948883333,nijmegen_nijmegen_rennen_g_ch1_g11_compr.mp4,ch1g11,2.1157735655691696e-05,0.0002360870562332,5.073926641064547e-05,0.0001318606242203,3.381231089775902e-05,0.0002380440768372,5.031113483708914e-05,2.4551725401593336e-05,1.938993809400164e-05,8.593669676359815e-05,7.232704908717801e-05,0.0001127653758946,5.535486887870618e-05,5.017901932146767e-05,4.870804766637376e-05,0.0001558084235028,3.7214152679273026e-05,7.164373390723956e-05,0.000109029470597,5.510846032080646e-05,0.0002788610014784,5.640340734158791e-05,5.538765388637437e-05,4.366845831664397e-05,3.323924077550433e-05,3.508963191568795e-06,4.745106100579071e-05,7.321597674648158e-05,3.001896653682648e-05,6.935476255347952e-05,3.720692654094386e-06,3.541596162094971e-05,0.0002896271267419,0.0002843543133118,0.0001139836505206,-0.0005950004850259,-0.0005396385355821,-0.0005303068370858,-0.0005300425903612,-0.0005383070019113,-0.0005320832094261,-0.0005345843280187,-0.0002915962394116,-0.0002669694687353,-0.0005343577999791,-0.0005317619801468,-0.0001837954942083,-0.0003471275736166,-0.0005448795388243,-0.0003869488233284,-0.0006005268924709,0.0028591565953801,-0.0004618822116402,0.0039032492930136,-0.0004597334902005,0.0041296596524697,-0.0005561787657187,0.003177524083374,3.433413544224904e-05,-2.925384234062226e-05,-0.0004098640270624,-0.0004277722211092,-0.0005310847078667,-0.0004846875547325,-0.0005362190084912,-0.0005213658521872,-0.0005867286849997,-0.0004927464009289,1.8208583831871147e-08,1.60663228729518e-05,2.3409364146326587e-06,9.124027476224242e-06,5.497465239093885e-08,1.606267276313341e-05,2.307965344561931e-06,1.1640451981948238e-06,2.3748002800736176e-06,1.0885216176845555e-06,5.863963129578559e-08,4.495837728896517e-06,2.347488991195069e-06,2.3079102953323763e-06,3.5355353371305465e-06,5.091350231214243e-06,3.607742630834267e-07,8.888960102559621e-07,4.267333709569238e-06,2.320625422657637e-06,1.7972888758032708e-05,2.38329664637318e-06,2.388430226755699e-06,1.1006454830422047e-06,2.541185619314696e-07,2.1213442340834186e-07,1.0602857213170824e-06,8.957390771156088e-07,4.209466976292486e-07,-1.0596893829061402e-06,2.5218901222033593e-07,2.44396297863236e-07,1.807458235495101e-05,-1.167972261346747e-07,-9.006133607431827e-07,-1.0655501307119755e-07,-6.895627022471165e-07,-1.4725341759215422e-08,-9.493709919388056e-07,-8.811944113225028e-08,-3.526649772254393e-07,2.285114991303041e-07,-4.451881833303955e-07,-9.469097426169405e-08,-1.1048833104764558e-06,-2.275642452919805e-07,-8.823642438570001e-08,-2.8282082053474545e-07,-1.118977808873274e-06,-1.4886660746311294e-07,4.301584373471265e-07,-1.017928972810477e-06,-2.152660303830667e-07,-1.1590507505395067e-06,-8.667361684252053e-08,-2.1237453651952586e-07,-1.3180156894352384e-07,-4.9495254595842245e-08,2.5435468971962968e-08,-2.133509176280102e-07,-1.8862109388006834e-07,-3.555823961451078e-09,5.236877825290283e-07,3.6282029285447244e-08,-4.3223144327486e-07,-1.0888304004833973e-06,1.184131191829662e-06,movement,no movement,no movement,no movement
2066.66666666667,0.0197382919104373,0.3157174740891882,-0.2844025208999999,0.0322566816041713,0.3320816816156379,-0.2784149448999999,0.0341132369502207,0.3326136644784492,-0.2677956448666666,0.0329857220207433,0.332516258152659,-0.2717056558666667,0.0133117778399099,0.3416763839123868,-0.2954586214333333,0.0148199427195995,0.3405203525105766,-0.3082356200000001,0.0185905753800038,0.3312602839182127,-0.2879811887666666,0.0662674931093973,0.3369564449253184,-0.1692104416666666,-0.045182408329166,0.3033286113774258,-0.1905475498,0.0427828039760705,0.3145153596830855,-0.2315317607333332,0.0137028456509181,0.2871471040651273,-0.2657139066666666,0.1286476225547484,0.2293017307499564,-0.0230362975633333,-0.1140084688767555,0.2671256409391621,-0.024059359405,0.1645219292181658,0.0695916450777308,-0.0048917975093333,-0.1607734556725126,0.0291418138148512,-0.1183514492933333,0.1769626662649115,-0.0626857101849126,-0.0560885510633333,-0.0944195144738316,0.0315804130598107,-0.2765960688333333,0.1681092287233034,-0.0894933502500566,-0.06420844751,-0.0507929066213783,0.0411835505688177,-0.3421746719333333,0.1509841341809528,-0.0872261752607215,-0.0833349729666666,-0.0238289152714277,0.0976722566023242,-0.3467549174333333,0.1735627366143732,-0.0833211993144681,-0.0642813814799999,-0.0780134212203781,0.0533831031691927,-0.300381154,0.0749447633186883,-0.1650494863496092,0.0446612171066666,-0.0727325602510482,-0.1651111267629644,-0.0418816472633333,0.0785809288963765,-0.4952770341577651,0.0570710805133333,-0.0601247354319898,-0.4428499300514623,-0.0578656509566666,0.0722075563032253,-0.7710259015682859,0.2244294677333333,-0.1167612635340314,-0.7709006205108688,0.0924844773666666,0.0558175087519231,-0.8005378138697341,0.2458498577666666,-0.1202143128260482,-0.799520688377692,0.0662027100566666,0.1028603856060496,-0.8240034761003311,0.2085229183,-0.1126204191649712,-0.824478429730196,-0.0147676773173333,nijmegen_nijmegen_rennen_g_ch1_g11_compr.mp4,ch1g11,2.099115268481349e-05,0.0002517305822365,5.315290018056192e-05,0.0001406125429384,3.363719243944473e-05,0.0002535322127144,5.269703405076977e-05,2.5389862574519448e-05,2.2039703897885976e-05,8.688342667426448e-05,7.135937036500264e-05,0.0001162487249301,5.7734097972743945e-05,5.2565135716815426e-05,5.237445521710179e-05,0.0001598423891611,3.725269949383854e-05,7.172834544289314e-05,0.0001124081026379,5.747360899822632e-05,0.0002959963058902,5.8871444649752307e-05,5.780247884516499e-05,4.476430330401795e-05,3.326872337437489e-05,3.7028213450714495e-06,4.851444811368296e-05,7.319794322777579e-05,3.05125574056992e-05,6.739201869041632e-05,3.978887926457524e-06,3.5423283311194975e-05,0.0003072528909942,0.0003020615760351,0.0001172279381957,-0.0005840605679382,-0.0005226700487061,-0.0005112989208259,-0.0005119454370312,-0.0005202380434499,-0.0005133897448465,-0.0005155382897439,-0.0002660781980422,-0.0002267861477968,-0.0005238737314344,-0.0005201610396335,-0.0001583257144403,-0.0003241646480411,-0.000515512778934,-0.0002885042908942,-0.0004848271758573,0.0030505390789397,-0.0002997204167609,0.0041442485790156,-0.0002888709822895,0.004372262332504,-0.0004284471982328,0.0033785849361742,3.8054445943783127e-05,-3.220355383039086e-05,-0.0004241801320112,-0.0004421194818211,-0.000521449675815,-0.0004890531040074,-0.0005244151490636,-0.0005239063111894,-0.0005908657873928,-0.0004971315733097,-9.12470000970164e-08,1.492190486923138e-05,2.164268673617976e-06,8.310721637899583e-06,5.1823867396706156e-08,1.4837740416597002e-05,2.1554618925664785e-06,7.568649075538331e-07,2.5274894860219163e-06,7.296718638181459e-07,1.2779080538037138e-08,3.3470276335744053e-06,2.041353423211056e-06,2.1533883979086065e-06,2.7792902167470884e-06,3.858103604975872e-06,1.9584006267861985e-07,1.4533880147729405e-06,3.207819827267923e-06,2.0278270226628434e-06,1.6388116945778714e-05,2.217908055999122e-06,2.0957130671445997e-06,9.160700167840608e-07,2.0511208202458261e-07,2.420047074213392e-07,7.950289596901194e-07,6.3685877297245e-07,4.212700532617792e-07,-2.2143104252888217e-07,2.980442173457951e-07,-2.0117869038776778e-07,1.6624750580939417e-05,-1.9126483551112313e-07,-1.5961356486633824e-06,-2.3426936485681426e-07,-9.11166702038497e-07,2.1137245586597901e-07,-1.708567364119465e-06,-2.139167447419717e-07,-2.182699249462644e-07,1.90523059833356e-07,-3.153553592697453e-07,2.825663557719712e-07,-1.0599188784122616e-06,-3.27354232060581e-07,-2.157311354827746e-07,-2.450908889818786e-07,-1.0033060796100775e-06,3.3030878230474635e-08,8.346119527529775e-07,-9.757725712346662e-07,-3.160956386264945e-07,-2.1681111748010354e-06,-1.8795856968224933e-07,-3.166170076545064e-07,-1.856012710065103e-07,1.7205774888621677e-07,4.93363326595577e-08,-2.342871359677994e-07,1.2001885093836533e-07,1.1284501882690693e-07,1.0676450705230445e-06,5.70807204189873e-08,-4.206006523224451e-07,-1.981699968393116e-06,1.8580494708915265e-06,movement,no movement,no movement,no movement
2083.3333333333367,0.0205518002336727,0.3151386415477975,-0.2816289379333332,0.0329760137082866,0.3315662282184163,-0.2756740913666666,0.0348388314308577,0.3321114693737354,-0.2650691987666667,0.0337241656404151,0.3320128317736248,-0.2689578507666666,0.0141438785652847,0.3411654691131618,-0.2928725993999999,0.0156537927606214,0.3400157952724704,-0.3056518485666668,0.0194181862681538,0.3307528377532979,-0.2854101597999999,0.0664713542160057,0.3367008123651691,-0.1666252538666666,-0.0446401740250531,0.3031113181102463,-0.1886749178999999,0.0433194115023569,0.3139962360753994,-0.2288033963666666,0.0143322036436835,0.286631215038058,-0.2631777235666666,0.1282475090225145,0.229134018809606,-0.0207007837633333,-0.1135982281519005,0.2668105397680503,-0.0230511775263333,0.1636876361426383,0.0690524028497531,-0.0031743753526666,-0.1583703032863613,0.0289332765584786,-0.11835310506,0.1757495717165336,-0.0630596532001939,-0.0547832711833333,-0.0914663839231133,0.0348685517897767,-0.2754433304,0.166888096674436,-0.0896205321548672,-0.0627458390599999,-0.0477279896157492,0.0456132538625199,-0.3407764969666666,0.1498594223668815,-0.0872974891979246,-0.08172868305,-0.0214957914824463,0.1023342956214725,-0.3450032372666667,0.1723754253103884,-0.0835994953420755,-0.0629293497033333,-0.0754147724917859,0.0570183897019659,-0.332417905,0.0748830027186372,-0.1650131324989086,0.0448258691033333,-0.072671969204185,-0.1651414259246537,-0.0420514137033333,0.0786416982824881,-0.4956882107107561,0.0562617925199999,-0.0587435428112823,-0.4432724531684873,-0.0586271638699999,0.0723432894943556,-0.7715617626800837,0.2231834952333333,-0.1149497845017935,-0.7713801171850598,0.0913432113333333,0.0559500211377736,-0.8010775301703608,0.2445700248333333,-0.1183525608859566,-0.8000377971351942,0.0649966912799999,0.1030070361384995,-0.8246228173293555,0.2074788649666666,-0.1099557346018991,-0.8249821293789996,-0.015904934104,nijmegen_nijmegen_rennen_g_ch1_g11_compr.mp4,ch1g11,2.081513224347105e-05,0.0002668567230223,5.510210237471563e-05,0.0001481743848432,3.2745283006150794e-05,0.0002686020192288,5.464721989529023e-05,2.5847375534399935e-05,2.5040833939858894e-05,8.730427364187866e-05,7.147166507288349e-05,0.0001186588621785,5.948733449975952e-05,5.451411851721918e-05,5.6525522562392295e-05,0.000163117541449,3.655766105381627e-05,7.373390387621452e-05,0.0001147779700207,5.9231322420734184e-05,0.0003125030625167,6.093306536172947e-05,5.960710655157541e-05,4.5470800239592354e-05,3.265165325186271e-05,3.982521060217288e-06,4.908134938283437e-05,7.396736557409598e-05,3.0991019994001126e-05,6.779525749780401e-05,4.321763148957791e-06,3.4732715613071945e-05,0.0003240580636289,0.0003191151278407,0.0001193319440139,-0.000567444813197,-0.000499298826811,-0.0004858207679897,-0.000487510584281,-0.0004955321670423,-0.0004881484710518,-0.0004900151006491,-0.0002301796517093,-0.0001804830738244,-0.0005066722462925,-0.0005025160414409,-0.000120441733119,-0.0002943923337416,-0.0004551901218566,-0.0001656412332129,-0.0003161681047438,0.0032497726235181,-7.94747348151426e-05,0.0043799528952419,-5.834582812695406e-05,0.0046033155803455,-0.0002466691078775,0.0035808160764606,4.232371104824537e-05,-3.570499595697596e-05,-0.0004266719684678,-0.0004528543962351,-0.0004936207631879,-0.0004791336435308,-0.000495024777239,-0.0005110586710073,-0.0005789755202519,-0.0004831059502536,-2.019175626741653e-07,1.2916137393933532e-05,1.9034676621590388e-06,7.345657180880513e-06,2.4067675194026425e-07,1.2684571590296058e-05,1.9189874041278094e-06,5.672141646610578e-07,2.69671776652967e-06,5.048107893008359e-07,6.108192317610056e-07,2.345091832514434e-06,1.6863930956860157e-06,1.914329470431564e-06,2.4531006012947474e-06,2.856842727500458e-06,2.8836715630234697e-07,2.6423088587492987e-06,2.2792249262584832e-06,1.6847684948671902e-06,1.367163262214575e-05,1.986248494595778e-06,1.74891625179971e-06,7.491724866370439e-07,3.615892227004257e-07,3.041787791598739e-07,5.771372920315229e-07,1.0258859143505318e-06,6.462193032250812e-07,1.26215587257167e-06,3.70457790742764e-07,-5.391481473616696e-07,1.4161199147569489e-05,-2.5039241574511644e-07,-2.3105995721831024e-06,-3.394085965179184e-07,-9.740058057982162e-07,4.078152114771327e-07,-2.500200496693857e-06,-3.211700449861437e-07,-3.283902936710114e-08,1.533036867789521e-07,-1.7175594842984938e-07,6.66965391364388e-07,-9.411712730371204e-07,-3.899461903250919e-07,-3.235045623160462e-07,-6.223123634409523e-08,-8.411470144208493e-07,2.0222287291293688e-07,1.1722047134408517e-06,-8.623030453512905e-07,-3.825016452871919e-07,-3.2389287510365417e-06,-2.770977779777459e-07,-3.860718456859988e-07,-2.205664493145362e-07,3.701278337027484e-07,6.344797594204786e-08,-2.25474504097656e-07,4.645124171362692e-07,2.277454511306288e-07,1.4961291988361052e-06,6.654139396522636e-08,-3.641779192092659e-07,-2.9369359056814803e-06,2.550921834386946e-06,movement,movement,no movement,no movement
2100.000000000003,0.0214127679764276,0.3145682523656665,-0.2788873348666665,0.0337609242300185,0.3310617911140642,-0.2729458824666666,0.0356306161634167,0.3316207129908341,-0.2623552095333333,0.034526542814627,0.3315204095636168,-0.2662181183,0.0150238941413834,0.3406665596251977,-0.2902932687666666,0.016533990616908,0.3395244130617525,-0.3030747409,0.0202930580679128,0.3302599052371959,-0.2828449318666666,0.0667188227403014,0.3364654827961026,-0.1639480563433333,-0.0440970068975288,0.3029399197206618,-0.1867222424333333,0.0438900876356969,0.3134841824081855,-0.2260813063666666,0.0149798522101258,0.2861268849217894,-0.2606406434333332,0.127829732459157,0.2290042700192989,-0.0181805595599999,-0.1131705309431281,0.266526191015273,-0.0219665100803333,0.1628568706636197,0.0685945231813627,-0.001313713517,-0.1558703582507762,0.0288388201101165,-0.1183531005933333,0.1745265153734778,-0.0632768575683953,-0.0535094272266666,-0.0883727722136091,0.0382186686005524,-0.2744882047333333,0.1656449258260149,-0.0895770273866398,-0.0613152015466666,-0.0445205056670017,0.0501002751520503,-0.3396503407333333,0.1487251236859129,-0.087212271698061,-0.0801615799566666,-0.0190071298233021,0.1070459266552114,-0.3435231367333334,0.1711764147738548,-0.0837292900317618,-0.0616105236733333,-0.0726700309441025,0.060698608992857,-0.314411342,0.0748211102282945,-0.1649698949396337,0.0449899998066666,-0.0726117236067646,-0.1651773817747954,-0.0422176694366666,0.0787139161336742,-0.4961044918160021,0.0554649978766666,-0.0573800149864217,-0.443713855374014,-0.0593102643933333,0.0725404945999832,-0.7720576779101731,0.2219861740333333,-0.1130914070608595,-0.7718482084434857,0.0904003373766666,0.0561426702522464,-0.8015735491021161,0.2433433165333333,-0.1164332273986738,-0.8005386901833322,0.06399804029,0.1031762340919628,-0.8251718734908341,0.2064595629666666,-0.1072974089255595,-0.825442174492829,-0.0168467538636666,nijmegen_nijmegen_rennen_g_ch1_g11_compr.mp4,ch1g11,2.0407486297810637e-05,0.0002797108398447,5.6612183373801704e-05,0.0001546605854465,3.293025025920441e-05,0.0002813520975688,5.618707017635052e-05,2.6322079252282196e-05,2.7544294606718435e-05,8.761109207576078e-05,7.205657430468366e-05,0.0001206800772414,6.068848227665383e-05,5.604421838346757e-05,5.97649618548793e-05,0.0001661708848519,3.642256089877494e-05,7.683333435079214e-05,0.0001167769419326,6.044087861782775e-05,0.0003261390158844,6.257143418507195e-05,6.086298133695433e-05,4.592987481652069e-05,3.30381509816619e-05,4.332116890081887e-06,4.932893346094104e-05,7.496333698828074e-05,3.1425153973195696e-05,6.973951798523355e-05,4.7403246823320425e-06,3.3755113418760025e-05,0.0003380535933307,0.0003336905799917,0.0001213605108238,-0.0005420541659878,-0.0004677581390963,-0.0004522133495836,-0.0004549079355857,-0.0004626125628242,-0.0004550023544184,-0.0004564019537597,-0.0001847463726254,-0.0001307600439522,-0.0004808612531722,-0.0004773837570346,-7.07528449967918e-05,-0.0002583198345121,-0.0003694836647451,-4.5484723140449824e-05,-0.0001189141316473,0.0034000903577161,0.0001682454412564,0.0045542805606099,0.0001998894747193,0.004776290419677,-3.58588176965771e-05,0.0037335685417725,4.6647060730084104e-05,-3.922655578695538e-05,-0.0004233725160969,-0.000464404430549,-0.0004707944204358,-0.0004704988378487,-0.0004724355465791,-0.0004998222948815,-0.00056646407,-0.0004747383411492,-4.064504124921191e-07,1.0251465686225298e-05,1.5741413598467866e-06,6.226372302772946e-06,8.125526413515541e-07,9.82354993014605e-06,1.6091478452101554e-06,5.858411485172849e-07,2.9055036865315792e-06,3.7562309628962707e-07,1.66907917172243e-06,1.4076825015594033e-06,1.331342537197039e-06,1.6004304904788868e-06,2.6048248463871124e-06,1.985126822576059e-06,8.773510032679805e-07,4.232838238348022e-06,1.4200181581358867e-06,1.3350088871979049e-06,1.003926933523589e-05,1.7181561980865497e-06,1.390540132812323e-06,5.949168473377393e-07,8.788503064643931e-07,3.915167316490975e-07,4.462857486886496e-07,1.8791871733203615e-06,9.756714897219783e-07,3.1986999340066195e-06,4.591753109930197e-07,-7.94317505464501e-07,1.0876788066492237e-05,-2.7351423787246954e-07,-2.9315918175393502e-06,-4.2191968538962804e-07,-8.941426996506194e-07,4.638124074458656e-07,-3.2009150632353035e-06,-4.099729709809014e-07,1.5321964721055445e-07,1.574296298543551e-07,-3.985839123314984e-08,1.077168658625532e-06,-7.922629443960319e-07,-4.258902317463874e-07,-4.103156494593268e-07,3.075516662945576e-07,-6.404258137887665e-07,2.843646027853961e-07,1.4734042431455717e-06,-7.187030769771946e-07,-4.231782328244142e-07,-4.2058878056836026e-06,-3.557264386759106e-07,-4.3041248068613443e-07,-2.4844681839166685e-07,4.410720024803358e-07,6.451141955391538e-08,-2.079584240210295e-07,8.636648226522673e-07,3.1691914351608073e-07,1.8345405913102831e-06,6.221196446539024e-08,-2.962753264991119e-07,-3.817123852868065e-06,3.1990977955244978e-06,movement,movement,no movement,no movement
2116.6666666666697,0.022317856414548,0.3140357673713798,-0.2766205577999999,0.0345995579645414,0.330603983056438,-0.2706319814666666,0.0364746397388625,0.3311783585250831,-0.2600563164999999,0.0353769610711408,0.3310745209009045,-0.2638767634333333,0.0159312491297865,0.3402096108138914,-0.2881209779999999,0.0174401667405148,0.339078060213261,-0.3009143064666666,0.021194406104316,0.3298144626711572,-0.2806846409999999,0.0670182787351981,0.3362954457290795,-0.1614336868199999,-0.0435925688762937,0.3028353981625936,-0.1849162648999999,0.0445020805204877,0.3130113586255051,-0.2237568389666666,0.015643573645518,0.2856613418245646,-0.2585045276999999,0.1273927816925169,0.2289753933169288,-0.0155334384333333,-0.112759978063831,0.2662888499100576,-0.0209918596776666,0.1619891025246349,0.0682817002157172,0.0008354604109999,-0.1532397675090374,0.0288108565899795,-0.1185607884933333,0.1733114450805245,-0.0632520928096845,-0.0522647322699999,-0.0851026437261713,0.0416156872859523,-0.2741202846333334,0.1644096101509466,-0.0892381709669891,-0.0599760483466666,-0.0411359595275536,0.0546682264644191,-0.3393107482333333,0.1476034933716771,-0.0868356854640196,-0.0787309202166666,-0.0163633001015922,0.1118577334982188,-0.3428059051,0.1699926051340583,-0.0836270956992548,-0.0603438541266666,-0.0697594399131332,0.0644185091531566,-0.315554,0.0747676157225543,-0.1649174573759095,0.0451776616799999,-0.0725629805622248,-0.1652215001182734,-0.0424035793033333,0.0788681778160628,-0.4965132461134898,0.0549272816533333,-0.0560193484907464,-0.4441816124672847,-0.0597546311766666,0.0729197440308898,-0.7724825853922395,0.2213861544666666,-0.1112167816235787,-0.7722966699569569,0.0902769284433333,0.0565212991053196,-0.8020030277978027,0.2427602033,-0.1144939936058902,-0.8010107894628158,0.06390954515,0.1034820623733386,-0.8256594413581996,0.2058744654,-0.1045955848798411,-0.8258655147955517,-0.0170248564536666,nijmegen_nijmegen_rennen_g_ch1_g11_compr.mp4,ch1g11,1.9776113323649352e-05,0.0002899002587722,5.797901820049092e-05,0.0001608721316491,3.39981780991655e-05,0.0002910106572471,5.758690309273109e-05,2.716632941494263e-05,3.0157307613766005e-05,8.834740097320483e-05,7.386338136621254e-05,0.0001222118836331,6.180131489146796e-05,5.744364768920828e-05,6.157125615470142e-05,0.0001687502803616,3.71014155053825e-05,8.152434277834115e-05,0.0001183592299073,6.1569303815359e-05,0.0003354327513277,6.413667235947785e-05,6.203706230690622e-05,4.6387355599896414e-05,3.419342561111726e-05,4.810197179910232e-06,4.96405022125399e-05,7.677330953297337e-05,3.245777177378987e-05,7.374860053455199e-05,5.274939354924717e-06,3.2768424265023546e-05,0.000348440821275,0.0003458426859406,0.0001231994223171,-0.000507275250001,-0.0004273826972211,-0.0004101081196603,-0.0004139088923572,-0.0004225530933377,-0.000414926966698,-0.0004156327018135,-0.0001334768745983,-8.42372753614656e-05,-0.0004460532521618,-0.0004459603093455,-1.2217547983024197e-05,-0.0002220566141476,-0.0002562783545913,5.08118805163505e-05,0.0001023672403097,0.0034680414226688,0.0004298829240673,0.0046284373297334,0.0004705948154478,0.0048456945388568,0.0001972684102806,0.0038006911737113,5.081745808444801e-05,-4.262340141908702e-05,-0.0004180328097277,-0.0004768117664956,-0.000458685075308,-0.0004714516869045,-0.0004625804770132,-0.0004998708383275,-0.0005583759933678,-0.0004756072880529,-7.367251711629876e-07,6.967642266657234e-06,1.1679231149310974e-06,5.08084133726671e-06,1.5155034668420454e-06,6.306568260774345e-06,1.205641180919739e-06,8.631131554760738e-07,3.115687352593119e-06,3.636931400892392e-07,3.1159323377876203e-06,6.879719036570247e-07,9.666933041242664e-07,1.2063569685812238e-06,3.216189269333486e-06,1.463498739819529e-06,1.5534669241000978e-06,6.018013851501947e-06,7.581604301077637e-07,9.78995047733694e-07,5.49440777000864e-06,1.4266235803077182e-06,1.0161661596195043e-06,3.43822948454577e-07,1.5572786955909656e-06,4.863959922552375e-07,2.74463475218749e-07,3.124114551899327e-06,1.3539781849463663e-06,5.352639936127173e-06,5.441904892135603e-07,-1.0319349215562262e-06,6.721380999831683e-06,-2.463599947068697e-07,-3.373967575282695e-06,-4.786611728303977e-07,-7.410758235997911e-07,3.6723757793743635e-07,-3.6939424856505448e-06,-4.763202529802206e-07,2.9970496192985145e-07,1.933979252840418e-07,4.7046728024328186e-08,1.4525987490488258e-06,-6.194286303883543e-07,-4.4338135750402827e-07,-4.7209091714195e-07,8.407537713867431e-07,-3.92755812431372e-07,2.548497341645556e-07,1.690428554922101e-06,-5.546952808582671e-07,-4.44947219709441e-07,-4.895071409710744e-06,-4.1951715457514e-07,-4.570569524179389e-07,-2.7560954891928673e-07,3.743536636991566e-07,5.112822021976135e-08,-1.9782477117256338e-07,1.2612302954408243e-06,3.271574077353732e-07,2.038396174618478e-06,4.38960079134236e-08,-2.352452346788657e-07,-4.488287615257165e-06,3.77232280400576e-06,movement,movement,no movement,no movement
2133.333333333336,0.023278172394137,0.3135467854883031,-0.2742301274333333,0.0354784391634441,0.3302030756748334,-0.2682087769666666,0.0373582026081588,0.330795459497007,-0.2576446979999999,0.036267144959021,0.3306875214178224,-0.2614303325,0.0168838762837132,0.3398112071578075,-0.2858674922666666,0.0183920060299411,0.3386880796732087,-0.2986700103,0.0221414746420988,0.3294239158730603,-0.2784427687666666,0.0673191325070367,0.3361963992047169,-0.1588829438133333,-0.0430837062432819,0.3027820365717343,-0.1831451858999999,0.0451428054417535,0.3125855051798805,-0.2213161574333332,0.016342930933588,0.2852328540804562,-0.2562855570666666,0.1268736428678887,0.2290099918657311,-0.0128461986633333,-0.1122623963438277,0.2660874908526205,-0.020045444897,0.1610363915916375,0.0680777288152757,0.0030796747196666,-0.1505391263886362,0.0288750964165502,-0.1188447303933333,0.1720862286497188,-0.0630702602097906,-0.0507893208036666,-0.0816686243471323,0.0450298064727199,-0.2736533696333333,0.1631682125595873,-0.0887362443819284,-0.0583339778233333,-0.0375666419354718,0.0592298604535727,-0.3387982774333333,0.1465196772416292,-0.0863028177815879,-0.0769987201399999,-0.0135013750472881,0.1166373805076323,-0.3418732513666667,0.1688262075148817,-0.0833554005105223,-0.0588463791599999,-0.0666792206206401,0.0681572884019578,-0.339775681,0.0746954077471914,-0.1648623857070204,0.0454072487133333,-0.0724959320775252,-0.165267546672162,-0.0426320840166666,0.0790256965206059,-0.4969272942774586,0.0543794356199999,-0.0546279783427557,-0.4446950660655632,-0.0602956386966666,0.0732888164592354,-0.7729140081282371,0.2205950528,-0.1093134912037898,-0.772784528133753,0.0900401872699999,0.0568790388913384,-0.8024404719689602,0.2419642553,-0.1125337358234185,-0.8015243245311114,0.0637015531266666,0.1037687833396968,-0.8261971049734141,0.2052371218666667,-0.1018470320929509,-0.8263587024647007,-0.0173053788236666,nijmegen_nijmegen_rennen_g_ch1_g11_compr.mp4,ch1g11,1.913248743792922e-05,0.0002953177517613,5.8743747761183685e-05,0.0001660317531993,3.567226090429934e-05,0.0002955809703469,5.839066778575442e-05,2.791829010044037e-05,3.317111933521402e-05,8.858917351175129e-05,7.774313548400004e-05,0.0001222278959937,6.228343381287515e-05,5.826386352509147e-05,6.309302104369766e-05,0.0001692413380752,3.849187742287817e-05,8.866835261018152e-05,0.0001184469668757,6.206504495724644e-05,0.0003385122790628,6.511172295911488e-05,6.258333888083311e-05,4.644171900540117e-05,3.584089734890118e-05,5.314833535848785e-06,4.9529498576560394e-05,8.012958780920287e-05,3.369283298647023e-05,8.097905289336941e-05,5.835657688505631e-06,3.153678681661874e-05,0.0003529493827781,0.0003538087021579,0.0001237507732697,-0.0004570252832888,-0.0003720404667726,-0.0003534703778027,-0.0003585289894049,-0.0003701241187207,-0.0003625720529901,-0.000362077795053,-7.492116830021789e-05,-3.911076026954954e-05,-0.0003971937389745,-0.000403639547916,5.2053557676645976e-05,-0.0001871505327754,-0.0001220932756108,0.0001158100100229,0.0003447101139946,0.0034664421548941,0.0007088328069808,0.0046292508408019,0.0007612734413761,0.0048410741169281,0.000450151664887,0.0037958497438903,5.487925987980726e-05,-4.590070144615651e-05,-0.0004148743926092,-0.0004904806196099,-0.0004554316241203,-0.000480791183866,-0.0004638305648317,-0.0005093978769476,-0.0005629706197031,-0.0004828401456097,-9.986507538233665e-07,3.278900189013872e-06,7.037316397567317e-07,4.266621158988248e-06,2.1741866091343033e-06,2.3025134879919826e-06,7.345767463501279e-07,1.3620283726519592e-06,3.2964572542007797e-06,3.748427133809483e-07,4.844135156030123e-06,2.270340741627317e-07,5.653315454200663e-07,7.480333256459884e-07,4.307130111680253e-06,1.272303763196906e-06,2.0005009397186412e-06,7.83858526199745e-06,3.365240953910345e-07,5.778754885306412e-07,2.531713170270813e-07,1.073799427140786e-06,6.043843454722583e-07,7.566044119365913e-08,2.2152098464957903e-06,5.47687570981775e-07,1.0376338709221056e-07,4.66417599664603e-06,1.7024871855210955e-06,7.564246588227759e-06,5.901964039082955e-07,-1.1909812935291024e-06,1.8945568885018811e-06,-1.671490353251164e-07,-3.559483642892573e-06,-5.0108694662908e-07,-5.651184205159831e-07,1.2956576533972377e-07,-3.8873696321758e-06,-5.106592760679021e-07,4.0882417885830234e-07,2.502268955922486e-07,1.037336968784884e-07,1.7471729450138257e-06,-4.0531923308920035e-07,-4.385101989368438e-07,-4.99288107482027e-07,1.417859632363641e-06,-5.89833070196408e-08,1.2066627461373285e-07,1.7940003911330398e-06,-3.523783363391723e-07,-4.421006861756017e-07,-5.175992417925516e-06,-4.568440610504748e-07,-4.605171548943039e-07,-2.998071747469362e-07,1.786737937919914e-07,2.8708368520648537e-08,-1.980744747125281e-07,1.604817918040084e-06,2.4377187239460177e-07,2.0889740159514604e-06,1.7570513794746145e-08,-1.833144117602997e-07,-4.829173067757228e-06,4.192260621714153e-06,movement,movement,no movement,no movement
2150.0000000000027,0.0242977374878921,0.3131458847347677,-0.2718056538666666,0.0364086306596886,0.3298986099311649,-0.2657437712666666,0.0382922296023433,0.3305111518934926,-0.2551889265333333,0.0372075056422283,0.3303973866368097,-0.2589402272666666,0.0178875394185296,0.3395087743534282,-0.2835846820333333,0.0193935103587106,0.3383911448522246,-0.2963926787666667,0.0231391506091494,0.3291269036693684,-0.2761694212999999,0.0676310927134856,0.3361896129179892,-0.1562940197933333,-0.042568181536321,0.3027986226796988,-0.1814019710666666,0.0458264452910839,0.3122451726063697,-0.2188376547333332,0.0170833357022746,0.284876233385925,-0.2540368183666666,0.1262888382980706,0.2291317027689115,-0.0101208324733333,-0.1116836354132013,0.2659234883940446,-0.01913192044,0.1599318527204082,0.0681113857639984,0.0057106376163333,-0.1477251048814364,0.0290417675014847,-0.1190779049933333,0.1708740476702114,-0.0625755005283309,-0.0479769871003333,-0.0781176064729774,0.0484548409295356,-0.2724427883666667,0.1619594542321599,-0.0878643531972684,-0.0551085832066666,-0.03387723711832,0.0638065031806909,-0.3373769520333333,0.1455012667879062,-0.0854202069930057,-0.0736742180669999,-0.0105393748005677,0.1214097114266541,-0.3399797171,0.167707299486748,-0.082769705597693,-0.0559801565896666,-0.0634830690441256,0.0719084022942078,-0.303065598,0.0746058482461485,-0.164803598738569,0.04566357737,-0.0724113104604139,-0.1653167857251391,-0.0428881290566666,0.0792327135961689,-0.4973434856552178,0.0538895804366666,-0.0532325560141962,-0.4451953410186319,-0.0608807976099999,0.0736246245221584,-0.7733455016464903,0.2197121505666666,-0.1073940039922507,-0.7732675529291748,0.0897234322933333,0.0572014477103389,-0.802878615732821,0.2410682474666667,-0.1105595240690585,-0.8020350727724809,0.0634054879166666,0.1040286990410093,-0.8267583357933215,0.204606313,-0.0990589846881583,-0.8268566095124333,-0.017526642257,nijmegen_nijmegen_rennen_g_ch1_g11_compr.mp4,ch1g11,1.8456574996501138e-05,0.0002955959022682,5.9099723816778986e-05,0.0001699254673309,3.792943509612961e-05,0.0002946216381594,5.878062930040538e-05,2.9151442342246236e-05,3.689010784586569e-05,8.893506605144868e-05,8.383729682544698e-05,0.0001225718797431,6.250285833180634e-05,5.8678013594277725e-05,6.642101801875517e-05,0.0001700285083366,4.097375159981436e-05,9.78446253468876e-05,0.0001188566118101,6.227779104945172e-05,0.0003349964973812,6.583341149150198e-05,6.283926499289414e-05,4.6310623157310315e-05,3.8039967575011194e-05,5.878994150802226e-06,4.945725209405658e-05,8.570847345091374e-05,3.5485538880375066e-05,9.018616252409914e-05,6.441848639455368e-06,3.0366173203393854e-05,0.0003511378812798,0.0003577838676371,0.0001247955660433,-0.0004102950826558,-0.0003195687640547,-0.0003001958298426,-0.0003061364424758,-0.0003213628294891,-0.0003144650439201,-0.0003130987635752,-1.946945481267378e-05,-3.3011008118244296e-06,-0.0003498485393681,-0.0003651376833454,0.0001204556921347,-0.000159085695429,2.3371317447027947e-05,0.0001435028130098,0.0005919317167881,0.0033840927448504,0.0009815300013525,0.0045326153327703,0.001041717096757,0.0047400657657665,0.0007052018313674,0.0037116499718919,5.848560960097413e-05,-4.878718768262519e-05,-0.0004167481666536,-0.0005011676589995,-0.0004554140808076,-0.0004917210138388,-0.0004668212513369,-0.0005212697612227,-0.0005708037864266,-0.0004920889777025,-1.2149840344521836e-06,-3.97965299382441e-07,1.1062435592682296e-07,3.71486694894708e-06,2.5163519780634485e-06,-1.7306977073759317e-06,1.289182255842833e-07,2.0068238430078954e-06,3.4839965848411456e-06,5.157002795801643e-07,6.731190761400076e-06,2.7996063592935082e-08,5.59097176549267e-08,1.5296363612447318e-07,5.863454104810793e-06,1.4147945435443773e-06,2.1266863836448917e-06,9.584417482221748e-06,1.7368316383727409e-07,5.919599381261424e-08,-5.125642623539286e-06,5.402494618615599e-07,7.177358494249297e-08,-2.816893529612378e-07,2.6148842143988194e-06,5.612959437854395e-07,-1.4029238028380617e-07,6.406113422218882e-06,1.8349494621835136e-06,9.658397151576569e-06,5.874767554407781e-07,-1.3511467655156548e-06,-3.1166436068314708e-06,-3.3982828970199736e-08,-3.4897466391963826e-06,-5.126901192464511e-07,-4.6165595058415955e-07,-1.945752928700868e-07,-3.7748446896929615e-06,-5.347149117274277e-07,4.6755047071887124e-07,3.13372714910204e-07,1.0398154159555229e-07,1.9488505018978808e-06,-2.200938132738437e-07,-4.4618210963373403e-07,-5.133342113932052e-07,1.8729623208346491e-06,2.53094061505626e-07,-8.733625655344886e-08,1.798790263965358e-06,-1.8218538575688594e-07,-4.4789976713025364e-07,-5.010578874608062e-06,-4.94349450920841e-07,-4.734037488108673e-07,-3.419687074225404e-07,-1.0071538133666737e-07,6.192033487302133e-10,-2.4485522192979025e-07,1.8493700136644427e-06,4.208666147707815e-08,2.053453884173917e-06,-1.2415455874822972e-08,-1.5505313072965456e-07,-4.797737883151428e-06,4.395408413924666e-06,movement,movement,no movement,no movement
2166.6666666666692,0.025343583472522,0.3127528983929535,-0.2691744326666667,0.0373545699733232,0.3296038545574162,-0.2630629997333333,0.0392431750082648,0.3302369151163944,-0.2525192170999999,0.0381639815311777,0.3301169210488368,-0.2562364021333334,0.0189087966743673,0.3392129868788385,-0.2811023949333333,0.020411354916171,0.3381007763213051,-0.2939083953999999,0.0241540601995758,0.328836958174965,-0.2736948922333332,0.0679454498451668,0.3362088656915086,-0.1534572365533333,-0.0420508315143382,0.3028193108444527,-0.1794935277,0.0465349938027925,0.3119177355766631,-0.2161392019333332,0.0178470070228448,0.2845257476874724,-0.2515828578999999,0.1256736310786527,0.2292819734699036,-0.0070850002133333,-0.1110736391541656,0.2657804868622377,-0.0181221385066666,0.1587229923483323,0.0682097730992629,0.0088670459729999,-0.1448729827469916,0.0292236083312312,-0.1190882213266666,0.1696309445661808,-0.061874000294355,-0.0446279004603333,-0.0744509598245838,0.0518192923484051,-0.2708501661666667,0.160721886283946,-0.0867374422174559,-0.0513740477933333,-0.0300649665563519,0.0682963084249838,-0.3355775941,0.1445074609974061,-0.0842330831529112,-0.0698258753703333,-0.0074542666331915,0.1260983003644823,-0.3377328167,0.1665832489882803,-0.0819523856541369,-0.052571365093,-0.0601653911362737,0.0755933088175473,-0.282215923,0.0745101627852947,-0.1647441969457243,0.0459501651933333,-0.0723206840804985,-0.1653666328002876,-0.04317435317,0.079543880925364,-0.4977624194242224,0.0534562655966666,-0.0517872376525588,-0.4456970752239843,-0.0615299757633333,0.0741199584429628,-0.7738032866715764,0.2188207949,-0.105430515539723,-0.7737509298407728,0.0892881020233333,0.0576756628462573,-0.8033482590364991,0.2401704664,-0.1085460948439859,-0.802546719780033,0.0629820388866666,0.1044026984501127,-0.8273577741733231,0.2039865155666667,-0.096218920044449,-0.8273555667501126,-0.0178737057936666,nijmegen_nijmegen_rennen_g_ch1_g11_compr.mp4,ch1g11,1.7854650230101474e-05,0.0002918032822376,5.932824394121291e-05,0.0001721243378941,4.1069474388761315e-05,0.0002894789783795,5.902438784391923e-05,3.118227718081394e-05,4.117657226344365e-05,8.958785713945998e-05,9.287398412665772e-05,0.000122318605018,6.278582894325451e-05,5.894884136900683e-05,7.33197271621978e-05,0.0001703621828257,4.410683841286531e-05,0.0001095500402519,0.000118800251558,6.256347329440195e-05,0.0003262833651726,6.647579060633983e-05,6.312963170942584e-05,4.616922366243766e-05,4.118316630428061e-05,6.504998195686953e-06,4.9549174990332286e-05,9.435046450683156e-05,3.756082463716711e-05,0.0001020219638462,7.086180283691226e-06,2.978703688256762e-05,0.0003441930485802,0.0003592404985019,0.0001257360447807,-0.0003622753046009,-0.000265048986585,-0.0002454070202777,-0.0002517661853921,-0.0002709533970041,-0.0002655390861885,-0.0002637234068516,3.7136325350878656e-05,2.8068974347742415e-05,-0.0002991283459008,-0.0003258763801531,0.0001846351830641,-0.0001345015173007,0.0001652367965026,0.00014833165129,0.0008412547147388,0.0032073639717848,0.0012553681576161,0.0043141448649126,0.0013268913242479,0.0045149389276034,0.0009654345584829,0.0035303029413764,6.138510455114425e-05,-5.119387898243344e-05,-0.0004208216805143,-0.0005084779205007,-0.000464080352937,-0.000498476802164,-0.0004784313197548,-0.0005288958485186,-0.0005921779495464,-0.0005044469903174,-1.2567333838331453e-06,-3.901900632873196e-06,-5.088923794299679e-07,3.395490269688209e-06,2.1795592935865723e-06,-5.538806798839912e-06,-5.129508831118658e-07,2.6209068122168793e-06,3.777637645293934e-06,6.432211742805994e-07,8.576628968873417e-06,-7.232200039757085e-08,-4.845646845856407e-07,-4.7405204378767466e-07,7.92479942497496e-06,1.7734403184256696e-06,1.8223929232444924e-06,1.112896313500068e-05,1.0124577819417696e-07,-4.941892640579369e-07,-1.0191290204366973e-05,-9.980041650085289e-08,-5.004421469172458e-07,-6.910468112909758e-07,2.390891746250561e-06,5.371579874940191e-07,-4.507087754377134e-07,8.188883979106921e-06,1.7973403303809915e-06,1.1380451094116592e-05,5.482844365035441e-07,-1.4947998410759386e-06,-8.024690338627476e-06,1.359120753779201e-07,-3.210986197279921e-06,-5.390505674452544e-07,-5.201032973430526e-07,-5.35384088199876e-07,-3.405793001969226e-06,-5.718346092721224e-07,4.840059817192136e-07,3.658268027889756e-07,4.399039120812293e-08,2.0335263136339933e-06,-4.392879716489375e-08,-4.930393774615771e-07,-5.387938634106739e-07,2.0601780692351407e-06,5.280984691671497e-07,-2.947158223113181e-07,1.7090801521404976e-06,-3.0786352998262813e-08,-4.897680433416524e-07,-4.430568842902726e-06,-5.49493761813691e-07,-5.213981654432799e-07,-4.159971432377299e-07,-4.066126615742414e-07,-2.7295530087964263e-08,-3.510074481310934e-07,1.956779935674558e-06,-2.608998334315548e-07,1.9475313246740876e-06,-3.9800107276755466e-08,-1.609650923510166e-07,-4.408667728318894e-06,4.319057905683281e-06,movement,movement,no movement,no movement
2183.333333333336,0.0263952553615088,0.3123790889056494,-0.2665758847333333,0.0382963834409233,0.3293317577353076,-0.2604341134666666,0.0401900361371924,0.3299852726815159,-0.2498998482666666,0.0391166643970637,0.3298593131859832,-0.2535854259333333,0.0199296386242268,0.3389342990771078,-0.2786843641333333,0.0214292041077565,0.3378263716607376,-0.2914912288666666,0.0251689801297901,0.3285624596719845,-0.2712849676666666,0.0682147139547788,0.3362636429274797,-0.1507277930766666,-0.041536704965433,0.3028451529681938,-0.1776899309,0.0472433422103305,0.311613194134921,-0.2134770781999999,0.0186169092131337,0.2841900900292479,-0.2491860185333333,0.1249683991588704,0.2294703332818705,-0.0041511448566666,-0.1104313406685163,0.2656495693223963,-0.017399954549,0.1573547040177185,0.0683521861689933,0.0117319740496666,-0.1419213525260157,0.029401563151627,-0.1193140606,0.1682408046789682,-0.0610480142884143,-0.0419784947369999,-0.0706660423182484,0.054965147228373,-0.2693738594666666,0.1593448987229848,-0.0854782603841575,-0.0484496837033333,-0.0261283692408459,0.0725231925804567,-0.3338585474666667,0.1434445762270176,-0.0828905591214595,-0.0667904869263333,-0.0042667481797671,0.1305092195996248,-0.3355638484,0.1653469032836425,-0.0809854752704234,-0.0498832350723333,-0.0567386626274095,0.0790658388306681,-0.284482688,0.0743977603701055,-0.1646848327171858,0.0463035525666666,-0.0722133604978939,-0.1654156724800044,-0.0435319057866666,0.0798621607058101,-0.498207559087499,0.0530203880033333,-0.0503745136938719,-0.4462119847881287,-0.0622706778433333,0.0745859365127518,-0.7743127772920503,0.2177637591666667,-0.1035055369756194,-0.7742538926416008,0.0885666186899999,0.0581057559501496,-0.8038699768704674,0.2390750596666667,-0.106569945022862,-0.8030818121738893,0.0622441753566666,0.1047368083437129,-0.8280158070876626,0.2031621982333334,-0.0933746698661804,-0.8278735578140924,-0.0185852890436666,nijmegen_nijmegen_rennen_g_ch1_g11_compr.mp4,ch1g11,1.6256626010136115e-05,0.0002856865008437,5.890114721050773e-05,0.0001747484196406,4.390428547087211e-05,0.000281891505443,5.859375769161055e-05,3.481224945087838e-05,4.467377876807868e-05,9.01218776817035e-05,0.0001030193723275,0.0001224396019004,6.247049074196077e-05,5.856030161280819e-05,8.283392779208879e-05,0.0001728459218575,4.7820755585239056e-05,0.0001218786772828,0.0001189499380136,6.224312665488393e-05,0.0003135181695142,6.649907616591693e-05,6.276916361075703e-05,4.564201032452079e-05,4.4285100288752374e-05,7.061318877817831e-06,4.936674813621544e-05,0.0001041825672125,3.9848235708357e-05,0.0001146774204505,7.651001005799e-06,2.8270024234705387e-05,0.0003337998069247,0.0003603737696277,0.0001269261906031,-0.0003230302591655,-0.0002203217512724,-0.0002008816630099,-0.0002073397463819,-0.0002304042765025,-0.0002264800371225,-0.0002247662963176,8.52283669401254e-05,5.278420890176586e-05,-0.0002558637124909,-0.0002928541382295,0.0002307082444911,-0.0001113808716165,0.0002656893766301,0.0001245323007076,0.0010423193589428,0.0029348766447348,0.0014899463203524,0.0039834186755259,0.0015858362870063,0.0041820202001925,0.0011858989284021,0.0032517805462757,6.180576316774506e-05,-5.102305723188503e-05,-0.0004334637397869,-0.0005133374371267,-0.0004997158462268,-0.0005121196181722,-0.0005166432863794,-0.0005437417771562,-0.0006293720100393,-0.0005263074803581,-1.0315435712621842e-06,-6.996850948079111e-06,-1.079666934373612e-06,2.9264820642562508e-06,1.3326345565705484e-06,-8.822094360169234e-06,-1.1181800158913726e-06,3.1627344873092984e-06,4.142554019591741e-06,7.207707081616201e-07,1.0547609307296393e-05,-5.8345862385078245e-08,-1.0119829951527129e-06,-1.050573367145143e-06,1.0101726239440542e-05,2.335980209667242e-06,1.2719116588986448e-06,1.2735741252135972e-05,1.335798842446081e-07,-1.0247886949431595e-06,-1.4468273117869008e-05,-7.433773963601087e-07,-1.058803746279659e-06,-1.1304013216851694e-06,1.6887313141929906e-06,4.697289621890001e-07,-8.311915492181944e-07,1.0100374794880784e-05,1.4622673153555985e-06,1.316640451046282e-05,4.71150593437424e-07,-1.637595778728874e-06,-1.238646178255228e-05,3.523859334437501e-07,-2.779088291232801e-06,-5.674348434339762e-07,-8.634856804892305e-07,-7.822698110789328e-07,-2.8337995495372406e-06,-6.069920097598978e-07,4.561536067598279e-07,4.307596509977701e-07,-6.229400087340729e-08,2.04085437404687e-06,9.209849016491607e-08,-5.581703326354899e-07,-5.635264685371424e-07,1.959200440760461e-06,6.531896132474211e-07,-4.4545748586690307e-07,1.576341651247823e-06,7.82367318820671e-08,-5.471044927490545e-07,-3.4652590853184266e-06,-6.041889917057434e-07,-5.825439106194022e-07,-5.038508984202603e-07,-6.441676728230905e-07,-4.58917960978292e-08,-4.923898528087666e-07,1.9580463290523673e-06,-6.289190191396897e-07,1.8381111866751085e-06,-5.61445776275203e-08,-1.420335600170668e-07,-3.6889007918599823e-06,4.017630028346143e-06,movement,movement,no movement,no movement
2200.0000000000023,0.0274291458337712,0.3120869541047578,-0.2640723083333333,0.0392165666576314,0.3291315443948645,-0.2579022924333333,0.0411155747288638,0.3298034314375151,-0.2473774298666666,0.0400454161744969,0.3296698505185365,-0.2510310634333333,0.0209141517161776,0.3387216066565414,-0.2763555619999999,0.0224082924280311,0.3376186998368828,-0.2891655212,0.0261447809084133,0.3283599598962224,-0.2689641589999999,0.0684712724423859,0.3363640878639742,-0.1480314103233333,-0.0411004995886927,0.3029080240708593,-0.1759244611999999,0.047939411440312,0.3113863979287705,-0.2109053826333332,0.0193591328179044,0.2839296400227076,-0.2468736280333333,0.1242192007706077,0.229706131980151,-0.0011439130199999,-0.1097994496323471,0.265572205974058,-0.0166923614646666,0.1559310524193493,0.0686269883756277,0.0148136664629999,-0.1389996631715357,0.0295672528680666,-0.11955459215,0.1667260394713173,-0.059755737428576,-0.0391336684803333,-0.0668917327411544,0.0578727194306627,-0.2680864205,0.1577951954713042,-0.0836750356952163,-0.0454127301333333,-0.0222180774091132,0.0764350455461816,-0.3323947378333333,0.1422232766813183,-0.0809155561993352,-0.0635927237163333,-0.0010790560626447,0.1346004796233225,-0.3336747497,0.1639772350994907,-0.0795084127296965,-0.0469837416723333,-0.053309955678803,0.0822661440170941,-0.282869428,0.0742829443628516,-0.1646247699898514,0.0466966003266666,-0.0721042286758307,-0.1654651889530269,-0.0439245318333333,0.0803195842083851,-0.4986333538194775,0.0530412316233333,-0.0489717440042425,-0.4467277347085958,-0.06284618714,0.0751882136119379,-0.7747910858572212,0.2173800135333333,-0.1016042622069059,-0.7747406983638601,0.0879047394699999,0.0586831588473941,-0.8043678443707204,0.2386676142333333,-0.1046160529291788,-0.8035975086003145,0.06156216324,0.1053142571375748,-0.8285969721570702,0.2029255196333333,-0.0905332951183145,-0.8283593973019479,-0.0193054736503333,nijmegen_nijmegen_rennen_g_ch1_g11_compr.mp4,ch1g11,1.4873437934034524e-05,0.0002767123447065,5.738714474357587e-05,0.0001762549019008,4.558040141615722e-05,0.0002711217912224,5.70230141934692e-05,3.861367557913239e-05,4.9108603710785435e-05,9.055165534592052e-05,0.0001149140891096,0.0001219521143188,6.10776706187648e-05,5.707220350458924e-05,9.604555114287948e-05,0.0001759448743471,4.9627373799466014e-05,0.0001355766104174,0.0001186850321101,6.085222962412387e-05,0.0002972238847796,6.535836896794228e-05,6.132106978561087e-05,4.4269729967380954e-05,4.639340490488605e-05,7.570937134399445e-06,4.829697548955724e-05,0.0001160994665029,4.139636501235848e-05,0.0001281832083255,8.141400324332666e-06,2.6622809669051484e-05,0.0003194867883515,0.0003610254093186,0.0001274303137626,-0.0002880176892267,-0.0001801262906512,-0.0001611189257832,-0.0001674325020898,-0.0001934423357479,-0.0001915329762468,-0.000190240082122,0.0001267557796838,7.776671854555749e-05,-0.0002158641592403,-0.0002615149599543,0.0002580343967713,-8.819332760531679e-05,0.000314583404143,7.306937984133086e-05,0.0012032360531487,0.0025867512056926,0.0016924948004446,0.0035608121676113,0.0018104983290797,0.0037532950277191,0.0013720107586941,0.0028982079004826,6.015986441764528e-05,-4.900393773331229e-05,-0.0004488573156612,-0.0005131263134759,-0.0005291229985821,-0.0005120069381241,-0.0005441312248043,-0.0005445069941542,-0.0006683127672137,-0.0005447684338873,-5.907028352528449e-07,-9.393220569179616e-06,-1.625035560899875e-06,2.2384400218382423e-06,1.7001144485197474e-07,-1.1242562610203198e-05,-1.705191607343791e-06,3.49657339793252e-06,4.569680821058786e-06,6.393574842441891e-07,1.2315071080483094e-05,8.325805268359792e-08,-1.5574119329208408e-06,-1.5948962567276387e-06,1.2112065509106246e-05,3.102250236231335e-06,5.860616132797417e-07,1.3993853787473156e-05,2.6899196665573036e-07,-1.5547812958268578e-06,-1.7441336357859457e-05,-1.3767756031667975e-06,-1.6311961794574748e-06,-1.63693609077002e-06,6.774901795622537e-07,3.969846804837381e-07,-1.331989795360717e-06,1.1850052744389477e-05,7.825227841444555e-07,1.4550783946450636e-05,3.928902503369296e-07,-1.7800175875834334e-06,-1.5635660382120426e-05,5.523819487183948e-07,-2.197873659841227e-06,-5.839336653166669e-07,-1.4633003168928607e-06,-8.229107567898455e-07,-2.0613189303240417e-06,-6.234526003402235e-07,4.532841154974522e-07,4.367560224706949e-07,-2.0730378063978784e-07,1.954499569031823e-06,2.09276129070948e-07,-6.201044436754758e-07,-5.745295049063033e-07,1.5304463693038366e-06,6.426214515792415e-07,-4.08776383392907e-07,1.3915400961115162e-06,1.566460917685521e-07,-6.003618467351692e-07,-2.166197926697056e-06,-6.374610937191078e-07,-6.365991323463243e-07,-5.744579462219666e-07,-7.051728699056336e-07,-5.2508206946063337e-08,-6.260985922291391e-07,1.8284831830301989e-06,-9.864422977058796e-07,1.732176875532211e-06,-5.908095401875298e-08,-1.050536917169071e-07,-2.644933898961242e-06,3.557739912076508e-06,movement,movement,no movement,no movement
2216.666666666669,0.0284625568812187,0.3118351256696875,-0.2614445759666666,0.040136279706728,0.3289806168798324,-0.2552404870999999,0.0420396418118469,0.3296707624580065,-0.2447265112999999,0.0409730756626973,0.3295309345838139,-0.2483503797999999,0.021898643614601,0.3385577984280098,-0.2738938992333333,0.0233875866907007,0.3374560306972759,-0.2867027868999999,0.0271207957571012,0.3281998702078266,-0.2665137087333333,0.0687006783265047,0.3365051437260696,-0.14525359894,-0.0406731484756,0.3029938928061381,-0.1741550918333333,0.0486359241903053,0.3111996365033064,-0.2082267712666665,0.020104450804163,0.2836988372315811,-0.2444499049666667,0.1234382503407082,0.2299650740180991,0.0019386641833333,-0.10912293492702,0.2654999373187217,-0.0160680004736666,0.1543824734539055,0.0689855062168805,0.0177918885063333,-0.1360718758553137,0.0296075069826093,-0.1197793773966666,0.1650833624979699,-0.0584204122259253,-0.0363885976103333,-0.0630447542227791,0.0602006319085265,-0.2664724871666667,0.1561395003348725,-0.0818583397400955,-0.0424212181186666,-0.0182065774546204,0.0796909631052968,-0.3305407184666667,0.1409354624176166,-0.0789553793014012,-0.0604082061163333,0.0022269675150653,0.1380610130245235,-0.3313987165333333,0.1625085841032913,-0.0779869172425026,-0.0441775889433333,-0.0497996943804125,0.084907926005112,-0.276938796,0.0741606661770376,-0.1645651513169169,0.0471165306966666,-0.0719873499002146,-0.1655134190970255,-0.0443482921733333,0.0808372036862358,-0.4990818005026439,0.0529619980533333,-0.0475497304945106,-0.4472350220207854,-0.06351889286,0.075813012641688,-0.7753267807425671,0.2164513920333333,-0.0996620940408527,-0.7752769891126262,0.0869038935433333,0.0592767130595492,-0.804918255364776,0.2376497650666666,-0.1026215530029938,-0.8041697122992378,0.06050229257,0.1058928849544784,-0.8292576701351813,0.2022006670333333,-0.0875804156996144,-0.8289232783277048,-0.0203963362203333,nijmegen_nijmegen_rennen_g_ch1_g11_compr.mp4,ch1g11,1.3968944384493428e-05,0.0002669373155636,5.531071322048947e-05,0.0001777438260128,4.5736280940992106e-05,0.0002593148864443,5.4825919259227805e-05,4.2627871736509947e-05,5.3880363846908446e-05,9.109091822781445e-05,0.0001274723764156,0.0001222367887176,5.912752066778741e-05,5.5011369301533905e-05,0.0001102681505308,0.0001797562179675,4.931259861827179e-05,0.0001494209911903,0.0001192002024389,5.891710467554313e-05,0.000279055134572,6.372423351426138e-05,5.929892697289006e-05,4.219754144608288e-05,4.7122685599840464e-05,7.942581597234868e-06,4.6591588319333315e-05,0.0001282143682099,4.13887889638575e-05,0.0001427895430905,8.484150660172858e-06,2.4349058987076617e-05,0.0003031986934351,0.0003625553576531,0.0001281765803867,-0.0002582916931406,-0.0001453752329228,-0.0001271135825774,-0.0001330779298103,-0.0001625901824785,-0.0001630002112642,-0.0001621385812942,0.0001627505810648,9.538142378429756e-05,-0.0001809703977262,-0.0002345099659226,0.0002642292092987,-7.127357765008531e-05,0.0002989588794714,-2.600533940728612e-06,0.0013288801584726,0.0021552323368439,0.0018688855366811,0.0030346326316201,0.0020252538512415,0.0032199160111924,0.0015320991773723,0.0024555073756733,5.688849568804848e-05,-4.537450933660317e-05,-0.0004616396111996,-0.0005095128511815,-0.0005440769880877,-0.0005115091391175,-0.0005539959231695,-0.0005441155395376,-0.0006906261208658,-0.0005608240126452,8.966680660736569e-08,-1.103441678867799e-05,-2.12776414162486e-06,7.525111132877597e-07,-9.379343815155956e-07,-1.2649126259726956e-05,-2.2501792813465324e-06,3.7033811288484137e-06,5.140169560687269e-06,3.2952693397129676e-07,1.427117467552878e-05,2.27245792187328e-07,-2.128351600256985e-06,-2.085535993939254e-06,1.3777757580629531e-05,3.695230785597233e-06,2.8354541763829266e-08,1.5401512546550955e-05,3.615578734024211e-07,-2.099611497934207e-06,-1.8662679203885563e-05,-1.9604626103421236e-06,-2.2172958465116523e-06,-2.175557159661877e-06,-3.0963096692803525e-07,3.400223488202347e-07,-1.9511498817695687e-06,1.3685841503909447e-05,-2.948936055215746e-07,1.6267311029989557e-05,3.304107287907181e-07,-1.89321976709332e-06,-1.7499954338957157e-05,6.990258611500814e-07,-1.53675042170082e-06,-5.983237241496542e-07,-2.278579067320121e-06,-5.942010111874674e-07,-1.175125853697038e-06,-6.2979202055962e-07,4.937584946279173e-07,3.879085633654547e-07,-3.894002989813122e-07,1.8323570820777824e-06,2.7425156323672217e-07,-6.817165045365562e-07,-5.83369814351206e-07,8.788352760443652e-07,4.989111043154863e-07,-1.5378553785127278e-07,1.2342653460463234e-06,1.7795267252668745e-07,-6.544205848167744e-07,-6.423626582884401e-07,-6.64071819585673e-07,-6.871970828906632e-07,-6.117669954185764e-07,-5.29504931194669e-07,-4.311066941039223e-08,-7.306654785902473e-07,1.650896715516635e-06,-1.2479265149822008e-06,1.6552846712361372e-06,-4.6449532534205534e-08,-2.537750894116158e-08,-1.3746481214924149e-06,3.3243549498136732e-06,movement,movement,no movement,no movement
2233.3333333333353,0.0294943132394774,0.3116338637410812,-0.2590964827999999,0.0410407399005483,0.3288900534555274,-0.2528735474333333,0.0429499577970928,0.329597565403495,-0.2423666998333332,0.041886988065904,0.3294513951022749,-0.2459644854333333,0.0228750085932535,0.3384403097706069,-0.2718058273333332,0.0243607005218773,0.3373374276405061,-0.2846238215999999,0.0280905687514268,0.3280845758003469,-0.2644326508,0.0688448144401492,0.3366851561476954,-0.1428426702733333,-0.0402744406132336,0.3030925418672849,-0.1729625672999999,0.0493204503174312,0.3110665757496745,-0.2057933182333332,0.0208476612190732,0.2835020774189737,-0.2423611366666666,0.1225502508214047,0.2302651824966973,0.0047602585366666,-0.1084304073864797,0.2654270233656156,-0.0160304830736666,0.1526815879760169,0.0693856028751549,0.0202800453896666,-0.1331615717562215,0.029431335306145,-0.1201411343666666,0.1634237083605756,-0.0569858470145253,-0.034398709087,-0.0592179361845425,0.0619875639196499,-0.2648186122666667,0.1544976163823871,-0.0799170744441044,-0.0402330896986666,-0.0142190493291125,0.0823395730816444,-0.3286246655666667,0.1396791408723444,-0.0768608218907914,-0.058038466743,0.0055367747536911,0.1409296965497581,-0.3290785262666666,0.1610382903125256,-0.0763559146188276,-0.0421516261366666,-0.0462976478364135,0.0870112069213727,-0.278618604,0.0740299239579114,-0.1645055649809512,0.0475829468533333,-0.0718616153171631,-0.1655608925651242,-0.04482474426,0.0813987925185387,-0.4995332513305549,0.0528346590633333,-0.0461290598923543,-0.4477426122081203,-0.0643085381766666,0.0764299077099727,-0.7759021268367116,0.2151884182999999,-0.0977492712755592,-0.7758205984096932,0.0856525321466666,0.0598594816190726,-0.8055122978612651,0.2362609649,-0.1006610361707229,-0.8047490554781261,0.0591826560433333,0.1064623884332466,-0.8299716852408539,0.2010944431,-0.084631713593906,-0.8295386460292482,-0.0217308624233333,nijmegen_nijmegen_rennen_g_ch1_g11_compr.mp4,ch1g11,1.3815530141625476e-05,0.0002559310272924,5.26756869978252e-05,0.0001776083735505,4.548391922234296e-05,0.000246690577465,5.204962076441964e-05,4.6831646805822775e-05,5.861851326177229e-05,9.14198249410021e-05,0.0001413190363167,0.0001227651208297,5.6495661583025946e-05,5.241795673245522e-05,0.000122827367524,0.0001836292841714,4.888995594789378e-05,0.0001641013877621,0.000119844941795,5.631776374429393e-05,0.0002599632311021,6.136146399078642e-05,5.6562530239329174e-05,3.9387129409484526e-05,4.74476536039632e-05,8.180871471028746e-06,4.405371240162624e-05,0.0001410756116465,4.0015083852666376e-05,0.0001591644139844,8.70971407713219e-06,2.2032087170233974e-05,0.0002852498637108,0.0003633652645762,0.0001288956551105,-0.000225065676021,-0.0001092151915419,-9.195202278947012e-05,-9.75095674815857e-05,-0.0001308079622066,-0.0001327347789306,-0.0001316997306334,0.0001960814284775,0.0001185598517731,-0.0001449344826398,-0.0002028187268289,0.0002610362134078,-4.8408919288140146e-05,0.0002710463798386,-7.393654977640812e-05,0.0014937726713108,0.0017024691566323,0.00209158564989,0.0024680980258649,0.0022982918571415,0.0026486624073662,0.0017361020439198,0.0019828084725195,5.485231239373228e-05,-4.2957502986687195e-05,-0.0004630248888149,-0.0005097458338148,-0.0005173381486331,-0.0004952091375228,-0.0005200079900797,-0.0005243673804263,-0.000658225323588,-0.0005638166402002,9.316619646228944e-07,-1.1857733074236458e-05,-2.622639791344937e-06,-1.6782783598340086e-06,-1.6748282284468806e-06,-1.2985145599652452e-05,-2.776593780121164e-06,4.007776764837541e-06,5.614122422002838e-06,-1.9153837831823425e-07,1.6225887632091826e-05,4.664281880039714e-07,-2.7479555588216865e-06,-2.560121671704019e-06,1.4621188847856862e-05,4.2229452763745946e-06,-1.9471594179605555e-07,1.68104192278675e-05,4.895179114247538e-07,-2.6828781971176272e-06,-1.8107607076808228e-05,-2.5135777032549244e-06,-2.837700063905864e-06,-2.738581930189395e-06,-9.740293094379165e-07,3.033095245823091e-07,-2.6742439397877656e-06,1.543658775967275e-05,-1.684003492731152e-06,1.8132656562501946e-05,2.909262660570489e-07,-1.9258180099867432e-06,-1.7852208961668547e-05,7.672866277347923e-07,-7.931314945399407e-07,-6.01990688870808e-07,-3.1367592700212923e-06,-1.2587054834836345e-07,-2.1472649263400707e-07,-6.184328012529353e-07,5.771657713203978e-07,2.9453018002109805e-07,-5.709125263730346e-07,1.6128174837496585e-06,3.013310486024642e-07,-7.216767414109484e-07,-5.839078829845668e-07,1.3411638153034378e-07,2.553772635425725e-07,2.3631246190086153e-07,1.047566533892118e-06,1.6651241957202582e-07,-6.906956393026993e-07,9.973909732757015e-07,-6.729748355827698e-07,-7.138244115301856e-07,-5.961931916914346e-07,-1.4286519125538544e-07,-1.9594029775936247e-08,-7.713523399997125e-07,1.374362412369008e-06,-1.3587114532467445e-06,1.5314875386329318e-06,-2.2012501944856547e-08,9.027467272905844e-08,5.336709022742166e-08,3.5178367685302316e-06,movement,movement,no movement,no movement
2250.000000000002,0.0304928142354407,0.3114469623805062,-0.2563772002,0.041890462579864,0.3288298177560237,-0.2501229798333333,0.0438081682741103,0.3295539141549384,-0.2396209070666666,0.0427483533933895,0.3294020055475811,-0.2432021116666666,0.0238027725558422,0.3383490764142085,-0.2693452308999999,0.0252872198827556,0.3372431721883424,-0.2821718424666666,0.0290155337831306,0.327990359674727,-0.2619821821666666,0.0688846734886276,0.3369174423559412,-0.1401216929066667,-0.0399509818500774,0.3032227861333811,-0.1714741951,0.0499503648965075,0.31096490116826,-0.2030201659333332,0.0215496705798991,0.2833261901142948,-0.2399286477666667,0.1214865236786558,0.2305730144710069,0.0077730041133333,-0.1077444775917153,0.2653775136495506,-0.0159415459903333,0.1505079534193114,0.0697993415635264,0.0228238571363333,-0.1302735825709987,0.0293011498917798,-0.1203414318,0.1615445536708759,-0.055308853406252,-0.0323285709369999,-0.0554322803538291,0.0634078303145298,-0.2623990228333333,0.15268975323254,-0.0776641423552407,-0.0379727411253333,-0.0102896043133618,0.0844474338556324,-0.3258370427666666,0.1383039170958293,-0.0744237555525344,-0.0555871719596666,0.0088603248602015,0.1431776419803862,-0.3259327739333333,0.1593850244186869,-0.0744504690574855,-0.0400461365133333,-0.0428157602174425,0.0886875856933777,-0.278378129,0.0738876738613556,-0.1644487110562918,0.0480833391466666,-0.0717234469292243,-0.1656054872275592,-0.0453394630233333,0.0820398572443418,-0.499979901282248,0.0526775948666666,-0.0447328528887767,-0.4482396081172748,-0.0650582610433333,0.0770091534092948,-0.7763902363001809,0.2137984106666666,-0.0958822431852631,-0.7763244363089732,0.08444264913,0.0603927355273813,-0.8060072139375408,0.2347297439333333,-0.0987533827719157,-0.8052871552755274,0.0579054131933333,0.1070101426210001,-0.8306299517946326,0.1999206289333333,-0.0817186867447468,-0.8301301683405116,-0.0229355395066666,nijmegen_nijmegen_rennen_g_ch1_g11_compr.mp4,ch1g11,1.530258758023645e-05,0.0002447968863915,4.9386775460317614e-05,0.0001765649934336,4.243666603199419e-05,0.0002343923405763,4.8608956190990366e-05,5.136408855534109e-05,6.40042596849968e-05,9.14088000819157e-05,0.000157453837769,0.0001239870359099,5.295975366162028e-05,4.919175935343633e-05,0.0001367593912452,0.0001887059266162,4.6182460989035864e-05,0.0001804204801788,0.0001210204664196,5.284556332361148e-05,0.0002422729984977,5.8021144505201105e-05,5.2949662582779425e-05,3.607436285723495e-05,4.5312941791548545e-05,8.352766599265623e-06,4.06428770449792e-05,0.0001562327421094,3.794838621923516e-05,0.0001770850581977,8.878457827616962e-06,2.0154487199760272e-05,0.0002676570008736,0.0003663502603984,0.0001292254463572,-0.0001862371725506,-6.919389486254118e-05,-5.286983911423099e-05,-5.810041882338717e-05,-9.462628604147044e-05,-9.79004292833331e-05,-9.661347946457872e-05,0.0002329588832346,0.00014978541549,-0.0001041403648529,-0.0001642630643034,0.0002626802260076,-1.581204812647281e-05,0.0002689623053831,-0.0001396926370003,0.0016916331545881,0.0011869581831077,0.0023311194742887,0.0018076801575863,0.0025751625497791,0.0019732567611014,0.0019642326856219,0.0014357762291264,5.375495114825462e-05,-4.134879549971506e-05,-0.00044526714412,-0.0005063291750707,-0.0004737139905359,-0.0004677952905459,-0.0004728755140385,-0.000492261297249,-0.0006077293351774,-0.0005636357524403,1.7847311558722852e-06,-1.2052228916678328e-05,-3.151638036786256e-06,-5.041104171975368e-06,-1.557548842215778e-06,-1.2450080548520668e-05,-3.3187531319740373e-06,4.5452934936420115e-06,5.802228824794028e-06,-8.470902944746693e-07,1.7667237732615527e-05,8.570602783634518e-07,-3.430227750822489e-06,-3.0661286706019658e-06,1.4136499095773908e-05,4.507815015636693e-06,1.778443348050536e-07,1.7732180199773318e-05,7.19832565549417e-07,-3.328462903129802e-06,-1.5993061187932976e-05,-3.1039271196248904e-06,-3.5055359441117314e-06,-3.300196894424494e-06,-8.989027720705018e-07,2.929047997601543e-07,-3.4548373166183796e-06,1.6596445050501015e-05,-3.183558515023046e-06,1.964710805974401e-05,2.802273761078185e-07,-1.7819408319767925e-06,-1.6829708402670496e-05,7.25325934935244e-07,1.4489976760185033e-08,-5.812802062068825e-07,-3.877081430823731e-06,5.857205805692045e-07,7.69277816250665e-07,-5.770549897157626e-07,6.701031663547683e-07,1.419246627716144e-07,-7.291060124186318e-07,1.2845040978620471e-06,2.755525092634921e-07,-7.168113986679452e-07,-5.639784485801582e-07,-7.293555863715981e-07,-9.77852691159992e-08,7.426581644321836e-07,8.315083366612117e-07,1.1371782062343963e-07,-6.877087121253042e-07,2.586772995097176e-06,-6.535065793711296e-07,-6.963691494181819e-07,-5.20462067420489e-07,4.565967463923343e-07,1.1016875790169e-08,-7.253515915527831e-07,9.764835172535353e-07,-1.288684518693996e-06,1.383636879503458e-06,6.949831320396047e-09,2.295388315112204e-07,1.5131304159089748e-06,4.064166582646927e-06,movement,movement,no movement,no movement
2266.6666666666683,0.0314142755952035,0.311258684894682,-0.2537250041333333,0.0426647867301495,0.3287682240479934,-0.2474449804,0.0445938760200046,0.3295079698982279,-0.2369453161666666,0.0435370291610513,0.3293521366177829,-0.2405100867333333,0.024645114743408,0.3382648145438376,-0.2669436891666665,0.0261313846581688,0.3371532589776254,-0.2797850936666666,0.0298572419392633,0.3278997765042994,-0.2595918729666666,0.068895741858789,0.3371743891241267,-0.1374430783066667,-0.039688242119039,0.3033925361497743,-0.1699811975666667,0.0505134896347143,0.3108710622902449,-0.2002948756999999,0.0221809888956561,0.2831693185468106,-0.2375351934666667,0.1203911850645709,0.2308702999168512,0.0107187268766666,-0.1071372134228008,0.2653703284359085,-0.0158393058336666,0.1479132482317103,0.0701154789504056,0.024807880813,-0.1274863189933838,0.0291655430206015,-0.1204448458333333,0.1594274475964898,-0.0535069678082232,-0.0313934844536666,-0.0516836841587933,0.0644317733004588,-0.2597413252333334,0.1507178394601477,-0.0751889252014464,-0.0370033531619999,-0.0063457608612109,0.0860271607142061,-0.3228444197666666,0.1368371476151551,-0.0716980116225618,-0.0544061968063333,0.0123044930448906,0.1449305742335249,-0.3226192911333334,0.1575456979072333,-0.0723659645775049,-0.03909057757,-0.039315368811684,0.0899558455511778,-0.276381105,0.0737429266314465,-0.1643931474355369,0.0486056578766666,-0.0715833460227681,-0.1656485469454364,-0.0458784318166666,0.0828000304006204,-0.5004113520218382,0.0524409420766666,-0.0433237352901544,-0.4487226747247666,-0.0658168419066666,0.0776547203063308,-0.7767949115734197,0.2123162616999999,-0.0939264632158701,-0.7767496845290298,0.0832323624133333,0.0609787330060458,-0.8064010760129972,0.2331143448,-0.0967525640864337,-0.805732013466799,0.0566182332566666,0.1075767390838544,-0.8311698261194755,0.1986304864,-0.0786363410378571,-0.8306776393992426,-0.0241436753036666,nijmegen_nijmegen_rennen_g_ch1_g11_compr.mp4,ch1g11,1.813351622767201e-05,0.0002338544430621,4.567840794087703e-05,0.0001720957153912,3.922013231272338e-05,0.0002231955979064,4.4776202310475053e-05,5.5626192797824274e-05,7.010181264107594e-05,9.039009250799788e-05,0.0001754338554261,0.0001246529418717,4.8856533797882e-05,4.5535601779514814e-05,0.000150872949937,0.0001925869836098,4.535970303338299e-05,0.0001986364603218,0.0001215904298319,4.8771652719037034e-05,0.0002280679843998,5.38059719670958e-05,4.874776828709962e-05,3.277997196219713e-05,4.275106107295741e-05,8.563005493883439e-06,3.710577432698521e-05,0.0001730927700315,3.464065207764548e-05,0.0001971546961101,9.090010032840548e-06,1.8874071080342993e-05,0.0002520099092194,0.0003701737292891,0.0001288871050555,-0.0001409878682549,-2.3474708537419585e-05,-7.752560459452983e-06,-1.303142961493399e-05,-5.2826345787924456e-05,-5.710290208071972e-05,-5.504933044824679e-05,0.0002752098929128,0.0001837738316681,-5.778801185034231e-05,-0.0001196174024816,0.0002757128897806,1.91929139239928e-05,0.0003039577232609,-0.0001891998862326,0.0019480885234521,0.0006608882325186,0.0026271936581005,0.0011195474766889,0.0029026866404338,0.0012655581453507,0.0022455676428575,0.0008722022591299,5.444223453074767e-05,-4.165288298593623e-05,-0.0004217237594671,-0.000494153336014,-0.000392589343295,-0.0004247862194814,-0.0003871638402932,-0.000443166751797,-0.0005078417315418,-0.0005557275349892,2.5509974768261684e-06,-1.168668767848439e-05,-3.762741786918263e-06,-9.157272899905031e-06,-6.386992203226475e-07,-1.1281136483151494e-05,-3.919517012335626e-06,5.29014819794719e-06,5.83502732195111e-06,-1.6030755470001176e-06,1.886366396622842e-05,1.1210621482693906e-06,-4.200273153992313e-06,-3.6540083893061223e-06,1.2410404672142492e-05,4.223449116871511e-06,1.1363856729852793e-06,1.8517329775362883e-05,8.082811333013966e-07,-4.064022571084423e-06,-1.2773739343752414e-05,-3.7948053705974817e-06,-4.244453955174048e-06,-3.848526950111124e-06,-1.6189884216982145e-07,3.193400481868814e-07,-4.252886194862806e-06,1.737709391947553e-05,-4.52040414295621e-06,2.1141961962291565e-05,3.042487735289692e-07,-1.4852084605666176e-06,-1.46885561021337e-05,5.92600071676699e-07,8.912224000318919e-07,-5.349480853810763e-07,-4.22775406106937e-06,1.358418373791667e-06,1.7473687649922694e-06,-5.07707293903735e-07,7.450784997850408e-07,-6.240379998576259e-08,-8.262447078980549e-07,9.053253562041816e-07,2.2386212109639506e-07,-6.685342208978654e-07,-5.223354557368119e-07,-1.62538355422392e-06,-4.773082380243996e-07,1.1562355749460574e-06,6.181795409402434e-07,4.941406047805173e-08,-6.460103789564081e-07,3.997196397507263e-06,-6.131663144615225e-07,-6.368209498253308e-07,-3.925402586805272e-07,1.1148421274726668e-06,3.7208543449577185e-08,-6.052017428970892e-07,5.25257148677926e-07,-9.962428046141685e-07,1.214116006634027e-06,2.94427223687631e-08,3.821070527425374e-07,2.8983410966790225e-06,4.64606807287474e-06,movement,movement,no movement,no movement
2283.333333333335,0.0322806188788221,0.3110667283885847,-0.2508529647333333,0.0433879975582628,0.3287005200058252,-0.2445230082,0.0453312206643789,0.3294553786823275,-0.2340261389666666,0.0442763593098328,0.3292967075388238,-0.2375779802999999,0.0254334476079101,0.3381755082985569,-0.2642848248333332,0.0269221680220341,0.3370570790655715,-0.2771436780666667,0.0306473311399187,0.3278017701725456,-0.2569469883999999,0.06886764213183,0.3374428925385226,-0.1345114369066666,-0.0394563424984523,0.3035668464710906,-0.1681501796333333,0.0510359295995827,0.3107794157289663,-0.1973474364666666,0.0227685995331326,0.2830178824103188,-0.2348974547333333,0.1192560092138787,0.2311420107367801,0.0138314478233333,-0.1065712103930749,0.2653900437658067,-0.015443834977,0.1451670879623864,0.0703838958408815,0.0266947022263333,-0.1247353218629495,0.0290112467894022,-0.1199986491666667,0.1571867832655717,-0.0515304009103219,-0.0307807636069999,-0.0478024043097038,0.0648596038438897,-0.2562778860666667,0.148652622937687,-0.0725013909442655,-0.0364157365486666,-0.002190967184766,0.0867818850618394,-0.3190298863999999,0.1352843743799091,-0.0687220279670406,-0.0535773904896666,0.016056382539989,0.1458242289043144,-0.3185505832,0.1555950481959569,-0.0700658856267712,-0.0384544740666666,-0.03562353084414,0.0905755239832222,-0.263723612,0.0735974592342026,-0.1643386247823228,0.0491482449166666,-0.071442316921502,-0.1656907143861766,-0.0464404966633333,0.0837745920810399,-0.5008205367848031,0.0520918338233333,-0.0418569818438841,-0.4491803008971274,-0.0666127517933333,0.0783254837559303,-0.7771213642243835,0.2106959069666666,-0.0918848823881504,-0.7770863892012508,0.0818951166866666,0.0615798619468994,-0.8067037886599809,0.2313666829666666,-0.0946660739832929,-0.8060763806288783,0.0552038082666666,0.1082033858812106,-0.8315733458440845,0.1972575068,-0.0753633977613264,-0.8311680336686303,-0.025465018697,nijmegen_nijmegen_rennen_g_ch1_g11_compr.mp4,ch1g11,2.139619832296652e-05,0.0002226714790275,4.207807559330342e-05,0.0001615326630419,3.698951699152142e-05,0.0002130450887294,4.100940897867951e-05,6.017818965917768e-05,7.644558388982159e-05,8.856538003012335e-05,0.0001953791477697,0.0001255420388531,4.478275124148228e-05,4.204902718903891e-05,0.0001633138892375,0.0001961679873784,4.695866762692834e-05,0.0002186237466902,0.0001221574672014,4.485120649060265e-05,0.0002176691813394,4.9810068238602586e-05,4.4596136255575675e-05,2.9008468317919127e-05,4.100500484581911e-05,8.908095354070345e-06,3.283212386928028e-05,0.0001914756547344,2.9864703718679572e-05,0.0002195208402791,9.42300179734819e-06,1.7576738408209427e-05,0.000238582636442,0.0003728401018877,0.0001288559552969,-8.467744622045217e-05,3.240288894341152e-05,4.738458382529879e-05,4.2110012485697455e-05,-4.421209280550027e-07,-5.968783380326176e-06,-2.8888901484888064e-06,0.0003247366515574,0.0002206577157932,-1.0081366713836768e-06,-6.493077777993868e-05,0.0003024008021809,5.601578639791728e-05,0.000377503622816,-0.0002048355421667,0.0022633646534216,0.0001506962978621,0.0029733814843363,0.0004275215524742,0.0032792052576927,0.0005455868069766,0.0025852599489811,0.0003180434764322,5.7212106882617456e-05,-4.421866023406079e-05,-0.000375562170268,-0.0004595251957041,-0.000266594721444,-0.0003659414283175,-0.0002560252472675,-0.0003778230440747,-0.0003562012251928,-0.0005298678940567,3.1586129715604917e-06,-1.0664294205680885e-05,-4.398797029967958e-06,-1.374579295683942e-05,1.1336278786800478e-06,-9.386606057148871e-06,-4.518437751977802e-06,6.03651872657199e-06,5.679117254922294e-06,-2.519467135970037e-06,1.9700764468866707e-05,1.231560698468915e-06,-4.985669196195321e-06,-4.2751878502576055e-06,9.93246410355139e-06,3.2679314043862293e-06,2.614660443433207e-06,1.9121503998602468e-05,7.279466898719535e-07,-4.829716781784503e-06,-8.467786807461732e-06,-4.529227364727373e-06,-4.989740626185593e-06,-4.2931171378351205e-06,1.292943764076048e-06,3.697047177489036e-07,-4.942614363515934e-06,1.773946570593677e-05,-5.475095221708288e-06,2.246964973502964e-05,3.490971447410792e-07,-1.0214067608375176e-06,-1.1427639459962713e-05,4.239437068905558e-07,1.8726794881655412e-06,-4.564170540977959e-07,-3.953574743337268e-06,2.0188649109858666e-06,2.723487859197293e-06,-4.0490356637340627e-07,7.280755062754402e-07,-2.802039932460025e-07,-8.516926200013213e-07,5.147403831906218e-07,1.2170504446337352e-07,-5.706852427954373e-07,-4.5480948333317793e-07,-2.431550417519816e-06,-8.890858256055473e-07,1.3768601836415237e-06,4.4927624393762e-07,-4.0444622690249625e-08,-5.634295025544176e-07,5.156297125287504e-06,-5.690258828169137e-07,-5.32199506892813e-07,-1.8862780962643347e-07,1.670723562550315e-06,5.047997518205126e-08,-3.8054184545423043e-07,8.29027314445213e-08,-4.721011018787371e-07,1.041952618198933e-06,3.838511242670385e-08,5.648127519507834e-07,4.157046947797344e-06,5.0056959568447675e-06,movement,movement,no movement,no movement
2300.000000000002,0.033072310658234,0.3109997486286774,-0.2479270755333332,0.0440362807485218,0.3287459786736166,-0.2415252939,0.0459972529125761,0.329515253897718,-0.2310336360999999,0.0449428442358241,0.3293511785856151,-0.2345683043666666,0.026133959273651,0.3381879379719477,-0.2615442305999998,0.0276254679231656,0.3370640255858719,-0.2744187533666666,0.0313541023818221,0.3278122179703969,-0.2542203033999999,0.0687946930002466,0.3377781238461962,-0.1314001809733333,-0.0393461129328078,0.3038026846892337,-0.1661843454333333,0.0514904906268686,0.3107897552683542,-0.1943281413333333,0.0232697600708114,0.2829717274638588,-0.232188668,0.1180548678083336,0.2313739896787849,0.0171582104133333,-0.1061357394809669,0.26547197175493,-0.014933038567,0.1424006166875392,0.0705917454350754,0.0288122833963333,-0.1220067203155103,0.0288164688523344,-0.1187355313733333,0.1548889244142309,-0.0493051957222868,-0.0300965669403333,-0.0439897210233906,0.0646612682906827,-0.2517503361333333,0.1465191862950207,-0.0694662705811083,-0.0358766050853333,0.0018588609441104,0.086773150868427,-0.3141406748333333,0.1336308512617519,-0.065298914214209,-0.0527734730563333,0.0197301095045447,0.1459257902285966,-0.3134965543666667,0.1535640421212304,-0.0674635864945945,-0.0377540571533333,-0.031974427037882,0.0905084269341073,-0.259198308,0.0734544642779927,-0.1642856600780374,0.0497244575466666,-0.0713041742532334,-0.1657313747898445,-0.0470365099566666,0.0848278957205728,-0.501174999462856,0.0517558029533333,-0.0404349009460204,-0.4496171944414366,-0.0673639965666666,0.079005133261816,-0.7773728881272912,0.2092061454999999,-0.0898940230256287,-0.7774159916763969,0.0808607486099999,0.0621852557243982,-0.8069402524021543,0.2297605464,-0.0926191865438672,-0.8064138078434924,0.0541426551033333,0.108824111216784,-0.8319324044253156,0.1960110838,-0.0720612088806645,-0.8316595793717213,-0.0265624522133333,nijmegen_nijmegen_rennen_g_ch1_g11_compr.mp4,ch1g11,2.5444855211068885e-05,0.0002121797639389,3.8521418898742136e-05,0.0001459436129116,3.842789655266675e-05,0.0002045382381737,3.7304916117295096e-05,6.538691494520655e-05,8.255952989118123e-05,8.514627884612322e-05,0.0002166115526875,0.0001264344880578,4.0505647349870885e-05,3.865330060152515e-05,0.0001725118743997,0.000198782911092,5.102812820558462e-05,0.0002394046769875,0.0001224323160677,4.080641457887325e-05,0.0002117143431937,4.6184176784973207e-05,4.03627935608923e-05,2.5200656793382985e-05,4.2370103847976255e-05,9.349541948671998e-06,2.822653327306061e-05,0.0002106039082982,2.4451437893414942e-05,0.000243640920734,9.840217231502335e-06,1.6980138785277558e-05,0.0002286592306283,0.0003747454380967,0.000129556542551,-1.9500534182073588e-05,9.513710478983507e-05,0.0001092674092361,0.0001040550769045,6.015293385073586e-05,5.2729766847883793e-05,5.706569624308541e-05,0.000374828853254,0.0002561770491294,6.119667483628413e-05,-3.6818711508589782e-06,0.0003524043825016,9.227714105042394e-05,0.0005282703886944,-0.000191583357058,0.0026395774390317,-0.0003361058542674,0.0033673688419085,-0.0002475543228941,0.0037065182684155,-0.0001554729299454,0.0029829769419874,-0.0002147824155586,6.35062659410122e-05,-5.081772727461726e-05,-0.0002916645809951,-0.000402346894829,-7.106194221773918e-05,-0.0002842912224944,-5.102852855114573e-05,-0.0002888478905371,-0.0001463891781225,-0.000483990801971,3.5103172712703472e-06,-8.645715464894862e-06,-4.844787890490709e-06,-1.805997630280641e-05,3.554366772312503e-06,-6.478134503642762e-06,-4.900275806273944e-06,6.784913924239804e-06,5.308145681741912e-06,-3.383950242538349e-06,2.006739466366298e-05,1.346962640742154e-06,-5.513151943510908e-06,-4.7251318668485195e-06,7.073539171544647e-06,2.0520250538749674e-06,4.388251650920302e-06,1.948674362241188e-05,6.731553028978497e-07,-5.359999604420474e-06,-2.9637340036161067e-06,-5.07909622889337e-06,-5.476067898408318e-06,-4.4162444512489935e-06,3.297065436233604e-06,4.441840676016199e-07,-5.222326093627583e-06,1.769135410066431e-05,-5.722241319586173e-06,2.335321427568033e-05,4.108377767894678e-07,-3.154023296918675e-07,-6.90628338112939e-06,2.445030794070287e-07,2.925568226445488e-06,-3.306350840042335e-07,-3.0126815942987815e-06,2.374424150325172e-06,3.6729056479566503e-06,-2.585241390594741e-07,5.520682748560033e-07,-4.867832238230134e-07,-7.72464430004297e-07,1.6351771657146602e-07,-4.7587968221718344e-08,-4.079885582679971e-07,-3.448938860015741e-07,-3.056757211168722e-06,-1.295874724734702e-06,1.359980004397111e-06,3.744019410444682e-07,-1.671379433594735e-07,-4.217064863299996e-07,6.01517389383512e-06,-5.167892594207969e-07,-3.710801567610255e-07,7.138743989456377e-08,1.9577467877819142e-06,4.653819797036739e-08,-7.322209258150021e-08,-2.841678724443186e-07,2.1745815456147193e-07,8.855092658310743e-07,3.084473577060147e-08,7.427246205374136e-07,5.212997800053261e-06,5.201895410710943e-06,movement,movement,no movement,no movement
2316.666666666668,0.0337641017291511,0.3109703032103537,-0.2450535187333333,0.0445723686231368,0.3288223807033693,-0.2385595654666666,0.0465567156977878,0.3296052181445678,-0.2280711312999999,0.0455010786188788,0.3294350605019194,-0.2315890163666666,0.0267241513286658,0.3382259233536396,-0.2588208581333333,0.028219892199202,0.3370959598994115,-0.2717111368666666,0.0319521563597734,0.3278505473764969,-0.2515110606999999,0.0685438316612289,0.338127109971611,-0.1283134136066666,-0.0393452520239471,0.3040491912818474,-0.164319631,0.0518389697408922,0.3108316418763389,-0.1913493698999999,0.0236745945088467,0.2829612336009266,-0.2295037380333333,0.1167160769540038,0.2316613664097388,0.0204515010233333,-0.1057926237812022,0.2655685401270725,-0.0144863153503333,0.1396401339091096,0.0709131453984257,0.030787976703,-0.1195433869942769,0.0285366312463005,-0.1173872422833333,0.1525925758789236,-0.0467267311545437,-0.0299369551369999,-0.0404547492302917,0.0640026155966398,-0.2475269457,0.1443811558204479,-0.0661018022689476,-0.0359673444953333,0.0056168756782172,0.0861540695701829,-0.3095658916666666,0.1319571934778523,-0.0615474021876511,-0.0526110277996666,0.0232018976986381,0.1454073678706311,-0.3087409039333333,0.1515326516737247,-0.0645066146684691,-0.0376044033,-0.0285735682646042,0.0899610040393456,-0.256266207,0.0733090816565155,-0.1642272963720088,0.0503300150333333,-0.0711631389768162,-0.1657769343768107,-0.0476631984066666,0.0859423507356533,-0.5014589004895592,0.0514189199833333,-0.0390843705107705,-0.450014901791235,-0.0683480549733333,0.0796833984402168,-0.7773759584422598,0.2077779029666666,-0.0877969676559185,-0.7777218730651768,0.0791466161299999,0.0627896964076408,-0.8069033369841487,0.2282273142999999,-0.0904460726772307,-0.8067259839095848,0.05234913408,0.1096007451442387,-0.8320139011480703,0.1949856991333333,-0.0686420550401551,-0.8321452427186383,-0.0282992343953333,nijmegen_nijmegen_rennen_g_ch1_g11_compr.mp4,ch1g11,2.927391600299834e-05,0.00020462559529,3.399512721843505e-05,0.0001255172038666,4.436836004395608e-05,0.0001997206744514,3.272348218565489e-05,7.197285744995625e-05,8.781940268730297e-05,8.110432229702971e-05,0.0002384354432113,0.000127958497355,3.519164990925768e-05,3.428817590339792e-05,0.000177318358544,0.0002009907370239,5.739901700710536e-05,0.0002603787790685,0.0001231229179351,3.571221879483158e-05,0.0002122025710105,4.165106214356895e-05,3.514546920230748e-05,2.0880164126320973e-05,4.778578631086582e-05,9.88186990319658e-06,2.293895798654877e-05,0.0002296297584163,1.8043401765461157e-05,0.0002693248732414,1.0328944455446088e-05,1.6942304235508844e-05,0.0002247938467958,0.0003765605249377,0.0001320709441709,3.337363193332501e-05,0.0001434858145035,0.0001560251040917,0.0001511956165588,0.000105056633015,9.60414449911704e-05,0.0001019963087315,0.0004087148711308,0.000267563110636,0.0001090109165871,4.385745172599326e-05,0.0004048550203724,0.0001152076946527,0.0007071320536906,-0.0001753694378225,0.0030426343521828,-0.000835408347067,0.0037804447523267,-0.0009463560584237,0.0041692014463903,-0.0008683996896342,0.0034101471264095,-0.0007593585388376,7.248684858782613e-05,-6.06802225008892e-05,-0.0001725347545997,-0.0003228489850797,0.0001825132203849,-0.0001936041282671,0.0002151000847818,-0.0001919867253431,0.0001099880006896,-0.0004267919574364,3.627581277158629e-06,-5.4744851727483255e-06,-4.998541686134084e-06,-2.1148039069135684e-05,6.35008231764977e-06,-2.507558529359465e-06,-4.968039470776905e-06,7.354503201297753e-06,4.698169388273963e-06,-4.136374000381219e-06,2.0094091955641785e-05,1.1654386018129907e-06,-5.707683042106887e-06,-4.901725831046051e-06,3.996984842770345e-06,4.242343074668336e-07,6.090346215127428e-06,1.9785356071779732e-05,3.887563438948375e-07,-5.5766267263689666e-06,3.4626349232982685e-06,-5.414037965318901e-06,-5.631880632395688e-06,-4.12706949198743e-06,5.622522827182364e-06,5.120782087650443e-07,-5.038642818988194e-06,1.7311685092093245e-05,-5.158224547294453e-06,2.406537396787721e-05,4.594803804078665e-07,5.962317944695463e-07,-1.2728521343026033e-06,1.1423222118403044e-07,3.932330412581037e-06,-1.032327319374826e-07,-1.4447547700161304e-06,2.329471917874048e-06,4.500968627525136e-06,-1.9977301832635817e-08,1.6852248741438548e-07,-6.505255663167299e-07,-6.283896768321351e-07,-1.358474856500107e-07,-3.0141137065423786e-07,-1.349771131971179e-07,-1.3467380379162977e-07,-3.463698941870901e-06,-1.6810509333368348e-06,1.1117937783131906e-06,3.7519652373092147e-07,-3.532076137270906e-07,-1.700552786849255e-07,6.500272896881923e-06,-3.843590703976406e-07,-1.0557540060296035e-07,3.9598260390274786e-07,1.8871556099529575e-06,2.7173947453976336e-08,3.168186710221701e-07,-5.52712824845911e-07,1.0162955252336874e-06,7.172189242563478e-07,9.588975942630304e-09,9.095803836690612e-07,5.945717171273999e-06,5.463811915307925e-06,movement,movement,no movement,no movement
2333.3333333333344,0.0343559059984779,0.3110655004006819,-0.2420495484666666,0.044996315706262,0.3290238697814304,-0.2354179615999999,0.0470057867782125,0.3298183352586677,-0.2249304666999999,0.0459477392942354,0.3296426260004975,-0.2284494291333333,0.0272069963680896,0.3383849578810369,-0.2559989974333332,0.028705450654162,0.3372435441887259,-0.2689032872333333,0.032443795656725,0.3280082551577605,-0.2487007280333333,0.068104914849088,0.3385685755580493,-0.12504944314,-0.0395182860194045,0.3043444441474229,-0.1624347185666667,0.052064613671022,0.3109923998950449,-0.1882426377333333,0.0239632070681568,0.2830544034582075,-0.2267539040666667,0.1151596537239044,0.2320850146138923,0.0237252067899999,-0.1056201085067249,0.2656959909657906,-0.0141218235069999,0.1368051579517143,0.0716783755947498,0.0326949023296666,-0.1175781401205158,0.0283162972142941,-0.1157880836966667,0.1502687930195702,-0.0433853903492503,-0.0296529891736666,-0.0373152869272557,0.0628887445973059,-0.2424333726666666,0.1422124284928538,-0.0620174344706167,-0.035886922432,0.009009046190602,0.0848362650056359,-0.3040821530666665,0.1302350856680667,-0.0570739651314544,-0.0522668310996666,0.0264518313844141,0.1441145054208797,-0.3030824100000001,0.1494721615169376,-0.060796473022727,-0.0373260560666666,-0.0255035029172765,0.0888943884116595,-0.255726486,0.0731558642209048,-0.1641473018158004,0.0509822215966666,-0.0710120073559167,-0.1658464271347691,-0.04833823504,0.0870834564630145,-0.5015601874117769,0.0514659063233333,-0.0377856184443471,-0.4503348795090213,-0.0695235893233333,0.0802791458749443,-0.7769404566543963,0.2070861458666666,-0.0857487670661862,-0.7778529329428042,0.07735415992,0.0632964108834272,-0.80642580710664,0.2274738052999999,-0.0883276589731671,-0.8068481589985442,0.0504899591,0.1103689469249175,-0.8317091062102987,0.1949871773333333,-0.0654091542439178,-0.8325453731248318,-0.0299691535753333,nijmegen_nijmegen_rennen_g_ch1_g11_compr.mp4,ch1g11,3.2685230371147454e-05,0.0002010885585814,2.87026231593426e-05,0.0001024841713944,5.345758071871483e-05,0.0001995202246187,2.7505823587904084e-05,7.977809524450645e-05,9.215109741592155e-05,7.632182782104616e-05,0.0002585393711229,0.0001289710933388,2.9133691139256086e-05,2.9106585551887897e-05,0.00017926142059,0.0002007930594017,6.501412563481479e-05,0.0002797843694058,0.0001232248820086,2.979102402727963e-05,0.0002194914856313,3.6109905389171976e-05,2.9186516180740005e-05,1.6577371634902736e-05,5.590872653686475e-05,1.048035847524074e-05,1.7597170651571536e-05,0.0002467400372289,1.252315166406317e-05,0.0002935117625156,1.0860915657882344e-05,1.7781079196796373e-05,0.0002273014036482,0.0003794139120571,0.0001353150296493,7.167963505121745e-05,0.0001751044878496,0.0001854629125795,0.0001809620200568,0.0001335679559844,0.0001228414943396,0.0001308929159802,0.0004234943650411,0.0002585796213844,0.0001409799843473,7.695037868101946e-05,0.0004531280110563,0.0001245204183738,0.0008934048320158,-0.0001670479593754,0.0034343753728804,-0.001364616104056,0.0041783668879338,-0.0016727149154183,0.0046121537906836,-0.0016127395895296,0.0038226949430587,-0.0013346084503685,8.355145767121053e-05,-7.319797998025806e-05,-3.3444269332287044e-05,-0.0002244863715967,0.0004759301055555,-0.0001011415403554,0.0005240323211755,-9.459306665390603e-05,0.0003953889026122,-0.000360519943823,3.448003163519955e-06,-1.1924554274249043e-06,-4.937930445106777e-06,-2.2080570869723555e-05,9.017154392927403e-06,2.311254108048765e-06,-4.81424952160163e-06,7.593057465130606e-06,3.775636697653813e-06,-4.731602516325144e-06,1.9629050925908423e-05,8.331208190000213e-07,-5.647474380093418e-06,-4.881326724031063e-06,5.701449577923425e-07,-1.1767645121498225e-06,7.477656714359819e-06,1.994846777787187e-05,7.0119587560059825e-09,-5.561813417748915e-06,1.017956351079428e-05,-5.6174295078568655e-06,-5.5452142024160765e-06,-3.508942950035893e-06,7.836904214733347e-06,5.389729432546936e-07,-4.4487474854537e-06,1.6489073242020085e-05,-3.714315226840427e-06,2.4432517147186903e-05,4.6488686170259067e-07,1.4889511246635165e-06,5.024614504559533e-06,5.5743827523243155e-08,4.7862015484742446e-06,2.2461530114953282e-07,5.511607069309176e-07,1.930473576922064e-06,5.1224757835245095e-06,3.063838221087679e-07,-4.089873830303662e-07,-7.742036704858491e-07,-4.274653819661977e-07,-3.1766880843291317e-07,-5.846603286210762e-07,2.3793139817623153e-07,1.789036118899934e-07,-3.706097619719497e-06,-1.9624629533741794e-06,7.075053934746753e-07,4.6645007111049475e-07,-5.548807070732453e-07,1.866440347427806e-07,6.571011964735168e-06,-1.4654786713467646e-07,2.564126849015797e-07,7.461287446732228e-07,1.5088858970497594e-06,-5.614721225367334e-09,7.393887996008438e-07,-6.692143039812828e-07,1.7720793291442828e-06,6.106738649888322e-07,-2.2339543872444736e-08,1.0320745856592731e-06,6.30962826321638e-06,6.115105129024809e-06,movement,movement,no movement,no movement
2350.000000000001,0.0349141281389366,0.311189472027796,-0.2407813305333333,0.0453928077139614,0.3292421161373428,-0.2339814181333332,0.0474251001974971,0.3300463183034581,-0.2234914695333332,0.0463620492945543,0.3298651489247377,-0.2270151327333333,0.0276458523759807,0.3385571068994574,-0.2548924560999999,0.0291491426421826,0.3374061244293547,-0.2678291231,0.032894037626998,0.3281815895787391,-0.2475962579666666,0.0676630223045258,0.3390089189019055,-0.1232998635066666,-0.039716440921824,0.3046038149938309,-0.1620029852666666,0.052272975855232,0.3111729341390349,-0.1867869756,0.0242278736230968,0.2831734509822506,-0.2256820148666667,0.113665266597837,0.232570914168625,0.026014114,-0.1054566093395365,0.2658405003281049,-0.0149298166536666,0.1341439618795431,0.0727671711722464,0.033732680943,-0.1159519422394325,0.0281564906549207,-0.11507143493,0.1482133016421003,-0.0395362827738118,-0.0306478363936666,-0.0343963640669948,0.0612310885466036,-0.2383659313333333,0.1402610047059465,-0.0574363615006248,-0.0372349457986666,0.0122211189891573,0.0827618088994868,-0.2998559482999999,0.1286614283810054,-0.0520160055960645,-0.053404241213,0.0295665321629607,0.1420809643582397,-0.2989103064,0.1476490589447011,-0.0565582667994592,-0.0383472910066666,-0.0225576059927224,0.0872171804129647,-0.256764024,0.0729970981965905,-0.1640544169621808,0.0517394424833333,-0.0708555882590995,-0.1659284857636886,-0.0491214583266666,0.0884510608542151,-0.501523830850472,0.0523040332966666,-0.0365503981554796,-0.4505458451794782,-0.0706129168566666,0.0810068838980135,-0.7763805147453945,0.2071898822666666,-0.0836367311719927,-0.7779569449956704,0.0757303932966666,0.063950896880436,-0.8058373091833491,0.2275066146999999,-0.0860950029184766,-0.8069392096687855,0.0488153118433333,0.1114815362489882,-0.8311635380426156,0.1955592333999999,-0.0620497931462863,-0.8329009864356965,-0.0315349642386666,nijmegen_nijmegen_rennen_g_ch1_g11_compr.mp4,ch1g11,3.5985866903855215e-05,0.000201348931549,2.349915912745732e-05,7.822062959252397e-05,6.479143317173303e-05,0.0002035374152566,2.2474929242119777e-05,8.860675267022047e-05,9.528821337181262e-05,7.142854414897557e-05,0.0002780121256419,0.0001296354259392,2.326506373166019e-05,2.3935205628120512e-05,0.0001773951820573,0.00019809622659,7.346385881850057e-05,0.0002997965105447,0.0001230153791708,2.395697967807688e-05,0.0002322911928878,3.022596712853768e-05,2.343611706219996e-05,1.313755479948358e-05,6.58839004720545e-05,1.10085615842079e-05,1.3198390408281896e-05,0.0002627571699006,9.047364188651389e-06,0.0003187028055874,1.1314720544227334e-05,1.996429518134745e-05,0.0002348449645276,0.0003836277363292,0.0001395473821107,9.943039102485175e-05,0.0001938728988193,0.0002015214731178,0.0001971838813571,0.000150353606393,0.0001375114393852,0.0001479769014274,0.0004188946386121,0.0002343011496409,0.0001590565295013,9.832921987780722e-05,0.0004878975551953,0.0001232429743163,0.0010682022018368,-0.0001763775669481,0.0038328064914511,-0.0019145677167249,0.0046009711474897,-0.0024023631027091,0.0050803017581636,-0.0023670851437044,0.0042420579084701,-0.0019341237486842,9.593642999786943e-05,-8.757308861091149e-05,0.0001138132135916,-0.0001082216287672,0.0007813512489049,-2.995083153515799e-06,0.0008442183023996,8.554189282425901e-06,0.000691514795387,-0.0002738563454977,3.320413594729119e-06,3.893663685022084e-06,-4.603867462145617e-06,-2.069028365611389e-05,1.0975183783769864e-05,7.577395846667786e-06,-4.397260947172857e-06,7.008888731640777e-06,2.9431335854522944e-06,-5.066153129961274e-06,1.9005423744201717e-05,1.1826898481107537e-07,-5.267595816073108e-06,-4.601790568610991e-06,-2.850962551889761e-06,-3.124394462780825e-06,7.859220071080036e-06,2.0248996369681053e-05,-6.201639629433889e-07,-5.241962199771011e-06,1.6716255233959914e-05,-5.6546311339873645e-06,-5.149185781589814e-06,-2.6254890225108886e-06,9.373084475799428e-06,5.232453388289714e-07,-3.5268747591365782e-06,1.5593568614575927e-05,-1.6035035077562629e-06,2.470302532307128e-05,4.265640357113516e-07,2.5241817412178374e-06,1.143203141327178e-05,5.7225176193298584e-08,5.387032942739749e-06,6.133366174391068e-07,2.713084732217297e-06,1.2593449657569609e-06,5.474507006733771e-06,6.813581760171282e-07,-1.122864780235536e-06,-8.687041101418645e-07,-1.9734963999467017e-07,-4.223828826532891e-07,-8.593690132963695e-07,6.663546918264248e-07,5.593088015175796e-07,-3.771642274448744e-06,-2.103333217973549e-06,2.295913824157139e-07,5.369883786178485e-07,-7.480702266604779e-07,6.067252107242752e-07,6.2637380327885925e-06,1.842125045456103e-07,6.716270899350511e-07,1.064514414705941e-06,9.038481285928104e-07,-4.3781946019134114e-08,1.127931225214408e-06,-6.756645421777406e-07,2.3518493626005775e-06,4.849554072575323e-07,-5.693872183300554e-08,1.083772710217905e-06,6.3078455425511154e-06,7.145821206153918e-06,movement,movement,no movement,no movement
2366.6666666666674,0.0353436347305094,0.3113431007848107,-0.2394902800333333,0.0456673956130252,0.3294851115931525,-0.2325340961666666,0.0477218286397382,0.3302980594965674,-0.2220381672333332,0.0466518494105451,0.3301116510710217,-0.2255730390999999,0.0279503596638345,0.3387604033967533,-0.2537667787,0.0294570433633781,0.3375967179834905,-0.2667272935,0.0332111698760163,0.3283823626043916,-0.2464722921999999,0.0671629881077853,0.3394627006008158,-0.1215618670733333,-0.0400247014201387,0.3048845505651554,-0.1615272219666666,0.0523884506124744,0.3113839639912952,-0.1853151690333333,0.0243873352246091,0.2833242731385996,-0.2245640989666666,0.1120945607623701,0.2331494898999514,0.0282632472166666,-0.1053353605784806,0.266022499596322,-0.0157052768069999,0.131448932911029,0.0741924976560836,0.0348468843496666,-0.1148904830010256,0.0280654774332702,-0.1143555205633333,0.1461864254620539,-0.0352194633969088,-0.0314125677136666,-0.0318427189975289,0.0591920943505033,-0.2340506951333333,0.1383874232834613,-0.0523917430009014,-0.0382829499319999,0.0151594122258741,0.0801263977563429,-0.2952147705333331,0.1271774736149114,-0.046571855248983,-0.0542541316829999,0.0325966980802984,0.1394349214607074,-0.2943077070666667,0.145878237947066,-0.0518683406044843,-0.0391263939399999,-0.019902027755179,0.0851246337099953,-0.248831987,0.07282669034433,-0.1639476835340197,0.0525511467333333,-0.0706859018114132,-0.1660269502717721,-0.0499640852166666,0.0899245071259139,-0.5013589880631905,0.0528659302566666,-0.035443850733494,-0.4506021145871433,-0.0717424965233333,0.0817470649831733,-0.7755528365105381,0.2067950287999999,-0.0816734106195044,-0.777870030958646,0.0741561634733333,0.0646159821073453,-0.8049624735341843,0.2270172178666666,-0.0840152554479426,-0.8068393655667633,0.0471940529633333,0.1126363780504631,-0.8303675636854265,0.1955899625666666,-0.0588379770362806,-0.8331292229765166,-0.032969851252,nijmegen_nijmegen_rennen_g_ch1_g11_compr.mp4,ch1g11,3.884204409622506e-05,0.0002068448445726,1.834616816587791e-05,5.735582546721943e-05,7.706325881953768e-05,0.0002127316545724,1.7584384860650415e-05,9.66562307565955e-05,9.663133708624804e-05,6.661678648306471e-05,0.0002945546853367,0.0001298912804507,1.7563714222203197e-05,1.8738194155794617e-05,0.0001708499607294,0.0001939798284692,8.154315649376222e-05,0.0003178040660777,0.0001225668565969,1.8231382720462e-05,0.0002506484455831,2.3785968259789712e-05,1.785961226381418e-05,1.0407781828972074e-05,7.634553468673845e-05,1.1511307716871668e-05,9.636186294690415e-06,0.0002759092381051,8.364587763576633e-06,0.0003410841995946,1.172791059802118e-05,2.296909053708102e-05,0.0002482998591921,0.000389088803738,0.0001443997056875,0.0001095673511978,0.0001961199123594,0.0002008569600384,0.0001969384787731,0.0001516131019551,0.0001358884479196,0.000147953252901,0.0003945711016438,0.0001924137903486,0.0001572474499024,0.0001008297625573,0.0004997722586138,0.0001070299301424,0.0011859316233121,-0.0002193834831548,0.0041793984777903,-0.0025116566970759,0.0049892241115675,-0.0031607495409044,0.0055025369416334,-0.0031542482422763,0.0046107033980104,-0.0025761631995952,0.0001084804099957,-0.0001024829453167,0.0002492257481757,1.700413412342759e-05,0.001060765081132,8.562285602854722e-05,0.0011408574421226,9.886821122852195e-05,0.0009514714732283,-0.000181769795138,3.276199975834337e-06,9.70438863174751e-06,-3.8625224922261025e-06,-1.6730295261744983e-05,1.195226485459069e-05,1.3255610126886645e-05,-3.5928562565307297e-06,5.6475185150923e-06,1.9992103480764563e-06,-5.048163636962418e-06,1.8115556231542957e-05,-7.369143130754032e-07,-4.434040050539753e-06,-3.921705135504937e-06,-6.572418963676452e-06,-5.172242788193025e-06,7.494892603909408e-06,2.04021827045722e-05,-1.316271505752588e-06,-4.4778324594256966e-06,2.271309527782352e-05,-5.337860193740484e-06,-4.31784618787547e-06,-1.4602660719246797e-06,1.0025459002307252e-05,4.432184050184071e-07,-2.237142221608916e-06,1.444641451698362e-05,9.795546886493292e-07,2.48289714468444e-05,3.322762308837869e-07,3.5350810952737915e-06,1.772162518880823e-05,1.0768018615493182e-07,5.582086455314186e-06,1.0297106922928956e-06,4.620292378216303e-06,4.254214555148778e-07,5.448736212302318e-06,1.0729983397943377e-06,-1.8389133461820433e-06,-9.206446854085688e-07,4.849478484470477e-08,-4.181053438644584e-07,-1.0899000748450064e-06,1.114805993494478e-06,9.742822118986525e-07,-3.606077462954388e-06,-2.1281677308462967e-06,-2.409416484539167e-07,5.936832082581789e-07,-9.1169121285106e-07,1.054586700104386e-06,5.584640723680279e-06,5.99701821055023e-07,1.10700043882234e-06,1.3185702033088716e-06,1.8057368935771117e-07,-8.25347989156545e-08,1.4447983697114154e-06,-5.476282894251483e-07,2.648965647289953e-06,3.727729458992686e-07,-8.965403068391005e-08,1.0622608890518362e-06,5.883112013594149e-06,8.112366009186964e-06,movement,movement,no movement,no movement
2383.333333333334,0.035729372212647,0.3114813335589182,-0.2387604201666666,0.0458861491791709,0.3297131555333286,-0.2316787149,0.047963872241293,0.3305312491382611,-0.2211725031333332,0.0468879960686497,0.3303410975106388,-0.2247238033666666,0.0282064312672872,0.3389463859412365,-0.2532586153333332,0.0297164989855528,0.3377614891876248,-0.2662372449666666,0.0334802789937536,0.3285568344296606,-0.2459634413666666,0.0666229007264198,0.3398950451631535,-0.1204089026399999,-0.0403819419993178,0.3050693465471684,-0.1616773189,0.0524741675042114,0.3115749723520946,-0.1843927464333333,0.0245199936572026,0.2834451692035235,-0.2239977038333333,0.1105077357387963,0.2337251923908999,0.0300976658093333,-0.1052334674641014,0.2661165113840922,-0.0168094083969999,0.1287147755779077,0.0755422459791687,0.0356720663259999,-0.1141622250307835,0.0278640159169303,-0.1133469297633333,0.1442963377998379,-0.0307960704393323,-0.0321898691536666,-0.0297023029068669,0.0564021914757358,-0.2286622906999999,0.1366647549599577,-0.0471623865202939,-0.039305857272,0.0177029554357516,0.0765859491449307,-0.2892537566999998,0.1258144844808511,-0.0408584167241131,-0.0550623667096666,0.0353026997676503,0.135850281689269,-0.2884618712666666,0.1442402955968615,-0.0470146911611099,-0.0399214704766666,-0.0176342047828776,0.0822558411254055,-0.248123124,0.0726515347343027,-0.1638377835905412,0.05339385086,-0.0705091505130597,-0.1661315026931686,-0.0508480315366666,0.0914986339371119,-0.5010721536463811,0.0532337467966666,-0.0344478401820576,-0.4504600348540593,-0.0730539884499999,0.0824825248532218,-0.7744802171501602,0.2060042018333333,-0.0797307923329873,-0.7777442871239146,0.0723162558966666,0.0652751230663905,-0.8038095706362667,0.2260800709333333,-0.0819494771800477,-0.806710805548283,0.0452705900899999,0.1137465198495166,-0.829401183547248,0.1951870763999999,-0.0556986556871451,-0.8332793389397098,-0.0345582949793333,nijmegen_nijmegen_rennen_g_ch1_g11_compr.mp4,ch1g11,4.161450184644078e-05,0.0002185592118536,1.4203511113134276e-05,4.161130095615623e-05,8.953254777076987e-05,0.0002279223129332,1.3764489282330476e-05,0.000101893035367,9.780642920054468e-05,6.166787598214909e-05,0.0003112638826984,0.0001287127092078,1.294800886522043e-05,1.4487312252689732e-05,0.0001627644630159,0.0001872500996301,8.904442554655624e-05,0.0003372199373012,0.0001209266341416,1.3512881870449124e-05,0.0002753762066998,1.7831007083693342e-05,1.3358639926071666e-05,9.127508419019266e-06,8.661584724967975e-05,1.19200163236288e-05,7.69632476760525e-06,0.0002889367424288,1.0865347819823877e-05,0.0003645474990367,1.2015193050588994e-05,2.6873252403655023e-05,0.000268195692459,0.0003993448897877,0.000148746616229,0.0001071057729181,0.0001868639088662,0.000189182367683,0.0001855306498182,0.00014379461529,0.000123869168963,0.0001366185670917,0.0003582503096242,0.0001480837675123,0.0001422394778246,9.057722619437528e-05,0.0004892689282262,8.53896847994991e-05,0.0012421749780781,-0.0002790938611366,0.0045167627198482,-0.0031144314700501,0.005400765127854,-0.0039083563822326,0.0059459808770776,-0.0039478828271579,0.004978975208066,-0.0032251670640382,0.0001191757255281,-0.0001160058652441,0.0003626061680556,0.0001409738741222,0.0013078136790264,0.0001686491551294,0.0014071964194048,0.0001829251553585,0.0011770891981484,-7.986285369927043e-05,3.3932367849222804e-06,1.5533936932955548e-05,-2.766847158233049e-06,-1.07717519391315e-05,1.1845408341523776e-05,1.8768668539264865e-05,-2.4615973661065083e-06,3.515301162144034e-06,1.0015408146321448e-06,-4.81825610011268e-06,1.7767215261663032e-05,-1.8487322549837988e-06,-3.2407242795269047e-06,-2.8868147646278304e-06,-1.029878718569666e-05,-7.274907258890937e-06,6.653269210807478e-06,2.114517513686923e-05,-2.21937446969232e-06,-3.3510955259285147e-06,2.7779162368110388e-05,-4.716858375957199e-06,-3.1453350990788504e-06,-9.779836804721107e-08,9.74189324544989e-06,3.160177842639926e-07,-7.177566133694679e-07,1.3966523524688947e-05,3.876583349683322e-06,2.536057139409543e-05,2.0329597108218406e-07,4.565258612800977e-06,2.3310594333642683e-05,1.6624386049974037e-07,5.287872170240653e-06,1.401627020849426e-06,5.994900460572438e-06,-4.1591251191489715e-07,4.992403646411753e-06,1.4131371801776616e-06,-2.3842424985602735e-06,-1.0173723577414998e-06,2.884059517809425e-07,-4.6507878790450114e-07,-1.2045106442373178e-06,1.5133920767267054e-06,1.3517604193672117e-06,-3.2920799542066325e-06,-1.9832869912621576e-06,-6.097438634827561e-07,4.597504486251029e-07,-9.859162446113704e-07,1.4603075584546755e-06,4.537791495452061e-06,1.0407126580743735e-06,1.4940017809305363e-06,1.4584245357465677e-06,-5.19017255256446e-07,-1.1520365095663105e-07,1.6348102397003846e-06,-4.385977547228028e-07,2.6134356548807624e-06,9.872996630061336e-08,-1.1356509239893175e-07,9.539757390957908e-07,5.033301931758287e-06,8.656245262024076e-06,movement,movement,no movement,no movement
2400.0000000000005,0.0360616860707211,0.3115873061118008,-0.2392612760333333,0.0460647282615019,0.3299010840513098,-0.2320776338666666,0.0481647870358223,0.3307184912368265,-0.2215603336666666,0.0470795163704667,0.3305263593354482,-0.2251230581333333,0.0284085839780145,0.3390908508678702,-0.2539905027333333,0.0299237257953185,0.3378836198409036,-0.2670017596666666,0.033694773997826,0.3286927733671054,-0.2466926296999999,0.0660683040155333,0.340240138236894,-0.1203568702733333,-0.0407785452232565,0.3051860302531848,-0.1628604015333333,0.0525268342276284,0.3117152248922038,-0.1846448045666666,0.0246077013475172,0.2835330412450987,-0.224614444,0.109012719388027,0.2342517703394542,0.0309399793726666,-0.1052943488480122,0.2661648737537629,-0.018357402117,0.1266226897742998,0.0768217486993368,0.0351376560313333,-0.1140703377325083,0.0276175739479912,-0.1125099799966667,0.1428711857999222,-0.0261168722880209,-0.035102127257,-0.0282327181703732,0.0531695184724281,-0.2244660402333332,0.1353329120896269,-0.0415385451577084,-0.0427061901086666,0.0195886784232683,0.0725034327872609,-0.2847883507666666,0.124750554463951,-0.0345985464300465,-0.0582157658563333,0.0375158247555278,0.1317555623934087,-0.2841557644999999,0.1430120112537623,-0.0418249011494365,-0.0428566577366666,-0.0159546450734291,0.078907379453975,-0.239949763,0.0724913407200978,-0.1637089085744531,0.05424543659,-0.070348633659413,-0.1662593142073853,-0.0517391527566666,0.0931690386149413,-0.5006495688054619,0.0538115588166666,-0.0335510854776941,-0.4502218575350644,-0.0743536494733333,0.0832319312772445,-0.7728675522674359,0.2061657185,-0.0777943505315001,-0.7774845574227935,0.0705861665133333,0.0659390128160764,-0.8020513774636744,0.2262077038666666,-0.0798724764449061,-0.8064294362230753,0.0435146421599999,0.1147743830345864,-0.8278938624069585,0.1956675911666666,-0.052741177053994,-0.8332334144291222,-0.036079080866,nijmegen_nijmegen_rennen_g_ch1_g11_compr.mp4,ch1g11,4.481295959392402e-05,0.0002373164886281,1.219202358577868e-05,3.342445582823826e-05,0.0001006391456188,0.0002496383195282,1.2090861264044244e-05,0.0001038754472652,9.866728339803382e-05,5.688547646894959e-05,0.0003291741991333,0.0001258507872799,1.05438843947261e-05,1.2308750428187464e-05,0.0001531787561418,0.0001786692950265,9.509200404234737e-05,0.0003592280445317,0.0001178366587626,1.0951298598256454e-05,0.0003059813642256,1.3699631477765524e-05,1.103657972988873e-05,9.996132991329714e-06,9.55352705102279e-05,1.2216432817069046e-05,8.133905711074805e-06,0.0003031258968655,1.6506703574269423e-05,0.0003900613278752,1.2179240651173009e-05,3.174156699561935e-05,0.000294516765225,0.0004156745730808,0.0001516986026956,8.789097483021247e-05,0.0001625872468023,0.0001629903768487,0.000159726283716,0.0001245759814323,9.94786943638236e-05,0.000111405923981,0.0003152571214961,0.0001080052489002,0.0001115451945507,6.695770902313101e-05,0.0004614181134495,6.515391919483649e-05,0.0012252172425681,-0.000341398706305,0.004842954274054,-0.0037021912063201,0.0058369552527746,-0.0046272332949211,0.0064151347713434,-0.004730870018934,0.0053463664392914,-0.003861094634888,0.0001277053462651,-0.0001273726644452,0.0004554429316133,0.0002583389570631,0.001512943039073,0.0002478839660787,0.0016328251066583,0.000263188044105,0.0013630796199619,2.7531809859594213e-05,3.742679916049764e-06,2.1070404954336906e-05,-1.3167914721816136e-06,-3.3434536621383e-06,1.0373861724909811e-05,2.3856415371850593e-05,-1.0135125274292629e-06,7.740827692589198e-07,5.874161532291109e-08,-4.355241944122803e-06,1.7535892324058943e-05,-3.144690377532449e-06,-1.6816253522551094e-06,-1.491542903384516e-06,-1.3161702468124434e-05,-9.201371531501037e-06,5.282491529822439e-06,2.1858492830548425e-05,-3.2510465976027303e-06,-1.8502460894080383e-06,3.1958291269320364e-05,-3.7099342708150687e-06,-1.6162363345364228e-06,1.4113075209006077e-06,8.291757126570207e-06,1.649388227468071e-07,9.695309292330004e-07,1.386396211443016e-05,6.729274616371886e-06,2.5509367794950175e-05,6.091896873397395e-08,5.542728774496125e-06,2.8108654843935305e-05,1.9224454689576938e-07,4.470702782317154e-06,1.654033305323825e-06,6.602189296503689e-06,-1.122702405966186e-06,4.088633267738445e-06,1.6315664511835583e-06,-2.659716852610386e-06,-1.163289902852674e-06,5.011969668076009e-07,-6.43945093842967e-07,-1.1747124153125162e-06,1.787515057023743e-06,1.6152432791986877e-06,-2.785421252732828e-06,-1.704732938043327e-06,-8.15564843222441e-07,5.4656626668987976e-08,-9.470439220883284e-07,1.7472586503426925e-06,3.198209036936384e-06,1.428547550066521e-06,1.76029104259632e-06,1.447365197156302e-06,-1.0765454399523718e-06,-1.3512855982494948e-07,1.6582836237258817e-06,-4.400109801705372e-07,2.255398910081414e-06,-4.244472990522622e-07,-1.2386130020504008e-07,7.616550177266191e-07,3.807647333254235e-06,8.457438624816178e-06,movement,movement,no movement,no movement
2416.666666666667,0.036296776137269,0.3116651468468225,-0.2396547819333333,0.0461442495462291,0.3300507424015594,-0.2323683197333333,0.0482639612996485,0.3308644672803853,-0.2218404595999999,0.0471683847185477,0.3306718431896355,-0.2254149416,0.0285113290423141,0.3392027510134995,-0.2546203629,0.0300321769063905,0.3379676959596354,-0.2676630722333333,0.0338122873447867,0.3287880232229667,-0.2473208964333333,0.0654302856911776,0.3405255934077382,-0.1202306494733333,-0.0412800550436114,0.3052604289766411,-0.1639956017666666,0.0524911677919347,0.3118100873650378,-0.1847957677333333,0.0246082001152472,0.2835896621061326,-0.2251467343333333,0.1075248464940638,0.2347243587428273,0.0317198317529999,-0.1055422636567768,0.2662145727564372,-0.0199209850569999,0.1247021081332138,0.0780623573847605,0.0343234622096666,-0.1141843456869917,0.0272430848074254,-0.11181807163,0.1415834970276639,-0.0212627259189673,-0.0385754268836666,-0.027352340187745,0.0491820630706478,-0.2206783324333333,0.1341679442830599,-0.035691615827984,-0.0467315329153333,0.0207553084501677,0.0675173336954727,-0.2807191585666665,0.1238249827402188,-0.0280898306579266,-0.0619957650163333,0.0390591467452191,0.1266930287832819,-0.2803228634666667,0.1419195765624925,-0.0364305026887363,-0.0463786265233333,-0.0148747389905296,0.0747441544785946,-0.232756019,0.0723436097322803,-0.1635722785660689,0.0551141494133333,-0.0702007584116694,-0.1663972002288059,-0.0526473744499999,0.0949173549923199,-0.4999980790934122,0.05406534633,-0.0326770425649365,-0.4498846533825955,-0.0756938961733333,0.0837884914901104,-0.7710939400793956,0.2059044495,-0.075802482942995,-0.7771783929049911,0.0688901940666666,0.066336941559956,-0.800138299542572,0.2259027272666666,-0.077732737013828,-0.8061038098990214,0.04181041076,0.1152036625567938,-0.8263820721253138,0.1957207500666666,-0.0496857213271593,-0.8331338369688003,-0.0375681754643333,nijmegen_nijmegen_rennen_g_ch1_g11_compr.mp4,ch1g11,4.853416965811603e-05,0.0002622934224852,1.2669171263143665e-05,3.433852878453462e-05,0.0001105091642751,0.0002776195540491,1.2882472468918076e-05,0.0001027866029106,9.817056375746616e-05,5.2682691065836745e-05,0.0003454615736846,0.0001225976108415,1.0770121141106458e-05,1.2559978659449447e-05,0.0001405891959172,0.0001693771874016,9.961570523069776e-05,0.0003805902670169,0.0001145652742161,1.0953931574944608e-05,0.0003422403524009,1.1762546607491986e-05,1.1297260727734382e-05,1.3066511364210092e-05,0.0001033541054126,1.231473495546365e-05,1.1010224282703605e-05,0.0003160833858141,2.498461878578897e-05,0.0004143488264088,1.2161530589764188e-05,3.7817496556981406e-05,0.0003265989803054,0.0004354893831478,0.0001542960568578,6.416178521917382e-05,0.0001338256804917,0.0001323888331893,0.0001295707054255,0.0001026443444994,7.216792112011783e-05,8.30820536630362e-05,0.0002683881486858,7.433332656812541e-05,7.679267462995157e-05,4.180075174595972e-05,0.0004166058976429,4.980086595832995e-05,0.0011331845190062,-0.0004190595343783,0.0051178091296654,-0.0042740676251814,0.0062430749703536,-0.0053155463789503,0.0068547471002188,-0.0054943312151523,0.0056653990339455,-0.0044882886799757,0.0001341616023749,-0.0001363238281115,0.0005227110895444,0.0003583677126923,0.001664359732466,0.0003230979948171,0.0018040631017542,0.0003409349879211,0.0015061398334446,0.0001402205038163,4.145781651492246e-06,2.5370767313787175e-05,5.173610749600946e-07,4.017770474357881e-06,8.385365503622789e-06,2.7698422301962996e-05,7.815930937801226e-07,-2.3550666778107997e-06,-9.639052494468218e-07,-3.776399298704749e-06,1.7101617325324703e-05,-4.546484278580741e-06,2.942668917329925e-07,3.022144041689533e-07,-1.543574105287243e-05,-1.103111452050473e-05,4.332527185660953e-06,2.2179597009499917e-05,-4.38086609794286e-06,8.238983382086127e-08,3.460944099912915e-05,-2.161224702321678e-06,3.1893997631348185e-07,2.980090050223242e-06,6.426085254070703e-06,2.2564264337390578e-08,2.775402533343706e-06,1.3739355256956113e-05,8.982567542333184e-06,2.519835653240461e-05,-6.367595930338349e-08,6.3177642215863785e-06,3.1399136612020065e-05,1.546834682781804e-07,3.2207376191441063e-06,1.7511490604299392e-06,6.349120722905516e-06,-1.63133529277954e-06,2.81181799248587e-06,1.6983511482915862e-06,-2.6230871936683403e-06,-1.3191578315673283e-06,6.655996829367974e-07,-8.875456035015937e-07,-1.024371258984059e-06,1.8996818180282736e-06,1.7271391587986488e-06,-2.0018076623237873e-06,-1.3251560040482723e-06,-8.606786848966649e-07,-5.140064500897924e-07,-8.186349917480664e-07,1.8759802184866657e-06,1.6771482465372742e-06,1.7195502723780334e-06,1.86938059408967e-06,1.290828366229899e-06,-1.4437488957554732e-06,-1.3777159071250812e-07,1.5205771440980049e-06,-5.171894285941507e-07,1.633851912575947e-06,-1.0706385784972235e-06,-1.180772953013906e-07,4.865340051376962e-07,2.326281488970849e-06,7.413447483282394e-06,movement,movement,no movement,no movement
2433.3333333333335,0.0363621963704907,0.3116572751861476,-0.2399603079333333,0.0460484796216802,0.3301070620168485,-0.2325805013333333,0.0481917363481433,0.3309173119646985,-0.2220396741999999,0.0470833644368829,0.3307222599017356,-0.2256280083333333,0.0284342486655816,0.3392264416659806,-0.2551834956666667,0.0299601570494398,0.3379601074279828,-0.2682497769666667,0.033748468814864,0.3287913384727091,-0.2478810191666666,0.0646303043126646,0.3407073358935079,-0.1200434625733333,-0.0420131318687092,0.3052448173605496,-0.1651092971666666,0.0522933572315182,0.3118024083326239,-0.1848528963,0.0244324111434981,0.283556279228071,-0.2255928164666666,0.105977528988272,0.2350664460424229,0.0324489548513333,-0.1060625691320508,0.2662145661836018,-0.021497176677,0.1227851182704402,0.0791364012000586,0.0333984772696666,-0.1145734632800521,0.0266864701063074,-0.1107169394033333,0.1404076470913947,-0.0162256467733847,-0.0420416457203333,-0.026977139129029,0.0444832561798376,-0.2164389078666666,0.1331826595106968,-0.0294957940219391,-0.0507124260553333,0.0213532794446928,0.0617342688806626,-0.2761012320333333,0.1231374290685023,-0.021238546103933,-0.0656975354396666,0.040039014261308,0.1207521520602413,-0.2759545538,0.1409773813098218,-0.0308346427337896,-0.0498790306166666,-0.0143007028817888,0.0698254983272355,-0.228151411,0.0721984509793635,-0.1634329636892423,0.0559653259666666,-0.0700545973897463,-0.166540666309831,-0.0535377980566666,0.0966404749496966,-0.4993853007299498,0.05423165285,-0.0318756751715427,-0.4495107371005265,-0.0771190675733333,0.0841292427863691,-0.769265963832648,0.2057459309333333,-0.0739031954296038,-0.7768433607707969,0.0672498672966666,0.0664931164179469,-0.7981496865984017,0.2257430419333332,-0.0757079858120966,-0.805751798253339,0.04020427689,0.1152255186425734,-0.824814200894105,0.1960317551666666,-0.046927823655893,-0.8330144898836463,-0.0389694364726666,nijmegen_nijmegen_rennen_g_ch1_g11_compr.mp4,ch1g11,5.281772810449144e-05,0.0002901638969829,1.47794772561559e-05,4.404846831130534e-05,0.0001177604297634,0.000307548148179,1.5245537799529416e-05,9.90646692046079e-05,9.672187295441664e-05,4.944951930560987e-05,0.0003622100400419,0.0001176350178587,1.2699884300432042e-05,1.4447216822261152e-05,0.0001241417909454,0.0001586642029673,0.0001026370885633,0.0004030454927384,0.0001099482291624,1.267027632166984e-05,0.0003786231450037,1.1115164485497355e-05,1.3239568343461044e-05,1.736991142651947e-05,0.0001087781934487,1.2226110292231292e-05,1.5211283978191262e-05,0.0003294669076482,3.538976417135866e-05,0.0004396243588371,1.1985830915854876e-05,4.442964656782826e-05,0.0003598147372367,0.0004583611918207,0.0001546651494873,4.61600722525707e-05,0.0001115458509609,0.0001088307109714,0.0001063073521994,8.710202421724684e-05,5.144975825304301e-05,6.085713138540737e-05,0.0002296085989029,4.942170128468086e-05,4.8345978884585815e-05,2.2062521574837177e-05,0.0003622965105362,4.27762502909914e-05,0.0009960753463032,-0.0005019703394872,0.0053803776865851,-0.0047928187170102,0.0066514541492535,-0.0059308320382071,0.0072995849641363,-0.0061975494441765,0.005975846565489,-0.0050610432462833,0.000138709292926,-0.0001426608840803,0.0005674661247015,0.0004390160109784,0.001758066190438,0.0003895449857533,0.0019137485664833,0.0004096080624748,0.0016023843133916,0.0002459714977758,4.42072193652757e-06,2.782770211915546e-05,2.588575537557859e-06,1.0271434513602128e-05,6.299065918615063e-06,2.9797764116198896e-05,2.773399994381568e-06,-5.29607472264528e-06,-2.2200432597250554e-06,-3.077015649796131e-06,1.6364431634955372e-05,-5.664271628051098e-06,2.4996837091009397e-06,2.367053444964773e-06,-1.7136305942418253e-05,-1.2219743393902123e-05,3.693234809837841e-06,2.170612305914634e-05,-5.294542611344772e-06,2.288110677952104e-06,3.551276900786001e-05,-4.8333899851646106e-08,2.49334706710527e-06,4.328270715388188e-06,4.5984085283663785e-06,-1.0931465300019685e-07,4.334415752585595e-06,1.3414852679315278e-05,1.0284620798293172e-05,2.4121174317848345e-05,-1.7053459330017274e-07,6.667911423415515e-06,3.284230200812713e-05,3.7886090532348675e-08,1.7192893581940376e-06,1.7160797526632723e-06,5.298491677372347e-06,-1.8465078923148712e-06,1.357651456601303e-06,1.6419408142730291e-06,-2.2871955885481506e-06,-1.465913270237906e-06,7.618191113323606e-07,-1.2237127481237554e-06,-7.440398615037371e-07,1.874058663402596e-06,1.7069507229642889e-06,-9.330872213575604e-07,-8.647998046716701e-07,-7.553599547380517e-07,-1.2233243421381354e-06,-5.893594631141834e-07,1.866145417388052e-06,1.9537015431629887e-07,1.918052804700522e-06,1.8446117765701805e-06,1.043885784058005e-06,-1.544907008786095e-06,-1.2414030874124386e-07,1.2813708779406937e-06,-7.139335543962367e-07,8.495781192904214e-07,-1.8062943375917968e-06,-9.882515544212157e-08,1.692569118695184e-07,7.996664630983572e-07,5.693006484726406e-06,movement,movement,no movement,no movement
2450.0,0.0363562503517116,0.3116265952070858,-0.2404326072,0.0458761319462177,0.3301355049673237,-0.2329930409666666,0.0480463543425243,0.3309403589764272,-0.2224377964666666,0.0469234154872514,0.3307415027883851,-0.2260407178333333,0.0282898543444549,0.3392230156446319,-0.2559061662333333,0.0298203709072277,0.3379237319214468,-0.2690036723999999,0.0336183352899955,0.3287666601550673,-0.2485994865999999,0.0637711277807537,0.3408563440577867,-0.1200293298066666,-0.0428150248817985,0.3052133242002487,-0.1663941860333333,0.0520205345667907,0.311770717655861,-0.1851252105333334,0.0241854998216477,0.2835041813338372,-0.2262107894999999,0.1044463651282619,0.2352697449976279,0.0330176886439999,-0.1067429569219937,0.2662070188288292,-0.0229222303536666,0.1208610633553956,0.0798155486297029,0.0324340891429999,-0.1151421678003131,0.0260347022362873,-0.10902890283,0.139334882438217,-0.0109088446045145,-0.045608664457,-0.0271057358642511,0.0392506470129375,-0.2114549837999999,0.1323434832604255,-0.0227862225003396,-0.0548004433853333,0.0213374276163269,0.055330806005004,-0.2706057796333332,0.1226876860730867,-0.013887875804825,-0.0694752927363333,0.040404179274125,0.1140341802894488,-0.270731138,0.1401761711369908,-0.024912121658533,-0.0534673308066666,-0.0142351498772943,0.0642914966976966,-0.230140418,0.0720603941142123,-0.1632963536481927,0.05679932161,-0.0699146205552218,-0.1666818685257699,-0.0544102860033333,0.098272537042615,-0.4988568923020031,0.0543817343666666,-0.0311254758316024,-0.4490281033888038,-0.0785651739166666,0.0842944569885547,-0.7675433214414652,0.2060332442,-0.0720966738064846,-0.7764721391578749,0.06569642509,0.0664763900848936,-0.7962793666554472,0.2260899314999999,-0.0737903105600196,-0.8053633485487175,0.0387065997966666,0.1150851691669521,-0.8232215180105957,0.1968421960333333,-0.0444014237978506,-0.832730957598526,-0.0403445567933333,nijmegen_nijmegen_rennen_g_ch1_g11_compr.mp4,ch1g11,5.769950180148603e-05,0.0003190511432475,1.799050560245247e-05,5.9805722380836275e-05,0.0001228253625185,0.0003376049285132,1.8591909474927344e-05,9.212325840511176e-05,9.422703602271638e-05,4.676664509847305e-05,0.0003789669313663,0.0001112562851777,1.5738813173417404e-05,1.7454816832490338e-05,0.0001055130957732,0.0001459317139471,0.0001050288102782,0.0004253834900706,0.0001040790255355,1.5512044456416714e-05,0.0004129376846656,1.1493317740608044e-05,1.625617448963347e-05,2.2097754512877936e-05,0.0001123081155558,1.196041569962086e-05,1.9842094144927915e-05,0.0003430601171944,4.644874643552851e-05,0.0004648097922109,1.1678042575112316e-05,5.112444752611877e-05,0.0003924072772123,0.0004839355471818,0.0001531194186774,4.319346933065094e-05,0.0001042554826138,0.0001005849551084,9.793340520254856e-05,8.465192573497175e-05,4.454170943586546e-05,5.235768690793953e-05,0.0002012257426535,3.460358716158827e-05,3.2782597001429736e-05,1.4133375248740616e-05,0.0002998993846236,3.879192603536e-05,0.0008356731322097,-0.0006030007663294,0.0056335835240776,-0.0052557780913131,0.0070455215091135,-0.0064659229986862,0.0077338328183617,-0.006810362295335,0.0062745941299773,-0.0055704136809896,0.0001420804289088,-0.000146890520087,0.0005967755614117,0.0004993195262492,0.0018123756286473,0.0004408945954073,0.0019795652669107,0.000463219743544,0.0016616273695808,0.0003392237704978,4.511834163413057e-06,2.8488171304868032e-05,4.578926774000658e-06,1.4964361334744158e-05,4.605681811727568e-06,3.0157710912462527e-05,4.669216666202063e-06,-7.608072405473637e-06,-3.624900113428727e-06,-2.384143275969423e-06,1.5103831025353752e-05,-6.314136589950273e-06,4.622998826254891e-06,4.370479317519071e-06,-1.7929894301142503e-05,-1.277302424976587e-05,3.342920497563877e-06,2.0115441704143835e-05,-5.83465752128258e-06,4.430978189716962e-06,3.477021173938471e-05,2.3387931090092854e-06,4.601459367058488e-06,5.388641678230946e-06,3.2211228209968177e-06,-2.1172514464856618e-07,5.610135688091154e-06,1.2675051040096455e-05,1.064725770901254e-05,2.2093980873988637e-05,-2.4488550958782353e-07,6.714686790153187e-06,3.265288428335818e-05,-1.4920768082481045e-07,1.620110471352586e-07,1.587502791648395e-06,3.7256883379733634e-06,-1.8030004520016188e-06,-1.0472985087976489e-07,1.5051630989754605e-06,-1.673231150467128e-06,-1.553370677468182e-06,8.115608266183163e-07,-1.6222877179482542e-06,-3.661453111883956e-07,1.7504009610034796e-06,1.590954038022206e-06,3.485333302553673e-07,-2.988795016642446e-07,-5.973555323241025e-07,-1.9922270247809393e-06,-2.773536778980389e-07,1.7555495903834316e-06,-1.1080772234151744e-06,2.0274832001370733e-06,1.7253093132801937e-06,7.767992437222828e-07,-1.4212313907779445e-06,-9.641450536086896e-08,1.01318367645645e-06,-1.0236829670909036e-06,4.3933396809377814e-08,-2.5490365439097314e-06,-6.950007710600688e-08,-1.4327032248178066e-07,-6.210387904387484e-07,3.88283446344491e-06,movement,movement,no movement,no movement
2466.6666666666665,0.0361515730895181,0.3116635172255437,-0.2413274427666666,0.0455099051109164,0.330226878258833,-0.2337716444999999,0.0477045455295409,0.3310286919449808,-0.2232028782,0.046565645278395,0.3308251690438881,-0.2268168125333333,0.0279574862936301,0.3393051444642518,-0.2569356546666667,0.0294873551421495,0.3379629782104519,-0.2700697988333333,0.0332944917922779,0.32881376656086,-0.2496219893666666,0.0627483372614023,0.3410303037818597,-0.1202660412066666,-0.0437585011137851,0.3052681063796546,-0.1677750970333333,0.0515539810949833,0.3117868938729799,-0.1857665078333334,0.0237478717511202,0.2835155048653307,-0.2271615297999999,0.102924929509103,0.2354814991597662,0.0334308274359999,-0.1077185009181696,0.2662610964720969,-0.024291333337,0.119233091388742,0.0804463484923643,0.0313039684063333,-0.1161848652118089,0.0253901784316405,-0.10724469763,0.1383430745687071,-0.0052159090644304,-0.049295277347,-0.0281943306388681,0.0337615929469661,-0.2065563892333333,0.1315339899066737,-0.01556999186114,-0.0589917006419999,0.0202167793002525,0.0486502397979339,-0.2651870840999999,0.1222559982971721,-0.0060561256343486,-0.0733188226363333,0.0396558924402277,0.1068817404886511,-0.265573867,0.1394455946405282,-0.0185808652089261,-0.0571381761266666,-0.015165484379655,0.0584350043621241,-0.222183019,0.071939786925399,-0.1631555546715559,0.0575932728633333,-0.0697933125392274,-0.1668281328491893,-0.0552406585499999,0.0996358228932395,-0.4983493646394542,0.0544968891733333,-0.030544210570644,-0.4485126221813086,-0.0798087223833333,0.0841640738229834,-0.7658306906107133,0.2069628372666667,-0.0704989952643741,-0.7760037219917635,0.0649425548,0.0661572824144182,-0.7944069243495037,0.2271818354666666,-0.0720907241422675,-0.8048665904767793,0.0381121456633333,0.1145583385508767,-0.8216115301497839,0.1983729943,-0.0422050165375832,-0.8323028715154105,-0.04102728069,nijmegen_nijmegen_rennen_g_ch1_g11_compr.mp4,ch1g11,6.257996377989762e-05,0.0003480015806078,2.269955622977171e-05,7.82293097606913e-05,0.0001253619750049,0.0003675644704491,2.3318296521248557e-05,8.299016325018987e-05,9.039855847842043e-05,4.4914618342078465e-05,0.0003941990712305,0.0001047140694148,2.0607890499935372e-05,2.1959193643236074e-05,8.67152097235384e-05,0.0001328645555784,0.000107171628924,0.0004456507832889,9.809439981684212e-05,2.0187729577015014e-05,0.0004459830256509,1.3959626795004088e-05,2.1068218634094253e-05,2.731541727318272e-05,0.0001136958966272,1.1657332751619213e-05,2.541257756579511e-05,0.0003561187032357,5.7421385025604753e-05,0.0004868798118607,1.1371384509830378e-05,5.785975246890397e-05,0.0004242291154193,0.0005114342415237,0.0001501641374806,4.475143651478154e-05,0.0001026312876441,9.768412152182896e-05,9.4924435595633e-05,8.444957108441704e-05,4.137494455661521e-05,4.8111526316142714e-05,0.0001825115139159,2.571267763430474e-05,2.311650744625685e-05,1.0586397533825108e-05,0.0002489648481117,3.62954098779239e-05,0.0006963193259046,-0.0007023807675793,0.0058713444963576,-0.0056632847773905,0.0073961398017466,-0.0069345262095856,0.0081096090713104,-0.0073476112233322,0.0065416981798153,-0.0060223846370057,0.0001457529895591,-0.0001505583625441,0.0006147852532584,0.0005453511664811,0.0018502202139565,0.0004839533988428,0.0020259429580355,0.0005096352310722,0.0017137150103254,0.0004213478697252,4.232355340088671e-06,2.7556676323699374e-05,6.097589426626754e-06,1.752157716233794e-05,3.2502730413568067e-06,2.900961831604548e-05,6.09915563652623e-06,-8.922797212979068e-06,-5.213122518948024e-06,-1.5310448544283864e-06,1.3329523553233918e-05,-6.382466164362725e-06,6.292372353687164e-06,5.910110235277458e-06,-1.732960215965113e-05,-1.2607321248579677e-05,3.121801347737465e-06,1.7568332079603753e-05,-5.874362695538594e-06,6.1230612458938745e-06,3.275357883550769e-05,4.484080357672333e-06,6.253220853047122e-06,5.9396888909824254e-06,2.2731594770627024e-06,-2.929152373897042e-07,6.3722267640905926e-06,1.1499662357108605e-05,9.958940211843736e-06,1.9235042427515045e-05,-2.9689140496342376e-07,6.350906121065886e-06,3.116828658950631e-05,-3.690315012529377e-07,-1.3258182022470128e-06,1.362339949786198e-06,1.938430039626618e-06,-1.5522263549362355e-06,-1.4988860269177345e-06,1.285465636612579e-06,-8.939976849849356e-07,-1.5193253004624297e-06,8.089289986110093e-07,-2.0198317875200997e-06,1.9085055530415406e-08,1.513044451068405e-06,1.3760213706670218e-06,1.7168408302327675e-06,2.644013040958089e-07,-4.673240739053237e-07,-2.716020957864486e-06,4.0812049718163284e-08,1.5276490254895705e-06,-2.2455212724991942e-06,1.994921568412731e-06,1.4948327317413329e-06,5.127449602910019e-07,-1.1349829185170831e-06,-6.318351088879061e-08,7.227879063319774e-07,-1.4167291352583718e-06,-6.752975720306207e-07,-3.1576868219205963e-06,-3.8371522735935134e-08,-4.416217384418029e-07,-1.9000713151632148e-06,3.2357331167728634e-06,movement,movement,no movement,no movement
2483.333333333333,0.0358498153512244,0.3117507934036985,-0.2424933990333333,0.0450322365631534,0.3303704888549648,-0.2348733439666666,0.0472475626803376,0.3311683453352521,-0.2242900614666666,0.0460942035116604,0.3309620981044024,-0.2279112034666667,0.0275160773501187,0.3394362578635379,-0.2583405659333334,0.0290459247397118,0.3380474033246435,-0.2715009153,0.0328589306058676,0.328902445210839,-0.2510260473,0.0616437403641889,0.341228928650287,-0.1209144076066666,-0.0447750459262087,0.3053310071153128,-0.1696498781999999,0.0510066279385562,0.311833898234124,-0.1866609391,0.0232310560282896,0.2835562762730569,-0.2284107095333333,0.1014368341716143,0.2356918406870408,0.0332082085736666,-0.1087894577378581,0.2663291843347052,-0.0258437934936666,0.1181334307212045,0.0810453827810811,0.0289712123596666,-0.1176102884102224,0.0247289578302736,-0.1055235072266666,0.1374851398055595,0.0009643299659089,-0.054318947607,-0.0298476119816313,0.0279636677718055,-0.2017810339666666,0.1307943137616335,-0.0077495510049487,-0.0645519838853333,0.0184935655142713,0.0415453817321494,-0.2600201919,0.1218899619056307,0.0024949448229479,-0.078434031923,0.0382933557730783,0.0992882081788597,-0.2606097860666667,0.1388279631495691,-0.0116882658145749,-0.0620976101366666,-0.0166703022086787,0.0522401387185793,-0.221274287,0.0718220052659124,-0.1630115149507502,0.05836519163,-0.0696740734639846,-0.166977383909558,-0.0560541003999999,0.1006780951941859,-0.4977968342926573,0.05466776315,-0.0301066640344812,-0.4479523798826876,-0.08102649383,0.0837358854632371,-0.7640950769500356,0.2081986382333333,-0.0689995998918973,-0.775481266702247,0.0642733687366666,0.0655508589000895,-0.7924997082099445,0.2285760397666666,-0.0704862939754695,-0.8043171144823513,0.0375976887866666,0.1138284801504771,-0.8199583086640091,0.2001001407,-0.0401020843350895,-0.8317957167093709,-0.0416380537066666,nijmegen_nijmegen_rennen_g_ch1_g11_compr.mp4,ch1g11,6.747601549770876e-05,0.000375358285574,2.9475872777642555e-05,9.701037619945089e-05,0.0001264059677714,0.0003962802852013,3.0038828436084956e-05,7.264010703946473e-05,8.52227291967884e-05,4.382759703424025e-05,0.0004079238021025,9.74908036985917e-05,2.766077976353823e-05,2.8554596092970704e-05,6.995273764455785e-05,0.0001187727057796,0.0001093556217182,0.0004629638801212,9.151016373444297e-05,2.7089688335445708e-05,0.0004776592808316,1.9191843146550255e-05,2.806717827120107e-05,3.343366984807968e-05,0.0001139594418674,1.1349431641340711e-05,3.200256344128385e-05,0.000368308900026,6.712965164932982e-05,0.0005058334565817,1.1088756047315558e-05,6.456414803875317e-05,0.0004546037503416,0.0005393048182445,0.0001461535646416,5.850026618132666e-05,0.0001137372948545,0.0001070760477872,0.0001042170965469,9.372031807678956e-05,4.921771884052117e-05,5.5432707695616546e-05,0.000176846249514,2.0744361470074196e-05,2.5861734728674116e-05,1.6799579799378508e-05,0.0002057376573119,3.7600154016241234e-05,0.0006010861370423,-0.0007668904878988,0.0060934876234313,-0.0060086921761486,0.0076939697320078,-0.007345402229608,0.0084295095178677,-0.0078289672924885,0.0067810630743531,-0.0064185821719175,0.0001499326444213,-0.0001541572632132,0.0006283770807386,0.0005803898472971,0.0018715429443871,0.0005291234530392,0.002049084755911,0.0005597311853957,0.001748834426672,0.0004937417397454,3.657036966729675e-06,2.515828849492829e-05,7.188208008002468e-06,1.7981457652163578e-05,2.0765489657118452e-06,2.652516284504303e-05,7.11689239362029e-06,-9.13670298706242e-06,-6.792205712177226e-06,-7.025499425304392e-07,1.071828356633366e-05,-6.092741725039249e-06,7.548472553878677e-06,7.021462333935646e-06,-1.4955638417379503e-05,-1.2097273556150564e-05,2.860493344918526e-06,1.3921293420187594e-05,-5.6155204287906695e-06,7.396637540129732e-06,2.973899202637015e-05,6.36422364973975e-06,7.491818818160447e-06,6.1646686643809195e-06,1.5495695600661034e-06,-3.3943825714169194e-07,6.803143166446779e-06,9.5850903703439e-06,8.71984049943125e-06,1.516370764838123e-05,-3.1795036749149136e-07,5.738295388197026e-06,2.8414586937045698e-05,-5.728053371190218e-07,-2.6126195472436465e-06,1.0572642815525782e-06,2.5220855325118836e-07,-1.209008861978074e-06,-2.732792260892756e-06,9.976576345861375e-07,-7.791380975410487e-08,-1.3225553646909042e-06,7.515949586988298e-07,-2.4124042614915435e-06,3.738493286920035e-07,1.1804446071995007e-06,1.0784078238255476e-06,2.996188029513923e-06,7.93412661266359e-07,-3.963283879395001e-07,-3.3421237094038196e-06,3.37308671627312e-07,1.1997734076884785e-06,-3.223428215855848e-06,1.8056652279896457e-06,1.1694041132919324e-06,2.753084297910534e-07,-8.006576225492644e-07,-3.046547276592354e-08,4.375370689916479e-07,-1.874610438768388e-06,-1.194454597233756e-06,-3.6202282981328034e-06,-1.0404500899934553e-08,-6.933493616050843e-07,-3.001817451216675e-06,4.402351310188067e-06,movement,movement,no movement,no movement
2499.9999999999995,0.0354352237656709,0.3118424201912375,-0.2439674000666666,0.0444336872115957,0.3305184270555573,-0.2363343432333332,0.0466705357630798,0.3313110670520712,-0.2257370233333333,0.0455037883585984,0.3311023506445118,-0.2293693297666666,0.0269648425892453,0.3395708956005323,-0.2601252661,0.0284939927007121,0.3381339699956082,-0.2733073443333333,0.03231413630945,0.3289928472968929,-0.2528092652666667,0.0604671450601136,0.3414326745306742,-0.12205754324,-0.0458524416582802,0.3053928921822181,-0.1720072751666666,0.0503683646545717,0.3118887659984734,-0.1878806016333333,0.0226307326008276,0.2836025662111927,-0.2300009915666666,0.1000298262901778,0.235911343862957,0.032409902302,-0.1099828320405199,0.2664034441172609,-0.0278275511523333,0.1172896215610353,0.0816307215180421,0.0258757516763333,-0.1193978825654582,0.0240378547722706,-0.10404410679,0.1367359649745593,0.0073131309312388,-0.0601353895136666,-0.0321168269415323,0.0218486177655409,-0.1970835735333333,0.1301835382902134,0.0002435020557083,-0.0708915960953333,0.0160851996794501,0.034001678766013,-0.2547847071333333,0.1216284363015452,0.0112279201012373,-0.0843352024596666,0.0362685671349903,0.091200147040497,-0.2556490837,0.1383192968952007,-0.0046177194458047,-0.0678499801333333,-0.0187878872080128,0.0456907124479273,-0.212278515,0.0717121378441601,-0.1628642454491544,0.0590877563866666,-0.0695601957344907,-0.167129212837775,-0.0568270471033333,0.1014055649019674,-0.4971884987239748,0.0548546242066666,-0.0297789487059577,-0.4473722337684507,-0.0822234780333333,0.0831475938303147,-0.7622614266065707,0.2098578967,-0.0676502742021208,-0.7749517578491127,0.0635697897966666,0.0648050087638303,-0.7904740042039349,0.2304514377999999,-0.069038338978954,-0.8037612252786405,0.0370259693533333,0.1129928446976193,-0.8182291031587118,0.2023656035,-0.0382270731800839,-0.83129635126548,-0.04228561831,nijmegen_nijmegen_rennen_g_ch1_g11_compr.mp4,ch1g11,7.093554397870889e-05,0.0003992702223475,3.7553821785329616e-05,0.0001149417806999,0.0001277845483798,0.0004218369561375,3.80011171785609e-05,6.347362026739622e-05,7.732402338651189e-05,4.333689586105833e-05,0.0004181304423174,9.134130944256672e-05,3.612898713566887e-05,3.64760775318188e-05,5.53218706031301e-05,0.000106760345901,0.0001139465253315,0.0004756575274867,8.572021060015023e-05,3.5423830894394185e-05,0.0005058146067733,2.67916853960488e-05,3.6464625478283e-05,4.0076998832791576e-05,0.0001151171158255,1.100795449329209e-05,3.9356027548756185e-05,0.0003777520453268,7.542919455313667e-05,0.0005194874290989,1.0799158818028432e-05,7.002189360297951e-05,0.0004816397059375,0.0005642565378615,0.0001435266695124,8.295114995766163e-05,0.0001332926885632,0.0001241348944255,0.0001211303082469,0.0001091041304593,6.529928927453431e-05,7.156950637591752e-05,0.0001744415844303,1.4675702283330344e-05,3.660564883830209e-05,3.1957406063804596e-05,0.0001625549460316,4.2066703408876976e-05,0.0005413089987266,-0.0007680228007741,0.0062694773148751,-0.0062618127706839,0.0079138703695955,-0.0076604614590063,0.0086597585119323,-0.008208542592604,0.0069609607936404,-0.0067245323886007,0.0001538165788572,-0.0001568906568077,0.0006389170226681,0.000612275981528,0.0018722854919694,0.0005707046486071,0.0020467515401004,0.000607203620802,0.0017758181104006,0.0005572302673146,2.9143086618628697e-06,2.159903232667781e-05,7.90294089523794e-06,1.671617157651664e-05,1.1482427849377706e-06,2.2926547663724785e-05,7.78001749140876e-06,-8.376534382967634e-06,-8.181278876629092e-06,5.955079641080709e-08,7.5801413962016365e-06,-5.426214702406601e-06,8.41046913307832e-06,7.755268540276502e-06,-1.1236730229656206e-05,-1.115093138536002e-05,2.5188057404654505e-06,9.694058570828476e-06,-5.029454598592684e-06,8.272978617708367e-06,2.5796609130867723e-05,7.92185833597002e-06,8.345713158352346e-06,6.188268766334216e-06,1.0476583101935078e-06,-3.516161249804137e-07,6.989200038674365e-06,7.1235759173806e-06,7.17832046143699e-06,1.0495665602057164e-05,-3.105277653851703e-07,4.942760609761453e-06,2.4588231312807496e-05,-6.660853633637146e-07,-3.5961754735331795e-06,7.516506100042401e-07,-1.10867278908496e-06,-8.652164989527214e-07,-3.7174673555610287e-06,7.174954080735396e-07,6.090344048522261e-07,-9.08377474450306e-07,6.621732243390196e-07,-2.781411170794637e-06,6.120717485233169e-07,8.378387320388573e-07,7.772661450419878e-07,4.069693511202243e-06,1.156717548276251e-06,-4.186262924184235e-07,-3.865116209177136e-06,5.428264084287636e-07,8.588243609147028e-07,-4.001896365740862e-06,1.5157042050571204e-06,8.345538951961698e-07,1.159880738579182e-07,-5.18284186439625e-07,-1.4616257511299646e-09,2.1140675113091186e-07,-2.3610711147794967e-06,-1.4527164918952135e-06,-3.954461975394219e-06,1.2338121535811916e-08,-8.159927783312455e-07,-3.87824638064611e-06,6.024839871222035e-06,movement,movement,no movement,no movement
2516.666666666666,0.0347854160062681,0.3119504734055074,-0.2457510169,0.043624656248521,0.3306767027518829,-0.2380611245666666,0.0458829628840381,0.3314611188334613,-0.2274541835,0.0446983684256153,0.3312496089985237,-0.2310861332666667,0.0261767044662535,0.3397120419910062,-0.2621518309666666,0.0277034637494832,0.3382276379522889,-0.2753522952666667,0.0315359743808924,0.3290912055791208,-0.2548329452666666,0.0592236117667755,0.3416375315240106,-0.1233530968733333,-0.0471215284754183,0.3054529007322671,-0.1744214545333333,0.0495519895395173,0.3119547251738097,-0.1893835322333333,0.0218204374132458,0.2836614784509804,-0.2318526322333333,0.0986804625331905,0.2361292198478863,0.0314702020753333,-0.1113270313993109,0.2664786724816613,-0.0298031245339999,0.1166150095534378,0.0822752769993363,0.022832405943,-0.1213256568215303,0.023342225350582,-0.1026105775666666,0.1360463491724322,0.013793544914187,-0.0657936470103333,-0.0347771915307085,0.0156105407977237,-0.1925631766333333,0.1295612816773377,0.0083764541704978,-0.0770851500153333,0.0131801006500436,0.0263167487761794,-0.2497484414999999,0.1213479970325304,0.0201312836927917,-0.090094915003,0.0337845661880086,0.0829014385612703,-0.2508932027666667,0.137830632717574,0.0025636097749706,-0.0734443582366666,-0.0212835069313445,0.038958694326532,-0.205459729,0.0716198651595634,-0.162710859648987,0.05977841468,-0.0694640547181563,-0.16728514676349,-0.0575702397866666,0.1019719930615748,-0.4965126632300382,0.05569188432,-0.0295320692513115,-0.4467478421716374,-0.08334255698,0.0825721703672709,-0.760350751995741,0.2130459231333333,-0.0664662798048957,-0.7743408247401136,0.0630218691333333,0.0640885018797317,-0.7883884579571789,0.2339155916999999,-0.067768781789839,-0.8031034705498882,0.0366339609033333,0.1121726296907674,-0.816390774613543,0.2061903078666666,-0.036685381087841,-0.8307254430779143,-0.0428233545899999,nijmegen_nijmegen_rennen_g_ch1_g11_compr.mp4,ch1g11,7.350386989029434e-05,0.00041787509905,4.6307683239493305e-05,0.0001297784491556,0.0001290392032069,0.0004420236030261,4.659424824826991e-05,5.512373767163154e-05,6.859726913042839e-05,4.3319562241772375e-05,0.0004245427216484,8.558519454113043e-05,4.538003751636034e-05,4.510701417910012e-05,4.6232777080209906e-05,9.591559827293983e-05,0.0001177490817054,0.0004835644758384,8.037890466536319e-05,4.457339483192135e-05,0.0005295332948714,3.601476784673065e-05,4.567010411228163e-05,4.659642459474709e-05,0.0001164223882046,1.0739816451376252e-05,4.667868304799953e-05,0.0003843122180192,8.15488355971535e-05,0.0005273577225237,1.057482112984234e-05,7.472618065936838e-05,0.0005036729010814,0.0005842049254043,0.0001414741700469,0.0001029717722405,0.0001474149627008,0.0001350065016592,0.0001321751067525,0.0001173178623431,7.539423682790641e-05,8.241821663920099e-05,0.0001669699474191,1.5840818368197256e-07,4.373968386847873e-05,4.291284617347765e-05,0.0001155997025532,4.5102876362896066e-05,0.0005055744424215,-0.0007100217583954,0.0063830923301025,-0.0064173574986906,0.0080456681594567,-0.007878697091984,0.0087879518886684,-0.0084913227134342,0.0070666736076487,-0.0069330777968654,0.0001572619460117,-0.0001592913919393,0.0006498178978949,0.0006477270885637,0.0018834091866308,0.0006257793937788,0.0020550536697706,0.00066936940679,0.0018063045293082,0.0006243494977218,2.0813922024662645e-06,1.7605499585735724e-05,8.239716815939513e-06,1.4706260263390967e-05,5.93811868038134e-07,1.884609102349759e-05,8.100196701358527e-06,-7.059528843033071e-06,-9.286062592420717e-06,6.625622883242168e-07,3.986480180973871e-06,-4.539819540039025e-06,8.838778264847835e-06,8.113531754903866e-06,-6.701729683427358e-06,-9.736727165835477e-06,2.179020665684138e-06,4.988147888558205e-06,-4.24161900317408e-06,8.715841441201274e-06,2.1512962926086947e-05,9.032437394516029e-06,8.773471511121516e-06,6.056713171008181e-06,8.040168159833417e-07,-3.292663839681911e-07,6.932583786887375e-06,4.013555747728409e-06,5.603928697093154e-06,5.560577912159963e-06,-2.777134416705265e-07,3.999386426375756e-06,2.0416224950678265e-05,-6.42075276367512e-07,-4.2110501136287415e-06,5.046767899235367e-07,-1.9539123683596777e-06,-5.481030681703196e-07,-4.383696227166854e-06,5.004553282130175e-07,1.120036457837889e-06,-3.561301119950039e-07,5.596597381191104e-07,-3.14968705306568e-06,7.280196665076916e-07,5.458245377860962e-07,5.32649005122898e-07,4.7093125340422635e-06,1.3644879630525697e-06,-4.196611600997329e-07,-4.319418663869243e-06,6.454822767941262e-07,5.660234601129308e-07,-4.601850865177746e-06,1.1857845504081378e-06,5.486310142038542e-07,7.275802097741265e-08,-2.9376968098650674e-07,1.8421214384713473e-08,9.001084046684316e-08,-2.871550360384313e-06,-1.430498089587606e-06,-4.225243991242901e-06,2.6672453056943627e-08,-8.100919493292494e-07,-4.4986609291599154e-06,7.209309441148466e-06,movement,movement,no movement,no movement
2533.3333333333326,0.0340797394452258,0.3120528367813958,-0.2493557627666666,0.0427716553952251,0.3308234738599583,-0.2415894329333332,0.0450489192973199,0.3315914783451106,-0.2309805274,0.0438444321473909,0.3313786630290947,-0.2345895194333333,0.0253210966395177,0.3398184013745769,-0.2659132302666667,0.0268476812667723,0.3382951444779952,-0.2791543946000001,0.0306932620090342,0.329167423238082,-0.2585847815,0.057985524876646,0.3418003043652833,-0.1263078262733333,-0.0484148417526277,0.3054156149708955,-0.1781880508333333,0.048720901110589,0.3120023139097209,-0.1926668014333333,0.0209810927225265,0.283706859763681,-0.2354384715666666,0.097623872053477,0.2362825663043873,0.028978164972,-0.1127199457686706,0.2665184158758557,-0.0323564015463333,0.1164938011407531,0.0828010763430792,0.018069571373,-0.1235108249919057,0.0225960895169236,-0.1016881407333333,0.1357373426766447,0.0201525646775776,-0.073495690297,-0.0376794343676832,0.0092125622019273,-0.1894111603333333,0.1291650644555787,0.016372256617775,-0.0855138455653333,0.010052902903872,0.0184489769220708,-0.2461854024999999,0.1211639602958434,0.0289117001689339,-0.098063989693,0.0311621488691265,0.0744325555599123,-0.2478077221333333,0.1376297074396487,0.0095893785431993,-0.0810713480766666,-0.0239559630436297,0.0320289906335351,-0.192540064,0.0715491390851488,-0.162545988644634,0.0604002504433333,-0.0693916819275678,-0.167449463969878,-0.0582438456633333,0.1025421527109079,-0.4957864908646184,0.05737537902,-0.0292391192227644,-0.4460816256631166,-0.0838874380566666,0.0820423255179772,-0.7584279785626407,0.2179610850666666,-0.0653698959028737,-0.7736861498265626,0.0627075760766666,0.0634120441647528,-0.786300098509305,0.2392061084333333,-0.0666014547275663,-0.8024031839153815,0.0364731961266666,0.1114152693047822,-0.814541706911648,0.2118668540666667,-0.035350751401631,-0.830086116425172,-0.0432301778966666,nijmegen_nijmegen_rennen_g_ch1_g11_compr.mp4,ch1g11,7.492512560465988e-05,0.0004318795706576,5.5613819899082544e-05,0.0001415517063004,0.0001306425106075,0.0004572879370631,5.5745464221694555e-05,4.878909192588483e-05,5.8787253420156934e-05,4.453820746625225e-05,0.0004230427784616,8.160793037888139e-05,5.540692870114847e-05,5.433714151188728e-05,4.187070895630761e-05,8.736620716254588e-05,0.0001209184311158,0.0004819389387646,7.666744974355616e-05,5.4500862501887846e-05,0.0005480185736925,4.6892141740810486e-05,5.566490540005825e-05,5.2934208002231824e-05,0.0001182508753594,1.0460998583032855e-05,5.4033805898161826e-05,0.0003832018083027,8.519963994112694e-05,0.0005262971804542,1.0338854398391251e-05,7.802560372261126e-05,0.0005209020280106,0.0005959476749371,0.000140929653989,0.0001023472899969,0.000140572402279,0.0001238818252246,0.0001218723556577,0.0001018466191556,6.27209882158008e-05,7.116135461957526e-05,0.000142440160967,-4.0036111832207104e-05,3.1366958316664716e-05,3.420383931524155e-05,5.242615909498585e-05,3.54383244948088e-05,0.0004462282959584,-0.0006076296150874,0.0063658639581339,-0.0065059272737462,0.008017000346994,-0.0080269740190826,0.0087657972424924,-0.0086944610131999,0.00703818218437,-0.0070699336216538,0.0001592704241544,-0.0001603402605123,0.0006605335170081,0.0006940556525565,0.0018966615535797,0.0006696630707931,0.0020671930700606,0.0007189885026778,0.0018272441800463,0.0006834538431265,1.337347597000486e-06,1.3444899580757708e-05,8.506017287878377e-06,1.2216380866782709e-05,1.8188612412842009e-07,1.4483506451450605e-05,8.383634548389467e-06,-5.684776837760083e-06,-9.42947022831081e-06,1.1548942360060171e-06,7.266380766957235e-07,-3.750521298823184e-06,9.129468470696602e-06,8.400161915541703e-06,-1.2124589018665265e-06,-8.305120702005326e-06,1.6577275113767674e-06,6.526391005128209e-07,-3.536640793974966e-06,9.019960054314931e-06,1.7115090951199735e-05,9.933359342266946e-06,9.071799071660836e-06,6.063468077835065e-06,5.979461583438762e-07,-2.9283720778111684e-07,6.947059477112944e-06,9.864215038211808e-07,4.236813981256051e-06,1.2124065846476994e-06,-2.422769200126228e-07,3.1670509932014e-06,1.6080325597459522e-05,-4.99085212062826e-07,-4.4887071437609965e-06,3.374145166670545e-07,-2.2963846307095604e-06,-2.8863105657584394e-07,-4.746004808482814e-06,3.621050723587087e-07,1.3959289809368446e-06,2.8736029423045994e-07,4.320072909988885e-07,-3.4787968460677455e-06,6.733544177758817e-07,3.284986356010266e-07,3.6649577195435236e-07,4.885434022019602e-06,1.3728906239135924e-06,-3.706979374023571e-07,-4.663076203164099e-06,6.038080715214559e-07,3.477108470576435e-07,-5.0134857442590755e-06,8.498161274880937e-07,3.351181677810859e-07,1.3547594787936306e-07,-1.406742467457339e-07,3.1492583662683954e-08,6.749489061919966e-08,-3.298905475629399e-06,-1.175362785516024e-06,-4.502804845410081e-06,3.5261667956602626e-08,-6.716031534046425e-07,-4.871299035599335e-06,7.757068848170316e-06,movement,movement,no movement,no movement
2549.999999999999,0.0333506477743471,0.3121629887737756,-0.2529092859,0.0419016361678621,0.3309690647022291,-0.2450877338333333,0.0441978056155015,0.331717190889832,-0.2344588846,0.0429718856400064,0.3315027410091024,-0.2380738629333333,0.0244377962602649,0.3399143508231416,-0.2696636742333334,0.0259650744856865,0.3383552188668649,-0.2829548830333334,0.0298263738127915,0.329238506711796,-0.2623244568666666,0.056757467995073,0.3419245535427949,-0.1292478581399999,-0.0497196283363624,0.3053257182198836,-0.1817396109666666,0.0478900124792832,0.312041670473227,-0.1959026367666667,0.0201325705447315,0.2837461093391036,-0.2389859433333333,0.0967770155556457,0.2362995005516861,0.0266938154686666,-0.1141490730911694,0.2665335303591408,-0.034310442255,0.116893013835533,0.0832708828077274,0.014020211623,-0.1258129982744195,0.0219668361761236,-0.1001496552033333,0.1358145451009863,0.0264792509243446,-0.0800745563236666,-0.0408090366862219,0.0027416781894256,-0.1858319173,0.1290554219131673,0.0242969576817431,-0.092683745282,0.0066847600827781,0.0104564607018779,-0.2421559760333332,0.121133854804679,0.0376169960834593,-0.1048191121196666,0.0282975046162958,0.0658081376102653,-0.2443698414666667,0.1377300511323863,0.0165701070046023,-0.0875893101899999,-0.0268419652828401,0.0249905503916665,-0.160927072,0.0715038374169848,-0.1623810185227534,0.06094434846,-0.0693454160576081,-0.1676139089175522,-0.0588398721666666,0.103084579496912,-0.4950960207319894,0.0589540082833333,-0.028912883276523,-0.4453822888033081,-0.0842896874499999,0.0815371674288284,-0.7564681580338939,0.2221517892999999,-0.064306931377481,-0.7730140081832041,0.0624378836833333,0.0627685446398254,-0.784169403042738,0.2437043045666666,-0.0654845567497895,-0.8016815325559579,0.0363498958466666,0.1106691069312302,-0.8126571904729919,0.2166119987,-0.0342421144117901,-0.8293717523516565,-0.04389446831,nijmegen_nijmegen_rennen_g_ch1_g11_compr.mp4,ch1g11,7.520395074965316e-05,0.0004405213855285,6.449759863295593e-05,0.0001498887347387,0.0001330976115186,0.000466986938442,6.452307791096813e-05,4.470742011708238e-05,4.860446265705857e-05,4.5983937503014e-05,0.0004203615399528,7.930615464119224e-05,6.495989452637573e-05,6.316431323393291e-05,4.1638814603487126e-05,8.075128348523586e-05,0.000123427765076,0.0004781440615977,7.432060833950225e-05,6.398615038206447e-05,0.0005602989438823,5.801583595393834e-05,6.517806387668163e-05,5.877468210452158e-05,0.0001210838942536,1.0175280208654406e-05,6.080935243926619e-05,0.0003807566602421,8.757893154816583e-05,0.000523863049663,1.0101456520114506e-05,8.025707248082459e-05,0.0005323169639516,0.0006026899278318,0.0001420734397119,8.401032892073434e-05,0.0001131458718673,9.143800057569852e-05,9.050567959920891e-05,6.669721385824767e-05,3.125666761976421e-05,4.200894698694709e-05,9.498898169807764e-05,-9.317875335496106e-05,9.65562634478658e-07,1.2063648430659838e-05,-2.5105546094189804e-05,2.78060438531731e-05,0.0003908064124469,-0.0004601574957385,0.0063299553497989,-0.006501433920207,0.0079572077763352,-0.0080783254170363,0.0087246870372485,-0.0087890493674066,0.0069936105499723,-0.0071111053159682,0.0001613807168756,-0.0001618626354863,0.0006761160919124,0.0007280635824008,0.001929832460142,0.0007042036040708,0.0021008107316576,0.0007604868141975,0.0018728994070941,0.0007420068344856,8.116017185370697e-07,9.33864727267037e-06,8.881552244620068e-06,9.963914814194369e-06,-4.818437022817384e-08,1.0064571715059663e-05,8.805323254974144e-06,-4.2849424975975146e-06,-8.75570908032168e-06,1.522828480274784e-06,-2.5101763011178265e-06,-3.160328950488483e-06,9.470637751159915e-06,8.79994463577741e-06,4.044469984500967e-06,-6.877900597378702e-06,1.0788804982422158e-06,-3.5580311450413812e-06,-3.0002547054128e-06,9.374348717041897e-06,1.2469771557762335e-05,1.0750462730070565e-05,9.420413549913782e-06,6.35760666105908e-06,4.671408314959734e-07,-2.5286138062029004e-07,7.167009890840419e-06,-2.2219283653632684e-06,3.2295636514283144e-06,-2.734885097516907e-06,-2.064661949485911e-07,2.5456780719117605e-06,1.1600603667830466e-05,-2.7415408475310165e-07,-4.447726759315015e-06,2.679576587829656e-07,-2.1839787448449884e-06,-1.1649566635359676e-07,-4.812936520955755e-06,3.157068328491167e-07,1.455190043245215e-06,9.409391497752978e-07,3.183956096750744e-07,-3.997143447772286e-06,4.710841081670801e-07,2.1863596613912538e-07,2.98780058865243e-07,4.619957242673658e-06,1.2146110298466682e-06,-2.687691306370365e-07,-5.147280034885698e-06,4.394576930457516e-07,2.374507039940118e-07,-5.234480843251116e-06,5.669907345060979e-07,2.275801358368775e-07,2.762074421767991e-07,-7.229422896758014e-08,3.801029815742283e-08,1.370198426409173e-07,-3.821459127504256e-06,-8.024423074038271e-07,-5.095035501400249e-06,3.8588143437118225e-08,-4.359293699504014e-07,-4.9879009520778095e-06,7.778148318898266e-06,movement,movement,no movement,no movement
2566.6666666666656,0.0324366352433846,0.3122061149135502,-0.2565126807333333,0.0408848661502174,0.3310396823331465,-0.2486006850666666,0.0432011179515632,0.3317654676745594,-0.2379423767333333,0.0419527439031243,0.331550170036163,-0.2415881642,0.0234052641409126,0.3399328183913973,-0.2734057114333333,0.024935681602949,0.3383402212585333,-0.2867287094,0.0288133639987733,0.3292324013487101,-0.2660626188,0.0555445084135157,0.3419891003594371,-0.13216540044,-0.0510330659919985,0.3051817833178496,-0.1850178554999999,0.0469599041625454,0.3119953904219609,-0.1991621251666667,0.0191700764421402,0.2837107297275807,-0.2425330639,0.0961154313770666,0.2362175742195801,0.0244019665853333,-0.1155872272087185,0.2665263489842554,-0.0359300119653333,0.1174985209861554,0.0836457060858314,0.0099575725696666,-0.1281966225736274,0.0214563406022749,-0.0983539058333333,0.1360563646544705,0.0328032394364823,-0.086373178487,-0.0442283982863219,-0.0038252633809725,-0.1819779614333333,0.129108740283492,0.0322170714728314,-0.0995278966653333,0.0029964396058708,0.0023437792746191,-0.2377581550999999,0.1212306635271806,0.0463159109155056,-0.1112228775729999,0.0251031264039967,0.0570653591911809,-0.2405624149666667,0.1379909610716947,0.0235580860986903,-0.0938017333066666,-0.0300187258662895,0.0178715731189901,-0.169232398,0.0714772512759066,-0.1622168022606164,0.0614035854866666,-0.0693174430786639,-0.1677774719018622,-0.0593554799099999,0.1034526010918359,-0.4943993069581809,0.0603970634333333,-0.0285959088445939,-0.4446216578241969,-0.0845961213866666,0.0810327651052693,-0.7545198997023649,0.2259682508666666,-0.0633594295048194,-0.7723344837821244,0.0621963055599999,0.0621561961977862,-0.7820522862253566,0.2477993249333333,-0.0644870744852994,-0.8009491041769629,0.0362402648999999,0.1098353220960483,-0.8107879103360093,0.2209157029,-0.0332352310182335,-0.8286532845367169,-0.04462969235,nijmegen_nijmegen_rennen_g_ch1_g11_compr.mp4,ch1g11,7.52238780684918e-05,0.0004476483501564,7.243356241126143e-05,0.0001584141466684,0.0001332116464212,0.0004747198737855,7.241300063255961e-05,4.275046627504867e-05,3.9762205954925325e-05,4.79674973344402e-05,0.0004153858471818,7.765450076748049e-05,7.348059509191629e-05,7.103057694859795e-05,4.900716338360523e-05,7.577066436521711e-05,0.0001226935580541,0.0004709423406321,7.268434771330216e-05,7.242177570600228e-05,0.0005704810224835,6.82917419709409e-05,7.36602825058748e-05,6.43568443664218e-05,0.0001219339252968,9.869241489736956e-06,6.710496943136824e-05,0.0003764357903244,9.009251783065988e-05,0.0005171054407619,9.840525874188397e-06,8.213016335378306e-05,0.0005417769368921,0.0006079388896612,0.0001419538535609,4.440243860629771e-05,6.288892327478689e-05,3.642663364726707e-05,3.66908202032969e-05,1.1672614401350108e-05,-2.067431305711335e-05,-7.812717962829473e-06,2.7598551018794363e-05,-0.0001577028611803,-4.920022893109519e-05,-2.7154948838139123e-05,-0.0001163686483608,2.358713370244934e-05,0.0003365438533591,-0.000298777206365,0.0062578535607817,-0.0064821019889123,0.0078393455247653,-0.0081167073010584,0.0086111805306258,-0.0088698976314596,0.0069078045203549,-0.0071312441255375,0.0001613746450401,-0.000161453844479,0.0006920240910634,0.0007576406394789,0.0019262000646639,0.000706335475194,0.0020938784098409,0.0007655858893216,0.0018676508990849,0.0007633731177801,6.235025878382196e-07,5.217367963701642e-06,9.2696884678073e-06,8.251723270668142e-06,-1.082533480967238e-07,5.554800748285576e-06,9.256644581876136e-06,-2.973317457316016e-06,-7.351497897641405e-06,1.7598833581192498e-06,-6.241845765733853e-06,-2.7955992281217755e-06,9.779319764502175e-06,9.217755795478345e-06,8.49792184645741e-06,-5.650944027578962e-06,6.01688316834844e-07,-8.263978185338152e-06,-2.6433294480434137e-06,9.69876040701242e-06,7.4834273098631885e-06,1.1318309964916306e-05,9.738302967198926e-06,6.831594444646048e-06,3.846296689734333e-07,-2.17581007102818e-07,7.4765174489311375e-06,-5.9339429339173806e-06,2.6742894752097847e-06,-7.232259900264611e-06,-1.7532806969284215e-07,2.2286787629666054e-06,6.861707720366215e-06,-4.1715460302688416e-08,-4.243008006292958e-06,2.751139947951301e-07,-1.841842773551665e-06,7.163539481196707e-08,-4.716186339890105e-06,3.365911733254205e-07,1.3462496931197388e-06,1.4789834517864986e-06,2.129592519119171e-07,-4.647716470855454e-06,1.8134597976218345e-07,2.034724232241274e-07,3.095232739123323e-07,3.8626539142362966e-06,9.327399404722248e-07,-3.725746913779207e-08,-5.714537505610686e-06,1.9527609386260165e-07,2.247022306106544e-07,-5.39218248942504e-06,3.6933526570477273e-07,2.133740867680117e-07,4.281484597901378e-07,1.9107405630202552e-08,4.1149053045396996e-08,2.4615874465541284e-07,-4.379607000028069e-06,-4.542491367128303e-07,-5.917732154761963e-06,4.0116823555557536e-08,-1.7288165288550657e-07,-4.971882773928209e-06,7.449600961112647e-06,movement,movement,no movement,no movement
2583.333333333332,0.0311653150406679,0.3121989049827333,-0.2599462083,0.0395834001573441,0.3310474245531534,-0.2519829452,0.0419270574230179,0.331743026413121,-0.2413093423,0.0406504269821579,0.3315277040851668,-0.2449630975333333,0.0220659242725647,0.3398786600790041,-0.2769526348333333,0.0235989053770386,0.3382583278182206,-0.2903001711333333,0.0274981937462421,0.3291657035855301,-0.2696032861666667,0.0543332299091477,0.3419560911387763,-0.1351179232066666,-0.0524093476884459,0.3049725987200525,-0.1882144476333332,0.04582158189008,0.3118832581834421,-0.2023345635,0.0179557553308945,0.2836283243793908,-0.2458934610333333,0.0956435059739315,0.2360110982927263,0.0217615122386666,-0.1170999183278173,0.2665034451664382,-0.0371329587906666,0.1183786640893432,0.0838813929630613,0.005115957923,-0.1308114134897266,0.0211392381961382,-0.0958104585366666,0.1364369793184993,0.0387901896359659,-0.0935680263503333,-0.0480308244643344,-0.0105643617936747,-0.1776481849333333,0.1292782386818084,0.0397147187367971,-0.107436262912,-0.0010587523349485,-0.0060735106814885,-0.2329511547333332,0.1214066681210673,0.0545403529758222,-0.1186351362296666,0.0215742609041228,0.0479186672297096,-0.2363994601666666,0.1383677790119882,0.0301533667024859,-0.1008870700666666,-0.0335423794529963,0.0104455235371079,-0.175064757,0.0714911933227939,-0.162055796199677,0.0616872180366666,-0.0693306594237787,-0.1679388890599558,-0.0596939569299999,0.1036652696624,-0.4937336361330732,0.0618382473666666,-0.0283142168981186,-0.4438372645818401,-0.08488226143,0.0803846610054399,-0.7525750169083912,0.2307604022,-0.0623440001329219,-0.7716437000589719,0.0618891481733333,0.0614415221488062,-0.779937190830994,0.2529812087666667,-0.0634078145452484,-0.8001956897015037,0.0360461945366666,0.1089374688278798,-0.8089330878682717,0.2263208135,-0.0322899657847592,-0.8278710995460794,-0.04557262355,nijmegen_nijmegen_rennen_g_ch1_g11_compr.mp4,ch1g11,7.555429400113004e-05,0.0004525204658337,8.028041191487813e-05,0.0001662456925274,0.0001319149568287,0.0004794512962671,8.03096996052124e-05,4.138147180861368e-05,3.30876524770752e-05,4.9975047668525975e-05,0.0004071957999177,7.536403362123415e-05,8.199064854166816e-05,7.876139197292664e-05,6.243111782999175e-05,7.030623084320108e-05,0.0001216189463132,0.0004607769892849,7.05869902009611e-05,8.077336104875894e-05,0.0005764366070287,7.806086311128402e-05,8.208217575827406e-05,7.073064621889585e-05,0.000121262607727,9.685183090917993e-06,7.427202433401719e-05,0.0003692320855509,9.308070268004808e-05,0.0005070614435406,9.691346024775072e-06,8.440426008691542e-05,0.0005477368739473,0.0006104444116839,0.000140310880613,-2.4407553553660387e-05,-1.5591323379856056e-05,-4.605003160139319e-05,-4.467793121452534e-05,-6.986540824834737e-05,-9.970368447365028e-05,-8.481891110479945e-05,-6.02375015108402e-05,-0.0002355836621313,-0.0001247203096266,-9.093524500483442e-05,-0.0002204102435288,1.22550459072372e-05,0.0002517326120258,-0.0001498823210811,0.0061189993213924,-0.00642308888229,0.0076596723624847,-0.0080953866003595,0.0084364962641589,-0.0088733568387421,0.0067545544381014,-0.0070967671366041,0.0001606623545235,-0.0001606155410202,0.0006794472381969,0.0007845522911009,0.0018915188609264,0.0006845212487515,0.0020575029848425,0.000743529436696,0.0018382399769507,0.0007716113686408,7.74359312000962e-07,1.055061787950902e-06,9.490048852149072e-06,7.145054641554912e-06,-2.3260671287438354e-07,7.799126317476616e-07,9.544844916327994e-06,-1.83203826746048e-06,-5.339042697284027e-06,1.9058898906641357e-06,-1.037456300662472e-05,-2.8240625432541365e-06,9.880991191944362e-06,9.479101443409232e-06,1.1942881941858137e-05,-4.760161514731323e-06,3.2671942965214125e-07,-1.33791624175251e-05,-2.6246116584316425e-06,9.827981331487272e-06,1.8303433552354543e-06,1.1467138086966827e-05,9.85230612226427e-06,7.305023615372606e-06,1.6337001508825097e-07,-1.8450968505811075e-07,7.698381267746199e-06,-9.939889210578204e-06,2.5094454581717584e-06,-1.2415994006082464e-05,-1.4306628092122269e-07,2.1291865564567767e-06,1.7038261908025544e-06,1.3159958145942601e-07,-3.905470272478704e-06,2.788532285979025e-07,-1.3709060904296811e-06,2.5650350389932013e-07,-4.462167705946859e-06,3.420836608905593e-07,1.1644222869548816e-06,1.824333786906819e-06,1.191155404570707e-07,-5.250710372418018e-06,-1.0673988834664907e-07,2.0414746733953907e-07,3.18803379237999e-07,2.7788083012440915e-06,6.279202295054929e-07,2.1647851964889489e-07,-6.2164303679286565e-06,-5.4170827474065855e-08,2.3205556795158626e-07,-5.429075152112667e-06,2.229750172335692e-07,2.1599416107010825e-07,4.997181482794852e-07,1.374023251381964e-07,3.8528171245059963e-08,3.042320439706816e-07,-4.8002172873882875e-06,-2.169536842796347e-07,-6.826858955313689e-06,3.722074820589163e-08,5.133541109581328e-08,-4.799540974947815e-06,6.920689498828604e-06,movement,movement,no movement,no movement
2599.999999999998,0.0296533113420995,0.3121508339719375,-0.2632578831,0.0380717530958471,0.3310052152962838,-0.2552651703333333,0.0404469247943337,0.3316673750122044,-0.2445853735333333,0.0391419375999334,0.3314538633899027,-0.2482364684,0.020513437850443,0.3397770760259679,-0.2803703686333333,0.0220501810718459,0.3381311192630485,-0.2937402328333333,0.0259711531144552,0.3290571088027734,-0.2730147381333334,0.053084537020202,0.3418706833028591,-0.1380892616966666,-0.053824171347649,0.3047224262804531,-0.1912668451999999,0.0445225171748711,0.3117295207813266,-0.2054328258666666,0.0165664448139798,0.2835162415199874,-0.2491441895666666,0.0952783691494642,0.2357327215683764,0.0189938716386666,-0.1186457758909016,0.2665350107660119,-0.03814176579,0.1194908437435039,0.0840321081313267,0.0002388744229999,-0.1336774780715045,0.0211995870423065,-0.0929612425333333,0.1371194156513109,0.0446373605118636,-0.1005799458903333,-0.0521037501329205,-0.0169822699164719,-0.1730400599333333,0.1297586530397959,0.0470916047065792,-0.1151728001286666,-0.0053657063942442,-0.0142046967389566,-0.2278998438666666,0.1218462489331799,0.0626409608862266,-0.1258733590096666,0.017857007086061,0.0388959053042183,-0.2319731839666666,0.1390346243309567,0.0366102595734395,-0.1077821199833333,-0.037300992966874,0.0032750260312832,-0.191749543,0.0715222159067523,-0.1619003963590551,0.06191232218,-0.0693610176294131,-0.1680953126085435,-0.05997480607,0.1038474242759888,-0.4930946353880167,0.0632979753,-0.0280229370408254,-0.4430290342066729,-0.0851953713333333,0.0796823461651901,-0.750714564779617,0.2355470431,-0.0613740950632709,-0.7709408188667797,0.0613933025966666,0.0606785599893855,-0.7779147938724909,0.2581382722000001,-0.0623830203108697,-0.7994319064403013,0.0356442532233333,0.1080383606176606,-0.8071393455436701,0.2316257187666666,-0.0313577342571914,-0.8270799038058425,-0.0468739535066666,nijmegen_nijmegen_rennen_g_ch1_g11_compr.mp4,ch1g11,7.643517662251353e-05,0.0004533290710084,8.900880039008274e-05,0.0001731257228155,0.0001299501327834,0.000479786377293,8.913036751042253e-05,4.0315809595574414e-05,2.8259427571246365e-05,5.200611115532848e-05,0.0003955085987888,7.203302405612079e-05,9.108988120560006e-05,8.745713976058453e-05,7.813585889566673e-05,6.531055762206895e-05,0.0001208582144139,0.0004468282359608,6.758262647354595e-05,8.97911578455786e-05,0.0005774500321981,8.832903998575555e-05,9.111614075989585e-05,7.786596055806176e-05,0.000119874045205,9.492475349480618e-06,8.168721283954817e-05,0.0003583449293854,9.588579595080682e-05,0.0004927120247204,9.539862224841427e-06,8.63627588537556e-05,0.0005485119090636,0.0006082730171422,0.0001376124925829,-0.0001120873127999,-0.0001088530991882,-0.0001419711980937,-0.0001393181800393,-0.000163228089966,-0.0001913976593394,-0.0001753988315328,-0.0001528375675552,-0.0003089881317,-0.0002122173695563,-0.0001677673234557,-0.000324452987052,5.805197290558387e-06,0.0001371594581076,3.499179682363093e-06,0.0059227466985444,-0.0063038514115994,0.0074152164887913,-0.0080023657612329,0.0081857333190437,-0.0088034417524385,0.0065457721210956,-0.006993790185233,0.0001572720847943,-0.0001570969064812,0.0006533661505958,0.0008154650895002,0.0018329941584318,0.000645793574952,0.0019964873509809,0.0007009850906008,0.0017840051385605,0.0007754490793003,1.1529322236330664e-06,-2.8219679738203756e-06,9.592189555854312e-06,6.296518328916417e-06,-6.570734872647637e-08,-3.7932338554210944e-06,9.705964717208395e-06,-1.0107433030432967e-06,-3.080122164954297e-06,1.9048086413465367e-06,-1.518176878021346e-05,-3.153989159325086e-06,9.871188550723758e-06,9.627180511692206e-06,1.4125544185488144e-05,-4.497239374515156e-06,7.012278669074458e-07,-1.912217038299229e-05,-2.8804287285912426e-06,9.85008592087878e-06,-4.006206648626186e-06,1.135005006305944e-05,9.854038053759777e-06,7.724412329272694e-06,1.457372214187377e-07,-1.5427375645463925e-07,7.85179328295751e-06,-1.4337590596383334e-05,2.5611575493465887e-06,-1.8709718512938457e-05,-1.1037115685609861e-07,2.261611435733401e-06,-3.340866198410974e-06,1.996855397391762e-07,-3.405176511994652e-06,1.8424258313285636e-07,-8.709399925768526e-07,4.1245146590984985e-07,-4.026936732975229e-06,2.394847916910833e-07,9.622863289838775e-07,1.9661464157954885e-06,3.7474281219279594e-08,-5.594715096174991e-06,-3.347141416564648e-07,1.3333176072610337e-07,2.2689430789013946e-07,1.6247461025146306e-06,3.1509613696372817e-07,4.485211366877397e-07,-6.416497366128171e-06,-2.570006386308111e-07,1.6553908469338572e-07,-5.291367582759416e-06,4.6299586752511546e-08,1.4715891426094862e-07,4.363174445308151e-07,2.618510590564698e-07,3.751116281409432e-08,2.712388250663558e-07,-4.889805901405206e-06,-1.291023008895566e-07,-7.537171100989875e-06,3.607281663123504e-08,2.031972242456601e-07,-4.414243651830504e-06,6.237288288957269e-06,movement,movement,no movement,no movement
2616.666666666665,0.028035822983098,0.3120339082861616,-0.2665821776666666,0.0364551710932721,0.3308829809413389,-0.2585986743333333,0.0388616404532922,0.3315118186745837,-0.2479056159666667,0.0375322259517539,0.3313015021406533,-0.2515651484,0.0188767830882917,0.3396097649181021,-0.2837698733666667,0.0204183855930107,0.3379345536528685,-0.2971489246333333,0.0243598974559004,0.3288752066633868,-0.2764090766,0.0517850308093042,0.3416790082687667,-0.1411450395866666,-0.055245125283193,0.3043880501870241,-0.1942116211333333,0.0431345969424184,0.3115018933048316,-0.2085736077,0.0151100079325526,0.2833408545516816,-0.2523567105333333,0.0950166020074906,0.2353272100813582,0.0160005863553333,-0.1202551179292212,0.2665588265232991,-0.0391445104693333,0.1209170126273185,0.0840863692892601,-0.0048929733603333,-0.1366614463106677,0.0214677575343102,-0.0901505970733333,0.1380008426943522,0.0504117244503556,-0.1077139227436666,-0.0564020553959519,-0.0229736880145474,-0.1682145945433333,0.1304230880614025,0.0543464166102231,-0.1230172269953333,-0.0099224147807262,-0.02192605912073,-0.2224824764666666,0.1224330531086225,0.0706570062328545,-0.1332508019663333,0.0138626229492992,0.030272086752962,-0.2272081745999999,0.1398813446219662,0.0430180069407303,-0.11481826718,-0.0413058201430858,-0.0034394693724515,-0.184343576,0.0715592792605005,-0.1617513301859147,0.0620776285833333,-0.0693967408538513,-0.1682451150163144,-0.0602019442233333,0.1038061689197905,-0.4924552996769135,0.0646174157533333,-0.0277320142348578,-0.4422004860101181,-0.0855178923133333,0.0787672105076268,-0.7488954247709304,0.2401981961666666,-0.0604492297232512,-0.7702395599497561,0.0605610570966666,0.0597195813111305,-0.7759307115173999,0.2631470894000001,-0.061412828406001,-0.7986704474772631,0.03485130734,0.1069949769911144,-0.8053703177425379,0.2366259260999999,-0.0305916599431153,-0.826269151174178,-0.0485135561533333,nijmegen_nijmegen_rennen_g_ch1_g11_compr.mp4,ch1g11,7.817128237285427e-05,0.0004502158576964,9.930078403479664e-05,0.0001805797331674,0.000129316743885,0.0004754245282286,9.955467550614832e-05,3.90550052275056e-05,2.657423942621519e-05,5.32299577511015e-05,0.0003791233892032,6.797702807397373e-05,0.0001015411589864,9.779888309345238e-05,9.3026701652536e-05,6.04204356726885e-05,0.0001215682166434,0.0004269079236744,6.388676582701291e-05,0.000100239049065,0.0005722874804725,0.0001001952000283,0.0001015864535901,8.651108506685811e-05,0.000119262545858,9.45058566135782e-06,9.032402019704034e-05,0.0003426985652595,9.94549854864377e-05,0.0004726953790837,9.526552082892984e-06,8.906457295245359e-05,0.0005440073986184,0.0006011652288709,0.0001352962441917,-0.0002108143524737,-0.0002103427149043,-0.0002442427870995,-0.0002401976252387,-0.0002600795915966,-0.0002883366171151,-0.0002729027374602,-0.0002445206315531,-0.0003737983225232,-0.0003063728316881,-0.0002511130941604,-0.0004136106491276,8.381686054447667e-06,1.7608597640293456e-05,0.0001547261665832,0.0056509438026872,-0.0060945739645196,0.0070836885100844,-0.0077981237751386,0.0078432007994148,-0.008609481405318,0.0062622307070928,-0.0067875908836381,0.0001509862965659,-0.0001507809898805,0.000625424443954,0.0008417999236246,0.0017825420843549,0.0006028768040326,0.0019501008274713,0.0006524419874923,0.0017195465443357,0.0007676275714864,1.595432876411309e-06,-5.97358293890474e-06,9.78142295402254e-06,5.791878540226928e-06,2.877514119264114e-07,-7.591884406001836e-06,9.942741833247777e-06,-3.141441910811011e-07,-9.480437058885766e-07,1.8644313733581269e-06,-2.0670094776217334e-05,-3.655505879141196e-06,1.0025581491932674e-05,9.857947132715283e-06,1.498812568607127e-05,-4.449929199427293e-06,1.5589277639830514e-06,-2.5417632828761935e-05,-3.2863052831444445e-06,1.0038543978416736e-05,-9.27394523652077e-06,1.1301614211826774e-05,1.002032115571219e-05,8.198804404793193e-06,3.2351022644566357e-07,-1.1610118399912349e-07,8.15889177561178e-06,-1.900908921256538e-05,2.7079281463512474e-06,-2.630499165151552e-05,-6.91747706912701e-08,2.7088143927061327e-06,-7.631725525387104e-06,1.342423439416982e-07,-2.788692751506271e-06,-5.1803307970729026e-08,-4.683803873521647e-07,4.650035030938821e-07,-3.4315498208665892e-06,-1.2645309936403204e-08,7.891626711640673e-07,1.8815307272429376e-06,-1.3603424849814642e-08,-5.421274581993627e-06,-4.737406991778849e-07,-5.719748920230716e-08,-1.125211015934763e-08,6.545540127377513e-07,5.2191821406638695e-08,6.02271079164154e-07,-6.014973115758398e-06,-3.861579378961345e-07,-2.493943056988665e-08,-4.943209307877422e-06,-2.0980564752756474e-07,-4.4182905415499134e-08,2.1131423866550749e-07,3.36406431346433e-07,3.5500694998813936e-08,1.140447972764482e-07,-4.447037273950424e-06,-2.109981507260448e-07,-7.684753991547864e-06,3.3911960795032906e-08,2.346452117058743e-07,-3.8398110574842045e-06,5.310439616552973e-06,movement,movement,no movement,no movement
2633.3333333333317,0.0263089344353782,0.3117901984073438,-0.2699193880666667,0.0347489175487725,0.3306329385499805,-0.2619354819333332,0.0371899847691044,0.3312272015954721,-0.2512370720666667,0.0358363863381577,0.3310225213230305,-0.2548929313666667,0.0171428583949676,0.3393163165443643,-0.2871562486666666,0.0186902257954282,0.3376118524338339,-0.3005484339,0.0226507033121649,0.3285678306173867,-0.2797905211,0.0504922115690406,0.3413897269345133,-0.14419734426,-0.0566843440233094,0.3039857897403278,-0.1970412977999999,0.0416775835653413,0.3111622728068877,-0.2117357225,0.0135753242087808,0.2830637387346448,-0.2555758928,0.094898356976925,0.2348714448222741,0.0129951926386666,-0.1219410270085994,0.2665862702923437,-0.0400844148099999,0.1226707444465375,0.0840639518888708,-0.0100967763669999,-0.1397318695378298,0.0218390910787503,-0.0872237641266666,0.1391032313370847,0.055995488676131,-0.11498650804,-0.0609060961807977,-0.0287288351920293,-0.1633484815399999,0.1312992661155146,0.0613716683200123,-0.1310528000353333,-0.0146963939597097,-0.0293821553641393,-0.2170646948666666,0.1231400957340572,0.078422169466991,-0.1408238213763333,0.0096058066321947,0.0219801184208163,-0.2224735188666666,0.1409061748578074,0.0492077048609975,-0.1219914808166666,-0.0455238844373519,-0.0098870910106863,-0.176358745,0.0716213528241703,-0.1616058499616999,0.0621835433033333,-0.069456532210358,-0.1683908722923301,-0.0603698678933333,0.1037529807799787,-0.491815449572407,0.0658709338433333,-0.0274776744326556,-0.4413241762783647,-0.08579661605,0.0778315984079331,-0.7471102454422374,0.2448052706333333,-0.0595721614365956,-0.7696074662327547,0.0593672612466666,0.0587503142787518,-0.7739765173632718,0.2680963481666667,-0.0604840013198933,-0.7979856555838942,0.0336462096133333,0.1059299355850955,-0.8036086401663538,0.2415121921999999,-0.0298999478318342,-0.8254643849869914,-0.0506684035733333,nijmegen_nijmegen_rennen_g_ch1_g11_compr.mp4,ch1g11,8.017935196372308e-05,0.0004436950214694,0.0001097353743329,0.0001878326968952,0.0001301887811923,0.0004666182093286,0.0001101824637111,3.767821935017139e-05,2.7292381603546348e-05,5.4907519034165495e-05,0.0003594831261696,6.383089223769901e-05,0.0001119729547428,0.0001083570064839,0.0001063683276334,5.6515219251313194e-05,0.0001237965890386,0.0004025107465435,6.016079150931811e-05,0.0001107345639172,0.0005607162423495,0.0001118480680292,0.0001120536175268,9.524339836203118e-05,0.0001198690749334,9.362633374881764e-06,9.87534162959015e-05,0.0003239205417308,0.0001019887613757,0.0004486362345472,9.480298107525113e-06,9.177983485987197e-05,0.0005353079634819,0.0005902415883165,0.0001341190365325,-0.0003228157761016,-0.0003206187597412,-0.0003538301639928,-0.0003479991196385,-0.0003644431525435,-0.0003937476904576,-0.0003801651072079,-0.0003309277137265,-0.0004400302586138,-0.0004066791798675,-0.0003451351871272,-0.0004860659091819,1.14714091210192e-05,-0.0001090759905426,0.0002860029433298,0.0052931943329723,-0.0058209335549553,0.0066485452644159,-0.0075171018274296,0.0073988333963378,-0.0083133296829015,0.0058936368196977,-0.006500257811107,0.0001415402226248,-0.0001411199341414,0.0006077619349054,0.0008785191300318,0.001746648878096,0.0005556953035174,0.0019217512558867,0.0005969092835993,0.0016677210831107,0.0007423305583403,1.8594748720110663e-06,-8.47097562521161e-06,9.879642310015994e-06,5.416787006100648e-06,8.945290776662608e-07,-1.0679264934846907e-05,1.0069289600089086e-05,3.422025975187529e-07,8.449111420768178e-07,1.8561277503076152e-06,-2.6231388519245455e-05,-4.274013835780384e-06,1.014319839566712e-05,9.994019506204082e-06,1.4795246696588066e-05,-4.654669102918504e-06,2.56348570711319e-06,-3.1641223452300694e-05,-3.802359970074256e-06,1.019037040466571e-05,-1.3948628889448646e-05,1.1205319116994105e-05,1.015078092669895e-05,8.534207472987006e-06,8.009639501596045e-07,-7.6876593697647e-08,8.420608902573015e-06,-2.3454743542827903e-05,2.595222587180546e-06,-3.4409542512520586e-05,-2.8821825913934887e-08,3.153526878483301e-06,-1.1146209676292916e-05,-4.6472191848439444e-08,-2.0935349933341487e-06,-3.856178074699798e-07,-1.819280001478104e-07,3.761389554448016e-07,-2.698439657555808e-06,-3.691326455264137e-07,6.646814545246838e-07,1.6267384702029235e-06,-9.019697074436536e-08,-4.587431939425256e-06,-5.187793410474273e-07,-3.3500576111068165e-07,-3.521182761183124e-07,-9.355141206520716e-09,-1.3284546496820118e-07,6.309970080477673e-07,-4.860789925917004e-06,-4.404384676552813e-07,-3.075517691807467e-07,-4.346511894859395e-06,-5.003665092851096e-07,-3.241802529240735e-07,-1.154890379016164e-07,3.131895696745894e-07,4.060971531680453e-08,-1.1854649355590746e-07,-3.4017817158189013e-06,-3.783917342344185e-07,-7.007076298219033e-06,3.7643168365128245e-08,1.5306628226514097e-07,-3.116849759094125e-06,3.998523843407612e-06,movement,movement,no movement,no movement
2649.999999999998,0.024421886441596,0.3113503410390441,-0.2732059484333334,0.0328893242205254,0.3301971487172765,-0.2652845288333333,0.0353691004580764,0.330759307881125,-0.2545800646333333,0.0339927735884928,0.3305622720922867,-0.2582349061666666,0.0152596105245679,0.3388403816564728,-0.2904650505333333,0.0168152380485536,0.3371054746032051,-0.3038593745666667,0.0207918214558334,0.3280741425566308,-0.2830936520666667,0.0491933021743481,0.3409842576462022,-0.14726120108,-0.0581530640453261,0.3034816703414255,-0.1996353490666666,0.0401113721352196,0.31065927109377,-0.2148816988666666,0.0119363219032745,0.2826244920600704,-0.2586559344999999,0.0949127792688508,0.2343477985791913,0.009964552132,-0.1236936436275598,0.2666003131549251,-0.0407652605536666,0.124746637159067,0.0838771608304139,-0.0155095059469999,-0.1429094788897264,0.0221427394986364,-0.0841401092766666,0.1403644438450818,0.0611401947130496,-0.1228273848766667,-0.0655924477089255,-0.0343785561352319,-0.1587970758233333,0.1323120707692502,0.0678216722796337,-0.1397069628653333,-0.0196700860792442,-0.0367263315086694,-0.2120115253333333,0.1239405655791762,0.0856850182359345,-0.1490164679826666,0.0051525179425118,0.0138579262307032,-0.2181176590999999,0.1420576814148646,0.0549652374529649,-0.1297418204936666,-0.0499299214996938,-0.0162009963516292,-0.177720159,0.0717087433862292,-0.1614717512952388,0.06221380098,-0.0695406017673012,-0.1685240983710793,-0.0604604294533333,0.1036252155415601,-0.491227437569439,0.0665961870166666,-0.0272469233266602,-0.4404336919511548,-0.08625679818,0.0768964768433553,-0.7454705826662061,0.2488445269,-0.0587518791355095,-0.7691096939833791,0.0576275521066666,0.0577764958147776,-0.7721641938542617,0.2724488372666667,-0.0596128087806751,-0.7974551327742581,0.03184809783,0.1047526685786797,-0.8020242486660011,0.2457551741666666,-0.0293710904460973,-0.8247463813854481,-0.0534710509866666,nijmegen_nijmegen_rennen_g_ch1_g11_compr.mp4,ch1g11,8.212130256847607e-05,0.0004336155431995,0.0001201794282031,0.0001936309529291,0.0001315547977207,0.0004539020477217,0.0001208476362698,3.69221151960078e-05,3.023007687961857e-05,5.6797034096708894e-05,0.000334185989783,5.879745004486372e-05,0.0001225447836413,0.000118966608419,0.0001198721144126,5.18371954734874e-05,0.0001270921069886,0.0003712054918564,5.569579136353202e-05,0.0001213972535304,0.0005442448475364,0.0001234382318197,0.0001226421874989,0.0001041519950713,0.0001209464797732,9.263683577352455e-06,0.0001074405440413,0.0003007264628933,0.0001042169043603,0.0004158725099428,9.429078031928875e-06,9.507114235430622e-05,0.0005222265242388,0.000574735691022,0.0001331543170353,-0.0004401285309295,-0.0004327088583704,-0.0004635783969478,-0.0004562855436395,-0.0004692955219097,-0.0005002763590025,-0.0004893384560483,-0.0004093719021436,-0.0005008369233419,-0.0005061648076676,-0.0004423835165533,-0.0005457538808659,1.6589468620726605e-05,-0.0002439079797088,0.0003937060282444,0.0048210167943551,-0.0054973874117311,0.0060788790257136,-0.0071617964848346,0.0068082410538339,-0.0079356230488144,0.0054027833983026,-0.0061558874701825,0.0001286465050733,-0.0001276881070195,0.0005957479968924,0.0009185781769172,0.001709891909246,0.0005061650679127,0.0018907540890817,0.0005376084967793,0.0015938973834786,0.0006970206652912,1.6529508700778472e-06,-1.0313037730626326e-05,9.522481935609216e-06,5.071345347998059e-06,1.4694306033471643e-06,-1.3052180765094812e-05,9.717828494907872e-06,1.1338107332718757e-06,2.0676256539850744e-06,1.7664623578178055e-06,-3.105252274480723e-05,-4.808592797303174e-06,9.850192963220642e-06,9.671019698463033e-06,1.3826174030506e-05,-4.78370302290898e-06,3.475598892633587e-06,-3.666268863244456e-05,-4.258912670557226e-06,9.924014166062388e-06,-1.8021982065224097e-05,1.076841424888915e-05,9.86183959865986e-06,8.410429022205524e-06,1.3912142657323698e-06,-3.468890849542224e-08,8.336478873953539e-06,-2.691532577806836e-05,2.0497436424851764e-06,-4.185485565573484e-05,1.0975626299356708e-08,3.251403494352528e-06,-1.389006145337493e-05,-3.1157251376621657e-07,-1.3653262906318503e-06,-7.941266841653341e-07,-4.44358484720991e-08,1.6772381498470093e-07,-1.8958818371111424e-06,-8.028192229667298e-07,5.801681256295666e-07,1.2620117139957857e-06,-1.9151932967838362e-07,-2.900052916547072e-06,-4.450349602647028e-07,-7.013528455560158e-07,-7.710514432477898e-07,-4.10843889536148e-07,-1.5504443548181858e-07,5.196338946790201e-07,-2.779599167275888e-06,-3.941413681201058e-07,-6.820649946437804e-07,-3.5651876038013645e-06,-8.328187969829675e-07,-6.931090427218994e-07,-5.13527208340267e-07,1.9769649491021305e-07,5.1041423854489874e-08,-4.275792573307411e-07,-1.6671014752353613e-06,-6.206751412681425e-07,-5.132104444287205e-06,4.545688082411759e-08,-6.284225406463479e-08,-2.292243411352919e-06,2.194108122864749e-06,movement,movement,no movement,no movement
2666.6666666666647,0.0223939858906942,0.3108753784336693,-0.276479968,0.0309144123335506,0.3297299397929449,-0.2686377351333333,0.0334328213540915,0.330262108683565,-0.2579324539,0.0320345744207934,0.3300725659269489,-0.2615814670666666,0.0132625822495853,0.338343860648476,-0.2937677906,0.0148283307606623,0.3365767410960816,-0.3071655195333332,0.0188192786934831,0.3275557350013531,-0.2863919521,0.0478883493337828,0.340542443064304,-0.1504692720866666,-0.0596540578899181,0.3029724974264013,-0.2022653682333333,0.0384239221595538,0.3101224667524921,-0.2180432663333333,0.0101837173833021,0.2821592502085904,-0.2617392981666666,0.0949621819968321,0.2338062543123152,0.006775995202,-0.1254631555815294,0.2666269322264604,-0.0415273317303333,0.1269399259293494,0.0836353991344504,-0.0211524110336666,-0.1461182752403612,0.0225096764514624,-0.0812950758766666,0.1417896984972191,0.0659399776309685,-0.1309643522066667,-0.0704107486927023,-0.0397253216231824,-0.1545544335966666,0.133519685064318,0.0737868787391104,-0.1486516547619999,-0.0247915920070825,-0.0436923969080097,-0.2072572726,0.1248840003360199,0.0924078346834354,-0.1574813573126666,0.0005422211664513,0.0061743424321012,-0.2140318471333333,0.1433584875226925,0.0603455306975228,-0.137781903577,-0.0544834955081566,-0.0221608838408128,-0.170184284,0.071803219580714,-0.1613448473923629,0.0621938254766666,-0.069631218475759,-0.1686487001195903,-0.0605006425933333,0.1033851010367822,-0.4906389564372567,0.06693809888,-0.0270710316529791,-0.4395334652183574,-0.0868373762266666,0.0757396033564009,-0.7438400526790985,0.2520344473,-0.058026909656942,-0.7687154138148415,0.0557130021799999,0.0565759660281257,-0.7703580664852682,0.2758783117,-0.0588392954338088,-0.7970430566265759,0.0298781097153333,0.1033088806851678,-0.8004895710262444,0.2491583763666666,-0.0289969585280823,-0.8241254284861658,-0.05635098593,nijmegen_nijmegen_rennen_g_ch1_g11_compr.mp4,ch1g11,8.389301533430387e-05,0.0004198971822353,0.0001301694708115,0.000197018358035,0.0001326517892595,0.0004372901240952,0.0001310136832348,3.778325386010991e-05,3.4855521828420024e-05,5.8630480976069566e-05,0.0003027363378259,5.3334478798294e-05,0.000132900358324,0.0001291364728167,0.0001336466648261,4.630778811367274e-05,0.0001306212073339,0.0003333410265487,5.08241220939227e-05,0.000131858446196,0.0005219721591204,0.0001346685192171,0.0001330120452653,0.0001128886713782,0.0001219917312569,9.231803771620654e-06,0.0001161225454563,0.0002739601645939,0.000105921988391,0.0003721693730337,9.450701759752904e-06,9.860068194200656e-05,0.0005042233123991,0.0005550184500136,0.0001321554913035,-0.0005521369871007,-0.0005367929894149,-0.0005638956560106,-0.0005553734870747,-0.0005658149578042,-0.0005977084993924,-0.000589903402927,-0.0004776905260935,-0.0005523174996281,-0.0006001641536407,-0.000534752612501,-0.0005958628860942,1.9674811790421165e-05,-0.0003796441738961,0.0004748136619709,0.0042687434211633,-0.0050889793957769,0.0054041507769267,-0.0066835455124673,0.0061167772172081,-0.0074135889890714,0.0048229408982663,-0.0057158825937429,0.0001134645195627,-0.0001114312752029,0.0005903666997012,0.0009560768558224,0.0016742349481821,0.0004621269221485,0.0018571473399152,0.0004840661710742,0.0015333578176931,0.0006510388697278,1.07348290573804e-06,-1.1463404315923904e-05,8.646897917786795e-06,4.605319550295518e-06,1.6474343178787687e-06,-1.4643365322995488e-05,8.820168159443525e-06,1.8111337428718376e-06,2.9452775226545405e-06,1.5624317493934042e-06,-3.418505353821257e-05,-5.253169452599345e-06,9.106983270055387e-06,8.82030650875396e-06,1.2987912563839734e-05,-4.924905380748473e-06,3.8172825947284e-06,-3.952923907477837e-05,-4.643939963828875e-06,9.201811095756564e-06,-2.1120704239529903e-05,9.94489871564308e-06,9.124235542157692e-06,7.704638898465855e-06,1.6485765815697203e-06,2.0374901299278658e-08,7.787507773807944e-06,-2.8648963863696625e-05,1.0615698053640234e-06,-4.7359861159117755e-05,5.700427141362418e-08,3.028956363289005e-06,-1.5761805357276968e-05,-6.283185459956658e-07,-6.566180224028115e-07,-1.2183646125667455e-06,-7.413695885737059e-08,-1.492238194250508e-07,-1.0835706572892347e-06,-1.2502520160057769e-06,5.025906299959216e-07,8.673310520374618e-07,-3.166165937751296e-07,-3.677969277171082e-07,-2.828668110161035e-07,-1.107233698342894e-06,-1.207627865379472e-06,-6.05273352028377e-07,1.090299117237357e-09,2.664022499518408e-07,1.6384761934551458e-07,-2.705547549362916e-07,-1.0978576531500372e-06,-2.6166993008101966e-06,-1.1735877813115314e-06,-1.1030481180459284e-06,-9.232532194593144e-07,-1.7779948812986545e-08,6.476851958233644e-08,-7.686447276561184e-07,6.619171499843039e-07,-8.798208995508699e-07,-1.9536009094456164e-06,5.5504033814636696e-08,-3.822264308466548e-07,-1.412059473424758e-06,1.1140617847012837e-06,movement,movement,no movement,no movement
2683.333333333331,0.0202192421128007,0.3103262629233544,-0.2795995380333333,0.0288030494300285,0.3291948885483516,-0.2718651175999999,0.0313602438034824,0.3297018441532953,-0.2611642276666667,0.0299406923651425,0.329519959025953,-0.2648025249333333,0.0111294872921709,0.3377900010700196,-0.2968713920333333,0.0127051806576856,0.3359898690105467,-0.3102625167666666,0.0167095508807777,0.3269762127541291,-0.2894883731333333,0.0465876495981804,0.3400496702294356,-0.1536079247633333,-0.0612021230612467,0.3024365358717383,-0.2046523693333333,0.0366237497564044,0.3095248110745505,-0.2210880275666666,0.0083171295238384,0.2816330269998225,-0.2646017213333333,0.0950873085373861,0.2332289551194984,0.0037394109286666,-0.127251459409657,0.2666558229030098,-0.0420425951213333,0.1292328551266111,0.0833488207268138,-0.026368220527,-0.1494553073864251,0.0229096192004469,-0.0784307300866666,0.143500056038323,0.0703357984558937,-0.1381388169033333,-0.0753680157138814,-0.0447350640430379,-0.1505119035299999,0.1350666936468514,0.0792730317765237,-0.1565335321086666,-0.0300454237157683,-0.0502581337218879,-0.2027753773333333,0.1261304012634942,0.0985916796872022,-0.1649949713599999,-0.0041659946248364,-0.0010526255052035,-0.2102090992666666,0.1449385193276829,0.0652821246134736,-0.1448974547043333,-0.0591621685787168,-0.0277643883345967,-0.158611044,0.0719142012057529,-0.1612280650231178,0.0621000133533333,-0.069738204813918,-0.1687629286263072,-0.0604609970633333,0.1031332866117933,-0.4900365649486431,0.06703554366,-0.0269089550682813,-0.4386343553704527,-0.0874261212933333,0.0745600278818596,-0.7421636952826167,0.2548456149333334,-0.0573668898545857,-0.7683457790445354,0.0540076585466666,0.0553491992781275,-0.7685034300177224,0.2789341350666666,-0.0581472331174451,-0.7966561427560541,0.0281515966686666,0.1017461267597235,-0.7989342117945692,0.2522621005,-0.0287172508487748,-0.8235368922029246,-0.0588575568333333,nijmegen_nijmegen_rennen_g_ch1_g11_compr.mp4,ch1g11,8.506083094460891e-05,0.0004058572194164,0.0001380321924313,0.0002007445579871,0.0001351677705296,0.0004201924551617,0.0001390204770507,4.106780789381137e-05,3.750548145318909e-05,5.96885313970456e-05,0.000265136691089,4.834208297934153e-05,0.0001413115285534,0.0001372123267204,0.0001445568185554,4.1702907003177664e-05,0.0001361325080933,0.0002898336655695,4.637509033404482e-05,0.0001403745481782,0.0004971725500405,0.0001438368983477,0.000141425143801,0.0001199945805251,0.0001244508446627,9.291313247529042e-06,0.0001231744260634,0.0002428647894056,0.0001067661729578,0.0003198458514415,9.5703981920571e-06,0.0001013401462739,0.0004851364590277,0.0005337587843191,0.000132810623599,-0.0006361778177795,-0.0006114454136627,-0.0006343512384738,-0.0006247980231363,-0.0006340863288549,-0.000665553607972,-0.0006606798011319,-0.0005218958453084,-0.0005880518715537,-0.0006691656516087,-0.0006044222692529,-0.0006264906474316,2.5113034298480592e-05,-0.000482697832211,0.0005403843552628,0.0036695040121112,-0.0046043445233791,0.0046453477579931,-0.006099790873367,0.0053210561022272,-0.0067735092451382,0.004181039893159,-0.0051899524702451,9.873683755789448e-05,-9.533774357265104e-05,0.0005904294709239,0.0009761403441854,0.0016590908848417,0.000429136259766,0.0018398443803626,0.0004420974278298,0.0014922381557401,0.0006073066924276,1.2877826563671326e-07,-1.1983091643393688e-05,7.237898568442382e-06,4.18740265030034e-06,1.385674518872206e-06,-1.5514565101710805e-05,7.366669907807051e-06,2.452330680660046e-06,3.466796474058511e-06,1.2890571133625564e-06,-3.4406710146772945e-05,-5.381314811098121e-06,7.864098803116955e-06,7.422459819646522e-06,1.2249085289858212e-05,-4.736325252953955e-06,3.720779925829913e-06,-3.9066696404212626e-05,-4.788746728543256e-06,7.9674562560919e-06,-2.3403497374666707e-05,8.716705603635348e-06,7.887603512759288e-06,6.4725287151688335e-06,1.5562134677445037e-06,7.913772123739837e-08,6.800104713845818e-06,-2.7816646334641535e-05,-2.3055687851780638e-07,-4.906577864294491e-05,1.0418707995743297e-07,2.401230287833185e-06,-1.6893922981701927e-05,-9.318970361724468e-07,-1.2009485470511762e-07,-1.552176240613847e-06,-3.83005025288322e-07,-6.13506978620978e-07,-4.107137157881037e-07,-1.6033404553974478e-06,4.172757414021419e-07,5.971535977274545e-07,-4.441332937880846e-07,2.8369044792382836e-06,-9.332733409165327e-08,-1.4506331911732957e-06,-1.5543668407875366e-06,-6.095365078951291e-07,2.6826313607558873e-07,-1.70541025609243e-07,3.7293519886226134e-06,-1.1911805282665444e-07,-1.451484857959184e-06,-1.6222735332568578e-06,-1.440871805815884e-06,-1.4522686569883664e-06,-1.2539300400738694e-06,-3.801335371281603e-07,7.620015041435141e-08,-1.0613689839465078e-06,3.418532246225347e-06,-1.1078676449270582e-06,2.2884215785710574e-06,6.279831784176676e-08,-7.430735486407928e-07,-6.486069709860756e-07,3.495570496565941e-06,movement,movement,no movement,no movement
2699.9999999999977,0.017853360596959,0.3096335285870553,-0.2821885119666666,0.0265155202091122,0.3285405708601132,-0.2745244339666665,0.0291102123013055,0.3290275740988342,-0.2638408552333334,0.0276753213318762,0.3288563112532647,-0.2674569428,0.0088001280780275,0.3371108602132106,-0.2993366013999999,0.0103873103895491,0.3352803773963961,-0.3127197877999999,0.0144092434604989,0.3262684166276949,-0.2919482881333333,0.0452673467817933,0.3395106288319544,-0.1562178479833333,-0.0628296598178303,0.3018271105932466,-0.2062150630333333,0.0346985477377186,0.308812189824212,-0.2236070301333333,0.0063059237591423,0.2809756854207167,-0.2668421551333333,0.0952516961972498,0.2326032408638606,0.0013017000753333,-0.1290227417485249,0.266649296132808,-0.0421092246289999,0.1315858998620055,0.0828370321547506,-0.031017604227,-0.1528001021614257,0.0233839681018483,-0.0754049926966666,0.1453516715147817,0.073434511939387,-0.14478620579,-0.0803905829891832,-0.0492680908989189,-0.1464360415633333,0.1368528733721214,0.0832179886062141,-0.1638342046053333,-0.0354011828694701,-0.0562308978372615,-0.1983625455,0.1276085868753119,0.1031321329079761,-0.1720912605399999,-0.0089752937489115,-0.0076227267645602,-0.2064667844,0.1466731082888633,0.0688265300441091,-0.1515527289076666,-0.0639222289147443,-0.0328388375008806,-0.134324372,0.0720456993948343,-0.1611303726027967,0.0619712152899999,-0.0698664058672178,-0.1688563331568127,-0.0603889049966666,0.1027320784125067,-0.4894534517239983,0.06673914404,-0.0266929570721919,-0.4376077354178447,-0.0882163415433333,0.0732533718401624,-0.740517983316386,0.2570168611333334,-0.056802072000959,-0.7679519367428188,0.0522344287466666,0.053981530484188,-0.766673446902091,0.2813361814,-0.0575750684274706,-0.7962613440515701,0.0263571490753333,0.0998784056633678,-0.7975287594657381,0.2547974799333333,-0.0284641904241052,-0.8229871528255971,-0.0614042854833333,nijmegen_nijmegen_rennen_g_ch1_g11_compr.mp4,ch1g11,8.510775785738734e-05,0.0003928015204348,0.000143760799658,0.0002033043876762,0.0001367214553543,0.0004035340378502,0.0001448362163676,4.468203309295928e-05,4.041339356907222e-05,6.073600795367863e-05,0.0002281160602077,4.351571023070853e-05,0.0001477705254685,0.0001431167297123,0.0001571013673086,3.7157728050033926e-05,0.0001409391332122,0.0002477489803777,4.2081217212020125e-05,0.0001469458250098,0.0004725212703043,0.0001510536265066,0.0001479177796578,0.0001253453518983,0.0001262965697222,9.424241092558223e-06,0.0001288556967012,0.0002138254972526,0.0001063864269273,0.0002652507161014,9.726237685615462e-06,0.0001035502738276,0.0004671356915743,0.0005157789171631,0.0001331226966585,-0.0006885472046441,-0.0006563067142067,-0.0006747660233738,-0.0006645416646517,-0.0006721393640683,-0.0007013338140984,-0.000699318233476,-0.0005492670390459,-0.0006077470707366,-0.0007116729433003,-0.0006482958773454,-0.0006438764249378,2.5397568688921967e-05,-0.0005374337777541,0.0006157388633463,0.0030562336395565,-0.0040571720562962,0.0038401616034823,-0.005440384564143,0.0044710044377547,-0.0060485457490712,0.003508398864709,-0.0046016481007364,8.435531405114876e-05,-7.951623022553083e-05,0.0006031503575493,0.0009945288367425,0.0016576978669357,0.0004076275307979,0.0018306871006512,0.0004144676746388,0.0014912837903506,0.0005790042773951,-1.054142063048024e-06,-1.1984990094171933e-05,5.303449918573801e-06,3.5449645611282137e-06,6.639821353754257e-07,-1.570947930971552e-05,5.366429231760795e-06,2.8943783467865885e-06,3.785305347121656e-06,7.328864041249613e-07,-2.9984462427620965e-05,-5.231090918587712e-06,6.061073252412872e-06,5.477359474962267e-06,1.1836781022063492e-05,-4.316577877030117e-06,3.2071158887288627e-06,-3.353759812141839e-05,-4.719051894970756e-06,6.161320315131942e-06,-2.4640301935588275e-05,7.011710649550221e-06,6.084791161120052e-06,4.801750219583971e-06,1.0975610476508435e-06,1.547722633388528e-07,5.364518218102137e-06,-2.2941027675792667e-05,-1.6186545382280404e-06,-4.484552980538559e-05,1.638163134696344e-07,1.35289531458879e-06,-1.72942917370589e-05,-1.1614371375054931e-06,1.4468742264720408e-07,-1.7579841255060531e-06,-9.38771669285903e-07,-1.1160678710317013e-06,3.8624600858547296e-08,-1.8232973104394135e-06,3.755198994455517e-07,4.074577492026514e-07,-5.906629792977883e-07,6.1780420598185195e-06,1.2370992429012962e-07,-1.6906057036889588e-06,-1.770561820345141e-06,-6.553325543973397e-07,6.363747878010301e-07,-6.769979790887332e-07,7.326552340492409e-06,6.118298997434348e-08,-1.7008338857393432e-06,-7.158908629833797e-07,-1.6151995938410174e-06,-1.700596761722708e-06,-1.469862322649451e-06,-8.030579108607825e-07,8.269159487483403e-08,-1.2871818454067315e-06,6.115909615665487e-06,-1.2548934349097326e-06,6.971619082726755e-06,6.652879634347947e-08,-1.1083726744541948e-06,-1.3142828509756862e-07,6.223828233584908e-06,movement,movement,no movement,no movement
2716.666666666664,0.0153049274434221,0.3088761140994553,-0.2846503963999999,0.0240721895390532,0.3278295631856026,-0.2770754988333332,0.0267032178747574,0.3283010206470528,-0.2664110631666667,0.0252557577055575,0.3281410286674436,-0.2700056577666667,0.0063042669990795,0.3363802754868955,-0.3016600459666666,0.0079043855921755,0.3345237349407723,-0.3150388083333333,0.0119416996030771,0.3255103700432296,-0.2942678287,0.0439568872253516,0.3389511840557591,-0.1587893935333333,-0.0644894663787225,0.3011958909804866,-0.2075256524666666,0.032647915129337,0.3080500427847407,-0.2260287643666667,0.0041668481153853,0.2802665444038094,-0.2689359317,0.0955000686465752,0.2319505363648128,-0.0011096799946666,-0.1307753132966147,0.2666483825363206,-0.0420706478004999,0.1340349602990395,0.0821667876304966,-0.0354608216703333,-0.1561433874489015,0.0240303474896996,-0.07246147693,0.1474321379264576,0.0757680388613452,-0.1510652924133333,-0.0855835822597636,-0.0530000840819282,-0.14321327903,0.1388926214558585,0.0862542153322042,-0.1707538358066666,-0.0410253355635124,-0.0612707115861083,-0.1949983322,0.1292893471600736,0.1067515107214563,-0.1788210217066666,-0.0140438249221021,-0.0132261310087975,-0.2037529715,0.1486109278809019,0.0715666614769292,-0.1578289401233333,-0.0688730402396123,-0.0370984148285816,-0.13080278,0.072194991707201,-0.1610532958402951,0.0618217597466666,-0.0700128286177849,-0.1689282676073359,-0.0602894119299999,0.1022688258738122,-0.4888582314748476,0.0664301238833333,-0.0265289383997018,-0.4365639490974313,-0.0890049318533333,0.0719273504665223,-0.7388155895937357,0.2592713571666667,-0.0563141810787395,-0.7674984315724785,0.0506879921666666,0.0525995017408369,-0.7647913172863852,0.2838352268333333,-0.0570688183583989,-0.7958037450542931,0.024812316512,0.0980006192805573,-0.7960374927241789,0.2572353312666667,-0.0282759362911781,-0.8223571546002872,-0.0637084299266666,nijmegen_nijmegen_rennen_g_ch1_g11_compr.mp4,ch1g11,8.32674304928903e-05,0.0003821245889741,0.0001481598593458,0.0002056479037133,0.0001377100502275,0.0003890116378655,0.0001492745594465,4.8643858647519455e-05,4.2966456739584726e-05,6.15408875806214e-05,0.0001969372663433,3.870567523540854e-05,0.0001530856770068,0.0001476633541091,0.0001682255890169,3.319927468045712e-05,0.0001445816350755,0.0002136536570363,3.777174832301866e-05,0.0001523405588532,0.0004489185117419,0.0001573482238066,0.0001532420002423,0.0001295150580957,0.0001279631835902,9.602156931689027e-06,0.0001338224922893,0.0001904661167473,0.0001042296069515,0.000218385246289,9.9024127719461e-06,0.0001046659046128,0.0004514832482679,0.0005028791626516,0.0001334214425268,-0.0007124810835616,-0.0006743317106249,-0.0006879789072779,-0.0006772135127445,-0.0006820641360866,-0.0007070996783683,-0.0007080223298587,-0.0005538129555723,-0.0006025182568551,-0.0007297438437014,-0.0006676540041957,-0.0006392121117917,2.9933071072644497e-05,-0.0005293629169523,0.0007086914589186,0.0024035378749033,-0.0034658897431591,0.0029608284826491,-0.0047302719477514,0.0035060356518362,-0.0052839035616665,0.0027716547135944,-0.0039733573584647,7.1291479466714e-05,-6.5048603834205e-05,0.0006199924179021,0.0010106178657559,0.0016405753613063,0.0003919047952745,0.0017987378418735,0.0003919855816502,0.0014974725059669,0.0005407806356383,-2.31260245321255e-06,-1.134951770164204e-05,3.082368499537545e-06,2.758550465135538e-06,-8.121892849300924e-07,-1.5090288071141371e-05,3.0689031546902067e-06,3.1904572959891697e-06,4.1561971270837745e-06,4.758735238019198e-08,-2.1759886320126134e-05,-4.908084271061316e-06,3.915562841847278e-06,3.2292236974757613e-06,1.1964400353821244e-05,-3.633997091647692e-06,2.1364653544235822e-06,-2.3958425840143353e-05,-4.490355018459503e-06,3.992847994730692e-06,-2.447856428896989e-05,4.964972111064213e-06,3.931197572896488e-06,2.9649022210128254e-06,-1.6993835757290048e-08,2.377291242377095e-07,3.72411979232152e-06,-1.4970559931765071e-05,-2.874991185745228e-06,-3.5472096797966014e-05,2.2673968877345375e-07,4.8546597083058944e-08,-1.678584767509729e-05,-1.2456944778697633e-06,7.696301424448069e-08,-1.8380823149889449e-06,-1.7369481715244131e-06,-1.5942102055941595e-06,1.958315988661488e-07,-1.912362997390161e-06,3.725058415336791e-07,3.258329344152477e-07,-7.476188629792444e-07,9.105156911169896e-06,3.4511954213597657e-07,-1.8257098978779195e-06,-1.8571682214332957e-06,-7.585319515056935e-07,1.0188787092939215e-06,-1.1749226064278304e-06,1.0343151296823247e-05,2.533579563406004e-07,-1.8419606964746532e-06,5.3942417935983674e-08,-1.7149144316051149e-06,-1.8440242506182808e-06,-1.5728238161631688e-06,-1.2418342292696543e-06,8.199917044728738e-08,-1.4529805839481391e-06,8.319515617323609e-06,-1.2843108363241066e-06,1.126271407016817e-05,6.450053103281598e-08,-1.4164370843931766e-06,8.320785573005615e-08,8.533031295177e-06,movement,movement,no movement,no movement
2733.3333333333308,0.0126851344698731,0.3081276757850272,-0.2861771792999999,0.0215814728304856,0.3271236320597545,-0.2786781241666666,0.0242413024908431,0.3275847191060611,-0.2680389405,0.0227856511300375,0.3274360605171983,-0.2716186120333333,0.0037517093416921,0.3356746522072444,-0.3029225299666666,0.0053615162525694,0.3337941863197566,-0.3162761878666666,0.0094130073941641,0.3247766017448134,-0.2955308923666667,0.0427109364293881,0.3383889790201483,-0.1604974885666666,-0.0661262005258108,0.3005830813270143,-0.2076428352,0.0305476863906097,0.3072963632969817,-0.2275944423,0.0019780496935174,0.2795725194995876,-0.2700369695666667,0.0958480362586907,0.2312742778343601,-0.0028790086716666,-0.1324474453542201,0.2666993474173599,-0.0412584293548333,0.1366507269221578,0.0814912945315677,-0.0389302947736666,-0.159452096833478,0.0248836439576432,-0.0696634449866666,0.1496817418104654,0.0775689260788349,-0.1555628484133333,-0.090831119362389,-0.0561077280877669,-0.1412760153299999,0.1411267030093904,0.088510083432023,-0.1756831001366666,-0.0467970244906057,-0.0656128383120364,-0.1930333051333333,0.1311146118913315,0.1094440871939013,-0.1837208063799999,-0.0192408145579448,-0.0181759768377393,-0.2023514576666666,0.1507086474328557,0.0736968116191034,-0.16233749973,-0.0739119294821698,-0.0407326297406512,-0.135660961,0.0723462675686947,-0.1610052484414436,0.0616444072433333,-0.070160868045564,-0.1689699228878627,-0.0601526197666666,0.1017004892721487,-0.4882382983316274,0.0657825021566666,-0.0263521097876829,-0.4355233282323963,-0.0898539344533333,0.0705324313326909,-0.7371418083620473,0.2604178833,-0.0558538793868282,-0.7670688886949887,0.0490712075166666,0.0511374258886976,-0.7629505738870569,0.2851597463666666,-0.0565910085554346,-0.7953742100476352,0.0231711466386666,0.0960067111415302,-0.7945507988532574,0.2586471174333333,-0.0280320792664625,-0.8218482104641183,-0.0659043647699999,nijmegen_nijmegen_rennen_g_ch1_g11_compr.mp4,ch1g11,7.98331237933443e-05,0.0003730941832476,0.0001510938504971,0.0002073985480945,0.0001373870657395,0.0003765378197213,0.0001521736591184,5.253963071903586e-05,4.594456751486329e-05,6.157030300585724e-05,0.000175896128588,3.388778831385167e-05,0.0001570606764221,0.0001507027814553,0.0001781456699038,2.9562722143037313e-05,0.0001460206415878,0.0001916681029027,3.340207216720028e-05,0.0001563523533905,0.0004269187318793,0.0001624074257831,0.0001572092806515,0.0001322160735247,0.0001286158965029,9.853482726991728e-06,0.0001377010915034,0.0001763879822703,0.0001003185399538,0.0001842317800303,1.011553289369871e-05,0.000104561203627,0.0004376665939108,0.0004950373999203,0.0001328824565483,-0.0007077919230737,-0.0006669596917133,-0.0006765024623957,-0.0006653161034734,-0.0006668392964162,-0.0006862331447697,-0.0006891446701691,-0.0005466983809996,-0.0005871756719655,-0.000723104300469,-0.0006627108430018,-0.0006268067631969,2.9594648773552423e-05,-0.0005123064900592,0.0008026197250151,0.0016625721206493,-0.0028743320798317,0.0019834496620266,-0.0040141415603314,0.0024175712785526,-0.0045255185994092,0.0019273702814863,-0.0033570164245536,5.886481652118723e-05,-5.143194996370453e-05,0.0006297122676989,0.0010150778276761,0.0015841865563443,0.0003677391894975,0.0017215530048264,0.0003613152954425,0.0014768752102038,0.0004925478360311,-3.4922240493324957e-06,-1.080374585514682e-05,9.776600897573893e-07,1.1711489028225232e-06,-2.7462838714799982e-06,-1.4379043681270636e-05,8.880035709235367e-07,3.372921270247166e-06,4.533461529427769e-06,-7.635197015807985e-07,-1.0661506985494776e-05,-4.462158382425545e-06,1.8013634234637014e-06,1.0903984759610542e-06,1.1943164902109716e-05,-2.6187668168878567e-06,8.114557027258962e-07,-1.1353193004866764e-05,-4.149047703026559e-06,1.8431040935569764e-06,-2.3689471582905077e-05,2.927956169832341e-06,1.7955999861672244e-06,1.2611596026694263e-06,-1.5672149731527463e-06,3.417436622954302e-07,2.128579881858175e-06,-4.948862164570613e-06,-3.98658662385722e-06,-2.1524396018363036e-05,3.096561916527277e-07,-1.4408070689169416e-06,-1.6150074349413758e-05,-1.1656103112586925e-06,-2.532104755493737e-07,-1.7913044240822787e-06,-2.6907658196199704e-06,-1.948309390192525e-06,1.0860270453993789e-07,-1.8687697685709464e-06,4.024223487986273e-07,3.1599691426473205e-07,-8.861009630472028e-07,1.1103634816582856e-05,5.358565518240876e-07,-1.841880041593172e-06,-1.8114254773186493e-06,-9.472067678336732e-07,1.3340942436785694e-06,-1.569016706874294e-06,1.2262913814884469e-05,4.2742545936391315e-07,-1.8601203475644263e-06,6.935733688011107e-07,-1.734440988931897e-06,-1.8666519814010672e-06,-1.567080166736693e-06,-1.6070168820810893e-06,7.403070879562519e-08,-1.549660177112596e-06,9.63024377340678e-06,-1.195586116327357e-06,1.4449330933218468e-05,5.6794295825090814e-08,-1.6135772470687452e-06,6.510957523401216e-08,1.0047045935857617e-05,movement,movement,no movement,no movement
2749.9999999999973,0.0100041259610666,0.3074077791793055,-0.2876907244999999,0.0190975383047661,0.3264363956792336,-0.2802662988666666,0.0217815183929563,0.3268895370238092,-0.2696524447,0.0203174133413882,0.326751968188916,-0.2732175448666666,0.0011572392323736,0.3349942718186454,-0.3042461489333332,0.002773910041907,0.3330933317701879,-0.3175737223999999,0.0068353127788404,0.3240717784731139,-0.2968550795666667,0.0415595624447615,0.3378248404939034,-0.1622182761666666,-0.0677349155211678,0.2999745762178451,-0.2077861371666666,0.0284455740228319,0.306559696212504,-0.2291647415666667,-0.0002594567960166,0.2788994280539137,-0.2712070420333333,0.0964068756988501,0.2306051312773849,-0.004664586069,-0.1340810737151228,0.2667349772108778,-0.0403766344378333,0.1396872662168442,0.0808103898903127,-0.0424274952336666,-0.1627399040771336,0.0257327305245883,-0.06744567502,0.152340582708717,0.0786989008836317,-0.1602314324966667,-0.0962632040402501,-0.0585927920033364,-0.1415529210966666,0.143771763185197,0.0899296559785262,-0.1808377097066666,-0.0528593724071809,-0.069124115575786,-0.1936604393666667,0.133261296746317,0.11128737422525,-0.1888405926633332,-0.0246937186678132,-0.0221729474956527,-0.2035449055666666,0.1531653107899758,0.0750700185017801,-0.1670328618266666,-0.0791439530547379,-0.0436775115929788,-0.138248444,0.0725076712579994,-0.1609615411555999,0.0614209981066666,-0.0703198931224393,-0.1690061774155933,-0.0599556044366666,0.1010489086506067,-0.4876249306499629,0.0652506974699999,-0.0261823997275002,-0.4344875535077687,-0.0907134446199999,0.0691352969655738,-0.735589632674856,0.2616206181,-0.055391856697419,-0.7666631121680534,0.0473487630453333,0.0496822490418876,-0.7612579069387978,0.2864867509,-0.0561077851443959,-0.794968380855167,0.0213845595619999,0.094044016720645,-0.7930978220255523,0.2602896391666667,-0.0278068703199435,-0.8213585075851981,-0.0683944605766666,nijmegen_nijmegen_rennen_g_ch1_g11_compr.mp4,ch1g11,7.514811967687742e-05,0.0003640296345305,0.0001513244791934,0.0002086527415381,0.0001327559203301,0.0003640449288388,0.0001522878857769,5.644562159300616e-05,5.018567853094888e-05,6.0816437643726064e-05,0.0001695084381909,2.948585010933469e-05,0.0001581765926055,0.0001510297694727,0.0001895538475939,2.837626443509313e-05,0.0001430678813798,0.0001858111375226,2.9334102697343248e-05,0.0001574989857794,0.0004053491272172,0.0001647290088624,0.0001583049115196,0.00013266553083,0.0001256179657607,1.021076276238295e-05,0.0001392763657685,0.0001752581748738,9.500860094857262e-05,0.0001682392579616,1.041805148619698e-05,0.000102184915388,0.0004235252996676,0.0004926455423178,0.0001289975306079,-0.0006784456391924,-0.0006379591953815,-0.0006436838372924,-0.0006322802637416,-0.0006279944410744,-0.0006409457680776,-0.000645401567452,-0.0005322416926901,-0.0005575947189803,-0.0006957355915865,-0.0006352184679334,-0.0006131523691162,3.015557640185193e-05,-0.0005029484861265,0.0009016692415718,0.0008942643644452,-0.0022242333954553,0.0009994105282582,-0.0032134037019734,0.0013143265052082,-0.0036854741074298,0.0010515015291982,-0.0026746164818004,4.846400544799785e-05,-4.034478075636932e-05,0.0006210164339622,0.0010022920592574,0.0015157376087848,0.0003500297990939,0.0016335714204399,0.0003399618406012,0.0014585748927666,0.0004570836613056,-4.503586484230388e-06,-1.0855738410916522e-05,-7.258023203641285e-07,-1.460026146598643e-06,-4.875487777508935e-06,-1.3950358926117972e-05,-8.912383513871118e-07,3.6330245857141232e-06,4.838457408651555e-06,-1.7459087461294023e-06,2.1057932306683683e-06,-3.939339605190956e-06,-3.0027758883846215e-08,-6.361576693634822e-07,1.1144294732834925e-05,-1.1654736342228673e-06,-8.290919016554592e-07,2.7254326137992233e-06,-3.734720313738713e-06,-1.1435325280224316e-08,-2.2384522279456196e-05,1.1933029622122436e-06,-6.387347582073176e-08,-1.69752816988978e-07,-3.342264958767577e-06,4.206582298244494e-07,6.424103045464109e-07,5.898363236380764e-06,-4.937519075717219e-06,-4.549086039514072e-06,3.7131898709617995e-07,-3.040846033661302e-06,-1.577000353919878e-05,-9.2839790956154e-07,-6.858262278847957e-07,-1.5985171236085184e-06,-3.67758070744194e-06,-2.0235636821569003e-06,-6.445389160261184e-08,-1.6737186586155116e-06,4.299000238613957e-07,3.1425046063985666e-07,-9.911782637824602e-07,1.1784463896422569e-05,6.588414499328271e-07,-1.703514382432649e-06,-1.615134980737559e-06,-1.295853577373973e-06,1.4577388855710416e-06,-1.7704431352543423e-06,1.2731458190861909e-05,5.517629960971725e-07,-1.7205676948145268e-06,1.2932094940326325e-06,-1.640434689075426e-06,-1.730293102089092e-06,-1.4511637985388762e-06,-1.7555698860043603e-06,6.134874552270454e-08,-1.5497882127054088e-06,9.777565606453718e-06,-1.0046279950180485e-06,1.5962910661026938e-05,4.51721983330551e-08,-1.6332410341281102e-06,-1.1621210080474303e-08,1.05486958036102e-05,movement,movement,no movement,no movement
2766.666666666664,0.0073840260913438,0.3067405725200982,-0.2888773098999999,0.0166944494541814,0.3258112501671666,-0.2814635223,0.0193975844220706,0.3262605840726282,-0.2708822449666666,0.017926490135058,0.3261343358142142,-0.2744309186333333,-0.0013604510693417,0.3343825812041885,-0.3051203454666666,0.0002603543325155,0.3324701911938176,-0.3184288076666666,0.0043328395297808,0.3234448041386717,-0.2977319970333334,0.040438321018677,0.3372863663762941,-0.1634797530666666,-0.0692912038728209,0.2994249905288719,-0.2073961315666666,0.026383690983932,0.3058705391832329,-0.2304195653666667,-0.002458991488639,0.2782691779895919,-0.2720110515666667,0.0969863841375967,0.2299674795101108,-0.0061818015749999,-0.1356154272975298,0.2667610760894492,-0.0392782081311666,0.1431039639986973,0.0802725805956605,-0.0453430035336666,-0.1659560249413313,0.0266476952111068,-0.0656453259266666,0.155331386171852,0.0793103743183548,-0.16382714467,-0.1017565316336464,-0.0605358912391243,-0.1426307712633333,0.1467998277477629,0.0905468849799836,-0.1848028072366666,-0.0590443347100949,-0.0719518310053411,-0.1951262436666667,0.1356650610689564,0.1122004084313823,-0.1927654969166666,-0.0303110594051682,-0.025451523606408,-0.2055283425,0.1559052327481926,0.0758105526779943,-0.17064995965,-0.0844701367308282,-0.0460441464938287,-0.141622961,0.0726684846183215,-0.1609218413937087,0.0611933844833333,-0.0704782082806319,-0.1690369307816313,-0.0597483284133333,0.1003020503767383,-0.4870171292484233,0.0649458035666666,-0.0260119049425888,-0.4334993057675408,-0.0915645535099999,0.0676576937677195,-0.7342043763490245,0.263233413,-0.0550641935318,-0.7663185030262146,0.0453848636223333,0.0481589860612906,-0.7597850896763887,0.2882785768,-0.055762238760433,-0.7946336762856755,0.0193266872219999,0.0921072469181071,-0.7917359353603345,0.2622989281333333,-0.0276227554051805,-0.8209132938256313,-0.0711130644266666,nijmegen_nijmegen_rennen_g_ch1_g11_compr.mp4,ch1g11,6.952581744360298e-05,0.000353111597115,0.0001483222546083,0.0002060953052483,0.0001256009803172,0.0003500602412086,0.0001490652927225,5.950220550129891e-05,5.587877878861352e-05,5.844388207662576e-05,0.0001799229019656,2.5504073731256667e-05,0.0001557277822112,0.0001481334639541,0.000201668979465,2.7039524425580717e-05,0.0001391158914808,0.0001980955376073,2.550709699848152e-05,0.0001550628789605,0.000383250260218,0.0001636191563892,0.0001558183361584,0.0001303384318377,0.0001200795575101,1.0660991450292553e-05,0.0001376934564536,0.0001883623520555,8.856005155515364e-05,0.0001746033359629,1.0802574833096277e-05,9.704259461138992e-05,0.00040762106654,0.0004932685149215,0.0001227587558144,-0.0006329391496842,-0.0005974752960515,-0.0006001745786334,-0.0005884616132628,-0.0005747581538555,-0.0005814577414061,-0.0005878292007475,-0.0005224429013584,-0.0005183093938949,-0.0006562203023874,-0.0005926396033422,-0.0006086196859927,2.4956657837390477e-05,-0.0005186158829252,0.0009642404865755,7.95138212753906e-05,-0.0015871611058505,-2.228543734258155e-05,-0.0024095393096448,0.0001572914142361,-0.0028338226062428,0.0001250713551366,-0.0019955119487265,3.946963847692691e-05,-3.103666178641911e-05,0.0006020504446328,0.0009692217635993,0.0014097570794551,0.000332125506541,0.0015069984923845,0.0003212386780148,0.0013954723474865,0.0004300226017415,-5.288826018183983e-06,-1.1470603690912452e-05,-2.0484371583582395e-06,-5.233754910545119e-06,-6.923144557195574e-06,-1.3899162290781202e-05,-2.2819328234595953e-06,3.965318562089331e-06,5.249038806846547e-06,-2.829436730410611e-06,1.4934645523728985e-05,-3.2848311835683316e-06,-1.5522863026708075e-06,-1.969101927516699e-06,9.243149915224116e-06,4.849018952681731e-07,-2.699960110793674e-06,1.6418580444619484e-05,-3.185400376591198e-06,-1.5457427710120168e-06,-2.0705778285271912e-05,-2.651879519161374e-07,-1.6092179406495428e-06,-1.3714638997484706e-06,-5.174410833932736e-06,5.008818885865064e-07,-7.572302845600503e-07,1.6207367234852332e-05,-5.728381042818003e-06,1.3355502472079935e-05,4.348418112205318e-07,-4.635445716886476e-06,-1.561195765977544e-05,-5.643164971853616e-07,-1.0248832012921826e-06,-1.2972268034243866e-06,-4.4411776007465765e-06,-1.8269050923534324e-06,-1.5421517320289465e-07,-1.3645660563553946e-06,4.568257242302026e-07,2.728692858535929e-07,-1.0145358061190192e-06,1.1030723920914809e-05,6.996830235500601e-07,-1.4400861094375538e-06,-1.3071232832049765e-06,-1.7594073965906077e-06,1.4274113852906725e-06,-1.844907674654259e-06,1.1673888179448674e-05,6.123958120448175e-07,-1.4528784651125622e-06,1.9520917864643705e-06,-1.458519787012707e-06,-1.4622785649645157e-06,-1.2561075204994169e-06,-1.6746540700674514e-06,4.608001089813025e-08,-1.4607834365651585e-06,8.743781600068644e-06,-7.462267226715824e-07,1.5505155272704635e-05,3.1105536026306605e-08,-1.4529258639081866e-06,2.7863759293755033e-08,1.0016170681180544e-05,movement,movement,no movement,no movement
2783.3333333333303,0.004712201067905,0.3061579160798885,-0.2899932742666666,0.0143066619652926,0.3252590745601564,-0.2825806658333333,0.0170218331533386,0.3257072677196762,-0.2720347012666666,0.0155453866286488,0.3255912055332312,-0.2755593945,-0.0038903207519851,0.3338566691280353,-0.3058234254666667,-0.0022688436422638,0.3319431844368034,-0.3191131514333333,0.0018174929630423,0.3229125660951964,-0.2984406913000001,0.0394218579966271,0.3367656444373392,-0.1646356204999999,-0.0708251887385005,0.2989505749877581,-0.2066371056666666,0.0243046559692504,0.3052453558083204,-0.2316379235333333,-0.0046987696991783,0.2777206814028549,-0.2726872950666666,0.0977048924666092,0.2293450179518124,-0.0077033554268999,-0.1371117387177855,0.2667870860966597,-0.0378712388778333,0.1466604007557652,0.0797938415650124,-0.0481623005603333,-0.169158985249425,0.0276242326167699,-0.06422598636,0.1584462182634962,0.0792843429080043,-0.16752691376,-0.1074496271711783,-0.0617588076746862,-0.1455357685299999,0.149948127087266,0.0903061023050737,-0.1890385807733333,-0.0654980434068978,-0.0738757752040132,-0.1986877712,0.1381424418095688,0.1121192471165458,-0.1972109806999999,-0.0362667843288141,-0.0277806673862091,-0.2095824433333333,0.1587413091280138,0.0757838455359896,-0.17445694755,-0.0900415166330145,-0.0476565685682852,-0.173413992,0.0728615292075894,-0.1608854286468138,0.0608743091466666,-0.0706728577988591,-0.1690640159595945,-0.0594185624866666,0.0993710045527534,-0.4864594844901189,0.0647741072966666,-0.0259129050632631,-0.4326400430154966,-0.09192298728,0.0661693408247982,-0.7329222843183923,0.2653166186666666,-0.0548296775416569,-0.7660102002380568,0.0441997891723333,0.0466389700806551,-0.7584354499707875,0.2905958613666667,-0.0555050374688672,-0.7943354229484103,0.0180474817043333,0.0901654706753087,-0.7904539404585329,0.2645501047,-0.0275986134115659,-0.8204776561347321,-0.0731823705666666,nijmegen_nijmegen_rennen_g_ch1_g11_compr.mp4,ch1g11,6.417857288445309e-05,0.000341513661081,0.0001444827242061,0.0002006141222323,0.0001163254446361,0.0003363662955297,0.0001449463425075,6.224330026702185e-05,6.230675114345688e-05,5.436602036665263e-05,0.0002051730576792,2.214438805990372e-05,0.0001522632886123,0.0001443733690735,0.0002124974048791,2.760159434476911e-05,0.0001357155485083,0.0002260977203872,2.2137778523577377e-05,0.000151610906482,0.0003635372249918,0.0001614408075373,0.0001523176918356,0.0001272744534386,0.000112509218767,1.1212814493543398e-05,0.0001350775648789,0.0002135420440318,8.262411878385015e-05,0.0002013058917677,1.128243625544378e-05,9.140235087030868e-05,0.000391938813696,0.0004976273288252,0.0001146664970491,-0.0005962603881179,-0.0005693499348725,-0.0005700631273562,-0.0005580835913325,-0.0005342682322927,-0.0005347603234969,-0.0005426353440181,-0.0005308012277358,-0.0004883220921118,-0.000626416546908,-0.000557243841468,-0.000617325008789,5.506274465758723e-06,-0.0005740759600864,0.0009670483863831,-0.0007874808725968,-0.0009926068380599,-0.001071392979916,-0.001623860864302,-0.0010390324607936,-0.0019908391924851,-0.0008567229767854,-0.0013502521537554,3.142812760039548e-05,-2.3039633758421943e-05,0.0005506271118599,0.0009108317200998,0.001254346970601,0.0003100225712155,0.0013329794888845,0.000299493474128,0.0012698203585485,0.0004063439755345,-5.737661618775364e-06,-1.2814448880468533e-05,-3.1079540242300883e-06,-1.021105535888355e-05,-8.670743367436485e-06,-1.4375349917994296e-05,-3.394659845850329e-06,4.3437430889379925e-06,5.603722361575369e-06,-3.732536126954986e-06,2.6436798003904824e-05,-2.5994113081720637e-06,-2.844867383029823e-06,-3.029319418753252e-06,6.610387429312439e-06,2.080176221434446e-06,-4.630295176008205e-06,2.8303347925632013e-05,-2.568310443672861e-06,-2.8389215639524026e-06,-1.8894110231570317e-05,-1.613262104860203e-06,-2.9231642596523342e-06,-2.4773984290223984e-06,-6.838610160193008e-06,5.23692236398255e-07,-2.176188016833495e-06,2.4960030969839372e-05,-6.492658202251804e-06,3.0048961822167455e-05,4.466544031908094e-07,-6.109922116041468e-06,-1.5809848830179902e-05,-1.4028828882081474e-07,-1.1440483520937615e-06,-1.0235537367056588e-06,-4.829257860908825e-06,-1.3637178797963625e-06,-7.994687784641175e-08,-1.0790033670860994e-06,4.259746139341994e-07,1.8558351056349433e-07,-9.39021937467847e-07,9.028847780264102e-06,6.523473912768237e-07,-1.1915736708698187e-06,-1.0241162215204534e-06,-2.2341259847550123e-06,1.1626988867438915e-06,-1.8262448553342023e-06,9.3507300769051e-06,5.965918928182564e-07,-1.198280516004424e-06,2.6354194890000827e-06,-1.3145475412400005e-06,-1.2020636063312505e-06,-1.091483891074498e-06,-1.3652709427023402e-06,2.982847259241995e-08,-1.381286915046853e-06,6.755669156319214e-06,-4.942836355457854e-07,1.3246168783651011e-05,1.5684966180489136e-08,-1.1493873715609213e-06,2.54671887504911e-07,8.675307647828891e-06,movement,movement,no movement,no movement
2799.999999999997,0.0021127003755839,0.3056358657377827,-0.2914640819666667,0.0120007988062806,0.3247589255404023,-0.2840362738333333,0.0147236998695546,0.3252056997683927,-0.273523522,0.0132426886598927,0.3251021150326706,-0.2770264118333334,-0.0063326085146886,0.3333972067595726,-0.3067847416,-0.004711833878119,0.3314908002938993,-0.3200535150666666,-0.0006120391826825,0.3224532798400554,-0.2994015122333334,0.0384886989950522,0.3362736864131103,-0.1661114744666666,-0.0722427027365122,0.2985195143928909,-0.2060704393333333,0.022287670980584,0.3046811690352551,-0.233239096,-0.0068605913961356,0.2772340715400405,-0.2736669351666667,0.0985167163047229,0.2288008415681921,-0.0095225542679,-0.1384739311579289,0.2667903107904066,-0.0365213736678333,0.150231480607837,0.0794291631819976,-0.0510313521303333,-0.1723946482023624,0.0286114495265366,-0.0640145140466666,0.161947672866787,0.0784729791683603,-0.1707964403266667,-0.1132249931522176,-0.0622763440255024,-0.1501669639966666,0.1535549340770987,0.0890236143853922,-0.1926483235,-0.0720450850777646,-0.0749392282761011,-0.2040245371666667,0.1411452272476376,0.1108003116929267,-0.2011662423999999,-0.042163998060569,-0.0291552042462033,-0.2152764571666666,0.1619960057139329,0.0748238863950758,-0.1778329538966666,-0.095657660343835,-0.0484900426906301,-0.156757653,0.0730561904713076,-0.1608464143048808,0.0605201378499999,-0.0708696606359206,-0.1690937287340139,-0.0590409372599999,0.0983668390210629,-0.4859095503856419,0.0651415843366666,-0.0258717182302535,-0.4318124100724462,-0.0920512579633333,0.0646994440415687,-0.7316549018236346,0.2681260642333333,-0.0546799833749783,-0.7657040826690777,0.0431324810823333,0.0451602774795398,-0.7571056391836202,0.2936562002666667,-0.0553310512049004,-0.7940367728935871,0.0168634960656666,0.0884061314267019,-0.7890127184286901,0.2674123326333333,-0.0277030408924772,-0.8200408210278995,-0.0750690510433333,nijmegen_nijmegen_rennen_g_ch1_g11_compr.mp4,ch1g11,5.935561794387838e-05,0.0003280586654398,0.0001408844851349,0.0001901249678957,0.000107255510778,0.0003217986346284,0.0001410004124115,6.497462174829959e-05,6.931764110147661e-05,4.990137742861832e-05,0.0002414694695782,1.9961057229393985e-05,0.0001488815912644,0.0001408211764471,0.000220354945734,2.9987671418099632e-05,0.0001323227813002,0.0002642075050505,1.9801477436925575e-05,0.0001482363229842,0.0003458933129939,0.0001591894880379,0.0001489212418867,0.0001243551973849,0.0001048806586003,1.1805665071490349e-05,0.0001323009890407,0.0002466031042635,7.701256273529943e-05,0.0002438324569759,1.1795151677611565e-05,8.541859582716872e-05,0.0003758260756591,0.0005031295901946,0.0001067335516935,-0.0005724239510428,-0.0005548886382305,-0.0005546620726491,-0.0005427457059141,-0.000509110531624,-0.0005034736806784,-0.0005124573315757,-0.0005526014834554,-0.0004678177681394,-0.0006064614915636,-0.0005316585441069,-0.0006479463952764,-2.5951394418485552e-05,-0.0007034114123142,0.0009025454225886,-0.001681291384213,-0.0004516196774914,-0.0021121678237972,-0.0008761604085062,-0.0022325707290399,-0.0011857260533867,-0.0018602216210126,-0.0007539672723037,2.291634334181488e-05,-1.4606498292313868e-05,0.0004527108839506,0.0008263592497281,0.0010249333054525,0.00027828376311,0.0010821533913942,0.0002692345041284,0.00106194249939,0.0003850533511185,-5.741871657768736e-06,-1.4525964083689545e-05,-3.818273525616176e-06,-1.570260030508942e-05,-9.98555837070727e-06,-1.4909429841234444e-05,-4.149892288830275e-06,4.756509045560802e-06,5.8999203815929495e-06,-4.568000204840601e-06,3.4599624527895374e-05,-1.985759909324513e-06,-3.7296265414980463e-06,-3.733619733445571e-06,3.790127868887597e-06,3.22252399075914e-06,-6.467932717482995e-06,3.642939987433568e-05,-1.9936998198410295e-06,-3.719982096537577e-06,-1.6405317809190402e-05,-2.666648019331985e-06,-3.821497101971535e-06,-3.372513151351158e-06,-8.222772279300787e-06,5.24737202196262e-07,-3.391980906858688e-06,3.0703068540843324e-05,-6.899263312250857e-06,4.248575400224954e-05,4.378414319732375e-07,-7.131817252898333e-06,-1.6023951520464562e-05,3.066042045218624e-07,-9.044565901563484e-07,-8.665333266368799e-07,-4.63023175559286e-06,-7.188005039171071e-07,2.670807959015859e-07,-9.055509513146436e-07,2.998698700993542e-07,4.033162656977667e-08,-7.903973834929277e-07,6.163746971199034e-06,5.392120052865192e-07,-1.0507314793622e-06,-8.570297563907477e-07,-2.618788936234192e-06,7.021889546647513e-07,-1.6779917330740754e-06,6.254228329548719e-06,5.167751712051848e-07,-1.0508060959099069e-06,3.350606260075056e-06,-1.2850432712434569e-06,-1.0427889300895933e-06,-1.0199056962007444e-06,-8.91777127450458e-07,1.346232599839084e-08,-1.3623986065886204e-06,4.19915892855492e-06,-2.4953793814251465e-07,9.637403118691103e-06,-1.9645814638476755e-10,-7.481503279093227e-07,7.458195948726532e-07,6.8372566891833814e-06,movement,movement,no movement,no movement
2816.6666666666633,-0.0004185945214459,0.305149655878944,-0.2933151419333333,0.0097804407556247,0.3242828079387368,-0.2858938307333333,0.0125066391618075,0.3247278027234677,-0.2754025733,0.0110211976816547,0.3246363118665809,-0.2788963232666667,-0.0087005487861491,0.3329710531728813,-0.3081467340666666,-0.0070815811517983,0.3310744624081939,-0.3213751785333332,-0.0029688171559561,0.3220276925114088,-0.3007453109,0.0377395480140543,0.3357802024416514,-0.1679837733333332,-0.0735749866910394,0.2980963780966146,-0.2058214141,0.02035352560623,0.3041645237178741,-0.2352135371,-0.0089599152998544,0.2767803556799508,-0.2750213662999999,0.0994672751865044,0.2282517095981721,-0.0115265517079,-0.1396773585845385,0.2667670086256309,-0.0354868520148333,0.1537320580386424,0.0789751238721313,-0.0530914186669999,-0.175452461886906,0.0295767490132667,-0.0642747466833333,0.16589116177247,0.076575507091406,-0.1713942746666666,-0.118836433581825,-0.0624306822344732,-0.1545551880966666,0.1577759066852756,0.0865509472514201,-0.1930837498066666,-0.078444992060582,-0.0754816260449705,-0.2089539053666667,0.1450028856951414,0.1080404369542329,-0.2020515260999999,-0.0479067840712786,-0.0300270678691422,-0.2205278533333333,0.1658242590914842,0.0726438948019737,-0.1785121567699999,-0.1010998670013408,-0.0489487441843665,-0.145433903,0.073251824992421,-0.1608157110452784,0.0601314877499999,-0.071067058877961,-0.1691158004854001,-0.0586252225533333,0.097312778594113,-0.4854448443307053,0.0655149116966666,-0.025855638418401,-0.4309877293818822,-0.0919687812766666,0.0632605671772613,-0.7306648326623758,0.2704746739999999,-0.0546698668618337,-0.7654177124932814,0.0428194608356666,0.043717062115883,-0.7560848604103065,0.2961654852666667,-0.0553183096504754,-0.7937603188340252,0.0164725303736666,0.08655850919623,-0.7879482258268004,0.2695391445999999,-0.0280180960509803,-0.8196726512542037,-0.0762462320966666,nijmegen_nijmegen_rennen_g_ch1_g11_compr.mp4,ch1g11,5.441799995133624e-05,0.0003126564735711,0.0001368468265991,0.0001733180362851,9.82854912971732e-05,0.0003063994123483,0.0001366150594301,6.932710225469017e-05,7.563304514363286e-05,4.492221453848582e-05,0.0002844118735047,1.8684641677249655e-05,0.000144601638801,0.0001368542740322,0.0002221835662312,3.390830284685361e-05,0.0001274871270579,0.000308680943087,1.841978817203494e-05,0.0001439399180356,0.000330004660647,0.000155985121318,0.0001445550308313,0.0001211397854176,9.772584938198096e-05,1.2394995410631456e-05,0.0001286581438451,0.0002838691036448,7.079394064021107e-05,0.0002976228845483,1.2297046532417118e-05,7.824197238778677e-05,0.0003594708203527,0.0005076814131668,9.944662002165916e-05,-0.0005505884218871,-0.0005427730183144,-0.0005424059697894,-0.000530988956305,-0.0004852851366913,-0.0004752658829135,-0.0004856589887257,-0.0005737412094914,-0.0004408353740993,-0.0005858173541676,-0.0005049421871085,-0.0006843512933225,-5.817002812579725e-05,-0.0008730042321882,0.0008109139906349,-0.0025543969687238,7.830233764770165e-05,-0.0031005651640755,-0.0001182871059586,-0.0033965093960698,-0.0003844521026215,-0.0028385838831537,-0.0001637679304969,1.3020030335213885e-05,-4.747597645729867e-06,0.000317664525432,0.0007352897445223,0.0007641406710294,0.0002724725483292,0.0008019065670813,0.0002663460674972,0.0008111926176056,0.0003786313042538,-5.169409499176723e-06,-1.6034657753493527e-05,-4.422122646540164e-06,-2.08085480747986e-05,-1.0459399034170352e-05,-1.5086046033704932e-05,-4.7866279865309394e-06,5.143671900236735e-06,5.971908111783198e-06,-5.30435862414026e-06,3.860569133017519e-05,-1.3969720879765932e-06,-4.493066962791517e-06,-4.322293961585775e-06,9.465159679736744e-07,3.750452087007767e-06,-7.928199425784627e-06,4.016882446387145e-05,-1.4271562304515375e-06,-4.477981523450021e-06,-1.3248809411547982e-05,-3.708156842782525e-06,-4.575428768820923e-06,-4.223258488428776e-06,-8.950246701513387e-06,5.059480128814394e-07,-4.616905633945577e-06,3.300668095674992e-05,-7.013603269828642e-06,4.926390997302292e-05,4.0902635429197195e-07,-7.696923646678275e-06,-1.5817078665526178e-05,7.67828444883725e-07,-2.59871446266591e-07,-8.249197192449537e-07,-3.724702847367849e-06,6.860805116109369e-08,9.140374146724346e-07,-8.444561490306948e-07,-7.17913198542072e-10,-1.244848835998103e-07,-5.633654426996923e-07,2.9300148735512024e-06,3.979215918354001e-07,-1.011971579968452e-06,-8.084963599707024e-07,-2.803332582767969e-06,8.839621812669523e-08,-1.3372152074245057e-06,2.893779215077041e-06,3.994788873091254e-07,-1.0053569872284783e-06,4.078099459958318e-06,-1.35249382752021e-06,-9.77329215918274e-07,-1.0279423126782785e-06,-2.9518658231134673e-07,-2.6113667495395216e-10,-1.378094243162843e-06,1.494183967461911e-06,1.4358553084686686e-08,5.307629629807363e-06,-1.3894736011351588e-08,-2.441900034965313e-07,1.4979794519736095e-06,4.902265167043047e-06,movement,movement,no movement,no movement
2833.33333333333,-0.0028699618579624,0.3045733146354441,-0.2967121065,0.0076585579947115,0.323710800126875,-0.2893770308,0.0103784821905073,0.3241576780565313,-0.2788927674666667,0.0088889173387994,0.3240782952183609,-0.2823638085666666,-0.0109744654387359,0.3324609386853943,-0.3110535194666666,-0.0093575965797333,0.3305789504408809,-0.3242566617666666,-0.0052329062875002,0.3215190298748616,-0.3036297109,0.0372554227464958,0.3351819080663922,-0.1714569183333333,-0.0746957526001082,0.2976365985198071,-0.2069427850666667,0.018523719805258,0.3035657470401133,-0.2387334357666667,-0.0109635911415998,0.2762591458046355,-0.2778544987333333,0.1007317376853792,0.2275664740660387,-0.0149754700479,-0.1406928772669067,0.2666616155040807,-0.0351967945814999,0.1573250209278803,0.0780552879690106,-0.0555218643036666,-0.1780541440563086,0.0303774530225469,-0.0654735379033333,0.1701628848436478,0.0734112508962573,-0.1723609430266666,-0.1240200458626675,-0.0621720348694347,-0.1607709914299999,0.1623193977710961,0.0827792904844546,-0.1939538000366666,-0.084397314926111,-0.0753693653876111,-0.2158964572,0.1491610279632784,0.103900284287712,-0.2032721504999999,-0.0533045825492028,-0.0301311581056079,-0.2277865491666666,0.1699751494510327,0.0691228993803231,-0.1795167712066666,-0.1061332617551525,-0.0489215152476146,-0.132105604,0.073455263462959,-0.1608081062229364,0.0596594866399999,-0.0712736119693487,-0.1691146595427978,-0.0581143898866666,0.096264716953658,-0.4851476683584705,0.0659319254133333,-0.0258550762725209,-0.4301820791483499,-0.0916511032033333,0.0619719100938043,-0.7301005911525057,0.2729831289999999,-0.0546365973513723,-0.7652171221814029,0.0431727570623333,0.0424582997647989,-0.7554893973252708,0.2988746604333334,-0.0552696102296778,-0.7935813505266158,0.0168360760536666,0.0849407144613582,-0.7872661713812422,0.2715755670666666,-0.0283634991222788,-0.8193688686435336,-0.0766663633833333,nijmegen_nijmegen_rennen_g_ch1_g11_compr.mp4,ch1g11,4.966859176140593e-05,0.000296788902745,0.0001326458549889,0.0001497179038795,8.880613183910793e-05,0.0002920835081788,0.0001320660581007,7.498864783713769e-05,8.102758660350394e-05,3.945664886697027e-05,0.0003252310874118,1.7925150171385183e-05,0.0001400324466113,0.0001327586040486,0.0002202203656008,3.812050124655991e-05,0.000120103970287,0.0003505578398913,1.767270623602197e-05,0.0001393718854138,0.0003190936841894,0.0001520922139672,0.000139866637277,0.0001173024472068,8.980824302432882e-05,1.2931218459156535e-05,0.0001240749046071,0.000317924470758,6.421013997709583e-05,0.0003512275680652,1.2729169580057914e-05,7.048737588912681e-05,0.0003449496524667,0.0005099726287428,9.153056899649228e-05,-0.0005424504097107,-0.0005423863047023,-0.0005425316921978,-0.0005315106375883,-0.0004761578057793,-0.0004629054231692,-0.0004749706622701,-0.0005968782821951,-0.0004230339105944,-0.0005739003817401,-0.0004897811222036,-0.0007211766095954,-9.80889633478517e-05,-0.001066386745008,0.0006916778131921,-0.0033739303500791,0.0006194023046155,-0.0039995260919644,0.0006669083679832,-0.0044528066575865,0.0004520966002794,-0.0037461263348806,0.0004447367698007,1.795353995758482e-06,6.650548434080808e-06,0.0001634213942391,0.0006421495320027,0.0004871225612067,0.0002868783020484,0.0005065848031159,0.0002850678309969,0.0005381420164211,0.0003854565920985,-4.10254985179153e-06,-1.6437359849195786e-05,-5.188144051022938e-06,-2.4381648236759663e-05,-9.68464176040731e-06,-1.4204778113625504e-05,-5.565857229239458e-06,5.285475165294876e-06,5.486876082073403e-06,-5.857525320841485e-06,3.8570218678605414e-05,-7.960018822374197e-07,-5.400171363779851e-06,-5.068484263715027e-06,-2.0293400563370224e-06,3.670839373453786e-06,-8.627877026142042e-06,3.989183146522663e-05,-8.486865669224453e-07,-5.37767168264788e-06,-9.092720438973835e-06,-4.992036017563124e-06,-5.441296199208704e-06,-5.188742570827667e-06,-8.640298086865274e-06,4.840850413522309e-07,-5.950318865154683e-06,3.197293306276412e-05,-6.769227918314415e-06,5.074162216262856e-05,3.763239287569349e-07,-7.6922380510759e-06,-1.4369700997038376e-05,1.1872375090316708e-06,7.520937246237893e-07,-8.856047767928888e-07,-2.1091362817281197e-06,9.424293824995268e-07,1.8015666482968857e-06,-8.820534247823853e-07,-4.576976025356335e-07,-3.08733915500505e-07,-2.558187361450527e-07,-4.4703029906661465e-08,2.9519236829010677e-07,-1.075692542059728e-06,-8.681624841736498e-07,-2.855472470891013e-06,-5.429210031935127e-07,-7.6031681520965e-07,-8.767980866556153e-08,3.006582224913717e-07,-1.0650389480143464e-06,4.676403869414828e-06,-1.495124340583339e-06,-1.011136707348537e-06,-1.068626795220081e-06,4.109576889058806e-07,-1.2945509000107718e-08,-1.3865817567180466e-06,-8.475805793500686e-07,3.073920788859924e-07,1.1296328165278946e-06,-2.6069970436270204e-08,3.061602831155576e-07,2.424496268170963e-06,3.726421432960613e-06,movement,movement,no movement,no movement
2849.9999999999964,-0.0052692389114779,0.3039979136111761,-0.2992438267,0.0056007754014278,0.3231407824480221,-0.2921288858333333,0.0083011769673905,0.3235903468169731,-0.2816426535666667,0.0068145820899687,0.3235223516920996,-0.2850925976333333,-0.0131757057986843,0.331961143604535,-0.3132490009,-0.0115661582745332,0.3300906961540998,-0.3264153512666666,-0.0074251368313021,0.3210167705607273,-0.3058116283000001,0.0367936125087979,0.3345844811949225,-0.1745885707333333,-0.075662817533825,0.2972192729689412,-0.2078175572333333,0.0167372390601499,0.3029724453132074,-0.2414742018666667,-0.0128770680752292,0.2757431070108195,-0.2798994616,0.1019582662529494,0.2268235460797849,-0.0186735133812333,-0.141639823989063,0.2665515079749985,-0.0348059428048333,0.1606524726141805,0.0767902067398766,-0.0579188115436666,-0.1803292357109084,0.0309663185275084,-0.0664260735366666,0.1741437368934103,0.0692264922630467,-0.17232424519,-0.1287674778940563,-0.0613917099635653,-0.1657023166633333,0.16667511756226,0.0779463366237482,-0.1934726430166666,-0.0898615544593336,-0.0744019993241407,-0.2212248819999999,0.1532655316977315,0.0984803400138656,-0.2031531264666666,-0.0583772758902471,-0.0293530192198091,-0.2332640143666666,0.1739063518772363,0.0645263497942007,-0.17947645214,-0.1108504776579887,-0.0482574872170734,-0.12473686,0.073668161856299,-0.160815804268243,0.0590542628133333,-0.0714892926797658,-0.1690996693105406,-0.0574695793866666,0.0950242590844254,-0.4851033874985745,0.06557163559,-0.0259381184594074,-0.429596850713507,-0.0912644491133333,0.0606071328668542,-0.7297875492396412,0.2742200123333333,-0.0547454036579106,-0.7650117285630145,0.043963626259,0.0411085470091924,-0.755145637073394,0.3002736569333333,-0.0554046226238067,-0.7933896547245736,0.0176731217136666,0.0830674534314527,-0.787015724014856,0.2724923794,-0.0289593768013276,-0.8191174237527341,-0.0761764170533333,nijmegen_nijmegen_rennen_g_ch1_g11_compr.mp4,ch1g11,4.55932421465588e-05,0.0002802390380917,0.0001280839610301,0.0001224876735803,7.897818651082748e-05,0.000278268477647,0.0001271876798609,8.19568773195417e-05,8.562389953165979e-05,3.4317152566370985e-05,0.0003594883950806,1.7384870712465156e-05,0.0001350710429649,0.0001283514000533,0.0002142573911364,4.292618314624011e-05,0.0001100290981876,0.0003855446695583,1.716888508919793e-05,0.0001344373775201,0.0003115922378563,0.0001472637281374,0.0001348364072506,0.0001126375507494,8.104585402552606e-05,1.3346501651270366e-05,0.0001185102066523,0.0003449749653962,5.7655146498031794e-05,0.0003989964317092,1.304642828865075e-05,6.322421329680935e-05,0.0003313158159381,0.0005083808661392,8.284443898013289e-05,-0.0005551622773342,-0.0005591787553407,-0.0005605915743116,-0.0005497008137185,-0.0004898249573421,-0.0004737401782612,-0.0004875438784792,-0.0006186290920034,-0.0004248478189352,-0.000575944839927,-0.0004933578494529,-0.000747815452578,-0.0001492365399975,-0.0012669377432677,0.0005593773907445,-0.0041881302898827,0.0011814316465243,-0.0048940814456168,0.0014754551444632,-0.0054863505309258,0.0013181657415845,-0.0046368426806888,0.0010813526563708,-1.1603152045043069e-05,2.0720121503567425e-05,-8.686295015938756e-07,0.0005483485288818,0.0002099920074562,0.0003057776658426,0.0002142275443788,0.0003062100638151,0.0002459508122376,0.0003818469534979,-2.6729618359623584e-06,-1.527553258585207e-05,-6.039418125990719e-06,-2.5938834898677e-05,-8.162056276600268e-06,-1.2026097794190512e-05,-6.404391049762585e-06,4.778442839217486e-06,4.965651365244281e-06,-5.941734945935229e-06,3.577256462631664e-05,-5.094102742591516e-07,-6.394363986233058e-06,-5.904809331790791e-06,-4.593425233225363e-06,2.728735621327563e-06,-9.035458979023108e-06,3.698161615388273e-05,-5.295585336139841e-07,-6.360252617600968e-06,-3.921699074290312e-06,-6.453591435860184e-06,-6.357661258982757e-06,-6.2131242431483636e-06,-7.717321600352708e-06,4.588841796229901e-07,-7.246205788626865e-06,2.894876580013788e-05,-6.2648456853843846e-06,4.795826561723497e-05,3.361415407091627e-07,-7.009576502853772e-06,-1.138169214065578e-05,1.5144402513027485e-06,2.021541816676611e-06,-9.929638236958685e-07,-2.366228626801553e-08,1.8059412046540305e-06,2.847055191588619e-06,-9.63167540641832e-07,-1.0419772359655551e-06,-5.172392916048451e-07,9.926088375753104e-08,-2.324379826745627e-06,2.572531342939699e-07,-1.1924811071629507e-06,-9.819179167324883e-07,-2.787951494675422e-06,-1.1180959158494091e-06,1.961485767439992e-08,-2.272719249517252e-06,2.5039529428474145e-07,-1.1807512983716956e-06,5.120637258038744e-06,-1.6507308685063962e-06,-1.102032097555478e-06,-1.0808358819969285e-06,1.1595152678542326e-06,-2.690825148457947e-08,-1.3356229104363436e-06,-2.4877997227394485e-06,6.186028091331139e-07,-2.2720876148600645e-06,-3.894718098471182e-08,8.363764005077542e-07,3.443665767465447e-06,4.248412905720088e-06,movement,movement,no movement,no movement
2866.666666666663,-0.0075618052606151,0.3034072110539871,-0.3026213735666666,0.0036611182959584,0.3225381752986071,-0.2957425128,0.0063348448329117,0.3229836968491372,-0.2852474173,0.0048504560365166,0.3229261770009851,-0.2886634205,-0.0152648307830265,0.3314265549163205,-0.3162665645,-0.0136597459351012,0.3295720993122127,-0.3294158808666665,-0.0095058061143676,0.3204853703604319,-0.3088147825,0.0364306928894668,0.3338762702342077,-0.1785123828999999,-0.0764948398135153,0.2967313166138705,-0.2094287527333333,0.0150511331630187,0.3023555385187635,-0.2450500792333333,-0.0146697820548957,0.2752153233060111,-0.2827920283333334,0.1032888729331419,0.2259758562403373,-0.0229698780112333,-0.142544577085546,0.2663338097604083,-0.0348459901714999,0.1639569116166272,0.0751083835061351,-0.0609624701403333,-0.1821427007667522,0.0313380882817523,-0.0678164581699999,0.178009100084713,0.0643829782587162,-0.1728860157433333,-0.1329908671211161,-0.0600596164417511,-0.1718094393633333,0.1708275062797004,0.0724744260642669,-0.1937129075866666,-0.0947945274555611,-0.0725907462206881,-0.2279974711999999,0.1571397470068445,0.0924740742951409,-0.2037215255333332,-0.0631289433423577,-0.0275770276101629,-0.2400864615666666,0.1776868837641738,0.059249444111353,-0.1800406577733333,-0.1150928089023724,-0.0469564222555266,-0.110259257,0.0738926944663524,-0.1608367571768601,0.0583158312999999,-0.0717187306603097,-0.1690707792061041,-0.0566810007466666,0.0937312556915443,-0.4851807063836152,0.0653322186333333,-0.0261093414371406,-0.4291477760484016,-0.09062460691,0.0594658940064382,-0.7296464291957424,0.2756266079333333,-0.0547788863353623,-0.7647230654066811,0.045627018419,0.0399978186011601,-0.75498423872797,0.3018550575666667,-0.0554280754169782,-0.7930798012996281,0.0194807846836666,0.0812718382575262,-0.7869504446584832,0.2736095338666667,-0.0296212965811435,-0.8186809409001619,-0.0747938950166666,nijmegen_nijmegen_rennen_g_ch1_g11_compr.mp4,ch1g11,4.288273917078717e-05,0.0002642182947444,0.0001224667501636,9.308655932248324e-05,7.093204502485937e-05,0.0002660373635776,0.0001212384540439,8.790740273692363e-05,8.903656297980754e-05,2.855047405046418e-05,0.0003907567282905,1.6998452682976247e-05,0.0001290490836896,0.0001228851895759,0.0002052119018079,4.6365945124583306e-05,9.914881394574748e-05,0.0004176590816159,1.6825705659434002e-05,0.0001284962313316,0.0003085213711461,0.0001409973621186,0.0001288374584041,0.0001063819851594,7.320012415623361e-05,1.3719875707803637e-05,0.0001111046242616,0.0003690941769091,5.085031219664138e-05,0.0004432906435391,1.3307781570799794e-05,5.609882581595182e-05,0.0003198564066233,0.0005067729776498,7.510900443639181e-05,-0.0005796294239052,-0.0005870952807127,-0.0005901822915135,-0.0005796788488348,-0.000518454070329,-0.0004998781190017,-0.0005147851649871,-0.0006452983638557,-0.0004415798628123,-0.0005857274693953,-0.0005074740678155,-0.0007639629122243,-0.0002054542473963,-0.001437840069258,0.0004349330626938,-0.0048892200791734,0.0017748849308212,-0.0056734607343187,0.0023074508671159,-0.0063715790025436,0.0022145169612751,-0.0054001076359165,0.0017474879145616,-2.6108891454120684e-05,3.6161211403646326e-05,-0.0001507022749101,0.0004431016699785,-4.968023193544187e-05,0.000319776854552,-6.22188296000668e-05,0.0003249547755857,-3.174240138662253e-05,0.0003821242703101,-1.1372222592551778e-06,-1.2318210463355192e-05,-6.972328588455325e-06,-2.489514862282099e-05,-5.800320252288938e-06,-8.361731191331857e-06,-7.296038992114328e-06,3.596519525326935e-06,4.141556246394271e-06,-5.590660660683664e-06,3.132266214706519e-05,-4.732019804814656e-07,-7.470877768631051e-06,-6.829230489453156e-06,-7.276910386430295e-06,1.1570397873977255e-06,-8.882354090431833e-06,3.273948016420244e-05,-4.5196014620035715e-07,-7.42989350014509e-06,1.7655980543426022e-06,-8.036233050264356e-06,-7.3332953963302365e-06,-7.2406471080320364e-06,-6.044105129145488e-06,4.317002032454288e-07,-8.42724093985213e-06,2.482375895649482e-05,-5.5508231872215125e-06,4.2824950827268864e-05,2.954485088259155e-07,-5.812971764233125e-06,-6.965920207080641e-06,1.6832416054459678e-06,3.35784266258539e-06,-1.0466781088001582e-06,2.2820775793911575e-06,2.496937814016906e-06,3.878478321708109e-06,-9.884809711817987e-07,-1.6167197131707154e-06,-7.312780986433543e-07,5.15934799469436e-07,-3.892684768212305e-06,2.69981338199561e-07,-1.2578858491455085e-06,-1.0485495195622382e-06,-2.6553076414848153e-06,-1.5185242912308064e-06,8.771607718284885e-07,-3.694666634014988e-06,2.40835051036375e-07,-1.2482005496690368e-06,5.298917720843283e-06,-1.713017970004945e-06,-1.1517297257916917e-06,-9.803876149200285e-07,1.8158013247761873e-06,-4.7989949790005344e-08,-1.1388309605285592e-06,-3.497688088299325e-06,9.447795482080122e-07,-4.731759410959157e-06,-5.7221394136162055e-08,1.3065303006170708e-06,4.382290586960632e-06,5.980590778426241e-06,movement,movement,no movement,no movement
2883.3333333333294,-0.0097895037791489,0.3028055965131675,-0.3052343090666666,0.0017858739627169,0.3219187269157976,-0.2985729605333334,0.0044285623811746,0.3223595439180485,-0.2880722592333333,0.0029487487117224,0.322311925355826,-0.2914530867666667,-0.0172898268449658,0.3308802298231357,-0.3185052980666666,-0.015690758745603,0.3290464127284969,-0.3316337031666665,-0.011523289486336,0.319945188051307,-0.3110421524666666,0.0361063616348991,0.3331603118062646,-0.1816876241333332,-0.0772681492478329,0.2962873308698233,-0.2103679163,0.0134143473691867,0.3017406218573288,-0.2478780782,-0.0163959942081544,0.2746955248227964,-0.2849536643,0.104607908965328,0.2251271293289967,-0.0267169997272333,-0.1434182086354742,0.2661133133959406,-0.0345112206848333,0.1671067138155858,0.0734909038006303,-0.0636927055366666,-0.1835071821001234,0.0316913542619125,-0.0691605560699999,0.1816616352838175,0.0591208364453401,-0.17235398245,-0.1365500351756984,-0.0579601709405795,-0.1776906241966666,0.1747040458869776,0.0663977907452591,-0.19260691162,-0.0990637974286202,-0.0698125973152742,-0.2344822469333333,0.1607534005159835,0.0856450969443629,-0.2029859940166666,-0.0674278430907235,-0.0248524448267768,-0.2465498700333333,0.1812410110533823,0.0534497761378704,-0.1794694138133333,-0.1187513129161191,-0.0448387420798806,-0.108871423,0.0741179365421705,-0.160867618069899,0.0575040026266666,-0.0719498844960742,-0.1690307722071908,-0.0558156276066666,0.0923227085156035,-0.4854201446927742,0.0648813479899999,-0.0263084434657924,-0.4288082072770146,-0.08990604858,0.0583158437853142,-0.7297474371038639,0.2767394162,-0.0548572117203269,-0.764321858463966,0.0470445968023333,0.0388779674098271,-0.7550932662407943,0.3031636785333333,-0.0555047755938534,-0.7926533382649563,0.0209998695303333,0.0794574318253,-0.7870923054443483,0.2744065652,-0.0303820586800336,-0.8181832281377074,-0.0737404065766667,nijmegen_nijmegen_rennen_g_ch1_g11_compr.mp4,ch1g11,4.1776676822177365e-05,0.0002520033290469,0.0001150933755939,6.638315980807609e-05,6.556586360671264e-05,0.00025843591942,0.0001135459723358,9.145629795761736e-05,9.242472725414924e-05,2.2917431761214456e-05,0.0004177330285118,1.6555929980965862e-05,0.0001213100379709,0.0001156576801133,0.0001953629599082,4.668185937095807e-05,8.9173011774779e-05,0.0004457406244824,1.6417858765364906e-05,0.0001208477016765,0.0003127152748014,0.0001324486277518,0.0001212700928594,9.828324450466676e-05,6.715285228801837e-05,1.3971141556299343e-05,0.0001018673945394,0.0003897793293155,4.480710068398436e-05,0.000480613776303,1.342200443472473e-05,5.02149425857237e-05,0.0003138033501662,0.0005079439077522,6.913068534924186e-05,-0.0006117870206605,-0.000621968253354,-0.0006271236150589,-0.0006171318129618,-0.0005601839688295,-0.0005383066431197,-0.0005531551583525,-0.0006722603024327,-0.0004752911139922,-0.0006005154343236,-0.0005298084898133,-0.000762678231731,-0.0002645360432557,-0.0015592633969816,0.0003149624656601,-0.005477836767665,0.0023605622034038,-0.0063612863049845,0.0031179342929354,-0.0071394991491074,0.0031053811220694,-0.0060471759637745,0.0024074529997405,-3.973097419369303e-05,5.139981299408061e-05,-0.000276408391733,0.0003413093398614,-0.0002970793076906,0.0003135275712831,-0.0003294339825761,0.0003221795045533,-0.0002979696018712,0.0003624763822892,4.814416489892408e-07,-7.904794113056565e-06,-8.053413048854445e-06,-2.1318742128243093e-05,-3.0698137486153573e-06,-3.615096947116532e-06,-8.311122714096086e-06,1.7159369714836506e-06,3.2398678918325e-06,-4.864303819692042e-06,2.6565712592733312e-05,-5.361260566289773e-07,-8.74563624541356e-06,-7.91812593296009e-06,-9.8382668654124e-06,-7.591857704852251e-07,-8.185131785813277e-06,2.842659413138879e-05,-5.049365745205165e-07,-8.69562249092831e-06,7.44591984964294e-06,-9.783272400984769e-06,-8.492744941689272e-06,-8.249033030676054e-06,-4.009014102428535e-06,3.899509965178295e-07,-9.5033465439321e-06,2.0849022594463386e-05,-4.609282187255763e-06,3.664503369024418e-05,2.433925556144525e-07,-4.288741589557721e-06,-1.6817912777365089e-06,1.6435901326895577e-06,4.422628967831789e-06,-9.584523274594622e-07,4.363248009195302e-06,2.957959238801565e-06,4.606622850926078e-06,-8.724830104606735e-07,-2.0588185721835725e-06,-9.931092735121908e-07,9.314353054907088e-07,-4.739035727678671e-06,3.394560177839332e-07,-1.1756373112095146e-06,-9.77623330956684e-07,-2.584887650302155e-06,-1.635342771406506e-06,1.7027079526458157e-06,-4.376808299191614e-06,2.8284399231588684e-07,-1.1683330120861375e-06,5.02402124467406e-06,-1.572906566209665e-06,-1.0703597166949843e-06,-7.248539606708174e-07,2.318846542793201e-06,-7.8978796858198e-08,-7.667555599311935e-07,-3.939224553037146e-06,1.2185360927658068e-06,-6.088806571135412e-06,-8.233837855500293e-08,1.6296750313151685e-06,4.937478367895375e-06,7.797224789679143e-06,movement,movement,no movement,no movement
2899.999999999996,-0.0119182482017449,0.302149996514476,-0.3075855851333332,-2.5127196778838045e-05,0.3212418922404302,-0.3011374007333333,0.0025817260077265,0.3216748491258936,-0.2906258791999999,0.0011092459681942,0.3216371433658707,-0.2939761116333333,-0.0192505313289224,0.3302631123113256,-0.3204718103,-0.0176566423696863,0.3284518780702533,-0.3335777612999999,-0.0134759752051454,0.3193355956902377,-0.3129930621666666,0.0358084945014174,0.332432601176453,-0.1845947100666666,-0.0780018963447128,0.2957631965522954,-0.2110449525333333,0.0118616176077229,0.3010990861243588,-0.2504322698333334,-0.0180199073413149,0.2741257606399733,-0.2868437060666666,0.1059044234812044,0.2243037358923208,-0.0299731551938999,-0.1441509863689496,0.2658044937288534,-0.0341971561114999,0.1696144058212942,0.0718326600887433,-0.0653789925233333,-0.1843196655968237,0.0318830634581782,-0.0708238994033333,0.1849215195490259,0.0533121348885597,-0.1700994805833333,-0.139501885371244,-0.0554589929736568,-0.1837154592299999,0.1782986577266009,0.0596455736603268,-0.1895921283233333,-0.1027475762467438,-0.0664539784039756,-0.2410968271999999,0.1641508825862708,0.0780068861982302,-0.2003936588566666,-0.0712600725972728,-0.0215213219358016,-0.2530877902666666,0.184472319447711,0.0470290741900109,-0.1771727278966666,-0.1218579820434473,-0.0422730966950611,-0.110674188,0.0743364380483682,-0.1609193777558554,0.0566662066799999,-0.0721762607339522,-0.1689660092120122,-0.05492219882,0.0908200824565005,-0.4857858041404972,0.0644867515833333,-0.0265148641504511,-0.4285473977529544,-0.08912265952,0.057161911051146,-0.7303803440021048,0.2774639643,-0.05493095797389,-0.7640057762281459,0.0483978722856666,0.0377585271256436,-0.7558004648467908,0.3040089071333333,-0.0555747228563293,-0.7923315934486892,0.0224033518503333,0.0777284305501464,-0.7877589507613288,0.2746193493,-0.0310558969378803,-0.8178532133138072,-0.07279538729,nijmegen_nijmegen_rennen_g_ch1_g11_compr.mp4,ch1g11,4.2963875218058226e-05,0.0002453419249632,0.0001060708381881,4.577268050167505e-05,6.33835968848055e-05,0.0002562593714086,0.000104273590843,9.173433383289652e-05,9.574461981240334e-05,1.855419086601375e-05,0.0004395033982303,1.641277030505798e-05,0.0001118000660072,0.0001067556154854,0.000185938514324,4.447146209145811e-05,8.141228606518325e-05,0.0004694254233245,1.6258208847026715e-05,0.0001113878742482,0.0003226447632037,0.0001216761413898,0.0001120928927581,8.881761314730578e-05,6.358883479629057e-05,1.4296984189709158e-05,9.12521439191971e-05,0.0004069048614498,4.0147063250454584e-05,0.0005100232699069,1.358562486046044e-05,4.611858689684568e-05,0.0003138866570589,0.0005122816567138,6.563436040416233e-05,-0.0006467932684121,-0.0006605046707414,-0.000668629785473,-0.000659242641765,-0.0006112960695971,-0.0005849320778452,-0.000597722534385,-0.0007079961114142,-0.0005272927138986,-0.0006198609590659,-0.0005574171614049,-0.0007504146142465,-0.0003322176503641,-0.0016083319976962,0.0001991185505086,-0.0059572015577754,0.0029222579027065,-0.0069484756312964,0.0038929788611379,-0.0077708639617123,0.0039815562886065,-0.0065803962982669,0.0030448787298569,-4.954682629544992e-05,6.293805011797986e-05,-0.0003759708441214,0.0002331156927127,-0.0005274280369567,0.0002789951780301,-0.0005839745879355,0.0002894938767065,-0.000543879002292,0.0003308184923751,2.0174448512983116e-06,-2.553720112565146e-06,-9.269915447045282e-06,-1.5522024028805748e-05,-3.416851829371139e-07,1.6834868145762654e-06,-9.434614016177698e-06,-6.354885328590599e-07,2.2766427088668873e-06,-3.744311542672955e-06,2.2090149457645336e-05,-3.687930586593722e-07,-1.0199530612453188e-05,-9.159321169141254e-06,-1.1940665733698245e-05,-2.4653323811109088e-06,-6.732984825318192e-06,2.4549330763130137e-05,-4.066486227016872e-07,-1.0141215123067848e-05,1.2617555939786566e-05,-1.1610722887367747e-05,-9.83746329509656e-06,-9.150142157302532e-06,-1.8964519723493151e-06,3.0796562650289197e-07,-1.038887231871556e-05,1.7416133800472906e-05,-3.455336409269377e-06,3.0431383328964115e-05,1.600573519022044e-07,-2.6643563998372863e-06,3.863345880153698e-06,1.3677621937609344e-06,5.009863924035631e-06,-6.822821647653558e-07,5.898209184881307e-06,3.086168328247638e-06,4.874911543274728e-06,-5.742828386764008e-07,-2.2568238755325195e-06,-1.2807335015658544e-06,1.279704525412786e-06,-4.956996052003393e-06,4.22937073108055e-07,-8.826694476140946e-07,-7.208449973936369e-07,-2.5766669464594446e-06,-1.4499658479419464e-06,2.3252585124658083e-06,-4.485214663415638e-06,3.421910669193219e-07,-8.753636333526326e-07,4.315469361261525e-06,-1.1688251195231569e-06,-7.963787402346758e-07,-3.146146342973483e-07,2.5611618498562475e-06,-1.2517441138296913e-07,-2.2643565198939378e-07,-3.954178878957351e-06,1.4056239002320134e-06,-6.449402509053719e-06,-1.1941960691600482e-07,1.7668937448774e-06,4.986230274454972e-06,9.064345055531645e-06,movement,movement,no movement,no movement
2916.6666666666624,-0.0138965652219846,0.30145036995281,-0.3104743450999999,-0.0017136951813475,0.3205329405377492,-0.3042508334666666,0.0008553584483388,0.320956886673613,-0.2937183907,-0.000608604058316,0.3209265011189082,-0.2970383712666666,-0.0210907027507345,0.3295949097847221,-0.3230101605333333,-0.0195032372273398,0.3278118913446704,-0.3361057462666666,-0.0153119697006033,0.318684746332523,-0.3155137694333332,0.035587047713253,0.3317138403732382,-0.1879762151999999,-0.0786529477591168,0.2951879936520624,-0.2123264643333333,0.0104302403634414,0.3004420183673615,-0.2534960052,-0.0195180015299115,0.2735225016475702,-0.2892882256,0.1071950842796887,0.2235357526169898,-0.0335517123875666,-0.1447664697026834,0.2654294087248672,-0.0342715039648333,0.1719051082634767,0.0701862271542862,-0.0670718692899999,-0.1848946071854288,0.0320388354289832,-0.0729617667699999,0.1879052686752683,0.0473425261456143,-0.1675690793733333,-0.1419819923444214,-0.0521842251029069,-0.1904071827966666,0.181565731127059,0.0527002643358326,-0.1862513710633332,-0.1058994596318119,-0.0620898470517139,-0.2484697419333333,0.1672065324823925,0.070188046573088,-0.1974786862599999,-0.0746130937865433,-0.0170819066703963,-0.2602746178333333,0.1874090391089973,0.0404173022375467,-0.1745818811399999,-0.1245040599206148,-0.0388480515504838,-0.112556294,0.0745531107404759,-0.1609785241227976,0.0558016830699999,-0.0724022398731581,-0.168892104385318,-0.0540008021533333,0.0892188275159598,-0.4863396390293959,0.0647882300133333,-0.0268152483208257,-0.4283607556603526,-0.0880946628033333,0.0561866582039561,-0.7311058126598949,0.2791321517666666,-0.0550724440750035,-0.7636978932177032,0.0501009530656666,0.0368922692667901,-0.7566018614616847,0.3058251282333333,-0.0557089851573911,-0.7920184066848959,0.0241630545603333,0.076587764614508,-0.7884016321560587,0.2759262084666666,-0.0319211846876715,-0.8175193548449649,-0.0715104090933333,nijmegen_nijmegen_rennen_g_ch1_g11_compr.mp4,ch1g11,4.646182885511744e-05,0.0002445467362737,9.649883209957048e-05,3.434152235580127e-05,6.516505165895248e-05,0.0002602407374539,9.455390516514904e-05,8.918635319402574e-05,9.78454150815103e-05,1.5003688560499296e-05,0.0004569928621696,1.606322458205e-05,0.0001014770637149,9.725468916958272e-05,0.0001768030326269,4.02036943254846e-05,7.671846022163902e-05,0.0004900067053137,1.583075103667126e-05,0.0001010917840374,0.0003381194230652,0.0001098190537725,0.0001021804223022,7.951919028643851e-05,6.34670250893131e-05,1.4469413434164575e-05,8.096510222865582e-05,0.0004211783024593,3.795648182365793e-05,0.0005331909466696,1.360706206355964e-05,4.496456143687551e-05,0.0003200472041068,0.0005192619003821,6.54115888208853e-05,-0.0006858235389601,-0.0007017250679029,-0.0007127106282215,-0.0007038071013557,-0.0006668099782374,-0.0006356201179735,-0.0006459434862441,-0.0007452634377803,-0.0005940305569004,-0.0006449287414055,-0.000592712403051,-0.0007289405197791,-0.0004075023961135,-0.0015734879533045,0.0001043752083158,-0.0063350545619923,0.0034331943817179,-0.0074548898058139,0.0045878121720712,-0.008311827282679,0.0047834897600069,-0.0070065167918738,0.003637082575528,-5.724652390791616e-05,7.225429314094487e-05,-0.0004484879231398,0.0001287629543514,-0.0007332434097457,0.0002122565441186,-0.0008166910279833,0.000220565140688,-0.0007589990228932,0.0002703274564853,3.3196916556952744e-06,2.954078335789734e-06,-1.0189238524515276e-05,-8.4796302334391e-06,2.592047114931199e-06,6.810388900806711e-06,-1.0238539814370691e-05,-3.3074801925321423e-06,1.1848523695406116e-06,-2.4124103905923257e-06,1.816154631102349e-05,1.7109827557926997e-08,-1.1346084005962984e-05,-1.0122421640943308e-05,-1.4019807410236805e-05,-4.12145980686537e-06,-4.039904756484773e-06,2.1336735719835508e-05,-1.4296829344879346e-07,-1.128128726056112e-05,1.6547603085488564e-05,-1.2985529416956018e-05,-1.0895169156176293e-05,-9.601935511487689e-06,5.001437948150133e-07,1.80488268512682e-07,-1.07210309610362e-05,1.4503444016924704e-05,-2.023107961527349e-06,2.5149325886886063e-05,4.1677288642407326e-08,-9.664344971802938e-07,8.914829504222112e-06,8.808982299650861e-07,5.029548539768023e-06,-2.3100893800555766e-07,6.6276582308960105e-06,2.836211072824688e-06,4.61107742410154e-06,-1.093671945137936e-07,-2.172094047011659e-06,-1.5259934350693624e-06,1.541040686406265e-06,-4.767989254363408e-06,4.871313832229355e-07,-3.755518229381773e-07,-2.88844326905747e-07,-2.5453782295803877e-06,-1.0254206650686595e-06,2.6456510402206497e-06,-4.279054901165093e-06,3.955037320669578e-07,-3.680195710246687e-07,3.231215058849373e-06,-5.185233107537681e-07,-3.242535790656034e-07,2.0142003110657913e-07,2.4813978778599594e-06,-1.7652386415699886e-07,4.255996871315013e-07,-3.748646222815078e-06,1.4608720076371357e-06,-6.102810183278813e-06,-1.5984418992988697e-07,1.699072552789112e-06,4.511814597987035e-06,9.473832961103643e-06,movement,movement,no movement,no movement
2933.333333333329,-0.0154638065187357,0.3008020654698787,-0.3135245799999999,-0.0030186610372314,0.3198790245105039,-0.3075153987666666,-0.0004961307633556,0.3202913769105868,-0.2969657024,-0.0019479519029928,0.3202693241644709,-0.3002523371666666,-0.0225403340964166,0.3289760984422128,-0.3257157246333333,-0.0209582298635367,0.3272240811111754,-0.3388053528999999,-0.0167559904713263,0.3180862522866794,-0.3182028866333332,0.0356185355241496,0.3310663852773741,-0.1915051792333332,-0.0789793833455641,0.2946669951569204,-0.2138394771,0.0093605471903916,0.2998575940277795,-0.2567160567333333,-0.0206343886354468,0.2729778404759224,-0.2919149248333333,0.1085751626750162,0.2229041058251704,-0.0371458951092333,-0.1450919894529082,0.2650565426603619,-0.0345760457048333,0.1741552631609701,0.0686990298262755,-0.0685415168633333,-0.1850010904310426,0.0322139288842916,-0.0757978744966666,0.1907534010710797,0.0411555803129053,-0.16463315052,-0.1437321799279159,-0.0483757415876932,-0.1976446663633333,0.1846500667543071,0.0453551024040949,-0.1824392812566666,-0.1082371576225682,-0.0570701956794622,-0.256406771,0.1700646690372906,0.061941692983193,-0.1941311861033332,-0.0772582230489245,-0.0118885283739552,-0.2679502134333333,0.1901917127486963,0.0335521003207001,-0.1715902500033333,-0.1264530796626388,-0.0348242871161781,-0.11399772,0.0747673537895449,-0.1610432276651068,0.0549459645166666,-0.0726271907972283,-0.1688107128216314,-0.0530894105033333,0.0876493000683445,-0.4868505633840873,0.06513696934,-0.0270804285594131,-0.4282204109348477,-0.08690294355,0.0555695170437474,-0.7319354908870134,0.2805984871333333,-0.0551494123628009,-0.7634559973309556,0.051946922569,0.0364341916593984,-0.7575391325008166,0.3073941966666667,-0.0557602956011027,-0.7917728515239976,0.026038518867,0.0761612155530215,-0.789144058922197,0.276907593,-0.0325005705154232,-0.8172554819101747,-0.0700887363036666,nijmegen_nijmegen_rennen_g_ch1_g11_compr.mp4,ch1g11,5.1047571613578256e-05,0.0002516832100275,8.615003849955919e-05,3.254205261317364e-05,7.003053291657622e-05,0.0002712847621933,8.417823449374451e-05,8.427714357612299e-05,9.882835021820843e-05,1.2510183005680616e-05,0.0004710715522829,1.6148180184020884e-05,8.998928159805395e-05,8.695776589017343e-05,0.0001646362185791,3.469098100718913e-05,7.46432949183534e-05,0.0005080729308333,1.568043343588263e-05,8.963023764487187e-05,0.0003590628778545,9.660956716291332e-05,9.12055490947567e-05,7.015399550887097e-05,6.594025405524651e-05,1.4751880746006391e-05,7.059599774323433e-05,0.0004329581429537,3.770406451407045e-05,0.000552254113313,1.3738342220680936e-05,4.568202706438361e-05,0.0003334553839029,0.0005281678345147,6.777900189297272e-05,-0.0007215494013241,-0.000741729084354,-0.0007553053831397,-0.0007470300627257,-0.000721453148159,-0.0006846998662002,-0.0006917152950677,-0.0007791734251914,-0.0006646001720043,-0.0006701991177508,-0.0006271617010464,-0.0006971144238326,-0.0004813595209446,-0.0014916471515291,3.749992328556203e-05,-0.0066491303826897,0.0039176450672986,-0.007902017109353,0.0052233428270703,-0.0087783809211488,0.0055339741258459,-0.0073633952863447,0.0041961120966814,-6.280261859120356e-05,7.889205785148894e-05,-0.0004999848663948,2.9333163783671902e-05,-0.0008977980096702,0.0001220132213328,-0.0010046832379094,0.0001251886224888,-0.0009216250926942,0.0001862133759934,4.282156478383404e-06,8.075581852439563e-06,-1.022688519881279e-05,-8.137017410394643e-07,5.403602664923026e-06,1.1346744353655203e-05,-1.014420654003609e-05,-5.763602655729777e-06,-2.0198746920528127e-07,-8.565646318570302e-07,1.4542246869997708e-05,6.689145177730583e-07,-1.1540943343878437e-05,-1.0227501610514476e-05,-1.6220146941338705e-05,-4.924968042954474e-06,-5.193931541035379e-07,1.826807073119625e-05,3.635142010268738e-07,-1.1470180193855692e-05,1.917443776850747e-05,-1.3246923500301374e-05,-1.1039240712160723e-05,-9.135889157066109e-06,3.0056072298141447e-06,-6.332215256214426e-09,-1.000403260471377e-05,1.1756297246328445e-05,-2.880994092876218e-07,2.0493881888852107e-05,-1.2344782074954074e-07,9.119798655189442e-07,1.3123142614409678e-05,2.701622757882247e-07,4.402329916484085e-06,3.908915642422358e-07,6.480465023429105e-06,2.2338305422508634e-06,3.795209585971953e-06,5.148294417671303e-07,-1.7952437084053118e-06,-1.696289919555803e-06,1.6915021342459368e-06,-4.391929292610777e-06,4.906510930755264e-07,3.499243033175435e-07,3.16092479014736e-07,-2.2674264401240936e-06,-4.6695338175597094e-07,2.6157605386438926e-06,-3.9759646491957465e-06,4.084374975504243e-07,3.5723972199610485e-07,1.863289268440286e-06,3.614766536264573e-07,3.5221231473263e-07,7.943828990386227e-07,2.0916772092173076e-06,-2.345900314077418e-07,1.1557065803951791e-06,-3.493752009313277e-06,1.3884652425385394e-06,-5.3973102917895865e-06,-2.0563019297947314e-07,1.4792681804464928e-06,3.5106816491827104e-06,8.872680619599308e-06,movement,movement,no movement,no movement
2949.9999999999955,-0.0166666331771538,0.3001074693917942,-0.3165662079999999,-0.003995840337068,0.3191682110660376,-0.3107593080333333,-0.0015227315685765,0.3195682918169461,-0.3001980622666667,-0.0029602026897486,0.3195554621671965,-0.3034447093,-0.0236485399883521,0.3282881580226589,-0.3284481227333333,-0.0220666242605219,0.3265699428502934,-0.3415259343999999,-0.0178558670261242,0.3174221863932929,-0.3209183878333332,0.0358454798731699,0.3303537249214273,-0.1950798952999999,-0.0790215500170892,0.2940344207668174,-0.2154391132666667,0.008622209536976,0.2992267793348133,-0.2598861665333333,-0.0213938809730282,0.2723794086786952,-0.2945593216333333,0.110040127009331,0.2223736990619791,-0.0407361187285666,-0.1452153419078919,0.2645816003534489,-0.0351832993181666,0.1764337856975027,0.0675203383262756,-0.0700136600699999,-0.1846780060819917,0.0323286730791774,-0.0793283204366666,0.1934799945897231,0.0346041077529281,-0.1619424904333334,-0.1447149531729687,-0.0440504065310104,-0.2058968521633333,0.1875376899044088,0.0374170859357563,-0.1789623137333333,-0.1096748979608044,-0.0513861281894097,-0.2654966447333333,0.1726084464058058,0.0531640394038853,-0.1911464949299999,-0.0790983070075641,-0.0058451040423196,-0.2767880111666666,0.1927944229040138,0.0262880007080621,-0.1688708218699999,-0.1276534850597638,-0.0301791343930099,-0.115406334,0.074978673161391,-0.1611076715326451,0.0541010892899999,-0.0728507721661231,-0.1687294704292424,-0.0521881455566666,0.0862264670089037,-0.4872987936331775,0.0654698948766666,-0.0272018345189383,-0.4281931959998921,-0.08558106322,0.0552527516694058,-0.7327457073078801,0.2815904529666665,-0.0551950568319419,-0.763312944763016,0.053677608109,0.0362778302930637,-0.7584446596729305,0.3084236016666667,-0.055783840262075,-0.7916354236736597,0.0277619858036666,0.0760209136061798,-0.7899663642784641,0.2773966366999999,-0.0328909796236678,-0.8171284985436537,-0.068843370607,nijmegen_nijmegen_rennen_g_ch1_g11_compr.mp4,ch1g11,5.6044976754605705e-05,0.0002639781645693,7.523550593344002e-05,3.746329857532549e-05,7.767660474033105e-05,0.0002858347847759,7.341627756815642e-05,7.720244540794627e-05,9.791716871391754e-05,1.2596893537159153e-05,0.0004857048000689,1.6320210944773008e-05,7.740189043538555e-05,7.60325231201092e-05,0.0001479442577386,2.856368337311493e-05,7.552910562171306e-05,0.0005271011818592,1.5624274589401247e-05,7.711068398179596e-05,0.0003797140826479,8.218672153857364e-05,7.91849699530527e-05,6.087410580103244e-05,7.097820768565289e-05,1.4761292577831338e-05,6.0296038816596435e-05,0.0004451996823018,3.820039518399274e-05,0.0005727647771576,1.364092343956928e-05,4.760966645560526e-05,0.0003502867621871,0.000539609331488,7.267753382382127e-05,-0.0007654885843201,-0.0007917544350242,-0.000807467714042,-0.0007997325549824,-0.0007836656712976,-0.0007415795886386,-0.0007448739665248,-0.0008119744445014,-0.0007367755789644,-0.0007021706882911,-0.0006677758506244,-0.0006480954756472,-0.0005405684679306,-0.0013630840758234,1.498018428463159e-05,-0.0069265189483121,0.0043336369862565,-0.0083100778321987,0.0057402634684715,-0.009208881859553,0.0061476078379284,-0.0076823417124121,0.0046691667850901,-6.60608794272392e-05,8.239489578368999e-05,-0.0005327119483575,-6.16701346605529e-05,-0.0010336571560579,1.838911579953612e-05,-0.001161967649703,1.4939024556652964e-05,-0.0010379604199852,8.844495317959903e-05,4.52204585613674e-06,1.211234843436089e-05,-9.35829980299166e-06,5.961101157823765e-06,7.758948653322261e-06,1.4667471636640037e-05,-9.147935243971486e-06,-7.632911925438253e-06,-1.820871041528306e-06,9.60447669852695e-07,1.0960806501997886e-05,1.4744656956620047e-06,-1.0699877809754308e-05,-9.445222827131448e-06,-1.8413020847921305e-05,-4.969778968360938e-06,2.8667012314035497e-06,1.4864385178008457e-05,1.0429739129324692e-06,-1.0627026485212036e-05,2.018340484627268e-05,-1.2305337290530194e-05,-1.0208826928821484e-05,-7.807804284596768e-06,5.320360288134037e-06,-2.471913030940523e-07,-8.280883926241515e-06,8.848280791680452e-06,1.3282077007466875e-06,1.6285746315497613e-05,-3.30788546982169e-07,2.506536073683834e-06,1.599628722379864e-05,-3.5536522769790013e-07,3.2872113544439867e-06,1.14604357716687e-06,5.6253269666828576e-06,1.3575660876248895e-06,2.6190355397920585e-06,1.2580253358627987e-06,-1.1541734875580875e-06,-1.7354088507067557e-06,1.661356082590065e-06,-4.153176643189872e-06,4.111998331067083e-07,1.252803417040737e-06,1.0607199207551486e-06,-1.6067500631604094e-06,1.1645158758577456e-07,2.2449185229289876e-06,-3.892909787943986e-06,3.56832822284977e-07,1.2576685863337422e-06,5.097106541048456e-07,1.412257067116192e-06,1.199427286295674e-06,1.423870133497453e-06,1.4404133532024617e-06,-2.7925544561898544e-07,1.9091299357912655e-06,-3.4330170455750777e-06,1.2469159244596249e-06,-4.826645251200585e-06,-2.390553804194443e-07,1.1795370825503412e-06,2.202718358199215e-06,7.537726034524593e-06,movement,movement,no movement,no movement
2966.666666666662,-0.0176172605020347,0.2993334424496547,-0.3206697026999999,-0.0047189215745533,0.3183722120192906,-0.3151072513,-0.0022941206598634,0.3187564309444957,-0.3045245915666666,-0.0037266178390267,0.3187522713063551,-0.3077189067333333,-0.0245480083098557,0.3274780617631632,-0.3322985258666667,-0.0229549916266189,0.3258087983062875,-0.3453767719333332,-0.0187432719137236,0.316660276417763,-0.3247461504333333,0.0363441670446467,0.3295417883509033,-0.1996219475333333,-0.0789175912649462,0.2932337582934375,-0.2180297466666666,0.0081613178723407,0.2985255725309839,-0.2640765672666667,-0.0219077019146428,0.2716945476324712,-0.2982571649666666,0.1116042056372543,0.221833345721052,-0.0450122549002333,-0.1451228031532659,0.2639772039015214,-0.0364591896248333,0.1786326382900009,0.066373045343272,-0.0716521764199999,-0.184005086248076,0.0322660060934261,-0.0839335583366666,0.1961337149178859,0.0276226970146526,-0.1593397845933333,-0.1449126300894166,-0.0395028160341048,-0.2160344098966666,0.1903941758215253,0.0289428091718677,-0.1757127208933332,-0.1101682852094018,-0.0454145860966764,-0.27675591,0.17510500543701,0.0439064100459287,-0.1882829566566666,-0.0799571263334943,0.0007038627622908,-0.2877859909999999,0.1953276133956926,0.0185432648434885,-0.1662682913366666,-0.1279966061144562,-0.0252457026543051,-0.133946404,0.0751906904799698,-0.1611674974757977,0.0532621753966666,-0.0730775497915863,-0.1686526115946179,-0.0512892097866666,0.0851558744016172,-0.4877457259130012,0.06594668547,-0.0272356645237859,-0.4283564433556852,-0.0838462224733333,0.0555394689516622,-0.7337740960159861,0.2824189058666665,-0.0551870734164971,-0.7634770048305598,0.0557503859656666,0.0367440821159188,-0.7596100976029221,0.3092445632333334,-0.0557446645509601,-0.7918080220751715,0.029828254077,0.0765349943855055,-0.7910298494414536,0.2774244606666666,-0.0332110443459092,-0.8171716197399933,-0.067409098614,nijmegen_nijmegen_rennen_g_ch1_g11_compr.mp4,ch1g11,6.020554690045726e-05,0.0002800579167061,6.58327299687494e-05,4.789154606426211e-05,8.572901698176082e-05,0.0003033515282124,6.429662581377744e-05,6.8491360404286e-05,9.535254757470549e-05,1.4960865753869196e-05,0.0004987897974428,1.6868479856212523e-05,6.650493680082433e-05,6.650909170964538e-05,0.0001275160327549,2.325754525130272e-05,7.854327270191321e-05,0.0005445888216335,1.5859386454716337e-05,6.631080439463358e-05,0.0004006097970765,6.955532898338062e-05,6.878761307249452e-05,5.330573146896621e-05,7.661879428672763e-05,1.4537631907150383e-05,5.251782988094374e-05,0.0004558853719684,4.018705968062641e-05,0.0005923388913349,1.3358325374732884e-05,5.113608489225031e-05,0.000369351651736,0.0005521031134476,7.82429535272789e-05,-0.0008133789270478,-0.0008443620217663,-0.000860592851193,-0.0008536458932564,-0.0008446053080164,-0.0007987656311218,-0.0007989641792868,-0.000835970024367,-0.0007993770138047,-0.0007363100285488,-0.0007117084386741,-0.0005872032135181,-0.0005879114465272,-0.0012093847843963,-1.041948685857977e-06,-0.0071609982285689,0.0046587241939639,-0.0086538133561805,0.0061299715476902,-0.0095741201169801,0.0066134095406178,-0.0079483775484907,0.0050400394309788,-6.926621423569151e-05,8.496070298640445e-05,-0.0005664389149079,-0.0001494244554175,-0.0011684051932255,-9.806297535517358e-05,-0.001314376843061,-0.0001115532487244,-0.0011656910491642,-2.9983278969753193e-05,3.89684922370312e-06,1.4773340291214e-05,-7.723147210903183e-06,1.0998763642592112e-05,8.937695764868914e-06,1.6612201036214564e-05,-7.394623333840804e-06,-8.378736695158517e-06,-3.6987316990721153e-06,2.722930255437666e-06,7.15625641901577e-06,2.114170546923995e-06,-8.969344390842428e-06,-7.898969184199708e-06,-2.0245793461387987e-05,-4.321262694068438e-06,5.241999021261968e-06,1.1050357710285864e-05,1.630269692141972e-06,-8.897262842116583e-06,1.9763534517296256e-05,-1.0318722076033584e-05,-8.569479382525103e-06,-5.840717789170262e-06,6.807194706639312e-06,-5.507905673823946e-07,-5.835075768011093e-06,5.595559162245863e-06,2.5651672914913092e-06,1.2205293988626464e-05,-5.877621091679443e-07,3.537977898219914e-06,1.7477678862349028e-05,-8.753531396952056e-07,1.863705499438899e-06,1.9020407327284175e-06,4.25655060012285e-06,3.3770772442926145e-07,1.2290547097942937e-06,1.9897024400600895e-06,-3.413046210366886e-07,-1.6251012275813558e-06,1.458314837362813e-06,-4.088628541985449e-06,2.208406900628309e-07,2.1632643157533616e-06,1.8165376156177016e-06,-5.564090132671875e-07,6.158006258559281e-07,1.5900495549154268e-06,-4.056186817444666e-06,2.135242610199662e-07,2.164086135413636e-06,-7.163216528117254e-07,2.4421066664740938e-06,2.0582659810330106e-06,1.982311417748549e-06,6.264023360271652e-07,-3.007762075452902e-07,2.539020159614371e-06,-3.563445670695225e-06,1.0233647036842908e-06,-4.510426269837462e-06,-2.516983799863043e-07,8.356376762730541e-07,7.748484479118376e-07,5.882121831285586e-06,movement,movement,no movement,no movement
2983.3333333333285,-0.0182313475198739,0.2984766002684795,-0.3244417726999999,-0.0051256743608466,0.3174845116744603,-0.3190963299,-0.0027483405542366,0.317853223099494,-0.3084887722999999,-0.0041742224757127,0.317854791908238,-0.3116461117666667,-0.0251154570407777,0.3265765412036424,-0.3357631511333332,-0.0235116956788045,0.3249589076164647,-0.3488448671999999,-0.0192959879306894,0.315813526493761,-0.3281849370999999,0.0370215984257516,0.3286678333235815,-0.2037976310666666,-0.0785913351003319,0.2923804354789188,-0.2202629320333333,0.0079853254271525,0.2977601826810431,-0.2679689984333333,-0.0221169811985508,0.2709447414226465,-0.3016193824999999,0.1131911520815323,0.2212889992446061,-0.0487724305265666,-0.144848598080432,0.2633422566902645,-0.0376782253081666,0.1803388941885698,0.0652513969123137,-0.0721536254533333,-0.1828645624016709,0.0321646751221653,-0.0884582415066666,0.1987148204674158,0.0201278585883259,-0.15536391823,-0.1443177192882463,-0.0348188157941912,-0.2255408649633333,0.1932321674095567,0.0198052647964845,-0.1709425560766666,-0.10977608283285,-0.0392522282299794,-0.2870922137,0.1775681931064228,0.0338148713666038,-0.1841122145099999,-0.0799548436043708,0.0074309067856414,-0.2979066575333333,0.1978062859193736,0.0101917837519162,-0.1623414243499999,-0.1275425127029751,-0.0201539446056814,-0.171153173,0.075402593599678,-0.1612337583277033,0.0524280260266666,-0.0733055355041744,-0.1685708032239163,-0.0503912678,0.0844408804958264,-0.4882795829176108,0.0660978882966666,-0.0271503277269619,-0.4285994412694039,-0.0821255872533333,0.0561104588522743,-0.734977012915566,0.2823573332999999,-0.0551099359914207,-0.7637176447258126,0.057795543509,0.0374722673513866,-0.760963622075111,0.3091412852666667,-0.055641580698427,-0.7920620430755305,0.0318606999436666,0.0772237336530988,-0.7923172419114021,0.2764028683333333,-0.0335080435696322,-0.8172816137081567,-0.0659045966806666,nijmegen_nijmegen_rennen_g_ch1_g11_compr.mp4,ch1g11,6.35242397418288e-05,0.0002970767916008,5.889599138500336e-05,6.146968782807231e-05,9.336941668938236e-05,0.0003215194317876,5.7765553418080554e-05,5.944374365733122e-05,9.152131467257416e-05,1.8963675538392875e-05,0.0005076706112237,1.815901072840241e-05,5.816490644996873e-05,5.936586360346946e-05,0.0001056417754459,1.9206087160775717e-05,8.352842655538687e-05,0.0005571497550596,1.6755700435088458e-05,5.8062169675893304e-05,0.0004199862547462,5.987496635574285e-05,6.080697369165299e-05,4.81603063133098e-05,8.229163512317642e-05,1.387040469577528e-05,4.755783743470482e-05,0.0004630872375966,4.2803433638834825e-05,0.0006063234752206,1.2682248596338576e-05,5.49350563737183e-05,0.0003877930157882,0.0005635983649495,8.398015663426943e-05,-0.0008495960814006,-0.0008826040204629,-0.0008971000888421,-0.0008912026322132,-0.0008861452904164,-0.0008378016391633,-0.0008357894180497,-0.0008390208643922,-0.0008270710045715,-0.0007594487005171,-0.0007417940554954,-0.0005079348342794,-0.0006164558097074,-0.0010566552070281,-3.356464957704909e-05,-0.0073387039643397,0.0049159048552218,-0.0089153230994389,0.0064340128556912,-0.0098493039262262,0.0069941727143727,-0.008145921350559,0.005345282778238,-7.217430133863002e-05,8.64130052005959e-05,-0.000599799698424,-0.0002448269950355,-0.00128862135655,-0.0002192993296019,-0.0014457171579002,-0.000243753956337,-0.0012766073917209,-0.0001522063296015,2.5907698499764003e-06,1.579296869275467e-05,-5.321959152175132e-06,1.397087388484047e-05,8.76049634709743e-06,1.70761767333221e-05,-4.909305829566737e-06,-7.992003223244526e-06,-5.587079846751779e-06,4.182189821483349e-06,2.381670462128231e-06,2.3184641862388927e-06,-6.256387186027688e-06,-5.581704759603732e-06,-2.088735981894572e-05,-3.258605483100404e-06,6.390660599069446e-06,6.035731585344446e-06,1.864741730387588e-06,-6.179202787520353e-06,1.839470368225013e-05,-7.261736684364066e-06,-6.003888495462316e-06,-3.4195798181348897e-06,7.09123964825297e-06,-8.793678247620794e-07,-2.8260144275393076e-06,1.3014572095851484e-06,3.435839724257432e-06,7.115099645973544e-06,-8.612652191291039e-07,4.10197299236282e-06,1.749947048298331e-05,-1.210587848452244e-06,4.243165427990212e-07,2.553270420569702e-06,2.70108229170079e-06,-6.893822016098652e-07,-1.2009636525542685e-07,2.6079031842078066e-06,5.1154994850474e-07,-1.3542177940313784e-06,1.1245280342815724e-06,-4.175598451602838e-06,-9.257242581159797e-08,2.9537732952726004e-06,2.4792922955674073e-06,7.967637103317178e-07,9.534347257785592e-07,7.626527205927356e-07,-4.40744110084214e-06,-4.0496486060711097e-08,2.9498481712171065e-06,-1.631478704116866e-06,3.3061406185178117e-06,2.8100626813270623e-06,2.397293967384677e-06,-2.387766825321252e-07,-2.842986999661391e-07,2.9689318016277125e-06,-3.8358798203913776e-06,7.726469749775165e-07,-4.4519407616069606e-06,-2.300967396902422e-07,5.279072678576068e-07,-5.008684810238206e-07,4.777519909076241e-06,movement,movement,no movement,no movement
2999.999999999995,-0.018619235498393,0.2976048543490027,-0.3279491404666665,-0.0053105294017178,0.3165746898172962,-0.3227838219,-0.0029756166933539,0.3169291756659744,-0.3121541947,-0.0043976509101959,0.3169352515065353,-0.3152841200333333,-0.0254503584247082,0.3256543900607187,-0.3389158185999999,-0.0238368873561744,0.3240887551124386,-0.3520024570333333,-0.0196180338849399,0.31494880776371,-0.3313119388333333,0.037822550076267,0.3277703851050065,-0.2076682374999999,-0.0781118378379,0.2915197398211659,-0.2221810646333333,0.0079971740480958,0.2969796157954144,-0.2716185004333332,-0.0221381611143952,0.270180905495911,-0.3047122804333332,0.114704609874918,0.2207554187685666,-0.0522298287399,-0.1444096925857192,0.2626982345476047,-0.0387601092148333,0.1817881598774828,0.0641893619708635,-0.0715930340833333,-0.1815628608140782,0.0320392839559488,-0.0926146815099999,0.20116666143471,0.0126110023706632,-0.1502779660166667,-0.1431410699792156,-0.0299095599047261,-0.2344442884299999,0.1958732008123931,0.0106773825883878,-0.1650100769933333,-0.1086618842411964,-0.0327519296693861,-0.2969109350333333,0.1798686482553171,0.0237461200471588,-0.1788023093866666,-0.0792409409494152,0.0145839146644412,-0.3074913868999999,0.200144869257234,0.0018318250505366,-0.1572985419766666,-0.1264879063910082,-0.0147783744376176,-0.230444118,0.0756040324701149,-0.1613004318487202,0.0516484170166666,-0.0735258571030276,-0.168490610084403,-0.0495383553833333,0.0840981279314025,-0.4888645076487998,0.0662602434033333,-0.0269550473242536,-0.428874489570724,-0.0804571063833333,0.0569184038503989,-0.7363596996770565,0.2818507601333332,-0.0549434308346751,-0.764001708720167,0.0597136984656666,0.038432025578953,-0.7625216710601155,0.308559234,-0.0554479166608592,-0.7923618355056962,0.0337658626936666,0.0782915851119028,-0.7937087930526306,0.2749304830999999,-0.0336333960003076,-0.8173980817809888,-0.0644883383766666,nijmegen_nijmegen_rennen_g_ch1_g11_compr.mp4,ch1g11,6.564305753868968e-05,0.0003129585870765,5.45988066028772e-05,7.681586051250835e-05,0.0001021154368473,0.0003385031621609,5.392974904542647e-05,5.154291255522438e-05,8.485245915493011e-05,2.3536557403712623e-05,0.000509394612708,2.1840665309165057e-05,5.295134041861282e-05,5.4763911026567686e-05,8.316574031074257e-05,1.759664698334387e-05,9.213331040005284e-05,0.0005622180845827,1.9607331400927388e-05,5.292344414874826e-05,0.0004362429413962,5.4022599792424446e-05,5.576860583304771e-05,4.595055848615674e-05,8.959597228918556e-05,1.2801888147560525e-05,4.605510195100573e-05,0.0004633842313401,4.666481914311912e-05,0.0006138018516649,1.1667970841276629e-05,5.8899895425594254e-05,0.000403908781478,0.0005705131373311,9.171633276091178e-05,-0.0008766910046612,-0.0009060888008307,-0.0009167784599212,-0.000912218199945,-0.0009091162011256,-0.0008611836854124,-0.0008588763411394,-0.0008092939930329,-0.000821587920521,-0.0007666633913211,-0.0007601467945576,-0.0003948492153202,-0.0006214175765751,-0.0008766617630403,-0.0001014453760299,-0.0074175472727966,0.0050870483248151,-0.0090610478252177,0.0066352659590193,-0.0100176862721008,0.007257950189626,-0.0082345350388518,0.0055648228364641,-7.411784644664839e-05,8.614253548927865e-05,-0.0006526412211327,-0.0003571878990312,-0.0013970456116645,-0.0003187000555475,-0.0015584254991661,-0.0003512846640472,-0.0013780739367566,-0.0002564274276476,8.957136040632228e-07,1.5165693334681935e-05,-2.356300907913314e-06,1.5257323621653011e-05,7.249908623990918e-06,1.595424292278156e-05,-1.9051816518940816e-06,-6.597847468452476e-06,-7.05687949517952e-06,5.199697786919201e-06,-2.7879817457766627e-06,1.9917023857318797e-06,-2.7911816800020753e-06,-2.685496278605918e-06,-1.9994360811516504e-05,-1.8706341653888983e-06,6.1865071392578535e-06,4.882331145152928e-07,1.6419089864676214e-06,-2.710615531417801e-06,1.5969276309189056e-05,-3.406537747623378e-06,-2.716271628850722e-06,-7.628591101611696e-07,6.138081559329557e-06,-1.18064073338692e-06,4.518026403647715e-07,-3.5274697924022477e-06,3.9522285069197345e-06,1.646129352608662e-06,-1.1023145405391016e-06,4.321308478158413e-06,1.5983752652482317e-05,-1.2892522815390485e-06,-8.056780936636379e-07,3.0536714230865976e-06,1.2140393329031037e-06,-1.6731945662796976e-06,-1.238580888101803e-06,3.071700655747683e-06,1.2748998107189495e-06,-8.748922414221336e-07,7.118718166034346e-07,-4.334897390477702e-06,-5.187931445026285e-07,3.54821459632561e-06,3.002396099833755e-06,2.35160455194246e-06,1.0600858102889325e-06,-1.5979987003130225e-07,-4.863059185194922e-06,-3.988608329877594e-07,3.539934189201991e-06,-2.1557806399159877e-06,3.914409301183596e-06,3.3852363088906113e-06,2.643615285391536e-06,-1.116478623357792e-06,-2.2704403685467853e-07,3.1658161508223794e-06,-4.117078365018391e-06,5.149517483083248e-07,-4.6872180956148314e-06,-1.7267492616879524e-07,3.19416651004087e-07,-1.465320057451215e-06,4.960180130284009e-06,movement,movement,no movement,no movement
3016.6666666666615,-0.0185726394042176,0.2967285174421657,-0.3292165249666666,-0.0051390187160711,0.3156640844395025,-0.324207754,-0.0028405698222184,0.3160058097084355,-0.3135696868,-0.0042472287053505,0.3160162723918256,-0.3166858990999999,-0.0253507301986234,0.324736197780673,-0.3399411611666666,-0.0237391134989765,0.3232212989069601,-0.3530079585666666,-0.0195131290899776,0.3140864176676848,-0.3323188669333333,0.0386839812480965,0.3269481373577074,-0.2094209766666666,-0.0773744368162739,0.2906671528327956,-0.2225955752,0.008328987594652,0.2962046752844044,-0.2730952392999999,-0.0217923215981512,0.2694171403514311,-0.3057528851333333,0.1161386592568331,0.2203335936148445,-0.0538660771932333,-0.1437119977195855,0.2620565391610179,-0.0388870954215,0.1829013415852376,0.0632984924975996,-0.0693551744591666,-0.1798439411055744,0.0318522875654318,-0.0957178642333333,0.2032975869228949,0.0050729563290213,-0.143453920706,-0.1413177834504421,-0.0248795902222399,-0.2407222504633333,0.1982380550548375,0.0015134969100406,-0.1572078046366666,-0.1068096502664609,-0.0261134876009688,-0.3036973470333333,0.181925280378729,0.0135971559696679,-0.1715475664456666,-0.0779628745622199,0.0218918585046319,-0.3139964634999999,0.2021987696771621,-0.0065226876259867,-0.1504889166043333,-0.1248758999462006,-0.009223195132798,-0.247328684,0.0757784282023879,-0.1613737354185131,0.05093304192,-0.0737160265739645,-0.1684060068469275,-0.0487543254466666,0.0838757484220093,-0.4895652617831204,0.0658965186,-0.0266590430620907,-0.4292482124236403,-0.07903825879,0.0576341090860989,-0.7378340988386463,0.2800000284666666,-0.0547720752127071,-0.7643662323653831,0.0615332822456666,0.0392880101183533,-0.7641600776237158,0.3065565795333333,-0.0552406414440948,-0.7927718589679664,0.0355743972969999,0.0793258847376382,-0.79514749161083,0.2723011066666666,-0.0336338293130927,-0.8177127566015497,-0.0631164672093333,nijmegen_nijmegen_rennen_g_ch1_g11_compr.mp4,ch1g11,6.669528796398947e-05,0.0003263550941328,5.4017477476757806e-05,9.20852909395012e-05,0.0001090452526634,0.0003526787786886,5.38498822533192e-05,4.560061995028312e-05,7.762530642367981e-05,2.9039904253296343e-05,0.0005030299848586,2.572351253963274e-05,5.204336352565999e-05,5.381033076843007e-05,6.347721571933782e-05,1.7476519438549526e-05,0.0001006897051055,0.0005583109251224,2.288165409847098e-05,5.210601620523184e-05,0.0004501468490325,5.2957271126903475e-05,5.484846113885687e-05,4.702439498815037e-05,9.57257716354204e-05,1.1372176972734633e-05,4.8465937689542086e-05,0.0004563698147751,5.116714706431971e-05,0.000611179930997,1.0342992424732283e-05,6.334781544911161e-05,0.0004174530676616,0.0005720927486232,9.84225251122868e-05,-0.0008760347803158,-0.0008977183169028,-0.000903625252455,-0.0009008466240649,-0.0008981417158998,-0.0008515756605247,-0.0008499455182807,-0.0007459332441511,-0.0007737720501903,-0.0007446878751208,-0.0007492262818476,-0.0002478766751462,-0.0006025755432535,-0.000669073790181,-0.000204095833418,-0.007359450732142,0.005185589935667,-0.0090490766476754,0.0067544652462206,-0.0100112287551239,0.0074400038771412,-0.0081769543537445,0.0057091922809558,-7.520407989019383e-05,8.479278746762028e-05,-0.0006897629322746,-0.0004636781195639,-0.0014788249051796,-0.0003927560542557,-0.0016423853286474,-0.0004307811779186,-0.0014396707547657,-0.0003209317224866,-7.113991329446623e-07,1.3332068955750515e-05,9.099060036083768e-07,1.4887157246577972e-05,4.881936332544984e-06,1.3791288542603382e-05,1.353974231964898e-06,-4.751946105137849e-06,-7.951311664707614e-06,5.551096731005802e-06,-7.6378229096079e-06,1.3053192111393451e-06,1.0962829760321515e-06,5.368426637793694e-07,-1.7237171873324744e-05,-5.796209464787189e-07,5.095852535486817e-06,-4.917962375978075e-06,1.1159572729034517e-06,1.1746157792790272e-06,1.3269658644550422e-05,8.863564956986797e-07,9.87460383576462e-07,1.8697498805550276e-06,4.3306438321227514e-06,-1.401388557199839e-06,3.621617310221336e-06,-8.179766862831712e-06,4.047895986141807e-06,-3.604622361478469e-06,-1.267493107630714e-06,4.242591447022573e-06,1.3597315900586582e-05,-1.0920918139884444e-06,-1.6699783439156613e-06,3.3182442434687835e-06,2.9642349103412317e-08,-2.4440189838425553e-06,-1.995453656187657e-06,3.3011780841150215e-06,1.8478805724743407e-06,-2.9182462180784344e-07,2.476262186937433e-07,-4.529941272414352e-06,-9.000201595207041e-07,3.840290885923454e-06,3.298970678617141e-06,3.8359056075546496e-06,9.861594121277092e-07,-9.625866504244846e-07,-5.349375290524023e-06,-7.36726086710223e-07,3.827916028264543e-06,-2.3606318962018526e-06,4.170063251495647e-06,3.6800488219303737e-06,2.694338565257341e-06,-1.841827747278362e-06,-1.3127148753267825e-07,3.0957786838753183e-06,-4.358534398554026e-06,2.853227020120385e-07,-5.115316835280588e-06,-8.16959282254026e-08,2.1258502682942677e-07,-2.064400102010902e-06,6.04158094139734e-06,movement,movement,no movement,no movement
3033.333333333328,-0.0183094677384801,0.2958588728691754,-0.3284947156999999,-0.0047868325892288,0.3147658807591244,-0.3236409267333333,-0.0025249463233521,0.3151023516814388,-0.3129868786,-0.0039133170517765,0.3151151421703462,-0.3161154607999999,-0.025027397518742,0.3238548995431097,-0.3390499306666666,-0.0234241937022164,0.3223810625798722,-0.3520772548666666,-0.0191918252919023,0.3132468595577772,-0.3314204491,0.039563436893471,0.3261949846081304,-0.2092695918,-0.0765332996738255,0.2898942584067454,-0.2214964958666666,0.0088021877052925,0.295452582611644,-0.2726191004999999,-0.0212890599192351,0.26866772754513,-0.3049073624,0.1172854411328511,0.2200396291630692,-0.0536841061999,-0.1429804072390042,0.2614411484269342,-0.0382095296881666,0.1835301257968236,0.0626543559378953,-0.0650256732291666,-0.1781350884951976,0.0316521482660448,-0.0981247609666666,0.2049657998308037,-0.002328656111325,-0.1341791494493333,-0.1393215757138553,-0.0197251676761524,-0.2454209119299999,0.2002140678461542,-0.0075069726121077,-0.1467939563399999,-0.1047222692182591,-0.0193864169217331,-0.3087933599,0.1836692121833924,0.0035689536061385,-0.1616753729729999,-0.0765175913376343,0.0292598981423558,-0.3186023334666666,0.2038386914726139,-0.0147010355275228,-0.141228633211,-0.1231279714379077,-0.0035281840487483,-0.289885074,0.0759287788268478,-0.161457677210309,0.0503068014966666,-0.0738794549754676,-0.1683160038233875,-0.0480617831766666,0.0836540506095327,-0.4903340722414867,0.06469398123,-0.0264195001951403,-0.4297596446265166,-0.0780781903833333,0.0583257137895188,-0.7393576636918928,0.2763899320666667,-0.0546457077070434,-0.764777279698642,0.0633362753323333,0.0401344392603766,-0.7658441173390292,0.3026862810666666,-0.0550950444183877,-0.7932282299773408,0.0373899273336666,0.0803400743816654,-0.7966110051077474,0.2677878300666667,-0.0336196340242518,-0.8181060079556639,-0.0613455179706666,nijmegen_nijmegen_rennen_g_ch1_g11_compr.mp4,ch1g11,6.556239366173061e-05,0.0003371267632551,5.7519162100813305e-05,0.0001063508993715,0.0001143301406259,0.0003640887992725,5.7834845313360266e-05,4.207061722077759e-05,6.894495497049215e-05,3.5016633660427974e-05,0.000488398587938,2.837885892748043e-05,5.618262293945385e-05,5.6927125636160505e-05,4.748595816129757e-05,1.8114511593697428e-05,0.0001078733979732,0.000545485129529,2.5320011700585923e-05,5.629496799855256e-05,0.000461054673136,5.712473307974464e-05,5.8782481851471864e-05,5.122794140651171e-05,0.0001008610474765,9.79464923638243e-06,5.478445959970476e-05,0.0004413679988578,5.58624264499451e-05,0.0006005651929867,8.921188088476477e-06,6.818635798312613e-05,0.0004285389065724,0.0005674729904923,0.0001039906432837,-0.0008488013773526,-0.0008576960286838,-0.0008567766411224,-0.0008560441017,-0.0008511726120657,-0.0008077208165611,-0.0008083809422272,-0.0006443249343242,-0.0006817041230062,-0.0006943027699572,-0.0007120553759427,-7.404910954712267e-05,-0.0005647834407766,-0.0004199490022618,-0.0003381109664831,-0.0071693933711999,0.0052243196490658,-0.0088905001759274,0.0068034912312739,-0.0098724621252348,0.0075342036845338,-0.0079825083007634,0.0057906660534438,-7.54397810998399e-05,8.251064540678977e-05,-0.0007383390469275,-0.0005646247566726,-0.001536257353304,-0.0004371770486599,-0.0016988544780951,-0.0004808702932169,-0.0014675869952782,-0.0003655211729869,-1.8441264597868477e-06,1.1087337399251417e-05,4.274667830752216e-06,1.3928454523172154e-05,1.798067185344909e-06,1.128409152505676e-05,4.674317813525636e-06,-2.6649569122377485e-06,-7.821640101971358e-06,5.464461358367404e-06,-1.2200077801579578e-05,2.1264158929280727e-07,5.091075948311538e-06,3.891695640308973e-06,-1.240855688521002e-05,2.695786001181263e-07,3.407126509558915e-06,-1.0344466123809696e-05,2.0907786914361405e-07,5.1544612877514015e-06,1.0873589805641632e-05,5.199216864449388e-06,4.825936239147703e-06,4.40913225241122e-06,1.843350066082804e-06,-1.50041560454883e-06,6.567253224451952e-06,-1.2618719721198824e-05,4.075558218640101e-06,-9.013998720471466e-06,-1.3232988407471622e-06,4.286671455598049e-06,1.1172850924337974e-05,-6.134686120606052e-07,-2.137319291045948e-06,3.304208229242616e-06,-7.754285111983148e-07,-2.931457193193974e-06,-2.38627068606939e-06,3.259699392348599e-06,2.163569095824501e-06,3.7487808296352275e-07,-2.15353268479135e-07,-4.725540341467049e-06,-1.0814919784481436e-06,3.7696812218117833e-06,3.3217988585808228e-06,5.071533669381419e-06,8.199165530711476e-07,-1.4910083030665352e-06,-5.818521448429814e-06,-9.156099881354808e-07,3.756253977352141e-06,-2.3259131509173796e-06,4.032748705984034e-06,3.634002310008748e-06,2.5574453611583087e-06,-2.3434395458058316e-06,-1.0278779270765657e-08,2.7711078346369373e-06,-4.496670257384423e-06,1.0843100039259057e-07,-5.7537359231865315e-06,2.9443952671175785e-08,2.0279363502913077e-07,-2.3293856964481794e-06,7.14912024595834e-06,movement,movement,no movement,no movement
3049.9999999999945,-0.0177893867862882,0.295017591295576,-0.3266898393666666,-0.0042195648797138,0.3139200032823468,-0.3219448606666666,-0.0019900889608295,0.3142622668057321,-0.3113043785333333,-0.0033564556677316,0.3142751412501826,-0.3144172698333333,-0.0244409627220052,0.3230265908684052,-0.3370731972666667,-0.0228478752374572,0.3215917582144133,-0.3500452311999999,-0.0186068820797231,0.312452500019179,-0.3294431941666666,0.0404425975787197,0.3256367447596803,-0.2080403495666666,-0.0755353713154235,0.2892628774557345,-0.2197164056333333,0.0094301547422277,0.2947731141901321,-0.2710965196999999,-0.0205834132515582,0.2679614869713014,-0.3030575372333333,0.1182474653039558,0.2200254323635808,-0.0528289351065666,-0.1421486294052674,0.2609018913962687,-0.0374285829881666,0.1837003143152278,0.0621968170351123,-0.0609335226825,-0.1764086037018361,0.0313449030967944,-0.10042810373,0.2061884771587694,-0.0095168182887204,-0.1260631927593333,-0.1370485418869446,-0.0144165330228722,-0.2497894535633333,0.2017802674783128,-0.016385800270755,-0.1377553501166666,-0.1022831502884878,-0.0125279406116407,-0.3136173759,0.1851126251767406,-0.0063080040478222,-0.1530924243026666,-0.074668332371756,0.0368161206087908,-0.3228534102666666,0.2050836438079491,-0.0226664180010842,-0.1331249716043333,-0.1210932704852525,0.0023449927194333,-0.308768094,0.0760405335029284,-0.1615422780503566,0.0497595620666666,-0.0740009652552785,-0.1682257293221421,-0.0474509055566666,0.0834477288129046,-0.4911334145415681,0.0634673753833333,-0.0262006305797881,-0.4303109321827228,-0.0771564930899999,0.0589480732893601,-0.7408998163023831,0.2734137912,-0.0545874626625091,-0.7651749729637933,0.065139830659,0.0409124713514106,-0.7675418180296709,0.2995178958333332,-0.0550088669283141,-0.7936743853093702,0.0391933372636666,0.0812876077431791,-0.7980274864884809,0.2641976977666667,-0.0336108569748485,-0.8185108464174896,-0.059348678334,nijmegen_nijmegen_rennen_g_ch1_g11_compr.mp4,ch1g11,6.291428981958905e-05,0.0003453388544479,6.473958567758223e-05,0.0001183619902059,0.0001158794379759,0.0003724531422165,6.54339853488426e-05,4.080511889235705e-05,6.03244484630809e-05,4.051146999147203e-05,0.0004704805415326,2.812832420332755e-05,6.46727019331468e-05,6.375969162304509e-05,3.6221561368563746e-05,1.8721560569743093e-05,0.0001106546373064,0.0005285544283299,2.53591858326997e-05,6.485015526406433e-05,0.0004689964120498,6.589931646049568e-05,6.691475785912919e-05,5.8069916215881696e-05,0.0001029940302821,8.253341383828445e-06,6.407213367786631e-05,0.0004234617188702,6.036239048945244e-05,0.0005851942285537,7.574174795561249e-06,7.288203178925242e-05,0.0004370419681686,0.0005602680733126,0.000106070064485,-0.0007814102914677,-0.0007726404621947,-0.0007643238972765,-0.0007654579184139,-0.000761455520879,-0.000721898807243,-0.0007258530029004,-0.0004999955000723,-0.000558220013585,-0.0006044564350704,-0.0006410560406435,0.0001177873766785,-0.000519822141626,-0.0001866803351352,-0.0005091927103848,-0.0069365205680051,0.005183133035511,-0.0086649044858526,0.0067715560903449,-0.0096525271494783,0.0075442902027519,-0.0077364722207477,0.0057877651862762,-7.575721124238005e-05,8.082656073784464e-05,-0.0007823865822284,-0.0006454329921829,-0.0015644496570657,-0.0004592292930629,-0.001724414044827,-0.0005071773926546,-0.0014686329773405,-0.0003969536628308,-2.176720297138053e-06,8.646305136452226e-06,7.497776334700201e-06,1.2774874844515991e-05,-1.3364077083989549e-06,8.678164290478571e-06,7.833725925134533e-06,-5.439816921702428e-07,-6.848605966013327e-06,5.0055081976645166e-06,-1.6747807367598904e-05,-9.095874161631444e-07,8.815316575142685e-06,7.148979625331738e-06,-6.019636692610037e-06,7.996658971378865e-07,1.6145084021586272e-06,-1.5968905066795046e-05,-7.362604522822773e-07,8.852318605351074e-06,8.705805502540603e-06,9.146463380261073e-06,8.432337983173122e-06,6.7585745041030625e-06,-7.364129404576991e-07,-1.4473459484164708e-06,9.078666043834194e-06,-1.6908553464296584e-05,4.059479375291722e-06,-1.482581494409326e-05,-1.2397014040439078e-06,4.502720262541639e-06,8.769641800547537e-06,4.8657093890613795e-08,-2.218658997373762e-06,3.0098084175211496e-06,-1.1635967828003798e-06,-3.039541106038826e-06,-2.43388541087296e-06,2.951380634485376e-06,2.2108692027471794e-06,1.020250582631548e-06,-6.153306930060751e-07,-4.995125619644381e-06,-9.486312814376766e-07,3.3492513875831536e-06,3.06534988186538e-06,5.868841251468457e-06,6.55389721023493e-07,-1.613068764647694e-06,-6.3124435481921205e-06,-8.280521675078441e-07,3.3360272477135145e-06,-2.1619745330690057e-06,3.5282134566838267e-06,3.255421924354537e-06,2.25792665118809e-06,-2.5187939834378036e-06,1.1957325113983772e-07,2.2482672714829296e-06,-4.61631957655056e-06,-4.3793082967679925e-09,-6.574508576894689e-06,1.4532712373815825e-07,2.717833940049219e-07,-2.3045879981008234e-06,7.875919583601188e-06,movement,movement,no movement,no movement
3066.666666666661,-0.0170124322455944,0.2942958526941917,-0.3247790892666666,-0.003422039170458,0.3132074252249259,-0.3201599091666667,-0.0012302245013501,0.3135614764655836,-0.3095470180333334,-0.0025756262387586,0.3135714024686878,-0.3126129925666667,-0.023621159704059,0.3223276869595999,-0.3350215646666666,-0.0220405300491606,0.3209345137641381,-0.3479680897999999,-0.0177935145234213,0.3117930415728578,-0.3273887660999999,0.0413116122255373,0.3252387839138522,-0.2067220820666666,-0.0744877751145574,0.2888300357882074,-0.2180753049666667,0.0101949487508417,0.2942408431996294,-0.2694921265666666,-0.0197287335290484,0.2673936223931089,-0.3011605846666666,0.1190326027680151,0.2202873357123763,-0.0518392166349,-0.1413363652424236,0.260475408063135,-0.0368406346981666,0.1837898847442998,0.0620879078333231,-0.0570157931991666,-0.1746789987172852,0.0309140927115392,-0.1030293271666666,0.2072181660454984,-0.0162231552297031,-0.118721306338,-0.1345086828451407,-0.0090465209133658,-0.2549429257633334,0.2030944082395289,-0.024799966130636,-0.1295055813106667,-0.0995343321772261,-0.0056188652098393,-0.3194361427666666,0.1862680140977104,-0.0156774928191613,-0.1454109604293333,-0.0724824309270389,0.0444379781932124,-0.3281200558333333,0.2060958851034203,-0.0301671665386252,-0.1258288727936666,-0.1187786049658981,0.0082431638509278,-0.308534652,0.0761368562084479,-0.1616179867506552,0.0493020481133333,-0.0741073664039703,-0.1681463923438587,-0.0469238426666666,0.0834196262137823,-0.4919283230499973,0.0625492656666666,-0.0259988097116301,-0.4310371934471206,-0.0761608666633333,0.0595889569556447,-0.7424162716400612,0.2711475967666667,-0.0545402418507187,-0.765575788160002,0.0673386619156666,0.0416843026931578,-0.7692156223215164,0.2971078148333333,-0.0549348177913207,-0.7941162064641037,0.0414327156703333,0.082339774754458,-0.7994155296412384,0.2613269602666667,-0.0336480588580046,-0.8188678161074806,-0.0567327593073333,nijmegen_nijmegen_rennen_g_ch1_g11_compr.mp4,ch1g11,5.938234138721303e-05,0.0003525597972689,7.385726869066082e-05,0.0001289086753904,0.0001119783462318,0.0003798004493899,7.481535636857168e-05,4.2456818031152034e-05,5.2920216051004786e-05,4.554230260735598e-05,0.0004496383186307,2.609879432790317e-05,7.549121426773557e-05,7.252703876561602e-05,3.336268950432333e-05,2.07024718719488e-05,0.0001083276090685,0.0005076181921247,2.37613154691397e-05,7.570726482689187e-05,0.0004771780203199,7.713546983039555e-05,7.722366337252002e-05,6.603128592431426e-05,0.0001002814642736,6.7873755269397195e-06,7.457841798314722e-05,0.0004035430878322,6.375447601714089e-05,0.000563717168689,6.334965981019379e-06,7.685831889113915e-05,0.0004450494525426,0.0005521557298709,0.0001030581010386,-0.000660569773074,-0.0006315004203286,-0.000615798817495,-0.0006186741668859,-0.0006185876052746,-0.0005822545098615,-0.0005900506921979,-0.0003149662331629,-0.0003961283803884,-0.0004673848202803,-0.000523809778602,0.0003185655391256,-0.0004650771019656,2.074046995247507e-05,-0.0006893199084285,-0.0066519600344983,0.0051363987276488,-0.0083602042556886,0.0067513017970734,-0.0093239891317892,0.0075744540318595,-0.0074270987727791,0.0057810561186498,-7.414141814504258e-05,7.755687591656088e-05,-0.0008046504565203,-0.0007139113988673,-0.0015180787458878,-0.0004419163605066,-0.0016699574478711,-0.0004872860679132,-0.0013876680993435,-0.0003821286109644,-1.6480214417606812e-06,6.321317684870829e-06,1.0377082305559536e-05,1.190766145778062e-05,-4.223862246587614e-06,6.263518272976488e-06,1.0637022888358702e-05,1.5205409937871749e-06,-5.297846893126557e-06,4.082219727307714e-06,-2.129905518873863e-05,-1.9229191171137756e-06,1.1995574309924905e-05,1.0102727445113274e-05,1.0908839080647725e-06,1.0881409528570465e-06,-2.2120561387171553e-08,-2.1824536361623552e-05,-1.6251802450639632e-06,1.2010256762846038e-05,6.838505356594312e-06,1.2445981657081091e-05,1.1542839619304952e-05,8.877926224339478e-06,-3.1593849601832592e-06,-1.2594741893144216e-06,1.109942983913612e-05,-2.1033707048743786e-05,4.178349315175365e-06,-2.1142095272592734e-05,-1.033772109174057e-06,5.007657633769468e-06,6.556846259476852e-06,7.595428481831696e-07,-2.0294785410025277e-06,2.5181219822738936e-06,-1.235794543526067e-06,-2.7270557488697255e-06,-2.2667698677545968e-06,2.458566090463584e-06,1.996380894379136e-06,1.5397165972025154e-06,-9.307268526493758e-07,-5.2555046850312825e-06,-5.161402034923814e-07,2.6903190832647547e-06,2.607662392227715e-06,5.989484113918443e-06,5.125249779529189e-07,-1.3577813312889554e-06,-6.717051931161907e-06,-4.713965886772891e-07,2.678350166958414e-06,-2.070253283217957e-06,2.782688707269984e-06,2.649016268943771e-06,1.8637242416182656e-06,-2.3070282475942023e-06,2.456915156421808e-07,1.627033533076557e-06,-4.666024682510369e-06,-3.189327041087285e-08,-7.380248776928794e-06,2.5437054333626073e-07,4.003564253233697e-07,-2.136287819889371e-06,7.955606676481432e-06,movement,movement,no movement,no movement
3083.3333333333276,-0.0156766592509204,0.2936965739678065,-0.3232257068,-0.0021654005632108,0.3126494306702697,-0.3187532256333333,-1.9538673406063837e-05,0.3130239823908555,-0.308147646,-0.0013343866799007,0.3130302096275637,-0.3111947010666667,-0.0222837736496626,0.321789653001019,-0.3334205372333333,-0.0207122781471368,0.3204289853205765,-0.3463455305666666,-0.016464643789508,0.3112753051372028,-0.3257842527999999,0.0422077685726693,0.3250354298075883,-0.2057950460666666,-0.0732037780359929,0.2885516228856464,-0.2168374590666666,0.0113170516022239,0.2938560675994632,-0.2681962579999999,-0.0184230007470111,0.2669433584038377,-0.2996742713333333,0.1195959006617678,0.2207981473070405,-0.0509788053982333,-0.1403626109630144,0.260082747849942,-0.0368103568415,0.1836300633822385,0.0624231760924826,-0.0527693063425,-0.1727459207078621,0.0301816071378304,-0.1064533155966666,0.2080066374835955,-0.0224571753248308,-0.1108298435309999,-0.1315994423191714,-0.0039083811637499,-0.2604588252633333,0.204165467103866,-0.0327649839885877,-0.120601095123,-0.0963825938419288,0.0011025034712694,-0.3254724144333333,0.1872249950262003,-0.0246207281961337,-0.1371132045526666,-0.0699619233907493,0.0519441598695384,-0.3335182503333332,0.2068953216325521,-0.0371823200370258,-0.118004828447,-0.1161407723847127,0.0140381353043802,-0.370570511,0.0761736165323961,-0.1616880197408542,0.0489995546666666,-0.0741510966425414,-0.1680737022543418,-0.0465582044299999,0.0835401165027869,-0.492690810799842,0.0615736025766666,-0.025782039796794,-0.4318402509733033,-0.0751762354333333,0.060329704318181,-0.7439040657428517,0.2676392241666667,-0.0545542822498678,-0.7659861391869753,0.0696378949356666,0.04251908043796,-0.7708566758321659,0.2933178633666667,-0.0549326949422729,-0.7945663782679792,0.0437798863436666,0.0835478456323572,-0.8007845537980005,0.2571568584,-0.033644221388214,-0.8192219857696413,-0.053737924364,nijmegen_nijmegen_rennen_g_ch1_g11_compr.mp4,ch1g11,5.630009569582819e-05,0.000358360051176,8.424803879213577e-05,0.0001379629246489,0.0001042453698171,0.000385335349284,8.537483222506191e-05,4.571028900443002e-05,4.814749998411677e-05,4.8942119781674495e-05,0.0004267284501617,2.217396852826249e-05,8.783541711093833e-05,8.26722845961043e-05,3.856112168435772e-05,2.0927588220478837e-05,0.0001034996734119,0.0004844268924585,2.037769040988603e-05,8.8071410027094e-05,0.0004837553745595,8.99495395968166e-05,8.902425200645078e-05,7.451436186790062e-05,9.375407128033352e-05,5.6369889094587775e-06,8.540133968915492e-05,0.0003817605823751,6.658893129081285e-05,0.0005395319849454,5.4205889025025065e-06,8.040221410459856e-05,0.0004513908378438,0.00054284785826,9.594308806828673e-05,-0.0004824666099755,-0.0004356605787865,-0.0004136770198214,-0.000418028259742,-0.0004233822900799,-0.0003891082479747,-0.0004009842841499,-0.0001037939954072,-0.0002042579061564,-0.000283585020412,-0.0003577672143194,0.0005190316842855,-0.0003992887067013,0.000222677721445,-0.0008634605922165,-0.0063166871358179,0.0050572417430551,-0.0080034903521421,0.006700769250591,-0.00893979392562,0.007568634340603,-0.0070651196746318,0.0057355450177849,-7.22161445023726e-05,7.442506108118435e-05,-0.0007679103720719,-0.0007675175976563,-0.0013922923824342,-0.0003940156342828,-0.0015354251197103,-0.0004321546051811,-0.0012512239303328,-0.0003486062481678,-4.140689613840067e-07,4.683505145771649e-06,1.251483292771526e-05,1.1188502624569456e-05,-6.688085331806577e-06,4.368154956693727e-06,1.2706231572876909e-05,3.3222125026627876e-06,-3.3675531754564375e-06,2.922971245943219e-06,-2.603549379928911e-05,-2.6090408316481e-06,1.4166877077706754e-05,1.2353152383798126e-05,7.496117565597928e-06,1.3264605009941444e-06,-1.2697496305496805e-06,-2.8110979000035113e-05,-2.2626555195810837e-06,1.4167073164949952e-05,5.281145084972039e-06,1.4629877227501592e-05,1.371246498585403e-05,1.0457503768193226e-05,-5.2766103233310635e-06,-9.088284751387232e-07,1.2273152497064783e-05,-2.5128835192621098e-05,4.247161366646984e-06,-2.8191684197749724e-05,-6.830017219694977e-07,5.546074876789648e-06,4.904985884852978e-06,1.3511463407027437e-06,-1.687725715920947e-06,1.8780978912826095e-06,-1.1287091572537177e-06,-2.1081990332321516e-06,-1.9927673430496467e-06,1.8290051150324808e-06,1.6170798615757442e-06,1.843452931503167e-06,-1.1171311003364902e-06,-5.390901003243779e-06,1.566922276231492e-07,1.8708048732969049e-06,1.989545835502954e-06,5.457301100965822e-06,5.166845693144575e-07,-9.191193349051972e-07,-6.900492628253985e-06,1.1065281366359129e-07,1.8640300642478491e-06,-2.1201364647158415e-06,1.8967434081972656e-06,1.886775582062312e-06,1.420044228132147e-06,-1.791025916730946e-06,3.468649813560387e-07,1.0026795172367297e-06,-4.543842385251152e-06,-3.1493616012227265e-08,-8.030283044476113e-06,3.3746363888038044e-07,5.20983332479377e-07,-1.930289970606461e-06,7.385867679728424e-06,movement,movement,no movement,no movement
3099.999999999994,-0.0139795775653267,0.2933361754395372,-0.3209823456666666,-0.0006039799995418,0.3123588695387062,-0.3166028927000001,0.0014965704741422,0.3127615629640224,-0.3060058767666667,0.0002118255241013,0.3127620239186179,-0.3090492567333334,-0.0206125304603231,0.3215083182522393,-0.3311969700666666,-0.0190485310444547,0.3201787898208197,-0.3440985238999999,-0.0148017674966411,0.311008755649988,-0.3235603756999999,0.0431092340943606,0.3250829543340792,-0.2040871499666666,-0.071814274051262,0.2884794463880888,-0.2153466654333333,0.0126698583346084,0.2937062413381274,-0.2661876828,-0.0168454892846629,0.2666980551095689,-0.2976101525666667,0.1198834568476951,0.2215050405799829,-0.0493126333948999,-0.1392880125440267,0.2596884265321414,-0.0369210242881666,0.1830708432975887,0.062946336719029,-0.0481337383791666,-0.1705197408070183,0.029052818785036,-0.1100940457666666,0.2083085776843489,-0.028286336659671,-0.1032060246023333,-0.1282430211706727,0.0011022441784409,-0.2658623851633333,0.2047499399940548,-0.0403104130033629,-0.1120108299456666,-0.0927677996973157,0.0078028864646451,-0.3313365389333333,0.187785707310161,-0.0330631001496758,-0.1290984066526666,-0.0670370087901831,0.0596384097780207,-0.3387157897666666,0.2072370340319841,-0.0437455463592294,-0.1104622779703333,-0.113101368858299,0.0198216628799345,-0.345410049,0.0761677047752113,-0.1617538937722899,0.0488469426866666,-0.0741498573372105,-0.1680056181227841,-0.0463441937033333,0.0837951616226871,-0.4934035411371528,0.0605723897066666,-0.0255934177093674,-0.4326416080683345,-0.0743045954866666,0.0610664442285689,-0.7452326485421163,0.2641085843333333,-0.0545883964110885,-0.7663891176192672,0.0716814645223333,0.0433390856829923,-0.7723178354255437,0.2895245770666667,-0.0549446945920579,-0.7950109697899335,0.0458383408236666,0.0847863209825754,-0.8019848034244527,0.2530818254333333,-0.0335692391184993,-0.8195800649431815,-0.050669857664,nijmegen_nijmegen_rennen_g_ch1_g11_compr.mp4,ch1g11,5.605842466090348e-05,0.0003625261443348,9.685280270595378e-05,0.0001489649133319,9.4736302259283e-05,0.0003888938161748,9.81103372048992e-05,5.036353965408756e-05,4.597902639967999e-05,5.040184358216441e-05,0.0004009232942981,1.7879315637978332e-05,0.0001022285660247,9.517093750054902e-05,5.060238722259742e-05,2.17882136519108e-05,9.986223651064963e-05,0.0004572519599851,1.654606371671227e-05,0.0001024744303154,0.0004885803077371,0.0001048201259266,0.0001029725976092,8.45193131881578e-05,8.552749611004517e-05,4.877207977600146e-06,9.710907287949214e-05,0.0003570251485745,7.041208712560829e-05,0.0005105016581261,4.8898692761308195e-06,8.572230730620005e-05,0.0004555548273864,0.0005325817393016,8.711328724925546e-05,-0.0002733272710995,-0.0002161415555812,-0.0001899424823154,-0.0001960412155431,-0.0002091537563673,-0.0001750472238662,-0.0001897947267739,9.56281691487692e-05,-2.147805269658267e-05,-8.359694270041754e-05,-0.0001699575047653,0.0006900192855386,-0.0003469190411492,0.0004024426145273,-0.0010473170354256,-0.005947864003184,0.0049317057306229,-0.0075851962405769,0.0066116678113563,-0.0084689351467142,0.0075293019672451,-0.0066661340880801,0.0056378171930283,-6.786572156667382e-05,6.906107512721952e-05,-0.0006827694630331,-0.0008100188776111,-0.0011941047179401,-0.0003207183089186,-0.0013263036954369,-0.000347582988801,-0.0010651818671762,-0.0002898251555825,1.3265776177730115e-06,3.3868314905005376e-06,1.3878603409760096e-05,1.0381317140141298e-05,-8.473742396842208e-06,2.62653982681842e-06,1.402642731648568e-05,4.687602377938656e-06,-1.351347330922858e-06,1.8256148899905365e-06,-3.05367460680881e-05,-2.6504142298574924e-06,1.5337966775940257e-05,1.384475682741764e-05,1.2577395760948932e-05,1.5625265098494125e-06,-1.9871439682894204e-06,-3.421948660667964e-05,-2.353645740939764e-06,1.5338824766613503e-05,3.167278483235502e-06,1.5750918312408866e-05,1.4938686882493192e-05,1.1517800297425606e-05,-6.818983102890316e-06,-4.845603656316022e-07,1.2745879017481302e-05,-2.8777182303217568e-05,4.2073243061599395e-06,-3.538643204073872e-05,-2.739819295474209e-07,6.131021186476075e-06,3.255264503353418e-06,1.650757877340553e-06,-1.3403215006758448e-06,1.1203117226898489e-06,-1.0787257494531455e-06,-1.318432188797346e-06,-1.7394110969317397e-06,1.0874728516560828e-06,1.1476421272621157e-06,1.917963003649505e-06,-1.1660694851712604e-06,-5.196806658767265e-06,9.165301920256062e-07,9.612918526163208e-07,1.237983109281429e-06,4.385675697402581e-06,5.878494529039334e-07,-5.256645871242395e-07,-6.6133147237523245e-06,7.870529660825652e-07,9.6190891696621e-07,-2.3724200756821296e-06,9.497594925299388e-07,1.0257252601281962e-06,9.198687973676374e-07,-1.099284798454018e-06,4.1217804450500875e-07,3.983107689091287e-07,-4.085335755787593e-06,-8.645286888572452e-08,-8.203907020426044e-06,3.8551040432178644e-07,5.095728619223433e-07,-1.7866546303700396e-06,6.235722133643496e-06,movement,movement,no movement,no movement
3116.6666666666606,-0.0121191207046635,0.2931534909946673,-0.3187221812666666,0.0011134399564137,0.3122446895305933,-0.3144183884333333,0.0031665544142907,0.312676362531437,-0.3038309315999999,0.0019095635401621,0.3126690654138934,-0.3068655576000001,-0.018797539515245,0.3213949234493901,-0.3290109329666667,-0.0172430083569755,0.3200989836699636,-0.3419083124666666,-0.0129957180847882,0.310912621830632,-0.3213767873666666,0.044031567219209,0.3252823298037255,-0.2023531539999999,-0.0703769906079288,0.288558934833495,-0.214075204,0.0141506979634157,0.2937271961721984,-0.2641431863666666,-0.0151504690045348,0.266620849868298,-0.2956066224,0.1200022899536998,0.2223305821462673,-0.0475759400015666,-0.1381746053162176,0.2593827953805903,-0.0371324505315,0.1820755305050897,0.0635184284864339,-0.0435537767058333,-0.1682327330439224,0.027842509820821,-0.1138072088933333,0.2082468288242655,-0.0339216649439405,-0.0958917551859999,-0.1246773965896136,0.0058303612915335,-0.27167794182,0.2049756431763615,-0.047584881992747,-0.1038209250893333,-0.0889157564395641,0.0142166612295963,-0.3377507095666666,0.188066021999092,-0.0412118144481953,-0.1214176188326666,-0.0637960363036661,0.0670538395719411,-0.3444662556333333,0.2072409331870054,-0.0501062181964832,-0.1032146850969999,-0.1098157152483109,0.0252913075787284,-0.373591959,0.0761399788299293,-0.1618111522383908,0.04877347897,-0.0741273213385698,-0.1679474792894685,-0.0462050661533333,0.0842907493046439,-0.4940341665158926,0.05973193789,-0.0254093745545001,-0.4334632932858779,-0.0733557101566666,0.0619036412241498,-0.7463852140160779,0.260677964,-0.0546134481845272,-0.766700093093476,0.0739607970423333,0.0442438241728678,-0.7736031669526104,0.2858371973,-0.0549408974540683,-0.7953404858516272,0.048159501867,0.0861189793153058,-0.8029827294160815,0.2493128255666666,-0.0333910247981478,-0.8198059376935917,-0.0473888336273333,nijmegen_nijmegen_rennen_g_ch1_g11_compr.mp4,ch1g11,5.870129814598828e-05,0.0003652138379218,0.0001113321327681,0.0001604316784099,8.562599320638463e-05,0.0003904495601265,0.0001126672364209,5.4689206786039895e-05,4.696667414365926e-05,5.106719554951866e-05,0.0003713291963562,1.5049257807728044e-05,0.000118329980949,0.0001096677485051,6.726027746160252e-05,2.3121004504255663e-05,9.834139053971104e-05,0.000423949871551,1.3925649326554235e-05,0.0001185576687589,0.000490661217261,0.000121310585744,0.0001187802064096,9.6095248213087e-05,7.768497400793183e-05,4.747451976269105e-06,0.000109802297973,0.0003287289319184,7.485123679602664e-05,0.0004758493223473,4.946024017107393e-06,9.268642095471516e-05,0.0004574560014558,0.0005212543778727,7.892324686541478e-05,-4.269811054912812e-05,1.7316754746189058e-05,4.527220914285479e-05,3.728545718394974e-05,1.5791460315842e-05,5.192416716824941e-05,3.644110598757066e-05,0.00027490391659,0.0001502699911207,0.0001256854724355,3.260971836449103e-05,0.0008162192990316,-0.0003017165851233,0.0005403557760524,-0.0012086932299489,-0.0055065020892444,0.0047670308832649,-0.0070624966148236,0.0064674694867747,-0.007885775829519,0.0074217822040296,-0.0061923392698793,0.0054879693752901,-6.0126246168224145e-05,6.0580213672289544e-05,-0.0005634081521842,-0.0008360545641069,-0.0009633848732589,-0.0002277625057005,-0.0010898982316904,-0.0002392935892701,-0.0008497569459617,-0.0002044469697722,3.234347245711592e-06,2.631987435213475e-06,1.4649069987179976e-05,9.714737506020822e-06,-9.403466679535984e-06,1.3735572791126543e-06,1.4777375126401089e-05,5.621510498726624e-06,5.441183297299027e-07,7.45805746866169e-07,-3.5270711722668484e-05,-1.6147683009150698e-06,1.582225911268491e-05,1.4739774807426643e-05,1.6035259378154004e-05,2.08174506743967e-06,-2.0971839712224008e-06,-4.036893464725329e-05,-1.502152698244269e-06,1.583095010147608e-05,9.049334802488468e-07,1.6168346982811524e-05,1.5511927810874754e-05,1.2211722712327736e-05,-7.596126117984276e-06,-2.0914238145544938e-08,1.2839419551230756e-05,-3.232835404144273e-05,4.189338465136833e-06,-4.3216894226704174e-05,1.5689315794465901e-07,6.744477283530226e-06,1.8455011990763551e-06,1.5945631948348097e-06,-1.1350576515796157e-06,3.14164565723597e-07,-1.1293451672004546e-06,-5.233875058151331e-07,-1.6296018423979663e-06,2.982805293482976e-07,7.048555327203062e-07,1.755502072360447e-06,-1.1236221664134737e-06,-4.4466767974349384e-06,1.5719273944135829e-06,5.955198290043845e-08,4.232135282202018e-07,2.9986945662640614e-06,6.86667380661209e-07,-3.1383652411554594e-07,-5.577517987077558e-06,1.38681108647111e-06,6.677941040832438e-08,-2.8317067865314706e-06,4.187608213456213e-08,1.5522428022936958e-07,3.775623444122905e-07,-3.92678785459558e-07,4.287878855489485e-07,-1.5776342943772739e-07,-3.128977345286193e-06,-2.07300612812099e-07,-7.5823100348931395e-06,3.881871839585908e-07,3.47533454590375e-07,-1.8160863260269825e-06,4.620221283460814e-06,movement,movement,no movement,no movement
3133.333333333327,-0.0099664981270322,0.2931384357773675,-0.3162163031666666,0.0030854356368282,0.3122986716744308,-0.3119871785666667,0.0050919521095969,0.3127587728230618,-0.3014108563666666,0.0038622342787066,0.3127428830766169,-0.3044426685333334,-0.0166929238687889,0.3214428002301417,-0.3266330215666667,-0.0151472458915823,0.3201800441552974,-0.3395222763666666,-0.0108958338137211,0.3109764970581633,-0.3190011255333334,0.044977054059415,0.3256055083818268,-0.2004080006333333,-0.0687800352737797,0.2887263611869139,-0.2128368178666666,0.0158394668226682,0.2938914933036838,-0.2618591354,-0.0132081514445638,0.266677232063607,-0.2934113823666667,0.1199643292891826,0.223192608692697,-0.0455230166482333,-0.1368859729278419,0.2590902161400423,-0.0374363381048333,0.180716967733721,0.0641524497840416,-0.0387616356591666,-0.1657607383551869,0.0264966544941762,-0.1175808701066666,0.2079598467395981,-0.0392085626454615,-0.0886543732623333,-0.1207261158804427,0.0103396281487593,-0.27724234909,0.2050023025686511,-0.054398624806575,-0.0957428095759999,-0.0846463835988712,0.0204192590157212,-0.3438390285,0.1882298689189774,-0.0488173591944218,-0.1138087125859999,-0.0601280898135764,0.0742261389183758,-0.3498629957666666,0.2070554993361835,-0.0560572373567042,-0.0960519116803333,-0.1061472079545251,0.0305248629660247,-0.357263923,0.0760616780240547,-0.1618663051127266,0.04883896647,-0.0740545445257386,-0.1678922692709579,-0.0462096703633333,0.0849295280204292,-0.4946133932893156,0.05900622787,-0.0252267398422428,-0.4342772199894109,-0.0724604457833333,0.0627689270462775,-0.7473022457764421,0.2573876862666667,-0.0546257239651981,-0.7668912627925265,0.0765527877323333,0.0451767999442316,-0.7746343490604776,0.2823069860333333,-0.0549218871712219,-0.795540541167854,0.0508442105203333,0.0874777756984966,-0.8037633502652403,0.2457171376333333,-0.0330821543710974,-0.8199359564672506,-0.043620603024,nijmegen_nijmegen_rennen_g_ch1_g11_compr.mp4,ch1g11,6.390850903373385e-05,0.0003677646147482,0.0001264153640861,0.000171083727831,7.637530136360742e-05,0.0003911990177473,0.0001278833422573,5.937561186193462e-05,5.0055746957099534e-05,5.131589826150885e-05,0.0003391491024256,1.4684573269624785e-05,0.0001342809439473,0.0001249154443274,8.616916820273449e-05,2.5446340467446015e-05,9.7244687148203e-05,0.000385956504835,1.3506943666873133e-05,0.0001344586325469,0.0004899592122355,0.0001375515571693,0.0001345143647661,0.0001086695104224,7.035804550090672e-05,5.03589414533551e-06,0.0001224801896013,0.0002988160335167,7.921205127579921e-05,0.0004364314196116,5.385294173619049e-06,0.0001003557933785,0.0004586538508596,0.0005111131002282,7.164280908735883e-05,0.0001983263632337,0.0002516898459901,0.00027928026194,0.0002695164685386,0.0002437784770441,0.0002823955085037,0.0002667091902506,0.0004347014276448,0.0003160518299623,0.0003369283627823,0.0002448794758958,0.0009069080431194,-0.0002523429466473,0.0006635214094263,-0.0013082806227408,-0.0049792369459441,0.0045933906702217,-0.006431019094481,0.0062916119278147,-0.0072090431782356,0.0072457166088992,-0.0056328423945371,0.0053120660014551,-4.9927589655331125e-05,4.952776393371873e-05,-0.0004318011816541,-0.0008445907299591,-0.0007070208645813,-9.030057814778258e-05,-0.0008261103390421,-8.321502970412272e-05,-0.0006283490757626,-8.564551241295965e-05,5.002281146453849e-06,1.7727068008811458e-06,1.469073388994047e-05,8.586709376683241e-06,-9.488438691628544e-06,-1.896210286262621e-08,1.4822237268651784e-05,6.094558951768793e-06,2.121269121057867e-06,-3.103601092016538e-07,-3.9626212485171e-05,5.202071276721253e-07,1.550237489967152e-05,1.4888924684945376e-05,1.7855625214868668e-05,2.878106222484878e-06,-1.8828212469148663e-06,-4.584860455382184e-05,3.556840089671904e-07,1.5523467099206116e-05,-2.0995128272641036e-06,1.5819303653889792e-05,1.530199548773898e-05,1.2434599188712247e-05,-7.6106743523664705e-06,3.982675131472747e-07,1.2465156458465616e-05,-3.527730776563929e-05,3.925367606365862e-06,-5.083500800628093e-05,5.289073520153604e-07,7.096576695002602e-06,4.541506187698232e-08,1.2029117841743646e-06,-1.164698954864718e-06,-4.605740202407703e-07,-1.2773223048304506e-06,2.1127330476145457e-07,-1.7303363661815232e-06,-4.659045568323208e-07,3.122033120351788e-07,1.4274763227122048e-06,-1.0244797617467992e-06,-3.017001968218718e-06,1.954171864293484e-06,-7.297760149370146e-07,-3.731230764544904e-07,1.5458693059563652e-06,7.299619635028704e-07,-2.84190176933827e-07,-3.6967213606717463e-06,1.7518377642548043e-06,-7.185566522191692e-07,-3.413215817350936e-06,-7.297990248364919e-07,-6.200851555051531e-07,-1.8515426198778974e-07,2.427453500403211e-07,4.026303424647307e-07,-6.370038687777479e-07,-1.6324290951163008e-06,-3.7117425264828675e-07,-5.958860975271661e-06,3.5246579080528466e-07,6.466910732204313e-08,-2.067928015463653e-06,2.8359500326276167e-06,movement,movement,no movement,no movement
3149.9999999999936,-0.0075716231001476,0.2935079866197475,-0.3135541332333332,0.0053256792273591,0.312712305031736,-0.3093070333666667,0.0072829769623209,0.313197811790518,-0.2987476900333333,0.0060761990938489,0.3131720374940183,-0.3017711148333334,-0.0143308906734393,0.3218480220153024,-0.3241202457000001,-0.0127953889835148,0.3206270933100745,-0.3370216002333333,-0.0085395743625856,0.3114121584996436,-0.3164939942333333,0.0459782218369244,0.3261094873485129,-0.1981709555999999,-0.0670648837689818,0.2891330611695893,-0.211659644,0.0176924111717661,0.294351921326594,-0.2593782728666667,-0.0111057942436427,0.2670590786923801,-0.2911843078333334,0.1198010400108519,0.2240721982968734,-0.0432228404982333,-0.1355216504471956,0.2588468700593723,-0.0379994522415,0.1790593606478799,0.0647394609485617,-0.0341617676491666,-0.1630276962499411,0.0251528239045849,-0.12155360699,0.207434537458721,-0.0441136341547562,-0.0820853953456666,-0.1165206710349969,0.0148220732812343,-0.28294887194,0.2048192465100352,-0.0606393544409126,-0.0885535144926666,-0.0801570640732971,0.026639389909005,-0.3500930806333333,0.1882638806074866,-0.055775088305437,-0.1070355988826666,-0.0561975766872369,0.0814222227597048,-0.3554607471,0.2066618175165923,-0.0615761539343468,-0.0896001596336666,-0.1022196663490213,0.0357281695853941,-0.362179905,0.075961508157955,-0.1619109449455359,0.0490216961833333,-0.0739620911820693,-0.1678484991891297,-0.0463260166399999,0.0858744806962539,-0.4949734699972086,0.0590007728033333,-0.0250769781355392,-0.4350946273958634,-0.0713960040566666,0.0636528082285968,-0.7477765693807128,0.2550182843999999,-0.0546611565488022,-0.7669439513305761,0.0793869956156666,0.0461132293318056,-0.7752228277347508,0.2797524621,-0.0549223190672574,-0.7955822352028118,0.053776983267,0.0889385062790488,-0.8042103072346218,0.2434322750333333,-0.032666050688217,-0.8199743171357435,-0.0396770046473333,nijmegen_nijmegen_rennen_g_ch1_g11_compr.mp4,ch1g11,7.097601263969999e-05,0.0003691235461859,0.0001413361694371,0.0001795551309745,6.823447726920606e-05,0.0003909701986636,0.0001429757291165,6.471808533895689e-05,5.350351648268318e-05,5.095853410229808e-05,0.0003004100211311,1.667041111468037e-05,0.0001495127530409,0.0001401210262052,0.0001054698761172,2.8023388550570535e-05,9.760858493236096e-05,0.0003393879038377,1.5143550419890492e-05,0.0001496919461308,0.0004873282578008,0.0001530076849723,0.0001496302051249,0.0001215908683735,6.432028374856198e-05,5.6655447919823005e-06,0.000134864682803,0.0002643343835555,8.344311458803785e-05,0.0003859420129841,6.116562140083402e-06,0.0001082559829928,0.0004586321699252,0.0004994885369115,6.607893780029528e-05,0.0004355194494728,0.0004736883823475,0.0004986947264597,0.0004874048854856,0.0004612621864586,0.0005021219211432,0.0004874156937068,0.0005652845289861,0.0004593659923977,0.0005342769059167,0.0004509661399991,0.0009592160666302,-0.0002046731622297,0.0007653954189687,-0.0013463174324334,-0.0043725707418924,0.0044058313418311,-0.0056829371873583,0.0060764192208803,-0.0064013284448097,0.0070116901073506,-0.0049808471616113,0.0051088188743838,-3.680364860477848e-05,3.5245851458032355e-05,-0.0002915447691789,-0.000837501679364,-0.0004409496585616,6.894812728150182e-05,-0.0005517959889231,9.45365833251845e-05,-0.0003787650043206,5.2016667994805207e-05,6.174375069278061e-06,5.869920283918091e-07,1.3842213110930016e-05,7.033798112653646e-06,-8.592653466215746e-06,-1.774866168496771e-06,1.3990024672028965e-05,6.117490336334239e-06,3.221144611102973e-06,-1.2218292637011837e-06,-4.27026024816592e-05,3.389326460973705e-06,1.4333108625721853e-05,1.4119193626342466e-05,1.8074133684239683e-05,3.9475940577833065e-06,-1.5345731898596158e-06,-4.94394846546994e-05,2.9003267806982577e-06,1.436674144718426e-05,-5.946003005823008e-06,1.470856027818614e-05,1.4248432200677538e-05,1.205326484733352e-05,-6.722497212162645e-06,7.590920346348747e-07,1.1628885369857704e-05,-3.694923192172197e-05,3.4847426058439355e-06,-5.6647468855793865e-05,8.337871638740132e-07,7.022627304214875e-06,-2.241991581449058e-06,5.54806952805226e-07,-1.4107128872072763e-06,-1.1710859390691846e-06,-1.5136769763700405e-06,8.187062050567786e-07,-2.0278051114161336e-06,-1.1740849485793567e-06,-2.3036057658317977e-08,1.0314335952298292e-06,-8.728292518442034e-07,-6.781107470332552e-07,1.9637782635481936e-06,-1.3890176443972798e-06,-1.1145224450106608e-06,2.3934775816442826e-07,6.610510284000724e-07,-4.423068635701167e-07,-7.832952402116878e-07,1.7880766867193004e-06,-1.3795035141212597e-06,-4.039127119274836e-06,-1.3562046204810563e-06,-1.2816745510693437e-06,-7.538853160141984e-07,7.514808944839657e-07,3.392248551667939e-07,-1.0562793609088478e-06,5.56033807747733e-07,-5.803737082043386e-07,-2.990814134059018e-06,2.849962509746283e-07,-3.114532677007563e-07,-2.493829884196411e-06,2.1558733227214946e-06,movement,movement,no movement,no movement
3166.66666666666,-0.0050027012149354,0.2940513051378955,-0.3107408853666665,0.0077155269397077,0.313283985251278,-0.3064691281,0.0096221029424707,0.3137947876218792,-0.2959201370666666,0.0084392179852701,0.3137591564751306,-0.2989441256333334,-0.0118158567140609,0.3224054667716189,-0.3214708833,-0.0102926411445952,0.3212246798351609,-0.3343830198333333,-0.0060288591481487,0.3119927375648835,-0.3138535035,0.0470009230568518,0.3267244863360904,-0.1957488274666666,-0.0652719383067604,0.2896120594405938,-0.210427388,0.0196947726038717,0.294964953213703,-0.2567569529666667,-0.0088539463770992,0.2675838385339381,-0.2888338980333333,0.1195921076939385,0.2249559014741093,-0.0408937261682333,-0.1340836485819193,0.2586032584140631,-0.0385079586481666,0.1771319863681666,0.0653166844156881,-0.0296264081324999,-0.1602578964471196,0.0238087359525902,-0.12540474169,0.2066671369011399,-0.0486168534511828,-0.0755719703723333,-0.1120638021882161,0.0190942284472895,-0.2882175614333334,0.2043851471939957,-0.0663383179889916,-0.0814037782893333,-0.0753589134720718,0.032571393332031,-0.3558341607666666,0.1881068263262285,-0.0621775862695442,-0.1003270357693333,-0.0519421254154592,0.0882503915661305,-0.3605353822666666,0.206045374079419,-0.0666499299925873,-0.0832158519803333,-0.0980278745003653,0.0406799952462207,-0.373827428,0.0758405285406955,-0.1619472537181857,0.0492834030433333,-0.0738496103706299,-0.1678142628999346,-0.0465242846633333,0.0869114929034935,-0.4952934987787447,0.0593122886566666,-0.0249231305528202,-0.4359153648271291,-0.0702337857566666,0.0645219582537275,-0.748056254734474,0.2534769638999999,-0.0547283064733391,-0.7667732821390706,0.0824271849789999,0.0469999275567612,-0.7755924048960888,0.2780916660999999,-0.0549713497672384,-0.7953715608912297,0.0569208277416666,0.0904693242560299,-0.8044479533691049,0.2420178752,-0.032149888739352,-0.819886537279564,-0.0355898791373333,nijmegen_nijmegen_rennen_g_ch1_g11_compr.mp4,ch1g11,7.824999134074195e-05,0.0003688391594624,0.0001550407058492,0.0001872854182813,6.068559096998608e-05,0.0003882454319222,0.0001568348519851,7.143966446779278e-05,5.753793771169491e-05,5.00191983307657e-05,0.0002560762832361,2.042543939119172e-05,0.0001631769489412,0.000154159456595,0.0001235273444334,3.1811203827695225e-05,9.726643819934068e-05,0.0002869600027847,1.8316372374260708e-05,0.0001634085949107,0.0004796725345379,0.0001668776234772,0.0001632765300751,0.0001340640434395,5.889120330734966e-05,6.605985483545332e-06,0.0001464946361045,0.0002265992458339,8.767465455497587e-05,0.0003257958784245,7.115055628437127e-06,0.0001158868663533,0.0004552323272041,0.0004875698683154,6.16738463527302e-05,0.0006458172090864,0.0006633939973288,0.0006842884827469,0.000671789187861,0.000649960520461,0.0006912857778683,0.0006778298319034,0.0006715226853889,0.0005755711863299,0.0007055130427695,0.0006334242650615,0.0009924631151692,-0.0001555521236192,0.0008587309770331,-0.001332648996321,-0.003734635481333,0.0041653285656426,-0.0048767097965408,0.0057727037506197,-0.0055479456298094,0.0066547198015491,-0.0042882188685641,0.0048412319936574,-2.2654239025278635e-05,1.954992340666021e-05,-0.0001697811105101,-0.0008203260517306,-0.0001811159034135,0.0002254405858326,-0.0002779075653572,0.0002653154734105,-0.0001284899742404,0.0001694825955364,6.494709707809813e-06,-1.0236840333312132e-06,1.2372117464861728e-05,5.101651002101379e-06,-7.231542065339428e-06,-3.957952993179226e-06,1.2537303238841e-05,5.867814818915084e-06,3.998380147340187e-06,-1.9384092446932317e-06,-4.340521728153655e-05,5.973498998401597e-06,1.2659661748290678e-05,1.2690534121264863e-05,1.7253930578308353e-05,4.888621324531914e-06,-1.6317918831560077e-06,-5.004571722938653e-05,5.287839761761626e-06,1.270497752978542e-05,-1.0230506752744756e-05,1.3117400786271206e-05,1.268173177529874e-05,1.1123593473728428e-05,-5.462417462856812e-06,1.0321527022739366e-06,1.0476559394477616e-05,-3.6407567807445944e-05,2.8247319479490104e-06,-5.9510099327396525e-05,1.0484369113335484e-06,6.562519735690376e-06,-4.928691015466066e-06,-2.026077992037788e-07,-1.8005114411044195e-06,-1.7461398242501089e-06,-1.856598992338432e-06,1.2939282864829665e-06,-2.397874367232961e-06,-1.7540171925749437e-06,-3.2885946382869633e-07,6.046873595651954e-07,-6.838713676318636e-07,2.496478575792148e-06,1.579081834859746e-06,-1.8701076605288924e-06,-1.7247018646927954e-06,-7.583599581897567e-07,4.084457131876281e-07,-6.543901206648368e-07,2.9864068582872556e-06,1.4686078129066943e-06,-1.8670869516140797e-06,-4.470618774184933e-06,-1.799456972459841e-06,-1.7785846661609647e-06,-1.2737570425562031e-06,1.1352146408424292e-06,2.480139180892298e-07,-1.3917050158678471e-06,3.33179741788119e-06,-8.028649048462676e-07,1.2391269441377943e-06,1.952683965055867e-07,-7.145058577717045e-07,-2.9281953591174263e-06,4.285415397354768e-06,movement,movement,no movement,no movement
3183.3333333333267,-0.0022704461017703,0.2948688483369157,-0.3082878328666665,0.0102870849502652,0.3141074560430448,-0.3039329807666667,0.0121403590653306,0.314634617344539,-0.2933905516999999,0.0109751884725448,0.3145864890285617,-0.2964103014,-0.0091591585131628,0.3231957637456734,-0.3191536991000001,-0.0076482701167595,0.3220613441024421,-0.3320886542666666,-0.0033743464011736,0.3128166972596042,-0.3115467024333334,0.0481652190202318,0.3274981988591977,-0.1934369587666667,-0.063419388838693,0.2902703030722998,-0.2094023753666666,0.0218651867814272,0.2958113969761423,-0.2544214840333333,-0.0064734678755213,0.2683617683593878,-0.286827708,0.1194062244600253,0.2259475517060402,-0.0386635691482333,-0.1326125144624478,0.2584902735020597,-0.0391051447248333,0.1752138800347546,0.0660675951932437,-0.0254916663358333,-0.1573993222463362,0.0225459789940033,-0.12926588648,0.2055957640596416,-0.0523594841605241,-0.070443723139,-0.1074440544786726,0.0231923415907459,-0.2935351123333333,0.2035559627856492,-0.071147847068404,-0.0758010535693333,-0.0703933733335902,0.0382871357820372,-0.3615714560333333,0.1875750610850222,-0.0676223465177445,-0.095054172466,-0.047456090161689,0.0948036524206013,-0.3656330615666666,0.2051070467193765,-0.070927904962414,-0.0781831067169999,-0.0936401893514427,0.0454178186695407,-0.377611548,0.0757184838976612,-0.1619712291854282,0.0495916083533333,-0.0737365278078354,-0.1677932900259162,-0.0467647998333333,0.0882452991929528,-0.4953108865240612,0.05981315344,-0.0247827439959135,-0.4367045243416592,-0.06893441077,0.0654466993091648,-0.7480887931689035,0.2523883735,-0.0547821402837497,-0.7664342253031777,0.086042525579,0.0479410969886863,-0.7757240137987808,0.2769383937,-0.054981798995648,-0.7949742914082526,0.0607127842716666,0.0921314383515945,-0.8044668686910517,0.2411430608,-0.0315521990152282,-0.8196479303236004,-0.0309078069973333,nijmegen_nijmegen_rennen_g_ch1_g11_compr.mp4,ch1g11,8.493103579918868e-05,0.0003659713596318,0.000166497026296,0.0001905430150878,5.5220762743147806e-05,0.0003826358356321,0.0001684658612618,7.793928997758886e-05,6.0132060332174965e-05,4.7528365861244074e-05,0.0002090036451484,2.7330332599378768e-05,0.0001746159172226,0.0001659808351645,0.0001383374258502,3.757215514358048e-05,9.64576546120257e-05,0.0002329088929438,2.4455191342430543e-05,0.0001749396910873,0.0004669653696929,0.0001788299490366,0.0001747503211717,0.000144830092851,5.4962631086614024e-05,7.737432049949922e-06,0.0001562315947123,0.0001879961725111,9.006607717287874e-05,0.0002609124066369,8.260408330706767e-06,0.0001216695394239,0.0004476666280097,0.0004740479732466,6.015768612204196e-05,0.0008117906268272,0.000804219323166,0.0008203835268016,0.0008065470205782,0.0007919305259293,0.0008323000662161,0.0008206441215835,0.0007330137197723,0.0006557285748244,0.0008350192288,0.0007770180168253,0.0010044548368024,-0.0001136483373114,0.0009498439345107,-0.0012802958732611,-0.0030447292218159,0.0038852938355943,-0.0039919845716815,0.0053966186131341,-0.0046225530875333,0.0062032023909919,-0.0035425077561493,0.0045172544321556,-7.514900602693215e-06,2.266169533782945e-06,-4.804302908163692e-05,-0.0007821840209803,8.229920295151976e-05,0.000402094341322,3.618180680442009e-06,0.0004572487987144,0.0001258834409331,0.0003132105884326,5.738829023455816e-06,-3.05972302391931e-06,1.0383728471283086e-05,2.9531519768072175e-06,-5.605303838499294e-06,-6.542936521534999e-06,1.0542547952100216e-05,5.331639456226026e-06,4.226447140635425e-06,-2.487160057990494e-06,-4.044856094524666e-05,7.605298389937226e-06,1.0647250894064232e-05,1.0701421034318788e-05,1.5810382048694712e-05,5.310456159839921e-06,-2.472801102040232e-06,-4.632182661004184e-05,6.863815470576674e-06,1.069281676356976e-05,-1.4930306383934044e-05,1.1187550005044724e-05,1.0755176293904276e-05,9.648164270665169e-06,-3.980867807075024e-06,1.2218335160073312e-06,9.042138451650952e-06,-3.2673310032603076e-05,1.968759947734541e-06,-5.742054381722737e-05,1.1846024135223464e-06,5.66263105707172e-06,-8.015391466761383e-06,-9.16442022339788e-07,-2.2284551255548816e-06,-2.1148552507294783e-06,-2.167262942842849e-06,1.608287655708202e-06,-2.7294550058199593e-06,-2.1341534005062413e-06,-5.605903137945891e-07,2.3602706099951826e-07,-4.362400195872788e-07,6.1025956567019796e-06,7.959274982152605e-07,-2.1398012735502145e-06,-2.1279204140399534e-06,-1.365362429813582e-06,-5.6405255376377766e-08,-8.167117512697925e-07,7.096931673648167e-06,7.776187694182399e-07,-2.146317913842195e-06,-4.5585030902762704e-06,-2.0476248600898093e-06,-2.0728539955312745e-06,-1.6675653961868535e-06,1.3855414754681722e-06,1.4099056550683037e-07,-1.6019514640007411e-06,6.329169049326142e-06,-9.60991717216887e-07,6.187260366722845e-06,9.496164981414293e-08,-1.0414817440396271e-06,-3.240447359265631e-06,7.182314134714945e-06,movement,movement,no movement,no movement
3199.999999999993,0.0006523036388359,0.2957940118268195,-0.3062544258999999,0.0130548729573381,0.3150058836140769,-0.3018159151666666,0.014857480564946,0.3155468342821228,-0.2912650068333333,0.01370152909997,0.3154815996652172,-0.2942925642666667,-0.0062920257186134,0.3240840069017536,-0.3173137553666666,-0.00479537720691,0.3229916022577309,-0.3302679151333333,-0.0005150658056309,0.3137366854149978,-0.3097113174666667,0.0494534169441955,0.3282643113619991,-0.1914251306666666,-0.0614237439605038,0.2909959132946013,-0.2089202229666666,0.0241924638624757,0.2967305953970914,-0.252466177,-0.0039370507320535,0.2692439604473156,-0.2852790084666666,0.1192350120706326,0.22696571885439,-0.0368109844249,-0.1311264421939486,0.2584191933147635,-0.0400112496281666,0.173152419887658,0.0671048686900176,-0.0216526016958333,-0.1545017957666504,0.0213131402836263,-0.13300452997,0.2043401277186392,-0.0547613657524925,-0.0655137301456666,-0.1026181952369493,0.0270363715680776,-0.2984642396333333,0.2024585897961934,-0.0743901662045941,-0.0703589269726666,-0.065121204309255,0.0436306819063132,-0.3668753633999999,0.1868136761906572,-0.0714777716097169,-0.0897978213926666,-0.0426631585049077,0.1008938852539363,-0.3702540075333332,0.2039886464565768,-0.0737950538963119,-0.0732811641103333,-0.0890204948293928,0.0498731879184283,-0.384512246,0.075578218587472,-0.1619757440615652,0.0499077744866666,-0.0736042189147558,-0.1677953558735689,-0.0470112249333333,0.0897235675037422,-0.4952113806745034,0.0600267825733333,-0.0247060310600051,-0.4375150790149906,-0.0676003522766666,0.0663718096060517,-0.7478707344701998,0.2513605281666666,-0.0547367347067926,-0.7659272894995907,0.0899374839789999,0.0488754990017875,-0.7755879738937487,0.2758961896,-0.0548718849564757,-0.7943998045880448,0.0648342807816666,0.0938254256581857,-0.8042229739443371,0.2405580928666666,-0.0309687311695497,-0.8192452303530658,-0.0257237265473333,nijmegen_nijmegen_rennen_g_ch1_g11_compr.mp4,ch1g11,9.011005440893824e-05,0.0003626207142715,0.0001757825666399,0.0001913959180363,4.9652006696229195e-05,0.0003752123523529,0.0001779024216623,8.366786623425136e-05,6.311366867022022e-05,4.457119978043335e-05,0.00016672013197,3.5166257210288965e-05,0.0001841397732585,0.0001755630130933,0.0001507546038592,4.351249496659365e-05,9.352778573632931e-05,0.000184795222433,3.1420595499364454e-05,0.0001845615442961,0.0004500929139319,0.000188975867954,0.0001844214091304,0.0001537775412145,5.092237641000127e-05,9.048503539720385e-06,0.0001645423729689,0.0001543546096344,9.157607619154314e-05,0.0001998482594122,9.508658120527728e-06,0.0001265719339383,0.000438569270713,0.0004633340867667,5.983596110013222e-05,0.0009419738095198,0.0009137673174871,0.0009269474233093,0.000911729021786,0.0009041320899306,0.0009400683737562,0.0009286871221224,0.0007920292700282,0.0007173808944617,0.0009388247452143,0.0008883060685484,0.0010219494738765,-7.149470301093853e-05,0.0010470389318407,-0.0012139237706966,-0.00228564563805,0.0035469746800379,-0.0030305684238685,0.0049352262682569,-0.0036186314595781,0.0056473403353302,-0.0027168759475432,0.0041310958923818,8.074672956301789e-06,-1.547216677187599e-05,4.393773310097056e-05,-0.0007336032388037,0.0002896339916961,0.00056315422636,0.0002320338573047,0.0006288531562575,0.0003205030848054,0.0004511137134765,4.17287890562141e-06,-5.648749464271812e-06,8.139470261788145e-06,3.857431232819674e-07,-4.052563212555782e-06,-9.577423766389536e-06,8.257386369378075e-06,4.622598735750066e-06,4.143421320492368e-06,-2.8834073372095043e-06,-3.285418156768179e-05,7.901558533196311e-06,8.489898995006514e-06,8.411398213360601e-06,1.4150093668524926e-05,5.090608775704133e-06,-3.993334276458442e-06,-3.737767528829123e-05,7.251985311832527e-06,8.53760795727415e-06,-1.967695438550555e-05,9.158659300428551e-06,8.651057300176423e-06,7.831142860768402e-06,-2.6227096662272823e-06,1.3068332678148175e-06,7.450434844534173e-06,-2.4949143185348612e-05,8.939299877151121e-07,-4.934035521052984e-05,1.227093544469189e-06,4.326252810843562e-06,-1.1536638864312477e-05,-1.4552754594865644e-06,-2.6581228657743984e-06,-2.2585385822316267e-06,-2.4771940567233448e-06,1.8329736278918548e-06,-2.945429070447738e-06,-2.293230802495888e-06,-7.435836461729723e-07,-1.1211345390568055e-07,-1.8194704773399266e-07,9.559644593916315e-06,-2.1552967103100378e-07,-2.210278448203603e-06,-2.299408383293852e-06,-1.6598661187408426e-06,-6.303300630182847e-07,-7.93075954435433e-07,1.0922121860224388e-05,-1.332895379056273e-07,-2.226463602871064e-06,-4.2136124102308255e-06,-2.1127189833687296e-06,-2.1746932107353824e-06,-1.89747463236544e-06,1.5595895586342065e-06,2.751253601099281e-08,-1.6972714651499176e-06,9.065133565221768e-06,-1.057731217197376e-06,1.1148302459290278e-05,-6.579017501212061e-09,-1.2847618043390646e-06,-3.3973673496257247e-06,9.906256086517866e-06,movement,movement,no movement,no movement
3216.6666666666597,0.0038199025515503,0.2967848464196024,-0.3043382324333333,0.0160365421291873,0.3159509533775056,-0.2997904102666666,0.0177940247674323,0.3165016522506996,-0.2892239456,0.0166417157081705,0.3164178315059506,-0.2922641541333334,-0.0031995888095183,0.3250256692300443,-0.3156251135666667,-0.0017228637518474,0.3239678145566002,-0.328591911,0.0025680915304249,0.3147056199005748,-0.3080219360666667,0.0508236944964586,0.3290351267284452,-0.1893904287666666,-0.0593707932959421,0.2917384042701597,-0.2086270962666666,0.0267114879145369,0.297700716334671,-0.2505785634666667,-0.0012272267338575,0.2701818910897999,-0.2838612375,0.1190023582254823,0.2280097150360442,-0.0348324720382333,-0.1295499357208769,0.2583798153481171,-0.0409524546476666,0.1709848563385463,0.0683918084904571,-0.0172971307358333,-0.1515564795548552,0.0201353253181602,-0.1364858542366667,0.2029980156216878,-0.0561542155257946,-0.0594813286769999,-0.09754686612377,0.0303813809268183,-0.3021187668,0.2012386556879818,-0.0764317690154101,-0.063650397953,-0.0595246183183707,0.0482439116306083,-0.3706548651333333,0.1859663032005341,-0.0741043641896509,-0.0833085681493333,-0.0375522491364104,0.1061317238652466,-0.3733679374666666,0.2028016104660161,-0.0755962226134236,-0.0672688148963333,-0.0841385800307907,0.0537563616982451,-0.43916589,0.0754078370735014,-0.1619595558631065,0.0502786797866666,-0.0734418536969767,-0.1678202042042234,-0.0473167998199999,0.0911875841180601,-0.4950817907093043,0.0602793454566666,-0.024596654225841,-0.4382285591526286,-0.0662961631633333,0.0671466915801639,-0.7474284573595399,0.2507629995666666,-0.0546498848874736,-0.7652760269922297,0.0938754960756666,0.0495977709362827,-0.7752012131040084,0.2753296186333334,-0.0547345649254915,-0.7936846701395702,0.068999573935,0.0952656600532465,-0.8038134805342834,0.2406631967333333,-0.0303902567675928,-0.8187537315987979,-0.0204195133173333,nijmegen_nijmegen_rennen_g_ch1_g11_compr.mp4,ch1g11,9.326603490918309e-05,0.0003571824587724,0.0001826517715002,0.0001889456762021,4.6304513538604906e-05,0.0003653521679191,0.0001849314473174,8.796243759473207e-05,6.650020285553164e-05,4.1963014912531514e-05,0.0001341908698946,4.4428586066384945e-05,0.0001914673361555,0.0001826754710434,0.0001614241968136,4.894686589593418e-05,8.90659730236739e-05,0.0001488585641674,3.989804764125754e-05,0.000191930512728,0.000428878435771,0.0001970858246841,0.00019193011767,0.0001604258562766,4.886522893596168e-05,1.036379881066977e-05,0.0001709713026981,0.0001301558504481,9.11608891634249e-05,0.0001504615689103,1.070548178400536e-05,0.0001298572677378,0.0004267078669448,0.0004541784826839,6.308458452385974e-05,0.0010389633851465,0.0009931770271402,0.0010037026929273,0.0009867057894518,0.0009863461373263,0.0010159940440596,0.0010056247297761,0.000827068520184,0.0007601392131142,0.0010152848759414,0.000971747420131,0.001040673795789,-3.618653444456023e-05,0.0011642878972218,-0.0011517688914379,-0.0014438321536472,0.0031401277812093,-0.0019727297945962,0.0043919683284763,-0.002511982210675,0.0050084978571426,-0.001804734851979,0.0036726808964371,2.387039930279398e-05,-3.3572409949415895e-05,0.0001053437319468,-0.0006958950309863,0.0004487203213335,0.0006996055144434,0.0004128171548113,0.0007746359137044,0.000445438042758,0.0005844065825797,2.1066686999512635e-06,-8.51658073596637e-06,5.7315599785823536e-06,-2.3226969762535363e-06,-2.55044309958811e-06,-1.2620957985229214e-05,5.791709297098777e-06,3.894556359313372e-06,3.854511931988384e-06,-3.011911737424385e-06,-2.1354172728786212e-05,6.918271733761125e-06,6.2416105639395145e-06,5.929291068349974e-06,1.283452097513845e-05,4.233922128920929e-06,-5.475611056469419e-06,-2.413061470303994e-05,6.436070813360595e-06,6.277600820151524e-06,-2.3587469466436977e-05,7.040240435994378e-06,6.4131390442887826e-06,5.7480763087929915e-06,-1.4244429756673502e-06,1.2662706526918736e-06,5.731738850778291e-06,-1.4127429929469952e-05,-4.2481814213042746e-07,-3.581153734440368e-05,1.159542569262873e-06,2.6731315100938212e-06,-1.4945055655248053e-05,-1.7264436775514134e-06,-2.9509977691336517e-06,-2.1719844363085025e-06,-2.7396558432190125e-06,1.9046975310868304e-06,-2.9397773026549943e-06,-2.2248445689346913e-06,-8.88084826491645e-07,-4.233753884340806e-07,4.6178037351456946e-08,1.2301180469340082e-05,-1.2943124665462051e-06,-2.0931611991967006e-06,-2.2315808132153714e-06,-1.778374667080629e-06,-1.2113337190880425e-06,-5.407397487503064e-07,1.382148124083225e-05,-1.1271550421722545e-06,-2.1161757618254334e-06,-3.375657921640361e-06,-2.011336659071992e-06,-2.089788758352377e-06,-1.931851908551485e-06,1.600381808055988e-06,-8.083634832957676e-08,-1.672589835118137e-06,1.1058975634964004e-05,-1.0616640887035544e-06,1.533050102990223e-05,-9.99532774481702e-08,-1.4038916717978116e-06,-3.280224961469718e-06,1.190284253966075e-05,movement,movement,no movement,no movement
3233.333333333326,0.0070185776637794,0.2978119396439677,-0.3030145627666666,0.0190380478196564,0.3169214167653267,-0.2983496607,0.0207562282556093,0.3174798497391429,-0.2877670918666666,0.0196051052120022,0.3173786741961047,-0.2908110366,-8.414293657340143e-05,0.3259963341664029,-0.3145496366666667,0.0013739592903208,0.3249644772658578,-0.3275359640333333,0.0056762607196111,0.3156942437837293,-0.3069462843,0.0522012115904378,0.3298316852118489,-0.1878243688666666,-0.0573284292845198,0.2924960936569294,-0.2088877155666666,0.0292582690066383,0.2986991789513519,-0.2492499540666667,0.0015033371611722,0.2711466679532742,-0.2830488674333332,0.1187132065528325,0.229066165608264,-0.0332432561812333,-0.1280750023921441,0.2583440867687513,-0.04227202032,0.1686025991062264,0.0697231155918617,-0.0133821337525,-0.1487251414988489,0.0190124509429538,-0.1397226141133333,0.2014110089061672,-0.0568861578739992,-0.0543534287616666,-0.092560069256474,0.0333183228217413,-0.3045576463,0.1997353473464829,-0.0775646216173825,-0.0580081884820666,-0.0539414904203782,0.0522925238678085,-0.3731297165333333,0.1849006422909812,-0.0756638893008985,-0.0777205305693333,-0.032422236175661,0.1107789138552809,-0.3752863447666666,0.2013858902085615,-0.076630709642292,-0.06214256062,-0.0793071701594709,0.0572042933724257,-0.424419791,0.0752334477732173,-0.1619144014314238,0.0506615976566666,-0.073275787224514,-0.1678761283820001,-0.0476414519166666,0.0926501570864357,-0.4949943515634982,0.06087847595,-0.0245553920841569,-0.4389061312835444,-0.06494483149,0.0678685785315452,-0.7470005852525917,0.2513415306999999,-0.0545865870393348,-0.7645120955936808,0.0978847799956666,0.0502524220605887,-0.7748068670966501,0.2760086079333333,-0.054641949647045,-0.7928433803085011,0.0732430911816666,0.0966894307663042,-0.8033641597468754,0.2418935891,-0.0299355683764338,-0.8180739504152711,-0.0152362961239999,nijmegen_nijmegen_rennen_g_ch1_g11_compr.mp4,ch1g11,9.413556180999096e-05,0.0003474272614272,0.0001876469204866,0.0001848101347064,4.4911091903653786e-05,0.0003515301057496,0.0001899875967475,9.100546986938824e-05,7.020034453978293e-05,3.900960398087682e-05,0.0001171352790775,5.3673485670974106e-05,0.0001973561071079,0.0001878126183334,0.0001732798210744,5.307281522759307e-05,8.258117732205334e-05,0.0001309750798312,4.852630076788905e-05,0.0001978332544802,0.0004029009035102,0.0002038985069197,0.0001979534029938,0.0001653351144531,4.842127739275178e-05,1.1446459147055132e-05,0.0001763863522974,0.00012003164474,8.992585665042872e-05,0.0001204886357589,1.1651425593178416e-05,0.000132074022412,0.0004102225811252,0.00044642354329,6.85523301614281e-05,0.0010889311089808,0.0010323959848122,0.0010413760026856,0.0010227292047106,0.0010301423610462,0.0010511099376786,0.0010410217661321,0.0008434610975425,0.0007818319052032,0.0010529916016227,0.0010139897357822,0.0010566981838229,-1.0337333045536122e-05,0.0012932856624209,-0.0011019370060793,-0.0005514378437898,0.0026682441211175,-0.0008703093145582,0.0037682634229255,-0.0013523206522899,0.0042916064987905,-0.0008316563002427,0.0031580950145569,3.773718188657557e-05,-4.964952132091255e-05,0.0001242072360804,-0.0006513206141022,0.0005551972084843,0.0008111474409984,0.0005427100917871,0.0008915322291527,0.0005025400616176,0.0006972853968947,1.7472472088979167e-08,-1.158581822161e-05,3.5656244388336898e-06,-4.955732086347552e-06,-9.622771037286456e-07,-1.5596561786182096e-05,3.545535728137577e-06,3.020815594953759e-06,3.4295553796077205e-06,-2.962960290507128e-06,-6.881414082500599e-06,4.748476714704134e-06,4.2650047873100195e-06,3.6996061149878662e-06,1.1308518074415596e-05,2.524919771905335e-06,-6.408533938540538e-06,-7.803700611315743e-06,4.505235438860788e-06,4.254573949803683e-06,-2.656046529660841e-05,5.107284795330439e-06,4.3932597723864665e-06,3.642028963463717e-06,-2.1219778225245357e-07,1.1503158950325358e-06,3.924444313390409e-06,-1.3083859292167898e-06,-1.5726931118374052e-06,-1.752949108918185e-05,1.0319234105697792e-06,1.0415040872670382e-06,-1.8143773899625735e-05,-1.7067555183160165e-06,-2.9492330782572795e-06,-1.906550788238394e-06,-2.9741908123586337e-06,1.8286097380827207e-06,-2.597183950316299e-06,-1.9751436873313387e-06,-1.0355360216353268e-06,-6.866705373104841e-07,2.470324006049286e-07,1.3810768619429972e-05,-2.1997665417075564e-06,-1.8484296549087664e-06,-1.972618485312792e-06,-1.931342562388072e-06,-1.6838219641932371e-06,-4.783599115040871e-08,1.5275117740353825e-05,-1.9844132338762705e-06,-1.8752007274951465e-06,-2.036713676849188e-06,-1.808572336252051e-06,-1.8730903526941755e-06,-1.8068782202694577e-06,1.5167358307884625e-06,-1.70043946700454e-07,-1.5800115357316365e-06,1.1912464722028196e-05,-1.0059403049647875e-06,1.8007911011177956e-05,-1.7427029834481905e-07,-1.4186304082414214e-06,-2.769790549480589e-06,1.277421960767324e-05,movement,movement,no movement,no movement
3249.9999999999927,0.0102734548949627,0.2988803631051431,-0.3017422097333333,0.0220531114493563,0.3179328720546424,-0.2969768445333333,0.0237326515702919,0.3184995239999592,-0.2863795051666666,0.02258477540237,0.3183824833447998,-0.2894275949333333,0.00308764581066,0.3270141828912618,-0.3134391505,0.004528978633098,0.3259992248606963,-0.3264435002999999,0.008845117043332,0.3167177172261899,-0.3058372738333334,0.0535140417338219,0.3306855462808199,-0.1863292072,-0.0552882178241803,0.293287985703452,-0.2092158371666666,0.0318357734869597,0.2997445455139287,-0.2479676669333333,0.0043022156015385,0.2721501593965194,-0.2821981442333333,0.1182337241013735,0.2301649200806581,-0.0317502984739,-0.1266177465382024,0.2583811305779807,-0.0437996900503333,0.1659952601007034,0.0711734784195448,-0.0095531733425,-0.1459256673607639,0.0180675301453802,-0.1424069712133334,0.1995275936935906,-0.0569057596429785,-0.0491032362539999,-0.0874737686440323,0.0358637499995295,-0.3049129968,0.1979068645219302,-0.0778910570077493,-0.0521833961217333,-0.0481691257478222,0.0557562634593966,-0.3731063128,0.1835664240863535,-0.0764539130051835,-0.0719580118793333,-0.0271394936190019,0.1147095031022334,-0.3747170677666666,0.1997063307642358,-0.0768918035381374,-0.0568623523866666,-0.0743835845730352,0.0602092290389914,-0.40863809,0.0750412531896362,-0.1618634671353337,0.0510651388566666,-0.0730900044003257,-0.1679397005565883,-0.04800094777,0.094079344497905,-0.4949231199524379,0.0613468271433333,-0.0245741325079276,-0.4395528061175798,-0.0636385494933333,0.0684750815716573,-0.7464813777169793,0.2516968414333332,-0.0545199103672233,-0.7636764354512653,0.1019351155403333,0.0507604056790641,-0.7742868447503984,0.2764861544,-0.0545515459012122,-0.7919279913703205,0.0775625614916666,0.0979351481354791,-0.8028695235132044,0.2428226064666667,-0.0295301334215211,-0.8173638711399357,-0.0097590887073333,nijmegen_nijmegen_rennen_g_ch1_g11_compr.mp4,ch1g11,9.269400389777904e-05,0.0003347630150213,0.0001897946730076,0.0001783810891921,4.475017038302312e-05,0.0003351139472332,0.0001920703098904,9.272247080071844e-05,7.387364340384568e-05,3.563836287437204e-05,0.0001168174034867,5.932813930940184e-05,0.0002004395875959,0.0001900484927988,0.0001844478472298,5.585429223860009e-05,7.493410018780481e-05,0.0001312707490941,5.404683089137754e-05,0.0002008660099975,0.0003759567897825,0.0002078795951633,0.0002011641686659,0.0001675678405262,4.8857600706453794e-05,1.2458989669995205e-05,0.000179239776287,0.0001244194811904,8.755411265826817e-05,0.0001116988145981,1.252614741001747e-05,0.0001321276662901,0.0003913987268047,0.0004397582345505,7.285688077451873e-05,0.0010854245664598,0.0010239121417984,0.0010316219966261,0.0010118824723703,0.0010235490750226,0.0010353437745695,0.0010259088182604,0.0008339130465772,0.0007701481586364,0.0010435570418457,0.0010064891765618,0.0010600866026386,-1.0153218157150668e-06,0.0013977963477476,-0.0010673961075193,0.000321844470903,0.0021292079140987,0.0001959168891428,0.0030550155080446,-0.000194236160597,0.0035040202057116,0.0001349851121224,0.0025731390237622,4.86924462056944e-05,-6.246897343058199e-05,0.000112007841832,-0.0006004680520295,0.0006011158284267,0.000877087153678,0.0006110128668355,0.0009584122369684,0.0004901658532016,0.0007631313514694,-1.6901509426995248e-06,-1.4559499687129516e-05,1.7191724813105117e-06,-7.446266479205786e-06,6.643635389297414e-07,-1.8172482166315292e-05,1.6164949576369524e-06,2.0259114869224556e-06,2.7598423050188277e-06,-2.7217167034773694e-06,8.800414604515307e-06,1.878033234695939e-06,2.5016216263504393e-06,1.7996394113660354e-06,9.584104014872563e-06,5.036036480083264e-07,-6.342545767630907e-06,9.470307975307922e-06,1.8821534722196428e-06,2.440217509568034e-06,-2.814168991870325e-05,3.3366371063564028e-06,2.5884808168553823e-06,1.730077212362283e-06,1.0475779123799166e-06,9.457069019498586e-07,2.2173744289776735e-06,1.1912141835663288e-05,-2.461837659342932e-06,3.2339791455828695e-06,8.318754935674806e-07,-3.019292915783098e-07,-2.0848537498107635e-05,-1.4262672713346568e-06,-2.6322280466305333e-06,-1.4930407001846856e-06,-3.11462507889505e-06,1.6072521001465258e-06,-1.92530731830344e-06,-1.5722006381284538e-06,-1.214773898286694e-06,-8.989045309280197e-07,4.011551247800145e-07,1.3842383571589376e-05,-2.6592216780331405e-06,-1.4903671838156032e-06,-1.554610338862687e-06,-2.1685299102541285e-06,-1.950133450692173e-06,5.734351265733176e-07,1.5096253681280129e-05,-2.450750737565277e-06,-1.5171280028193136e-06,-3.712821896778998e-07,-1.5096362848688636e-06,-1.5380745303271869e-06,-1.534417625701942e-06,1.317734467943006e-06,-2.4072121183250226e-07,-1.4091603488204951e-06,1.1470557181681095e-05,-8.811217844376659e-07,1.8768064909171273e-05,-2.3219078125569573e-07,-1.3238440292254517e-06,-1.91423834742423e-06,1.2365505161595014e-05,movement,movement,no movement,no movement
3266.6666666666592,0.0135605183974507,0.2999183749135911,-0.300788751,0.025069280845363,0.3189071491230092,-0.2959863329666666,0.0267141187848728,0.3194796029763107,-0.2853661253999999,0.025569402098782,0.319344216571284,-0.2884209837333333,0.0062796672721111,0.327986330996187,-0.312800299,0.0077040895149807,0.3269787540663252,-0.3258111357333333,0.0120327169805821,0.3176858472022518,-0.3051953824666667,0.0548153924977122,0.3315160772090399,-0.1852657202666666,-0.0532486372345134,0.2940181490502683,-0.2101168264333333,0.0344277820241731,0.300750003726239,-0.2469910214666666,0.0071231580419298,0.2731165469636584,-0.2817341186,0.1176716040155164,0.2312362159813198,-0.0304066762779,-0.1251714010108738,0.2584009545529797,-0.0455730992836666,0.1630960361172635,0.0725878106212257,-0.0058257681991666,-0.1431456028052687,0.0170468188402878,-0.1446257397066667,0.1974136872091394,-0.0564971773438862,-0.044051459877,-0.0824306747162143,0.0376425743630977,-0.3042857964666666,0.1957862242505827,-0.0775243963073238,-0.0466390699884,-0.0424726175403585,0.0583623975095572,-0.3720485429666667,0.1820403822684156,-0.0764464364326664,-0.0664771773026666,-0.0219565830432835,0.1177363799976509,-0.3731613845333332,0.1978266005924285,-0.0766376956824548,-0.0517966407866666,-0.0695077111294263,0.0623971231409071,-0.329842061,0.0748441766851212,-0.1618103319408147,0.05148918294,-0.0728988008042249,-0.1680082170701569,-0.0483885942766666,0.0956157427374752,-0.4948684011539435,0.0615654254399999,-0.0246113462746594,-0.4401498675338846,-0.06234733282,0.069101343046211,-0.7458948974055678,0.2514639829666666,-0.0542918981119798,-0.762831570301589,0.1061839508266666,0.0512889444397064,-0.7736636465650603,0.2762890537666667,-0.0542782272470201,-0.7910066040295204,0.0821112563116666,0.0990714260545679,-0.8023797597388986,0.2431378956666667,-0.028985209908133,-0.816612594934832,-0.0041201462206666,nijmegen_nijmegen_rennen_g_ch1_g11_compr.mp4,ch1g11,8.939084585238454e-05,0.0003174794212175,0.0001892738096217,0.0001686929238953,4.515141114030962e-05,0.0003144862871958,0.0001913729786105,9.301370427915196e-05,7.724192611909424e-05,3.2859858149926775e-05,0.0001366313646609,5.9129347818630325e-05,0.0002007328355148,0.0001895576227869,0.0001945361064433,5.5388689264893424e-05,6.658843957011985e-05,0.0001526608576635,5.423756586581203e-05,0.000201086083933,0.000346323057916,0.0002090744263292,0.0002015731977432,0.000167309942694,4.953784089863853e-05,1.331379911457433e-05,0.0001796132268931,0.0001457827155574,8.414699778950356e-05,0.0001290733272021,1.3268633904518748e-05,0.000130330693313,0.0003683516701595,0.0004339900717002,7.345550511668355e-05,0.0010332972274728,0.0009736845430888,0.0009798719780449,0.0009595962068937,0.0009698800048586,0.0009734544572332,0.0009652545493868,0.000806095802509,0.0007288813190342,0.0009919833691614,0.0009552747045052,0.0010569835537578,6.947819596711005e-06,0.0015006966723773,-0.0010162645146768,0.0011707046896101,0.0015261482745916,0.0012248034042517,0.0022503741345587,0.0009623711261705,0.0026233718364503,0.001086674416908,0.001910152475824,5.6496503728239245e-05,-7.173816671187966e-05,7.30932038545513e-05,-0.0005522257089198,0.0005849739510692,0.0008924863393174,0.0006134484978892,0.0009717785824019,0.0004230443145254,0.0007891397131573,-2.8906949088323347e-06,-1.6846822346771202e-05,2.584432739363479e-07,-1.0295288718802412e-05,2.236191429122771e-06,-1.9672304484128903e-05,7.832627763256715e-08,6.790361241323506e-07,1.961276900391618e-06,-2.2234918018224556e-06,2.3662136113892877e-05,-1.1327507057187451e-06,9.833430317482845e-07,2.896437697806676e-07,7.4150123145597e-06,-1.7081346726113555e-06,-5.307693822113435e-06,2.5402370725272795e-05,-9.224404312715982e-07,8.857782549955489e-07,-2.7693699261297697e-05,1.7444851972274184e-06,1.028017589718384e-06,1.5054233878515786e-07,2.3237477365879457e-06,7.022588244896095e-07,6.87482498056368e-07,2.389931968751179e-05,-3.1968270133531205e-06,2.3860676507005863e-05,6.032750251157359e-07,-1.4795789119411288e-06,-2.224701831702678e-05,-9.82300377053563e-07,-1.93457404627542e-06,-1.0302046071397486e-06,-3.0807802517824173e-06,1.2452981781563823e-06,-8.916676346416503e-07,-1.1143816956108597e-06,-1.4210521571902864e-06,-1.0554014813450197e-06,4.495172606641277e-07,1.2203195503319464e-05,-2.5151837188498795e-06,-1.0971063061485912e-06,-1.0777878023431516e-06,-2.5506115030672816e-06,-1.897988319770378e-06,1.1820288041525332e-06,1.3150013119333229e-05,-2.3678932507601177e-06,-1.1222760116084409e-06,1.5606002382713135e-06,-1.1910161396531487e-06,-1.1618523792603356e-06,-1.1929084666869738e-06,1.0064476357940075e-06,-2.8388597296363834e-07,-1.2151769475999398e-06,9.671997914080167e-06,-6.980160886959885e-07,1.731605215002916e-05,-2.671687308434655e-07,-1.1637508380725994e-06,-6.882492246333748e-07,1.0643634078163588e-05,movement,movement,no movement,no movement
3283.3333333333258,0.0169296208898892,0.3008992604983463,-0.2999656575333334,0.0280971853317728,0.3198326220885104,-0.2951475893333333,0.0297144861486451,0.3204108636270648,-0.2845057273666666,0.0285712551166469,0.3202545437634901,-0.2875694161333333,0.0095187563541033,0.3289026532769778,-0.3124315638,0.01092914581458,0.3278911290005086,-0.3254457155666666,0.0152655361770026,0.3185922681971133,-0.3048159065,0.0560297910800401,0.3322827740589915,-0.1843993493666666,-0.0512198076022975,0.2946771703201923,-0.2116438377999999,0.0370430135558089,0.3016845401068729,-0.2461283748666667,0.0099873675735107,0.2740056724262161,-0.2815016048666666,0.1168627481163192,0.2322346259324676,-0.0291046950093333,-0.1237644408515354,0.2583910894728782,-0.0478027489803333,0.1600786837572758,0.0739631212254473,-0.0020369660491666,-0.1404824116566534,0.0159743463744936,-0.14654167364,0.1952559401619054,-0.0553699054380892,-0.0385090057126666,-0.0774635143020316,0.0386667889617789,-0.3019087751666667,0.1936178022560428,-0.0761963917242454,-0.0404091757484,-0.0368666689598684,0.0600788711291255,-0.3689501077666667,0.180502897613739,-0.0753306390678727,-0.0600639548893333,-0.0168570880053041,0.1198122229168106,-0.3695808987333333,0.1959258231526018,-0.0755421807341125,-0.0461446042733333,-0.0647038809097499,0.0637949630494196,-0.310552359,0.0746133798509718,-0.1617537787380065,0.05200551513,-0.0726694064612316,-0.1680810022490199,-0.0488995283966666,0.097153952508445,-0.4947990213701816,0.0617314817466666,-0.0246509754837918,-0.4406127472243553,-0.0616867313133333,0.0697040314612778,-0.7452930705179815,0.2507590413333332,-0.0540577068143762,-0.7619950805182294,0.1096984824633333,0.0517812275900611,-0.7730183478562738,0.2755397975333334,-0.0540045997441356,-0.7901025363858597,0.0859493312526666,0.1000802385089993,-0.8018604468446031,0.2430547501666667,-0.0284724277581191,-0.8158638586610767,0.001014485236,nijmegen_nijmegen_rennen_g_ch1_g11_compr.mp4,ch1g11,8.517421558763713e-05,0.0002997230618973,0.0001882243254477,0.0001593797518597,4.777453805178595e-05,0.000294291300092,0.0001900468587738,9.289669974129582e-05,7.946150944646669e-05,3.077237448997358e-05,0.0001711794599307,5.410954665210831e-05,0.0002005297831935,0.0001884914048727,0.0002024905216946,5.205767931413743e-05,6.091111778710372e-05,0.0001899304643762,4.9815646844096417e-05,0.0002007653964186,0.0003193874794181,0.000209576203548,0.0002014048691983,0.0001661588159901,5.21098936486741e-05,1.402848142250843e-05,0.0001791858402584,0.0001791652003537,8.12126822434676e-05,0.0001667726859921,1.3902477648820116e-05,0.0001278886780314,0.0003457923885699,0.000433979722487,7.209049650662602e-05,0.0009473850270199,0.0008953344638108,0.0008998488330332,0.0008797865863544,0.0008846183475083,0.0008810072579796,0.0008748263295502,0.0007610648320167,0.0006663009601894,0.000906789773741,0.0008699047525202,0.0010268332485788,9.15909932163748e-06,0.0015701618305728,-0.0009711914132422,0.0019693085968312,0.0008796814295924,0.0021933939377188,0.0013963069460076,0.0020852281516384,0.0017039617187369,0.0019949320825633,0.0012014726868292,6.05717473178796e-05,-7.673766126882496e-05,1.6966176223105227e-05,-0.0005087634634241,0.0005079232566392,0.0008502566851059,0.0005493254011627,0.0009233218389239,0.0002889812710336,0.00075092329459,-3.4964242798145244e-06,-1.8358392518241207e-05,-6.969089387053029e-07,-1.3404537424695789e-05,3.454786884123086e-06,-2.0004874099515185e-05,-9.4358136441489e-07,-8.431151783719519e-07,9.081999927089696e-07,-1.5603282710330375e-06,3.594911490208974e-05,-3.706398472179955e-06,-1.7956166293768193e-07,-7.05125145559899e-07,4.797539939915598e-06,-3.7017700875663375e-06,-3.5941291403844774e-06,3.8248202870760654e-05,-3.3695850869487034e-06,-2.971033204610559e-07,-2.5263751120544856e-05,4.4704370077565574e-07,-1.9073824337682977e-07,-9.432127217358706e-07,3.3745941643596932e-06,3.959479093308717e-07,-5.496195019134859e-07,3.333509970055257e-05,-3.7828930591775658e-06,4.1719133645161864e-05,3.208623830640236e-07,-2.4791721084388443e-06,-2.2251976183865175e-05,-5.050473277552846e-07,-9.87215437280829e-07,-6.934441384205934e-07,-2.9016829627295308e-06,7.058962994247505e-07,3.112371959281513e-07,-7.767790611252472e-07,-1.657560138200151e-06,-1.1372544301165252e-06,3.902551876797811e-07,9.299842470599385e-06,-1.8234505931245128e-06,-8.349477633165238e-07,-7.206504213595376e-07,-3.0681274603829232e-06,-1.5343311781374911e-06,1.565674603761554e-06,9.91503022104504e-06,-1.771738945903209e-06,-8.573921449995707e-07,3.4403060934468657e-06,-1.0073637139354868e-06,-9.074454498713922e-07,-9.207285143109112e-07,5.415213786576248e-07,-2.978906665774311e-07,-1.1163482921824575e-06,6.913358474521177e-06,-5.207995123866812e-07,1.3996840038171024e-05,-2.783767096876093e-07,-1.025857513036225e-06,7.115140289254555e-07,8.16102259806882e-06,movement,movement,no movement,no movement
3299.9999999999923,0.0203014974723141,0.3018329096290679,-0.2991485409333334,0.0311104047122667,0.3207201442211304,-0.2943203275333332,0.0327001871832692,0.3213060368437402,-0.2836425443333333,0.031560132658955,0.3211286501869591,-0.2867276415666666,0.0127556458588619,0.3297725522849742,-0.3122795958,0.0141539853431764,0.328751609025077,-0.3253067364,0.0184926426930582,0.3194441687660679,-0.3046555640333333,0.0571498341456912,0.3330420371150893,-0.1835402058,-0.0492061551217609,0.2953198270529815,-0.2136760020666666,0.0396418051640317,0.3025840351560654,-0.2451920783,0.0128385759071027,0.2748527812049311,-0.2814098142,0.1158773943844194,0.2332293502628901,-0.0276871584583333,-0.1224264942199021,0.2583824704974019,-0.0505532965203333,0.1568889778200822,0.0754791428388475,0.0016984538108333,-0.1381186590545428,0.0149409905637177,-0.1482783153133333,0.1927831816710463,-0.0531312534718288,-0.033430330293,-0.0725212295313954,0.0391536095143427,-0.2991554747,0.1910935393869292,-0.0735892848116121,-0.0347389303184,-0.0313238604104278,0.0610600003230405,-0.3654886683333334,0.1785701245507327,-0.0728363853896015,-0.0541216438693333,-0.0119295894269243,0.1210544772965809,-0.3656570534333332,0.1937159787358562,-0.0732369926467095,-0.04094897895,-0.0599925266509243,0.064597192177421,-0.283333629,0.0743759595237593,-0.161696168418367,0.0525763043566666,-0.0724322606216962,-0.1681552271535433,-0.0494823116933333,0.0986830145027698,-0.4947923164706203,0.0615979771533333,-0.0246326374280081,-0.4410514259562507,-0.06136056675,0.0703163601489091,-0.7447793856553223,0.2493337074999999,-0.0538004810403797,-0.7611456853041958,0.11268895452,0.0522678963902191,-0.7724504256691133,0.2740554640666667,-0.0537246978044051,-0.7891788971861685,0.0892251627746666,0.100920561415241,-0.8016809529313068,0.2422729786333333,-0.0278864086664256,-0.8151122746373929,0.0055533132493333,nijmegen_nijmegen_rennen_g_ch1_g11_compr.mp4,ch1g11,8.128797037638223e-05,0.0002806339802233,0.000187876937901,0.0001468782368797,5.097362493281606e-05,0.0002740733386317,0.0001893372624763,9.204877233302427e-05,7.980853938524627e-05,2.898342762749709e-05,0.0002161933581517,4.654226243064874e-05,0.0002007483080556,0.000188084103434,0.0002075054496342,4.608761306950899e-05,5.777905999343785e-05,0.000237325649439,4.2874338064413015e-05,0.0002008525714275,0.0002956596766485,0.0002101469703787,0.0002015593634746,0.0001651269176828,5.507278690040319e-05,1.4346133014065844e-05,0.0001785394200717,0.0002201353470805,7.774267498112381e-05,0.0002197695971901,1.417119414152922e-05,0.0001253760080278,0.0003232976497237,0.0004380031164125,6.979413099565604e-05,0.0008520481491339,0.0008090367363686,0.000811815520771,0.0007926184786434,0.0007881058593015,0.0007798646545152,0.0007764137090477,0.0007069820789495,0.0005989026573156,0.0008068890573869,0.0007729244409575,0.00097221207663,1.1320949098122888e-05,0.0016012197032337,-0.0009076690463073,0.0026929860422907,0.000245055954128,0.0030670588293011,0.0005533463518796,0.0031344225801807,0.0008083786740222,0.0028284419034167,0.0005040767200653,6.182393845280252e-05,-7.834874249428607e-05,-4.0945552872509095e-05,-0.0004674211907476,0.0003950162030822,0.0007635175510646,0.0004424876260646,0.0008279720106769,0.0001197654668783,0.0006591005357141,-3.5511979025389054e-06,-1.903385964424224e-05,-1.1046926898720709e-06,-1.624929674634183e-05,4.244792124270952e-06,-1.9112667412473302e-05,-1.4195883610518e-06,-2.479613991924833e-06,-3.961483996982467e-07,-1.0507807806166473e-06,4.3478693273965375e-05,-5.41778076262364e-06,-8.518894111990038e-07,-1.133846247227785e-06,1.5155432138611258e-06,-5.1904946451562315e-06,-1.2531967129431429e-06,4.5909066001778306e-05,-5.06890052653111e-06,-9.71673626488622e-07,-2.0799850531745557e-05,-4.193859474543633e-07,-9.294607831969104e-07,-1.5473919861061e-06,4.077038784687451e-06,8.545727634039181e-08,-1.4398026414976434e-06,3.849769348378037e-05,-4.075453520529582e-06,5.371449035043175e-05,3.4829139795377035e-08,-3.2878776965949757e-06,-2.0883169498723183e-05,-1.4504982000652665e-07,1.8502699525525877e-07,-6.168655358988671e-07,-2.3956836461373756e-06,6.547021828618824e-08,1.610273005394937e-06,-6.933320045079707e-07,-1.8520807393879048e-06,-1.1421990509016422e-06,2.499600402153822e-07,5.643110222174456e-06,-7.597164444287465e-07,-8.141936820531664e-07,-6.209277443600363e-07,-3.648268718144315e-06,-8.839696940780562e-07,1.6081817696416014e-06,6.000457129671256e-06,-8.135338701261185e-07,-8.342404463209849e-07,5.097971778743761e-06,-1.058713344131094e-06,-8.848136337194684e-07,-8.347031545951585e-07,-1.2616814105632313e-08,-2.762012784229542e-07,-1.185676794855441e-06,3.6549964100598074e-06,-3.381906153777105e-07,9.45062671189278e-06,-2.589994728671998e-07,-9.659422174768845e-07,2.19964390661992e-06,5.695822900923421e-06,movement,movement,no movement,no movement
3316.666666666659,0.0236694106599187,0.3027148794833591,-0.2983830911333334,0.0341322625381901,0.3215658060647235,-0.2934716815666666,0.035694844385343,0.3221589859732412,-0.2827661574,0.0345559214491884,0.3219598872807176,-0.2858673369333333,0.0159855591771869,0.3305911457015578,-0.3121306616666667,0.0173742293718023,0.3295585892083096,-0.3251907646333333,0.0217130451988184,0.3202472246352333,-0.3045115631666666,0.0582655900022017,0.3337507024023302,-0.1825041231,-0.0472080504400563,0.2959195304729002,-0.2155832751999999,0.0422379562262633,0.3034006029794698,-0.2442427824333333,0.0156774553719513,0.2756369490653183,-0.2813265852333333,0.1149154070267158,0.2341472692731664,-0.026145954205,-0.1211998502134601,0.2583666761675364,-0.0530052603966666,0.1538715933415759,0.0770551013639157,0.0046086269974999,-0.1360880175788558,0.0140236810320206,-0.1495275929,0.1899004635130828,-0.049873901736625,-0.031299123253,-0.0678661551133679,0.0391826993643712,-0.2964902897666666,0.187985367013508,-0.0698585130160533,-0.0325957324384,-0.0259648917771595,0.0613306745129477,-0.3622766147666666,0.1758150218561558,-0.0689465020981919,-0.0516428378126666,-0.0071921094894817,0.1215495842888664,-0.3620668212999999,0.1909558155104508,-0.0697880712360966,-0.03875330918,-0.0554843991864097,0.0648511588828467,-0.296587825,0.074143549920197,-0.1616359280314375,0.05315764075,-0.0722008976013063,-0.1682323545787689,-0.05007767095,0.1001908541707211,-0.4948169009734661,0.06143785238,-0.0245983367391119,-0.4415153939756827,-0.0610617942466666,0.0710924281359141,-0.7444157953527164,0.2482715557333332,-0.0535793733469969,-0.7603379248867513,0.1156971460699999,0.0529244140865158,-0.7720424976985352,0.2729980071333333,-0.0534909421062706,-0.7882967034688403,0.0925441466666666,0.1017324897559123,-0.8017161975511538,0.2418034286333333,-0.0273889814798556,-0.814366687359311,0.0100733487826666,nijmegen_nijmegen_rennen_g_ch1_g11_compr.mp4,ch1g11,7.785189807332355e-05,0.0002610845075509,0.0001868627946554,0.0001304001989437,5.556126281132907e-05,0.0002548399454175,0.0001879429393054,8.9238852470511e-05,7.84455932376449e-05,2.8380857271857735e-05,0.0002662449461937,3.9441973845389546e-05,0.0001998150865954,0.000187042073858,0.0002074604392623,3.943590597253808e-05,5.7792471924366486e-05,0.000289874464988,3.597890326128842e-05,0.0001997627971867,0.0002759127044858,0.0002095407796971,0.0002004600024175,0.0001635272558826,5.945236076966424e-05,1.4315634056883746e-05,0.0001767384678035,0.0002636742528892,7.35665078171324e-05,0.0002830511677531,1.4111272769355462e-05,0.0001216838635962,0.0003022460867195,0.0004446721010624,6.949147200176049e-05,0.0007478370372135,0.0007156443402826,0.0007168332410292,0.0006988573491072,0.0006804158165813,0.0006698757478535,0.0006692527210632,0.0006483124340482,0.0005231026142012,0.0006979081922532,0.000666290751344,0.0009025844540653,1.7660500930929004e-05,0.0016065131367435,-0.0008327904714343,0.0033601019593659,-0.0003814971598947,0.0038677102539129,-0.0002937449917651,0.0041259305694952,-8.632744320480597e-05,0.0036033935891891,-0.0001914914264441,6.153860579467673e-05,-7.79595967288183e-05,-0.0001031909379212,-0.0004467425506272,0.0002204343541627,0.000617996849635,0.0002663617655605,0.0006734961699164,-9.15954236778539e-05,0.0005138076406911,-3.319110786375954e-06,-1.8533429297525883e-05,-1.4410975320823248e-06,-1.843018526590864e-05,4.299670486246415e-06,-1.7021509905523297e-05,-1.8288033727338504e-06,-4.208531436808378e-06,-1.6375040471449402e-06,-8.005107195853327e-07,4.595169983270642e-05,-5.886973160034786e-06,-1.471030718543108e-06,-1.4693332841441808e-06,-2.3312359281656637e-06,-5.818194907273437e-06,8.89784059326831e-07,4.838819626328546e-05,-5.637867517352655e-06,-1.5925909151531804e-06,-1.4895899946607989e-05,-1.3015664533347456e-06,-1.6180090444552103e-06,-2.050500195210114e-06,4.0963304313532365e-06,-1.9570144145584346e-07,-2.399629714096987e-06,3.9368039082259584e-05,-4.239928040829932e-06,5.921032688662692e-05,-2.2752446676966675e-07,-4.130054281814374e-06,-1.821775809419213e-05,1.16790119921234e-08,1.4392267712758373e-06,-8.129783841348268e-07,-1.5004815067050928e-06,-6.451176638210119e-07,2.826133300025434e-06,-8.780504594039197e-07,-1.9227595237655487e-06,-1.0627732606967771e-06,4.173690376457351e-08,1.837508900283695e-06,3.797163775817614e-07,-1.0320561596957886e-06,-7.968842120389895e-07,-4.113655107237407e-06,-1.1296554906522807e-07,1.2418602531832245e-06,2.025216156807217e-06,2.45908036567388e-07,-1.0496008197464596e-06,6.298329354366989e-06,-1.34281189731972e-06,-1.090837528322964e-06,-9.664515478975784e-07,-6.443283124173455e-07,-2.242648548004443e-07,-1.4193185332250138e-06,4.350692797207921e-07,-1.6439583693123813e-07,4.401005494483811e-06,-2.1331882250112335e-07,-9.751463162332317e-07,3.566042266864928e-06,4.629715117647978e-06,movement,movement,no movement,no movement
3333.3333333333253,0.027030578751484,0.3034981616680006,-0.2958732190000001,0.0371484794629762,0.3223303300678921,-0.2908570125666666,0.0386954798048037,0.3229280680167427,-0.2801413049333334,0.0375601921740444,0.3227097544135449,-0.2832641607,0.0192175042969827,0.3313284037336378,-0.3102288920333333,0.0205985023330442,0.3302779837654069,-0.3233017672666667,0.024935593459129,0.3209646784384372,-0.3026237543333333,0.0592849255686823,0.3344665841932234,-0.1797983424333333,-0.045265921564645,0.2965130248280671,-0.2158347824666666,0.0448221233223786,0.3041289654798866,-0.2415775080666666,0.0185085859279663,0.2763332653206769,-0.2795100323666666,0.11386098282095,0.2350557133480641,-0.023096611495,-0.1200087973367992,0.2584288279313759,-0.0543131341966666,0.150876962886523,0.0786659053333636,0.0076194330641666,-0.1342613598760062,0.0132659990465948,-0.1493368704666667,0.186675440765322,-0.0459027785049083,-0.0294125320763333,-0.0635824019309038,0.0385578386383437,-0.2912868981666665,0.1844993388546255,-0.0653258939769847,-0.0307152508584,-0.0209641911759779,0.0606791317487276,-0.3562557817333333,0.1726667607937523,-0.0640413785309371,-0.0494817382859999,-0.0027266507699719,0.1210397089089756,-0.3558611820666666,0.1878389385489929,-0.0654775862496871,-0.0368418335433333,-0.0513213933929925,0.0643908269393228,-0.292042494,0.0739123792132347,-0.1615781328215318,0.0537682130066666,-0.0719690059040239,-0.1683059594842273,-0.0507162007333333,0.1016658236997583,-0.4950362502124752,0.0608281918566666,-0.0245343405879816,-0.4420426304781454,-0.0610179577333333,0.0720709237825266,-0.7443908668254626,0.2461852287666666,-0.0534528352652107,-0.7598283058750533,0.1177382712333333,0.0537917036927135,-0.7719820299061421,0.2707948346666666,-0.0533940105490767,-0.7877372680824096,0.0947802124299999,0.1024638150336367,-0.8020997978289504,0.2402108854333333,-0.0270248742016612,-0.813969325690938,0.0133495583793333,nijmegen_nijmegen_rennen_g_ch1_g11_compr.mp4,ch1g11,7.528243184321675e-05,0.0002428753517925,0.0001854165716215,0.0001104962647554,6.08182391504136e-05,0.0002388851854633,0.000186159396053,8.526544476222103e-05,7.595418617566951e-05,2.8297056587192472e-05,0.0003137156900399,3.388141193735834e-05,0.0001979793524478,0.0001856353905587,0.0002015779674208,3.3701135372970146e-05,6.168960392556482e-05,0.0003394327300457,3.044548075494069e-05,0.0001977638527773,0.0002639720169196,0.0002077777544366,0.0001983708958488,0.0001614021217764,6.42367260051246e-05,1.390374620506653e-05,0.0001737660641197,0.0003031433981751,6.899713984238374e-05,0.0003461559942197,1.3685388684021833e-05,0.0001172638347887,0.0002853984303508,0.0004513617815455,7.10864562786535e-05,0.0006592359520481,0.000635476096919,0.0006349958643054,0.0006178832040845,0.0005862374409165,0.0005758887557693,0.0005787964091084,0.0005910642005305,0.0004644679032778,0.0005984035429166,0.0005747329693772,0.0008190759766418,4.6375138142789826e-05,0.0015841682075804,-0.000726979055662,0.0040088201939945,-0.0009705165876164,0.0046396276520752,-0.0011119148629851,0.0050876219935563,-0.0009585302847205,0.0043539711982731,-0.000856751834674,6.008103197944976e-05,-7.606349010296516e-05,-0.0001443933720498,-0.0004390760621036,2.2437955669633837e-05,0.0004424956619234,5.80349822890752e-05,0.0004879475121975,-0.0003288242321433,0.0003337767698451,-3.0570653892918114e-06,-1.6671116122178313e-05,-2.0778220248653535e-06,-1.9881408382817e-05,3.513543180151768e-06,-1.3686547071228133e-05,-2.526754392765132e-06,-6.180761127307791e-06,-2.881804308029359e-06,-9.128262133396908e-07,4.427403976452559e-05,-4.755332458088298e-06,-2.330711984480098e-06,-2.081794685123046e-06,-6.739051825250174e-06,-5.331880884947847e-06,2.370268409004787e-06,4.67844980829269e-05,-4.7163229142067505e-06,-2.4598987888289863e-06,-7.983585045772564e-06,-2.4509022379510957e-06,-2.5383791167161403e-06,-2.7865659107026324e-06,3.290366949195476e-06,-4.140725692750727e-07,-3.676540816456162e-06,3.683316177048107e-05,-4.388901075652464e-06,5.9221939509010995e-05,-4.370472914350711e-07,-5.130170029623706e-06,-1.4185519783852352e-05,-6.932966883114144e-08,2.634807530324737e-06,-1.283093767404282e-06,-2.3376997104967767e-07,-1.2915382515164629e-06,3.8037733643387414e-06,-1.3331543447580172e-06,-1.8378567392789128e-06,-9.266927213989984e-07,-1.802928393961481e-07,-1.4961814209846749e-06,1.3602901529282098e-06,-1.488763918964428e-06,-1.2538582012023065e-06,-4.329124355399009e-06,6.295082699391466e-07,5.409427591042155e-07,-1.369005161949105e-06,1.1783146311171477e-06,-1.5044882987443174e-06,6.829285487665137e-06,-1.8413115335823545e-06,-1.5278384603475683e-06,-1.3131281223028786e-06,-1.2293943876786997e-06,-1.4865609674042377e-07,-1.7961375494852294e-06,-2.2216480858627004e-06,-1.2829956233518117e-08,-2.755752804352935e-07,-1.4615416835646413e-07,-1.0634476108359417e-06,4.613008319759108e-06,5.5384020279451355e-06,movement,movement,no movement,no movement
3349.999999999992,0.0303383897868941,0.3040418730097162,-0.2942479563,0.0401085778542842,0.3228368248010912,-0.2890002881,0.0416538240140808,0.3234251239927742,-0.2782827208333334,0.0405149359526171,0.3231903016643196,-0.2814167942,0.0223817785453348,0.3317808471425274,-0.3089517452999999,0.0237589093350049,0.3307292675659742,-0.3220723777666666,0.028089187772553,0.3214298330479564,-0.3013658119,0.0603739064421382,0.3349073106947128,-0.1773438177,-0.0434728466258536,0.296921081189869,-0.2158485252999999,0.0473683838036716,0.3046003752468554,-0.2396519849666666,0.0212476588222345,0.2768198586961692,-0.2783524813333333,0.1128996547628122,0.2358194842368707,-0.0199997853133333,-0.1189540319511717,0.2584891294420833,-0.05496101396,0.1480294527007072,0.0802552449911551,0.0091732201708333,-0.1327743647593398,0.0126526700286673,-0.1487697754666667,0.1835009849382793,-0.0414117088735659,-0.031262343363,-0.0599802551586141,0.0373985801401115,-0.2874926134999999,0.1810208954714897,-0.0601511054842037,-0.0332274095450666,-0.0166972626374035,0.0592201624008148,-0.3521605373000001,0.169462818371506,-0.0582985750414568,-0.0516860385193333,0.0014043188143886,0.1197309932776276,-0.3517714411666666,0.184739488852714,-0.0606148436007708,-0.03874125078,-0.0476711783163685,0.0632681678106635,-0.280421793,0.0737068894988897,-0.1615173804850234,0.0543876083333333,-0.0717664565337342,-0.1683822559565927,-0.0513576189833333,0.1030459760809082,-0.4951905324694953,0.0602861267266666,-0.0244003306037055,-0.4424766902467053,-0.06072899417,0.0733008270646665,-0.744340557129063,0.2450274393333333,-0.053319053728386,-0.7593600352168879,0.1199434088899999,0.0549718807004359,-0.7718991323685803,0.2696285555333333,-0.0532901715633822,-0.7872151298631529,0.0972301124666666,0.1034512605206546,-0.8024232710523442,0.2393504591,-0.0266540337634754,-0.8136520813060358,0.016272758286,nijmegen_nijmegen_rennen_g_ch1_g11_compr.mp4,ch1g11,7.269994438513101e-05,0.0002284086716649,0.0001822438907884,9.020625271550866e-05,6.483307044773671e-05,0.0002279656358603,0.000182625579244,7.887267742921704e-05,7.200331429068418e-05,2.8147904089045117e-05,0.0003548822176122,3.0342116114751212e-05,0.0001942282998979,0.0001825694094182,0.0001908660614108,2.863879011558163e-05,6.613202001212939e-05,0.0003823172376029,2.6696539281154705e-05,0.0001938018670897,0.0002602504695058,0.0002035364110277,0.0001943746454672,0.0001575022790591,6.802027941652544e-05,1.3342386075662547e-05,0.0001685291212273,0.000335822734611,6.471653291425921e-05,0.0004038856916888,1.3107288866355078e-05,0.000112028215029,0.0002746744916749,0.0004577274863943,7.307163349407505e-05,0.0005753683854054,0.0005572220917715,0.0005564764959645,0.0005401026148865,0.0004999601266473,0.0004900282857771,0.0004961012587744,0.0005265321799285,0.0004170663485835,0.0005008642334423,0.0004884299365636,0.0007097408170115,9.212708026705272e-05,0.0015192696981438,-0.0005919410982568,0.0046644491594057,-0.00152952814935,0.005427265182641,-0.0019096886670226,0.0060504240633604,-0.0018202830682634,0.0051105989649224,-0.0014951888876118,5.8084991916554205e-05,-7.356840689769407e-05,-0.0001820780117408,-0.0004358039078553,-0.0001812026519565,0.0002680256378973,-0.0001562162781743,0.0003046219477655,-0.0005512915387229,0.0001591437701651,-3.0024651396023704e-06,-1.323392683538055e-05,-3.2399830880741793e-06,-1.9748466449534337e-05,1.7233177270172794e-06,-9.25720566703694e-06,-3.7333895835027248e-06,-8.02091375133867e-06,-3.697726908692355e-06,-1.1866568809546223e-06,3.9948029235745746e-05,-2.5089982571608015e-06,-3.655448835810103e-06,-3.208923854814879e-06,-1.131801069995134e-05,-4.148497657044033e-06,2.6560459097336077e-06,4.254184235622661e-05,-2.741513941377959e-06,-3.7992987261488466e-06,-7.524073704194114e-07,-4.135219110151877e-06,-3.895911948122517e-06,-3.971277693989832e-06,1.5924707557787554e-06,-5.280241611955825e-07,-5.363171167066923e-06,3.229896967754147e-05,-4.355707067368057e-06,5.50592141619015e-05,-5.580450444018388e-07,-6.117921949236202e-06,-8.809621022691572e-06,-3.257061191304732e-07,3.600731159370343e-06,-1.92773818360691e-06,1.2500369375740954e-06,-1.7514425525870307e-06,4.412418214690325e-06,-1.956479261107648e-06,-1.5474332633482547e-06,-7.190602420343398e-07,-3.454040420036378e-07,-3.974024259298649e-06,2.020005354091345e-06,-2.1001418806805574e-06,-1.8946831395335232e-06,-4.199623316323813e-06,1.2638966286889164e-06,-2.727766081513626e-07,-3.8219507057763135e-06,1.8291784895833183e-06,-2.112282595513488e-06,6.652116489630734e-06,-2.4511594403010048e-06,-2.1150737186085377e-06,-1.7861958566857409e-06,-1.6692201295889207e-06,-6.596712798788675e-08,-2.2255070573684896e-06,-4.01411585101673e-06,9.972251909596036e-08,-4.0471148884966505e-06,-7.193037290093329e-08,-1.19535673313064e-06,5.198571347094401e-06,6.948224182606265e-06,movement,movement,no movement,no movement
3366.6666666666583,0.0336443763275059,0.3044417812098899,-0.2918811631333334,0.0430557107204241,0.3232276876752378,-0.2864087715333333,0.0446083952612508,0.3238125004196746,-0.2757039805333334,0.0434682114122598,0.3235662035225999,-0.2788555349333333,0.0255393836829376,0.3321109804983985,-0.3070158122666666,0.0269158272274449,0.3310490239062496,-0.3201633403333333,0.0312379622065325,0.321754842077833,-0.299453376,0.0614513370516622,0.3353672883127044,-0.1743567332333333,-0.0417264985668511,0.2972435930946772,-0.2154645382666666,0.0499200938359537,0.3049434551550466,-0.2370316013666666,0.023968264029494,0.2771500562338437,-0.2765136204333333,0.1119721509292934,0.2364775467842028,-0.0166365996803333,-0.1178877973822302,0.2586051761077994,-0.0554498368666666,0.1453587158543366,0.081821881634009,0.0109889963875,-0.1314092439277593,0.0121790261052753,-0.1477690775666666,0.1804467975808589,-0.0364923558111098,-0.0323750542963333,-0.0569290638376003,0.0355774969196223,-0.2822614967999999,0.1776875853452979,-0.0544821247803921,-0.0347658702450666,-0.0130810890126336,0.0568049350534423,-0.3462693075666667,0.1664234747407441,-0.0518653878466078,-0.0529181142193333,0.0049357993858221,0.1173449450935159,-0.3460417827333333,0.1817564269743959,-0.0551755980000364,-0.0398870962133333,-0.0445940875857639,0.0614242120623672,-0.278847247,0.0735014390834716,-0.161462031699323,0.0550810611866666,-0.0715628637424134,-0.1684525138450227,-0.05208809104,0.104305888368857,-0.4954016018416182,0.0597213631533333,-0.0241520350675998,-0.4428524221778617,-0.0607951702266666,0.0743827298202699,-0.7446469076194402,0.2433569481333333,-0.0533614086729783,-0.7591603255544697,0.12099273774,0.0560056723039995,-0.7721781049563509,0.2678369019999999,-0.0534097832741984,-0.7869964291807142,0.0984165277633333,0.1044828023172667,-0.8030125135287411,0.237721489,-0.0262904344080316,-0.8136378145804174,0.0179468241493333,nijmegen_nijmegen_rennen_g_ch1_g11_compr.mp4,ch1g11,6.99580936346066e-05,0.0002172202575577,0.0001778210432598,6.92025156415235e-05,6.614127301631073e-05,0.0002212396051585,0.0001777307973835,6.978755768924717e-05,6.721176473793294e-05,2.7044117342771243e-05,0.0003900962095101,2.9483807211100864e-05,0.000189046599423,0.000178218384728,0.0001755908551948,2.523318190227421e-05,6.901946955781052e-05,0.0004195113679036,2.5549588158232345e-05,0.0001885256534523,0.0002628464908255,0.0001977076313466,0.0001890341986204,0.0001524662151548,6.952823466859178e-05,1.274651878103462e-05,0.0001617312616806,0.0003632530516967,6.084942949570992e-05,0.0004546668933553,1.2482671710016002e-05,0.0001057113150887,0.0002685670442872,0.0004634204963741,7.407399591750167e-05,0.0004999904632634,0.0004853842142081,0.0004849915704508,0.0004697332260259,0.0004246101823252,0.0004142737158376,0.0004225837816966,0.0004709282993262,0.0003839003083514,0.0004124486157553,0.0004098188287438,0.0005845124123211,0.0001510561051826,0.0014014276829552,-0.00043848257868,0.0052407181132843,-0.0020513145439085,0.0061437671370772,-0.0026605007733884,0.0069212974374593,-0.002640910202332,0.005779955623944,-0.0020957517581117,5.638521105403432e-05,-7.119446594238759e-05,-0.00021956888307,-0.0004187366003454,-0.0003791373706515,0.000117566106582,-0.0003610883738572,0.0001466331367596,-0.0007366090247606,-5.75086238311226e-06,-3.442171957340918e-06,-8.835903618133624e-06,-5.282498937859623e-06,-1.799680021014109e-05,-3.579471016518832e-07,-4.238018800378784e-06,-5.790357792066041e-06,-9.632920013710084e-06,-4.2286709196090615e-06,-1.6443667045865498e-06,3.4227346438879994e-05,5.967768875728191e-07,-5.801433297773311e-06,-5.206696903047096e-06,-1.5664258615233095e-05,-2.3920736488078556e-06,1.7660419337914662e-06,3.7183161538690146e-05,1.0853091813563389e-07,-5.96484007425369e-06,6.066690533944138e-06,-6.655505437199304e-06,-6.053174585417825e-06,-5.896303239751723e-06,-3.903351689286415e-07,-5.544800344308022e-07,-7.687191280363278e-06,2.704071439249107e-05,-4.282621182943111e-06,4.841695769750238e-05,-5.999353520629639e-07,-7.319474813782033e-06,-2.9332530463900287e-06,-6.695610715399483e-07,4.256722142431868e-06,-2.634679935799538e-06,2.86227424177732e-06,-1.9007041367491033e-06,4.625317166322107e-06,-2.6330246891693296e-06,-1.049993523721797e-06,-4.651705984139545e-07,-3.820513363977269e-07,-5.445474097557961e-06,2.2646625001742732e-06,-2.7653098589981178e-06,-2.605131390863818e-06,-3.672699649689611e-06,1.6874392216371005e-06,-9.453831188793724e-07,-5.232121091663675e-06,2.097206308553977e-06,-2.775832247043308e-06,5.871206985507937e-06,-3.0781764116368833e-06,-2.7551483172668348e-06,-2.2965736551144286e-06,-1.8509413964384136e-06,9.428455729173929e-09,-2.624295568832129e-06,-4.901236127330234e-06,1.8757252232551825e-07,-6.57254161141646e-06,-3.111472272793755e-09,-1.3006307985957568e-06,5.319101614391744e-06,7.98893832281167e-06,movement,movement,no movement,no movement
3383.333333333325,0.0369115014572824,0.3048293848138619,-0.2907790106666668,0.0459790345899073,0.3236135600827707,-0.2850795383,0.047544034726769,0.3241945003501646,-0.2743809034666667,0.046400049934172,0.3239366679338503,-0.2775488541,0.0286647232250558,0.3324148437505774,-0.3063480266333333,0.0300449931290528,0.3313439554209371,-0.3195418397,0.0343562910161684,0.3220587316765869,-0.2988038582,0.0625234452056332,0.3357990658989566,-0.1725552856666666,-0.0400387247713415,0.2975194117433391,-0.2161910443666666,0.0524374758167366,0.3052516410682511,-0.2356179371666666,0.0266323624724074,0.2774436494585103,-0.2759100985666667,0.1110803697098781,0.2370205832503898,-0.0143214000503333,-0.1168783910776545,0.2587500031479467,-0.0566807023233333,0.1429189328362193,0.0832533118515318,0.0114989532408333,-0.1303479768757421,0.011759240877932,-0.1469113836,0.1775203265163277,-0.0311619321536336,-0.036390909033,-0.0543997688499814,0.0331248389323324,-0.2776003862666666,0.174546296348878,-0.0482077016352452,-0.0396455055784,-0.0100053059401519,0.0536154425124598,-0.3411143184,0.1635520533534448,-0.0446863790962864,-0.0574564637693333,0.0081192680254509,0.1142004980430615,-0.3410179377,0.1789033719115953,-0.0492586355991953,-0.0440054699399999,-0.0419556827978417,0.0588970170735275,-0.268815696,0.0733082912012687,-0.1614062758769892,0.05579204203,-0.0713710053731656,-0.1685220990849001,-0.05283477494,0.1053855051006342,-0.4955924645229801,0.0593578742833333,-0.0239254973036755,-0.443244611798142,-0.06079876091,0.0754360519880179,-0.7451962289036864,0.2417586357,-0.0535296307095337,-0.759216697835292,0.1222230910999999,0.0570031228835572,-0.77271793006778,0.2660919784999999,-0.053644024572299,-0.7870359882041174,0.0998193970799999,0.1055278143582309,-0.8038271200788545,0.2360356769,-0.0260445705199556,-0.8138198500544627,0.0196560712793333,nijmegen_nijmegen_rennen_g_ch1_g11_compr.mp4,ch1g11,6.6514949228121e-05,0.0002104089509989,0.0001712703235008,4.966371921665638e-05,6.508733378071063e-05,0.000219796192263,0.0001707331289108,5.883971950389916e-05,6.247250119343672e-05,2.5260772022766925e-05,0.0004173831543678,3.18576298060165e-05,0.0001816620865421,0.000171594940333,0.0001596611986882,2.4217370954538543e-05,7.138368680281765e-05,0.0004498264779205,2.7322645137706894e-05,0.0001812084091801,0.0002729600474971,0.0001897695697579,0.0001816154530463,0.0001461347449323,6.85392302337992e-05,1.2017781164320704e-05,0.0001539526074227,0.000384344944479,5.599151519248029e-05,0.0004947446841506,1.1705952378626626e-05,9.769447232526342e-05,0.000268578955291,0.000468989494957,7.378450391757604e-05,0.0004329454597042,0.0004196459505723,0.0004199028209399,0.0004062775787422,0.0003586832654124,0.0003474377140134,0.0003571811402874,0.0004201311827815,0.0003560529813504,0.0003323994169082,0.0003392654442114,0.0004434565804317,0.0002111485253323,0.0012279218953883,-0.0002929374828464,0.0056855297307934,-0.002520103555686,0.0067460896206007,-0.0033349754286352,0.0076507518753637,-0.0033886447024616,0.0063101846277086,-0.0026387464958195,5.5108432826117715e-05,-6.934030974812889e-05,-0.0002564137131039,-0.0004020264477645,-0.0005580323602407,6.031154427774692e-06,-0.0005440131012428,3.161410836612435e-05,-0.0008884105723924,-0.0001407918693884,-4.367065234972054e-06,-4.122879100168963e-06,-8.228126694782103e-06,-1.4391613617799886e-05,-2.6524282591836807e-06,5.933745598328127e-07,-8.727401726678407e-06,-1.0675926511662986e-05,-4.431058430983009e-06,-2.16004606539922e-06,2.8392723599479447e-05,3.658238955660986e-06,-8.800238329605876e-06,-8.120646148399014e-06,-1.9122932655171203e-05,-2.743467598189766e-07,-1.492384352483959e-07,3.180845721649793e-05,2.9988448052604315e-06,-8.980256575801099e-06,1.1557689564492708e-05,-9.971771011232876e-06,-9.032000569071304e-06,-8.47459893349343e-06,-2.612781698270971e-06,-5.026280936171862e-07,-1.0500604108688168e-05,2.2111104994095543e-05,-4.039873425886142e-06,4.085462404578637e-05,-5.667965518868584e-07,-8.623621168359208e-06,2.5960972001566588e-06,-9.773669071927033e-07,4.512952131720938e-06,-3.211228405971721e-06,4.377623100854705e-06,-1.6657158156799731e-06,4.402975506949237e-06,-3.174303511094721e-06,-4.09791905140781e-07,-2.0216625600569438e-07,-2.622523982654236e-07,-5.851796751002119e-06,2.0850313673236876e-06,-3.3054200232817173e-06,-3.189683012382488e-06,-2.862955826855059e-06,1.8485771439277096e-06,-1.3010543037939687e-06,-5.590177873852051e-06,1.9739772981763303e-06,-3.3144867987477187e-06,4.55620095074614e-06,-3.551813018200123e-06,-3.270998827580621e-06,-2.6988994934994736e-06,-1.689228580127948e-06,6.903935477599134e-08,-2.8761197667794793e-06,-4.901305490563232e-06,3.085729926128132e-07,-7.669010643584842e-06,5.3228070698383186e-08,-1.274280358444616e-06,4.931126500309308e-06,8.470515482229517e-06,movement,movement,no movement,no movement
3399.9999999999914,0.0400437145943697,0.305266112932611,-0.2892260484000001,0.0487963896651757,0.3240489104192532,-0.2832881961999999,0.0503820991158553,0.3246311823762158,-0.2725993216,0.049231470399172,0.3243597202745834,-0.2757794723666667,0.0316735047762984,0.3327806793392392,-0.3052006202666666,0.0330605748169259,0.3317001794255271,-0.3184257367666667,0.0373606977517658,0.3224255960796722,-0.2976747286666666,0.0635606809638382,0.3362436804534514,-0.1703120852,-0.0384846354942937,0.297893746311808,-0.2164138281666666,0.0548434029647949,0.3055846271174858,-0.2337788974333332,0.0291481514268624,0.2777817285161126,-0.2748475609999999,0.1101966784631667,0.237425890620494,-0.011760465927,-0.1160004940890313,0.259025688489567,-0.0574241607433333,0.1406417156426803,0.084468339338205,0.0124240054075,-0.1295257423017305,0.0115291220206953,-0.1452523205999999,0.1746905073652278,-0.0252898549600373,-0.0397465664996666,-0.0523399179842763,0.0303827527714394,-0.2718080565333333,0.1714685620023761,-0.0411886264160095,-0.0438254842084,-0.0074432129960542,0.0500214798369799,-0.3347158094333334,0.1607577961133873,-0.0367422334949488,-0.0612424514626666,0.0108344113750539,0.1105278483385917,-0.3348615537333334,0.1761245686776673,-0.0427462879185656,-0.0474321849233333,-0.0397634659410027,0.0560155972714679,-0.275513917,0.0731284925624913,-0.1613518031242987,0.0565036462366666,-0.071190044795195,-0.1685905075523797,-0.05358466855,0.106261007831823,-0.4958669078749015,0.0590232041366666,-0.0237020399072917,-0.4436337717556114,-0.0608582959433333,0.0764321890913888,-0.7458450436650947,0.2405204585,-0.0539798877006685,-0.7593252712149084,0.1234480716333333,0.057957336413649,-0.7733562081599759,0.2647579361666666,-0.0541998408921041,-0.7871253565599298,0.1012235210733333,0.1064302767083883,-0.8047457962908022,0.2349993225,-0.0261686833857008,-0.814024415688924,0.0213950828593333,nijmegen_nijmegen_rennen_g_ch1_g11_compr.mp4,ch1g11,6.215836228378596e-05,0.0002079871597061,0.0001636114893976,3.6052632419940526e-05,6.172889279733354e-05,0.0002229493219957,0.000162528272286,4.6841912801673366e-05,5.852338380783394e-05,2.2855219120331326e-05,0.0004387337131166,3.7268273836228435e-05,0.0001736708737098,0.0001639547103341,0.0001405512597408,2.5307357633975684e-05,7.120282979571763e-05,0.0004748497585546,3.1998249861921376e-05,0.0001730881811368,0.0002884248419276,0.0001805954458793,0.0001733054372626,0.0001381855537445,6.521021186844225e-05,1.1546362771170669e-05,0.0001439669819788,0.0004008533891164,5.1905884280486494e-05,0.0005258226921845,1.114962149083728e-05,8.849850453907074e-05,0.0002743598225165,0.0004743380093224,7.263786702645581e-05,0.0003763989872824,0.0003643112994244,0.000366353546233,0.0003543532173759,0.0003087740008626,0.0002948988114408,0.0003041057170927,0.0003860899412324,0.0003447023019212,0.0002675332145247,0.0002808933114759,0.0003062485041851,0.0002861569518863,0.0010237190393982,-0.0001388880199619,0.0060464904252139,-0.0029138841715729,0.0072550794975224,-0.0039236196132188,0.0082385842750802,-0.0040688378415041,0.0067454505124751,-0.003112633761969,5.047121521484839e-05,-6.40647241608194e-05,-0.0002837350105135,-0.0003697142197,-0.0006857604966977,-5.640319155997278e-05,-0.0006698336589889,-3.1875536371488845e-05,-0.0009802330552083,-0.0002392930973488,-5.687788975303357e-06,6.045528120687207e-07,-1.2003800843810062e-05,-9.315304467400747e-06,-4.5788416812891e-06,4.9462126196551236e-06,-1.2458771813774608e-05,-1.0895676261463512e-05,-4.358977079956038e-06,-2.5107242037685792e-06,2.30928317259875e-05,5.717540369247809e-06,-1.263873808966703e-05,-1.1881569733220124e-05,-2.1600748801705713e-05,1.866774802442886e-06,-2.2363779373699084e-06,2.691898851425365e-05,5.02318751376942e-06,-1.2828618995997388e-05,1.5578422856727256e-05,-1.4054865151655289e-05,-1.28133309543337e-05,-1.162531070633127e-05,-4.5594119034222e-06,-3.769629796543873e-07,-1.3731565231667836e-05,1.79808181100702e-05,-3.7523350308730943e-06,3.337119574795792e-05,-4.600641087997229e-07,-9.985989403055328e-06,7.484528841907909e-06,-1.1390239031822423e-06,4.381188726005171e-06,-3.499351093608499e-06,5.506425906110675e-06,-1.0653339301475657e-06,3.825609741312664e-06,-3.4213433173848906e-06,3.098644724513671e-07,3.79788606782215e-08,4.0133599611833744e-08,-5.424115788767845e-06,1.5937974091644226e-06,-3.585257424480085e-06,-3.497166104750734e-06,-1.7205049568297593e-06,1.814873522788097e-06,-1.2027074274767858e-06,-5.161336018805031e-06,1.553216803607434e-06,-3.5806685478134534e-06,2.954900653518759e-06,-3.717562497634898e-06,-3.518112194470466e-06,-2.822839563023065e-06,-1.1899250175390052e-06,9.527882942026039e-08,-2.7996613653785704e-06,-4.265702212098917e-06,4.211044315146494e-07,-7.5546143335466995e-06,8.070466032652866e-08,-1.065747220741755e-06,4.13614252018951e-06,8.406657693824756e-06,movement,movement,no movement,no movement
3416.666666666658,0.042989414038364,0.3056528029400957,-0.2873150321000001,0.0514736367861408,0.3244129978270487,-0.2811162933666666,0.0530869524460325,0.3250001965935438,-0.2704491069,0.0519281236892712,0.3247164809318423,-0.2736450847,0.0345240276543063,0.3330997542035338,-0.303666657,0.0359233179793338,0.3320039027425951,-0.3169106324,0.0402089735596625,0.3227389359242471,-0.2961630962333333,0.0645677593689989,0.3365832265237016,-0.1677043745333333,-0.0370653280677964,0.2982476707354086,-0.2161919369666666,0.0571089071962368,0.3058408071561505,-0.2315919712333333,0.0314819592215377,0.2780608624421338,-0.273402063,0.10932662328129,0.2376051919055293,-0.0089923882136666,-0.1152154539471213,0.2593385526320924,-0.05787305624,0.1386607011722661,0.0852650733549745,0.0131272390641666,-0.1290489040908589,0.0114341964431192,-0.1430909454,0.1720750913669698,-0.0192374235767124,-0.0436061254429999,-0.0506460385136091,0.0272876794235467,-0.2653866027999998,0.1686453494897117,-0.0338627217593548,-0.0485619965017333,-0.0052348481797646,0.0458998955406003,-0.3275832747666667,0.1582564543503047,-0.0284575298083311,-0.0654987053926666,0.0132836694169242,0.1062453544340403,-0.3280094176666667,0.1735856168473108,-0.0359919893354522,-0.0513339166466666,-0.037889239670904,0.0527177424548724,-0.263540059,0.0729562900500292,-0.1613016794418993,0.0572173076733333,-0.0710133344445006,-0.1686539134901319,-0.05433997872,0.1069268679739186,-0.4961468179202083,0.0585326114666666,-0.0236396192233532,-0.4439957842739628,-0.0612906284266666,0.0773447023202357,-0.7465990458017386,0.2390779565666667,-0.0547087271569442,-0.7594642463879996,0.1239493896666666,0.0588345208710255,-0.7741033329015579,0.2632176920333333,-0.0550446848402441,-0.7872394032333839,0.10186357363,0.1072069535525911,-0.805835785307391,0.23352291,-0.0265230809457357,-0.8143281966425772,0.0222510763693333,nijmegen_nijmegen_rennen_g_ch1_g11_compr.mp4,ch1g11,5.6310456366163e-05,0.0002092353257605,0.0001521936619835,3.0748494019461655e-05,5.601420940428185e-05,0.0002285430175464,0.0001505655965768,3.573200368538728e-05,5.471037921378187e-05,1.974443725514959e-05,0.0004565253985195,4.4804046361752335e-05,0.0001620361774583,0.0001526882799469,0.0001196356382666,2.875478750586912e-05,6.806510820828599e-05,0.0004972039919373,3.873456802537611e-05,0.0001611705677002,0.0003052545302502,0.0001674583396586,0.0001613945200893,0.0001268752469348,5.9364137517100466e-05,1.1169039195167524e-05,0.0001305653842737,0.0004147253072672,4.862840723843952e-05,0.0005512100740011,1.0673363642927886e-05,7.845758672795418e-05,0.0002825975776142,0.000480660647299,7.088347891618825e-05,0.0003225915510571,0.0003112678215744,0.0003155863415622,0.0003047610437686,0.0002639510046731,0.0002464776946119,0.0002545456552788,0.0003562975274231,0.0003410360905301,0.0002098657876435,0.0002278980064324,0.000175660347622,0.0003608675689247,0.000795628807703,-7.088123723060868e-06,0.0063487865718521,-0.0032676906212485,0.0077153765410957,-0.0044264481437806,0.0087559389363754,-0.0046671140464433,0.0071130430471813,-0.003534397179055,4.470067711141128e-05,-5.766769445931639e-05,-0.0002895051022198,-0.0003184057429513,-0.000743517202264,-6.104542119529449e-05,-0.0007184180815243,-3.357902484854588e-05,-0.0009927264203593,-0.000265853688998,-7.120903527071e-06,4.78141347394548e-06,-1.5952405905319053e-05,-3.0241931183229457e-06,-5.620488793157322e-06,8.292426665660776e-06,-1.6319663868575612e-05,-1.0195718824009556e-05,-4.0596712165414904e-06,-2.377228643940757e-06,1.931301099070463e-05,6.593440317096815e-06,-1.6662392832576243e-05,-1.5841534682108267e-05,-2.2565209008165276e-05,3.593258197335218e-06,-3.906603034150438e-06,2.3495409102349827e-05,5.955836492954915e-06,-1.6840506509587675e-05,1.7486558133433298e-05,-1.8156397039365287e-05,-1.6748850213297744e-05,-1.4769911204278652e-05,-5.739494260973613e-06,-2.3560950038289385e-07,-1.6748863853353385e-05,1.511570413789656e-05,-3.3226527553769756e-06,2.7301113607350027e-05,-3.316487178238238e-07,-1.1118590536143338e-05,1.1038281273664558e-05,-1.0711086801093134e-06,3.916453799482886e-06,-3.2713354359330405e-06,6.010324569433465e-06,-1.917119288340309e-07,3.0386690000344154e-06,-3.153555470092771e-06,9.921597981465283e-07,2.801009208805089e-07,4.935980106346456e-07,-4.532888349134449e-06,9.445440060185352e-07,-3.3654401188667333e-06,-3.29860511510868e-06,-3.491830011706124e-07,1.6216436551288455e-06,-6.633813117974144e-07,-4.341335334127533e-06,9.737231628086842e-07,-3.335888103427535e-06,1.3710361791346553e-06,-3.3541288924024774e-06,-3.2714218185070147e-06,-2.500744475624952e-06,-4.211070684764353e-07,8.969297346137035e-08,-2.263916512233348e-06,-3.3470956988153467e-06,5.0378581548987e-07,-6.661915842307778e-06,8.023066958625821e-08,-6.614294574849726e-07,3.130640656782865e-06,7.923862074692758e-06,movement,movement,no movement,no movement
3433.3333333333244,0.0455430797791206,0.3060454287977967,-0.2852136336,0.0537828018139281,0.3247883462139344,-0.2787833894,0.0554322417039006,0.3253842185270089,-0.2681339065333334,0.054264529825707,0.3250880531696243,-0.2713473216666666,0.0370009537618443,0.3334322661525025,-0.3019364196,0.0384126398273099,0.3323198515332889,-0.3151982595,0.0426839216193709,0.3230610730117425,-0.2944466384333333,0.0653848784875818,0.336950909023844,-0.1650460868333333,-0.0359076353293962,0.2986297681261328,-0.2158247494999999,0.0590556946876838,0.306102212571248,-0.2292842114999999,0.0334679559093812,0.2783458202592359,-0.2717924117333333,0.1084806513545264,0.2377352016208271,-0.0061683921569999,-0.1146053603383193,0.2597312459580144,-0.0578269989833333,0.1370788146401969,0.085958692483277,0.0134334193075,-0.1289797728873088,0.0115581394590679,-0.1402398985133333,0.169579976371107,-0.0126872059477392,-0.0481432208296666,-0.0496371178255695,0.0239605123023504,-0.2585081691666666,0.1658717997738936,-0.025890939404453,-0.0540702000750666,-0.0037922337417161,0.0413312509570492,-0.3199823633,0.1557494767676045,-0.0194065326781465,-0.0704556998493333,0.0151042879479009,0.101388026785093,-0.3207349201,0.1711489371188064,-0.0286437792209736,-0.0558917671166666,-0.0366699370657932,0.0490965609228292,-0.267445594,0.0727881254208381,-0.161257687384653,0.05790539338,-0.0708387037333662,-0.1687104301283127,-0.0550788685666666,0.1072222157865852,-0.4964315666769612,0.0579419339066666,-0.0236724711378385,-0.4443147298909082,-0.0618054370966666,0.0777170099174393,-0.7473422363700004,0.2375955319333333,-0.0555608991260005,-0.7595592559211188,0.1242065603666666,0.0591486280029836,-0.77481849041019,0.2616405963666666,-0.0560117240515291,-0.7873002694003527,0.1022381942866666,0.1073721967857198,-0.8068244651701133,0.2321084614666666,-0.0271497640262473,-0.8145618620139371,0.022880167323,nijmegen_nijmegen_rennen_g_ch1_g11_compr.mp4,ch1g11,4.8678164537798415e-05,0.0002169903976141,0.0001352346002279,3.2666009870818717e-05,4.8907674766262265e-05,0.0002391062164082,0.0001331999225805,2.5642231506192993e-05,5.16510303307512e-05,1.6542568174762916e-05,0.0004724692691905,5.293667968374533e-05,0.000144601072875,0.0001359291059745,9.674359958317129e-05,3.361654714614955e-05,6.247257461212808e-05,0.0005181028960324,4.614875918700886e-05,0.0001434523500111,0.0003246807122353,0.0001482939248307,0.0001438417259747,0.0001110118755084,5.201161458839815e-05,1.113967635351809e-05,0.0001125675425876,0.0004275855236574,4.584138888095072e-05,0.0005735372890399,1.0525437701673578e-05,6.70092991055087e-05,0.0002962094723831,0.0004902454537875,6.953356043374024e-05,0.0002714115746171,0.0002634380691202,0.0002703882300122,0.0002607237699906,0.000227068447807,0.0002045886086641,0.0002107781172635,0.0003264455843046,0.0003420210804347,0.0001598416774144,0.0001799840821473,5.655643610131795e-05,0.0004330531877843,0.0005883040257003,0.0001212530639935,0.006653465071576,-0.003592631083925,0.008166294475113,-0.0048694039025498,0.009231210542034,-0.0051977893019661,0.0074711614990637,-0.0039109134659416,3.765719803450244e-05,-4.9755888956593016e-05,-0.0002714556254411,-0.0002430132402666,-0.0007504263774724,-1.0406295277418154e-05,-0.0007120785895871,2.4868164889566305e-05,-0.0009470178183106,-0.0002146523381806,-8.298720563917001e-06,8.408121172687225e-06,-1.9192807230745337e-05,3.975588394807428e-06,-5.1944857516980285e-06,1.0831428674805409e-05,-1.943039806542813e-05,-8.541911052238531e-06,-3.6968376243184658e-06,-1.7321207992153665e-06,1.572493483419279e-05,6.584258562637701e-06,-1.9971492923327175e-05,-1.9123212586465097e-05,-2.193414749239869e-05,4.913387200962503e-06,-4.335620902602977e-06,2.0025023269713036e-05,6.061636814594023e-06,-2.0113941331037077e-05,1.782009212627883e-05,-2.139298940600208e-05,-1.9959841551385584e-05,-1.7207130815384163e-05,-5.594511827856362e-06,-1.250067390525425e-07,-1.8831802113182305e-05,1.2540547434324324e-05,-2.66522916390779e-06,2.1996810673645465e-05,-2.25397472307273e-07,-1.1625289633623068e-05,1.3445123597174258e-05,-7.242595055205983e-07,3.109182693465841e-06,-2.379035890626527e-06,5.851573571851485e-06,7.763518892921078e-07,2.081916751923708e-06,-2.2314573809675167e-06,1.5825650555866542e-06,5.01079790184937e-07,1.0128307813494951e-06,-3.5714973477534822e-06,3.169793939004256e-07,-2.4780640655268613e-06,-2.4383701531798355e-06,1.153924932445257e-06,1.3717493064361951e-06,2.082775884452362e-07,-3.5080492179999023e-06,3.988391766292725e-07,-2.418609230532977e-06,-3.1789855848664034e-08,-2.3119644127779813e-06,-2.372564663439162e-06,-1.6342376371898093e-06,4.612590147708055e-07,4.8946412710527234e-08,-1.1948535183698404e-06,-2.507244973427354e-06,5.602195231496711e-07,-5.478919505530624e-06,4.8104133335254864e-08,-3.197372955485559e-08,1.9686026629387427e-06,7.1781439379991384e-06,movement,movement,no movement,no movement
3449.999999999991,0.0476572741261403,0.306391463444,-0.2830539768666667,0.0556745264423454,0.3251228828723397,-0.2763868535333333,0.0573653041533789,0.3257293000844793,-0.2657500913,0.0561862963853916,0.3254216400257143,-0.2689879741333333,0.0390477443265152,0.3337446348192388,-0.3001286236666666,0.0404710855423462,0.3326064126527117,-0.3134075988666667,0.0447227774213866,0.323352426528978,-0.2926532558666666,0.0659899607403053,0.3373007083028808,-0.1623241597666666,-0.0350599155448844,0.2990438706402689,-0.2153745874333333,0.0606353286400593,0.3063247997049085,-0.2269384696999999,0.0350533345391257,0.2785948121292443,-0.2701198557333333,0.1075960889033535,0.2377271645345919,-0.0033445546836666,-0.1140934619060092,0.2602329752199318,-0.0575254485166666,0.1358179231516842,0.0863614533491973,0.0137110673041666,-0.1293824778012784,0.0117917673818369,-0.1371504690766666,0.1671250891708289,-0.0057639825511322,-0.0521692857163333,-0.049005509725104,0.0202018630134692,-0.2510596007333333,0.1631495902259159,-0.0173199164787509,-0.0589179740984,-0.0027031313647051,0.0362023649558578,-0.3116675118666667,0.1533273280037437,-0.0097770624578103,-0.0747062550893333,0.0166644357032825,0.0958633320224298,-0.3126522610666666,0.1687683704583849,-0.0208662926773865,-0.05989018625,-0.0357933557212877,0.0449728980639509,-0.25578925,0.0726188402088438,-0.1612218112788279,0.05858159491,-0.070660520946054,-0.1687582192216143,-0.0558093393833333,0.1073989567865763,-0.4966735588364139,0.0570618327633333,-0.0238291830351358,-0.4445859954426722,-0.0627368731666666,0.0779303437031211,-0.7481234419253299,0.2354778921333334,-0.0564626530322206,-0.7595635160297415,0.1236803887066666,0.0592989991275092,-0.7755599724831496,0.2593966891333333,-0.0570270220495718,-0.7872561523089998,0.1017845522766666,0.1073758589596504,-0.8078252459816111,0.2299366807999999,-0.0279243311836429,-0.8147376373870975,0.0227570862163333,nijmegen_nijmegen_rennen_g_ch1_g11_compr.mp4,ch1g11,3.937570373052796e-05,0.0002290280605557,0.000113424631107,3.9902015128345325e-05,4.1946516439320495e-05,0.0002521192279358,0.0001112102362613,1.7497343378986522e-05,4.8890242192111385e-05,1.5145389610386755e-05,0.0004907515928978,6.0750891181215e-05,0.0001220004570325,0.000114243527168,7.465908736942884e-05,3.9551478582543185e-05,5.498264571765415e-05,0.0005411923434441,5.343509694547099e-05,0.0001206417773042,0.000342521306799,0.0001240361600719,0.0001213083592814,9.15424592529125e-05,4.4510804879423906e-05,1.1159056068102128e-05,9.138885849890327e-05,0.0004430068031453,4.304360237823764e-05,0.0005976759620949,1.0437796634381408e-05,5.491818051636374e-05,0.0003122273897602,0.0005058409140165,6.954510289435216e-05,0.000233515296232,0.0002315671071281,0.0002409330306443,0.0002326674086271,0.0002075461359871,0.0001796690957914,0.0001829191749384,0.0003067468147845,0.0003554127822882,0.0001268292816447,0.0001476278981462,-4.145746151803433e-05,0.000493641343572,0.0004217846847973,0.0002420116995623,0.0069822825019656,-0.0038532565591664,0.0086222459024921,-0.0052130950994494,0.0096918644516374,-0.0056077604326175,0.0078438032240789,-0.0042074000241844,2.9982354277593517e-05,-4.093426537232297e-05,-0.0002372177392545,-0.000153087470146,-0.000703008551046,9.5584522056849e-05,-0.0006457993898584,0.0001420770475557,-0.0008586092985062,-9.414339534662376e-05,-8.855839924007113e-06,1.0832602665682769e-05,-2.1092071122750153e-05,1.0019694607452692e-05,-3.7118940723204458e-06,1.209661696144244e-05,-2.1171052872858253e-05,-6.4350696939760925e-06,-3.178331804306655e-06,-5.279160722211128e-07,1.2510112073570624e-05,5.92133206715581e-06,-2.196192488408766e-05,-2.1094521039104093e-05,-1.984624289835223e-05,5.675784393606953e-06,-3.4430742603687633e-06,1.6575173205512226e-05,5.539124220167238e-06,-2.203786266742724e-05,1.657155339697348e-05,-2.3150522821256804e-05,-2.1849410899294818e-05,-1.8393571809956943e-05,-4.49627247008229e-06,-9.116411509671645e-08,-1.9495775066222054e-05,1.0367527822521664e-05,-2.034809830752748e-06,1.719618684489408e-05,-1.8633787935862408e-07,-1.1312888420917413e-05,1.4360493078051574e-05,-1.104864194526786e-07,2.1318583913738043e-06,-8.585798892799209e-07,5.0832431213288935e-06,1.6782417445591274e-06,1.145550996462239e-06,-6.990954343729548e-07,2.0096053491582995e-06,7.195356768584023e-07,1.4635964242387428e-06,-3.0006773440842483e-06,-1.486818915125916e-07,-9.439853720279668e-07,-9.440152708172172e-07,2.5929413457211975e-06,1.1388887732038449e-06,1.2727124032294918e-06,-3.1128449299114124e-06,-4.17830144125991e-08,-8.558398275227608e-07,-9.76963079628831e-07,-6.407738634441928e-07,-8.457473417592216e-07,-2.8471668289524093e-07,1.3144672681001664e-06,-9.298187218800977e-09,3.120635575239185e-07,-2.14463361335517e-06,6.080408607537017e-07,-4.588093068694224e-06,-3.081058954546543e-11,7.732800948609275e-07,8.763224725036774e-07,6.4580940678571506e-06,movement,movement,no movement,no movement
3466.6666666666574,0.0495559555882164,0.3066002414373691,-0.2798293258333333,0.0573550538380206,0.3253218468493571,-0.2728980506333333,0.0590905634628671,0.3259397027833092,-0.2622793843666666,0.0579084046596943,0.3256240459866803,-0.2655538257,0.0409135974589855,0.3339454440783362,-0.2972497514,0.0423439100586614,0.3327705797359561,-0.3105327993,0.0465796422623652,0.3235160849631458,-0.2897895805333333,0.066469981769335,0.3375796101083956,-0.1586321909666666,-0.0342959252946046,0.2994286627001403,-0.2139103685666666,0.0620294682991452,0.3064242882662526,-0.2235661223333332,0.0364607439987044,0.2787254629721515,-0.2673537492,0.1067758636009007,0.2375696913317438,0.0001681684263333,-0.1135987125256737,0.2607882455000649,-0.0563368425066666,0.1346915133919874,0.0865618494034145,0.0141936117341666,-0.1299838433752489,0.0121758466757175,-0.1328540003733333,0.1646937411716509,0.0013602305454708,-0.0561544229563333,-0.0486449488643735,0.0162276696297237,-0.2417135174333333,0.1604242860324321,-0.0084618954146456,-0.0636305132717333,-0.0019034573932794,0.0308188817320653,-0.3012251402,0.1509318369751551,0.0001100943392245,-0.0788856547959999,0.0179475222812203,0.0899982050718995,-0.3024623195333333,0.1664057462574374,-0.0128495900113283,-0.06381351895,-0.0351973823688217,0.0406104951077692,-0.23427923,0.0724490319482926,-0.1612018770732386,0.0592571518433333,-0.0704792183983768,-0.1687887656967255,-0.0565412309033333,0.1075273537269377,-0.4968981928835428,0.0558496619166666,-0.0239959229663773,-0.4446358318949313,-0.0642748313266666,0.0777813441912344,-0.7487628871100426,0.2329949731333333,-0.0573743244769482,-0.7592535408140245,0.1220950909166666,0.0590687389184117,-0.7761191868234728,0.2567750315,-0.0580517301715233,-0.7868928928851313,0.1001909218099999,0.1070775601372605,-0.8086070606012656,0.2274615179333333,-0.0286724215631021,-0.8147046660292819,0.0215063178033333,nijmegen_nijmegen_rennen_g_ch1_g11_compr.mp4,ch1g11,2.962308048184473e-05,0.0002426279151559,9.039201138420056e-05,5.328403189409788e-05,3.7594865120461054e-05,0.0002659325200807,8.823471223678388e-05,1.2401732977999245e-05,4.564396231503392e-05,1.5288133103416882e-05,0.0005074138606775,6.679200427516954e-05,9.79933393608935e-05,9.12143240450405e-05,5.384253581518634e-05,4.594554227757156e-05,4.9830403916095506e-05,0.0005618145449747,5.916266669984054e-05,9.659030994646756e-05,0.0003583927539598,9.87893291548178e-05,9.749990102735677e-05,7.150370994792802e-05,3.9472012684424296e-05,1.124273193524414e-05,7.065883320292575e-05,0.0004571223571747,4.159815287548891e-05,0.0006191244249265,1.0436379306335267e-05,4.393300391087311e-05,0.0003285570940795,0.0005230366730544,7.112145187210237e-05,0.0002114943514966,0.0002141505623219,0.0002249969529914,0.0002179851363966,0.0002057245811153,0.0001721581306777,0.0001724250125038,0.0002834276276376,0.0003764336578048,0.0001074202073763,0.0001322080308155,-0.00012867747597,0.0005578778755525,0.0002831567224335,0.0003911833964321,0.0072631423668386,-0.0040520512992117,0.0089995584175313,-0.0054708400939498,0.0100681842978082,-0.0059108544472684,0.0081582874711159,-0.0044324691729395,2.1114714719680027e-05,-3.066472573235754e-05,-0.0001781081240702,-6.267774540758709e-05,-0.0006362121601675,0.0002058054979418,-0.0005612508914611,0.0002651401777082,-0.0007223480981298,6.336354420848162e-05,-8.638061084424414e-06,1.2399782143737266e-05,-2.139406624635844e-05,1.4664923719764025e-05,-1.2345950360403935e-06,1.2675957964651156e-05,-2.1293099313766904e-05,-4.1113010289596e-06,-2.485460643275333e-06,1.2919466980735678e-06,9.480990177256422e-06,5.1888352683945e-06,-2.2389370663768025e-05,-2.1482088700997697e-05,-1.670978720470537e-05,6.419614249398644e-06,-1.208804967545308e-06,1.3177767012966242e-05,4.912766867795565e-06,-2.237582894675386e-05,1.4867722799856777e-05,-2.3179894256215183e-05,-2.219163685390877e-05,-1.813206885808561e-05,-2.437080871950816e-06,-1.3438009621270977e-07,-1.861804757184276e-05,8.229255224929458e-06,-1.4367312446815329e-06,1.2867240469647743e-05,-2.1407472343842438e-07,-1.026267829027036e-05,1.453928728883187e-05,6.7794313636086e-07,1.1722413111742673e-06,1.0644491096491024e-06,3.8084453199646583e-06,2.335478702068211e-06,3.659284077194642e-07,1.2156841029362194e-06,2.212265349287762e-06,9.522360450004416e-07,1.7810393383555278e-06,-2.9074874375023653e-06,-3.7406391896310714e-07,1.0143016236185268e-06,9.652877837143932e-07,3.817107408087492e-06,9.562471464348716e-07,2.24434123188848e-06,-3.225353912767261e-06,-2.674190197020947e-07,1.1227185097817773e-06,-1.406050157046542e-06,1.4115918425740402e-06,1.0877122679626082e-06,1.3454057041868269e-06,1.9726469673194663e-06,-7.077417444970045e-08,2.018690121890682e-06,-2.3015626101344684e-06,6.063196506290043e-07,-4.1376130075079956e-06,-5.1461058774168406e-08,1.6376095622535294e-06,2.47008860612376e-08,5.978787908935195e-06,movement,movement,no movement,no movement
3483.333333333324,0.0511582677777079,0.3067226848526629,-0.2767815089,0.0587648718385229,0.3254479137472277,-0.2696123962333333,0.0605490804726744,0.3260745907022986,-0.2590177913666667,0.0593609084697179,0.3257551890465761,-0.262320232,0.0424966050902949,0.3340718578727782,-0.2945353499333333,0.0439347462507973,0.3328567167975693,-0.3078217555333333,0.0481518313451071,0.3236010236422321,-0.2870958330666666,0.06683438318467,0.3378222138176991,-0.1551056899333333,-0.0337085051671686,0.2997585952255149,-0.2124424551666666,0.0631792412460413,0.306454653853899,-0.2203442260333332,0.0376051866791443,0.278777543881958,-0.2647253264333333,0.1060167733717071,0.23736588701388,0.003548707263,-0.1132163278910009,0.2613511775243983,-0.0551383505566666,0.1338275094715819,0.086730708690159,0.0143318267075,-0.1309994435552512,0.0125813828522936,-0.1286713574633333,0.1622984032238437,0.0086418464990144,-0.0604749338196666,-0.0487880298225428,0.0120697183245453,-0.2330197851,0.1577070518445938,0.0006512455698824,-0.0687804599883999,-0.0016382635726735,0.0252422977903056,-0.2916218832333333,0.1485601785778131,0.0103097743032885,-0.0833256877426666,0.0187796625653975,0.0839595196440348,-0.2930753772333333,0.1640742061820706,-0.0046429351590116,-0.06803530577,-0.0350737936701201,0.0360560821514483,-0.235770255,0.0722773901428671,-0.1611859523852698,0.05992628973,-0.0702939479211754,-0.1688138196419616,-0.05727233601,0.1075703148554063,-0.4970621665376347,0.0548161869166666,-0.0241944172231777,-0.4445953880795251,-0.06582613869,0.0775803993549815,-0.7493322573093861,0.2308647458333333,-0.0582926284648151,-0.7589244494458641,0.1202816891466666,0.0587945544174475,-0.7765886542071478,0.2545085673666666,-0.0590750138026524,-0.7864991361959751,0.0983478230099999,0.1066961273485577,-0.8091417563051806,0.2254620850999999,-0.0293970463406461,-0.8145542883125894,0.0199137062966666,nijmegen_nijmegen_rennen_g_ch1_g11_compr.mp4,ch1g11,2.0601110054363793e-05,0.0002561013979925,6.76494361528798e-05,7.107616261299818e-05,3.76753958401359e-05,0.0002789526400056,6.571968173596977e-05,1.0701848410738617e-05,4.329310371154268e-05,1.751444670632384e-05,0.0005179873156466,7.006035011418393e-05,7.39590950281029e-05,6.83316255467688e-05,3.770333866438442e-05,5.172591742247312e-05,4.881095264695948e-05,0.0005753754315636,6.243932238522091e-05,7.265684959230477e-05,0.0003719600574524,7.398542010140671e-05,7.37488911330188e-05,5.2344651926794855e-05,3.844380356473226e-05,1.1181580143741586e-05,5.140521006342918e-05,0.0004662708305056,4.060110696693394e-05,0.0006322517833602,1.031002552446809e-05,3.416061806583284e-05,0.0003431392291917,0.0005380239549242,7.33252685808192e-05,0.0001743529048499,0.0001805910091355,0.0001911056084135,0.0001856902564349,0.0001887231871108,0.0001492041579768,0.0001460359579877,0.0002417302664402,0.0003794127004037,7.659508571520267e-05,0.0001056821934214,-0.000209497427086,0.0006106804634283,0.0001702919581544,0.0005505346152463,0.0074502512987966,-0.004224993514073,0.0092509175725688,-0.0056911544970185,0.0103039444169014,-0.0061663551128194,0.008364867304451,-0.0046266829002031,1.1640322516787305e-05,-1.95667145957142e-05,-0.0001120694093603,3.9830862787116494e-05,-0.0005495062757164,0.000304243551848,-0.0004554273252175,0.0003744854455289,-0.0005506440727475,0.0002223236544883,-7.524624047108905e-06,1.3081866929349262e-05,-1.963788526529311e-05,1.7601929977330028e-05,1.6668968172312778e-06,1.267628761771398e-05,-1.9365049529703325e-05,-1.70909033762558e-06,-1.6020989020220094e-06,3.39089236482021e-06,6.246320631950966e-06,4.639866808975166e-06,-2.0730873114643342e-05,-1.9821945716441125e-05,-1.2648847900163431e-05,7.176960177754732e-06,2.0155992201820337e-06,9.405471859659653e-06,4.456612821393177e-06,-2.060269882077265e-05,1.3279830771410694e-05,-2.1067322187047715e-05,-2.046620538883939e-05,-1.6161428862223437e-05,5.4540533576748994e-08,-2.561986516744902e-07,-1.5965456072631426e-05,5.586550796597762e-06,-8.120321720992511e-07,8.471404468598112e-06,-3.103546193264032e-07,-8.2426302286574e-06,1.4212819322444785e-05,1.515755043946626e-06,3.975481408824637e-07,3.1257463708582373e-06,2.2425758069749536e-06,2.578155335985108e-06,-1.3152013505733562e-07,3.251112729659338e-06,2.1880892267585412e-06,1.1473378028308425e-06,1.892374752279374e-06,-3.276158600764952e-06,-3.6586612853014544e-07,3.1400526778821793e-06,3.0298251758896617e-06,4.659222257749697e-06,8.211549991200961e-07,2.89415410394801e-06,-3.820283116816008e-06,-2.794538844761522e-07,3.256628528135064e-06,-1.3185685968877553e-06,3.5754686893049273e-06,3.1744686235877397e-06,3.0262891328279824e-06,2.2855806390969687e-06,-1.1394541152556077e-07,3.698684118584333e-06,-2.9281832518428017e-06,5.869368276832174e-07,-4.174770275884958e-06,-8.608577915949073e-08,2.4665225513662577e-06,-4.404660787215438e-07,5.955652775123087e-06,movement,movement,no movement,no movement
3499.9999999999905,0.0524818811296232,0.3067934144150989,-0.2740195187666666,0.0599107502700464,0.3255243585832606,-0.2666538432,0.061738599144636,0.3261557400866106,-0.2560805062666667,0.0605437919721677,0.3258333770924236,-0.2594062741333333,0.0437994698151044,0.3341538352410171,-0.2921292932333333,0.0452482376377048,0.3328980338887088,-0.3054180323333333,0.0494460095908143,0.3236394058519499,-0.2847132903666666,0.0670644275479325,0.3380122938897911,-0.1519030811999999,-0.033284895019179,0.3000528534940742,-0.2112425778999999,0.064096048312098,0.3064360694106898,-0.2173862253333333,0.0385177609243393,0.2787875768455288,-0.2623670219666666,0.1053040907841115,0.23712148533034,0.006683399473,-0.1129314783047453,0.2619201836770414,-0.0540988681533333,0.1331577958280533,0.0868949062072878,0.0137572215408333,-0.1322279303582473,0.0130827376283016,-0.1249299324299999,0.1600691389510012,0.0159643396138897,-0.0651701139996666,-0.0492482368545794,0.0078430473415862,-0.2249971822,0.155185964704366,0.0097991500979488,-0.0743151994050666,-0.0017482223540746,0.0195305481444149,-0.2827494621333333,0.1463710132950773,0.0205141007896475,-0.0881194886659999,0.0193115583409031,0.0777275003420606,-0.2843600213333334,0.1619122093273381,0.0035883142542457,-0.0726261609433333,-0.0352488219217979,0.0313917834578106,-0.230675384,0.0721063283791086,-0.1611783991453241,0.0605765360466666,-0.0701083044797589,-0.1688286170061047,-0.0579911166166666,0.1074922237450708,-0.4971888750049862,0.0537164265199999,-0.0244725849755527,-0.4444864015226451,-0.0673377706833333,0.0771852903795318,-0.7497897196855869,0.2287811005666667,-0.0592961983125955,-0.7585437973332445,0.1185970145266666,0.0583135462231242,-0.7769451959171878,0.2522964860333332,-0.0601900843112849,-0.7860521891134639,0.0966526263133333,0.1060182669518658,-0.8096072779992654,0.2234312207333333,-0.0302683152683618,-0.8143625540125116,0.018488109806,nijmegen_nijmegen_rennen_g_ch1_g11_compr.mp4,ch1g11,1.320311697323056e-05,0.0002679873917522,4.763830268561025e-05,9.01005262306143e-05,4.227628056675011e-05,0.0002905276924132,4.6087687713828106e-05,1.0668787077307032e-05,4.130075460179543e-05,2.180859246733682e-05,0.0005218552323801,7.244249863566673e-05,5.268606856997414e-05,4.804962260299416e-05,2.7650204990555473e-05,5.90222091423976e-05,5.332737840398656e-05,0.00058201789064,6.49364376166131e-05,5.160956339888604e-05,0.0003831963659609,5.282061881045694e-05,5.279579768674055e-05,3.643000333861032e-05,4.1160428594605606e-05,1.082193777165505e-05,3.604952791497266e-05,0.0004694054244919,3.990847479162883e-05,0.0006388445143963,9.92788289725866e-06,2.62487583788115e-05,0.0003551651644736,0.0005486723369586,7.68825195504668e-05,0.0001331241021373,0.0001372352510597,0.0001449885954355,0.0001413119820807,0.0001595201894983,0.000116636727116,0.0001117688614421,0.000167176183074,0.000358453285747,3.323589643383524e-05,7.364059351615934e-05,-0.0003041799971551,0.0006458633119371,6.432215761630515e-05,0.0007206243937393,0.0075465890832843,-0.0043491766121286,0.0093976872131527,-0.0058508890324426,0.0104390725015036,-0.0063529996707273,0.0084667242266043,-0.0047766573365228,1.692042301393658e-06,-7.6957340097767e-06,-9.666785939375288e-06,0.0001710052895801,-0.0004111862241976,0.0004000049629189,-0.0003003228889265,0.0004786831009451,-0.0003446601762045,0.0003874721614386,-5.563638734709795e-06,1.3180731774245082e-05,-1.5770896301592563e-05,1.8868509495375004e-05,4.529109579788152e-06,1.2348646210904892e-05,-1.5369432565902458e-05,4.159016372169234e-07,-5.053506322750812e-07,5.478106949988649e-06,2.8441966799877083e-06,4.342993848872307e-06,-1.6880735556989345e-05,-1.605291834701991e-05,-7.768107373129575e-06,7.784178130513202e-06,5.469161809095145e-06,5.363648483541239e-06,4.2234068654711535e-06,-1.662522578498176e-05,1.2042847666570556e-05,-1.6769833862187614e-05,-1.6575353505998857e-05,-1.2507035835578434e-05,2.6455047083617183e-06,-4.127660603694576e-07,-1.1623717137715126e-05,2.4003452702079773e-06,-1.6209384803595433e-07,4.28038621292632e-06,-4.346698966485319e-07,-5.338767249538751e-06,1.3633668185311976e-05,2.2757295785601742e-06,-8.568509628756789e-08,5.013986596769804e-06,6.852534133919494e-07,2.3981904244793022e-06,-3.191566972400079e-07,5.099651067410939e-06,2.045079517498896e-06,1.317105275575538e-06,1.7672486675977931e-06,-4.119385106941835e-06,-2.7301639683772484e-07,5.106244622029121e-06,4.93872717006278e-06,5.073583475610122e-06,6.383632802060018e-07,3.097000987194157e-06,-4.923203503538943e-06,-2.1022027638444439e-07,5.217110764632315e-06,-8.444874961535312e-07,5.507216979276911e-06,5.0940786097120285e-06,4.497992639671044e-06,2.2540084747400044e-06,-1.2387638015891404e-07,5.091568035206946e-06,-3.972552800459157e-06,5.713248702106183e-07,-4.836581753237725e-06,-9.03078051750997e-08,3.157803680457981e-06,-5.076646121408461e-07,6.480689717361194e-06,movement,movement,no movement,no movement
3516.666666666657,0.0532602567396749,0.3068659678840918,-0.2730553927666666,0.0605965455812867,0.3256096676333299,-0.2656288986333333,0.0624653865341196,0.3262479545629513,-0.2550602346333334,0.061253396558996,0.3259230154039708,-0.2584112123333333,0.0445844669234466,0.334255131221596,-0.2914475178,0.0460521178793279,0.3329589971568911,-0.3047488629333333,0.0502150919988595,0.3236952662248948,-0.2840505353999999,0.0671988664925617,0.3381387718936534,-0.1507282135333333,-0.0330948890240453,0.3003602558590322,-0.2111858650666666,0.0646076132752002,0.3064200643910747,-0.2162086764666666,0.038991325954376,0.2788118255262021,-0.2615712562333333,0.1046625776694276,0.2368132393502585,0.0080516700396666,-0.112858768054299,0.2625784421114352,-0.0537623284066666,0.1327834593816315,0.0869928367857341,0.0112359723766666,-0.13400416270489,0.0138451550101452,-0.12217747958,0.1580846808672378,0.0235335561669476,-0.071615238677,-0.0506013136006944,0.0034894843434693,-0.2194335679333333,0.1528167223487126,0.0191792138155998,-0.0816249744617333,-0.0028381658855383,0.0135840296061159,-0.276631549,0.1443042790552393,0.0309354662214093,-0.0947821265403333,0.0190450784042278,0.0712137442160594,-0.2784054472666666,0.1599968964489211,0.0120851412422685,-0.078974612249,-0.0362603068220128,0.0265668923919628,-0.218312159,0.0719407748722525,-0.1611860029643421,0.0611510333033333,-0.0699279105713257,-0.1688258446059999,-0.0586394416766666,0.1073067546826313,-0.4971670674974305,0.0522805514033333,-0.0248257475495485,-0.4442701930218399,-0.0689107121633333,0.0766033605055053,-0.750112282626528,0.2262625391,-0.0602897495935237,-0.758109739166468,0.1162546502033333,0.0576344084538907,-0.7771608068699385,0.2496408343666666,-0.0612939319246081,-0.7855373223279826,0.09422717159,0.1051333826803166,-0.8099446920405918,0.2209692692666666,-0.0311222088728675,-0.8139025977976602,0.0164431862186666,nijmegen_nijmegen_rennen_g_ch1_g11_compr.mp4,ch1g11,9.148599400342794e-06,0.0002794089372122,3.391919739640853e-05,0.0001098153331685,4.952655690415271e-05,0.0003008710071872,3.284108545711904e-05,1.3301261280325744e-05,4.1275491851711046e-05,2.8762971687018225e-05,0.0005192733446417,7.401036161400345e-05,3.776409028287863e-05,3.393719395751695e-05,2.4067347488466575e-05,6.6544496580625e-05,6.300926163517616e-05,0.0005806013008846,6.653297775431641e-05,3.703620591964528e-05,0.0003924612265992,3.855846712299696e-05,3.8226042495709754e-05,2.63476783762948e-05,4.629980362845597e-05,1.028526567009867e-05,2.7155747685240645e-05,0.0004662239482258,3.9997377798757885e-05,0.0006375710216789,9.384831670575315e-06,2.2360788793061585e-05,0.0003662696029199,0.0005550430332032,8.10574422547982e-05,9.581489603202463e-05,9.49141522043822e-05,9.97451504636114e-05,9.774247255170668e-05,0.0001291127808854,8.287314752165746e-05,7.524005202455843e-05,8.56721033317138e-05,0.0003127225246421,-1.146331666753753e-05,3.7710890315236773e-05,-0.0004116689834161,0.0006609246883923,-4.812033778628823e-05,0.0008955177284595,0.0075390525886499,-0.0044349849150419,0.0094151370307086,-0.0059694599548882,0.0104492605484764,-0.0065059041932941,0.008463726480605,-0.0048863625289414,-9.326485435173074e-06,5.528950715893032e-06,7.981539779750297e-05,0.0003166928412606,-0.0002887766260563,0.0004687810832023,-0.0001626958200069,0.0005498239625884,-0.0001779156364733,0.0005132230523274,-2.859461653173477e-06,1.2706866378771876e-05,-9.75767390345709e-06,1.812749023569047e-05,6.942319421355307e-06,1.1793838742597742e-05,-9.28852246667199e-06,2.1758573331818244e-06,8.348399620671948e-07,7.242529666849523e-06,-1.437491222534971e-06,4.432160270521775e-06,-1.0770877868334646e-05,-1.0133667033872464e-05,-2.3962001424826605e-06,8.48724570938599e-06,8.749544946557301e-06,3.511809931542259e-07,4.365041559928559e-06,-1.037019124872984e-05,1.126434338474871e-05,-1.0209692301002134e-05,-1.0465219224754973e-05,-7.15497528391589e-06,4.972875958375614e-06,-5.71256381379921e-07,-5.645549384245495e-06,-1.8387229116118528e-06,3.7116260427598665e-07,-6.451188386228178e-07,-5.566850702571675e-07,-1.7815349223786886e-06,1.284964134535512e-05,2.8171574109768583e-06,-3.222031850101893e-07,6.402677295681409e-06,-7.008986088990242e-07,1.8904688429220144e-06,-2.7724145530867394e-07,6.441002513231687e-06,1.7992886561063069e-06,1.3807599946510356e-06,1.380874429430678e-06,-5.352298560707978e-06,-2.1563295687486365e-07,6.5766181669441045e-06,6.363162418483314e-06,5.066233626219062e-06,3.832828661111637e-07,2.8042331987470197e-06,-6.395165915091059e-06,-1.5974186207495459e-07,6.667501332865258e-06,-2.184403963588231e-07,6.890628061577778e-06,6.51633672882407e-06,5.516277795277806e-06,1.940423642807835e-06,-9.591296282546901e-08,5.962728560761943e-06,-5.285751280730754e-06,5.47948041543275e-07,-6.0307953056748686e-06,-5.936795761989543e-08,3.562223116745639e-06,-3.369836113010506e-07,7.362130364885347e-06,movement,movement,no movement,no movement
3533.3333333333235,0.0535763837370556,0.3069417773092248,-0.2727681103,0.0608847499095302,0.3256978260903452,-0.2653288488666666,0.0627960510524091,0.3263435286970979,-0.2547661979333333,0.0615627517105549,0.3260161368763466,-0.2581380472333334,0.0449373713148154,0.3343846610923011,-0.2914205178666667,0.046424522362333,0.3330409284324321,-0.3047239601333333,0.0505553017293929,0.3237659365213454,-0.2840362203666666,0.0672461702297826,0.3382335756528411,-0.1503406770333333,-0.0330972602296075,0.3007197671373893,-0.2116240317333333,0.0647743058792661,0.3064104610644725,-0.2157421563666666,0.0391017448204384,0.2788462174449473,-0.2613934406666666,0.1041466001852516,0.2364500095593828,0.0085525239563333,-0.1128497922677645,0.263317491075428,-0.0538488845333333,0.1327933857713731,0.0869971849648262,0.00782421654,-0.1359223694535503,0.0149175377760697,-0.11978238986,0.1563042176030938,0.0313546497167292,-0.0785950299336666,-0.052360482306319,-0.0009327310326705,-0.2142855624666667,0.1506372879829109,0.0287902072960896,-0.0893598746250666,-0.0043998101424001,0.0076156529577144,-0.2708670045,0.1424025444117534,0.0415786831760958,-0.1018742088796666,0.0183339631616776,0.0647015473433357,-0.2728157008333333,0.1583002323883014,0.0208265940226592,-0.0858269390423333,-0.0376763452046951,0.0217056729341042,-0.20744881,0.0717777225391104,-0.1612044599757405,0.06166595808,-0.0697500596707697,-0.1688093382988837,-0.0592355106,0.1070824975793207,-0.4970057711966552,0.0507750339099999,-0.0252150497067189,-0.4438689820746663,-0.0704866510333333,0.0758562773357258,-0.7503484270062339,0.2238023529333333,-0.0612647421371046,-0.7576107243198205,0.1139589498499999,0.0567787466517496,-0.7772594427577976,0.2470601216333332,-0.062357975121313,-0.784951186068596,0.0918559433533333,0.1040752646239728,-0.809992723559142,0.2186194376,-0.0319668070383933,-0.8132218092028499,0.01417320268,nijmegen_nijmegen_rennen_g_ch1_g11_compr.mp4,ch1g11,8.024851237419487e-06,0.000291081697328,2.7897929576299257e-05,0.0001276514965153,6.006706109863899e-05,0.0003118596624676,2.736266133022651e-05,1.676144551649531e-05,4.260652716119896e-05,3.698892003196819e-05,0.0005108561962855,7.718395658905749e-05,3.081285883773604e-05,2.7509082660538703e-05,2.584515428758087e-05,7.410593442803195e-05,7.638036567912255e-05,0.0005730750330679,6.956531902254084e-05,3.055396175092049e-05,0.0004028029052401,3.2537112297082356e-05,3.1545065243795294e-05,2.26056841660181e-05,5.4579129975991565e-05,9.544584391780468e-06,2.5220100019882732e-05,0.0004578031489278,4.0588837418762194e-05,0.0006296418310406,8.67144811233653e-06,2.2346718784447187e-05,0.0003779093801069,0.0005579203834333,8.842067088438124e-05,7.592700346306707e-05,6.589402051993447e-05,6.626637151986201e-05,6.544307223823211e-05,0.0001095715438344,6.10728410198666e-05,5.1464283291281906e-05,-4.646219851334561e-06,0.0002633967821689,-4.582665325050331e-05,1.6358960601278783e-05,-0.0005247683617287,0.0006728986305925,-0.0001711791616682,0.0010743192544805,0.0074413686196259,-0.0044792989320261,0.0093307608089757,-0.0060393149888318,0.0103455674804396,-0.0066209082840296,0.0083603216611104,-0.004960073214952,-2.1972109772405947e-05,2.0384524257813885e-05,0.0001755804403802,0.0004547133190952,-0.0001765048658294,0.0005136283577517,-4.120425618473439e-05,0.0005963235392274,-5.4906940721152566e-05,0.0006082985149712,3.322418892037003e-07,1.2017623144362356e-05,-2.2180009272753893e-06,1.617034450967502e-05,8.478103929924482e-06,1.137343190029585e-05,-1.7374494799316413e-06,3.616946151800946e-06,2.4181674106858783e-06,8.437676267547315e-06,-7.276814124733261e-06,4.668652299837443e-06,-3.005008641398748e-06,-2.6561260207402223e-06,3.221380020583452e-06,9.06485148960246e-06,1.1401822507998398e-05,-6.4415814475724685e-06,4.61633456916295e-06,-2.4904048848721507e-06,1.1389243629501482e-05,-2.0749798394150324e-06,-2.7665028605884112e-06,-6.598353715042649e-07,6.6405325223069396e-06,-6.874005300540056e-07,1.322013797705794e-06,-7.720026878179487e-06,6.900076031620328e-07,-7.150824293669004e-06,-6.363998045451853e-07,2.0009963528663744e-06,1.2407768947624414e-05,3.0767565891358737e-06,-4.0646566948015235e-07,7.0453654833217495e-06,-1.7358109538575368e-06,1.1119646087606778e-06,-1.875003097525513e-07,7.035752441113568e-06,1.5382641318379572e-06,1.339363820224954e-06,8.010556888362072e-07,-6.779507983452857e-06,-3.685961568768697e-07,7.283032902462652e-06,7.049884936922427e-06,4.719617037612571e-06,1.7200947931548365e-08,2.0780830898566883e-06,-8.052639226986092e-06,-2.9465036072142584e-07,7.3415391653577855e-06,2.135845984265064e-07,7.48006038350456e-06,7.184406089873119e-06,5.91724396136781e-06,1.371340899373313e-06,-3.2069518330835075e-08,6.158581415203592e-06,-6.661942455369254e-06,5.108530260511619e-07,-7.577557764707536e-06,4.005972688097056e-09,3.610187488762601e-06,-1.481358784985127e-07,8.356704869048084e-06,movement,movement,no movement,no movement
3549.99999999999,0.0534773427195137,0.3070055372912029,-0.2739066921333333,0.0608247106162869,0.3257559959311494,-0.2664366588333333,0.062776594474047,0.3263997923604362,-0.2558731684666667,0.0615146643836621,0.3260721914793357,-0.2592468883333333,0.0448840131760756,0.3344857759885062,-0.292684337,0.0463894547478355,0.3330953056644272,-0.3059911082,0.0504879537581485,0.3238129869751872,-0.2853039664333333,0.0672716234460405,0.3381619736431808,-0.1512320600333332,-0.0333364327255748,0.3009649650729747,-0.2129399857999999,0.0646630843346927,0.3063523751792114,-0.2166673749333333,0.0388720930515227,0.2788593714282161,-0.2624787637666666,0.1038535670048148,0.2358951681153264,0.0078161103296666,-0.11299468970353,0.2639844376381534,-0.0544944292233333,0.1331842412165588,0.0868708057191949,0.0035212297033333,-0.1378467758219639,0.0160624484653038,-0.11748065071,0.1548187414465678,0.0388740061553209,-0.086041387557,-0.0544923899031331,-0.0056006536259009,-0.20908792,0.1487494986865384,0.0381967421329631,-0.0975040922817333,-0.0064567730230349,0.0014911016115004,-0.2650010039333333,0.1407420138502931,0.0519822829880316,-0.1093637182833333,0.0170422518473666,0.0580707914352685,-0.2672161846999999,0.1568650815869882,0.0292352206697929,-0.093113663349,-0.0394870088021503,0.01664147758418,-0.21550265,0.0716427101339346,-0.1612258540903446,0.0620549301666666,-0.0696023097515295,-0.168788891028819,-0.0597098538,0.1068366483917498,-0.4967392356836197,0.0494614959299999,-0.0257127971091201,-0.4433729112782693,-0.0717765061033333,0.0749076389369929,-0.7504828474254096,0.2216002901333333,-0.0622552097585515,-0.7570762567043365,0.1119042908366666,0.0557002045177838,-0.7772497735647577,0.2447876011999999,-0.0634383248816409,-0.7843252668675355,0.0897696311533333,0.1027476807962502,-0.8099578095970968,0.2163290904,-0.0330104157679778,-0.8124579499950213,0.01223069454,nijmegen_nijmegen_rennen_g_ch1_g11_compr.mp4,ch1g11,1.0410371203802754e-05,0.000302323589457,3.0589315685012685e-05,0.0001426396873793,7.01972976481428e-05,0.0003224883116751,3.0545120515902935e-05,2.03937191019481e-05,4.5696018946802966e-05,4.614033406505324e-05,0.0004972874657171,8.285811915223692e-05,3.293805694955808e-05,2.9769084324704943e-05,3.256751394566421e-05,8.251640004626732e-05,8.985202512831099e-05,0.0005595920961134,7.504282637959087e-05,3.321648490363859e-05,0.0004132591246048,3.5900694002108214e-05,3.383909398398249e-05,2.6073039330582837e-05,6.280262039960589e-05,8.729889531079959e-06,3.0848509867521616e-05,0.0004449243524873,4.19265746630541e-05,0.0006153982454581,7.923040212222587e-06,2.646177273171368e-05,0.0003893878949619,0.0005574620664751,9.785496880636372e-05,4.1155481008757464e-05,1.810542409397655e-05,1.3911730190291467e-05,1.373681425859632e-05,7.345200190736034e-05,2.3457721024142223e-05,1.247482576285744e-05,-0.0001148975262777,0.0002045456665434,-9.525511880536436e-05,-1.470332422690247e-05,-0.0006462820277582,0.0006843631750091,-0.0003011421187977,0.0012581586900037,0.0072637106284925,-0.0044582337873783,0.0091403279668827,-0.006045487146464,0.0101270636484141,-0.0066908421028874,0.0081655126421276,-0.0049746902452859,-3.541529698546408e-05,3.5726966438258505e-05,0.0002587745371925,0.0005929784079611,-7.411496817578343e-05,0.0005606931973171,6.637690311900043e-05,0.0006423130584208,2.4594200170265737e-05,0.0006854489555692,3.649572310419314e-06,1.122799316352882e-05,5.912883446785001e-06,1.380042231121162e-05,8.994540944444875e-06,1.1067906635741957e-05,6.328239739089626e-06,4.7800636692109675e-06,4.0117663189873705e-06,8.810128859901967e-06,-1.4539833109050916e-05,4.641372467879959e-06,5.503932839086244e-06,5.506247144131011e-06,7.885012802503964e-06,9.176037021246616e-06,1.2909688821196187e-05,-1.49732510764745e-05,4.633016559134056e-06,6.037255850267816e-06,1.2004735846619222e-05,6.534517127177775e-06,5.568882297136519e-06,5.976803118824372e-06,7.543109470071247e-06,-6.883411527227506e-07,8.044911546903748e-06,-1.493818524658133e-05,1.1075779957197037e-06,-1.5288165235777226e-05,-6.051214041163478e-07,5.735312138084482e-06,1.2200075588350923e-05,3.0020866668868856e-06,-4.0260932413800466e-07,6.8221138183730225e-06,-2.3765352132127723e-06,3.0320903280499985e-07,-1.409967248641529e-07,6.7724221630596216e-06,1.3250568323421697e-06,1.1746826305403912e-06,9.321422005074649e-08,-8.160097726263222e-06,-8.070424676769619e-07,7.092436898944249e-06,6.873195658366352e-06,4.086991297869875e-06,-5.164448965372133e-07,1.143996895042213e-06,-9.617946515629053e-06,-6.948950634900204e-07,7.110213569246389e-06,2.915678748894379e-07,7.163354226990419e-06,6.9722440609140045e-06,5.622335709776749e-06,7.467543192402973e-07,6.025495693514803e-08,5.629090242601161e-06,-7.864646976498401e-06,4.375752135553986e-07,-9.219047314327231e-06,9.173055085217864e-08,3.2662852317860058e-06,-7.245124379453882e-08,9.185106630917938e-06,movement,movement,no movement,no movement
3566.6666666666565,0.0529939352028064,0.3070613713175728,-0.2750448835666666,0.0604106860068189,0.3257900833453491,-0.2675983533666666,0.0624085548701067,0.326428106892071,-0.2570324470333333,0.0611162180455742,0.3261012569159761,-0.2604080921,0.0444707349728112,0.3345853715655507,-0.2939099227333333,0.0459928558459503,0.333139974211137,-0.3071987489666667,0.0500626998241439,0.3238431978250349,-0.2865281117333333,0.06722335242221,0.337996960459287,-0.1523909660666666,-0.0337205237483762,0.3011436589783194,-0.2140599372333332,0.0642824938465462,0.3062594101016516,-0.2176612828999999,0.038369599380461,0.2788530751215035,-0.2635016798,0.1037139815246359,0.2351754970296589,0.006774163908,-0.1131404069209868,0.2646512936448836,-0.0548806606166666,0.1336457887755895,0.0865378666187837,-0.0007623995299999,-0.1397307293166099,0.0174110095631117,-0.1147779106266666,0.1535222707587988,0.0459476412236666,-0.092966801445,-0.0570383666528019,-0.0101560427311121,-0.2032224283333333,0.147070099724338,0.0471271451592477,-0.1051224720877333,-0.0090859193289864,-0.0046696430825761,-0.2583337758666666,0.1393105770599351,0.0618480738201483,-0.11626616039,0.0151112782222953,0.0513509009489125,-0.2608384280999999,0.1556418980954718,0.0371936431017928,-0.0998756553596666,-0.0417595465346521,0.0115692986696793,-0.219493762,0.0715117765541658,-0.1612684461507982,0.0623142134733333,-0.0694577666412963,-0.1687450949066327,-0.0600614788633333,0.1065501771958941,-0.4964528622490229,0.0478691331346666,-0.0263017999614837,-0.4427245656184583,-0.0731032673766666,0.0736930947801721,-0.7506282440376363,0.2191451788,-0.0633736100158278,-0.7565471873750403,0.1095983910133333,0.0543308312909961,-0.7772577077502184,0.2422389428333332,-0.0646549387000161,-0.783716733782391,0.0873985911766666,0.1010557258020433,-0.8099420383273886,0.2138259868666666,-0.0343276181558685,-0.8117473653846439,0.0098053116966666,nijmegen_nijmegen_rennen_g_ch1_g11_compr.mp4,ch1g11,1.5891461228489227e-05,0.0003133780832758,4.068280175557386e-05,0.0001530111429446,7.87551580355842e-05,0.0003336573306029,4.101888443312216e-05,2.4552387585630892e-05,5.042880536999573e-05,5.501320434658489e-05,0.0004772457822438,8.88665314315653e-05,4.2817166424377304e-05,3.9462561127652965e-05,4.191125707017275e-05,9.17820151149259e-05,0.0001034415574552,0.0005386924285285,8.103238063580072e-05,4.363245828460016e-05,0.0004262231595057,4.674249979814814e-05,4.373519574689363e-05,3.5460916669135044e-05,6.99628943700738e-05,8.010980432373554e-06,4.244936467640766e-05,0.0004273718899394,4.320706171219202e-05,0.0005934506661305,7.296273400775676e-06,3.4383541939359734e-05,0.0004021322633627,0.0005531921173719,0.000107056309016,-3.1742029375803556e-05,-6.773873596543346e-05,-7.658800580409583e-05,-7.63176569036255e-05,-2.8024585425223576e-06,-5.4007456121875675e-05,-6.628312034739947e-05,-0.0002482426791917,0.0001125587304406,-0.0001785162003948,-8.08358279531148e-05,-0.0007753338288608,0.0006800367153763,-0.0004471471249663,0.0014231843052638,0.0069751180839221,-0.0044142547801642,0.008814287336343,-0.0060498602109229,0.0097728119928882,-0.0067757886471537,0.0078563532299071,-0.0049762113972825,-5.068677411188681e-05,5.26512660726507e-05,0.0003150345134737,0.0007278975750007,1.3117979361926704e-06,0.0005993647170762,0.000144142112629,0.0006745792099726,4.716652446868602e-05,0.0007208677850919,6.654038064641669e-06,1.0645594853660428e-05,1.3005017946610549e-05,1.13676121726682e-05,8.580211856551087e-06,1.0845029238046207e-05,1.3322168062729226e-05,5.897652703687189e-06,5.233250094784232e-06,8.377549225442123e-06,-2.2997134186890183e-05,3.987372314181627e-06,1.296839182448194e-05,1.2700619217703944e-05,1.1564458622900107e-05,8.61466489492851e-06,1.3284605201633544e-05,-2.4907778825032573e-05,4.067287713684052e-06,1.3467548185528056e-05,1.2551075343738597e-05,1.3946038904122794e-05,1.2870621276954631e-05,1.1655606185406033e-05,7.685164634985493e-06,-5.858993096644518e-07,1.357276966911847e-05,-2.3116089025735284e-05,1.5483896385560697e-06,-2.47752574697522e-05,-4.740902041335743e-07,8.940324728486685e-06,1.2083297959550703e-05,2.608267127893081e-06,-4.336253684189552e-07,5.8028628208424515e-06,-2.55746423211929e-06,-3.848083098368558e-07,-2.826949218807477e-07,5.727745125138292e-06,1.1536953015757104e-06,8.954814122537177e-07,-6.357688152729393e-07,-9.103016096175012e-06,-1.4176970977802986e-06,6.073624184683664e-06,5.895282132396121e-06,3.3105624789375543e-06,-1.183596415225018e-06,1.201287950865525e-07,-1.06549769634768e-05,-1.2636272913510173e-06,6.048474034348116e-06,-2.057549109278967e-07,6.047191066520319e-06,5.953979568408069e-06,4.710390241132449e-06,1.8891352506559705e-07,1.611679631574628e-07,4.495157365567817e-06,-8.557034885895713e-06,3.6185271524569994e-07,-1.0492162535026517e-05,1.847709148105383e-07,2.576784742501621e-06,-3.073588963838534e-07,9.534743007763314e-06,movement,movement,no movement,no movement
3583.333333333323,0.0519225593306235,0.3070515177813585,-0.2760406615999999,0.0594945176795052,0.3257293883758843,-0.2685887798999999,0.0615394353368559,0.3263571666122686,-0.2580244650333333,0.0602128372272985,0.3260301437816526,-0.2613991425,0.0435051349708048,0.3346042984037675,-0.2949205185,0.0450400420279204,0.3331052838359593,-0.3081927239666667,0.049086287442093,0.3237946313108331,-0.2875401379999999,0.0670947797606875,0.3377094495651658,-0.1532896193333333,-0.0344147600493415,0.3012467524912633,-0.2147681437333332,0.0634817628748328,0.3060851985385661,-0.218511043,0.037372955490639,0.278785525817134,-0.2643256951333332,0.1037711353100497,0.2343106186183742,0.0058973766646666,-0.1134258330387943,0.2653244968287572,-0.0549155071666666,0.1343616269316937,0.0859062741495146,-0.0049844397866666,-0.1417591440096007,0.0189277089518208,-0.11150619592,0.1523351615280735,0.0525732673928162,-0.0998030097186666,-0.0599469746676515,-0.0144056169215538,-0.1969556476433333,0.1455040552442325,0.0555987754262437,-0.1126315365420666,-0.0121366575717604,-0.0105454173993595,-0.2513091717666667,0.1379506381357002,0.0712869742452152,-0.1230817613333333,0.0127764407667369,0.0447332805207542,-0.2541945327666667,0.1545144953129252,0.0447002081125004,-0.1065470765063333,-0.0443857872856266,0.0067236949428385,-0.20545961,0.0714146992595388,-0.1613249277097019,0.0624618790133333,-0.0693487309096663,-0.1686860656738843,-0.0602971695366666,0.1061812319436261,-0.4961288095942969,0.0463185831523333,-0.0269358054980952,-0.4419595938892158,-0.0742143883566666,0.0723744340513572,-0.7506275065820877,0.2170709019,-0.0646498230070816,-0.7559902150343556,0.1075078365866666,0.0528711741759601,-0.7771161037468008,0.2401435857666666,-0.0660392431605457,-0.7830929528793029,0.0852563599,0.0991123689304441,-0.809836006508521,0.2116297280666666,-0.0358509157156548,-0.8110777126641181,0.0072487669666666,nijmegen_nijmegen_rennen_g_ch1_g11_compr.mp4,ch1g11,2.3955409109765105e-05,0.0003241926761372,5.6727468062109695e-05,0.0001608405369166,8.4651538262377e-05,0.000344782731499,5.731461276015794e-05,2.9613607677047417e-05,5.683907791198344e-05,6.342993179360177e-05,0.000457282506634,9.411769916361888e-05,5.890142658838896e-05,5.5214388407707896e-05,5.4115213536725106e-05,0.000100932829612,0.0001150860054063,0.0005176166058248,8.62871131745357e-05,6.0224682424938056e-05,0.0004400983449234,6.376272172429824e-05,5.971441490452129e-05,4.958960863189895e-05,7.52984667318514e-05,7.503246917690846e-06,5.845985607010896e-05,0.0004067687920865,4.45370365480145e-05,0.0005680126143881,6.908145292366606e-06,4.4701996648182e-05,0.0004152355236194,0.0005471378949847,0.0001145221593935,-0.0001446634012182,-0.0001894570820156,-0.0002026307559224,-0.0002018234347017,-0.0001177907308669,-0.0001701280317432,-0.0001835417360228,-0.0003894446042188,-3.602512830443593e-06,-0.0002921161016658,-0.0001810185876495,-0.0008919436258784,0.000664926037095,-0.0005786588116389,0.0015582405702935,0.0066132918767487,-0.0043504477933775,0.0083953287786973,-0.0060409359571292,0.0093320551190469,-0.0068482132575458,0.0074736901840148,-0.0049583546930745,-6.761929926865375e-05,7.082527654125165e-05,0.0003317399297901,0.0008566566974604,2.5560641467964568e-05,0.0006411458081745,0.0001686690975147,0.0007083265813525,1.8236114536179053e-05,0.0007384584671578,9.012106352338709e-06,1.063811145888359e-05,1.81269652422312e-05,8.993997884902697e-06,7.552271532794506e-06,1.0958416065104255e-05,1.834492139991804e-05,6.910693095329012e-06,6.063068011769535e-06,7.238927440060616e-06,-3.225162910897481e-05,2.381722089537706e-06,1.837221217343249e-05,1.7962599157600065e-05,1.3990664002362608e-05,7.1354580210595945e-06,1.2586857051888902e-05,-3.583428329511809e-05,2.629267591734458e-06,1.8807106465107737e-05,1.2786557993353416e-05,1.9175889737469243e-05,1.814522663660243e-05,1.5673160173079444e-05,7.32906118128417e-06,-3.448400048367039e-07,1.7181716029564227e-05,-3.1692322579491914e-05,1.95149974688263e-06,-3.547302193694599e-05,-2.134918700585913e-07,1.113401443079274e-05,1.2297745099001986e-05,1.9594811237446574e-06,-5.931436022201263e-07,4.1629894535250626e-06,-2.438018376922897e-06,-8.795127699910468e-07,-6.660107724335062e-07,4.078409438171947e-06,9.963139268324729e-07,5.398184163635001e-07,-1.313122192889491e-06,-9.491265262438675e-06,-2.0743458224451037e-06,4.40368693379319e-06,4.284851421929499e-06,2.455036063084337e-06,-1.9018938625358749e-06,-8.443769414663841e-07,-1.1027776210671476e-05,-1.883011135430278e-06,4.3381763059268e-06,-1.2318202090960992e-06,4.308523166070081e-06,4.305381535216069e-06,3.3369166423685294e-06,-2.5153569467292785e-07,2.5161394247143585e-07,2.940463749073652e-06,-8.523574839763277e-06,2.673672549510085e-07,-1.115118785349086e-05,2.647152827318421e-07,1.6511715899360831e-06,-9.023900009600736e-07,9.21814965484715e-06,movement,movement,no movement,no movement
3599.9999999999895,0.0505004925787164,0.3068456517197213,-0.2779043123333333,0.058227897898763,0.3254538314254876,-0.2705186153666666,0.0603171553892553,0.3260662449965918,-0.2599445854333333,0.0589593969893169,0.3257397023419719,-0.2633119489,0.0421811299198845,0.3344142266719959,-0.2967374875999999,0.043730853383586,0.3328605550295879,-0.3099961558666667,0.0477537750039361,0.3235354156164781,-0.2893556358666666,0.0668522848290462,0.3372101581623313,-0.1551822540666666,-0.0353001384600192,0.3011555388533707,-0.2159776213333333,0.0624205646000802,0.3057181876551517,-0.2202390844666666,0.0361070894702195,0.2785443015747312,-0.2658828783999999,0.1040507498815553,0.2332929608371419,0.0039520535079999,-0.1138123547485555,0.2660052393308696,-0.05509328932,0.1352501050528269,0.0851041623107209,-0.0099986529033333,-0.1439132251822321,0.020634753314454,-0.1083543547199999,0.1513145292350893,0.0587029462962085,-0.1067584072473333,-0.0632960834264304,-0.0186634674991453,-0.1910669881366666,0.1440286433136701,0.0634893172608822,-0.1201652885527333,-0.0157093819527433,-0.016546832697049,-0.2446520531666667,0.1366104379881583,0.0800804253303383,-0.1299677108333333,0.009906730746903,0.0378088379874786,-0.2479705209,0.1535115783575772,0.0516611483849547,-0.113326739683,-0.0474551098887588,0.0017912735069123,-0.227959707,0.0713481594183925,-0.1614028834182497,0.0624502733666666,-0.0692716173539241,-0.1686045039938976,-0.0603742328799999,0.1056945161173172,-0.4958088944012965,0.0446602182716666,-0.0275625309153988,-0.4410751343112002,-0.07525974927,0.0709413329334931,-0.7506522425086977,0.2150366673333333,-0.0660254786658236,-0.7554334748141771,0.1056206985233333,0.0512960081470318,-0.7770062463997137,0.2380826230666666,-0.0675347813115857,-0.782471940714035,0.08334648763,0.0969273800880041,-0.8098802059260167,0.2094741966,-0.0375475856448775,-0.8104178426699339,0.0046288626233333,nijmegen_nijmegen_rennen_g_ch1_g11_compr.mp4,ch1g11,3.383441543836616e-05,0.0003353299452248,7.73945201105044e-05,0.0001691057982579,9.065033877264216e-05,0.0003562465146456,7.813010510250303e-05,3.726040887791538e-05,6.342790554712264e-05,7.012665551837423e-05,0.0004277075751374,9.804873085001082e-05,7.993494521064274e-05,7.575207125934978e-05,6.905292538802438e-05,0.0001095254752654,0.0001252670021189,0.0004851747106423,9.043243064938688e-05,8.168606086481127e-05,0.0004539247916378,8.546849717988041e-05,8.047772197857002e-05,6.710281023124375e-05,8.152382911929783e-05,7.2612797849738945e-06,7.738213384659797e-05,0.0003757813824623,4.654449829691722e-05,0.0005361068783524,6.809219584463985e-06,5.688946454582937e-05,0.0004281605332997,0.00053574517924,0.0001217545039307,-0.000298700906901,-0.0003460492012474,-0.0003622446350865,-0.0003604366049212,-0.0002681158310483,-0.0003232678962389,-0.000338018767261,-0.0005301284257868,-0.0001366188572561,-0.0004346549512068,-0.0003168584877304,-0.0009933738445488,0.000645663606646,-0.0007286938790178,0.0016625395852972,0.0061277783180626,-0.0042620120618012,0.0078262167119665,-0.0059997120097256,0.0087211156779178,-0.0068919884716827,0.0069596531741216,-0.0049132610993266,-8.608216845344006e-05,9.013791556894704e-05,0.0002984050483904,0.0009623761262792,-2.6777788922341183e-05,0.0006703098585905,0.0001159118220703,0.0007277594286206,-7.783225872519509e-05,0.0007117341481239,1.0496187467015175e-05,1.0352022085911e-05,2.10430414096035e-05,6.9013517426782245e-06,6.045960364676e-06,1.0439929815742018e-05,2.117973502861892e-05,7.879542044227205e-06,6.320450849071078e-06,5.657813368370515e-06,-4.117145346798767e-05,-1.5806717124807114e-07,2.149639195531047e-05,2.103027766689393e-05,1.5533314774925098e-05,4.766342264361597e-06,1.0831213724677116e-05,-4.638000330120427e-05,3.240929857278087e-07,2.184206036802708e-05,1.129310298756222e-05,2.2107002308399833e-05,2.118454282667063e-05,1.7926176008069275e-05,6.519414805490516e-06,-1.6632677154510113e-08,1.8928563028257828e-05,-3.954568677324451e-05,2.224242201434104e-06,-4.615133260430426e-05,1.2499667717025665e-07,1.2272440746954011e-05,1.1598763641940731e-05,1.1578212723330987e-06,-1.0150286236384991e-06,2.151791747726572e-06,-2.242348915387454e-06,-1.2041524376227602e-06,-1.3666318169411804e-06,2.073954086018321e-06,7.820643732000358e-07,1.947169223859168e-07,-1.8339195394693204e-06,-8.729315592910114e-06,-2.615460140327413e-06,2.3290279343189185e-06,2.28568173050338e-06,1.5859426208771252e-06,-2.568955144835699e-06,-1.655217987336004e-06,-1.0069972546253352e-05,-2.4083750751256705e-06,2.2325829471083386e-06,-2.707745311812202e-06,2.222228423366121e-06,2.2697707036575707e-06,1.713327037373287e-06,-6.046528319159944e-07,3.158291315829559e-07,1.2015766661677745e-06,-7.323897935487526e-06,1.3696365419917304e-07,-1.0711065949275806e-05,3.1676458663555545e-07,6.12169672857069e-07,-1.8865873157644537e-06,7.887528556607437e-06,movement,movement,no movement,no movement
3616.666666666656,0.0488778904120244,0.3064372731232889,-0.2801368360999999,0.0567714654139551,0.3249892348717775,-0.2728403156333333,0.0589023582754693,0.325581373427774,-0.2622563053999999,0.0575160294369064,0.3252583188498006,-0.2656120062333333,0.040654676751545,0.3340190477096589,-0.2988756094999999,0.0422226273787376,0.3324133807700049,-0.3121268153,0.0462219861368577,0.3230755746195627,-0.2914921961333333,0.0665661381268879,0.3365784875094628,-0.1575117034333333,-0.0362711039268433,0.3008871128216828,-0.2172707848333332,0.0612225119852467,0.3051614474073563,-0.2223669817,0.0347035448921923,0.2781123257539763,-0.2677472078999999,0.1045445214836001,0.2321785412822315,0.0015898145813333,-0.1142484190661749,0.2665483531521475,-0.05529026814,0.1363500418346802,0.0841759864462198,-0.015473289,-0.1461433166104929,0.0222440124190579,-0.1053508232599999,0.1504561117551857,0.0645184227946714,-0.1140595040303333,-0.0669652784652457,-0.0228501312879946,-0.1858856117366666,0.1426749163815843,0.0710026771637607,-0.1280466658423999,-0.019682273967575,-0.0224927649798663,-0.2388172750333333,0.1353053543730262,0.0885131097807993,-0.1372967641866666,0.006671972075254,0.0308822139356961,-0.2426940778333333,0.1526223718668738,0.0583063722633912,-0.1204744798896666,-0.0508405775811391,-0.0030956135355318,-0.212968,0.0713260589833186,-0.1614961538898972,0.06233522299,-0.0692398753041016,-0.1685062232815376,-0.0603434283333333,0.1051281799332167,-0.4955682429897735,0.0429881858903333,-0.0281904791258559,-0.4399874345744768,-0.0763654360433333,0.0695184693158915,-0.7505528247019922,0.2131079504333333,-0.0673671320948636,-0.7546716553670255,0.1036043445533333,0.0497270589708366,-0.7767546171657396,0.2361548662999999,-0.0689916557035753,-0.7816655432485525,0.08129403062,0.0947142078751335,-0.8100037818573999,0.2073654150333333,-0.0392417776290071,-0.809743938043021,0.00185397056,nijmegen_nijmegen_rennen_g_ch1_g11_compr.mp4,ch1g11,4.509774516411882e-05,0.0003439797930079,0.0001014070325114,0.0001749887195646,9.53902963263234e-05,0.0003646582938938,0.0001021622038723,4.5779296358787056e-05,7.044855719786744e-05,7.433321452261168e-05,0.0003862466770853,9.729168791642557e-05,0.0001047289457188,9.9783098801583e-05,8.623396664311948e-05,0.0001134030622762,0.0001338422768347,0.0004380186376648,9.028127582220896e-05,0.0001068140716341,0.0004626262501207,0.0001106738816236,0.0001049082307291,8.715800411840308e-05,8.718997333465174e-05,7.397848949471017e-06,9.83720273066038e-05,0.0003345256190681,4.8811195311571994e-05,0.0004912294347524,7.091593895076547e-06,7.053167939845189e-05,0.0004371987062846,0.0005179641269321,0.0001255101598046,-0.0004962216724068,-0.0005399763715186,-0.0005580467281872,-0.0005544533156313,-0.0004588851905661,-0.0005163381163104,-0.000532393657636,-0.0006703435663205,-0.0002917600710236,-0.0006078611880498,-0.0004899477468817,-0.0010905692226612,0.0006051144498473,-0.0009060824124591,0.0017240637497389,0.00548583381343,-0.0041338118860547,0.007066566037233,-0.0058838078680002,0.0079297051363292,-0.0068297225600175,0.0062842458323102,-0.0048113602209347,-0.0001061015594134,0.0001106418457509,0.0002144258647048,0.0010542096059259,-0.0001381029408011,0.0007038982920416,3.048894091553939e-06,0.0007515599248228,-0.0002122584960224,0.0006912985271843,1.113663728899212e-05,9.510750667853748e-06,2.1822897782810373e-05,5.141183872497875e-06,4.451703200725169e-06,9.07949684330656e-06,2.190217128690245e-05,8.844462141825446e-06,6.081041268964355e-06,3.564175655720991e-06,-4.95073398758521e-05,-3.3462043029517673e-06,2.2391090177177167e-05,2.195465524394427e-05,1.6346691923041445e-05,1.7928053590100436e-06,8.599608587609647e-06,-5.604995843786352e-05,-2.611999072937861e-06,2.26322157656592e-05,8.055836878773505e-06,2.2848056725728795e-05,2.204494957539801e-05,1.850230425572152e-05,5.584380014476296e-06,3.654109076447595e-07,1.8977789093108365e-05,-4.6374999848912554e-05,2.481101452045768e-06,-5.662156011151713e-05,5.046753003769825e-07,1.2372146739076662e-05,9.643189597305657e-06,3.05015430741455e-07,-1.6656686798016517e-06,6.854846921541398e-08,-2.002521854575818e-06,-1.373719590710316e-06,-2.276171652777468e-06,1.0163963762485873e-08,5.285939702923263e-07,-1.1587989006341145e-07,-2.1456886029429535e-06,-6.568631764118419e-06,-2.821898947197931e-06,1.6525610713043145e-07,1.959582253886752e-07,7.834640001835136e-07,-2.972421923258601e-06,-2.296988159172984e-06,-7.491413590637482e-06,-2.633379086538436e-06,4.962080978212348e-08,-4.324046855924722e-06,9.058045700509904e-08,1.5644184389603656e-07,6.126333326605822e-08,-8.756201625005893e-07,3.413583325651851e-07,-4.808558813187463e-07,-4.880109910941096e-06,-1.2068371986331832e-08,-8.705761114679253e-06,3.301627356946768e-07,-4.210593753983492e-07,-3.1071052818681006e-06,5.586934267679817e-06,movement,movement,no movement,no movement
3633.3333333333226,0.0467597225872343,0.3059390566275757,-0.2826751351666666,0.0548644858387467,0.3244348600990262,-0.2754745627666666,0.0570311329711276,0.3250064553135807,-0.2648747097,0.0556195433937792,0.324686984284067,-0.2682190736333333,0.0386373053690905,0.3335396527210963,-0.3012602592333332,0.0402163463025919,0.3318832266743345,-0.314505287,0.0441865283719302,0.3225335554515289,-0.2938756095333333,0.0661481589738339,0.3358641431820697,-0.1600885264666666,-0.0375242342860199,0.3005688281060868,-0.2185726456333332,0.0596624819394029,0.3045305931945275,-0.2247823337666666,0.032885283199333,0.2776159677136307,-0.2698434714666666,0.1051433742736888,0.2310337643419104,-0.001129776292,-0.1148698147757133,0.2671547956890347,-0.05542109301,0.1376116588758338,0.0831737649686489,-0.0210834166133333,-0.1485396430243524,0.0239840977066162,-0.1024461963999999,0.1495417915103114,0.0698114925542246,-0.121244568954,-0.0711863181660531,-0.0268298520920476,-0.1811205954033333,0.1411679985593049,0.0778405476683824,-0.1358966103223999,-0.0243222778326077,-0.0282138760002169,-0.2334736565333333,0.1338044661881421,0.0962409185149634,-0.1446308473333333,0.0027629326061485,0.0241511661719157,-0.2379397322333333,0.1516353080931224,0.0644022900745236,-0.1275304636396666,-0.0548071328525128,-0.0077737583209468,-0.214692011,0.0713532609714459,-0.1616145590617949,0.0620656072166666,-0.0692573116055483,-0.1683820315033814,-0.0601522799633333,0.1044250134468329,-0.49536929630097,0.0412343033553333,-0.0288168847360592,-0.4388798413784955,-0.0774138470999999,0.0681228330967775,-0.7506635923315322,0.2112051799333333,-0.068716154409628,-0.7539294211739146,0.1017079210699999,0.0481865758853633,-0.7767345380653107,0.2342504243999999,-0.0704561147995074,-0.7808828199758456,0.0793636641633333,0.0925048119190728,-0.8103525769839541,0.2052174926,-0.0410036336355754,-0.8091181110273561,-0.0008284249699999,nijmegen_nijmegen_rennen_g_ch1_g11_compr.mp4,ch1g11,5.669662126788009e-05,0.0003523787588142,0.0001250359627869,0.000179095947149,9.934440987806908e-05,0.0003726326474298,0.0001257879945025,5.50741468091616e-05,7.702273676487148e-05,7.643903301519403e-05,0.0003327435872616,9.18341710160927e-05,0.0001291448143114,0.0001236466126688,0.0001034843089296,0.0001138743112861,0.000140811896642,0.0003767397991906,8.57190034148245e-05,0.0001313786105132,0.0004687918910375,0.0001354711723141,0.0001288475141731,0.0001069689149518,9.278553677025708e-05,7.981751985368565e-06,0.0001182332984181,0.0002841807160022,5.092358623709687e-05,0.0004317664606442,7.813047725652928e-06,8.293720044810678e-05,0.0004449161260873,0.00049770857888,0.0001263206371903,-0.0007139645712115,-0.0007470632930024,-0.0007655089951385,-0.0007601208314775,-0.0006649356977865,-0.0007237852704144,-0.0007404088290898,-0.0008016999984987,-0.0004444065342921,-0.000793901705117,-0.0006787155554256,-0.0011702333681156,0.0005582544163736,-0.00108059667878,0.0017175094905787,0.0047497732075867,-0.0040021401576737,0.0061794723920811,-0.0057312773440606,0.0070149699592809,-0.0066971425423385,0.0055048095153008,-0.0046924924793194,-0.0001255584637565,0.0001302690849005,9.32535786798329e-05,0.0011003690576821,-0.0003083670834817,0.0006923220930959,-0.0001749081298663,0.0007291863932652,-0.0003773338335594,0.000644100239543,1.0966627875694445e-05,7.587290496908102e-06,2.05042440120514e-05,3.371219566020197e-06,3.306066440936632e-06,6.36335311156328e-06,2.0548495527321772e-05,9.498990671723534e-06,5.608798366674131e-06,1.2808243877148087e-06,-5.588480157369205e-05,-6.7186446018386175e-06,2.106530763603015e-05,2.0751848685124105e-05,1.681607316884834e-05,-1.5625896198465449e-06,6.1855374633151915e-06,-6.328700913761304e-05,-5.746709963908614e-06,2.119180359224182e-05,2.7768969878122985e-06,2.1448183233864783e-05,2.0748156149110608e-05,1.747285951193593e-05,4.879791758130041e-06,7.202884783530357e-07,1.73846102820144e-05,-5.0920647877316466e-05,2.3976138295981075e-06,-6.526088180178375e-05,8.43363785670568e-07,1.1354228705713617e-05,5.877062486646338e-06,-4.935859017180672e-07,-2.6104139311400055e-06,-1.7409360645892892e-06,-1.8072877057016268e-06,-1.4590065949882974e-06,-3.416455519396609e-06,-1.775333955308858e-06,2.211489765712255e-07,-3.633352161462627e-07,-2.251546576699648e-06,-2.9983958409353405e-06,-2.6164081316972733e-06,-1.716049436961712e-06,-1.6378523648712848e-06,1.0855227419546766e-07,-3.070986016022155e-06,-2.7600599247287583e-06,-3.3385259735036314e-06,-2.4798321672978857e-06,-1.8362824487108605e-06,-5.942667623501404e-06,-1.7488805611369908e-06,-1.6701176136667631e-06,-1.3737056508406264e-06,-1.119950095357489e-06,3.220425189500113e-07,-1.8524994912185536e-06,-1.3006120520878384e-06,-1.5241555496705098e-07,-5.013951627888283e-06,3.0016318271460285e-07,-1.2449382449004311e-06,-4.5341988378949086e-06,3.4327722105230363e-06,movement,movement,no movement,no movement
3649.999999999989,0.044429624351661,0.3050983165948462,-0.2854228685666666,0.0526970927873252,0.3235703586315599,-0.2783431262,0.0548985791806497,0.3241231672191779,-0.2677242527999999,0.0534687239569641,0.3238092827682511,-0.2710630973333333,0.0363780199638341,0.3327534808639886,-0.3038610890333333,0.037967621701005,0.3310369995392899,-0.3170903939,0.0419079676908595,0.3216665025364439,-0.2964744833,0.0655686253069989,0.3350035632669752,-0.1629738976666666,-0.038942592462541,0.3000492040791767,-0.2200052069999999,0.0579428977476307,0.303648497213603,-0.2274048904333333,0.0309185366586364,0.2768411890932109,-0.2720794320666666,0.1058020442283286,0.2298847108332612,-0.0041251483586666,-0.115578088288831,0.2677116231787907,-0.05548708926,0.1389971358059017,0.0821779616437959,-0.0265596417866666,-0.1511937316522267,0.0256721226313825,-0.0995954001033333,0.1486391331322458,0.07433570126115,-0.1277243609373333,-0.0756926151594605,-0.030766251670156,-0.1763403260033333,0.1396191027169197,0.08362485691423,-0.1428317606390666,-0.0292254014987364,-0.0339109427605948,-0.2280969460333333,0.1321887807285846,0.1027907122540564,-0.1510769302366666,-0.0014831794316821,0.0174600605891716,-0.2331258187333333,0.150624572584504,0.0696384356836434,-0.133832769953,-0.0590880511269323,-0.0123964319943971,-0.186385557,0.0713966743800244,-0.1617508338708464,0.06166896134,-0.069288779046179,-0.1682416250572961,-0.0598404218833333,0.1034335681492781,-0.4953354253484631,0.0390308950726999,-0.0294088788553813,-0.4377901906419884,-0.0784535526499999,0.0667204829584047,-0.7510852125674484,0.2085395961666666,-0.0699776717508124,-0.753196666887234,0.1000496223633333,0.0466589309308064,-0.7770240967290257,0.2314909175999999,-0.0718223618670817,-0.7801116358678168,0.0776823723366666,0.0903036368842697,-0.8108430096132924,0.2018919006333333,-0.0427247445837543,-0.8084998461967687,-0.0031335397799999,nijmegen_nijmegen_rennen_g_ch1_g11_compr.mp4,ch1g11,6.748833692549609e-05,0.0003582774402577,0.0001454323211526,0.0001817282073325,0.0001015726780392,0.0003778300678814,0.0001461896517641,6.499525928236409e-05,8.214320376093392e-05,7.620322975498022e-05,0.0002699572307752,8.249656980362723e-05,0.0001502388244335,0.0001444450628996,0.0001195864335177,0.0001107688011731,0.0001459803693518,0.0003047787233781,7.747853220253056e-05,0.0001524641812917,0.0004699963744702,0.0001568258855226,0.000149495637064,0.0001242053906922,9.7024028786718e-05,8.933410912056789e-06,0.0001347993959101,0.0002277932692092,5.3167576629571546e-05,0.000358579671697,8.884037123168643e-06,9.341982232054038e-05,0.0004492345083911,0.0004770519406903,0.0001241635418078,-0.0009283058163632,-0.0009475538733567,-0.000964940485045,-0.0009579296462017,-0.0008664424206725,-0.0009243207874764,-0.0009410857992137,-0.0009188668270217,-0.0005824193674264,-0.0009738582020486,-0.0008616332073101,-0.0012246018571151,0.0005058926787174,-0.0012198931538182,0.0016674296412215,0.0039777550921303,-0.003836952344812,0.0052147064141218,-0.005512741827122,0.0060189524187197,-0.0064590986143384,0.0046747860430693,-0.0045198114734587,-0.0001439963940118,0.0001487094220061,-5.1909603654830665e-05,0.0011036241348303,-0.0005044081136549,0.0006446210489479,-0.0003823637482907,0.0006707448229809,-0.0005672883498633,0.0005703087751976,1.0009340256812152e-05,4.373893068537217e-06,1.7537458556406356e-05,1.5307958439140558e-06,2.148099316327446e-06,2.208616831949112e-06,1.7568651642092458e-05,9.515372006375414e-06,4.899417602888007e-06,-9.607287488285696e-07,-5.820391410451161e-05,-9.566666431927012e-06,1.804976344731738e-05,1.7863320364691564e-05,1.6830877407903348e-05,-4.731389567295963e-06,3.4383433757022272e-06,-6.571695363487073e-05,-8.448056563059484e-06,1.8060474666893505e-05,-4.3689103554035496e-06,1.8495772579315265e-05,1.7817073833892785e-05,1.5220097427996352e-05,3.91414105556255e-06,1.018446447746e-06,1.4669404230069229e-05,-5.1450855226681456e-05,2.0820154162467248e-06,-6.943159242725418e-05,1.1137217697644749e-06,9.485355090289466e-06,3.365373823584535e-07,-1.1458908199873653e-06,-3.6835409442917447e-06,-3.0368399474384895e-06,-1.7357949866729236e-06,-1.5315225804785637e-06,-4.564493904443843e-06,-3.049914348153015e-06,-1.590053547463404e-07,-5.321045952260698e-07,-2.146538393045577e-06,1.6767744909829176e-06,-1.998482376391923e-06,-3.061626259687741e-06,-2.969577142658476e-06,-4.296047625521758e-07,-2.821903513411715e-06,-3.0964957826470557e-06,2.005397646867653e-06,-1.9467227044373935e-06,-3.1731328157284164e-06,-7.214986159133813e-06,-3.059740124696595e-06,-2.971063345940034e-06,-2.417224567347552e-06,-1.3724327377766918e-06,2.6191949745181413e-07,-2.7615340205890465e-06,3.064347822119254e-06,-2.7605090976173244e-07,1.5189830641535865e-07,2.321457302414022e-07,-1.7764836859395985e-06,-5.888701502893811e-06,5.114317740517019e-06,movement,movement,no movement,no movement
3666.666666666656,0.0419185361398686,0.3040302322146441,-0.2883722295999999,0.0503716916685845,0.3225081854120162,-0.2814452628333333,0.0526053910820021,0.3230424984277862,-0.2708061486999999,0.0511581333505226,0.3227368428352298,-0.2741401588333333,0.0339430730832628,0.3317776175329625,-0.3066477418,0.0355394964568636,0.3300015770689229,-0.3198619095666666,0.0394479250043765,0.3206154174138527,-0.2992558386666666,0.06490644420727,0.3340459815040129,-0.1660381957999999,-0.0404882984140658,0.2994525048040026,-0.2214967948666666,0.056076501580213,0.3025834630432262,-0.2302166869,0.0287913299508548,0.2758890528138125,-0.2744676252666666,0.1065028600865435,0.2287293264414721,-0.0071703603419999,-0.1163718873413281,0.2682538305563727,-0.0555549079233333,0.1406686252721989,0.0811275193334483,-0.0319780351733333,-0.1538841738587746,0.0272867186573002,-0.0969088988133333,0.1478627177101388,0.0780979258962553,-0.1341554455773333,-0.080480536288672,-0.0345808205979675,-0.17275360907,0.1381753954925332,0.0884883825259133,-0.1496743744757333,-0.0345109471404228,-0.0393919369232028,-0.2241159607666666,0.1306114045147502,0.1083890843853119,-0.15748760225,-0.0061194589570185,0.0110442033097354,-0.2296920547333333,0.149707151949797,0.0740415886444112,-0.140082572273,-0.0636740499039613,-0.016878980828538,-0.178651825,0.0714692971703361,-0.1619043366147334,0.0611900491933333,-0.069348230374451,-0.1680843169508142,-0.0594402037633333,0.1023608804562687,-0.4953429587014397,0.0368270874156666,-0.0300057044311756,-0.4367083597015146,-0.0795075626933333,0.0653784221268067,-0.7516774821935133,0.2058279628333333,-0.0710576000073651,-0.7525893980234373,0.0983886095366666,0.0452319690896489,-0.7775111609183666,0.2286739757666666,-0.0729670128878967,-0.7794827092632108,0.07599553183,0.0881537690923732,-0.8114683669750209,0.1984821235333333,-0.0444192214975317,-0.8079177329820634,-0.0054153511166666,nijmegen_nijmegen_rennen_g_ch1_g11_compr.mp4,ch1g11,7.686429481370597e-05,0.000361717327062,0.0001598548616358,0.0001847201250864,0.000102923851142,0.0003791387739479,0.000160643886746,7.500345413304158e-05,8.591644382759753e-05,7.390379088697024e-05,0.0002077826199108,6.944290213951812e-05,0.0001650740770302,0.0001593780032893,0.0001343927835258,0.000102678926545,0.0001487610027345,0.0002336392342169,6.563296565974818e-05,0.0001671207282544,0.0004644027733464,0.0001717375969034,0.0001640416480292,0.0001366442829258,0.0001003734780242,1.0165663805600145e-05,0.0001460392805477,0.0001739435299517,5.586543022295863e-05,0.0002834348767237,1.0202645087372923e-05,0.0001015346441075,0.0004487678036505,0.0004618210921826,0.0001199271498534,-0.0011212632402576,-0.001124661159063,-0.0011400198395737,-0.0011312530676223,-0.0010464896538845,-0.0011011465809087,-0.0011172036194383,-0.0010217118471635,-0.0007022545997812,-0.0011317364355571,-0.0010244366321032,-0.0012571499461115,0.0004421406567675,-0.0013129177946494,0.0015599949962442,0.0031843424435966,-0.0036406311800408,0.0041877673682335,-0.0052233088860802,0.004946876318598,-0.0061019509575126,0.0038038858843786,-0.0042925643628032,-0.0001603207103857,0.0001650325267706,-0.0001932538112911,0.0010742732180487,-0.000714160205165,0.0005650533616265,-0.0006080990865836,0.0005828226354366,-0.0007627856081976,0.0005036120359387,8.544632872824291e-06,8.498606197349237e-08,1.3670997757183087e-05,-2.409072479678551e-07,1.0299816178808336e-06,-3.0604951343410655e-06,1.3707999836066334e-05,9.208388372628432e-06,4.257560388132494e-06,-2.9685288874252765e-06,-5.543760485774244e-05,-1.146002746957945e-05,1.4097687953544574e-05,1.4037192366991071e-05,1.634857174237271e-05,-7.505266437497148e-06,7.170526257396068e-07,-6.242416926840838e-05,-1.0349952231802571e-05,1.4006648873285836e-05,-1.2527109577032271e-05,1.4641829458806469e-05,1.3990140728350182e-05,1.2222115688194634e-05,2.7940775805781966e-06,1.2288884066607963e-06,1.1361586604408094e-05,-4.725858616963198e-05,1.6179287733602468e-06,-6.808173612482454e-05,1.2872448879551305e-06,7.253869764373756e-06,-6.4160249334950185e-06,-1.5867680383431187e-06,-4.7369071553659616e-06,-3.6527429556466858e-06,-1.8525896626243728e-06,-1.6487663856711012e-06,-5.507256294887458e-06,-3.650790561887047e-06,-5.829661362979675e-07,-6.539422207903102e-07,-1.8732560271091332e-06,6.723585270519674e-06,-1.0230757631298627e-06,-3.6985817129444928e-06,-3.624784369792817e-06,-8.939465729767449e-07,-2.186490088191162e-06,-3.2913075376220477e-06,7.685029388673054e-06,-1.0789689038705414e-06,-3.789480515488277e-06,-7.836039127825823e-06,-3.6763529016225262e-06,-3.58600021814424e-06,-2.948059695463061e-06,-1.659115075408809e-06,1.701785803114709e-07,-3.1182595068419996e-06,7.52516815665765e-06,-3.697685462862254e-07,6.000616339581584e-06,1.364018808040825e-07,-1.9875001504747056e-06,-6.897423024415997e-06,9.12675594710032e-06,movement,movement,no movement,no movement
3683.333333333322,0.0393330308365833,0.3026782172023629,-0.2914641594333332,0.0479704729061812,0.3211698445483506,-0.2847350313999999,0.0502368180562823,0.3216907237658641,-0.2740727921999999,0.04877626324384,0.3213950550165637,-0.2774088556999999,0.0314524855419554,0.3305139897841684,-0.3095919817666666,0.0330590496542937,0.3286844067001297,-0.3227948822666666,0.0369368447683607,0.3192841317155883,-0.3021962907666666,0.0641139642040613,0.3329055494287493,-0.1693587221333333,-0.0420721432423184,0.2985923457713017,-0.2231396468999999,0.0541239922260398,0.3012648144493013,-0.2332324370333333,0.0266132700035744,0.2746621248498397,-0.2770281007333333,0.1072431004183568,0.2274755028773938,-0.0104129964386666,-0.1172173426100982,0.2686001763075737,-0.0556663467533333,0.1425916398565498,0.0798591746915964,-0.0373981287933333,-0.1565806567218832,0.0287393720352285,-0.0946890949799999,0.1473600629212095,0.0808529491644697,-0.140047718044,-0.0853235575512919,-0.0381452705802212,-0.1706589200366666,0.1369853932476901,0.0921133608093087,-0.1558715184290666,-0.0398440471321498,-0.044501800415522,-0.2219319144666666,0.1292081332901717,0.1127698820838391,-0.1633677931866666,-0.0108781157550416,0.0051584906809709,-0.2280849108333333,0.1490007064305456,0.0773623382204627,-0.1458269448363333,-0.0683375998218606,-0.021056530663227,-0.169398919,0.0715618661517192,-0.162066714866224,0.06064596446,-0.0694286710055157,-0.1679173346382627,-0.0589726085533333,0.1009958427323908,-0.4956646952878541,0.0346371189426666,-0.0305941119089389,-0.435590518682053,-0.0806220649933333,0.0639863062989383,-0.7524974353032579,0.2030620296333333,-0.0719726576691242,-0.7520463187509699,0.0962297430766666,0.0437587139659421,-0.7782207546047825,0.2257615105333333,-0.0739388821554743,-0.7789382390351898,0.0737374230366666,0.0859080088588305,-0.812278142215032,0.1947947174666666,-0.0461022800404307,-0.8074381914855546,-0.0082846486799999,nijmegen_nijmegen_rennen_g_ch1_g11_compr.mp4,ch1g11,8.421956107639348e-05,0.0003611420367608,0.0001687547893738,0.0001845360909533,0.0001043979187574,0.0003747756788385,0.0001696263889581,8.438297813120215e-05,8.824650945181024e-05,7.023468002864043e-05,0.0001515761449135,5.562070298714776e-05,0.0001741781057968,0.0001687264637638,0.0001483650591916,9.242075592675648e-05,0.0001495370968107,0.0001704770114339,5.3109979872434646e-05,0.0001761003638431,0.0004487879156852,0.0001811852145665,0.0001731810804004,0.0001449502400298,0.0001034026710247,1.152615914979932e-05,0.0001532857110398,0.0001277952784172,5.8374565131959066e-05,0.0002125835971439,1.1612353933668586e-05,0.0001075371392327,0.0004405936138354,0.0004503564849703,0.0001162444937926,-0.0012798028203106,-0.0012667218606145,-0.0012799141648977,-0.00126896315791,-0.0011921598123843,-0.0012426829213843,-0.0012573720499439,-0.0010978754588041,-0.00079878871607,-0.0012574409153562,-0.0011586854159878,-0.0012690165117004,0.0003576180103351,-0.0013680328898734,0.0014000762709113,0.0023509116461886,-0.0034232653304302,0.0030947803513945,-0.0048762722310722,0.0038088984935548,-0.0056391796730826,0.0028802525373683,-0.0040179382002995,-0.0001730779940429,0.0001779812167947,-0.0003372861959718,0.0010241721334328,-0.0009390460022901,0.0004287151156895,-0.0008498364344493,0.0004361329974518,-0.0009558548917829,0.0003810235597267,6.6709292775102765e-06,-4.915036884010728e-06,9.7309823421087e-06,-2.1220768011045984e-06,-1.48465538945032e-07,-8.772261485915098e-06,9.779618547350893e-06,8.299839739540107e-06,3.558336979470753e-06,-4.740900155095318e-06,-4.6970891748585374e-05,-1.1946568459692708e-05,1.0119926404708548e-05,1.0101741412340664e-05,1.5251279780226322e-05,-9.519082662306804e-06,-2.1902291190006146e-06,-5.266243150821829e-05,-1.0982740037362756e-05,9.949403115868805e-06,-2.0420551201512592e-05,1.0766798735490424e-05,1.013875799591603e-05,9.064410144767189e-06,1.4713601672130998e-06,1.3416951245093564e-06,8.148520147677533e-06,-3.796191450861006e-05,1.2167125945302277e-06,-6.017796997365058e-05,1.361670879578992e-06,5.031054639893136e-06,-1.356236297275418e-05,-1.7886854508261518e-06,-5.511148294261526e-06,-3.6219106049395983e-06,-2.0319892501575083e-06,-1.8269198880999325e-06,-5.974308740128371e-06,-3.6130558227420384e-06,-1.009096827665289e-06,-7.804492233011073e-07,-1.490796345196078e-06,1.1382055199953588e-05,1.1749380633929597e-07,-3.6631374993682263e-06,-3.625880498976402e-06,-1.3657955219826928e-06,-1.3040282236736255e-06,-3.3409729962029226e-06,1.2808035499424386e-05,-5.6581399918510544e-08,-3.7309271343130207e-06,-7.493900453878809e-06,-3.658093027918323e-06,-3.559275047030699e-06,-3.0116115295330216e-06,-1.9658877488989837e-06,6.174016876489948e-08,-3.01179965030798e-06,1.138321848882641e-05,-3.997293320139937e-07,1.169083152249544e-05,2.8336151969350843e-08,-1.910895367578932e-06,-7.21410715590689e-06,1.2881956233675256e-05,movement,movement,no movement,no movement
3699.9999999999886,0.0366745350950349,0.30129462178782,-0.2944530815333332,0.0454757447697284,0.3198189373349842,-0.2880056833,0.0477667277349974,0.3203272008789151,-0.2773194447999999,0.0463037649383893,0.3200457149273069,-0.2806669606666666,0.0288858777117787,0.3292265067858416,-0.3124459366,0.0305007185620023,0.327343902848934,-0.3256361850333333,0.0343481333271604,0.3179276047280551,-0.3050491428999999,0.0631738808862177,0.3317807026230021,-0.1728964743666666,-0.0436652852853209,0.2976938046393508,-0.2247713414333333,0.0520943987392282,0.2999257328436696,-0.2362358445666667,0.0243989279309679,0.2733951818789203,-0.2794951906333333,0.1079767897046648,0.2262048488781505,-0.0139316030386666,-0.1180800710138215,0.2688827917097893,-0.0557580545833333,0.1447130410302405,0.0783655400447011,-0.0429204354266666,-0.1592709484160266,0.0300618548014796,-0.0929071100533333,0.1471313198025845,0.0825577737591133,-0.1455006260706666,-0.0902234253993655,-0.041480319414664,-0.1695763010033333,0.1360848582820582,0.0944839233106435,-0.1615455180257333,-0.0452573707768114,-0.0492234368511106,-0.2207630942333333,0.1279986922440006,0.1158084298215756,-0.1688652634266666,-0.0157295217847895,-0.0002608787045322,-0.2274363089666667,0.1485466222431274,0.0795813851589431,-0.1511650513763333,-0.0730716047869017,-0.0249499411368913,-0.15755862,0.0716559756758929,-0.1622496975438565,0.0600564180233333,-0.0695103469291676,-0.1677291119350874,-0.0584555678133333,0.0994493364249407,-0.4961693735434571,0.0326827485382,-0.0311594060500945,-0.4346011976641042,-0.0817352937399999,0.0624988228095635,-0.7536522180596831,0.2001683567333333,-0.0726871538428207,-0.7517269672752545,0.0938040206666666,0.0421852348800443,-0.779285344307886,0.2226654749,-0.0746959707243419,-0.7786184843519317,0.07116640727,0.083526966048965,-0.813349527539394,0.1908368086,-0.0476112699131309,-0.8071712173048063,-0.0114841070499999,nijmegen_nijmegen_rennen_g_ch1_g11_compr.mp4,ch1g11,8.970358779331138e-05,0.00035555834871,0.0001741190747865,0.0001810625038174,0.000104019224828,0.0003640806632054,0.0001751774902129,9.2510145373623e-05,9.044767377658102e-05,6.545209086299395e-05,0.0001068735090562,4.3081696982155546e-05,0.000179503827793,0.0001743114108462,0.0001638519431217,8.159691538188944e-05,0.0001465680652068,0.0001211616763982,4.154852724474109e-05,0.0001814007848746,0.0004240377345363,0.0001876231348172,0.0001788754286185,0.0001512455718269,0.000104302858072,1.289839100382944e-05,0.0001591082123229,9.307326257221594e-05,5.944727813916512e-05,0.0001536658556049,1.298931883328496e-05,0.0001108693651175,0.0004247372053939,0.000441265748837,0.0001122736225397,-0.0014080677526538,-0.0013849592307589,-0.0013982878659376,-0.0013846404244098,-0.0013168442365077,-0.0013598711867653,-0.0013702589922004,-0.0011775680925312,-0.0008864308241602,-0.0013626699769831,-0.0012656415420648,-0.0012731430009979,0.0002623193274129,-0.0013917789093044,0.0011892123005129,0.0014324056583531,-0.0031603501472554,0.0019158730048679,-0.0044420003514054,0.0025611223135297,-0.0050522837302072,0.0018533768309383,-0.0036823469338672,-0.000181964745193,0.0001870850141375,-0.000468879004273,0.0009420332001991,-0.0011351523779848,0.000252941681104,-0.0010662337766713,0.0002498070094058,-0.0011280595456273,0.0002096442317043,4.7980560677394325e-06,-1.0610785306242384e-05,6.2672429921942365e-06,-4.140851947197788e-06,-2.0264267991628058e-06,-1.4824975185591606e-05,6.328033512500229e-06,6.813557332446058e-06,2.896900693370664e-06,-5.964538105059387e-06,-3.3090495448511864e-05,-1.0948584795836533e-05,6.635836355111791e-06,6.610526473347186e-06,1.3644011645650315e-05,-1.033017125175393e-05,-5.534746391991121e-06,-3.694740115332881e-05,-1.02336559484228e-05,6.409535354983076e-06,-2.767530675657426e-05,7.3441350737830466e-06,6.7631783959657145e-06,6.181816891201907e-06,-6.367748506792039e-07,1.3295049676793211e-06,5.386965506917834e-06,-2.4099836357392018e-05,8.732056062254277e-07,-4.568572125403853e-05,1.3172702243302294e-06,3.175384656041143e-06,-2.080257863074236e-05,-1.7796690632426898e-06,-5.763582993078345e-06,-3.1105682034899826e-06,-2.2131068519291477e-06,-1.9586204408568685e-06,-5.761546051160731e-06,-3.103867182501889e-06,-1.4007101553705872e-06,-9.863950701804156e-07,-1.049209357395124e-06,1.490088675325077e-05,1.211642591761946e-06,-3.1300859659020208e-06,-3.1315442841449097e-06,-1.974486842609749e-06,-3.12561506334703e-07,-3.168286758678502e-06,1.656468332715895e-05,9.387027134350534e-07,-3.1755562882253793e-06,-6.100643159617268e-06,-3.1874186229756627e-06,-3.0623957920546778e-06,-2.7459641746166547e-06,-2.1795634436693626e-06,-4.838642642172942e-08,-2.6164417641288375e-06,1.4031624989145017e-05,-3.249822654214202e-07,1.6319534649613963e-05,-7.688131699627713e-08,-1.607064366170304e-06,-6.640037669580847e-06,1.545644943005332e-05,movement,movement,no movement,no movement
3716.666666666655,0.0337749191110128,0.2998560450203921,-0.2974577720333333,0.0428244791331825,0.3184062207804028,-0.2912950163,0.0451380994410988,0.3189043674052199,-0.2805902461999999,0.0436758665724858,0.318639773723139,-0.28394531,0.0261420149797895,0.327889337930511,-0.3152858461,0.0277648554566105,0.3259613378782151,-0.3284668880999999,0.0315819524280245,0.3165335816760382,-0.3078901277666666,0.0621778245513934,0.3306044942738913,-0.1764481368333333,-0.0452733676839458,0.2967890511286135,-0.2262848136333333,0.0498899859870745,0.2985441431933324,-0.2392755538,0.0220102774039513,0.2721029564694692,-0.2819643736333333,0.1087500883324679,0.2249224959501448,-0.017549112242,-0.1190771622277527,0.2691112702027518,-0.05565128553,0.1471729294953618,0.0767660990989922,-0.04867849494,-0.1620114726447973,0.0312220853060589,-0.0913016415599999,0.1472526924256834,0.0833006811983528,-0.1517218639726666,-0.0952505423636329,-0.0443926364859869,-0.1695926684366666,0.1355716092149483,0.0955989465998065,-0.1682338609453999,-0.0508035021927503,-0.0532480344060969,-0.2209474712666667,0.1269311103542941,0.1175322154166094,-0.1754105654033333,-0.0207228840584072,-0.0047978944429211,-0.2282142757333334,0.1483460916114887,0.0807079443263663,-0.1573229556236666,-0.077931653226217,-0.0283268214282599,-0.154083967,0.07177747505253,-0.162437618939182,0.0593653790333333,-0.0696196030330514,-0.1675360564721958,-0.05782210281,0.0978817324595753,-0.4967270376060132,0.0308118366426333,-0.0317231276017448,-0.4337304023478343,-0.0827138822999999,0.0611304977373529,-0.7550149425680809,0.1974906026666666,-0.0732089897945053,-0.7515640627563404,0.0914556747833333,0.0407950386846222,-0.7805881080435669,0.2198096435333333,-0.07523053246117,-0.7784468884182684,0.0686771310366666,0.0813378648320412,-0.8145808127132032,0.1869214828,-0.0489806358324723,-0.8070056740686959,-0.0146507169266666,nijmegen_nijmegen_rennen_g_ch1_g11_compr.mp4,ch1g11,9.34646390390651e-05,0.0003425265529353,0.0001788871334916,0.0001746478193538,0.0001010836050954,0.0003462913918584,0.0001800539918763,9.814601661203364e-05,9.31487055363457e-05,5.902632205741895e-05,7.975031614080551e-05,3.3111697769477007e-05,0.0001845495068163,0.0001792999187314,0.0001775588858029,7.128821401168135e-05,0.000138998928005,9.183680469872128e-05,3.2197282434100335e-05,0.0001862399766545,0.0003915859764779,0.0001935818593138,0.0001841022039543,0.0001562983723657,0.0001025714507841,1.4231408209945138e-05,0.0001634671960305,7.49565065509351e-05,5.9522611806086794e-05,0.0001133954249228,1.4277438639996522e-05,0.0001127646841214,0.0004001311159255,0.000430083638462,0.0001075061277886,-0.0015080949708288,-0.0014799646566121,-0.0014943688589828,-0.0014775878775011,-0.0014172172908135,-0.0014522472831378,-0.001458684495314,-0.0012463820775339,-0.0009635529754768,-0.0014451083786546,-0.0013492295615025,-0.0012685172541996,0.0001613307335837,-0.0014018763680703,0.0009531153989685,0.0004676330226508,-0.0028096206688504,0.0006874463296758,-0.0039104221268588,0.0012502936059935,-0.0043644666468291,0.0007762347537881,-0.0032579444885345,-0.0001885489195857,0.00019415216145,-0.000569299211982,0.0008643433900309,-0.0012768719223136,6.249737031770277e-05,-0.0012275163986877,4.765785225276792e-05,-0.0012374893619303,7.56443029125152e-06,3.0971151122873023e-06,-1.6451979712448557e-05,3.593166008472628e-06,-6.673545866564064e-06,-4.241314039793618e-06,-2.042712753058861e-05,3.6543086654540735e-06,5.108413925244061e-06,2.126224635265036e-06,-6.715239902555423e-06,-1.5349195334381826e-05,-8.885071268565269e-06,3.9577522455127776e-06,3.890425111019804e-06,1.1388427430368489e-05,-1.0075219775509595e-05,-8.60929396882239e-06,-1.708539123770558e-05,-8.496755147389811e-06,3.7011374812877794e-06,-3.288900347961938e-05,4.58287555482271e-06,4.143833641303815e-06,3.7688868274975618e-06,-3.1397257132078345e-06,1.2137488542598283e-06,3.2227838418339345e-06,-7.456217037129125e-06,4.890827093526747e-07,-2.6207053246753857e-05,1.1754166350480495e-06,1.8766997841729207e-06,-2.7048631891632e-05,-1.61208467707328e-06,-5.284481349230864e-06,-2.3754370982459625e-06,-2.3406324567691767e-06,-1.9586092513837597e-06,-4.757465363172929e-06,-2.3732175878696504e-06,-1.7013631762795056e-06,-1.3077043434251207e-06,-5.561337663178173e-07,1.6692205005467103e-05,2.0892390030550156e-06,-2.3839177566732508e-06,-2.405432591150587e-06,-2.643720758938044e-06,6.446286880031331e-07,-2.703867340949324e-06,1.8347145828798516e-05,1.752270572549742e-06,-2.4018803490759204e-06,-3.7347811215801297e-06,-2.5105241214190806e-06,-2.3574320606062383e-06,-2.2884668331102893e-06,-2.2232346035221717e-06,-1.519308440622717e-07,-2.0623029477283403e-06,1.502166250956975e-05,-1.883097033030485e-07,1.9152415032140097e-05,-1.7140355766533427e-07,-1.208174883804835e-06,-5.07541768910557e-06,1.6310852443410295e-05,movement,movement,no movement,no movement
3733.3333333333217,0.0308568109409813,0.2983712869323122,-0.3003552814666666,0.0401731584284285,0.3169524479768216,-0.2944450552333333,0.0425067217382103,0.3174402810498056,-0.2837222338333332,0.041046336818923,0.3171922997946474,-0.2870847740666667,0.0233722574668112,0.3264988914674811,-0.3180143922666666,0.0250019722594038,0.3245389258116359,-0.3311861781666666,0.0287917346813067,0.3151038806941508,-0.3106192222999999,0.0611879858398152,0.329389765547437,-0.1797939263333333,-0.0469024948374471,0.2958468841004708,-0.2276532836333333,0.0476690230027616,0.2971220833810137,-0.2421945512333333,0.0195900097634548,0.2707751028959006,-0.2843325620333333,0.1095717562341805,0.2236161461804781,-0.020949631982,-0.1200874076182712,0.269255873379862,-0.05533473029,0.1498205390751326,0.0751208142842041,-0.0540081736433333,-0.1646109502907696,0.0321396335310979,-0.0900709615599999,0.1476790443573454,0.0831315075201929,-0.1576072217213333,-0.1001425498049407,-0.0469421266425733,-0.17074996117,0.1354749276409075,0.0955517393645112,-0.1746474021829999,-0.0562117094623386,-0.0567289540635,-0.2224553863333333,0.1261370722218178,0.1180043482506933,-0.1817731246166666,-0.0256271399285538,-0.0087088107796182,-0.2302855003666667,0.148412080834072,0.0807957859340572,-0.1631838942666666,-0.0826825511677795,-0.0313016474611178,-0.159699485,0.0719241407549735,-0.1626316063896301,0.0586532750166666,-0.0697569364389269,-0.1673362180407538,-0.0571551640866666,0.0963563855146031,-0.4973532728555064,0.0291000380586333,-0.0321874767931511,-0.4329776224547664,-0.0835524756933333,0.0599186975238503,-0.7563474957741103,0.1953285211666666,-0.0734906562284374,-0.7516068810775349,0.0891466035133333,0.0395967116870559,-0.7818779153400578,0.2174929987333333,-0.0754960922285227,-0.7785085265895964,0.0662407067266666,0.0793230987668379,-0.815840256079065,0.1834807118,-0.0499939005846777,-0.8070502010508946,-0.0177552403733333,nijmegen_nijmegen_rennen_g_ch1_g11_compr.mp4,ch1g11,9.563539603036604e-05,0.0003219509413655,0.0001823464751358,0.0001654574122254,9.580485643569346e-05,0.0003215738908395,0.0001835502378012,0.0001017672227126,9.513650698012416e-05,5.186445825975849e-05,7.420022663447787e-05,2.6971562436894763e-05,0.0001885165752785,0.0001829904726492,0.0001893174924705,6.262475758212379e-05,0.0001281814123408,8.666627235624732e-05,2.6116202605773527e-05,0.0001899094625768,0.0003539247289033,0.0001983730451829,0.0001882580677547,0.0001599084284138,9.816043683904486e-05,1.5275205689795388e-05,0.0001668357738676,7.618071529496395e-05,5.903418571752755e-05,9.868054722686118e-05,1.525706454427852e-05,0.0001139765308679,0.0003677861181133,0.0004155396229538,0.0001015752302432,-0.0015734846610132,-0.0015455194653543,-0.0015621994021873,-0.0015422690508164,-0.0014900301118548,-0.0015166407558547,-0.0015190092522697,-0.0012987674482604,-0.0010275211424532,-0.0014973209049622,-0.0014043439700187,-0.0012465931054489,5.851275204350509e-05,-0.0013968678553251,0.0006981273218331,-0.0005079994274544,-0.0023810095178384,-0.0005340845412604,-0.0032608086409525,-7.825027846102242e-05,-0.003579003495083,-0.0003172096005463,-0.0027464469334318,-0.0001927374232507,0.000198974419208,-0.0006347401166832,0.0007738202275278,-0.0013511348367336,-0.0001248985329763,-0.0013181051346044,-0.0001510508393635,-0.0012971501937252,-0.0002048315469147,1.6594490866454365e-06,-2.1707381600713475e-05,1.8910274237755296e-06,-8.988107593759182e-06,-6.41205344039716e-06,-2.4937616186583808e-05,1.949337539493554e-06,3.3065926088392154e-06,9.695093085517868e-07,-6.922536700696719e-06,4.725219711857023e-06,-5.886142285574396e-06,2.27261481118812e-06,2.1411814915059538e-06,8.59891501248277e-06,-8.685993133625196e-06,-1.1273581880042427e-05,5.047865308690199e-06,-5.892171303906329e-06,2.0122938301287304e-06,-3.5635187100752053e-05,2.742748395150826e-06,2.471367121553248e-06,1.9376568565988102e-06,-5.59651077880772e-06,1.0068827819977e-06,1.7335037844266875e-06,9.84048442760863e-06,3.120720108345418e-07,-3.3149110779580723e-06,9.536240809221784e-07,1.082038156342622e-06,-3.1592880231667054e-05,-1.3462969877052006e-06,-4.017185139336093e-06,-1.561930620398605e-06,-2.3681345910243527e-06,-1.7568102252303758e-06,-2.9899002791495862e-06,-1.5650153924827389e-06,-1.919242147255081e-06,-1.6811282057131012e-06,-6.640292066710916e-08,1.644009162264593e-05,2.6083963370237187e-06,-1.5724186701294492e-06,-1.5955639356792162e-06,-3.3478532275569314e-06,1.4211613944597068e-06,-1.968233647893197e-06,1.7863418721441036e-05,2.256779005394284e-06,-1.5623805560773426e-06,-6.708847319332723e-07,-1.7693920633075795e-06,-1.589046206617786e-06,-1.7379173695816695e-06,-2.027079365798808e-06,-2.356873922311348e-07,-1.4724300522506716e-06,1.4159987125927298e-05,-2.9876880167491215e-08,1.9701623739400275e-05,-2.4404879298012933e-07,-8.144832641985247e-07,-2.6305394277626977e-06,1.5279371535655483e-05,movement,movement,no movement,no movement
3749.999999999988,0.027903761562017,0.2968107523661265,-0.3037608857333333,0.0375257061824502,0.3154105538334129,-0.2981032475666667,0.0398794172014623,0.3158812115078472,-0.2873598481666666,0.0384194041472354,0.3156517784900702,-0.2907261143666667,0.0205888485477796,0.3250115506970063,-0.3212027301333333,0.0222287053688215,0.3230359306187894,-0.3343817311666666,0.0259946501803396,0.3136018903165939,-0.3138009167333332,0.0602631754409657,0.3280565012600508,-0.1836148612333333,-0.0484758344162969,0.2948346469199259,-0.2291837833999999,0.0454188801694589,0.2956213795669211,-0.2456482251333333,0.0171399982979127,0.2693889626065744,-0.2871728544999999,0.1105393407201478,0.2222825715889859,-0.0246918043019999,-0.1211071789803012,0.2692526602023852,-0.05498331006,0.1526768608094517,0.073655611043897,-0.0592751415566666,-0.1671782360122463,0.0326258631360593,-0.0892511540766666,0.1485138456676953,0.0823208092386958,-0.1635049332623333,-0.1049370176907443,-0.0492178339343333,-0.1728856358033333,0.1358775062073081,0.0946376928036606,-0.1810866916099999,-0.0615226798223471,-0.059704975993359,-0.2251002361333333,0.1257298220265486,0.1175613554742621,-0.1883071410066666,-0.0305115967259097,-0.0118824139331762,-0.2334864694666667,0.1488428883195469,0.0801210430497101,-0.1690547780666666,-0.0873312127291925,-0.033889096652821,-0.163809672,0.0721024535822416,-0.1628262167415747,0.05792596238,-0.0699307807268899,-0.1671353556328264,-0.0564618118166666,0.0948488075863426,-0.4979655417690005,0.0283978662886333,-0.0325210195670576,-0.4322568410570414,-0.0840914889399999,0.0589684916281789,-0.7576068732735347,0.1950303558999999,-0.073583365131123,-0.7517489410368793,0.0869678041433333,0.0387243286609981,-0.7831288236583697,0.2171329092,-0.0755493920844409,-0.7786790838219663,0.0639183829866666,0.0774953167501344,-0.817121602424296,0.1818449438,-0.0507013138020311,-0.8072087549328075,-0.0208589636266666,nijmegen_nijmegen_rennen_g_ch1_g11_compr.mp4,ch1g11,9.655724026582415e-05,0.0002977160426404,0.0001837953377517,0.0001540656222039,8.982717794740454e-05,0.0002946024033706,0.000184984575228,0.0001033015007555,9.642657215264268e-05,4.425462391596996e-05,8.88951547231797e-05,2.4031516026273003e-05,0.0001903608875009,0.0001846541501788,0.0001965719797431,5.568889415716865e-05,0.0001161718205496,0.0001029567839297,2.283108405929329e-05,0.0001914568022079,0.0003178911969301,0.000200640821497,0.0001903039646391,0.0001612362992821,9.269637649449124e-05,1.6046892344257573e-05,0.0001678829771179,9.492287306473749e-05,5.867083896320354e-05,0.0001074383549768,1.5956213425154297e-05,0.0001140959797014,0.0003339275797312,0.0004000274403607,9.546662565803288e-05,-0.001599088666702,-0.0015736519896572,-0.0015933168893276,-0.0015705068870779,-0.0015266327910287,-0.0015453543338094,-0.0015442123276943,-0.0013274519400744,-0.0010740103259672,-0.0015144267963125,-0.001425497394706,-0.001209769471195,-4.819860258172555e-05,-0.0013756267995716,0.0004351351042942,-0.0014311490990092,-0.0019009488224895,-0.0016639647625624,-0.0025366201789265,-0.0013464444674288,-0.0027408969425399,-0.0013582021051538,-0.0021793911422644,-0.0001939319976464,0.0002009349626605,-0.0006504999059533,0.0006791943507652,-0.0013353202112584,-0.000282865684528,-0.0013152501660776,-0.0003182764134998,-0.0012894321126001,-0.0003999250357768,4.970750623368411e-07,-2.5541144451934655e-05,1.0645326624249344e-06,-1.111282005488378e-05,-8.2986144433806e-06,-2.7560114056876005e-05,1.1036397260924583e-06,1.4994344023671831e-06,-7.873059122286981e-07,-6.780590356817698e-06,2.2438776956833883e-05,-2.6622222463611182e-06,1.504235822610651e-06,1.2842827256089653e-06,5.191689722221794e-06,-6.548137854928473e-06,-1.3325246925031116e-05,2.4144295657037848e-05,-3.035623210248793e-06,1.2555991490073074e-06,-3.5265063544493745e-05,1.5867249886310402e-06,1.6605012777272965e-06,6.443102011867365e-07,-7.721367790873834e-06,7.217267293422588e-07,7.527422470935792e-07,2.4354830114557504e-05,3.204304126512019e-07,1.8946820941605088e-05,6.669860438851304e-07,7.507470174131361e-07,-3.363933554006591e-05,-1.039448816277619e-06,-2.150392656289343e-06,-7.93861200102828e-07,-2.232594842145693e-06,-1.3167344632395132e-06,-7.37944430479844e-07,-8.024707756655905e-07,-2.0376525177603328e-06,-2.052698580416816e-06,3.896783170095841e-07,1.419862567080481e-05,2.7455429907457334e-06,-8.116194686512848e-07,-8.275733492187104e-07,-3.951151047005851e-06,1.950502833268059e-06,-9.976308207174411e-07,1.5265940199343375e-05,2.4256039009498656e-06,-7.791035849656274e-07,2.596711070795115e-06,-1.058135676045668e-06,-8.66073086982601e-07,-1.159361203535899e-06,-1.5703768840769091e-06,-2.982733294438305e-07,-8.997407309200337e-07,1.161822822768574e-05,1.0187654870424007e-07,1.7916137345766287e-05,-2.950620334360874e-07,-4.748121500147509e-07,2.935497363061829e-07,1.2657151735372687e-05,movement,movement,no movement,no movement
3766.6666666666542,0.0249602322914845,0.2952704763277263,-0.3071881538,0.0348747177069027,0.3138903629159378,-0.3017842739666667,0.0372443695471563,0.3143410490579827,-0.2910251046666666,0.0357872746909485,0.3141329904586736,-0.2943958044666667,0.0177990286923405,0.3235407301404415,-0.3244298169666666,0.0194489146796219,0.3215510655426258,-0.3376103945666667,0.0231951548628119,0.3121204211592981,-0.3170178082333332,0.0593429137285865,0.3267328073798567,-0.1874973364333333,-0.0500421291032527,0.2938167389290816,-0.2308468344666666,0.0431827765549564,0.2941498199254073,-0.2491265053666667,0.0147137824237574,0.2680197367908073,-0.2900479729333333,0.1115590680607516,0.2211554005126914,-0.0284607476786666,-0.1221164173737908,0.2691854005998734,-0.0547922447633333,0.1558020060939087,0.0725514227975279,-0.06382291821,-0.1697319076519846,0.0328627433419132,-0.0887239420433333,0.1495992626421549,0.0808938000261754,-0.167884160106,-0.109546620538339,-0.050922576230451,-0.1752149118366666,0.1365481544362097,0.0928221993377082,-0.1858151588099999,-0.0665488484479979,-0.0619846059421689,-0.2278545469,0.1256190148771461,0.1159442420248141,-0.19314959695,-0.0351577868882764,-0.0143516543001418,-0.2366850136666667,0.1495306672627651,0.0786773856186935,-0.1734155455333333,-0.0917871383920612,-0.0358505583467341,-0.161606476,0.0722946253293626,-0.1630161388983164,0.05720696434,-0.0701183133558216,-0.1669379735409051,-0.0557667095266666,0.0932350126620078,-0.4985918165107393,0.0282305564253,-0.0328433172747631,-0.4316713599546774,-0.0846326958866666,0.0583662607266349,-0.758848375809323,0.1952071154666666,-0.0737523338804302,-0.7521561266360907,0.0847854580433333,0.0382522246479684,-0.7843623770403073,0.2172555725666667,-0.0756889600692788,-0.7791344803670845,0.0615868845899999,0.0763208505752025,-0.8184026442373645,0.1809097732333333,-0.0513062639545739,-0.8078291020817997,-0.02393100465,nijmegen_nijmegen_rennen_g_ch1_g11_compr.mp4,ch1g11,9.609464132134e-05,0.0002696031367169,0.0001843339859271,0.0001425110382269,8.15742354236673e-05,0.0002653717163938,0.0001854922391033,0.0001027736654167,9.570990520788834e-05,3.78373739508981e-05,0.0001239254452021,2.324544000498579e-05,0.0001914624456182,0.0001854045659779,0.0001990175542494,4.995678835363288e-05,0.000102236304091,0.0001403933011526,2.144134178401712e-05,0.0001922939993304,0.0002831807280436,0.0002018045358689,0.0001915359077498,0.0001612127026749,8.469194020597363e-05,1.658033228603633e-05,0.0001679782970043,0.000130396942139,5.84018532749665e-05,0.0001413396111167,1.643173398322914e-05,0.0001141322057952,0.0002989960164903,0.0003867901197843,8.736392775826446e-05,-0.001593117979079,-0.001569827672053,-0.0015926419205019,-0.0015669203578282,-0.001530079752967,-0.0015431812357963,-0.0015396867433615,-0.0013293451961847,-0.0011006947572492,-0.0015004178880311,-0.001419817252509,-0.0011611594759012,-0.0001599354217158,-0.0013681850330611,0.0001627870619533,-0.0022839188501577,-0.0013725414354987,-0.002682910153034,-0.0017379124345327,-0.0025303806155886,-0.0018539840934026,-0.0023223197825808,-0.0015597815458355,-0.0001942363328744,0.0002020668342523,-0.0006474522660468,0.0005805136482383,-0.0012543562828074,-0.0003869509368093,-0.0012409568650847,-0.0004307046859025,-0.0012269546181759,-0.0005637786938601,-3.275465033217695e-07,-2.727773204579637e-05,8.756538305084899e-07,-1.3282330515973429e-05,-9.486376719955808e-06,-2.7695058996140972e-05,8.900411445253832e-07,-5.031233582759007e-07,-2.919453113777236e-06,-6.235711560028483e-06,3.571552898366846e-05,2.3393358374620297e-08,1.3301734437069914e-06,1.08105974219768e-06,1.025261286945069e-06,-4.3536436493937005e-06,-1.4023817952689453e-05,3.804099594502486e-05,-6.511562308782091e-07,1.1185305371810492e-06,-3.15276021712079e-05,1.0183632334622212e-06,1.3860094730916794e-06,-1.3514254525572165e-07,-9.105849262293431e-06,4.059094284274802e-07,1.7800327245463246e-07,3.464920223856421e-05,5.347041210640084e-07,3.661172503982728e-05,3.603390003810237e-07,7.601089138969465e-07,-3.24722773424821e-05,-7.345504355639148e-07,1.700411513155506e-07,-2.320528549684699e-07,-1.9205144175212312e-06,-5.349051238646876e-07,1.7918794446203054e-06,-2.4721396683171117e-07,-2.054698081315e-06,-2.2981039988484233e-06,7.244426780497486e-07,1.0289225877299055e-05,2.538354509043476e-06,-2.683703941258329e-07,-2.6463855842679833e-07,-4.373841453855643e-06,2.197666283867025e-06,2.082922504384234e-07,1.0969268388449038e-05,2.2869065859325923e-06,-2.223841191711228e-07,5.751033783859093e-06,-5.405203557263431e-07,-3.4782374309623906e-07,-6.666199248061702e-07,-7.683451248533628e-07,-3.371331882510213e-07,-4.672047115912746e-07,7.75585549902541e-06,1.8511127647806195e-07,1.404211164388416e-05,-3.243131114496409e-07,-2.609355778983131e-07,3.3951189150932444e-06,9.110492478800274e-06,movement,movement,no movement,no movement
3783.333333333321,0.0220043460685271,0.293708073419303,-0.3108675823,0.0322140913476572,0.3123464605227977,-0.3057212183666666,0.0345982709876513,0.3127694115369229,-0.2949484557333333,0.0331453806554209,0.3125902189246055,-0.2983204733,0.0149871197358261,0.3220213760167021,-0.3278490195333333,0.016648924402742,0.3200269311449168,-0.3410288332,0.0203788804500382,0.3106026802247494,-0.3204259839333332,0.0584458265133235,0.3254198756889291,-0.1916345728,-0.0515965602533478,0.2926799918117363,-0.2324904946333333,0.0409671632440864,0.2926947344327227,-0.2528620561,0.0123099513343674,0.2666282616790558,-0.2931232000666666,0.1127237146545153,0.2201097763391588,-0.0324314213586666,-0.1230594735574157,0.2689196330038877,-0.0545812800233333,0.1589616982834622,0.0714693087280317,-0.0683365786566666,-0.1721247974395846,0.0328943270305925,-0.0882753043433333,0.1507811640608307,0.0783506942743879,-0.1722000147369999,-0.1136273551025464,-0.0518956382908839,-0.1780434919699999,0.137348189314288,0.0897182039458753,-0.1904190785833333,-0.0709280772963556,-0.0632667469376621,-0.2312103321333333,0.1256732097820046,0.1129182153173553,-0.19785135793,-0.0391726046829819,-0.0156620337149419,-0.2404278396666667,0.1503251231016852,0.0760149150792843,-0.1776980486133333,-0.0956675619191901,-0.0369557202564675,-0.15478918,0.0724932020448672,-0.1632046349404139,0.0564886279133333,-0.0703132110400062,-0.1667410369115721,-0.0550642759899999,0.0916986722412945,-0.4992141933126029,0.0283407511319666,-0.0331330576166166,-0.4311227827264319,-0.08521501911,0.0581204082581698,-0.7600503608023746,0.1961089520999999,-0.0738323143218891,-0.7526271495999884,0.0822955200699999,0.0381586483574846,-0.7855551221182671,0.2181675663666666,-0.0757196157785606,-0.7796493509913224,0.05893495164,0.0755609926609415,-0.8196718846075339,0.1809161002666666,-0.0515057984454087,-0.8085298776192603,-0.02746469209,nijmegen_nijmegen_rennen_g_ch1_g11_compr.mp4,ch1g11,9.513458139537865e-05,0.0002424308475148,0.0001853168694371,0.0001306795466352,7.008970071647983e-05,0.000238929890374,0.000186455001315,0.0001018110990219,9.239766216884289e-05,3.188030497986773e-05,0.0001705351222118,2.4636657439229284e-05,0.0001931460860509,0.0001866227856685,0.0001969209934449,4.683427598139583e-05,8.765476757798019e-05,0.0001900852616541,2.19248063420615e-05,0.0001937590308482,0.0002555400931758,0.0002029986809503,0.0001931746398626,0.0001608486573751,7.375231384460987e-05,1.6902183012273588e-05,0.0001682574734924,0.0001741848633518,5.979930171372897e-05,0.0001909331405384,1.6723227785804178e-05,0.0001152148053051,0.0002686716759779,0.0003807467715106,7.694219213520455e-05,-0.0015616865001193,-0.0015359549057248,-0.0015612276306448,-0.0015327955609285,-0.0014992190866985,-0.0015102044240433,-0.0015068133213478,-0.0012916439517228,-0.0010942826143483,-0.0014518318944676,-0.0013861859742494,-0.0010758564660551,-0.0002444304724927,-0.001331676559684,-6.204757246460453e-05,-0.0030366944664479,-0.0007803070460906,-0.0035801940675695,-0.0008692294864232,-0.0036108304691465,-0.0009295389404246,-0.0031822249556051,-0.0008786143470077,-0.0001939109246557,0.0002024183937982,-0.000613798100628,0.000462311364314,-0.0011607316761615,-0.0004566078373238,-0.001154806470176,-0.0005043469291362,-0.0011211590626267,-0.0006846828699055,-8.212840659372555e-07,-2.5894707187445563e-05,9.093371822884314e-07,-1.5137674797540947e-05,-9.709075557836022e-06,-2.4383876731733948e-05,9.028701649982818e-07,-2.472628209429575e-06,-5.4025121981667e-06,-5.388608277007188e-06,4.295839372151852e-05,2.134921336923041e-06,1.2954362720813389e-06,1.109491512580429e-06,-3.6019093825816784e-06,-2.015272440810385e-06,-1.3342814432688846e-05,4.5347915637750934e-05,1.2484754121477776e-06,1.133542978899489e-06,-2.374726097976939e-05,6.900426137175099e-07,1.215045352407434e-06,-6.119235062967124e-07,-9.471804435817388e-06,7.421041622118505e-08,-2.382268367687614e-07,3.945540376568808e-05,8.184678742803852e-07,4.772689632884187e-05,4.7432922951792527e-08,5.170310559718891e-07,-2.7223453384141987e-05,-4.861571422007244e-07,2.6007130400673775e-06,-9.586949697229118e-09,-1.3934152010160602e-06,6.107874386621319e-07,4.217392362784698e-06,-3.2590403114131643e-08,-2.0068313270281586e-06,-2.2998004547548543e-06,9.549977698160788e-07,5.513361895895216e-06,2.0602227630730865e-06,-7.404310954742267e-08,-4.2510546288838874e-08,-4.532244909205541e-06,2.1388348239271936e-06,1.5591955341908458e-06,5.8518514332320245e-06,1.9053085403968536e-06,-2.5570692352252937e-08,8.336244779151041e-06,-3.416429000692527e-07,-1.5934362651786106e-07,-3.6154997672992675e-07,3.732632283551556e-07,-3.525556543111339e-07,-2.742261901293225e-07,3.3349595400352023e-06,1.55273463053807e-07,8.912432739463855e-06,-3.337879735553403e-07,-2.2647797727905685e-07,6.220348410311474e-06,6.353622060674562e-06,movement,movement,no movement,no movement
3799.999999999988,0.0190215031236196,0.2921076242338021,-0.3141759763666666,0.0295283052188706,0.3107748408699077,-0.3093042463,0.0319256273617652,0.3111672471175829,-0.2985344186666666,0.030479490714447,0.3110195690687063,-0.3018934936,0.0121439400238724,0.3204812909219285,-0.3308119971999999,0.0138133099744883,0.3184767340744643,-0.3439787048,0.0175334428255569,0.3090605572748686,-0.3233793324999999,0.0575882590446302,0.3241130246991467,-0.1954857106,-0.0531530398689842,0.2915332568293078,-0.2335217145666666,0.0387445497827227,0.2912270757689492,-0.2562779426666667,0.0099015855520184,0.2652089952941153,-0.2957581232333333,0.1139293237929506,0.2190953506530173,-0.036247460722,-0.1239648620371817,0.2685969877644208,-0.05400408876,0.1620223027441563,0.0702222407406272,-0.0721445723866666,-0.1741727673669856,0.0326718472992698,-0.0877558014433333,0.1519670510755969,0.0747625394445381,-0.1749132651666666,-0.1174472239394286,-0.0524121672304167,-0.1804543438699999,0.1382131833577631,0.0854673990859246,-0.1931973692299999,-0.074994753140326,-0.0638190682241098,-0.2339892626,0.1258207586663828,0.1085447660072487,-0.2007352108166666,-0.042985521953946,-0.0162302949830757,-0.2435591190333333,0.1511297464539807,0.0722211810451085,-0.1803603478766666,-0.0993060350641388,-0.0375442701272507,-0.127790123,0.0726980289992417,-0.1633933914061631,0.05580442694,-0.0705141114322934,-0.1665432206736621,-0.0543869672999999,0.0901679999713679,-0.4998116136112374,0.0283362771819666,-0.0333833328437606,-0.4306603853660798,-0.0857799183833333,0.057900466414541,-0.7611934019066082,0.1969561546333333,-0.0738291061872683,-0.7531687951106213,0.0798477306733333,0.0380980664684036,-0.7866991690043836,0.2190099488666667,-0.0756605271299497,-0.7802484601496041,0.0563255074033333,0.0748788573584625,-0.8207769107246999,0.1809965541333333,-0.0514312010538635,-0.8093456644351782,-0.0308890865933333,nijmegen_nijmegen_rennen_g_ch1_g11_compr.mp4,ch1g11,9.461822371068604e-05,0.0002177500934891,0.0001872926170812,0.0001167449777026,6.070889064708584e-05,0.0002168751713122,0.0001884273210501,9.991550533759784e-05,8.64859015850734e-05,2.6946385981031654e-05,0.0002193917615258,2.7545780226177223e-05,0.0001955560349535,0.0001888141079185,0.000191263155045,4.567215362559262e-05,7.597789042561672e-05,0.000241346644802,2.388038523368295e-05,0.0001960256351232,0.0002369650541638,0.0002042997102665,0.000195412388211,0.0001606202738581,6.470325216535796e-05,1.6823556456552197e-05,0.0001686252809021,0.0002177367693898,6.152980745662241e-05,0.0002463978282996,1.6644988175524933e-05,0.0001169544565089,0.0002449157543783,0.0003808351195142,6.896943989683404e-05,-0.0015326428616766,-0.0015000262356066,-0.0015264128147381,-0.0014961539542027,-0.0014638176565889,-0.001476009430269,-0.0014748930090259,-0.0012296700991464,-0.00107790169663,-0.0013950424707183,-0.0013515263433715,-0.0009641474535366,-0.000322793046398,-0.001277770722393,-0.0002520160412314,-0.0036526636139322,-0.0001645003964379,-0.0043053084228089,1.4026635119381204e-05,-0.0045389082308635,-1.3704027213851198e-05,-0.0038955135182008,-0.0001813440585381,-0.0001903767947926,0.0001991936543071,-0.0005543096258176,0.0003374134942622,-0.0009855208023681,-0.0004709894013692,-0.0009786200447777,-0.0005188108813259,-0.0009205965218699,-0.0007342430511191,-1.126703139892187e-06,-2.194663797262245e-05,8.803110619296172e-07,-1.6196815190085975e-05,-8.508930408717667e-06,-1.860891027243592e-05,8.558266542679237e-07,-4.319110658886385e-06,-7.989929885785315e-06,-4.409427554639347e-06,4.420487752789406e-05,3.5588927531960214e-06,1.146371251818126e-06,1.065974850322815e-06,-8.379836608073095e-06,-1.4082302764363485e-08,-1.0904877550367508e-05,4.63382683162409e-05,2.5795756117531364e-06,1.039664127484025e-06,-1.3559039944419385e-05,3.2106894138323913e-07,9.551805056012192e-07,-9.617678540057544e-07,-8.447677434612549e-06,-2.569276821602102e-07,-6.12710790376697e-07,3.897737852006372e-05,1.1343817113540434e-06,5.1918591902156974e-05,-2.60404279987425e-07,1.2065431226192978e-07,-1.9095870526512e-05,-3.2996963767469085e-07,4.866997026043977e-06,-1.685714470842195e-07,-5.57827187976599e-07,1.8930512250731897e-06,6.2585358322439335e-06,-1.9980427403093017e-07,-1.854872269387773e-06,-2.008868411819341e-06,1.0686813833726392e-06,7.243013065205352e-07,1.4318143641964244e-06,-2.567590943393069e-07,-2.0212106717278365e-07,-4.400522420426715e-06,1.839540726594777e-06,2.8505870909484383e-06,8.426612434536916e-07,1.3818625357475432e-06,-2.176165207778049e-07,1.0041725960397566e-05,-4.94807994931315e-07,-3.311791104977376e-07,-2.955166530648748e-07,1.6446923905534526e-06,-3.4003545869930157e-07,-3.424247130138805e-07,-8.83657488345653e-07,5.447984500413223e-08,3.4622572797897964e-06,-3.195850773326983e-07,-3.4576040131384097e-07,8.43733726450206e-06,6.644116145323947e-06,movement,movement,no movement,no movement
3816.6666666666542,0.0159909993459783,0.2905298681763689,-0.3170751850333333,0.0267741426910534,0.3092271178919831,-0.3125387121999999,0.0291771425374395,0.3095902318021159,-0.3017723038999999,0.0277450676647935,0.3094749522525579,-0.3051140845666666,0.0092425324672242,0.3189672981328912,-0.3334000626666666,0.0109126086993698,0.3169520367051283,-0.3465494899,0.0146263577338806,0.307539790820052,-0.325960911,0.0566829688536069,0.3228703567278588,-0.1991590932,-0.0547336879214695,0.2904302488487433,-0.2343758853999999,0.0364850591417892,0.2897968529646977,-0.2593591516333334,0.0074702300465521,0.2638238219296164,-0.2980251289333333,0.1150299245968692,0.2181808653968372,-0.0400425152753333,-0.1248480623649016,0.2682816100647388,-0.05353917899,0.1647584961096657,0.0688960028141582,-0.0756743362266666,-0.1758706363829676,0.032424527525417,-0.0876029994766666,0.1530933237999632,0.0705986401735852,-0.1765269104233333,-0.1208616374207534,-0.0522967205706642,-0.1829033557033333,0.1390416550001189,0.0806355197125618,-0.1946821920833333,-0.0787435242172435,-0.0634228374424258,-0.2367352515666667,0.1259812442438281,0.1034516752334206,-0.2022947334399999,-0.0465835478181129,-0.0158229974523456,-0.2465674807,0.1519005214996727,0.0678116523485039,-0.1818739584699999,-0.1026789173317873,-0.0373982792810041,-0.120761774,0.0729027139776125,-0.1635800244168105,0.0551335807633333,-0.0707146433011718,-0.1663475304046872,-0.0537196268666666,0.0886559349728253,-0.5003535644549246,0.0282495804853,-0.0336192120123245,-0.430332150537778,-0.0861425001433333,0.0575420033018078,-0.7620859249174341,0.1975969760666666,-0.0737260367425007,-0.7537373987737628,0.07775472647,0.037895364936977,-0.7875678465973125,0.2196554195,-0.0754871908696819,-0.7808779678149423,0.0540880548366666,0.07425505944333,-0.821520493067085,0.1810043638333333,-0.051126846647949,-0.8102633464091301,-0.03364322486,nijmegen_nijmegen_rennen_g_ch1_g11_compr.mp4,ch1g11,9.38409573275984e-05,0.0001972410798891,0.0001889348918077,0.0001005403789337,5.159972378281605e-05,0.0002004032426774,0.0001900494814093,9.483958642319446e-05,7.717746822855572e-05,2.354386842047667e-05,0.0002669107456834,3.162690917485651e-05,0.0001974617633299,0.0001906330011668,0.0001814927781767,4.642002446394439e-05,6.494626295996412e-05,0.0002911214135357,2.7151311645893135e-05,0.0001978348236495,0.0002274718250329,0.0002049644286973,0.0001970421505464,0.0001600136400068,5.563743540265162e-05,1.64414174036622e-05,0.0001685301397886,0.0002581878712401,6.334386952742221e-05,0.0003040425937831,1.6280248797010415e-05,0.0001181741818931,0.0002291779607871,0.0003855035885408,6.19089488061027e-05,-0.0014853708668874,-0.0014462210217534,-0.0014717561061405,-0.0014409210825832,-0.0014077209259077,-0.0014222673383785,-0.0014239783738202,-0.0011478090514509,-0.0010425982237445,-0.0013216854904071,-0.0013013294839436,-0.0008476034000737,-0.0003874743534388,-0.0012447528700092,-0.0003943785947105,-0.0041679715825013,0.0004617307818078,-0.0048914476946638,0.0008987802120542,-0.0053066233102076,0.0008906009521849,-0.0044880899056228,0.0005186724299032,-0.0001845299983463,0.0001931934014419,-0.0004774340895169,0.0002114829598811,-0.0007738142467874,-0.0004688832846632,-0.0007626493129953,-0.0005180113925726,-0.0006992565928526,-0.0007546086578636,-1.35324377737863e-06,-1.5444057580113776e-05,3.696097542516658e-07,-1.6169831175578275e-05,-5.767232325310933e-06,-1.0749572469946948e-05,3.2337282017485473e-07,-5.972609813558723e-06,-1.0134760673849875e-05,-3.253869071840483e-06,4.088699875061241e-05,4.235914155049791e-06,4.848641146012958e-07,5.247035335887103e-07,-1.2774348989395312e-05,1.3460046845198895e-06,-6.995476845719189e-06,4.279820430457319e-05,3.291902410950796e-06,4.214375001658481e-07,-1.931801146651947e-06,-5.198232353378898e-07,2.3293112518943202e-07,-1.4579857266675252e-06,-5.968378338965409e-06,-5.770064393135037e-07,-1.2237475580999626e-06,3.4664924982578954e-05,1.300932441382444e-06,5.0608490384969415e-05,-5.570546815709109e-07,-4.719039924945375e-07,-8.781165974422883e-06,-2.479750098520659e-07,6.683172223758812e-06,-6.371373810677032e-07,5.683855408300912e-07,3.248774143748653e-06,7.662391067670367e-06,-6.760347248212473e-07,-1.524980340508117e-06,-1.3520145641921562e-06,1.0807119422831292e-06,-3.4300697487127985e-06,7.505984633253894e-07,-7.436937273613104e-07,-6.715864489833948e-07,-3.867660596869613e-06,1.3737928234205211e-06,4.011182800679767e-06,-3.4059947437105554e-06,8.005287338885198e-07,-7.227155898432201e-07,1.0688173211945853e-05,-9.50548111340174e-07,-7.94091967229694e-07,-4.575992187860086e-07,2.9851452738176945e-06,-3.012589214109786e-07,-6.394043983039108e-07,-4.350867460718619e-06,-9.250384688110588e-08,-1.599128349180731e-06,-2.832705598410066e-07,-5.494653604590543e-07,9.773313419976844e-06,8.881255499576843e-06,movement,movement,no movement,no movement
3833.3333333333208,0.0129373051224291,0.2890195462053691,-0.3199049016333333,0.0239707561031451,0.3077444701259001,-0.3157041181666666,0.0263719869565274,0.3080793912951696,-0.3049386642999999,0.0249584780706795,0.3079952839416618,-0.3082618197666666,0.0062994609173417,0.3175182850838821,-0.3359291214999999,0.0079617019238612,0.3154915256683213,-0.3490605995666667,0.0116721824254706,0.3060768649843194,-0.3284818437333333,0.0557118702592513,0.3216824495328366,-0.2027782375666667,-0.0563477546573985,0.289350239108365,-0.2352446896666666,0.0342002208432279,0.2884511359437633,-0.2623732939666667,0.0050213985264578,0.2625054120290335,-0.3002401825666667,0.1159966891078265,0.2173644431976362,-0.043840082912,-0.1257750641221791,0.2679080542667831,-0.05323752398,0.1673064736856284,0.0676149585431807,-0.0785889996299999,-0.177280886246365,0.0319889261784307,-0.0878369804766666,0.1542209253417347,0.0659866283570042,-0.1764097408333333,-0.1237663120797448,-0.0514078152980885,-0.1856630870033332,0.1399540241623585,0.0753031302001418,-0.1941465368133332,-0.0820352053464066,-0.0618609859893594,-0.2397714336666667,0.1262788555973579,0.0975622382925769,-0.2018311493733333,-0.0499941257241702,-0.0142538484398641,-0.2497295786333333,0.1527093654959623,0.0628293440262354,-0.1816083812833333,-0.105690737504781,-0.0363985026496056,-0.105668947,0.0731049328917042,-0.1637605956774346,0.0544700820666666,-0.0709133523239842,-0.1661586406777598,-0.0530582215666666,0.0871491908004353,-0.5007171267815551,0.0281250574419666,-0.0338603816891478,-0.4301635472325892,-0.0861691478899999,0.0569023976266846,-0.7626188526943597,0.1982128102666666,-0.0734705747612354,-0.7540983767333643,0.0765633915566666,0.0373791387869768,-0.7880788960844269,0.2203011236,-0.0751291970988134,-0.7812781574595041,0.0527953368833333,0.0734725400804103,-0.8218954891720931,0.1811930319,-0.0505298300732942,-0.8108800243971018,-0.0350991347433333,nijmegen_nijmegen_rennen_g_ch1_g11_compr.mp4,ch1g11,9.294171745183351e-05,0.0001828410142438,0.0001883101267982,8.329614119437292e-05,4.6468509909170954e-05,0.0001911661444003,0.0001894145472729,8.868471637440262e-05,6.56983936922482e-05,2.1517578953198788e-05,0.0003057635535516,3.63923454079277e-05,0.0001966263242945,0.000190178314257,0.0001676842728484,4.895266570619018e-05,5.936291903000148e-05,0.0003313442169366,3.102552274362354e-05,0.0001969588458469,0.0002283706501612,0.0002026669289659,0.0001959302596396,0.0001575656318912,5.003392113726401e-05,1.564723224495767e-05,0.0001659475610378,0.0002891785758936,6.399891371640989e-05,0.0003545782751386,1.5517946205707062e-05,0.0001177372997175,0.0002229355091502,0.0003900145481186,5.8872543056038074e-05,-0.0014208492597956,-0.0013752083608853,-0.0013977527964119,-0.0013674376605764,-0.0013363173040311,-0.0013534377747293,-0.0013589679580255,-0.0010458425984661,-0.0010046369023651,-0.0012334949469238,-0.0012410483631964,-0.0007192519409608,-0.0004449873548743,-0.0012022842211744,-0.0004900170003846,-0.0045957363026242,0.0010957203325179,-0.0053773703424531,0.0017778817007484,-0.0059427592098706,0.0017933998022994,-0.0049777805399246,0.0012230403228464,-0.0001747450983631,0.0001832221799497,-0.0003967758275896,8.567891239443157e-05,-0.0005282955949921,-0.0004614986174118,-0.0005067783296487,-0.0005108856667137,-0.000427169867384,-0.0007489727105259,-1.630520300733521e-06,-7.336715266571315e-06,-6.486856433551029e-07,-1.5181061839903226e-05,-1.7022705455193106e-06,-1.957341959354599e-06,-7.227648655888942e-07,-7.3565104604210915e-06,-1.1391928332706644e-05,-1.999637527329815e-06,3.423833869061784e-05,4.536884401556801e-06,-6.799374216408382e-07,-5.480292727023487e-07,-1.6312597415693127e-05,2.384488225695637e-06,-2.0930180116363105e-06,3.621707175358382e-05,3.7368319792553567e-06,-7.11207148655441e-07,9.309583007122144e-06,-1.7777493549146575e-06,-9.321384957732332e-07,-2.0504419093094586e-06,-2.2457663047658337e-06,-8.607995577446718e-07,-1.993859271343255e-06,2.7794458150753492e-05,1.1605751767884103e-06,4.494334950925988e-05,-8.225869335428877e-07,-1.2608148159606583e-06,2.1361133212960652e-06,-2.3372472944538526e-07,7.804341341741148e-06,-1.2838103989915272e-06,1.8622716646448543e-06,4.459699503579646e-06,8.25643669121097e-06,-1.3291624038703003e-06,-1.064241774987986e-06,-3.983033378293949e-07,1.013696543085896e-06,-6.339996619146107e-06,1.4568296157453134e-07,-1.3931323348727762e-06,-1.3193857504609433e-06,-2.928349033999812e-06,8.312710544605774e-07,4.822099363613724e-06,-6.27714658669322e-06,2.808270448437008e-07,-1.3960826233400615e-06,1.02285522447657e-05,-1.5675887729622391e-06,-1.4148404218123298e-06,-7.77341214766508e-07,4.183254816809446e-06,-2.3622309218553298e-07,-1.0643786824955076e-06,-6.570978651420217e-06,-2.3284979812381875e-07,-5.497544492139478e-06,-2.2397062646009917e-07,-7.736238911970399e-07,1.0064755088820972e-05,1.0776306790069457e-05,movement,movement,no movement,no movement
3849.9999999999873,0.0098778831948917,0.2877080927395733,-0.3216680079999999,0.0211168274829184,0.3064940210499327,-0.3178461631333333,0.0235104724503525,0.3068137470944085,-0.3070739103,0.0221212874019592,0.306759160884915,-0.3103810261666667,0.0033161864437043,0.3163099168735606,-0.3375291486,0.0049702525609068,0.3142551794941953,-0.3506132866666667,0.0086759385934318,0.3048221014771788,-0.3300659308666667,0.0545047474355142,0.3207735586984583,-0.2055923293,-0.0580685033070302,0.288388902599439,-0.2357673136333333,0.0318800157650857,0.2873379813834754,-0.2644261564333333,0.0025541920184259,0.261343985627453,-0.3015595244333333,0.1167152739910381,0.2166946933482797,-0.0470810644236666,-0.1267606028048261,0.2673886969368071,-0.0530158393266666,0.1696179058560821,0.0663645925942476,-0.07984080005,-0.1784044227656837,0.0314211130506253,-0.0885395970766666,0.155326728820949,0.0611651838180941,-0.1734709638633333,-0.1262995637761192,-0.0499810126603913,-0.1882308491366666,0.1408327364034925,0.069691397024736,-0.1904545308833332,-0.085009461365314,-0.0595795140448869,-0.2423374861666667,0.126549956137816,0.0913146056263579,-0.1982158937099999,-0.0533450804913554,-0.0120021618231973,-0.2521679917333333,0.1534911155195589,0.0576158018812156,-0.1784980307433332,-0.1084653140245082,-0.0347878887952757,-0.106441051,0.0732865187838159,-0.1639312103527671,0.0538211603366666,-0.071088208345284,-0.1659793315666318,-0.0524120870999999,0.0857259054857399,-0.5010184278707368,0.0279080596553,-0.0341375576172488,-0.4301118276354045,-0.0864374576733333,0.0559793942383391,-0.7629849763278618,0.1984057544666666,-0.0732405170230817,-0.7544738946607366,0.0749684298766666,0.0365098149821568,-0.7884134162831272,0.2204734645,-0.0748027419623237,-0.7816980163412665,0.05102735136,0.0723256732187368,-0.8221351809220476,0.1811198358999999,-0.0499670805417994,-0.8115130695458191,-0.0369024468833333,nijmegen_nijmegen_rennen_g_ch1_g11_compr.mp4,ch1g11,9.091675973924296e-05,0.0001794031861121,0.0001862929473859,6.735331388340603e-05,4.782614880892144e-05,0.0001935139067211,0.0001872987942962,8.141332174581515e-05,5.25288026896792e-05,1.96354323389485e-05,0.000332639642505,4.0629399470275984e-05,0.0001944567792982,0.0001882698392152,0.0001496313950629,5.188463890554668e-05,6.0322751847428726e-05,0.000358924506884,3.444706293339223e-05,0.0001947874514829,0.0002436755634103,0.0001991359058647,0.0001934779354376,0.0001542593098128,5.07521547861036e-05,1.476044926303146e-05,0.0001624843417283,0.0003086753933803,6.499708961447304e-05,0.0003927206349812,1.4659057893921024e-05,0.0001156696610355,0.0002307578816755,0.0003929275059667,6.133825364460341e-05,-0.0013162928176146,-0.0012671804063653,-0.0012858498892694,-0.0012572266429215,-0.0012274612228721,-0.0012462718269131,-0.0012555054634523,-0.0009257611407966,-0.0009376755630952,-0.0011140550110602,-0.0011459615084173,-0.0005785032061969,-0.0004828895657568,-0.0011297015755754,-0.0005407766612175,-0.0049272493343126,0.0017548344298222,-0.0057656885514305,0.0026735775345366,-0.0064464488626521,0.0027222210993086,-0.005361549364851,0.0019495114686022,-0.0001590419470854,0.0001669827601959,-0.0002747707162625,-4.139209358727136e-05,-0.0002231235548725,-0.0004462820266412,-0.0001947002554044,-0.0004925540637214,-0.0001010548995277,-0.0007156718756518,-1.912329530519294e-06,1.286567948832654e-06,-2.146682715001821e-06,-1.2965410871480446e-05,3.0533675028606413e-06,6.632165186530568e-06,-2.260646907910083e-06,-8.3236003777322e-06,-1.134130344649866e-05,-8.828976363998481e-07,2.629733651529961e-05,4.5535685633208945e-06,-2.306478110512391e-06,-2.1119887407050686e-06,-1.8548566260517513e-05,2.977200933888697e-06,2.9362406254509585e-06,2.8554862657426085e-05,3.932789379240363e-06,-2.3415167012216523e-06,1.89848333977348e-05,-3.471124501756088e-06,-2.5255674150019385e-06,-2.787592426295062e-06,2.1987119799072555e-06,-1.0742746773813672e-06,-3.007189691545223e-06,2.008702809141626e-05,6.754900601550926e-07,3.7180326849056426e-05,-1.027916439275736e-06,-2.2250906773347974e-06,1.2348144441380998e-05,-2.386934484508573e-07,8.044703095231212e-06,-2.02061011332287e-06,3.1774309337231215e-06,5.2831435026001075e-06,7.925001653049843e-06,-2.068114625311042e-06,-4.825525008612231e-07,7.589308040875483e-07,9.331926058176964e-07,-7.7379680006064e-06,-2.982583445790629e-07,-2.1325237682565046e-06,-2.055905162783938e-06,-1.597779695710044e-06,3.875859215797778e-07,5.174935501109138e-06,-7.55884819721538e-06,-9.993691976879697e-08,-2.1599000418272063e-06,8.689673257000054e-06,-2.283612605682518e-06,-2.125870830248824e-06,-1.2233401959369275e-06,5.00254456907728e-06,-1.55135905201382e-07,-1.5901672080925907e-06,-7.39413787453776e-06,-3.787270541323864e-07,-7.822168716410807e-06,-1.505623184302095e-07,-9.79772904467259e-07,9.240416995434788e-06,1.1490843750251775e-05,movement,movement,no movement,no movement
3866.666666666654,0.0068107082435945,0.2865587091806955,-0.3234178453999999,0.0182413574251652,0.3054024830535737,-0.3199599862333332,0.0206228952106768,0.3057077037067062,-0.3091754341999999,0.0192592407419173,0.3056788768805569,-0.3124660939999999,0.0003193663728533,0.3152613799121704,-0.3390998283666666,0.0019592698665491,0.3131842878781374,-0.3521470383666666,0.0056621490968047,0.303739103471805,-0.3316174298333333,0.0531862715856427,0.3199995054373608,-0.2082625334333333,-0.0598310244928143,0.287588266500251,-0.2362381734666666,0.0295178096922929,0.2863902597571796,-0.2664311558333333,5.8708927217293445e-05,0.260350388869685,-0.3028580841333333,0.1172644849731662,0.2162091707649824,-0.05011549245,-0.1278500350083687,0.2668912442432175,-0.0528548633266666,0.1716447966731147,0.0652363844736771,-0.0808895814599999,-0.1794134389531536,0.0308570624843818,-0.08955832341,0.1563963350334548,0.0561888510481763,-0.1709133965966666,-0.1283847004800031,-0.0479025244511998,-0.1913563145366666,0.1416785089634582,0.0638888518644125,-0.1872713188899999,-0.0874650967221584,-0.0563674921719966,-0.2456418226333334,0.1267982680783931,0.0846825989160214,-0.1951213031099999,-0.0562623106576311,-0.0087658797533634,-0.2552217294333333,0.1542494251002863,0.0521482219806301,-0.1757826740799999,-0.1108069584781296,-0.0324783138374267,-0.128637701,0.0734697758772939,-0.1640850872334852,0.0531709885266666,-0.071265484338165,-0.1658175408952979,-0.0517560118233333,0.0843498747141836,-0.5012754579868924,0.0277407749986333,-0.0344582290315186,-0.4303266459815476,-0.0862501535566666,0.0549537662508515,-0.7630748467599157,0.1990725327666666,-0.0729340086962834,-0.754855493289254,0.0742942417433333,0.0355184223556585,-0.788478019079337,0.2212264872,-0.0743905621157372,-0.7821174834765223,0.0502269772166666,0.0709870144507791,-0.8221630855904538,0.1818020567666666,-0.0494289758368649,-0.8121340619649642,-0.03760832349,nijmegen_nijmegen_rennen_g_ch1_g11_compr.mp4,ch1g11,8.839096408084277e-05,0.0001864072692166,0.0001823753811471,5.6013992508353885e-05,5.365914044990638e-05,0.0002058759915399,0.0001832729413314,7.19053933050604e-05,4.0076791919798327e-05,1.9136039195940064e-05,0.0003482739023344,4.46540593472243e-05,0.0001902413517596,0.0001844069531028,0.000129437588051,5.601555500251332e-05,6.514115484702366e-05,0.0003755311153344,3.7930767152995525e-05,0.0001905730116598,0.000268481690494,0.0001939062873264,0.0001890523361517,0.0001501443105517,5.574039580705371e-05,1.3611199428850713e-05,0.000157812172065,0.0003192566153863,6.610197574894789e-05,0.0004196224664736,1.3564875153117234e-05,0.0001118719090565,0.0002496375415349,0.0003956818330956,6.742206479737754e-05,-0.0011918379429314,-0.0011431810200279,-0.0011571216913339,-0.0011310678937629,-0.0011012077927657,-0.0011192226239674,-0.0011313725096294,-0.0008034804204987,-0.0008550416331152,-0.0009825949138671,-0.0010301583811603,-0.0004300367790825,-0.000510572159698,-0.0010033591543421,-0.0005539978383806,-0.0051808259379609,0.0024160186749227,-0.0061035023038395,0.0035466791618484,-0.0068695963541592,0.0036405586547961,-0.0056695285745018,0.0026746288359182,-0.0001380180813983,0.0001454598399822,-0.0001346806195703,-0.0001577027126665,0.0001375939107123,-0.0004152161900823,0.0001739238363009,-0.0004571602479459,0.0002611977787264,-0.0006490996022724,-2.238127774891738e-06,9.392214218692528e-06,-4.204628632674915e-06,-9.554342372935792e-06,8.481290778368376e-06,1.4197884336877573e-05,-4.375127010811407e-06,-8.783599364116288e-06,-9.889252853225216e-06,-1.1268745440825225e-07,1.841197792720168e-05,4.268414697869573e-06,-4.431559750406392e-06,-4.214144255305964e-06,-1.9484290275086786e-05,3.222123071674854e-06,7.895006996784731e-06,2.1212473497127533e-05,3.858786357601551e-06,-4.51769532599709e-06,2.643037734949588e-05,-5.738975261941156e-06,-4.628335468983936e-06,-3.95463314515755e-06,7.350307071631377e-06,-1.1956822231685789e-06,-4.571773082024799e-06,1.2815714931192128e-05,3.0720449845331854e-08,2.872431720939115e-05,-1.1526613843566897e-06,-3.2200036724886227e-06,2.079336551795353e-05,-2.7410920579731125e-07,7.457581820849337e-06,-2.7093905890541156e-06,4.279779651174634e-06,5.653577961672652e-06,6.827121537884065e-06,-2.7556005657607133e-06,2.2576746573765606e-07,1.926984179118267e-06,8.360024757985039e-07,-7.69042606242855e-06,-5.733344296924625e-07,-2.8197474743369102e-06,-2.7427055697932707e-06,7.772341004119878e-09,7.776156583713281e-08,5.0955613150891e-06,-7.396327650926365e-06,-3.394589457776079e-07,-2.86591741275461e-06,6.482404078759239e-06,-2.9557666170370052e-06,-2.791615160258113e-06,-1.7202211036360555e-06,5.39020181918562e-06,-5.632492912993641e-08,-2.1190521130740713e-06,-6.996034712360744e-06,-4.987873744594233e-07,-8.560939286160713e-06,-6.132366152125963e-08,-1.1449780829773449e-06,7.575687336130978e-06,1.1084971925228866e-05,movement,movement,no movement,no movement
3883.33333333332,0.0038042081842359,0.285444999878633,-0.3244245708333332,0.0153807380369731,0.3043484393818304,-0.3213317176,0.0177466498179597,0.3046436855641028,-0.3105389877999999,0.0164099948663837,0.3046394360880078,-0.3138108512666667,-0.0026602712598861,0.3142637238762762,-0.3399285534666666,-0.0010366073007018,0.3121661049881233,-0.3529326623666667,0.002665655262281,0.3027065451834547,-0.3324304073999999,0.0518586926682147,0.3192930327430257,-0.2102167755333333,-0.0615692818748804,0.2868329771373359,-0.236111451,0.0271848108379972,0.2854962058833061,-0.2677352468333333,-0.0023930657151977,0.2594057191102321,-0.3034582015666666,0.1177572399122477,0.2158450084600052,-0.05242540688,-0.1289090617177649,0.266356937054625,-0.05229129397,0.1735020224511246,0.0642508840681297,-0.08071354113,-0.1802804140712765,0.0303016762130378,-0.09103897481,0.1574004536577474,0.0511320501628002,-0.1664961778399999,-0.1301715098497529,-0.045202644233142,-0.1951804268366666,0.1424523461771171,0.0578996323106968,-0.1820293441866666,-0.0895864760334391,-0.0524748137961916,-0.2496717125333334,0.1270233922436218,0.077872593971436,-0.1899930446533333,-0.0589148394964589,-0.0047867552546021,-0.2589549193333333,0.1549610225072534,0.046571061902241,-0.1711749462199999,-0.1128704089460305,-0.0295091405257626,-0.132451668,0.0736421421721076,-0.164212946137292,0.0525300353166666,-0.0714321324982652,-0.1656825126109254,-0.0511081310666666,0.0831591817057777,-0.5013730033364339,0.0276655519519666,-0.0347281227718018,-0.4305470182630366,-0.0860758805033333,0.0540598751292169,-0.7627287659933975,0.2001545785999999,-0.0725158780007124,-0.7551708759599879,0.0736280684433333,0.0346859152989874,-0.7880964336241074,0.2224391094333333,-0.0738794663426063,-0.7824679638172855,0.04942782,0.0698437634411177,-0.8216603982963685,0.1831607699999999,-0.0488074000344016,-0.8126732059870501,-0.0382321967683333,nijmegen_nijmegen_rennen_g_ch1_g11_compr.mp4,ch1g11,8.591835136591691e-05,0.0002023364688375,0.0001767124372909,4.669057779596003e-05,6.503755078837737e-05,0.0002269428459949,0.000177396693042,6.224051941840861e-05,3.0833505434937645e-05,1.9326542242693347e-05,0.0003532784475071,4.7210973951759374e-05,0.0001841027185144,0.0001786929847727,0.0001090957217366,5.859000853071072e-05,7.62891094710205e-05,0.0003828582682663,4.026869828213564e-05,0.0001844079416428,0.0003023608995032,0.0001868410008341,0.0001826779546284,0.0001456641950695,6.592748106802783e-05,1.237178937555789e-05,0.0001522729432262,0.0003227539464202,6.577883606693828e-05,0.0004334427304103,1.2370594361926584e-05,0.000107047330726,0.0002781602537705,0.0003989887756662,7.725283697905755e-05,-0.0010397349471309,-0.000991958434616,-0.0010006275364421,-0.0009786195922721,-0.0009503310697155,-0.0009646675273581,-0.0009789655017989,-0.00067033313732,-0.0007502827556607,-0.0008330010313476,-0.0008899308677641,-0.0002609270861782,-0.0005240543450384,-0.0007911075101023,-0.000524744864494,-0.0053108201468079,0.0030678233027284,-0.0063400114225704,0.004375990316234,-0.0071626228580898,0.0045216731314705,-0.0058542057702132,0.0033820859529529,-0.0001114142909778,0.0001184170805386,2.359696393683166e-05,-0.0002500131573054,0.0005704519789784,-0.0003734332972957,0.0006152543880943,-0.0004125469166736,0.0006847607212156,-0.0005627322573438,-2.599507621550696e-06,1.6284313178200944e-05,-7.1227871118292336e-06,-4.870588390844884e-06,1.430540810175492e-05,2.0156476405423044e-05,-7.351589659501864e-06,-8.404701976926e-06,-7.301234244189044e-06,5.377199903474012e-07,1.17808843196559e-05,3.830752970577784e-06,-7.417428324951985e-06,-7.1641465371473425e-06,-1.88107377363384e-05,3.2597811041844967e-06,1.2688628291244628e-05,1.5185187000538357e-05,3.6355346762862096e-06,-7.572425737065055e-06,3.145163265628586e-05,-8.851831140375552e-06,-7.573405369371587e-06,-5.77026644327148e-06,1.2905916307387875e-05,-1.2159709757445057e-06,-6.806083709182924e-06,6.999599110279083e-06,-6.282495509504714e-07,2.0990041181899888e-05,-1.1852240556639398e-06,-4.37579626956867e-06,2.7084669633158985e-05,-3.3628121943769805e-07,6.207687853800693e-06,-3.2238966148610187e-06,5.149135929126367e-06,5.4366383852872615e-06,5.184485822264948e-06,-3.261841775274883e-06,9.48510218333495e-07,2.892949272189755e-06,7.7322079620271e-07,-6.469665573371412e-06,-6.62327140112494e-07,-3.3315536417261976e-06,-3.2527270880178553e-06,1.7051722376373251e-06,4.576426794149183e-09,4.489642911712459e-06,-6.140203033010501e-06,-4.1967444769741705e-07,-3.384696970234739e-06,3.913636226232332e-06,-3.443305705562327e-06,-3.2885059243814264e-06,-2.1832222171927793e-06,5.2247915588515066e-06,4.986844607404581e-08,-2.5609753547048173e-06,-5.6888601614545345e-06,-5.217687071189595e-07,-7.850446420109678e-06,3.572120267138222e-08,-1.2673373582923855e-06,5.354640413370575e-06,1.0015973822022415e-05,movement,movement,no movement,no movement
3899.999999999987,0.0008989252507646,0.2843844546509678,-0.3255338480333333,0.012594740321153,0.3033474615233586,-0.3228060702666667,0.0149393363558924,0.3036363142700878,-0.3120008583,0.0136320277550993,0.3036543727207727,-0.3152538697666666,-0.0055528897786111,0.3133120960526357,-0.3409035166333333,-0.0039524462048754,0.3111963256446599,-0.3538723246333333,-0.0002474885667759,0.3017199361228669,-0.3333884825333333,0.0505359616531554,0.3186716403475218,-0.2122291073333334,-0.0632070281529897,0.2861070457574652,-0.2362849184,0.0249094119072143,0.2846763005232765,-0.2691319426333333,-0.0047610555729008,0.2585101969257136,-0.3042028880999999,0.1181493328179517,0.2156957519364504,-0.05478853255,-0.1298750237628617,0.2658366118056113,-0.05182588029,0.1752212578214237,0.063613127798298,-0.0805344069466666,-0.1808376399079909,0.0298046955208255,-0.09273215601,0.1582751913771899,0.045881218472886,-0.1621668232599999,-0.1313948231823831,-0.0419229397212236,-0.1996358273699999,0.1431423874736694,0.0515074893514723,-0.1768852030566666,-0.0911002853216191,-0.047877810717575,-0.2544511109666667,0.1271537208795155,0.0706219041137335,-0.1850367479466666,-0.0610339542403542,-3.572565196853575e-05,-0.2634499380666666,0.1555506777190422,0.0407431723889345,-0.16669333321,-0.1144110332452796,-0.025909004356169,-0.138448924,0.0738083936256964,-0.16431975315442,0.0518978057433333,-0.0715937246677642,-0.1655694715764917,-0.0504638167766666,0.0821772545724211,-0.5013841713016198,0.0275544993119666,-0.0349890143071714,-0.4308466189486838,-0.0857172590466666,0.0532793712074837,-0.762109957964923,0.2011534386999999,-0.0719129636596221,-0.755512388771686,0.07312507901,0.0339572698739138,-0.7874284055814251,0.2235546799,-0.0731619682445684,-0.7828463146918987,0.04878512026,0.0688537415987494,-0.8208992685550502,0.1843433301333333,-0.0480183261683339,-0.8132013354009004,-0.0386559394416666,nijmegen_nijmegen_rennen_g_ch1_g11_compr.mp4,ch1g11,8.351092886782596e-05,0.0002245171647281,0.0001693011621419,4.404290613747232e-05,8.367092488400822e-05,0.00025305850425,0.0001697914896513,5.370764373415657e-05,2.544543764810263e-05,2.0589884349374752e-05,0.0003602801567698,5.087415942658748e-05,0.0001761358700146,0.000171107253044,9.099797993172714e-05,6.144438474766857e-05,9.385275404660988e-05,0.0003945488862469,4.384828959307832e-05,0.0001763559209698,0.0003395748956343,0.0001787377557166,0.0001745906281207,0.0001403776166625,8.287617950171785e-05,1.1176139517302252e-05,0.0001460557242373,0.0003261192518141,6.494890137841875e-05,0.0004450501943201,1.1198765154938851e-05,0.0001012635091025,0.0003118782009625,0.0004086344743093,9.376104537087572e-05,-0.0008800341799922,-0.0008351359327509,-0.0008393050828949,-0.0008214894419379,-0.0007963077204337,-0.0008049697823496,-0.000819919180543,-0.0005420452181443,-0.0006456779739909,-0.0006812306848272,-0.0007430992028027,-7.538361866855346e-05,-0.0005457529141204,-0.0004797958312057,-0.0005026885733981,-0.0053740940748416,0.0036433559609639,-0.0065426169519346,0.0051053081375335,-0.0074082601493317,0.0053283362542808,-0.0059808614904482,0.0040232484407965,-7.93107923006038e-05,8.580191169764908e-05,0.0001990952171556,-0.0003025906341361,0.0010772838700105,-0.0003091711022958,0.0011339387274351,-0.0003451833528464,0.0011683762623861,-0.0004601441450657,-3.0118459020065594e-06,2.1637668869686796e-05,-1.0746477336611406e-05,8.340649538735589e-07,1.9899887426395857e-05,2.4338960756278702e-05,-1.1023301260732595e-05,-7.183198951813537e-06,-3.745153407745405e-06,1.067121808360049e-06,6.902827707053339e-06,3.1147995707208654e-06,-1.114688011398177e-05,-1.0808879954534644e-05,-1.6635930755100812e-05,3.093309272309514e-06,1.6854963955150668e-05,1.0694505217361235e-05,3.1514732087410255e-06,-1.1366910297890332e-05,3.404700360924618e-05,-1.27172166119204e-05,-1.1255140298221198e-05,-8.267537061460676e-06,1.8305537610645317e-05,-1.118952131787261e-06,-9.739777352491196e-06,2.782125364549124e-06,-1.1658683681279028e-06,1.4677039422200215e-05,-1.108424250642459e-06,-5.730885997304008e-06,3.109496427109747e-05,-4.1354735109817956e-07,4.578854578493602e-06,-3.4459143747738075e-06,5.5337902907498075e-06,4.570835956310343e-06,3.3527091942898765e-06,-3.471270114470256e-06,1.5865198943554749e-06,3.505816652815538e-06,7.525845724267599e-07,-4.8181737827037335e-06,-6.735144808706032e-07,-3.5561632286132687e-06,-3.468442524468189e-06,3.2443289637642615e-06,7.618945772341824e-08,3.4041709927536816e-06,-4.599044983282308e-06,-4.41957572457931e-07,-3.601009548088815e-06,1.4860446538053224e-06,-3.635530871342371e-06,-3.5094341390403942e-06,-2.490449002197792e-06,4.445979752162631e-06,1.5406968234532018e-07,-2.8107914965532247e-06,-4.016921728364479e-06,-4.593344439156832e-07,-6.384709874877063e-06,1.327613806132506e-07,-1.3342472993786517e-06,3.025421833857647e-06,8.845907236112926e-06,movement,movement,no movement,no movement
3916.666666666654,-0.0018354749845223,0.2835401771624763,-0.3267194420333332,0.0099569680360654,0.3025512517868622,-0.3243349025666667,0.0122762957887241,0.3028388057358163,-0.3135138099333333,0.0109946861840414,0.3028708181501045,-0.3167371442666666,-0.0082789546231239,0.3125438094050544,-0.3419359078,-0.0067025225473671,0.3104258773351621,-0.3548838809999999,-0.0029935268243928,0.3009355651121589,-0.3344021449666666,0.0492476896549953,0.3182051784065883,-0.2142740150333334,-0.0647111693362379,0.2854982525758388,-0.2365265516666666,0.0227429464745129,0.2840437548271898,-0.2706117064333333,-0.0069834519039651,0.2578060271264025,-0.3050127125666666,0.1184877742100032,0.2157753885744369,-0.0571360386366666,-0.130776970258679,0.2653001399724713,-0.0514042986233333,0.1766827482659217,0.0634228570863659,-0.08016907965,-0.1808439564026976,0.029350458280243,-0.0947065211433333,0.1590456335281067,0.0406698861730838,-0.1579199320999999,-0.1320889834649181,-0.0379870724323052,-0.2046480991699999,0.1437459123344981,0.04507873075905,-0.1718678090899999,-0.0921093605983258,-0.0425015147786963,-0.2598861629666666,0.1271909552181171,0.0633719194881165,-0.1802988066133333,-0.0627481030397979,0.0056269835727729,-0.2685236493666667,0.1560343542193676,0.0349300566126375,-0.1623496581266666,-0.1154625934540622,-0.0215959353893678,-0.162856728,0.0739686088359142,-0.1643764172116854,0.05127018535,-0.071752032250626,-0.1655075244182209,-0.0498187189366666,0.0814935090578593,-0.5010417819277707,0.0275956006886333,-0.0349903270708408,-0.4311679431863436,-0.085039401,0.0528281257254415,-0.7607550161906049,0.2028854354333333,-0.0710726026557911,-0.7558516219970705,0.0731587777433333,0.0335682051645605,-0.7860106898332723,0.2254931436333333,-0.0722036433756286,-0.7832216005263813,0.0487161157166666,0.0681820736414025,-0.819491605516591,0.1864868368333332,-0.047041482791665,-0.8136802629172664,-0.0385750609983333,nijmegen_nijmegen_rennen_g_ch1_g11_compr.mp4,ch1g11,8.0396069568121e-05,0.0002494004081991,0.0001587027689961,4.847846249746228e-05,0.0001054670392711,0.0002797271171549,0.0001588793100883,4.726392418901918e-05,2.369311398568802e-05,2.196092259132109e-05,0.0003670973518477,5.496855691315624e-05,0.0001654056210351,0.000160331172153,7.684837141637225e-05,6.484568722212309e-05,0.0001123936897546,0.0004067598180836,4.814806852890473e-05,0.0001653262808785,0.0003749435787933,0.0001664588873615,0.0001639370523939,0.0001325288028848,0.0001028575508064,1.001416573101166e-05,0.000137070858835,0.0003286404605367,6.27941847770061e-05,0.0004595913348804,1.0044057700202012e-05,9.460878096398956e-05,0.0003449084866407,0.0004224463864529,0.0001135689757855,-0.0007193777932994,-0.000677660407867,-0.0006780126947994,-0.0006641996370511,-0.0006435253863838,-0.0006457881960736,-0.0006609261065751,-0.0004179245333179,-0.0005427119571158,-0.0005318901684154,-0.0005962741232412,0.0001302325339615,-0.0005614503161776,-0.0001075080366616,-0.0004654412230378,-0.0054243901847098,0.0041650831684558,-0.006751329836916,0.0057361341735714,-0.0076584202203414,0.0060431188440733,-0.0060983838514222,0.0045982066812578,-4.420825132586482e-05,5.013973943298082e-05,0.0003651891938251,-0.0003349527167475,0.0015808953814798,-0.0002494274604297,0.0016518130421967,-0.0002834507085282,0.001652092098247,-0.0003920484307761,-3.451670916698291e-06,2.4887343217788534e-05,-1.4419768367156334e-05,7.124036830508409e-06,2.412461393209478e-05,2.6329421664939647e-05,-1.4717939252177072e-05,-5.19215246280652e-06,2.231567211659559e-07,1.8170740757240876e-06,3.7446186312281623e-06,2.299181042612151e-06,-1.4918501569153097e-05,-1.4491874436448154e-05,-1.286102074665205e-05,3.0228015701620616e-06,1.975939218431958e-05,7.649622854996787e-06,2.5573572183839608e-06,-1.5186139191321033e-05,3.391273142279272e-05,-1.6548161138275183e-05,-1.498880625846811e-05,-1.0982421508097664e-05,2.245609652794983e-05,-9.064962369376276e-07,-1.2757989208695215e-05,2.9126690852476904e-07,-1.545208304529079e-06,9.912842769055729e-06,-9.189784527105236e-07,-7.050246048768152e-06,3.2470289262078326e-05,-4.775976892957238e-07,2.8328554822881213e-06,-3.254474615930718e-06,5.349191089428625e-06,3.2046927859241447e-06,1.634628756149623e-06,-3.2585543478053756e-06,2.024202250278021e-06,3.685221113902079e-06,7.919783851760588e-07,-3.0697634829535204e-06,-6.119897044277913e-07,-3.3879528451904824e-06,-3.273951333423238e-06,4.417479590046649e-06,2.698210652105758e-07,2.0598279707173033e-06,-3.065446880414368e-06,-4.1456851874895803e-07,-3.404244353896819e-06,-4.532708186463075e-07,-3.3496978900393494e-06,-3.3483342092408416e-06,-2.500021169765821e-06,3.1838203670268795e-06,2.467674820098094e-07,-2.717073939606792e-06,-2.309791721876918e-06,-3.034182463704282e-07,-4.7421228709586135e-06,2.213407548952581e-07,-1.3344086017341873e-06,9.623995078380253e-07,7.841439869161933e-06,movement,movement,no movement,no movement
3933.33333333332,-0.0043714630626927,0.2828841376399464,-0.3278288950666666,0.0075269949939393,0.3019060008001741,-0.3257090846666667,0.0098184531102995,0.3021960304986733,-0.3148825491666667,0.0085588043673618,0.3022358207312234,-0.3180628519,-0.0107954398783411,0.3119159856835453,-0.3428316504000001,-0.0092410318850627,0.309807811678054,-0.3557639465666666,-0.0055291949932801,0.3003089907816926,-0.3352897038333332,0.0480650831064167,0.3177590148447061,-0.2160179699666667,-0.0660419553305574,0.2849197920624485,-0.2365348525999999,0.0207203114962456,0.2835358049566334,-0.2719764084333333,-0.0090384902970928,0.257245003737444,-0.3057659493666666,0.118761205400525,0.2159033044274428,-0.0594447897799999,-0.1315334938233116,0.2646896323855143,-0.0511992802533333,0.1777152279288012,0.0633378582851687,-0.0797274102266666,-0.1803326061117098,0.0288272330300218,-0.0969760308299999,0.1596579929699791,0.0351077913977063,-0.1534541537933333,-0.1321327943670913,-0.0336681855396853,-0.2098808098033333,0.1442918883217551,0.0382068296400199,-0.1666356583466666,-0.0924332841355023,-0.0365784035981543,-0.2655699864,0.1272040338899497,0.0556407354594267,-0.1753838699366666,-0.0638921881383904,0.0119495959596616,-0.2738482763333333,0.1563744748603659,0.0287154268731754,-0.1578250265666666,-0.1158926999328458,-0.0168238106309148,-0.212005958,0.0741272228012745,-0.16439782154981,0.0506606456533333,-0.0719101369510515,-0.1654814657872187,-0.0491800143133333,0.0812132599094859,-0.5005764199425365,0.0277285437553,-0.0348552308150663,-0.4315093095177127,-0.0843637662066666,0.0528252576356256,-0.7588143447337115,0.2050176688999999,-0.0701844463495107,-0.7561790968896224,0.0731222408433333,0.0336291451820285,-0.7839734911258822,0.2278815866666667,-0.0712045383664815,-0.7835941488854368,0.0485761404166666,0.0678219658644351,-0.8176231862553287,0.1891021515666666,-0.046007149260594,-0.8141537434863696,-0.038647672525,nijmegen_nijmegen_rennen_g_ch1_g11_compr.mp4,ch1g11,7.626974750838235e-05,0.000274022488804,0.0001436435402172,5.9668474754329584e-05,0.0001311176416219,0.0003039465385707,0.0001434734104035,4.283813401749544e-05,2.6668410133750244e-05,2.444164617283579e-05,0.0003757935337062,5.776812300386056e-05,0.0001501524826749,0.0001451851173192,6.558940947707662e-05,6.747736715235685e-05,0.00013344480166,0.000420604271526,5.1323326674429006e-05,0.0001496744980206,0.0004045991205352,0.0001488990065796,0.0001487613067409,0.0001210499677736,0.0001265706083633,9.15546967550318e-06,0.0001238999627786,0.0003333482781981,6.071064136727731e-05,0.0004743947022586,9.15973611129047e-06,8.883646051912438e-05,0.00037439671662,0.0004405356926096,0.0001365803893771,-0.0005768838131948,-0.0005376427953677,-0.000535156843127,-0.0005255999118649,-0.0005141548814496,-0.0005076988052243,-0.0005216047453719,-0.0003108074719988,-0.0004643089964115,-0.0004025904443311,-0.0004690244039695,0.0003210082915363,-0.0006039899539342,0.0002405851646126,-0.0004764886414797,-0.0055184483200653,0.0046139897190512,-0.0069886469885859,0.006276888477516,-0.0079057910178229,0.0066759295755127,-0.0062507608152328,0.0050926475445811,-7.26175902508611e-06,1.254108330077555e-05,0.0005155082552903,-0.0003469629622948,0.002088341673578,-0.0001737629124033,0.0021743212062887,-0.0002046261601297,0.0021254310005302,-0.0003228175399499,-3.8382215268650505e-06,2.6479518786144508e-05,-1.755221704812731e-05,1.2922689849699831e-05,2.652637255549029e-05,2.672804397183133e-05,-1.783950894680973e-05,-2.592887538548042e-06,4.1120896369235514e-06,2.5955506575575156e-06,1.562493471209054e-06,1.6855133179917376e-06,-1.8163156779174524e-05,-1.7629281609998196e-05,-7.702986254655757e-06,3.3885933916472157e-06,2.1150058230328487e-05,5.289472761243307e-06,2.110402481617286e-06,-1.8444720837010014e-05,3.1966813756552145e-05,-1.9765416346297985e-05,-1.821326030726047e-05,-1.3497736717747493e-05,2.4931761146499587e-05,-6.128184507919885e-07,-1.5396969394483864e-05,-1.215672141923615e-06,-1.5832770472882125e-06,6.002405812868749e-06,-6.482636082763362e-07,-8.176296551595176e-06,3.192250345453365e-05,-5.046059924834563e-07,1.190675288037253e-06,-2.5670738909361864e-06,4.647255059066174e-06,1.438342293884587e-06,2.3105955948142446e-07,-2.5442196794866743e-06,2.2331604625660886e-06,3.3749202181236375e-06,8.535241185633567e-07,-1.6224117707998622e-06,-4.3377434671712355e-07,-2.726118538344195e-06,-2.5906011665490777e-06,5.115994731769021e-06,6.022279123682885e-07,5.405498022505143e-07,-1.885482604769749e-06,-2.883045218531851e-07,-2.700227457667729e-06,-1.715041650613994e-06,-2.50344795494808e-06,-2.6946507715194455e-06,-2.1111561083587924e-06,1.5269048785684595e-06,3.116292223814077e-07,-2.1723011335499676e-06,-9.464066990814956e-07,-1.061903076424946e-07,-3.2380966331603763e-06,2.8663992553917853e-07,-1.2840575640805466e-06,-6.317102939029415e-07,7.076989116927724e-06,movement,movement,no movement,no movement
3949.9999999999864,-0.0064794986602907,0.2824145813849104,-0.3287977076333332,0.0055093930405658,0.301463781298482,-0.3269134779666667,0.0077663441243604,0.301756894153834,-0.3160900886,0.0065316046312134,0.3018049543664004,-0.3192291508666666,-0.0128897779550945,0.3114828164236984,-0.3436483222333333,-0.011363028640481,0.309391095191513,-0.3565671658333333,-0.0076403698819537,0.2998821090187495,-0.3360980838666666,0.0469544017134885,0.3174690002250644,-0.2175850962666667,-0.0672214551760674,0.2844705930934287,-0.2366040088666666,0.0189776619108994,0.2832059267538093,-0.2731615007666666,-0.0107799039684702,0.2568552634925169,-0.3064513759666666,0.1189127189197246,0.2162688560585735,-0.0616260948966666,-0.1322357393008174,0.2640838326332541,-0.0513048516399999,0.1783644513382921,0.0637161877566416,-0.0794329074033333,-0.1793553448104229,0.0283179724587825,-0.0998087892666666,0.1602422469129489,0.0292920550236971,-0.1493691848633333,-0.1317121196169603,-0.0287858347201795,-0.21541970207,0.1448474544899438,0.030817440933431,-0.1618640778099999,-0.0923085963703672,-0.0299507495657119,-0.2716430654333333,0.1272168527690869,0.0474454634791545,-0.1709729056833333,-0.0646583068086101,0.0190487611906251,-0.2796288440666666,0.1566994534287412,0.0221475871358825,-0.1537334596533333,-0.1159106687471798,-0.0114170022374232,-0.230656743,0.0742810949741303,-0.1643858778041985,0.0501170070866666,-0.0720651741479143,-0.1654885245801069,-0.0486021030166666,0.0811438328178802,-0.4999815823815308,0.0283724657719666,-0.034645635216222,-0.4318680701672338,-0.0833947675366666,0.0528528740299706,-0.7566723224216165,0.2076829203999999,-0.069295184274162,-0.756482448206307,0.0738520048366666,0.0337135379926679,-0.781759460116848,0.2307904026,-0.0702044059845159,-0.7839397325191484,0.0492646585033333,0.0677194593774861,-0.8154520703372994,0.1924142366333333,-0.0448368592856905,-0.814625525281339,-0.0378997099816666,nijmegen_nijmegen_rennen_g_ch1_g11_compr.mp4,ch1g11,7.199509592872693e-05,0.0003003935169437,0.0001244511363492,7.5197242317378e-05,0.0001568232412232,0.000329362620869,0.0001239385865007,4.122533411737333e-05,3.3598333765015625e-05,2.7666252976817177e-05,0.0003830205472324,5.972431640903188e-05,0.0001304581889251,0.0001259774505048,5.982053984373583e-05,7.110495010572336e-05,0.000152532884944,0.0004320074101492,5.372746038636756e-05,0.0001295947448905,0.0004332648042029,0.000127003605888,0.0001289916047651,0.0001062593879684,0.0001507531492329,8.663402526781211e-06,0.0001068935077852,0.0003371301375204,5.873431603544532e-05,0.000486284604861,8.619023654555384e-06,8.131120126567304e-05,0.0004039379415424,0.0004616558424689,0.0001600410947326,-0.0004436953944685,-0.000404340905427,-0.0003991583735779,-0.0003942485451194,-0.0003951152844018,-0.0003795261921216,-0.0003909514702192,-0.0002114502693249,-0.0003945235898127,-0.0002855986897984,-0.0003534299200122,0.0004966324779685,-0.0006515387246636,0.0005636945080049,-0.0005179593440249,-0.005595513038547,0.0049907340402991,-0.0071845029053679,0.0067350054892434,-0.0081045268435542,0.0072058433324791,-0.0063778109954791,0.0055081666456342,2.937226486410707e-05,-2.4948872752174105e-05,0.0006389552472275,-0.0003541440033862,0.0025485122636679,-9.743425100536037e-05,0.0026467201274267,-0.0001260391554298,0.0025392469157747,-0.000277790974066,-4.175107423835533e-06,2.628964272328403e-05,-1.9622385818750367e-05,1.7275733451203072e-05,2.7349526803304327e-05,2.563667067566783e-05,-1.98683857892789e-05,-4.6165374577656323e-08,7.480673994325927e-06,3.5503879950024137e-06,3.7364153417145753e-07,1.4059355460823908e-06,-2.0387119166146565e-05,-1.972000294600422e-05,-1.779565281419146e-06,4.189420022102522e-06,2.1229234854378596e-05,3.548304206625084e-06,1.951589516853367e-06,-2.0628298873427736e-05,2.8876638461694025e-05,-2.1784081419356063e-05,-2.041315901007563e-05,-1.5372037372092865e-05,2.5853397669235135e-05,-2.738567216514555e-07,-1.7219357762770278e-05,-1.757228253208688e-06,-1.5022523779525346e-06,3.112709855850809e-06,-3.313595517339933e-07,-9.126694512386e-06,2.981054978812488e-05,-4.968443503645773e-07,-3.283820264628672e-07,-1.3941002464045516e-06,3.568138172632285e-06,-4.818257395969413e-07,-9.436630442381272e-07,-1.343694342678518e-06,2.153911965820694e-06,2.6360951495407557e-06,9.162392112887356e-07,-6.53235659342287e-07,-1.4764216635457724e-07,-1.5614853228206656e-06,-1.4294025057731527e-06,5.2108478794396015e-06,9.746774768538158e-07,-9.151045122989548e-07,-1.1946500763520662e-06,-6.56656318224821e-08,-1.488662091939693e-06,-2.5040761762388276e-06,-1.1342558860982604e-06,-1.5304363894556592e-06,-1.3018227639991711e-06,-3.02852550272923e-07,3.394343520433263e-07,-1.1617368693527965e-06,-6.550936426547249e-08,1.1916519989217501e-07,-2.1317583411684368e-06,3.194585662658077e-07,-1.043958661968587e-06,-1.8636413782341595e-06,6.324292203382619e-06,movement,movement,no movement,no movement
3966.666666666653,-0.0084228726820188,0.2820864627411381,-0.3296796865,0.0036358525593878,0.3011779214287798,-0.3280328085,0.0058588821766415,0.3014739034372004,-0.3172198598666667,0.0046453123529238,0.3015272608026656,-0.3203142057333333,-0.0148467378726971,0.3111920643485081,-0.3444134998666667,-0.0133465062836791,0.309123018127668,-0.3573187853666666,-0.0096103286280102,0.2996048911570641,-0.3368606090666666,0.0458275227058248,0.3173297346596919,-0.2190252656666667,-0.0684101238948144,0.284128744459558,-0.2367407836333333,0.0173179358644779,0.2830192031911903,-0.2742662052999999,-0.0124353445594279,0.2566031305529012,-0.3071612374999999,0.1186460544078923,0.216908653497547,-0.0634649030299999,-0.1329320662439376,0.2634200778724823,-0.0518999141133333,0.1784382949057195,0.0646068374817949,-0.07899649213,-0.1779828523231373,0.027807137776344,-0.10353353817,0.1606566185266943,0.0237265435615017,-0.1452761647066666,-0.1309132376252374,-0.0234029885891595,-0.2217867949033333,0.1453000682678285,0.0235585393453936,-0.1571640315199999,-0.0918532717618933,-0.0227205262246061,-0.2785652036666666,0.1271662780327705,0.0392534662152198,-0.1667036968166666,-0.0651444159346055,0.0268076383639395,-0.2861598601,0.1568917988367984,0.0157412992335259,-0.14968637877,-0.1155962496817153,-0.0054666752685616,-0.244418412,0.0744110762853897,-0.164328786340586,0.0496887813633333,-0.0721982859735809,-0.1655395468654725,-0.0481290041866666,0.081191175845743,-0.4991893487961261,0.0296382462753,-0.0343181392823121,-0.432208608514676,-0.0822635185666666,0.0529221329978394,-0.7537068227725363,0.2114074965333333,-0.0684204111967319,-0.7564759230655056,0.07498616176,0.0338428182723808,-0.778695513894135,0.2348130098,-0.0692240049778994,-0.7839461687609718,0.05037910314,0.0677822411669192,-0.8124472503305409,0.1972901474333332,-0.0435066186102405,-0.8147684840344827,-0.0365143038883333,nijmegen_nijmegen_rennen_g_ch1_g11_compr.mp4,ch1g11,6.770873378979967e-05,0.0003239744674581,0.000103286555784,9.466509026373726e-05,0.0001833171725234,0.0003516511025114,0.000102529081245,4.253958252654376e-05,4.270075491952673e-05,3.07948444457341e-05,0.0003858248625986,6.108720954803374e-05,0.0001084197671422,0.0001047901030508,5.9798813072151645e-05,7.596256442619848e-05,0.0001714515682784,0.0004373455859964,5.558133385285921e-05,0.0001073060195589,0.0004568916789876,0.0001033776221569,0.0001068499784159,8.959485533509128e-05,0.0001761641148558,8.650590009111156e-06,8.810084941116498e-05,0.0003371983518532,5.7629463162110485e-05,0.0004920448430517,8.52928908797705e-06,7.24099414687874e-05,0.000429183768975,0.0004808321551402,0.000184724335256,-0.0003193165782123,-0.0002771081274541,-0.000269553186748,-0.0002689530317327,-0.0002880032440693,-0.0002626684874802,-0.0002711654692873,-0.0001112707439677,-0.0003365988585743,-0.000177628133087,-0.0002488056245912,0.0006609943795992,-0.000712257494754,0.0008621315934606,-0.0005883240408334,-0.0056073461239703,0.0052864057448141,-0.0072769728271929,0.0070990517577337,-0.0082005795574983,0.0076257388212753,-0.0064288943869777,0.0058339576101972,6.574389285316346e-05,-6.24514725104409e-05,0.0007401201856484,-0.0003576319262941,0.0030066224932637,-3.3072523079550826e-06,0.0031207721417308,-2.8960825229843892e-05,0.0029345340900821,-0.0002467943355473,-4.5875261209315054e-06,2.4889175129603143e-05,-2.05145922825125e-05,2.0045096338770087e-05,2.56293440075915e-05,2.3714835802547947e-05,-2.0693946329366228e-05,2.050808698974224e-06,9.634545633901742e-06,4.599994361315165e-06,1.267581446142749e-07,1.5812200988661728e-06,-2.1449232184366694e-05,-2.064533829253255e-05,3.709644554001782e-06,5.465386286919061e-06,1.9414506007079256e-05,2.513079443429653e-06,2.1860930799775892e-06,-2.159965297588292e-05,2.5515056249651145e-05,-2.2398544619354095e-05,-2.145207124918551e-05,-1.640918663440262e-05,2.4358365466211828e-05,8.16556880811047e-08,-1.8026774698529813e-05,-1.4560757572187246e-06,-1.274301829626886e-06,1.4356062341847284e-06,5.93089282827939e-09,-9.95193831981088e-06,2.695381028289607e-05,-4.322145330341687e-07,-1.6036716658425818e-06,1.4636686733352721e-07,2.2575204828859176e-06,-2.4139889952644586e-06,-1.8492890202739152e-06,2.184360284338409e-07,1.794379990424243e-06,1.6195258419057943e-06,9.883988927015412e-07,-2.6014031907786964e-07,2.2365623639507293e-07,1.9999905976634382e-10,9.601445644048985e-08,4.7059342048462834e-06,1.3283720260166798e-06,-2.257680689898609e-06,-1.0440549443434472e-06,2.382384858542238e-07,1.1392182366111825e-07,-2.920643587078341e-06,6.104072415514563e-07,3.6025309755648114e-08,-1.3489404740027678e-07,-2.169968614707084e-06,3.2501004685279106e-07,2.1515905834133723e-07,2.710517502379713e-07,3.313209286238313e-07,-1.5811923140993037e-06,3.14369916910581e-07,-5.839992044124304e-07,-2.7377093461573168e-06,5.46694131431142e-06,movement,movement,no movement,no movement
3983.3333333333194,-0.0102306786896244,0.2818734822481144,-0.3298417902666666,0.0018830891750913,0.3010053147974155,-0.3283599843666667,0.004073655817931,0.3013085989220487,-0.3175566688333334,0.0028802353947059,0.3013618904210762,-0.320610108,-0.016674787679966,0.3110162725156425,-0.3444353827,-0.0152067383992198,0.3089745482454586,-0.3573244905333333,-0.0114515878347297,0.2994471570292255,-0.3368741571999999,0.0446976421411251,0.3172741903351797,-0.2196113631,-0.0695987134992704,0.2838848485805483,-0.2363525726333333,0.0157418959660519,0.2829360488435646,-0.2746694495999999,-0.0140070102083563,0.2564633421985711,-0.3072127001333333,0.1181525961754356,0.2176475592400113,-0.0645697375199999,-0.1336233318553376,0.2626864906584397,-0.0522669610066666,0.1781523156755379,0.0656187907048088,-0.0776409560966666,-0.1761952849011141,0.0272601095278688,-0.1069232354466666,0.1609184585221952,0.0181586720095686,-0.1406385329199999,-0.1296094705904378,-0.0178138408163652,-0.22778475817,0.1456413839773191,0.0162246908097268,-0.1518196750633333,-0.0908793591102941,-0.0152551163564522,-0.2849119181666666,0.1270130459933139,0.0309273166375081,-0.1618293643099999,-0.0652193952216891,0.0348053945202238,-0.2919940129,0.1569455558748358,0.0093036031565239,-0.1451101108333333,-0.1148285746392188,0.0007072783085284,-0.280863643,0.0745278892166619,-0.1642440178797064,0.0492846771433333,-0.0723197423478575,-0.1656213361644574,-0.04767080888,0.0813098027635619,-0.4983946254593801,0.0309454027086333,-0.0338646151474089,-0.4325384570845074,-0.0811084151966666,0.0529881493789363,-0.7503945970867851,0.2152390340999999,-0.067528196948986,-0.7562634973142565,0.0763377986633333,0.0339664086032444,-0.7752672343070256,0.2389828131666666,-0.0682519365230341,-0.7837498253844286,0.05174891871,0.0678452579490222,-0.8092924838734585,0.2025156667666666,-0.0421828222330319,-0.8148547297411967,-0.0346626223916666,nijmegen_nijmegen_rennen_g_ch1_g11_compr.mp4,ch1g11,6.345656736955165e-05,0.0003463686215176,8.132194592493662e-05,0.0001165101793934,0.0002091257948026,0.0003731684036654,8.043393245317067e-05,4.6439943954416105e-05,5.314094954134543e-05,3.484198981470333e-05,0.0003841061327831,6.148690229414623e-05,8.529301104665637e-05,8.274625135285948e-05,6.605185636286012e-05,8.145262186201255e-05,0.000189992472223,0.0004364146030661,5.655709067971976e-05,8.410252242464199e-05,0.000480111524323,7.931640072211318e-05,8.36286532352635e-05,7.170244178208295e-05,0.0002010780323741,8.9918081789211e-06,6.846840970106204e-05,0.000333687085676,5.7088890988032085e-05,0.0004912514405433,8.785208069133938e-06,6.218164072855822e-05,0.0004534290063533,0.0004992552080352,0.0002088805390878,-0.0002027399465431,-0.0001541159034102,-0.0001445740176791,-0.0001475158861894,-0.000188017048564,-0.0001538951416211,-0.0001590367981293,-1.0811194788337858e-05,-0.0002883904414456,-7.504215299769834e-05,-0.0001539829154934,0.0008015298409629,-0.0007787404128479,0.001107813294264,-0.0006900221866543,-0.0055551240695357,0.0055481625979869,-0.0072619365544732,0.0074361922736757,-0.008186666090543,0.0080032275535101,-0.0064019296063579,0.006122897961998,9.922181377389272e-05,-9.71752195755841e-05,0.000817606862522,-0.0003698531083225,0.0034134386116497,0.0001147852212275,0.0035412280993462,9.490797261973748e-05,0.0032515780123201,-0.0002065840018171,-5.0150716337715475e-06,2.2693489525422813e-05,-1.996983816036458e-05,2.119674887856244e-05,2.1934810725645793e-05,2.1429016325714937e-05,-2.0065815223471003e-05,3.664501256104272e-06,1.0554747277655753e-05,5.6876335585844616e-06,-2.7785331104823917e-07,2.014252552174458e-06,-2.108093387190266e-05,-2.014998567061951e-05,8.357138140217203e-06,7.272056040432445e-06,1.638724291731287e-05,1.1074976930841495e-06,2.627268848738915e-06,-2.1091195888788418e-05,2.247547400550353e-05,-2.1388603150676948e-05,-2.1047567637665245e-05,-1.6346755361591278e-05,2.097357175483267e-05,4.040325806328371e-07,-1.7577370382976454e-05,-1.3842505470317668e-06,-9.572084617858255e-07,-2.3051165132424715e-07,3.184463807497805e-07,-1.0488825712362124e-05,2.3913435526622108e-05,-2.895045125344543e-07,-2.7191089376433385e-06,1.8959145630945512e-06,8.687799965342342e-07,-4.2105309721581485e-06,-2.6611781564026862e-06,1.979969539326003e-06,1.222061776818298e-06,4.861985230802703e-07,1.021015666860614e-06,-5.203880077547619e-07,6.688450814415922e-07,1.806640607615677e-06,1.8328425573658644e-06,3.683880919410495e-06,1.641257416254686e-06,-3.407337315575891e-06,-1.4918853320749952e-06,6.168578026958544e-07,1.9460966183109523e-06,-3.328457544586746e-06,2.54413859516148e-06,1.848453601257383e-06,1.27937351610854e-06,-3.922231582556894e-06,2.745491128710601e-07,1.8146054809224936e-06,9.88878071561816e-09,5.147493785258556e-07,-1.7359999570234875e-06,2.760821275452476e-07,1.0265158463285722e-07,-3.495830763155493e-06,4.660408620875498e-06,movement,movement,no movement,no movement
3999.999999999986,-0.0114835397832139,0.2817391622441868,-0.3294389674666667,0.0005858499019422,0.3009432239565787,-0.3281026085333333,0.0027447072017192,0.3012603139074687,-0.3173074777,0.0015736828806877,0.3013106308947444,-0.3203224589666667,-0.0180026718589203,0.3109223839823424,-0.3439543126,-0.0165643813834846,0.3089104853607183,-0.3568241184666667,-0.0127870141284157,0.2993731269092673,-0.3363765885666666,0.0436155473095998,0.3174035967580961,-0.2196692297666667,-0.0706065619700801,0.2836854549941796,-0.2357742267666666,0.0145676458385587,0.2829473646699276,-0.2745159676333332,-0.0151108254396949,0.256383759910752,-0.3068003174666666,0.1175595748987073,0.2185756022117251,-0.0649628493999999,-0.1341095590023901,0.2619208259093292,-0.0526257665633333,0.1776445213712888,0.0668687632226013,-0.07528568243,-0.1741188321167377,0.0266311853811719,-0.1102623102466666,0.1611329151690789,0.0126568415172432,-0.13503018245,-0.1279170118988742,-0.0123027572052818,-0.23350511477,0.1459749679612459,0.0089435460566689,-0.1453668073066666,-0.0894999087769949,-0.0078566191804303,-0.290997387,0.126882800898709,0.0226147558057405,-0.15587279796,-0.0648831461077102,0.0427510536936338,-0.2976209223333333,0.1569843877714316,0.0029265372319935,-0.1395608835666666,-0.1136778830308857,0.006817762848261,-0.306000024,0.0746064118336337,-0.1641412852399986,0.04896090665,-0.0724047030597504,-0.1657212713748141,-0.0472823480233333,0.0815513268156279,-0.4976341269864187,0.0322707573719666,-0.0332940445412156,-0.4329173577298431,-0.0801270100666666,0.0530914379614799,-0.7468946338542966,0.2188608472666666,-0.0666411801541698,-0.7560665597036931,0.0775097965833333,0.0341233515716039,-0.771606941035782,0.2429122831333333,-0.0673033604695771,-0.7835720845678166,0.0529459412833333,0.0679250801453291,-0.8058861573076408,0.2074874496333333,-0.0408262900424644,-0.8149746595441002,-0.0329183261116666,nijmegen_nijmegen_rennen_g_ch1_g11_compr.mp4,ch1g11,5.858377052128561e-05,0.0003672362571298,6.056282442701384e-05,0.0001392586768773,0.0002319846695784,0.0003935465561309,5.967065081904906e-05,5.181300150425664e-05,6.378471968986904e-05,4.092030888118115e-05,0.0003772514215531,6.240059585329714e-05,6.32102988043815e-05,6.180198992853917e-05,7.73967189534942e-05,8.924890939703853e-05,0.0002073431939779,0.0004294407715743,5.818658149673602e-05,6.213269488375809e-05,0.0005019405089131,5.745746567073767e-05,6.153266426822278e-05,5.448506774655659e-05,0.0002229629329589,9.593370215410096e-06,5.020966847580111e-05,0.0003267098793654,5.696793822730751e-05,0.0004829502324265,9.305004665144623e-06,5.081765705218005e-05,0.0004761766505513,0.0005167059560485,0.000230430353339,-8.757859021180192e-05,-2.7239944228396512e-05,-1.479209748288201e-05,-2.0612111971006223e-05,-8.37472577441104e-05,-4.35193832486961e-05,-4.5860789704525254e-05,0.0001041314783776,-0.0002389520861825,3.1975085729476765e-05,-6.254106156636016e-05,0.0009218212727471,-0.0008459327302645,0.0012767804085415,-0.0008177628091419,-0.0054423257716246,0.0057580554875597,-0.0071474035016117,0.0077156054187939,-0.0080495485233707,0.0083178163402345,-0.0062885870548304,0.006364579908772,0.0001289065869846,-0.000128209837067,0.0008505833486145,-0.0004056633807742,0.0037118156818769,0.0002018488973634,0.0038520150430811,0.0001858570883431,0.0034634026017913,-0.000219318421629,-5.4013555979706085e-06,2.006769617583413e-05,-1.7444532918689945e-05,2.0901642710282647e-05,1.6681273600065792e-05,1.909203611705836e-05,-1.7456138835566745e-05,4.561145119070199e-06,1.0193324605150751e-05,6.682099782964918e-06,-1.1764677244599784e-06,2.613063030133598e-06,-1.8635252216200084e-05,-1.769493272670339e-05,1.1460143595458383e-05,8.897564363817431e-06,1.2223636605196294e-05,-9.250919616555176e-07,3.1649993532003e-06,-1.8478226958494e-05,1.9972422458000217e-05,-1.810055729294896e-05,-1.8562079602914456e-05,-1.4604257071059792e-05,1.6090588775782357e-05,6.869835856172913e-07,-1.5222178293248849e-05,-1.782073580626343e-06,-2.951761021184007e-07,-2.234833785242568e-06,6.028099406857539e-07,-1.0354775686777329e-05,2.1019870104336248e-05,-3.4624350131620945e-08,-3.680529413459788e-06,3.623740819246631e-06,-4.100934827350918e-07,-5.6630307662095405e-06,-3.443812514174369e-06,3.707166310237258e-06,5.515722418115774e-07,-5.77067103945529e-07,9.54726389776869e-07,-1.388144521215384e-06,1.0741297633498277e-06,3.624107467827599e-06,3.557556409202992e-06,2.341335646198604e-06,1.784631485210556e-06,-4.2612499175064695e-06,-2.50641701784055e-06,9.63019825865654e-07,3.7656656430747665e-06,-3.863721987171735e-06,4.387113592459337e-06,3.666720973064372e-06,2.7370216128965486e-06,-5.3431871289990735e-06,1.9664381262598165e-07,3.394332744797975e-06,-8.196716648148125e-07,6.601533149204866e-07,-2.579825648802449e-06,2.1145333876906522e-07,9.763774621744738e-07,-4.224970871040437e-06,4.4573745270265286e-06,movement,movement,no movement,no movement
4016.666666666653,-0.0123922987383471,0.2816822681133836,-0.3294991353666667,-0.0003692943416255,0.3009580931736867,-0.3281956474,0.0017547985336324,0.3012901148664708,-0.3174086298,0.0005986600385456,0.3013318046760345,-0.3203751445,-0.0190159069690194,0.3108763557700887,-0.3438694812999999,-0.0176046678856269,0.3089019437679497,-0.3567379966999999,-0.0138019031182506,0.2993615186193512,-0.3362704466,0.0426539121371143,0.3175771454314114,-0.2197659269,-0.0714920152807013,0.283494538791159,-0.2354950192333333,0.0136966633842786,0.2830235148330509,-0.2747611388999999,-0.0159366847661937,0.2563476623964848,-0.3068556454999999,0.1169296081567265,0.2195870196105786,-0.0652403368366666,-0.1345312454913812,0.26106764385843,-0.0532382226666666,0.177025124024612,0.0682425256203273,-0.0724743706536666,-0.1718674829792605,0.0257523920842751,-0.1137496952966666,0.1613413882160313,0.0073037389599545,-0.12947858591,-0.1256989016032301,-0.0066564264283352,-0.2396001720033333,0.1463776555870016,0.0019053428511248,-0.1390887215966667,-0.0874885645850737,-0.0002059715528816,-0.2976463486999999,0.1268699074261765,0.0146555257711265,-0.1500685962366666,-0.0639273449147793,0.0510706616818856,-0.3038234954333333,0.1570251147158602,-0.0032886096018099,-0.1340845957533333,-0.1119566680303057,0.0130911074988442,-0.297583044,0.0746795068517817,-0.1639969896997488,0.0487231141666666,-0.0724895016325007,-0.1658667613599653,-0.04695791299,0.0819818345466736,-0.4967415003015439,0.0340292387786333,-0.0327196504559811,-0.4333228889906012,-0.0788337479866666,0.0535006729348305,-0.743051513358526,0.2239776551666666,-0.0657588659551139,-0.7558267198163919,0.0795555431066666,0.0346032817574219,-0.7676195432705866,0.2484848977,-0.0663621381567066,-0.78334754845041,0.0551266176966666,0.0683785462100612,-0.8022059545040717,0.2140705288333333,-0.0394690233331353,-0.815178522299441,-0.030319063325,nijmegen_nijmegen_rennen_g_ch1_g11_compr.mp4,ch1g11,5.346777612862125e-05,0.000385367518092,4.395415750180688e-05,0.0001610720986289,0.0002465042002761,0.0004108577414182,4.311595069368727e-05,5.762618130469191e-05,7.36300617861399e-05,4.905448299146124e-05,0.0003702885906125,6.515588616798218e-05,4.5221682168192715e-05,4.489501793788958e-05,9.178465275010016e-05,9.88171170330816e-05,0.0002189366641893,0.0004209426305477,6.15317725430644e-05,4.438983220306311e-05,0.0005198617336067,4.07018083678823e-05,4.3644446587847856e-05,4.03815859318447e-05,0.0002369326508319,1.0395417588344212e-05,3.575938047105727e-05,0.0003202706093809,5.711191256270824e-05,0.0004733197364174,1.003588235327605e-05,3.96613501307898e-05,0.0004955189732138,0.0005342752386839,0.0002447922385667,7.972766413190908e-06,8.044887042970359e-05,9.530593402946896e-05,8.764200530136734e-05,4.379920802568289e-06,4.9544683937092926e-05,5.096602693609217e-05,0.0002073081254686,-0.0001897469263238,0.0001244168388029,1.5898811022328504e-05,0.001011473385182,-0.000892362653411,0.001360941556271,-0.0009541575565312,-0.0053366060188663,0.005902929786935,-0.0070060995112736,0.0079259705704647,-0.0078894972376149,0.0085651506667933,-0.0061726573829949,0.0065409650253958,0.0001536462100354,-0.0001543394496922,0.0008460910256577,-0.0004795396128514,0.0038697346956124,0.0002420981636054,0.0040151732361285,0.0002293510168396,0.00355542717054,-0.0002688985288753,-5.433286208397469e-06,1.67342088130918e-05,-1.3091417250699998e-05,1.9661106392563925e-05,1.0160901462075394e-05,1.622218060719523e-05,-1.3010946471802615e-05,4.49524185162972e-06,8.882878176797905e-06,7.638045281816859e-06,-3.11938980843147e-06,3.5498823805402674e-06,-1.4298869307037664e-05,-1.3415837579067345e-05,1.2837195819690843e-05,1.0562177818459305e-05,7.271736809959679e-06,-3.9547988406062366e-06,3.974813206898489e-06,-1.3974951175103716e-05,1.692961741002183e-05,-1.2843799404445242e-05,-1.4182057020322136e-05,-1.1217362797460584e-05,9.908230865677193e-06,8.418658882115068e-07,-1.1156058809079923e-05,-2.994917789415992e-06,4.5477337427516723e-07,-5.0943542041118475e-06,7.796073750840696e-07,-9.339267579187331e-06,1.747382708197385e-05,3.066600208209041e-07,-4.459637493486266e-06,5.04889291977795e-06,-1.4566923265787273e-06,-6.5306810884694545e-06,-4.189796156291836e-06,5.119677932739569e-06,-1.1207086325395861e-07,-1.4383078318188032e-06,7.742188129213297e-07,-2.8340243894312314e-06,1.3227948322555388e-06,5.164882880033696e-06,4.993481014798e-06,8.827696200469948e-07,1.695619165945246e-06,-4.6854393005401215e-06,-4.038556330043594e-06,1.177177679365407e-06,5.283631195711617e-06,-4.568515980698698e-06,5.839077810881125e-06,5.200307693318696e-06,3.987355060823102e-06,-6.205452716250223e-06,1.0489444376867477e-07,4.687580385270014e-06,-2.160580966688317e-06,7.655050537918974e-07,-4.131841640101177e-06,1.3220679673341278e-07,1.9284951146105177e-06,-4.944958511812496e-06,5.240010631984972e-06,movement,movement,no movement,no movement
4033.333333333319,-0.0127440742176392,0.2816180521478619,-0.3296608805333334,-0.0008375799212316,0.3009634067862907,-0.3283740957333333,0.0012506697698207,0.3013089330595869,-0.3175917551333334,0.000115185854509,0.3013433915628106,-0.3205092559333334,-0.0195213033041153,0.310795186639654,-0.3439233152333333,-0.0181298621860736,0.3088675205591945,-0.3568020254333333,-0.0143045317180216,0.2993304172331734,-0.3363024811,0.0418624229805393,0.317742803885458,-0.2199495628666666,-0.0720964279824451,0.2832124665868307,-0.2354173861666666,0.0132885039311455,0.2830860850489921,-0.2750783463999999,-0.0162736348611802,0.2562886629423533,-0.3070460972333333,0.1162223910197533,0.2205712903712061,-0.06553858513,-0.1347455041799318,0.2600700133406022,-0.05401881652,0.1760799303991403,0.0695379403462061,-0.0697007778106666,-0.1690485025716265,0.0245247439529675,-0.11745540125,0.1615495917215032,0.0017566157777371,-0.1241054824933333,-0.122683431741931,-0.0010446684363337,-0.2458348079033333,0.1468374414328579,-0.0052668564943158,-0.1330806877599999,-0.0846399019500789,0.0073953581390224,-0.3044727300666666,0.1269524963166492,0.0066164430787042,-0.1445796015266666,-0.0622354841670214,0.0593674353918129,-0.3102534706666666,0.1570705330352804,-0.0096664798425368,-0.1288170162666666,-0.1094705407432169,0.0193332120709018,-0.301457554,0.0747480890882627,-0.1638347941207726,0.0485325809633333,-0.0725708950429884,-0.1660311592651671,-0.04667174277,0.0825569602851345,-0.4959456847970798,0.0357250515519666,-0.0320366179172989,-0.4338486289578909,-0.07763333924,0.0541289534518217,-0.7392123131171301,0.2287602935999999,-0.0646986682509249,-0.7556140866618108,0.0814400935933333,0.0353020752840199,-0.7636325866586299,0.2536808655333333,-0.0652353121349327,-0.7831513170053851,0.0571401296499999,0.0690595648541063,-0.7987389873189564,0.2202785016333333,-0.0378366131483837,-0.8155643151701433,-0.0278281569383333,nijmegen_nijmegen_rennen_g_ch1_g11_compr.mp4,ch1g11,4.813166949573235e-05,0.0004006583460663,3.38670435202697e-05,0.0001786974145461,0.0002520897674737,0.0004252617875064,3.317536416383534e-05,6.193113898751917e-05,8.214753818119535e-05,5.756746695139435e-05,0.000362371801748,6.945453707775956e-05,3.3991903391681266e-05,3.442676601955408e-05,0.000107104683318,0.0001103444609612,0.0002237205773252,0.0004115468748203,6.62227192469744e-05,3.356763570032548e-05,0.0005336908549032,3.142795297616863e-05,3.260213269445879e-05,3.1292541334816435e-05,0.0002424368137101,1.1273983467577812e-05,2.7338075624117088e-05,0.0003137476590958,5.755156230405996e-05,0.0004619639520938,1.0864975702158965e-05,3.086811206092982e-05,0.0005105105153392,0.0005498807898216,0.0002513186367669,6.975104080521213e-05,0.0001529468476384,0.000170474244204,0.0001621291960139,6.125545397555415e-05,0.0001095174111563,0.0001135008506445,0.0002944491993917,-0.0001623995851155,0.0001908944388668,6.577340643333417e-05,0.0010760185214789,-0.0009310432733107,0.0013780104852726,-0.0010957354344362,-0.0052282144607745,0.00594969078303,-0.0068494564292704,0.008006455665882,-0.0076983939515874,0.0086923259460944,-0.0060406265553709,0.0066200794917542,0.0001748723497578,-0.0001768129955306,0.0008136069865315,-0.0005611624647238,0.0039146739985645,0.0002385062016532,0.0040631674518949,0.0002265425885848,0.0035716385226491,-0.0003603731519041,-5.031863952168093e-06,1.255816624817074e-05,-7.11557011581474e-06,1.7149214022214015e-05,3.4530800112742164e-06,1.2551827667429864e-05,-6.964907122021988e-06,3.895845585305223e-06,6.96661106276972e-06,8.246029576953056e-06,-6.646746782388622e-06,4.7659296805752e-06,-8.203385032922706e-06,-7.512744867790275e-06,1.273665615229026e-05,1.1772995361872064e-05,2.619421728668579e-06,-8.526470517721344e-06,5.00921457239276e-06,-7.750320098715851e-06,1.32259074711731e-05,-5.893983867776442e-06,-8.054892769709935e-06,-6.310947507142616e-06,3.4718989064009352e-06,8.9195601866492e-07,-5.500925020873811e-06,-5.657279301764171e-06,1.1074815187724295e-06,-9.909226553675896e-06,8.638471584255347e-07,-7.237126336418918e-06,1.31692999636943e-05,7.004633877958143e-07,-5.028618226385803e-06,5.904090114240259e-06,-2.179850035444866e-06,-6.778413336697852e-06,-4.8925398046728086e-06,5.95292427834298e-06,-6.503358294302245e-07,-2.0168727581993253e-06,5.214207051736164e-07,-4.593719840317869e-06,1.3371833818631997e-06,6.136372817701045e-06,5.871535824575766e-06,-4.2222463480074e-07,1.3093954874822558e-06,-4.67607219610558e-06,-5.8441238575800364e-06,1.1910648746356844e-06,6.210923765590133e-06,-5.452042601685358e-06,6.622244593134505e-06,6.161016789497907e-06,4.800042268719677e-06,-6.4746801170328045e-06,1.2703513735344554e-08,5.455061682385112e-06,-3.771566730353829e-06,7.977319684579097e-07,-6.105267795503139e-06,4.9911739886500146e-08,2.7802289962629815e-06,-5.630973786689737e-06,6.666463581803546e-06,movement,movement,no movement,no movement
4049.9999999999854,-0.0127879407596915,0.2816983044230084,-0.3297033081000001,-0.0010094315022854,0.3011252676604763,-0.3284330367666666,0.0010395531754666,0.3014893784045988,-0.3176547095666667,-7.979223367827749e-05,0.3015113874606919,-0.3205293695,-0.0197290047830563,0.3108438914319494,-0.3439005541999999,-0.0183484898271898,0.3089736511086763,-0.3567957550333333,-0.0145087594397072,0.2994446778827948,-0.3362606486,0.041185312690723,0.3180275905050563,-0.2199722265333333,-0.0725180741313501,0.2830236738790946,-0.2353423427,0.0131118852466481,0.283267093365631,-0.2752592658666666,-0.016364609416332,0.2563436623843441,-0.3071579731666666,0.1153802828983085,0.2216333738908801,-0.0655409689966666,-0.1348906756863584,0.2590906923668139,-0.0549159295066666,0.1748351323873495,0.0708190002759971,-0.0666178694543333,-0.1662042537272569,0.0232766245052364,-0.1220063261333333,0.1617173616850758,-0.0033276393407476,-0.1188038683733333,-0.1195064172592444,0.0049543455974997,-0.2537190900033333,0.1472926416490433,-0.0118313388080145,-0.1272061728166666,-0.0815925476652695,0.0153907292122247,-0.3132062028,0.1270941225517155,-0.0006768321732711,-0.1392942609733333,-0.0602086372087511,0.0680314615782768,-0.3184848259333332,0.157106790396483,-0.0154975942760493,-0.12369622218,-0.106765257842352,0.0259239986228491,-0.295414299,0.0748077803360693,-0.163650808821769,0.0484543619133333,-0.0726452834818905,-0.1662178125001055,-0.0464852869,0.0832742367212068,-0.4951950942105,0.0373559273953,-0.0312833119543791,-0.4345141507895264,-0.07661561849,0.0550941108658887,-0.7354969183592474,0.2341393241999999,-0.0636276540321571,-0.7554775312310801,0.0833152842733333,0.0363403017839142,-0.7597955040577242,0.2595464304666667,-0.0640970656848171,-0.7830260384887282,0.0591639133466666,0.0700627408730621,-0.7954626532078393,0.2274106260333332,-0.0360334550093996,-0.8160900445601394,-0.0254186198016666,nijmegen_nijmegen_rennen_g_ch1_g11_compr.mp4,ch1g11,4.315417099927107e-05,0.0004119893935762,3.0963245499566404e-05,0.0001924961835254,0.0002501567370607,0.0004363246980033,3.04620023219652e-05,6.473211118417962e-05,8.784748374707243e-05,6.673809674072341e-05,0.0003545302593778,7.620519610971277e-05,3.028584306112778e-05,3.106168571388666e-05,0.0001210293919384,0.0001238753919938,0.000223067944809,0.0004022187716656,7.308149586449381e-05,3.0362928468350405e-05,0.0005448278100866,3.0506967877692217e-05,2.91047602644072e-05,2.8241221149798885e-05,0.0002406091989174,1.2187530970666352e-05,2.57836436438238e-05,0.0003088868348155,5.858045973608788e-05,0.0004489252142597,1.176173704306726e-05,2.502087405889225e-05,0.0005219209519615,0.0005628936236328,0.0002514631019483,0.0001231178037337,0.0002133756586106,0.0002326723908477,0.0002247304132006,0.000106167122815,0.0001563839979972,0.000162673904013,0.0003728971177869,-0.0001452433493532,0.0002494591570313,0.0001060621512628,0.0011193630713452,-0.0009566095221165,0.0013448444231647,-0.0012368447110799,-0.0051070870536662,0.0059149659643927,-0.006657291851003,0.0080009211380439,-0.0074639479590187,0.0087486141096665,-0.005882422924468,0.0066232146270736,0.0001920805679592,-0.0001949067829027,0.0007705280345864,-0.0006600340758878,0.0038261801310485,0.00018287723833,0.0039696459804723,0.0001702530065545,0.0034889042960278,-0.0004704656291231,-4.172550353100211e-06,7.310578694540043e-06,-2.8043996185562346e-07,1.4662133005099044e-05,-3.0062871109603613e-06,7.508937500353105e-06,-7.780619862308038e-08,2.8444420980111976e-06,4.639933316915439e-06,8.512668132666132e-06,-1.1154904571771015e-05,6.365167270095341e-06,-1.0629663446514409e-06,-7.276412255246819e-07,1.1475042258581125e-05,1.2968786348125597e-05,-1.6174519754900112e-06,-1.401774459053769e-05,6.424959736685192e-06,-5.490349681114785e-07,7.641745353086285e-06,1.8360828073973792e-06,-8.712556465805795e-07,-6.320526221189862e-07,-2.7661894704870655e-06,8.333889160666565e-07,9.569703264791308e-07,-9.52999451250692e-06,1.8068726487549917e-06,-1.594225517909289e-05,8.498304417298605e-07,-4.062420749360231e-06,7.326808753589829e-06,1.083370269648343e-06,-5.32917808293083e-06,6.085702815196054e-06,-2.6603263556657253e-06,-6.460031712844847e-06,-5.478106029298637e-06,6.106849168610637e-06,-1.0063329453925955e-06,-2.2539619161837374e-06,1.8126181102672805e-07,-6.347866029955622e-06,1.0365231508898065e-06,6.4211428373422315e-06,6.085931966169052e-06,-1.3837479252561354e-06,5.839606428787508e-07,-4.294960602541956e-06,-7.583500885601056e-06,9.261411987133872e-07,6.437108171692902e-06,-6.446394016323267e-06,6.639762014607464e-06,6.430321291310723e-06,5.0513787856638935e-06,-6.188788804661685e-06,-6.304519102498428e-08,5.5820027214033e-06,-5.388322468174328e-06,7.337168249303986e-07,-8.096081663891532e-06,-2.0651059486395263e-08,3.4030597453022197e-06,-6.2402293362218385e-06,8.150230223737421e-06,movement,movement,no movement,no movement
4066.666666666652,-0.0124572137414713,0.2818911514930527,-0.3294111410333333,-0.0008426758293795,0.3014114962717613,-0.3280865231666666,0.0011677999099716,0.3017954474229711,-0.3173160647666667,6.717774132815839e-05,0.3018069317127592,-0.3201451987000001,-0.0195814726649315,0.310989610665444,-0.3436151810666665,-0.0182118062455031,0.3091797722957435,-0.3565357228333332,-0.0143572565696054,0.2996668682988972,-0.3359551469666666,0.0406175170444502,0.318446290551771,-0.2194639325333333,-0.0727627539590519,0.2828545503809419,-0.2353913228,0.0132229774720682,0.2835662915893933,-0.2750684053333332,-0.0161555226162481,0.2564865223516397,-0.3070799387666666,0.1144392354062863,0.2227488831832166,-0.0651253067533333,-0.1349608998861353,0.2580254113008597,-0.05613984495,0.1732475466547511,0.0721613625549435,-0.063187275541,-0.1632472220165264,0.021848518153946,-0.1268314718833333,0.1617496540248196,-0.0081493919053649,-0.1134189252299999,-0.1158105935906656,0.0109182408039546,-0.2617919334033333,0.1476791592162611,-0.018102910173919,-0.1212512996166666,-0.0778971711784345,0.0234889593331848,-0.3221271808333333,0.1272845012735585,-0.0076680692947708,-0.1339077808933333,-0.057506803364537,0.0768271006442742,-0.3268383384333333,0.1570777680146754,-0.0210519102113375,-0.1184898933133333,-0.103519720477544,0.0326203766413172,-0.299216807,0.0748630032461745,-0.1634418442570895,0.0485149142733333,-0.0727165515335229,-0.1664298681659862,-0.0464310804466666,0.0840533496818625,-0.4944171627280332,0.0391621427173,-0.0302918184268503,-0.4352104933914602,-0.0758705681266666,0.0564965808507993,-0.7315694649346808,0.2394999791666666,-0.0623027065438111,-0.7553217493734053,0.0848546606633333,0.037852237040764,-0.7557295478756982,0.2653593938,-0.062706518997096,-0.7828809134616367,0.0608577655933333,0.0715437857621254,-0.7920596880120784,0.2345592430666666,-0.0338436201980813,-0.8166114973818076,-0.0231363531116666,nijmegen_nijmegen_rennen_g_ch1_g11_compr.mp4,ch1g11,3.877070359911544e-05,0.0004188512861798,3.415893525776791e-05,0.0002030608360257,0.0002427915198169,0.000443358897816,3.3834578100631244e-05,6.589387312997108e-05,9.09763901585656e-05,7.472747304529943e-05,0.0003470744879001,8.376727761000832e-05,3.2896874809189727e-05,3.3755091676576945e-05,0.0001310415360759,0.0001372550766616,0.0002179013460925,0.0003926515862591,8.063774873060484e-05,3.35339776988117e-05,0.0005525588777388,3.611503020642007e-05,3.197181792431926e-05,3.041463667357541e-05,0.000233621435725,1.300663794517596e-05,2.9883422106575735e-05,0.0003026831022093,6.047730197132381e-05,0.0004367048446143,1.2597797845794953e-05,2.2375645602919817e-05,0.0005287447688883,0.000570490181863,0.0002471465592529,0.000179554841106,0.0002705910592483,0.0002904170034959,0.0002836711193526,0.0001494717349906,0.0002018998765517,0.0002115915239544,0.0004380623877669,-0.0001296787190672,0.000305155771269,0.0001484777008145,0.001138877720767,-0.000976421040665,0.0012875504769373,-0.0013798051813309,-0.0049555853283275,0.0057860686549951,-0.0064202089410198,0.0078901373664455,-0.007174097607492,0.0087236368020732,-0.0056906004791753,0.0065363630477044,0.0002081487023788,-0.0002113691123224,0.000742844816261,-0.0007594676000166,0.0036650185115501,8.712737926417927e-05,0.0037960265508601,7.3497443007843e-05,0.0033409946236052,-0.0005848417937026,-2.9268736797642636e-06,1.4467229994793406e-06,6.327511798448027e-06,1.209233753863158e-05,-9.362963346493547e-06,1.3108600041163154e-06,6.5256285043719964e-06,1.6302787211488051e-06,2.2543617706068652e-06,8.441686536426829e-06,-1.7333121325010058e-05,7.60466406810695e-06,6.040081541647298e-06,5.8877244702811984e-06,9.322866632494385e-06,1.3384658636894193e-05,-5.699564006631495e-06,-2.1258800117493187e-05,7.544803103672211e-06,6.514985473572482e-06,2.952128415145536e-07,8.867021580241712e-06,6.265936883728558e-06,4.910667027920942e-06,-8.886567632755965e-06,7.001507884770056e-07,7.055511894964189e-06,-1.483285985544568e-05,2.409983841546606e-06,-2.3567254476400116e-05,7.658787944235452e-07,-5.27852465501038e-08,2.0695348393357318e-07,1.3888383188415518e-06,-5.322462329200987e-06,5.6070513674175546e-06,-2.985568033000435e-06,-5.718619306192095e-06,-5.8522003255703825e-06,5.600724893560081e-06,-1.15598671118344e-06,-2.1973781403608418e-06,-1.98420219151038e-07,-7.643786761124399e-06,4.63709850906481e-07,6.026354657923726e-06,5.645134829417861e-06,-1.86048263142114e-06,-3.90733810116202e-07,-3.6426323037301048e-06,-8.743932802982865e-06,4.147252647713803e-07,5.977800143584738e-06,-7.381579687591248e-06,5.951460262485387e-06,6.016970774299502e-06,4.733184699703516e-06,-5.489300897970319e-06,-1.1201941754310141e-07,5.093951088272089e-06,-6.516764333725456e-06,5.565518449867593e-07,-9.583562567626418e-06,-6.99939416037872e-08,3.700771622900131e-06,-6.665782328332439e-06,9.119859359034744e-06,movement,movement,no movement,no movement
4083.3333333333185,-0.0117236935747674,0.2821630771452744,-0.3288930803,-0.0003072392454135,0.3017756939816748,-0.3275293796666667,0.0016644153127204,0.3021778246562999,-0.3167686567,0.000589618788781,0.3021870718898847,-0.3195620149333333,-0.0190372143349015,0.3112231334504655,-0.3431690680999999,-0.0176807562687935,0.3094660853320599,-0.3561156412333332,-0.0138070852150486,0.2999675661233144,-0.3354896972666666,0.0401732850842027,0.3189575754181925,-0.2188317671666666,-0.0727383215317305,0.2827725038598478,-0.2355167984999999,0.0136373353104765,0.2839556252298925,-0.2746419971666666,-0.0155970047905806,0.2567146156709313,-0.3068180121,0.1133971861371065,0.2239090305607615,-0.06446604399,-0.1348097637526253,0.2570896485893404,-0.05757052779,0.1712165278209914,0.0735558057713134,-0.0596770437006666,-0.1601542851162701,0.0205709298410963,-0.1321208346233333,0.1617471025495839,-0.0127420573269491,-0.1079365416533333,-0.1116611911304681,0.0167465017984458,-0.2692044186933333,0.1480790110226129,-0.0241127460744973,-0.1151861602033333,-0.0736999734295962,0.031441879868467,-0.3302439029666667,0.1275610903247963,-0.0144345221605234,-0.12841851626,-0.0542480288921875,0.0856270933575208,-0.3343965878666666,0.1570486604621788,-0.0263551701301691,-0.11320677663,-0.0998112151419071,0.0392432477154222,-0.292876601,0.0748977279078017,-0.1632248701504973,0.0487400062466666,-0.0727670744190064,-0.1666501503165877,-0.0465511841766666,0.0848703346538485,-0.4936762915421175,0.0412332328529666,-0.0292587566455088,-0.4359721301248376,-0.07543218416,0.0579949651168441,-0.7279402163243893,0.2446517993666666,-0.0608644383157657,-0.7552540963673698,0.0856970329933333,0.0394560535201589,-0.7519701956800792,0.2708818758999999,-0.061222999841518,-0.7828288177491424,0.0617751383199999,0.0731443326812682,-0.7888076488676513,0.2411760684333332,-0.0314505188162765,-0.8172474067401588,-0.0213192284703333,nijmegen_nijmegen_rennen_g_ch1_g11_compr.mp4,ch1g11,3.575906315514397e-05,0.0004187589455569,4.3160013547657726e-05,0.0002128342966167,0.0002293293663169,0.0004435842101761,4.300965644380135e-05,6.584846614873568e-05,9.14087919213952e-05,8.295941073676345e-05,0.0003347305647119,9.118273337559808e-05,4.168455168573764e-05,4.22930997347807e-05,0.0001367305249615,0.0001498546695245,0.0002090714145496,0.0003769024548256,8.80485014078293e-05,4.2835243059959054e-05,0.0005531191635845,4.799866820317591e-05,4.1018656402245925e-05,3.774921059667642e-05,0.0002208852522961,1.3718646786025035e-05,3.942027718234257e-05,0.0002917255291926,6.276251719308203e-05,0.0004190294426799,1.3378795322004157e-05,2.3513063056398465e-05,0.000528217123012,0.0005696108435935,0.000237787369896,0.0002378941826132,0.0003245333723878,0.0003435232391508,0.0003390974983433,0.0001938251301362,0.0002474255075634,0.0002612615697954,0.0004831692099635,-0.0001162382926548,0.0003545151003498,0.0001900106910405,0.0011250125630873,-0.0009883772233063,0.0011871334442848,-0.0015208100913286,-0.0047778032133276,0.0055343976504158,-0.0061335753808188,0.0076431198355478,-0.0068244786123192,0.0085653152758064,-0.0054646700201674,0.0063260245783643,0.0002210414505814,-0.0002239057524317,0.0006969594063182,-0.0008650617145141,0.0033968884459416,-5.58756114243942e-05,0.0035096301407341,-7.16706664802212e-05,0.0031071087979006,-0.0007100478644622,-1.3863370011837196e-06,-4.430214029550068e-06,1.1753455318467516e-05,9.429901233323173e-06,-1.4661441104304347e-05,-5.40178681552438e-06,1.1917685179152678e-05,3.5808128671455074e-07,1.909200227843458e-07,8.106901417314127e-06,-2.4692356995532904e-05,8.076564626060054e-06,1.1978701476074814e-05,1.1384922986883542e-05,6.731152931545649e-06,1.2683192361239256e-05,-8.921728207237767e-06,-2.9648095976241e-05,7.971493722123672e-06,1.2350339022673857e-05,-8.315487577377135e-06,1.4382291024803772e-05,1.2183823014906694e-05,9.542056992888297e-06,-1.397884627774039e-05,5.521836449492491e-07,1.1924416407107447e-05,-2.109487561911533e-05,3.0359088718295855e-06,-3.295817223554566e-05,6.611381861115185e-07,4.398038856471142e-06,-7.422003245309579e-06,1.5562801533441187e-06,-4.927085295309165e-06,4.535976320654395e-06,-3.3238004341822497e-06,-4.647873597506564e-06,-5.837197797118981e-06,4.505895560620797e-06,-1.1240034988699343e-06,-1.9127199038865655e-06,-6.600852441747743e-07,-7.901183314965061e-06,-3.422464948440382e-07,4.998330929958217e-06,4.6096843357712656e-06,-1.8884015040927943e-06,-1.551807357856549e-06,-2.845673978349845e-06,-8.704672656395236e-06,-3.171431618527485e-07,4.892133613158496e-06,-7.910026227246617e-06,4.649220885519789e-06,4.970233827205038e-06,3.888629250893312e-06,-4.467179504516877e-06,-1.2955082634517746e-07,4.055014921551808e-06,-6.691564139880291e-06,2.89566530241272e-07,-9.835452258399569e-06,-9.424089040577741e-08,3.5920411376804395e-06,-6.703285488078063e-06,9.146961774945475e-06,movement,movement,no movement,no movement
4099.999999999985,-0.0106720317665215,0.2824117528563822,-0.3283972570666667,0.0005631102337819,0.3021123014422147,-0.3269954472333333,0.0024933219911593,0.302531524305504,-0.3162444050666667,0.0014490682645812,0.3025405523157003,-0.3190092941333333,-0.0181476661429282,0.3114376415201193,-0.3427661029666666,-0.0168092452804006,0.3097294595046432,-0.3557417154666665,-0.0129144476156771,0.3002443851961702,-0.3350690971,0.0399742163892155,0.3194615097558795,-0.2181978986,-0.0723844476388723,0.2826964277653977,-0.2356451968333333,0.0143384264296432,0.2843281406695375,-0.2742235507,-0.0147381161734341,0.2569274364827213,-0.3065914479,0.1123433547016621,0.2250341267199952,-0.06372765687,-0.1344745110418116,0.2561551188091588,-0.0590729072433333,0.1691290901718405,0.0747078938585914,-0.0563338223673333,-0.1569125122710661,0.01902520108349,-0.13723657189,0.1617732331600367,-0.0173314552485063,-0.1036692534099999,-0.107242932512794,0.0221699672754762,-0.2761085406666667,0.1485926288313055,-0.0299983603592851,-0.1105483588366667,-0.0691923625567944,0.0389796493760154,-0.3378577099,0.1280232086986694,-0.0209760989993876,-0.12429715136,-0.0506923611043757,0.0941444599255565,-0.3415484026666666,0.1570827840822065,-0.0315862568654778,-0.1091519406866666,-0.0958312553075855,0.0454803217762812,-0.305099756,0.0749248165200437,-0.1629973700577594,0.0490664824933333,-0.0728099491202145,-0.166879939585572,-0.0467812245766666,0.0857507656057963,-0.4929663579462197,0.0434049460903,-0.028142460177715,-0.4368690416355096,-0.0750980189133333,0.0595910322703896,-0.7244988937189363,0.2495057006,-0.0592851673357912,-0.7553208160307952,0.0865386832366666,0.0411553185262658,-0.7484033498165142,0.2760284836333333,-0.0595947187389555,-0.7829133087021547,0.06269435333,0.0749947099681211,-0.7855894269607533,0.2476897896999999,-0.0288347657019918,-0.8180010368764192,-0.0194678297846666,nijmegen_nijmegen_rennen_g_ch1_g11_compr.mp4,ch1g11,3.4717556923837796e-05,0.0004127380069343,5.694720761387378e-05,0.000221624377735,0.0002105124455184,0.0004368021649051,5.695468714316188e-05,6.588652571581723e-05,8.958057344733804e-05,9.021709925521006e-05,0.0003108198427067,9.805338455500312e-05,5.579761436921727e-05,5.575492050895493e-05,0.0001399596155755,0.0001610245097063,0.0001963662148798,0.000348263171928,9.48188527318123e-05,5.728971262453408e-05,0.0005430817814962,6.458640591633242e-05,5.5281067408092686e-05,4.934068686258105e-05,0.0002032071373384,1.4182826269729336e-05,5.337374314031793e-05,0.0002702099381988,6.604427512044192e-05,0.0003884560159521,1.3975978456718034e-05,2.9186732512472613e-05,0.0005189647962594,0.0005586341663988,0.0002242403966699,0.000285391298339,0.0003651714535871,0.0003813121941595,0.0003804287373238,0.0002308554236627,0.0002843028357411,0.0003023362549956,0.0005075599935307,-9.898449469022948e-05,0.0003917631888254,0.0002261175995919,0.0010892228115108,-0.0010027048558125,0.0011061566397588,-0.0016659687945695,-0.004516192779126,0.005140629820983,-0.005753389020387,0.0072226499183342,-0.0063642122636432,0.0082258325205701,-0.0051515426568273,0.0059650802290628,0.0002315763666979,-0.0002332698478317,0.0006520944387376,-0.000955190828396,0.0030293948705865,-0.0002313485175442,0.0031134623271989,-0.0002513893449191,0.0027925151706918,-0.0008357461128075,4.120067292523933e-07,-9.583941793643084e-06,1.5570362383854917e-05,6.32511230565381e-06,-1.8970064266364365e-05,-1.1692115616988928e-05,1.5682070151217145e-05,-5.870984226383989e-07,-1.429098600456018e-06,7.306124905049408e-06,-3.261224848983829e-05,7.491861748918892e-06,1.6278265064034573e-05,1.53186953015392e-05,4.6688755023204865e-06,1.0784979341072904e-05,-1.1653144861004086e-05,-3.835674837705377e-05,7.443840362943005e-06,1.650230086797781e-05,-1.706640951642897e-05,1.8065329148986936e-05,1.641663479422052e-05,1.287678850509931e-05,-1.808726643254487e-05,4.165454881483182e-07,1.5211603407367957e-05,-2.7868914257389587e-05,3.3603651020548046e-06,-4.2829819519225355e-05,5.581221879737589e-07,8.181834904491915e-06,-1.4625160313779162e-05,1.536352729349578e-06,-4.234507032093655e-06,3.024530344463715e-06,-3.735368426015939e-06,-3.3401318114942415e-06,-5.401098896384827e-06,2.978227837148088e-06,-9.824850786501526e-07,-1.4945930589937751e-06,-1.1508057769459476e-06,-6.591258385519453e-06,-1.2858678792061673e-06,3.476044792320277e-06,3.1239654637697016e-06,-1.6176285917595315e-06,-2.7994375784899446e-06,-1.9645058406462976e-06,-6.921638531322614e-06,-1.1851467265020845e-06,3.330489997343828e-06,-7.772923745886384e-06,2.93212725499206e-06,3.4350340429340437e-06,2.6473201524716083e-06,-3.219769617399644e-06,-1.1282360133697005e-07,2.618542308861499e-06,-5.483204652081124e-06,-6.956093300541617e-08,-8.162750403915593e-06,-9.039113814696935e-08,3.0365340710190757e-06,-6.270143717700647e-06,8.035314716948516e-06,movement,movement,no movement,no movement
4116.666666666652,-0.0093765086060935,0.2827063304597918,-0.3275860547333334,0.0016588895730427,0.3024833614407158,-0.3261356929333333,0.0035560778345552,0.3029209147264626,-0.3154016977,0.0025400471142614,0.3029302267218067,-0.3181385437666666,-0.0170110986752559,0.3116989037413052,-0.3421124386999999,-0.0156848612210368,0.3100351268896393,-0.3551099668999998,-0.0117688896987727,0.3005640312343274,-0.3343967785666666,0.0399361674332932,0.3199747518358998,-0.2172497993,-0.0718437310383282,0.2826437262749961,-0.2357302218333333,0.0152437343645601,0.2847443518210365,-0.2734654680333333,-0.0136641599776205,0.2571793850791626,-0.3061154303,0.1112288353390765,0.2261148127996007,-0.0627134614233333,-0.1340017238792136,0.255250214703166,-0.0605185935666666,0.1669773164234137,0.0757027877571173,-0.0527645695973333,-0.1536302312077168,0.0173734216170188,-0.1417223392166666,0.1617561108412744,-0.0218330136336441,-0.0994189370766666,-0.1025562624120437,0.0273102844259111,-0.2819696409,0.1491198442344145,-0.0357069132874043,-0.1059220830033333,-0.0642958799840142,0.0462539545692395,-0.3443234638,0.1285757563336799,-0.0272501300417696,-0.1201026729266666,-0.0467934418490867,0.1024829305426049,-0.3475030800333333,0.1571353703546719,-0.0366819663645886,-0.1050862286533333,-0.0915646770238041,0.0515179808476315,-0.306204706,0.0749266766103351,-0.162770979345283,0.0494669662266666,-0.0728264041387789,-0.1671072835611272,-0.04709561747,0.0866396517508689,-0.4923687088687302,0.0455390438616333,-0.0268780409018049,-0.4379458964425692,-0.07512852333,0.0611741403003771,-0.7218618648574212,0.2537872756,-0.0576971551587443,-0.7556933677038852,0.0870749820066666,0.0428430891541107,-0.7456990568785404,0.2805103997666667,-0.0579659478055095,-0.7833071147980432,0.0633108490133333,0.0768493713268285,-0.7830531706280527,0.2535445866333333,-0.0261898177023898,-0.8189236308019819,-0.0180432682213333,nijmegen_nijmegen_rennen_g_ch1_g11_compr.mp4,ch1g11,3.614331499414209e-05,0.0003990128987354,7.553074924265658e-05,0.0002268952921729,0.0001923319541926,0.0004210418384202,7.565394582345942e-05,6.513142004308484e-05,8.775381728360888e-05,9.668368040627934e-05,0.00027490709369,0.0001041101688563,7.531942795334874e-05,7.410934022856299e-05,0.0001433086227211,0.0001697359911028,0.0001846637998164,0.000306179925758,0.0001007089563136,7.698470103168201e-05,0.0005207842928752,8.579863944228767e-05,7.492601696365769e-05,6.49914884552494e-05,0.0001856031222248,1.4478632495576695e-05,7.154128528080015e-05,0.0002386913617233,6.973794330311308e-05,0.0003429284404496,1.4446491129239132e-05,3.964660543493629e-05,0.0004993343328925,0.0005368460621771,0.0002111653685181,0.0003148989624245,0.000382307699124,0.0003945053425022,0.0003970429682747,0.000251968570319,0.0003024599725244,0.0003238737359786,0.000506932190435,-8.232394916687073e-05,0.0004105488308512,0.0002509727986088,0.0010563282157938,-0.0010088103730425,0.0010724056308617,-0.001809913116508,-0.0041030430358906,0.0046051699769331,-0.0051979492736174,0.006621267747272,-0.0057565536298247,0.0076795794356041,-0.0046833767100701,0.0054460569852884,0.0002410893796772,-0.0002410367742944,0.0006100862376675,-0.0010447751904432,0.0026323767212022,-0.0004244478911733,0.0026873408738789,-0.0004495260493717,0.002450923982805,-0.0009594269426772,2.1389255248800823e-06,-1.3835080786127424e-05,1.7540394899503788e-05,2.7553766053115955e-06,-2.1496578037622662e-05,-1.7312286790982597e-05,1.7599048290223344e-05,-1.243776087932926e-06,-2.6199396044724464e-06,5.872182196468974e-06,-3.956285278062531e-05,5.734713365859595e-06,1.865764035149296e-05,1.7422703020358007e-05,3.30432067054091e-06,7.55024440571152e-06,-1.314953165496364e-05,-4.5664899929226715e-05,5.832870376714488e-06,1.8711277962833307e-05,-2.5374039879860893e-05,1.972847048390735e-05,1.8722946359957018e-05,1.4645264044578783e-05,-2.0479976322207713e-05,3.2773031811950393e-07,1.675537422365092e-05,-3.378827673300076e-05,3.3078959050865545e-06,-5.130914510668464e-05,4.84541296778533e-07,1.1006636614570216e-05,-2.1093813972311915e-05,1.3137051534811365e-06,-3.2752739425235828e-06,1.2680397293720935e-06,-4.1279996412135726e-06,-2.078936515544516e-06,-4.496914153552311e-06,1.2153565632713143e-06,-7.581503300723601e-07,-1.105132152468832e-06,-1.656604987163466e-06,-3.5763285357409444e-06,-2.2456465171469477e-06,1.6550549364095504e-06,1.3801773574297196e-06,-1.3011458540161964e-06,-3.9735982817780705e-06,-1.228649820017932e-06,-3.2769524753456307e-06,-2.084412330599942e-06,1.4929744606956218e-06,-6.825836883905699e-06,1.024764867667614e-06,1.6072787510427103e-06,1.180600764446412e-06,-2.0039782849046373e-06,-6.920396118070477e-08,9.793468047737689e-07,-2.8152079124722895e-06,-4.567740125181202e-07,-4.318467231012152e-06,-6.359124560464677e-08,2.0875625052080143e-06,-5.309397390984283e-06,6.114423649069754e-06,movement,movement,no movement,no movement
4133.333333333319,-0.0076549342316017,0.2830119731552302,-0.3268425931000001,0.003147416637827,0.302852611009734,-0.325341918,0.0050137188652058,0.3033058055445649,-0.3146233767,0.0040249719747805,0.3033173282495374,-0.3173323711,-0.0154673450988391,0.3119540111926728,-0.3414991933333332,-0.0141472698406376,0.3103334065734794,-0.3545164675666665,-0.0102085819506383,0.3008770402001647,-0.3337648610666667,0.0401416992248308,0.3204994622983422,-0.2163264721999999,-0.0709829477077901,0.2825727366160782,-0.2359776978333333,0.0165113808470286,0.2851669959279412,-0.2727800359666666,-0.0121969503544881,0.257431959172017,-0.3056789146666667,0.1102109012225928,0.2271821893572471,-0.06173179565,-0.1333101463343072,0.2542528986043705,-0.0621346877033333,0.1648198133995938,0.0766892009306436,-0.049568700244,-0.1503506075582426,0.0154778137397588,-0.1460433437766666,0.1618200799112187,-0.0260625871281919,-0.0956497219099999,-0.0976179580040849,0.0314926350539671,-0.2874655174666667,0.1498048953957565,-0.0410504289777958,-0.10169051507,-0.0590670209013358,0.052360948988671,-0.3503702124666667,0.1293135579779016,-0.0332045426353323,-0.1162800069933333,-0.0425016524144195,0.1096881362365431,-0.3530657212666666,0.1573032539067804,-0.0415035242849073,-0.1014600541866666,-0.0869954886900266,0.0565522287306076,-0.327994317,0.0749187125792309,-0.1625297175634294,0.0499324314366666,-0.0728326998489652,-0.1673483942191367,-0.04748621751,0.0875207816741385,-0.4918268370095343,0.0477508757133,-0.0256299599051602,-0.4390884313832521,-0.0751023007633333,0.0627320083888032,-0.7196286651684956,0.2576091577333333,-0.0560890444057918,-0.7563257873561894,0.08744510849,0.0445032864203499,-0.7434256709851642,0.2844490121,-0.0563097701566875,-0.7839753420142043,0.0637253192233333,0.078705147391451,-0.7807859065574676,0.2586429737333333,-0.0235583853557658,-0.8200153696012205,-0.0169691483146666,nijmegen_nijmegen_rennen_g_ch1_g11_compr.mp4,ch1g11,3.970460296798216e-05,0.0003805012043264,9.57607476669436e-05,0.0002290671759088,0.0001723256891575,0.0003987894191207,9.595820158158989e-05,6.376396833022389e-05,8.453010416179557e-05,0.000101348069144,0.0002305710126013,0.0001100097707922,9.69928713232706e-05,9.429328374274568e-05,0.0001443454287388,0.0001748368436931,0.0001726343744015,0.0002547733909935,0.0001063601601385,9.858724961360914e-05,0.0004889217360468,0.000108251835314,9.660834217184528e-05,8.211150674373926e-05,0.0001662934232735,1.464426362743081e-05,9.08649005963296e-05,0.0002008870732457,7.334164927176136e-05,0.0002865722791016,1.4805909983028542e-05,5.318047654048677e-05,0.0004720154034464,0.0005083740321532,0.0001973980402352,0.0003406339736849,0.0003912796399093,0.0003989270346136,0.0004043955868908,0.0002687451426556,0.0003149669437519,0.000339242702696,0.0004938661216201,-6.633877163605094e-05,0.0004244617319065,0.000273962279342,0.0010276192708988,-0.0010080975301922,0.0010737201565239,-0.0019228950109677,-0.0036024374229366,0.0039580443630991,-0.0045448702243782,0.0058614250879847,-0.0050460167322799,0.0069475768001546,-0.0041203839128955,0.004796680596752,0.0002482532695789,-0.0002464221199216,0.0005599508142334,-0.0011214261733795,0.0021675692875342,-0.0006392293282392,0.00219421633343,-0.0006716690291329,0.0020503592686909,-0.0010979987205748,3.494075757492383e-06,-1.650350719632728e-05,1.7595140469604773e-05,-1.3082181761036335e-06,-2.23393452868811e-05,-2.1234300747702492e-05,1.760135030456134e-05,-1.7154928123212943e-06,-3.377570332685482e-06,4.009822128271292e-06,-4.359627400752873e-05,2.795120269870074e-06,1.9025774209327695e-05,1.7606771616306972e-05,2.6248787602501133e-06,2.9663769904371692e-06,-1.3704114210587666e-05,-4.939162852066311e-05,3.1151761947130765e-06,1.891011431069087e-05,-3.159465632668666e-05,1.939352095552189e-05,1.9026205195357705e-05,1.4762472917118476e-05,-2.1291818770377364e-05,2.848208710057875e-07,1.652107649023483e-05,-3.706081075822092e-05,2.7249295162075725e-06,-5.603956511475612e-05,4.38893147847589e-07,1.2461220349038517e-05,-2.5693685467007777e-05,9.243602748876212e-07,-2.269773524862376e-06,-4.409646598472133e-07,-4.440739579769615e-06,-8.393365566979127e-07,-3.287112864367831e-06,-4.894713510197259e-07,-4.91220015352378e-07,-7.835592065195568e-07,-2.122377023123015e-06,8.499834927365927e-07,-3.0847944690623825e-06,-1.650123397346474e-07,-3.325791699096989e-07,-1.0556599713372306e-06,-4.891843687028926e-06,-6.218171227153623e-07,1.8720991158308393e-06,-2.8967157332235302e-06,-3.172209805153467e-07,-5.172471513514824e-06,-7.685568577888981e-07,-2.1114051092429505e-07,-2.678999813773611e-07,-8.191350956477182e-07,-9.997052331042366e-09,-5.934914967503328e-07,1.0277591534196907e-06,-8.050909270798602e-07,1.3366882257522737e-06,-2.2167773660219577e-08,9.043830611308036e-07,-3.985683232092213e-06,5.200264101179889e-06,movement,movement,no movement,no movement
4149.999999999986,-0.0056401773932231,0.2833052536454988,-0.3261509368333334,0.0049593393900233,0.3031868793694218,-0.324633183,0.0068008044608437,0.3036454961343405,-0.3139366447666667,0.0058321485345391,0.3036644081698693,-0.3166158458,-0.0135972017690737,0.312168114342533,-0.3410098560999999,-0.0122739949608292,0.3105923056394456,-0.3540583514333332,-0.0083136347151283,0.3011591864731662,-0.333257404,0.040667640260123,0.3209773428835621,-0.2155530776,-0.0698093896280481,0.2824751344860773,-0.2365068465333333,0.0180393037883307,0.2855516990888346,-0.2721486628666666,-0.0104687607720197,0.2576641990113953,-0.3053706811666666,0.109312631068204,0.2281821548610005,-0.0607607960033333,-0.1324600076994626,0.2532362581212915,-0.06388570639,0.1627106139213306,0.0776856166062392,-0.0468079835873333,-0.1471151332843416,0.0135296483945174,-0.15007430854,0.1619771749274854,-0.0296454380113721,-0.0928422328766666,-0.0925009849796271,0.0349118419190301,-0.2923590804,0.1506116508874435,-0.04551581227264,-0.0985321747033333,-0.0535437522533721,0.0575510923178578,-0.3557802121666668,0.1302250382608286,-0.0382145759998083,-0.1135212020266667,-0.0378249700075275,0.1159703459296714,-0.3580126534666666,0.1575854549165866,-0.0456159770075094,-0.09880586232,-0.0821684032331329,0.060767379104721,-0.3191773,0.0749040528339646,-0.1622800614509725,0.0504720818933333,-0.0728328677517663,-0.1675950077114598,-0.04795755465,0.0884126165919611,-0.4912960071822097,0.0501922768992666,-0.0243976086028312,-0.4402252699955692,-0.0751693251933333,0.0643009889930931,-0.7177264547953432,0.2617605899333333,-0.0544780048388628,-0.7570517728929087,0.08746816183,0.0461700785767719,-0.7415186326159443,0.2887653435333333,-0.0546464228342838,-0.7847322001306296,0.0637870374899999,0.0806033958031031,-0.7789161106462338,0.2640153484666666,-0.020938952786517,-0.8211068796216042,-0.0164926254946666,nijmegen_nijmegen_rennen_g_ch1_g11_compr.mp4,ch1g11,4.456319437277166e-05,0.000359772200681,0.0001137635700735,0.0002272624476776,0.0001507405667708,0.0003725105196316,0.000113948509637,6.171387353448323e-05,8.097076899057484e-05,0.0001042813579734,0.0001808625962638,0.0001135855662758,0.0001166988037532,0.0001124128364882,0.000146649886699,0.0001786774994461,0.000160985890514,0.0001986341824625,0.0001102622895109,0.0001180267299744,0.0004504855315855,0.0001275417185716,0.0001162826290123,9.717136719168133e-05,0.0001456667286237,1.4751897571788876e-05,0.0001075053670962,0.0001591974543832,7.564491863783751e-05,0.0002228929376492,1.5091558215877842e-05,6.749481441979467e-05,0.0004402916895462,0.0004774246278296,0.0001826925513427,0.0003381214924315,0.0003728329945021,0.0003757791389509,0.0003835992304986,0.0002603065624294,0.0003005462253919,0.000326922967742,0.0004678295217502,-6.113792086298487e-05,0.000418719092502,0.000275237872865,0.0009951301842738,-0.0009969907790214,0.001089850634175,-0.0020390290147875,-0.0030195416486581,0.0031847566534934,-0.0037787261799607,0.0049244897593119,-0.0042339724953495,0.0059934862945007,-0.0034675857363132,0.0039921457475185,0.0002534629521216,-0.0002497218651124,0.0005062759414294,-0.0011906776470629,0.0016923616906668,-0.0008688121579095,0.0016931082792482,-0.000908156623076,0.0016450057579914,-0.0012355702465904,4.202651273676744e-06,-1.79452541623611e-05,1.5983319831504833e-05,-5.823235718159953e-06,-2.2192791600533035e-05,-2.3645594717756248e-05,1.5947658219524006e-05,-2.0886812340170545e-06,-3.915044914659002e-06,1.836518365943684e-06,-4.252622296637072e-05,-7.964350670018348e-07,1.7610014486010386e-05,1.6100719599498622e-05,2.1590815690330603e-06,-2.3796830961652463e-06,-1.3823654241891089e-05,-4.7138207150948286e-05,-2.447175355269525e-07,1.7347199484872114e-05,-3.580345182830148e-05,1.744814352814101e-05,1.756626572618504e-05,1.347629469158936e-05,-2.1207179047288245e-05,3.112218953416773e-07,1.484051033225066e-05,-3.571262453633663e-05,1.6759789780186965e-06,-5.439729660292861e-05,4.4372289910491465e-07,1.2432450866077771e-05,-2.8707159314339978e-05,4.473100395072002e-07,-1.4100156240937771e-06,-1.803215698141247e-06,-4.559938878758792e-06,3.063875215103698e-07,-1.9563547294151127e-06,-1.837408386178097e-06,-2.43817125741148e-07,-5.838944856973571e-07,-2.4920857667453827e-06,6.1617574268010335e-06,-3.572543819314214e-06,-1.6631026099776025e-06,-1.7128636946611672e-06,-1.096240933350976e-06,-5.452273238949779e-06,-2.1452715242630247e-07,7.886053037477849e-06,-3.420983291934318e-06,-1.7832655964497796e-06,-3.0204653999291685e-06,-2.130077817809956e-06,-1.7030584961084054e-06,-1.4314295793839886e-06,2.5822632082504264e-07,5.1590259428567815e-08,-1.816238815186036e-06,5.597229724652275e-06,-1.0225350110106707e-06,8.155205365845237e-06,2.4125463399900922e-08,-3.056045273314605e-07,-2.5022841505717973e-06,7.437197819924501e-06,movement,movement,no movement,no movement
4166.666666666653,-0.0034191015392438,0.2836351960301262,-0.3257929006666666,0.0069637197621075,0.3035352086807966,-0.3242352922,0.0087840074651896,0.3039923044695372,-0.3135642886,0.0078322606311146,0.3040197844167927,-0.3162186046666667,-0.011526791544066,0.3123895492139814,-0.3409201918333332,-0.0101944855594939,0.3108573176631603,-0.3540122104666666,-0.0062188551758263,0.3014540686087382,-0.3331514557666667,0.0413504261959675,0.3214142389133975,-0.2150587156666666,-0.0684916009183949,0.2823616425543976,-0.2374748324333332,0.0197385921224795,0.285942800656323,-0.2717876812666666,-0.0085697791799238,0.257913428055813,-0.3054212368333333,0.1084710591575569,0.2291499761899737,-0.0598740294533333,-0.1315789106790331,0.2522054710463481,-0.0659077645333333,0.1605942666780162,0.0787490523901132,-0.0444108838306666,-0.1439467566947453,0.0114523064270419,-0.1539401055966666,0.1621149822071678,-0.032147166605143,-0.0905774242433333,-0.0874251613257795,0.0377339976412956,-0.2965615222666666,0.1513363759034872,-0.0486325620580202,-0.0960599250366666,-0.0479828664101984,0.062041884813057,-0.3603920103,0.1310729997130282,-0.0416973490310595,-0.1113474702933333,-0.0330764817916559,0.1215622929211193,-0.3621836395,0.1578497426580403,-0.0485091619085552,-0.09669182612,-0.0773475120744815,0.0643713004265458,-0.327921212,0.0748745286134216,-0.162019031394204,0.0510692012266666,-0.0728188485458685,-0.1678513567275013,-0.04849683351,0.0893001387328661,-0.4907728341832673,0.0527628748996333,-0.0231720086876838,-0.44136852924613,-0.0752874893266666,0.0658530510834635,-0.7160642801965538,0.2659116555666667,-0.0529748655103666,-0.757874063418871,0.0872788464266666,0.0478231746263375,-0.7398651164848767,0.293074885,-0.0531060397884682,-0.7855861961912763,0.0636324764399999,0.0825134685576333,-0.7773103758517215,0.2692108911666666,-0.0183464163396103,-0.8222716410190496,-0.016386450748,nijmegen_nijmegen_rennen_g_ch1_g11_compr.mp4,ch1g11,4.953466644676557e-05,0.0003393964933422,0.0001287352386165,0.0002197681993924,0.0001285247885447,0.0003454905418797,0.0001287850255898,6.032402828414177e-05,7.70571484524551e-05,0.0001052900504142,0.0001353939385393,0.0001124449280764,0.0001336928009644,0.0001275907603559,0.0001496943641442,0.000175361294765,0.0001483112312727,0.0001481587226891,0.0001099097708727,0.0001346004972628,0.00041074952918,0.0001433948545968,0.0001332046141246,0.0001096039785942,0.0001246967265806,1.5148249355251162e-05,0.0001211862337005,0.0001214396597785,7.748455222317812e-05,0.0001635052526637,1.559544510328333e-05,8.119880681327255e-05,0.0004086911028084,0.0004479330695325,0.0001662210316212,0.0003116357009306,0.0003290533024539,0.0003287386784454,0.0003376267041953,0.0002312970182504,0.0002636542343282,0.0002908355547414,0.0004170756774768,-6.458641609803948e-05,0.0003913046215978,0.0002563017447391,0.0009396563102002,-0.0009682496035275,0.0010794607432839,-0.0021214019937847,-0.0023215848669575,0.0023731508552607,-0.0028501964496042,0.0039079029886391,-0.003242162726139,0.004914445320803,-0.0026761451520022,0.0031225051117862,0.0002573746909904,-0.0002521279893444,0.0004692731685001,-0.0012388406443146,0.0012557312196114,-0.0010737874186794,0.0012321050514181,-0.0011185843809361,0.0012604253437779,-0.0013559289696042,4.339799151155682e-06,-1.8494354679366053e-05,1.3331995875928892e-05,-1.064270747774852e-05,-2.143330469318299e-05,-2.4670607004343385e-05,1.326876250723124e-05,-2.275082321695319e-06,-4.303880662777424e-06,-6.698834009614626e-07,-3.4715315493825254e-05,-4.5599571745540445e-06,1.5021156211618369e-05,1.3523961510471942e-05,1.6067778005860834e-06,-8.06237447606494e-06,-1.3749998937710386e-05,-3.731055194533697e-05,-3.858981568946164e-06,1.4653390577187324e-05,-3.774438540198041e-05,1.4513126180189618e-05,1.4954772214842532e-05,1.128806285118631e-05,-2.053112232574652e-05,3.920818593173415e-07,1.2253853219537734e-05,-2.849438011938709e-05,3.294027112025864e-07,-4.424972398028507e-05,4.878311249075715e-07,1.1229705285148494e-05,-3.0220096366103467e-05,-2.8786346752219783e-09,-8.853488207225308e-07,-2.6708874609388407e-06,-4.33942507390501e-06,1.3200617464677674e-06,-7.68869141227389e-07,-2.6827067700558156e-06,-7.362328572056322e-08,-4.956871528812347e-07,-2.6986529424891898e-06,1.1460455372827391e-05,-3.4975661481043928e-06,-2.679181736150667e-06,-2.6069946758699973e-06,-1.4479175165910085e-06,-5.321408596533253e-06,5.917826097273673e-08,1.3759844047919266e-05,-3.4441467331153466e-06,-2.753216891182575e-06,-7.720395836053575e-07,-2.946569706413278e-06,-2.7097087912068784e-06,-2.18269859615798e-06,1.1894043598307096e-06,9.38285690471665e-08,-2.576185100902788e-06,1.013098173582545e-05,-1.101707518807454e-06,1.49808599556557e-05,5.6867185092241416e-08,-1.35233510593636e-06,-1.1615214247077818e-06,1.1151130371978896e-05,movement,movement,no movement,no movement
4183.33333333332,-0.0010976753368408,0.2840022612360912,-0.3252902298666666,0.0090699220241678,0.303912769406711,-0.3236384729,0.0108773998933282,0.3043628528087136,-0.3129992733,0.0099370505411089,0.3044011460089857,-0.3156269987666666,-0.0093498595864561,0.3126595077657345,-0.3407168843666666,-0.0080068702673088,0.3111609290487099,-0.3538514537666665,-0.0040241611968794,0.3017939830891677,-0.3329298924,0.0421609466187512,0.3218053174207285,-0.2143145005,-0.0671040880940237,0.2823192472697192,-0.2383981461333332,0.0215172771474633,0.2863472388932373,-0.2712103328,-0.0066075893484228,0.2582003299132262,-0.3053474373333333,0.1076505677933599,0.2299829260320455,-0.0588021934633333,-0.1306853306844899,0.2512293542192922,-0.0678399920233333,0.1583714744661876,0.0797697299472866,-0.0422319869806666,-0.140877715999966,0.009300053248277,-0.1571021500966667,0.1621645705210866,-0.0338508294649589,-0.0890579975433333,-0.0824937249065478,0.0398571663277213,-0.2990208049666666,0.1520150052114393,-0.0506406968200854,-0.0945087176366666,-0.0425782314903947,0.0656743787469607,-0.3630714904000001,0.1318932766591868,-0.0439719382227805,-0.1099635259266666,-0.0284470727599046,0.1261748551436128,-0.3644299756666667,0.1580729384417715,-0.0504787335146136,-0.0953053882866666,-0.0726656341329336,0.0672147739525216,-0.325481147,0.0748244517196674,-0.161760704989384,0.0516975091866666,-0.0727829030960788,-0.1681030456248687,-0.0490763862366666,0.0901803814145085,-0.4902581410808161,0.0553373153493,-0.0219533772789708,-0.4425768777103287,-0.0756354893133333,0.0674519663045325,-0.7149884114252544,0.2699482982,-0.0515743104547348,-0.7589501988594878,0.0862166675066666,0.0495258963334684,-0.7388421582643282,0.297253187,-0.0516840085928383,-0.7866960963972077,0.062547010123,0.0845076275331774,-0.7763130490375475,0.2741097308333333,-0.0158698298253399,-0.8235002924467143,-0.0175606283513333,nijmegen_nijmegen_rennen_g_ch1_g11_compr.mp4,ch1g11,5.441404675292233e-05,0.0003213332594325,0.0001389091564611,0.0002090999429428,0.000105320940919,0.0003202424266666,0.0001388415532891,5.802954976317787e-05,7.282665430446533e-05,0.0001046979697049,0.0001026999749581,0.0001060968028507,0.0001455911005224,0.0001380777069131,0.0001514773242298,0.0001659706144626,0.0001330980040311,0.0001137386894095,0.0001046034123811,0.000146046955286,0.0003710356391913,0.0001537725095372,0.0001450088821339,0.0001179327295853,0.0001026440857789,1.562178960471746e-05,0.0001297980279858,9.532004013298624e-05,7.812370663498703e-05,0.0001211401134158,1.6137678123084248e-05,9.223155925730772e-05,0.0003780031403309,0.0004230947170115,0.0001465526602528,0.0002621369141734,0.0002609400069306,0.0002575907063139,0.0002669733078607,0.0001790640582142,0.0002030922064951,0.0002304538783549,0.000349421518257,-7.77985501525344e-05,0.0003419927465667,0.0002203078708528,0.0008648113315802,-0.0009089985381647,0.0010223776252159,-0.0021308137125894,-0.0015000778222012,0.0016059421239004,-0.0017545816381873,0.00291516640735,-0.0020633733005467,0.0038112938163321,-0.0017406972209032,0.0022738750793652,0.0002586753986826,-0.0002520090880055,0.0004247916738128,-0.0012652416507414,0.0008652457568956,-0.0012240770610484,0.0008248364841876,-0.0012700352069895,0.0009053157665566,-0.0014254671517082,3.937853622028471e-06,-1.842277710122945e-05,1.0332026528463053e-05,-1.538250325566496e-05,-1.9831680456532246e-05,-2.429508974886325e-05,1.0267450680118696e-05,-2.3501413100377344e-06,-4.655771832016304e-06,-3.4726789367416596e-06,-2.0402831956320677e-05,-8.018396111471442e-06,1.198266403560241e-05,1.0561909171623813e-05,4.091153857304016e-07,-1.32993147223096e-05,-1.3457608680634458e-05,-2.0184807593650904e-05,-7.305144549538859e-06,1.1572085248579526e-05,-3.6989904169018005e-05,1.1365126082255127e-05,1.1906719268765442e-05,8.797281489144038e-06,-1.9062720843526584e-05,5.224951175269702e-07,9.468140899027876e-06,-1.5698588839428048e-05,-9.760125235107226e-07,-2.5836133722243383e-05,5.719852031684624e-07,9.279051518365522e-06,-3.01868420144646e-05,-3.551428314429919e-07,-7.499318783541565e-07,-2.946062375270421e-06,-3.769435626505539e-06,2.2259878686822977e-06,1.1449846172968969e-07,-2.9354093416334673e-06,5.492401359092614e-08,-4.856082236232533e-07,-2.7048587982475085e-06,1.5790299407596107e-05,-2.784052693546444e-06,-3.080392446820112e-06,-2.9114894510253106e-06,-1.995441407209702e-06,-4.449653027107707e-06,2.8898141704853196e-07,1.8414254189763432e-05,-2.875102586834914e-06,-3.1052962736539735e-06,1.330859249886184e-06,-3.142409373344817e-06,-3.1011745146239255e-06,-2.442985257323466e-06,2.01542759970004e-06,1.1541505638377221e-07,-2.7883913588799364e-06,1.376445717059975e-05,-1.0081031871536676e-06,2.0528436953053727e-05,7.45426554767302e-08,-2.054161616072769e-06,-6.759482212238004e-08,1.4429591483317291e-05,movement,movement,no movement,no movement
4199.999999999987,0.0014071587282824,0.2842719004529939,-0.3249460577333333,0.0113554375896099,0.3041719295633695,-0.3231656491333333,0.01315652444192,0.3046163174378979,-0.3125582952666667,0.0122229822725211,0.3046637333469049,-0.3151565901,-0.0069716530102489,0.3128464354452676,-0.3407368697999999,-0.0056185363244937,0.3113707622030775,-0.3539190712666665,-0.0016339297648925,0.3020372600445996,-0.3329325895333333,0.0430785224165579,0.3220954555157759,-0.2135885402666666,-0.0655694437713615,0.2822562543762822,-0.2395911296333332,0.0234261636515948,0.2866683236090467,-0.2707166732,-0.0045075492901128,0.2584246651725194,-0.3054783936999999,0.1068666243483488,0.2307708394419504,-0.0577578787966666,-0.129790698622047,0.2503218665471621,-0.0699083707366666,0.1561550472996725,0.0808302175659837,-0.0404245260506666,-0.1382945577650242,0.0071671273259589,-0.1600116979233333,0.1621076344125117,-0.0347028798282773,-0.08815688261,-0.0776602728746376,0.041043688339133,-0.3006502762333333,0.1525466712525433,-0.0515885130896858,-0.0935973348033333,-0.037337732068324,0.0680488914946834,-0.3648131659333334,0.1326462689266385,-0.045111384262284,-0.1091088882266666,-0.0239282668683476,0.1293769938196793,-0.3658282609,0.158212742454915,-0.0515043547276622,-0.09449901942,-0.068119765409562,0.0690172208651602,-0.323687881,0.0747597145642098,-0.1614977333559853,0.0523690076633333,-0.0727308267044061,-0.1683582335271878,-0.0497093555266666,0.0910428867781802,-0.4898727037507918,0.0576977276171,-0.0208171900097749,-0.4438299761912542,-0.0759761666099999,0.0689059874867215,-0.7142344619541435,0.2731998244666666,-0.0504497119143659,-0.7602419157027129,0.0851576014366666,0.0510660604348267,-0.7381279160368176,0.3006042083333333,-0.0505614902057048,-0.7880356965111691,0.061452601769,0.0864601542087048,-0.7756721799778704,0.2781449161,-0.0136773273503624,-0.8249868974462748,-0.018705069568,nijmegen_nijmegen_rennen_g_ch1_g11_compr.mp4,ch1g11,5.823443706076872e-05,0.000306439267053,0.0001457024766584,0.0001900802001841,8.53536983324902e-05,0.0002991180696777,0.0001455268790725,5.595338897346994e-05,6.859854658804525e-05,0.0001009402826795,8.719325188843321e-05,9.502888311890198e-05,0.0001536950667505,0.0001451849663358,0.0001522450956711,0.0001481826396291,0.0001182586019933,9.990703890829384e-05,9.441971578943398e-05,0.0001537315712777,0.0003374315860306,0.0001611623460264,0.000152919546517,0.0001238639527309,8.340552522800426e-05,1.631439949787229e-05,0.0001355456038169,8.39949656938108e-05,7.653242060920745e-05,0.0001009772536674,1.6835629362046413e-05,9.9361795642994e-05,0.0003519175412761,0.0004003363964366,0.0001259823970573,0.0002105411512007,0.0001941022660775,0.0001902490946348,0.0001985575001085,0.0001283504889063,0.0001422962568979,0.0001678933022593,0.0002834823391309,-8.706632245183109e-05,0.0002904621689172,0.0001804191809905,0.0007848928235831,-0.0008222838286663,0.0009403673142862,-0.0020454087044793,-0.0004868747623402,0.0009363848048286,-0.0004251140195828,0.0020073908270596,-0.0006278902034216,0.0027473111450934,-0.0005883052828801,0.0015062473680524,0.0002580509564315,-0.0002502721720682,0.0003997114914531,-0.0012599061958885,0.000566770426091,-0.0012843116874889,0.0005178634058225,-0.0013241303902747,0.0006393045639797,-0.001406422241209,3.2312945150767022e-06,-1.842106807410355e-05,7.30264868830698e-06,-1.909302506957914e-05,-1.756965766750937e-05,-2.3070490679985553e-05,7.260355199956644e-06,-2.3312621543651036e-06,-5.140274339662649e-06,-6.174602820600649e-06,-6.585759835126591e-07,-1.0545890017366184e-05,8.783670295569045e-06,7.53942335806015e-06,-1.7503042718645252e-06,-1.736133241732798e-05,-1.3220193961476988e-05,2.6975056636980097e-06,-9.965965544268462e-06,8.381873326187492e-06,-3.3823704942109973e-05,8.247343259809127e-06,8.706543275177204e-06,6.282426145984943e-06,-1.701769241036713e-05,6.583735933116983e-07,6.6890904478426045e-06,1.6546056595718797e-06,-2.0163849190201025e-06,-5.935692582580957e-07,6.607577937746725e-07,6.815800266612491e-06,-2.8946630686713565e-05,-5.38152571561912e-07,-9.033655196653464e-07,-2.723687596960828e-06,-2.6822723593021565e-06,2.9175663889577663e-06,6.472299036852459e-07,-2.6941943634791614e-06,1.05466058294214e-07,-5.009612493585428e-07,-2.4294798696090437e-06,1.8392723163233848e-05,-1.5087489095624482e-06,-2.9455734741598384e-06,-2.7127745533853653e-06,-2.6184133904936257e-06,-2.8077908686448245e-06,4.405658029298397e-07,2.10048139179205e-05,-1.7551723559359898e-06,-2.927464099391019e-06,2.994185834414974e-06,-2.870359194217323e-06,-2.9555926599373295e-06,-2.3050889576228524e-06,2.649058586339975e-06,1.083894844087516e-07,-2.579709546263643e-06,1.5859081573255812e-05,-7.238444643675388e-07,2.3843508306012013e-05,6.971319538568289e-08,-2.3225812318404174e-06,7.036854554768773e-07,1.6321066487895174e-05,movement,movement,no movement,no movement
4216.666666666654,0.0042269535295399,0.2844914373492121,-0.3241237222666666,0.0138790795412016,0.3043625050007827,-0.3222641725666666,0.0156747532099099,0.3048012813309971,-0.3116782575333333,0.0147473718879926,0.3048562133323838,-0.3142686040666666,-0.0043081752501134,0.3129874376752365,-0.3403666733,-0.002942859939936,0.3115190345688249,-0.3535905373999999,0.0010352074384037,0.3022094436394476,-0.3325546504,0.0440786528460048,0.3223297853786894,-0.2125913585333333,-0.0638730884517281,0.2821823583918744,-0.2407530744999999,0.025543802718851,0.2869486690356485,-0.2697432036666667,-0.0021697055177363,0.2586136126180541,-0.3051912393666666,0.1060620292758151,0.2314885302814787,-0.0566656466566666,-0.1288383625615964,0.2495251481615891,-0.0720166282499999,0.1537765176934665,0.0817725992607174,-0.0387673658106666,-0.135999897537025,0.0051448085510554,-0.16260865865,0.1613726607720958,-0.0345566770495183,-0.0872085727433333,-0.0729005055795233,0.0415628493677932,-0.3011739109666667,0.1522070802495074,-0.0511705064770934,-0.0925169926699999,-0.0321878900897197,0.0694964271470695,-0.3651682665666667,0.1327955050688805,-0.0448023621353,-0.10800490866,-0.0194157799487382,0.1314454934733636,-0.3657056968666666,0.157779267862014,-0.0513507193978122,-0.0935818981533333,-0.0636600145402117,0.0700532820052279,-0.343607545,0.0746471319787681,-0.161239299068425,0.0531172363166666,-0.0726262383188302,-0.1686077743940916,-0.0504415862933333,0.0918600236047546,-0.4895255609190365,0.0597990615093333,-0.019687887033252,-0.4450972179223925,-0.07636332933,0.070218721951165,-0.7138982462953439,0.2753565768,-0.0495536507324991,-0.7616517120680928,0.08389327187,0.0524521588734194,-0.7378417894977982,0.3027802368,-0.0497001032707138,-0.7894989795722142,0.0601262154816666,0.0883774093930881,-0.775229850201677,0.2810493665,-0.0116337416841574,-0.8265145396943702,-0.020043769278,nijmegen_nijmegen_rennen_g_ch1_g11_compr.mp4,ch1g11,6.076339449263275e-05,0.0002908433405353,0.000150518377188,0.0001674967175234,7.063461776836319e-05,0.0002795081883032,0.00015039421192,5.323117977886757e-05,6.36770864036359e-05,9.323669274747984e-05,9.43437250951677e-05,8.23958253690973e-05,0.0001595121800468,0.0001502052707171,0.0001513255313383,0.00012818704632,0.0001051688131819,0.0001123477758088,8.238306461222543e-05,0.0001592532542619,0.0003076394568458,0.0001675790943476,0.0001586216806579,0.000128087685168,6.888197711421108e-05,1.70656292708236e-05,0.0001400420637978,9.193445145759387e-05,7.326570434680046e-05,0.0001113346330333,1.75452091600518e-05,0.0001028383156035,0.0003266469519719,0.0003794685216385,0.0001073857351144,0.0001680104053386,0.0001368172199965,0.0001330642158346,0.0001398156315284,8.680604447461312e-05,8.992357567686323e-05,0.0001125998314204,0.0002225768304932,-9.47161112450238e-05,0.0002425983339721,0.0001452310419846,0.0006865794073019,-0.0007091659834651,0.0008152653873245,-0.0018508037816821,0.0006082912003365,0.0003798479105615,0.0009989249913921,0.0012219106991492,0.0009253688512488,0.0017928132262079,0.0006569031575914,0.0008539399915033,0.0002558716341587,-0.0002474501609247,0.0003879252938461,-0.0012145675371598,0.0003798556512494,-0.0012382815896507,0.0003345278835413,-0.0012652332203202,0.0004794632105765,-0.0012782562905749,2.458438091509795e-06,-1.9001232643009403e-05,4.631613373478158e-06,-2.1495520849637905e-05,-1.4629857789781148e-05,-2.1620895933511008e-05,4.624104235379561e-06,-2.2223909589738106e-06,-5.6732446553853145e-06,-8.641477130800826e-06,2.1493497525425293e-05,-1.1845929865621469e-05,5.81015440724054e-06,4.855329391599954e-06,-4.95565896869442e-06,-1.9896457642382575e-05,-1.299892161201011e-05,2.773656440141846e-05,-1.155257827381837e-05,5.465215386647551e-06,-2.907646286504191e-05,5.441903239982698e-06,5.7356435632384494e-06,4.0441846567159635e-06,-1.4326828168788945e-05,7.767446529683798e-07,4.200853192279475e-06,2.0416719338537855e-05,-2.596479702567594e-06,2.808059845742999e-05,7.365503967122911e-07,4.269606186071043e-06,-2.7222952070716997e-05,-5.337541476326829e-07,-1.034167948911367e-06,-2.1800758201277e-06,-1.2430197273639534e-06,3.3347433879605904e-06,1.0127432017244008e-06,-2.142781525338601e-06,1.0906832425128137e-07,-4.605182285517847e-07,-1.8413868403670443e-06,1.858304267816209e-05,8.125743640362154e-08,-2.449357006790698e-06,-2.180066812195411e-06,-3.15320483174095e-06,-7.36311810666424e-07,5.283456394203955e-07,2.081082886817679e-05,-3.012327317224697e-07,-2.401938104734924e-06,4.2638896781328215e-06,-2.349368675009625e-06,-2.454201702956021e-06,-1.9028627404981769e-06,3.0449273255429165e-06,7.761905446474629e-08,-2.1302635124209135e-06,1.5897200792999707e-05,-3.0314642576214893e-07,2.403557403416223e-05,4.5641522360768835e-08,-2.1819946628468563e-06,1.3762301941039446e-06,1.6287366120801623e-05,movement,movement,no movement,no movement
4233.333333333321,0.0071431437710912,0.2846228009857271,-0.3229618300666666,0.0164832886923625,0.3044422387399829,-0.3210517365999999,0.0182781737777013,0.3048752290419616,-0.3104809800333334,0.01735432848154,0.3049360161968222,-0.3130789032666666,-0.0015337014599352,0.3130370988150655,-0.3396824228999999,-0.0001537486278553,0.3115638512528811,-0.3529434276666666,0.0038158329577734,0.3022718834481274,-0.3318687082333333,0.0451111329231386,0.3224966866233265,-0.2113887851666666,-0.0620909877948941,0.2820854025262367,-0.2417949303999999,0.0277443483502704,0.2871666075729809,-0.2684487353,0.00026457227582,0.2587469038351753,-0.3045778966333333,0.1052599474842684,0.2321968704619258,-0.0554365244966666,-0.1278312402344305,0.2488703630011539,-0.0740011685599999,0.1514190462087431,0.0827520049909406,-0.0373130702206666,-0.1340613775237744,0.0033520477054162,-0.16449085915,0.1604043180626299,-0.033477043231131,-0.0863457855766666,-0.0681748900212586,0.0415929606309012,-0.2997953404666667,0.151525827468918,-0.0496699750756506,-0.0914251414033333,-0.0270849086293493,0.0701876816288366,-0.3633600235666667,0.1326694320124288,-0.0433942521992753,-0.1068297206266666,-0.0148406998027407,0.1326279705950828,-0.3634338668333333,0.1571230283651131,-0.0501981848272232,-0.0927074105866666,-0.0592282000269615,0.0705055789337882,-0.334670186,0.0744924665944934,-0.1609839407083498,0.0539066982233333,-0.0724742581310871,-0.1688546089010389,-0.05123139639,0.0926131629849637,-0.4891252105161799,0.0616278844999999,-0.0187726750866122,-0.4462771431822385,-0.0768335190766666,0.071366343656022,-0.7137052543743709,0.2765544940666666,-0.0489559604919383,-0.7629522930701208,0.08260700854,0.0536542769387685,-0.7376975221152433,0.3039408683666666,-0.0491367546639466,-0.790836403580592,0.0587680768976666,0.0901417941792786,-0.7748796196286545,0.2829815484,-0.0098914957283409,-0.827868793392255,-0.021325497498,nijmegen_nijmegen_rennen_g_ch1_g11_compr.mp4,ch1g11,6.220991740048301e-05,0.0002739175745114,0.0001541767444991,0.0001430963726274,5.823011288996253e-05,0.0002610849508,0.0001540858266199,5.067677488385085e-05,5.789600850333625e-05,8.262942496754046e-05,0.0001267268950246,6.899654492426229e-05,0.0001642683734037,0.000153991896087,0.0001461100269842,0.0001062431900141,9.218779736662533e-05,0.0001529905705303,6.914868449183415e-05,0.0001636964441082,0.0002835061988072,0.0001724722631991,0.0001634334083027,0.0001312946725028,5.655020755931866e-05,1.787180726670198e-05,0.0001436679795928,0.0001216737828531,6.87748753463209e-05,0.0001545091733436,1.828838071220524e-05,0.0001036985296675,0.000302451663225,0.0003628499123666,8.932785983081228e-05,0.0001469372286485,0.0001007137196031,9.72658359579018e-05,0.0001023350514042,6.739278878738644e-05,6.0123857137178325e-05,7.87048792518813e-05,0.0001649521229927,-8.753979761201179e-05,0.0002059526654331,0.0001265728706321,0.000572051456498,-0.0005585975367113,0.0006546042155709,-0.0015255962684019,0.0017669227270434,-4.521297969242372e-05,0.0024895827610005,0.0005521307745477,0.0025758870392365,0.000964017493301,0.0019750194330886,0.0003224557998635,0.0002521172898478,-0.0002432025110177,0.0003975783675775,-0.0011170773536447,0.000257325269445,-0.0011031335103428,0.0002209529108995,-0.0011120481044549,0.0004169916939809,-0.0010550669966246,1.8441657813654976e-06,-2.0313042794185476e-05,2.709860301775415e-06,-2.1962509486348883e-05,-1.1239787035125214e-05,-2.042375224128619e-05,2.749802653844915e-06,-2.069383170352262e-06,-6.258177475639345e-06,-1.0283684173459658e-05,4.18295911163953e-05,-1.129355503041053e-05,3.550317724246429e-06,2.9173639092903795e-06,-8.777460143569758e-06,-2.005100821876184e-05,-1.2584677283795437e-05,5.024630022577931e-05,-1.1441756183878002e-05,3.2779597968087903e-06,-2.3842850664265025e-05,3.366098017264462e-06,3.4786103948182557e-06,2.378815331290062e-06,-1.1230663557449245e-05,8.434547823110221e-07,2.3169015161786827e-06,3.749975357374112e-05,-2.6781221236637703e-06,5.4583403711878986e-05,7.739747083770213e-07,2.0822277107626474e-06,-2.550031061185992e-05,-3.664954506185919e-07,-9.036038205024068e-07,-1.5043744925967205e-06,3.61929207236589e-07,3.5479036892039593e-06,1.3686889856283897e-06,-1.4670447486550305e-06,4.3388800552303705e-08,-2.950449229911509e-07,-1.0197378604818748e-06,1.6121139876275358e-05,1.7306302142105554e-06,-1.7936399839685502e-06,-1.5039586354089874e-06,-3.356471686477188e-06,1.495894211444872e-06,6.413990985953975e-07,1.764885395126601e-05,1.2569278266607045e-06,-1.729075095238618e-06,5.131487949141794e-06,-1.732512837664967e-06,-1.7992780796100468e-06,-1.3878198815258708e-06,3.2619247813356555e-06,2.6272404303619776e-08,-1.5931399376891837e-06,1.367611283690576e-05,1.8422318843375796e-07,2.0722615056527077e-05,2.903492942442652e-09,-1.7388749590004867e-06,2.086884243730238e-06,1.4115574983874337e-05,movement,movement,no movement,no movement
4249.999999999988,0.010098112707936,0.2847891244560495,-0.3212740272,0.0190961643229241,0.3045605405510079,-0.3192966788333333,0.0208903484015714,0.3049931654254385,-0.308745111,0.0199705493704272,0.3050565369749451,-0.3113489289333332,0.0012629752214576,0.3131331124454335,-0.3385068285666667,0.0026539511512247,0.3116448508152123,-0.3517869962333332,0.0066121242445599,0.3023647967991305,-0.3306954454666666,0.0461480525252048,0.3227134416084368,-0.2096424058333333,-0.0603247555835478,0.2820324047335253,-0.2425605053666666,0.0299733733680423,0.2874131256818649,-0.2666065971333333,0.0027191437424987,0.2589007564828439,-0.3034687237333333,0.1044504459006641,0.2328823010802291,-0.0537583438633333,-0.1268056572984816,0.2484804038366247,-0.0758183720599999,0.1490878159956111,0.0834868613697657,-0.0358261126506666,-0.1324161585754238,0.0020454312664324,-0.1659058128333333,0.1591507928445162,-0.0313829677087684,-0.0858734858433333,-0.0635432644637482,0.041457696568985,-0.2976101060666667,0.1504323228139618,-0.0468103091766373,-0.0908623533366666,-0.0219370977286514,0.0704933354262909,-0.3606679937000001,0.1322816354211755,-0.0405105500768233,-0.1059242480933333,-0.0099893411139769,0.133239523041914,-0.3602528414333334,0.1562385946365674,-0.0478697521563957,-0.0922111964533333,-0.0548105653508659,0.0706816468809696,-0.33157444,0.0743022607023163,-0.1607330347551631,0.0547332575633333,-0.0722806151845878,-0.1690970960482892,-0.0520726054333333,0.0933596031353723,-0.4887320200574515,0.0624523986533333,-0.0180212936940504,-0.4474248090217513,-0.0776295684266666,0.0722420367370729,-0.7135403152867673,0.2761276284333333,-0.0485706260488798,-0.7640704583678675,0.0813563224166666,0.0545421897767354,-0.7375547526763261,0.3034368723333334,-0.0487988866109272,-0.7919519795402578,0.0574928829686666,0.0918225272889566,-0.7744052946159191,0.2832126311333333,-0.0084082028986799,-0.8289136907980007,-0.0224401700446666,nijmegen_nijmegen_rennen_g_ch1_g11_compr.mp4,ch1g11,6.258306766411457e-05,0.000254675185397,0.0001561606786244,0.0001205452676805,5.043630942932638e-05,0.0002431688530349,0.0001561251540376,4.741738609776556e-05,5.107900993649097e-05,7.081981184895418e-05,0.0001813079767658,5.781161753542998e-05,0.000167068653876,0.0001560917707795,0.0001346087078474,8.552116017581002e-05,8.13272567945035e-05,0.000217532396949,5.74768707635093e-05,0.0001662607768746,0.0002647693108856,0.0001752577491838,0.0001662809988962,0.0001330707511005,4.8558782525055826e-05,1.8722505743535705e-05,0.0001456958224131,0.0001706034827012,6.548221322342364e-05,0.0002250379162856,1.9051314910848277e-05,0.0001047680398196,0.0002793559479489,0.0003558309488441,7.52432457638612e-05,0.0001483193058213,8.782880336827447e-05,8.499934766431016e-05,8.771503603247684e-05,7.142438049773008e-05,5.530551276534605e-05,6.928570264752313e-05,0.0001134227375903,-6.830629165718155e-05,0.0001809999276881,0.0001235740612001,0.0004360744581,-0.0003897044310513,0.0004440499784014,-0.0011310356633184,0.0029013408507128,-0.0003642877698874,0.0039417268591549,-1.0086599434652827e-05,0.0042151044076957,0.0002470710615142,0.0032702588512516,-0.0001080841136281,0.0002454092373403,-0.0002361381742886,0.0004076535509122,-0.0009740457044385,0.0002095554992992,-0.0008930833274415,0.0001883558791146,-0.000880447135778,0.0004360230009484,-0.000752495846609,1.5542016061518878e-06,-2.182828504875624e-05,1.6754521419048927e-06,-2.0548678445175243e-05,-7.642005244371495e-06,-1.9389001554601588e-05,1.7597220922216371e-06,-1.9644602932176437e-06,-6.737980696979117e-06,-1.1070859896431338e-05,5.7091081481384126e-05,-8.879594783661048e-06,2.1981729315382667e-06,1.8785982928429605e-06,-1.268520803050184e-05,-1.7658521198640066e-05,-1.2205185912998644e-05,6.663284325558142e-05,-9.599990393150966e-06,1.9979905571181223e-06,-1.879477741182708e-05,2.07450488786166e-06,2.1145162323977123e-06,1.3770627907299404e-06,-7.947532807650685e-06,8.26178452530847e-07,1.132035876244244e-06,5.019868786914764e-05,-2.1376121937548577e-06,7.45095738307143e-05,7.438946309527907e-07,6.265463215875822e-07,-2.3759425211207147e-05,-8.895009896086365e-08,-3.281026334086804e-07,-8.426068386657567e-07,1.905137965736848e-06,3.5497268754413256e-06,1.85992868600532e-06,-8.143647004412167e-07,-3.9967247099942985e-08,1.0399373276034322e-08,-7.90016834541739e-08,1.133090447183549e-05,3.148910968893813e-06,-1.1169313010972428e-06,-8.350516139672164e-07,-3.041355614068643e-06,3.5514497085303793e-06,7.862139704265372e-07,1.1978442956436578e-05,2.652121994372538e-06,-1.0506488121695385e-06,5.689515555253287e-06,-1.1569978772246864e-06,-1.12245762056404e-06,-8.786550365434794e-07,3.3049206989438e-06,-3.9064681680601826e-08,-1.077965339115898e-06,9.486543772704924e-06,6.138918729936941e-07,1.44265478752591e-05,-5.3732202874433423e-08,-1.182478452946406e-06,2.937593778174008e-06,1.0147982988220616e-05,movement,movement,no movement,no movement
4266.666666666655,0.0130381075992352,0.2849310017016195,-0.3195661951999999,0.0217151900864173,0.3046477152920872,-0.3175183544,0.0235126445538253,0.3050806753258832,-0.3069848904666667,0.0225924256897316,0.305145487375761,-0.3095888583999999,0.0040611187801756,0.3132056807171143,-0.3372593073333333,0.0054685197917278,0.3117016807365952,-0.3505626234666666,0.0094099446572878,0.3024345222367006,-0.3294530660999999,0.0472050245939085,0.3228489962007193,-0.2078452910333333,-0.0585737725212824,0.2819804933642054,-0.2431698615333332,0.0322094195751804,0.2876036122203001,-0.2647623857,0.0051595802633831,0.2590240213092294,-0.3023099568,0.1037009252501538,0.2332114673455712,-0.0520739141166666,-0.1257687047935752,0.2481721637113376,-0.0774116304166666,0.14685261054248,0.0836658960131008,-0.035075738974,-0.1308056504940314,0.0011251270626062,-0.1669796895999999,0.1578248084140768,-0.0283082457092468,-0.08715629901,-0.0591199648128158,0.0409102604733188,-0.2954836611666667,0.1492130171019434,-0.0425638788174985,-0.0922096786033333,-0.0170455856443797,0.0701410567246538,-0.3580726842666666,0.1316760587310605,-0.0359047846078832,-0.1068407236266666,-0.0053220370604486,0.1330567813747134,-0.3572722029,0.1552348883610294,-0.0443593374530007,-0.0934028765866666,-0.0505736348707395,0.0703252845982861,-0.341464221,0.0740902240408222,-0.1604942430759607,0.0555548307266666,-0.0720632842313115,-0.1693270886626252,-0.05292039036,0.0940843650034807,-0.4883119389420527,0.0628276034333333,-0.0172808153924595,-0.4482801474597284,-0.07882409692,0.0727597532222396,-0.7133064095650482,0.2755354478333334,-0.04827832890448,-0.764845510810396,0.0796853808133333,0.0550223275757742,-0.7373342134227273,0.3028095766666667,-0.0485667018038549,-0.792701054894986,0.0558178537453333,0.0929217264357511,-0.7738877150721852,0.2831224354,-0.0072554015347736,-0.829471025279816,-0.024154457108,nijmegen_nijmegen_rennen_g_ch1_g11_compr.mp4,ch1g11,6.33729535749943e-05,0.0002319792178479,0.0001576796071212,0.0001012108996154,4.3845877838344554e-05,0.000224712113257,0.0001577225485685,4.535904165111504e-05,4.400229770972488e-05,5.9442796630580984e-05,0.0002516309778408,5.0098196720744194e-05,0.000169112414392,0.0001577780862252,0.0001189333691657,6.863162904658506e-05,6.960777726520085e-05,0.000298598236803,4.870588165704405e-05,0.0001681670451167,0.0002495217171461,0.0001772735015001,0.0001682689374847,0.0001344355920913,4.1613703471103306e-05,1.953461224501602e-05,0.0001469418628581,0.0002325620130634,6.355231945693969e-05,0.0003157909103013,1.977564418382461e-05,0.0001050151649426,0.0002565920439175,0.000363714503334,6.40621824836689e-05,0.0001955763873666,0.0001192235648802,0.0001169609440755,0.0001166231131643,0.0001163362402826,9.468504624474944e-05,0.0001050636036776,7.753770708768498e-05,-2.7209520473156256e-05,0.0001860064815239,0.0001547380799101,0.0002893979123254,-0.0002085790982366,0.0002239873787861,-0.0006603917442067,0.0039879672133053,-0.0005610788732599,0.0053148019543025,-0.0004447489693481,0.0057837748984193,-0.0003274107592818,0.0045053557621646,-0.000413105487709,0.0002391149969462,-0.0002295798411724,0.0004428797539017,-0.0007796650960119,0.0002093117302312,-0.0006419413559723,0.0002010250504738,-0.0006076025406808,0.0004892202304253,-0.0004072309346523,1.67529866234851e-06,-2.307160653916373e-05,1.4929264026566458e-06,-1.7702586326363408e-05,-3.4705276635418628e-06,-1.8325795429457583e-05,1.6085484901541404e-06,-2.0414743773826738e-06,-6.627096498167087e-06,-1.0749558540378358e-05,6.536581400303572e-05,-4.682068106929196e-06,1.75236075674451e-06,1.7071558435047537e-06,-1.5838692944226386e-05,-1.2892323502201469e-05,-1.099298887552938e-05,7.493138450735401e-05,-6.024587084004354e-06,1.6188411309432895e-06,-1.387108421939484e-05,1.5587682285209068e-06,1.6529344381963876e-06,1.0314341187226617e-06,-4.12341763197424e-06,7.414666803352487e-07,6.312566969944905e-07,5.7006991818775806e-05,-1.1278511289493651e-06,8.508145747875156e-05,6.573127641416497e-07,-3.47652646291532e-08,-2.1651975658375007e-05,1.9174292807923424e-07,7.778600681416552e-07,-3.6849173166332036e-07,3.2155279293626673e-06,3.489418899945523e-06,2.5768998162679098e-06,-3.574504411171571e-07,-1.8379633260395945e-07,4.375911279013377e-07,8.450894450346958e-07,5.0257835389474635e-06,4.094512801379385e-06,-6.017158787181637e-07,-3.531849652047072e-07,-2.214784626938983e-06,5.081385699657299e-06,1.1087225943964443e-06,4.7561812586556525e-06,3.6478391393173903e-06,-5.475501156829927e-07,6.063065274585066e-06,-7.849457535011603e-07,-6.014085888926325e-07,-5.104754532259113e-07,3.312723011172515e-06,-1.0808104596292413e-07,-7.103987506839987e-07,4.051909208154599e-06,9.339977339029952e-07,6.16466196633137e-06,-1.163087261613716e-07,-6.004400325772581e-07,3.984722256660932e-06,5.68048636341766e-06,movement,movement,no movement,no movement
4283.333333333322,0.0159369727555792,0.2850104193923871,-0.3179342438666666,0.0243057323494601,0.3046520791023758,-0.3158130317333333,0.0261038436612867,0.3050888613779735,-0.3052955627333333,0.0251832908695438,0.3051518083996483,-0.3079038708333332,0.0068268579599253,0.3132287326722779,-0.3361345051,0.0082462272401165,0.3116941761881028,-0.3494675633333332,0.0121715447238179,0.3024321732489788,-0.328345431,0.0482402711442725,0.3228481319833474,-0.2060696766333333,-0.0568559377752332,0.2819459351637743,-0.2439129228666666,0.034412595582095,0.2876815615728058,-0.2629221231,0.00756112276057,0.2590870485857753,-0.3012283331666667,0.1029555696507072,0.2332969015280634,-0.0503038012066666,-0.124752399276543,0.2480809632743494,-0.0790575896466666,0.144746793809797,0.0834810383071935,-0.0348205657773333,-0.129505592943768,0.0005804445154352,-0.1680617085999999,0.1564510447183539,-0.0238171989171262,-0.0891009586766666,-0.0554487275692229,0.0400190181435458,-0.2933108806333333,0.147878011234143,-0.0364740293351153,-0.0942346912699999,-0.0128921526304509,0.0692502407178147,-0.355343021,0.1309521448249841,-0.0293121684050523,-0.10836934286,-0.0012946340426152,0.1321437311231303,-0.3541498841,0.1541729632798262,-0.0392453196249964,-0.09521981042,-0.0469842397054464,0.0695032804877637,-0.339678168,0.073840328138078,-0.1602658894394174,0.0564130346666666,-0.0718054584541131,-0.1695460699692283,-0.05382060527,0.0945959628445678,-0.4878612173398377,0.0629406193033333,-0.0166026275277241,-0.4489741394169229,-0.0799212468066666,0.0725954279131751,-0.7129752849261954,0.2743165696333333,-0.0483137581768112,-0.7653197024608558,0.0784273674133333,0.0547880948168361,-0.7370035467558388,0.3015205209,-0.0486952781688111,-0.7931291673246764,0.0545714974053333,0.0933873779460943,-0.7733298511181093,0.2823025496666667,-0.0065121616691426,-0.8296635546444102,-0.025375154258,nijmegen_nijmegen_rennen_g_ch1_g11_compr.mp4,ch1g11,6.522314900440591e-05,0.0002068477654471,0.0001593192721693,8.592837033309972e-05,4.054237811647537e-05,0.0002055017208651,0.0001595024582865,4.442805302385686e-05,3.7300012039474295e-05,4.866994739701625e-05,0.0003282837219573,4.781321406014596e-05,0.0001709324755569,0.0001596399812315,0.0001006878941706,5.850567399388362e-05,5.976508208079139e-05,0.0003853469502906,4.472581129588254e-05,0.0001698972242887,0.0002366863962751,0.0001787576439593,0.0001699584730826,0.0001357404439526,3.7756057419662486e-05,2.0267529564388713e-05,0.0001478473026843,0.0002989613845947,6.36694235993851e-05,0.0004149326372734,2.042287537557706e-05,0.0001057352068658,0.0002344432241164,0.0003868922904503,5.853134261190106e-05,0.0002793876192018,0.0001841274606315,0.0001818061943027,0.000177954641662,0.0001909187731014,0.0001679928614849,0.0001764913523528,5.053844415517225e-05,2.817698376011295e-05,0.0002104875869945,0.0002127518505798,0.000132945915231,-4.198324005677267e-05,1.3580146075457498e-05,-0.00018499108274,0.0049922345677415,-0.0007483816473853,0.0065706882618642,-0.0008807565146678,0.0072243416600807,-0.0008805984711306,0.0056413927964967,-0.0007128244289605,0.0002337983843087,-0.0002241158177611,0.0005019222806643,-0.0005339455589029,0.0003157007997779,-0.0003543227098586,0.0003250482147112,-0.000300315500788,0.0006268237709841,-3.828582495956706e-05,2.2044771641390273e-06,-2.260727662863428e-05,1.6956044067038395e-06,-1.3527123647455724e-05,2.427884983990653e-07,-1.6229789598238637e-05,1.8167765013681903e-06,-2.266193793333645e-06,-6.046999328723292e-06,-9.407847979895735e-06,6.595471731962597e-05,6.45892682584593e-07,1.7672545729451087e-06,1.9429049458583393e-06,-1.7930332969384787e-05,-6.378278442839236e-06,-9.452754894952384e-06,7.448670364901426e-05,-1.2088599184231877e-06,1.6707331426101895e-06,-8.565248313718771e-06,1.3217857380410353e-06,1.650295885783916e-06,1.0044965361390644e-06,-5.651207161244711e-07,5.820157922791115e-07,4.129007462802963e-07,5.734085082435682e-05,1.2463113188570156e-07,8.55527367286314e-05,5.015959339124586e-07,-7.779732688970282e-08,-1.81301607937535e-05,3.910859086098331e-07,2.330456096742957e-06,-1.924709946856766e-07,4.144356864420953e-06,3.334168442876303e-06,3.520682908689153e-06,-2.051113646981292e-07,-3.484060557829598e-07,9.426748214740428e-07,1.6540377256270243e-06,-1.634599345318257e-06,4.393163312647989e-06,-3.704654045095006e-07,-1.731637544268736e-07,-9.555710583105043e-07,5.824057209860923e-06,1.5531496667675e-06,-2.691874134096928e-06,4.068416616721817e-06,-3.3712636962865754e-07,6.329001261195947e-06,-6.960627959002149e-07,-3.599099640982061e-07,-3.577216743391375e-07,3.2424432541725843e-06,-1.712902146823434e-07,-5.633819778230001e-07,-1.628353237327161e-06,1.0930854274442893e-06,-2.547634565823134e-06,-1.7599978581650533e-07,-1.3883795475604806e-07,5.171606022027406e-06,5.115796101440518e-06,movement,movement,no movement,no movement
4299.999999999989,0.0188406480177275,0.2853085699669627,-0.3170644183666667,0.0269105474967022,0.3048448720984222,-0.3148038327,0.0287100960059124,0.3052819478041664,-0.3043046007333334,0.0277831150475436,0.3053399311752907,-0.3069037118666666,0.0095984809125992,0.3134314102459961,-0.3357058404333333,0.0110343564767084,0.3118694280818818,-0.3490830199999999,0.014939804798549,0.302613380739097,-0.3279371411666667,0.0492854377020996,0.3228591213496856,-0.2048616941333333,-0.0551450442166504,0.2819830695013819,-0.2451683054666666,0.0366319481217902,0.287863198285638,-0.2618082771666666,0.0099627705032105,0.2592971582963299,-0.3009097562666667,0.1024230402483569,0.2333352564522298,-0.0490670835533333,-0.1237103987789057,0.2481514887474881,-0.0808693021233333,0.143348541524913,0.0833104267522731,-0.0358913681873333,-0.1283438957579441,0.0007727323145244,-0.1690513659999999,0.1551419434990806,-0.0180342544735761,-0.0934348285333333,-0.0522682590588335,0.0393431974799141,-0.2913201301999999,0.1464670057984746,-0.0288973649891691,-0.0989535954533333,-0.0092216531572398,0.0684338353925733,-0.3529483547333333,0.1301202134962116,-0.0208707019976552,-0.1125605917266666,0.0025466830632341,0.1312968667820838,-0.3513883343333334,0.1531350424416278,-0.0326928499410516,-0.0994436568133333,-0.0437328222186755,0.0688438516468183,-0.361756802,0.0735790949340267,-0.160041556959199,0.0572253342166666,-0.0715373955853829,-0.1697605377694956,-0.0546796634233333,0.0950651536444389,-0.4873133668517622,0.0634169242399999,-0.0160624777513723,-0.4493756500632918,-0.0809208048066666,0.0721545587286878,-0.7126022081719408,0.2738853896333333,-0.0487155853880498,-0.7654148634453561,0.07734815696,0.0542564886520521,-0.7366037668364208,0.3010795598,-0.0492024864744161,-0.7931508744446009,0.0535484663643333,0.0935167561665763,-0.7725868072234953,0.2820706473666666,-0.0064131814392803,-0.8294045080762875,-0.026568115148,nijmegen_nijmegen_rennen_g_ch1_g11_compr.mp4,ch1g11,6.843284548669794e-05,0.0001832412127062,0.0001616684554905,7.592292712146973e-05,4.295871992605267e-05,0.0001893938088235,0.0001619844303965,4.345104454351848e-05,3.195237786490126e-05,3.9728256025275046e-05,0.0003981742320512,5.058607671077654e-05,0.000173197369972,0.000162268459144,8.192909067844062e-05,5.5186835099200854e-05,5.203516136711179e-05,0.0004632584878181,4.545724922724958e-05,0.0001721062495178,0.0002306173474882,0.0001801340625791,0.0001720565402357,0.000137225189844,3.9384574472887915e-05,2.0740872477325475e-05,0.0001485284628175,0.0003585234958756,6.545045545776211e-05,0.0005060845305364,2.0823355459933464e-05,0.0001068698321409,0.000217548819257,0.0004178433987644,6.014570819035002e-05,0.000392497551892,0.000279061398515,0.0002754526451722,0.0002688505086166,0.0002925921708248,0.0002714930544169,0.000280013851928,3.374155583530441e-05,0.0001015253324194,0.0002541340870063,0.0002937424168677,-3.0031676299708107e-05,0.0001217496660758,-0.0001796354012389,0.0002818301471822,0.005865487024124,-0.0009185677719417,0.0076592971802762,-0.0012872847126368,0.0085001286563556,-0.0013902099099967,0.0066309201103565,-0.0009901876655525,0.0002258400740363,-0.0002158402537015,0.0005626810019222,-0.0002632536621175,0.0004051434020273,-8.101756889069944e-05,0.0004278373408069,-1.181184304870324e-05,0.0007330609528333,0.0003028265948377,2.901296660737181e-06,-1.9944661969486873e-05,1.752893167273441e-06,-8.656632782847317e-06,3.4389417386103806e-06,-1.2858195139304564e-05,1.8434242123677431e-06,-2.6408588907734725e-06,-4.811186949873283e-06,-7.166614363248027e-06,5.940833204109251e-05,5.800222164680507e-06,1.7022086938194924e-06,2.036667305484051e-06,-1.7985408882481355e-05,9.69162938559215e-07,-7.434286365431915e-06,6.62741799425386e-05,3.7225015907959064e-06,1.6174621621601362e-06,-2.9500877058744274e-06,7.80540953014978e-07,1.589449955178545e-06,8.341314260160185e-07,2.6290087316388807e-06,3.751834107223634e-07,1.7193342301981656e-08,5.156735126109114e-05,1.3317760791687203e-06,7.648616849358173e-05,2.952539849644571e-07,2.6127358290744316e-07,-1.2952961878163784e-05,4.5251523192014226e-07,4.05867204291029e-06,-3.557501566489398e-07,4.600092640885146e-06,3.0131187053740095e-06,4.500491782612478e-06,-3.934654084031721e-07,-4.469417554959891e-07,1.4487497138836235e-06,2.2361420132792552e-06,-7.425227371843234e-06,4.024935765640184e-06,-4.816197491391985e-07,-3.393125279743062e-07,5.54411273524374e-07,5.719699401185703e-06,2.068615162731539e-06,-9.010573734054532e-06,3.872286257507017e-06,-4.722662095675943e-07,6.356898073373195e-06,-9.076299701472e-07,-4.586370583760866e-07,-4.391769198177266e-07,3.018108534167534e-06,-2.173925873423664e-07,-6.499469143427688e-07,-6.5318670821646e-06,1.090075784989988e-06,-1.0105735960358693e-05,-2.218962322933813e-07,1.2505760684457304e-07,6.245790686699794e-06,8.978102833890001e-06,movement,movement,no movement,no movement
4316.666666666656,0.0217531466788145,0.2857454429366405,-0.3168225477,0.0295499207919034,0.3051569855844946,-0.3143416891,0.0313562449249348,0.3055829451896942,-0.3038596778666667,0.0304157474168656,0.3056344709434719,-0.3064399012999999,0.012396962439327,0.313745365727731,-0.3358086137333333,0.0138537690731175,0.312163951362741,-0.3492406186333333,0.0177386101948311,0.3029191042141286,-0.3280603777333333,0.0503916114583994,0.3228609534584782,-0.2040699636666666,-0.0534118098533028,0.2820801267764783,-0.2467268973666666,0.0388670682691853,0.2881166250519771,-0.2613153348333333,0.0123736621212143,0.2596111220355344,-0.3012007229333334,0.102065452849934,0.2332496864771699,-0.0482557153266666,-0.1226664523906213,0.2483000376418058,-0.0827728109666666,0.1424096841402706,0.0830905416891037,-0.0377440928873333,-0.1272152217945772,0.0012670833479014,-0.1699386938999999,0.1539114900098704,-0.0115250364484663,-0.0989807951099999,-0.0495046684395167,0.0384983043542624,-0.2893174250333332,0.1450862885677449,-0.020477728525342,-0.1050442988066666,-0.0060300198272355,0.0672125177577684,-0.3505181203666666,0.1292757298195343,-0.0114756900618348,-0.11808605606,0.0061115328368131,0.1299637090685269,-0.3486963571,0.1521375938090655,-0.0253809968159406,-0.1048807649466666,-0.040810633082923,0.0678986456765677,-0.359957397,0.0733101616921054,-0.1598197058964917,0.05801542346,-0.0712626804218673,-0.169971999953863,-0.05551863568,0.0953674954896152,-0.4867614422828727,0.0645784171066666,-0.0156700807719472,-0.4495345858324581,-0.0816709968066666,0.0714457891239228,-0.7121758093190722,0.2746139014666667,-0.0494271628251967,-0.7652133957704351,0.0766621495966666,0.053457613092318,-0.7361472032264025,0.3018527104999999,-0.050038603426122,-0.7928526211073359,0.0529561658809999,0.0933739512757739,-0.771817418990814,0.2830767608333333,-0.0069639744282952,-0.8287642332782473,-0.0276121686246666,nijmegen_nijmegen_rennen_g_ch1_g11_compr.mp4,ch1g11,7.209290590608734e-05,0.0001626112401177,0.0001633872006277,7.107058201218618e-05,4.816660549197042e-05,0.0001766547015225,0.0001637979383934,4.087835349686812e-05,2.7600332822792655e-05,3.3918560475206796e-05,0.0004534345670908,5.875067678071999e-05,0.0001746587210334,0.0001643082994238,6.305376176827562e-05,5.944914308527963e-05,4.418590491966512e-05,0.0005238586827289,5.14435920930559e-05,0.0001734806595165,0.0002295308570096,0.0001803241670715,0.0001733512010083,0.0001378744474154,4.358297141262489e-05,2.1033096003190667e-05,0.0001480487973139,0.0004055663443992,6.830605331377797e-05,0.0005778016155628,2.10450723536112e-05,0.0001075501126382,0.0002058225794648,0.0004471613574792,6.742342741651748e-05,0.0005235586384984,0.000394968780332,0.0003892232698813,0.0003805307097248,0.0004157305706505,0.0003975909706573,0.0004071511373439,2.7393856301211437e-05,0.0001926632031365,0.0003139556719987,0.0003927461026103,-0.0001775511118383,0.0002727381486785,-0.0003130270306137,0.0006887965403559,0.0065963780795774,-0.0011060287899442,0.0085454235537529,-0.0016883206637699,0.0095422090538743,-0.0018791605185491,0.0074484493310564,-0.0012722304626873,0.0002149355817309,-0.0002043598838666,0.0006214749799206,7.46667182401241e-06,0.0004821860017162,0.0001732187953262,0.0005162746969841,0.0002542001666899,0.000834560291567,0.0006128708681506,3.519528641371012e-06,-1.4723865313880478e-05,1.381125741587055e-06,-3.812539682612541e-06,5.967536874261503e-06,-7.764468229011755e-06,1.4123284977530323e-06,-2.983334607899395e-06,-2.957922714411062e-06,-4.336385349327723e-06,4.782790720384273e-05,9.761820590656693e-06,1.2675477669892733e-06,1.6954178351573526e-06,-1.6241780602056148e-05,6.890413765251295e-06,-5.211595137051048e-06,5.262695412619354e-05,7.695656747910468e-06,1.1746385208700611e-06,3.4369798073859374e-06,-2.350192627959768e-07,1.1764548876526323e-06,3.5497095650488556e-07,5.273594035947962e-06,1.5594681590715752e-07,-7.070111571380016e-07,4.1439461136231875e-05,2.4165728036366283e-06,6.080855291637399e-05,6.844652239678941e-08,6.823816734187172e-07,-5.798149924924416e-06,3.7249325864260714e-07,5.688805771251585e-06,-7.892375144613997e-07,4.558125785794211e-06,2.5999965122962215e-06,5.373741594063468e-06,-8.484911448022989e-07,-4.071754896010606e-07,1.9170858074662528e-06,2.4975044217784623e-06,-1.146087777089352e-05,3.028001777946846e-06,-8.801902454382817e-07,-7.833856478775555e-07,2.151138618153535e-06,4.782130987403382e-06,2.6458101966810055e-06,-1.3257406218759936e-05,3.069338128282179e-06,-8.912119074283786e-07,6.176564566387452e-06,-1.344172994185815e-06,-8.466993269779891e-07,-7.008536631799401e-07,2.7015106722781665e-06,-2.40781576650079e-07,-9.135769910210192e-07,-9.971923118573936e-06,9.389577500208188e-07,-1.527888259339528e-05,-2.473481219606613e-07,1.7613109969642606e-07,7.055353686134092e-06,1.253816851934158e-05,movement,movement,no movement,no movement
4333.333333333323,0.0246673731394552,0.2863680630162605,-0.3162876437,0.0322132076581228,0.3056541304595041,-0.3134876260666667,0.0340312255748778,0.3060748488913727,-0.3030277771,0.0330726540567314,0.3061159960001542,-0.3056010036666666,0.0152100797370424,0.3142668909886721,-0.3355528085,0.0166941388731325,0.31266562138629,-0.3490278243333333,0.020557966924902,0.3034277437905184,-0.3278323313666667,0.0515618777186238,0.3228966705215737,-0.2028323705666666,-0.0516615153259119,0.2823070705124022,-0.2478869800999999,0.0411174164762499,0.2884822598101423,-0.2604995826666667,0.0147935544031056,0.2600621563997644,-0.3012080304666667,0.1018402410284901,0.2329968975520228,-0.0470508089233333,-0.1215671647729115,0.2485653163624546,-0.0842853323633333,0.1416312234617125,0.0827965072835814,-0.0395160653406666,-0.1265374801231747,0.0021441688123029,-0.1703134084333333,0.1526935040568961,-0.0045298999233928,-0.10474651721,-0.047500765580878,0.0372714134246262,-0.2867773596999998,0.143658652201794,-0.0114999503637227,-0.1114476389566666,-0.0035912803077528,0.0652231020163339,-0.3474512170333332,0.1284166786133651,-0.0014155572898032,-0.12420844002,0.0090747426564506,0.1277465057827262,-0.3453371198,0.1511488357627437,-0.0174882845869046,-0.1106615486033333,-0.038561295771573,0.0664522952058042,-0.323207349,0.0730247289848925,-0.1596152934538592,0.0588155023166666,-0.0709706353346539,-0.1701659005919598,-0.0563732072166666,0.0955029548089265,-0.4861404737247768,0.0657109730333333,-0.0153285464991132,-0.4494112041311192,-0.0826599896066666,0.0705345459739797,-0.7117541709940506,0.2751313189666667,-0.0504322345326988,-0.764867308431082,0.0753658121499999,0.0524581466600812,-0.7356873079069369,0.3023694529666666,-0.0512008732412221,-0.7924149119238785,0.0517115700476666,0.0931587207741949,-0.7710591995518277,0.2837164369,-0.0077659806101426,-0.8279367575309051,-0.0295322434713333,nijmegen_nijmegen_rennen_g_ch1_g11_compr.mp4,ch1g11,7.634330251835261e-05,0.0001475423236629,0.0001636778794262,7.01559160614065e-05,5.542892308609905e-05,0.0001686519140269,0.0001640973380141,3.728429920704078e-05,2.5079823781155833e-05,3.144515587066346e-05,0.0004895727760074,7.133829099191809e-05,0.0001745031505588,0.0001649654358177,4.751082768807992e-05,6.98624637406473e-05,3.867513050307394e-05,0.0005625334384282,6.189830014444297e-05,0.0001731931189719,0.0002330352158367,0.000178241523278,0.0001730735175051,0.0001370082612351,4.993252121325588e-05,2.09948193383378e-05,0.0001455286972072,0.0004364275998834,7.123250405560556e-05,0.0006241836339971,2.0934884477202348e-05,0.0001077967189902,0.0002004677109429,0.0004684195966415,7.952770734457141e-05,0.0006344890904464,0.0004959234943899,0.0004875936775396,0.0004778877561358,0.0005282289206302,0.0005124093048893,0.0005233856044392,1.8141255616232623e-05,0.0002901905739111,0.0003632165795471,0.0004818641174112,-0.0003194695398138,0.0004045932539433,-0.000417281436754,0.0010106852669572,0.0070890897942532,-0.0013702974685602,0.0091346354287146,-0.0021599955270837,0.0102260914690849,-0.0024376240094734,0.0079914247410393,-0.0016242503863862,0.0001980898962026,-0.0001870889756915,0.0006441614233702,0.0002531113000184,0.0004652375071938,0.0003775217774602,0.0005066458658967,0.0004647154675129,0.0008352963939763,0.0008599734205925,3.896564766776298e-06,-7.252211819644954e-06,1.56688984468946e-07,7.772204373756529e-07,7.873581123220341e-06,-1.1821417022621092e-06,1.1596820608514481e-07,-3.4385348388209818e-06,-6.706359735853186e-07,-1.4066869512101925e-06,3.332732790573109e-05,1.198902179425811e-05,-3.64848928911557e-08,4.852234609474954e-07,-1.3124994304757344e-05,1.1024897086550613e-05,-2.6860232036048537e-06,3.607518545593554e-05,1.0148747029855606e-05,-1.49210309812303e-07,1.0067750879150858e-05,-2.103848759529356e-06,-8.639643966145759e-08,-7.198472606410539e-07,7.353128775381905e-06,-9.098286832386859e-08,-2.0844766476523736e-06,2.8955401685202525e-05,3.1426795685143968e-06,4.147854282923155e-05,-1.8898070871076066e-07,7.853692085895423e-07,2.5933478732602404e-06,1.4511561110300133e-07,6.901703317069499e-06,-1.3915116405850971e-06,4.134973589916927e-06,2.1899870109772036e-06,5.948173743784221e-06,-1.463051583171176e-06,-2.2886692488156153e-07,2.260808950675656e-06,2.4205908686682104e-06,-1.333543132737063e-05,1.5838247296490047e-06,-1.470288391350674e-06,-1.403088461405383e-06,3.5507172812127315e-06,3.202810458119944e-06,3.189725093563317e-06,-1.5056201089732811e-05,1.8137544839346353e-06,-1.4931916143403664e-06,5.762168753018943e-06,-1.888353686839283e-06,-1.4325324564763811e-06,-1.0671796354350334e-06,2.364638891886646e-06,-2.353319245996605e-07,-1.268409488611838e-06,-1.162921298199057e-05,6.846693491382255e-07,-1.752029642376925e-05,-2.4452033395123336e-07,1.8882368436834225e-08,7.415495418499709e-06,1.4580044686411609e-05,movement,movement,no movement,no movement
4349.99999999999,0.0275516094152418,0.2871349294066986,-0.3161405036666667,0.0349200967997524,0.3062691853990325,-0.3129611968333333,0.0367561817836821,0.3066727086862286,-0.3025257738666667,0.0357779625833688,0.306704659045219,-0.3050843644999998,0.0180504228922193,0.3149166078302974,-0.3355490593666666,0.0195647736384185,0.3133096608171636,-0.349082448,0.0234079143456576,0.3040881536961722,-0.3278525959666667,0.0529460866162042,0.3229415866542847,-0.2018147116666666,-0.0498282506421765,0.2826911020841846,-0.2489034056666666,0.0433806068645336,0.2889226439166241,-0.2600788146,0.0171602413757241,0.2606596770860301,-0.3015199415666666,0.101866616877503,0.2326089696697655,-0.0460845463533333,-0.120391889738794,0.2490818605189297,-0.08552445613,0.1412054032116677,0.0823728714242068,-0.042054513044,-0.1260995433483915,0.0034633157541801,-0.1703091198666666,0.151564096752907,0.0027074151893878,-0.1114129736133333,-0.0458993452037302,0.0358897735666647,-0.2844031844999999,0.1422718934031443,-0.0022397272655424,-0.1189094196533333,-0.0016003237169795,0.0629095673670983,-0.3447225710333332,0.1275906728336846,0.0090279416869995,-0.1311101984166666,0.0117423410126374,0.1251765323791918,-0.3424746543999999,0.1502246837990495,-0.009346619469192,-0.1172468365433333,-0.0366331182996734,0.0647612418609899,-0.309752792,0.0727361191016652,-0.1594222625394305,0.0596034568466666,-0.0706755375576124,-0.1703478085066038,-0.0572152711566666,0.0955524503243531,-0.485529417167989,0.0675840189399999,-0.015055353822423,-0.448990584733651,-0.0830593151733333,0.0696135438234207,-0.7113612406318041,0.2769097785333334,-0.0516513445675444,-0.7644538100654525,0.0742821232166666,0.051472274845153,-0.7352563016346202,0.3042218858333333,-0.0525777492932042,-0.7919217851777322,0.0506469781943333,0.0929326712863197,-0.7702820730207474,0.2857096003333333,-0.0091298295290534,-0.8269987593925828,-0.031320619558,nijmegen_nijmegen_rennen_g_ch1_g11_compr.mp4,ch1g11,8.037663499101839e-05,0.0001425532500521,0.0001635176303198,7.199428795911116e-05,6.580142385258986e-05,0.0001690010187729,0.0001638479596536,3.33628486211239e-05,2.517293603463975e-05,3.164999188455746e-05,0.0005058421334844,8.632860451909784e-05,0.0001741188627999,0.000165151540571,3.619660469323312e-05,8.466728541039208e-05,3.8170498718850887e-05,0.0005794521050865,7.486765244167362e-05,0.0001726796752091,0.0002438428476717,0.0001757649845053,0.0001726165921639,0.000135873388125,5.9733066085831095e-05,2.0825158459452443e-05,0.0001429528290866,0.0004507971078074,7.453250110102454e-05,0.0006440050357127,2.067392116492049e-05,0.0001083233195496,0.0002050066176957,0.000479617382085,9.577684775634196e-05,0.0006983050742643,0.0005575223064768,0.0005469216693772,0.0005370329040346,0.0006041944500397,0.0005891810384728,0.0006003249118465,1.127579714443387e-05,0.0003766782195664,0.0003865051795728,0.000538905520242,-0.0004318801312571,0.0005162849390545,-0.0004772682047307,0.0012386522245828,0.0073754146685418,-0.0017528125432455,0.0094630757646509,-0.002750944426296,0.0105836662204002,-0.0031161277893665,0.0082976803417564,-0.0020880611211034,0.0001737915522452,-0.0001626565921408,0.000605377270952,0.0004579294695529,0.0003486451957345,0.000517835678501,0.000398704815879,0.0006047922059072,0.0007389351452595,0.0010054427320666,3.801349169744195e-06,1.2958552643876087e-06,-1.7285477821021646e-06,4.188968554190948e-06,9.658468018139736e-06,5.950206255583855e-06,-1.8484173420603009e-06,-3.723901656701712e-06,1.8402407482021317e-06,9.976435218211705e-07,1.7930730400865504e-05,1.2437652409948271e-05,-2.0053772584226014e-06,-1.4194517881824148e-06,-8.67321715390028e-06,1.2745173917951756e-05,3.8704111532925465e-07,1.897613255143379e-05,1.095358129217414e-05,-2.1462152222946483e-06,1.645327923589619e-05,-4.434992304565861e-06,-2.0059253348478566e-06,-2.1605184163333496e-06,9.33204229118468e-06,-3.188155476515983e-07,-3.743605944484643e-06,1.5635801974008265e-05,3.4400312946916256e-06,2.1223978870585876e-05,-4.3285978210998763e-07,4.570353605496698e-07,1.1257109069927314e-05,-1.742365528667277e-07,7.380481544003955e-06,-2.070503249532309e-06,3.4650605671047567e-06,1.7945599366593254e-06,5.998480724001507e-06,-2.142697739781088e-06,7.006200241478948e-08,2.42722865331673e-06,2.0686105737942354e-06,-1.3192562027961765e-05,-4.3588750722138436e-08,-2.1719284511703225e-06,-2.102167462461396e-06,4.571997454778158e-06,1.2889793044536746e-06,3.570812989182294e-06,-1.4672963350111228e-05,3.477154136796873e-07,-2.1978188575427224e-06,5.012878605871095e-06,-2.4746677011214622e-06,-2.138625227664157e-06,-1.490857251055163e-06,2.0038709837324953e-06,-2.0643923229437538e-07,-1.6865788081222055e-06,-1.1644070467895973e-05,3.423461278292463e-07,-1.7015433521880997e-05,-2.1661380522423298e-07,-3.269361858356264e-07,7.132714776795418e-06,1.4932035706591128e-05,movement,movement,no movement,no movement
4366.666666666657,0.0303855050084055,0.287909101199767,-0.3151101787666666,0.0375930044962002,0.3069000708742543,-0.3115357616666666,0.0394566228993337,0.3072924599441832,-0.3011271072,0.0384517515092327,0.3073140909241629,-0.3036881912666665,0.0208553029056313,0.3156009750577495,-0.3346573718666666,0.0224014969177929,0.3139840335790802,-0.3482259133666667,0.0262160577496939,0.3047764715566496,-0.3269871127000001,0.0544020840676907,0.3229697941978359,-0.1999350136333333,-0.0480317767135119,0.283146801476831,-0.2490255663666666,0.0456109935520119,0.2893672683856058,-0.2587595293666666,0.0194607914938032,0.2612721855213746,-0.3009283456,0.1019866430083454,0.2321468307212611,-0.0442891538699999,-0.1191532510260021,0.2496783836807819,-0.0859950477133333,0.1408967008614053,0.0819607854172715,-0.044112465474,-0.125870098980046,0.0048242024094586,-0.1695972903999999,0.150395174419324,0.0102421426782996,-0.1170081401133333,-0.0446268128842434,0.0339364876513348,-0.2809016311666665,0.1408470681394229,0.0073672797627313,-0.1250609802133333,4.638995763325623e-05,0.0597845348150515,-0.3406390294999999,0.1267441932796717,0.0197498104507732,-0.13641437245,0.0140095443590619,0.1216476805414255,-0.3382173995999999,0.1492844473893778,-0.0008770870855166,-0.1226032442066666,-0.035062493558633,0.0624179416300716,-0.299031377,0.072426560396578,-0.1592568982940523,0.06040176677,-0.0703571400764659,-0.1705015465977624,-0.0580735368133333,0.0955984264814085,-0.4848791990786311,0.0690150510866666,-0.0148290889002054,-0.4483334859628133,-0.0840452736,0.0685675196486739,-0.7109783530923812,0.2772643988666667,-0.0530418848674638,-0.7639562289806393,0.0720018147766666,0.0503346886114863,-0.734827690442723,0.3045252337666666,-0.0541490639748221,-0.7913519024905553,0.0482999506243333,0.092626093408982,-0.7695002315574128,0.2861765977333334,-0.0104177993121137,-0.8260289586459791,-0.034373644808,nijmegen_nijmegen_rennen_g_ch1_g11_compr.mp4,ch1g11,8.391120954876243e-05,0.0001491098619931,0.0001614721695921,7.85348009654736e-05,7.671813451212783e-05,0.0001788573964876,0.0001616600340281,2.8896154521419825e-05,2.8184533337059497e-05,3.4614201968532215e-05,0.0005090591575816,0.0001012111875094,0.00017199178048,0.0001634265430713,3.0485399711754716e-05,0.000101853661285,4.0753017324084015e-05,0.0005824681316872,8.832691784764268e-05,0.0001703772211806,0.0002624377163244,0.0001712549131674,0.0001705038728962,0.000133419212436,7.035777196802805e-05,2.036773210176566e-05,0.0001390315150319,0.0004556086137517,7.771677741338284e-05,0.0006447645041024,2.0112529938435717e-05,0.0001084881397188,0.0002208367803195,0.0004867340489699,0.0001129241360062,0.0007302755569866,0.0005943672252091,0.0005819154639907,0.0005721169950047,0.0006548447654272,0.0006394631623323,0.0006500510319131,1.1598390200463905e-05,0.0004554307940106,0.0003971223148175,0.000575061793364,-0.0005158551417856,0.0006156863228871,-0.0005142055484075,0.0013826746755669,0.0075052722711904,-0.0021940554748398,0.0096054451044587,-0.0033810428685443,0.010710966836084,-0.0038203805555172,0.0084319427649913,-0.0025967521113759,0.0001429867845648,-0.0001322826848333,0.0005352810418587,0.0006166998143106,0.0001408955310404,0.0005952969829109,0.0001915283475677,0.000677952627906,0.0005715170248036,0.00107879278186,3.286438536789622e-06,9.37493450626423e-06,-4.172207523027028e-06,6.7973128779799275e-06,1.1432940490639504e-05,1.2406231228184752e-05,-4.360179969045144e-06,-3.809555444937553e-06,4.324709316367189e-06,2.5884852202978545e-06,4.266868092938002e-06,1.1204480207414492e-05,-4.543886833132949e-06,-3.923153230154113e-06,-3.410950343877041e-06,1.2697530074238552e-05,4.058005445979746e-06,4.121735508431591e-06,1.019495819288867e-05,-4.707501871526658e-06,2.144437058386975e-05,-7.135488411963163e-06,-4.4852922974049076e-06,-3.916440559144716e-06,1.1308139260943984e-05,-5.209842105412053e-07,-5.606052501093379e-06,3.605380020290686e-06,3.3777983761407906e-06,3.7628427973713633e-06,-6.506654612525926e-07,-2.3627551942335034e-07,1.8573204121313524e-05,-5.388933064596919e-07,7.019991898823742e-06,-2.6424833972948957e-06,2.6103798296228293e-06,1.5289575033813554e-06,5.4538298848012014e-06,-2.704126134215119e-06,4.729327658810462e-07,2.387031448787357e-06,1.5177720465456007e-06,-1.1730472768060195e-05,-1.537888573605981e-06,-2.790659552918934e-06,-2.693338278563634e-06,5.102535519008394e-06,-6.060884020298636e-07,3.803510125064011e-06,-1.2938714188949027e-05,-1.0431859790723515e-06,-2.808009433727612e-06,3.928079564464114e-06,-2.9167617661459554e-06,-2.7715936326260243e-06,-1.8466209830196512e-06,1.7322770329662247e-06,-1.521781602699728e-07,-2.0283376984930052e-06,-1.0626217350772976e-05,-4.795652107236017e-08,-1.4676190922234465e-05,-1.6089069293044952e-07,-7.692436963358985e-07,6.165572366294039e-06,1.396591325417223e-05,movement,movement,no movement,no movement
4383.333333333324,0.0330997381694534,0.288664337924766,-0.3136544008999999,0.0402090189538723,0.3075141809549022,-0.3096796243333333,0.0421103200568714,0.3078963674931569,-0.2992987228000001,0.041071030592007,0.3079059903725634,-0.3018624751666665,0.0236043035787739,0.3162849126482333,-0.3332860209999999,0.025178789114885,0.3146545538033956,-0.3468741376333333,0.028960642706481,0.3054582758202129,-0.3256410828666667,0.0558666848662188,0.3229924017409602,-0.1976418560666666,-0.0462883043886985,0.2836619497343171,-0.2484826813,0.0477795751189747,0.2897818795212017,-0.2570176611333333,0.0216508984649931,0.2618753721021218,-0.2998246166,0.1021815526230545,0.2315761142782137,-0.0423038671966666,-0.1180114868745324,0.2503821485326823,-0.0855647463866666,0.1406836051504454,0.0813719939809833,-0.0458679823173333,-0.1257360830940265,0.00623806335542,-0.1671981520333333,0.1492182755082544,0.0175867509204688,-0.1221490953699999,-0.043811599120141,0.031553517680641,-0.2751995026666666,0.1394021946510281,0.0167949280792736,-0.1307517123166666,0.00118903128435,0.0561541238071255,-0.3342028509333332,0.1258875877481836,0.0302436758436777,-0.14136612864,0.0156989825944787,0.1175176207396506,-0.3317964619333333,0.1483396381090683,0.0073979935118055,-0.1275585242666666,-0.0339842153157187,0.0596050304073124,-0.291804016,0.0721277426433192,-0.1591280981690704,0.0611273106433333,-0.0700478735062901,-0.1706205456866375,-0.0588668583666666,0.095614240347508,-0.4843578771060955,0.0697277715133333,-0.0147081319150405,-0.4476446504225149,-0.0850209030366666,0.0674147435981924,-0.7108112148114195,0.2772030483,-0.0545721351392717,-0.7634131612244424,0.0699010028833333,0.049074642218366,-0.7346055099134904,0.3044262125666666,-0.0558720195339891,-0.790739852110026,0.0461457081409999,0.0920264461619496,-0.7690227213431761,0.2862561684333334,-0.0121151419296021,-0.8250653219484908,-0.0370768118396666,nijmegen_nijmegen_rennen_g_ch1_g11_compr.mp4,ch1g11,8.70064553048471e-05,0.000165540952844,0.0001568475802664,8.622945686014775e-05,8.833314753948433e-05,0.0001970133954895,0.000156792421782,2.4971844838334397e-05,3.4576187230681184e-05,3.845893576582463e-05,0.0005051909702789,0.0001119141025908,0.0001670505056968,0.0001590462358707,3.0669973559876705e-05,0.0001155752560475,4.661051658082379e-05,0.0005778593781546,9.841704006114478e-05,0.0001653054900687,0.000288557778336,0.0001637640451347,0.0001656203575842,0.0001293987523874,8.226295485533253e-05,1.979878376776184e-05,0.0001334320091997,0.0004523017283145,8.07471315609867e-05,0.0006369721473533,1.940105717385093e-05,0.0001080053513696,0.0002461215231481,0.0004902619983369,0.00012826966717,0.0006985358241479,0.0005744726630875,0.0005605050526752,0.0005519557969233,0.0006504562778978,0.0006325660791241,0.0006418077792567,3.693697420427006e-06,0.0005115128916301,0.0003702358649779,0.0005633951349531,-0.000582694534647,0.0007081090772445,-0.0005448852854654,0.0014632797037426,0.0074617881262115,-0.0026728421197264,0.0095289282685027,-0.0040274969925621,0.0105858233691926,-0.0045273039298644,0.0083764279763146,-0.0031289867899749,0.0001042473536052,-9.4423770394552e-05,0.0004275768972212,0.0007276498560643,-0.0001468582275006,0.0006240638546829,-9.859024864603156e-05,0.0007005089884741,0.000316429631924,0.0010950128770588,2.4313343165013256e-06,1.6327077933010456e-05,-7.03942751816634e-06,8.797020797666351e-06,1.3135820664679991e-05,1.7761344926564604e-05,-7.289781802436519e-06,-3.291121626679728e-06,6.51734138478867e-06,3.611145172157947e-06,-5.721076745772792e-06,8.651275035133093e-06,-7.5391405222145405e-06,-6.869205196815721e-06,1.7836165785775326e-06,1.0766098782946204e-05,8.192240695166854e-06,-6.59263061645725e-06,8.170263923653112e-06,-7.722113569573327e-06,2.50936491122286e-05,-1.0158521619347386e-05,-7.447616017895793e-06,-5.8662162591827e-06,1.324936471845812e-05,-6.456595501024048e-07,-7.647692690937785e-06,-5.47863077405619e-06,3.088176845887095e-06,-8.442632929360774e-06,-7.85036580718262e-07,-1.2917964248698774e-06,2.427526445470209e-05,-8.947510972039095e-07,5.886465463943838e-06,-2.9538147681549128e-06,1.769405710972677e-06,1.36786080263054e-06,4.35575272375006e-06,-2.993370225360227e-06,9.053718530073018e-07,2.1175989592905035e-06,9.147593073535733e-07,-9.79591914297596e-06,-2.588472262187607e-06,-3.1491258406137632e-06,-3.0184178720860965e-06,5.101675637851573e-06,-2.0150989151474667e-06,3.8399214727768675e-06,-1.0797793748111164e-05,-2.059557498721287e-06,-3.1496247352547353e-06,2.5086752655978657e-06,-3.0633995923562337e-06,-3.1522927330103923e-06,-2.039023815995495e-06,1.5194561840273046e-06,-8.391840519816284e-08,-2.19208163775248e-06,-9.15235460218662e-06,-4.622903633715103e-07,-1.1720438304680885e-05,-8.73028194275217e-08,-1.2132228115790988e-06,4.6127140312234275e-06,1.2148002358669556e-05,movement,movement,no movement,no movement
4399.999999999991,0.035694823045998,0.2893715332443447,-0.3124244302666665,0.0427524819144021,0.3080913097787239,-0.3080543993666666,0.0447008990974131,0.3084617530353866,-0.2977019491333333,0.0436206804160185,0.3084612984879248,-0.3002717573333332,0.0262741035945129,0.3169375941147406,-0.3320958721999999,0.0278780935995209,0.3152925092743234,-0.3457023550333333,0.0316225606858552,0.3061072041701568,-0.3244743785666667,0.0573510225192997,0.3229765366288391,-0.1956037020666667,-0.0445878407156101,0.284203303886075,-0.2478816102,0.0498918501859403,0.290148337319859,-0.2554832865666666,0.0237511466501991,0.2624482342444855,-0.2988664987666666,0.1025121851553867,0.2309388960695157,-0.0404953063099999,-0.1169039842069296,0.2511175036737141,-0.0851134222533333,0.1406074418140346,0.080732259066796,-0.047952764154,-0.1259074378764391,0.0076669816451865,-0.1647673392733333,0.1481243111966997,0.0248862109812246,-0.12780069505,-0.0434919505964579,0.0286682011538523,-0.2693653811333332,0.1379891223624499,0.0261867716903139,-0.13702178318,0.0018196516257573,0.0518520861844341,-0.3276280185333332,0.125083702238074,0.0406900105266552,-0.14696287228,0.0169827158977067,0.1126959401724349,-0.3251725525333332,0.1474750983921195,0.0156223024528759,-0.1330631561433333,-0.0333495582150503,0.0562478785915127,-0.279560268,0.0718299253059689,-0.159029854813696,0.06181616761,-0.0697390805972705,-0.1707088528328689,-0.0596312650899999,0.0955617878543341,-0.4838514745582921,0.0700942345266666,-0.0146169692166213,-0.4468768037682601,-0.08607974056,0.0661441253380504,-0.7110139450230537,0.2765308941666667,-0.0561745736320346,-0.7628541674883554,0.0676457856533333,0.0476968937964869,-0.7347690778192797,0.3036629547333333,-0.0576777295251804,-0.7901133650215203,0.0438358828076666,0.0913658014900851,-0.7687734509561769,0.2855314102,-0.013935564384065,-0.8240607539411069,-0.0399824715596666,nijmegen_nijmegen_rennen_g_ch1_g11_compr.mp4,ch1g11,8.912489565848646e-05,0.0001891045916768,0.0001489271449673,9.529395724832622e-05,0.0001017871242733,0.0002207578067457,0.0001485919643736,2.2228857597506977e-05,4.342283004555443e-05,4.32056264077884e-05,0.0004953628282717,0.0001186284831312,0.0001586580372185,0.0001512502159712,3.6922342719479176e-05,0.0001249208408066,5.809648523344971e-05,0.0005671550956964,0.00010535816715,0.0001567461885516,0.0003191578577216,0.0001528094482139,0.000157406904365,0.0001231434145466,9.623976695642025e-05,1.913767162997299e-05,0.0001254273534286,0.0004426763866337,8.286487049897021e-05,0.0006232916073756,1.856994875466889e-05,0.0001062435804466,0.0002773812210197,0.000492104793267,0.0001426970081292,0.000616351476986,0.0005129861014216,0.0004988578131846,0.00049218447596,0.0006024115286187,0.0005806485755384,0.0005878255749524,-8.982492434134928e-06,0.0005467662093336,0.0003117196566061,0.0005098033720006,-0.0006535185225028,0.0007987038474185,-0.0006368911586699,0.0015041631471826,0.007302065036965,-0.003139410181205,0.0093496037675742,-0.0046279285271363,0.010360243989598,-0.0051869508157763,0.0082153473672386,-0.0036379258305251,5.8549820922301e-05,-4.981561003078623e-05,0.000274103743848,0.000780355287168,-0.0005306019951112,0.000612148748573,-0.000489219457574,0.0006838248490348,-3.9607307443242565e-05,0.0010683611759106,1.2873293920019908e-06,2.1316082246051418e-05,-1.0189576812729428e-05,1.0200030717157324e-05,1.4574847643641565e-05,2.1345746681553383e-05,-1.047286714285294e-05,-2.283490407600034e-06,8.311163694763943e-06,3.987757590701686e-06,-1.2490414013864906e-05,5.334369950258635e-06,-1.0909661318307426e-05,-1.010359502925785e-05,6.528913460528128e-06,7.665847165232071e-06,1.2325360926682287e-05,-1.3941735666261366e-05,5.373872207097405e-06,-1.1080634353213567e-05,2.6740619855701484e-05,-1.329667534037971e-05,-1.0829407866701592e-05,-7.953752334620439e-06,1.4809817502594772e-05,-6.977056180904902e-07,-9.832897120194713e-06,-1.2067493269392429e-05,2.615632167541138e-06,-1.612883751454334e-05,-8.386612746867412e-07,-2.612182887052377e-06,2.7693336734998196e-05,-1.1793538389703223e-06,4.202675454268536e-06,-2.889841406934492e-06,1.000046114384488e-06,1.2175272375557531e-06,2.87923118238599e-06,-2.9003169167864044e-06,1.2726492381907425e-06,1.6479633097926805e-06,3.4239756446301293e-07,-7.999920487697062e-06,-3.101884105375268e-06,-3.1205805207168193e-06,-2.959355094489843e-06,4.5768561465359145e-06,-2.7902154302777974e-06,3.5531000722361424e-06,-8.927879825258799e-06,-2.6026758963103337e-06,-3.096132788210345e-06,8.980531929017386e-07,-2.816988512565737e-06,-3.1520878668642956e-06,-1.9856666182997164e-06,1.2900077553495398e-06,-9.33116119510512e-09,-2.089239047985189e-06,-7.724145460000853e-06,-8.455281784558893e-07,-9.056614512299744e-06,-4.247872250095172e-09,-1.560855842328448e-06,2.704195689728426e-06,9.963564044966144e-06,movement,movement,no movement,no movement
4416.666666666658,0.0380685828505839,0.2898944148844122,-0.3109820872666665,0.0451046813666089,0.3085240164821921,-0.3063214519333333,0.0471063614181503,0.3088813106990211,-0.2959977391,0.0459864152747826,0.3088780973006086,-0.2985851385999999,0.0287602714122447,0.3174774055281603,-0.3307443418666666,0.0303897616900401,0.3158027488666164,-0.3443532476333334,0.0340955533353521,0.3066199129115427,-0.3231456619,0.0588143879865767,0.3229351503848444,-0.1936134607666666,-0.0429286250912735,0.2847393172501456,-0.2471460744666666,0.0518557631994401,0.290392631545827,-0.2537847499,0.0257023745417598,0.2628938809274385,-0.2977010451666667,0.1029136188609191,0.2302266513211243,-0.0387112081633333,-0.1158035918557871,0.2519352822520413,-0.0845273712566666,0.1405589387083612,0.080007418197626,-0.0500479162073333,-0.1265217191545908,0.0090602544826217,-0.1621435683866666,0.147032333289865,0.0319091902298741,-0.1331192673099999,-0.0436583711679939,0.0250903784620463,-0.2633713006333332,0.1365316026837373,0.0352271828633066,-0.1429041572466666,0.0019697786136392,0.0467351467311467,-0.3208869189999999,0.1242807426416136,0.0507035892596104,-0.1522203520466666,0.01786170364006,0.1069618285257666,-0.3184733982333333,0.1466293534214918,0.023542159660359,-0.13822923426,-0.033181277335049,0.0521585420611115,-0.283405602,0.0715343281453393,-0.1590052528514113,0.06246555711,-0.069431283784868,-0.1707242805097115,-0.0603627543999999,0.095453455926993,-0.4837201161966153,0.0697551706499999,-0.0146104361608006,-0.44612602635298,-0.08734243938,0.06468989263208,-0.7118630175882027,0.2746433775000001,-0.057821577154875,-0.7622563984980475,0.0650880971899999,0.0461171616202685,-0.7355720365596145,0.3015971218333333,-0.0595287697791308,-0.7894445023944591,0.0411832594876666,0.0905248190743886,-0.7690218176335586,0.2835182767333333,-0.015690052916135,-0.8229925708026736,-0.0430656837063333,nijmegen_nijmegen_rennen_g_ch1_g11_compr.mp4,ch1g11,8.971761199775603e-05,0.0002161641454922,0.0001372292200385,0.0001061085036504,0.0001142301510771,0.0002465374138303,0.00013657816743,2.051151715464184e-05,5.232225617170269e-05,4.7255701027876686e-05,0.0004819999325176,0.0001194116993444,0.0001462432498008,0.0001395537658075,4.608370098278333e-05,0.0001282835297424,7.035530045117609e-05,0.000552177502202,0.0001069635745736,0.0001441443422019,0.0003489014308307,0.0001377558554489,0.0001451847434595,0.0001140664226985,0.0001092374517213,1.836810793193503e-05,0.0001144312728803,0.0004291131688298,8.432492523294564e-05,0.0006067399613458,1.7638338440214685e-05,0.0001031737315322,0.000309806900179,0.0004942142971452,0.0001528856669022,0.0004885723514338,0.0004093511170285,0.0003958045698816,0.0003915122373379,0.0005109673683294,0.00048425402263,0.0004890171500999,-3.819685265094726e-05,0.0005605405731928,0.0002205165533101,0.0004191419091654,-0.0007388161332089,0.0008730624832177,-0.0007694233232549,0.0014992516001824,0.0070785878176227,-0.0035966145637673,0.0091034076355525,-0.0051946755520899,0.0100866272030153,-0.0058013135735948,0.0079955031649885,-0.0041274569278812,8.268821414933452e-06,-6.434796321513094e-07,0.0001026287956839,0.0008105067068152,-0.0009458141023556,0.0005833639701691,-0.0009165906037479,0.0006493526949199,-0.0004638684303127,0.0010301512298416,3.370771716825421e-08,2.3784548733531895e-05,-1.30481179748366e-05,1.0986709188824077e-05,1.5298898152906335e-05,2.2684960237041074e-05,-1.3325400898328252e-05,-4.879582923723093e-07,9.637117967202e-06,3.970282356675319e-06,-1.6913378951057873e-05,1.8003647981472293e-06,-1.4035014732285813e-05,-1.3035302049387058e-05,1.0589627970019136e-05,4.254721816703825e-06,1.573870837286248e-05,-1.8914925504478216e-05,2.321554084482626e-06,-1.416475109999023e-05,2.594315472075517e-05,-1.5962368858418253e-05,-1.4009182674314412e-05,-9.820813910970106e-06,1.5571406746979838e-05,-6.722676463428298e-07,-1.178619067295162e-05,-1.68892967862066e-05,1.7784198070337906e-06,-2.0281983267994943e-05,-8.018328567948838e-07,-4.275843080347114e-06,2.8417550408374378e-05,-1.3453354285873528e-06,2.2242688568513136e-06,-2.4001553061802022e-06,3.665090015726094e-07,1.0580339927671716e-06,1.2108770389838276e-06,-2.378251498874285e-06,1.5141622537982883e-06,1.059672513690564e-06,-6.775505645664734e-08,-6.811326982259482e-06,-3.0264841928881636e-06,-2.6387941781732253e-06,-2.465201698657391e-06,3.661378545623579e-06,-2.84368265407669e-06,3.021345543041225e-06,-7.791376362067066e-06,-2.600182314294729e-06,-2.5844082502037786e-06,-7.40717123383065e-07,-2.1333016639133876e-06,-2.6954487209523032e-06,-1.6450158834945671e-06,1.0441227608576495e-06,6.353888384996712e-08,-1.6739133570094697e-06,-6.711086912381473e-06,-1.1859971735318918e-06,-7.351545093783359e-06,7.829609214491482e-08,-1.748240908823077e-06,6.784422657789537e-07,7.970325037015927e-06,movement,movement,no movement,no movement
4433.333333333325,0.0402421939052608,0.2902621434772525,-0.3094486822999999,0.0472682187227065,0.3088415637698564,-0.3045799363666666,0.0493260385921133,0.3091825237453501,-0.2942774089666666,0.0481675089832301,0.3091821514964141,-0.2968933829333333,0.0310583972366891,0.3179090290946545,-0.3293427555333333,0.0327100005898386,0.3161946290389162,-0.3429413288333334,0.0363809360947241,0.3070101469752417,-0.3217644851666666,0.0602460188302306,0.3228917937815805,-0.1917430446333333,-0.0413630739273113,0.2852856179299421,-0.2463044257333333,0.0536810504774563,0.2905435207285258,-0.2520157346999999,0.0275044298763555,0.2632270233162553,-0.2963685157999999,0.1033768940261849,0.2294925398268086,-0.0369299404933333,-0.1147465696678334,0.2528596300751803,-0.08367638407,0.1406297287795455,0.079218629054079,-0.0520484039106666,-0.1275117953029393,0.0105715320002635,-0.1589843257633333,0.1460982689382255,0.0387210023699972,-0.1383253233833333,-0.044288694085843,0.0212536168253912,-0.2566753081333333,0.1352181582288069,0.0439809584449956,-0.1486229466233333,0.0016362486484763,0.0412959912611066,-0.3134040863333333,0.1236281447163951,0.0603604348197002,-0.1572788857566666,0.0183548670725693,0.1008498534161234,-0.3110750849666666,0.1459443018458954,0.0312062361731079,-0.1432481889866666,-0.0334433409919831,0.0477811797736978,-0.279929489,0.071243308782212,-0.1590306705202294,0.0630749398466666,-0.0691266754686695,-0.1706904764418243,-0.06106027192,0.0953074730979483,-0.4837713970984702,0.0690860562366666,-0.0146929394552831,-0.4453588537733621,-0.0885821377633333,0.063172066808535,-0.7132837292236306,0.2721183842,-0.0594646787996623,-0.7616624877068167,0.0627946640633333,0.0444669861374282,-0.7369799053443883,0.2988448177666666,-0.0613660405286436,-0.7887795097589148,0.0388098566109999,0.0896431866606234,-0.7698164701880492,0.2807759494666667,-0.0174119697298217,-0.8219328453290828,-0.045779953533,nijmegen_nijmegen_rennen_g_ch1_g11_compr.mp4,ch1g11,8.833406073703748e-05,0.0002408295591206,0.0001219788832779,0.0001167239018209,0.0001292942718327,0.0002697343519545,0.0001210522920029,2.0490000091652816e-05,6.221664627936585e-05,5.051221904874156e-05,0.0004652829221028,0.0001166031307554,0.0001299008908859,0.0001242332606406,5.8088041124537786e-05,0.0001267392668767,8.685321721706708e-05,0.0005337347151497,0.000104919024381,0.0001276988979441,0.0003745688057921,0.0001193478625394,0.0001289306050092,0.0001023937606703,0.0001242837856006,1.7703652255320118e-05,0.0001008229025376,0.0004118870536166,8.551237646037126e-05,0.0005868056582372,1.6834964879687127e-05,9.821799817212004e-05,0.0003382133627572,0.0004946195621497,0.0001626482740157,0.0003370655974065,0.0002806719529115,0.0002675410668605,0.0002667755579802,0.0003945573963728,0.0003603275751256,0.0003613635016669,-7.550136457107984e-05,0.0005529855233625,0.0001113622338005,0.0003068046444308,-0.0008233819151207,0.000954029875452,-0.0009415280693478,0.0015115081115821,0.0067963402731617,-0.0039755545082294,0.0087962942070478,-0.005654282937435,0.0097558112527665,-0.0063009932365265,0.0077212103304517,-0.0045296090274313,-4.361014706032311e-05,5.0168737582838635e-05,-7.830192625081008e-05,0.0008030808431089,-0.0013923208806767,0.0005278505267019,-0.0013781788058771,0.000587712763159,-0.0009411650639412,0.0009556068541317,-1.2640124522143454e-06,2.4247993528513268e-05,-1.5236068134719872e-05,1.1222870876559191e-05,1.572380203248978e-05,2.2308186409130255e-05,-1.5468864272855342e-05,1.5267723619474796e-06,1.0411897623766271e-05,3.615371570228173e-06,-2.096977998468403e-05,-1.2951477084528263e-06,-1.6497233431923647e-05,-1.528156142459396e-05,1.3633844966477388e-05,1.3035093634912989e-06,1.8291544243514006e-05,-2.382148815933653e-05,-3.9596816045405425e-07,-1.6561301662458677e-05,2.3539388186861317e-05,-1.7833739807787385e-05,-1.6552236326883823e-05,-1.1272476163341564e-05,1.595721269622275e-05,-5.769948249409827e-07,-1.3267434066816575e-05,-2.1479116897185083e-05,5.978714458764486e-07,-2.3768455725395867e-05,-6.846337503258723e-07,-5.989258314853465e-06,2.722625098227664e-05,-1.3649582167195751e-06,2.7262969384201197e-07,-1.5275190756674186e-06,-4.9413054824482135e-08,6.361878979120212e-07,-4.3122528532093626e-07,-1.4757129730342418e-06,1.572959245848389e-06,3.466608586743437e-07,-2.954297813112713e-07,-6.330788951337665e-06,-2.5394749806392256e-06,-1.7354716196073836e-06,-1.581187367090166e-06,2.4099977404288757e-06,-2.315599160311118e-06,2.087217295556367e-06,-7.460433038604462e-06,-2.1954469598024277e-06,-1.6531769270292944e-06,-2.31115735782013e-06,-1.0810073021664053e-06,-1.805215653899212e-06,-1.0458114878076735e-06,5.654336695278745e-07,1.203078499710215e-07,-9.797591042914456e-07,-6.174346960405175e-06,-1.465024085997097e-06,-6.76691187238702e-06,1.445115734979697e-07,-1.7221633792975858e-06,-1.2354910226288465e-06,6.6338087171916845e-06,movement,movement,no movement,no movement
4449.999999999992,0.0419772083940067,0.2904558333339115,-0.3081785937333333,0.0490508592078831,0.3089930377968105,-0.3031430343,0.0511654308738975,0.3093181359466007,-0.2928528390666666,0.049967705319785,0.3093189982860196,-0.2954953619666667,0.0329493091904451,0.3181835325410701,-0.3281559875333333,0.0346243656460759,0.3164278993497354,-0.3417435606000001,0.0382587110468769,0.3072421399190426,-0.3205967387666666,0.0616531720790329,0.3227711298095461,-0.1901638399333333,-0.0399193514583657,0.2857779973612869,-0.2454870419333333,0.0552138887230676,0.2905448112688314,-0.2505312944333333,0.0289842122977479,0.2634249519060138,-0.2952015343333333,0.1039595813145332,0.2286705727506229,-0.03537158972,-0.1137531881566125,0.2537870561393539,-0.0828055148866666,0.1408281297849359,0.0782761477726057,-0.0540297724306666,-0.1288207697880062,0.012037776372156,-0.1556951780399999,0.1451776919065011,0.0454067200781455,-0.14344902148,-0.0453701840756758,0.0170706653904799,-0.2505866330666666,0.1338950663982309,0.0525922528618284,-0.1542397225266667,0.0008038091843026,0.0354087071999874,-0.3066674089333333,0.1229641867500686,0.0698007385340531,-0.1622569161766666,0.0184489687783831,0.0943424944263374,-0.3044184943666666,0.1452629745823785,0.038759613350285,-0.1481764054666666,-0.0341088439253362,0.0430440276080852,-0.274649113,0.0709702454771473,-0.1591009112918364,0.0635721915966666,-0.0688386719681609,-0.1706146697506594,-0.0616489572533333,0.0950711610115218,-0.4839659519733928,0.0680055376466666,-0.014848433237739,-0.4445477040375021,-0.08990808357,0.0616641501914622,-0.7147426830784316,0.2694636852333333,-0.0610579166265497,-0.7609535030571083,0.0605464397066666,0.0428448002045336,-0.7384097627210917,0.2960041165333332,-0.0631420407962052,-0.7879935881942699,0.0364794143409999,0.0885616845276155,-0.7708297740458627,0.2778472916333333,-0.0191913021625105,-0.8207941136849705,-0.048411574503,nijmegen_nijmegen_rennen_g_ch1_g11_compr.mp4,ch1g11,8.60480548745685e-05,0.0002633463769821,0.0001050298555546,0.0001277269944732,0.0001454018499469,0.0002906332414981,0.000103894802536,2.2510418355131373e-05,7.21897165013108e-05,5.286319556274573e-05,0.0004440068019427,0.0001129773733748,0.0001115587378658,0.0001071965596982,7.06498549832106e-05,0.0001231811154899,0.0001054547989004,0.0005093188378344,0.000101886836494,0.0001093063284302,0.0003960669569162,0.00010002965202,0.0001104958592328,8.994216069266274e-05,0.0001404626012005,1.7127510234706784e-05,8.639334056486053e-05,0.0003902589266273,8.631970234887159e-05,0.0005638991768463,1.6171291731860953e-05,9.133531236270674e-05,0.0003626904941188,0.0004929086438766,0.0001735242628187,0.00018524230215,0.0001471311687376,0.0001330438661924,0.0001367386950033,0.0002677935445207,0.0002269094048322,0.0002249001190923,-0.0001203426839399,0.0005166457648711,-1.595140624617376e-07,0.0001886468160628,-0.000909529172683,0.0010255131751418,-0.0011410424712007,0.0015543634125782,0.0064368086259502,-0.0042420244556645,0.008388202880323,-0.0059783357073421,0.009374256479295,-0.0066247874723511,0.0073705366904823,-0.0048079325611133,-9.399660353984966e-05,9.980596703490691e-05,-0.0002393473098784,0.000801310876749,-0.0018174514352463,0.0004628015550113,-0.0018171454505401,0.0005180657687813,-0.0013835172475929,0.0008833111211499,-2.544169524153092e-06,2.2891649674501813e-05,-1.631913374902543e-05,1.1072440539145475e-05,1.6099016410868496e-05,2.050154877341132e-05,-1.64789265582885e-05,3.2325925510666458e-06,1.0513664117351211e-05,3.1329347856884133e-06,-2.627534119867519e-05,-3.6057189736089063e-06,-1.779908588577752e-05,-1.6405206549469622e-05,1.539119374456187e-05,-8.736041994211297e-07,1.9667729933383295e-05,-3.0416337933783338e-05,-2.423050607450305e-06,-1.777121463852932e-05,2.005487233228981e-05,-1.8456307940289537e-05,-1.794378159872258e-05,-1.203628223232959e-05,1.6199761367970903e-05,-4.266483008275711e-07,-1.3964182719212926e-05,-2.693806290052633e-05,-9.136053130719404e-07,-2.8981271133966294e-05,-5.01455131415517e-07,-7.61627422693186e-06,2.4519854030135545e-05,-1.2630750999605127e-06,-1.5254565030479983e-06,-3.785271784329314e-07,-2.715562902248647e-07,-6.737017826286468e-08,-1.9753426801632938e-06,-3.03658397101458e-07,1.4261541216586716e-06,-4.200160158258846e-07,-3.6515203303719097e-07,-6.369078401358356e-06,-1.881154726771797e-06,-5.151141503116655e-07,-4.186296404641751e-07,9.861156616298375e-07,-1.48927218590402e-06,8.215608781716189e-07,-7.638088290038787e-06,-1.6139778649041004e-06,-4.098496528771688e-07,-3.7995721034938106e-06,2.1021255082665377e-07,-5.795715725991844e-07,-2.681254233172812e-07,-1.748322162014997e-07,1.5436332863311617e-07,-8.41517934098169e-08,-5.957127210763955e-06,-1.6361830019458255e-06,-7.1181436759890836e-06,1.860573502217803e-07,-1.4532232819949651e-06,-2.9821400247664485e-06,6.2338229895296275e-06,movement,movement,no movement,no movement
4466.666666666659,0.0435091413613574,0.2905063604862144,-0.3069881669666667,0.0506524553235907,0.3090216733203128,-0.3018247852,0.0528223741786312,0.3093324734820916,-0.2915428919,0.0515901003272239,0.3093371053701622,-0.2942149578333333,0.0346455145085875,0.3183267200730687,-0.3270282477666666,0.0363402269259485,0.3165295986207077,-0.3406004547666668,0.0399416140345153,0.3073418754035809,-0.3194880744666666,0.0630616646369219,0.3226133667115217,-0.1887662928,-0.03854317099739,0.2862213214030929,-0.2446461704,0.0566337109655075,0.2904393819138363,-0.2491528699666666,0.030339865239035,0.2634969555490503,-0.2940436286666666,0.1048549878668612,0.2277009744639161,-0.03413319395,-0.1127847302015935,0.2547887483932168,-0.0816319356933333,0.1413156429431133,0.0769757099921063,-0.0560684299673333,-0.1305709374182507,0.0135336320298039,-0.1515829348699999,0.1444103962933488,0.0516448925205377,-0.14850091297,-0.0468186160197652,0.0125974322523553,-0.2439404181,0.1326906858828883,0.0607997468663687,-0.1597115381833334,-0.0003371133073239,0.0291271746745951,-0.2994286821,0.1223698631958287,0.0790014025757434,-0.1670909838766666,0.0183360203732324,0.0874491681095442,-0.2974151974666666,0.1447042318567953,0.0459619801400053,-0.1530144995833333,-0.0350685069793525,0.037999467333188,-0.252594918,0.0707401910530282,-0.1592247663690486,0.0639430329466666,-0.0685915024167347,-0.1704880662149224,-0.06211980998,0.0947992246715385,-0.4843922907317672,0.0665943769466666,-0.0151473770734441,-0.4437545296805265,-0.09124924669,0.0601862636850752,-0.7168978247421338,0.2660803144999999,-0.0626472399903379,-0.7605697233519553,0.05819951634,0.0412659962990716,-0.740571776864038,0.2923766429333332,-0.0649053496285917,-0.7875657156454502,0.0340392941876666,0.0873566690183889,-0.7726397862642947,0.2737675156333333,-0.0210918687413626,-0.8200324456615833,-0.0511939706696666,nijmegen_nijmegen_rennen_g_ch1_g11_compr.mp4,ch1g11,8.300575674645198e-05,0.0002810154973668,8.795430325000535e-05,0.0001391302465024,0.0001628036471368,0.0003058479443338,8.668123315876044e-05,2.6156092217548832e-05,8.154638900284129e-05,5.456659009674454e-05,0.0004169205127187,0.0001091902980793,9.2813168657595e-05,8.998888501143124e-05,8.546383493397174e-05,0.0001231623280924,0.0001262673753985,0.0004784965565158,9.914669176145918e-05,9.060015639800756e-05,0.0004093153384025,8.122956429267571e-05,9.152252211765642e-05,7.760589498768569e-05,0.0001578828230761,1.6735800681190757e-05,7.223488651405689e-05,0.0003627539337122,8.583931534934649e-05,0.0005348026065593,1.5738934958023743e-05,8.310655860280544e-05,0.000380031022582,0.0004870538150528,0.0001864324336314,2.651804463584928e-05,1.7676251012822758e-06,-1.4591199584231286e-05,-6.104365297539308e-06,0.0001241304625139,7.788049375567913e-05,7.385694224465981e-05,-0.0001827332581181,0.0004438346101108,-0.0001195570762404,5.9655340116947936e-05,-0.0010001528948488,0.0010718199229603,-0.0013544455371007,0.0015611388344826,0.0059858549789112,-0.0044256663817779,0.0078612149607862,-0.0062008740389004,0.0088869080675242,-0.0068216488489837,0.0069195787719807,-0.0049930533389761,-0.0001403344232529,0.0001457816265593,-0.0003860326228381,0.000810427252298,-0.0022220367910175,0.0004058887236483,-0.0022397753526341,0.0004576800726715,-0.0018247165082868,0.0008243855432393,-3.733856887429448e-06,2.0074548410149413e-05,-1.62280413134235e-05,1.0688881675419236e-05,1.5846438804201278e-05,1.7465392978245126e-05,-1.6297102091548082e-05,4.4588893123039645e-06,9.719797765750656e-06,2.776261298439538e-06,-3.325553927298892e-05,-4.762538704962627e-06,-1.7831175422255768e-05,-1.6337324946610265e-05,1.5520730186588237e-05,-1.7264374219177195e-06,1.9499984520759013e-05,-3.905097028819639e-05,-3.392565436739534e-06,-1.7695028259416802e-05,1.5479151852070877e-05,-1.7762569209102443e-05,-1.805372891995562e-05,-1.2065340390235308e-05,1.5776257613316763e-05,-2.4918991176938344e-07,-1.3803570777218172e-05,-3.32966871990231e-05,-2.6138602598591976e-06,-3.704879059132156e-05,-2.849147621026194e-07,-8.995622988524488e-06,2.047737739281317e-05,-1.0525294205854574e-06,-3.0384968831872667e-06,9.11127402966392e-07,-3.545521198694838e-07,-1.147122647081426e-06,-3.303084897419587e-06,1.0000171019073854e-06,1.0738423871804565e-06,-1.1741096835269153e-06,-3.2775265567776554e-07,-6.47722303367934e-06,-1.21394016468062e-06,8.82353548762102e-07,8.846787438959229e-07,-5.537752740990734e-07,-7.354694296637133e-07,-8.135428412771778e-07,-7.800795021630636e-06,-1.0291251685198758e-06,1.0004933058080215e-06,-5.109601612713559e-06,1.6084850565562649e-06,8.3972717355783e-07,6.128038436837506e-07,-1.2607162775446942e-06,1.5864833404032414e-07,9.277270319313336e-07,-5.670671283015556e-06,-1.6394003124892123e-06,-7.75482238541699e-06,1.955320207288874e-07,-9.67045829699113e-07,-4.482003749985263e-06,6.466942892052123e-06,movement,movement,no movement,no movement
4483.333333333326,0.0448065747485597,0.2905048115064441,-0.3065828832,0.0520387874463619,0.3090084814741988,-0.3013535449333334,0.0542593250431272,0.3093037836084218,-0.2910745593333334,0.0529961480168467,0.3093154295402476,-0.2937773137333333,0.0361062725569632,0.3184239979247843,-0.3266907901333333,0.0378220297789111,0.3165839955988256,-0.3402557124333334,0.0413916925760257,0.3073935332768712,-0.3191676696999999,0.0644095512320302,0.3224413757173177,-0.1882770871666667,-0.037248775306771,0.2866482503081781,-0.2444212845666666,0.0578917269435284,0.2903030668334648,-0.2485544726,0.0315329184448847,0.2635257013746708,-0.2936170084333332,0.1058990081028832,0.2266911801135062,-0.0335685438766666,-0.1118379456185799,0.2558908938410437,-0.0807567259233333,0.1419221649339801,0.0756074965310575,-0.0586880464173333,-0.1325981747452173,0.0150945522115318,-0.1478743798133332,0.1437600288238814,0.0576082351945744,-0.15377989319,-0.0486204493416599,0.0080457761033303,-0.2376458701,0.1315854358750686,0.0686379370069573,-0.1655048706066667,-0.0018527888609465,0.0227903422899758,-0.2928509514,0.1218604577460437,0.0879560524351271,-0.1722957724833333,0.0179659089508537,0.0805455388458285,-0.2913256914,0.1442559761172556,0.0529122787712013,-0.1581085634866666,-0.0363334489168507,0.0328925939838173,-0.230818376,0.0705388723467241,-0.1593869883887737,0.06427739079,-0.0683730758021954,-0.1703211618220905,-0.0625556947733333,0.094490152557866,-0.4848223472293855,0.0652204909999999,-0.0156253423819584,-0.4429587616496079,-0.09259398522,0.0587397742292241,-0.7192782366923736,0.2629045124666666,-0.0642526232513922,-0.7603277171907065,0.0558167875033333,0.039722858260394,-0.7429910275322613,0.2889502217333333,-0.0666608995824241,-0.7872833784288222,0.0315418107376666,0.0862024609625116,-0.7746374703563453,0.2697964187666666,-0.0230060741489544,-0.8193610595628786,-0.0541849843963333,nijmegen_nijmegen_rennen_g_ch1_g11_compr.mp4,ch1g11,7.932022674180463e-05,0.00029482147484,7.261417606743031e-05,0.0001493191371067,0.0001796885847599,0.0003171981500452,7.132481677356473e-05,3.2001911066101814e-05,9.049433676434126e-05,5.6781540044013005e-05,0.0003842703461672,0.0001052109343936,7.571390617171182e-05,7.452942206213613e-05,0.0001017900221914,0.0001227205338407,0.0001468157972581,0.0004403985832292,9.646788802301628e-05,7.36936023046505e-05,0.0004178534474247,6.492918356709967e-05,7.405286843357046e-05,6.6543748062358e-05,0.0001746466757117,1.6608447560952008e-05,5.958579055381421e-05,0.000328768768833,8.339280086433717e-05,0.0005001583279858,1.5607208799002836e-05,7.393549234926898e-05,0.0003932905651204,0.0004771436038666,0.0001995182065797,-0.0001227935837512,-0.0001390613396406,-0.0001572133140279,-0.0001443301053294,-1.715367147179589e-05,-6.744844974835307e-05,-7.327789773452254e-05,-0.0002545159803065,0.0003447124872874,-0.0002361073261439,-6.780289478161408e-05,-0.0010989789350034,0.0010953766728071,-0.0015902209145832,0.0015461149847086,0.0053947356672991,-0.0045736901977724,0.0071600225680948,-0.0063788365816562,0.0082283514632474,-0.0069555556756382,0.0063239599145329,-0.0051312722911761,-0.0001820853385599,0.0001876218645409,-0.0005028336473637,0.0008267415161489,-0.0025817695384625,0.0003190072172033,-0.0026182074844973,0.0003625736027,-0.0022128428619838,0.000740040712133,-4.6598370376930596e-06,1.6425461681492843e-05,-1.476673205631388e-05,9.923684319045496e-06,1.4693647187850628e-05,1.372701659049497e-05,-1.4743371294078985e-05,5.235410535376215e-06,8.23328255766098e-06,2.5898003274046465e-06,-4.1648768632069584e-05,-5.005749157096342e-06,-1.6367068266473506e-05,-1.4887032648594962e-05,1.4456106356191884e-05,-1.328590444596311e-06,1.806952229364374e-05,-4.9076333846122184e-05,-3.5384721213528736e-06,-1.6110840002856684e-05,1.0212363477135227e-05,-1.5594285903645526e-05,-1.6634458899613042e-05,-1.1164250707304118e-05,1.4470036570006582e-05,-8.503223259142856e-08,-1.2579138335566168e-05,-4.03310243632449e-05,-4.3588828218523e-06,-4.7596975740562034e-05,-8.006278082069921e-08,-9.854192063319422e-06,1.5636325088586243e-05,-7.438350877745279e-07,-4.302130634521176e-06,2.168893378239021e-06,-3.67297877135551e-07,-2.503264461065388e-06,-4.479276660276337e-06,2.260321491139863e-06,5.345592380511363e-07,-1.8647196447029044e-06,-2.6377469112622666e-07,-6.1741613997803405e-06,-6.532979663257661e-07,2.26636476424029e-06,2.1521437258439195e-06,-2.039216041003931e-06,-9.952301495824352e-08,-2.6173441655281013e-06,-7.35031486002815e-06,-5.486734347813283e-07,2.3819945003828735e-06,-6.359107349915456e-06,2.9285293710285276e-06,2.2597814638478954e-06,1.4913794501699036e-06,-2.5927419743569102e-06,1.2799767033264328e-07,1.9341980464987016e-06,-4.921743918672019e-06,-1.4367638371953029e-06,-7.994530849555631e-06,1.680443471798274e-07,-3.061979574012773e-07,-5.863715401106833e-06,6.857492325180292e-06,movement,movement,no movement,no movement
4499.999999999993,0.0456810179356631,0.2903553967653542,-0.3068557323999999,0.0530760235635872,0.3088364147543041,-0.3016397346666666,0.0553439149229257,0.3091139521993923,-0.2913602404333334,0.0540525351832995,0.3091382385495924,-0.2940966615333333,0.0371802289206878,0.3183702857090648,-0.3270262252,0.0389162887258162,0.3164841564126214,-0.3405976732333334,0.0424506818360024,0.3072911426430482,-0.3195231229999999,0.0657198420654472,0.3221280687921533,-0.1885526831333333,-0.0360823068003944,0.2869754025518451,-0.2446246556333333,0.0588446714358756,0.2900399933542872,-0.2486481889666666,0.032370297926676,0.2634312647000486,-0.2937858514999999,0.1070338851933566,0.2255326483830609,-0.03378255299,-0.1110477301145426,0.257020883034274,-0.0799124572966666,0.1426298561159853,0.0739476635186458,-0.0622807909939999,-0.1347503381964957,0.0166534048775429,-0.1441776284699999,0.1431193379487978,0.0628300873172465,-0.16026378276,-0.0505155843641785,0.0035539404052741,-0.2324248340333333,0.1304917789402226,0.0755751689244622,-0.17268114753,-0.003438167181381,0.0165226592256292,-0.2874131615333333,0.1213386884616884,0.096071322573562,-0.1789224013333333,0.0174715170664769,0.0737579381587235,-0.2863202830999999,0.1438046055442159,0.0590914490530004,-0.16444952422,-0.0376939656430174,0.0278636988190534,-0.230420843,0.0703847830963172,-0.1595799293898813,0.0645244471266666,-0.0682005249377483,-0.1701229271892459,-0.06290740862,0.0941649585220081,-0.4852908220044651,0.06374901791,-0.0162051501746884,-0.4421451361918198,-0.0939007581899999,0.0574507634443782,-0.7219102400137422,0.2598711103999999,-0.0657718983713086,-0.7601179416453068,0.0531677966666666,0.0383307820904728,-0.7456880287103805,0.2856886401666666,-0.0682909113677504,-0.7870390759730017,0.0287151186587,0.0851459480533011,-0.7769568301394247,0.2659571797666666,-0.024883158994828,-0.8187005838460211,-0.057712788863,nijmegen_nijmegen_rennen_g_ch1_g11_compr.mp4,ch1g11,7.50978846204628e-05,0.0003074393153344,5.8977014334541354e-05,0.0001598634225386,0.0001936487588045,0.00032733256686,5.7780362317601694e-05,3.874202885843833e-05,9.816610846686736e-05,5.997634455516224e-05,0.0003450290714221,0.0001005088456435,6.033032666146567e-05,6.079100308784193e-05,0.0001157727363622,0.0001231468791464,0.00016521565396,0.0003929322405404,9.344018255566338e-05,5.8653508150004214e-05,0.0004233771115537,5.087427360937105e-05,5.827422127108119e-05,5.639696046873771e-05,0.0001883408100449,1.6644389775903402e-05,4.79819261348317e-05,0.0002898430742106,7.855219879387729e-05,0.0004567725244957,1.5686577976863064e-05,6.365973415237356e-05,0.0004044381278434,0.0004663556375039,0.000210245876165,-0.0002651861285455,-0.0002784450363788,-0.000299913744945,-0.0002824425323004,-0.0001630047347125,-0.0002148667444447,-0.0002206785237402,-0.0003369272088468,0.0002230571427957,-0.0003525381883851,-0.0001935880562667,-0.0011860804566365,0.0010952209624057,-0.0017965903820319,0.0014860141899019,0.0046728684573606,-0.0047037054356741,0.0062886362361948,-0.0065106854295002,0.0073814881239654,-0.0070189689651507,0.0055722356601645,-0.0052411350534086,-0.0002157275045982,0.0002217047993456,-0.0005860215362503,0.0008406740700929,-0.0028662869970489,0.0002108842410888,-0.0029220325739281,0.0002445914547397,-0.0025245473114745,0.0006413415498204,-5.32676554425266e-06,1.231629610833362e-05,-1.1816050339315654e-05,9.230181079054168e-06,1.2320420458942762e-05,9.49606276567358e-06,-1.1705653375289869e-05,5.458818866859107e-06,6.017101957634611e-06,2.5284306509916865e-06,-4.954234498747378e-05,-4.681409376528629e-06,-1.322548688585956e-05,-1.194549171661488e-05,1.1997039247388577e-05,-2.408482569953721e-07,1.5191961352553755e-05,-5.821980162064436e-05,-3.1966052674716243e-06,-1.2846865194945509e-05,4.276945810547974e-06,-1.1766577663308224e-05,-1.3490497744427436e-05,-9.130571323283912e-06,1.2013557864294092e-05,5.418207545522017e-08,-9.997472566248116e-06,-4.638156479962239e-05,-5.7768187313206475e-06,-5.825710330131911e-05,9.758990048831368e-08,-9.913908397171396e-06,1.0159768371489042e-05,-3.6469375173303514e-07,-5.39177835708636e-06,3.2946125416445296e-06,-4.536133148358391e-07,-3.9288166600296684e-06,-5.560595042076788e-06,3.376138552455002e-06,-7.826355197990529e-08,-2.4323436938396493e-06,-2.3869067776495185e-07,-4.94810011162952e-06,-2.321356641589138e-07,3.5252618331062597e-06,3.2815676230256164e-06,-3.230891872208e-06,2.838836339292259e-07,-4.3550748930489495e-06,-5.697478258959645e-06,-2.0816995716788698e-07,3.6209407015057647e-06,-7.521176102991436e-06,4.077975748110128e-06,3.5599248716128894e-06,2.3191702403918982e-06,-3.965195509770725e-06,7.125449638624052e-08,2.883820069920778e-06,-3.406520518477246e-06,-1.004962522522507e-06,-7.052102554409571e-06,1.1171459010944093e-07,4.961734217178611e-07,-7.161843913728653e-06,7.163803684080647e-06,movement,movement,no movement,no movement
4516.66666666666,0.0463433085780438,0.2899732648258193,-0.3072931987,0.0538648038061897,0.3084451979688795,-0.3021723001666667,0.0561742352387237,0.3087017196845111,-0.2918901903000001,0.0548671930236217,0.3087479781669354,-0.2946634659666666,0.0380156177671177,0.3180993921853011,-0.3276078473,0.0397701764517769,0.3161570946973328,-0.3411882748000001,0.0432723363175319,0.3069558010332564,-0.3201253265999999,0.0669060592298633,0.3217320449166959,-0.1892001927,-0.0350488267188445,0.2871557573684786,-0.2451289089333333,0.0596072860635349,0.2895955384534091,-0.2489318643666666,0.0330437279888886,0.2631390148745394,-0.2941312713333333,0.1082021369596559,0.2242799269011877,-0.0344055611033333,-0.1103218026010456,0.2581338556816798,-0.07922572412,0.1434212534876104,0.0720652771204926,-0.0662408680403333,-0.1369681118552673,0.0181292801929927,-0.1405757158266666,0.1425058863115902,0.0671378331988283,-0.1668175569,-0.0524841185255151,-0.0010770609952453,-0.2275564111,0.1294554959807725,0.0814234245943511,-0.1798798389066667,-0.0051154940600202,0.0100997801144565,-0.2822855845333333,0.1208236821553509,0.1030230858423478,-0.1855873219233333,0.0168579974252794,0.0667759648685987,-0.2816627324333333,0.1433670679725166,0.0642951006633713,-0.1708642658,-0.0391547328464136,0.0226907997927188,-0.225111738,0.0702627328939898,-0.1598162347311428,0.06470283576,-0.0680580526186027,-0.1698791715234498,-0.0631985090133333,0.0937709832998873,-0.4859365231751363,0.0623031732633333,-0.0168126550226038,-0.4413410185888206,-0.0952504095033333,0.0561923867640701,-0.7249625450271288,0.2559512402666666,-0.0672797733337282,-0.7599641532346757,0.0504052963433333,0.0369596554079802,-0.7487942138229561,0.2814162845333333,-0.0699065804863556,-0.7868555063218741,0.0257443914660333,0.0839472261967978,-0.7797588606409463,0.2609511078333333,-0.0267497292888037,-0.8181290385905383,-0.0613252647963333,nijmegen_nijmegen_rennen_g_ch1_g11_compr.mp4,ch1g11,6.966836687275471e-05,0.00031856591653,4.850660803088642e-05,0.0001693287024815,0.0002024081985427,0.0003352633269806,4.749242445118652e-05,4.53174891527169e-05,0.0001036041917737,6.359514854658086e-05,0.0002942016622825,9.653983937009604e-05,4.8454603279538874e-05,5.02549150298458e-05,0.0001266899683447,0.0001230802875222,0.0001775498203353,0.0003321155943873,9.107310697929164e-05,4.72073358135965e-05,0.0004250018521606,4.080853800700134e-05,4.609221471148383e-05,4.8114320210372656e-05,0.0001966871322871,1.6796572786371905e-05,3.888365115773076e-05,0.0002425032629876,7.16393782721724e-05,0.0003966022613565,1.5913628399305595e-05,5.315327227758422e-05,0.0004131198269373,0.0004527854163923,0.0002167490226556,-0.0003996690509807,-0.0004115409849634,-0.0004352929390403,-0.0004140831082124,-0.0003053190989794,-0.0003583691848831,-0.0003639387013339,-0.0004239861672987,8.087840437235999e-05,-0.0004635753787886,-0.0003166972395974,-0.0012446121457974,0.0010509899473639,-0.0019124584184842,0.0013529574697168,0.0039488211697144,-0.0048107796263045,0.005386917725778,-0.00660071417177,0.0064815516607893,-0.0070289713487775,0.0048039173729518,-0.0053170148998889,-0.0002414871892103,0.0002479304530162,-0.0006280492118054,0.0008440236841806,-0.003031231603686,0.0001024711016745,-0.0031018755405498,0.0001257303931225,-0.0027203884582521,0.0005291545730283,-5.536547378781991e-06,7.41185745896894e-06,-7.845111456209806e-06,8.811689804124422e-06,7.92320623562019e-06,4.386065930960319e-06,-7.656855869876626e-06,4.9422223588091205e-06,3.3165411966580703e-06,2.541691737484564e-06,-5.479439543162941e-05,-4.481042314771472e-06,-8.930940059325067e-06,-7.979440025020995e-06,8.347321402562787e-06,8.387600324193209e-07,1.0256764801150504e-05,-6.405586874944868e-05,-2.969289540424697e-06,-8.459344799813092e-06,-2.8756577531366237e-06,-6.9641775507389095e-06,-9.139425959325871e-06,-6.315641401543786e-06,7.627739902393035e-06,9.57126955738003e-08,-6.541122096116294e-06,-4.966686101295056e-05,-6.7098908355369696e-06,-6.616279381511644e-05,1.774760712121707e-07,-9.100913382445642e-06,3.5381372117015267e-06,6.017640517164975e-08,-6.286266049932684e-06,4.1273462051340625e-06,-6.270466186443244e-07,-5.208666843254152e-06,-6.48319779129518e-06,4.188508310010045e-06,-6.676785916151941e-07,-2.827455027405102e-06,-2.556310558937487e-07,-2.313791822159049e-06,1.2144138883677709e-08,4.477050470494213e-06,4.113254212292673e-06,-4.018223469690218e-06,4.084683873515924e-07,-5.773327503604941e-06,-2.3996734207482285e-06,-3.3723639312672365e-08,4.537439547593428e-06,-8.48079276093055e-06,4.880630422384507e-06,4.548898313403093e-06,2.979774780014933e-06,-5.171872277705812e-06,-2.589279291130371e-09,3.63246489788512e-06,-7.947820598862798e-07,-3.723268895751301e-07,-4.184240228238437e-06,3.6127251253495256e-08,1.3495387847355569e-06,-8.309837898132374e-06,7.529151790711615e-06,movement,movement,no movement,no movement
4533.333333333327,0.0467146913193275,0.2895983032972388,-0.3086381526666666,0.0543746032753563,0.3080573112358851,-0.3036254058,0.0567207118468085,0.3082915876047568,-0.2933342826666667,0.0553962112643128,0.3083595169460438,-0.2961434602333333,0.0385581265837631,0.3178101380537484,-0.3291159620333333,0.0403305272049418,0.3158152576073492,-0.3427243546,0.0438005799633935,0.3066080906454595,-0.3216525495999999,0.067906638528726,0.3213191572447917,-0.1907595589666666,-0.0342454827716984,0.2872380837045604,-0.2466600295666666,0.0600983497402942,0.2891504214636525,-0.2501506869666667,0.0334425843606018,0.2628448471343586,-0.2954417698666666,0.1093727177466187,0.2230353190321317,-0.0359512405466666,-0.1098080724741971,0.2592015573461201,-0.0793526241466666,0.144268370496178,0.0700960297927194,-0.0708283049766666,-0.1395608306381482,0.0194921964735259,-0.1378684807933333,0.1419958524932288,0.0708063741079717,-0.1741695990833333,-0.0548855540318566,-0.0057209435511355,-0.224127187,0.1284952187201545,0.0864802470734242,-0.18791493381,-0.0072452436201956,0.0036885296468956,-0.2787449573666666,0.1203617016453172,0.10916390882226,-0.1931699084333333,0.015856022648034,0.0599276976022585,-0.2785954585333333,0.1430078793430445,0.0687785959857929,-0.1781371556533333,-0.0410284710586373,0.017533615890823,-0.227003396,0.0701701283143517,-0.1600624916435615,0.0648074810299999,-0.067946861731611,-0.1696258112700613,-0.0634110424133333,0.0932893693442268,-0.4865612645683014,0.0611837479899999,-0.0175070586077505,-0.4404974316346711,-0.0964705891166666,0.0550011577437087,-0.7280279570473438,0.2529914057333333,-0.0688347165325471,-0.7598718433141385,0.0477501460266666,0.0356690043361875,-0.751939069107239,0.2781851261666666,-0.0715483749378133,-0.7867384094385942,0.0228678512167,0.0826918666053011,-0.7825749225163963,0.2568616038333333,-0.0288609418768301,-0.8176179348084905,-0.0648822118963333,nijmegen_nijmegen_rennen_g_ch1_g11_compr.mp4,ch1g11,6.360816358190324e-05,0.0003250673744806,4.250649147478894e-05,0.0001758408761742,0.0002055283528555,0.0003381963841172,4.17290720843341e-05,4.959594205584793e-05,0.0001066567613002,6.59109203879717e-05,0.0002321693330098,9.205043525526992e-05,4.1638611666405104e-05,4.414491631241807e-05,0.0001344063787066,0.0001245004961462,0.0001827485505636,0.0002593627573378,8.815782541931015e-05,4.089603734612693e-05,0.0004195655008813,3.5903796544205566e-05,3.9174062463599595e-05,4.275902433536092e-05,0.0001992986057549,1.6870273108213327e-05,3.3594850160117913e-05,0.0001871723824987,6.306137581816219e-05,0.0003198324059913,1.608207296622364e-05,4.437046067841988e-05,0.0004150114821506,0.0004355311551345,0.0002179259884422,-0.0005187598979671,-0.0005313068618864,-0.0005577728861644,-0.0005338471421891,-0.0004399063339978,-0.0004920846181073,-0.0004957404262202,-0.0005143702313861,-7.587730508211986e-05,-0.0005677045232009,-0.0004321441685695,-0.0012785156276037,0.0009671725985441,-0.0019448186776174,0.0011586465352357,0.0032370288704341,-0.0048352306672626,0.004472948670453,-0.006561666982514,0.0055551003841207,-0.0068892418767571,0.0040245389474276,-0.0052979728146609,-0.0002587129815531,0.0002655495223738,-0.0006421068370002,0.0008339278493042,-0.0031148759663146,4.560082281070381e-06,-0.0031976651044502,1.7743092778995505e-05,-0.0028328468259642,0.0004449410316135,-5.2490835662962686e-06,1.5943503349855031e-06,-3.1601950842716403e-06,8.104492704305363e-06,2.0457106993956293e-06,-1.6876040687438786e-06,-2.922803784783082e-06,3.9524939023905525e-06,3.654193361075063e-07,2.4509278720459736e-06,-5.598797568807802e-05,-4.644603140292289e-06,-3.829231591854901e-06,-3.3062571382432037e-06,3.9950203479443e-06,9.176203511123934e-07,3.89156582392523e-06,-6.505145649660745e-05,-3.1437313218153853e-06,-3.3012950494797766e-06,-1.0945955286259023e-05,-1.5239335322063067e-06,-3.934106443480447e-06,-2.857144880929388e-06,1.8764833018416035e-06,6.705796767596505e-08,-2.354853953322443e-06,-4.941853406014007e-05,-6.898427513803376e-06,-6.924557808771575e-05,1.806024028092519e-07,-7.33263150209992e-06,-4.327034095933967e-06,4.891890513098926e-07,-6.8150413409864914e-06,4.5406921270923405e-06,-9.38849698279944e-07,-6.1746752320398735e-06,-7.0424650116465734e-06,4.573465372013962e-06,-1.1007223629062602e-06,-3.0069618046731605e-06,-2.679353178944971e-07,1.6539122325979357e-06,1.3040901238460656e-07,4.9719281644546296e-06,4.526317845585445e-06,-4.333026513560082e-06,2.1849306722460826e-07,-6.6995425671756025e-06,2.3638741992955976e-06,2.2685300939011756e-08,4.984583435099585e-06,-8.930889703273614e-06,5.2008569936237515e-06,5.064631899654936e-06,3.373980835258537e-06,-6.054968416682159e-06,-7.662435879902619e-08,4.046448885582206e-06,2.796588897210113e-06,3.75900320687772e-07,5.816520074927842e-07,-4.137802469774832e-08,2.1140732904500033e-06,-8.998641551523665e-06,8.597805270098225e-06,movement,movement,no movement,no movement
4549.999999999994,0.0468750622366991,0.2890636685163264,-0.3106416098333333,0.0546534950034442,0.3074950977218692,-0.3057365258333334,0.0570328700999649,0.3076988982285933,-0.2954349410666667,0.0556997025989591,0.3077949412710185,-0.2982769896333333,0.0388556385438719,0.3173504254480567,-0.3312545329666666,0.0406431950295811,0.3152979266162101,-0.3448982085000001,0.0440890310491296,0.3060852732148124,-0.3238085409666666,0.0687633024369335,0.3207912402053248,-0.1929393917333333,-0.0336176249929605,0.2871172172726292,-0.2486843265,0.0604388824152139,0.2885748663091588,-0.2520456934666666,0.0336952156426465,0.2624075494711472,-0.2973993403666666,0.1105779355251851,0.2217663068884782,-0.0380316553633333,-0.1093521648497102,0.2601805293520655,-0.0797562528933333,0.1453458899052589,0.0681304079911776,-0.0755828943763333,-0.1422245456527822,0.0206969210408934,-0.1352769036266666,0.1416604446579789,0.0735308955817177,-0.1812765127033333,-0.0572645492875405,-0.0104577903560769,-0.2208871520333334,0.1276539305461028,0.0902456165892767,-0.1957281345533333,-0.0093224218522685,-0.0027860390418315,-0.2753995125666666,0.1199003841079044,0.1139432019203957,-0.2005792962533333,0.0148316516548131,0.053165267808804,-0.2757970690999999,0.1427620007599868,0.0721964530445647,-0.18514609824,-0.0429140296838465,0.0123360120621869,-0.227625072,0.0701015645950391,-0.1603257067830811,0.0648394027933333,-0.0678628921756618,-0.1693553787216058,-0.0635442234033333,0.0927044283466513,-0.4871625556593443,0.0606569016633333,-0.0182041696404094,-0.439590533280743,-0.0973833731566666,0.0539736846867914,-0.7310195852079882,0.2504529035,-0.0702297085060973,-0.7598672523543955,0.0450090024266666,0.0346023211049573,-0.7550027519470524,0.2753047306999999,-0.0729985324058194,-0.786729117741712,0.0198413655347,0.0817247029078299,-0.7852659944447515,0.2529264664333333,-0.0309243819814686,-0.8171711473795956,-0.0685572749763333,nijmegen_nijmegen_rennen_g_ch1_g11_compr.mp4,ch1g11,5.797401015808139e-05,0.0003268809147086,4.200117111482066e-05,0.0001823268267416,0.0002060753655671,0.0003366621492959,4.147852303343928e-05,5.24534483119988e-05,0.0001059414922577,6.877043378800002e-05,0.000170584169013,8.822293256056459e-05,4.0899023017294053e-05,4.350273274024444e-05,0.0001366078487261,0.0001263867138484,0.0001833816493408,0.0001883146937862,8.57706099582737e-05,4.0672494980571206e-05,0.0004091462555132,3.725926754679159e-05,3.841092970276459e-05,4.142513878717702e-05,0.0002000230627079,1.699692488118005e-05,3.3212406369119635e-05,0.0001342608801611,5.514205489241599e-05,0.000241973666628,1.6325138381187142e-05,3.809938749770801e-05,0.0004111128959226,0.0004204543880443,0.0002176369066764,-0.0006160966889966,-0.0006291918821021,-0.0006576719494617,-0.0006321278460719,-0.000551056185381,-0.0006016434962367,-0.0006030963545275,-0.0005949089609138,-0.000222125376977,-0.0006514342470448,-0.0005271207091644,-0.0012676085601819,0.000865931298087,-0.0018632147564436,0.0009444495313655,0.0025299269902862,-0.0047862973369972,0.003525379180068,-0.0064326694894358,0.004540821349493,-0.0066714440632557,0.003219565192622,-0.0052054005850124,-0.0002688770739343,0.000275944927965,-0.0006440780726305,0.0008084016718886,-0.0031248900080991,-8.317364056552659e-05,-0.0032135345035249,-7.936582479803346e-05,-0.0028530665420873,0.0003637168722564,-4.563209372955552e-06,-5.0929001665249435e-06,1.6224618571300466e-06,7.25863680340454e-06,-4.754289715677967e-06,-8.707040088259206e-06,1.8814179697464429e-06,2.6576822722618645e-06,-2.6687704779295104e-06,2.181464017363156e-06,-5.255211508728198e-05,-4.869605667055493e-06,1.452439295676755e-06,1.453832761135626e-06,-5.925040130483009e-07,5.612752516170254e-07,-3.117716269450358e-06,-6.05240764077736e-05,-3.4409741972052256e-06,1.973808972597575e-06,-1.990819177951916e-05,3.854034090139701e-06,1.4886088985482202e-06,7.34842242749486e-07,-4.7511279921992594e-06,-5.951148884386263e-08,1.9520606755285635e-06,-4.5012812240132394e-05,-6.330945541931014e-06,-6.653776985915475e-05,8.291411922696436e-08,-4.771715549534779e-06,-1.3361344257809364e-05,8.603595057201351e-07,-6.874941567760809e-06,4.471830409722588e-06,-1.5204842337793709e-06,-6.691506059672403e-06,-7.104321176495511e-06,4.474390718890624e-06,-1.3626293637199613e-06,-2.915886109391588e-06,-3.3056128471542866e-07,6.2650328918190336e-06,1.669052236606549e-07,4.9355022623216755e-06,4.459312535632551e-06,-4.093015540650714e-06,-1.9041838039189245e-07,-7.041636725835593e-06,7.742313925328617e-06,5.295001654010362e-09,4.8964916240819265e-06,-8.695068015845476e-06,4.990643488796064e-06,5.030727280953538e-06,3.430179178069385e-06,-6.516892861905971e-06,-1.4142937469618148e-07,4.054217593170324e-06,6.735820352121144e-06,1.1023400876975726e-06,6.375271299075045e-06,-1.1164698309291755e-07,2.689453860761769e-06,-9.04128786663886e-06,1.0568857360062854e-05,movement,movement,no movement,no movement
4566.666666666661,0.0468062448639402,0.2883512863183501,-0.3134007356666666,0.0546731631055876,0.3067566133589037,-0.308654202,0.0570743864612429,0.3069268647334975,-0.2983356667,0.055739813911751,0.3070529223520712,-0.3012221339333333,0.0388586713771094,0.3166942509614678,-0.3341337383333333,0.040667972829018,0.3145883428166638,-0.3478154594666668,0.0440858022266479,0.3053728548110081,-0.3267075042666666,0.0694161660013568,0.3201125997677399,-0.1959112689,-0.0332401408985727,0.2867532615424751,-0.2512284574,0.0606099341982049,0.2878416971881976,-0.2546829526333333,0.0337718141228467,0.2617924731284788,-0.3000085476,0.1118100182214199,0.2204318261294595,-0.0406556064966666,-0.1090283899939342,0.2610168364216511,-0.080575366,0.1467437039090676,0.0660580613785171,-0.0804538511863333,-0.1450726755906845,0.0216475727156435,-0.1335878286933333,0.141620878205615,0.075384864547462,-0.1882240224133333,-0.05982740060703,-0.0151465272931668,-0.2189757411333333,0.1270864462257632,0.0929846451390003,-0.2033675626533333,-0.0115488588810477,-0.0090627812130658,-0.2735182181,0.1195458938405134,0.1176556933906534,-0.20780731,0.0136920521893163,0.0467093396533214,-0.2744410737666666,0.1427259162256884,0.0746868285014665,-0.1919851980066666,-0.0449421173340948,0.0072530232087044,-0.232184857,0.0700479923116687,-0.1606021234349252,0.0648259276733333,-0.0677959504829652,-0.1690718667222434,-0.0636295355333333,0.0920970072029647,-0.4878264588336321,0.0602032490966666,-0.0190563628797683,-0.4387508590967736,-0.0980706770499999,0.0527980100767609,-0.7342336622241995,0.2477087657666666,-0.0716861698340531,-0.7599553383997547,0.0425460776433333,0.0333739854191771,-0.758300638440295,0.2722201724666666,-0.0744893464806315,-0.7868135494563556,0.0171025712377,0.0806703533672635,-0.7880759196394885,0.2486992836666666,-0.0330302795403898,-0.8168387144151178,-0.0720925671496666,nijmegen_nijmegen_rennen_g_ch1_g11_compr.mp4,ch1g11,5.3378767321425735e-05,0.0003225005054989,4.599054422849161e-05,0.0001879907568235,0.0002015958546265,0.0003291099609173,4.570171067293837e-05,5.232663106692363e-05,0.0001014868487563,7.030747861901737e-05,0.0001142316440629,8.415093539478291e-05,4.507305697754597e-05,4.72891039466984e-05,0.0001338091349038,0.0001271024921492,0.000178116142355,0.0001238127043522,8.295654451186698e-05,4.5378885501982e-05,0.0003917078140226,4.3700629625271325e-05,4.2702047257160986e-05,4.3713899348915896e-05,0.000195643452599,1.6938217951764688e-05,3.720111032545826e-05,8.75323931285279e-05,4.906812224179506e-05,0.0001683214544915,1.6401105233982106e-05,3.4638521927624434e-05,0.000399103874996,0.0004060959309432,0.00021250446777,-0.0007097111530756,-0.0007232549437983,-0.000752179494273,-0.0007264655031465,-0.0006522885905658,-0.0007016626467294,-0.0007017167091981,-0.0006732975220918,-0.0003557994339599,-0.0007291827250288,-0.0006146937782367,-0.0012195250570568,0.0007587301774626,-0.0016951694295544,0.0007196517440476,0.0018315786867622,-0.0046303170608135,0.0025653683675843,-0.0061602711726734,0.0034541260939971,-0.0063313546571428,0.0023969331578241,-0.0050038566498266,-0.0002744944686871,0.0002811134925844,-0.0006551608843872,0.0007630317871628,-0.0030699035573629,-0.0001421478628835,-0.0031573749541062,-0.0001461565886279,-0.0027856197743931,0.0003084564940607,-3.553353957833947e-06,-1.215096456012762e-05,5.970344126410181e-06,5.855829179803234e-06,-1.2277891922547985e-05,-1.6044127813638367e-05,6.214880325468e-06,1.083279268646227e-06,-5.66132044147476e-06,1.52438701817997e-06,-4.3752218095181736e-05,-5.343626940347089e-06,6.299059724999033e-06,5.776783023203246e-06,-5.115311133707647e-06,-6.17369867160674e-07,-1.0743172445012944e-05,-4.985048917540543e-05,-4.078490049446354e-06,6.751768743250664e-06,-2.883684238725229e-05,8.57790129327444e-06,6.460507204812855e-06,4.079140691822811e-06,-1.2065454262651958e-05,-2.543097735196084e-07,5.90940546247348e-06,-3.5986935028070016e-05,-4.863982307366047e-06,-5.711317995363853e-05,-8.51913637799774e-08,-1.6629717784794926e-06,-2.271959719650592e-05,1.130910242568564e-06,-6.312210085330151e-06,3.972211543250305e-06,-2.3515482129426467e-06,-6.517478998765422e-06,-6.4772878238624e-06,3.946297005695054e-06,-1.409649771321214e-06,-2.5585448073162065e-06,-3.999777118348616e-07,1.0791923840515802e-05,2.027041434761076e-07,4.425566180855626e-06,3.966047868099572e-06,-3.33551581411893e-06,-6.72272878630222e-07,-6.650500875037288e-06,1.2897632525798932e-05,-2.096065560438743e-09,4.335877269867332e-06,-7.505481758008203e-06,4.306995207676571e-06,4.504365675137956e-06,3.1542475150965244e-06,-6.306291344452091e-06,-1.812181255101586e-07,3.667474168256916e-06,1.0417404379477229e-05,1.6702668274025382e-06,1.2295683527755604e-05,-1.5880238389272424e-07,2.992259178003847e-06,-8.167181078486928e-06,1.284607935951379e-05,movement,movement,no movement,no movement
4583.333333333328,0.0465110752248202,0.2875265361435274,-0.3161632877666667,0.0544371644936935,0.3059165268537966,-0.3115647912,0.0568588256056486,0.3060578595482487,-0.3012279363666667,0.0555211196033055,0.3062065221968039,-0.3041573448,0.0385972244371585,0.3159108407998571,-0.3369705213333334,0.0404278884709081,0.3137617115129533,-0.3506834611333334,0.0438114881469309,0.304548840793737,-0.3295611112,0.0698294815510293,0.3193344855714989,-0.1988114620333333,-0.0331293971356053,0.2862497330911754,-0.2536563736333333,0.0605878199933174,0.2870106460946308,-0.2573302045333333,0.0336486142239223,0.2610688958454666,-0.3025909774666667,0.1129618647431927,0.2192329016197406,-0.0432590232633333,-0.1090500217748055,0.2616503177801723,-0.0813581239966666,0.1483383139589285,0.064425109135906,-0.0849414355266666,-0.1481289509832193,0.0220686732004672,-0.1319040997933333,0.1418138841283842,0.0767678632424587,-0.1945045136566667,-0.0626684734380592,-0.019801078057826,-0.2178730413,0.1268233004453975,0.0949310795915889,-0.2103774213,-0.0140743243774144,-0.0151743587766422,-0.2725559895,0.1192707512825261,0.1204573181438727,-0.2146602077333333,0.0122435618464139,0.0405324588723232,-0.2739713117,0.1428487958507861,0.0765657786599977,-0.1982596650899999,-0.0472376028257509,0.0022781196603934,-0.20923619,0.0700225668753058,-0.1608782825575595,0.06472891267,-0.0677592062652252,-0.1687889949620531,-0.0636178911466666,0.0915312117698893,-0.48846411800225,0.05952144386,-0.0199318172950944,-0.4379379776397523,-0.0986945444633333,0.0518865299899143,-0.7372446739798789,0.2449500988666666,-0.0730285194616725,-0.7600392450056168,0.0405817643533333,0.0324150701163103,-0.7614042342700234,0.2691320935666666,-0.0758230904110065,-0.7868978165187142,0.0149435595946999,0.079871711377926,-0.7907201895008947,0.2447587043666666,-0.0351052013415846,-0.8164336769731316,-0.0751435706443333,nijmegen_nijmegen_rennen_g_ch1_g11_compr.mp4,ch1g11,5.024755343079384e-05,0.0003079325414319,5.432904691384778e-05,0.0001927878617713,0.0001891122234447,0.0003111037006272,5.426123593624358e-05,5.23091252775145e-05,9.355205863960758e-05,7.154888600727755e-05,7.318441254674077e-05,7.92860971146513e-05,5.3985787523805776e-05,5.5402421373011085e-05,0.0001261631214553,0.0001265449471868,0.0001664103801159,7.796617811548859e-05,7.927825425556153e-05,5.476143281830901e-05,0.0003611670995206,5.50167506959882e-05,5.184164833807996e-05,4.968840548359907e-05,0.0001833404955376,1.6628451793672844e-05,4.540656935483176e-05,5.504562184701435e-05,4.53837055693148e-05,0.0001132495206259,1.626007936101629e-05,3.435248603845151e-05,0.0003735895358695,0.0003885058087326,0.0001997467869623,-0.0007944884331826,-0.0008099639613345,-0.0008379598048381,-0.0008139809973119,-0.0007424193569773,-0.0007898523406489,-0.0007892183581639,-0.0007436463963032,-0.0004644675372003,-0.0007948205235854,-0.0006880954881204,-0.0011321983118954,0.0006471341565525,-0.0014509964554045,0.0005061220293182,0.0011362121108762,-0.0043399544915388,0.0015793373583009,-0.005739413389066,0.0022811200684909,-0.005864408147092,0.0015493450169766,-0.0046740674691395,-0.0002722462697853,0.0002775120088484,-0.0006334029725004,0.0007111628725577,-0.0029041408152672,-0.0001688077236724,-0.0029883820491601,-0.0001801432843577,-0.0026050786594605,0.0002741098729094,-2.3275923091680076e-06,-1.88607737972563e-05,9.505385399669106e-06,3.4339681733073685e-06,-1.8912927660996377e-05,-2.282785839878847e-05,9.70784108281944e-06,-4.367116945479946e-07,-8.037018978447933e-06,7.980528068708237e-07,-3.0497577423888983e-05,-5.380491843725548e-06,1.027721403464176e-05,9.300744481890163e-06,-8.445176012052438e-06,-2.001363990806873e-06,-1.740615600594116e-05,-3.400327458881002e-05,-4.403140997828222e-06,1.0611618500412025e-05,-3.639366232650724e-05,1.2313364892151253e-05,1.0512215806667106e-05,6.925964888931937e-06,-1.849971421277293e-05,-4.679232561159133e-07,9.217814228202338e-06,-2.3427357953909844e-05,-2.6334897213977554e-06,-4.170707200511317e-05,-2.782616520455911e-07,1.5728632547582422e-06,-3.126003271831131e-05,1.2647184313754598e-06,-4.9758095460493985e-06,3.09759509735684e-06,-3.324747583084229e-06,-5.4412723024830625e-06,-4.975330089445689e-06,3.0479037423367785e-06,-1.3481764231541515e-06,-1.9813605522210572e-06,-4.922635539692539e-07,1.433142351304634e-05,3.214460318039742e-07,3.4979759048770375e-06,3.101739010414512e-06,-2.2097929341046814e-06,-1.0986627268224883e-06,-5.446551046262888e-06,1.677781642271875e-05,8.053104660742035e-08,3.3667744968417567e-06,-5.112603752440233e-06,3.215959539011158e-06,3.545090425729736e-06,2.5622925857191065e-06,-5.223234049509788e-06,-1.8738096240651377e-07,2.914571173941329e-06,1.3129504206253964e-05,2.0047292326716927e-06,1.7097899679698534e-05,-1.747223772930459e-07,2.987960555170813e-06,-6.134597259059491e-06,1.4597249488977034e-05,movement,movement,no movement,no movement
4599.9999999999945,0.0459586584610358,0.2867075201322988,-0.3186958692666666,0.0538962930062191,0.3050938033768312,-0.3141854554333333,0.0563325339731131,0.3052090841691522,-0.30383316,0.0549953416074688,0.3053785824846178,-0.3068011147666666,0.0380297320333362,0.3151384649097535,-0.3395570857666666,0.0398730845362,0.3129465255315077,-0.3532983516666667,0.043220469080106,0.3037349223200566,-0.3321655848333333,0.0699214917861796,0.3185861911690232,-0.2014096692,-0.0333141393170283,0.2857169863986234,-0.2559278430666666,0.0603274428651596,0.2861965366497068,-0.2597307791333333,0.0332889223748669,0.260344883982051,-0.3049906227000001,0.1139505098361687,0.218185097198081,-0.04561907147,-0.1093010748914819,0.2621542017997673,-0.0820251094833333,0.1498649138050584,0.0631653423202675,-0.0883927583933333,-0.1513573859162343,0.0222872129865262,-0.13051474086,0.1420263901068876,0.0774137364391423,-0.1979753259,-0.0655948793100065,-0.0241848716436283,-0.2170987461666667,0.1266227698137586,0.0958574513232727,-0.2142526001,-0.0166928595257025,-0.0208718173939942,-0.2718626960666666,0.1189620122845643,0.121908580566247,-0.2184532474,0.0106737727502438,0.0347268651564298,-0.2736229235333333,0.1429864002563173,0.0775491551836233,-0.2017105340999999,-0.049674098934645,-0.0023826954857782,-0.229393452,0.0700070221474792,-0.1611485801706776,0.0645834698866666,-0.0677331151856818,-0.1685144995394678,-0.0635449130833333,0.0909094635851547,-0.4891462127685624,0.0588318792166666,-0.020868083641556,-0.4373235712567944,-0.0991146027333333,0.0510371220334175,-0.7401827479766371,0.2423714256333332,-0.074292933931901,-0.7602261940882901,0.0391371732666666,0.0315234077216054,-0.7644493919326132,0.2662893762,-0.0770789305568515,-0.7871028940886697,0.0133462950913666,0.0790437430269577,-0.7934404928437898,0.2408344085666666,-0.0371458011722576,-0.8162167409036478,-0.0772476594866666,nijmegen_nijmegen_rennen_g_ch1_g11_compr.mp4,ch1g11,4.8828361253176794e-05,0.0002866268281721,6.55702240808662e-05,0.000195643721084,0.0001668812294947,0.0002858305510258,6.566706528517591e-05,5.211144360736861e-05,8.347741407023799e-05,7.24127263671725e-05,5.100024749173497e-05,7.35505008756544e-05,6.612101118954392e-05,6.641492695500721e-05,0.00011536753209,0.000124599442404,0.0001470115338584,5.4512017669310286e-05,7.443020911370211e-05,6.720600589194185e-05,0.0003211867242028,6.930051565972178e-05,6.427433775582328e-05,5.830399705553901e-05,0.000161685651464,1.5990759226768068e-05,5.6518542843087006e-05,3.9100063070524574e-05,4.42647704139425e-05,8.183189309304166e-05,1.5806448966435522e-05,3.732197966005768e-05,0.0003385943104106,0.0003677905472144,0.0001779946794655,-0.0008502366969531,-0.0008691227408862,-0.0008944329647307,-0.0008741306988331,-0.0008011857009547,-0.0008448995086182,-0.0008442676482925,-0.0007931799856345,-0.0005353191297905,-0.0008326714985297,-0.0007312617767356,-0.0010153895148675,0.000547203285393,-0.001161959259675,0.0003288658012563,0.0004684617163494,-0.0039011715268323,0.0006187143854141,-0.0051565439509677,0.0010946090288385,-0.0052500433536394,0.0007204252249757,-0.0041998247067831,-0.0002639252078891,0.0002669442782224,-0.0006020498693874,0.0006529640945991,-0.0026232960080151,-0.0001607507506389,-0.0026988162257992,-0.0001761047129359,-0.0023356375744374,0.0002606935975324,-8.934498386805576e-07,-2.4047520522691693e-05,1.208037914897175e-05,-1.575570150398584e-07,-2.3977403353524603e-05,-2.7903158747035015e-05,1.2216937328111222e-05,-1.7893098627435073e-06,-9.71807468810422e-06,1.713944825909932e-07,-1.3799099857211016e-05,-4.857711975827827e-06,1.3199271044331272e-05,1.1880431018497148e-05,-1.023373211562994e-05,-3.163467310025192e-06,-2.2515659535003417e-05,-1.4445947094015812e-05,-4.200632069796821e-06,1.337050529554422e-05,-4.1300324162775806e-05,1.4930305734914396e-05,1.344999071948996e-05,9.189930287523174e-06,-2.333410515270612e-05,-6.743663072169786e-07,1.1724009215806346e-05,-8.340357796643709e-06,-9.627335802161357e-08,-2.126796765612284e-05,-4.7222969514107995e-07,4.580527578365827e-06,-3.748887224787037e-05,1.2438543855286471e-06,-2.995397370875644e-06,1.9843754823289916e-06,-4.259180486967139e-06,-3.4459022978756407e-06,-2.717353193431945e-06,1.9185142073919525e-06,-1.199797686064385e-06,-1.2731783679454528e-06,-5.870900337435031e-07,1.6292356766478714e-05,5.617062124777718e-07,2.2987147485813e-06,2.0013665017334534e-06,-9.340708211020288e-07,-1.3724961849132876e-06,-3.45622542181222e-06,1.874645194386008e-05,2.986533693695629e-07,2.144322958253402e-06,-1.7042640554927158e-06,1.8897996135438649e-06,2.3051138060245064e-06,1.7439204727593435e-06,-3.2632398923908102e-06,-1.5569990594740714e-07,1.908839508464223e-06,1.4439330439027817e-05,2.0576821526271956e-06,1.9954408297465345e-05,-1.5466074326058217e-07,2.659481219829019e-06,-3.104100096230941e-06,1.53778989350392e-05,movement,movement,no movement,no movement
4616.6666666666615,0.0450636741885195,0.2858800542718261,-0.3211326849666666,0.0530893621054427,0.3042663081595354,-0.3167321324333333,0.0555370220093627,0.3043577852631785,-0.3063591194,0.0542002762513056,0.3045470820079598,-0.3093722207333332,0.0371615126385544,0.3143679985111502,-0.3420230024333333,0.0390122380639131,0.3121353702446398,-0.3557872170666667,0.0423235267765291,0.3029252721848514,-0.3346462983666666,0.0698859810106908,0.3178401034717172,-0.2039581576666666,-0.0336747052206148,0.2851960767748425,-0.2581619091,0.0597867868617381,0.2853881023233273,-0.2620682686666666,0.0326289226920146,0.2596246498971395,-0.3072661700666667,0.1148752607563823,0.2172138454014294,-0.0479426077366666,-0.10971178847384,0.2626195893030678,-0.0826600998666666,0.1512973752949136,0.0621621866715777,-0.0916343879966666,-0.1546411472483699,0.0224621903953898,-0.1295643472933333,0.1422911346603934,0.077474577502299,-0.2009613825,-0.068542036567441,-0.0281918353862293,-0.2169354647666667,0.1265142873767747,0.0959596559569039,-0.2176117626666667,-0.0193550640282227,-0.0260830003136869,-0.2718509569333333,0.1186768232030813,0.1223762911525657,-0.2217521988333333,0.0089594250065415,0.0294462740627456,-0.2738950803333332,0.1431439463126926,0.0778039934801478,-0.2046787169999999,-0.0521754093276286,-0.0066790203203986,-0.195133835,0.0700130672393226,-0.1614090739219223,0.0643701434966666,-0.0677310489210131,-0.1682521162789705,-0.0633862877266666,0.0903236606347976,-0.4897187596633853,0.0580534666466666,-0.021949178129308,-0.4368105744429513,-0.0991614961899999,0.0504760795197178,-0.7425799435513033,0.2402272553333332,-0.0754866293230897,-0.7605536047714215,0.0379300192533333,0.0309430236044506,-0.7669199964390696,0.2639429301,-0.0782477413593618,-0.7874581007951066,0.0119841053480333,0.078461370571896,-0.7955862517575087,0.2373545120333333,-0.0391310573871241,-0.8161239058743288,-0.0790396599666666,nijmegen_nijmegen_rennen_g_ch1_g11_compr.mp4,ch1g11,4.8849487447458786e-05,0.0002582422391705,7.941259020949737e-05,0.0001950773065976,0.0001387612614855,0.0002534547637627,7.96296255477803e-05,5.0220338262850974e-05,7.266349514486916e-05,7.202065777047924e-05,4.984033558160677e-05,6.702008242468869e-05,8.121603728464418e-05,8.004347847108467e-05,0.0001035402345131,0.0001191029697633,0.0001221681277995,5.522356437291149e-05,6.846149383985924e-05,8.241688965455431e-05,0.0002738598787571,8.61269052372608e-05,7.967389108902183e-05,6.930373189406655e-05,0.0001342824747921,1.5188871111257248e-05,7.026220904287807e-05,4.111644240708975e-05,4.563311363206915e-05,7.789658325632608e-05,1.5211563889295105e-05,4.36113412354218e-05,0.0002951781847851,0.0003422796395353,0.0001507274333858,-0.0008547432210439,-0.0008724817589075,-0.0008938367225268,-0.0008776482135918,-0.0008026399640187,-0.000841856674513,-0.0008418983732464,-0.0007884521299409,-0.0005415268119685,-0.0008194867172916,-0.0007265534088532,-0.0008759496129513,0.0004830542883645,-0.0008708961555439,0.0002114770485844,-0.0002196226223801,-0.0033277181789483,-0.0003478277700084,-0.0044204122361293,-0.0001046130742714,-0.0045124278670655,-0.0001261831631186,-0.0035980443099637,-0.0002537291957352,0.0002539496909969,-0.0005838607371841,0.0005857036570249,-0.0023312591923697,-0.0001447060416675,-0.0024025970408738,-0.0001632451304845,-0.0020630260851652,0.0002297114596705,4.731614225588296e-07,-2.6949951350633765e-05,1.3535434732464737e-05,-4.795067314122525e-06,-2.6151687629189036e-05,-3.0478141197476063e-05,1.3593056195142693e-05,-2.7196336177186054e-06,-1.0700962213981093e-05,-4.195581898398237e-07,4.550757425953733e-06,-3.895478100906615e-06,1.4880726696452537e-05,1.3353843088092446e-05,-1.0224383489977598e-05,-3.966838691209151e-06,-2.4642251892323337e-05,6.7230345848172216e-06,-3.5227325602227567e-06,1.4874987728850411e-05,-4.255291308521842e-05,1.6217562880884238e-05,1.5096388500911442e-05,1.0640571289168132e-05,-2.535378038299268e-05,-8.218029709204035e-07,1.3216398544242474e-05,7.510874816375975e-06,2.284927669785979e-06,1.712134625576779e-06,-6.214487551076843e-07,7.116344222946914e-06,-4.031370909694487e-05,1.0884515190747789e-06,-5.070650189459511e-07,7.788905053450946e-07,-4.93341248505429e-06,-7.994878027735351e-07,1.1467133942944689e-07,7.055050986023103e-07,-9.462108819147138e-07,-5.483911113552232e-07,-6.494913453438107e-07,1.6405976830701233e-05,9.182733876565536e-07,9.83713683792075e-07,8.086435435302058e-07,2.2668275387008505e-07,-1.3693903790110865e-06,-8.769806472569091e-07,1.856723634245313e-05,6.477223496784643e-07,8.280366306862001e-07,2.3710769394085824e-06,5.028415438277497e-07,9.491940436208084e-07,8.134238711771659e-07,-6.867038185397775e-07,-9.384934167523247e-08,7.85761033616415e-07,1.4190260466370716e-05,1.845702348211446e-06,2.0439946699687537e-05,-1.0628600355227293e-07,2.0510155860724805e-06,6.488197723853602e-07,1.503364729051051e-05,movement,movement,no movement,no movement
4633.3333333333285,0.0438113511502641,0.2850654724112704,-0.3234452865666666,0.0519866714934012,0.3034446415005858,-0.3191511293333333,0.0544482457664962,0.3035138798026874,-0.3087595017666666,0.0531032616581213,0.303719505845369,-0.3118180208333332,0.0359720700408093,0.3136031782056718,-0.3443965845333333,0.0378314763765322,0.3113339752867632,-0.3581863368,0.0411160944799563,0.3021283414525118,-0.3370369750999999,0.0696712083291829,0.3170778099242998,-0.2064076875333333,-0.0343006365593271,0.2846807375461127,-0.2600120616,0.0589284174325744,0.2846023354136303,-0.2642895276333333,0.0316301805202214,0.2589296669883668,-0.3094415389333334,0.1156797119169636,0.2164446884607461,-0.0501641415166666,-0.1104106899247364,0.2630421074490409,-0.0829642420066666,0.1527189240002467,0.061661661508897,-0.0941146919266666,-0.1579188737787397,0.0226037079853553,-0.1285637954266666,0.1426553080673865,0.0774635449430431,-0.2033471997,-0.0714422451588446,-0.0311133652804113,-0.2170908371666667,0.1265472476325744,0.0957615430239709,-0.2204167530333333,-0.0219395336791266,-0.0299635436337767,-0.2722318604333333,0.1184173021480554,0.1224136823002376,-0.2245403526333333,0.0071956092677083,0.0255377655655013,-0.2745414748,0.1433450789939498,0.0778315796422122,-0.2070717855999999,-0.0546414503007397,-0.0098518066196625,-0.153252274,0.0700384700408292,-0.1616508430366284,0.0641077063566666,-0.0677510825611726,-0.1680116303186916,-0.0631569540133333,0.089767637488855,-0.4902223975882946,0.0575383682733333,-0.0230153520403695,-0.4362571922511785,-0.0990788672633333,0.0501516997173049,-0.7445666494894994,0.2390370111666666,-0.0766123145989218,-0.760606419850359,0.0371107059199999,0.0306358844097415,-0.7689702980659786,0.2626685033333333,-0.0793431626972735,-0.7875184369098585,0.0110693791880333,0.0781785963169555,-0.7974352058984852,0.2350745737666666,-0.0411186286863101,-0.8158243982025859,-0.08035137628,nijmegen_nijmegen_rennen_g_ch1_g11_compr.mp4,ch1g11,5.024067561645467e-05,0.0002260942074342,9.380451018486316e-05,0.000191073265008,0.0001084627434695,0.000217522142193,9.408467798146797e-05,4.695029681805984e-05,6.12148982015519e-05,7.075208498470138e-05,6.905706320944316e-05,6.199895448111474e-05,9.710344114976172e-05,9.427270738810243e-05,9.067790704942906e-05,0.0001116366866103,9.39443093699452e-05,7.787395405193446e-05,6.37060490711993e-05,9.818997667664211e-05,0.0002248897746397,0.00010307369672,9.579831924663167e-05,8.086941607955037e-05,0.0001049098797699,1.4214513556241136e-05,8.450179763175722e-05,6.121338053465721e-05,4.9490147710083445e-05,9.845601117930737e-05,1.4456926186854668e-05,5.257813166232432e-05,0.0002482583306266,0.0003155901519685,0.0001227377022826,-0.0008240469673682,-0.0008388684507182,-0.000855715269167,-0.0008435877504361,-0.0007646491085379,-0.0007991606406678,-0.000800615703955,-0.0007550391348617,-0.0005069252371539,-0.000774864369868,-0.0006898355005737,-0.000743697004857,0.0004283995416184,-0.0006332309818378,0.0001329870335998,-0.0009115647218118,-0.0026238671762959,-0.0012815858033991,-0.0035182972424289,-0.0012708788122932,-0.003621722584441,-0.0009683180678525,-0.0028647077036055,-0.0002407194630619,0.0002381938814203,-0.0005318825229934,0.0005285036514928,-0.0019196980101682,-6.145140448124957e-05,-0.0019887011538164,-7.752559690992722e-05,-0.0017008546982892,0.0002435442351359,1.5272732666729e-06,-2.64863449125486e-05,1.378593370467919e-05,-1.0116912850995702e-05,-2.5542408247351235e-05,-2.9263828553144325e-05,1.3769041118555836e-05,-3.217306849060972e-06,-1.0851309179149656e-05,-9.229896004380362e-07,2.234808963788029e-05,-2.5646029761718924e-06,1.5254788696027697e-05,1.3647186574081962e-05,-8.918692460543448e-06,-5.063264261341434e-06,-2.4096149781002855e-05,2.667372498302014e-05,-2.4589913297960795e-06,1.5091504092486418e-05,-3.855438243191648e-05,1.61617542429895e-05,1.5386585465043628e-05,1.1127357821970064e-05,-2.4671985210129825e-05,-8.7659656440825e-07,1.3561508639243996e-05,2.233891142472234e-05,4.045162444200863e-06,2.448501508787774e-05,-6.941206192919956e-07,8.809024189157164e-06,-3.816009432355192e-05,8.290523035781162e-07,2.1928058893286967e-06,-3.35757149113121e-07,-5.166550409191593e-06,2.117886823686347e-06,3.1825928397094864e-06,-4.0705026307063914e-07,-6.110411012937676e-07,1.2307844089708454e-07,-6.998883721168358e-07,1.4695972754211971e-05,1.2710219249297933e-06,-2.486002250884062e-07,-2.9603101950576097e-07,1.099399480549531e-06,-1.1304714997351506e-06,1.992370023990166e-06,1.636832543651234e-05,1.0076836858523562e-06,-3.8294036418302985e-07,6.571400498685499e-06,-7.387030781596884e-07,-3.166329463338889e-07,-7.827436242662436e-08,2.1332454718116927e-06,-1.0129083852964511e-08,-2.764839717077395e-07,1.2425787741261986e-05,1.4178822146506895e-06,1.8602542295603533e-05,-3.683855887295549e-08,1.255166580034675e-06,4.6519898279338565e-06,1.367883478252887e-05,movement,movement,no movement,no movement
4649.999999999995,0.0420059179964005,0.2842980660817457,-0.3255564760999999,0.0503915387749927,0.3026567593530739,-0.3214067558666666,0.0528617665651943,0.3027122527243043,-0.3109906129000001,0.0515126841863145,0.3029257981773758,-0.3140968693333333,0.0342741439322963,0.3128960948176114,-0.3463920596,0.0361274936019101,0.3105953609031738,-0.3601803843666666,0.0393951689382046,0.3013900841285331,-0.3390418140999999,0.0691647750050448,0.3163346078397679,-0.2086973885333333,-0.035272210157023,0.2842015318441595,-0.2609965957,0.0576013213230382,0.2838767021587885,-0.2664071107666667,0.0301460268573702,0.2582955057832652,-0.3112454347666667,0.1163164585385385,0.2157715394061041,-0.0522723528366666,-0.1113274470068662,0.2634393884482884,-0.08278051938,0.1540992724893937,0.0612224058035783,-0.09564010604,-0.1610422207299399,0.0227781574408908,-0.1277524267266666,0.1430049308188473,0.0767871180872497,-0.2039551149333333,-0.0742429374145325,-0.0329700021820903,-0.2174885462,0.1265717905719029,0.0946639515015506,-0.2212294062333333,-0.0244984920877885,-0.0325474467256111,-0.2727945223333333,0.1181133664842207,0.1213272748160711,-0.2253830927666666,0.0052912872165665,0.0228547323803986,-0.2753212217666667,0.143528211579148,0.0770700523548274,-0.2076585729666666,-0.0570917872240871,-0.0119236334812307,-0.14007847,0.0700711130026715,-0.1618832667132386,0.06379926809,-0.0677787948388235,-0.1677830549504222,-0.06286740247,0.0892094423246381,-0.4907031193506079,0.0568883922866666,-0.0240567769738768,-0.4356917769102544,-0.0988086049033333,0.0497975174894297,-0.7461868409314296,0.2378008922999999,-0.0776906866732022,-0.7605344754456907,0.0369161795799999,0.0302977283919709,-0.7706367994683371,0.2613555620333332,-0.0804043090659592,-0.7874627477344175,0.0108130663646999,0.0778428170612782,-0.798871125859611,0.2329230671333333,-0.0430012250503723,-0.8154792063429975,-0.0807593299666666,nijmegen_nijmegen_rennen_g_ch1_g11_compr.mp4,ch1g11,5.2858714904471655e-05,0.0001962261253629,0.0001071318606166,0.000179271511284,8.06535954391908e-05,0.0001851204983206,0.0001073694074009,4.3356178574134575e-05,5.134652796967224e-05,6.893490438049344e-05,0.0001011268998159,5.925204020473565e-05,0.000111904361135,0.0001074897985624,8.152233899698728e-05,0.0001050420001142,6.79184661552085e-05,0.0001150494663691,6.093013149064771e-05,0.0001126840977898,0.0001841811633625,0.0001182189318014,0.0001107101176865,9.16294534670268e-05,7.799472052109377e-05,1.3207528345544169e-05,9.743409329471534e-05,9.221337014411218e-05,5.4642566473372885e-05,0.0001348956025162,1.3647368724297992e-05,6.275323365620333e-05,0.0002067721392583,0.0002929029949008,9.897301325427626e-05,-0.0007571817107905,-0.0007684243467283,-0.0007808067570752,-0.0007720739613886,-0.0006890882138076,-0.0007190758847501,-0.0007226116704963,-0.0006967949874888,-0.000441482277152,-0.000702500460827,-0.0006243906133649,-0.0006294131492074,0.000373980188967,-0.0004857618745456,0.00011195181578,-0.0016145736899477,-0.0017940165115576,-0.0021852615044133,-0.0024598134409539,-0.0023784286802182,-0.0025734981988194,-0.0018030400070609,-0.0019986683545409,-0.0002268719513195,0.0002215149495314,-0.0004595277618359,0.0004971259657888,-0.001449105056281,0.0001008401426978,-0.0015127051403904,9.172113778127356e-05,-0.0013040820487817,0.0003203087888586,2.1650455326835137e-06,-2.2535321977669953e-05,1.2736032694447111e-05,-1.550374968118609e-05,-2.2262349212080658e-05,-2.4197911926269045e-05,1.2654482623710378e-05,-3.461942459750579e-06,-1.0264430182934014e-05,-1.4269479008749335e-06,3.692726384508508e-05,-1.1304910620206411e-06,1.4220726086734392e-05,1.2655235333308564e-05,-7.066518552240235e-06,-6.115938061244428e-06,-2.085351455388528e-05,4.241318121111968e-05,-1.2428629219762585e-06,1.393296939167228e-05,-2.9601032442109342e-05,1.4646445733546843e-05,1.4254281865263366e-05,1.0486295568319806e-05,-2.1425717404794484e-05,-8.36950538156024e-07,1.2602986975717187e-05,3.437482144205096e-05,4.987082660304325e-06,4.3240298027452664e-05,-6.864427043153429e-07,9.45458371413165e-06,-3.108421650157178e-05,5.060231158857768e-07,4.617934906328241e-06,-1.2255203468817423e-06,-4.695472137961647e-06,4.82458477768792e-06,5.928263635090786e-06,-1.2840830650892089e-06,-2.5433704215042596e-07,6.552882868448178e-07,-7.579251959493626e-07,1.1701447116283203e-05,1.5186148274555314e-06,-1.2481598152540148e-06,-1.1802182136101194e-06,1.463300025772404e-06,-7.763211220044158e-07,4.680793098723471e-06,1.278837565559088e-05,1.2782684274203575e-06,-1.3428140592225894e-06,1.0125393936511684e-05,-1.680425931545836e-06,-1.3357560212197322e-06,-8.102260514476173e-07,4.73326338301865e-06,8.102134211981456e-08,-1.1311882949795656e-06,9.649621525616714e-06,8.655913379766643e-07,1.5089728433588118e-05,4.122669580642976e-08,3.928235967559332e-07,8.175993443443378e-06,1.1774091215483676e-05,movement,movement,no movement,no movement
4666.666666666662,0.0399522503128371,0.2835692327950977,-0.3271168611333332,0.0485838482396754,0.3019045103131144,-0.3231294552666666,0.0510575526689617,0.3019507213219932,-0.3126838318333333,0.0497086844352647,0.3021690157866411,-0.3158349010333333,0.032366530304666,0.3122362050773046,-0.3476895086666667,0.0342031434671402,0.3099084405987026,-0.3614541286666666,0.0374627948435383,0.3006987078283776,-0.3403433232333333,0.0685230361880347,0.3156308149842751,-0.2105440611333333,-0.0363649220175763,0.283796894433766,-0.2611067818333333,0.0560402947690849,0.283200392592203,-0.2680875355666666,0.0284332111670066,0.2577019373594251,-0.3123991124666667,0.1167863746701148,0.2151926278526051,-0.0542395713,-0.1123273001924639,0.26382873031864,-0.0820591847133333,0.1553388239701643,0.0607418931016142,-0.0965697915966666,-0.1638660811639848,0.0229619641283429,-0.1268811319933333,0.1433738972588431,0.0746610300401312,-0.2031282380666666,-0.0768074052593409,-0.0341731814703596,-0.2176815708666666,0.1266679087600624,0.0918096561336853,-0.2203427319999999,-0.0268971564149708,-0.0342850114136893,-0.2730899299,0.1178677718310769,0.1180931631074943,-0.2245544273,0.0034069632598014,0.020930005848626,-0.2758246088,0.1437128668251585,0.0746387047699037,-0.2067742099333333,-0.0593803199981982,-0.013334017038307,-0.144857839,0.0701116156753322,-0.1621021174626203,0.0634188533633333,-0.0678141649749691,-0.1675708351327304,-0.06249095729,0.0886144506610236,-0.4911382853162991,0.0561531681233333,-0.025094108146728,-0.4351824015077163,-0.0981112850366666,0.0494098941586667,-0.7475320460444865,0.2366296183333333,-0.0786420847569177,-0.760350076181236,0.0374216444766666,0.0299245722003068,-0.7720325167653076,0.2601288021,-0.0813250723243342,-0.7872878431514642,0.0112654658646999,0.0774645188521984,-0.8000371284182467,0.2310184081333333,-0.0446735504012549,-0.8150577984538482,-0.0802138514766666,nijmegen_nijmegen_rennen_g_ch1_g11_compr.mp4,ch1g11,5.534479346264443e-05,0.0001747197944059,0.0001191396680393,0.000160908124927,6.0876970870381774e-05,0.0001624812516586,0.000119224806285,4.034258792998019e-05,4.214852192188919e-05,6.677083347648584e-05,0.0001440653619305,6.0723595654185225e-05,0.0001254377530195,0.0001194164329717,7.642210771648395e-05,9.9951894454621e-05,4.9236026378262775e-05,0.0001641700590901,6.188212281740455e-05,0.0001258392978965,0.0001592513699214,0.0001319372463731,0.0001242022208054,0.0001015795105786,5.900242401701889e-05,1.2452503664942452e-05,0.0001093453766941,0.0001317531677253,6.072237356844852e-05,0.0001849814530169,1.3026170287057862e-05,7.286288866229098e-05,0.0001786494564091,0.0002821660273284,8.55025330868766e-05,-0.0006576867021232,-0.0006645234464177,-0.0006740728219198,-0.0006680726018888,-0.0005837123907074,-0.0006079174207998,-0.0006133851231112,-0.0006116239211871,-0.0003550324444235,-0.0006060852753897,-0.0005334634901386,-0.0005287848959833,0.0003113986929463,-0.0004169964404431,0.0001302162636693,-0.0023168289794355,-0.0008823759826686,-0.0030545949500781,-0.0012962632056207,-0.0034258593325773,-0.0014145184779061,-0.0026245766872085,-0.0010473142333164,-0.0002123750326047,0.00020431018618,-0.0003689187421729,0.0004907917702616,-0.0009219129894775,0.0003383383872103,-0.0009756119789289,0.0003408968865045,-0.0008638720425293,0.0004572883361808,2.399001578439562e-06,-1.5875805924483822e-05,1.0871079104720568e-05,-2.0350037019070735e-05,-1.6552683784231643e-05,-1.6148238402624924e-05,1.0740959940905882e-05,-3.5319462220253595e-06,-9.092589423520344e-06,-2.0981582454409854e-06,4.597069442405721e-05,5.096385673204025e-07,1.2289802249350126e-05,1.0851779457216268e-05,-5.024117099395447e-06,-6.887591283337565e-06,-1.5262311073648913e-05,5.1901766778800505e-05,1.843072169209541e-07,1.1923650265881944e-05,-1.684360720184142e-05,1.2236225717435365e-05,1.2230027893297569e-05,9.07866910466636e-06,-1.5850139822424207e-05,-7.043880828488734e-07,1.0790499490090844e-05,4.1654677266266376e-05,5.166953556092282e-06,5.500605291831338e-05,-5.999379723340342e-07,9.26102203616394e-06,-2.0133702067789943e-05,1.9331821278684979e-07,6.3320909924934e-06,-1.8439796941212111e-06,-3.4938515553969847e-06,6.834483328079503e-06,7.858620169125748e-06,-1.881867338190757e-06,9.106215548469944e-08,1.0476156343909645e-06,-8.228190263302446e-07,7.921855884607154e-06,1.5787081465433356e-06,-1.963062675409442e-06,-1.7984887676746876e-06,1.2929193485446551e-06,-3.480867965233406e-07,6.71215158069614e-06,8.439751172008259e-06,1.3798440375463503e-06,-2.009351545888151e-06,1.2404105157886115e-05,-2.2993104081822965e-06,-2.052173849418688e-06,-1.3458481610413843e-06,6.645222345062137e-06,1.5718633892177346e-07,-1.7429589582849828e-06,6.2996904707236325e-06,2.693116551787105e-07,1.0548153399809598e-05,1.079898339856706e-07,-4.191403918289349e-07,1.0594023928094397e-05,9.677815636657544e-06,movement,movement,no movement,no movement
4683.333333333329,0.0377023491102154,0.2829205892035764,-0.3280492446666666,0.0465816981072867,0.3012329102382429,-0.3242237717,0.0490488533707689,0.3012768759610656,-0.3137443405333333,0.0477085717639804,0.3014971687885752,-0.3169453832333334,0.0302718465989594,0.3116849019175188,-0.3482776753666667,0.0320809554063132,0.3093303866621233,-0.3620006048999999,0.035340508273033,0.300105559154636,-0.3409369517,0.0677191136380651,0.3150339313383097,-0.2118735606333333,-0.0375752810734242,0.2835201835917568,-0.2605291691333334,0.0542975127272993,0.282630040775812,-0.2692345027666666,0.0265482889579546,0.257212328322918,-0.3128963483333333,0.1171090623016076,0.2147581409049858,-0.0559986667266666,-0.1134246145235071,0.2642054301688341,-0.0809136033066666,0.1564142964381599,0.0603473034574793,-0.0966208964966666,-0.1665954897064653,0.0232230510370987,-0.1260281920266666,0.1437302698150339,0.0715509566259978,-0.2003338049366666,-0.0792938285891401,-0.0346400566437904,-0.2179924060999999,0.1267762154979789,0.0877461136459067,-0.21717671135,-0.0292415955387334,-0.0351439046232592,-0.2733894571333333,0.1176211796535197,0.1133758139418035,-0.2214821997666667,0.0015097359961062,0.0198331205193612,-0.2762379749333333,0.1438898401389746,0.0711015825102497,-0.2038822941566666,-0.0616280717301321,-0.0139810861319917,-0.121861041,0.0701590250667379,-0.1623053794323707,0.06295824568,-0.06785579050607,-0.1673785608208783,-0.0620259480533333,0.0879763830652585,-0.4914863677044795,0.0553842181233333,-0.0261634669947205,-0.4347413614157032,-0.0969313348433333,0.0490085291806884,-0.7482214931070188,0.2355042577999999,-0.0796019310300982,-0.7599739788225314,0.0394218565866666,0.0295545561475587,-0.7727598817136938,0.2589597434,-0.0822608405979083,-0.7869119071310103,0.0133073845716999,0.0770645347330154,-0.8005906207740527,0.2294271980666666,-0.0462584386160172,-0.814681302748185,-0.07753671783,nijmegen_nijmegen_rennen_g_ch1_g11_compr.mp4,ch1g11,5.777603073308163e-05,0.0001631441635585,0.0001283807216169,0.0001378094916562,4.77876282819829e-05,0.0001513192759498,0.0001282871697776,3.665450854388069e-05,3.413918936029044e-05,6.431924251115587e-05,0.0001941339025798,6.377345889954197e-05,0.0001360141067212,0.0001286679631297,7.399378539454165e-05,9.67121786134432e-05,3.6921355604125174e-05,0.0002209633184945,6.448615848597401e-05,0.0001359651201064,0.0001500828312148,0.0001421027520602,0.0001345760870355,0.0001092339159011,4.655394770169288e-05,1.1774777502628865e-05,0.0001182209271329,0.0001767525659871,6.635075555878878e-05,0.0002456817462141,1.2437279345164884e-05,8.164902588116148e-05,0.0001654509863736,0.0002869216338197,7.95344873805704e-05,-0.0005129823730117,-0.0005141596326659,-0.0005209381258516,-0.0005175806807177,-0.0004345371300768,-0.000452306111864,-0.0004598331776722,-0.0005007126754215,-0.0002501733437384,-0.0004746939998838,-0.0004086348160699,-0.0004366528168112,0.0002337316289275,-0.0004068873527064,0.0001543564545553,-0.0029939648835894,4.789198517897611e-05,-0.00387148662163,-0.0001036038193525,-0.0043912257366944,-0.0002092316302282,-0.0034021969461277,-6.828680442375972e-05,-0.0001959356775882,0.0001851173929342,-0.0002361915880095,0.0005042687330423,-0.0003533850376279,0.0006079026253309,-0.0004002843620275,0.0006225601283041,-0.0003680138330461,0.0006338582327358,2.2696727996441382e-06,-7.797617854866846e-06,8.61189633224607e-06,-2.389454375123734e-05,-8.443511649745069e-06,-6.437375465582701e-06,8.451780589816361e-06,-3.4982590676293183e-06,-7.612160151535999e-06,-3.0668694262702294e-06,4.993548294515745e-05,2.1113045696266603e-06,9.912069737642613e-06,8.637235529705303e-06,-3.4125961843244897e-06,-7.064815307945146e-06,-7.459352090012445e-06,5.5747287882746626e-05,1.6102535038106928e-06,9.527541567024052e-06,-2.10315611925848e-06,9.46457668497007e-06,9.782139516971308e-06,7.264100795926501e-06,-7.982466045667606e-06,-4.970079776929484e-07,8.585287875136064e-06,4.4605442852012464e-05,4.804254997238956e-06,6.033865096920321e-05,-4.5031229486607305e-07,8.474731656109214e-06,-7.1643691321423225e-06,-8.046767061013695e-08,7.123126806445806e-06,-2.1336584174564265e-06,-1.672284758138673e-06,7.99341093439555e-06,8.704106166872631e-06,-2.1484173796723316e-06,4.5656384024388266e-07,1.2958169397354e-06,-8.814744665143067e-07,3.87717183730271e-06,1.537331871243466e-06,-2.323235600586781e-06,-2.095360193846749e-06,7.244205797109581e-07,1.3945265253582013e-07,7.921201472050602e-06,3.923341106073116e-06,1.373536390974169e-06,-2.3193167089759658e-06,1.3100964972984328e-05,-2.5305523194226405e-06,-2.3956151502887685e-06,-1.6262414699230084e-06,7.723031344207534e-06,2.1343422373416313e-07,-2.0363853992008296e-06,2.799627261595241e-06,-2.635149091239801e-07,5.61232368064928e-06,1.589119647098366e-07,-1.065500299780397e-06,1.1576140075909816e-05,7.867538992161764e-06,movement,movement,no movement,no movement
4699.999999999996,0.0353406675146046,0.2823691033023995,-0.3289360832999999,0.0444775939856055,0.3006750753372034,-0.3252366701666667,0.0469376830435878,0.3007142407085304,-0.3147279284333334,0.0456037364977496,0.3009367725530471,-0.3179646961666666,0.0280448740611293,0.3112108139411079,-0.3487602663666667,0.0298331490712406,0.3088419002824527,-0.3624415719666666,0.0330989188431657,0.2996055501252266,-0.3414254356,0.0668715544489081,0.3145202958271489,-0.2130621249333333,-0.0389455087273732,0.2832721301182613,-0.2598060257,0.0524787891491532,0.2821366424169136,-0.2703530654,0.024558873117099,0.2567856315383394,-0.3133333109666666,0.1173957188652268,0.2143555561800042,-0.0575773279666666,-0.1145360666089892,0.2643932286385744,-0.0795881391833333,0.1574806585698163,0.0599148963703555,-0.0961429234966666,-0.1686230282791766,0.023306212371814,-0.1251978665599999,0.1442314480634659,0.0680003414954206,-0.19710710226,-0.0816472975900052,-0.0342170549249357,-0.2184086322999999,0.1271957118519731,0.0831903558046362,-0.2136008488933333,-0.0314536767962701,-0.0347864435724052,-0.2737950091,0.117621535194198,0.1081927219005974,-0.2180357126666666,-0.000394161913841,0.0201113581371089,-0.2767446641666666,0.1441969280849004,0.0670617422961669,-0.2005789709599999,-0.0637502756348062,-0.0136538803666659,-0.138857514,0.0702248980302259,-0.1624870500836789,0.0624663999466666,-0.0679182622178562,-0.1672098536891672,-0.0615218975233333,0.0874150434069318,-0.4916178819362501,0.0548340363333333,-0.0269903417556976,-0.4342270394851268,-0.0957507640299999,0.048967522802386,-0.7483416188246007,0.2353780081999999,-0.0802101298617134,-0.7592814551207477,0.0414690242433333,0.0296025364311341,-0.7729434085309242,0.2588868588333333,-0.0828310097143336,-0.786203276420197,0.0154144874623666,0.0769747122439954,-0.8006421239095444,0.2289479747666666,-0.0473818680348514,-0.8139420578695137,-0.07505130221,nijmegen_nijmegen_rennen_g_ch1_g11_compr.mp4,ch1g11,5.9932469361891314e-05,0.0001625205853796,0.0001357180536223,0.0001104203828854,4.4501321902023245e-05,0.0001529795920331,0.0001354205379942,3.3065716331275515e-05,2.7353078955695708e-05,6.213621062760286e-05,0.0002472535650919,6.754421892853481e-05,0.0001444400507498,0.0001360945808933,7.39474209113302e-05,9.023620611334117e-05,3.3326948863490884e-05,0.0002801908691893,6.771954744987565e-05,0.0001439876611191,0.0001592681905746,0.0001501861372601,0.0001427006645209,0.000115682346149,4.369356748728199e-05,1.1481297105488877e-05,0.0001256409640352,0.0002231805767132,7.127458350503502e-05,0.0003106586307859,1.214849479557613e-05,8.893895851060497e-05,0.0001686707189173,0.0003064039694752,8.059196576943403e-05,-0.0003639244242688,-0.0003591146782567,-0.0003651574883839,-0.0003632671884327,-0.0002828605468869,-0.0002930295010701,-0.0003017239200851,-0.0003875912766173,-0.0001510804788616,-0.0003423383463793,-0.0002824363225294,-0.0003690819414741,0.0001378543144672,-0.0004480527964238,0.0001661696298058,-0.0037037465975174,0.0009378683628808,-0.0047260395786422,0.0010464355027672,-0.0053621266861247,0.0009761415398225,-0.0042051220902004,0.0008765943803794,-0.0001789383490528,0.0001655977722618,-9.2009276598728e-05,0.0005336161503866,0.0001988161843329,0.000878249041629,0.0001591784234335,0.0009027405046541,0.000127081885295,0.0008227568922724,1.9771522471855176e-06,5.602457904661161e-07,6.310551784790149e-06,-2.4758800786891207e-05,1.203434835232565e-06,3.6607850517518136e-06,6.142294509241884e-06,-3.0618573780293976e-06,-6.194033929839801e-06,-3.9347941508744634e-06,5.0266528054976206e-05,3.802937882415527e-06,7.410669588973909e-06,6.3691254045512185e-06,-2.89983773161218e-06,-6.490548953478054e-06,1.7787671776757234e-06,5.570457859820004e-05,3.153789664045256e-06,7.0609313421495776e-06,1.2749275145864644e-05,6.73320709701203e-06,7.2208880056075075e-06,5.373092693916658e-06,1.4026679838900605e-06,-2.3123050526376925e-07,6.282590458251026e-06,4.456509370274918e-05,4.187734380384193e-06,6.129693777284868e-05,-2.4519068649033656e-07,7.089118980514653e-06,6.190812693196946e-06,-2.868154091310801e-07,6.931223079111982e-06,-2.14826236193162e-06,6.058823237591336e-07,8.149947432285728e-06,8.372622204053647e-06,-2.1410623150582025e-06,8.107090615428652e-07,1.4244092070498211e-06,-9.226633716133198e-07,4.7797195880104244e-08,1.4568531032149291e-06,-2.376255140171005e-06,-2.122853646272608e-06,-5.8896385317054584e-08,8.252133117968662e-07,8.169581477954572e-06,-2.182613870240058e-07,1.3183371312038775e-06,-2.3306093360727497e-06,1.2087743635736522e-05,-2.4605467940399856e-06,-2.4196000280549e-06,-1.7007988553304092e-06,7.82058783093735e-06,2.3470076557372927e-07,-2.0817035264272208e-06,-4.106738963636919e-07,-6.716156758032844e-07,8.848770942603492e-07,1.8060445772587239e-07,-1.492797013361707e-06,1.1016272325184568e-05,6.970012094395268e-06,movement,movement,no movement,no movement
4716.666666666663,0.0327982751860915,0.2820802524888571,-0.3298891178333332,0.0421877165101975,0.3004135003540025,-0.3262407561333333,0.0446334335034751,0.3004458623989406,-0.3157136938666667,0.043309280455707,0.3006721703925611,-0.3189670963,0.0256033838843705,0.3110117735755932,-0.3492043030666667,0.0273641214100621,0.3086370465755338,-0.3628477041333333,0.0306464918302786,0.2993906074751693,-0.3418685246,0.0659279373014088,0.3142684185376854,-0.2141669561,-0.0404848251925794,0.2832034706399191,-0.2587742757333334,0.050535482206247,0.2818929440819829,-0.2715587526333333,0.0224313705240235,0.2565772123720662,-0.3137848002666666,0.1176729893648284,0.2140575703129481,-0.0590237225866666,-0.1156704229265427,0.2645156111308656,-0.0782179648666666,0.158543491061309,0.059489046487318,-0.0955469807366666,-0.1702939372370804,0.0234392788697724,-0.1245390027599999,0.1451156640323217,0.063783667471808,-0.1936746716833333,-0.0839546252098585,-0.0330532947525757,-0.2193188111333333,0.1281621644294241,0.077821116632942,-0.2098048681066666,-0.033645402703739,-0.0334732892335867,-0.2747264071666666,0.1181052166103413,0.102103318213863,-0.21436949549,-0.0023938838250967,0.0213641990070785,-0.2777794077666666,0.1448537486425338,0.062284226771623,-0.1970725386166666,-0.0658396977416819,-0.0125436328222919,-0.14436695,0.0703310429267158,-0.162659845741777,0.0619325621233333,-0.0680243024101848,-0.1670510790937377,-0.06096707812,0.0869021572818442,-0.491694947325261,0.0545217987,-0.0278594289202201,-0.4337121488385966,-0.0943726585699999,0.0490697661135627,-0.747912833121165,0.2360836829999999,-0.0807834569134205,-0.7583488348044494,0.0441326616266666,0.0297931458235934,-0.7725681836194441,0.2597011546666667,-0.0833580809790313,-0.7852388501815832,0.0181979554863666,0.0769673992467026,-0.8003963498290442,0.2295017391666667,-0.0484876089776806,-0.8131454859642698,-0.0715420107933333,nijmegen_nijmegen_rennen_g_ch1_g11_compr.mp4,ch1g11,6.141775421884856e-05,0.0001702234537998,0.0001408764954873,8.35706889633161e-05,5.349221030870761e-05,0.0001644006463779,0.0001404147923087,3.0854663474079536e-05,2.2165033441010908e-05,5.953836808800475e-05,0.0002965605563138,7.322953295925209e-05,0.0001505743582518,0.000141359053002,7.434452867979011e-05,8.535105192668375e-05,4.2037464300136936e-05,0.0003346069208755,7.276480424581706e-05,0.0001498105337285,0.0001819425958339,0.0001557545830404,0.000148613568923,0.0001203040342366,5.2627460949549814e-05,1.1412187980568056e-05,0.0001310150531747,0.0002656551514267,7.41384013005223e-05,0.0003723550841899,1.2015395612750115e-05,9.45336354666448e-05,0.0001844015006612,0.0003347534207465,8.980181725849688e-05,-0.0002301084902404,-0.0002141224026674,-0.0002192205695989,-0.0002184674883631,-0.0001457886099979,-0.0001473792059932,-0.000156508187037,-0.0002775339631251,-6.474225735637742e-05,-0.0002209274176788,-0.0001707730727306,-0.00031185081814,2.178932610036582e-05,-0.0005087219785831,0.0001168950418083,-0.0043518104988745,0.0017099234535572,-0.0054887826002195,0.0020722456631101,-0.0062162693388297,0.0020507866323971,-0.004922570736505,0.0017112670470721,-0.0001618624188157,0.0001463518338612,5.6310769723535725e-05,0.0005523868715058,0.0007027819376973,0.0011188974265995,0.0006686023311583,0.0011508994221985,0.0005957353905109,0.0009899127249213,1.5905917632036838e-06,7.740474975597197e-06,4.152037466535122e-06,-2.2994253300292735e-05,1.0250661740092962e-05,1.2378534058235882e-05,3.999103884457404e-06,-2.287873483697266e-06,-4.881037051447149e-06,-4.933499210564848e-06,4.742346322242435e-05,5.310454977982333e-06,4.980210547980636e-06,4.222515295538136e-06,-3.5886480634068606e-06,-5.320825778056163e-06,1.065993069494907e-05,5.230990464510895e-05,4.5270686457436686e-06,4.7145707346063295e-06,2.510847260230294e-05,4.303979884738224e-06,4.763945835920043e-06,3.619467376937491e-06,1.0048456974793576e-05,2.8188362959323553e-08,4.156559338393751e-06,4.1852014334249714e-05,3.4484926992922717e-06,5.8289721089126985e-05,-4.337923980396439e-08,5.303533926266455e-06,1.7537189589895176e-05,-4.0589425172585033e-07,5.9470627512493685e-06,-1.9477589665590737e-06,2.970916739844819e-06,7.293455178263235e-06,7.07216409023271e-06,-1.924602843687603e-06,1.107000031304263e-06,1.4639545597897694e-06,-8.902823803041579e-07,-3.032782628966874e-06,1.3533479132711542e-06,-2.1885781334796132e-06,-1.936217224883753e-06,-7.958639816459755e-07,1.5645909771267375e-06,7.385008024178072e-06,-3.435505894389509e-06,1.2271760968151174e-06,-2.11583228533334e-06,9.690424447149584e-06,-2.171666254882612e-06,-2.2015871969500228e-06,-1.6050201818405666e-06,6.940668756608389e-06,2.2488040679533493e-07,-1.9308202842279227e-06,-2.9239737537415514e-06,-8.886089571585306e-07,-3.003765106180642e-06,1.7626292724439277e-07,-1.686533065152222e-06,9.178288234135369e-06,7.305951247595258e-06,movement,movement,no movement,no movement
4733.33333333333,0.0302166732466514,0.2819986076287561,-0.3310383122666665,0.0398454665564954,0.3003780170408139,-0.3274091571666667,0.0422724404872851,0.3004057222595712,-0.3168696395333334,0.0409596395116696,0.3006350428763414,-0.3201196057666666,0.0231051130217359,0.3110252403208769,-0.3498321277333334,0.0248314585541165,0.3086525972686227,-0.3634415283,0.0281311936705387,0.2993999902527692,-0.3424894453333332,0.0649322596723646,0.314156600690582,-0.2153101940333333,-0.0421094085975221,0.283230224206025,-0.2578280505333333,0.0485524209742576,0.2818052992174792,-0.2729393238666667,0.0202589873053561,0.2565143396123833,-0.3144356402666666,0.1179333939690948,0.2137734882294881,-0.06041882878,-0.116832972371597,0.2645247140658608,-0.0769096028033333,0.159615576668798,0.0588955875647043,-0.0945500204733333,-0.1715037733437923,0.023547486821841,-0.1241727481266666,0.1460853507761352,0.0592039444903791,-0.1895678493166666,-0.0861908569532235,-0.0310011338417903,-0.2209288602333332,0.12922144463485,0.0721955859522679,-0.20525859267,-0.0358181520790422,-0.0308568304191092,-0.2764468068333333,0.1187130208840442,0.0957869178080767,-0.2099478980266666,-0.0045385700438127,0.0240157160269569,-0.2795459731999999,0.1455990412477061,0.0571645198232781,-0.1928729640933333,-0.0678985040568226,-0.0104305765534164,-0.151503712,0.0704619223910614,-0.1628219642180813,0.0613667620533333,-0.0681578296252328,-0.1669042613644035,-0.0603710428499999,0.0864785703873307,-0.4917005369140959,0.0543189832166666,-0.0285570108661484,-0.4331898375715,-0.0929547979366666,0.0492893618642736,-0.7470512814758928,0.2373365348666666,-0.081146259967108,-0.7571307743685478,0.0469866075933333,0.0301095126383261,-0.7717452000736138,0.2611323615333333,-0.0836775421492919,-0.7839731714043946,0.0211944742603666,0.0770739993672698,-0.7998093641825906,0.2307903980333333,-0.0494111108056668,-0.8121532324399576,-0.0678889899499999,nijmegen_nijmegen_rennen_g_ch1_g11_compr.mp4,ch1g11,6.234557323216166e-05,0.0001840558335658,0.0001438809701008,6.0605947318510765e-05,6.91627055777613e-05,0.0001834554086394,0.0001432897372417,2.9204204857971817e-05,1.7415396396314575e-05,5.4180348146497775e-05,0.000342172800859,7.8086739172018e-05,0.0001543327369931,0.0001444386737781,7.026660280974532e-05,7.89954466485663e-05,5.848243731076365e-05,0.0003837465798188,7.694622193825181e-05,0.000153368300151,0.000215458564509,0.0001587803309097,0.0001522291905064,0.0001229799867279,6.786563540645825e-05,1.158974885742496e-05,0.0001341488940457,0.0003055054672849,7.55302124760994e-05,0.0004285809977792,1.2080516524940273e-05,9.863713837562748e-05,0.0002103075480902,0.0003685384874492,0.0001025985649982,-0.0001246333528188,-9.329997523441729e-05,-9.682762614872202e-05,-9.721065871209374e-05,-3.444490119096265e-05,-2.830484660270741e-05,-3.716790209436799e-05,-0.0001736514388104,3.695033910420363e-06,-0.0001198229653255,-8.214945208171393e-05,-0.0002481047753115,-0.0001123828112645,-0.0005378660263448,-9.972838376251054e-06,-0.0049585476864679,0.0023277757309011,-0.0062152722428583,0.0029250912646866,-0.0070239501803699,0.0029620940413197,-0.0055923288204689,0.0023974686151271,-0.0001444932119675,0.0001270696280148,0.0002015729968134,0.0005490879158241,0.0011587239633899,0.0012862767298896,0.0011295766519861,0.0013194478186289,0.0010216836543536,0.0010937585839795,1.1679689421219796e-06,1.2779559683917924e-05,2.4693614544361468e-06,-1.8651819872559127e-05,1.7356886371758598e-05,1.8470459620961493e-05,2.350761388885613e-06,-9.260827448702266e-07,-3.694323962294422e-06,-5.73028965500337e-06,4.29558088309103e-05,6.513209179397892e-06,3.0284477465819966e-06,2.537490670625509e-06,-5.2299881143565685e-06,-3.471881746402881e-06,1.806963689730143e-05,4.755212474205916e-05,5.622633121084359e-06,2.8641294542368547e-06,3.312960271515602e-05,2.5201379162941395e-06,2.817368039927826e-06,2.2525193179723423e-06,1.6742626691466323e-05,2.5303815671190396e-07,2.495038076536115e-06,3.7751322987497857e-05,2.6324545603136873e-06,5.3534981769846334e-05,1.3344994916896234e-07,3.464380481372584e-06,2.5263089728628013e-05,-4.330740513648969e-07,4.463994150804432e-06,-1.621811588503946e-06,5.053683699555346e-06,5.736412456540165e-06,5.137273605255226e-06,-1.5907530737243646e-06,1.3526233518802717e-06,1.503814362253629e-06,-6.897608769661224e-07,-5.302654336580098e-06,1.3266791565429036e-06,-1.8501293625224392e-06,-1.6215320731028269e-06,-1.151652499110742e-06,2.372729069245803e-06,5.8561016954826254e-06,-5.683804663464185e-06,1.1987525034947884e-06,-1.7688549254200989e-06,6.43514748712652e-06,-1.7714141578555716e-06,-1.835683225626318e-06,-1.4029231086196907e-06,5.400139449501459e-06,1.8850708730045085e-07,-1.6631164310974204e-06,-4.7589113858045225e-06,-9.342130827585504e-07,-5.9132825973634975e-06,1.484724090139352e-07,-1.669098716722026e-06,6.494731966220323e-06,8.333096889525259e-06,movement,movement,no movement,no movement
4749.999999999997,0.0276014877008358,0.2819358402277565,-0.3321464361333332,0.0374662473201265,0.3003626062828359,-0.3285585354,0.0398722782896502,0.3003857287440856,-0.3180057537333334,0.0385706307515977,0.3006165966836088,-0.3212622407333333,0.0205654960149253,0.3110523318356608,-0.3505058678333334,0.0222532888360315,0.3086858978481585,-0.3640849982,0.0255712227552653,0.2994274570543541,-0.3431579461666666,0.0639012299134294,0.3140517018572918,-0.2164595206,-0.0438034165781658,0.2832475921776016,-0.2570200067333333,0.0465389327621309,0.2817243226600716,-0.2743062521,0.0180474425182164,0.2564615936586842,-0.3150931857999999,0.1181576839641987,0.213482028331742,-0.0618165154166666,-0.1180357747160479,0.2642764593199976,-0.0756457882599999,0.1606605568149408,0.0581633781329282,-0.0937094719833333,-0.1722570610574281,0.0234222373858374,-0.1240721165933333,0.1470209258580624,0.0540351479820371,-0.1852540171566666,-0.088365396503735,-0.0284199575100048,-0.2227369651333332,0.1302539954942394,0.0658729630433194,-0.2003396552866666,-0.0381046552140902,-0.027471649658606,-0.2783228570666666,0.1192536293504012,0.0887335056885933,-0.20525521514,-0.0070729386692671,0.0275023302176238,-0.2814148589666666,0.1462867287235694,0.0514012415265911,-0.1884890938933333,-0.070018753142288,-0.0077203378507395,-0.179920509,0.0706097830101039,-0.1629678098571404,0.0607719680466666,-0.0683107363590534,-0.1667762242530811,-0.0597390497866666,0.0861297493008388,-0.4914217980762325,0.05435159888,-0.029137613623974,-0.432623095650144,-0.0913144420866666,0.0497688291788796,-0.7455969745880195,0.2393473005333332,-0.0813529200576259,-0.7556427883003032,0.0501386930533333,0.0307252228232513,-0.7703160768660412,0.2633804997333333,-0.0838387117849034,-0.7824474435912346,0.0244970661626999,0.0775268701761544,-0.7985777662467665,0.2329701940333333,-0.050134554298893,-0.8109448905762113,-0.0640694262133333,nijmegen_nijmegen_rennen_g_ch1_g11_compr.mp4,ch1g11,6.262506550017156e-05,0.0002016789021904,0.000144793768275,4.479141987712678e-05,9.01429896796725e-05,0.0002075192251683,0.0001441246569278,2.8908491982313577e-05,1.427053329695272e-05,4.684410619452017e-05,0.0003786493821912,8.385302335860979e-05,0.0001558032638576,0.0001454341946934,6.305992658819432e-05,7.371897030616815e-05,8.09641231035747e-05,0.0004232433013254,8.176492618436111e-05,0.0001547758159099,0.0002558383692514,0.0001594355180436,0.0001535558861584,0.0001236350273049,8.80859760265392e-05,1.199601246589154e-05,0.0001350871501184,0.0003377698623215,7.667729279579408e-05,0.0004734423533529,1.2335316925193631e-05,0.0001011670736394,0.0002425270234549,0.0004009310228922,0.0001201858657516,-5.0958893365180046e-05,-2.6393116327517376e-06,-4.260702169023423e-06,-4.99760428495124e-06,4.614298735829905e-05,5.802583779076244e-05,4.9504785556646295e-05,-7.756340404401654e-05,5.1320139331867126e-05,-3.945407534960871e-05,-1.8758819579640342e-05,-0.0001730258073968,-0.0002451205551522,-0.0005355298172459,-0.0001606363471014,-0.005522204337584,0.0028348154840358,-0.0069003336556642,0.0036449450809117,-0.0077882347150363,0.003740206040242,-0.0062131872343264,0.0029729892232073,-0.0001266603050325,0.0001074814489516,0.0003203801428151,0.0005049377702697,0.0015199453925595,0.0013726352892733,0.0014981430791406,0.0014016675967847,0.0013661833703518,0.0011281089756836,8.142379901899613e-07,1.579533529896946e-05,1.193867358112017e-06,-1.2223015889460058e-05,2.156454885046757e-05,2.193486429112012e-05,1.1166835627110718e-06,6.372456230437439e-07,-2.486422661390891e-06,-6.31208773791521e-06,3.729941812030448e-05,7.382604166646911e-06,1.507712428848002e-06,1.2527577059274626e-06,-7.2180467580792685e-06,-1.034485060745695e-06,2.2801969005451092e-05,4.179294571923312e-05,6.380106518660063e-06,1.4285468149998686e-06,3.685403962112064e-05,1.203200071535557e-06,1.3280666123292329e-06,1.2015522204597692e-06,2.0625503850462295e-05,4.101658037868821e-07,1.206837039765819e-06,3.266288978881185e-05,1.82643018445029e-06,4.742962872829575e-05,2.549226833054534e-07,1.797375860891328e-06,2.938795717182499e-05,-3.826115633077451e-07,2.809894283700644e-06,-1.266527985319358e-06,6.528649939867559e-06,3.7185096465796366e-06,2.9486966469715385e-06,-1.2365794175555811e-06,1.4956296429737466e-06,1.5325304885185936e-06,-3.220347099258536e-07,-6.635601001247869e-06,1.32132573693865e-06,-1.465331051213854e-06,-1.2734328911190324e-06,-1.0372409677534448e-06,3.0894223069481397e-06,3.821230912907686e-06,-6.91823996592374e-06,1.195631231231169e-06,-1.395133568910528e-06,2.8850116585649723e-06,-1.3783237280921414e-06,-1.4288574393163563e-06,-1.168095945266502e-06,3.4394976301779285e-06,1.334457252850601e-07,-1.3745609191786229e-06,-5.836699993349634e-06,-8.812050904166851e-07,-7.673013633906444e-06,1.0340719251599901e-07,-1.4965550314852036e-06,3.485210891472674e-06,9.25536123338576e-06,movement,movement,no movement,no movement
4766.666666666664,0.024931452755946,0.2818863650881192,-0.3340129664999999,0.0350443918610312,0.3003486253098505,-0.3304706861666667,0.0374248229066803,0.3003685730916587,-0.3198948842,0.036130720404681,0.3005971167606349,-0.3231413208666666,0.0179769391043966,0.3110763978025601,-0.3518685959333333,0.0196283765462036,0.3087267754154596,-0.3654440099333333,0.0229621642987941,0.2994608399324157,-0.3445180297999999,0.0628361726166146,0.313891669777864,-0.2183766563333333,-0.0455192393820967,0.2832046635542889,-0.2567916697666667,0.0444719734496334,0.2816526827875659,-0.2764272178333333,0.0157927295113477,0.256419907853579,-0.3165225995666666,0.1183480264802138,0.2132582329563015,-0.0639257988733333,-0.1193096794518267,0.2638380076547059,-0.0749921940266666,0.1616774936003298,0.057506740261452,-0.0930486255999999,-0.1727877785389799,0.0232148367604804,-0.1252688790266666,0.1479279476873962,0.0485735623553361,-0.1810958360799999,-0.0904857634058919,-0.0250941815652981,-0.2264913469666666,0.131223920102886,0.0590758633057106,-0.1955819942699999,-0.0403808999621724,-0.023138764560021,-0.2823086335666666,0.1197464565078199,0.0811551534882571,-0.2008136031833333,-0.0097054242931372,0.0320619901192193,-0.2852940325666666,0.146948265373369,0.0452747478467938,-0.1843061247233333,-0.0721265079251645,-0.0041782303716932,-0.200317562,0.0707716984305375,-0.1630805851655693,0.0601477934233333,-0.0684821296339777,-0.1666832943694641,-0.0590695378833333,0.0860251600812308,-0.4908687097012436,0.0546045539133333,-0.0297171346367202,-0.432046314164765,-0.08917101274,0.0503721429053258,-0.7435725611499324,0.2421305279999999,-0.0814002497188826,-0.7540052393260053,0.0540733117899999,0.0314574699659794,-0.7682813851705892,0.2664527282666666,-0.0838108387020087,-0.7807706269524087,0.0286104877493666,0.078096495445694,-0.7967560501009031,0.2359454249666666,-0.0507216766434742,-0.8095134397840571,-0.0595198174766666,nijmegen_nijmegen_rennen_g_ch1_g11_compr.mp4,ch1g11,6.321191022655471e-05,0.0002193842188358,0.0001445047892181,3.646283077428936e-05,0.0001116119254249,0.0002320540351718,0.0001437915690536,2.9131839073904486e-05,1.333512593239916e-05,3.957505360907857e-05,0.0004074900228291,9.069468779864656e-05,0.0001557759901887,0.0001452040575344,5.364964607318662e-05,7.208430922628977e-05,0.0001038121944328,0.0004553245549144,8.756107185985796e-05,0.0001547456868441,0.0002961795692418,0.000158886277096,0.0001534105254326,0.0001232907361202,0.0001086146821985,1.2504112124469076e-05,0.000134614750596,0.0003643606127326,7.776599083582959e-05,0.0005097145705916,1.2677579617320297e-05,0.0001020029606345,0.0002753702684119,0.0004302277468237,0.0001395137645336,-2.644398577716926e-05,3.835294127197214e-05,3.963777497508065e-05,3.867911201985441e-05,7.811990951230244e-05,9.38807224934547e-05,8.535499218156322e-05,2.827555919347422e-07,7.111579311741724e-05,7.167699020302117e-06,7.937224480753293e-06,-8.655423818788665e-05,-0.0003618088103501,-0.0004901805730688,-0.0003291044536189,-0.0059995427679237,0.0032428922985376,-0.0075030725506466,0.0042370149995811,-0.0084450970335016,0.004404401185173,-0.006739817422471,0.0034465390494161,-0.0001104372257348,8.960676651062869e-05,0.0004094041675236,0.0004349351719469,0.0018138082919083,0.0013933152353221,0.0018059951384872,0.0014171342685268,0.0016696644885547,0.0011269445967515,5.059316898272515e-07,1.6467470814119963e-05,2.5181331968827165e-07,-4.5410458824212655e-06,2.3149574826115585e-05,2.2438702147784303e-05,2.184822482142007e-07,2.1446438256965624e-06,-1.058188097025175e-06,-6.679269073087988e-06,3.114698293028597e-05,8.133120127642346e-06,3.780965053284349e-07,3.013127868573068e-07,-8.730237703045875e-06,1.7310796156647958e-06,2.4797728834605068e-05,3.563234540020553e-05,7.019465571334108e-06,3.596756245068434e-07,3.616574461321034e-05,2.29051137322815e-07,2.465344030448583e-07,3.512964838107797e-07,2.197634449685438e-05,5.088674558368376e-07,2.0275229871653281e-07,2.7155855891521824e-05,1.0149108064751023e-06,4.0696821201592056e-05,3.3428694563611893e-07,4.539477150066909e-07,2.966310968127974e-05,-3.017790486221525e-07,1.3333003302707604e-06,-9.930336483672548e-07,7.190009980600107e-06,1.6058214057494907e-06,9.44729440053174e-07,-9.714891214717802e-07,1.5187019435782704e-06,1.5633179526501669e-06,1.485686334857935e-07,-7.192746054757033e-06,1.246442040355998e-06,-1.1531490464450623e-06,-1.001189552583136e-06,-4.330593059419369e-07,3.4696713921546e-06,1.6557939845427085e-06,-7.3843670646738206e-06,1.1326124781680703e-06,-1.1083764926663855e-06,-2.8781839937905424e-07,-1.121418439932361e-06,-1.1029381540348082e-06,-9.944460532000743e-07,1.40979606745055e-06,7.39330606413107e-08,-1.167943799244861e-06,-6.327490012127203e-06,-7.883544712806931e-07,-8.512908174805074e-06,5.303200795533089e-08,-1.235639613326787e-06,7.425757895854926e-07,9.679803898213109e-06,movement,movement,no movement,no movement
4783.333333333331,0.0222959428297159,0.281967305412082,-0.3355069310999999,0.0326631065251429,0.3004842407975187,-0.3320114742000001,0.0350190231672345,0.3005039169665748,-0.3214082580333333,0.033732681010802,0.3007285182323782,-0.3246451132999999,0.0154373868593454,0.31124427190967,-0.3528163048,0.0170507336022027,0.3089185574376354,-0.3663778822,0.0203996675975766,0.2996457099831018,-0.3454544684333333,0.0617923485521088,0.313925316038825,-0.2199620633666666,-0.0471969239279197,0.283317963327196,-0.2561677859333334,0.0424244427837097,0.2817405515427235,-0.2782517378666667,0.0135619854005433,0.2565159231685812,-0.3175642433666666,0.1185321549604251,0.2132847096072,-0.0658388007566666,-0.1205723652139037,0.2634244615393614,-0.07417071561,0.1626571956328628,0.0572295857806781,-0.0919140547866666,-0.1729176211717,0.0229689223582321,-0.12626657636,0.1488274439793517,0.0426141092283819,-0.1758489326966666,-0.092195559532965,-0.0213464094350672,-0.2296910579333332,0.1322045262592908,0.051446436140391,-0.18961760395,-0.0424396137328971,-0.0183024900891213,-0.2857573156,0.120211313158012,0.0725977922531623,-0.1952795606266666,-0.0122709482710608,0.0371169163076964,-0.2887453173333332,0.1475944274434015,0.0385239195411995,-0.1790709514333333,-0.0740401465367332,-0.0001925511267547,-0.242351174,0.0709691360460706,-0.1631770152916539,0.0594625996633333,-0.0686912792410928,-0.1666093046561489,-0.0583268397966666,0.0860979954088662,-0.4903701738706801,0.0548552229866666,-0.0302704214643858,-0.4315824714986916,-0.0869018071766666,0.0513364757295896,-0.7416257760724834,0.2446731250333333,-0.0809888014840969,-0.7524680158448717,0.0579131054633333,0.0325674869502049,-0.7663156798277586,0.2692280596,-0.0832927712881952,-0.7792077944346338,0.0325746392060333,0.079092909712825,-0.794818313608282,0.2387275159666666,-0.0511210656570461,-0.8081533078449239,-0.0548896776499999,nijmegen_nijmegen_rennen_g_ch1_g11_compr.mp4,ch1g11,6.428426875334359e-05,0.0002339395480821,0.0001441405014364,3.639812686794815e-05,0.0001365724915601,0.0002525989886799,0.0001433955228753,3.1587619890180095e-05,1.3278765205866774e-05,3.237611807254931e-05,0.0004312296187481,9.881243416530228e-05,0.000155330465577,0.0001448316999188,4.323157758912813e-05,7.588252637426411e-05,0.0001311811679688,0.0004838514835873,9.448400047344362e-05,0.000154307119915,0.0003297462315604,0.0001581235722469,0.0001529091578453,0.0001229460662181,0.0001322289922098,1.303846397503252e-05,0.000133859496546,0.0003860784328251,7.956369350178276e-05,0.0005404844790876,1.3033112254413171e-05,0.0001023177853438,0.0003028384655959,0.0004549484161857,0.0001625168690514,-4.967885037911433e-05,2.768955433900068e-05,3.2646027448705335e-05,3.1082562746531684e-05,5.893482950473911e-05,7.773673750911784e-05,6.919318534822373e-05,4.2538314468752374e-05,5.5841895440816225e-05,1.5773127303873677e-05,-3.800041792413971e-06,1.366135061860275e-05,-0.0004668419663219,-0.0003812221208201,-0.0004995173584787,-0.0063596973705369,0.0036272534972197,-0.0079975244821721,0.004779707502172,-0.0089833930816171,0.0050137783175151,-0.0071487233892196,0.0038939046294489,-9.408280666822808e-05,7.165246394697944e-05,0.0004763430153859,0.0003602768601135,0.0020601415799513,0.0013979818125118,0.0020701183654149,0.001417275194561,0.0019455476061622,0.0011376463553594,3.3083567059033186e-07,1.5844941956824938e-05,-5.368945636977e-07,3.474840925036107e-06,2.26756004576968e-05,2.1018760139971744e-05,-5.444414898334332e-07,3.6343776713830536e-06,5.974398420260694e-07,-6.4821717839922154e-06,2.483471017600161e-05,9.143231326144968e-06,-5.43658840926385e-07,-4.951218658211185e-07,-9.23508515575691e-06,5.081727405329619e-06,2.436735935747715e-05,2.924652181844213e-05,7.923966601187419e-06,-5.378452201051474e-07,3.263927453880665e-05,-6.611354236699338e-07,-6.128577890188513e-07,-4.632583582053464e-07,2.1393420704239254e-05,5.216155165420186e-07,-7.411715771380618e-07,2.160746737758313e-05,2.6867915172398917e-07,3.337052912684199e-05,3.395847015750982e-07,-5.144385467229984e-07,2.744315812689939e-05,-2.1527330409240673e-07,3.1543673990212e-07,-8.841731359075636e-07,6.958185062326248e-06,-4.412775820970814e-07,-4.976683876323202e-07,-8.753486139036916e-07,1.354970123617972e-06,1.6206836628858294e-06,6.647739240175188e-07,-7.249852499060212e-06,1.0451803978556586e-06,-1.0048072466614128e-06,-8.863289152716617e-07,5.149337900243331e-07,3.3194291699920765e-06,-4.909490671370052e-07,-7.446075592898597e-06,9.537360497121515e-07,-9.938765098588058e-07,-2.520025814489724e-06,-1.0770834552787366e-06,-9.51678397429186e-07,-9.432594181008348e-07,-5.320889833630681e-07,1.937906856672243e-08,-1.1181487299252844e-06,-6.428378261361617e-06,-7.171528975666021e-07,-8.745097931409777e-06,6.008348853251688e-09,-9.873009053942069e-07,-1.2326852765671674e-06,9.492367648680473e-06,movement,movement,no movement,no movement
4799.999999999998,0.0196741260304729,0.2819161025833587,-0.3361868224,0.0302954151617074,0.3005088088130423,-0.3327864051333334,0.032627664222522,0.3005348479561401,-0.3221535694333333,0.031352325295863,0.30075527555439,-0.3253954493333333,0.0129155803333426,0.3113076927830582,-0.3529949091333333,0.0144882029238454,0.3090077480231087,-0.3665350368,0.017853303387553,0.2997265005127009,-0.3456210931999999,0.0607368822509259,0.3139712718118059,-0.2209270814333333,-0.0488729315087179,0.2834062678502861,-0.2549305231666667,0.0403745422765013,0.2817733639097293,-0.2793163841333333,0.0113381805771587,0.2565331183132537,-0.3177950653333333,0.118547705653514,0.2133630589912984,-0.0672451969366666,-0.1218252359101846,0.2629264244710046,-0.0730198366033333,0.1631930226101042,0.056998396959755,-0.0901976475233333,-0.1726460498726275,0.0223403299187814,-0.1272742628933333,0.1496245319350161,0.03596914874113,-0.1699725493966666,-0.093572325799266,-0.0175693405761981,-0.2328155383666666,0.1331604878459729,0.0429788186639009,-0.18296820491,-0.044267580172864,-0.0133784550939106,-0.2890612567,0.1206127480786904,0.0629838840599132,-0.1890733484366666,-0.0148332880775956,0.0422339460960435,-0.2920458361333333,0.1481369474449136,0.0309952235593509,-0.1732191935333333,-0.075793476678389,0.0038350472865583,-0.271149099,0.0711740541529667,-0.1632538820482018,0.0587585206666666,-0.0689071632454389,-0.1665563838017885,-0.0575635932533333,0.0862531025843312,-0.4898434971362777,0.0550159121433333,-0.0307273867712992,-0.431284320206075,-0.0846400441066666,0.0525099955018534,-0.7394618919578991,0.2466540257999999,-0.0802225385876438,-0.751133643703337,0.0617156864133333,0.0338964213933954,-0.7641503423709194,0.2713815555333334,-0.0824042026248752,-0.7778666568295555,0.0364625670503666,0.08053914761688,-0.7926957974552684,0.2412360390333333,-0.0510272929133531,-0.8070560633571598,-0.0500750343599999,nijmegen_nijmegen_rennen_g_ch1_g11_compr.mp4,ch1g11,6.506348938232797e-05,0.0002465913153567,0.0001442263950335,4.522871022221683e-05,0.0001611130160562,0.0002701841081663,0.000143476856077,3.617482841993245e-05,1.4078393294702618e-05,2.596959636281608e-05,0.0004535935126655,0.0001093417745934,0.0001552200084506,0.000144910470497,3.3103541820695126e-05,8.420349906953557e-05,0.0001571774938244,0.0005121352233448,0.0001036533900115,0.0001542316021272,0.0003575812418212,0.0001582280021855,0.0001527178922501,0.0001230893101938,0.00015529973641,1.3577161672066263e-05,0.0001336054997149,0.0004050408545172,8.102971107021586e-05,0.0005715807384768,1.3383451826308098e-05,0.0001018484517652,0.0003257702367045,0.0004775006296822,0.0001867137739694,-0.0001229086984858,-3.910786367089674e-05,-2.940122989641196e-05,-3.2149282002157865e-05,-7.480861072548507e-06,1.3058885089349066e-05,3.731153164065298e-06,3.984226586477781e-05,1.4627189879461285e-05,-1.86608760766426e-05,-5.269245588075233e-05,0.0001075718953894,-0.0005504701391718,-0.000264410417867,-0.0006589428606595,-0.00669975677584,0.0039418837189705,-0.0084815296618947,0.0052212653792337,-0.0095151987071934,0.0055138217263363,-0.0075378461947516,0.0042665648503307,-7.863320658280409e-05,5.455149443971222e-05,0.0005115146034392,0.0002779681052106,0.0022566728122758,0.0013791013576426,0.0022871407308384,0.0013925616777412,0.0021886617957758,0.0011435145595525,2.2257301118059534e-07,1.5280805147134947e-05,-1.309420659748163e-06,1.027854579916739e-05,2.0849554778867248e-05,1.9246385736529495e-05,-1.3209883347510518e-06,5.025992684716406e-06,2.4568159498171793e-06,-5.616008306342696e-06,1.7584374379445413e-05,1.0368277445529827e-05,-1.401301858278862e-06,-1.2729174445046397e-06,-8.034352771141647e-06,8.890070798395098e-06,2.233187404120167e-05,2.183942996217596e-05,9.044582627855992e-06,-1.4096613345860383e-06,2.8315110717570436e-05,-1.6777328034312382e-06,-1.4109631319752048e-06,-1.367378270523498e-06,1.9536968720542856e-05,4.874998670599775e-07,-1.7968980448569977e-06,1.522302262612203e-05,-3.891061028402758e-07,2.4515067371421784e-05,3.0209592276345485e-07,-1.2129604236023776e-06,2.467947532821286e-05,-1.0993443886473777e-07,-2.50501990900121e-07,-9.619682664956544e-07,5.87144805104489e-06,-2.1087654231257167e-06,-1.3481818525593078e-06,-9.679526174844027e-07,1.0100125719028842e-06,1.6820539508938046e-06,1.1320655651408826e-06,-7.1505515552261395e-06,6.576749855628899e-07,-1.0589545300544926e-06,-9.544314150277474e-07,1.62830203588952e-06,2.6672243103800035e-06,-2.2434850179892468e-06,-7.451077214142354e-06,6.028033594825895e-07,-1.0841158463181583e-06,-3.7557462014812554e-06,-1.270131204759823e-06,-1.009451093325894e-06,-1.0243578685176129e-06,-2.090584578852294e-06,-2.3044877100784532e-08,-1.2432918415840953e-06,-6.390560943091798e-06,-6.523544787687178e-07,-8.81270415059013e-06,-3.1119789335276266e-08,-7.931107577907033e-07,-2.3812258722991437e-06,8.833305731775395e-06,movement,movement,no movement,no movement
4816.666666666665,0.0170754798177853,0.2817558746168693,-0.3362015725666666,0.0279393513905063,0.3004496595645471,-0.3329712997333334,0.0302474380103891,0.3004932954856936,-0.3223117959333333,0.0289868581558604,0.3007114004151797,-0.3255661451,0.0104126920594454,0.3112946919081877,-0.3526008082,0.0119421467920012,0.3090118747970728,-0.3661111762666666,0.0153244157555432,0.2997170995079107,-0.3452155759999999,0.0596440963189376,0.3140535323090671,-0.2214247951,-0.0505466013750354,0.2834515355468339,-0.2533143964,0.0383362121991255,0.2817644272564199,-0.2797279750666666,0.0091283306563539,0.256470387118082,-0.3173826555333333,0.1184492705961512,0.2135460105473568,-0.06815402621,-0.1230638618639433,0.2623862274972767,-0.0716121864966666,0.1634340369912663,0.0568660794336153,-0.0879465281099999,-0.1722932555072073,0.0215287834653633,-0.12802239306,0.1502865825639645,0.0289589039189693,-0.1634916960133333,-0.0947263182109123,-0.0137612729005221,-0.2357289299666666,0.1340300732910625,0.034069331802427,-0.1756355919699999,-0.0458544115124354,-0.0083310236499069,-0.2922374779666667,0.1209302690197796,0.0529143409623692,-0.1822307664933333,-0.0172984075392,0.0475378677447331,-0.2951673741,0.1485680179266507,0.0231090763997098,-0.16677447869,-0.077399741317991,0.0079664388055187,-0.308748931,0.0713863294967558,-0.1633221090491718,0.0580526637133333,-0.0691295643595759,-0.1665130050414416,-0.0567983600133333,0.0866073031222475,-0.4893418024507879,0.0545597582933333,-0.0310608438442711,-0.4310937925183769,-0.0827622225033333,0.0538913407007137,-0.7373233462614144,0.2476569742666666,-0.0791724693271241,-0.7500144973408819,0.0647412088799999,0.0354250660430585,-0.7619982657473476,0.2725151464666667,-0.0812159253681798,-0.776758578845547,0.0395105811337,0.0821658010313505,-0.7905493455492982,0.2427941601,-0.0503328727110845,-0.8061662449023511,-0.04603193545,nijmegen_nijmegen_rennen_g_ch1_g11_compr.mp4,ch1g11,6.51651838432575e-05,0.0002581531270419,0.0001431629625078,6.036718789627401e-05,0.0001815448625449,0.0002851234352359,0.0001424187590933,4.245897759518254e-05,1.618530734867865e-05,2.1225829272339617e-05,0.0004746079296579,0.0001204359377883,0.0001538837460643,0.0001438741741999,2.424970043194631e-05,9.522705865661264e-05,0.0001785845460357,0.0005380429027484,0.0001134073003804,0.000152886589729,0.0003791550533075,0.0001571878899374,0.0001513311625106,0.0001222032708568,0.0001742347958061,1.4055583979557073e-05,0.0001321779246199,0.000422538857752,8.127428917483273e-05,0.0006014770660122,1.3678139760327675e-05,9.974429371350522e-05,0.0003445057484153,0.0004994140252911,0.0002078917503154,-0.0002331636430978,-0.0001467028970015,-0.0001320268753039,-0.0001357124825273,-0.000112592413401,-9.13260185021312e-05,-0.0001019025233708,1.2316010236421711e-05,-4.4319096456764526e-05,-8.325578956815404e-05,-0.0001311703309955,0.000210349706765,-0.000608883731181,-0.000119940188831,-0.0007911749242703,-0.0070085433469115,0.0041843962725973,-0.0089275621360283,0.0055574070478976,-0.0100184744761329,0.0058984958884716,-0.0078970167696612,0.004555588042077,-6.251883583142577e-05,3.677879431766457e-05,0.0005096535788709,0.0001815104469684,0.0024032548195638,0.0013349040199467,0.0024528191018412,0.0013434058068956,0.0023784739066448,0.0011325969139944,1.2176417911699406e-07,1.502969832234848e-05,-2.1903070055464852e-06,1.543859389594966e-05,1.830985370313829e-05,1.7577766024136597e-05,-2.2262214053061164e-06,6.0107199137857895e-06,4.258596681000989e-06,-4.177612406009873e-06,1.0396182844255333e-05,1.148763568367327e-05,-2.3410598919486767e-06,-2.1460001523954564e-06,-5.2586743800718826e-06,1.2092016140540788e-05,1.9462625996898792e-05,1.4273895012465286e-05,1.007966374342543e-05,-2.391985274202238e-06,2.3938135446560845e-05,-2.916328925132561e-06,-2.3090410592053113e-06,-2.3782632947799867e-06,1.7045973856927883e-05,4.426815086262043e-07,-3.0157490327026305e-06,8.841688121110222e-06,-9.440462015604932e-07,1.530077969289155e-05,2.522850136918501e-07,-1.7760504197380097e-06,2.1923280356659285e-05,2.777127098588936e-09,-5.363756409125792e-07,-1.1535719550198713e-06,4.138835451624844e-06,-3.2302380430474047e-06,-1.7582448862162114e-06,-1.172347469467566e-06,5.129711218722725e-07,1.6960047692991909e-06,1.481884743281103e-06,-7.023341813909684e-06,1.2553403673678424e-07,-1.249294709984191e-06,-1.136117867466652e-06,2.71059865213836e-06,1.5904132795000324e-06,-3.428677337238123e-06,-7.464165734223053e-06,1.1752720635024029e-07,-1.3041238000536575e-06,-4.181276972393991e-06,-1.5881403487333026e-06,-1.2105084193680865e-06,-1.1608827720964795e-06,-3.1117187840156394e-06,-4.87321541388297e-08,-1.4499027864143162e-06,-6.346656199612425e-06,-5.877470778156095e-07,-8.804333208927856e-06,-5.3792299770916617e-08,-6.644560200266763e-07,-2.8749368988496084e-06,8.065051003734827e-06,movement,movement,no movement,no movement
4833.333333333332,0.0144917031121836,0.2814122765041352,-0.3364636224,0.0256031215275706,0.3002009998712731,-0.3334811886666667,0.0278856952484703,0.3002584218725536,-0.3227921686333332,0.0266401486358779,0.3004745152658906,-0.3260428571,0.007926936383341,0.3110720339922715,-0.3524921171333333,0.0094160297509096,0.3088125997150577,-0.3659812769,0.0128130312994366,0.2995103544538308,-0.3450871478666667,0.0585691516275217,0.3140832655512955,-0.2222117269333333,-0.0521933190458216,0.2833724529878149,-0.2519530079333333,0.0363131422789488,0.2816270800475904,-0.2804010714666666,0.0069324759699301,0.2562711038062145,-0.3171836336333333,0.1183367959626247,0.2138203312523812,-0.06925711745,-0.1242771714655496,0.2617972615770669,-0.07043059816,0.1636306005301746,0.0568185795966822,-0.0856565371533333,-0.1714068938666521,0.020626206502081,-0.1289987345266666,0.1509023778312047,0.0217248867621937,-0.1569010452166666,-0.0951885289662612,-0.0096743153498559,-0.2392603913999999,0.1348431144017004,0.0248602973378551,-0.1682043196133333,-0.0467908433824974,-0.0028553019506398,-0.2962105557,0.1211224214129387,0.0425885743487883,-0.17501596785,-0.0192053660733266,0.053393408629258,-0.2991817091666667,0.1489256423041764,0.0149561219182006,-0.1601076087833333,-0.078354782837533,0.0124357052651671,-0.297346771,0.0716152172702292,-0.1633734435530509,0.0573291919733333,-0.0693699005428897,-0.166487191055235,-0.0560088298099999,0.0872547397147519,-0.4889109928940412,0.0539357865733333,-0.0313085798083969,-0.4309927854387641,-0.0808206784699999,0.0556008006024068,-0.7349671072937743,0.2488925626333333,-0.0777043030140077,-0.7488683533060558,0.0678728192733333,0.0372924169727965,-0.75959038865254,0.2739581768999999,-0.0795645612303325,-0.7756144611771748,0.0426767092703666,0.0840651197574242,-0.7882353112541134,0.2447991649666666,-0.049227628034718,-0.8053052512852711,-0.04182859957,nijmegen_nijmegen_rennen_g_ch1_g11_compr.mp4,ch1g11,6.549028694330482e-05,0.0002703662773438,0.0001408692387334,7.942935204060167e-05,0.0001941083842923,0.0002988724995061,0.0001401185927614,4.953759710175553e-05,2.065387111702231e-05,1.852174906058153e-05,0.0004855634024388,0.000131995433187,0.0001512373789224,0.0001416677820519,1.9294541723539184e-05,0.0001087312215718,0.0001929019573077,0.0005533187562754,0.0001235707521922,0.000150139565222,0.0003962915874857,0.000154274936257,0.0001486607717134,0.0001200315652647,0.000185619654004,1.4417700600294007e-05,0.0001290300401216,0.0004311856195376,7.981681731891305e-05,0.0006190962085957,1.3868281470833928e-05,9.680122208727444e-05,0.00036094628171,0.0005154612145707,0.00022298965615,-0.0003385904263949,-0.0002510970929652,-0.0002317370870055,-0.0002360342870269,-0.0002174015204444,-0.0001959823702693,-0.000208183888166,-3.995424003633226e-06,-0.0001033186540153,-0.000140239035397,-0.000205346236606,0.0003369960995102,-0.0006410679847371,7.332830386859646e-05,-0.0008775571888617,-0.0071665567004895,0.0044254816739031,-0.0091954236983881,0.0058780131708943,-0.0103159667629151,0.0062678615663769,-0.0080873956722277,0.0048382508888491,-4.487224345679893e-05,1.7674614063414765e-05,0.0004873681256325,7.30612396825522e-05,0.002509053942352,0.0012842288535332,0.0025712483421312,0.0012914885632502,0.0025206124053129,0.0010938416793295,1.245363882604495e-07,1.4918358536631907e-05,-3.4653917487977975e-06,1.8343784228511883e-05,1.483526505534813e-05,1.61347076273318e-05,-3.53528563724406e-06,6.261766812846776e-06,5.959080911830011e-06,-2.3194530055631457e-06,3.4463836195778765e-06,1.1701753186275996e-05,-3.6925309902583457e-06,-3.394167246764702e-06,-1.487444922695112e-06,1.385449040879566e-05,1.5610628910421507e-05,6.764440382974971e-06,1.0324661674001214e-05,-3.817579518592166e-06,1.9997725115169452e-05,-4.733436404952283e-06,-3.6423935261716496e-06,-3.6887748366113777e-06,1.3740863964187634e-05,3.721191915896355e-07,-4.6624467817263145e-06,2.5835316946208526e-06,-1.48434292881774e-06,6.28479434694386e-06,1.778304807116489e-07,-2.360353929584956e-06,1.9353259741251984e-05,8.91635844645643e-08,-7.884858580366314e-07,-1.3971835713786925e-06,2.0882345644431996e-06,-3.714731936673421e-06,-1.9842247474700356e-06,-1.42286738006423e-06,-5.9148514562350117e-08,1.5872656199080442e-06,1.6804784622059557e-06,-6.679130858081208e-06,-5.44134790546285e-07,-1.514541417411489e-06,-1.3731946557456116e-06,3.4982155159518307e-06,2.282137535432845e-07,-3.9424739872136705e-06,-7.291508802598358e-06,-4.906820033010007e-07,-1.585159355350528e-06,-4.185937745662198e-06,-1.9209843258164903e-06,-1.4914091515876612e-06,-1.2903524667627726e-06,-3.5197053231113275e-06,-5.6493366631366486e-08,-1.649483500034596e-06,-6.120381160198211e-06,-5.134011707422153e-07,-8.446799207774464e-06,-5.991176618401469e-08,-6.245439882845271e-07,-3.051345828406275e-06,7.394525737774829e-06,movement,movement,no movement,no movement
4849.999999999999,0.012016107001295,0.2809645293860552,-0.3357239605666667,0.0233195572585185,0.2998578969029247,-0.3330133995000001,0.0255745100100484,0.2999424103913721,-0.3223066859999999,0.0243423242767331,0.3001544741395756,-0.3255574279333333,0.0055113279219899,0.3107538430914716,-0.3515021127999999,0.0069539700269801,0.3085063825317221,-0.3649476042,0.010369609322201,0.2991883643437698,-0.3440851570333333,0.0574339067344421,0.3141083010666329,-0.2221352243666667,-0.0537913228797597,0.283203224130979,-0.2500970151666666,0.0343590331463783,0.2814379630339521,-0.2800451314,0.0048659000691418,0.2559758727027995,-0.3160852491666667,0.1181384389786606,0.2142665886566763,-0.0694628394066666,-0.1254053343495478,0.2611412385418592,-0.0689843582633333,0.1636858567822296,0.0569701350936535,-0.0822038398833333,-0.1701724234913414,0.0195830876834692,-0.12965026296,0.15139691199261,0.0145557232270981,-0.1489315499433333,-0.0950546379503037,-0.0053724867875136,-0.2421328643999999,0.1355516360531586,0.0157171808965949,-0.1592650237166666,-0.0470598050698823,0.0029577066414929,-0.2994342451,0.1212085728629855,0.0323091477981166,-0.16654105506,-0.0206409697236588,0.0596087583372129,-0.3023066942666667,0.1491759912989689,0.0069108710700219,-0.1521518858233333,-0.0788057742988236,0.0171964772733883,-0.292121261,0.0718415079093552,-0.1634172741356184,0.0566166891033333,-0.0696076953587734,-0.1664701567362428,-0.0552302479199999,0.088012622950452,-0.4884579741687457,0.05255617772,-0.0313531618726121,-0.4310486334669301,-0.0794116393199999,0.0573750973567649,-0.732500936910374,0.2489063521666666,-0.0759639052847911,-0.7477353644420276,0.0706652834866666,0.0392129509856819,-0.7570551265578352,0.2740985499,-0.0776457988174915,-0.7744781756496149,0.0455154696470333,0.0860593877950852,-0.7857603671574379,0.2454915623333333,-0.047432167871998,-0.8044104929028761,-0.0378475396566666,nijmegen_nijmegen_rennen_g_ch1_g11_compr.mp4,ch1g11,6.525987469318097e-05,0.0002839484319743,0.0001370725742603,9.743017906618216e-05,0.0002023578558201,0.0003122800719274,0.0001362620535433,5.5853677262894274e-05,2.76879276375354e-05,1.6705375011326832e-05,0.000486046931249,0.0001427265273516,0.0001473156689379,0.0001379538847986,2.0132048460200597e-05,0.0001220112699322,0.0002025778513712,0.0005569180410233,0.0001329647577764,0.0001460382732326,0.0004112410107161,0.0001493631816354,0.0001448311091612,0.000116196609641,0.0001928211120219,1.470498995203511e-05,0.0001244157450125,0.0004304812513419,7.719956613959682e-05,0.0006220472511082,1.396867407806112e-05,9.437740053904748e-05,0.000376255494683,0.0005252035404923,0.0002342212801005,-0.0004171875379882,-0.0003309694618079,-0.0003081044837956,-0.0003132714048781,-0.0003077709365126,-0.0002844311645929,-0.0002969161387024,-1.1731653783357064e-05,-0.0001643743600427,-0.0001807962743043,-0.0002643565667229,0.0004692236106721,-0.0006686827836436,0.0002883792060303,-0.0009353714545703,-0.0071632043494887,0.0046751642893935,-0.0092639596508677,0.0062044822017428,-0.0103676726136671,0.0066634746618277,-0.0081001025273327,0.0051278842852451,-2.4775595245913055e-05,-3.3169611425175007e-06,0.0004740933680478,-1.1333205932943485e-05,0.0026086346630022,0.0012626905530355,0.0026767475356752,0.0012716676028741,0.0026327977156002,0.0011046445667961,1.681902705953877e-07,1.4792236540642537e-05,-4.995431535742481e-06,1.890199544748048e-05,1.1244667540006115e-05,1.4894296804782928e-05,-5.100554212386725e-06,5.911905217043064e-06,7.407351256997113e-06,-1.5586440806092604e-07,-3.1061772091427753e-06,1.1016612916160909e-05,-5.3309710896621146e-06,-4.8881946741693515e-06,2.8850520559332655e-06,1.3371052612961178e-05,1.1572722980468248e-05,-5.619478854983701e-07,9.727957176567756e-06,-5.538032581917261e-06,1.6892225567573758e-05,-6.823777817045831e-06,-5.270510290332788e-06,-5.069214161264257e-06,1.0395622224609955e-05,3.29052211283441e-07,-6.414114600585532e-06,-3.5299493970816377e-06,-1.987172134724575e-06,-2.251844882847941e-06,1.2644790315358646e-07,-2.9922786297003383e-06,1.7124518290661437e-05,1.5188196566112977e-07,-1.2181487391218858e-06,-1.6162452337814164e-06,9.714599015394513e-08,-3.780509703351533e-06,-2.2804727530106215e-06,-1.639960448779631e-06,-5.933386640137026e-07,1.322748644794716e-06,1.7486445908500582e-06,-6.146329135722965e-06,-1.2979062020747057e-06,-1.7787197555659866e-06,-1.5894911595351395e-06,3.802467043632155e-06,-1.2359685253660065e-06,-3.95313172684734e-06,-6.928086292735761e-06,-1.1725015164819543e-06,-1.848635248583609e-06,-4.191678127703655e-06,-2.1628934481669557e-06,-1.77593146303575e-06,-1.3456695792613145e-06,-3.5347225419790847e-06,-5.0877970946163626e-08,-1.7667931714553574e-06,-5.713666716193981e-06,-4.5117071369053506e-07,-7.738101859522762e-06,-5.2046362270078227e-08,-6.949634745915653e-07,-3.241038022755702e-06,6.9712313586395055e-06,movement,movement,no movement,no movement
4866.666666666666,0.009637857624331,0.2805147345259982,-0.3353382644666667,0.0211189302493225,0.2994899691366051,-0.3328728398333334,0.0233395505262219,0.2995982111127622,-0.3221513997333333,0.0221251399578982,0.2998048904937232,-0.3253861291333333,0.0031745948041212,0.3103954396396464,-0.3508382730333332,0.0045691570885069,0.3081671989340058,-0.3642594258666667,0.0080137138128215,0.2988357419767451,-0.3434126259,0.056309657653498,0.3141109446996473,-0.2222444384666667,-0.0553107266946862,0.2829631241748129,-0.2485103226333333,0.0324827152233442,0.2812372673633904,-0.2800234273666666,0.0028949240332171,0.255673522196946,-0.3153588463666667,0.1179407149476875,0.2148011419675714,-0.06973136069,-0.1264954019639902,0.2604480120161885,-0.06773559526,0.163769742371589,0.0572889078836945,-0.0787365393866666,-0.1685694701660657,0.0186459648645346,-0.1306762064266666,0.1517142090430454,0.0071716664597244,-0.1420148013199999,-0.0944910077555404,-0.0005114270385056,-0.2459949254999999,0.1360068078791143,0.0061662424620596,-0.1517097828399999,-0.0468939636010368,0.0094147974707798,-0.3038194020333333,0.1210155283869471,0.0217030528666375,-0.15972508746,-0.0215921739280653,0.0665691854314098,-0.3066170965333333,0.1492074029064017,-0.001433730850718,-0.1454229270499999,-0.0787975732286331,0.0225450123177286,-0.299647748,0.0720836384987947,-0.1634386494226396,0.0558897806999999,-0.0698635822379376,-0.1664772354624968,-0.0544307499599999,0.0888260786716732,-0.4880800488161748,0.0513871961533333,-0.0312400083204348,-0.4311487541527564,-0.0775386314066666,0.0592827799798338,-0.7299921161168653,0.2503514717333333,-0.0739934119739073,-0.7465102323534024,0.0747071341933333,0.0412946938060676,-0.7544630427716,0.2758082117666667,-0.0754771411674747,-0.7732369809324068,0.0497052356603666,0.0881505715405695,-0.7832628374178835,0.2477688879333333,-0.045659269101709,-0.8033181598420006,-0.0324964055133333,nijmegen_nijmegen_rennen_g_ch1_g11_compr.mp4,ch1g11,6.515639118650465e-05,0.0002994291969802,0.0001313679314077,0.0001161133404603,0.0002105246219493,0.0003266973076435,0.0001304291964511,6.145230097904574e-05,3.6507322807392465e-05,1.7498262257286215e-05,0.0004788776138931,0.0001530303103389,0.0001414719363572,0.0001323940302201,2.697755259179764e-05,0.0001357050709767,0.0002108136501488,0.0005518382681466,0.0001421168851077,0.0001399068814136,0.0004263085411799,0.0001414239460425,0.0001390865931888,0.0001102607802598,0.0002006539123256,1.4955627323302805e-05,0.0001171744083915,0.0004233433829132,7.36995566907554e-05,0.0006150855770523,1.4029288510919447e-05,9.168740493321656e-05,0.0003927945263635,0.0005320597335237,0.0002458845289243,-0.0004510078244696,-0.0003655185028126,-0.0003401780263085,-0.0003459661876245,-0.0003591672793585,-0.0003339806332851,-0.0003465379848358,1.4261411772023242e-05,-0.0002096842655486,-0.0001852464160702,-0.0002917649232119,0.0006136273801148,-0.0006763497919441,0.0005177908963859,-0.0009482555391108,-0.0070453188150917,0.0049083878328086,-0.0091811614357521,0.0065018445887024,-0.0102506886466127,0.0070112190769128,-0.0079803539659788,0.0053936131780307,-4.745403002709063e-06,-2.3578360966691345e-05,0.000443734046155,-8.942621141256689e-05,0.0026761344535574,0.0012524139501537,0.0027486606951888,0.0012653790745146,0.002681992918163,0.0011016636142402,2.687826211896643e-07,1.3892018889735167e-05,-6.795091068454869e-06,1.7581013093007378e-05,7.853379232621583e-06,1.3137705829721996e-05,-6.92408723279813e-06,5.062438023594856e-06,8.581428612190256e-06,1.7381793440325762e-06,-9.63212765157398e-06,9.282737197586738e-06,-7.283774031756449e-06,-6.657565858947204e-06,7.02462532878698e-06,1.1214297976956192e-05,8.023319617586167e-06,-8.081005372097763e-06,8.162982746034702e-06,-7.561489738825803e-06,1.3727541507980762e-05,-9.17734777053972e-06,-7.217504289087353e-06,-6.518589771547308e-06,7.272776982133842e-06,2.8502100664549177e-07,-8.286538986228084e-06,-9.704977657971609e-06,-2.5803679577542037e-06,-1.0408981460193056e-05,7.659802818994574e-08,-3.726059532370401e-06,1.4551807669485466e-05,1.630643690523295e-07,-1.9981556236458832e-06,-1.724059279188154e-06,-1.6491038314321749e-06,-3.6841285262744505e-06,-2.896696515845988e-06,-1.7360482154286337e-06,-1.015217995760711e-06,9.270675672615772e-07,1.624313635840249e-06,-5.5850986694677225e-06,-2.069940503277911e-06,-1.9375297253757436e-06,-1.701573678383834e-06,3.5817509288904773e-06,-2.594528520401052e-06,-3.693390896884507e-06,-6.519986266769585e-06,-1.870263351101545e-06,-1.9883980055987157e-06,-4.6188169527501224e-06,-2.1927496718804845e-06,-1.952527184055629e-06,-1.2657035493609185e-06,-3.4352781315237056e-06,-4.129318410611208e-08,-1.6982502191870965e-06,-5.2643927825420615e-06,-4.190189433545772e-07,-6.924886482822939e-06,-3.8589743128413726e-08,-8.063086663320216e-07,-3.807518264226068e-06,6.874222896345499e-06,movement,movement,no movement,no movement
4883.333333333333,0.0074075504772732,0.2800708080203194,-0.3349934436333333,0.0190366635046462,0.299119959051881,-0.3327715447333334,0.021216806032082,0.2992540892168601,-0.3220380784,0.0200213864511904,0.2994536278198595,-0.325254533,0.0009515530482492,0.3100170723053282,-0.3502289089333333,0.0023012019643812,0.3078181776798244,-0.3636374663,0.0057772560964841,0.2984730734728621,-0.3427968473333333,0.0552300011063568,0.3141120179497512,-0.2223618099333333,-0.056759206385729,0.2827145056308018,-0.2470551105,0.0307204613752077,0.2810530722158497,-0.2800309445,0.0010539344508289,0.255378818522137,-0.3147150506333333,0.1177051170522867,0.2154747609799361,-0.0698465764699999,-0.1274587191333096,0.2597486175474122,-0.0669437178766666,0.1638494003850986,0.057915626236581,-0.0754279998673333,-0.1666944134182291,0.0177483488177243,-0.13282351866,0.1520192258001994,0.000333996978918,-0.1353941674,-0.0933921862015626,0.0046471831962633,-0.2513662303333333,0.136420615692724,-0.0028134361188903,-0.1444503503066666,-0.0461617909743766,0.0161967320977016,-0.3098113441999999,0.1207700897143651,0.0117228470420231,-0.15307333155,-0.0219179486371899,0.0739236795188689,-0.3124097326999999,0.1492159498568594,-0.0091978664993857,-0.1389270391533333,-0.0782197328815837,0.0282121000173618,-0.301779091,0.0723149448022442,-0.1634375051138344,0.0552293736533333,-0.0701103608409876,-0.1665073506792482,-0.0536887995366666,0.089836327760102,-0.4876757990649782,0.0508006955166666,-0.0308115287537068,-0.4312501538350012,-0.0755139442099999,0.0613829140738755,-0.7272172149653559,0.2524768347666666,-0.071762393165537,-0.7450703206099882,0.0791176116866666,0.0435690115396915,-0.7515936999744164,0.2782522833333333,-0.073035520379089,-0.7717625274482666,0.0543008709936999,0.0904620602871173,-0.7804775329042033,0.2507962381333333,-0.0433051289958582,-0.801915627702371,-0.02687865185,nijmegen_nijmegen_rennen_g_ch1_g11_compr.mp4,ch1g11,6.536584290865835e-05,0.000314836786525,0.0001231258019921,0.0001327279468517,0.0002174595846919,0.0003405323814712,0.0001220241998927,6.581089873183301e-05,4.664748487622915e-05,1.9786827707059745e-05,0.0004632122677629,0.0001623458179299,0.0001327342563037,0.000124311833124,3.798747975303373e-05,0.0001470273985793,0.0002167339202881,0.0005359602438376,0.0001503718745874,0.0001308738701305,0.0004403711055101,0.0001301520373912,0.0001304582804915,0.0001021865780133,0.0002073142026554,1.5170511614104945e-05,0.0001072438780178,0.0004087984962824,7.017778634259916e-05,0.0005957409746743,1.404613775472169e-05,8.7983184807639e-05,0.0004086345730773,0.0005341331006459,0.0002561071636826,-0.0004373656992987,-0.0003563367107898,-0.0003297426619173,-0.00033671869775,-0.0003739467598788,-0.0003458720163081,-0.0003578454219309,5.719267218034795e-05,-0.0002522291186305,-0.0001600233402609,-0.0002882807833994,0.0007545450796835,-0.0006932933457261,0.000725422148648,-0.0009541140049651,-0.006803108655345,0.0050994142888455,-0.008918690309412,0.0067465777011728,-0.009927002731646,0.0073084285873243,-0.0077188219880313,0.0056127542711927,1.733359694311473e-05,-4.554367612550611e-05,0.0004094603264887,-0.0001566293000554,0.0027094222466538,0.0012464735068827,0.0027845568718281,0.0012637206824059,0.0026904151243651,0.0010980239240113,4.0826226861410026e-07,1.1950357834467151e-05,-8.66025956947965e-06,1.4828456942797896e-05,4.303593689186281e-06,1.0570191914091791e-05,-8.793869650095994e-06,3.6756771303567496e-06,9.230433816188032e-06,3.0575275996778104e-06,-1.48706284095849e-05,6.380875672985623e-06,-9.382766502068732e-06,-8.499408142797255e-06,1.018142122233654e-05,7.1374155443156656e-06,4.6406874832484855e-06,-1.446125999695325e-05,5.531589474484194e-06,-9.70334200342858e-06,9.954035354487704e-06,-1.150795729173076e-05,-9.333637324064524e-06,-7.833133800744213e-06,3.983191245157758e-06,2.569019510663346e-07,-1.0051970463207515e-05,-1.4674074271529069e-05,-3.129461856745e-06,-1.6862875365094747e-05,5.0888801005973514e-08,-4.613125624613083e-06,1.1325539071846433e-05,1.2072714753594286e-07,-3.114402372238999e-06,-1.634355409309332e-06,-2.938399863612323e-06,-3.5123189378408663e-06,-3.870019384339071e-06,-1.6272947465154908e-06,-1.257227098924714e-06,4.335557268293465e-07,1.352108746273623e-06,-5.015848409128594e-06,-2.770851922302575e-06,-1.8821624214655576e-06,-1.6219787031311766e-06,2.9120486355450646e-06,-3.6071508744869625e-06,-3.2785050920766864e-06,-6.043774240513128e-06,-2.496618306799469e-06,-1.9006762046490228e-06,-5.58962083517219e-06,-1.9324374429758527e-06,-1.90944656462585e-06,-1.014640393948514e-06,-3.284445181361836e-06,-3.621367833856467e-08,-1.391060804791279e-06,-4.763617436743999e-06,-4.3853998101232326e-07,-6.0432963991819905e-06,-2.6702020154732984e-08,-8.729775493143291e-07,-4.819353537023411e-06,7.036033984718676e-06,movement,movement,no movement,no movement
4900.0,0.0053127001557156,0.2796236189304315,-0.3345275508666667,0.0170639081444911,0.2987387817752455,-0.3325473995,0.0191999580323497,0.2988987162287375,-0.3218042543333332,0.0180249550783018,0.299089430109946,-0.3250026507333333,-0.0011550375584606,0.3096238427409916,-0.3495184384666666,0.0001515658759752,0.3074581873853835,-0.3629170766,0.003662889242917,0.2981011127473747,-0.3420798173666666,0.0541653827396157,0.3141078023044261,-0.222338884,-0.0581475561474439,0.2824339791198262,-0.2455851412333333,0.0290478760847075,0.2808628655200192,-0.2799137895666667,-0.000675429981759,0.2550807676447688,-0.3139916071999999,0.117431579039383,0.2162118058367408,-0.0697800579333333,-0.1283530806048277,0.2590250435508176,-0.0661987215333333,0.1638643642455112,0.0587074606741356,-0.0720605528966666,-0.1646227923305925,0.0168277030473991,-0.1352103064533333,0.1523219315705616,-0.0062506471479896,-0.12878471127,-0.0919737137681755,0.0098540376829867,-0.2571610833333333,0.1368315858365937,-0.0115098941438608,-0.1371919705133333,-0.045096157833672,0.0230442030843791,-0.3162587875666666,0.1205356770282036,0.0020687109813853,-0.1463652630333333,-0.0218983052130051,0.0813748012444559,-0.3186263188333333,0.1492272252243834,-0.0166942641762283,-0.13241730539,-0.0773124263766781,0.0339387600020066,-0.295800447,0.0725436105574933,-0.1634125763366471,0.0545982644,-0.0703553007541246,-0.1665617032023537,-0.0529687565499999,0.0909387966300886,-0.4872152543880503,0.0505555856966666,-0.0303299209870059,-0.4313649914580457,-0.0735981458733333,0.0636731656416512,-0.7242585252431168,0.2552274053333333,-0.0694260312388749,-0.7436856568611595,0.0832294825499999,0.0460506389560396,-0.7485513637151802,0.2813554029666666,-0.0704751185371354,-0.7703494273494147,0.0585700684003666,0.0930596165221112,-0.7775406687786254,0.2545599927999999,-0.0408443487516439,-0.8006177759183011,-0.0216405941766666,nijmegen_nijmegen_rennen_g_ch1_g11_compr.mp4,ch1g11,6.562908993487272e-05,0.0003280780097751,0.0001135813958313,0.0001455567107791,0.0002241771591599,0.0003518008288839,0.0001122998356231,6.911991216040872e-05,5.6825634630507555e-05,2.395024187730889e-05,0.0004425963706752,0.0001694230136577,0.0001224854265665,0.000114910994469,5.150983391376915e-05,0.0001541892038606,0.0002227558440078,0.000514179759114,0.0001566640299924,0.0001203541430171,0.0004508051130628,0.0001173373494781,0.0001203059148083,9.324613072980224e-05,0.0002136729537347,1.5409997608451042e-05,9.607350186337596e-05,0.0003894822518619,6.676599362721958e-05,0.0005698498627956,1.4076002186887495e-05,8.347062228068575e-05,0.0004210530625508,0.0005321387263263,0.0002649523531716,-0.0003723535365567,-0.0003008196806335,-0.0002747749917859,-0.0002834427099079,-0.0003472989032523,-0.0003150330232034,-0.0003258731192201,0.0001179750772302,-0.0002803390155847,-9.901961725552716e-05,-0.0002453247030096,0.0008912862668432,-0.0007175815045407,0.0009209150643379,-0.0009582145152516,-0.0064809019191544,0.0052120461124994,-0.0085578328709543,0.0068812987487877,-0.0094947118928848,0.007493913732275,-0.0073750631033347,0.0057435689233444,4.253171052315486e-05,-7.040041212673125e-05,0.0003945464363776,-0.0002139138275323,0.0027090415255761,0.001217066761701,0.0027803371691725,0.0012363821254864,0.0026589308656809,0.0010662598301726,5.986451767590963e-07,8.77345948697224e-06,-1.0367486517437786e-05,1.1268762398644653e-05,9.454804207094472e-07,6.922316405224732e-06,-1.0483751816142324e-05,2.135481030696324e-06,9.516932695661356e-06,3.888430660191239e-06,-1.977067926190947e-05,2.8559354864759603e-06,-1.1368376926004537e-05,-1.0195762218257098e-05,1.2457427481832868e-05,2.2317215694729946e-06,1.6717708649397803e-06,-2.051596397758577e-05,2.315100539012389e-06,-1.1691300316878608e-05,5.090202881274671e-06,-1.350028850489646e-05,-1.1351986393413852e-05,-8.835015306961535e-06,8.578645646537689e-07,2.3056171177234246e-07,-1.1443301945433395e-05,-1.928947812782903e-05,-3.5284234367372133e-06,-2.26934677892754e-05,3.674509768041354e-08,-5.519811477643864e-06,6.9875852010818435e-06,3.7170180316266286e-08,-4.407185760458995e-06,-1.3406632924482987e-06,-3.674263149228067e-06,-3.3508963300949134e-06,-5.065058179914963e-06,-1.311484501483682e-06,-1.3287904993200796e-06,-8.941590653779383e-08,9.33037853378536e-07,-4.556506334927388e-06,-3.276373496660628e-06,-1.5948558242222551e-06,-1.3429295226238396e-06,1.945123485377066e-06,-4.1104542247283796e-06,-2.8923861855516033e-06,-5.658058389396453e-06,-2.939706138938316e-06,-1.57326302146511e-06,-6.941913930897063e-06,-1.4026809352650433e-06,-1.625858939285371e-06,-6.234704401976246e-07,-3.1578561283785746e-06,-4.3066918255488475e-08,-8.705045113190761e-07,-4.2917488623661515e-06,-4.955196183793946e-07,-5.349388566714966e-06,-2.3659525443609656e-08,-8.396881741813642e-07,-6.124345053835983e-06,7.424695932356723e-06,movement,movement,no movement,no movement
4916.666666666667,0.0033981308997132,0.2792713801352944,-0.3343292432333333,0.015245581008562,0.2984418831600895,-0.3325194995666667,0.0173324805976261,0.2986246062134625,-0.3217669855333332,0.0161799670692622,0.298806166123543,-0.3249484849999999,-0.0031152869481396,0.3092896106147488,-0.3490579607999999,-0.0018494115876659,0.307162531588435,-0.3624543399,0.0017011851135648,0.2977993071240428,-0.3416119963999999,0.0531156960981986,0.314143193459836,-0.222422181,-0.0594931448903842,0.2821570896789692,-0.2443494798333333,0.0275078204710334,0.2807515398622873,-0.2800163860333333,-0.0022673244371059,0.2548497854262858,-0.3135560234333333,0.1171273746349594,0.2171011230714338,-0.06979520372,-0.1291610373235881,0.2582916917160823,-0.0656899372766666,0.1638795774870273,0.0597350691204128,-0.06878153013,-0.1622681249610089,0.0159350010234711,-0.1377693765066666,0.1526935140818508,-0.0124363222168943,-0.12240200164,-0.0901215439918135,0.0152108347260434,-0.2629592999666666,0.137326289980357,-0.0197564171748213,-0.1302134638,-0.0435673224135407,0.0300713840870256,-0.3227314288,0.1203664527281653,-0.0071068677626443,-0.1399160044533333,-0.0213761845220364,0.0890137683609896,-0.3248787323333333,0.1492957983997415,-0.0237832904773648,-0.12614213186,-0.0759435545937035,0.0398206981110675,-0.293107867,0.0727675203223613,-0.1633479387439025,0.0540055512166666,-0.0705969412668897,-0.1666545370814264,-0.0522807379,0.0920943248261241,-0.4867415488236148,0.0509380696933333,-0.029857874431051,-0.431526238103536,-0.0715954981066666,0.0660555394285679,-0.7213784252001014,0.2586060414666666,-0.0670618327610263,-0.742384359282001,0.0874039984133333,0.0486196209426501,-0.7456085818837254,0.2850644912333333,-0.0678799988328488,-0.7690309071743304,0.0629139789936999,0.0957339406341838,-0.7747012586733192,0.2588746175666666,-0.0384511047674,-0.7994634935811,-0.0163593025199999,nijmegen_nijmegen_rennen_g_ch1_g11_compr.mp4,ch1g11,6.641147459473763e-05,0.0003384268654372,0.0001028962429492,0.0001540026339132,0.0002268814361035,0.0003602755579405,0.0001014452351642,7.07769369633087e-05,6.567223787137677e-05,2.9445996371600315e-05,0.0004173827327371,0.00017183848743,0.0001107155118987,0.0001043712017025,6.498352997472346e-05,0.0001557039380882,0.0002259211271765,0.0004871145886849,0.0001586386561766,0.0001082635077861,0.0004575954834018,0.0001032001559793,0.0001085654069215,8.408108691281874e-05,0.0002161784395381,1.5608450116854566e-05,8.402854134178825e-05,0.0003660431900843,6.39846455677559e-05,0.0005385740108817,1.4061115139191116e-05,7.792033941523635e-05,0.0004295455114418,0.0005257946658886,0.0002681405246408,-0.0002547771074986,-0.0001945051238355,-0.000170246093124,-0.0001808038032255,-0.0002718775533195,-0.000234641731973,-0.00024385297705,0.0002047008847971,-0.0002869105897298,4.1518090525089635e-06,-0.0001595600552896,0.001023992118528,-0.000730376916356,0.0011040887407791,-0.0009487554960508,-0.0060854594407327,0.005276507419594,-0.0081031981350862,0.0069443616172204,-0.0089708172634278,0.0076017923593794,-0.0069518718866627,0.0058210094595688,6.96479618058683e-05,-9.68321220229617e-05,0.0003740178776437,-0.0002763989998467,0.0026165920555203,0.0011477154817202,0.0026777375072291,0.0011683618660169,0.0025400035505205,0.000987716889748,7.747076983299408e-07,3.6742698036986145e-06,-1.1601395505566922e-05,7.303582228593575e-06,-2.20874726334522e-06,1.335286147884064e-06,-1.1678083861842593e-05,6.290907522888765e-07,9.285432700204357e-06,4.3896133144624115e-06,-2.3941252661056245e-05,-7.442052455879469e-07,-1.2902404042826072e-05,-1.144119012279437e-05,1.3609180981148472e-05,-2.351675190414873e-06,-8.578308061782667e-07,-2.571763848908511e-05,-9.37311476561085e-07,-1.3183473232616143e-05,-2.2201880982303004e-06,-1.4742193106630804e-05,-1.291955828099154e-05,-9.296516246501032e-06,-2.1254198612256347e-06,1.8681696201978681e-07,-1.2169256017205872e-05,-2.3111592416723333e-05,-3.855931260371741e-06,-2.742249406148211e-05,1.8567168210690804e-08,-6.379689662737583e-06,4.147172424256791e-07,-9.166450626458817e-08,-5.700384508611811e-06,-8.325874624156413e-07,-3.863506465333899e-06,-3.0896583760589675e-06,-6.319312420361744e-06,-7.828812776004435e-07,-1.209920499057179e-06,-5.829571434195879e-07,4.273395283607981e-07,-4.218927394173063e-06,-3.4408784577406753e-06,-1.051810627916275e-06,-8.528872373967449e-07,8.726795005006014e-07,-4.003054166508368e-06,-2.516913373761744e-06,-5.3863059495036795e-06,-3.0624481754873676e-06,-9.852184360960555e-07,-8.460727924247641e-06,-6.183044948724122e-07,-1.075567553663134e-06,-1.2597207943406138e-07,-2.9458091515298023e-06,-6.160088356437921e-08,-1.6900060296620173e-07,-3.859331523550675e-06,-5.806179104762459e-07,-4.943353044945063e-06,-3.0077651307531416e-08,-6.638328842099746e-07,-7.5289112824950764e-06,7.942107722321846e-06,movement,movement,no movement,no movement
4933.333333333334,0.0017880599908517,0.2790633461703091,-0.3340445545666666,0.0136639960834674,0.298293358099204,-0.332406964,0.0156967254889901,0.2985003290323586,-0.3216444880666666,0.0145720669646337,0.298671505381625,-0.3248143616333332,-0.0048177301051393,0.3090684983921852,-0.3486092023666666,-0.0035931963099505,0.30697836604627,-0.3620031406666666,2.2587686533625974e-06,0.2976069088571337,-0.3411564411,0.052087151227259,0.314410384930786,-0.2224607497,-0.0607105064488619,0.2819348449403164,-0.2433944131666667,0.0261839276714359,0.2808110994711164,-0.2800001775333333,-0.0035918326998768,0.2547443709292123,-0.3131154189333333,0.1167942412768869,0.2182269492848721,-0.0697932760066666,-0.1298486267868782,0.2576200472055301,-0.06541699304,0.1638548012396632,0.0609855297126505,-0.0655488988966666,-0.1598504424663396,0.0150161639151439,-0.1404565562966666,0.153031340471932,-0.0182772683692268,-0.1161557906233333,-0.0878674896852229,0.0204591450238711,-0.2687387021666667,0.1377678041450192,-0.0275732563713537,-0.1234928800966666,-0.0415460504330792,0.0370036112599509,-0.3291997963666666,0.1201704690348434,-0.0157926442619503,-0.13376530963,-0.0203475835826025,0.0966194036355944,-0.3311580876,0.149339409714181,-0.0304691834703263,-0.12003950049,-0.0741683555685714,0.045609986804364,-0.291413695,0.0729859051634944,-0.1632639985594133,0.0534451078666666,-0.0708338253750194,-0.1667654354079847,-0.0516201192566666,0.0932300274288069,-0.486449431310937,0.0513491024533333,-0.0294260661955023,-0.4318618060618907,-0.06962607347,0.0684516295324287,-0.7190028412735464,0.2615941509333334,-0.0647274604675064,-0.7413168707928361,0.0915287691066666,0.0512029420549357,-0.7432010422404907,0.2883417234666666,-0.0653219993649526,-0.7679474844478063,0.0672146687437,0.0984163806181406,-0.772445826175731,0.2627536679999999,-0.0361626196507634,-0.7986364359268386,-0.0110361167499999,nijmegen_nijmegen_rennen_g_ch1_g11_compr.mp4,ch1g11,6.712007854131301e-05,0.0003398362814595,9.067507493662114e-05,0.0001578873145008,0.0002236561875593,0.0003602122913844,8.917485861159011e-05,7.012877857565645e-05,7.351635935709488e-05,3.4082363264646144e-05,0.0003900203874631,0.0001683213026588,9.703192345849611e-05,9.232126199581426e-05,7.814754432695025e-05,0.000149418733607,0.0002251823470643,0.0004575969674871,0.0001551038503984,9.42952999595286e-05,0.0004536505168856,8.77446786405366e-05,9.478500960880542e-05,7.453140927516395e-05,0.0002129743665748,1.5901706592766396e-05,7.132616443557437e-05,0.0003398911814687,6.08737204867538e-05,0.0005062870393962,1.4174614485217016e-05,7.098943307247794e-05,0.0004275964174972,0.0005119083474618,0.0002634678068121,-9.993291917427277e-05,-4.874336010285651e-05,-2.6769834253652343e-05,-3.923911213299846e-05,-0.0001550109539444,-0.0001128706151711,-0.0001201402312628,0.0003227939419328,-0.0002511445678764,0.0001407744245789,-3.760658601750575e-05,0.0011632564687791,-0.0007210815562649,0.0013217310782619,-0.0009523068031255,-0.005630365512595,0.0052019013153183,-0.0075957825013761,0.0068249996534568,-0.0084177417617873,0.0075053349852456,-0.0064755745559072,0.0057450814092301,9.556759034528014e-05,-0.0001219100175395,0.0003315883002089,-0.0003410653253171,0.0024307449266395,0.0010488902134641,0.0024750956379537,0.0010700553901048,0.0023566376009257,0.0008835466080743,7.690757467421005e-07,-3.1500599459264317e-06,-1.2107456187969008e-05,3.478952900299051e-06,-4.751304186528116e-06,-6.1008763345370005e-06,-1.2124032600029238e-05,-4.442460903948374e-07,8.386639690947181e-06,4.530172746992971e-06,-2.739005342867037e-05,-4.157038989250061e-06,-1.3665068555536877e-05,-1.1983309967635867e-05,1.3696191878254314e-05,-6.069396434739302e-06,-2.6506221280593405e-06,-3.012999252667301e-05,-3.9803226916488155e-06,-1.3855848568486036e-05,-1.2062295893992994e-05,-1.49238067995012e-05,-1.3704633710977822e-05,-9.07999223082698e-06,-4.578931552600681e-06,1.242371440028884e-07,-1.1961011940266422e-05,-2.6236324407937285e-05,-4.15211043835785e-06,-3.13250321109357e-05,-7.670996696096391e-09,-6.964618446551396e-06,-8.37221395210596e-06,-2.3278940176539039e-07,-6.582583331578052e-06,-1.3426197168712505e-07,-3.632799602043071e-06,-2.7139321405989502e-06,-7.201950057929781e-06,-7.184970960550006e-08,-9.16505168128358e-07,-1.0379024185906328e-06,-6.582183889617217e-08,-3.972448786323335e-06,-3.214470837208448e-06,-2.7385258359327573e-07,-1.7369152277511477e-07,-1.8296398871161946e-07,-3.278283677661122e-06,-2.1625819621988294e-06,-5.20350516595451e-06,-2.8232020988360513e-06,-1.664857087948295e-07,-9.558853985456409e-06,3.533124516004043e-07,-2.796659262231951e-07,4.349304024943363e-07,-2.6230718573176143e-06,-9.406414171393565e-08,6.39673136322733e-07,-3.423060048978101e-06,-6.396897271691725e-07,-4.87568617249156e-06,-5.07121321400132e-08,-3.3233330996353714e-07,-8.522609626950564e-06,8.263077646122462e-06,movement,movement,no movement,no movement
4950.000000000001,0.0005303008853093,0.2790926664838269,-0.3336254295999999,0.0123181530187506,0.2983865980483167,-0.3321495772333333,0.0142965990484996,0.2986161765245955,-0.3213801573666666,0.0132022356581757,0.2987750383907903,-0.3245375099666666,-0.0062495250432162,0.3090114495235833,-0.3480772199666666,-0.0050613099500771,0.3069650507523672,-0.3614696631999999,-0.0014172213436253,0.2975859435562367,-0.3406207424,0.0510307324532012,0.3149279117813697,-0.2224021876666666,-0.0618534809078597,0.2817429987087202,-0.2424769933666667,0.0250991933715331,0.2811013379537951,-0.2798428386666666,-0.0046245083647043,0.254805939947685,-0.3126197615999999,0.1163743942980323,0.2195598613179977,-0.06973716432,-0.1304906752838511,0.2569485146264964,-0.0651450444866666,0.1637206388180807,0.0625109521927562,-0.0623257858179999,-0.1575148035929841,0.0141085359212655,-0.14282055102,0.1533212806086462,-0.0235926806319874,-0.1108897056,-0.0855842766905819,0.0256556669859133,-0.2738042883333333,0.138157666594972,-0.0347839982981698,-0.1179333771766666,-0.0394427389194417,0.0438128801823078,-0.3348426450666666,0.1199350892581529,-0.0238183602100826,-0.1287345392799999,-0.0192396510957594,0.1040603319154853,-0.3366616554333334,0.1493359442558206,-0.0365901470979203,-0.11493297324,-0.0723512722718488,0.0513272558091732,-0.288944423,0.0731923518798948,-0.1631531465244501,0.0529337726566666,-0.0710601506899942,-0.166900590641534,-0.0510076260233333,0.0943431346702044,-0.4861460240423016,0.05196559553,-0.0290368716008481,-0.4323039749417042,-0.0675445277766666,0.0710281807284892,-0.7168128942376661,0.2647720773666667,-0.0625216127792456,-0.7404681949452454,0.0957007832966666,0.0539806553857359,-0.7409950558571204,0.2918106673666666,-0.0628968562327493,-0.7670840792077505,0.0715641003837,0.1014063248349556,-0.7703063027009557,0.2667705884333332,-0.0339914435548369,-0.7980018747177611,-0.0057556123733333,nijmegen_nijmegen_rennen_g_ch1_g11_compr.mp4,ch1g11,6.811730690553211e-05,0.0003301970666066,7.796419257698184e-05,0.0001596711657281,0.0002153555111627,0.0003485589219477,7.652356163169867e-05,6.804073325554169e-05,8.087673253470634e-05,3.804940525174334e-05,0.000365690110528,0.0001599798687226,8.252746660048971e-05,7.976093830959206e-05,8.994996706343472e-05,0.0001371855808952,0.0002201528140791,0.0004308627594368,0.0001472488199816,7.960955467752929e-05,0.0004362723121093,7.261238655771303e-05,8.017665073371805e-05,6.567599263509571e-05,0.0002051052435542,1.60243131411973e-05,5.938693451240747e-05,0.0003157967011638,5.680392643089635e-05,0.0004799461264703,1.417969206010004e-05,6.327480494226096e-05,0.0004122505379367,0.0004922840003507,0.0002524883678893,5.940491350768313e-05,0.0001033870609177,0.0001233517267312,0.0001090941607484,-2.5553182969593745e-05,1.996692165167685e-05,1.414118342297618e-05,0.0004448000109909,-0.0001926460970914,0.0002816059333808,9.267090291927988e-05,0.0012835568150788,-0.0007017053565669,0.0015132308726614,-0.0009982256868919,-0.0052032860681653,0.0049637296840552,-0.0070999580375171,0.0065078286670131,-0.0079185790385163,0.0071763983824364,-0.0060309633372825,0.0054897401116206,0.0001194067510818,-0.0001447473344569,0.000276500714263,-0.0004212229971372,0.0021884955502464,0.0009036212061379,0.0022092681684994,0.0009227740299058,0.0021155324256243,0.0007250668210457,3.706413582339896e-07,-1.0732447691690272e-05,-1.1811067916770809e-05,2.828413502856183e-07,-7.412404326047878e-06,-1.4345620707653605e-05,-1.175076761703838e-05,-1.2039282425037214e-06,6.913852219888678e-06,4.389607458529342e-06,-3.0143885658544793e-05,-7.070245526751289e-06,-1.3488101832483266e-05,-1.1736813508606129e-05,1.272563576399534e-05,-8.719951853493766e-06,-4.76565744965244e-06,-3.3928463783107273e-05,-6.5083501336881775e-06,-1.354749112900061e-05,-2.3052981000294516e-05,-1.390388331838507e-05,-1.3546432175266238e-05,-8.22796344712124e-06,-7.1881980896142905e-06,2.729654600063652e-08,-1.0780595621690024e-05,-2.8591409567117747e-05,-4.729403786063053e-06,-3.457126428478417e-05,-5.5859584858035844e-08,-7.2754111511598785e-06,-1.8150958987779287e-05,-3.7087712272152674e-07,-6.779392654985029e-06,6.933910652386195e-07,-3.1886536511169335e-06,-2.227807289405356e-06,-7.363126555288114e-06,7.587632345701636e-07,-5.339769471679904e-07,-1.4476622752889934e-06,-5.188011883292561e-07,-3.8239692596068006e-06,-2.690462065164204e-06,6.701955591263123e-07,6.382555929087356e-07,-1.0921455129760424e-06,-2.146940027409972e-06,-1.8085992468562944e-06,-5.103322223953949e-06,-2.318782856977648e-06,8.067725771300145e-07,-9.760912375171664e-06,1.4055354487611222e-06,6.86229636261754e-07,1.0031373173974695e-06,-2.189010595208866e-06,-1.3060179449335856e-07,1.4587032605940842e-06,-3.024933565610413e-06,-6.223156541106724e-07,-5.15025653368052e-06,-7.81602050294859e-08,1.163369464700397e-07,-8.701995896494613e-06,8.152955401271157e-06,movement,movement,no movement,no movement
4966.666666666668,-0.0004510365724817,0.2792889571672202,-0.3332706784999999,0.0112143217601882,0.2986301630485888,-0.3319376697999999,0.0131388975610481,0.2988799737336951,-0.3211604715333333,0.0120732752655603,0.2990230741894346,-0.3243035299666665,-0.0074203891072281,0.309097339662002,-0.3476109795333333,-0.0062648811488973,0.3070971090105338,-0.3610039929666666,-0.002574014188298,0.2977109137295916,-0.3401510915999999,0.0499988456932046,0.315506115401845,-0.2223738565999999,-0.0628858913322714,0.2815980136167396,-0.2416613063,0.0242180835285514,0.2815131326294724,-0.2797382538999999,-0.0054331822499963,0.2550048561749873,-0.3122119664999999,0.1159044898760449,0.2209448699197432,-0.0697713501933333,-0.1311044845606256,0.256270038785963,-0.06503777264,0.1634980142358291,0.0641383405855344,-0.0593636905313333,-0.1550379100983084,0.0130962629491469,-0.1451682528233333,0.1534735879495995,-0.0285830060679092,-0.1066950039033333,-0.0830730409600627,0.0304900212775508,-0.2785153332,0.1383748754923542,-0.0416449178857918,-0.1135408774633333,-0.0370845022984197,0.0501584689919882,-0.3400752653333333,0.1195509453682147,-0.0314391860803005,-0.1248536254466666,-0.0179452655654181,0.111066633285029,-0.3417631986,0.1491969966444506,-0.0423776966963284,-0.11091840496,-0.070329347306438,0.0566874283621678,-0.281797677,0.0733822832623013,-0.1630233622507745,0.0524291897866666,-0.0712711326102674,-0.1670536951846667,-0.0504024981866666,0.0953822242303201,-0.4858202290062697,0.0525145666,-0.0286586145078907,-0.4327620941043281,-0.0653811881199999,0.073726201151757,-0.7147861811909728,0.2678336743999999,-0.0603361585110251,-0.7396437661213107,0.1002047557966666,0.0568827459566293,-0.7389614489280428,0.2951582037999999,-0.0605009740624657,-0.7662406811811898,0.0763019781003666,0.1045404119619478,-0.7683497382940504,0.2706328124333332,-0.0319175938416246,-0.7973581496783029,-0.0001325216066666,nijmegen_nijmegen_rennen_g_ch1_g11_compr.mp4,ch1g11,6.873750052392355e-05,0.0003141572836136,6.608696991466925e-05,0.0001580544185464,0.0002037011659739,0.0003292510846887,6.476417290645565e-05,6.611671060725796e-05,8.705880287225101e-05,4.162502702569867e-05,0.0003374060618098,0.0001494519977856,6.882497479782664e-05,6.793249477577036e-05,0.0001001672496573,0.0001245631506363,0.0002113269253726,0.0003994395555069,0.0001375640372544,6.586031599758027e-05,0.0004085663992138,5.917600216594386e-05,6.640852750847289e-05,5.803496256216672e-05,0.0001939504046121,1.595611122096184e-05,4.927475985910778e-05,0.0002879915201137,5.192872492180785e-05,0.0004503477068525,1.4066413230050288e-05,5.551547774715981e-05,0.0003887929180454,0.0004654552520177,0.0002377827239202,0.0002115330018599,0.0002510779854959,0.0002698129078193,0.0002544331281242,0.0001096112033411,0.0001557791466138,0.0001501221475076,0.0005649537421752,-0.0001099224247138,0.0004166318941433,0.0002216807906228,0.0013723123083066,-0.0006607289352573,0.0016448405298787,-0.0010375921484064,-0.0048167015804852,0.0045719987036669,-0.0066247157519115,0.0060009371787866,-0.0074426048957544,0.0066295676645437,-0.0056139898166531,0.005071819355915,0.0001373899449854,-0.000161478589646,0.000202737654429,-0.0005128698574713,0.0018490753503488,0.0007105973645848,0.0018462734804907,0.0007249273782992,0.0017773924015564,0.0005296595732752,-2.183819333782315e-07,-1.8067757923909372e-05,-1.07221249079228e-05,-2.4172378429874623e-06,-9.837796945911969e-06,-2.231656813997976e-05,-1.0584709570674598e-05,-1.474329570417391e-06,5.136215556528216e-06,3.858406367756685e-06,-3.301349833160006e-05,-9.559300203057496e-06,-1.2363656301881797e-05,-1.0707922359670757e-05,1.0980028284555445e-05,-1.0181189563515992e-05,-6.81313410231889e-06,-3.805228131386677e-05,-8.623620817390909e-06,-1.2271780785935062e-05,-3.371497024170015e-05,-1.1882814895491649e-05,-1.240931695143628e-05,-6.886914206523776e-06,-9.604185915607948e-06,-1.1094341538599925e-07,-8.834905540217728e-06,-3.072981059650207e-05,-5.432404408683916e-06,-3.855491545198886e-05,-1.3658019549110697e-07,-7.125778290140715e-06,-2.7639559633481176e-05,-4.761765000335976e-07,-6.291312124641678e-06,1.534762348803767e-06,-2.6452706408869004e-06,-1.7427514988793118e-06,-6.7410464872063975e-06,1.5945635895843796e-06,-2.1653150542608513e-07,-1.7811826548126804e-06,-9.077376863380436e-07,-3.327472525391242e-06,-2.0408826810241476e-06,1.64701149499312e-06,1.472417525817975e-06,-1.829333395779167e-06,-9.979449651463658e-07,-1.5504231971335184e-06,-4.599677486401356e-06,-1.7149406376369004e-06,1.7954821201785937e-06,-8.86129158355387e-06,2.394261426429821e-06,1.6829679787890609e-06,1.50734989384213e-06,-1.7363472680503946e-06,-1.6452107304936979e-07,2.1726707081020637e-06,-2.3126985381461334e-06,-5.069304198331414e-07,-5.14614423778979e-06,-1.0752970991985827e-07,6.144368103458124e-07,-7.981930265757181e-06,7.434588099851785e-06,movement,movement,no movement,no movement
4983.333333333335,-0.0012686929107097,0.2795447461221855,-0.3328985935333333,0.0102848967808139,0.2989159554224531,-0.3316910168333333,0.0121600025622199,0.2991843423485328,-0.3209058494333333,0.0111200973381396,0.2993094542244837,-0.3240320575999999,-0.0084036150853087,0.3092301206006461,-0.3471337310999999,-0.0072771800469846,0.3072768778229997,-0.3605296869999999,-0.0035416774320213,0.2978846495906276,-0.3396704734999999,0.0490464298059456,0.3160812458628051,-0.2222982262666666,-0.0637799915998676,0.2814698467256131,-0.2408379401333333,0.0234778981296233,0.2819540764211635,-0.2796146363666666,-0.0060961276028337,0.2552540557797308,-0.3117987721999999,0.1154329455592714,0.2223136265786792,-0.0698033367766666,-0.1316907360379484,0.2555790789494884,-0.06483284467,0.1632144453030095,0.0657542129014091,-0.0566480016979999,-0.1525151550597021,0.0119714363037769,-0.14694508938,0.1535692682709379,-0.0332743575849769,-0.1030262905966667,-0.0804256822057621,0.0347211696565726,-0.2825650024,0.1385477101016817,-0.0480812081769349,-0.1097339648299999,-0.0345297996956589,0.0556913854049965,-0.3444781665666666,0.1191300311321353,-0.0386793796116385,-0.12152377098,-0.0164705486541913,0.1172086858822444,-0.3459918715,0.1490047586387312,-0.047857538154853,-0.1074280091266666,-0.0681545761131934,0.0613948264623678,-0.28156653,0.0735664055839316,-0.1628801773012374,0.05191642953,-0.0714769229434524,-0.1672200418459127,-0.0497913061333333,0.0964094330868759,-0.4856384996937875,0.0527072623333333,-0.0282326332040495,-0.4332538071109327,-0.06321154701,0.0764461887555292,-0.7129587761457048,0.2705915187333333,-0.058191279230462,-0.7390014106342663,0.1048727592333333,0.0598026131168036,-0.7371176240288793,0.2982051500333333,-0.0581503073374512,-0.7655952935734255,0.0812327608137,0.1075964813955175,-0.7666422992851307,0.2740819106999999,-0.0300562477520181,-0.7968309486912444,0.0056297556899999,nijmegen_nijmegen_rennen_g_ch1_g11_compr.mp4,ch1g11,6.864949600348191e-05,0.0002920917198495,5.650125521618509e-05,0.0001547611975627,0.0001925840283851,0.0003022666252595,5.537279439412251e-05,6.475660199997378e-05,9.177996374150192e-05,4.426979911183033e-05,0.000306179675091,0.0001385707510992,5.747989469345868e-05,5.8318914301110394e-05,0.0001101155501209,0.0001128014990747,0.0002035397918202,0.0003630980315443,0.0001276873609395,5.469322268815974e-05,0.0003689046346316,4.908335637789684e-05,5.503237185755564e-05,5.259450888557735e-05,0.000182970470965,1.5777602898561775e-05,4.214936016991859e-05,0.0002583711980721,4.610503091039989e-05,0.0004156637360723,1.3899864376999332e-05,4.844308785501822e-05,0.0003565698975885,0.0004337622752699,0.0002231193747501,0.0003474113394675,0.000381699465668,0.000398948116307,0.0003828169350626,0.0002357336597263,0.0002812294913039,0.0002755334891568,0.0006686817436298,-1.0573301527519728e-05,0.0005361462203998,0.0003425105316037,0.0014396024793453,-0.0006000147213916,0.0017562465752184,-0.001061688491278,-0.0043713824159541,0.0040981990411661,-0.0060721587920119,0.0053895056550588,-0.0068941263257696,0.0059597297435963,-0.0051373211734725,0.0045573587419829,0.0001511925998432,-0.000173952439735,0.0001209071591145,-0.0006054187761771,0.0014701921841199,0.0005140631395802,0.0014437823624571,0.0005252704987932,0.0014036082767281,0.0003396604479934,-7.971885464975333e-07,-2.4187522373489033e-05,-8.798518476981849e-06,-4.670341379861116e-06,-1.2010967679241108e-05,-2.89165990909256e-05,-8.598472973145966e-06,-1.4262298834246878e-06,3.2983250782996713e-06,2.8891208095270086e-06,-3.64412482859133e-05,-1.1324761838319648e-05,-1.0248883675651265e-05,-8.84887181165142e-06,8.904163085110952e-06,-1.0376912141683382e-05,-8.833424486118752e-06,-4.26813916388498e-05,-1.0070161334010072e-05,-1.000427670998332e-05,-4.247440617448506e-05,-8.974382089096383e-06,-1.025203305644975e-05,-5.107484574571633e-06,-1.177669382482301e-05,-3.003012691276391e-07,-6.255172776837523e-06,-3.3064954742975096e-05,-6.129564140369686e-06,-4.3888764879481926e-05,-2.643341918680059e-07,-6.32759380544715e-06,-3.5533487930393294e-05,-5.256725303167391e-07,-5.090852696103574e-06,2.2624897377041765e-06,-2.1810565479899738e-06,-1.3658660510539646e-06,-5.264492652274115e-06,2.308566978032096e-06,-4.0114222895076195e-08,-2.004645983663063e-06,-1.194625203791333e-06,-2.3330728279972974e-06,-1.4277446392984357e-06,2.510146960012511e-06,2.2022329543108443e-06,-2.3965608144036235e-06,-7.174619883785933e-08,-1.485079697840348e-06,-3.470398019296664e-06,-1.1638807372730217e-06,2.647934555901275e-06,-6.665817300047042e-06,3.1639184161976706e-06,2.5606035700370887e-06,1.867792638538132e-06,-1.356391630363445e-06,-1.9317101920716345e-07,2.6665963216814466e-06,-1.229425410758392e-06,-2.8117982140076905e-07,-4.470639893703152e-06,-1.3671538947768621e-07,1.0834523555107216e-06,-6.234216072531991e-06,6.158634541577246e-06,movement,movement,no movement,no movement
5000.000000000002,-0.0018294876368043,0.27996818526599,-0.3323910351333333,0.0095886951413418,0.2993713832299643,-0.3312196950666665,0.0114157749607288,0.2996542311117069,-0.32042875,0.0104036048562829,0.2997644046453113,-0.3235322179999999,-0.0091382752644483,0.3095357567232492,-0.3464575809999999,-0.0080401265426207,0.3076249108596816,-0.3598503817999999,-0.0042557351810342,0.2982261656887436,-0.3389878880666666,0.0481455767261328,0.3168198849635693,-0.2219220415,-0.0644662688076404,0.2814703998103703,-0.2401340172333333,0.0229377732996668,0.2825538687400603,-0.2793391968666666,-0.006512155664968,0.2556537433756682,-0.3112272451,0.1149433970038957,0.2237533103441301,-0.0696112000866666,-0.1321401029180543,0.2549889805131893,-0.0649469984933333,0.1627858184799158,0.0674319044453685,-0.0540333960779999,-0.1500953556978174,0.0108544545858691,-0.1488193318566666,0.153656050602704,-0.037431560213838,-0.0993856189966667,-0.077818454620844,0.0384561908453756,-0.2857083407666667,0.1387265834343828,-0.0538276789909081,-0.1059193107633332,-0.0319951424095061,0.0606072345414357,-0.3479198068333333,0.1187350231739834,-0.0452376458458787,-0.1181721094133333,-0.01482104393002,0.1226347102082375,-0.3493372388,0.1488193239594006,-0.0527508392350889,-0.1039483381266666,-0.0659614100726588,0.0655586176957929,-0.286184311,0.0737443179984931,-0.162726888762462,0.0514344807766666,-0.0716760622135679,-0.1673958099823263,-0.0492164719866666,0.0974601194482544,-0.4856630320282052,0.0530703398666666,-0.0278688233052262,-0.4339458295097496,-0.06114373312,0.0791761703498252,-0.7118260349229119,0.2729194014666666,-0.0561390466012062,-0.7386772723945969,0.1093987778366666,0.0627215109301434,-0.7360136942219748,0.3007313603,-0.0559132214182392,-0.7652609774916396,0.0860175774826666,0.1106681696504422,-0.7655862462589778,0.2770703619333332,-0.0282546003999365,-0.7967447490772281,0.0114577692099999,nijmegen_nijmegen_rennen_g_ch1_g11_compr.mp4,ch1g11,6.789376850776844e-05,0.0002650183591149,4.897958634750236e-05,0.0001491520451403,0.0001800813802244,0.0002695736864294,4.8082232077500505e-05,6.351848307250074e-05,9.464247066335447e-05,4.5522734619243755e-05,0.0002713095991864,0.0001264487461389,4.849875016885612e-05,5.070767803797201e-05,0.0001179816931519,0.0001035169575536,0.000194685136724,0.0003213581155621,0.0001170093428679,4.6060326642163976e-05,0.0003204127885016,4.1714917216384144e-05,4.60218863624804e-05,4.866000554289965e-05,0.0001706115728047,1.532842350558797e-05,3.730526059786158e-05,0.0002271862574285,3.949750337344936e-05,0.0003736749048929,1.3538644605473728e-05,4.2444053823321467e-05,0.000317080583681,0.0003975101743615,0.0002068803883728,0.0004675628081447,0.0004960815760966,0.0005134497561767,0.0004965050979436,0.0003574019920138,0.000399975297234,0.000392740509524,0.0007515255821848,0.0001042524974017,0.0006401434500265,0.0004537422704187,0.0014755228668877,-0.0005202669873419,0.0018297566634605,-0.0010502326682978,-0.0038493868140468,0.0035623723182298,-0.0054194206662805,0.0046817653967607,-0.0062451922070843,0.0051603401815297,-0.0045714088469048,0.0039643317116379,0.0001591280214791,-0.000180489259855,4.418558264754732e-05,-0.0006842835579873,0.0010550842272181,0.0003320984505472,0.0010046630089769,0.0003399505821677,0.0010045202654608,0.0001839603032172,-1.4134858181216044e-06,-2.843575707594807e-05,-6.15733802959894e-06,-6.578554060801025e-06,-1.3112588055312636e-05,-3.337144824590051e-05,-5.920046670470913e-06,-1.2341945031369926e-06,1.38768528321341e-06,1.4806315487890482e-06,-3.901074708157071e-05,-1.2269230616473743e-05,-7.254889470203981e-06,-6.272842725165673e-06,6.658743487227703e-06,-9.62285279362922e-06,-1.0231970115490292e-05,-4.634886057314214e-05,-1.0778933389874e-05,-6.871490723742255e-06,-4.8134174764760135e-05,-5.375788294667202e-06,-7.180944911497639e-06,-3.057889703000378e-06,-1.2887592525202425e-05,-5.206247253194396e-07,-3.2309546732767924e-06,-3.443191380011369e-05,-6.501841783502519e-06,-4.8878969254188705e-05,-4.271845121868199e-07,-4.838138132179224e-06,-4.085160700464435e-05,-4.957842467493089e-07,-3.245623474070733e-06,2.8170283539284313e-06,-1.8387939743197573e-06,-9.949657750506054e-07,-3.0230988984067113e-06,2.843839489749998e-06,-5.397415948678317e-09,-2.102027963599528e-06,-1.351700937339437e-06,-6.776738118831526e-07,-8.7207859467107e-07,3.1767118704108128e-06,2.766316078527868e-06,-2.7562133510518e-06,4.751493599852419e-07,-1.44952340516719e-06,-1.531299243640235e-06,-6.947997515491362e-07,3.2845243111993702e-06,-3.2878424726106714e-06,3.669304101056972e-06,3.235362969327568e-06,2.086429534496047e-06,-9.584971552178376e-07,-2.0450687114249585e-07,2.9297683500729796e-06,3.151332927830292e-07,5.6966641347661104e-08,-2.7860549431640923e-06,-1.548006350860794e-07,1.4643719763006432e-06,-3.5190883954561216e-06,4.6487908152733745e-06,movement,movement,no movement,no movement
5016.666666666669,-0.0022893080508031,0.2805575807955512,-0.3313165372333333,0.0090374042490074,0.2999692463112378,-0.3300890595333332,0.0108255436564977,0.3002661716319894,-0.3192961832666667,0.0098327817261768,0.3003570660454994,-0.3223863941999999,-0.0097359379184328,0.309997293180264,-0.3452021353333333,-0.0086610704224817,0.308134470605394,-0.3585897057999999,-0.0048283883624699,0.2987319147365416,-0.3377312602333333,0.0473346909724603,0.3175879332768292,-0.2208118409333333,-0.0650807521369582,0.2816223083901109,-0.2388943419666666,0.0224741994736032,0.2832734361516787,-0.2784481352333333,-0.0068742168941047,0.2562118696355826,-0.3101679851333332,0.1144085478049449,0.2251888475618772,-0.0687402088366666,-0.1325801047230284,0.2544684594047309,-0.0646551018833333,0.1621858430606076,0.0691669221873917,-0.0512528343846666,-0.1479361230793418,0.0098134238576056,-0.1503070980666666,0.1536535123283728,-0.0410034295738951,-0.0957882638633333,-0.0752694667255326,0.0417206565977116,-0.2882473516,0.1388175147441448,-0.0588824586714391,-0.1022389586299999,-0.029539395319433,0.064891502117303,-0.3507160614,0.1182936283698006,-0.0510608874035703,-0.1149215408133333,-0.0131929762982344,0.1274635303106518,-0.3520064162666667,0.1485647210145665,-0.0570312759250477,-0.10051705196,-0.0638360364485484,0.06920884712771,-0.339218855,0.0739057930886732,-0.1625568565408337,0.0509757496466666,-0.0718589738327477,-0.1675879120712017,-0.0486664595699999,0.0984957923215523,-0.4856570731454485,0.0533897389299999,-0.0275173847113593,-0.4346402321586816,-0.0591631511199999,0.0817619506019908,-0.7109370296493421,0.2749213699666666,-0.0542181075304422,-0.7384296107504584,0.1137688578933333,0.065493704929642,-0.7351926003939051,0.3028993222666666,-0.0538280788540374,-0.7650019176121444,0.0906333161186666,0.1137120390373166,-0.7647522750038265,0.2794631099333332,-0.0266635141271598,-0.79662693614154,0.0169105091533333,nijmegen_nijmegen_rennen_g_ch1_g11_compr.mp4,ch1g11,6.594125051896486e-05,0.000235953843706,4.4293295931815624e-05,0.0001421409315507,0.0001667866183622,0.0002347171835162,4.3653391109150576e-05,6.263236784212353e-05,9.493874690227136e-05,4.713140746537368e-05,0.0002339995303603,0.0001153270255997,4.288221868728735e-05,4.588915633945524e-05,0.0001242357158705,9.607165809350456e-05,0.0001837895326623,0.0002760564631749,0.0001074122961105,4.090982307632221e-05,0.0002688011771221,3.813024730205336e-05,4.0497912861803105e-05,4.6575838059795e-05,0.0001575112575356,1.4733944873603732e-05,3.552558607841069e-05,0.0001951922573692,3.290845704452135e-05,0.0003247430732882,1.3070580543317626e-05,3.821176313523951e-05,0.0002741821771927,0.0003597398938351,0.000190649410191,0.0005677418510224,0.0005879837656738,0.0006049834621223,0.0005874830460925,0.0004639424189194,0.0005040217970464,0.0004952880343463,0.000804375805412,0.0002274608167662,0.000720049533671,0.0005503569818657,0.0014707578871318,-0.0004202640143068,0.0018403644418117,-0.0009888858897563,-0.0032953352547865,0.0029959480248445,-0.0047199384356328,0.0039208535502194,-0.0055296982851243,0.0042946211617832,-0.0039684024303208,0.0033243075786173,0.0001630962252869,-0.000183019999067,-2.7359946352499837e-05,-0.0007253691530419,0.0006543687205703,0.0001986567812988,0.000583483761387,0.000206019389071,0.0006235545794111,9.731384976263474e-05,-1.871242059912349e-06,-3.034632580850403e-05,-3.070403484563032e-06,-8.005171249202131e-06,-1.3415056290014168e-05,-3.49973064491919e-05,-2.8256498106578707e-06,-1.086787903801787e-06,-5.607149753424426e-07,1.256919020329412e-08,-3.963726895249678e-05,-1.2626803571379114e-05,-3.72495242203644e-06,-3.2335408618071618e-06,4.215051718705435e-06,-8.407219762818757e-06,-1.1239684584969772e-05,-4.782789292313124e-05,-1.0991052608651866e-05,-3.244776603900484e-06,-4.961983257789888e-05,-1.5367956748006998e-06,-3.5691905549972317e-06,-9.52545290662528e-07,-1.312124885364033e-05,-7.499312628800651e-07,-2.198474869149849e-07,-3.392051940768949e-05,-6.45268807137508e-06,-5.190852270284069e-05,-6.072043150474155e-07,-3.0112454800418814e-06,-4.2635823325915705e-05,-3.7836950547133754e-07,-9.948944318607833e-07,3.1255785555949606e-06,-1.6266415124800627e-06,-6.332668881741181e-07,-3.0664086910594844e-07,3.1303548053278144e-06,-1.2575658808760173e-07,-2.0575511407390924e-06,-1.4221248785769795e-06,1.6676530170310415e-06,-4.775445034282262e-07,3.553419099061705e-06,3.090305769977578e-06,-2.937757962497133e-06,6.231133094847358e-07,-1.3635992598226017e-06,1.2482257444619169e-06,-3.951324612256533e-07,3.6160322547578193e-06,8.124349488691635e-07,3.835301683303726e-06,3.607603470550487e-06,2.1337586167671052e-06,-5.564028278612656e-07,-1.985898977872347e-07,2.913056187689793e-06,2.3460152631310445e-06,4.6280116307840134e-07,6.466111787222504e-08,-1.6029802097723717e-07,1.6832570648336432e-06,-1.616144703260941e-07,4.215446239928834e-06,movement,movement,no movement,no movement
5033.333333333336,-0.0026104708894548,0.2811729320097724,-0.3292888825666667,0.0086222520641233,0.3006009334238115,-0.3280010561666666,0.0103760154768046,0.3009141106873724,-0.3172102114333334,0.0094046229938997,0.3009883548111146,-0.3203004143999999,-0.01018282423812,0.3105228546591738,-0.3430106463999999,-0.0091330225836845,0.3086989787845813,-0.3563728044,-0.0052534965645649,0.299289213012529,-0.3355388514,0.046594331086849,0.3184042155409194,-0.2187796195999999,-0.0655910911171486,0.281940074072655,-0.2367008036333333,0.0221022211671622,0.2840329169398495,-0.2765657962,-0.0071323199621012,0.2568176339829067,-0.3081297635666666,0.1137973574716272,0.2266264160618961,-0.06689474212,-0.132952313172602,0.2541361383993888,-0.06375168968,0.1610994569519644,0.0710301204357001,-0.0476199843713333,-0.1460099146493825,0.0088981172179507,-0.1509689709,0.1533216983150901,-0.0439760559991407,-0.0911386398966666,-0.0728088347291327,0.0445470999903208,-0.2894754437,0.1386588571605659,-0.0632173915396182,-0.0973776303966666,-0.0271720107370086,0.0686116913442702,-0.3520624836333333,0.1177194497548105,-0.0561899616916373,-0.1103981418466666,-0.0115377460849546,0.131538206711911,-0.3531741735666666,0.1480738337825325,-0.0606372351572136,-0.0959752549933333,-0.0617764955555458,0.0723617773334562,-0.325459391,0.0740416447979657,-0.1623922525965778,0.0506193086533333,-0.0720135161724413,-0.1677719961157325,-0.0482338178899999,0.0995016344095366,-0.4856693217620826,0.0535550051033333,-0.0272227132738219,-0.435361606961918,-0.0574974362266666,0.0841730056985596,-0.7104505695808915,0.2756969366666666,-0.0525893242494557,-0.7382094038669128,0.1175279542766666,0.0680831892617057,-0.7348050922617464,0.3036888588333333,-0.0520913262093797,-0.7647643723900148,0.0945995278646666,0.1166761557673767,-0.7642568239595161,0.2805832659666665,-0.0251690892956638,-0.7965030359318716,0.0217616237466666,nijmegen_nijmegen_rennen_g_ch1_g11_compr.mp4,ch1g11,6.322898345885917e-05,0.0002047597286348,4.251374086990961e-05,0.0001335916133879,0.0001539318163969,0.0001986423741189,4.2112201014622224e-05,6.229883888835057e-05,9.351843606011336e-05,4.7810783515215034e-05,0.0001896563474199,0.0001045496820718,4.0856116611963056e-05,4.389914819284968e-05,0.0001281874665601,9.162522821064644e-05,0.0001726229625306,0.000222730311139,9.81250427450809e-05,3.943992795663711e-05,0.0002175626298072,3.835160656642632e-05,3.870864152861531e-05,4.625075890454272e-05,0.0001449951972165,1.3900153762090714e-05,3.6671154365134094e-05,0.0001579790983975,2.6431622702928644e-05,0.0002648246522135,1.2386878516353546e-05,3.634742907924803e-05,0.0002297406876799,0.0003180608239815,0.0001750775006378,0.0006474146334417,0.0006584525401285,0.0006760335270839,0.0006581451551188,0.000557772857449,0.0005948105780812,0.0005841055365053,0.0008396235884422,0.0003632316544367,0.0007802847873855,0.000632948779376,0.0014324861162847,-0.000297498361275,0.0017819227214206,-0.0008826781873221,-0.0027068838952098,0.00238076764876,-0.0039419687413353,0.0030887442381589,-0.0047131472143983,0.0033387749993616,-0.0033039777620096,0.0026240985245549,0.0001626033809117,-0.0001810697123168,-7.204691627958997e-05,-0.0007285801676,0.0003062167217978,0.0001149194690305,0.000217124892272,0.000123746032876,0.0002918636617223,5.656795836124584e-05,-2.173551491616274e-06,-2.9832398304315313e-05,2.066223545152057e-07,-9.284869118316488e-06,-1.3299114679457409e-05,-3.367144314322418e-05,4.3503937746383844e-07,-1.0906725086527986e-06,-2.478397100421817e-06,-1.479136982434071e-06,-3.759725837363755e-05,-1.2448698956911304e-05,3.0477303359496026e-08,1.2072586557411545e-08,1.4750354734114476e-06,-7.330211587129846e-06,-1.2171422223382516e-05,-4.626364474181178e-05,-1.080910508631535e-05,5.607560505521658e-07,-4.65979017877516e-05,2.3202804222059137e-06,2.57292279217007e-07,1.10556856774823e-06,-1.2929231931975535e-05,-9.427083958487754e-07,2.621797973216019e-06,-3.111143519854569e-05,-5.778397350789342e-06,-5.189191411984994e-05,-7.679360179339315e-07,-1.0865771066751425e-06,-4.079654636875538e-05,-1.8608058081045015e-07,1.46551431735598e-06,3.1658311619280437e-06,-1.4929184950954422e-06,-3.116542934067645e-07,2.6132804103552205e-06,3.149784454960705e-06,-3.56155453870706e-07,-1.885624994362962e-06,-1.358338467608998e-06,4.7415867187318635e-06,-2.1355509015741527e-07,3.6043880401179807e-06,3.150569935703535e-06,-2.9197429750547034e-06,3.968358669429762e-07,-1.2308998115167384e-06,4.891143556231842e-06,-2.2970226410966706e-07,3.6143543701216288e-06,5.151507950666079e-06,3.6665929859875087e-06,3.640405091925864e-06,2.033330187930097e-06,-1.9057955547669074e-07,-1.682531088060884e-07,2.6535666954945807e-06,4.915512846474305e-06,9.110093023592782e-07,4.100905375836406e-06,-1.44831548165613e-07,1.713853029450636e-06,3.4836860590889267e-06,6.087996668166682e-06,movement,movement,no movement,no movement
5050.000000000003,-0.0026809639375266,0.2817843025437213,-0.3261197304333333,0.0084269626085772,0.3012315439998635,-0.3247723123,0.010154733092373,0.3015644151625656,-0.3139868339666667,0.0092049551214575,0.3016213870627139,-0.3170935682666665,-0.0103703827413768,0.3110718812705106,-0.3397851212,-0.0093419979637158,0.3092802096928094,-0.3531146943,-0.0054193823254827,0.2998577162604222,-0.3323184065,0.0459213447457824,0.3192334164089712,-0.2157427078,-0.0659473190737248,0.2823607362487864,-0.2338655438,0.0219064838695509,0.2847902293828008,-0.2735229984666667,-0.0071954721308026,0.2574356502608994,-0.3050601916666666,0.1131303541284423,0.2280532693214719,-0.0642104250266666,-0.1332357767191216,0.2538872498996429,-0.0624267761533333,0.1597947302307412,0.0729136669116638,-0.0436723444846666,-0.1441661424433689,0.0080190399635229,-0.1511904622666666,0.1527637463181616,-0.0463613338082934,-0.0865054282966666,-0.0704087993471741,0.0466335240419905,-0.2896105614666667,0.1383411172998746,-0.0667972564223931,-0.0925234370633333,-0.0248503424057144,0.0713239979493012,-0.3521698882333332,0.1170551673997309,-0.0605760491141023,-0.1058014545133333,-0.0098144395529536,0.1344221223962759,-0.3530821807666666,0.1474187708231473,-0.0635840314168596,-0.0914324234266666,-0.0597324887081317,0.0746644719964629,-0.32347846,0.0741524258051586,-0.1622352696783598,0.05034159683,-0.0721388032199758,-0.1679469543683715,-0.0478953164066666,0.1005169396956938,-0.4857761889662213,0.0530024771266666,-0.0268913990086712,-0.4360896262388183,-0.0562993129566666,0.0863039287260737,-0.7102705176670201,0.2747121278666666,-0.0511340423643192,-0.7380010933457404,0.1208957093433333,0.0703378317486799,-0.7347166786516842,0.3026382559333332,-0.0505692003762354,-0.7645393819736989,0.0981659866833333,0.1193065722571763,-0.76400037493171,0.2798003475333332,-0.0237084884512809,-0.7963201510707592,0.0261299277133333,nijmegen_nijmegen_rennen_g_ch1_g11_compr.mp4,ch1g11,5.986064218099823e-05,0.0001740827215241,4.4168494588976905e-05,0.0001235818279353,0.0001410506867628,0.0001643962646406,4.399785151774025e-05,6.120232861665593e-05,8.954893960424942e-05,4.707918041278897e-05,0.0001508921484405,9.327498390901012e-05,4.2738301663367446e-05,4.533636781178746e-05,0.00012857526868,8.693853586174514e-05,0.0001603231896787,0.0001749380069141,8.85856810213099e-05,4.1899144089419886e-05,0.0001704185380708,4.268930523309356e-05,4.085324555344575e-05,4.809845857143381e-05,0.0001324740596377,1.29115442684688e-05,4.0738058123808875e-05,0.0001267146217581,2.037434756157413e-05,0.0002097889446115,1.1577154628329346e-05,3.605013868397619e-05,0.0001880126791595,0.0002795808598823,0.0001593637328846,0.0006980992229184,0.0007006343406551,0.0007188498850073,0.0007006247551289,0.0006229942591286,0.0006572360665395,0.0006448597790952,0.0008482276670411,0.0004773442430252,0.0008106079009577,0.000687299577989,0.0013554411746588,-0.0001850493811978,0.0016642611517888,-0.0007597948770895,-0.0020559117708794,0.0017396547113711,-0.0030667029428439,0.0022260285706668,-0.0037479205139425,0.0023683145823185,-0.0025543221740862,0.0018982920259072,0.0001593276828239,-0.0001764333341021,-9.163012482144971e-05,-0.0006900591010494,1.638862143730434e-05,7.644705425333741e-05,-8.913284134955535e-05,8.684587079035202e-05,3.2681548184134293e-06,4.723640840334827e-05,-2.28796097550329e-06,-2.6898648139606644e-05,3.4792515170445832e-06,-1.0631366352031989e-05,-1.284569694001808e-05,-2.9373613607645036e-05,3.673360897774184e-06,-1.440877515753122e-06,-4.342856972809337e-06,-2.7487527524914366e-06,-3.215913578918118e-05,-1.219465275998784e-05,3.774820043035506e-06,3.2768530940827943e-06,-1.4291202446448845e-06,-6.836863705788108e-06,-1.2800272191512762e-05,-4.058439693630509e-05,-1.0654395952391553e-05,4.295000116607173e-06,-3.9081220326771246e-05,5.94953749416186e-06,4.039589328591887e-06,3.0681789016544775e-06,-1.2371881254970155e-05,-1.0835436986044967e-06,5.125305899958785e-06,-2.5486851129933866e-05,-4.540872850199786e-06,-4.732593187111708e-05,-8.962639313080857e-07,7.516486663611712e-07,-3.5304870805919756e-05,3.5313055129489633e-08,3.828065287373418e-06,2.928264893377749e-06,-1.350095644385826e-06,3.5217050871367754e-08,5.345181007478227e-06,2.894594214044037e-06,-5.901075368564933e-07,-1.560667384354924e-06,-1.147293807658319e-06,7.925067997575416e-06,-3.041062378292022e-09,3.328628329398499e-06,2.9332238611207795e-06,-2.6433163579318338e-06,3.607449411088861e-08,-9.483068734218604e-07,8.734848739509488e-06,-1.2357103119118213e-07,3.2864296972439476e-06,9.114387456764178e-06,3.1887369219234947e-06,3.338087762165745e-06,1.7911225207988468e-06,1.970700801925145e-07,-1.167798094608334e-07,2.19438698780227e-06,7.48601443752904e-06,1.345124065925616e-06,8.573889245752077e-06,-1.103383533261117e-07,1.5772656855289592e-06,6.9003996915838936e-06,8.916522619294258e-06,movement,movement,no movement,no movement
5066.66666666667,-0.0024094450333411,0.2824804393717235,-0.3224158660333334,0.008606576061863,0.3019344940135076,-0.3209657917999999,0.0103197127244282,0.3022882722881825,-0.3101883591,0.0093837292678649,0.3023265097298223,-0.3133084524666666,-0.0101478669119323,0.3117154729753102,-0.3360307209666667,-0.0091387885592491,0.3099549850823125,-0.3493279486333333,-0.0051734124711506,0.3005160668802117,-0.3285711789666666,0.045495628001323,0.3200814305267039,-0.2121623943666666,-0.0659797465957015,0.2829417136609848,-0.2306384380333333,0.0219646129670614,0.2855973280703872,-0.2699521959666667,-0.0069910748078731,0.2581373953467981,-0.3015194602,0.1124568092123679,0.2294351906514383,-0.0612378449599999,-0.1333963194912805,0.2537700377984271,-0.06068841004,0.1583042947871434,0.0747322492787957,-0.0399394936946666,-0.1423438287770681,0.0072816572685081,-0.1503385221666666,0.1519971552135306,-0.0481388098016523,-0.0826461834966666,-0.0680477768191469,0.0478615400587552,-0.2878926485333334,0.1378506049680043,-0.0695725847529621,-0.0885540428966666,-0.0225575232667132,0.0728782563415345,-0.3502970973999999,0.1162970650566335,-0.0640776893033305,-0.1021139550466666,-0.00814068064405,0.1359966393439116,-0.3511575523333333,0.1465973317279067,-0.0658573181377504,-0.0877012869266666,-0.0577239072252497,0.0759789530537981,-0.321576625,0.0742501921372886,-0.1620806333446362,0.05009644665,-0.0722485393672943,-0.168118291049527,-0.0475978203099999,0.1015561189832962,-0.4858979521206804,0.0523101088266666,-0.0265423454067504,-0.4367895927099662,-0.0551944394133333,0.0884089829132045,-0.7103116627597641,0.2734257339666666,-0.0497539316267757,-0.7379559589562342,0.1239926785266666,0.0725665380899897,-0.7348627501670564,0.3012745915666666,-0.0491342841119123,-0.7644867430080835,0.1014329474103333,0.1218404275552419,-0.7640523389665629,0.2785609225666666,-0.0222892207904371,-0.7962202493321521,0.0300724105066666,nijmegen_nijmegen_rennen_g_ch1_g11_compr.mp4,ch1g11,5.713183872387924e-05,0.0001502321123092,4.912658883969135e-05,0.0001127821638339,0.0001284351087176,0.0001391650440279,4.913130058622686e-05,5.9489784153579234e-05,8.427203790588783e-05,4.38587174131038e-05,0.0001188402165457,8.01260654045104e-05,4.8392198515637536e-05,5.008606287711631e-05,0.0001261188572744,7.951604723014956e-05,0.0001466412567141,0.0001341165560135,7.70961327100282e-05,4.8061427690044526e-05,0.0001379851075421,5.051633011359464e-05,4.679375719053728e-05,5.206626736076128e-05,0.000120413484016,1.1777027477337087e-05,4.7328640482040794e-05,0.0001017542134892,1.583718410015767e-05,0.0001611356235959,1.0627809478565502e-05,3.7990448678885075e-05,0.0001577967022256,0.0002480914955636,0.00014297979162,0.000747564024546,0.0007436150825778,0.000762345264391,0.0007441271124775,0.0006847006109116,0.0007159875051104,0.0007020264862545,0.0008594296954904,0.0005818634254978,0.0008405329648027,0.0007369848883933,0.0012652384728015,-7.600096210817545e-05,0.0015099374874541,-0.0006114720170594,-0.0013553903250312,0.0010725569713524,-0.0021237524774499,0.0013244881865444,-0.0026764166022439,0.0013649079823927,-0.0017332993434903,0.0011455674944815,0.0001538497636438,-0.0001694431640049,-0.0001097666777251,-0.0006362440418065,-0.0002550019394958,4.793834245021711e-05,-0.0003732881050663,5.956414090605955e-05,-0.0002719642536317,3.4025456408768764e-05,-2.1262783243121804e-06,-2.1803998349896396e-05,6.303466001752373e-06,-1.2070543720293496e-05,-1.2799830592569413e-05,-2.2389765802001855e-05,6.454016251361287e-06,-2.2915344400523864e-06,-5.9692803355162345e-06,-3.788062549119007e-06,-2.299149971800706e-05,-1.2242902924125602e-05,6.981654003474778e-06,6.12445934180131e-06,-4.279489281099623e-06,-7.250857741627684e-06,-1.365323964867666e-05,-3.0352522957288344e-05,-1.088094613881307e-05,7.417251074920977e-06,-2.7475407029896337e-05,8.86617607240183e-06,7.2317086547429716e-06,4.7244094757337675e-06,-1.214409358607638e-05,-1.1674109255609492e-06,6.9956906381612445e-06,-1.689026050730019e-05,-2.782738301240002e-06,-3.732481514948361e-05,-9.859849987738389e-07,2.232617744567586e-06,-2.6487027568272025e-05,2.0630507979178145e-07,5.728640093188532e-06,2.443493660027648e-06,-1.1225597581485471e-06,4.2499078478453434e-07,7.441672634971861e-06,2.3985670140527174e-06,-7.663106734667538e-07,-1.1448271698545737e-06,-7.798710732996295e-07,1.0863333566519698e-05,2.5618607925309904e-07,2.764430009325639e-06,2.466364527959998e-06,-2.1415847574959116e-06,-2.2626926043646842e-07,-4.817883848398531e-07,1.2345177833546564e-05,4.1403321479943165e-08,2.678710168641527e-06,1.1995262855401377e-05,2.471780554493993e-06,2.7433849061190483e-06,1.4266527604507924e-06,6.066703736798046e-07,-4.6616767022330755e-08,1.5950288337659643e-06,9.790907249579288e-06,1.6582701335340946e-06,1.2968167110214155e-05,-5.7166395605914193e-08,1.2714855363920366e-06,9.520299916906e-06,1.1598521792508937e-05,movement,movement,no movement,no movement
5083.333333333337,-0.0018711597742785,0.2832575415722667,-0.3187589740666667,0.0090524388944374,0.302712792552923,-0.3172167917666667,0.0107537055412042,0.3030873133425193,-0.3064413936,0.0098260814883574,0.3031087795321285,-0.3095814832999999,-0.0096470629588527,0.312448434527238,-0.3323445543,-0.0086476573673201,0.3107128670697262,-0.3456158895666666,-0.0046505423086895,0.3012560080375518,-0.3248943941333333,0.0453098578312235,0.3209737247310579,-0.2086874157666666,-0.0657318346508152,0.2835926875435494,-0.2275249859333333,0.0222595838911436,0.2864657159614585,-0.2664162929666667,-0.0065458403714921,0.2589006271526436,-0.2980393421666667,0.1118549000262558,0.2306335571329651,-0.0583452834033333,-0.1332337244479639,0.2537842370558246,-0.0589675594966666,0.1566598392266621,0.0760355093187743,-0.036528845268,-0.140610099504079,0.0067812572106333,-0.1494298803999999,0.1509110040699401,-0.0494077478490156,-0.0790945397633333,-0.0657186351050941,0.048595681600318,-0.2860025062666667,0.1369570807320931,-0.0714377640483014,-0.0847474751966666,-0.0202916692330648,0.0737494516617802,-0.3482072830666666,0.1154054885893224,-0.0664676729035253,-0.0983216343466666,-0.0064342724462597,0.1367730740978871,-0.3489526930666666,0.1455620248897301,-0.0674344766747458,-0.08413099306,-0.0557462600570144,0.076719853486069,-0.318864107,0.0743225355047733,-0.1619356048810563,0.0498982167499999,-0.0723300202296317,-0.168277504833608,-0.0473604035866666,0.1025734800479643,-0.4860693611980263,0.0515562513799999,-0.0261833989586415,-0.4375018802370209,-0.05430542049,0.0903021203958469,-0.7108947372930551,0.2714438929666666,-0.0485029289606608,-0.7381422183054572,0.1262140321266666,0.0745589472525052,-0.7355756441072082,0.2991350227333332,-0.0478421118927166,-0.7646790419368056,0.1037382755433333,0.1241411112344386,-0.7647438008516618,0.2765159244666666,-0.0209271251725762,-0.7964441829856862,0.032980264017,nijmegen_nijmegen_rennen_g_ch1_g11_compr.mp4,ch1g11,5.548271241065073e-05,0.0001327932633235,5.6895465065992176e-05,0.0001009232735943,0.0001168427442948,0.0001226076276247,5.700692316341168e-05,5.68951400178359e-05,7.800894281210659e-05,3.847420505655016e-05,9.851455141556238e-05,6.748836111280898e-05,5.706003808633294e-05,5.768475837728631e-05,0.0001204705027822,7.123233358400093e-05,0.0001336033170879,0.0001071505504183,6.577410650055155e-05,5.71165692391509e-05,0.0001201435909732,6.083706189961557e-05,5.572985825108642e-05,5.7636717449449326e-05,0.0001094817395495,1.0513365777580289e-05,5.531044814814192e-05,8.723889537159073e-05,1.3619483363841989e-05,0.000126863130394,9.551768914656376e-06,4.134168766254038e-05,0.000138495936526,0.0002234800323146,0.0001277203365981,0.0007966115718772,0.0007907689042795,0.0008104126505424,0.000792327157419,0.0007423019251228,0.0007703372360272,0.0007545389348203,0.0008855283471341,0.0006661557978792,0.0008743602219655,0.0007805758723874,0.0011621316157899,3.062974224420073e-05,0.0013172881343063,-0.0004458150170652,-0.0006116559209963,0.0003988546287635,-0.0011111657628001,0.0004225656801565,-0.001496074085675,0.0003753950737045,-0.0008471578850817,0.0003929527657265,0.0001442690446858,-0.0001582622001236,-0.0001446077479305,-0.0005752031277927,-0.0005145761102011,2.9902201876329397e-05,-0.0006396164313858,4.383430942784898e-05,-0.0005596712370627,1.5048864408718058e-05,-1.8348775891720435e-06,-1.5493161193767012e-05,8.370247375935951e-06,-1.3276220694762144e-05,-1.2745716611963584e-05,-1.3965676138100948e-05,8.477992270887344e-06,-3.477449495330246e-06,-7.015191469963162e-06,-4.516600057893396e-06,-1.04139226292614e-05,-1.236590177413134e-05,9.302061064497646e-06,8.236760718622022e-06,-6.49456687934884e-06,-8.352566719147792e-06,-1.441412953096335e-05,-1.585946881417533e-05,-1.1243529699986638e-05,9.61469981549246e-06,-1.3765034050590722e-05,1.082663769514326e-05,9.491661299322324e-06,5.8978694736983655e-06,-1.1869594135219363e-05,-1.1685020849779038e-06,8.129888328899902e-06,-5.845875050785897e-06,-8.606796989167778e-07,-2.17704242320195e-05,-1.0076974900126702e-06,3.1821795850148093e-06,-1.5796387190070396e-05,2.79832096098564e-07,7.0493808175148546e-06,1.761556122600059e-06,-7.040969259734814e-07,8.965402123535946e-07,8.749078508640126e-06,1.7127860819768094e-06,-8.035276755302272e-07,-6.730490686439491e-07,-3.142571699566006e-07,1.3050359253137794e-05,5.729638223261801e-07,1.982638746988624e-06,1.7980300486245885e-06,-1.457633336668198e-06,-3.002111267665038e-07,1.627982964236905e-07,1.5086489608732012e-05,2.83841572008057e-07,1.8688529230985995e-06,1.3536856740861793e-05,1.6021965758898046e-06,1.932432748196179e-06,9.7112464744123e-07,1.0661509711055812e-06,3.6829488619566413e-08,9.360874778733812e-07,1.1424533199670324e-05,1.7733496277724902e-06,1.6501749191621122e-05,1.1065655823529598e-08,8.574421731883427e-07,1.1134760420516237e-05,1.3521618844134292e-05,movement,movement,no movement,no movement
5100.000000000004,-0.0011021816368085,0.2840495554095606,-0.3152210797666667,0.0097558376366508,0.3034954104669465,-0.3136166225333333,0.0114505810537095,0.3038898012966226,-0.3028379903333333,0.0105240082899641,0.3038942235720049,-0.3060065352999999,-0.0088916063918455,0.3131903510148992,-0.3288180802333333,-0.0078904237652518,0.3114808873793938,-0.3420668174333334,-0.0038648187686587,0.3020073369081887,-0.3213766650666666,0.045327456995377,0.3218397323720142,-0.2053291082999999,-0.0653543790543632,0.284277328013154,-0.2245543247,0.0227381302217268,0.2873314124974172,-0.2629938037,-0.0059338825961361,0.2596768107580307,-0.2946651371333334,0.1113561786097549,0.2317037518075473,-0.055508638272,-0.1329961137736509,0.2538827774442535,-0.0573301753233333,0.1551583555649951,0.0772113514394452,-0.0337323005679999,-0.1389415479018345,0.0065134317096311,-0.1483898389666666,0.1498310402289409,-0.0493506512583154,-0.0771074932633333,-0.0635192005239335,0.0487605894255285,-0.2839045246,0.1360173101652178,-0.0716973200940093,-0.08270054043,-0.0181092733340992,0.0738032844255082,-0.3459025075666666,0.114497296381054,-0.0669355756486166,-0.0962321642133333,-0.0047553680402038,0.1367613756662299,-0.3466106457666665,0.1445210031922108,-0.0675169659784789,-0.0821474344266666,-0.0537810472266737,0.0768366437935317,-0.318393618,0.074383309679665,-0.1617970486950074,0.0497685192766666,-0.0723981339472333,-0.1684283020598555,-0.0472053485599999,0.1035832902781235,-0.486173985601635,0.0507297703333333,-0.0258253124417531,-0.4379942061743239,-0.05353839812,0.0921365964696951,-0.7115824938389226,0.2689450263333332,-0.0474357570446507,-0.7381415878656091,0.12796336959,0.0764929126057382,-0.7363861205969399,0.2964459586999999,-0.04674170637381,-0.764666248465267,0.1055391306366666,0.1263924338872559,-0.7654913881496225,0.2737811232999999,-0.0197218720995413,-0.7964143984587723,0.0350753634233333,nijmegen_nijmegen_rennen_g_ch1_g11_compr.mp4,ch1g11,5.515502278000107e-05,0.0001215201610382,6.6741044800603e-05,8.730282386958586e-05,0.0001069592587061,0.0001140279545235,6.689660094690855e-05,5.400410065266966e-05,7.118969697590116e-05,3.210842876853608e-05,9.347497151213156e-05,5.533847324135347e-05,6.779278170300326e-05,6.740829852041421e-05,0.0001131777511945,6.209362284837225e-05,0.0001218592625142,9.781154228304504e-05,5.45138817406072e-05,6.810573614545895e-05,0.0001148905263339,7.264297944002556e-05,6.672789697888521e-05,6.441512723991217e-05,0.0001004221351785,9.299962544312811e-06,6.40479060772619e-05,8.591375847269321e-05,1.4669601199450406e-05,0.0001119354731877,8.4883201582273e-06,4.574257560240339e-05,0.0001293971169661,0.0002063475462774,0.0001142644675139,0.0008481480002643,0.0008434144617309,0.000863441351593,0.0008455532379901,0.0007945255263058,0.0008198250155742,0.000802805668188,0.0009134402297275,0.0007204960154856,0.0009077976149677,0.0008162478365321,0.0010528745253259,0.0001210088472836,0.0011243481634783,-0.0002788217801875,0.0001905821431578,-0.0002283819972934,-3.777591687654486e-05,-0.0004188301988273,-0.0002272289359697,-0.0005307490212618,0.0001040559349825,-0.0002990812635963,0.0001332527779236,-0.0001457665463956,-0.0001578043321699,-0.0004851811563214,-0.0006733313814887,6.192348571016855e-05,-0.0007953118283479,8.023006276077732e-05,-0.0007319971832355,4.640957836123668e-05,-1.4365152745418343e-06,-8.170158921302684e-06,9.614829879909712e-06,-1.3961464254029157e-05,-1.2305119676414308e-05,-4.763802715250363e-06,9.677345300444678e-06,-4.638320936278294e-06,-7.397573431836675e-06,-4.646529729598474e-06,4.9426532364271e-06,-1.2096158623724367e-05,1.0681163039401871e-05,9.530090573643226e-06,-7.8997297274522e-06,-9.424914740394804e-06,-1.4660980543321187e-05,2.1037047699664414e-06,-1.1268732486256807e-05,1.0851404681612397e-05,8.3578635570216e-07,1.1842111482550884e-05,1.0795024790885974e-05,6.5866646390574315e-06,-1.121193577382677e-05,-1.0988975912346963e-06,8.614959719653247e-06,7.207601964185745e-06,9.755944398622337e-07,-1.404361202097354e-06,-9.704249181074387e-07,3.6487429397206225e-06,-3.969329991017868e-06,2.503799169591746e-07,7.761207377110984e-06,9.633576675965674e-07,-1.8691382395986693e-08,1.439158013198906e-06,9.249382023792351e-06,9.172185252242096e-07,-6.852991707217079e-07,-1.8531657215401388e-07,1.642049049345799e-07,1.4008763506156844e-05,1.0108965381189438e-06,1.0839852626971486e-06,1.007877630611385e-06,-7.110909183305015e-07,-8.19267366944641e-08,9.407699897569688e-07,1.638725029252414e-05,6.70952619502104e-07,9.608219658821456e-07,1.3727729320312822e-05,6.850132306569219e-07,1.0110094205468184e-06,4.6895271580612774e-07,1.5595041735709657e-06,1.2167087543424057e-07,2.892107404777384e-07,1.2024885909470285e-05,1.6355817287117877e-06,1.8443015767831135e-05,8.488944448480572e-08,3.92881916380777e-07,1.1694567165510471e-05,1.4329697161775852e-05,movement,movement,no movement,no movement
5116.666666666671,-0.0001942879374447,0.2849299515945238,-0.3118553883000001,0.0105506079829776,0.3043536304027712,-0.3101780206333334,0.0122396427793638,0.3047659785222261,-0.2993992344666667,0.0113118857508788,0.3047502673746289,-0.3025875234666665,-0.0080356075327779,0.3139934381464577,-0.3254493310333333,-0.007035426086254,0.3123127011980229,-0.3386751343333334,-0.0029809795144005,0.3028259154944675,-0.3180158551999999,0.0453350338837213,0.322725815826982,-0.2020062278333332,-0.0649629294580083,0.284995532445194,-0.2216089567333333,0.0233156080161532,0.2882454490056962,-0.2597407744,-0.0052304567677656,0.2605125417103187,-0.2914489281333334,0.1108188619187286,0.2327431559247802,-0.0526778262309999,-0.1327940983716621,0.2540429379149049,-0.0557414054433333,0.1537747095285738,0.0783655424197593,-0.031117775128,-0.1375593450722461,0.0063532798830867,-0.1472795623999999,0.1487702312041219,-0.0482873158896897,-0.07575857013,-0.0618725593576359,0.0484160827702097,-0.2816091438,0.1350426270723791,-0.0707002270297422,-0.0814401236966666,-0.0165109903449424,0.0731748874312477,-0.3433749030666667,0.113572813124368,-0.0660293567270146,-0.0949534454133333,-0.0033520457739692,0.1360188661873116,-0.3440903050999999,0.1434909585438679,-0.0664961410848507,-0.08084276376,-0.052231209610222,0.0763653887643614,-0.314354211,0.0744227514414772,-0.1616590935472439,0.0497238043666666,-0.072442378203617,-0.1685781370514632,-0.0471494004233333,0.1043815815321328,-0.4862709506913355,0.0500968112866666,-0.025507765170659,-0.4383080233779654,-0.0527528994266666,0.0935733610815803,-0.7122080558146706,0.2669237612999999,-0.0466703513536247,-0.7379221398407522,0.1299368159366666,0.0779989899612271,-0.7371323235397987,0.2942930463666666,-0.0459687140180375,-0.7644178192354822,0.10759557268,0.1282375797606097,-0.7661158307825687,0.2716263483333332,-0.0188271498125066,-0.7962135069011491,0.0374597755209666,nijmegen_nijmegen_rennen_g_ch1_g11_compr.mp4,ch1g11,5.431193613665412e-05,0.0001166475779234,7.724602182860937e-05,7.374169747922676e-05,9.487346506803036e-05,0.000113258273258,7.742823249643655e-05,4.8785460617823094e-05,6.336913026815578e-05,2.674937965339864e-05,0.0001079531178147,4.45041476095239e-05,7.931989434716916e-05,7.785884119988464e-05,0.0001041045245729,5.21209646705115e-05,0.0001074724961853,0.0001108433702735,4.423110421512228e-05,7.972949975944876e-05,0.0001215055206952,8.505545472017284e-05,7.834268532998791e-05,7.148624410138745e-05,8.95035633672619e-05,8.208192081264951e-06,7.284828982507264e-05,0.000101478193305,1.7065356606790508e-05,0.000122734556492,7.514718692595889e-06,4.972023913542464e-05,0.000130594546829,0.0002004496723259,9.983625812061704e-05,0.0008753182028395,0.0008714033625026,0.0008911891070497,0.0008729696245419,0.0008179912849328,0.0008419141142365,0.0008248487288608,0.0009062627719752,0.0007314912171495,0.0009122640071565,0.0008258482689426,0.0009225550702145,0.000174184606023,0.000939110757236,-0.0001361245407449,0.0010397070177211,-0.0008269414253905,0.0010737719064445,-0.0012201820392852,0.0011025310941406,-0.0013607251122104,0.0010982610461587,-0.0009478605100444,0.0001229574326084,-0.0001343821374329,-0.0001391960718281,-0.0003504734350291,-0.0007200995543879,0.0001448974167617,-0.0008288978425467,0.0001690212359601,-0.0008031499441725,0.0001332623956583,-1.018321894973145e-06,1.2582909624227716e-07,1.017217451165448e-05,-1.3870856824525e-05,-1.0661305672101202e-05,4.9034630378259785e-06,1.018891911191252e-05,-5.2235821250582095e-06,-7.315184984198707e-06,-4.217742812668936e-06,2.0078069154068332e-05,-1.1003044040137203e-05,1.1264939273456206e-05,1.0128974312983082e-05,-8.297651081981727e-06,-9.553372627098878e-06,-1.3408330892395545e-05,2.003089015750088e-05,-1.0530714852505131e-05,1.1299959766846098e-05,1.5024178636827268e-05,1.2070686454251172e-05,1.1296536875857226e-05,6.883898540147471e-06,-9.456947044895233e-06,-9.511102093018392e-07,8.621589701509345e-06,1.981884469655956e-05,2.6069400301352895e-06,1.9548946475099253e-05,-8.628861506478954e-07,3.7352850460410064e-06,8.397225998490105e-06,2.0089214009569058e-07,7.849575672999622e-06,1.525780272321359e-07,8.700915915226937e-07,2.185101901415134e-06,8.958189949049826e-06,1.126763066397547e-07,-3.4535968522740244e-07,2.973787678856545e-07,5.385238911090191e-07,1.3375415069602952e-05,1.559585278929854e-06,1.768585379639552e-07,1.9836234707062558e-07,5.3585525950981385e-08,4.578987731762497e-07,1.9585192232017835e-06,1.5836482368155106e-05,1.1923441909625026e-06,6.31337238112315e-08,1.2648015955193545e-05,-1.943633695571168e-07,9.708417985707301e-08,-2.1975348584496447e-08,2.215935859905075e-06,1.9711641157152398e-07,-2.873399855090139e-07,1.1312185281990267e-05,1.3308224158409605e-06,1.8197256746329098e-05,1.541739785868888e-07,-1.6652514940743806e-08,1.1203274694535945e-05,1.3796423626666972e-05,movement,movement,no movement,no movement
5133.333333333338,0.0009474724056468,0.2857981732315262,-0.3086188948333334,0.0115289656663299,0.305206885693835,-0.3068700681666667,0.0132098851956431,0.3056386693282003,-0.2960911836333333,0.0122874994909128,0.305603134205604,-0.2992949648666666,-0.0069704115386441,0.314796087438812,-0.3221626812666667,-0.0059717537731028,0.3131409720098821,-0.3353635022666667,-0.001900678616751,0.3036380150326427,-0.3147311326333332,0.0453860531729235,0.3236053823710009,-0.1987986058666666,-0.0644994515069656,0.2857139377077304,-0.2190496838,0.0240730664450901,0.2891303933717394,-0.2566106012333333,-0.0043458027197143,0.2613235367359969,-0.2883282912,0.110281655087949,0.2335473566548139,-0.049922830771,-0.1325268377754739,0.2542487397947387,-0.0544015386,0.1524062240681354,0.0790011077537024,-0.0290088593846666,-0.1363988511847672,0.0063057026910627,-0.1461476568,0.1476432025208473,-0.0470845357768876,-0.0745447538299999,-0.0605217961915448,0.0472256792786279,-0.2788278649333334,0.1339557150264454,-0.0693021492287797,-0.0801998141299999,-0.015193085610938,0.0714522059344567,-0.3402525415666666,0.1126751205509755,-0.0644842996137532,-0.09365387788,-0.0020667263127499,0.1341018759102837,-0.3410143567666665,0.1424448886879159,-0.0651395281257367,-0.07964963426,-0.0509227559229303,0.0750173614470591,-0.315443754,0.0744486598017231,-0.1615416122481024,0.0497167650599999,-0.0724706354217851,-0.1687063709184003,-0.0471466063299999,0.1050897943431836,-0.4863945891751218,0.04903395287,-0.025201655146632,-0.4385276088247902,-0.0522141633433333,0.0946015458633292,-0.7129396614569603,0.2640293984999999,-0.0460494505012557,-0.7376745139053366,0.1315732494533333,0.0790256553934365,-0.737960474217904,0.2912071256666666,-0.0453585298863805,-0.7641442475022767,0.1092882287366666,0.1293555215819568,-0.766941439872308,0.2683940232333332,-0.0180250238752574,-0.7959906728719112,0.0393817772416333,nijmegen_nijmegen_rennen_g_ch1_g11_compr.mp4,ch1g11,5.3218305743708906e-05,0.0001195517459414,8.774463763965744e-05,6.0367298995818054e-05,8.40608406242032e-05,0.0001214891380342,8.793760645015021e-05,4.2804379590349e-05,5.540839456789645e-05,2.2753214957851023e-05,0.0001390174346897,3.407265219255736e-05,9.093622923003774e-05,8.836699940227479e-05,9.434395419134508e-05,4.162626316053598e-05,9.399311183291042e-05,0.0001428879275993,3.3980303588402535e-05,9.128715349428008e-05,0.0001415399318214,9.725203266380724e-05,8.991853504551042e-05,7.842756689759693e-05,8.00537736782827e-05,7.418297928214511e-06,8.123160231474362e-05,0.0001308727964527,2.0948042151187187e-05,0.0001560954355208,6.788417614808142e-06,5.317051183477784e-05,0.0001435349172242,0.0002096790435154,8.69670495768007e-05,0.0008770319734958,0.0008744580008219,0.0008935363861376,0.0008750747305459,0.0008136575091558,0.0008362140143542,0.0008199190311833,0.0008777304816778,0.0007086538959149,0.0008916712532563,0.0008100524612095,0.0007858482819304,0.0002086103909779,0.0007755384978386,-1.2520050359756123e-05,0.001907788328212,-0.0014121053516471,0.00219589323684,-0.0020088929986408,0.0024354050407864,-0.0021721913209873,0.0021051045192011,-0.0015785162085332,0.0001128712013756,-0.0001235866007255,-0.0001353303231687,-0.0002004371142514,-0.0007460356654746,0.000219420091265,-0.0008332044951803,0.0002466927306908,-0.000849043930427,0.000217921403824,-6.436100904164652e-07,8.107775309698802e-06,1.0057495408477612e-05,-1.2632769536594715e-05,-7.85521466218976e-06,1.3613810781636394e-05,1.0039038253303686e-05,-5.314229088699561e-06,-6.72182074005632e-06,-3.4429735571570797e-06,3.3933841735081134e-05,-9.086378382822886e-06,1.1077058232129018e-05,1.005476471476933e-05,-7.637920375328893e-06,-8.810960636403881e-06,-1.0557437362317014e-05,3.642300069119353e-05,-9.003016521344619e-06,1.1012004691971211e-05,2.672454166801721e-05,1.1595816947967467e-05,1.1024361317323303e-05,6.812705853651209e-06,-6.692663666235229e-06,-7.188499892903637e-07,8.223057980688671e-06,3.140695298569364e-05,3.7807435050170815e-06,3.887017673274257e-05,-6.759859318306477e-07,3.519376444153503e-06,1.9346306633883053e-05,1.526418191889516e-07,7.374249857656437e-06,-5.532861467540775e-07,1.8972856007026288e-06,3.014687085556643e-06,7.987247536484537e-06,-5.852626540302729e-07,1.3875333800462314e-07,7.144208944492093e-07,7.669848235261755e-07,1.1194689271278173e-05,2.2362800449722195e-06,-6.093551148625202e-07,-5.127747880395296e-07,7.521748391289786e-07,1.26753623269755e-06,3.0580185905312316e-06,1.3489087131783595e-05,1.865937815844972e-06,-6.978189290674871e-07,1.0524099321073316e-05,-9.142978501967552e-07,-6.800326554339821e-07,-4.328494979652469e-07,2.9317205902761583e-06,2.5078364674676316e-07,-7.231308867369398e-07,9.332891134349804e-06,9.013037282083876e-07,1.575925727097024e-05,2.0730718916006354e-07,-3.1201708326924373e-07,9.810489754482502e-06,1.2068466245883256e-05,movement,movement,no movement,no movement
5150.000000000005,0.0024705187538778,0.2866965283632854,-0.3055774456666666,0.0128282386697178,0.3061019403785397,-0.3037061393666667,0.0145019012961925,0.3065514788427869,-0.2929264094666667,0.0135819482143705,0.3064982744752522,-0.2961434626333333,-0.0055812803966138,0.3156230002145276,-0.3191649411666666,-0.004576807116214,0.3139896478574728,-0.3323557634666668,-0.000496139434251,0.3044709806716128,-0.3117398139333332,0.0455481878333158,0.3245039267893695,-0.1956320569666666,-0.0639239564386809,0.2864259923133869,-0.2171584264666666,0.0251436573594572,0.2900259534191031,-0.2535930207333333,-0.0031505404231422,0.2621387079147547,-0.2855095676666667,0.1097832929127984,0.234274062358868,-0.0472560931333333,-0.1321964357066309,0.2544766405133863,-0.0535265230433333,0.1510681404011715,0.0795869386800349,-0.0275196788113333,-0.1354601435944885,0.006295853656412,-0.1448818697,0.1466041293928197,-0.0451288892194807,-0.0745261059966666,-0.0595402474463733,0.0453982491295478,-0.2757185792,0.1329993809975086,-0.06692448298382,-0.08029815783,-0.0142291866932239,0.0689571247141299,-0.3367994601999999,0.111962997841908,-0.0617416953311681,-0.09366809508,-0.0009752398192503,0.1314664351065302,-0.3376709842333332,0.1415234021746306,-0.0629003806836872,-0.0796885044266666,-0.0499234584153219,0.0730211991596952,-0.314779311,0.0744681961129958,-0.1614325604859347,0.0497723917166666,-0.0724914789429574,-0.1688263900839706,-0.0472195493766666,0.1057021124148575,-0.486532286152686,0.0480475299633333,-0.0249113817782158,-0.4386791241667089,-0.0517620385199999,0.0955718577169184,-0.7136921897319514,0.2612204913666666,-0.0455997914558597,-0.7374319530299301,0.1330295667566666,0.0800018020688974,-0.7387981335240726,0.2882098256333333,-0.0449296326739658,-0.7638645374589578,0.1108063695333333,0.1304350811107352,-0.7678099514597205,0.2652604347,-0.0174474519456783,-0.7957711985004788,0.0411473836629666,nijmegen_nijmegen_rennen_g_ch1_g11_compr.mp4,ch1g11,5.2448523977161915e-05,0.0001308680932351,9.728964369788849e-05,4.768475079047997e-05,7.442027675932316e-05,0.0001391134107264,9.747232049187382e-05,3.6520059739588265e-05,4.8741675043243024e-05,2.0377485987027105e-05,0.0001808420149166,2.4878762330155583e-05,0.0001014901852775,9.79683446981061e-05,8.581019092698534e-05,3.206909696031805e-05,8.155865219598349e-05,0.0001884434527315,2.4677675687855688e-05,0.0001016610341695,0.0001745918653364,0.0001081218768301,0.0001002720122684,8.485699814563928e-05,7.177984401274746e-05,6.895311550121581e-06,8.857370815993157e-05,0.0001690254438813,2.5196718458396743e-05,0.0002054341393096,6.2787720234580735e-06,5.567838021313908e-05,0.0001680866366508,0.0002352302761788,7.590344974933182e-05,0.0008676449062167,0.0008659183475241,0.0008835325606634,0.000865184054452,0.0007965952105632,0.0008177475471921,0.0008032381058256,0.0008423984060022,0.0006710125762006,0.00086058067182,0.0007841396026108,0.0006598231141752,0.0002407415720716,0.0006575375823685,0.0001004477413979,0.0027673756869529,-0.0019560952299437,0.0032835467675264,-0.0027397840600513,0.003708200714627,-0.0029279599925872,0.0030859013359033,-0.0021656947081947,0.0001045295357544,-0.0001147382306073,-0.0001368907992664,-5.64526128977255e-05,-0.0007912327795901,0.0002733036053877,-0.0008588243356116,0.0003036358149455,-0.0008873333797654,0.0002806080867785,-5.547851260863804e-07,1.5157647423021451e-05,9.190166673049064e-06,-1.0322110503384264e-05,-4.468376553387461e-06,2.082327940378331e-05,9.143894527453695e-06,-4.89741718603524e-06,-5.7536394011593976e-06,-2.4739666463406096e-06,4.445742836826983e-05,-6.525815147314256e-06,1.0108432074053868e-05,9.224632882981677e-06,-6.303829760789907e-06,-6.988358568595317e-06,-6.897016081594656e-06,4.909233271571886e-05,-6.802717230479404e-06,9.976158044536568e-06,3.5443090742466885e-05,1.0333687098444554e-05,9.979761528558236e-06,6.197889839816889e-06,-3.4363775400063495e-06,-4.428240252449589e-07,7.310514570865552e-06,4.022748822732743e-05,4.402073207317879e-06,5.382183871322045e-05,-4.422850681346623e-07,3.0572069721059566e-06,2.8103694309315863e-05,1.1245377426922913e-07,6.3862451072588585e-06,-1.0842156883265804e-06,2.9336348045958726e-06,3.863623683279315e-06,6.4616037959090235e-06,-1.1075906484101911e-06,6.842055552680581e-07,9.917911552089854e-07,8.360494761994278e-07,7.932738688387205e-06,2.9626653103320363e-06,-1.1994868115335124e-06,-1.0528139933040685e-06,1.234149737765686e-06,2.205174388969296e-06,4.166110531527138e-06,9.82485257865806e-06,2.611358119539049e-06,-1.2524333155795365e-06,7.649304745825811e-06,-1.4147282317142252e-06,-1.2467507218675798e-06,-7.324858773245256e-07,3.65803853486348e-06,2.799839844367654e-07,-9.987019543476964e-07,6.485921166233608e-06,4.300852637028562e-07,1.1690970499863976e-05,2.404526721809383e-07,-4.750479086204569e-07,7.702228620996104e-06,9.642646871401452e-06,movement,movement,no movement,no movement
5166.6666666666715,0.0042111118205787,0.287605425107692,-0.3028605725666666,0.0143233347365515,0.3070116206711928,-0.3007715802,0.0159967816456101,0.3074791312279065,-0.2899928516333334,0.0150754393088862,0.3074075218445192,-0.293226761,-0.0039945254234462,0.3164563327999782,-0.3166136140333332,-0.0029730122940352,0.314842062018939,-0.3298048386666667,0.0011137298973514,0.3053085486485115,-0.3092026130666665,0.0458019928110914,0.3253841320307061,-0.1925779691333332,-0.0632803500195675,0.2870938656182702,-0.2158843483666666,0.0264036414570123,0.2909188764062876,-0.2507615244333334,-0.0017701593211331,0.2629517523394273,-0.2831430725333334,0.1093449355594079,0.2348725525935718,-0.0445908919073333,-0.1318047374472134,0.2547093182195857,-0.0530432557866666,0.1498675812991219,0.0802053286154282,-0.0262580974546666,-0.1348342421235131,0.0064283724273026,-0.1434453809,0.1456516657696542,-0.0420491206909267,-0.0752706072633333,-0.058774852050948,0.0430871548249211,-0.2717904572666667,0.1321914119339694,-0.0632235985883322,-0.0812936234633333,-0.0134132748332572,0.0657535539056296,-0.3324330444666666,0.1114479693315387,-0.0574841175814747,-0.0945985474133333,7.39829843612878e-05,0.1280985169865374,-0.3334578065666666,0.1407464287243314,-0.0594143027038178,-0.0805201878933333,-0.0490704690562026,0.0704994181987076,-0.319650531,0.0744768177590317,-0.1613362068775949,0.0499194773533333,-0.0724991182815221,-0.1689331142079796,-0.0473990650333333,0.1062219362228199,-0.4867143932374954,0.04698172379,-0.0246556888805432,-0.4387405829106804,-0.0517287696899999,0.0965224439753873,-0.7145889859970704,0.2579349780333333,-0.0453924918560857,-0.7371999419694065,0.1339246849733333,0.0809619293169778,-0.7397698750245697,0.2846775292,-0.0447660746522846,-0.7636054168221619,0.1117635543166666,0.1314859559302145,-0.7688571567039254,0.2614975701333333,-0.0171400617211336,-0.7955746674943435,0.0422107857209666,nijmegen_nijmegen_rennen_g_ch1_g11_compr.mp4,ch1g11,5.158756418117004e-05,0.0001497653680004,0.0001056336116707,3.779582343932696e-05,7.069278452874428e-05,0.0001640896048952,0.0001057896273271,3.127684986709445e-05,4.343463399446691e-05,1.8994612168253583e-05,0.0002307553476641,1.971836632242013e-05,0.0001106701192759,0.0001063787408613,7.989129090212437e-05,2.632499934173217e-05,7.512951102871509e-05,0.0002445869569023,1.904420511055518e-05,0.0001106510469568,0.0002161111948657,0.0001176067214522,0.0001092128021229,9.061851029037496e-05,6.901423879446557e-05,6.6284592492571135e-06,9.5244758453002e-05,0.0002133979494302,3.003439418936942e-05,0.0002678235950192,5.980287662142209e-06,5.798673693164169e-05,0.0002011249476487,0.0002752807528775,7.159362335203053e-05,0.0008551202734708,0.0008512923026899,0.0008672694532161,0.0008487320134351,0.0007743613538337,0.0007939462417156,0.0007817979074698,0.0007956141622802,0.0006286816916566,0.0008235077288821,0.0007557336985365,0.0005496758879219,0.0002749842876506,0.0005932222544361,0.0002051159486657,0.0035944105804845,-0.0024622922613168,0.0043094339964535,-0.0034165871983523,0.0048873406673758,-0.0036290547811632,0.0040123023556368,-0.002713101850153,9.76970392432446e-05,-0.0001074335695274,-0.0001421851930032,8.38980157240203e-05,-0.0008648128231066,0.0002979484620181,-0.0009176878088993,0.000328152968035,-0.0009348714445548,0.0003351834734103,-7.000525750947271e-07,2.097926660172708e-05,7.757627255120903e-06,-6.809258938870483e-06,-4.6848954393054083e-07,2.6295339994937035e-05,7.696378002544756e-06,-3.865375649304515e-06,-4.56460897786032e-06,-1.3138638483502432e-06,5.030320366304337e-05,-2.998384229432893e-06,8.569604451168936e-06,7.81871910320914e-06,-4.531450288674986e-06,-3.900941465486632e-06,-2.427612028545416e-06,5.651382131934688e-05,-3.636857571538033e-06,8.411635448077796e-06,4.106081095853714e-05,8.585627821053461e-06,8.410556332416234e-06,5.20761184486272e-06,3.283174214680942e-07,-1.3631761758560746e-07,6.136993697908182e-06,4.5059400537007915e-05,4.5289855328572446e-06,6.253906797231806e-05,-1.7436970078152658e-07,2.550585401043597e-06,3.4357663050774885e-05,1.0203716523069557e-07,5.0412332276943075e-06,-1.4121234694967091e-06,3.819448963952456e-06,4.442302407022385e-06,4.633484004370258e-06,-1.427554192919817e-06,1.167606710077414e-06,1.095733823324566e-06,7.860498360626595e-07,4.014268661098569e-06,3.5700666050187675e-06,-1.562536014113002e-06,-1.3900671102098685e-06,1.397782771507444e-06,3.0532921457006528e-06,4.953396209702162e-06,5.318411320318853e-06,3.260616899374336e-06,-1.5789281012539058e-06,4.516479782302941e-06,-1.6895721220598352e-06,-1.5804751241426343e-06,-9.136488998030958e-07,4.1376419520383085e-06,2.797042361900794e-07,-1.1411720299315728e-06,3.1311384214020746e-06,-1.92298652064201e-08,6.528086744358454e-06,2.484395128528301e-07,-5.395029997296078e-07,5.235073238011513e-06,7.194445589102051e-06,movement,movement,no movement,no movement
5183.3333333333385,0.0061547958481498,0.2884770558368497,-0.3011036859333333,0.0160369299241215,0.307896112367727,-0.2987367432,0.0177168311402673,0.308378368666143,-0.2879582490666667,0.0167887579918217,0.3082888283395519,-0.2912104511,-0.0021930712768199,0.3172395663511619,-0.3151141985999999,-0.0011479139935947,0.3156434948672779,-0.3283224403666667,0.0029423150979561,0.3060970497472181,-0.3077163235666665,0.0462395404795494,0.326176651230659,-0.1902115395666666,-0.0625111489387051,0.2876715195232568,-0.2156075299666666,0.0278411600338618,0.2917536295526681,-0.2487532656333333,-0.0002183572996276,0.2637018795687365,-0.2817833694000001,0.1089698299807902,0.2353776399115117,-0.0421814524356666,-0.131299429580271,0.2549461045830267,-0.0533142110533333,0.1487680029301102,0.080885054675513,-0.0256360586046666,-0.134311141978098,0.0066124577145963,-0.1421394674666666,0.1447622744939049,-0.0377675623935757,-0.0772539532933333,-0.0581334103509479,0.0402936426626919,-0.2674987917,0.1314467979049977,-0.0581629716803934,-0.0837112725466666,-0.0127009234226622,0.0619307160196292,-0.3277066211666666,0.111001666276417,-0.0517489048606201,-0.0969295762799999,0.0010727878662502,0.1241027512563694,-0.3289675209666666,0.1400338058169756,-0.0546660644849078,-0.0826175181366666,-0.0483035045427234,0.0674565737046491,-0.295618832,0.0744702191654152,-0.1612480856087428,0.0501800040399999,-0.0724897262467188,-0.1690303648241856,-0.0477047297633333,0.1067236778295162,-0.4869595228763513,0.0459672136833333,-0.024362937257724,-0.4386830196762922,-0.0519379742933333,0.0974001059823874,-0.7155565348847827,0.2547821848666666,-0.0452199516904469,-0.7369492361911729,0.1341965405166666,0.0818322814170224,-0.7407777615681134,0.2812834559666667,-0.0446398443890786,-0.7633265841418855,0.1120662552633333,0.1324496926563138,-0.7699111242633407,0.2578533411666667,-0.0168626358457815,-0.7952642626416582,0.0424312777236333,nijmegen_nijmegen_rennen_g_ch1_g11_compr.mp4,ch1g11,5.0990294160543103e-05,0.000174465647959,0.0001121213174698,3.126880858710708e-05,7.194107517318253e-05,0.0001942626775993,0.0001122084664034,2.6993766698627343e-05,3.983997164395528e-05,1.878013277895422e-05,0.0002842352671464,1.7182493121195488e-05,0.0001177963539257,0.0001129463125146,7.716690689015252e-05,2.3757347281061943e-05,7.490042082098986e-05,0.0003057590410029,1.5940537047441125e-05,0.0001175750276175,0.0002619573660675,0.0001246665447352,0.0001161224429906,9.511456928952212e-05,7.094134750712858e-05,6.515930328688057e-06,0.0001004136523451,0.000260490570211,3.424308679589813e-05,0.0003368772169302,5.81629409138958e-06,5.991154768020293e-05,0.0002402445283086,0.0003243856800108,7.27102159774541e-05,0.0008358624626988,0.0008289805752264,0.0008435763687806,0.0008248850032105,0.0007484223238395,0.0007647041623091,0.0007542958032445,0.0007508472686288,0.0005909893810188,0.0007817919797682,0.0007232896972353,0.0004637116815114,0.0003238532485941,0.0005881495859787,0.0003006833579359,0.0043680828496577,-0.0029522719407613,0.0052536502460214,-0.0040701672106983,0.0059339846849586,-0.0043368242974544,0.0048665469677185,-0.0032496566034717,8.971385610609071e-05,-9.882463225053982e-05,-0.0001728903730504,0.0001968079720966,-0.0009979820263753,0.0002877018733413,-0.0010369985892152,0.0003156132248298,-0.0010442201154624,0.0003590607589227,-9.93936071919686e-07,2.4977164295351675e-05,6.006972298589512e-06,-2.495223977745646e-06,4.156647942551107e-06,2.9574826479992458e-05,5.935237876739922e-06,-2.459050901337644e-06,-3.3447489446455755e-06,-4.2827161601100147e-07,5.080460023763088e-05,9.30936771298912e-07,6.714317043476047e-06,6.083602258190188e-06,-2.855007061997493e-06,-2.2287940038534055e-08,2.8032340454910896e-06,5.7878852917685633e-05,2.0714893081234542e-09,6.562818439281521e-06,4.3336148163035795e-05,6.6039904301485145e-06,6.554564260112035e-06,3.95136031411125e-06,4.599754333847843e-06,1.5096568446416444e-07,4.772369521672738e-06,4.5260139140283744e-05,4.121935263428064e-06,6.435057612542928e-05,8.370494001985433e-08,1.9562180741871605e-06,3.772538435427758e-05,1.108918000287728e-07,3.5047550179970692e-06,-1.5207334626254506e-06,4.403894376294771e-06,4.613283222798901e-06,2.7245021771169177e-06,-1.5284587122288389e-06,1.4996817983107752e-06,1.0279463956511348e-06,6.363261339706008e-07,-2.4855897967813947e-08,3.972147922397713e-06,-1.6831391375738155e-06,-1.5066108102920493e-06,1.2092078031189696e-06,3.6616376060732222e-06,5.261184460350253e-06,6.03360411505344e-07,3.717891424757693e-06,-1.6684003997944778e-06,1.5191886543707937e-06,-1.7260112836704251e-06,-1.672710381594403e-06,-9.664863058699653e-07,4.237057531642523e-06,2.539490923074776e-07,-1.1501311306253857e-06,-2.99895785168835e-07,-3.640443170132556e-07,1.012801690094293e-06,2.3253339256548346e-07,-5.207858531737429e-07,2.6889572674682365e-06,5.764522044959338e-06,movement,movement,no movement,no movement
5200.0000000000055,0.0081400150634771,0.2893740496460477,-0.2993480589333333,0.0177889230205077,0.3087943852009605,-0.2967314244,0.0194771968263062,0.3092921530040062,-0.2859484798,0.0185433157831553,0.3091850830361841,-0.2892326001333333,-0.0003192679990503,0.3180656231669752,-0.3136893564999999,0.0007494230944453,0.3164789278602388,-0.3269134451666666,0.0048376058773391,0.3069205500891268,-0.3063053355999999,0.046673007466741,0.3269795112403797,-0.1879655595333332,-0.0616502135519746,0.2883153148754824,-0.2154645592999999,0.0292849599214173,0.2925938625933382,-0.2467369458,0.0013673785333355,0.2644773847083907,-0.2804726106,0.1084973751606284,0.235829070965683,-0.0399411988246666,-0.130748601294026,0.2553660556501846,-0.0537629646133333,0.147619746142995,0.0814745851967502,-0.0255757475213333,-0.1340849634803793,0.0070376610847181,-0.1408203364499999,0.1437567348944283,-0.0331193878314798,-0.0801139329033333,-0.0577549952890081,0.037099251315769,-0.263058046,0.1304684390783034,-0.0525719526793897,-0.0870839840033333,-0.0122263363195007,0.0575376145534089,-0.3227174183666666,0.1103810849908806,-0.0455116182210118,-0.1002033256466666,0.0019242090341406,0.1193391899080795,-0.3241448603999999,0.1392152584930897,-0.0494925449276887,-0.0856069304666666,-0.047762451211409,0.0639333827626953,-0.291301668,0.0744167254826602,-0.1611702692335323,0.0504854650533333,-0.0724257646084972,-0.1691163337289494,-0.0480653299166666,0.1071657454931898,-0.4872147200552056,0.04487780798,-0.0242436159806148,-0.4385234913025061,-0.0523877167066666,0.0979655281557462,-0.7166604136555544,0.2511430793999999,-0.0453529083253968,-0.7367730624710539,0.1342625057233333,0.0823413603073618,-0.741900056898625,0.2773522266333333,-0.0448284622069239,-0.7631247496585686,0.1121674137833333,0.1331085492739522,-0.7710580468753613,0.2537525103,-0.0169213903596159,-0.7950091864803004,0.0426370783069666,nijmegen_nijmegen_rennen_g_ch1_g11_compr.mp4,ch1g11,5.023089970583458e-05,0.0002024600509365,0.000116847814213,3.071277080358299e-05,7.896603814752526e-05,0.0002261882659803,0.0001168367915556,2.552052209311394e-05,3.776803173762312e-05,1.938333884217929e-05,0.0003370468666588,2.0220160689301857e-05,0.0001230689732268,0.0001177280937501,7.677393376840204e-05,2.6042401369997614e-05,8.067469720356361e-05,0.0003666717219431,1.8022885774004754e-05,0.0001227108590852,0.0003069130398398,0.0001299254364781,0.0001212640762298,9.831754598322796e-05,7.82550088622133e-05,6.761285870680837e-06,0.0001045372969633,0.000306555748069,3.793218964914803e-05,0.0004061533433991,5.980697750355499e-06,6.150166740659541e-05,0.0002806811530044,0.0003765687322337,8.03036165041644e-05,0.0008236093133952,0.0008104514880541,0.0008241231367624,0.0008048627463483,0.0007297061108655,0.0007417848628864,0.0007324183606988,0.0007116343951676,0.0005622836277479,0.0007447071702467,0.0006982884598169,0.0004020181320487,0.0003797928537361,0.0006099080917567,0.0003866321341084,0.00507098740544,-0.0034520160565915,0.0061170979598041,-0.0047357163969919,0.0068655536627702,-0.0050729245175617,0.0056368733312463,-0.003803251395873,8.11570303698338e-05,-8.949496999709379e-05,-0.0002251324764188,0.0002776618186017,-0.0011854198902122,0.0002161329996693,-0.001213001277045,0.0002382019609154,-0.001210635258276,0.0003318639526632,-1.139388448339623e-06,2.7450284800447836e-05,4.286874290097791e-06,2.340737036667085e-06,9.02750719100114e-06,3.11183746527054e-05,4.215469328985843e-06,-8.505428302463816e-07,-2.3878477081292903e-06,1.8853394958142246e-07,4.804731753755098e-05,5.10857876877877e-06,4.8520934868244095e-06,4.376067613693229e-06,-1.7203523891726067e-06,4.129520910802817e-06,8.252268540612603e-06,5.5263989601424815e-05,3.9923405501015286e-06,4.7357968951650985e-06,4.3039661967566265e-05,4.7426155945106725e-06,4.715338384473721e-06,2.77689251047284e-06,9.00377465409163e-06,4.011842843508768e-07,3.500929022423099e-06,4.272597595264678e-05,3.3417598889255204e-06,6.148629140324534e-05,3.178011713197445e-07,1.3391267218597072e-06,3.882456192536032e-05,1.360155319895149e-07,1.9633342080298227e-06,-1.4538910539593548e-06,4.55877968480533e-06,4.315862422114781e-06,9.781137793198588e-07,-1.454428242315782e-06,1.5687966494040548e-06,8.218784292593833e-07,4.5620763792191123e-07,-3.6667121089872256e-06,4.015466578263845e-06,-1.6124464925908028e-06,-1.4435539225439637e-06,7.352668505788839e-07,3.903306387914595e-06,5.058433615737413e-06,-3.6741750131466055e-06,3.834699194280577e-06,-1.5795344200752834e-06,-9.627371160265664e-07,-1.6009711767821416e-06,-1.5820283363039952e-06,-9.274158119566912e-07,3.910848866577212e-06,2.0116657516798978e-07,-1.0890460235456671e-06,-3.3781833764296168e-06,-5.85634835490381e-07,-4.0631773997923055e-06,1.899548145399745e-07,-4.58811246964965e-07,3.934272483125624e-07,6.048958066754924e-06,movement,movement,no movement,no movement
5216.666666666672,0.0101615409942672,0.2901339941781262,-0.2981965641666667,0.0195848268261348,0.309541768382007,-0.2953369250333333,0.0212861628134169,0.3100535856204695,-0.2845450069999999,0.0203415512289139,0.3099263806002675,-0.2878545924,0.0016010940513415,0.3187268791456614,-0.3129119976999999,0.0026993428012276,0.3171527287578689,-0.3261586496666666,0.0067835936201578,0.307587386349734,-0.3055433796333333,0.0471101556117582,0.3276101777683825,-0.1862295156666666,-0.0607886574824663,0.2888132811615835,-0.2160131887666666,0.0307459263783819,0.2932657247254956,-0.2452940271333333,0.0029714410521822,0.2651062751071686,-0.2798053396,0.1079878989562047,0.2361796990571555,-0.0379932137313333,-0.1302509218376192,0.2557613301395688,-0.0545098335366666,0.1464782041975451,0.0821231349458585,-0.0257988169113333,-0.1340970223961496,0.0074778624774258,-0.1395814631033333,0.1427621550006803,-0.027548676157421,-0.08356410628,-0.0577403320391504,0.0337186444477309,-0.2585686842666667,0.1294793238342861,-0.0458453783099753,-0.0910976707566666,-0.0121421458776223,0.0529069742445756,-0.3177213932999999,0.1097814367220211,-0.0379812723194225,-0.1040813103899999,0.0023963336875301,0.1144009906461533,-0.3193924554,0.1384227067879808,-0.0433432904168585,-0.0891823780433333,-0.0475743998559738,0.0602122484835291,-0.286112577,0.0743467506474165,-0.1610911631269167,0.0508379461833333,-0.0723439146621269,-0.1692040634401125,-0.04847681145,0.1075281917634361,-0.487365859088496,0.04431662684,-0.0241537549328023,-0.438104878497752,-0.0528769611899999,0.0984030050447103,-0.7176935497182196,0.2484116960333333,-0.0455243163643453,-0.7363678851215737,0.1345030663566666,0.0827422493568316,-0.7429396900984994,0.2743696996,-0.045055988657836,-0.7626894124953735,0.1124939508766666,0.1336739710496269,-0.7721305592476555,0.2505323688666667,-0.0171048817111528,-0.7944386848695456,0.0428345361102999,nijmegen_nijmegen_rennen_g_ch1_g11_compr.mp4,ch1g11,4.914951010863979e-05,0.0002316531927325,0.0001204914404239,3.633516940429257e-05,9.325291109534302e-05,0.0002575478359425,0.0001203808256866,2.6831937736035623e-05,3.632046713052798e-05,2.0479801506600485e-05,0.0003825489897214,2.872500304676664e-05,0.0001272172746712,0.0001213993395102,7.720800384546741e-05,3.341152069525264e-05,9.427066513287246e-05,0.0004194155344614,2.5234584473130836e-05,0.0001268545627798,0.0003475417994974,0.0001340404618988,0.0001253993359941,0.0001006782108256,9.215921251742698e-05,7.31420471821168e-06,0.0001079189728126,0.000346747057488,4.0490555109585686e-05,0.0004655196943641,6.438784671077884e-06,6.3082568894821e-05,0.0003194534830295,0.0004256501426914,9.555158138599195e-05,0.0008318277577872,0.0008084492228363,0.0008212578716374,0.0008013225810281,0.0007310910569449,0.0007383300944517,0.000729502444314,0.0006833456951006,0.0005520640701122,0.0007254819189599,0.0006929393885818,0.0003567605494392,0.0004483887203684,0.0006378206023107,0.0004778797370031,0.0056698906612773,-0.0039227486729535,0.0068587091997672,-0.0053590944344436,0.0076525845858311,-0.0057695560865095,0.0062846912625925,-0.0043301848938808,7.262995808000415e-05,-8.003356762287803e-05,-0.0002910750294505,0.0003230621021063,-0.0014374314940899,8.981439920463202e-05,-0.0014604088369786,0.0001042991252762,-0.0014627211453658,0.00025300071558,-8.983174234226084e-07,2.8793486109486567e-05,2.818358294755797e-06,7.261812064496736e-06,1.3636900233105076e-05,3.1502583923144156e-05,2.745555915514887e-06,8.792616902539244e-07,-1.6285408608516628e-06,2.6613403632017416e-07,4.189397645019247e-05,8.973471760043065e-06,3.234574979785189e-06,2.9092669338899462e-06,-1.3198478666404425e-06,7.93611382768354e-06,1.3481479305470076e-05,4.868293862438841e-05,7.72202092113113e-06,3.165539578121289e-06,4.135583186196143e-05,3.1902520635333343e-06,3.1497998900366767e-06,1.8654869336711712e-06,1.314455187081633e-05,5.691738439887605e-07,2.475656184287639e-06,3.721933789251561e-05,2.606065031917953e-06,5.39320182970892e-05,4.821282574328913e-07,9.874434780254038e-07,3.837934527975308e-05,1.632591664006656e-07,5.606479609663316e-07,-1.294177142782448e-06,4.261334313998453e-06,3.4652144067233617e-06,-4.490993986131178e-07,-1.289143292852039e-06,1.3545658123493198e-06,5.669406053458444e-07,2.8492341244484585e-07,-6.412799434148447e-06,3.6505551450459393e-06,-1.4406282687907178e-06,-1.2838768806708157e-06,1.4303356807156812e-07,3.7012880623136823e-06,4.25159909722513e-06,-6.924676704454196e-06,3.5538281023142685e-06,-1.4049693445859751e-06,-2.7018809285789015e-06,-1.4078642367738296e-06,-1.401693514780038e-06,-8.556483999687335e-07,3.085235098400883e-06,1.2806074389287097e-07,-1.0164238495842631e-06,-5.7153153619309064e-06,-6.655208550998525e-07,-7.9425294356989e-06,1.2624243659472414e-07,-4.03288248369506e-07,-1.4262486417150698e-06,7.152522950659793e-06,movement,movement,no movement,no movement
5233.333333333339,0.0121738682696961,0.2908747205407301,-0.2971810500333333,0.0213812484245361,0.3102466476332742,-0.2941000809666667,0.0230976073931443,0.310769413088812,-0.2833004540666666,0.0221405188343938,0.3106207986594603,-0.2866383964,0.0035204760036184,0.3193551176738341,-0.3122654988999999,0.0046533012115047,0.3177910167369345,-0.3255356907333332,0.0087327799890796,0.3082197615387407,-0.3049141462999999,0.0475532401399989,0.3281782431770715,-0.1847154439666666,-0.0598944328336283,0.2892988741957329,-0.2166858008333332,0.0322103910446538,0.2938848231738687,-0.2440048606333333,0.0045814511833063,0.2657168806514648,-0.2792686693333334,0.10746330578297,0.2365072875382431,-0.0363107013913333,-0.1298087562442232,0.2561722836304146,-0.0553346847099999,0.1453545796353738,0.0828725518670859,-0.0267908607846666,-0.1343693398224945,0.007942229009518,-0.13838204106,0.1417793410068105,-0.0214406920319361,-0.08842336178,-0.0580374917449987,0.0297444967451906,-0.2543302839,0.128483242710483,-0.0385365288822142,-0.09668378596,-0.0123658292000297,0.0474218522834144,-0.3129872834666666,0.1091853020478743,-0.0298336619147803,-0.1094500807866666,0.0026164630309514,0.1085285727090432,-0.3149287226666666,0.1376485358510381,-0.0366230630865028,-0.0941614119333333,-0.0476540181563022,0.0558126815843641,-0.271949291,0.0742609238788625,-0.1610112350317389,0.0512134235299999,-0.0722441557528874,-0.1692919741161231,-0.04891456199,0.1078384173820838,-0.4874922473648717,0.04381185547,-0.0240653705387168,-0.4375995681452837,-0.0533697319133333,0.0987320112338962,-0.7189421288225493,0.2456959991333333,-0.0457868277639235,-0.7361560848943546,0.1346529181233333,0.0830411459150715,-0.7441978988760063,0.2713833112,-0.0453746515710601,-0.7624606360430838,0.11271425312,0.1342073249561678,-0.7732959379392784,0.2472016956,-0.017421711283868,-0.7939747170986663,0.0428846847902999,nijmegen_nijmegen_rennen_g_ch1_g11_compr.mp4,ch1g11,4.8391230219162464e-05,0.000261058932179,0.000123068463628,4.6660086226992374e-05,0.0001101527475099,0.0002883392460664,0.0001228797866198,2.9720268411673188e-05,3.4835709800116606e-05,2.076714068013576e-05,0.0004193201686964,4.040708703457217e-05,0.0001302426918945,0.0001240458265078,7.644171930355981e-05,4.392342705726358e-05,0.0001125228402386,0.0004619049239443,3.548246568751592e-05,0.0001298634532858,0.0003853970711081,0.0001368990873329,0.0001284330211203,0.0001023240334915,0.0001082714981469,8.002312626806662e-06,0.00011031035886,0.0003804270600534,4.269177095506447e-05,0.000511535989778,7.037374326895886e-06,6.456439693409996e-05,0.0003562913179408,0.0004699968235937,0.0001139373629773,0.0008552247317548,0.0008191671114899,0.0008315706370657,0.0008108764387876,0.0007469087276577,0.000749227738096,0.0007403109054733,0.0006691327491893,0.0005519321190081,0.0007230205660184,0.0007021071556194,0.0003142664880768,0.0005230585926475,0.0006399280573839,0.0005658962467902,0.0061909997241031,-0.0043352347223277,0.0075218197234551,-0.0059050107493791,0.0083539458242639,-0.0063869364921626,0.0068530700961165,-0.0047963892211763,6.338912700591751e-05,-6.972656470279112e-05,-0.0003673567657453,0.0003386084444868,-0.0017264751076958,-4.79590642323348e-05,-0.0017492477432378,-3.959796966048436e-05,-0.0017695674123308,0.00016242551983,-4.2523468955672e-07,2.864776293701458e-05,1.7171126927735631e-06,1.156303977798348e-05,1.728870755104555e-05,3.0413332760673364e-05,1.645768454674195e-06,2.3780854815482267e-06,-1.1853437767036782e-06,6.985024905600306e-08,3.3726598116978236e-05,1.255836160298414e-05,1.9624596948113707e-06,1.8082067214472948e-06,-1.5508043439545058e-06,1.1428826072224156e-05,1.7913153641543237e-05,3.982291047592023e-05,1.1236612353133394e-05,1.9386913197910247e-06,3.800923371053107e-05,2.002469959204811e-06,1.943706028486139e-06,1.1986405746526923e-06,1.6393919739147012e-05,6.439966538411825e-07,1.6254260834734205e-06,2.9917322899381897e-05,2.0399930197725454e-06,4.3703531073255106e-05,5.634051934224772e-07,7.352795403326265e-07,3.6103981338056426e-05,1.454593038402261e-07,-6.244076745855504e-07,-1.1192772595010958e-06,3.57749397265182e-06,2.2733002447775635e-06,-1.5270307334608562e-06,-1.11035847834423e-06,9.310684444439704e-07,3.597821093539439e-07,1.8666036525088854e-07,-8.054993553035825e-06,2.9433733491530024e-06,-1.2485563290602218e-06,-1.108465227094584e-06,-3.622893574746743e-07,3.1117510698280834e-06,2.9984020618141826e-06,-8.873882285992254e-06,2.934817476628405e-06,-1.2207971749282297e-06,-3.738186701892499e-06,-1.2223248912509506e-06,-1.2100641227467457e-06,-8.048406637475948e-07,1.9607974294553347e-06,4.6257991489831176e-08,-9.69994931187219e-07,-7.16262553550782e-06,-6.445886330835331e-07,-1.0233038850921988e-05,5.197793168073263e-08,-3.804921080135298e-07,-2.710436251719322e-06,8.03883114693234e-06,movement,movement,no movement,no movement
5250.000000000006,0.0142423981915631,0.2916410470196986,-0.2961748352,0.0232246029368096,0.3109611203518909,-0.2928564588666667,0.0249581580385012,0.3114957097305292,-0.2820487982333333,0.0239903880601351,0.3113250853337249,-0.285408838,0.0054930347119986,0.3200068197050336,-0.3115649942999999,0.0066631552201528,0.3184475846546639,-0.3248552726999999,0.0107376435946329,0.3088699524530152,-0.3042322214999999,0.0479971313153071,0.3287392332047484,-0.1831762995333332,-0.0589488963022352,0.2898021722111604,-0.2172439431999999,0.0337094754419326,0.2945106254999759,-0.2426854701,0.0062405093744294,0.2663474517076544,-0.2787116659,0.1069479846985797,0.2367399685308602,-0.0346385614113333,-0.1294139756564616,0.2566819833112379,-0.0560950645133333,0.1442851586221681,0.0834876569866214,-0.0276936311846666,-0.1351107954107942,0.0085242334134208,-0.1369750930433333,0.1408138768954119,-0.0150369255575681,-0.0930980056733333,-0.0587028806838469,0.0251010590432111,-0.2500974396666667,0.1275020970292459,-0.0307422114505439,-0.1020730288433333,-0.0129512251399896,0.0410628967377292,-0.3082973853666666,0.108598953414104,-0.0212001653247734,-0.1145825237399999,0.0026385130374653,0.1015965881510672,-0.3105384874333333,0.13689186169115,-0.0295465913730061,-0.0989353642333333,-0.0480426849136196,0.0506345955415472,-0.27294156,0.074160442510081,-0.1609422857662025,0.0515923093966666,-0.0721280094921465,-0.1693665402096493,-0.04935632894,0.1079912074674099,-0.4878468771255021,0.0430572686133333,-0.0241170734745924,-0.4371801816791533,-0.0540485329533333,0.098548308049268,-0.7208625582113625,0.2421378348,-0.0463627658357829,-0.7363550340410671,0.13444293719,0.0827497724390626,-0.7461470856067103,0.2674765833666667,-0.0460342151689373,-0.7626645547503752,0.1125508643733333,0.1339174378992411,-0.7752654688103284,0.2429551368333333,-0.0182595604980276,-0.7939054937097205,0.0426273444669666,nijmegen_nijmegen_rennen_g_ch1_g11_compr.mp4,ch1g11,4.7555477715685486e-05,0.0002879067888156,0.0001243886351681,6.155619134298442e-05,0.0001289332957314,0.0003163984260987,0.0001241499013608,3.3166774246701474e-05,3.381410807777974e-05,1.996336184239626e-05,0.0004442093915462,5.42767253921663e-05,0.00013178554118,0.0001254958127812,7.484088408814074e-05,5.699836726351619e-05,0.0001326698378848,0.000491093380658,4.795989501262132e-05,0.000131434903637,0.0004181655524011,0.0001383167789281,0.0001299550320368,0.0001030517269669,0.0001259328806738,8.72566216062587e-06,0.0001113783929041,0.0004037093105861,4.438282773717915e-05,0.0005412549464019,7.684605954314188e-06,6.532003447503057e-05,0.000388359963476,0.0005052344496605,0.0001347562316348,0.0008873994597751,0.0008374478293428,0.00084984328803,0.0008280541457803,0.0007693056334575,0.0007679391241073,0.0007588889829073,0.0006600975144491,0.0005604844033082,0.0007312544198385,0.0007210463759657,0.0002738399256504,0.0005928247156855,0.0006398186906593,0.0006411645665114,0.0066479418528592,-0.0047135529945151,0.0080985327719854,-0.0063994907937913,0.0089611263057267,-0.0069356559899552,0.0073471624123966,-0.005223260450676,5.443601340669578e-05,-5.966188522824947e-05,-0.0004333735791981,0.0003426478614571,-0.0020031454135522,-0.0001758079543105,-0.0020309530712074,-0.0001705638035658,-0.0020558641624225,9.091788132004446e-05,3.8166725965604075e-08,2.7250112183436692e-05,8.791587665575382e-07,1.4635614590702576e-05,1.911416873687051e-05,2.8136963842747405e-05,8.150497413000073e-07,3.3286283761138567e-06,-9.439575379706414e-07,-5.0128391140901965e-08,2.509236948007345e-05,1.5179954988781673e-05,9.614353181646965e-07,9.750610122186086e-07,-2.112615007613009e-06,1.3996915475990237e-05,2.0504630892625992e-05,3.0272493184905208e-05,1.3886050932447628e-05,9.66895109209678e-07,3.350462153168613e-05,1.0563627889760986e-06,1.0028530032740787e-06,6.356137198030461e-07,1.7956917538032788e-05,6.365411136614936e-07,8.439625945808413e-07,2.217539719183589e-05,1.6549055911286225e-06,3.278079734186975e-05,5.673466428035811e-07,5.019725557092157e-07,3.255889361836463e-05,6.486441484469627e-08,-1.486795966166984e-06,-9.93629284783192e-07,2.576334179106762e-06,8.842594840566874e-07,-2.2187386932027383e-06,-9.835271780485664e-07,3.986022025167789e-07,2.402888081855643e-07,1.8828444333069157e-07,-8.548077644667038e-06,1.9725123516058265e-06,-1.099435200813338e-06,-9.847828533657802e-07,-6.546062198758796e-07,2.2232258932502796e-06,1.508456636901098e-06,-9.478493279167628e-06,2.0456621768717487e-06,-1.0874301925990234e-06,-4.131367842123231e-06,-1.1067975640954282e-06,-1.0662940152775997e-06,-8.137599568404022e-07,6.710596610687072e-07,-3.558437656543259e-08,-9.75330226360987e-07,-7.651939880601263e-06,-5.528401605057218e-07,-1.0868285971621924e-05,-2.4743712473694183e-08,-3.974610496654031e-07,-3.4114758555934483e-06,8.235821348650078e-06,movement,movement,no movement,no movement
5266.666666666673,0.0163402498133189,0.2925699208198856,-0.2943798482666666,0.0250918489259851,0.3118298703840926,-0.2908253143666667,0.026846844155994,0.3123762112741756,-0.2800187206666666,0.0258707381919845,0.3121859456161462,-0.2834187879333333,0.0074968986693945,0.320823478940559,-0.3101653619999999,0.0086958647473255,0.3192544496199603,-0.3234497246333332,0.0127715209765506,0.3096667663380184,-0.3028502629666666,0.0484171236477192,0.3294502491091116,-0.1808796570666666,-0.0580002569755726,0.2904252403758748,-0.2172713836999999,0.0352346937471285,0.2952748565148692,-0.2405762231333333,0.0079273271455237,0.2671071872070008,-0.2773693265666667,0.1064284816891662,0.2370165166261537,-0.0323383894846666,-0.1290014970468945,0.2574110454043579,-0.0562927122733333,0.1432191997809051,0.0840359165370339,-0.028420476798,-0.1361741830583157,0.0092175706278469,-0.1344668588166666,0.1398569095544638,-0.0084812908352607,-0.0970877718499999,-0.0595693992384702,0.0200176800505291,-0.2440160751333333,0.1265340526657445,-0.022677325927784,-0.1066486507933333,-0.0137529290570264,0.0341943937634935,-0.3015509149333332,0.1080637066967034,-0.012356168923676,-0.1188751752633333,0.0025392111943539,0.0940453350795095,-0.3041185436666667,0.1361660876726886,-0.0222769652044712,-0.1029845910033333,-0.0486333810830069,0.0449804182160229,-0.275181383,0.074036653414469,-0.160896479633759,0.0519846270433333,-0.0719852501334178,-0.1694163577048021,-0.04981704478,0.107811473645626,-0.4884763255524721,0.0421147099433333,-0.024214764089317,-0.4369403171022944,-0.0548261444633333,0.0978569257589949,-0.7233930169995574,0.2378809793666667,-0.04719278193149,-0.7367943202078872,0.1337486327233333,0.0819278087956643,-0.7487307742805062,0.2628342353666666,-0.046992167915979,-0.7631152154295876,0.1118519425466666,0.1331359969369874,-0.7777820213570181,0.2380990460666666,-0.0193792250125536,-0.7940957679013889,0.0419525118236333,nijmegen_nijmegen_rennen_g_ch1_g11_compr.mp4,ch1g11,4.640687882329726e-05,0.0003114619933891,0.0001237078908101,7.796061099354996e-05,0.0001456154792831,0.0003408328967496,0.0001234357931509,3.537891295990424e-05,3.359172410587544e-05,1.9080502025245173e-05,0.0004636334036226,6.96443017506327e-05,0.0001312627553137,0.000124962803749,7.178767083644444e-05,7.109773056513001e-05,0.0001505532497922,0.0005148659182552,6.208706146709457e-05,0.000130919714786,0.000447221394506,0.000137680774854,0.0001294469449099,0.000102132931074,0.0001413905897072,9.418104640166054e-06,0.0001105839130265,0.0004215157999013,4.525314553328726e-05,0.0005651197643129,8.316878896404099e-06,6.512433741185947e-05,0.0004159317281947,0.0005347106408544,0.0001544218315504,0.0009230652924515,0.0008609103967127,0.0008736242210635,0.0008508127185386,0.0007981175048705,0.0007936612050622,0.0007843178031801,0.0006537404954938,0.0005785560562239,0.0007454262931568,0.0007456114004052,0.0002297770920406,0.000656009976942,0.0006101569654615,0.0006885368766189,0.0069625635297158,-0.0050685409117046,0.0085205211638557,-0.0068526060030936,0.0093965215459172,-0.0074366612212439,0.0076919574539393,-0.0056191676057122,4.586767591679417e-05,-4.987747702270222e-05,-0.000482910084069,0.0003268678845321,-0.0022480687309546,-0.0003037467867993,-0.0022856242731611,-0.0003010290959976,-0.0023158250837937,3.200475888132509e-06,8.625652984663954e-08,2.5068315986347264e-05,1.4638814907611857e-07,1.650167826897085e-05,1.8651091537499177e-05,2.5249827969839945e-05,9.580038366500739e-08,3.304134290720468e-06,-9.47144624615248e-07,1.4667287408948736e-07,1.7092761976917786e-05,1.6675190664457308e-05,1.3209939599112757e-07,2.5331515857228e-07,-3.1874275415620737e-06,1.5542738925341784e-05,2.079620450362206e-05,2.12442305750794e-05,1.5494709563157967e-05,1.4059685168612314e-07,2.8702833189309576e-05,2.4015545136683373e-07,1.9712465319074917e-07,-9.597133007825888e-10,1.7390426835145277e-05,5.541715972000549e-07,1.4306597392869388e-08,1.4952061660990772e-05,1.143377722402407e-06,2.2623305056123062e-05,5.006250746273338e-07,8.656476996668698e-08,2.8513646273952404e-05,-9.220891437712385e-08,-2.062974920212327e-06,-9.545773381761326e-07,1.4103481270554405e-06,-4.753063663532809e-07,-2.605587643844124e-06,-9.454006660542528e-07,-1.236922958380894e-07,2.3133543526799433e-07,2.396950510433438e-07,-8.241949495413346e-06,8.236410982481269e-07,-1.039361957741706e-06,-9.505760980707862e-07,-6.248522599904369e-07,1.1459844049034295e-06,2.3207621568056452e-08,-9.161883696832758e-06,9.65151552141915e-07,-1.0437311362969068e-06,-4.156589096297561e-06,-1.096725229786191e-06,-1.0153247355752555e-06,-8.93160424723282e-07,-5.77311237102565e-07,-1.0639630899593053e-07,-1.0405574242828569e-06,-7.459406606429252e-06,-4.2582480780970707e-07,-1.0370483287475896e-05,-9.297421183622741e-08,-4.644302772655194e-07,-3.682036080377766e-06,7.89164967720751e-06,movement,movement,no movement,no movement
5283.33333333334,0.0184256419602279,0.2935992609597073,-0.2926166306333333,0.0269402328232377,0.3127867739574916,-0.2888136158666666,0.0287173325681731,0.3133446803312105,-0.2780104633666667,0.0277326022621605,0.3131314697061011,-0.2814492070666666,0.009477890808739,0.3217171607864322,-0.3088035140999999,0.0107086033165414,0.320140156048259,-0.3220831818666665,0.0147839051429067,0.3105427328738723,-0.3015079117333333,0.0488132897311627,0.3301806939279329,-0.1785826788333333,-0.0571075400495358,0.2910618653447631,-0.2173303719333333,0.0367559439957623,0.296104709225909,-0.2384786080333333,0.0096032156944845,0.2679370662646156,-0.2760765912333333,0.1059038163252112,0.2372634018196031,-0.0300232086113333,-0.1286808695021576,0.2581399461868439,-0.0564785501166666,0.1421735611913219,0.0845819505475132,-0.029012430518,-0.1374934324590959,0.0099538969467173,-0.1319717862733333,0.1389276554964238,-0.0015357257529081,-0.1014547750666666,-0.060752483350481,0.0147049661106388,-0.2382745698,0.125576295590352,-0.0141061039280238,-0.11174278648,-0.014843735864124,0.0270834922573594,-0.2952091331999999,0.1075654778562113,-0.0029335926542323,-0.1237073919866666,0.0022334559570624,0.0863101036811245,-0.2980300221,0.1354734138451378,-0.0145915997173513,-0.1074484484266666,-0.0494712700711051,0.0390918952583039,-0.276697218,0.0739035776427371,-0.1608565102718395,0.0524030060766666,-0.0718335331186854,-0.1694587133472748,-0.05030657636,0.1074520885215192,-0.4890452205744885,0.0412936147333333,-0.024388568561916,-0.4367176172362236,-0.05549079636,0.0970010887466064,-0.7259297737514822,0.2344922536666667,-0.0484076108633037,-0.7372924586304686,0.1339607731233333,0.0809466325811218,-0.7513381075417025,0.2591930631333333,-0.0483618801436506,-0.7636138747079397,0.1121889407466666,0.1321206846361238,-0.780412755541221,0.2341035202333333,-0.0207412429052565,-0.7943315732001216,0.0420903727736333,nijmegen_nijmegen_rennen_g_ch1_g11_compr.mp4,ch1g11,4.572125738067556e-05,0.0003349747064065,0.0001223998084592,9.538001188668526e-05,0.0001636233305655,0.0003648404657163,0.0001220821774107,3.8487586788532667e-05,3.259191185298819e-05,1.884981576415691e-05,0.0004735684366014,8.675270036852937e-05,0.0001299696068528,0.0001237663957435,6.719639061995818e-05,8.776982866975648e-05,0.0001702688559882,0.0005287736601386,7.811880851956801e-05,0.0001295943222842,0.0004752733251403,0.0001363512484665,0.0001282415460881,0.0001007374995208,0.0001581035276322,9.894073021843604e-06,0.0001090755103772,0.0004294293339582,4.621381440846665e-05,0.0005798005335779,8.75657124651858e-06,6.440002107653469e-05,0.0004427698605355,0.0005569832209104,0.0001763498616224,0.0009669299915172,0.0008956612144174,0.000909202087184,0.0008858055752659,0.0008377056466904,0.0008301064170467,0.0008197491410552,0.0006615642845342,0.0006056663109956,0.0007736378657399,0.0007791415288253,0.0001680882745092,0.0007135249178868,0.0005033251609975,0.0007200716205367,0.0070869795933751,-0.005427516245834,0.0087458943209016,-0.0072879080019462,0.0096429434064641,-0.0079146471290788,0.0078547388421177,-0.0060089304069738,3.53510155688297e-05,-3.794487736365388e-05,-0.0005404157072573,0.0002759384776072,-0.0025132231497789,-0.0004615052187892,-0.0025639057892488,-0.0004620323568173,-0.0026251221464645,-0.0001333982425102,-1.4328281088686618e-07,2.2402495978756468e-05,-7.194137459255688e-07,1.7032559334360633e-05,1.6858989353690753e-05,2.2144529574418748e-05,-7.561939181570712e-07,2.679599486757416e-06,-8.952747471590141e-07,4.989674998908339e-07,9.836696027212916e-06,1.6735957479194995e-05,-7.969094944939487e-07,-5.976774223253565e-07,-4.266354822701489e-06,1.5967261847697918e-05,1.9513156198510097e-05,1.2977708255721476e-05,1.572707529524849e-05,-8.08299776882855e-07,2.4287058300713808e-05,-7.990225416350968e-07,-7.305326492991325e-07,-8.942742088765218e-07,1.5608664532181192e-05,4.248398159591928e-07,-1.065667686282624e-06,8.347053115712586e-06,8.163048712183381e-07,1.3367515151873182e-05,3.841014314706716e-07,-4.582425426430205e-07,2.4397055634718736e-05,-3.4167247814857853e-07,-2.559019146088238e-06,-1.072562220487976e-06,2.416292534985493e-07,-1.7718014333919346e-06,-2.936197591771452e-06,-1.0651381767752223e-06,-6.103596265531987e-07,3.761164725776473e-07,2.943352894306941e-07,-7.265297974317528e-06,-4.2052116607535507e-07,-1.1391332945114509e-06,-1.0757277726423066e-06,-2.69421974252418e-07,-7.829978152298227e-08,-1.4202548838370364e-06,-8.093030392455585e-06,-2.2705839235425706e-07,-1.1547333752914774e-06,-4.168875705982313e-06,-1.2543511603424754e-06,-1.1252647298124445e-06,-1.0855058362105733e-06,-1.762623651150952e-06,-1.557406458327231e-07,-1.203000727918484e-06,-6.655452383379594e-06,-3.234747087570497e-07,-8.992128101898919e-06,-1.422313215864597e-07,-5.90793346938467e-07,-3.849135737175207e-06,7.13964973327373e-06,movement,movement,no movement,no movement
5300.000000000007,0.0204926147221825,0.29469930050425,-0.290787829,0.0287682161297075,0.3138139445369479,-0.2867511699666666,0.0305691986858969,0.3143863976445916,-0.2759509460666667,0.0295726156580994,0.3141484443543353,-0.2794235362666666,0.0114459206209587,0.322681794428378,-0.3074036738333333,0.0127095155130329,0.3210918348804153,-0.3206732131333332,0.016783950051021,0.3114804643152605,-0.3001294003666666,0.0491557096576491,0.3309364080119985,-0.1762809019333333,-0.0562385392940466,0.2917241588372135,-0.2174111128666666,0.0382647138055185,0.2969899992733774,-0.2363027419666666,0.0112708170083553,0.2688181225776534,-0.2747450383666666,0.1054069333694026,0.2374598809887141,-0.0277214156246666,-0.1284010215949997,0.2588966199324776,-0.05658377392,0.1411536704688125,0.0850743596118507,-0.0295469401379999,-0.1390778836120714,0.010718711480252,-0.1291525648133333,0.1379968376559256,0.0057231086071756,-0.1055682789999999,-0.0620562896842075,0.0090778902392406,-0.2320893869,0.1245768346207489,-0.0051003775957709,-0.1165623035533333,-0.0159889532644983,0.0195700796668542,-0.2883152996999999,0.107102477175861,0.0070133676480075,-0.1283132244433333,0.0018665964007526,0.0781807118889356,-0.2913932421,0.1348089105268016,-0.0065144170356356,-0.1116511385266666,-0.0503928045163774,0.0328901456302915,-0.271483749,0.0737522390134282,-0.1608346474872914,0.0528260439599999,-0.0716627174468509,-0.1694818583450644,-0.05080296198,0.1070444047676739,-0.4896906427586805,0.04005194108,-0.0245852626544556,-0.4365362915179213,-0.0562965063666666,0.0959351080934723,-0.728689318467564,0.2308912748333333,-0.0498240181753641,-0.737897141497836,0.1339867021233333,0.0797275761590709,-0.7541530023246354,0.2553684759666667,-0.0499526148719224,-0.7642207435953778,0.1122946468799999,0.130679814866065,-0.7834145269675542,0.2297899986333333,-0.0223476154166846,-0.7946399133264027,0.0418448895536333,nijmegen_nijmegen_rennen_g_ch1_g11_compr.mp4,ch1g11,4.664899269519426e-05,0.0003561780819135,0.0001212527518591,0.0001126553949965,0.000181579240099,0.0003859107294829,0.0001209044875909,4.112617891178726e-05,3.133697849561378e-05,1.9358341299972093e-05,0.0004797710583278,0.0001040897398337,0.0001285030194116,0.0001227109110057,6.172263772855695e-05,0.0001040553345403,0.0001908561228913,0.0005378552523722,9.455113558803023e-05,0.0001281123373568,0.0004985803347189,0.0001352988351057,0.0001268914447167,9.98073677312764e-05,0.0001745798744082,1.0212828269354522e-05,0.0001077642564166,0.0004337030901178,4.711277900131177e-05,0.0005898674508646,9.045634453587946e-06,6.33966465349355e-05,0.0004658818588676,0.0005757274688977,0.0001985397939693,0.0010278061910991,0.0009531106826011,0.0009674723557267,0.0009440803363333,0.0008937800054437,0.0008832571377301,0.0008717728294872,0.0006946626459776,0.0006414028963428,0.0008246356022338,0.0008271750185651,0.000114717070126,0.0007599747041905,0.0004027477845145,0.0007339460807465,0.0071669109674958,-0.0057297754414492,0.0089069815060281,-0.0076412460401293,0.0098184215572864,-0.0082972171912096,0.0079667557607182,-0.0063318297528761,2.4928044716804575e-05,-2.5896867342668713e-05,-0.0005861762670933,0.0002077803703152,-0.0027498428114029,-0.0006229809110211,-0.0028159190868004,-0.0006246616109729,-0.0029105464792894,-0.0002929627285313,-6.83688127607705e-07,1.973272990782417e-05,-1.806626896373312e-06,1.646571091259745e-05,1.388453393131568e-05,1.9248882889738263e-05,-1.8345796316394092e-06,1.5559760083202994e-06,-5.642696117420348e-07,1.0247894067474458e-06,3.118171029417973e-06,1.5509049662055064e-05,-1.9108406490631996e-06,-1.6809210130353973e-06,-4.676576994800094e-06,1.5283890855642557e-05,1.6630134554231477e-05,5.428715438770966e-06,1.4725015993098908e-05,-1.9585446471416314e-06,2.0572367170292243e-05,-2.11180346349894e-06,-1.8609216164876287e-06,-2.0818833318979876e-06,1.2737973899278307e-05,2.429906118286646e-07,-2.386906968701926e-06,2.204855188724948e-06,5.916717890479747e-07,4.90038118448431e-06,2.1461671384730846e-07,-1.157763533595927e-06,2.0705205833767835e-05,-6.804466224394341e-07,-3.042700800633139e-06,-1.3550471235511443e-06,-8.176131478027989e-07,-2.8637516566461785e-06,-3.3032426742923945e-06,-1.3503674078337505e-06,-9.518686776192072e-07,6.362714324783323e-07,3.192897303292263e-07,-6.131079350189715e-06,-1.624102313912564e-06,-1.402539063198483e-06,-1.3686054715931915e-06,3.317718950022759e-07,-1.2720705220362709e-06,-2.6828008307435973e-06,-6.82388359258349e-06,-1.397850099454152e-06,-1.4214697310241803e-06,-4.317739285228883e-06,-1.58230553706123e-06,-1.3943676425387745e-06,-1.3901609610632465e-06,-2.7535462117827364e-06,-1.795696249060193e-07,-1.4581967238316518e-06,-5.711755608162121e-06,-2.5437015232604277e-07,-7.356463166695243e-06,-1.6764853746195418e-07,-7.584993550315942e-07,-4.058734556206215e-06,6.53151928262624e-06,movement,movement,no movement,no movement
5316.666666666674,0.022536996734883,0.2957647083320274,-0.2888929864,0.0305640312062008,0.3148031692545747,-0.2846307039333333,0.0323918461746264,0.3153916520713912,-0.2738348798333334,0.0313803190411003,0.3151291027896358,-0.2773388836999999,0.0133936345063138,0.3236152591883082,-0.3059514990333332,0.014693534978794,0.3220130872295394,-0.3192081051333332,0.0187638725829378,0.3123884013704819,-0.2987004008333333,0.049458672287786,0.3316492231057439,-0.1739342054999999,-0.0554073322447734,0.2923819382831404,-0.2174811885333333,0.0397354280727087,0.2978427393425292,-0.2340510657666666,0.0129006489990196,0.2696752676339736,-0.2733567339333333,0.104904527133068,0.2375409134980725,-0.0254373747313333,-0.1281937670633344,0.2596566517341339,-0.05654707857,0.1401947751053871,0.0854416248198035,-0.0300585347513333,-0.1408811231037006,0.0114665584604403,-0.12625806989,0.1370887121149866,0.0129958370655897,-0.1097262812499999,-0.0635904711246108,0.0032327786133051,-0.2260387261666666,0.1235592698534209,0.0039497527790435,-0.1214688276599999,-0.0173431620102656,0.0117760893856325,-0.2815688471333333,0.1066619021257525,0.0170007416051774,-0.13301075592,0.001319430589463,0.0697475016945029,-0.2849051508666667,0.134182424681059,0.0015857015686073,-0.1158945997033333,-0.0515196326011379,0.0264478686737349,-0.25511694,0.0735936452471088,-0.1608208807387495,0.0532512593966666,-0.0714841585276587,-0.1694960117210337,-0.0513026537966666,0.106622091953761,-0.4902783181109676,0.0385750275133333,-0.0247906887890469,-0.4363612297392602,-0.0573949796133333,0.0948500573833546,-0.7313564462474084,0.2271556272333334,-0.0513205857732557,-0.7384837600873412,0.1336203369566666,0.0784755270837705,-0.7568620529459095,0.2514186371,-0.0516234784910712,-0.7647998049156236,0.1120175831466666,0.1292091758136517,-0.7863506964162468,0.2253548830666666,-0.0240136665190689,-0.7948781235648081,0.0411298720502999,nijmegen_nijmegen_rennen_g_ch1_g11_compr.mp4,ch1g11,4.722256326823754e-05,0.0003741749212057,0.0001198536219875,0.0001278723693618,0.0001960485131512,0.0004032886394922,0.0001194598492189,4.2414499534076895e-05,3.0234018780642666e-05,2.0291756014637052e-05,0.0004829242013278,0.0001185060952951,0.0001267367456176,0.0001214123367445,5.637096676203565e-05,0.0001172636069048,0.0002078344763707,0.0005432158572393,0.0001084203159346,0.0001262928478011,0.0005170126666243,0.0001336861653556,0.0001251534551858,9.836208577079542e-05,0.0001877887887517,1.0304689492273868e-05,0.0001057169101618,0.0004351187145701,4.777744104530755e-05,0.0005961782585646,9.122166701505608e-06,6.176810615466192e-05,0.0004846463944387,0.0005906472688232,0.0002168400195725,0.0010857385154278,0.0010117724470477,0.001026698174258,0.0010038138904667,0.0009486800882952,0.0009357687387287,0.0009235337847921,0.0007259814582392,0.0006705626208495,0.0008758578026859,0.0008727887690435,4.3296990344639405e-05,0.0007867073334402,0.0002726928140731,0.0007321034119019,0.007199509902963,-0.0059701144798794,0.0090057488329921,-0.0079132027518287,0.009929106339624,-0.0085893323079998,0.0080273324452887,-0.0065826504612836,1.4406132259381289e-05,-1.3511490762094954e-05,-0.0006083126720817,0.0001429945708819,-0.0029371572933323,-0.0007643001160486,-0.0030180654455089,-0.0007662015070317,-0.0031458059924666,-0.0004436823735467,-1.5006038438479951e-06,1.6739681793826027e-05,-3.202381795416304e-06,1.5079448222998011e-05,1.0644079520210453e-05,1.6110432457021904e-05,-3.2233639306026167e-06,2.932031558913622e-07,1.6080248596047265e-07,1.58203420925553e-06,-2.4039753728976616e-06,1.3369211729268777e-05,-3.3485934695975186e-06,-3.089617725381116e-06,-4.155001009691021e-06,1.3723692006362854e-05,1.3468485915401072e-05,-5.900344891099866e-07,1.282276764324847e-05,-3.4277646381191897e-06,1.6657302164075448e-05,-3.777248139065892e-06,-3.3082594337087856e-06,-3.565797368803742e-06,9.611184304811476e-06,5.624348130064703e-08,-3.920320070625735e-06,-2.976288721205836e-06,4.288298239330438e-07,-1.552945528564783e-06,3.2522550247214965e-08,-1.9590824087600987e-06,1.684974643508543e-05,-9.826371517945835e-07,-3.608873547664635e-06,-1.7212756384242433e-06,-1.6500976663880117e-06,-3.5916624373607207e-06,-3.8295247162683525e-06,-1.7187790646874393e-06,-1.0780066648908692e-06,9.39709175461883e-07,2.921476150517579e-07,-5.129091249598969e-06,-2.6327996166026863e-06,-1.7594571170588449e-06,-1.748941430809839e-06,1.0335023405619197e-06,-2.3192818139029324e-06,-3.557102636910801e-06,-5.714087304201499e-06,-2.3967417912981335e-06,-1.7698461352387675e-06,-4.811815466664001e-06,-1.9757609013550806e-06,-1.7464955000515012e-06,-1.7060798350325903e-06,-3.41263997085761e-06,-1.7592943950065488e-07,-1.7115913193954725e-06,-4.874250604735326e-06,-2.175911122356015e-07,-5.890223855820672e-06,-1.6678027538372533e-07,-9.137373925356034e-07,-4.488148277228251e-06,6.369712445421878e-06,movement,movement,no movement,no movement
5333.333333333341,0.0244379820392448,0.2968371384057958,-0.2872660160333332,0.032232716055282,0.315803546306191,-0.2827885349666666,0.0340904196635038,0.3164074629411429,-0.2719981855666666,0.0330581985606921,0.3161232674348489,-0.2755301112333332,0.01520529091673,0.3245548013629659,-0.3047448129333333,0.0165408483081012,0.3229395890094642,-0.3179963536333333,0.0206083646000274,0.3133029475220479,-0.2975180374,0.049719692217141,0.3323373568439826,-0.1718874346333333,-0.0546773463838416,0.2930408887708087,-0.2176937058999999,0.0410756924075774,0.2987064539753316,-0.2320711678333333,0.0143744615350604,0.2705372604324844,-0.2722061824999999,0.1044011990980104,0.2375161199624946,-0.0234575130113333,-0.1281597927957992,0.2604224465038684,-0.05653784283,0.1392577152531099,0.0856309525231913,-0.031254652188,-0.1431003206374365,0.0121875439750795,-0.1233844090166666,0.1362163752202903,0.020186570859266,-0.1150714214466666,-0.0656005495182563,-0.0027024980816915,-0.2201735779666666,0.1226011057869631,0.0129635714397265,-0.1276809192833333,-0.019133778711423,0.0039357890887486,-0.2750505343333333,0.1063341436899241,0.0269887797583994,-0.13886092363,0.0004338874629809,0.0612848540906632,-0.2786163204333333,0.1336135115699371,0.0096066874642028,-0.1213008641766666,-0.0530725087040177,0.019922347034493,-0.238128021,0.0734353216132728,-0.1608112352173064,0.05366553912,-0.0713060512561481,-0.1695045237109119,-0.0517923300433333,0.1060818306049111,-0.4908438517905438,0.0373320637933333,-0.0250707350494605,-0.436206261863716,-0.0585425748766666,0.0936979628281858,-0.7342009016666011,0.2236786151333334,-0.053101009628005,-0.7392169176920321,0.1331433565233333,0.077156500714757,-0.7597863928376426,0.2477298789666666,-0.0535978218402217,-0.7655273772949585,0.1116229651466666,0.1276096830751054,-0.7893759062970283,0.2210170423,-0.0261153590944943,-0.7952285039321945,0.0402431564736333,nijmegen_nijmegen_rennen_g_ch1_g11_compr.mp4,ch1g11,4.703339938222428e-05,0.0003899210040029,0.0001171082667408,0.0001414611573005,0.0002042600886327,0.0004181086758236,0.0001167023452384,4.29853316967335e-05,3.0534408930305114e-05,2.2465848758920364e-05,0.000481546776345,0.0001309256208687,0.0001236894349351,0.0001187357180197,5.257794805108811e-05,0.0001297207244797,0.0002195709222818,0.0005435996399647,0.0001203696576331,0.0001232066858907,0.0005318912502468,0.0001304304027938,0.0001222100457886,9.576909017097424e-05,0.0001952832617461,1.0211388820395747e-05,0.0001026453248629,0.0004327214687024,4.880552558617416e-05,0.0005963472196507,9.01579139482664e-06,6.046675769121688e-05,0.000500065565163,0.0006017158452997,0.0002294001019985,0.0011253260230695,0.0010529342063673,0.0010679024734488,0.0010457724184885,0.0009896592607126,0.0009744913317849,0.0009620701468688,0.0007296788794765,0.0006934183209126,0.0009071627782531,0.0009038014457713,-5.232040120081641e-05,0.000798104703973,0.0001077364708775,0.0007136829978323,0.0071658812246877,-0.0061619159001307,0.0090187534582768,-0.0081175922894925,0.0099356351314707,-0.0088095893043525,0.0080097462356342,-0.0067773761163494,4.327419570183158e-06,-1.5041948082979675e-06,-0.0006077031759869,0.0001016665383923,-0.0030254410229982,-0.0008731436322058,-0.0031130396723756,-0.0008752137064915,-0.0032802942148334,-0.0005582225378892,-2.536641682221054e-06,1.327047400616655e-05,-5.0419996335698186e-06,1.292352062628723e-05,6.994079749788176e-06,1.2549248903662427e-05,-5.064951082650363e-06,-9.544814792813182e-07,1.2867754426582263e-06,2.051810280234724e-06,-6.898335403777733e-06,1.0142162532679642e-05,-5.2263016645432365e-06,-4.964889862582881e-06,-2.572230992284194e-06,1.0963274767408484e-05,9.79989347580893e-06,-5.420027223951128e-06,9.859655101841136e-06,-5.321457791948064e-06,1.2352083481296248e-05,-5.917326621177514e-06,-5.175291451411339e-06,-5.389753201058138e-06,6.145995412156432e-06,-1.3290642848812852e-07,-5.715833733539069e-06,-7.338358204516608e-06,2.0657476975384407e-07,-6.3667764733859415e-06,-1.490326895428681e-07,-2.891130857487855e-06,1.2770241169072015e-05,-1.1500155576491648e-06,-4.367870577211409e-06,-2.034851591835502e-06,-2.2386721866678105e-06,-3.84601101961824e-06,-4.628980479499964e-06,-2.0344841710134433e-06,-1.0045202642336664e-06,1.185177814937367e-06,1.5856366075592185e-07,-4.418205790526239e-06,-3.424274388910512e-06,-2.0786011059608593e-06,-2.077839597818429e-06,1.6428887859468726e-06,-3.2133483990232813e-06,-3.954583134177548e-06,-4.975872676929803e-06,-3.189511786196567e-06,-2.070565345820785e-06,-5.786353885147314e-06,-2.2928907786187443e-06,-2.055560707632736e-06,-1.9185006512353005e-06,-3.6445014363008514e-06,-1.494478933859497e-07,-1.871950276239504e-06,-4.272891110566514e-06,-2.1702143013421443e-07,-4.839758706764698e-06,-1.430053986675329e-07,-1.026683748971154e-06,-5.285321607084094e-06,6.711678519146867e-06,movement,movement,no movement,no movement
5350.000000000008,0.0261825815832155,0.2979023569193469,-0.2860088576999999,0.0337824455740009,0.3167975529548046,-0.2813229213333333,0.0356736391107821,0.3174163108032724,-0.2705326820333333,0.034616894725562,0.3171109728056981,-0.2740936184333332,0.0168838680066356,0.3254896982553299,-0.3038704227,0.0182579025465307,0.3238621961083143,-0.3171218293333332,0.0223221565801278,0.3142146360644323,-0.296666292,0.0499733133460857,0.332991867132865,-0.1701825321666666,-0.0540275853053778,0.2937002319991939,-0.2180547918333332,0.0422969146340878,0.2995634410074355,-0.2304715798333333,0.0157019627411388,0.2713934046503566,-0.2713784558,0.1039233578393345,0.2373583907780909,-0.0217744013979999,-0.1282543903668011,0.2611838379710687,-0.0563485569833333,0.1384859920345031,0.0856635905443604,-0.0326588545446666,-0.1454385196025177,0.012853002066783,-0.1201408407299999,0.1353913163707619,0.0272408531641452,-0.1205078554199999,-0.0678380325692808,-0.0087784501489482,-0.2140673041333333,0.1217058601310148,0.0218108337114507,-0.1339476472133333,-0.0211765521883899,-0.0040627467190295,-0.2682737077333333,0.1060598065251944,0.0367473962996467,-0.14476984952,-0.0006350163012283,0.0526328193241318,-0.2721719347999999,0.1330930850771665,0.0174648065159342,-0.12678708027,-0.0548245701614259,0.0132382262767657,-0.227280498,0.0732944447753263,-0.1608069350541569,0.0540675620166666,-0.0711463134160437,-0.1695065343304543,-0.0522701130533333,0.1058441479331965,-0.49141029740959,0.0359051958999999,-0.0254342907839239,-0.4360756966057523,-0.0598116451266666,0.0925774835499693,-0.7371095763377332,0.2203024997666667,-0.0549262102437403,-0.7399611720930163,0.1325914028566666,0.0758705770856989,-0.7627793000223225,0.2441741643,-0.0556061398242131,-0.766263615764295,0.1111689918133333,0.1260016638861671,-0.792539933685705,0.2168237924333333,-0.0282828328498386,-0.7956033683595614,0.0391792431202999,nijmegen_nijmegen_rennen_g_ch1_g11_compr.mp4,ch1g11,4.3857309261211025e-05,0.0004009932836894,0.0001120161309826,0.0001519391745849,0.0002066020334491,0.0004277677321176,0.0001115739648605,4.133441177507907e-05,3.24961099451501e-05,2.469762570787873e-05,0.0004711723528256,0.0001386030327901,0.0001185311960295,0.0001136961315568,5.1288295780306505e-05,0.0001384842500143,0.0002257340873165,0.0005346883421887,0.0001278723024349,0.0001179357569107,0.000540129416387,0.0001242852004223,0.0001171172976118,9.008187189555354e-05,0.000197335856038,9.9308313238205e-06,9.671584278103812e-05,0.0004220215111531,4.9442650322127826e-05,0.0005867353909236,8.720424566754278e-06,5.791632136456121e-05,0.0005095205422843,0.0006038325690931,0.0002351441383668,0.0011355350478893,0.0010649992896513,0.001079249202314,0.0010590161773146,0.0010072411606212,0.0009896381233212,0.0009783383087525,0.0007105735886071,0.0007043665190839,0.0009116107706898,0.0009126127381191,-0.0001695647043598,0.0008024156299186,-9.752808042711478e-05,0.0006978150191477,0.0069906039171239,-0.0062707334976742,0.0088737680590133,-0.0082144782202971,0.0097764925671517,-0.0089184473894521,0.0078391832089289,-0.0068840510662133,-4.854049248511985e-06,9.670816900449196e-06,-0.0005955460567062,7.920821139533795e-05,-0.0030537844079893,-0.0009621637754498,-0.0031431309516812,-0.0009639963137207,-0.0033388192803963,-0.0006527039189955,-3.698953505972634e-06,9.006001670149892e-06,-7.143003855488172e-06,1.05539081884414e-05,3.2380633866031628e-06,8.035608468653826e-06,-7.1718771232625176e-06,-1.7210457834553265e-06,2.718802507654864e-06,2.2298028673437537e-06,-1.0524387929076736e-05,6.411365109093819e-06,-7.359229827253479e-06,-7.126404271282651e-06,-1.7608681599334365e-07,7.321537901583077e-06,5.7838805008123205e-06,-9.416728190637935e-06,6.3561700952573e-06,-7.43687514020534e-06,6.735685492211105e-06,-8.235630225057222e-06,-7.268853190210879e-06,-7.318162363953536e-06,2.611699577170252e-06,-2.6901912077065476e-07,-7.505612560933165e-06,-1.100055736377607e-05,4.478404033655878e-09,-9.9188569076089e-06,-2.786076484811581e-07,-3.847868273444097e-06,7.732452217819672e-06,-1.056427844244488e-06,-5.218061493530641e-06,-2.148148263894275e-06,-2.547079593189042e-06,-3.7245216214817335e-06,-5.578674111878008e-06,-2.1478480149844622e-06,-7.30776187409227e-07,1.2874804122763907e-06,-3.519309876970946e-08,-3.93293594612e-06,-3.895603913521569e-06,-2.2126759782648747e-06,-2.2061246761322105e-06,1.9990121725466115e-06,-3.860949691602138e-06,-3.934223306942054e-06,-4.558318367778855e-06,-3.6767730432791743e-06,-2.1775785449626472e-06,-7.060400545008014e-06,-2.37138104105145e-06,-2.1730498235553086e-06,-1.8728318350088912e-06,-3.5385923385605633e-06,-1.0637701798585493e-07,-1.796513042115248e-06,-3.826477306559267e-06,-2.0617480336509746e-07,-4.236358620512319e-06,-1.0168326999796957e-07,-9.944996668796126e-07,-6.33539734982748e-06,7.235589709754822e-06,movement,movement,no movement,no movement
5366.666666666675,0.0278188071751248,0.298954451082622,-0.2850087984666666,0.0352249141500639,0.3177823117898773,-0.2801791439666666,0.0371523703159818,0.3184164014394487,-0.2693867559333333,0.0360716112284703,0.3180913135079318,-0.2729769075333333,0.0184731265920941,0.3264189407694828,-0.3032801002999999,0.019887553673757,0.3247780887797537,-0.3165256100333333,0.0239439179548121,0.3151213994819185,-0.2960908558333333,0.0501424019529775,0.3336227032013544,-0.1689281901666666,-0.0534308144111543,0.2943659933526799,-0.2187352523666666,0.04340161901649,0.3003996163993799,-0.2291647350999999,0.0169355408927235,0.2722373644333983,-0.2707957190666666,0.1034336985675862,0.2370804659223582,-0.0206986594713333,-0.12842720274448,0.2619644575222306,-0.05633250565,0.137730074662032,0.0854474281362529,-0.034505180158,-0.1479027233273207,0.0134971658015709,-0.1170024592966666,0.1347285513188053,0.0342059349027835,-0.1258489552433333,-0.0702527638277678,-0.0150877696420462,-0.2080944766666666,0.1210401654448582,0.0306833020773962,-0.1400642554899999,-0.0234516414789783,-0.0123187735119463,-0.2616650373,0.1060323968078554,0.0465209656959501,-0.1505631315533333,-0.0018865264371759,0.0436627138181715,-0.2659419088,0.1327688510066632,0.0253007968362599,-0.13217407871,-0.0567575156481288,0.0063112415475513,-0.229122356,0.0731568772135747,-0.1608118985050368,0.0544636588466666,-0.0709893657168998,-0.1694964258499772,-0.0527438845433333,0.1056116041692287,-0.4919171015907695,0.03427649954,-0.0258664921302565,-0.4359593700974314,-0.0616792429233333,0.0914506922924182,-0.7400663812856466,0.2163344859333333,-0.0568065806759849,-0.7409295061859924,0.1304772936433333,0.0745534964057288,-0.7658364824385093,0.2399698354333333,-0.0576766142558794,-0.7672370544095259,0.1090340753766666,0.1243276606279693,-0.7957400452220427,0.2120106145666666,-0.0305065530162094,-0.796244318088364,0.0362363474009666,nijmegen_nijmegen_rennen_g_ch1_g11_compr.mp4,ch1g11,3.81470055611966e-05,0.0004069019876112,0.000104048163618,0.000159955296764,0.0002049879596987,0.0004320961599583,0.0001036105124857,3.790553888726649e-05,3.571303192529299e-05,2.8396843277452377e-05,0.0004590953131615,0.000143211871364,0.0001104743137484,0.000105792328069,5.2623173606632495e-05,0.0001450506829704,0.0002268699858468,0.0005229458172283,0.000132650111882,0.0001097772795295,0.000541451387517,0.0001148251002756,0.0001090864424046,8.128098344838614e-05,0.0001953542199556,9.633933182686094e-06,8.784324065572634e-05,0.0004100623847424,4.85168133111784e-05,0.0005742703908559,8.405952385333075e-06,5.324843648120449e-05,0.0005130896056169,0.0006017269166872,0.0002361341217122,0.0010972659845883,0.0010283506162737,0.0010414160126143,0.0010235215203619,0.000980494042234,0.0009610506600057,0.000952044296511,0.0006444777799708,0.0006860945922597,0.000868164836526,0.0008798736581912,-0.0003075367405844,0.000781808524713,-0.0003076248298452,0.0006682848137287,0.006795075414292,-0.0062966213368258,0.0086835138888642,-0.0082128663470864,0.0095698670524439,-0.0089120835169643,0.0076403738921117,-0.0069010984600182,-1.3278327414190377e-05,1.9706094013161823e-05,-0.000559447586537,9.02502710300172e-05,-0.0030148246494566,-0.0010037419039126,-0.0031044447989535,-0.0010063691355842,-0.003320282777609,-0.0006952219219098,-4.7922702303818014e-06,3.7092680839136226e-06,-9.344841233025983e-06,8.004498498494772e-06,-8.543913658988522e-08,2.281641772618098e-06,-9.37466123924822e-06,-2.07245075474631e-06,4.168454968308961e-06,2.0550516022274326e-06,-1.4264163883530698e-05,2.351939298939535e-06,-9.619644890271332e-06,-9.401110468459037e-06,2.3779425820337964e-06,3.152493789279191e-06,2.1758734431667614e-06,-1.3733945536660904e-05,2.5026959698421653e-06,-9.64601187886469e-06,-7.174116058973802e-07,-1.0613884619188877e-05,-9.469362266852511e-06,-9.160245334523196e-06,-5.160954194819916e-07,-3.599571582163236e-07,-9.20714912313272e-06,-1.463779348845025e-05,-2.645262600701892e-07,-1.3747687902442632e-05,-3.632568943667269e-07,-4.742459744009869e-06,1.2662124085540895e-06,-6.965033713691797e-07,-6.087181367553194e-06,-1.9523645238686423e-06,-2.6212556026094316e-06,-3.398038995574898e-06,-6.587667649651444e-06,-1.9511614968596048e-06,-2.9987973457674245e-07,1.1989414274547465e-06,-2.798813809509682e-07,-3.912020516432475e-06,-4.090971531687124e-06,-2.0413661310948386e-06,-2.0226895924084317e-06,2.0097147941540898e-06,-4.23759552978123e-06,-3.625054770077138e-06,-4.6698603403720835e-06,-3.8984474872756175e-06,-1.9784254971379457e-06,-8.47472871982707e-06,-2.107424814124215e-06,-1.9829058500754104e-06,-1.5078541926910792e-06,-3.236630111690661e-06,-6.256088397622433e-08,-1.4316756256411484e-06,-3.7495550093250047e-06,-1.4361499220966228e-07,-4.333255511734527e-06,-5.776939294997866e-08,-7.60792062128515e-07,-7.543999089845195e-06,7.87546025686716e-06,movement,movement,no movement,no movement
5383.333333333342,0.0292440698527492,0.3000151501643434,-0.2841438735,0.0364919691936244,0.3187789571280705,-0.2791719039333333,0.0384555708842287,0.3194248855034303,-0.2683770383333333,0.0373536308814153,0.3190840691084853,-0.2719951544666666,0.0198823751724104,0.3273726854879555,-0.3028023710333333,0.0213348259515286,0.3257110207810056,-0.3160388616333333,0.0253838561414606,0.3160483671046397,-0.2956258114333333,0.0502565331840244,0.3342249350363515,-0.1678285758666666,-0.0529069002615149,0.2950441696044857,-0.2194775189666666,0.0443244312071329,0.3012351349772842,-0.2280124615666666,0.0179914710869458,0.2730893449810546,-0.2703178626666666,0.1029399582279344,0.2367088023276893,-0.0198722713713333,-0.1286780184105775,0.2627519166332263,-0.0564045053266666,0.1370230254361449,0.0850061238880655,-0.036625027234,-0.1505512707788822,0.0141732872966931,-0.1139050331433333,0.1340992666879952,0.0407587667278589,-0.13127107833,-0.0728445189998559,-0.0214273372485494,-0.2020796159999999,0.1204402134723447,0.039132432772515,-0.1462019430233333,-0.025920056546385,-0.0205500244607065,-0.2550276319666667,0.1060622994248686,0.0558275047584847,-0.1563295384633333,-0.0033103592469568,0.0347183275957368,-0.2596981633,0.1324811067768895,0.0326982137612796,-0.1376123442733333,-0.058874176871366,-0.0006286881321995,-0.216799289,0.0730232059678215,-0.1608254383747701,0.0548495549633333,-0.0708364470470313,-0.1694745903366198,-0.0532091555466666,0.1052854860700575,-0.4924107460443536,0.0327648676933333,-0.0264632173985086,-0.4358828388479465,-0.0636744551266666,0.0901812857206522,-0.7432403560529506,0.212049892,-0.0587938620438164,-0.7421185228369467,0.1278990763433333,0.0730959502064543,-0.7691273862056239,0.2353698574,-0.0598550129306359,-0.7684424316483904,0.1063950655633333,0.1225846095059064,-0.7991645677709813,0.2067945386,-0.0328528107763854,-0.7972097632821484,0.0328918801659666,nijmegen_nijmegen_rennen_g_ch1_g11_compr.mp4,ch1g11,3.1586673969368384e-05,0.0004082507789995,9.328779734957812e-05,0.00016693395349,0.0002019177192945,0.0004319817234826,9.282644163971076e-05,3.4433999595886553e-05,4.052238498724792e-05,3.114489570413624e-05,0.0004428795991684,0.0001426864985652,9.964774859780744e-05,9.499718856685098e-05,5.4930608267514256e-05,0.0001465985883985,0.0002255106901764,0.000506046810452,0.0001323778115812,9.890334329354016e-05,0.0005377106311639,0.0001025070777216,9.833528598719713e-05,7.038893685221785e-05,0.0001918360580885,9.274495565405977e-06,7.713462998989324e-05,0.0003944539473374,4.7436320764315125e-05,0.0005561618208573,8.038597719400483e-06,4.7929076108603186e-05,0.0005115387875852,0.0005942616693648,0.0002330771507076,0.0010355771087043,0.0009657134948029,0.0009771188689413,0.0009622636083311,0.0009354186490091,0.0009140560521956,0.0009082204674674,0.0005544369979395,0.0006587472937992,0.0008004882989178,0.0008296846488272,-0.0004536663539961,0.000754700600998,-0.0005064733835073,0.0006427805227825,0.0065384740503226,-0.006246004354203,0.0084059728801538,-0.0081203747743684,0.0092679441786724,-0.0088118862068234,0.0073722998400463,-0.0068387943189104,-2.105544457976809e-05,2.8985385336787677e-05,-0.0004959328478043,0.0001121125807617,-0.0029410914608891,-0.0010262911547453,-0.0030324366415673,-0.0010293735746025,-0.0032547174641288,-0.000725956073716,-5.517566863283353e-06,-2.6767219101129957e-06,-1.1303134673273306e-05,5.413850128238321e-06,-3.4422919872244145e-06,-4.7117384346011685e-06,-1.1332726782858989e-05,-2.099018151417346e-06,5.388351575581273e-06,1.4477878683963462e-06,-1.8023349876611224e-05,-1.8267072983020736e-06,-1.1666279999288192e-05,-1.143333296343789e-05,4.602161360003213e-06,-1.3437523295465272e-06,-1.2607430753059516e-06,-1.8397623735078364e-05,-1.5126175369165348e-06,-1.161467671343717e-05,-9.887858930057749e-06,-1.269604559114843e-05,-1.14489056613688e-05,-1.0610387931122132e-05,-3.690681907720675e-06,-4.057592505805561e-07,-1.0560835552540637e-05,-1.8130967061947005e-05,-4.677746710813049e-07,-1.808796574633117e-05,-4.0185414144309146e-07,-5.468157217322844e-06,-6.7245044442876e-06,-1.4440513602774794e-07,-6.875325424728051e-06,-1.3903971483057718e-06,-2.566803142490147e-06,-3.0274083710341155e-06,-7.52032482521052e-06,-1.3851388143250246e-06,1.4809624126027192e-07,8.828005710923564e-07,-4.692347200249023e-07,-4.168954197311139e-06,-3.976582868718715e-06,-1.5018054059365889e-06,-1.4645627642598406e-06,1.662899495605311e-06,-4.269989110020186e-06,-3.2145437098368994e-06,-5.096073541680304e-06,-3.808802157736361e-06,-1.4177268677546955e-06,-9.813381121736573e-06,-1.4580022021613954e-06,-1.4305506839603791e-06,-8.287351579484667e-07,-2.8878881243309167e-06,-2.6537163597864455e-08,-7.857300146861485e-07,-3.871201261146773e-06,-6.003343352864785e-08,-4.902208026318895e-06,-1.967432224716512e-08,-3.6139751081360465e-07,-8.731224353751507e-06,8.46226990854097e-06,movement,movement,no movement,no movement
5400.000000000009,0.0304729085261303,0.3010908214191807,-0.2834223870999999,0.0375675029765072,0.3197861210739876,-0.2783203730999999,0.0395640989997482,0.3204424758164416,-0.2675201520333333,0.0384432288996411,0.3200885449304734,-0.2711663926,0.0211071453574108,0.328353068609832,-0.3024633219333333,0.0225968680838998,0.3266657465641867,-0.3156922017666667,0.0266371555081166,0.316996811383796,-0.295299623,0.0502450107994084,0.3348251553075824,-0.1669322630666666,-0.0524786631357494,0.29573481010611,-0.2203368704333333,0.0450626011124023,0.3020737794907046,-0.2270241410666665,0.0188816042286713,0.2739540159890073,-0.2699750038333334,0.1024070061757053,0.2362612107759166,-0.0193321697213333,-0.1289949214499164,0.263540959272803,-0.0566011539633333,0.1363080025049344,0.0844014015008354,-0.0390394615113333,-0.1532544234127852,0.0148293811141565,-0.1108537228499999,0.1334599139372307,0.0471260122289041,-0.1368570725266666,-0.0755443863566978,-0.0276942675851713,-0.1961158921333333,0.1198267511473756,0.0474024088175826,-0.1524598365166666,-0.0285116605984955,-0.0286686775352786,-0.2484132166333333,0.1060772167783291,0.0649496982494483,-0.1621965536466666,-0.004895641607034,0.0258517716138809,-0.2535087707999999,0.1321824743969175,0.0399204857916507,-0.1431981807033333,-0.0611238259146186,-0.0074906933147044,-0.201814681,0.0728905452209272,-0.1608515213244344,0.0552243365533333,-0.0706841362014864,-0.1694384769611068,-0.0536655746099999,0.1049528064309382,-0.4929319280817783,0.0312821433566666,-0.0270246639399745,-0.4358078977274947,-0.0655791764366666,0.0888007561581782,-0.746294873432983,0.2077653010333334,-0.0607979155032338,-0.7432345630100085,0.1256144114433333,0.0715000389091942,-0.7722748143406657,0.2307793808333333,-0.0620543475273727,-0.7695658430352862,0.1040808573533333,0.1205484995030683,-0.8026014722435952,0.2015894164666666,-0.0351555784972847,-0.7981144937603455,0.0299429274512999,nijmegen_nijmegen_rennen_g_ch1_g11_compr.mp4,ch1g11,2.530284226518871e-05,0.0004033479235578,8.080979022932774e-05,0.0001730003100119,0.0001992809287346,0.0004254758423784,8.030847987788644e-05,3.2092470632723274e-05,4.6135127024382215e-05,3.213919180242637e-05,0.0004205056346979,0.0001393104951092,8.688890141453943e-05,8.236270061807662e-05,5.921033979072603e-05,0.0001444154913222,0.0002240659325428,0.000482742011192,0.0001292569845863,8.620347574600572e-05,0.0005259029343418,8.848856187617788e-05,8.578695333537097e-05,5.8623596828535016e-05,0.000188721424775,8.87894516395641e-06,6.556498906068383e-05,0.000372955186911,4.687501658474547e-05,0.0005311545396677,7.643172568741287e-06,4.2122279139588784e-05,0.0005021142308132,0.0005789819431421,0.0002287425282571,0.0009543839107365,0.0008821035564202,0.000891681077563,0.0008803144507194,0.0008749801855212,0.0008513990777358,0.0008493453617232,0.0004497553141076,0.000620283634257,0.0007138730124833,0.0007634533946127,-0.0006001118023379,0.0007297484049448,-0.0007153673602808,0.000635041399401,0.0061836905779535,-0.0060969432878336,0.0080194001584799,-0.0078984119783312,0.0088478712146082,-0.008581500221708,0.0070003480516328,-0.0066730922938631,-2.92594024271778e-05,3.865500845892734e-05,-0.0004419786569019,0.0001353293653445,-0.0028619887806334,-0.0010274155288134,-0.0029545738379391,-0.001031222248537,-0.0031815416251489,-0.0007405148091749,-5.693001707936699e-06,-1.0020442220877788e-05,-1.2661650000544513e-05,3.0665626608892695e-06,-6.376959934151091e-06,-1.2754462103044711e-05,-1.268492313839766e-05,-1.776349862645715e-06,6.233479813123798e-06,6.507864965256028e-07,-2.2366800301002093e-05,-5.69959197314549e-06,-1.31485921493051e-05,-1.285990684647618e-05,6.156281332286172e-06,-5.6181009200072e-06,-4.499985606820573e-06,-2.38851724644391e-05,-5.2465823018496706e-06,-1.2996321302109548e-05,-2.0477320047065717e-05,-1.410715135106056e-05,-1.2863306820462233e-05,-1.1358451145485924e-05,-6.495430093764835e-06,-4.018152566884897e-07,-1.1288081382647746e-05,-2.204133206671041e-05,-5.708541220324594e-07,-2.3557266151482104e-05,-3.90487899375279e-07,-5.841999058471798e-06,-1.6108092865803296e-05,4.936145622259716e-07,-7.3406545411147645e-06,-4.875856151746308e-07,-2.448447164168789e-06,-2.754509705177019e-06,-8.078892008194515e-06,-4.767909871750233e-07,5.128155807011283e-07,3.645166068470523e-07,-5.494654136162521e-07,-4.460701362410203e-06,-3.641506908036542e-06,-5.989484820595006e-07,-5.549654413691221e-07,9.6964807089732e-07,-4.0013889040654925e-06,-2.8844493675940868e-06,-5.574514084953838e-06,-3.494356050144864e-06,-5.077958475728073e-07,-1.0611428795745283e-05,-4.505635992136153e-07,-5.287428239205013e-07,1.0226076280662901e-07,-2.6249420477418817e-06,-4.181336098360948e-09,9.976400285201197e-08,-3.9692169276623325e-06,2.627255675858813e-08,-5.66109755626815e-06,6.475572006343045e-09,1.7949111469773377e-07,-9.506476374410408e-06,8.750714428431036e-06,movement,movement,no movement,no movement
5416.666666666676,0.0315926053718254,0.3021553617431688,-0.2827366783666666,0.0385475691184312,0.320776557319812,-0.2774843047,0.0405782195820561,0.3214414520256341,-0.2666800533666666,0.0394388690273459,0.3210762815913326,-0.2703482046333333,0.022214004149517,0.3293156036669866,-0.3021123320333333,0.0237400271594799,0.3276025644367045,-0.3153339361333333,0.0277718136679412,0.3179311337606458,-0.2949603643,0.050237197487836,0.3353773786643078,-0.1659961308999999,-0.0521130946361825,0.2963778816455628,-0.2211204479999999,0.0457461335013993,0.3028855596940295,-0.2260721366666666,0.019687301582252,0.2747967033208487,-0.2696311009,0.1019085654027008,0.235664746051541,-0.0187109528546666,-0.1293562487916151,0.2642678444318306,-0.0566145307366666,0.1356488654371183,0.0835543799640812,-0.0413120101913333,-0.1561233925249512,0.015479025516509,-0.1074448897433333,0.1329000506260827,0.0530947808613175,-0.1422758170899999,-0.0783713624803685,-0.0337020205597719,-0.1897150312999999,0.1192977073361459,0.0551954151895496,-0.1585185163966666,-0.0312521349270188,-0.0364078335045685,-0.2413384547333333,0.1061630982726411,0.073552203581409,-0.1678262240266666,-0.0066653990068842,0.0174064276064959,-0.2468523063666666,0.1319474781644976,0.0467056027479106,-0.1486017734,-0.0635292057656048,-0.0140733728266696,-0.174612135,0.0727742100684995,-0.1608880895633471,0.0555547499366666,-0.0705489165945827,-0.1693911885294784,-0.0540770008866666,0.1045952176240505,-0.4934528566231733,0.0299057194966666,-0.027571363751051,-0.4357178135678264,-0.0674707124533333,0.0874229836018421,-0.7492393704982767,0.2038026759666667,-0.0626598719551621,-0.744331016244396,0.12343856251,0.0699124191221286,-0.7753076262577908,0.2265695544333333,-0.0641024811542743,-0.7706625942013836,0.1018955404566666,0.118473494703258,-0.8059166361800363,0.1967001299,-0.0374300387574012,-0.7989558461438173,0.0271302015546333,nijmegen_nijmegen_rennen_g_ch1_g11_compr.mp4,ch1g11,2.043006440310807e-05,0.0003908783288001,6.735439576532013e-05,0.0001758350408402,0.0001947017208839,0.0004106423384331,6.681972636076845e-05,3.162579572035853e-05,5.320509505435883e-05,3.172542787615772e-05,0.0003941065501719,0.0001317344068236,7.280639084760651e-05,6.864121448511474e-05,6.761857888124774e-05,0.0001364921555941,0.0002200478603605,0.0004552013618937,0.0001221686423412,7.23003812912624e-05,0.0005035826541135,7.352817144852301e-05,7.208117701709611e-05,4.6915285699965334e-05,0.000183869300342,8.470318014468219e-06,5.394309364908427e-05,0.0003474076276918,4.737035962180762e-05,0.0005028301870289,7.246494436432741e-06,3.647193714923678e-05,0.0004832777538486,0.0005558490456061,0.0002207557400833,0.0008658999532542,0.000790630123628,0.0007982904003415,0.0007904608315395,0.0008060572028953,0.0007808417447602,0.0007829024533014,0.0003385661804876,0.0005679165581295,0.0006170547852003,0.0006881528553919,-0.0007414608272302,0.0006947355738717,-0.0009534483798971,0.0006278901367783,0.0057585603869641,-0.0058352621989979,0.0075582505179728,-0.0075221585361558,0.0083695919877981,-0.0081713816522502,0.0065585512130067,-0.0063810902622179,-3.702033048696868e-05,4.764589798038651e-05,-0.0003785405338871,0.0001637804913604,-0.0027070500672484,-0.0009789938015527,-0.0027956867141216,-0.0009801304616809,-0.0030137009082443,-0.0007017098940574,-5.116713899563471e-06,-1.7739243724402386e-05,-1.3081933825811847e-05,7.631263021031228e-07,-9.024560376191022e-06,-2.123909964620112e-05,-1.309217737920064e-05,-1.185009454013082e-06,6.424752090708766e-06,-5.839934511158581e-08,-2.6820920769655936e-05,-8.983484623335916e-06,-1.366804231063057e-05,-1.334128961047072e-05,6.642576212327856e-06,-9.381356466038432e-06,-7.322348995173965e-06,-2.954011214933975e-05,-8.420857909453106e-06,-1.3417193242070798e-05,-3.149675217016005e-05,-1.4473920337624722e-05,-1.3314197942596924e-05,-1.1163208996954693e-05,-9.049442559374878e-06,-3.635427818525987e-07,-1.1113943922464507e-05,-2.595245740566415e-05,-5.253244542632589e-07,-2.9414182319820604e-05,-3.426479335111775e-07,-5.619167181971648e-06,-2.6106336920102044e-05,1.1084302477505233e-06,-7.254216260773168e-06,6.748261417141513e-07,-2.2632975113531153e-06,-2.5707112581423907e-06,-7.974849337303318e-06,6.913983560694408e-07,7.202792384614878e-07,-3.24764100498546e-07,-5.097016223976954e-07,-4.6425861768527556e-06,-3.0838116895850143e-06,5.95555378077756e-07,6.249815575199798e-07,-2.3148804296656622e-08,-3.398094619232814e-06,-2.6520493213688755e-06,-5.908318028776474e-06,-2.95960316770241e-06,6.755694525395798e-07,-1.0445849641787037e-05,8.24225271585938e-07,6.466825692889959e-07,1.1813400236384213e-06,-2.4366676739393285e-06,1.0633127379267452e-10,1.1339988112905078e-06,-3.9228689515209e-06,9.107587913946149e-08,-6.401569168469905e-06,1.5826182497465025e-08,7.948143192404015e-07,-9.517903801723516e-06,8.551935796117163e-06,movement,movement,no movement,no movement
5433.333333333343,0.0324757311238248,0.3029897412321484,-0.2824257715999999,0.0393476354003013,0.3215393405986919,-0.2770049502333333,0.0414122878602652,0.3222100995163491,-0.2661962792,0.0402525804760468,0.3218384055706465,-0.2698855653,0.0231194224776878,0.3300988141856298,-0.3020617277,0.0246843409999023,0.328360117202398,-0.3152856007666667,0.028701136356876,0.3186923496944803,-0.2949211911333333,0.0501967186845094,0.3356603134013735,-0.1653383221,-0.0518245699374528,0.2969152456720499,-0.2219926377333333,0.046260343022684,0.3034549963121498,-0.2254998272666665,0.0202890005608067,0.2754520646261985,-0.2696050556666666,0.1014184391006272,0.2348513288255933,-0.0182662482479999,-0.1297966073800305,0.264896399036053,-0.05678373967,0.1350276734302398,0.0825517255631242,-0.0435814467713333,-0.1590082893016413,0.0160557666811337,-0.1045954139566666,0.1323920143420742,0.0587619747205257,-0.1476633650733333,-0.081346011770238,-0.0393498766680903,-0.1847232361999999,0.118832037918969,0.0625982720609339,-0.1644336292666666,-0.0342029734927912,-0.0437248006655966,-0.2358417546333334,0.1062921273098678,0.0817306631355324,-0.1733386767833333,-0.0086462590963108,0.0094940574687344,-0.2416686657666666,0.1317587068599016,0.0531324606890197,-0.1539682879033333,-0.0660880420465684,-0.0202316189292177,-0.162923574,0.0726624839925374,-0.1609267159144035,0.0558863508166666,-0.070419084668956,-0.1693411036588429,-0.0544905339399999,0.1042478780214911,-0.4937301115191952,0.02884358745,-0.0280143070213288,-0.4354752896991396,-0.0694450182133333,0.0860578458907788,-0.7516334121338348,0.2004785805666666,-0.0643449877126536,-0.7452166503162725,0.12098037208,0.0683418760582326,-0.7777683447781107,0.2230241966666666,-0.0659564281120671,-0.7715456702528061,0.0993999863766666,0.1164762655618768,-0.8085928823051368,0.1924611841333333,-0.0394272617136892,-0.799515812742377,0.0239244224542999,nijmegen_nijmegen_rennen_g_ch1_g11_compr.mp4,ch1g11,1.614845987616118e-05,0.00037106330936,5.463325687282668e-05,0.0001755167420536,0.0001850481722393,0.0003873398328208,5.408720506860604e-05,3.137922649947161e-05,6.0092282470722777e-05,3.102506835992233e-05,0.0003657761892954,0.0001213619124366,5.9376563848855554e-05,5.5566493723198165e-05,7.645861066773305e-05,0.0001242785959231,0.0002123398653195,0.0004246424625607,0.0001124643323609,5.916581454970168e-05,0.0004694875575769,5.985656649770915e-05,5.909231674251787e-05,3.6664232815894845e-05,0.0001742697156836,8.054443810463162e-06,4.379955815908042e-05,0.0003194187158348,4.667991675348409e-05,0.0004736925738662,6.873941879867887e-06,3.1000223065232655e-05,0.0004551569923844,0.000525707467576,0.0002074081962166,0.0007723645864961,0.0006926938434442,0.0006987972190467,0.0006938358125389,0.0007270113124142,0.000702145347628,0.0007086664729878,0.0002172119547977,0.0004971098663994,0.0005148504676219,0.0006057141332429,-0.0008773103088851,0.0006356869169468,-0.0011832494427943,0.0006220616650227,0.005292109328759,-0.0054304110165129,0.0070352893600034,-0.0069725284939459,0.0078520026495269,-0.0075542771773041,0.0060724188286971,-0.0059321253332905,-4.262132285201056e-05,5.430805722380506e-05,-0.0002889312197739,0.0002112950860974,-0.0024748155342751,-0.000904422722248,-0.0025565991556176,-0.0009032855212845,-0.0027748062863081,-0.0006293003130938,-3.542325116876253e-06,-2.499267539786453e-05,-1.1973922255215377e-05,-1.4231304436651589e-06,-1.0839735213797878e-05,-2.920138283064279e-05,-1.1966208528002878e-05,-1.9225482610583626e-07,5.683701484527677e-06,-6.022491288355171e-07,-3.1843527104043566e-05,-1.154787007098086e-05,-1.2652952239420132e-05,-1.2279922308340175e-05,6.011630901611159e-06,-1.2276489987131612e-05,-9.196162050283716e-06,-3.59075967562576e-05,-1.0887823322033948e-05,-1.231926513991729e-05,-4.188494510039075e-05,-1.3169490084726143e-05,-1.2242932859158665e-05,-9.52324262083394e-06,-1.0792862565521384e-05,-3.354494585633933e-07,-9.568104751169788e-06,-3.024653317650577e-05,-2.483753404148474e-07,-3.635889133141006e-05,-2.996775181752687e-07,-4.591754392717909e-06,-3.5707931779694515e-05,1.6484079599229802e-06,-6.4616937024738155e-06,1.939688083221875e-06,-2.065587444294847e-06,-2.3392104637917525e-06,-7.015392477285653e-06,1.9599076645186704e-06,8.037462668580489e-07,-1.0625944107993482e-06,-4.061796811234602e-07,-4.565875326590066e-06,-2.386742895434516e-06,1.9193719716488512e-06,1.9157598325709857e-06,-1.0316666679285166e-06,-2.553378612661789e-06,-2.4515470423818017e-06,-5.871886461794129e-06,-2.2893950545072102e-06,1.969895549175507e-06,-9.00957716383393e-06,2.181744894088514e-06,1.937387542197859e-06,2.25789273880765e-06,-2.1882593444672596e-06,-1.2036531994234396e-08,2.1754478011326107e-06,-3.6163803907197447e-06,2.0551041982167755e-07,-6.861104686425616e-06,8.541021439361216e-09,1.4294791995970008e-06,-8.509966016853505e-06,7.75646054838902e-06,movement,movement,no movement,no movement
5450.00000000001,0.0330819270838342,0.3036297362152007,-0.2823201928999999,0.0399580901063129,0.3220868791532609,-0.2767289439666666,0.0420545406453774,0.3227619788210493,-0.2659146184666666,0.0408725776712706,0.3223867013268869,-0.2696237151333334,0.0237962623671363,0.33071864611271,-0.3021335512999999,0.0253954491457236,0.3289540279936289,-0.3153601185,0.0293961816134101,0.3192960586499308,-0.2950021163333333,0.050167989219173,0.3356828369889547,-0.1648069312666666,-0.0516173686899406,0.2973408955254827,-0.2228215828666666,0.0465954969172712,0.3038212088446301,-0.2251412799999999,0.0206605150269568,0.2759529000653684,-0.2696946116666667,0.1009822920702276,0.2338236133912325,-0.017856366848,-0.1302803673940277,0.2654672002355352,-0.05693724746,0.1345088712562925,0.0812208415258529,-0.0458013881133333,-0.1618307256674033,0.0166271394963499,-0.1019484027199999,0.1319893728090163,0.0637378568756361,-0.1521053940299999,-0.0842828675499721,-0.0446615000227139,-0.1806877340333332,0.1184533763536125,0.0692709223925842,-0.1692447392533333,-0.0371242119375147,-0.0505196629272243,-0.2314970847666667,0.106484091244926,0.0892116924215676,-0.1777862847333333,-0.0105968637090999,0.0021893117630651,-0.2376249721333333,0.1316555614823163,0.058860133470254,-0.1583721528533333,-0.0686056726818528,-0.0260122610853167,-0.154902577,0.0725620137340568,-0.1609728011250144,0.0562033466966666,-0.0703029751332418,-0.1692839023496205,-0.0548863927266666,0.1038529716937335,-0.4940120981109631,0.0280223623533333,-0.028393649201017,-0.4352100739727651,-0.0714005656466666,0.0846170291121332,-0.7538704013937044,0.1976937626333333,-0.0657912575170534,-0.7460546117243116,0.1184912242566666,0.0666898735351394,-0.7800662377916247,0.2200322110999999,-0.0675602644480526,-0.7723894111162456,0.0968719378266666,0.1142556568928779,-0.8111446136052357,0.1887338637999999,-0.0412965980241106,-0.8000265609837466,0.0207966375816333,nijmegen_nijmegen_rennen_g_ch1_g11_compr.mp4,ch1g11,1.3621026588270286e-05,0.0003420180446445,4.290705555663931e-05,0.0001718125007031,0.0001728436479952,0.0003538823277031,4.2377542183794034e-05,3.212701051890749e-05,6.587813286899835e-05,2.9289759511914868e-05,0.0003366666615234,0.0001083529943762,4.6740518688647415e-05,4.3493664348635734e-05,8.314898735217579e-05,0.0001092144307279,0.0002029349435952,0.0003916300017868,0.000100195269914,4.694433057980456e-05,0.0004225854002697,4.721720947542377e-05,4.693634868350827e-05,2.8182101842118583e-05,0.0001623418135604,7.727514293272857e-06,3.5146745566737016e-05,0.0002906797634674,4.6164081616228486e-05,0.0004429733782731,6.600430444939269e-06,2.6654806955631432e-05,0.0004151318108489,0.0004877544025916,0.0001907720014657,0.0006675719917267,0.0005849434137749,0.0005903053153249,0.0005879284122588,0.000636117674338,0.0006118343119596,0.0006220442409872,9.380915070613344e-05,0.0004129890591545,0.0004060829253197,0.0005130165544659,-0.0009951914060377,0.0005620760751716,-0.0013752453337212,0.0006049667963835,0.0047767616568778,-0.0049480908471595,0.0064350054579311,-0.0063241007906996,0.0072541617694277,-0.00682335656128,0.0055346889397052,-0.0053912598120432,-4.745509146228261e-05,5.994012533820659e-05,-0.0002036514078063,0.0002572980811904,-0.0022167109024639,-0.0008196854668385,-0.0022864715779839,-0.0008195379272162,-0.0025142719056527,-0.0005535236458988,-1.1265663818969413e-06,-3.126791243561608e-05,-9.27886226389913e-06,-3.41718925391671e-06,-1.255769871160858e-05,-3.60034258702986e-05,-9.24879362730522e-06,7.087013635147714e-07,4.1440694530543294e-06,-9.196195353671536e-07,-3.60709201530381e-05,-1.3471895168340551e-05,-1.0008781190526996e-05,-9.60569706753882e-06,4.317327085288284e-06,-1.447499890151399e-05,-1.0986908083300078e-05,-4.147500446639446e-05,-1.2714790911267572e-05,-9.626827657410232e-06,-5.060040592737952e-05,-1.0133169922813716e-05,-9.583273208742886e-06,-6.481589697538172e-06,-1.2413276352086347e-05,-3.4094535754387793e-07,-6.673561455085003e-06,-3.350574126732744e-05,1.103662909497561e-07,-4.298986046101563e-05,-2.84513546701233e-07,-2.772649371677436e-06,-4.403662422589539e-05,2.0106364339120806e-06,-4.82737884873721e-06,3.1593649119123727e-06,-1.86291451411271e-06,-2.036918006350829e-06,-5.067760877864767e-06,3.179230488100331e-06,7.415748153013741e-07,-1.7256433634005683e-06,-2.4348494013724e-07,-4.053550185720155e-06,-1.5758985256263185e-06,3.2224596509040307e-06,3.1639961737793445e-06,-1.803544726793958e-06,-1.5537047680802693e-06,-2.257223054350153e-06,-5.229937660985366e-06,-1.506850672562586e-06,3.2288818512655593e-06,-6.169363699791842e-06,3.4821334806049666e-06,3.197659132651959e-06,3.2030193894047746e-06,-1.855720706250296e-06,-4.0360529527889136e-08,3.112816686774208e-06,-2.946083551953613e-06,3.222377356090641e-07,-6.656980099652686e-06,-1.536636868257859e-08,1.985447272731418e-06,-6.268320930539051e-06,6.221432223593302e-06,movement,movement,no movement,no movement
5466.666666666677,0.0332929393291811,0.3041713833828511,-0.2822099908666666,0.0402337066596218,0.3225402246423676,-0.2764579198333333,0.0423568613497747,0.3232204156891232,-0.2656404629333333,0.0411551507946898,0.3228448698962433,-0.2693694066,0.024095579969053,0.3312547410020315,-0.3021728009666666,0.025723191491638,0.329464591891824,-0.3154001430333333,0.0297099370509584,0.3198196974916696,-0.2950506553666667,0.0500839729546679,0.3356456645675661,-0.1642701243666666,-0.0515879899417078,0.2977063245097165,-0.2235357304333333,0.0466501363888239,0.304110010279057,-0.2247906765333332,0.0207102356692275,0.2763710717168837,-0.2697454226333333,0.1005663529457351,0.2327684393851393,-0.017425303198,-0.1308089539789509,0.2660141593587722,-0.0569615215766666,0.1340895440561474,0.0798805566218762,-0.0478014147666666,-0.1646447628057995,0.0172576130370714,-0.09950211409,0.1317344077506684,0.0682676112880549,-0.15551744156,-0.0872416289934431,-0.0493382695666222,-0.1774706910666666,0.1182431045315323,0.0753504067898961,-0.1729255207666666,-0.0400752083220333,-0.0565038993190109,-0.2280814823,0.1068212229581219,0.0960593358208949,-0.1811499012666666,-0.0125533146986945,-0.0042597757002885,-0.2344885190999999,0.1316914736039648,0.0640979996432853,-0.1617347277666666,-0.0711414012352121,-0.0311180331809911,-0.147294059,0.0724715708936625,-0.161024807134325,0.0565033547533333,-0.0701988431316552,-0.1692201213006006,-0.0552617435399999,0.1033665285268593,-0.4942576483008093,0.0272733316433333,-0.0287644337259158,-0.4349324915120401,-0.0733201811633333,0.0830710211526356,-0.7559492315836494,0.1949722423666667,-0.0672045192330875,-0.7468347604892422,0.1158543262,0.0649324654518194,-0.7822024312139698,0.2171012475666666,-0.0691254665364657,-0.7731773426428731,0.09416312478,0.1119298793713349,-0.8135164872491247,0.1850811635333333,-0.0430916175342872,-0.8005268400241247,0.0175270072356333,nijmegen_nijmegen_rennen_g_ch1_g11_compr.mp4,ch1g11,1.2933646569882967e-05,0.0003081808570069,3.4314899801722746e-05,0.0001663270596921,0.0001571973511819,0.0003147136254274,3.379952887059989e-05,3.3260541851798304e-05,6.932318123728302e-05,2.7456080586873308e-05,0.0003014984511537,9.324070163981548e-05,3.751149734833272e-05,3.455974309437972e-05,8.725865658799475e-05,9.230535487796088e-05,0.0001878762342706,0.0003498415027282,8.594335822478069e-05,3.8150122889267954e-05,0.0003683859371821,3.807856665698264e-05,3.81472476965912e-05,2.278088321161749e-05,0.0001473815402954,7.299989110019858e-06,2.956600729374537e-05,0.0002576960809149,4.640040550508411e-05,0.0004006784070451,6.2773076658334594e-06,2.436033748411281e-05,0.000368253676822,0.0004434653026786,0.0001706094348001,0.0005639307665139,0.0004787763067493,0.0004836246633892,0.0004831237313343,0.0005393219814809,0.0005176935924599,0.000531826673261,-2.209539874984772e-05,0.0003210325866796,0.0003014576421675,0.0004203115737696,-0.001073173026631,0.0004735669284397,-0.0014791021105482,0.0005715800343403,0.0042592819103791,-0.0043393542970578,0.0057979774819969,-0.0055136587651869,0.006606420297161,-0.0059090963213298,0.0049754121575015,-0.0047141645166795,-4.8405966090217815e-05,6.135076216390645e-05,-0.0001074359699381,0.0003066724489078,-0.0018880883132649,-0.0007115295353361,-0.0019453947220364,-0.0007124668303385,-0.0021618581932018,-0.0004652353712432,1.413101103813233e-06,-3.5557499040471265e-05,-5.242011491205841e-06,-5.241137559164781e-06,-1.4307518270402886e-05,-4.045625871232161e-05,-5.191812430338586e-06,1.427546849160083e-06,2.015926007059329e-06,-1.015900155452174e-06,-3.956066928446635e-05,-1.4694959292374574e-05,-5.898646919566563e-06,-5.5555033009136065e-06,2.0312355445040357e-06,-1.5661030755604326e-05,-1.2970720226336974e-05,-4.605684916219493e-05,-1.3860096860349964e-05,-5.524451559371908e-06,-5.58528249825312e-05,-5.694655032172176e-06,-5.514755265852886e-06,-2.4671469729279087e-06,-1.3973475081015434e-05,-3.922276036780642e-07,-2.799068153519505e-06,-3.591050326154409e-05,5.511920671181337e-07,-4.9037545824516e-05,-3.095067650135121e-07,-3.355413215242353e-07,-4.960938329542769e-05,2.1417584148722048e-06,-2.564589581860828e-06,4.1278816620163855e-06,-1.7152026913953008e-06,-1.58849638110481e-06,-2.380204676164918e-06,4.142779111270959e-06,5.611870532516744e-07,-2.196916123738931e-06,-9.328091488824905e-08,-2.7647557742275034e-06,-6.966594390819085e-07,4.279141803453358e-06,4.160004156998894e-06,-2.208873658915248e-06,-5.215205022485703e-07,-1.940413715739221e-06,-3.608216635441568e-06,-6.609103556128153e-07,4.2361675195947304e-06,-2.279705477756477e-06,4.504621469220265e-06,4.2099033502026406e-06,3.862870341811946e-06,-1.3754377575462571e-06,-7.019372194092228e-08,3.793421339913999e-06,-1.6731035921257734e-06,4.268841949692187e-07,-5.202871991146872e-06,-4.3582226625193634e-08,2.374332186429641e-06,-3.053842519315284e-06,4.1469794389401765e-06,movement,movement,no movement,no movement
5483.333333333344,0.033464875813868,0.3046309494805966,-0.2822417104666666,0.0404517900064575,0.3229264060007756,-0.2763371051999999,0.0425965048363389,0.3236112835067048,-0.2655170275999999,0.0413773006221535,0.3232399977948306,-0.2692633719333333,0.0243231716907049,0.3317047959309536,-0.3023459345666666,0.0259788008819906,0.3298939141926946,-0.3155816808999999,0.0299506031820422,0.3202665738195425,-0.2952340976,0.0499558231860534,0.3355849910288583,-0.1638378471333333,-0.0516558281415199,0.2979565940781465,-0.2242820297666666,0.0466535721064855,0.3043372871306918,-0.2245797182999998,0.020702699336934,0.2767018947785882,-0.2699232024333333,0.1001368530402271,0.2317138151497686,-0.017079253968,-0.13137115023237,0.2664768645653213,-0.05703453503,0.1337504151952359,0.0784914862840956,-0.0496475363933333,-0.1673506270104262,0.0178547115153296,-0.0980804943933333,0.1316042872637644,0.0722882260914972,-0.1586121706,-0.0899299607868582,-0.0532179873883111,-0.1761102736666666,0.1181510843404697,0.0808095712132996,-0.1762786662333333,-0.0427364729809122,-0.0614181486604825,-0.2267280793666667,0.1072633488383367,0.1023283845436648,-0.1842435718333333,-0.0142907020638283,-0.0095127082202524,-0.2333492577666666,0.1318439151080853,0.0688085952621486,-0.1647947835333333,-0.0734272065339951,-0.0353389699699774,-0.154173434,0.0723803692028645,-0.1610765667796845,0.0568143124333333,-0.070095994879365,-0.1691560107166842,-0.0556436904166666,0.102858573712868,-0.4943252478128029,0.0270632773633333,-0.0290421046133689,-0.4346369501045191,-0.0752069083299999,0.0815616675977788,-0.7578632197872043,0.1925956596333333,-0.068341874113999,-0.7474634632308113,0.1131047965666667,0.0632329744230297,-0.7841979325723676,0.2144958475999999,-0.0703934867370923,-0.773798423960996,0.0913093989399999,0.1097856200582706,-0.8156404600308114,0.1818248579666666,-0.0443823315451203,-0.8009465573689925,0.0140638652113,nijmegen_nijmegen_rennen_g_ch1_g11_compr.mp4,ch1g11,1.5119811153112436e-05,0.0002701390349966,3.071619791685661e-05,0.0001604132374832,0.0001418552919172,0.0002707758153848,3.0270162851969912e-05,3.514086699513451e-05,7.023393497149342e-05,2.6275693864171853e-05,0.000261453060772,7.907244816412501e-05,3.3240410634767685e-05,3.068717489355802e-05,8.71902316219512e-05,7.7330020919965e-05,0.0001739703999929,0.0003020396364788,7.251449467488923e-05,3.4280709537279114e-05,0.0003069287501415,3.409702676055344e-05,3.4215961266871044e-05,2.18868336871748e-05,0.0001324343976471,6.9963088687535805e-06,2.8190358644252025e-05,0.0002219064888901,4.719558983424305e-05,0.0003496560559777,6.034341203575633e-06,2.4802976465131565e-05,0.0003142454294015,0.0003944009778013,0.0001509874882833,0.0004739902466076,0.0003895233830784,0.0003944718420669,0.0003954374197447,0.0004528125876909,0.0004337642091954,0.0004510499051133,-0.0001135494014834,0.0002319632004434,0.00021626776153,0.0003384291285233,-0.001095657724193,0.0003843639830052,-0.0014763581790299,0.0005323421425985,0.003720307099116,-0.0036530255076333,0.0050968430627741,-0.0046157659911918,0.005873039117344,-0.0049074721504223,0.0043806472469642,-0.0039520079603597,-4.7938925485737065e-05,6.085423583565554e-05,-3.459437518514698e-05,0.0003552208676762,-0.001573402622668,-0.0006093171296626,-0.0016201540910615,-0.0006157951036732,-0.0018177732955859,-0.0003953524469803,3.789007256668655e-06,-3.698669653977531e-05,-4.083026158148411e-07,-6.844007943515258e-06,-1.628611795617292e-05,-4.158232198149374e-05,-3.4072399254911597e-07,1.9522596879504856e-06,-4.130031874976289e-07,-8.576968878993816e-07,-4.177164045646811e-05,-1.5021430900758514e-05,-8.654634308885836e-07,-6.783891148680578e-07,-4.675029738608255e-07,-1.5556512095559684e-05,-1.514181032540144e-05,-4.894203841185387e-05,-1.4151138335245088e-05,-5.54409868302225e-07,-5.643016180167653e-05,-4.354527744081909e-07,-5.61937090589084e-07,1.996517314591843e-06,-1.5644635723843408e-05,-4.98604019047379e-07,1.595462076255324e-06,-3.701798218029274e-05,1.076764107050054e-06,-5.363852381574411e-05,-3.8578212130322003e-07,2.505528616079939e-06,-5.119908159386676e-05,2.0076363410922098e-06,1.5818774867775725e-07,4.673276207406187e-06,-1.645235615244576e-06,-1.0234392963125552e-06,8.260044194339338e-07,4.676903626690328e-06,2.971820796908493e-07,-2.3996677034713145e-06,-1.2439909044093652e-08,-6.792878047965797e-07,1.3786684747735812e-07,4.913273842131794e-06,4.7271343363868536e-06,-2.143311372876463e-06,3.811587902092769e-07,-1.600793186545228e-06,-1.0556226993658106e-06,1.3893944494585156e-07,4.824405550208328e-06,2.3598124469208462e-06,5.075599341345183e-06,4.805615444830089e-06,4.117716398996053e-06,-7.673475162673501e-07,-9.635933199709373e-08,4.099308745746749e-06,1.8745300951394493e-07,5.25877275141892e-07,-2.484853382600194e-06,-6.944114685203549e-08,2.525053918843666e-06,9.247545878981036e-07,2.713069454580616e-06,movement,movement,no movement,no movement
5500.000000000011,0.033223741887193,0.3050562240472282,-0.2822514617999999,0.040240737146512,0.3232628476767347,-0.2762327553666666,0.0424015053505348,0.3239552012856926,-0.2654078507666666,0.0411671784259735,0.3235832439570906,-0.2691794088666666,0.0241195401011527,0.3321168951111764,-0.3025217900999999,0.0258005795221049,0.3302891754259404,-0.3157663817999999,0.0297489257701567,0.3206792326849747,-0.2954229867,0.0495673721641033,0.3354195268048561,-0.1635271281333333,-0.0520406829526363,0.2981682132486089,-0.2247254671999999,0.0463230313535798,0.3045058064803376,-0.2243645008333332,0.020335172222484,0.2770000954503202,-0.2701101166333333,0.0996345846677316,0.2306354566547448,-0.0169123710213333,-0.132085717180037,0.2668381190534928,-0.0568458685733333,0.1334857842302659,0.077083238898486,-0.05123935685,-0.1699598289728804,0.0183919574241004,-0.0969894954266666,0.131473842581426,0.0759033041936414,-0.1613282365666666,-0.0925366657209035,-0.0564499175783809,-0.1749090373999999,0.1180322450758841,0.0857219522401507,-0.1791946357333333,-0.0453195885338502,-0.0655023308728761,-0.225354386,0.1076573180951953,0.1079729605862414,-0.1868841946666666,-0.0161996171404615,-0.0138673848085593,-0.2320772916666666,0.1319816639502909,0.0730749318671953,-0.1674640906333332,-0.0757220704094203,-0.0388308977456313,-0.15997915,0.072286899803805,-0.1611267386464899,0.0571011211666666,-0.0699912960011138,-0.1690940018968229,-0.0559971284499999,0.1022316104804417,-0.4941692672511369,0.02674604319,-0.0292188236578807,-0.4342162772130091,-0.0769800664166666,0.079916188972724,-0.7592113464703104,0.1903753553333332,-0.0694017186277125,-0.7478751624070581,0.11062778101,0.0614194202693656,-0.7856086984861855,0.2121027801999999,-0.0715829762400261,-0.7742104523313462,0.0887543387999999,0.1075503670763599,-0.817266734852731,0.1788440222333333,-0.0454791367355052,-0.8012040928201901,0.0109145447479666,nijmegen_nijmegen_rennen_g_ch1_g11_compr.mp4,ch1g11,1.9938117090508907e-05,0.0002316449809172,3.24072917299992e-05,0.0001526206872968,0.0001264612076763,0.000227381333092,3.204032737134131e-05,3.652642683472736e-05,6.805317290141879e-05,2.6027823414603588e-05,0.0002172240971969,6.503541453292021e-05,3.4498414972853146e-05,3.217093732542622e-05,8.371808046441688e-05,6.362534889259047e-05,0.0001601514629797,0.0002496322486332,5.925726621431205e-05,3.584061361812818e-05,0.0002477868227642,3.555074371093269e-05,3.569120435713175e-05,2.546331001452843e-05,0.0001174714680864,6.564318124948248e-06,3.116460423856906e-05,0.000183799238244,4.852616590931366e-05,0.0002904030315969,5.696207482674897e-06,2.830072440027251e-05,0.0002602556835098,0.0003431375064764,0.0001315711572252,0.0003945187942419,0.0003131232071816,0.0003184752142891,0.0003203184613849,0.0003736897482513,0.0003577658295308,0.0003770613180143,-0.0001775932566968,0.0001461924831947,0.0001489972947456,0.0002668222254249,-0.0010582979315469,0.0002927702990525,-0.0013658076953761,0.0004798237466905,0.0031865249118039,-0.002920323496501,0.0043600944982516,-0.0036672427369655,0.0050769787447746,-0.0038568868336341,0.0037757384469773,-0.0031395127172559,-4.696611379406902e-05,5.9449006812398626e-05,1.3729738439545768e-05,0.0003994915804578,-0.0012532222222387,-0.0005095614760114,-0.001287759252623,-0.0005239511480611,-0.0014829934512477,-0.0003491104355125,5.4734589686889525e-06,-3.559214898508215e-05,4.684961371978688e-06,-8.453667039348378e-06,-1.7552747654208273e-05,-3.939531466524041e-05,4.754292933101741e-06,2.0005326293605458e-06,-2.930507466578629e-06,-7.036792150184934e-07,-4.2019032275605384e-05,-1.4636420868212609e-05,4.535873918598476e-06,4.493405119944844e-06,-2.7278645020913444e-06,-1.4644165976421232e-05,-1.7040623916414192e-05,-4.938395702404657e-05,-1.374967390891239e-05,4.719780363257754e-06,-5.2257034624290534e-05,5.016158595744617e-06,4.695817607809441e-06,6.223953232731482e-06,-1.6582941664359012e-05,-6.320404812642773e-07,5.826244268890065e-06,-3.636974689607895e-05,1.5497633556754793e-06,-5.5573484384572835e-05,-4.907503168158747e-07,5.119121710040262e-06,-4.862929257584485e-05,1.634718418419092e-06,3.034608273649825e-06,4.7148984251532885e-06,-1.5823114527520449e-06,-2.6888847075555125e-07,4.1437660320282965e-06,4.703598180015348e-06,2.2850799914569527e-08,-2.290938035289198e-06,-3.614311240542558e-08,2.1108889263228536e-06,9.634928332714695e-07,5.025109541579237e-06,4.782317424545044e-06,-1.6553645928798885e-06,1.1483554269507017e-06,-1.1160287377850017e-06,2.2700141205224807e-06,9.204529468079424e-07,4.9028232705150035e-06,7.0838214340691605e-06,5.115277950854978e-06,4.8906330128436416e-06,3.934801954000379e-06,1.6811524719174273e-08,-9.99315293856459e-08,3.988875134616677e-06,2.5542556089656787e-06,6.351991836440791e-07,1.363372215919832e-06,-7.75662113466786e-08,2.4104026535364552e-06,5.147125794619813e-06,4.5800666544611865e-06,movement,movement,no movement,no movement
5516.666666666678,0.0327477988879256,0.3054548532233666,-0.2841096157333334,0.0398164516700758,0.3235778468031979,-0.2780213695666665,0.0419876682463827,0.3242739139812398,-0.2671845628999999,0.0407374226963265,0.3239041163537502,-0.2709537636333333,0.0236575478793206,0.3324784870509207,-0.3044276674999999,0.0253652420634085,0.3306392512611643,-0.3177099164333332,0.0292922518814947,0.3210506946206385,-0.2973349725666667,0.0491361417083928,0.3352507588749985,-0.1649771173999999,-0.052572501464187,0.2982702384548837,-0.2263935508666666,0.0458342233468516,0.3046576854270855,-0.2260368680999999,0.0197977240283555,0.2772647733364968,-0.2719899100333333,0.099189703830557,0.2295824217475157,-0.0182585466413333,-0.1329288168606329,0.2670769564453286,-0.0575103123433333,0.1334689656151575,0.075619955837441,-0.0541351698433333,-0.1723352062969954,0.0188465691505923,-0.09670311846,0.1315749134562049,0.0786058728946484,-0.1658755893999999,-0.0950902248298353,-0.0589138443327427,-0.1752038091999999,0.1181163899332167,0.0895906189716069,-0.1841485171,-0.0478237422470028,-0.0685181484758253,-0.2258566008333334,0.1081438649913523,0.1126022191912008,-0.1917037919666666,-0.018076466678832,-0.016994229695659,-0.2328245103666666,0.1322851185543871,0.0763430519778637,-0.1720467353999999,-0.0779313415810317,-0.0414629516888782,-0.156853,0.07221357742079,-0.1611665313485481,0.05733751182,-0.0699130028119953,-0.169040334607261,-0.0562869726766666,0.1015685987262264,-0.4940560140127992,0.0271032453833333,-0.0292898391386514,-0.4337968224225321,-0.0781316856466666,0.0784273971439161,-0.7602646455613309,0.1898501152333332,-0.0700440492153103,-0.7483126274842503,0.1083424445566666,0.0598060832672846,-0.7866905162533717,0.2115079169333333,-0.0723097825609323,-0.7746513403091714,0.0863659136399999,0.105362958784299,-0.8185237617350332,0.1776308610666666,-0.0462532695279098,-0.8014906769721535,0.0080737091446333,nijmegen_nijmegen_rennen_g_ch1_g11_compr.mp4,ch1g11,2.7089185298836013e-05,0.0001963480766299,4.021475270690533e-05,0.0001441806555312,0.0001090415531265,0.0001887934017867,3.9908417498991126e-05,3.844768820785768e-05,6.354739362324779e-05,2.6124748924686328e-05,0.0001748491967066,5.149664630371276e-05,4.236074958469512e-05,3.982309345532932e-05,7.914737609859989e-05,5.05137882121527e-05,0.0001430451071392,0.0001994200451389,4.647373213874053e-05,4.385584122442151e-05,0.0001973062894849,4.376177691245738e-05,4.365351231530548e-05,3.4170555589346515e-05,0.0001008573235852,6.053411230145672e-06,3.950067650801996e-05,0.0001480174317538,5.096466319884972e-05,0.0002318078562043,5.315013122430001e-06,3.521025451541867e-05,0.0002120746000997,0.0002958278145678,0.0001110495722624,0.0003336718589109,0.0002586092373339,0.0002644107239181,0.0002668548960317,0.0003123186248982,0.0002987245671984,0.0003192702882786,-0.0002064867964915,7.583106322069586e-05,0.0001066388759153,0.000213091318254,-0.0009686496588731,0.0002080850506131,-0.0011813123458026,0.0004195844533565,0.0026245537756305,-0.0021649946043056,0.0035742308498891,-0.0026880177534141,0.0041970723940605,-0.002787060371798,0.0031273446232302,-0.0023033081663516,-4.488775097490231e-05,5.6810093336066686e-05,3.825910598224711e-05,0.0004271002181452,-0.0009976077749379,-0.0004683562795981,-0.0010274652533296,-0.0004948510618734,-0.0012199891391465,-0.0003707510212848,6.623014259435792e-06,-3.107860225680654e-05,9.46801220403716e-06,-9.936626522729416e-06,-1.7605713773766412e-05,-3.351588419638754e-05,9.52446579751522e-06,1.6454485399962428e-06,-5.206650354199487e-06,-5.560080513101818e-07,-3.875456022931666e-05,-1.3136351969392172e-05,9.698880484408036e-06,9.36862336749865e-06,-4.393973321389664e-06,-1.2799655211128538e-05,-1.81384668567497e-05,-4.583331872405254e-05,-1.2321718950469502e-05,9.727115408838538e-06,-4.2733462597960886e-05,1.0137826325936588e-05,9.68790325424825e-06,9.941858568883667e-06,-1.6375345399816148e-05,-7.344440919287789e-07,9.657419761680363e-06,-3.266943059214226e-05,2.042071050860496e-06,-5.3076790702368135e-05,-5.741842461135573e-07,7.382828937970925e-06,-4.135851049475366e-05,1.1037933438418792e-06,5.698168875461766e-06,4.233013381304043e-06,-1.5162123351887689e-06,7.494690964890054e-07,7.140031298928695e-06,4.205970621926626e-06,-2.5149229408443044e-07,-1.897141987650852e-06,-1.4912653564336836e-07,5.258947236138179e-06,1.7281532291141249e-06,4.5745491646994485e-06,4.305847644310133e-06,-8.857918385176377e-07,1.7858661908197791e-06,-3.243295310602732e-07,5.957502166277748e-06,1.6384914893055754e-06,4.4368717153273814e-06,1.12412725963137e-05,4.58332103616961e-06,4.428285946386483e-06,3.324259582771676e-06,1.0264726096216943e-06,-7.496747601587974e-08,3.444095693244885e-06,5.154175104018828e-06,7.311840413238676e-07,5.827732012060181e-06,-6.271476314612552e-08,2.0350689025125785e-06,9.042635260613337e-06,7.881508520754878e-06,movement,movement,no movement,no movement
5533.333333333345,0.0319741887193293,0.3057866804099368,-0.2856824700666667,0.0390887638261853,0.3238401559555299,-0.2794879199999999,0.0412694286938611,0.3245415202588533,-0.2686428660333333,0.0400087461256796,0.3241732123451488,-0.2724078368333333,0.0228908744098831,0.3327732918314018,-0.3060341299,0.0246241355175175,0.3309231950665309,-0.3193435903666666,0.0285272410234457,0.3213548080824294,-0.2989499077666666,0.0486152590553301,0.3350516829940796,-0.1661396279999999,-0.0532396460846668,0.2983010111440634,-0.2279121301666666,0.0451460571393589,0.3047662402481083,-0.2274310261999999,0.019053425362916,0.2774680188252769,-0.2736119620333332,0.0988054819503379,0.2286119815027028,-0.0193727242213333,-0.1337967483539063,0.2672065324087315,-0.0579452320366666,0.1340075131662499,0.0742027544826913,-0.0569020480566666,-0.1744677618483304,0.0192220842058013,-0.0962777874266666,0.1319823356498697,0.080655338307778,-0.1701464611333333,-0.0975850462850837,-0.0607807117144545,-0.1748668720999999,0.118447201478651,0.0925282905064801,-0.1888387025333333,-0.0502775624496555,-0.0708086418576588,-0.2255386100666667,0.1087190765356922,0.1161534797852495,-0.1964514265666666,-0.0200325245521194,-0.0193548501760558,-0.2327097386666666,0.1328030203327515,0.0788726823402604,-0.1764592970666666,-0.0801231121506401,-0.0434436307513744,-0.152628899,0.0721443801602454,-0.161206429439668,0.0575139169966666,-0.0698393530603579,-0.1689876629630549,-0.0565064308933333,0.1009128137491704,-0.4940877326931542,0.0272238035999999,-0.0291582625008478,-0.4333865068004951,-0.0790635473933333,0.0770983863647004,-0.7611219140654398,0.1890957707666666,-0.0703508805886777,-0.7488652853937623,0.1063814713566666,0.0583617354897212,-0.7875535625558637,0.2106825535333333,-0.0726688645061073,-0.7752408181648754,0.08430766021,0.10338202271842,-0.8195680171570439,0.1761220817333333,-0.0466795827267923,-0.8019063679306886,0.0054045882546333,nijmegen_nijmegen_rennen_g_ch1_g11_compr.mp4,ch1g11,3.544702964931942e-05,0.0001673779356706,5.264780009109086e-05,0.0001342068747399,9.316560771035312e-05,0.0001584240339641,5.242376400133904e-05,4.036434238505587e-05,5.7084548226112074e-05,2.6422290524522837e-05,0.0001350486606065,3.902635552313968e-05,5.523524005496738e-05,5.218627303840667e-05,7.35304616956689e-05,3.914111177099853e-05,0.0001256772118997,0.0001531978858838,3.4906460521292095e-05,5.665114735755833e-05,0.0001598051985476,5.7112054416736306e-05,5.646492192861448e-05,4.672778433044855e-05,8.614177335913175e-05,5.338233172997445e-06,5.179403816037042e-05,0.0001149950452044,5.380449243132114e-05,0.0001767723944805,4.761431610092687e-06,4.477967047712091e-05,0.0001740285841278,0.0002542782880931,9.29455007172512e-05,0.0002904510085226,0.000224934667294,0.0002308568992615,0.0002337516703953,0.0002687292241813,0.0002563615212973,0.0002770492019945,-0.0002062568384313,2.178335134721029e-05,8.81171145726249e-05,0.0001773317973895,-0.0008344845620215,0.0001311316702392,-0.0009111029869535,0.0003619913799059,0.002042626248314,-0.0013776282181284,0.0027303353008047,-0.0016699720485204,0.003218615535048,-0.0016897715172547,0.0024329964247387,-0.0014373955319469,-4.261637841041644e-05,5.389991532202791e-05,3.386546613692757e-05,0.0004324948818674,-0.0007735954236346,-0.0004444598215786,-0.0008014645664919,-0.0004826618211802,-0.001009612878139,-0.0004192146432643,7.252494972540811e-06,-2.3842393476258754e-05,1.3413374731564106e-05,-1.1125631583081312e-05,-1.635569364500496e-05,-2.453436298717604e-05,1.3431913468357796e-05,1.2663060212312616e-06,-6.987925076999409e-06,-7.479439457688204e-07,-3.227053185744574e-05,-1.0976469201785336e-05,1.4056366937557767e-05,1.339411544814704e-05,-5.125847867720245e-06,-1.0491758509990564e-05,-1.808019505622952e-05,-3.842209596616968e-05,-1.0316934119654712e-05,1.392275117651802e-05,-2.8859830130294507e-05,1.44074446636799e-05,1.38779527633354e-05,1.2830024375183518e-05,-1.4895121097920996e-05,-7.925315366265747e-07,1.2753187986467746e-05,-2.6329980013558947e-05,2.770906568238454e-06,-4.590662817202729e-05,-6.253595710991952e-07,9.192359892115444e-06,-3.0083808269483105e-05,5.130110006595831e-07,7.81361846487615e-06,3.3144671711944095e-06,-1.35102934994722e-06,1.891095843164155e-06,9.430752948247362e-06,3.271947615277124e-06,-4.665558102457035e-07,-1.278726244477946e-06,-3.207733699470818e-07,8.488978774214012e-06,2.4260285403120947e-06,3.646133856313193e-06,3.3832153710959807e-06,3.2418838235016725e-08,2.2883445772993097e-06,6.883268091263445e-07,9.656973008336482e-06,2.2829679160694407e-06,3.5147281244009523e-06,1.4292272504911306e-05,3.5816292192635043e-06,3.5067856838132493e-06,2.3890961887067176e-06,2.1133511266858027e-06,-1.3518885936065712e-08,2.5618130106607617e-06,7.771802749149747e-06,8.279798129044542e-07,1.042758290873604e-05,-1.6839519716168517e-08,1.4548917391607063e-06,1.209166180684677e-05,1.1103147426375836e-05,movement,movement,no movement,no movement
5550.000000000012,0.0308998627416023,0.3060983910474871,-0.2876524313666667,0.0380900726405382,0.324088769556106,-0.2813207022333333,0.0402747457212096,0.3247970935806343,-0.2704630806333332,0.0390061093774802,0.3244307919834744,-0.2742100071333333,0.0218232143227686,0.3330438643909147,-0.3079235931666667,0.0235746482069962,0.3311848655215452,-0.3212596561999999,0.0274560620667798,0.3216366415934159,-0.3008417691333333,0.048012187819557,0.3348491502712903,-0.1675933902666666,-0.0540846359828904,0.2982886637691984,-0.2291910515999999,0.0442379215651802,0.3048758177525908,-0.2291870033666666,0.0180663559332122,0.2776536987707845,-0.2754534070333333,0.098422631887123,0.2277723237784385,-0.0206010247646666,-0.134706373081246,0.2672501408510078,-0.0583694486,0.1346246578255268,0.0732440426891656,-0.0588146070666666,-0.1764992670995179,0.0194922398873791,-0.0958819435266666,0.1326140633041333,0.0824257883268571,-0.1729945339999999,-0.0999789166237167,-0.0618207753798059,-0.1747845292666666,0.1190560481543192,0.0948985896525324,-0.1920285578333333,-0.0526222469445395,-0.0720405636575139,-0.225509825,0.1094205031152492,0.119003236030396,-0.1999256938333333,-0.0220573227717166,-0.0205423927444214,-0.2328692238,0.1334944102204488,0.0810011197617382,-0.1794959430999999,-0.0822767037105619,-0.0445022981918034,-0.137270689,0.0720811051513283,-0.1612419754770372,0.0576635251533333,-0.0697733471516104,-0.1689407135571657,-0.0566904514166666,0.1002437682150165,-0.494030891255501,0.0274566716199999,-0.02903758782172,-0.4329731343681804,-0.0797741578166666,0.0759436849015438,-0.7616925654705584,0.1889993532999999,-0.0705796334837047,-0.7493715463770546,0.1048080244666666,0.0571044886438962,-0.7881419128389134,0.2105083991999999,-0.0729331731370257,-0.7757946678564621,0.0826708196766666,0.1015847725434319,-0.8203986237833373,0.1752591082666666,-0.0469783620041095,-0.8024018683541146,0.0032373611979666,nijmegen_nijmegen_rennen_g_ch1_g11_compr.mp4,ch1g11,4.399390267906866e-05,0.0001470772226948,6.893793382350098e-05,0.000122401301341,7.723073276249785e-05,0.0001384834788632,6.872989322485737e-05,4.144864695174493e-05,4.905776299498655e-05,2.5821932610411073e-05,0.0001053330520483,2.8312133583387715e-05,7.237662050603345e-05,6.847421110344926e-05,6.83305799077565e-05,2.919518943013461e-05,0.0001082031877827,0.0001183524827129,2.492453145076465e-05,7.355199721904246e-05,0.0001381518469568,7.481441798713113e-05,7.338139611462327e-05,6.203392140383103e-05,7.189207657109516e-05,4.407364877980483e-06,6.714692748882566e-05,9.101006296651664e-05,5.6807053763719754e-05,0.0001344062898392,4.020104474295207e-06,5.570134239921431e-05,0.0001495650046955,0.0002226335278373,7.609009752749938e-05,0.0002588045857202,0.0002025520157749,0.0002083897330973,0.0002113369761537,0.0002370169262457,0.000225403770502,0.0002453133959734,-0.0001852440190645,-1.621805620007568e-05,8.456202673498282e-05,0.0001551404123543,-0.0006680177744275,6.164180359496305e-05,-0.0005952150479234,0.0002969256685738,0.001441278426412,-0.0005876551699486,0.0018581138717557,-0.0006559401085836,0.0021762930630637,-0.0006239240455662,0.0017020908497189,-0.0005827023134619,-3.910835284132422e-05,4.939060660918508e-05,1.4686649801359969e-05,0.0004156673299101,-0.0005470633804914,-0.0004159353346466,-0.0005751957514758,-0.0004620980445105,-0.0008025366584393,-0.0004431148840434,7.447630800745477e-06,-1.4708715602995762e-05,1.6173422384460713e-05,-1.21475615322508e-05,-1.3621896698143347e-05,-1.3516367833221509e-05,1.6143009250625196e-05,8.106953287611236e-07,-8.014641542347264e-06,-1.212539453041746e-06,-2.27730053640302e-05,-8.177137223980742e-06,1.714918269297215e-05,1.6217982624024853e-05,-4.44934219414893e-06,-7.906361223729065e-06,-1.669638894380202e-05,-2.7378741976712985e-05,-7.707192815317233e-06,1.687746581056258e-05,-1.2341595957094328e-05,1.7393242161895755e-05,1.6836064358076776e-05,1.4656123238288742e-05,-1.1980034226883411e-05,-7.825702872208e-07,1.479136356811045e-05,-1.7725098300818126e-05,3.66735664310942e-06,-3.3935796418245e-05,-6.250425242471608e-07,1.0301790634282512e-05,-1.604585649683978e-05,-2.708239040318199e-08,9.105612968514485e-06,2.103660487859961e-06,-1.0301982468472118e-06,3.1203298528456505e-06,1.0712034539047736e-05,2.050857087248988e-06,-5.621520824351111e-07,-5.211849734090133e-07,-4.664380550457461e-07,1.1274051413566573e-05,3.0053932258317494e-06,2.3819202715682634e-06,2.160319201307786e-06,9.158936515405498e-07,2.685374734429097e-06,1.8838819214507605e-06,1.281795694506953e-05,2.816217448444467e-06,2.2768080092307433e-06,1.5799238687088248e-05,2.2637592826149164e-06,2.2676914387870007e-06,1.2797025926552705e-06,3.2342776917118136e-06,8.0289817768572e-08,1.4799753007804545e-06,9.97769510039235e-06,9.022910190180116e-07,1.4467422944799804e-05,5.736424792362891e-08,7.771361020287172e-07,1.385804626508998e-05,1.3578172066132909e-05,movement,movement,no movement,no movement
5566.666666666679,0.0294811311645182,0.3063654096915328,-0.2891858711,0.0367651229975174,0.3242987113555743,-0.2828463854333332,0.0389492445246205,0.3250133745207125,-0.2719811453666666,0.0376773739713412,0.3246501727334292,-0.2757357539,0.020414716655743,0.3332888187173405,-0.3093384008333333,0.0221755174764851,0.3314162065947409,-0.3226742472999999,0.0260401780104036,0.3218868584963127,-0.3022472493666666,0.0472833322073625,0.3346806835871777,-0.1690205802666666,-0.0550961744986616,0.2982769896404615,-0.2298566169333333,0.0430607776226775,0.3049840158454064,-0.2306635589333333,0.0168094170136734,0.277820315256999,-0.2767436280333333,0.0980183520610624,0.2272244494293139,-0.021663686858,-0.1356577189910101,0.2672828735154815,-0.0586633373733333,0.1353885698922071,0.0730359815767136,-0.0597579258199999,-0.1784672193578048,0.0197384015994591,-0.09569634706,0.13342091838256,0.0836365914964812,-0.1736501483333333,-0.1021680325273371,-0.0619930169702594,-0.1749131128666667,0.1198948103712016,0.096296881429662,-0.1927489972,-0.0547082891208312,-0.0721910890972986,-0.2255917635,0.1102392971413938,0.1205464951970381,-0.2008073160666666,-0.0239140378459484,-0.0206312623380272,-0.2330293407666666,0.1343237456383051,0.0823759064999409,-0.1802366753333333,-0.0842785423481865,-0.0446225230542537,-0.139498785,0.0720194898219839,-0.1612764812955613,0.0577905139666666,-0.0697092229599918,-0.1688964537157058,-0.0568440189333333,0.0995649859919848,-0.4940247243066055,0.0276967401299999,-0.0288966889675369,-0.4325737002682727,-0.0803355696199999,0.0749646626879744,-0.7621918642471197,0.1886673593999999,-0.0707887361778984,-0.7498238828254774,0.1035124457333333,0.0560417298151075,-0.7886794793252975,0.2100743071333332,-0.0731787844514783,-0.7763146787140605,0.0813241842433333,0.1000464816946057,-0.8211593090849991,0.1745431814999999,-0.0472465155586347,-0.8029686695690729,0.0015043765779666,nijmegen_nijmegen_rennen_g_ch1_g11_compr.mp4,ch1g11,5.1606112135322e-05,0.0001377409081975,8.747695075198934e-05,0.0001103058103033,6.390454920255356e-05,0.000131445838269,8.721256277039125e-05,4.194105819100777e-05,4.0717848023551856e-05,2.4199327421387783e-05,8.775826547288302e-05,2.070848090488201e-05,9.197167646529706e-05,8.709532795870452e-05,6.458467292808889e-05,2.208736182120921e-05,9.054284137808691e-05,9.714957849671634e-05,1.7871111919997283e-05,9.277203399954012e-05,0.0001353621510066,9.492801399568254e-05,9.257700156061528e-05,7.864032206312489e-05,6.052575579021944e-05,3.4238281889163307e-06,8.391108436161569e-05,7.786809219867066e-05,6.027103525617858e-05,0.000107477374744,3.2172563748770218e-06,6.681133224181737e-05,0.0001418469632701,0.0002034073482882,6.310898315798117e-05,0.0002293066071415,0.0001805690678039,0.000185800245292,0.0001889246104819,0.0002078429485478,0.000196904475904,0.0002157139734476,-0.0001636835692418,-4.568833954962978e-05,8.449100055577724e-05,0.0001380617434488,-0.0005033452398306,-1.397135754241752e-05,-0.0002985592617955,0.0002197987685564,0.0007820622490922,0.0002023045138651,0.0009314816297988,0.0003628938253236,0.0010578538683434,0.0004396314648224,0.0009003865010903,0.0002654380507209,-3.300815216986678e-05,4.197578120502974e-05,1.2705879302168584e-05,0.0003934364418684,-0.0003032934713509,-0.0003615448906346,-0.0003357204295037,-0.0004100933949916,-0.0005797559135832,-0.000425575347814,7.210738895220408e-06,-4.689844691063178e-06,1.7528091790213433e-05,-1.3132218492344908e-05,-9.745786638942506e-06,-1.7656331412786966e-06,1.743587968340036e-05,3.272207636183428e-07,-8.041540512130276e-06,-1.869693360078186e-06,-1.0101820806347202e-05,-5.112430937404804e-06,1.8739495142701913e-05,1.7612356417272788e-05,-2.4575381362977258e-06,-5.444422938815099e-06,-1.4147229356980558e-05,-1.272457953216238e-05,-4.833696598934979e-06,1.8374708199369063e-05,4.9313575741934365e-06,1.888416550472399e-05,1.8337566661320458e-05,1.531126475981701e-05,-8.017982792719349e-06,-6.767498378116413e-07,1.5668440517061894e-05,-6.765475370867011e-06,4.657595646671378e-06,-1.694915026894189e-05,-5.47263824063217e-07,1.0690289847040311e-05,-7.341213614268367e-07,-4.197622635584126e-07,9.439714530505666e-06,7.98354073991632e-07,-5.625885474774509e-07,4.253356337610428e-06,1.0838975752278425e-05,7.418561842276454e-07,-5.217289186165465e-07,2.368881893771831e-07,-5.268155859511748e-07,1.3243038689398926e-05,3.418103826021075e-06,9.900752597339767e-07,8.364931807907239e-07,1.5936104278779788e-06,2.966484319897603e-06,3.1727311523065633e-06,1.5030483731614869e-05,3.1932840705197174e-06,9.240558874651948e-07,1.5565764327996972e-05,8.446124385834031e-07,9.169692501069134e-07,1.7155304754801778e-07,4.218682885069527e-06,1.913071469261063e-07,3.710583708991366e-07,1.1485887899469691e-05,9.215631699624112e-07,1.7395861775090394e-05,1.4800117338223897e-07,1.1559409145533537e-07,1.4117286518146648e-05,1.4962951958962454e-05,movement,movement,no movement,no movement
5583.333333333346,0.0277941408123105,0.3065507390121801,-0.2907034133,0.0351667513623538,0.3244403960281175,-0.2843945812999999,0.0373477652592873,0.3251599497417263,-0.2735284332666666,0.0360772471696025,0.3247998094596031,-0.2772883227666666,0.0187252558674922,0.3334601380948168,-0.3107237584,0.0204847317841517,0.3315760561813302,-0.3240497158666666,0.0243456973407203,0.3220650207200403,-0.3036189072333332,0.0463625950276781,0.3345041987344439,-0.170518289,-0.0563295450950212,0.2982067429604833,-0.2304361136666666,0.041651306947914,0.3050327749602523,-0.2321798588666666,0.0153179356110465,0.277926770112383,-0.2779820739666667,0.0975781095190918,0.2268726262693491,-0.0227485311913333,-0.136773820473712,0.267210785916902,-0.0589275431566666,0.136344675087055,0.0731330643698763,-0.0602258613966666,-0.1802895680147876,0.0198706989652216,-0.09562843976,0.1344365082614381,0.0842956948163784,-0.1736127003666666,-0.1042112040971866,-0.0615087915001031,-0.1754285862333333,0.1209465345777479,0.0969460307704797,-0.1927305585,-0.0566187456922114,-0.0714325474236816,-0.2261015054,0.1111154727099799,0.1211683259012341,-0.2008573342999999,-0.0257641458895839,-0.0197696794027451,-0.2336282144666666,0.135278580066587,0.0830663157371843,-0.1802436520333333,-0.0861878640651498,-0.0440348287567356,-0.142352521,0.0719665574566004,-0.1613048613763149,0.0578762910133333,-0.069654966720638,-0.1688609214837762,-0.0569460476799999,0.0988525431195583,-0.4940161259057606,0.0279212892066666,-0.0287655133610598,-0.4321883222042338,-0.0806368688633333,0.0739828797731183,-0.7622683551758503,0.1888224590999999,-0.0709621507294719,-0.750052758063615,0.1030662602633333,0.054999843323022,-0.7887763079596234,0.2102195606666666,-0.0733851787978471,-0.7765921747337163,0.0809116162899999,0.0986321124585881,-0.821500522335587,0.1746341768666666,-0.0474820789825524,-0.8033542171735983,0.0009611559276333,nijmegen_nijmegen_rennen_g_ch1_g11_compr.mp4,ch1g11,5.7068946765227594e-05,0.0001395975221719,0.0001053828269046,9.78051334630104e-05,5.38549047350177e-05,0.0001371529672759,0.0001049917366142,4.177248332121833e-05,3.297372257780067e-05,2.1913204851572685e-05,8.543922472239028e-05,1.7397345443250868e-05,0.0001113403278802,0.0001051353535961,6.281256634835994e-05,1.8316088676439857e-05,7.533600029558844e-05,9.350166991943404e-05,1.469889493785288e-05,0.000111676037929,0.0001511628529489,0.0001141934453722,0.000111429911539,9.364355705603364e-05,5.246007383516166e-05,2.677471597371029e-06,9.947787555810242e-05,7.791562556616972e-05,6.458861830435875e-05,0.0001010314801641,2.6050119998921595e-06,7.714540150162458e-05,0.0001510983308879,0.0001976602527745,5.4480426385855775e-05,0.0001877781220276,0.0001436043358833,0.0001475652256276,0.0001512679179545,0.0001711414044411,0.0001609014872,0.0001787285068427,-0.0001626560272578,-7.143075031832894e-05,7.002197103805098e-05,0.0001146814849227,-0.0003563336597873,-0.0001000710800158,-4.879855140397032e-05,0.00012120059186,7.215772583330043e-05,0.0009654025103654,-3.308952164538269e-05,0.0013484653287066,-0.0001049820167472,0.0014685740156655,4.3890247618340954e-05,0.0010819211410899,-2.3230151477201597e-05,3.066057562838433e-05,5.237205570920668e-05,0.0003677310362216,-1.8855157488315105e-05,-0.0002794314115377,-5.724786473510945e-05,-0.0003261457514868,-0.0002975026779346,-0.0003654939565677,6.5621674877343275e-06,5.0456597601104865e-06,1.7556310463933976e-05,-1.3762251986321693e-05,-5.080663039597022e-06,9.283706102668298e-06,1.7401049397789602e-05,-2.3057547003363978e-07,-7.272084800649634e-06,-2.4859299468423232e-06,4.743485209013064e-06,-1.6523090428939366e-06,1.8887618124929765e-05,1.765779681137795e-05,-1.8670278443073297e-07,-2.747963492683204e-06,-1.0476195902629316e-05,4.157098568399816e-06,-1.5830989878798963e-06,1.848984863221702e-05,2.0622841317976467e-05,1.896827501628079e-05,1.8443556768390177e-05,1.4920199923313604e-05,-3.406304059058321e-06,-4.6206663313775426e-07,1.546938900611625e-05,5.731434729169112e-06,5.43238688217165e-06,3.38394173452263e-06,-3.791445100590165e-07,1.0346820504854912e-05,1.3909892567994128e-05,-6.058514382875676e-07,8.812243949093364e-06,-3.844796271341441e-07,7.520705087618008e-08,5.144664981120073e-06,9.840711665095971e-06,-4.357916383150027e-07,-3.470711913349988e-07,8.849231794920372e-07,-4.652002837455796e-07,1.4064600836097465e-05,3.5944065046377816e-06,-3.105338294527194e-07,-3.6634137545520434e-07,1.948611768718934e-06,3.1390675836960053e-06,4.361597166225288e-06,1.591880141969806e-05,3.35728838346229e-06,-3.2925590187970945e-07,1.3641887830323749e-05,-4.420530232674357e-07,-3.346218422942168e-07,-7.402257199981309e-07,4.940875752380492e-06,2.94956471682847e-07,-5.837944646539612e-07,1.20556192266345e-05,8.448843429346507e-07,1.86959193789166e-05,2.346933792157657e-07,-4.398981777982199e-07,1.286332645859779e-05,1.5059759037966824e-05,movement,movement,no movement,no movement
5600.000000000013,0.0256019178327925,0.3067496338363423,-0.2921425853333333,0.0331468112440669,0.3245967260547316,-0.2858759891999999,0.0353251669980378,0.3253196361397287,-0.2750159739666666,0.0340517203456907,0.3249626678858193,-0.2787735469333333,0.0165703073015392,0.3336395159616682,-0.3119222816666667,0.0183244294892059,0.3317475648730328,-0.3252274082666666,0.0221925228575758,0.3222555352344509,-0.3048028690666666,0.0453557816955746,0.3343745091825052,-0.1720363830333333,-0.0577562738546022,0.2981323936161426,-0.2305884919333333,0.0398953368315625,0.3051241630820663,-0.2336907715333333,0.0134465158339075,0.2780540050417471,-0.2790729562,0.0971792219034888,0.2266758400825498,-0.0237983275426666,-0.1379092821322713,0.2670907738154727,-0.0587558656366666,0.1373907000930721,0.0733771314463898,-0.0603926993299999,-0.1819858880509992,0.0199931978077442,-0.0954971798933333,0.1354048419125428,0.0841776394866766,-0.1730720976666666,-0.10621161629147,-0.0600331256868737,-0.1763199707333333,0.1219519894207897,0.09656573916959,-0.1921997950333333,-0.0585351372737002,-0.0694848512352713,-0.2271011518,0.1118553883492536,0.1206378215949579,-0.2003951772999999,-0.0276728347833559,-0.0176785145693514,-0.2346638342333333,0.136197292898617,0.0828382956856743,-0.1797033535666666,-0.0881006142917493,-0.0424267873665272,-0.133939922,0.0719246496332708,-0.1613261994077877,0.0578741949166666,-0.0696134504615428,-0.1688342355797623,-0.0569416771699999,0.0981340337411016,-0.4939946706524655,0.0282295952866666,-0.0287092431193628,-0.4317887045620432,-0.0806959244,0.0730983315170602,-0.7621244202738164,0.1898246272666666,-0.0710659805711926,-0.7502217053932119,0.1031240017666666,0.0540831788543506,-0.788668017681412,0.2113091727999999,-0.0735042942126506,-0.7768037181784881,0.0810254914599999,0.097365219032486,-0.8216199533762837,0.1757061132333332,-0.0477118637768167,-0.8036159008019003,0.0010636059356333,nijmegen_nijmegen_rennen_g_ch1_g11_compr.mp4,ch1g11,6.151027904891597e-05,0.0001508606103326,0.0001221281809078,8.385018339756061e-05,5.122940083261104e-05,0.0001534099647365,0.0001215475076429,4.190831786632491e-05,2.6191318443823032e-05,1.871808012723696e-05,9.6671920072454e-05,1.82921054713209e-05,0.0001295883345585,0.0001220367327645,6.404703015172766e-05,1.7865349911208657e-05,6.70590941150641e-05,0.0001051133712524,1.5371598059566276e-05,0.0001294798818258,0.0001814457278558,0.0001321010889459,0.0001291774430615,0.0001071112146386,5.151442150522505e-05,2.331646264811807e-06,0.0001137249045117,8.900952265558857e-05,7.038025752731447e-05,0.0001133049223106,2.3215424314327496e-06,8.646582177661292e-05,0.0001738861150773,0.000204485926656,5.375892158444824e-05,0.0001521129586136,0.000106493404714,0.0001092984192837,0.0001130079169024,0.0001368106904712,0.000128585210324,0.0001458145425164,-0.0001691595552404,-9.483864701390796e-05,5.743158432798936e-05,9.753739773487132e-05,-0.0002371381982717,-0.000196692033394,0.0001047843475148,1.802528524150946e-05,-0.0006896876509638,0.0016774623469433,-0.0010145547825132,0.0022817277996886,-0.0012718940827558,0.002434496141408,-0.0008547531119486,0.0018349495091398,-1.0256139974651829e-05,1.5964316221419497e-05,0.0001082318174426,0.0003206838820656,0.0002619024250954,-0.000188533970706,0.0002166836837643,-0.0002299292507743,-2.0439707859117935e-05,-0.000280842150467,5.797220559515328e-06,1.3197833057518002e-05,1.6283798984047316e-05,-1.3764667061146912e-05,2.7385707688878333e-07,1.818923075736716e-05,1.607520682576433e-05,-5.606950807495745e-07,-5.9355395900611685e-06,-3.1218157469091235e-06,2.0266778031679653e-05,1.9174921507171565e-06,1.7602733305558774e-05,1.6391095083531326e-05,1.977931990261994e-06,1.0804136063974313e-07,-5.853515726910957e-06,2.1533026345494724e-05,1.7511234553581775e-06,1.7229505969250073e-05,3.281722182732169e-05,1.757574305197805e-05,1.7165969855639727e-05,1.3538987068411354e-05,1.7139484202442234e-06,-1.211798803192411e-07,1.4211554786490172e-05,1.8779240677622544e-05,6.2681288559649166e-06,2.4398282063906024e-05,-1.0469277207637786e-07,9.51037278987233e-06,2.58206487876674e-05,-6.413024016998028e-07,7.370253543738189e-06,-1.3143336746735674e-06,8.991660405147543e-07,5.560336038105283e-06,7.930824776907123e-06,-1.351645473162965e-06,-9.173635950003936e-08,1.3452290420169042e-06,-2.568339053421581e-07,1.36550439523406e-05,3.5345724194942467e-06,-1.3601996169143176e-06,-1.3134131968579698e-06,1.887287917027524e-06,3.2101182585040824e-06,5.188787138823996e-06,1.5422627989725477e-05,3.3065706800199957e-06,-1.3330011815598377e-06,1.0414278852570933e-05,-1.450550537545055e-06,-1.3368384771360697e-06,-1.3893903047985316e-06,5.197455338963627e-06,3.723859721350013e-07,-1.2978870662216658e-06,1.1656348986307653e-05,6.328818951224664e-07,1.8205586539487728e-05,3.017439994096874e-07,-8.419649589528647e-07,1.0351038413664884e-05,1.394852910667479e-05,movement,movement,no movement,no movement
5616.66666666668,0.0232413062008681,0.3068421511602112,-0.2935241057333334,0.030971173016521,0.3246560827341755,-0.2872941485999999,0.0331419883530983,0.3253824677501487,-0.2764378825333333,0.0318692043060667,0.3250316641253105,-0.2801963445666666,0.0142787395345449,0.3337439000425348,-0.3130733437,0.0160210716409277,0.3318391916605717,-0.3263581113333333,0.0198969212228157,0.3223609250695835,-0.3059406740333332,0.0442531907255066,0.3342174894776747,-0.1735509678666666,-0.0592781745985167,0.2980171123819503,-0.2307789968,0.0379721538961872,0.3051589780649448,-0.2351331070666666,0.0114262810095707,0.278112897507795,-0.2801281501333333,0.0968044745720111,0.226498283912899,-0.0249706270536666,-0.1390437944027695,0.2668822328584281,-0.0585514897566666,0.1384684195041409,0.0735127658516721,-0.0605016187366666,-0.1833124325809023,0.0200184711879147,-0.0955359742933333,0.136346170904187,0.08293205256895,-0.1715068948333333,-0.1077700623806701,-0.0581216218493539,-0.1775292764333333,0.1229367641356115,0.0948256950589116,-0.1903596618333333,-0.0600109930034816,-0.0669282762526741,-0.2283503568666666,0.1124713543997433,0.1185377518125192,-0.1986020177666666,-0.0294349904835962,-0.0150106053125324,-0.2358768304666667,0.1370548971972814,0.0813772373084368,-0.1780669408333333,-0.0896872839782365,-0.0403372357499412,-0.135385931,0.0718876809311123,-0.1613444568424994,0.0577703608966666,-0.0695771414317791,-0.1688113781219751,-0.0568234441566666,0.0974479819622472,-0.4939558342543062,0.0284416800999999,-0.0286601991991455,-0.4314891573704378,-0.0806171125299999,0.0723143895357477,-0.7619340835297448,0.1905014777333332,-0.0709911104428853,-0.7504207615556249,0.1032119573333333,0.0532754986834922,-0.7885243050130146,0.2120490060333333,-0.0734360936645808,-0.777050730106144,0.0811446274866666,0.0962152589420562,-0.8217886077176055,0.1765082462333332,-0.0477301876347239,-0.8038911828531271,0.0013561563703333,nijmegen_nijmegen_rennen_g_ch1_g11_compr.mp4,ch1g11,6.657059423498788e-05,0.0001687676961737,0.0001368462530404,6.968478359303603e-05,5.4688304667295165e-05,0.0001767621043084,0.0001360223649404,4.1315214643827025e-05,2.0646289690842663e-05,1.509724090721815e-05,0.0001251308062392,2.255415291538804e-05,0.0001456152276961,0.0001368784560677,6.698080506966126e-05,1.9366440998517445e-05,6.424281398580831e-05,0.0001355825875663,1.9241835280805732e-05,0.0001451339939185,0.0002210258328957,0.0001479047335987,0.0001447609239208,0.0001188841592257,5.618402052600915e-05,2.4119527041438236e-06,0.0001263038003835,0.0001150624097796,7.704624141658741e-05,0.0001479769461372,2.3801873352957432e-06,9.466626636528874e-05,0.0002064383404118,0.0002259740930466,5.9387645074044466e-05,0.0001272214599495,7.909698114909634e-05,8.060402283823704e-05,8.474533387150068e-05,0.0001114683792311,0.0001057641351432,0.0001220917062058,-0.0001720260122104,-0.0001184056503115,5.187938678326662e-05,8.672259857430441e-05,-0.0001481805310705,-0.000304674074558,0.0001514245697319,-7.79109525714901e-05,-0.0015014865053446,0.0023525679215108,-0.0020190233104391,0.0031705997153903,-0.0024501765451689,0.0033406267659186,-0.0017899696030856,0.0025438938091089,5.400454543281017e-06,-1.1432447983260935e-06,0.0001946205873453,0.0002525449873184,0.0005587228458952,-8.849818349792094e-05,0.0005093265456031,-0.0001205900729653,0.0002938437628609,-0.0001855517867234,5.0185751727011585e-06,1.9967537583337706e-05,1.4314039833540148e-05,-1.2583906309334248e-05,6.1218013649546255e-06,2.5125275718040695e-05,1.4071171459902696e-05,-5.318115732744174e-07,-4.309525608264644e-06,-3.3663504632949687e-06,3.3848808520673384e-05,5.4739352010269385e-06,1.5539323774026922e-05,1.4413044737993808e-05,3.843081279668173e-06,3.331300989215474e-06,-3.3752546840317376e-07,3.6580253920447974e-05,5.0737323028739126e-06,1.522671522216316e-05,4.149222403836133e-05,1.5409257685496524e-05,1.515237073038294e-05,1.165050066777219e-05,7.157494342098732e-06,2.957953674348755e-07,1.239260425303094e-05,3.0287115233790615e-05,6.957721778485667e-06,4.2360821111079935e-05,2.360011280341098e-07,8.38364294821588e-06,3.500503565875582e-05,-6.286127202851508e-07,5.448600486186946e-06,-1.9257068584020685e-06,1.8228080078796144e-06,5.492191102132567e-06,5.530760753233524e-06,-1.942388863085113e-06,2.498861299412125e-07,1.560441668488983e-06,7.582835071451466e-08,1.1860445036539511e-05,3.292261710516634e-06,-2.0691665957924252e-06,-1.9354098623980637e-06,1.4811141261293382e-06,3.241417612116104e-06,5.593493417465853e-06,1.3425080005434208e-05,3.087413834999972e-06,-2.007999531453359e-06,6.550729853618663e-06,-2.1196710392763545e-06,-2.007475265956448e-06,-1.7664463815584973e-06,5.006470350765957e-06,4.09433360307031e-07,-1.7465548555623252e-06,1.012890195381877e-05,3.099572003840106e-07,1.5798852446809504e-05,3.371632036173738e-07,-1.075641321396381e-06,7.108171549695835e-06,1.1738749087375549e-05,movement,movement,no movement,no movement
5633.333333333347,0.0206910510242505,0.30691203133558,-0.2955370877,0.0286575660937143,0.3246829289827824,-0.2893471381999999,0.0308123972449074,0.3254083411362828,-0.2784880408999999,0.0295388361865627,0.3250619753904065,-0.2822332160666666,0.0117969048584731,0.3338023711290839,-0.3147899058,0.013525459843662,0.331896377122633,-0.3280716216666666,0.017413586854953,0.3224344628897024,-0.3076542082333332,0.0431459691736502,0.3340271708227086,-0.1755441779666666,-0.0609011729669926,0.297867918769819,-0.2310164294333333,0.0359218421973747,0.3051757369998135,-0.2371987651333333,0.009244641363634,0.2781602442363298,-0.2817694246333334,0.0965176706719371,0.2263490189661729,-0.0265179228869999,-0.1402930994463774,0.2665191857537095,-0.05828003195,0.1397612132152914,0.0735887092466536,-0.0607064511899999,-0.1843146055078665,0.0198789688347703,-0.0963055695933333,0.1373490310790756,0.0810080099986843,-0.1704701281666666,-0.1091495464618882,-0.0553738969690632,-0.1813758323666667,0.1239368493864817,0.092303957705096,-0.1891669868,-0.0614659697212657,-0.0631700038799944,-0.2326812412666666,0.1130364132057787,0.1155051053485713,-0.1973255748666666,-0.0313404411430282,-0.0110304392403144,-0.2400555333,0.1379132603546346,0.0790791780408539,-0.1769574391,-0.0911920530384793,-0.0373733640927394,-0.136075556,0.0718735524670173,-0.1613323599070195,0.05756268366,-0.0695701555131308,-0.1688185501874611,-0.0565739908966666,0.0968344718875629,-0.4937061745510927,0.0293119381533333,-0.0286715301209361,-0.4312950041565083,-0.0796725034566666,0.0718013112518874,-0.7612623665799197,0.1932260397999999,-0.0708063671291671,-0.7505196031897986,0.10489280085,0.0527979594604059,-0.7879230147504804,0.2150167734333333,-0.073221405963205,-0.7771685496146675,0.0829444833599999,0.0956711068337393,-0.8214027094882197,0.1793620416333332,-0.0476907883615969,-0.8040644512143496,0.0030735274596666,nijmegen_nijmegen_rennen_g_ch1_g11_compr.mp4,ch1g11,7.131962096875699e-05,0.0001911921386423,0.0001496281008651,5.7014380771515785e-05,6.610614135732573e-05,0.0002046354117055,0.0001485293631237,4.032349775407088e-05,1.7004269422411175e-05,1.1414725594858346e-05,0.0001665396140723,3.0418102385482937e-05,0.0001595608904236,0.0001497414894014,7.235356685035792e-05,2.39373132065853e-05,6.851582329393565e-05,0.0001804222602741,2.6447189140072364e-05,0.0001588127391169,0.0002664801032266,0.0001617031163595,0.0001583307625448,0.0001290835540452,6.813162103533534e-05,3.0923013250914064e-06,0.0001372905192335,0.0001517825881684,8.44588021441126e-05,0.0002002209619555,2.9370906262073696e-06,0.0001019047741412,0.0002452198629852,0.0002609177383783,7.308468785124084e-05,0.0001030719130158,5.108599389172371e-05,5.112603222274062e-05,5.540896908805424e-05,8.262109922622075e-05,8.147998298968345e-05,9.73834767040302e-05,-0.0001883033521305,-0.0001548273705762,3.9491633494668105e-05,7.113847180662809e-05,-0.0001037219889348,-0.0004348522010244,7.974826655375412e-05,-0.0001932577892792,-0.0023424375629445,0.0029790023635718,-0.003017254937389,0.0040121256503454,-0.0035903862927702,0.0042113548087551,-0.0027363951265236,0.0032056350313988,2.3851548642562743e-05,-2.0817767117136832e-05,0.0003188441245353,0.0001870518857387,0.0009211612677401,6.075354678264312e-05,0.0008719110597022,4.309772422700069e-05,0.0006785928497951,-2.0304101040664236e-05,4.432979690996665e-06,2.4244761767551e-05,1.2020154303059047e-05,-1.0249451758473652e-05,1.196755299005424e-05,2.905654820051362e-05,1.177500941880104e-05,-1.3502554400791112e-07,-2.626406962427464e-06,-3.0990239606205744e-06,4.45852132618388e-05,8.975932093713573e-06,1.3029882824725428e-05,1.210745245298936e-05,4.8513121638036265e-06,6.9131755616971555e-06,6.07702739588176e-06,4.8610095603502786e-05,8.34803557199498e-06,1.280193459805325e-05,4.5243200589932414e-05,1.2834489330793048e-05,1.2721554756270298e-05,9.606257418870847e-06,1.2373917020220496e-05,7.812595448200955e-07,1.0310203018690885e-05,3.955969059589959e-05,7.213159592227238e-06,5.637938399425121e-05,6.323550051910158e-07,7.142834212370573e-06,3.98858493745473e-05,-5.928874645907877e-07,3.365166334036027e-06,-2.2164883322620596e-06,2.712445566923645e-06,4.9189894702987595e-06,3.0203457854671925e-06,-2.20885647808174e-06,6.153681474387633e-07,1.5142922911810505e-06,4.891905706963203e-07,8.914777324933348e-06,2.8822230079288536e-06,-2.426080084695785e-06,-2.2291588651398527e-06,7.923559151785031e-07,3.167666985789196e-06,5.513194410189011e-06,1.0188432856746983e-05,2.714306876361258e-06,-2.348060523147018e-06,2.6089691758848056e-06,-2.4396292271379153e-06,-2.3395205757562636e-06,-1.8898026213667136e-06,4.365002032756857e-06,3.958083310511237e-07,-1.9375352644021955e-06,7.661743698235958e-06,-1.0511208317075688e-07,1.181637849864615e-05,3.315462875818008e-07,-1.1676703670219736e-06,3.638962448322345e-06,8.832431703841813e-06,movement,movement,no movement,no movement
5650.000000000014,0.0178802872351525,0.3069874358133023,-0.2973479363999999,0.0261121086781221,0.3247126435007155,-0.291175915,0.0282451146137679,0.3254374211270585,-0.2803177743333332,0.0269724949207587,0.3250946883363744,-0.2840342697666667,0.0090787134504054,0.333864010957429,-0.3161405142666667,0.0107835704729051,0.3319566819473749,-0.3294130748666666,0.0146882087833531,0.3225111118150325,-0.3090107930333332,0.041971759632034,0.333822177208296,-0.1773081178333333,-0.0626398201761866,0.2977202126897331,-0.2306668422,0.0336755964163382,0.3051967626161402,-0.2391570131666666,0.0068451699668447,0.2782134675490956,-0.2831344445,0.0962436153934669,0.2262115277349232,-0.0279382439546666,-0.1416629079522775,0.2660579274822821,-0.0574521576466666,0.1410442311595728,0.0735816746558839,-0.0602206362666666,-0.18506371872544,0.0196618944871927,-0.0971598620933333,0.1382763921053202,0.0781131048098964,-0.16783591034,-0.1103453448372491,-0.0520529774382708,-0.1850640619666667,0.1248031393279518,0.0886635375946483,-0.1861867505766666,-0.0627876818584819,-0.0586935189006561,-0.2367688041333333,0.1134197626387734,0.1111626780120883,-0.1944322608533333,-0.0332652476093152,-0.0063831595504103,-0.2439488381666666,0.1386483183648479,0.0757084798600891,-0.1742221764966666,-0.0925507471864645,-0.0338295142047702,-0.137040034,0.0718829389342424,-0.1612972431412465,0.05726872634,-0.0695904231048009,-0.1688500191981157,-0.0562221299033333,0.0962995052060858,-0.4933235932008498,0.0301927679566666,-0.0286604440565916,-0.4311815377428949,-0.0786159672933333,0.0713752348545851,-0.7602653558141784,0.1964201757333332,-0.0704084356070219,-0.7504556621234467,0.1071245666533333,0.0524204164038192,-0.7869953623653609,0.2185044309333333,-0.0727673460731839,-0.777112769910848,0.0853346571866666,0.0951590898694585,-0.8206469392036508,0.1825898675999999,-0.0474617853591406,-0.8040320230820381,0.0052661603216666,nijmegen_nijmegen_rennen_g_ch1_g11_compr.mp4,ch1g11,7.658900158110097e-05,0.0002177663651276,0.000159847011945,4.764923365069088e-05,8.030392828445895e-05,0.0002360546470699,0.0001584944754621,4.03753485484563e-05,1.5375628112901796e-05,8.709447193009508e-06,0.0002173244847244,4.0850505627207154e-05,0.0001706844222069,0.0001599627866192,7.870314378653558e-05,3.220254055991664e-05,7.771356123708291e-05,0.0002361535881856,3.612115251397754e-05,0.0001698352293327,0.0003146643092805,0.0001729025443792,0.0001692901368493,0.0001378733379801,8.25297141677354e-05,4.154551183040349e-06,0.0001468074389357,0.0001963302072033,9.222419324074407e-05,0.0002653903340741,3.807851571645791e-06,0.0001089957199105,0.0002882372743791,0.0003072985101668,9.008824218257416e-05,7.787618179298052e-05,2.1472852249564893e-05,2.0593462026048545e-05,2.3911307949269592e-05,5.131994721212768e-05,5.639261696894089e-05,7.163821561990318e-05,-0.0002210766443315,-0.0001991314481814,1.854806987084179e-05,5.062086895961531e-05,-0.0001026828351302,-0.0005808769759066,-8.656386969901474e-05,-0.0003102515910977,-0.003199547257938,0.0035371728726798,-0.0040150261460987,0.0047683790395822,-0.0047097281094695,0.00499423156507,-0.0036837233309697,0.0037991403156751,4.3415412670259133e-05,-4.102121163722216e-05,0.0004556291573124,0.0001279106506489,0.0013058204053824,0.0002192940543369,0.0012633793911447,0.0002153733484806,0.0010913156848162,0.0001505933850104,3.989910596953578e-06,2.6119429819513415e-05,9.698973648000436e-06,-7.025207418836521e-06,1.6958939109644235e-05,3.032132963435852e-05,9.474521200226244e-06,6.04302694516972e-07,-1.2081333857481728e-06,-2.3285516954259113e-06,5.1452954234233413e-05,1.1749419302786792e-05,1.0461217637741344e-05,9.771411166203136e-06,5.081984891093662e-06,1.0271403885690258e-05,1.2042906540955677e-05,5.650277848814914e-05,1.0955483357044547e-05,1.0324453188258216e-05,4.513262282445229e-05,1.0228720950421117e-05,1.0254585412403976e-05,7.65308631027425e-06,1.6684990923658576e-05,1.2186993793219524e-06,8.258992079420674e-06,4.564594946605326e-05,6.953672455198054e-06,6.505454686628636e-05,1.0009276663374245e-06,5.966183880649653e-06,4.102213523817415e-05,-5.900303067370136e-07,1.3621784901411358e-06,-2.2325698293631007e-06,3.4193513440001503e-06,4.0888054512280925e-06,7.003803910631119e-07,-2.201503325475092e-06,9.177899264247208e-07,1.2276319326781283e-06,8.938241401041218e-07,5.205238668777676e-06,2.365687717250881e-06,-2.4712267472492076e-06,-2.240537936148216e-06,-5.9003437235632065e-08,2.9374350560582857e-06,5.059612868270647e-06,6.125294515512208e-06,2.238681911898447e-06,-2.394592319672179e-06,-9.064296618638324e-07,-2.458151531345314e-06,-2.3789493247123005e-06,-1.8254284499092089e-06,3.515248751728785e-06,3.38049250289356e-07,-1.9300236749246913e-06,4.548946559753322e-06,-5.695258049546879e-07,6.821171832965635e-06,2.8982996635142553e-07,-1.1866376483944882e-06,3.797053697892967e-07,5.851827924829644e-06,movement,movement,no movement,no movement
5666.666666666681,0.0149983581736816,0.3070186540744333,-0.2989851170333333,0.0234705459438714,0.3246845100258374,-0.2928857407666667,0.0255745997800983,0.325407914813349,-0.2820302952666666,0.0243040788624373,0.325068475869267,-0.2857136564666666,0.0062629317379169,0.3338657146749981,-0.3173166311333333,0.0079409326580803,0.3319668992817371,-0.3305808887999999,0.0118605046380857,0.3225351152295288,-0.3101909500999998,0.0407478460172706,0.3335598450510407,-0.1789883871666666,-0.0644197870338501,0.2974938016848704,-0.2301526607666666,0.0313878039229902,0.3051772283706158,-0.2409887677,0.0044014877522807,0.2782307647384167,-0.2843250264,0.0960336618844095,0.2261141140906399,-0.0293468485139999,-0.1430690475014159,0.2654149539001685,-0.0565292183399999,0.1423594908493363,0.0734602880309888,-0.0596335865199999,-0.18558974193222,0.0193010391744883,-0.0984350055933333,0.1391559315018724,0.0745252866307276,-0.1646701063633333,-0.111477794557559,-0.0482230899102602,-0.1900257413666667,0.1255535196390363,0.0842081899422195,-0.18256688574,-0.0640851808055735,-0.053557356914415,-0.2421854874666666,0.1136203657096851,0.1059712620521911,-0.1909035742399999,-0.0352514708942744,-0.0010241754654558,-0.2490648950666666,0.1392718382324777,0.0715993010280777,-0.17093438665,-0.0938675839258714,-0.0297408706666201,-0.128819272,0.0719137477325906,-0.1612438331022392,0.0569145932933333,-0.0696367241587612,-0.1689013748955221,-0.0558001064166666,0.0959094958339325,-0.4927647072813551,0.0312944577399999,-0.0285958984661422,-0.4310755619035948,-0.0773516277333333,0.0711238654685405,-0.7585508385797001,0.2006966261999999,-0.0696762022009672,-0.7500275332340512,0.10971889807,0.0522387045811545,-0.7853054822992614,0.2231717368999999,-0.0719388043666134,-0.7766674491355807,0.0881014757333333,0.0947587195547772,-0.8191073495846665,0.1871172148999998,-0.0468095023031107,-0.8036773003075033,0.0079444953436666,nijmegen_nijmegen_rennen_g_ch1_g11_compr.mp4,ch1g11,8.06694818191314e-05,0.0002441894425402,0.0001679252578086,4.197175263463416e-05,9.907417654443888e-05,0.0002658742791371,0.0001663597721105,4.155495276138398e-05,1.5183448203701851e-05,6.8862511522975265e-06,0.0002718493898421,5.218427320744638e-05,0.0001792145663114,0.0001680800950926,8.480679152032557e-05,4.279849975634903e-05,9.173875740887216e-05,0.0002965436339431,4.6920122130211656e-05,0.0001783241293882,0.0003576219553732,0.0001813384514953,0.0001777070484218,0.0001444504529806,0.0001009933916409,5.469788013355973e-06,0.0001537141183064,0.0002440040461139,9.91817085048471e-05,0.0003367667253259,4.888799300047162e-06,0.0001143842981114,0.0003288264624921,0.0003579389309299,0.0001113605092294,3.112235894127916e-05,-2.422306079473369e-05,-2.5983278929346063e-05,-2.298549006530936e-05,1.2512539736414392e-06,1.2938621271085284e-05,2.7614391723952856e-05,-0.0002623040040614,-0.0002613272125236,-2.113224635093552e-05,8.532306497130382e-06,-0.0001344635298391,-0.0007359777750146,-0.0003105244343996,-0.0004330465290343,-0.0040902902251648,0.0040188376932862,-0.0050377969883168,0.0054310566548395,-0.005827389084486,0.0056862010688805,-0.0046510828761384,0.0043163684380515,6.248070761231631e-05,-6.016451869721672e-05,0.0005781463748355,6.838822085119158e-05,0.0016916103700314,0.0003643308718428,0.0016646995398177,0.0003725241792843,0.0014979650679458,0.0003002537784947,3.610236527058642e-06,2.6040567902738048e-05,7.615255561955632e-06,-3.0610507294308654e-06,2.0350452058958917e-05,2.944889768696354e-05,7.434367547949403e-06,1.7103745961563554e-06,-1.622300625095987e-07,-1.1533639505794482e-06,5.43605477159393e-05,1.3757374654092386e-05,8.144584704531458e-06,7.673921033766418e-06,4.538426170867353e-06,1.3083156389649216e-05,1.665557277852614e-05,6.012300905437726e-05,1.2852263697648009e-05,8.086521074094182e-06,4.1951335548902735e-05,7.958919607036876e-06,8.043324402567755e-06,6.043451470020319e-06,1.946094955778708e-05,1.557774297799057e-06,6.534244327795332e-06,4.837997707181472e-05,6.2189928746268275e-06,6.850296409151031e-05,1.296765657200613e-06,4.957502530835798e-06,3.9137723410357586e-05,-5.91163862101564e-07,-2.602799705540885e-07,-2.0708358077180685e-06,3.854687041437158e-06,3.0459735659598695e-06,-1.0791791779236985e-06,-2.0213240065983497e-06,1.1078454732485475e-06,7.803423641041172e-07,1.2332448815210362e-06,1.247667776518952e-06,1.8215631838322849e-06,-2.2958501980250488e-06,-2.072299664564289e-06,-9.092797834725234e-07,2.56938557156494e-06,4.275076507218815e-06,1.7893816575641945e-06,1.7299096517688276e-06,-2.231834872819161e-06,-3.45313367317963e-06,-2.2601999829211125e-06,-2.210022949613865e-06,-1.6297525217186203e-06,2.51004490764608e-06,2.446295898310432e-07,-1.7621035949155712e-06,1.2052090386657928e-06,-9.962789408758106e-07,1.5039364275614522e-06,2.1799716137591417e-07,-1.1260207538294078e-06,-2.177824828610182e-06,4.147972565243019e-06,movement,movement,no movement,no movement
5683.333333333348,0.0119106029764054,0.3070378542376535,-0.3006782197333333,0.0206216302152259,0.3246339254855021,-0.294702391,0.022691190052157,0.3253547178471583,-0.2838425158666667,0.0214217440968512,0.3250188739678064,-0.2874845263666666,0.0032225987960239,0.3338464075789282,-0.3184590584666666,0.0048774860177974,0.3319624844353158,-0.3317287758999999,0.0088032616302997,0.322546270822319,-0.3113340547333332,0.03939415805547,0.3332722287982363,-0.1809023966,-0.0663031216822458,0.2972161278672585,-0.2294910646333333,0.0289455003689118,0.3051411607102768,-0.2429655661999999,0.0017977226348068,0.2782322018142854,-0.2855549930666666,0.095868370735864,0.2259719215975288,-0.0312832379589999,-0.1446098519350155,0.2645840731755969,-0.0555507325066666,0.1437055404060254,0.0729298359759914,-0.0590643345899999,-0.1860046575723614,0.0187448520114502,-0.1006198451266666,0.1400724587280861,0.0699336173250921,-0.1618644725333333,-0.1125096536426051,-0.0440122780493046,-0.1968321984333333,0.1263391046358509,0.0786905536203285,-0.1792759148633333,-0.0653432473723325,-0.0478605614630027,-0.2495896782666666,0.1138089781615561,0.0996605164029683,-0.1877379596499999,-0.0372995254317403,0.0049487433877164,-0.2560723126333333,0.1398998907604587,0.0664359319197174,-0.1680081346133333,-0.095134829744319,-0.0252225195986946,-0.147061616,0.0719760393127879,-0.1611625941917683,0.0564895719433333,-0.0697209577079447,-0.1689818138858635,-0.0552947652566666,0.0956770835542873,-0.4920478180791786,0.0326169984433333,-0.0285267133984831,-0.4309972446380151,-0.0758505775766666,0.0710718456750553,-0.7566375302227258,0.2053352081666666,-0.0687123104332827,-0.7495360147060436,0.1124065750633333,0.0522723076326279,-0.7834169331223729,0.2282241384999999,-0.0708391337265934,-0.7761573181883886,0.0909391771233333,0.0945823421319984,-0.8173021586513821,0.1919081771333332,-0.0459587917073202,-0.8032349886204154,0.0105131731709999,nijmegen_nijmegen_rennen_g_ch1_g11_compr.mp4,ch1g11,8.433770091063813e-05,0.0002697835378005,0.0001744611714479,4.0122757238309234e-05,0.000122394975632,0.0002941090322301,0.0001727448806988,4.280480949810933e-05,1.6473570495610892e-05,6.3022196632181485e-06,0.0003278860208532,6.655457927194988e-05,0.0001859753837134,0.0001746750020469,8.879351937648141e-05,5.645831410563739e-05,0.0001109848914549,0.0003583803483459,6.050274585541328e-05,0.0001851137514861,0.0003967526253185,0.000187922602304,0.0001844428180211,0.0001496917925691,0.0001230657041274,7.119299968263812e-06,0.0001592171094721,0.0002931405661865,0.0001049694460785,0.0004081481575553,6.256070275135609e-06,0.0001188739494156,0.0003664588455409,0.0004101325072997,0.0001371340577261,-4.651992935989159e-05,-9.397984920219437e-05,-9.594145194755286e-05,-9.294547198669922e-05,-7.302782526577811e-05,-5.508214374673008e-05,-4.1288459817946294e-05,-0.0003181422281079,-0.0003347103781703,-8.53071590050974e-05,-6.0701746156595766e-05,-0.0001851322936173,-0.0008878216725048,-0.0005334882894728,-0.0005494828649335,-0.0049137337114605,0.0044353734475339,-0.006013430906436,0.0059974867094769,-0.0068856627265153,0.0062828805733316,-0.0055441256069241,0.0047693815260974,7.850327774684191e-05,-7.625524052300056e-05,0.0006663545955825,2.2119324177182727e-05,0.0020827665739223,0.0005132424610971,0.0020792403153947,0.000530369660101,0.0019069930937237,0.0004417696634075,3.2382464473491053e-06,2.4523418278679795e-05,5.8409870627088585e-06,1.0416804471211382e-06,2.2552876360762814e-05,2.7062809156804236e-05,5.727005817334192e-06,2.919637809256669e-06,3.894297240183997e-07,3.4790503756402864e-07,5.298648450862465e-05,1.4893788088239398e-05,6.135475708978209e-06,5.900991728441925e-06,3.138521076622278e-06,1.5331870110298126e-05,2.019792269497993e-05,5.921832047960525e-05,1.3969428135186428e-05,6.1282112774333e-06,3.6662234210941374e-05,6.02461547244151e-06,6.118065717895687e-06,4.7522599667459015e-06,2.1156239001487765e-05,1.7273841684505935e-06,5.073941622535703e-06,4.739926174264105e-05,4.8990484694091e-06,6.667556651900384e-05,1.4557976767519312e-06,4.079037810864409e-06,3.5090451494733925e-05,-6.272347331202408e-07,-1.398013297802636e-06,-1.8333769378625777e-06,3.935680738155296e-06,1.873677703792498e-06,-2.235206893150228e-06,-1.7732770362754635e-06,1.179709951544323e-06,2.582386868999737e-07,1.420894067879506e-06,-2.5371978119175936e-06,1.2124168705394291e-06,-2.0140925141907303e-06,-1.8291452747323935e-06,-1.5934395858204645e-06,2.0079335341072824e-06,3.2183490807059676e-06,-2.342385896911684e-06,1.1521210022145402e-06,-1.9695733315669146e-06,-4.947868972618218e-06,-1.9617312712008627e-06,-1.944056813609457e-06,-1.4028010478581306e-06,1.442445696706281e-06,1.2381184828452769e-07,-1.537364223700805e-06,-2.040310954025803e-06,-1.3256243856663855e-06,-3.4544259930768497e-06,1.218028331347142e-07,-1.0423913298870542e-06,-3.86994071250499e-06,4.9138521097299005e-06,movement,movement,no movement,no movement
5700.000000000015,0.0087251218754596,0.3070050162144965,-0.3023675007999999,0.0176771912698138,0.3245461489157401,-0.2965070120333333,0.0197129812875272,0.3252644919020431,-0.2856483429,0.018449423220072,0.3249324373174657,-0.2892503973999999,7.814300480330253e-05,0.3337718952669363,-0.3195861832999999,0.0017055157885061,0.3319103406969367,-0.3328559911333332,0.0056456291270563,0.3225083331903421,-0.3124594867666666,0.0379711797777948,0.3329365991159872,-0.1827358483999999,-0.0683093475797154,0.296850539201791,-0.2288329185666666,0.0264064967374328,0.3050621413664678,-0.2448787074,-0.0009005163821828,0.2781772239135196,-0.2868025520666667,0.0957205782147091,0.2257425212782265,-0.0331408292566666,-0.1461979130106429,0.2635763924059845,-0.0546084271566666,0.1450058881000178,0.0722176258040275,-0.0584367947233333,-0.1862230327337518,0.0180969824955597,-0.1026578250433333,0.1409787122261156,0.0647012272821595,-0.1579164372033333,-0.1133931136304589,-0.0393762906008841,-0.2030471409666666,0.1271077784455239,0.0723189983995628,-0.17461840511,-0.0665272862853275,-0.0415716686048567,-0.2564530090666666,0.1139643801756324,0.0924475299108987,-0.1832033183533333,-0.0393629843658949,0.0116125949298966,-0.2627107809333333,0.1405077625576165,0.0605769975051913,-0.1639004481233333,-0.0963128222923289,-0.0202011260826428,-0.172058448,0.0720807816076541,-0.1610702336203549,0.0560374534533333,-0.0698542941782082,-0.1690724553446363,-0.0547583557399999,0.0955277827883707,-0.4912647433807199,0.0339743170899999,-0.0284519998555488,-0.4309417538351617,-0.0742538185266666,0.0711890736284034,-0.7543211070885532,0.2098111886666666,-0.0676883913056412,-0.7488865184410376,0.1150358911799999,0.052489937735522,-0.7810860769808959,0.2330686023666666,-0.069684997383663,-0.775488315377664,0.0936685726666666,0.0945928862025548,-0.8151425527621431,0.1965414900666665,-0.0449372060530237,-0.8027048806174429,0.0128294899509999,nijmegen_nijmegen_rennen_g_ch1_g11_compr.mp4,ch1g11,8.692859005107392e-05,0.0002925931603917,0.0001796167695432,4.335033542576594e-05,0.0001461211708113,0.0003185118303744,0.000177790500733,4.6312092752791504e-05,1.7437619262810443e-05,7.184652543514728e-06,0.0003813805605686,8.298782701283011e-05,0.0001914090717451,0.0001798917716219,8.965900546297457e-05,7.374479654414273e-05,0.0001333604233362,0.0004176899808415,7.587239803734703e-05,0.0001905773238293,0.0004285157204317,0.0001932212411962,0.0001898849238391,0.0001537997581176,0.0001449534246782,9.003920923168477e-06,0.0001637155237647,0.0003411929265953,0.0001094215655076,0.0004740880541186,7.846984413871764e-06,0.0001226005962332,0.0003977217937325,0.0004603708934205,0.0001636096455282,-0.0001499510074083,-0.000183715762008,-0.0001857140096968,-0.0001821397806091,-0.0001673519475863,-0.000143619632158,-0.0001305060694738,-0.0003805950889764,-0.0004150791250639,-0.0001673663797557,-0.0001510737799871,-0.0002384157683168,-0.0010243696107895,-0.0007027047601273,-0.0006525386236293,-0.0056449813485105,0.0048227270449987,-0.0069047034995162,0.0065167457954713,-0.0078378791227993,0.0068423437652503,-0.0063367029317937,0.005195994609963,9.155960999734926e-05,-8.930897525520216e-05,0.0007341508536426,-1.5891518554365698e-06,0.0024342662566947,0.0006725364120934,0.0024533792627681,0.0006965758131,0.0022915888299026,0.0005794360776321,2.654239308810764e-06,2.2369460265463934e-05,4.415893707916403e-06,5.064750931348721e-06,2.3352282713224938e-05,2.408357899961719e-05,4.368521941587257e-06,4.077594757916207e-06,3.638478889325746e-07,1.912023572007031e-06,4.850712423424317e-05,1.557090835175686e-05,4.539958850607799e-06,4.4842828266089715e-06,1.2052573592342378e-06,1.6945235819129087e-05,2.236884674788581e-05,5.4798483762757933e-05,1.4633580785252314e-05,4.562055889790926e-06,3.079262920206757e-05,4.533422294133971e-06,4.584431638415552e-06,3.7236798259288017e-06,2.162314757841093e-05,1.7347524075632972e-06,3.895687531566719e-06,4.369689864919891e-05,3.201382635555009e-06,6.0720775358509095e-05,1.4841326456666827e-06,3.194534357904494e-06,3.019898629643699e-05,-6.973058002870045e-07,-2.015461099998146e-06,-1.5928946007177771e-06,3.592033715257154e-06,7.531895359858157e-07,-2.752514710175545e-06,-1.530452886288921e-06,1.0403578259733874e-06,-2.020612011168661e-07,1.435743168312542e-06,-5.728089158196769e-06,6.212921819198043e-07,-1.7145526162828962e-06,-1.5852968886161392e-06,-1.9908924976164664e-06,1.289875349193166e-06,2.005072856671727e-06,-5.827918128807724e-06,5.925748661975837e-07,-1.6896048640249194e-06,-5.387215427919116e-06,-1.6567593102666262e-06,-1.664875898186158e-06,-1.2133229425853043e-06,4.718305465622794e-07,-7.292301394116661e-09,-1.3284433096363593e-06,-4.857074592120967e-06,-1.5358674555195645e-06,-7.481074754992297e-06,1.4399510389575433e-08,-9.753345160502916e-07,-4.6271347697219265e-06,6.672302165492991e-06,movement,movement,no movement,no movement
5716.6666666666815,0.005458154049097,0.3068616475981243,-0.3037479976333333,0.0146567948447731,0.3243662764016083,-0.2980268361,0.0166571468245337,0.3250831049845685,-0.2871723154333334,0.0153992163578903,0.3247526915375401,-0.2907368150666666,-0.0031596923696159,0.3335996787802949,-0.3204461014999999,-0.0015583896765707,0.3317671235319455,-0.3337104455999999,0.0023938429622217,0.3223795506620555,-0.3133145392333332,0.036535966611874,0.3325435319117288,-0.1843724652666666,-0.0703782047735455,0.296393695749168,-0.2278917696666667,0.0238129393905695,0.3048889138231049,-0.2465099121666666,-0.0036685073214026,0.2780209581239428,-0.2877382883666667,0.0956073755982496,0.2254958196270599,-0.0348621512966666,-0.1477386326878077,0.2624696435707846,-0.0535613735966666,0.1462912151255211,0.0714263025010755,-0.0576288258233333,-0.1860863826597165,0.0174176498666154,-0.1048699642566666,0.1418658294389419,0.0588159948956718,-0.1535078950866666,-0.1139443324480642,-0.0344501644498431,-0.2097000708333333,0.1278875749561939,0.065108411213307,-0.1694637838166666,-0.0674343913494018,-0.0349334750365619,-0.2637790570333333,0.1140936952416617,0.0842828162183378,-0.1782379694299999,-0.0411469315967301,0.0185820636218318,-0.2696549143,0.1410835029114102,0.053990202011968,-0.1593479791533333,-0.0971942962648618,-0.0148924258170009,-0.191413894,0.0722014523762211,-0.160970113943376,0.0555572711099999,-0.0700062889725587,-0.1691704437974496,-0.0541894815599999,0.0956365582136299,-0.4905192227699674,0.0347481007366666,-0.028296451236867,-0.4309986850003015,-0.0729038527966666,0.0714655999063025,-0.7517427715196067,0.2137381964999999,-0.0665084331457167,-0.7482575358568639,0.1170639518799999,0.0528493935314164,-0.7784668605582308,0.2374088466999999,-0.0683668584689272,-0.7748474430315695,0.0957577092699999,0.0947110518067579,-0.8126114783367878,0.2007402612666665,-0.0436995646232731,-0.8021516481924168,0.0144768310143333,nijmegen_nijmegen_rennen_g_ch1_g11_compr.mp4,ch1g11,8.90945634399972e-05,0.0003128847586971,0.0001835233123925,5.1491887175044195e-05,0.0001694779775514,0.0003398192256471,0.0001817209142553,5.135546814335234e-05,1.740333609630533e-05,9.94570005771914e-06,0.0004253637659748,0.0001000026546261,0.0001954031622258,0.0001839012785582,8.845465440031102e-05,9.311887402846284e-05,0.0001570277256825,0.0004672722901504,9.17524681959888e-05,0.0001945739934117,0.0004538718643451,0.0001970628226037,0.0001939251256083,0.0001569337680716,0.0001662841659491,1.088142209595432e-05,0.0001669784560884,0.0003819298814408,0.0001119043198812,0.0005265378584163,9.4548734852292e-06,0.0001253292859593,0.0004231650190564,0.0005042250954606,0.0001899182436351,-0.0002761109690265,-0.0002916408312221,-0.0002933643456398,-0.0002888858722869,-0.0002785854488587,-0.0002501033346358,-0.0002374781290023,-0.0004410370642659,-0.0004952287696088,-0.0002640441556178,-0.0002587406802646,-0.0002688745891948,-0.0011316219793797,-0.0007923377697529,-0.0007240891955604,-0.0062851051261748,0.005177630909762,-0.0077081572642953,0.0069738856797441,-0.008698727204361,0.0073311731796529,-0.0070287063019527,0.0055874909157595,0.0001005298610458,-9.824544561635128e-05,0.0007607045972349,2.059635956843969e-06,0.0027380781461445,0.0008337164342453,0.0027804539932276,0.0008616543777035,0.0026393708656878,0.0007124224707248,1.7934929227367245e-06,2.0183822112451625e-05,3.197479274274206e-06,8.65830113059298e-06,2.3188563203046353e-05,2.1280902502683463e-05,3.21751785185519e-06,5.113671449934665e-06,-6.50267188904901e-08,3.3810326313462508e-06,4.1340666283471504e-05,1.5811060839346146e-05,3.2316323851673976e-06,3.285096689406634e-06,-1.0330365882550072e-06,1.7909123520635022e-05,2.3273661139935993e-05,4.74277404201958e-05,1.4886221517012474e-05,3.2635183684832767e-06,2.5588046553391008e-05,3.3137511960488847e-06,3.301910398160494e-06,2.7967495057902383e-06,2.1300626218288117e-05,1.6094044433212094e-06,2.862741624950714e-06,3.759616920834726e-05,1.3988338949807347e-06,5.145169273142213e-05,1.4018223280217183e-06,2.2758819348566993e-06,2.5506892284172364e-05,-8.118172104076902e-07,-2.2058146262805365e-06,-1.3859779804669474e-06,2.859228124946529e-06,-2.698345449665303e-07,-2.7709431641187713e-06,-1.3324578388517296e-06,7.024000520980664e-07,-4.933031014144743e-07,1.262547582777384e-06,-7.913499601875854e-06,8.168340372728329e-08,-1.4368796155371108e-06,-1.3800980394392504e-06,-2.0675157702344633e-06,4.649248192228213e-07,7.270857986153199e-07,-8.258812453254846e-06,7.762796839752859e-08,-1.426204804347237e-06,-4.984012644665004e-06,-1.3831408171955952e-06,-1.4078220443278109e-06,-1.090494689674645e-06,-3.840526742335036e-07,-1.2534069559609252e-07,-1.1580359950696911e-06,-6.873883585034107e-06,-1.5973556513941798e-06,-1.0120829287694794e-05,-8.505375779807244e-08,-9.2888761943307e-07,-4.589693061349672e-06,8.035278503995238e-06,movement,movement,no movement,no movement
5733.3333333333485,0.0021320460077451,0.3065648971203147,-0.3051021486,0.0115899516863346,0.3240611901049617,-0.2995034279333333,0.0135537172682061,0.3247773052038903,-0.2886546223666667,0.0123033194530684,0.3244498175799221,-0.2921868301666666,-0.0064371293831616,0.3332978748139802,-0.3212523785,-0.0048625995604739,0.3314981575887878,-0.3345161434333333,-0.000896478992979,0.3221223839248236,-0.3141191708666666,0.0350875667531629,0.3320871263259268,-0.1859530617333333,-0.072459584770662,0.2958464781864666,-0.2268912351666666,0.021159179407221,0.304605981654416,-0.2480764548333333,-0.006487163536364,0.2777336315729961,-0.2886512149333333,0.0955132127733527,0.225190418911381,-0.03654993095,-0.1492066980664769,0.261282098516893,-0.0525175884799999,0.1474962771444614,0.0705149485381006,-0.0565914816733333,-0.1855982962564047,0.0167263155442315,-0.1071152918333333,0.1427198979388616,0.0522726349239229,-0.1485324729266666,-0.1142541350301956,-0.0291555327581677,-0.2159233168,0.1286274696065818,0.0571052820707274,-0.1636598102833333,-0.0681596947804738,-0.0278059580159297,-0.2705805251666666,0.1141811524765734,0.0752674228085039,-0.1726525190133333,-0.0427944119787703,0.0260451422185405,-0.2760826955666666,0.1416078569770488,0.0466947735488644,-0.15422956955,-0.0978849246371195,-0.0091802827675866,-0.233360663,0.0723375427705703,-0.1608675298384227,0.0550582867299999,-0.0701753163360911,-0.1692699909338027,-0.05360051155,0.0959388578766693,-0.4898000134121701,0.0354232357166666,-0.028130219846996,-0.4310275353560966,-0.07166113395,0.0718595644130447,-0.7488326647436576,0.2178506388333332,-0.0652810687592894,-0.7473839479141077,0.11900617818,0.0533234716292426,-0.7754881838933414,0.2419696242333333,-0.067004927873419,-0.7739485117548955,0.09777065498,0.0948573508858389,-0.8098512669474132,0.2053687452333333,-0.0423353603919104,-0.8013840970119631,0.0162422428309999,nijmegen_nijmegen_rennen_g_ch1_g11_compr.mp4,ch1g11,9.038804501513556e-05,0.000331648862837,0.0001861860919289,6.305826012606657e-05,0.0001923529520976,0.0003595483277195,0.0001844563902963,5.7617581857546574e-05,1.6655868273812663e-05,1.3841077812687548e-05,0.0004597393119169,0.0001157000655063,0.0001981827009865,0.0001866730795708,8.708920915632574e-05,0.0001117370642174,0.0001814133490114,0.0005076907087533,0.0001064213296398,0.00019731241518,0.0004766338536198,0.0001997394458281,0.000196773677444,0.000159050532608,0.000187073307531,1.2567499883943716e-05,0.0001692303643308,0.0004145898891719,0.0001126454844098,0.0005672565983685,1.093344772593601e-05,0.0001272760394171,0.0004454410730724,0.0005416979037676,0.000215225281491,-0.0004177267241753,-0.0004114762051727,-0.0004130780165881,-0.0004074878877532,-0.000403331313358,-0.0003705769958782,-0.0003582765559334,-0.0005010196219909,-0.0005775731882286,-0.0003722328147074,-0.0003786220577742,-0.0002867961727875,-0.001214995793676,-0.000846763352289,-0.0007677968883346,-0.0068135511638076,0.0054954288808478,-0.0083774892769852,0.0073728334939543,-0.0093948335063097,0.0077651455729869,-0.0075946874781782,0.0059392447947509,0.0001063694066831,-0.0001040329577877,0.0007656479438258,2.710067005621478e-05,0.0030341429794836,0.0009887321626955,0.0031017640505178,0.0010200116466128,0.0029830911454729,0.0008386473096349,6.488486656170456e-07,1.8323561881420007e-05,1.998519137062927e-06,1.1257016331776605e-05,2.2321482340084535e-05,1.9023619085369517e-05,2.0662504941702348e-06,5.840420510333555e-06,-7.964859835198844e-07,4.523844249952212e-06,3.221731107291339e-05,1.5819470116276967e-05,2.0640462101656277e-06,2.1011080034082843e-06,-3.1474587375551188e-06,1.807448281817641e-05,2.3338123317300177e-05,3.790453538841228e-05,1.4873706475774022e-05,2.072145152286031e-06,2.1605264666249932e-05,2.146610911594897e-06,2.1369285901133063e-06,1.7170281655080728e-06,2.04428425120688e-05,1.4113231033131904e-06,1.7835611412296056e-06,2.95786433184756e-05,-2.473019120542425e-07,3.995634114332936e-05,1.2563113591799887e-06,1.3127158108546238e-06,2.158403276267767e-05,-9.27515786435258e-07,-2.1226604880436203e-06,-1.232697011092739e-06,1.8543356985847215e-06,-1.152049769697963e-06,-2.4987460826854648e-06,-1.1947570190151645e-06,2.115050604742999e-07,-5.88574618213753e-07,9.366603476548702e-07,-9.049702405599057e-06,-3.805083943026397e-07,-1.220437101415871e-06,-1.2322047603414849e-06,-1.8952940130913473e-06,-3.4639414176449685e-07,-5.139382337073722e-07,-9.60446480935327e-06,-3.6523486126039243e-07,-1.2180720053926038e-06,-4.139958687166943e-06,-1.183392115724958e-06,-1.2104454274312448e-06,-1.039468689125178e-06,-1.1081600457546973e-06,-2.144321209289067e-07,-1.0511207800692292e-06,-8.022282317580514e-06,-1.527180028293285e-06,-1.138310919623745e-05,-1.633959741713579e-07,-9.05287547646614e-07,-4.058484016413441e-06,8.711681893272513e-06,movement,movement,no movement,no movement
5750.0000000000155,-0.0011601305060708,0.3060706707774893,-0.3064047534666667,0.0085589102507671,0.3235959696566218,-0.3009444884333333,0.0104871262691366,0.3243089028680836,-0.2900997419666667,0.0092441488619148,0.3239895551758909,-0.2935964531999999,-0.0096739604311115,0.3328412420511067,-0.3220224198666667,-0.0081268767331946,0.3310729570908295,-0.3352865434333333,-0.00414563294441,0.3217069349184309,-0.3148862329666666,0.0336669143008694,0.3315533442184992,-0.1875744799333333,-0.0745006769909294,0.2952178116507257,-0.2258764313333333,0.0185365941855379,0.3041714971647056,-0.2496440490333333,-0.0092690472621085,0.2772811782772367,-0.2895046749666667,0.0954394270082121,0.2248886396346241,-0.0382905032733333,-0.1505299721965726,0.2600380535918472,-0.05167356411,0.1486364470795886,0.0696690726907233,-0.0555171665,-0.1845528638550073,0.0159499664028164,-0.1095399797166666,0.1435571898014445,0.0451078799606765,-0.1433978453999999,-0.1142262174094377,-0.0234910685587887,-0.2219085335999999,0.1293807301727509,0.0482450582534383,-0.1576558723966667,-0.0685561881275954,-0.0202076431482466,-0.2770831995333333,0.1142698191960279,0.0653346087971033,-0.16692391295,-0.044199443665475,0.0340538087290549,-0.2822185799666666,0.1421160821610293,0.038711618995871,-0.14897072024,-0.0982785150998236,-0.0030366898347079,-0.23802048,0.0724866562769621,-0.1607637290605093,0.0545594449,-0.0703582509988582,-0.1693701192200911,-0.0530121595666666,0.0965606665425353,-0.4890587924022858,0.0360956979266666,-0.0278326650088028,-0.4309831795714018,-0.0704538493233333,0.0726287983028496,-0.7456468785637337,0.2218089231999999,-0.0637659614714641,-0.7463151474814969,0.1207633233466666,0.054206225233384,-0.772222847350798,0.2463436902333333,-0.0653342796803275,-0.7728461095246213,0.0995777940599999,0.0955688672094261,-0.8067393665612405,0.2098774233666666,-0.0404441564617644,-0.8005040711979831,0.0179393003176666,nijmegen_nijmegen_rennen_g_ch1_g11_compr.mp4,ch1g11,9.05656114343454e-05,0.0003490226533974,0.0001882663917017,7.621085074411742e-05,0.0002135369070919,0.0003777680874221,0.0001866371515664,6.387725379540552e-05,1.5459417544214853e-05,1.9537939433087432e-05,0.0004840817106505,0.000130595252265,0.0002003224886942,0.0001888447581706,8.359407693447715e-05,0.0001298698813823,0.0002048048526782,0.0005379312825917,0.0001204656460411,0.0001994201924685,0.0004964937597787,0.0002021633657707,0.0001989930748325,0.000160855793936,0.0002063431735541,1.3817002364154023e-05,0.00017103354989,0.0004375402137079,0.0001104335646864,0.0005976608127339,1.2066357626800702e-05,0.0001280313801981,0.0004651632756073,0.0005710116589579,0.0002389340435109,-0.0005522866310872,-0.0005240225959571,-0.0005255180038495,-0.0005185459893386,-0.0005190972078616,-0.0004834953879082,-0.0004718151157336,-0.0005438277973077,-0.0006438704124255,-0.000469807735409,-0.0004897431193767,-0.0002775173478726,-0.0012614925327114,-0.0008313643934172,-0.0007719978884634,-0.0072255526915726,0.005795273161857,-0.0089184056922842,0.0077236419002597,-0.0099495660425606,0.008147633816483,-0.0080350169135611,0.0062674041952702,0.000109375247831,-0.0001068510248835,0.0007539755928995,8.975521533784959e-05,0.003296379314167,0.0011291098429754,0.0033860946908019,0.0011606029593664,0.003285954634999,0.0009584067855807,-4.738863252930966e-07,1.6656802527762795e-05,7.169987121034247e-07,1.2348077487659944e-05,2.0958032631521425e-05,1.7094038735086755e-05,8.119767602864662e-07,5.9622190923176175e-06,-1.5153820713663189e-06,5.190645985593069e-06,2.2414356565345035e-05,1.5290265521048183e-05,8.3243087574129e-07,8.259847079419615e-07,-4.705009670638485e-06,1.7227582297717605e-05,2.248556264908476e-05,2.744714445969727e-05,1.4349074702656026e-05,8.147997677100393e-07,1.84885046738252e-05,8.885696216024806e-07,8.934949509189233e-07,5.831656729146335e-07,1.921178825404119e-05,1.161114981823432e-06,6.384620334937487e-07,2.0729193295059647e-05,-1.620739012886342e-06,2.7874511858824715e-05,1.0614958131415588e-06,3.004999608832882e-07,1.8358462091665265e-05,-1.0124044127201798e-06,-1.9476809101156886e-06,-1.1558544195565597e-06,7.326177030423869e-07,-1.8550920836481725e-06,-2.1604543820848018e-06,-1.1378378311976003e-06,-3.3161424162552226e-07,-4.650968469194975e-07,4.698233133714154e-07,-9.227192843009409e-06,-8.183768315775421e-07,-1.0966784542302358e-06,-1.1635795529509598e-06,-1.4338201599357244e-06,-1.117947287992025e-06,-1.615583297913012e-06,-9.938169104856402e-06,-7.871188691346507e-07,-1.0984388379496464e-06,-3.1998361557329302e-06,-1.0972772483316402e-06,-1.1007028378441707e-06,-1.071284677517728e-06,-1.6857845925651438e-06,-2.613202106241524e-07,-1.0285963446849492e-06,-8.328717754104841e-06,-1.3114061794063792e-06,-1.1467562298967652e-05,-2.090749569986745e-07,-8.886772972771545e-07,-3.351528776747915e-06,8.703652641564889e-06,movement,movement,no movement,no movement
5766.666666666682,-0.0044255212220329,0.3053935162425495,-0.3074236323,0.0055537234715149,0.3229683270194863,-0.3020907095999999,0.0074458657510538,0.3236812496260376,-0.2912490735,0.0062111985700367,0.3233669150187447,-0.2946998454333333,-0.0128844945372122,0.3322154512688867,-0.3224087712,-0.0113643069613611,0.3304870265501404,-0.3356740252999999,-0.0073699509682373,0.3211334653687596,-0.3152736989333333,0.0323009487053002,0.3309639552617733,-0.1889019632666666,-0.0764959664195763,0.2945248419075024,-0.2244295449666666,0.0159454007561223,0.3036049988525092,-0.2510015443333332,-0.012025763145876,0.2766888230386114,-0.2900053698666667,0.095386461527338,0.2246235179439813,-0.0397742347433333,-0.1517875542072865,0.2587426701283614,-0.0505824676833333,0.1497697815698082,0.069005338476966,-0.0538882109373333,-0.1832739364512452,0.0151009777932106,-0.1118546647433333,0.1443840544408076,0.0377837687518393,-0.1375324270666666,-0.1139764445595598,-0.0175604466242245,-0.2278613954999999,0.1301350928211251,0.0390977737315345,-0.1509203985033333,-0.068720579281004,-0.0123086271973456,-0.283638351,0.1143392586324124,0.0551256870068542,-0.1604722142153333,-0.0453508493377957,0.0424306527736295,-0.2884574676666667,0.1426073529373338,0.0305245885335814,-0.1429845792602333,-0.0984637726163879,0.0033896995847599,-0.288944602,0.0726597030286909,-0.1606552659007122,0.0540540537633333,-0.0705656065643914,-0.1694758543375841,-0.05241508643,0.0974418545055974,-0.488299112882507,0.03648453578,-0.0274890778406679,-0.4308234018165124,-0.0693344817933333,0.0737997521396401,-0.7422400927555717,0.2257281361999999,-0.0620093054392534,-0.7450527460912052,0.12273730228,0.0555079029544043,-0.768728754129705,0.2506998942666666,-0.063389243998891,-0.771546995203838,0.1016485463533333,0.0966743291497584,-0.8034320034756018,0.2144119748666666,-0.0383165284297177,-0.7994240394468914,0.0201037202143333,nijmegen_nijmegen_rennen_g_ch1_g11_compr.mp4,ch1g11,8.97733870938994e-05,0.0003612612562941,0.000188288220901,8.830659357139628e-05,0.0002305075267908,0.0003905245044879,0.0001867622846375,6.932341346384778e-05,1.3554339269385046e-05,2.5005110794502637e-05,0.0005027892181303,0.0001440511733113,0.0002003772192233,0.0001889726178144,7.782918759652141e-05,0.0001450125612664,0.0002229902292231,0.0005620469656962,0.0001331226657928,0.0001994781886971,0.0005095890480259,0.0002024178873501,0.0001991055175818,0.0001610714176508,0.0002217159578344,1.4717171285142087e-05,0.0001712004674368,0.0004547352008694,0.0001071502473182,0.0006224031108557,1.2928185161343417e-05,0.0001278453226939,0.0004777459471171,0.0005925784632595,0.0002586109241819,-0.0006820014304165,-0.0006336667012436,-0.0006354441257832,-0.0006269830742311,-0.0006304784303529,-0.0005936510168856,-0.0005822286331825,-0.0005824033285815,-0.0007047388934542,-0.0005640219552384,-0.0005961452422562,-0.0002571621653958,-0.0012944545499901,-0.0007735684685353,-0.0007667241586727,-0.007533520777963,0.0060086076594586,-0.009334282564203,0.0079557489238877,-0.0103718925184369,0.0084089386605685,-0.0083645640496386,0.0065009611759736,0.000111392426192,-0.0001087999358166,0.0007342316194315,0.0001528004040256,0.0034838556737647,0.001232404207726,0.0035898058265353,0.0012619752960309,0.0034909925589298,0.0010380903375115,-1.4466149960971371e-06,1.4902361997048354e-05,-6.302042816688177e-07,1.224135745003362e-05,1.892689538275136e-05,1.5168814660781073e-05,-5.298496477930238e-07,5.270945321892943e-06,-1.9886900530922757e-06,5.398597287582919e-06,1.332316193283652e-05,1.4202265411360152e-05,-4.457313099881794e-07,-5.347511037320628e-07,-5.9096848883732575e-06,1.547082329085954e-05,2.056793197563206e-05,1.7495382897646e-05,1.3295921019128704e-05,-4.655220875732956e-07,1.5762655200825157e-05,-3.931998414908936e-07,-3.978073825268078e-07,-6.314082205629272e-07,1.74081262546845e-05,8.899212994922056e-07,-5.431684809562777e-07,1.2377838910198314e-05,-2.769768080162789e-06,1.672450923964923e-05,8.403045047729949e-07,-7.419463688415543e-07,1.5463185025208063e-05,-1.0509036371315075e-06,-1.7720255859736357e-06,-1.1070059447843304e-06,-3.281664532340115e-07,-2.384291265530007e-06,-1.8758532608959025e-06,-1.1093504007275433e-06,-8.507815503793709e-07,-1.2607452212139976e-07,-1.6323232401190466e-08,-8.719821970369396e-06,-1.248609730740264e-06,-1.0284479468572457e-06,-1.1253245155532448e-06,-7.290613222579221e-07,-1.7588188341964768e-06,-2.4644742208360075e-06,-9.523803725692584e-06,-1.1977360511839531e-06,-1.0328033506966943e-06,-2.420995324810145e-06,-1.0681824679481897e-06,-1.0403029114971472e-06,-1.1271850819302395e-06,-2.134251192768928e-06,-2.7011404100203994e-07,-1.0497539884863573e-06,-8.01327169409804e-06,-1.0554750042728211e-06,-1.0706940962911222e-05,-2.248262248052035e-07,-8.894106839368163e-07,-2.660503813811167e-06,8.245715345160707e-06,movement,movement,no movement,no movement
5783.333333333349,-0.0076637449129327,0.3045823582768371,-0.3084323296333333,0.0025642125923403,0.3222305866849047,-0.3032385202333333,0.0044190157959759,0.3229431175449496,-0.2923993915,0.0031945421849313,0.3226399385304471,-0.2958066679333332,-0.0160747219267028,0.3314903842444726,-0.3228096879333334,-0.0145842946135089,0.3297952503288599,-0.3360775318666666,-0.0105750489667305,0.3204510175196778,-0.3156744894999999,0.0309363637227353,0.3303628872328756,-0.1902800171999999,-0.078447287200765,0.2937960629434047,-0.2230503968,0.0133649700158403,0.3029574878046943,-0.2523511250999999,-0.0147616437300386,0.2759976590576057,-0.2904995311333334,0.0952918818245059,0.2243889044273233,-0.04139185091,-0.1529250916114151,0.2574542768199648,-0.0496906098433333,0.1507991097791053,0.0683649105705276,-0.0524954401473333,-0.1818754096814457,0.0143620230582681,-0.1143230855533333,0.145144108888367,0.0300746117744505,-0.1322326620099999,-0.1135535185663957,-0.0114200036895146,-0.2338835621999999,0.1308679816852273,0.0294604134631547,-0.1448397550643333,-0.0687139722531694,-0.0042167438061343,-0.2901321732333333,0.1143490866781773,0.04441041122217,-0.1546330664886666,-0.0463493421039064,0.0509370460483946,-0.2945856958666666,0.1430212611938088,0.0219482434754449,-0.1375649309035666,-0.0985110557706924,0.0100258855385132,-0.269803286,0.0728390765624421,-0.1605476255074469,0.0535354167366666,-0.0707777975466682,-0.1695807653320005,-0.05180573275,0.0984778508562888,-0.4875822105346601,0.0369192806366666,-0.0270693795432138,-0.4306689985696127,-0.0683189890133333,0.0751085156919283,-0.7388215784961225,0.2289903997333333,-0.0601269709471671,-0.7438602397065872,0.1239025517133333,0.0569364278986429,-0.7652046952973246,0.2542780395666666,-0.0613182645718712,-0.7703280145986136,0.1027947868866666,0.097925086651879,-0.7999812223944752,0.2183168231666666,-0.0361086138305515,-0.7985541684424877,0.0215430427443333,nijmegen_nijmegen_rennen_g_ch1_g11_compr.mp4,ch1g11,8.773194501294479e-05,0.0003754497450177,0.0001870688056815,9.98883965943092e-05,0.0002469649376238,0.0004051429041348,0.0001856293601919,7.437397736261665e-05,1.1321353368847937e-05,3.052035690935571e-05,0.0005120677612351,0.0001561766266731,0.000199402592877,0.0001878411264536,7.203996647156255e-05,0.0001583321391991,0.0002397240230846,0.0005749241246012,0.0001445079405945,0.0001984965796166,0.0005257447726533,0.0002015641571784,0.0001981841977359,0.0001600897435003,0.0002371877443381,1.516239941789092e-05,0.000170326402016,0.0004626552086112,0.0001038001088779,0.0006352787547854,1.3426504874838164e-05,0.0001267985756851,0.0004931434167965,0.0006084240311102,0.0002777419143001,-0.0007934012891007,-0.0007278230621638,-0.0007303441585562,-0.0007205782621634,-0.0007269264172081,-0.0006894249086389,-0.0006777213262374,-0.0006090125652101,-0.0007526020934439,-0.0006459030095659,-0.0006870074465365,-0.0002085308815079,-0.0013193461860223,-0.0006427440003811,-0.0007519473000077,-0.007667771856657,0.0062428320007276,-0.0095492071100561,0.0082216153674096,-0.0105863368313977,0.0087125080428872,-0.0085212757059523,0.0067555863739916,0.0001153067690324,-0.0001128102322534,0.0007444403214267,0.0002331831956666,0.0037062901659646,0.0013222076301701,0.0038264203682649,0.0013505222688018,0.0037492724724208,0.0011031343221057,-2.4062399039434697e-06,1.3058326358038244e-05,-2.0257371715135245e-06,1.1219011251111092e-05,1.6608039902862713e-05,1.3293583953316054e-05,-1.9408387670188573e-06,4.011840513071037e-06,-1.998468017095929e-06,5.113721768063324e-06,5.204207882576475e-06,1.2816767322115395e-05,-1.7592659535856702e-06,-1.961864648897419e-06,-6.30637362141281e-06,1.337881649923402e-05,1.7944543039240873e-05,8.463864938986551e-06,1.1947584051685444e-05,-1.7622050314226374e-06,1.3655147283211537e-05,-1.7560037355079298e-06,-1.719472550103941e-06,-1.97631183144124e-06,1.536470589921655e-05,6.396137445707479e-07,-1.800250848784238e-06,4.780947568326319e-06,-3.5828220604870048e-06,6.875717225848908e-06,6.275579609821535e-07,-1.7100365923847847e-06,1.3004983775702451e-05,-1.016913907230256e-06,-1.943110815473056e-06,-1.1121574843301172e-06,-1.2447150684532128e-06,-2.901672327575945e-06,-2.0149983653509826e-06,-1.1317197296899376e-06,-1.2820911119654151e-06,3.7034819776553906e-07,-4.786085835470964e-07,-7.629612482825045e-06,-1.727822572276525e-06,-1.0533934154577172e-06,-1.1404446661047203e-06,8.328565982108838e-08,-2.3149985756123687e-06,-3.1662959854313352e-06,-8.429469817312724e-06,-1.6490681991569285e-06,-1.0598617853520214e-06,-2.3248732102833e-06,-1.1310776818138766e-06,-1.067967967286837e-06,-1.2015368498978043e-06,-2.619875287362742e-06,-2.450435738615515e-07,-1.1270710562763915e-06,-7.148628690194273e-06,-8.293814104895436e-07,-9.191710683922302e-06,-2.1318059444023557e-07,-9.08299066507652e-07,-2.5076826837156307e-06,7.512311488100275e-06,movement,movement,no movement,no movement
5800.000000000016,-0.0108865657056399,0.3036666126656829,-0.3094705104333334,-0.0004008972378969,0.3213929874456129,-0.3043922287333333,0.0014164918877089,0.3221017273262492,-0.2935574650333334,0.0002024178166485,0.3218131524889379,-0.2969143844999999,-0.0192555234064332,0.3306612080935955,-0.3231673121666667,-0.0177946498086903,0.329000288326389,-0.3364458100999999,-0.013772672102196,0.3196687963232124,-0.3160302795333332,0.0296763308619228,0.3297195424512704,-0.1914691835,-0.0803700103212966,0.2930183141747119,-0.2214581521,0.0108107959408403,0.3022300504170351,-0.2537232344333332,-0.0174912722332802,0.2752232008214804,-0.2909510770333333,0.0952489116652929,0.2241924129134335,-0.0426724493166666,-0.1540232473206085,0.2561516225578935,-0.04856227194,0.1518262083611599,0.06778211670835,-0.0508880586409999,-0.1803954306521892,0.0135910907892515,-0.1168546112799999,0.1459139485477941,0.0223077598463683,-0.1271127517466666,-0.1130690309561028,-0.0050686831437704,-0.2407109603333332,0.1316193541630361,0.0197726752734499,-0.1390024697143333,-0.0686569894581322,0.0041254827941172,-0.2976884994333333,0.1143335232260552,0.0337163383767571,-0.148983617302,-0.0472597020194426,0.0598006686677615,-0.3017694875666666,0.1434206121666821,0.0133170476235778,-0.1323345002702333,-0.0984916521809819,0.0168918689433813,-0.271857589,0.0730437998206742,-0.1604332725232984,0.0530104381466666,-0.0710169361952955,-0.1696947413151635,-0.0511846254066666,0.0995735024533243,-0.4868682596107906,0.03722541059,-0.0266263915721327,-0.430388343363627,-0.0669986130166666,0.0767089027337572,-0.734889071527817,0.2333302735333333,-0.0579671996710315,-0.7424016793105437,0.1257391943466667,0.0586939781650938,-0.7611320394629588,0.2591102164333333,-0.0589187930287121,-0.7688343280870766,0.1046992260533333,0.0995206148218844,-0.7959908929238081,0.2236176887333333,-0.0336472648869538,-0.7972839596009414,0.0236113145376666,nijmegen_nijmegen_rennen_g_ch1_g11_compr.mp4,ch1g11,8.484401331316772e-05,0.000389017358632,0.0001844832450143,0.000109922060535,0.0002624421167117,0.0004187230353614,0.0001831368426338,7.781722593933037e-05,9.492724750533842e-06,3.561042032015502e-05,0.0005140672990327,0.0001685829084053,0.0001970377413614,0.0001853307015329,6.543022713364864e-05,0.0001702434413187,0.0002563934401993,0.0005796006814393,0.0001561330982262,0.0001961142929881,0.000539690084408,0.000199219580767,0.0001958150611516,0.0001576276334578,0.0002517396603251,1.554577826356727e-05,0.0001680042579124,0.0004637829879536,0.000100081009181,0.0006395429476255,1.382224419093601e-05,0.0001246153388948,0.0005069064836815,0.0006187027874895,0.0002962269416213,-0.0008699334121966,-0.0007929154809539,-0.0007961107930101,-0.0007851669038691,-0.0007941066323671,-0.0007571619630185,-0.0007450858962904,-0.0006185999463349,-0.0007858029475816,-0.0007008442821593,-0.0007494572937775,-0.0001371814238173,-0.001330068156548,-0.0004674983114785,-0.0007237619499767,-0.007692463767788,0.006454589140445,-0.0096314999524974,0.0084507926774754,-0.0106580841043847,0.0089681966652975,-0.0085586774063676,0.0069825635723956,0.000119706182353,-0.0001177371428583,0.0007635450801932,0.0003224997259739,0.0039094129706566,0.001414654883528,0.0040408803646035,0.0014411827642059,0.0039839778172553,0.0011768394242291,-3.279179547974384e-06,1.1032491584396349e-05,-3.350970467821883e-06,9.458083297287372e-06,1.3288338641885442e-05,1.124535991828776e-05,-3.2966009685734286e-06,2.3850817339671117e-06,-1.391023376858818e-06,4.422626029191648e-06,-1.507345167198792e-06,1.0778213136746636e-05,-3.0276812700315476e-06,-3.331902887465037e-06,-5.806851855488692e-06,1.0760644140348604e-05,1.420725140366758e-05,9.271100577901356e-07,1.0014838593476552e-05,-3.0100879743819458e-06,1.1517845867620632e-05,-3.1040833110383513e-06,-2.9856437912543843e-06,-3.338765387700442e-06,1.2390711590746336e-05,3.9640594497653025e-07,-3.0594289430651537e-06,-1.606249320856676e-06,-4.1716002571409806e-06,-1.100688803887301e-06,4.105004977502145e-07,-2.5698200219298487e-06,1.06747001758494e-05,-9.20657374490001e-07,-2.5054869992265787e-06,-1.164707191839295e-06,-1.930933580293224e-06,-3.4538035574779455e-06,-2.6147785308802305e-06,-1.1963846784201385e-06,-1.5387982262080602e-06,9.301358950560632e-07,-8.567553598079699e-07,-6.279163397962123e-06,-2.322537168774089e-06,-1.1551009761274796e-06,-1.20080865148583e-06,9.349997045543304e-07,-2.8169998754424396e-06,-3.816676989802828e-06,-7.0299110275136625e-06,-2.203687947825614e-06,-1.1644270211200533e-06,-2.914814241140269e-06,-1.2636967705910058e-06,-1.1668121198732594e-06,-1.2673839967042872e-06,-3.16461473431451e-06,-2.0499885881955725e-07,-1.2332455628555043e-06,-6.026875937541862e-06,-6.410968527499349e-07,-7.360896320049205e-06,-1.8682521350123877e-07,-9.330631889727902e-07,-2.9411927383720567e-06,6.870475064275774e-06,movement,movement,no movement,no movement
5816.666666666683,-0.0141242092085029,0.3027802411382578,-0.3104754179333334,-0.0033604000447156,0.320580264012808,-0.3054931096333332,-0.0015787467948749,0.321285272207638,-0.2946642567333334,-0.0027847132156186,0.3210073311683697,-0.2979690737666667,-0.0224540954162843,0.3298386310969594,-0.3234628399666667,-0.0210230444982786,0.3282183897788086,-0.3367581662666666,-0.0169883660082699,0.3189010607995843,-0.3163222687999999,0.0284766036515993,0.329095083358619,-0.1926057556666666,-0.0822808244364129,0.2922284204910509,-0.2197846061666666,0.0082806366971858,0.3015270658269635,-0.2550842056666666,-0.0202156069887938,0.2744665435079348,-0.2913647293,0.0952368663370644,0.2240931778205022,-0.0438769728566666,-0.1550349384034857,0.2548531436203931,-0.0474485077433333,0.1528388109692529,0.0673055456086669,-0.0493391102863333,-0.1786961632793092,0.012919296870973,-0.1193558611033333,0.1466787005289259,0.0146577558070999,-0.1221917620466666,-0.1123980277112451,0.0015601797407865,-0.2474673102333332,0.1323772040319311,0.0101967435996119,-0.1334030715376666,-0.0684079248340176,0.0127613131466187,-0.3052033800333333,0.1142767085492314,0.0231937176000039,-0.1435512554886667,-0.0479851912546259,0.0690062596957329,-0.3089476565666666,0.1437860654262194,0.0048153319457053,-0.1273160143002333,-0.0982875855020458,0.0240534482716396,-0.259971708,0.0732529471328204,-0.1603100978306449,0.0524875467166666,-0.0712607018216986,-0.1698169641825598,-0.05056314069,0.1006866263587923,-0.4861804273668494,0.0378574868033333,-0.0261386194249132,-0.4300247193131021,-0.06541824764,0.0783271756727745,-0.7309897926997744,0.2381278652999999,-0.0556254320016038,-0.7409085261376414,0.12793085788,0.0604841114231694,-0.7571065526144055,0.2643622677999999,-0.0563201062384326,-0.7673105525440803,0.1069546799533333,0.1012031212107176,-0.7918204654189547,0.2293432458333333,-0.030937242654255,-0.7959797028650579,0.0260134932743333,nijmegen_nijmegen_rennen_g_ch1_g11_compr.mp4,ch1g11,8.109828246409427e-05,0.0004001589485063,0.0001805932284618,0.0001180678049196,0.0002771319583268,0.0004298952316339,0.0001792916452953,7.975877634808145e-05,8.220268998170407e-06,3.9586746423329534e-05,0.0005091501688923,0.0001792717228678,0.0001934342112271,0.0001814715574189,5.974898565660259e-05,0.0001802576329281,0.0002718210912886,0.0005765498722043,0.0001661036921681,0.0001925067769747,0.0005513020464094,0.0001953901409032,0.0001922240941471,0.0001535092293153,0.0002656185913948,1.5847753848174706e-05,0.0001640838843183,0.0004585648780478,9.595595361831424e-05,0.0006347788059361,1.4139827332788103e-05,0.0001213524446518,0.0005176922689779,0.0006228313409698,0.0003132789055242,-0.0009171152312777,-0.0008364241846251,-0.0008401091819291,-0.0008286613346302,-0.0008384972314495,-0.0008010788539005,-0.0007884522726399,-0.0006195766373249,-0.0008065280990821,-0.0007344532222227,-0.0007861067294467,-4.72354759037165e-05,-0.0013310288063786,-0.0002765803584645,-0.00069795684055,-0.0076086613573178,0.0066219405981456,-0.0095835057721514,0.008626717803238,-0.0105781747910175,0.0091768079739654,-0.0084790624328457,0.0071630804557263,0.0001248527686682,-0.0001238355131301,0.00079602326817,0.0004033348112098,0.0041089240934357,0.0015083310627501,0.0042489632709431,0.001534684623809,0.0042024719081791,0.0012364232780918,-4.154591642600448e-06,8.253505898191918e-06,-4.503617111888252e-06,7.167570977803111e-06,9.847421879505987e-06,8.32396857946777e-06,-4.483549716951209e-06,6.353012240156447e-07,-1.520033452488364e-07,3.341893921420029e-06,-6.809277380429346e-06,8.248237044273309e-06,-4.215524014691453e-06,-4.5242726589193236e-06,-4.555614388200468e-06,7.758180476721208e-06,1.009810294682935e-05,-5.084330919291901e-06,7.630092026073758e-06,-4.192886928483931e-06,8.234846720913221e-06,-4.401445847230315e-06,-4.181036803519723e-06,-4.652231626760973e-06,9.24478212491204e-06,2.0550874681190545e-07,-4.349161332451736e-06,-6.781334383691573e-06,-4.669211948358746e-06,-7.1485493713609655e-06,2.307596076018989e-07,-3.4972261823269577e-06,7.535615622590493e-06,-7.664368355451977e-07,-3.4154230578895354e-06,-1.2754825010608943e-06,-2.336899147530897e-06,-4.048647206876042e-06,-3.635822685730671e-06,-1.310163337025092e-06,-1.587525761079074e-06,1.4461074485280754e-06,-1.1083481542153575e-06,-4.93903312582708e-06,-2.965584430456245e-06,-1.3442511457351502e-06,-1.3139469965120528e-06,1.672166127016162e-06,-3.251070045875583e-06,-4.380205964202178e-06,-5.622883198093642e-06,-2.7970504948522317e-06,-1.3585658865307084e-06,-4.19545010485297e-06,-1.4684873504051224e-06,-1.351703129852235e-06,-1.3178205343990242e-06,-3.768768787707644e-06,-1.616104091357107e-07,-1.365663419842089e-06,-4.883504435760409e-06,-5.103567647333613e-07,-5.528579027166578e-06,-1.557493926302532e-07,-9.75846599556345e-07,-3.95065351663015e-06,6.615963075813374e-06,movement,movement,no movement,no movement
5833.33333333335,-0.0172132589588283,0.3019120162148377,-0.3113756507333334,-0.0061980353685046,0.3197795653336001,-0.3065071266999999,-0.0044536409479811,0.3204809949234052,-0.2956825385,-0.0056446501943769,0.3202122736940855,-0.2989404139000001,-0.0255127505728755,0.3290284624258077,-0.3237075617333333,-0.0241131856126688,0.3274489175905842,-0.3370206203999999,-0.0200650647714327,0.318145519542423,-0.3165626304999999,0.0273178297342674,0.3285069635114417,-0.1937131970666666,-0.0840904459577828,0.2914416148800606,-0.2181888025666666,0.0058775672889373,0.3008323429870557,-0.2563512181333333,-0.0227826829677826,0.2737209430565655,-0.2917305577666667,0.0952245232704444,0.2241116881950382,-0.04496379234,-0.1558430054243643,0.2535624334427933,-0.0464992914833333,0.1538223315429157,0.0670474842754127,-0.047434257922,-0.1767283776893456,0.0122699660315273,-0.1221345881766666,0.1474292561524405,0.0070836312019453,-0.1168181172133333,-0.1114093729523349,0.0081809512082729,-0.2542672599333332,0.1331114678061365,0.0007582013056938,-0.1273017302509999,-0.0678658949506054,0.0213421101435089,-0.3126866969999999,0.1141748492103881,0.0128051750711162,-0.1377877061186667,-0.0484614760493369,0.0781287105988104,-0.3160659402666666,0.1441306297181232,-0.003564284451749,-0.1219012444902333,-0.0977979099915281,0.0312038364088527,-0.254536957,0.0734599856253319,-0.1601797839706506,0.0519922605566666,-0.0715014210217992,-0.1699460060528331,-0.0499688417766666,0.1018599059022115,-0.4853364247775277,0.0385623949266666,-0.0255572920230445,-0.4295966817805936,-0.0638776155899999,0.0800108768097433,-0.726983644209684,0.2427913366666666,-0.0532079295915745,-0.7394488957779114,0.1300092676133333,0.0623388519900653,-0.7529809474550841,0.2694260752666667,-0.0536510615629821,-0.7658337122093731,0.1090804137866666,0.1030174827792005,-0.7876571013369722,0.2349864213666666,-0.0280637454744374,-0.7947759947673351,0.0283106539243333,nijmegen_nijmegen_rennen_g_ch1_g11_compr.mp4,ch1g11,7.608297093131082e-05,0.0004082175284671,0.0001749457348271,0.0001242800635857,0.0002863140496876,0.0004379412990237,0.0001736209576742,7.993696634626259e-05,8.247732337785477e-06,4.1925585367193265e-05,0.0004996884893706,0.0001877740383204,0.0001882728486124,0.0001757599329019,5.5901818062166834e-05,0.0001867892659428,0.0002815811023563,0.0005678593151781,0.0001738342573463,0.0001873520077938,0.0005596686243532,0.0001900022633471,0.0001871063183798,0.0001477844206406,0.0002743107575416,1.6180624682041434e-05,0.0001588302202926,0.0004492708837776,9.20500037651598e-05,0.0006233109810598,1.4463353358011188e-05,0.0001170598688134,0.0005249625139746,0.0006221385898862,0.0003247533536858,-0.0009228816891895,-0.0008438759557158,-0.0008479489878309,-0.0008364627062342,-0.0008496301689422,-0.0008110959448266,-0.000797167681317,-0.0006043449299041,-0.0008119953981174,-0.0007347130950549,-0.0007891550734172,4.5138082790868386e-05,-0.0013189632206935,-9.840221622091796e-05,-0.0006784492621949,-0.0074548632034019,0.0067301059997182,-0.0094398779020455,0.0087328280840217,-0.0103866975026918,0.009319868095381,-0.0083226195749282,0.0072808753542787,0.000131418060478,-0.0001316830783596,0.000825611128484,0.0004580274208502,0.004214299096097,0.0015608934866421,0.004354188326092,0.0015861178792594,0.0043152467239541,0.0012595271510779,-4.850106501423892e-06,4.64300255460694e-06,-5.568287135556531e-06,4.66705362669406e-06,6.02989537281947e-06,4.495430631886556e-06,-5.58634305644082e-06,-1.1494273123250306e-06,1.6751551907868277e-06,2.0793672739127747e-06,-1.0996824826285057e-05,5.365699018927868e-06,-5.368011663263118e-06,-5.629902716901784e-06,-2.633825087004046e-06,4.599810782056329e-06,5.768531297295843e-06,-9.923440513213178e-06,4.939161428028067e-06,-5.354075723660009e-06,3.8897717098647785e-06,-5.688798137501565e-06,-5.335057043997738e-06,-5.8330202626909586e-06,5.6326474550383206e-06,8.56402346325763e-08,-5.567220093119614e-06,-1.0989747993544635e-05,-5.061050060149467e-06,-1.190741828025131e-05,1.0586704267208873e-07,-4.347972641781366e-06,3.471682877828517e-06,-5.65093440219432e-07,-4.5685147397792e-06,-1.4332255271991462e-06,-2.470462956831207e-06,-4.47777695148699e-06,-4.942401568631974e-06,-1.4602810370902536e-06,-1.4306948114385209e-06,1.7987606552151565e-06,-1.2059021795759512e-06,-3.9082960193880906e-06,-3.5891215668088027e-06,-1.6025473759694575e-06,-1.4659676750447023e-06,2.163500683042711e-06,-3.554722772296122e-06,-4.677758140410232e-06,-4.528957745435081e-06,-3.3609328172114552e-06,-1.623159800192385e-06,-5.961000714502948e-06,-1.731725883988488e-06,-1.606848475409088e-06,-1.356815450593066e-06,-4.221357401134036e-06,-1.287880215838894e-07,-1.5257439337636746e-06,-3.9766181445112885e-06,-4.600271561797479e-07,-4.08468769411588e-06,-1.3077960151683832e-07,-1.045209339467408e-06,-5.398447444432927e-06,6.88975625268686e-06,movement,movement,no movement,no movement
5850.000000000017,-0.020173491400074,0.3010546720126552,-0.3122769623666667,-0.008923156442245,0.3189895876943959,-0.3075233521,-0.0072164216779997,0.3196877267516334,-0.2967018255999999,-0.008393764701846,0.3194280524777413,-0.2999139763,-0.0284562127618244,0.32822777526287,-0.3239673476,-0.0270873600952784,0.3266877072077577,-0.3372987913,-0.023030042603672,0.31739733140999,-0.3168170658333333,0.026171784532238,0.32794669401012,-0.1948278675,-0.0858383518450279,0.2906559138368013,-0.2166998462666666,0.0035635912296255,0.3001439708040279,-0.2576162978999999,-0.0252479884406256,0.2729827303063522,-0.2921120980333334,0.0951609227211472,0.224251860066022,-0.0460601748266666,-0.1565499287445536,0.2522780261723583,-0.0458759710666666,0.1546196116849697,0.0671036895012743,-0.0456069153686666,-0.174699915660894,0.0116441591762395,-0.1254088528633333,0.1480918290180075,-0.0001724722804016,-0.11154505839,-0.1103542390460603,0.0148107669689123,-0.2613333344666666,0.1337558545754528,-0.0084395035654629,-0.121287662001,-0.0672584785183713,0.0299118691102244,-0.3204017036666666,0.1140070179095585,0.0026466004534743,-0.1321215339886667,-0.0488950971557074,0.0872652523075031,-0.3233899185999999,0.1443918108559293,-0.0116701954858378,-0.1165875226235666,-0.0972553159213428,0.0383816946340683,-0.254749775,0.0736514350095702,-0.1600446419464014,0.0515091662766666,-0.0717253933390702,-0.1700809826493126,-0.0493862791433333,0.102736482910855,-0.4844669768096399,0.03949490177,-0.0249577035725093,-0.4291372761649732,-0.0623376802266666,0.0817729099376523,-0.7226271828480452,0.2476706782,-0.0507716339872968,-0.7379384042388081,0.1319575564133333,0.0642745685896469,-0.7484713412959497,0.2747450581666666,-0.0509677693612203,-0.764303571814382,0.11105444812,0.1049097634513383,-0.7832993675517503,0.2411419147333333,-0.0251767633525243,-0.7936012761320093,0.0305905649876666,nijmegen_nijmegen_rennen_g_ch1_g11_compr.mp4,ch1g11,7.114328922942789e-05,0.0004105689247742,0.0001679330301895,0.0001269101802511,0.0002904621779579,0.0004399224237129,0.0001665785918144,7.783526191131817e-05,1.0660614945297994e-05,4.299868547863701e-05,0.0004847748905158,0.0001908991295971,0.0001814349780552,0.0001686659048931,5.407312082738583e-05,0.0001892203936093,0.0002859094485917,0.0005536761883556,0.0001766284172558,0.0001805013978201,0.0005601159765754,0.0001826031044355,0.0001802740829848,0.0001406883957976,0.0002781290123658,1.63517466513725e-05,0.0001519510925475,0.0004346791016614,8.734066903668432e-05,0.0006069667820679,1.4616415492352157e-05,0.0001121690231377,0.0005253274013195,0.0006136308822564,0.0003294743469557,-0.0008986679593925,-0.0008250943814448,-0.0008286888659303,-0.0008184784296872,-0.0008356963724183,-0.0007953582472678,-0.000780653280025,-0.0005756233155618,-0.0008004862846478,-0.0007096962884171,-0.0007658539641319,0.0001492739082032,-0.001283721871174,9.850399557610378e-05,-0.0006581346146705,-0.0072123263548885,0.0067395292666426,-0.0092049119819021,0.0087156093269491,-0.0101135453687266,0.0093253717179693,-0.0080746140978482,0.0072936994908237,0.0001367644525862,-0.0001385492816452,0.0008368629085214,0.0004605728661674,0.0042270017564155,0.0015606316644731,0.004360910126549,0.0015838818511485,0.0043197987662215,0.0012188439336686,-5.39361128130793e-06,-1.899678188590259e-07,-6.781492105289991e-06,2.3106250653017167e-06,1.3753964829129248e-06,-7.742707272345428e-07,-6.8262612804021775e-06,-2.3631004235589132e-06,3.6502660887160057e-06,7.893421300932853e-07,-1.4137084724615275e-05,1.7293958246869602e-06,-6.762358761202426e-06,-6.8735950028165576e-06,-2.168503116753183e-07,1.1988789715078203e-06,1.153083917369193e-06,-1.3660862289966496e-05,1.53440451715858e-06,-6.779953300823241e-06,-2.55898617856268e-06,-7.205006613715076e-06,-6.732639744397998e-06,-7.017336966363267e-06,1.1661564632390368e-06,1.3249347033431694e-08,-6.923280645978106e-06,-1.4170463601092372e-05,-5.463265054550549e-06,-1.5311687086562914e-05,2.147305652695576e-08,-5.3044536235690585e-06,-2.2737755582243725e-06,-3.8144775730075586e-07,-5.728291834998378e-06,-1.6347986726166002e-06,-2.3155006067159927e-06,-4.693724647977749e-06,-6.2560293275089915e-06,-1.646646542406719e-06,-1.087508742135108e-06,1.885066333975814e-06,-1.1700225504200615e-06,-3.2637544849818108e-06,-4.015513299482893e-06,-1.8942822096586492e-06,-1.6569274250040978e-06,2.3512655733287028e-06,-3.684066912338048e-06,-4.679306103590166e-06,-3.878436304392599e-06,-3.7400183032859577e-06,-1.919634382958626e-06,-7.79025090720043e-06,-2.0057296098091217e-06,-1.8953658313750852e-06,-1.3902730631328625e-06,-4.466270811850535e-06,-1.0565594496276054e-07,-1.6819027587796517e-06,-3.359602879098199e-06,-4.455944910765725e-07,-3.249436964721214e-06,-1.1037319566519077e-07,-1.1458021339321304e-06,-6.954738489804087e-06,7.415541228270319e-06,movement,movement,no movement,no movement
5866.666666666684,-0.023047727007557,0.3002035303023891,-0.3133338014,-0.0115400425075862,0.3182094356430478,-0.3086603494333333,-0.0098709946603154,0.3189019203220739,-0.2978419680666666,-0.011039030027441,0.3186519152688387,-0.3010059274333334,-0.0313140703026263,0.327435193510514,-0.324364997,-0.0299764818904882,0.3259332490875702,-0.3377207454666667,-0.0259089654795053,0.3166559285148403,-0.3172099002,0.0251462482661813,0.3274052987090991,-0.1959718435666666,-0.0875181110897378,0.2898677024675692,-0.2152897910999999,0.0013550757821784,0.299468337797605,-0.2590200846333332,-0.0276313652615383,0.2722542295554589,-0.2926414141,0.0951259739893558,0.2244686965487662,-0.0471128791866666,-0.1571811656731443,0.2509848476741743,-0.0452383332933333,0.1554266700518019,0.0673490306583883,-0.0437728290719999,-0.1726984854669866,0.0109842476461551,-0.1285565231633333,0.148746887448212,-0.0072114443143551,-0.1063509523133333,-0.1091791168994055,0.0214151241638897,-0.2683030525999999,0.1343597538945738,-0.0174818942858857,-0.1153963321476666,-0.0664506145898179,0.0384594817342019,-0.3280720073333333,0.1137627922012557,-0.0073020785678644,-0.126526809432,-0.0491011677347046,0.0964448617461107,-0.3306950196666665,0.1446151251440142,-0.0195945311056875,-0.1113424404835666,-0.0965513115752089,0.045537268986872,-0.264938146,0.0738454863942634,-0.1599019444709169,0.0510245265,-0.0719519409760558,-0.1702255138911595,-0.04879753352,0.1035902195102101,-0.4835902094649426,0.04063857601,-0.0243802403874521,-0.4286747981078788,-0.0603976195733333,0.0837353928209475,-0.7183329851817644,0.2531315348,-0.0483062219903351,-0.7364352378484579,0.1347115567266666,0.0664550972220553,-0.7440346042399865,0.2806900065666667,-0.0482427169598001,-0.762783411082239,0.1138883357899999,0.1069511335755001,-0.7789742544994837,0.2476937968333333,-0.0222955945830621,-0.7924635707891775,0.0338352345536666,nijmegen_nijmegen_rennen_g_ch1_g11_compr.mp4,ch1g11,6.57867346550725e-05,0.0004067288360209,0.0001596194994531,0.000127322155566,0.000288965422096,0.0004350092306362,0.0001581819093769,7.372641174485913e-05,1.5174059195749352e-05,4.300055946028211e-05,0.0004685688483855,0.0001905018441666,0.0001729830636819,0.0001602096083719,5.4928011510380465e-05,0.0001883775987409,0.000283929720941,0.0005371798684289,0.0001760892956872,0.0001720489183037,0.000551763904019,0.0001735376118369,0.000171895124392,0.0001324188086396,0.0002764493983506,1.6380888321132892e-05,0.0001435809421223,0.0004186728396108,8.156794722109687e-05,0.0005885276767392,1.4637722912312686e-05,0.0001062082309707,0.0005182061127119,0.0005999527568277,0.0003277677682507,-0.0008520111131881,-0.0007867798119474,-0.0007894888017901,-0.0007813847029426,-0.0008031365354004,-0.0007603868141025,-0.00074506434157,-0.0005305026660432,-0.0007740076885152,-0.0006640339925877,-0.000721281930794,0.000267681074774,-0.0012229319656583,0.000304489791177,-0.0006369015660098,-0.0069450403422297,0.0066434575129739,-0.0089306877073194,0.0085674260449554,-0.0098044606325345,0.0091806895188145,-0.0078038361084925,0.0071879002340468,0.0001423762206696,-0.0001456816375591,0.0008225809687575,0.0004123741482707,0.0041405179041629,0.0014992454240989,0.0042643642103237,0.0015204937654433,0.0042173426182609,0.0011241584402322,-5.700817966250006e-06,-6.140642815191798e-06,-8.369788237333136e-06,1.891553743000128e-07,-3.5008831056015097e-06,-7.342536672205442e-06,-8.412285477745024e-06,-3.131790094123702e-06,5.558078976146638e-06,-3.6074230833566465e-07,-1.7245206645367527e-05,-2.5579925600435807e-06,-8.654238005847924e-06,-8.4736406618873e-06,2.287080646856839e-06,-2.4114168235863277e-06,-3.381073616354411e-06,-1.7309632348157245e-05,-2.4446668011000636e-06,-8.722008306701976e-06,-1.1012498558355756e-05,-9.219615099469486e-06,-8.630727281672298e-06,-8.339123262698257e-06,-3.525999570894912e-06,-6.228582176439798e-08,-8.596728490770232e-06,-1.7288345552945668e-05,-6.012637085058548e-06,-1.839691592239379e-05,-6.279878727902742e-08,-6.445648551528785e-06,-9.666654670458817e-06,-2.18812954477258e-07,-6.706186618924948e-06,-1.8543901353195295e-06,-1.988524123944952e-06,-4.614610409099391e-06,-7.348519776149231e-06,-1.844377858031198e-06,-6.087916308203444e-07,1.6696661009702205e-06,-1.0214320062381487e-06,-3.149655385499617e-06,-4.224736241120286e-06,-2.179956811303007e-06,-1.8614879766804293e-06,2.1759955109024653e-06,-3.649055292326914e-06,-4.343012874263516e-06,-3.810869652783471e-06,-3.913454942474861e-06,-2.20659514685626e-06,-9.35668968014705e-06,-2.2589727723535785e-06,-2.1802366312285705e-06,-1.4178887562962952e-06,-4.415996264469447e-06,-9.35676322431672e-08,-1.8102311674479497e-06,-3.1585865040166276e-06,-4.353797370565102e-07,-3.1720765391602394e-06,-9.633924082247469e-08,-1.2416430042963667e-06,-8.341074166661792e-06,7.977392576912755e-06,movement,movement,no movement,no movement
5883.333333333351,-0.025740060263003,0.2993835961931095,-0.3138594815666666,-0.0140019210062955,0.3174559372120454,-0.3092516056666666,-0.0123639006808946,0.3181456383505633,-0.2984441518,-0.0135235306565501,0.3179041073942587,-0.3015711811333333,-0.0339977557781119,0.3266698530396887,-0.3242978523666666,-0.0326914812590965,0.3252066985908031,-0.3376570211333333,-0.0286114555329481,0.3159445142359018,-0.3171303518666666,0.0241667956699855,0.3269125291606484,-0.1965702165666666,-0.0890956887526886,0.2891067801295829,-0.2135491630999999,-0.0007047993643533,0.2988317469632731,-0.2598778068999999,-0.029853957479664,0.2715567528080355,-0.2926882931666666,0.0950833824309786,0.2248069970114965,-0.0476059241466666,-0.1577059954684492,0.2497314512615386,-0.0442399782199999,0.1561610877352972,0.0678530957347401,-0.0412603807836666,-0.1706956766623042,0.010311712599273,-0.1311366599833333,0.1493317874898435,-0.0139309094996045,-0.1005423943723333,-0.1077814181411499,0.0279571248788255,-0.2745884706666666,0.1348662634304608,-0.0262342053073124,-0.1089282265103333,-0.0653354283495739,0.0468896513681732,-0.3350020585666666,0.1134671627508822,-0.0169680081121949,-0.1204229493986666,-0.0489784220048897,0.1054824945181104,-0.3372541839999999,0.1447771885057139,-0.0271987404257714,-0.1055042936935666,-0.0956100591377639,0.0526184471017455,-0.332768321,0.0740315739549796,-0.1597562963640613,0.0505498296433333,-0.0721698766384631,-0.1703755596733186,-0.0482175427,0.1044154010342525,-0.482756736971998,0.0416962703033333,-0.0237753545851761,-0.4282193933605249,-0.0589107681766666,0.0857696538327483,-0.7142412214524247,0.2585068063333333,-0.045823006447183,-0.7349470443768814,0.1366332422599999,0.0686979924285024,-0.7398194478729939,0.2865342524333333,-0.0455106302713966,-0.7612772728865982,0.1158794128033333,0.1090960192355798,-0.7748625021704766,0.2542315561333333,-0.019405321859539,-0.7913546549343722,0.0364020655686666,nijmegen_nijmegen_rennen_g_ch1_g11_compr.mp4,ch1g11,6.032658011816793e-05,0.0003957456517771,0.0001503455875074,0.0001266067343424,0.0002819337135926,0.0004226090629839,0.0001488961237393,6.898953952320362e-05,2.2019354131907145e-05,4.242404288727503e-05,0.0004523075853149,0.0001851485693028,0.0001631639550674,0.000150813592915,5.7542775510492126e-05,0.000184587232203,0.0002763507586908,0.000520328159188,0.0001711235753897,0.0001623445414608,0.0005344765280061,0.0001632820889422,0.0001621353940733,0.0001235321475038,0.0002693883982973,1.617979550468299e-05,0.0001342601922537,0.0004028278199249,7.47296392638513e-05,0.0005704122171194,1.44527429286537e-05,9.926585377643116e-05,0.0005028336594467,0.0005815714140158,0.0003191447746577,-0.0007888755204137,-0.0007318209437977,-0.0007332874115102,-0.0007273905477305,-0.0007530492587896,-0.0007090528875248,-0.0006941135500177,-0.0004697862234732,-0.0007270892607972,-0.0005986028851305,-0.0006593137494384,0.0003926508628997,-0.0011367411552232,0.0004943223692817,-0.0006207859047307,-0.0066787531483729,0.0064189748341353,-0.0086488989484532,0.0082699288874961,-0.0095012885948864,0.0088656869123566,-0.0075318906964566,0.0069459631733401,0.0001463322109216,-0.0001510138885158,0.0007815583905802,0.0003247846317628,0.0039389871870875,0.0013742522236456,0.004046841870618,0.0013913021186704,0.0039973763287224,0.0009706542780946,-5.929446542716293e-06,-1.320654693145877e-05,-1.0275526028061332e-05,-1.553627472841994e-06,-8.309122600124383e-06,-1.513511236996556e-05,-1.0306642926470117e-05,-3.4277584223692168e-06,7.231284600983343e-06,-1.3195977437516244e-06,-2.0190305363569813e-05,-7.066130317110972e-06,-1.0910435271914016e-05,-1.0383074624014649e-05,4.682444933864929e-06,-6.134360435636486e-06,-7.569252502052106e-06,-2.081752262118761e-05,-6.6358152701500525e-06,-1.101909294559287e-05,-2.1035917349499864e-05,-1.1547420289335888e-05,-1.0883921459332084e-05,-9.74776452890201e-06,-8.153065279566425e-06,-1.4174407124016128e-07,-1.0444685103760524e-05,-2.0196344304011504e-05,-6.5869150834808676e-06,-2.128838896854356e-05,-1.4497980203381873e-07,-7.75229180534876e-06,-1.8560852833691415e-05,-8.392139588963299e-08,-7.275034673885736e-06,-2.0436050933706976e-06,-1.6150746293662456e-06,-4.201120939169277e-06,-7.973668559557912e-06,-2.011999276368827e-06,-1.0241163143294349e-07,1.1517962824480622e-06,-8.121615886667392e-07,-3.4739594072316533e-06,-4.125997563262206e-06,-2.3960517248471948e-06,-2.0364122720270116e-06,1.6857201072449162e-06,-3.465570667807842e-06,-3.6884361448940314e-06,-4.249872035561169e-06,-3.8063181660812503e-06,-2.420467616375292e-06,-1.031549296390621e-05,-2.432642356222831e-06,-2.394486984085902e-06,-1.424401259570822e-06,-4.030883340428187e-06,-8.7783422592577e-08,-1.8719251406521831e-06,-3.310372940043165e-06,-4.010059294708907e-07,-3.7839853765153937e-06,-8.522232441481006e-08,-1.2946413747274448e-06,-9.232729486618316e-06,8.326753079490354e-06,movement,movement,no movement,no movement
5900.000000000018,-0.0282228571800665,0.2985744744254869,-0.3143989443333332,-0.0162478514072296,0.316708544171746,-0.3098552556666666,-0.0146401733110547,0.3173960658630286,-0.299057725,-0.0157950283649065,0.3171609728055646,-0.3021489488333332,-0.0364800270230078,0.3258966705687983,-0.3242510746333333,-0.0352029076432642,0.3244768957557169,-0.3376156448333333,-0.0311084477885631,0.3152320831559151,-0.3170733966666667,0.023378311519804,0.3264259588176965,-0.1971646268666666,-0.0905080491231165,0.2883497261260962,-0.2118331105999999,-0.0025480462130325,0.2982137010799047,-0.2607406755333333,-0.0318797444663384,0.2708745930037941,-0.2927486269666667,0.0951593787124288,0.2252082835738928,-0.0480410089933333,-0.1581669537368948,0.2485432913989954,-0.0431713582066666,0.1569940565226002,0.0684337274655131,-0.0386530487006666,-0.1686604014482108,0.0096376170287334,-0.13367289871,0.1499299123246161,-0.0204055359906186,-0.0952198683523333,-0.1063041759521309,0.034422152517184,-0.2812282711333332,0.1353941586801503,-0.0347218707157362,-0.1031796697636666,-0.0641226582866083,0.0552481361001939,-0.3424308928999999,0.113183535822457,-0.0262857029939788,-0.1150443293353333,-0.048693091662682,0.1144632732867424,-0.3443762491333332,0.1449502111865047,-0.034549312894578,-0.1001771947535666,-0.0945454470041697,0.0596256020008994,-0.311908185,0.074225394472976,-0.1596065576493013,0.0500710563266666,-0.0723958156309015,-0.170531919459411,-0.0476273025166666,0.1052434169140003,-0.4819430193011973,0.0425710945666666,-0.023224141942722,-0.4279514518683119,-0.05746040488,0.0879908110545621,-0.7103538060673452,0.2639038902,-0.043335960493134,-0.7336361439682259,0.1386035507933333,0.0711544802633034,-0.7358323177713261,0.2924285955,-0.0427677029284339,-0.7599487016036038,0.1179432641133333,0.1114568876720451,-0.7709071654806439,0.2607080344333333,-0.0165553119388526,-0.7904825303864426,0.0389686105299999,nijmegen_nijmegen_rennen_g_ch1_g11_compr.mp4,ch1g11,5.420117113607949e-05,0.0003790673241999,0.0001406940090316,0.0001257311955497,0.0002713760863918,0.0004044529168354,0.0001392230618152,6.564345864557804e-05,2.979903278194345e-05,4.087167321862076e-05,0.0004314207527349,0.0001770320211847,0.0001529118463549,0.0001410359720657,6.23323376093194e-05,0.0001782819921929,0.0002663345235445,0.0004988602408997,0.0001635046526053,0.0001520247313085,0.0005104356722734,0.0001525254139151,0.0001519493118112,0.0001137506374928,0.0002590722229848,1.593729576715103e-05,0.0001241549974646,0.0003825672848136,6.757765736431892e-05,0.0005473882891786,1.4219955187509248e-05,9.157859169214332e-05,0.0004805015907531,0.0005565459707265,0.000306353044943,-0.0007146920119435,-0.0006656022398074,-0.0006659111667703,-0.0006623670560839,-0.0006930569677757,-0.0006479572254542,-0.0006336884595965,-0.0004021687856305,-0.0006681837429185,-0.0005217778697411,-0.0005862658395248,0.0005212270041352,-0.0010439397405767,0.0006952872920595,-0.0006208370334627,-0.0063370434166877,0.0061148375044787,-0.0082831035785897,0.0078697015666361,-0.0091066687146272,0.008457443736109,-0.0071783636066843,0.0066216570355567,0.0001498459165419,-0.0001561823963251,0.0007462677990132,0.0002217705761328,0.0036972282053446,0.0012360221936787,0.0037853621832776,0.0012502388816155,0.0037392784697643,0.0008060198473106,-5.897229231644413e-06,-2.100947976527723e-05,-1.2368672410016451e-05,-3.006160487617082e-06,-1.2801074580457786e-05,-2.3707134639927627e-05,-1.2361276838993618e-05,-3.2925124584016163e-06,8.275008237657661e-06,-1.8640766443331891e-06,-2.3435341395543764e-05,-1.1390095563694893e-05,-1.3407099174644971e-05,-1.2463268824289717e-05,6.218436635325769e-06,-9.652487627644416e-06,-1.137753206909976e-05,-2.480574789098945e-05,-1.0628414256129183e-05,-1.3536569196967614e-05,-3.225750798097971e-05,-1.4036895709682076e-05,-1.3379285241167115e-05,-1.1091983327266568e-05,-1.245753100717153e-05,-2.5150518980822404e-07,-1.2316416448750862e-05,-2.328660469573783e-05,-7.158532622181787e-06,-2.4626935576604772e-05,-2.455605260455693e-07,-9.10931819213481e-06,-2.8579210271394655e-05,4.5044685793803054e-08,-7.292526992250134e-06,-2.123355462727254e-06,-1.2985598423655237e-06,-3.529821266389896e-06,-7.974099418717056e-06,-2.072685617875829e-06,3.09508911471489e-07,4.1554307584441753e-07,-5.624691893690104e-07,-3.921771251577801e-06,-3.7599071367844375e-06,-2.465064703561855e-06,-2.10480274988469e-06,9.3738676788808e-07,-3.1401473816325715e-06,-2.859158754447771e-06,-4.874927000499165e-06,-3.451256808101885e-06,-2.472862891295447e-06,-1.042439678921706e-05,-2.440262895421555e-06,-2.4605059270771084e-06,-1.343246480779436e-06,-3.3896889010404503e-06,-8.982580489960614e-08,-1.7938292151474556e-06,-3.5234877922960317e-06,-3.39509909828824e-07,-4.722663878085993e-06,-7.920969433512712e-08,-1.257926331274409e-06,-9.389340620858213e-06,8.25595953066462e-06,movement,movement,no movement,no movement
5916.666666666685,-0.0304902488492686,0.2978663325900105,-0.3144552270333332,-0.0183002815557091,0.3160530643344254,-0.3100007406666666,-0.016721337862782,0.3167422090741517,-0.2992167869666667,-0.0178729581288898,0.3165110732501652,-0.3022769299333332,-0.0387333737141697,0.3252169928936186,-0.3237863928333333,-0.0374855099856055,0.3238433814501685,-0.3371475269999999,-0.0333733682512092,0.3146105623415708,-0.3165987340666666,0.0226526554616425,0.3260581001766154,-0.1973877533666666,-0.0917440845485035,0.2877224143400813,-0.2098373980666666,-0.0042344774102764,0.2977135370089101,-0.2611184095333334,-0.0337125867321774,0.2703068041512921,-0.2923774817666667,0.0952415003240234,0.2258011301733808,-0.0481632678666666,-0.1585248670430033,0.2475744280823113,-0.0419637966033333,0.1577783300178402,0.0692948527878515,-0.035999400291,-0.1666410505846069,0.0090624030541015,-0.1361296116833333,0.1504765381112065,-0.0264760512018483,-0.0898770778656666,-0.1047300126948375,0.0406918104975974,-0.2877929831666666,0.1358825767630913,-0.0427518844530646,-0.097391940367,-0.0627129431785952,0.0633508454758379,-0.3497465797333333,0.1128632134450726,-0.0351305259898702,-0.1096467266586666,-0.0481590864130199,0.1231405122805891,-0.3513644968666666,0.1450837620582364,-0.041460053717517,-0.0948326154969,-0.0933469527307072,0.0664223245682308,-0.321774244,0.0744026889830253,-0.1594581676828267,0.0496337675933333,-0.0726038773730201,-0.1706875583316824,-0.0470793485733333,0.1060418688710706,-0.4811807257537799,0.0432942871599999,-0.022615889354704,-0.4276959131505755,-0.0560374021,0.0902015709015608,-0.7065333424661973,0.2689702731,-0.0409717402034143,-0.7323131990598504,0.1405325704266666,0.0736041296070469,-0.7319263294593075,0.2979166405333333,-0.0401651314903196,-0.758607103099164,0.1199595362766666,0.1138698855302599,-0.7669787211044993,0.2668250862666667,-0.0137142646673153,-0.7896046000365378,0.04160109024,nijmegen_nijmegen_rennen_g_ch1_g11_compr.mp4,ch1g11,4.791600118015428e-05,0.0003566960833624,0.0001290180789407,0.0001221940496581,0.0002568356928191,0.0003796559268101,0.0001275627389903,6.328877366825847e-05,3.862176134470984e-05,3.844462963999993e-05,0.0004066298370241,0.0001644011325095,0.0001401137925338,0.0001292929537509,7.112112405753348e-05,0.0001675448613616,0.0002528795873699,0.0004732708070348,0.0001518026544119,0.0001389585148433,0.0004778649743676,0.000138997702118,0.0001391448374654,0.0001030807360871,0.0002449698790732,1.561025276393677e-05,0.000112178473122,0.0003581034012197,6.036534111458688e-05,0.0005218561465326,1.3912882721356478e-05,8.274133152213506e-05,0.0004513300159281,0.0005248425877444,0.0002881914078172,-0.0006294440632093,-0.0005884198773276,-0.0005873046937182,-0.0005863383920932,-0.0006213518483392,-0.0005757698641284,-0.0005626346677125,-0.0003215698289033,-0.0005907428280365,-0.0004311668074238,-0.0005007449244481,0.0006565322459944,-0.000939153357861,0.0009369933919699,-0.0006193956735939,-0.0059279432286329,0.005696300852503,-0.0078534359657661,0.0073137241270634,-0.008674380051437,0.0078699359816249,-0.006761683289894,0.0061695639599769,0.0001521564674414,-0.0001603549091512,0.0006981113834331,0.0001036819280735,0.0033656661890552,0.0010554091575175,0.0034302455433069,0.0010634175951207,0.0033880879541067,0.0006122748837279,-5.68859303887085e-06,-2.8858826247978535e-05,-1.45745503867246e-05,-4.184294351355837e-06,-1.6553903610611814e-05,-3.2259009644628565e-05,-1.4507992080543984e-05,-2.7516133365962635e-06,8.351946397973041e-06,-2.271564744317568e-06,-2.708738385669575e-05,-1.5208341228376182e-05,-1.5965703054975952e-05,-1.4641653464930636e-05,6.746760251317358e-06,-1.2937600794898564e-05,-1.4551657862582816e-05,-2.943160276996398e-05,-1.4140648635198562e-05,-1.6089095056271073e-05,-4.3404454258410245e-05,-1.656105417161944e-05,-1.593470379480446e-05,-1.2394140298350562e-05,-1.6035491075412452e-05,-3.612505397540368e-07,-1.4095671827795584e-05,-2.655547452694579e-05,-7.403834155785805e-06,-2.897342050541829e-05,-3.365501974944015e-07,-1.0297931397181042e-05,-3.876643904780248e-05,1.4396102249404864e-07,-6.595648254634038e-06,-1.9489235620960796e-06,-1.0265663093058089e-06,-2.685046083718646e-06,-7.149864486560801e-06,-1.8861321745261744e-06,5.812541665459838e-07,-4.496920152179369e-07,-3.0142230927084897e-07,-4.258168887717523e-06,-3.0788593337610223e-06,-2.2220333862647552e-06,-1.925319051603059e-06,-1.8448419874035387e-08,-2.6204678437720393e-06,-1.942930622588067e-06,-5.401726945438923e-06,-2.811927792645828e-06,-2.199793841903802e-06,-9.381129385943564e-06,-2.119974673385542e-06,-2.2119256243673325e-06,-1.121540224767583e-06,-2.5720188460482102e-06,-9.448284825606849e-08,-1.477776380834379e-06,-3.5812295020622715e-06,-2.4621976225868336e-07,-5.711802967330462e-06,-7.530709287229842e-08,-1.068616121376515e-06,-8.567171058608562e-06,7.57508807717084e-06,movement,movement,no movement,no movement
5933.333333333352,-0.0325668214553275,0.297309007995065,-0.3144584347333333,-0.020180807653682,0.3155205678238686,-0.3100848209666667,-0.0186311516586489,0.3162119775957736,-0.2993126998,-0.0197823414703264,0.3159795067958007,-0.3023425139333332,-0.0408045300388328,0.3246452896139193,-0.3232678145333333,-0.0395859986067832,0.323322432334142,-0.3366251945999999,-0.0354572316864311,0.3141040231726911,-0.3160715429,0.0220092205465813,0.3257661942098127,-0.1974997455333333,-0.0928642957130362,0.2871803161323225,-0.2078022297666666,-0.0057626325797911,0.2973537784759554,-0.2614148959666666,-0.0353864006833293,0.2698754982902478,-0.2919487604666667,0.0953615690125934,0.2264733285971988,-0.04819921872,-0.1588658016661324,0.2467590256391725,-0.0404876351426666,0.1585649870496127,0.0702060606571346,-0.0331877977276666,-0.164783351976711,0.0084769532141305,-0.1380831914033333,0.1510088782269475,-0.0323351715475237,-0.0843698464856666,-0.1031600762125021,0.0460936702917789,-0.2935327261666666,0.1363457239237708,-0.0504836645882041,-0.091499070027,-0.0612082353340947,0.0702250910589326,-0.3561542205999999,0.1125374716821468,-0.0436166551858419,-0.1041216076686667,-0.0475005915471129,0.1305372798343382,-0.3574791918333332,0.145204118625945,-0.0481177753727553,-0.0893188772635666,-0.0921086611381839,0.0722420924377094,-0.366015732,0.074581062923853,-0.1593083960737878,0.04918034314,-0.0728124858259027,-0.1708467286389435,-0.0465100557933333,0.1068363588721641,-0.4806111936638464,0.0439467312766666,-0.0220504195448596,-0.4277161420729852,-0.0545049582366666,0.0925332651126768,-0.7035649835509183,0.2740065626,-0.0387730401338349,-0.7312563032470827,0.1429952982566666,0.0761963576393997,-0.7289308669054014,0.303401449,-0.0377475708002302,-0.7575328935821363,0.1225758593233333,0.1163833707832759,-0.7640714077559282,0.2727744598333333,-0.0111596326175894,-0.7890095484993649,0.0446766116603333,nijmegen_nijmegen_rennen_g_ch1_g11_compr.mp4,ch1g11,4.21750484528248e-05,0.0003267978522965,0.0001151143152463,0.0001168148450663,0.0002383125005818,0.0003457684383132,0.000113747182354,6.138681917648001e-05,4.752600720301796e-05,3.5922322468485765e-05,0.0003780604830988,0.0001467174886321,0.0001246204821408,0.0001153563928774,7.945564161427127e-05,0.0001518388466403,0.0002372721251337,0.0004424448796297,0.0001354981619646,0.0001232123219198,0.0004315639130226,0.0001231104943582,0.0001236409442092,9.160791600938048e-05,0.0002270710150448,1.5194398079973123e-05,9.861782735068004e-05,0.0003295139347306,5.2568873081303525e-05,0.0004926560386472,1.3533505821313848e-05,7.220290373950882e-05,0.0004109544733866,0.0004851135706816,0.000264425788775,-0.0005333718382997,-0.000498652775116,-0.0004968266102158,-0.0004975388148229,-0.0005354602334642,-0.0004916789548811,-0.0004805329415464,-0.0002275635824117,-0.000498797431434,-0.0003306304435973,-0.0004061399217506,0.0007874761320178,-0.0008267032509258,0.0011730324870563,-0.0006031435617859,-0.0054736758369708,0.0052073441853474,-0.0073546189947808,0.00667275638015,-0.0081863387990852,0.0071726126529168,-0.0062941997349948,0.0056372362489143,0.0001536289836389,-0.0001636379457533,0.0006347408007447,-2.9549518006638876e-05,0.0029626790065014,0.0008340850072552,0.0030017246536358,0.0008345948798147,0.0029745816464256,0.0003784618611025,-5.4032415738433426e-06,-3.4990125960477226e-05,-1.640739889026066e-05,-5.000643279235627e-06,-1.8571867765037794e-05,-3.884992798040285e-05,-1.6265724916248707e-05,-1.8963693344371896e-06,7.4459006553011555e-06,-2.366408273790464e-06,-3.166060502642712e-05,-1.7960021174701418e-05,-1.80509521325401e-05,-1.644084551630828e-05,6.313904365425141e-06,-1.5273097015743e-05,-1.5904088649437673e-05,-3.526985463017115e-05,-1.6640319362925296e-05,-1.8140651596769985e-05,-5.195758301540637e-05,-1.8518164385256988e-05,-1.8009499997548667e-05,-1.3343630577791444e-05,-1.7915453478898933e-05,-4.827365118333148e-07,-1.5392446339857846e-05,-3.0419779512528468e-05,-7.404880731980885e-06,-3.514620384325066e-05,-4.291107464996421e-07,-1.1217239399968102e-05,-4.667081390666204e-05,1.906184070068117e-07,-5.040199433515449e-06,-1.421700491090304e-06,-8.439060235764833e-07,-1.7314968141524466e-06,-5.336161197085652e-06,-1.3576193343651485e-06,7.217053223259872e-07,-1.310527054589446e-06,-8.92014222024143e-08,-4.25928216931258e-06,-2.1154819869307194e-06,-1.5716366536149876e-06,-1.3986016537089518e-06,-9.103037071559724e-07,-1.9001968832535856e-06,-1.032863451067242e-06,-5.51716392143117e-06,-1.9207543214754448e-06,-1.516809318382654e-06,-6.915500277999534e-06,-1.403538793373302e-06,-1.5564658388676012e-06,-7.057740739469012e-07,-1.642923158225564e-06,-9.752510966591673e-08,-8.77780286890752e-07,-3.30533235419409e-06,-9.048961533801005e-08,-6.36766818814552e-06,-7.118689151869243e-08,-6.710949984135946e-07,-6.509184076593166e-06,6.153833156430411e-06,movement,movement,no movement,no movement
5950.000000000019,-0.0344160327874819,0.2968075750354574,-0.3144105712333332,-0.0218882494463907,0.3150487547665063,-0.3101340454666667,-0.0203669171048726,0.3157436140617886,-0.2993731160666667,-0.021517008399694,0.315507483048689,-0.3023743223333333,-0.042662984497931,0.3241356689452042,-0.3227945993333332,-0.0414702614030398,0.3228603509946056,-0.3361452957333333,-0.0373266503749151,0.313653321316599,-0.3155890761,0.0213919201773889,0.3255684236718874,-0.1975922439999999,-0.0938804036942746,0.2867444703200508,-0.2060681344666666,-0.0071531157123376,0.2970614050093388,-0.2616649200666666,-0.0368787966835582,0.2695112841206291,-0.2915336935666666,0.095445655018195,0.2272963425769135,-0.0482813325633333,-0.1591880164677391,0.2460557752082925,-0.0390500037689999,0.1592672189671936,0.0713566236256914,-0.0304542123966666,-0.1629963166781761,0.0078878967655425,-0.1400424807733333,0.1514723064729946,-0.0376463512633827,-0.0791966335656666,-0.1016156563273362,0.0508478464045601,-0.2984788074999999,0.1367514798760745,-0.0575952099201243,-0.0860071796303333,-0.0597177848641118,0.0762799166914069,-0.3616241933999999,0.1121980471264984,-0.0515163559350435,-0.098993644612,-0.0468714547332926,0.1370681352189442,-0.3626593947666666,0.1452873754324737,-0.0542161549316367,-0.0841557772635666,-0.0908994178266487,0.0773815676024212,-0.341633409,0.0747489166468885,-0.1591555694589631,0.0487433444833333,-0.0730081800162089,-0.1710102708363856,-0.04596013415,0.107691769141841,-0.4800593801979667,0.0443979707233333,-0.0215142037374623,-0.4278893190497036,-0.0528948115266666,0.0949353965828537,-0.7009520799222878,0.2784545050999999,-0.0367814770581603,-0.7305775418472349,0.1457898811466666,0.0788484820610624,-0.7262984115497139,0.3082661442000001,-0.0355531096902094,-0.7568508572533005,0.1255384759066666,0.1191100947561295,-0.7614517666397295,0.2780429516333333,-0.0087294719734882,-0.7888051606628596,0.0479583977996666,nijmegen_nijmegen_rennen_g_ch1_g11_compr.mp4,ch1g11,3.6979113857625835e-05,0.0002899905321476,9.779743302807374e-05,0.0001109301701082,0.0002198311902478,0.0003044281282429,9.659375762508108e-05,6.0466471980604875e-05,5.489366532473103e-05,3.3435126325954906e-05,0.0003451098015037,0.0001274953572601,0.0001054209048504,9.80339781527885e-05,8.597656953405184e-05,0.0001353054699285,0.0002227302446563,0.0004053825039349,0.0001176935864077,0.0001038789433538,0.0003757794131158,0.0001035122293459,0.0001044643830018,7.812503839239061e-05,0.0002091557486608,1.4769591274840326e-05,8.263898002343331e-05,0.0002972424343537,4.5103128555743136e-05,0.0004570926035519,1.3157222944815993e-05,6.0368055342568434e-05,0.0003614320822477,0.0004383435258617,0.0002399956405425,-0.0004263999395759,-0.0003981224545449,-0.0003964984262503,-0.0003985621325836,-0.0004392345706463,-0.0003978965292254,-0.0003887247558022,-0.000127131198915,-0.0003981924361548,-0.0002230133610057,-0.0003041526904111,0.0009032456706584,-0.0007109422196714,0.0013737769303529,-0.0005822969913777,-0.0049508328659384,0.004640330556477,-0.0067483163039831,0.0059293662202056,-0.0075797424324804,0.0063637570575999,-0.0057465792744395,0.0050148100293569,0.0001546826344734,-0.0001663081973835,0.0005696606355661,-0.0001458710593423,0.0025557330822184,0.0006308879952152,0.0025707191378446,0.0006267670898278,0.0025608165655904,0.0002011419387461,-5.103574952643691e-06,-3.90269212097708e-05,-1.7632349332925624e-05,-5.641721910398512e-06,-1.933251584628117e-05,-4.306833032128653e-05,-1.741456963169802e-05,-1.0726251526835828e-06,5.60161226083581e-06,-2.328469489880568e-06,-3.624065618739149e-05,-1.9398289300923383e-05,-1.9387734318586317e-05,-1.7632016907518757e-05,4.811113218822999e-06,-1.6718537780056436e-05,-1.5964125531988008e-05,-4.113861124646852e-05,-1.789863140961472e-05,-1.941799502407297e-05,-5.750085570578526e-05,-1.965729002881486e-05,-1.9339029133071805e-05,-1.3866479832254395e-05,-1.8610323159982115e-05,-5.956118648516632e-07,-1.605407537231101e-05,-3.3943683304679417e-05,-7.351475452996422e-06,-4.202020363938073e-05,-5.123550054165534e-07,-1.1757676604018263e-05,-5.194446391645824e-05,2.118557422872406e-07,-2.648334613571854e-06,-4.734074944000162e-07,-7.811294044297997e-07,-8.239549356447363e-07,-2.606691805469278e-06,-4.201394354354824e-07,7.226785421290029e-07,-2.015825929885393e-06,6.427533616739752e-08,-3.676771249504422e-06,-1.0204369519714849e-06,-4.629943755573314e-07,-4.551581670880117e-07,-1.585051145728171e-06,-1.1100511668509656e-06,-2.545711181227788e-07,-4.9128320452241e-06,-9.120398649055072e-07,-3.822905000832222e-07,-3.195854371796862e-06,-2.395825170055979e-07,-4.455320470111645e-07,-3.5508193719039825e-08,-7.52709266362394e-07,-9.825654902870139e-08,3.6176142804854285e-08,-2.533517519195e-06,1.0740968929768797e-07,-6.2375330907721175e-06,-6.760534014560004e-08,-7.064710890852115e-08,-3.280778490174024e-06,4.068775924839042e-06,movement,movement,no movement,no movement
5966.666666666686,-0.0359466875316889,0.2964598860508006,-0.3142631838333333,-0.023349356048355,0.3147245451370082,-0.3100843270666666,-0.0218520048510206,0.3154211745686362,-0.2993334323,-0.0229981589871291,0.3151814023981087,-0.3023115223333333,-0.0442216939473847,0.3237594069618311,-0.3222984035666666,-0.0430526345914236,0.3225233418730728,-0.3356408337999999,-0.0388927731987985,0.3133237064966744,-0.3150847482666666,0.0207896016748638,0.3255192550252163,-0.1976574683666666,-0.0947455944643667,0.2863983895811497,-0.2044197640333332,-0.008342255512265,0.2969192594374343,-0.2617841770333333,-0.0381136476265839,0.2692785619511321,-0.2910877713666666,0.0954260617276208,0.2282525926226902,-0.04827751551,-0.1594604799877759,0.245434326833221,-0.0378075881923333,0.1598242744349129,0.0727220304860745,-0.027776554678,-0.1613202082761602,0.0073207745587165,-0.1416087835366666,0.1518192497722503,-0.0423867137066916,-0.0742129690089999,-0.0999959599331324,0.0549979935642334,-0.3014834334333333,0.1370213964500561,-0.0640102355149615,-0.0807359971803333,-0.058086279769273,0.0815683413619851,-0.3648875258666666,0.1117721120727717,-0.0587457362409818,-0.094048687312,-0.0460938454854562,0.142725769331105,-0.3656676034333332,0.1452860659745538,-0.0597055968722172,-0.0791834385969,-0.0896095148374088,0.0818617974684703,-0.345938116,0.0748945747861552,-0.1589998794425766,0.0483353392666666,-0.0731783257255712,-0.1711774370618394,-0.04544624178,0.1085175222540005,-0.4795597636883382,0.04485775959,-0.0209826795674177,-0.4281493672847829,-0.0513449228766666,0.0972569298423828,-0.6988042518634514,0.2819833901666667,-0.0349349193397878,-0.7301864041015355,0.1483107364033333,0.0814034445780332,-0.7241486987165517,0.3120529787666667,-0.0335346135078428,-0.7564702150275506,0.1281908547866666,0.1217354980395147,-0.759241199155869,0.2821784952333332,-0.0064929931108484,-0.7887778848049013,0.0509330184323333,nijmegen_nijmegen_rennen_g_ch1_g11_compr.mp4,ch1g11,3.211997646850143e-05,0.0002487757770984,7.83322471692736e-05,0.0001045839600773,0.000198054733989,0.0002586592313044,7.734115245781499e-05,5.974481311992412e-05,5.972195048737835e-05,3.1283724285818494e-05,0.0003082877355705,0.0001059270245814,8.417784940588621e-05,7.857397248973603e-05,9.055524493586403e-05,0.0001169151733422,0.000205749591923,0.0003626101617112,9.780756068631788e-05,8.262898969962043e-05,0.0003146233185094,8.187596766245706e-05,8.32857807554839e-05,6.311944495262211e-05,0.0001883183759876,1.4109163194648069e-05,6.52691022761079e-05,0.0002626305036338,3.796683102354913e-05,0.0004142474600131,1.2587470147698105e-05,4.799653721953437e-05,0.0003063748334029,0.0003873012081065,0.0002122030387671,-0.0003109674612606,-0.0002886390104959,-0.0002876479670957,-0.0002909456490214,-0.000331710704132,-0.0002941584720094,-0.0002874220981976,-2.311136309536184e-05,-0.0002913898816363,-0.00011192477587,-0.0001975881932469,0.0009880318140067,-0.0005918307930837,0.0014990541545347,-0.000536040407208,-0.0043774807592899,0.0039948318252468,-0.006045436650235,0.0050755349016459,-0.0068598482259997,0.0054210557706014,-0.0051260467366667,0.0043039805003695,0.0001542128638487,-0.0001668112633821,0.0005052989364568,-0.0002438074095303,0.0021131060727985,0.0004329053000668,0.0021056821171645,0.0004250288843786,0.0021224108647736,4.1232029268064895e-05,-4.8813273500349855e-06,-4.043632370061259e-05,-1.7779607748301856e-05,-6.206467745558239e-06,-1.8895721878614608e-05,-4.4274097098898424e-05,-1.7508972386812152e-05,-3.0050685194021e-07,3.099342952428459e-06,-2.2226627096444418e-06,-4.0067384028971174e-05,-1.959125355232704e-05,-1.9435382994506067e-05,-1.776088958711208e-05,2.7247758092734247e-06,-1.7200235495677735e-05,-1.5082884343353235e-05,-4.623498191728341e-05,-1.8027035243858157e-05,-1.937790632564778e-05,-5.8823749721494226e-05,-1.9446773110741373e-05,-1.936835527263675e-05,-1.366595518055311e-05,-1.814806248280063e-05,-6.839385772751692e-07,-1.5680701458282863e-05,-3.651077701121723e-05,-7.093662107546258e-06,-4.8786626835781954e-05,-5.690718048484701e-07,-1.1635430286497582e-05,-5.365780782099815e-05,2.454058093420411e-07,3.396863119427574e-07,8.349516193507351e-07,-8.196994865927527e-07,3.3377914293116534e-08,7.447353436972351e-07,8.661815467107337e-07,6.128946513805438e-07,-2.4501260172293243e-06,1.375423818553689e-07,-2.3642634613699165e-06,1.2779940901393236e-07,1.0150684178863811e-06,8.464436127553181e-07,-1.949844987164002e-06,-2.912120168888248e-07,3.782622991717563e-07,-3.4080562166466567e-06,1.3694316188127045e-07,1.1087564621623583e-06,1.3536436601647577e-06,1.2723440363160292e-06,1.0289722051500636e-06,8.647320233787711e-07,8.173802435121524e-08,-8.723901852373004e-08,1.193154226580109e-06,-1.1976903427743195e-06,3.494552168977787e-07,-4.993612198482336e-06,-5.713963588081115e-08,6.824641238072281e-07,7.588039358263879e-07,2.454312871250352e-06,movement,movement,no movement,no movement
5983.333333333353,-0.0372971274827475,0.2961889151443291,-0.3139939963333332,-0.0246783467666147,0.3144685570361805,-0.3099221527333334,-0.0232020975271556,0.3151668029157999,-0.2991838376333333,-0.0243374702829753,0.3149212809504817,-0.3021474833999999,-0.0456091078900772,0.3234686071369256,-0.3218046674999999,-0.0444622119145821,0.3222660171392415,-0.3351298709999999,-0.0402809873115539,0.3130691060373661,-0.3145811823999999,0.0201951873768333,0.3255552453304642,-0.1977316607666666,-0.0955173839360486,0.2861677151536298,-0.2032710425333332,-0.0094197391319816,0.2968468393307169,-0.2617953842000001,-0.0391832154622929,0.2691278188068913,-0.2906051654666666,0.0953343151929652,0.2293123016641929,-0.0481787289433333,-0.1596641246244061,0.2449029628387534,-0.0371044869589999,0.1602052644133598,0.074238415041497,-0.0252357924919666,-0.1597327550497118,0.0067961274771856,-0.1426009835666666,0.1519489706694329,-0.0465978755573176,-0.0697275471289999,-0.0985860514235835,0.0584534936096895,-0.3033480127333333,0.1370678921345066,-0.0698158745226611,-0.0759523754969999,-0.0567190758957236,0.085978436728127,-0.3668351066666667,0.1111612577549451,-0.0653994737085945,-0.0895362558253333,-0.0455085685800956,0.1474018100911887,-0.3673654208666665,0.1450958654373042,-0.0646438129804859,-0.0747005535135666,-0.0885262534298036,0.085590371285817,-0.33946386,0.0750218626682689,-0.158844079881605,0.0479861142866666,-0.0733264254384014,-0.1713451630445829,-0.0450055326099999,0.1093595375824765,-0.4790575093176391,0.0452842604399999,-0.0205468677626644,-0.4284818232818009,-0.04993909828,0.0994889763301198,-0.6968607540321524,0.2848572216666666,-0.0335801531844482,-0.7299695898504399,0.1503345800033333,0.0838446527000692,-0.7222093326302688,0.3151069921000001,-0.0320728429528556,-0.7562698238891514,0.1303078105933333,0.1243144027386692,-0.7572636402845621,0.2855520182999999,-0.004726782785939,-0.7889430280094191,0.0533775123566666,nijmegen_nijmegen_rennen_g_ch1_g11_compr.mp4,ch1g11,2.7581615654136516e-05,0.0002058765381621,5.896053606927468e-05,9.801226131940392e-05,0.0001781071331875,0.0002114725195068,5.8290973518868654e-05,6.013470289186637e-05,6.130790356405999e-05,2.920884047137336e-05,0.000269079195102,8.543578247596046e-05,6.300332179313318e-05,5.9251061321722554e-05,9.136542218890404e-05,9.885189710113022e-05,0.0001900829337843,0.0003163469740372,7.866506679522698e-05,6.158302244588201e-05,0.0002512833267773,6.073346956105781e-05,6.216851019355543e-05,4.839174117988453e-05,0.0001693509107418,1.3342343692290907e-05,4.8379041653575065e-05,0.0002274469574249,3.109550940452085e-05,0.0003656625562596,1.1953485371013588e-05,3.5689580400002503e-05,0.0002488362442644,0.0003347705350657,0.0001867295469469,-0.0002074233095202,-0.000190051451211,-0.0001908065031576,-0.0001946890662282,-0.0002332376220004,-0.0002001970798536,-0.0001959610052112,6.644069390193971e-05,-0.0001950696158024,-1.7685207255609455e-05,-0.0001042575414916,0.0010234463620571,-0.0004858927032164,0.0015281822536192,-0.0004915551081944,-0.0037694477510555,0.0032625959581341,-0.0052535908470762,0.0041196552907581,-0.0060238461883784,0.0043720913771438,-0.0044504508773237,0.0034991991297408,0.0001534385044542,-0.0001662912449513,0.0004748921555877,-0.0003112502329076,0.0017406395178459,0.0002764498492284,0.0017176827165533,0.0002694827085543,0.0017413733314575,-6.668175044829169e-05,-4.699375226006891e-06,-3.866851356712926e-05,-1.6655920739065844e-05,-6.950903242189773e-06,-1.832538080195354e-05,-4.196065241081537e-05,-1.6367303195188253e-05,1.9300396281213788e-07,2.975907444585054e-07,-2.125239838700993e-06,-4.2104176560939936e-05,-1.8671932869117164e-05,-1.801627272303192e-05,-1.6637959374792753e-05,4.0848528043320177e-07,-1.7028807143283142e-05,-1.4195906335460042e-05,-4.937790633743028e-05,-1.7174984584013595e-05,-1.7854737931966735e-05,-5.541241162666629e-05,-1.7739811073017953e-05,-1.7930007324667554e-05,-1.2602868507382817e-05,-1.7554710282478353e-05,-7.400977617903976e-07,-1.413347447958123e-05,-3.72934998506932e-05,-6.550366168703553e-06,-5.384339357721292e-05,-5.998277308920342e-07,-1.071509931606872e-05,-5.106196514889827e-05,3.482606697681492e-07,3.6180158205622064e-06,2.326920743665753e-06,-8.874569942372996e-07,6.640068419868449e-07,4.3689680678793755e-06,2.325981107529953e-06,4.180146175131751e-07,-2.540100850214341e-06,1.5463803232787194e-07,-3.074235555767782e-07,1.149290399898311e-06,2.6671791364125175e-06,2.330244421411326e-06,-1.912654964098741e-06,4.598871490450234e-07,7.599351769007977e-07,-9.9413858658286e-07,1.067269845309148e-06,2.758418972644097e-06,6.2680764532809144e-06,2.9215300573637773e-06,2.674173699688722e-06,1.8909134166027344e-06,6.9270681102509e-07,-6.756924996630681e-08,2.449349400145257e-06,6.754136414773587e-07,6.499447196071683e-07,-2.536842196029899e-06,-4.3276913562381013e-08,1.5298623101423818e-06,5.19894603706532e-06,4.241703784240995e-06,movement,movement,no movement,no movement
6000.00000000002,-0.0383099058644738,0.2960433111287708,-0.3137455373666666,-0.0256194134717525,0.3143427304058182,-0.3097441268666667,-0.0241560909418312,0.3150375215976894,-0.2990193,-0.0252844897454293,0.314790585644277,-0.3019606596,-0.046624633223989,0.3232912070583044,-0.3213024546666666,-0.0454963079779793,0.3221171439666387,-0.3346108078999999,-0.0412853173353518,0.3129241620946484,-0.3140690244999999,0.0198625030428317,0.3256699290442188,-0.1976584637666666,-0.0960614302741896,0.286000836941533,-0.2022013837999999,-0.0102118616284611,0.2968857333654612,-0.2618114893666667,-0.0399812193994449,0.2690727568124977,-0.2901280213666666,0.0952911226067969,0.2303422434669954,-0.0479265329966666,-0.1597391468006208,0.2444062936934102,-0.0365356109156666,0.1605360195649721,0.0757899240553953,-0.0229718131266333,-0.1581799793565569,0.0063158526400547,-0.1432219944333333,0.1520138635817548,-0.0501306648824386,-0.066138024779,-0.097160260538555,0.0614121286227408,-0.3050654162666666,0.1370513307160997,-0.0747667281495236,-0.0722299479603333,-0.0553234168263409,0.0897239744533822,-0.3687791221,0.1105191193647837,-0.0710634588918896,-0.0860634431253333,-0.0447245874627962,0.1514155359832987,-0.3691324392999999,0.1448485107003865,-0.0688375056157782,-0.0711372675469,-0.0873504117316721,0.0887648818496644,-0.338093936,0.0751413756125689,-0.158686127253942,0.0476794795566666,-0.0734658107039418,-0.1715153690249114,-0.0446156673199999,0.1102509576825887,-0.4785522975577,0.0458321457133333,-0.0201541670795856,-0.4287566336906708,-0.0485812828666666,0.101677725999777,-0.6951016406626205,0.2876715756666666,-0.0323644703391486,-0.7297412331482489,0.1521969579266666,0.0862302920206859,-0.7204613238726281,0.3181068283000001,-0.030760941106464,-0.7560549866253943,0.1322511145,0.1269134270799425,-0.7554765514919854,0.2888414650333333,-0.0031978312014385,-0.7889890743107782,0.0555407787766666,nijmegen_nijmegen_rennen_g_ch1_g11_compr.mp4,ch1g11,2.347693776721541e-05,0.0001663008264272,4.237282838230164e-05,9.122568380358705e-05,0.0001615520831173,0.0001689794585546,4.2007510204423915e-05,5.9681353101762795e-05,6.034720352167692e-05,2.7451886444266865e-05,0.0002247304265393,6.833517582736297e-05,4.517207679170272e-05,4.2677451953931465e-05,8.946986001599828e-05,8.280229101017971e-05,0.0001764755513562,0.0002642277978762,6.297451378303119e-05,4.404826650097484e-05,0.0001956653637623,4.316120149425628e-05,4.444283817336076e-05,3.592820887956216e-05,0.0001535758721955,1.254132856164288e-05,3.458536594809533e-05,0.0001889504968436,2.5384594272528485e-05,0.0003073528491887,1.130194620768875e-05,2.5493020100433336e-05,0.0001965214558389,0.0002822857353189,0.0001659859569566,-0.0001190471767308,-0.0001037320962606,-0.00010655877539,-0.0001104969931352,-0.0001457880835718,-0.0001183065003867,-0.0001165126242729,0.000139293784585,-0.0001113618979585,5.759076454584661e-05,-2.7695179827430766e-05,0.0010006292990326,-0.0003942281224417,0.0014501224937858,-0.0004364772895226,-0.0031933434120194,0.0024869982703805,-0.0044775940487396,0.0031098159283196,-0.0051872873456397,0.0032627332331117,-0.0038012217938357,0.0026439050904669,0.0001525963812011,-0.0001652902766135,0.0004579610118145,-0.0003598430623237,0.0014307541937767,0.0001776158798252,0.0013988559871362,0.0001770106891256,0.0014364605068429,-9.92860533119119e-05,-4.260815955229457e-06,-3.378595048122138e-05,-1.3896682711099685e-05,-8.046271436641078e-06,-1.7433130324937688e-05,-3.6209776747766216e-05,-1.3624374860437994e-05,3.5710685898140364e-07,-2.346916417716713e-06,-1.994037905765035e-06,-4.172671174127302e-05,-1.7152597026240533e-05,-1.4865711695576196e-05,-1.388343197864148e-05,-1.73257776355317e-06,-1.6290645495172435e-05,-1.3373710718791272e-05,-4.962782002408329e-05,-1.578426549461094e-05,-1.4598241686299656e-05,-4.737495486115436e-05,-1.4360862124470908e-05,-1.477162203245257e-05,-1.0455711604426693e-05,-1.6649580094423925e-05,-7.896833150489416e-07,-1.1321176989260317e-05,-3.591470796845909e-05,-5.812279114597663e-06,-5.573212017085856e-05,-6.29879437117635e-07,-8.859115861806307e-06,-4.417872971347542e-05,5.378181809119468e-07,6.776767897852482e-06,3.776079912437696e-06,-9.273375211866596e-07,1.0272819843015357e-06,7.786365965692854e-06,3.7401472903464384e-06,2.190304535020877e-07,-2.3039565503260298e-06,1.2016691906928668e-07,2.4344048930080436e-06,1.9060539097888533e-06,4.230766791132958e-06,3.773698685009227e-06,-1.5072082367584409e-06,1.0605323345588296e-06,8.836799354421878e-07,2.2531102805556575e-06,1.7405815945500895e-06,4.301917173920013e-06,1.0820904139517442e-05,4.446945700425959e-06,4.225332219511363e-06,2.8912379745245093e-06,1.0503231136610218e-06,-4.4632725832329867e-08,3.6017906324496587e-06,3.0220276936148977e-06,9.84219171369386e-07,1.1480234945077134e-06,-3.0063972506171955e-08,2.3348626295025537e-06,9.43643035604975e-06,7.628162692909246e-06,movement,movement,no movement,no movement
6016.666666666687,-0.0389726641527619,0.295981658127138,-0.3119874377999999,-0.0262668939835004,0.3142988124879445,-0.3080338471,-0.0248153108646549,0.3149901139737691,-0.2973265827333333,-0.0259346894584654,0.3147396059605499,-0.3002645478333334,-0.0473023371628983,0.3232058831779302,-0.3193596502,-0.04619528163589,0.3220544506343123,-0.3326242079333333,-0.041954962470881,0.3128615115686022,-0.312120348,0.0195653271175457,0.3258288412837394,-0.1962099447333332,-0.0964383902015338,0.2859301370120898,-0.2002279534666666,-0.0107569954466184,0.2969884573635477,-0.2603161479,-0.0405107831915402,0.2690858021230486,-0.2882416138333333,0.0951916632641912,0.231348255923975,-0.0465815024733333,-0.15969113215603,0.2439910521179663,-0.0354561257223333,0.1606538156267007,0.0773582874759756,-0.0198675754799666,-0.1568060687662506,0.0058697014505684,-0.1432850442333333,0.151867099460769,-0.0527827082262449,-0.0616875163123333,-0.0957450931476835,0.0636244203711849,-0.3053224781666667,0.1368499548123202,-0.0786864078983716,-0.0674988426936666,-0.053891485311375,0.0924644260495614,-0.3688241971,0.1097550671696739,-0.0757202526227805,-0.0814472978253333,-0.0437715146510294,0.1542985755473842,-0.3688642750333333,0.1444341757067233,-0.0720651329185621,-0.0666395390469,-0.0861396484492161,0.091123122880838,-0.334687799,0.0752380009943915,-0.1585373817426466,0.0474394455666666,-0.0735758071382993,-0.1716787056914513,-0.0443068657133333,0.1111685785402192,-0.4780365130884222,0.0459441795966666,-0.0198713255359343,-0.4290782844988231,-0.0477003246033333,0.1037510018207897,-0.6937128435946093,0.2891563432666666,-0.0315837376164668,-0.7295549375379641,0.1540822260133333,0.0884674601334793,-0.7191200545899085,0.3197263262333334,-0.0299182568401047,-0.7558781429179477,0.1342548214933333,0.1295402449866121,-0.7540516916794533,0.2909868776,-0.0020607336635984,-0.7890654895138184,0.0577864904366666,nijmegen_nijmegen_rennen_g_ch1_g11_compr.mp4,ch1g11,1.9965523915421537e-05,0.0001338853740463,3.056929506513109e-05,8.391537307677665e-05,0.0001456862617244,0.0001351106420846,3.0477791828858084e-05,6.005031947862581e-05,5.63246705068479e-05,2.578922512684977e-05,0.0001827003898142,5.344729973757626e-05,3.2675885829302944e-05,3.0878129467071536e-05,8.665254247528732e-05,6.782748393590979e-05,0.000163755347859,0.0002138148197728,4.926164418984115e-05,3.1958716803675594e-05,0.0001525740945431,3.140318510733279e-05,3.208283921584732e-05,2.7183224743655476e-05,0.0001383988305217,1.1810482644985315e-05,2.5401249715684423e-05,0.0001538378276305,2.093830638642455e-05,0.0002484434187226,1.072736156833931e-05,1.802589876085602e-05,0.0001548784671231,0.0002369426587798,0.0001469045468257,-4.8071668088691094e-05,-3.4012744625654186e-05,-3.902874277518484e-05,-4.273829550773546e-05,-7.503950107451785e-05,-5.232565283630572e-05,-5.257622676705305e-05,0.0001918111388462,-4.80814878351309e-05,0.0001130690207311,3.031719519304337e-05,0.0009302095465576,-0.0003224128316516,0.0012934615512692,-0.0003757825991236,-0.0026103255131175,0.0017001673236008,-0.0036774526770485,0.0020845358555346,-0.004290854193924,0.0021485351409166,-0.0031290946337556,0.0017748970096196,0.0001512691681392,-0.000163537838779,0.0004556681257292,-0.0003811808198258,0.0011842106855468,0.0001552568803769,0.001147247963948,0.0001646651415416,0.0012204246993429,-5.226318733856405e-05,-3.692552885442029e-06,-2.5622002499766063e-05,-9.530092487721378e-06,-9.06228668066959e-06,-1.632488135058974e-05,-2.687751062152882e-05,-9.3155085425719e-06,2.0812714870917985e-07,-4.551037749901562e-06,-1.876324875981412e-06,-3.794988644996756e-05,-1.4699754947167965e-05,-9.983534478497575e-06,-9.533960287555434e-06,-3.138747709684976e-06,-1.4802003719787304e-05,-1.2697620528309374e-05,-4.5904823750454485e-05,-1.3566350600901174e-05,-9.625913778881784e-06,-3.442022203459578e-05,-9.269792795673667e-06,-9.88583277115946e-06,-7.199815924308319e-06,-1.5546747545721464e-05,-8.144138505515991e-07,-7.2361402632946685e-06,-3.160644784048941e-05,-4.7798992412501134e-06,-5.324392463127991e-05,-6.444998682104891e-07,-6.163305766206864e-06,-3.2812312671876336e-05,8.23581270722779e-07,9.426282391748936e-06,4.956947018360537e-06,-8.682250051172093e-07,1.2786616650252273e-06,1.0586122190663685e-05,4.888969600548846e-06,-7.313715121295645e-09,-1.765017372645881e-06,5.9553656113642024e-08,5.449157078440383e-06,2.4316829368293578e-06,5.462379085750505e-06,4.952365181528728e-06,-8.321843389998474e-07,1.5339496812538672e-06,8.574141053473169e-07,5.874273397685562e-06,2.2032727747914996e-06,5.4996952396958175e-06,1.4478385316592803e-05,5.601198452917362e-06,5.441148923640211e-06,3.714585642669291e-06,1.3048578804308834e-06,-2.214988341192601e-08,4.47152230009511e-06,5.4767919643178016e-06,1.3340776317079378e-06,5.527209871203046e-06,-2.02187790122254e-08,2.9950166267651093e-06,1.2938984576741878e-05,1.0967971343097114e-05,movement,movement,no movement,no movement
6033.333333333354,-0.0392561584126495,0.2959784054297987,-0.3105226596333332,-0.0265550993772059,0.3143079944074309,-0.306635691,-0.0251130867856862,0.3149927329172256,-0.2959433764999999,-0.0262282347707531,0.3147387434001953,-0.2988760834666667,-0.0476011023445216,0.3231691274411583,-0.3176944504,-0.0465074788289529,0.3220420159898696,-0.3309251238666666,-0.0422325027787429,0.3128497189078948,-0.3104478686333334,0.0193528545997449,0.3260380917203572,-0.1950304433333332,-0.0966239819661042,0.2858991936501284,-0.1985004081999999,-0.0110407185013788,0.2971245600971524,-0.2591034288333333,-0.0407421223674513,0.269143401508031,-0.2866057206333333,0.0950697252115563,0.2322736194158668,-0.0454656444766666,-0.1596100757856225,0.2436487228109942,-0.034664408279,0.1604036106819453,0.0788854655106748,-0.0172375795133,-0.1555373327645298,0.0055076095058544,-0.1434404635666666,0.1514310664331595,-0.0547472678520815,-0.0578676374123333,-0.0942290044803166,0.06520840689651,-0.3061176428666666,0.1363809306531554,-0.0816696957109982,-0.0634097104603333,-0.0522907427647699,0.0943507684384292,-0.3696425072666667,0.1088175591770683,-0.0792831165633104,-0.077292614192,-0.0425098236980668,0.1562715043809564,-0.3694688478999999,0.1437794193507723,-0.0745315263364909,-0.0626746961802333,-0.0847426478116801,0.092771649677587,-0.332149118,0.0753282619412353,-0.1583841290067678,0.0472401776633333,-0.0736791327027073,-0.1718461648455277,-0.0440490913966666,0.112088411350241,-0.4775205565931319,0.0462854761633333,-0.0197320325027384,-0.4293811139931435,-0.0468458150333333,0.1056885049501413,-0.6925300376654243,0.2908656584666666,-0.0309722029660013,-0.7292472553580182,0.1560359954799999,0.0905503242823259,-0.7179790118485365,0.3215923191666667,-0.0292479309480163,-0.755548918215129,0.1363440572233333,0.1319683553120743,-0.7529389980461437,0.2934037491,-0.0011833119141644,-0.789001624173157,0.0602235945333333,nijmegen_nijmegen_rennen_g_ch1_g11_compr.mp4,ch1g11,1.7338712128951205e-05,0.0001136040832558,2.3733706591720516e-05,7.48971661948221e-05,0.000131929839424,0.0001146933904883,2.392502145283926e-05,6.052074588106632e-05,4.958967120775392e-05,2.406078607862719e-05,0.000143908146663,4.030726770085375e-05,2.562574400973649e-05,2.4074991623100097e-05,8.175643464495786e-05,5.461320266009729e-05,0.0001528685989001,0.0001672867860123,3.740719565126562e-05,2.5268126055484392e-05,0.0001265889311638,2.5254039440409508e-05,2.5092067052673275e-05,2.2158303816888084e-05,0.0001252329424106,1.0943021585940026e-05,2.074472052187184e-05,0.0001220614269261,1.6858731915882767e-05,0.0001935152918453,1.0052300908158858e-05,1.3805044404370796e-05,0.0001294528907037,0.0002002462978072,0.0001307003754827,2.7553067844726894e-06,1.4781221263726011e-05,7.56983366721462e-06,4.396537927313197e-06,-2.6493848540775525e-05,-6.914328571293925e-06,-8.053447225527969e-06,0.0002139405437669,-9.94577782220432e-06,0.0001442983620367,6.690109374239221e-05,0.0008106257025942,-0.0002701566826131,0.0010449180114564,-0.000326659607394,-0.0020469058247978,0.0008977863946813,-0.0028712385102707,0.0010480019160946,-0.0033440184720037,0.0010432513023437,-0.0024549669787667,0.0008976453667956,0.0001503122024243,-0.0001619366472862,0.000468009255224,-0.0003755359391893,0.0009823803786847,0.0001807505627764,0.0009433277926776,0.0002023725860525,0.0010688394327612,3.748064345962941e-05,-2.8431853616464863e-06,-1.4916350503371252e-05,-3.718223499790137e-06,-9.918783914729576e-06,-1.5232797551327692e-05,-1.478469520785009e-05,-3.5852093406512366e-06,-1.9773022759266945e-08,-6.032446544043733e-06,-1.7679396653316825e-06,-3.08812796664266e-05,-1.1923246852251343e-05,-3.6023572221326073e-06,-3.7324408737301064e-06,-3.683072516710193e-06,-1.2788558769700364e-05,-1.2111243777467838e-05,-3.811399400084535e-05,-1.105657235558738e-05,-3.1895785703536023e-06,-1.772123543988227e-05,-2.745232365305965e-06,-3.5288934408815764e-06,-2.945064381726122e-06,-1.4432490290009257e-05,-8.298457001549983e-07,-2.0887306528129062e-06,-2.4577249222659845e-05,-3.409322092703676e-06,-4.578485829700099e-05,-6.614327177284005e-07,-2.7356240686988045e-06,-1.7978441888445756e-05,1.1774234685876648e-06,1.1180228160749076e-05,5.71008278397593e-06,-6.279227643855033e-07,1.4695843363505958e-06,1.2375508427896736e-05,5.616013185062066e-06,-2.2150204340006797e-07,-1.0226783272485402e-06,-5.2365045926579905e-09,8.417166132015567e-06,2.7923078731988846e-06,6.200266122695128e-06,5.705914646664759e-06,1.0350275042866354e-08,1.9101032671890495e-06,7.555020490183991e-07,9.449126808154925e-06,2.5126741095053544e-06,6.1995793584846475e-06,1.6764488418147666e-05,6.2439801590537506e-06,6.164993547426898e-06,4.258195700653429e-06,1.500923615283359e-06,5.870918419709413e-09,4.952763495485268e-06,7.808974344642749e-06,1.6965055951252502e-06,1.0025791497688376e-05,-7.321056516995934e-09,3.415338303821452e-06,1.5209827371485273e-05,1.3651812193548604e-05,movement,movement,no movement,no movement
6050.000000000021,-0.0392243085130945,0.2960130080659103,-0.3088446498333333,-0.0265889603879955,0.314360213595331,-0.3050828340333333,-0.0251533894248757,0.3150371743420977,-0.2944023371333333,-0.0262620488743103,0.3147816719958911,-0.2973571584333334,-0.0475848500509769,0.3231955901178776,-0.3160053958333333,-0.0465040552517047,0.3220808556744465,-0.3291996130999999,-0.0421963084615251,0.3128851676446558,-0.3087533562666667,0.0191811477204885,0.3263122001062317,-0.1938672244333332,-0.0966157671095299,0.2859579810336627,-0.1972227061666666,-0.0111316251050128,0.2972975667324924,-0.2576858838666667,-0.0407172916125031,0.2692390398515978,-0.2849873780666667,0.0948003742604295,0.2330782547263039,-0.0444848918933333,-0.1594659063327899,0.243489406783975,-0.0342427205656666,0.1597371666097155,0.0799455128046419,-0.0154138215499666,-0.154410073617766,0.0052638979976361,-0.1436914493,0.1506065030594202,-0.05656036582336,-0.054624121779,-0.0927302621908293,0.065646813629016,-0.3059222141333333,0.1355095032400203,-0.0842244023513578,-0.059758384327,-0.0507006751709942,0.0948256095015852,-0.3692800534,0.107686500406789,-0.0823632291162724,-0.0733672122586666,-0.0411059482158946,0.1565725388008209,-0.3689250856666666,0.1428381533257854,-0.0767381464737438,-0.0591955964135666,-0.0833151402429221,0.093151736774925,-0.341975659,0.0753901692480745,-0.1582410637565701,0.0471321921766666,-0.0737493834893268,-0.1719996451357257,-0.0439065389433333,0.1129855810794421,-0.477196106392339,0.0465379334999999,-0.0196427757277091,-0.4297996683604208,-0.04628092083,0.1074489362118113,-0.6920280203310495,0.2912286353666666,-0.0305645940292487,-0.729270667824912,0.1569668608366666,0.0924331333248346,-0.717530481209827,0.3220171701666667,-0.0288121976914062,-0.7555619849288201,0.1372998419166666,0.1342142682176675,-0.7523459168958571,0.2945117408666667,-0.000462438492879,-0.7891567377005216,0.06156822869,nijmegen_nijmegen_rennen_g_ch1_g11_compr.mp4,ch1g11,1.417230302870708e-05,0.0001062743773923,2.3031592659280667e-05,6.512657683492974e-05,0.0001196535985147,0.0001084161605266,2.3304316260944515e-05,6.043230963454176e-05,4.232268288889932e-05,2.1670680628699564e-05,0.000114812419355,3.0724176800743383e-05,2.549543877325613e-05,2.3338438429651988e-05,7.778148903655706e-05,4.373033219923953e-05,0.0001436884746195,0.0001314681737361,2.859536480073834e-05,2.552183329931329e-05,0.00012057138615,2.616670288540864e-05,2.505433777032303e-05,2.1310897008818495e-05,0.0001135771573631,1.01173901604029e-05,2.13955752340297e-05,9.926106739869132e-05,1.363214283798892e-05,0.0001492448184111,9.403149553603952e-06,1.268054390236476e-05,0.0001221819174363,0.0001773088656504,0.0001171215845298,4.7089947216964304e-05,5.840501838308263e-05,5.0202511865571574e-05,4.750251955682424e-05,1.6508356879446288e-05,3.3589939915525e-05,3.1517110881921425e-05,0.0002274066812938,1.9726163023055437e-05,0.0001686476388284,9.669524771246436e-05,0.0006584778181696,-0.000216964060014,0.0007263348182421,-0.000272459786085,-0.0014806692576467,0.0001017299904633,-0.0020440966335852,2.5589831011269277e-05,-0.0023385543870244,-2.7649515259384617e-05,-0.001756017199719,4.1716575736342314e-05,0.0001480635282266,-0.0001587516263692,0.0004812952653661,-0.0003550234759792,0.0008194545882171,0.0002194652519658,0.000783477921563,0.0002507537602412,0.0009714722487571,0.0001254198872302,-1.664535233054554e-06,-2.3609616999290744e-06,2.9531906234756483e-06,-1.0413257297074597e-05,-1.3700136887800151e-05,-8.149969715749786e-07,2.974458938046692e-06,-1.875439412674028e-07,-6.705459693555312e-06,-1.8415056249893736e-06,-2.1251305137013923e-05,-8.75790513555932e-06,3.6212337805605138e-06,2.934426067825368e-06,-3.036806261113068e-06,-1.0507287885536056e-05,-1.137994283581175e-05,-2.7004571334642232e-05,-8.21578685866284e-06,3.9897067901326305e-06,1.3126183137087715e-06,4.486130989376528e-06,3.649057614453277e-06,1.8895759291106891e-06,-1.2857487653193389e-05,-8.084350630123499e-07,3.54100501289166e-06,-1.575443599856952e-05,-1.6115261224013215e-06,-3.389268517813828e-05,-6.597413747539386e-07,1.1146196655397056e-06,-8.076771464020164e-07,1.601297867602371e-06,1.1842885590977632e-05,5.904918980318048e-06,-2.2384777708851115e-07,1.7217270598700235e-06,1.296596292698763e-05,5.799800143523673e-06,-3.937426017634956e-07,-2.5808955184340914e-07,-4.0227311194325104e-08,1.0808029742773324e-05,2.997746452122236e-06,6.309307601176066e-06,5.906046660795246e-06,7.8390610497936e-07,2.2178664394800626e-06,7.026932569715824e-07,1.2354648445878192e-05,2.6935778795226264e-06,6.2705017667142014e-06,1.738426000311311e-05,6.250674004382617e-06,6.2607011192562185e-06,4.437309962553955e-06,1.7481959891313278e-06,3.6172915876075336e-08,4.962017926520788e-06,9.59741738901037e-06,2.02249019865894e-06,1.3875231793523764e-05,8.014831249430426e-09,3.549919452219023e-06,1.596289067206619e-05,1.526528664220216e-05,movement,movement,no movement,no movement
6066.666666666688,-0.0388807366725906,0.2960666873346027,-0.3079341283,-0.026329434748555,0.3144270978834249,-0.3041762632999999,-0.0248976055007199,0.3150940174091513,-0.2935003052666666,-0.0260060911220307,0.3148360755468444,-0.2964567398666667,-0.0472744315803709,0.3232236989031977,-0.3151805668666667,-0.0461977740881695,0.3221233842937835,-0.3283753007333333,-0.0418617362380052,0.3129259365668561,-0.3079360663333333,0.0190740979047585,0.3265484482152204,-0.1930778239999999,-0.0964889341698006,0.28599353510149,-0.1970438813333333,-0.0109715945969898,0.2974602375014996,-0.2568475569333334,-0.0404499804712115,0.2693378337636735,-0.2843058824,0.094541391294154,0.2336247043719555,-0.0439296330266666,-0.1593034112904671,0.2433587542840504,-0.0344015401223333,0.1588623190024091,0.0802711094957033,-0.0148899902266333,-0.1533834947868039,0.0050567097190459,-0.1440621718333333,0.1494663648285574,-0.0577008398487783,-0.0538324007456666,-0.0913718650604331,0.0653522261387365,-0.3061692460999999,0.1342312785220603,-0.0856258040185526,-0.058863546727,-0.0493031118849496,0.0943719586794245,-0.3695296766333333,0.1063094111878166,-0.0838361472081842,-0.0723028143919999,-0.0397258962058059,0.1560280924614657,-0.3690563986666667,0.1416270254360047,-0.0780260459357516,-0.0582787637469,-0.0819507260988406,0.092750043387165,-0.342700362,0.0754438993540575,-0.1580978158301574,0.0470734263433333,-0.0738111778345351,-0.1721518199603107,-0.0438254635899999,0.1138595992391229,-0.476779074685874,0.0470653469399999,-0.0195838087014061,-0.4301486429695654,-0.04572480105,0.1090349108541076,-0.6913307444141227,0.2925985761,-0.0302266444951652,-0.7290150961601484,0.1580530119366666,0.0941295231131894,-0.7168612054331195,0.3235385468,-0.028448319117501,-0.7552527636283569,0.1384508104833333,0.1362791802355826,-0.7514863274076184,0.2962729582666667,0.0001520184456764,-0.7889514642435042,0.0629951862999999,nijmegen_nijmegen_rennen_g_ch1_g11_compr.mp4,ch1g11,1.2431282139873928e-05,0.0001117744133356,2.9005883269295203e-05,5.419799134417638e-05,0.0001074353749002,0.000115976757273,2.9223050567319613e-05,5.973565422527829e-05,3.5558072060500966e-05,1.9969738178450313e-05,9.892371604016857e-05,2.41752368115869e-05,3.2351725465012556e-05,2.92712351954713e-05,7.507069518455189e-05,3.5160182089847394e-05,0.0001339032930474,0.0001104072950505,2.242604561325056e-05,3.2716914466075234e-05,0.0001327145829132,3.408206913559989e-05,3.192505037016522e-05,2.5399043928627305e-05,0.0001021622469977,9.249435654973848e-06,2.749422189863015e-05,8.841423505183457e-05,1.1710181273777986e-05,0.000121792372876,8.688264341307236e-06,1.5053943958538812e-05,0.000131998518884,0.0001699518401711,0.0001045947046148,8.072244245325679e-05,9.167842824460208e-05,8.330286197729587e-05,8.074154486284998e-05,5.063724587518231e-05,6.559591525818775e-05,6.294644086875326e-05,0.0002312887383143,4.36817797114944e-05,0.0001814870851371,0.0001164368948107,0.0005034533115061,-0.000148292219074,0.0004151203888384,-0.0002078593721087,-0.0008657244540881,-0.0007089025028456,-0.0011661909264569,-0.0010133037863499,-0.0012618350682404,-0.0010991778251334,-0.0009962802968855,-0.0008209620181259,0.0001434037173948,-0.0001528958669071,0.0004735752192928,-0.0003080296212771,0.0006729353680509,0.0002709149452374,0.0006440246989307,0.0003082056915145,0.0008952056711671,0.0002156634734934,2.882812675152736e-08,1.042639309934518e-05,9.3647381791936e-06,-1.0639828317768924e-05,-1.1880223173440912e-05,1.306926126170873e-05,9.26763541707958e-06,-5.086502226141406e-07,-6.424373638126575e-06,-1.9760799846925293e-06,-9.132433817492498e-06,-5.86409425585187e-06,1.0401241609208605e-05,9.357097392744658e-06,-1.2675911152538338e-06,-8.329774196656998e-06,-1.06825402984417e-05,-1.2868959829578052e-05,-5.603311067754487e-06,1.0668347054948777e-05,1.989365190166619e-05,1.1134264347569976e-05,1.0359757012627204e-05,6.748062896450134e-06,-1.10159229663369e-05,-7.606696290314297e-07,8.798248118861346e-06,-5.301788203314201e-06,5.306991650941322e-07,-1.7494662400758467e-05,-6.461482190719324e-07,4.8861475340559766e-06,1.6456740943853062e-05,1.983057806992216e-06,1.1400602341623705e-05,5.48427976374587e-06,3.3956279890905666e-07,2.16818620944042e-06,1.236563683382396e-05,5.383167588711474e-06,-5.124505283253506e-07,3.9142734315160244e-07,-6.680776844843162e-08,1.2201372809404493e-05,3.1249903268722703e-06,5.759142083661027e-06,5.493064969481353e-06,1.3709495920673732e-06,2.5085497684072783e-06,8.832635084359472e-07,1.4091943173745135e-05,2.8167761157379683e-06,5.688594136061142e-06,1.640542664215792e-05,5.604540227799441e-06,5.7035256836622245e-06,4.189906413453427e-06,2.165223299510626e-06,7.381998016406762e-08,4.479062153470086e-06,1.0528669821542615e-05,2.2674298282162453e-06,1.6355379931289797e-05,3.2266194423608484e-08,3.371229244986614e-06,1.520736960925542e-05,1.5582728504382366e-05,movement,movement,no movement,no movement
6083.333333333355,-0.0382676563605319,0.2961250234294758,-0.3070819845333333,-0.0258017106894651,0.3144923986153207,-0.3032860162666666,-0.0243687977172434,0.3151495255002186,-0.2926074763666667,-0.0254807444284647,0.3148890735881084,-0.2955718046333334,-0.0466723741624625,0.3232546224914193,-0.3144465476,-0.045590332216025,0.3221683159748402,-0.3276546756,-0.0412395481860983,0.3129690363600557,-0.3072164336,0.0190847078859396,0.3267400360073519,-0.1922525351333332,-0.0961687125970636,0.2860349509508604,-0.1969930574333333,-0.0106044094489325,0.2976171535046643,-0.2560064435,-0.0399618322139295,0.2694379066997845,-0.2837429702,0.0942454657347895,0.2339679851106432,-0.0434400310266666,-0.1590765245559383,0.2432987523344536,-0.034694186389,0.1576001752230735,0.0802403134701967,-0.0148186891632999,-0.1525790808814948,0.0049036957982997,-0.1444109429333333,0.1479606560489496,-0.0583911713166765,-0.0538110026789999,-0.0901492455485625,0.0639900353556105,-0.3057298729666666,0.1326089446672315,-0.0864159474975713,-0.058810797627,-0.0480192457494154,0.0924656404775392,-0.3689875714,0.1047592814088366,-0.0845417906758294,-0.072144076292,-0.0382804086047069,0.1539852344600465,-0.3684312443,0.1401512731817063,-0.0787364454020629,-0.0581845725135666,-0.0806513111454088,0.0912094249537572,-0.346170217,0.0754735542359379,-0.1579628150881741,0.0470817385266666,-0.0738451777996469,-0.1722942557248262,-0.0438265147433333,0.1147325404480278,-0.4763301201821397,0.0475769113766666,-0.019514919055076,-0.4304328452143964,-0.0454899003866666,0.110555161065185,-0.690716635962875,0.2932359136666667,-0.029889702681675,-0.7286668688934221,0.1583299378499999,0.0957449542730638,-0.7162578312227801,0.3242090404333334,-0.0280894370362292,-0.75485017233054,0.1387192412433333,0.1382062804446348,-0.7505848430539258,0.2969210734,0.0007209796323934,-0.7885534029824277,0.0633377079099999,nijmegen_nijmegen_rennen_g_ch1_g11_compr.mp4,ch1g11,1.2686893266037554e-05,0.00012794473219,4.104597548297501e-05,4.291849097318857e-05,9.397869780211092e-05,0.0001348732273901,4.10480206273269e-05,5.873284220711432e-05,2.951687536113728e-05,1.7788599828734757e-05,9.798976840630848e-05,1.9586433073922364e-05,4.572186579951597e-05,4.1264660657983415e-05,7.442355845658756e-05,2.705442729601052e-05,0.0001210953052952,0.0001064825129431,1.7829225237149862e-05,4.63477690494615e-05,0.0001601225542003,4.80630785931015e-05,4.522944595532267e-05,3.393803456359711e-05,8.968510098722911e-05,8.578437762038833e-06,3.8545635273658e-05,9.04986162470852e-05,1.2756943226033013e-05,0.0001141105771063,8.100585199633186e-06,2.1580719185569025e-05,0.0001555978486298,0.0001787196602463,9.144013676524388e-05,9.976089254310524e-05,0.0001095469500934,0.0001012287288492,9.821557555724556e-05,7.012256712620939e-05,8.2910835979333e-05,8.074222940897502e-05,0.0002155921670607,5.5315024157579794e-05,0.0001763045791969,0.0001215582470562,0.0003440377207057,-7.337548325340915e-05,0.0001248554209318,-0.0001469969579869,-0.0002242979614867,-0.0015650185682313,-0.0002655535591424,-0.0021107691929553,-0.0001550768763674,-0.0022234857968605,-0.0002069749630683,-0.0017276830172391,0.0001360718418412,-0.0001443190384162,0.0004247559570686,-0.0002615155613799,0.0004702412977249,0.0002907750908755,0.0004497315588001,0.0003301120732382,0.0007532459052447,0.0002619642521717,2.2290599490171857e-06,2.178404767024899e-05,1.4782549181875582e-05,-1.0210055980205716e-05,-9.662521840712e-06,2.509793735593659e-05,1.4581935846344515e-05,-9.961666611036935e-07,-5.440828673997372e-06,-1.9934867942973693e-06,4.134909732664192e-06,-3.1154271233991974e-06,1.5999429393161968e-05,1.4792581499718206e-05,5.573101375695051e-07,-6.0823813833966515e-06,-9.712416649789536e-06,2.5399458601592493e-06,-3.113815566485285e-06,1.615920650562081e-05,3.548250509996038e-05,1.6551280913891186e-05,1.5892374041349092e-05,1.1012695628719368e-05,-8.804214524769638e-06,-6.76488214445822e-07,1.3142722430925454e-05,5.7102475139059634e-06,2.839108606835792e-06,1.1645547286748232e-06,-6.100056658624476e-07,8.139385384926719e-06,3.129159083933931e-05,2.2398183956723435e-06,9.9919739397581e-06,4.523048038853623e-06,9.952903089952868e-07,2.8533365877319717e-06,1.0738740430639918e-05,4.441653996535653e-06,-5.856235981993928e-07,8.564618412585223e-07,-2.6472876839195773e-08,1.2352279237761575e-05,3.230769167855581e-06,4.6395965335255e-06,4.5404365135714715e-06,1.6783236548814614e-06,2.868962702032089e-06,1.4240905557948798e-06,1.436419237934757e-05,2.9383706671906503e-06,4.549220913138663e-06,1.4036187644413522e-05,4.420732114986158e-06,4.585044000699744e-06,3.557427421947993e-06,2.791215207558089e-06,1.0996129961956787e-07,3.577620348820481e-06,1.044352762070182e-05,2.3211050769268424e-06,1.7039571165700603e-05,5.9274563007051976e-08,2.877913904028027e-06,1.315034564725528e-05,1.4584724387758634e-05,movement,movement,no movement,no movement
6100.000000000022,-0.0370646314482792,0.2961772903670909,-0.3063478490333333,-0.0247710130326986,0.3145536746179012,-0.3024733754666666,-0.0233341528685242,0.3152013644578826,-0.2917890599,-0.0244491372487117,0.3149373915220986,-0.2947633609,-0.0455388842788175,0.3232778662187182,-0.3138993630333333,-0.0444489128875353,0.3222033597641905,-0.3271309623666666,-0.0400872224339338,0.3130024291249871,-0.3066836704,0.0191883152979432,0.326894896038687,-0.1913677796999999,-0.0956587431814411,0.2860624687885781,-0.197393321,-0.0098120468417097,0.2977372923679169,-0.2552219842666667,-0.0390291646037893,0.2695168766368611,-0.2833435813333333,0.0939396502124469,0.2341568041649543,-0.0429918438966666,-0.1588492567626648,0.2432487800620099,-0.0354290419956666,0.1562891110182579,0.0800451898517035,-0.0150091317132999,-0.1519425563002379,0.0047746844635412,-0.1446928636999999,0.1465153043729794,-0.0584759758602124,-0.0543576160123333,-0.0889221871303795,0.0619427674788217,-0.3045533587333332,0.1310417824737245,-0.0863848843884933,-0.0593917357936666,-0.0467462910120322,0.0897600215667066,-0.3676804087333333,0.1033294528366173,-0.0842974495838887,-0.072643472292,-0.0367878102232895,0.1511537301223543,-0.3671479771666667,0.1387073297495039,-0.0787296025834285,-0.0587102584135666,-0.0793667581016387,0.0889664918899882,-0.345288783,0.0754948302690038,-0.1578287983018419,0.0471697966899999,-0.0738697559064059,-0.172435147017763,-0.0439232969133333,0.1155678125446091,-0.4758780924084225,0.0482080382599999,-0.0193973228379186,-0.4307010704155878,-0.04537700596,0.1119670584732649,-0.6902410763894017,0.2939378239333333,-0.0295917979974196,-0.7283314186661465,0.1584115187266666,0.0972299623360117,-0.7157975046369455,0.3249308392666666,-0.0277816868301998,-0.7544673687742772,0.1387948602499999,0.1399957494873263,-0.7497520718107018,0.297652862,0.0011794798758555,-0.7882210671467806,0.0633190033593333,nijmegen_nijmegen_rennen_g_ch1_g11_compr.mp4,ch1g11,1.5748822367836903e-05,0.0001544960095678,5.884715598508025e-05,3.197783171573613e-05,8.387475567112197e-05,0.0001650979387117,5.8555399018201114e-05,5.7743753302433235e-05,2.5067620300781344e-05,1.6020820771587782e-05,0.0001100349356373,1.7752241633504454e-05,6.487727159401007e-05,5.905161039887149e-05,7.654112047123645e-05,2.202974540287125e-05,0.0001107578645421,0.0001175990802311,1.5606092690145838e-05,6.567589772816828e-05,0.0002030173703864,6.756903262084425e-05,6.428142009554757e-05,4.713724509149659e-05,8.049354768903283e-05,8.12182089073243e-06,5.413626302781048e-05,0.0001029982804127,1.733004474048724e-05,0.0001253592922587,7.659108818579235e-06,3.177145869168452e-05,0.0001935761565562,0.0002033686002916,8.199244689982136e-05,9.520823282288586e-05,0.0001075895647698,9.907471278732216e-05,9.622498123675212e-05,7.381345982059526e-05,8.247667693145094e-05,8.042632080185786e-05,0.0001929584002279,6.552255594888804e-05,0.0001504861316546,0.0001079013790456,0.0002072329337721,1.8072798429267165e-05,-8.792685864916719e-05,-8.229631846143238e-05,0.0004736899944401,-0.0023727994441158,0.000670425351177,-0.0031413455194602,0.0009717519043067,-0.0032804132053612,0.0006314673915742,-0.0025765874738905,0.0001253006819688,-0.0001321873763042,0.000360718344647,-0.0002016789472769,0.0002627184293884,0.0002634032238048,0.000252611386373,0.0002994721084112,0.0006187553889045,0.0002451681201136,4.7091664530136465e-06,3.0714417477397823e-05,1.8490133173821167e-05,-8.948305099762191e-06,-6.804965481585612e-06,3.447211869330859e-05,1.821286653898788e-05,-1.535763257284755e-06,-4.149927934108683e-06,-2.018785092229339e-06,1.7177934046418832e-05,-2.6023416642459016e-07,1.9706271662607077e-05,1.852448926679924e-05,2.3839335215113975e-06,-3.3997514737881253e-06,-8.287888517601308e-06,1.7668566771976683e-05,-5.272647683418397e-07,1.9762287144791368e-05,4.7439603972847895e-05,1.99570021750454e-05,1.9542157912331537e-05,1.4064225733497108e-05,-6.017376114630163e-06,-5.534471902679324e-07,1.5993228143575637e-05,1.6448578466654124e-05,5.277492143414743e-06,1.9723678157533612e-05,-5.442548551514273e-07,1.0665767534239548e-05,4.2755689178858974e-05,2.288653847801758e-06,7.783409824007677e-06,3.1254888995670793e-06,1.6462089647325415e-06,3.608790115739576e-06,8.274403778554651e-06,3.074208290771596e-06,-6.11873436677742e-07,1.075922994152026e-06,5.4713916403050684e-08,1.1300946211270617e-05,3.2994993677518187e-06,3.0900826705905902e-06,3.1495224510368247e-06,1.6420418555763117e-06,3.206635727858568e-06,2.163634845420403e-06,1.3215084266918772e-05,3.0372455137244793e-06,2.9945564011999305e-06,1.0558962164038436e-05,2.841233285749049e-06,3.044259121383958e-06,2.590293013851491e-06,3.464541566934599e-06,1.4575731643445964e-07,2.363941642247012e-06,9.427579813484774e-06,2.143111321177e-06,1.5871065238196092e-05,9.060672709770925e-08,2.137962627736726e-06,1.000961573870424e-05,1.2444558450950164e-05,movement,movement,no movement,no movement
6116.666666666689,-0.0355315430510515,0.2962655656990595,-0.3052412838333333,-0.0234199850117243,0.3146511713892189,-0.3011717818999999,-0.0219725847731668,0.315289565721178,-0.2904927830333334,-0.023092946290478,0.3150218199227079,-0.2934776112333334,-0.0440858478321826,0.3233232359875316,-0.3129512508333332,-0.0429828851399997,0.322261911519865,-0.3262150823666667,-0.0386106839332126,0.3130608178853933,-0.3057579139,0.0194634979005153,0.3270483799447728,-0.1899021759666666,-0.0949622244579005,0.2860898680943252,-0.1974917834,-0.0087282136932657,0.2978657736780756,-0.2540231848666667,-0.0378174435835621,0.2696077396498934,-0.2826360464,0.0936522004070301,0.2342826953361405,-0.0420747188099999,-0.1585692932233163,0.2432334186831473,-0.0361175147556666,0.155028584543039,0.0798709715776981,-0.0151128347399666,-0.1514163499378125,0.0046665065587196,-0.1444837065333333,0.1450249598720144,-0.0578757654206174,-0.0554603295123333,-0.0876947916721163,0.0592159229220576,-0.3024318044333332,0.1293996365744212,-0.0855387616179215,-0.060744540427,-0.0454818378863518,0.086196311083656,-0.3654304844,0.1018395595690794,-0.0830992439711246,-0.0738664791253333,-0.0352557084804418,0.1474767520125322,-0.3649971843,0.137211058870938,-0.0779548266694702,-0.0598125325469,-0.078093830522769,0.0860008041694448,-0.344179928,0.0755099659179231,-0.1576973530829087,0.0473800382899999,-0.0738870413833763,-0.1725729333375575,-0.04415472995,0.1164756489912636,-0.4754452894046324,0.0489610090833333,-0.0192278668951471,-0.4309132204667757,-0.0454247053233333,0.1133609825184983,-0.68993082133108,0.2947328018666666,-0.0293502879443881,-0.72802631259576,0.1581526155366666,0.098703179389746,-0.7155079608035352,0.3257324437333333,-0.0275455835887101,-0.7541198658174291,0.1385195811666666,0.141808576260107,-0.7489997091822066,0.2983880420666667,0.0015451250732298,-0.7879199512292824,0.0627113321433333,nijmegen_nijmegen_rennen_g_ch1_g11_compr.mp4,ch1g11,2.185793409591812e-05,0.0001903404542717,7.986442559776239e-05,2.2697128509183854e-05,7.65022482441963e-05,0.0002051479188222,7.925951185118863e-05,5.5819139535872815e-05,2.170864146147172e-05,1.4156708575884326e-05,0.0001338984859702,1.8094858580860325e-05,8.706025193544058e-05,8.013928101505897e-05,8.056682769959998e-05,1.919382200188706e-05,0.0001016614351321,0.0001433095182619,1.5560927029127263e-05,8.786007391424983e-05,0.0002577879061338,8.968645790244305e-05,8.62393584964169e-05,6.307378663671346e-05,7.398998811409395e-05,7.6088017299308195e-06,7.185516751504335e-05,0.000125067130776,2.389080175872379e-05,0.0001550545084655,7.128390258194196e-06,4.402444913224148e-05,0.0002433175807497,0.0002426467578623,7.560860262648417e-05,7.854424733939942e-05,9.25565515157924e-05,8.32848731213581e-05,8.068400503687919e-05,6.202947381753679e-05,6.644516563387304e-05,6.612908960631441e-05,0.0001606787655862,6.271831728228724e-05,0.0001120359236495,8.203154686023854e-05,9.524012065184652e-05,0.0001096415319383,-0.0002169903809,-2.8998958133172383e-05,0.0012034818185152,-0.0031537827118014,0.0016218682810696,-0.0041328740766844,0.0020946600522052,-0.0043030113711129,0.0014861508147011,-0.0034004135299879,0.0001126988300441,-0.0001182794044823,0.0002689191869362,-0.0001338292755169,2.3818637963992856e-05,0.000192801944901,2.118510487013553e-05,0.0002197941875025,0.0004286870096924,0.000184806497386,7.12103767561379e-06,3.691461555054767e-05,2.045278839627824e-05,-6.913185657719427e-06,-3.160831490155639e-06,4.091763091057057e-05,2.01381677541626e-05,-2.140160978107456e-06,-2.8450653773279243e-06,-1.9127437038658643e-06,2.841160250797055e-05,2.6887342713232092e-06,2.1533169580699887e-05,2.051415620017522e-05,4.021459174984785e-06,-3.636448068967437e-07,-6.065994127836778e-06,3.070601894685169e-05,2.177140719525371e-06,2.149690129923089e-05,5.542884509535265e-05,2.1462776663545924e-05,2.1329892304208575e-05,1.5827466094208527e-05,-2.5006687868917284e-06,-4.078530445654525e-07,1.7358677696487587e-05,2.570753291674775e-05,7.515272385891662e-06,3.567991673363661e-05,-4.574213755586577e-07,1.2294954652391125e-05,5.0532170112616874e-05,2.081681032623822e-06,5.064310356026411e-06,1.5253318115276318e-06,2.1702700451615684e-06,4.334612358381775e-06,5.2943709461492454e-06,1.5085903129879465e-06,-5.567186248057074e-07,1.071846062874686e-06,1.892473776978272e-07,9.1993063418559e-06,3.3135363579629026e-06,1.3747982013829356e-06,1.5509414656841424e-06,1.3318930777556083e-06,3.491481632715396e-06,3.0018627562596397e-06,1.0793355708040368e-05,3.083277574490459e-06,1.291641455824076e-06,6.477044716359049e-06,1.1376715278075628e-06,1.3475211134021215e-06,1.4487025625813513e-06,4.098909223647957e-06,1.823768378013413e-07,1.048221131833305e-06,7.614473794612483e-06,1.7754860643687438e-06,1.3000087794423142e-05,1.279367102468622e-07,1.2787001637407631e-06,6.233346173826228e-06,9.492705714942156e-06,movement,movement,no movement,no movement
6133.333333333356,-0.0337751005503749,0.2963951531787327,-0.3033914298333334,-0.0218543784978609,0.3147918947155594,-0.2990871571333332,-0.0203829170756609,0.3154242560960887,-0.2884219006333333,-0.0215104181364558,0.315153809055636,-0.2914369588,-0.0423755567838688,0.3234289846497601,-0.3113423088999999,-0.0412581401974025,0.3223711631166618,-0.3246243506333333,-0.0368779144653998,0.3131699608094724,-0.3041659414,0.0198528124549368,0.3272362014746704,-0.1877803623666666,-0.0940664072966859,0.2861725543897981,-0.1973327234333333,-0.0074740511531587,0.298017316830268,-0.2520723293,-0.0364098717346311,0.2697242110091431,-0.2812566011999999,0.0932979122128986,0.2343788678468504,-0.0406712047633333,-0.1581641393206309,0.2433509369735429,-0.036774329629,0.1535847308107065,0.0797561942424662,-0.0152136056199666,-0.1510851005255572,0.004682129276827,-0.1432151311866666,0.1435110230625447,-0.056435753261955,-0.0568350887789999,-0.0865192429760686,0.0557863944133936,-0.2973267336666666,0.1277863791146938,-0.0836991552638633,-0.0624151319603333,-0.0441046352997792,0.0816625595312597,-0.3597714942666666,0.1003848382749885,-0.0807650104693736,-0.0755358775919999,-0.0335555388671664,0.142754001564214,-0.3595720683666666,0.1357372029348526,-0.0761925565162834,-0.0612216206135666,-0.0767660296340654,0.0823107160977801,-0.323237449,0.075501407025894,-0.1575863375196701,0.0476960239966666,-0.0738732867865709,-0.1726907849444391,-0.0445160339333333,0.1173428356552614,-0.4752078059340141,0.0492246170799999,-0.0190033161297075,-0.4310572092218718,-0.04626055231,0.114604855831786,-0.690076022056245,0.2939366020333333,-0.0292507629618039,-0.7278747579272975,0.1562682161966666,0.1000008336407839,-0.7156645475849795,0.3247960825666666,-0.0274925376430759,-0.753958987637352,0.1365323086699999,0.1434376909335064,-0.7487092945585889,0.2977666477333334,0.0017523636119164,-0.7878016707937805,0.0607926347866666,nijmegen_nijmegen_rennen_g_ch1_g11_compr.mp4,ch1g11,3.0386211862813575e-05,0.0002310936846048,0.0001029618294265,1.7004824809621717e-05,7.671621770259551e-05,0.0002504492653982,0.000102048598605,5.375360152947196e-05,1.9879959640991465e-05,1.2521508175281046e-05,0.0001674176515569,2.204482268891601e-05,0.0001112213813285,0.0001033503047357,8.623510397137874e-05,2.086286298329879e-05,9.78901596631126e-05,0.0001808352391416,1.898545378625218e-05,0.0001118860068324,0.0003192691093076,0.0001136303691596,0.0001101416831859,8.102718662258018e-05,7.475781477457432e-05,7.227422063009425e-06,9.108451025917382e-05,0.0001548072198684,3.2475904814856615e-05,0.0001991979842998,6.678427620739184e-06,5.7720788552201566e-05,0.0002988825930723,0.0002917108561768,7.713091679306996e-05,5.480119838441165e-05,7.0511701488746e-05,5.9872979475512414e-05,5.781587748132219e-05,4.416880082957157e-05,4.3692352078801695e-05,4.597902812006196e-05,0.0001267058191469,6.309368886542789e-05,6.83709701391496e-05,5.190365183738756e-05,1.953515077818307e-05,0.0002107600034243,-0.0002423172721015,3.2406674386801964e-05,0.001962104555806,-0.0038903488851025,0.0025687840168287,-0.0050680935906917,0.0031756731118848,-0.0052853466901477,0.0023458069207589,-0.0041837710704206,9.857874321080092e-05,-0.0001028638660842,0.0001522634532035,-7.8735541521269e-05,-0.0002766924661735,5.27256977643273e-05,-0.0002785807737892,6.667974781860949e-05,0.0001567889609171,3.492841186158784e-05,9.200836895175227e-06,4.0129275309405374e-05,2.0832181698639116e-05,-4.3534086783622676e-06,1.5581123905680275e-06,4.419427432696438e-05,2.052938784749112e-05,-2.672908403357825e-06,-1.8246121385101945e-06,-1.7132036633267737e-06,3.6574652460621344e-05,6.160794579917705e-06,2.1661703526928583e-05,2.0920618475307277e-05,4.9891244526384566e-06,3.2977198647360194e-06,-2.7439029987763258e-06,4.0286670737263365e-05,5.38088198917996e-06,2.155883990316387e-05,5.907458046332645e-05,2.1356609421353114e-05,2.1437008674653066e-05,1.645029476791941e-05,1.972659690849176e-06,-2.0835011100960119e-07,1.74595374404073e-05,3.249572947473732e-05,9.239638643227626e-06,4.718735265347563e-05,-3.1396549489892304e-07,1.2981653547942098e-05,5.415400412783468e-05,1.6318982078511893e-06,2.2469111276615826e-06,-7.10221211790752e-08,2.447219154956357e-06,4.784167535139445e-06,2.234035076166981e-06,-5.3898730479710934e-08,-4.320167958161818e-07,8.719572020339564e-07,3.5509373917010856e-07,6.3390470624642355e-06,3.2018251934844895e-06,-2.880501657246945e-07,-4.8408414673199e-08,7.932945598614997e-07,3.598727789278619e-06,3.728444532715917e-06,7.466111382195705e-06,3.0065752496345302e-06,-3.455849509119294e-07,2.344585367915453e-06,-4.803863358348514e-07,-2.9214136417791413e-07,2.738286383231954e-07,4.465208542218124e-06,2.1266781504186098e-07,-2.09775364635825e-07,5.235716339075338e-06,1.2380121800558277e-06,8.909712707030383e-06,1.6373973606197846e-07,4.0477530042503753e-07,2.379845936479936e-06,6.251362495485369e-06,movement,movement,no movement,no movement
6150.000000000023,-0.031754935326288,0.2965015882879939,-0.3027753333666667,-0.0200330263600344,0.3149063946108616,-0.2982239547333332,-0.0185336150024775,0.3155282418023798,-0.2875652050666666,-0.0196697970747147,0.3152565626038643,-0.2906247124,-0.0404231297345733,0.3235139891952839,-0.3111746082666666,-0.039281324316082,0.3224579437914106,-0.3245020061333333,-0.0348999377771813,0.313259533282199,-0.3040063162,0.0203870328821036,0.3273742186155936,-0.1866913079999999,-0.0930299171548397,0.2862442732744119,-0.1986835400333333,-0.0060116323481493,0.2981239906052541,-0.2511585409,-0.0347855575825717,0.2698136748091519,-0.2811797400333333,0.0929335696520563,0.234426903480327,-0.0398323332133333,-0.1576328382928207,0.2435632886561189,-0.038613254179,0.1521386692409089,0.0796690003904541,-0.0165698728666333,-0.150994130110187,0.0046767984036263,-0.1420972748866666,0.1420777714516079,-0.0537364092546948,-0.060464227339,-0.0854309111894287,0.0516026841474105,-0.2933961003999999,0.1263396537437666,-0.0802824053964332,-0.0665141572836666,-0.0427449308407303,0.0762391607381287,-0.3554722113,0.0992066548054455,-0.0765872712099905,-0.079495099472,-0.0317424213099435,0.1372153708994361,-0.3554922546,0.1344124456914242,-0.073013446928542,-0.0649165865502333,-0.0754521278920712,0.0778778950984145,-0.336176068,0.0754668352075424,-0.1574928725705304,0.0481424348466666,-0.0738295713396409,-0.1727890370060587,-0.04502586996,0.1182141908500594,-0.4750902967019798,0.0499862439899999,-0.0188454053058293,-0.431034145722821,-0.0472007580866666,0.1157439532900839,-0.6904269834843638,0.2928733997,-0.0293567054702011,-0.7278935316847329,0.15388113286,0.1011730860323204,-0.7160082612470533,0.3234360297666666,-0.0276596479480622,-0.7539847638946555,0.1340073952699999,0.1450825514413985,-0.748647639927556,0.2969170192666667,0.0018700568971471,-0.7879143874070664,0.0583312725599999,nijmegen_nijmegen_rennen_g_ch1_g11_compr.mp4,ch1g11,4.0316980936459825e-05,0.0002738590603193,0.0001245949738665,1.4884053466346954e-05,8.129489851335807e-05,0.0002973479511878,0.0001233846799296,5.1120603855169195e-05,1.878592471609578e-05,1.0865693151476568e-05,0.0002081460792184,3.019906848022672e-05,0.0001337692178463,0.0001250906660472,9.246413825711412e-05,2.6362096981413286e-05,9.7954906690067e-05,0.000226482860123,2.6312374541066088e-05,0.0001341959311852,0.0003815477988654,0.0001358788076036,0.0001324353758515,9.843843116810108e-05,7.959454290684803e-05,7.067323388728984e-06,0.0001092872877788,0.0001903445286544,4.276669880875288e-05,0.0002532722918261,6.390534961521822e-06,7.125351036961078e-05,0.0003559703702608,0.0003464115708502,8.383097467248854e-05,4.3118840679365846e-05,5.9845623476718875e-05,4.708259534032707e-05,4.630612488015869e-05,3.6378395846258675e-05,2.9932165440512937e-05,3.525134679022653e-05,0.0001011859085407,7.209443729429263e-05,3.774130039355424e-05,3.209930735931537e-05,-2.02013416088618e-05,0.000318449045186,-0.0001586242837923,8.686849941407597e-05,0.0027772564997104,-0.0045510018250281,0.0035432787961418,-0.0059123790252263,0.0042610677443473,-0.0061723193327638,0.0032434153906897,-0.0048907644444397,8.401198626026022e-05,-8.751732165093224e-05,2.2386085442978056e-05,-2.883345256283453e-05,-0.0006091190514426,-0.000123856695788,-0.0006171534734703,-0.0001251289762448,-0.000177420046757,-0.0001414593473571,1.0705113977343216e-05,4.0489867781081766e-05,1.984656304570156e-05,-1.4447009016382837e-06,6.9488575667972444e-06,4.454304279117211e-05,1.958430278254467e-05,-3.144976248111503e-06,-1.18407733471596e-06,-1.284262551676784e-06,4.067578425483266e-05,9.756671700599016e-06,2.041865467128791e-05,1.995230325933488e-05,5.379220101950443e-06,7.290866433076903e-06,1.4461851136326215e-06,4.523021770754118e-05,8.802797906687352e-06,2.0289238037971e-05,5.906252131601882e-05,1.9954619941602196e-05,2.0207970205153997e-05,1.605183952064588e-05,6.988789565752809e-06,3.1859613354245895e-08,1.6538972735138627e-05,3.596850036626302e-05,1.0309893100217396e-05,5.272326374332709e-05,-1.226325974287396e-07,1.2900790331625592e-05,5.4057762228750496e-05,9.906513416626462e-07,-3.2201947070195505e-07,-1.405673482786614e-06,2.454778924290736e-06,4.978335716593686e-06,-5.309874941269247e-07,-1.3602279813840834e-06,-2.1503030499148944e-07,5.545611100295142e-07,5.419835380532182e-07,3.1115419091712553e-06,2.9317823844673653e-06,-1.6319230761509697e-06,-1.3893435802818044e-06,1.3792147098757688e-07,3.5281968907234588e-06,4.285577882292494e-06,3.732570108879576e-06,2.777459040938059e-06,-1.6566329154889877e-06,-1.309496233215827e-06,-1.7553947046080344e-06,-1.6126092735985517e-06,-7.508275690273941e-07,4.595263783522475e-06,2.295403864030051e-07,-1.2193960486136286e-06,2.5876035520114233e-06,5.798448662802639e-07,4.245556653429088e-06,1.907727648901207e-07,-3.632718282734353e-07,-1.0742472675151416e-06,3.583901586427097e-06,movement,movement,no movement,no movement
6166.66666666669,-0.0294653668500849,0.2965808940472429,-0.3025412262,-0.0179476320534796,0.315008870829628,-0.2978100282999999,-0.0164147256709303,0.3156189780535888,-0.2871492460999999,-0.0175579636431797,0.3153472099560952,-0.2902551298333333,-0.0381729267835783,0.3236053476564884,-0.3114355891666666,-0.037003497307037,0.3225348560996403,-0.3247979541333334,-0.0326223765067621,0.3133412439811207,-0.3042703588333333,0.0210499142594361,0.3274996743778677,-0.1860795273999999,-0.0917883950772941,0.2863675545328857,-0.2005695511666666,-0.0043538438382458,0.2981852353454415,-0.2506324196333334,-0.0329355080537405,0.2698744109278796,-0.2814613769666665,0.0925496821303111,0.2343821567500177,-0.0391692868499999,-0.1569502924863996,0.2439562659395718,-0.0406995527223333,0.1505495913089996,0.0794866620412639,-0.0179602217366333,-0.1510970148113344,0.0047526350038429,-0.1408879448199999,0.1406815730948988,-0.050522344804198,-0.0643049024156666,-0.0844870515098308,0.0466903609477015,-0.2886135836333333,0.1250174504058659,-0.0761827681560829,-0.070861059687,-0.0415037996673738,0.0699064667818286,-0.3502219173,0.0983904223071082,-0.0717042024739318,-0.0837014327853333,-0.0298491752401959,0.1306247732198439,-0.3505470345666667,0.1332586754278021,-0.0692652958218848,-0.0688392269635666,-0.0742392078248531,0.0726540987421127,-0.325169563,0.0754004503057985,-0.1574173916352684,0.0486420095599999,-0.0737479394484619,-0.1728675884929668,-0.0455992502533333,0.1190390912887341,-0.475150485480277,0.0505019099166666,-0.0186988658349636,-0.4310002772282232,-0.04837592562,0.1166544562089745,-0.6913730310260833,0.2911120819666666,-0.0296545527470922,-0.7282649047490357,0.1511829969766666,0.1020817494327894,-0.716961551611383,0.3213628043666666,-0.0280465798276002,-0.7543805189742901,0.1311595859299999,0.1466006730480545,-0.749164157737456,0.2951873561666667,0.0016514308025804,-0.7883068980192144,0.0554088359666666,nijmegen_nijmegen_rennen_g_ch1_g11_compr.mp4,ch1g11,5.2344658185724746e-05,0.0003135000674243,0.0001434647451382,1.5007389642963548e-05,9.099390624583327e-05,0.000340371513682,0.0001420229143754,4.841137084517375e-05,1.8259657567959416e-05,9.585765600430868e-06,0.0002513554730415,3.996484056481984e-05,0.0001528643679478,0.0001441182000223,9.760052877881548e-05,3.4234537694192134e-05,0.0001014616078685,0.0002748557789258,3.5248178399835105e-05,0.0001530494735965,0.0004373126447241,0.0001543164985298,0.0001512868678247,0.0001141230904962,8.927407695538113e-05,7.109085402216036e-06,0.0001247898912495,0.0002276855736264,5.375355033002302e-05,0.0003116116461023,6.261241027303929e-06,8.386557784641758e-05,0.0004080931264095,0.0003998425911211,9.598070064727552e-05,5.010848982303851e-05,6.493700411200246e-05,5.012076421023631e-05,5.00964704154272e-05,4.5166358231889195e-05,3.281009194881492e-05,4.0774755639634096e-05,8.983564604642252e-05,9.895022168460524e-05,2.5680143828354156e-05,3.0632024773432486e-05,-2.345156242110905e-05,0.000435996692931,7.7932473033485e-07,0.0001356084983466,0.0035972977312076,-0.0051573036702903,0.0044900079593725,-0.0066951631944674,0.0052800663243283,-0.007011694696658,0.0041252501150567,-0.0055455384034674,6.876426802514402e-05,-7.190847786093084e-05,-0.0001226106790497,-3.359369103612722e-06,-0.0010121601769714,-0.0003455067390285,-0.001034922363941,-0.0003624254032938,-0.0005865479787663,-0.0003606699617908,1.1430157163910574e-05,3.8594658409049974e-05,1.7814718890097793e-05,1.2385288823302129e-06,1.2240352487816602e-05,4.248266988650297e-05,1.761997167477957e-05,-3.2649422452751524e-06,-1.0815849805315226e-06,-6.813438633064906e-07,4.151277563016584e-05,1.2828029662440078e-05,1.8154831057580127e-05,1.7931569602510048e-05,5.050403580635226e-06,1.1021706573539893e-05,6.143755491247906e-06,4.63131056171016e-05,1.173674390694458e-05,1.8028978429403915e-05,5.5837169261442455e-05,1.7665086024530714e-05,1.7980918614717616e-05,1.484125521734546e-05,1.1818967070989533e-05,2.855180308994102e-07,1.4885444911360858e-05,3.679119999183073e-05,1.0538559469359442e-05,5.34480362964497e-05,9.809909679591317e-08,1.2119646953839256e-05,5.098571874574756e-05,1.957234756305385e-07,-2.321420436029824e-06,-2.3307623090645627e-06,2.2509627517896137e-06,4.80576128668956e-06,-2.6664885958821476e-06,-2.267536228128876e-06,8.866453321328622e-08,1.985951218379163e-07,7.090336923456615e-07,5.339762466481154e-09,2.55124010401618e-06,-2.498345328151122e-06,-2.325407902982691e-06,-4.90506199276004e-07,3.272867295772342e-06,4.563166657332322e-06,1.6184360233793877e-07,2.4335937882593295e-06,-2.490744319139797e-06,-4.056166606182317e-06,-2.5286684940696417e-06,-2.458401452530282e-06,-1.504895445318463e-06,4.3901850857842745e-06,2.3057776472552094e-07,-1.857132469048366e-06,5.0487597787844226e-08,-1.0688018342149949e-07,-2.679148530861665e-07,2.0519518851503362e-07,-9.554780037209503e-07,-3.7110810556521937e-06,3.270928229084177e-06,movement,movement,no movement,no movement
6183.333333333357,-0.0267939463542791,0.296633123039162,-0.3018591265666666,-0.0154914419570701,0.3150869583773765,-0.2969496808999999,-0.0139192412402992,0.3156848895068269,-0.2862945741333332,-0.0150692576450142,0.3154118703612732,-0.2894462352,-0.0355408092633393,0.3236861842787852,-0.3113108237333333,-0.0343499124455617,0.3225925386945079,-0.3246815055333333,-0.029958170551043,0.3134043389468232,-0.3041465850333332,0.0219705913170097,0.3276411746796194,-0.1849703227333332,-0.0903451909288828,0.2865317940554029,-0.2021923045,-0.0023786985949057,0.298213131783995,-0.2496055597333333,-0.0307749393987874,0.2699101674279869,-0.2812673241333333,0.0921307248868947,0.2344011362813846,-0.0377848550433333,-0.1560340125700176,0.2445398506408719,-0.042539868569,0.1487465184856937,0.0796757053452494,-0.0186911282266333,-0.1512692498289526,0.0050124445455805,-0.1388929656866666,0.1392880508763602,-0.0463443146001943,-0.0671461351456666,-0.0837609530114805,0.0412774854378449,-0.2819562161666666,0.1237786672563995,-0.0710617971962793,-0.074187180897,-0.0404939061555253,0.0628589493301583,-0.3429459773,0.0977867427360978,-0.0658232054761304,-0.086882161142,-0.027997374864081,0.1231548382169589,-0.3436631993,0.1321929379916671,-0.0645334474068616,-0.0717931137002333,-0.0731939974499652,0.0668220213468057,-0.318957597,0.0752963297100142,-0.1573705080670952,0.0492794028799999,-0.0736224779142443,-0.1729164903971358,-0.0463182789633333,0.119757298813873,-0.4754360144988586,0.0508458701899999,-0.0185463949049776,-0.4309697585597954,-0.0498443116866666,0.117354005802187,-0.6925945408196607,0.2889823399666666,-0.0302217443774196,-0.7287326568988715,0.1484378057233333,0.1027560748205815,-0.718193756761196,0.3189323524666666,-0.0287557559152786,-0.75487982846623,0.1282901748699999,0.147908053289162,-0.7500048351901656,0.2931976021333334,0.0012610100675978,-0.7887863950800426,0.0526290748566666,nijmegen_nijmegen_rennen_g_ch1_g11_compr.mp4,ch1g11,6.465003811924421e-05,0.0003498404829565,0.0001579835141552,1.812453869938308e-05,0.0001070434825466,0.0003796476357387,0.0001563699090053,4.492527445473935e-05,1.7735509140038695e-05,8.876349791146556e-06,0.0002941666482656,5.39315232452271e-05,0.0001673223934292,0.000158748007593,0.0001020633419582,4.6037923938817456e-05,0.0001096033387918,0.0003224587147496,4.8113303372980584e-05,0.0001673499020959,0.0004876866160903,0.0001681518563907,0.0001656167543123,0.000127018051628,0.0001046099281823,7.511254904927859e-06,0.0001369763600494,0.0002647394028713,6.472128879420302e-05,0.0003674558482529,6.452697327157335e-06,9.471163656961024e-05,0.0004550756004847,0.0004508001104954,0.0001151439405082,7.09957976254251e-05,8.160081246596989e-05,6.449268541226223e-05,6.526832818189861e-05,6.693185201813024e-05,4.886994030659564e-05,5.916415329439842e-05,9.42089828744183e-05,0.0001395508560975,3.0671904412369775e-05,4.58538202620871e-05,-6.039775424915391e-06,0.0005581890272094,0.0001871914790881,0.0001747732542867,0.004326308398269,-0.0057218874265631,0.005340121570819,-0.0074264507908965,0.006177452133026,-0.0078149463429624,0.0049004754342984,-0.0061649298108566,5.4298410463571776e-05,-5.6996683830384206e-05,-0.0002614773834994,2.983699904556717e-07,-0.0014717407930252,-0.000605843045359,-0.0015157171986912,-0.0006379047092943,-0.0010701249251792,-0.0006108840740824,1.1209108845988143e-05,3.5277999798297166e-05,1.502168239662209e-05,3.3219794245335084e-06,1.728337543503768e-05,3.8813369397524026e-05,1.491018685358888e-05,-3.062507318306653e-06,-1.3269887631189871e-06,7.45243819189789e-08,3.913089043473778e-05,1.5173985965974425e-05,1.521158865850044e-05,1.514278806686688e-05,3.9489166260785915e-06,1.4308673229007457e-05,1.1185876223259288e-05,4.378858030841703e-05,1.4036035756769855e-05,1.5100456729916992e-05,5.0416363100357974e-05,1.4754583163257252e-05,1.5082926348002684e-05,1.2953458235378774e-05,1.637321606309907e-05,5.029571346875923e-07,1.270856454513914e-05,3.486568724732751e-05,9.869696630617136e-06,4.986873263218493e-05,3.040872689052653e-07,1.087065940562449e-05,4.598228162248162e-05,-6.237085253970871e-07,-3.677972676668884e-06,-2.7618029495416072e-06,1.849143256699512e-06,4.21575307764782e-06,-4.1124668588866985e-06,-2.6927067209447715e-06,4.882502716456389e-07,-1.055474135585165e-07,8.139120170863062e-07,-2.6682863952413034e-06,1.9671250144287317e-06,-2.8267580211037343e-06,-2.768268393024087e-06,-1.0256320580178176e-06,2.7645051358470605e-06,4.458050753150207e-06,-2.8690634858608538e-06,1.8906206169610251e-06,-2.7954181218944655e-06,-5.863390777310489e-06,-2.764648362527971e-06,-2.7748148117078347e-06,-1.9192425808873043e-06,3.818216390498773e-06,2.1068976564417786e-07,-2.090561689669013e-06,-2.159569156530786e-06,-7.344819992098994e-07,-4.035098528571619e-06,2.0025513943854685e-07,-1.3179086820886467e-06,-5.446907555197884e-06,4.760511931966258e-06,movement,movement,no movement,no movement
6200.000000000024,-0.0239098185137045,0.296590625709835,-0.3025720448,-0.0127805305219404,0.3150528413301839,-0.2974916470333333,-0.0111695284777814,0.3156268496866468,-0.2868346120666666,-0.0123360576177349,0.3153551408551385,-0.2900128935666666,-0.0326950227676743,0.3236488194776885,-0.3125449587666666,-0.0314701829834181,0.3225335378319117,-0.3259450584333333,-0.0270776055876374,0.3133599733028756,-0.3053734919999999,0.0232527863782157,0.3276266544579714,-0.1851386795333332,-0.0886518317229835,0.2866255147052338,-0.2049238945,-0.0001578804071163,0.2981158539322794,-0.2499598775666666,-0.0283967720469415,0.2698530459820273,-0.2823462287999999,0.0919081624704089,0.2343742118767952,-0.0371790962666666,-0.1549573265025529,0.2451784546683703,-0.045105853369,0.1470786895363098,0.0799779233449529,-0.0204188921032999,-0.1515155057977,0.0052166912594461,-0.1377112407533333,0.1382783116493922,-0.0417006205217367,-0.072528217009,-0.083177997811052,0.0352214013670134,-0.2764734764333333,0.1229705454987163,-0.0653513959095511,-0.080351321717,-0.0396741721062291,0.0550202784336175,-0.3370637354666667,0.0976100159312217,-0.0592672181681589,-0.092909086172,-0.0262056358946577,0.1148337673309854,-0.3379227872333333,0.1315143868396975,-0.0593305598885923,-0.0773154742235666,-0.0722361926331427,0.0602438076897778,-0.319702536,0.0751883629119581,-0.1573317204747233,0.0499466213733333,-0.0734930145092647,-0.1729569092084272,-0.0470655072533333,0.1204322266765846,-0.4758271119238038,0.0513932083433333,-0.0183916282327588,-0.4309641568747343,-0.0512855423133333,0.1180724785329445,-0.6942790052285075,0.2873731869333333,-0.0308036205475154,-0.7293835984419818,0.1457635146733333,0.1034524186321378,-0.7199317885348336,0.3170868813999999,-0.0294637764405187,-0.7555552343231982,0.1255548499033333,0.1491514035649394,-0.7513128466996298,0.2915658693333334,0.0007366675963854,-0.78942907813179,0.0499531777866666,nijmegen_nijmegen_rennen_g_ch1_g11_compr.mp4,ch1g11,7.607361589902933e-05,0.0003803694987155,0.0001691234064956,2.2744596118070956e-05,0.0001255580261583,0.0004130084543819,0.0001674621361122,4.130344458897084e-05,1.650239832461403e-05,9.626363460092764e-06,0.0003330086027111,6.997982962220133e-05,0.0001783898011324,0.0001699816315541,0.000104241019994,6.1786431884179e-05,0.0001221692613476,0.000365204956271,6.298185781384106e-05,0.0001785283692405,0.0005304337989428,0.0001788184474791,0.0001766195140757,0.0001373703210758,0.0001219975597095,8.1410633916662e-06,0.0001467990989897,0.0002996117023962,7.442873394821431e-05,0.0004155340760259,6.871629066049807e-06,0.0001039302909776,0.0004942243846867,0.000495814113018,0.0001372957355083,0.0001023294081134,0.0001067531823938,8.764702315219763e-05,8.924214194282881e-05,0.0001003055295089,7.596591027942076e-05,8.767365527406663e-05,0.0001081798395669,0.0001929934878495,5.096021672171917e-05,7.446724782387873e-05,1.7058068309580907e-05,0.0006795244990182,0.0003451516965342,0.0001921891269078,0.0049089099327295,-0.0062746521805181,0.0060248871167851,-0.0081370185355929,0.0068796426709636,-0.0086212336434683,0.0055156846030317,-0.0067795054958198,3.906547608856558e-05,-4.115584179948484e-05,-0.0003939423042977,-2.946472218465694e-05,-0.0019509633504704,-0.0009032861302869,-0.0020203980805677,-0.0009513893467159,-0.0015893881604173,-0.000899136759315,9.934606753230224e-06,3.101409187193949e-05,1.2016299277862612e-05,4.906403798447579e-06,2.129870133761683e-05,3.40330274948651e-05,1.1971270934988857e-05,-2.4935493679905936e-06,-1.557714380024169e-06,9.203405034612572e-07,3.486137182008093e-05,1.692633427859017e-05,1.2200583211712048e-05,1.2122316046198508e-05,2.694101674571248e-06,1.6944632334608675e-05,1.5822201350259276e-05,3.904537922154537e-05,1.5728721755894853e-05,1.2132475341049032e-05,4.3746995772767544e-05,1.186914380911834e-05,1.214177346159039e-05,1.076105297732424e-05,1.9968069484465385e-05,6.984950666986741e-07,1.0450692017105776e-05,3.138601887259683e-05,8.563493256116925e-06,4.344569738091097e-05,5.007119213492975e-07,9.280287402633663e-06,3.9830889835080115e-05,-1.3458683355646507e-06,-4.3722812601444494e-06,-2.7726479506092403e-06,1.3388412366985655e-06,3.316931766005096e-06,-4.881339805815077e-06,-2.711060691580942e-06,9.173077158234694e-07,-2.871341860547711e-07,8.120728230004038e-07,-4.6099197785314844e-06,1.2495723721373962e-06,-2.7241793700948525e-06,-2.791171827898184e-06,-1.371954922643827e-06,1.9968171295713393e-06,3.929178198885254e-06,-5.022737817007643e-06,1.2116757203582623e-06,-2.6846479280284877e-06,-6.795062171226326e-06,-2.5897867993030856e-06,-2.6683704087143393e-06,-2.0252658396389603e-06,2.9831425286254495e-06,1.7334831485947237e-07,-2.007692763455962e-06,-3.843069858998021e-06,-1.2195291750150723e-06,-6.586248226858731e-06,1.77080576464697e-07,-1.474126770292692e-06,-6.295408150433848e-06,6.128685464746953e-06,movement,movement,no movement,no movement
6216.666666666691,-0.0207869748677002,0.2966472679740089,-0.3030347944,-0.0098481228090629,0.3151105189816167,-0.2977785689,-0.0081947413351193,0.3156613947137904,-0.2871210183666666,-0.0093766125275903,0.315393076857715,-0.2903262748999999,-0.0296051797009855,0.3236997991614155,-0.3134608656,-0.0283510961684576,0.32255804658145,-0.3268832216333333,-0.0239545437317867,0.31339791422127,-0.3062840264666666,0.0246491283624225,0.327686574329978,-0.1851138775666666,-0.0868203569962823,0.2868012966788466,-0.2073598623333333,0.0022561932226303,0.2981159231679855,-0.2500891521,-0.0258230713293648,0.2698888387431964,-0.2831666519666667,0.0917058851216021,0.2343409294139819,-0.0366149235266666,-0.1538413060756138,0.2459052081221396,-0.0474365766656666,0.1453780892310983,0.0802886063832257,-0.0220861327366333,-0.1519385276769317,0.0054091337963339,-0.13632220792,0.1372783440743671,-0.0366929069372909,-0.078201623359,-0.0827408073568597,0.0287121575973781,-0.2703474988,0.1221453355844441,-0.0591488137711929,-0.0867806216103333,-0.0389893396601238,0.0465645436988186,-0.3303517817333334,0.097451247217016,-0.0522062853166474,-0.099245998062,-0.0245309054268017,0.1057987216131444,-0.3316494657666666,0.1308526719776875,-0.0537137067064837,-0.0830907399269,-0.0713952104273351,0.0531662911412619,-0.279879391,0.0750717619159602,-0.157302413616186,0.0506331608333333,-0.0733530893212077,-0.1729874798301469,-0.0478354690033333,0.1209248830783708,-0.476282559477438,0.0520651305133333,-0.0182610769103105,-0.4310277646044397,-0.05261706587,0.1187631060822169,-0.6964608713224282,0.285520758,-0.0315229850628892,-0.7303739721354032,0.1431382889366667,0.1041240204744946,-0.7222035678118544,0.3148834834666666,-0.0303260653314505,-0.7565862699507362,0.1228339437999999,0.1503321251320651,-0.7531765630420133,0.2894686824,-1.8726046494516512e-05,-0.7904158403007762,0.04716184757,nijmegen_nijmegen_rennen_g_ch1_g11_compr.mp4,ch1g11,8.514974854467066e-05,0.0004076295509232,0.0001789438068479,2.8951002588568287e-05,0.000148241355634,0.0004436594358101,0.0001773015984771,3.8969285897408896e-05,1.4047496349048394e-05,1.079972812072426e-05,0.0003631017504969,8.937017554994592e-05,0.0001885095706369,0.0001798588510207,0.0001050462462388,8.104463994476086e-05,0.0001398701487419,0.000398581140854,8.088929672413179e-05,0.0001887002245409,0.000569950919565,0.0001887638721404,0.0001867532227128,0.000145980623373,0.0001432216327199,9.008980406576363e-06,0.0001556158188233,0.0003280313361799,8.235553879219121e-05,0.0004499750812293,7.529529224127555e-06,0.0001120436340842,0.0005291100008267,0.0005344523203258,0.0001644856054598,0.0001416871706246,0.000136597052101,0.000115468297152,0.000117524232182,0.0001353445519556,0.0001064032822056,0.0001190481489878,0.0001181640273462,0.0002370317719527,7.910948096031298e-05,0.0001097695491153,2.8527196190999908e-05,0.0007660715413588,0.0004589320238424,0.0001859530202642,0.005401460597972,-0.0067609562773931,0.0066125013717131,-0.0087645623017248,0.0074927767854259,-0.0093259288400782,0.0060343939968486,-0.0073261121753835,2.520227095452479e-05,-2.6830867565649484e-05,-0.0004875951182258,-7.364119078512582e-05,-0.0023675629459066,-0.0011649997367248,-0.0024634521954918,-0.001225118307429,-0.0020619465251959,-0.0011550057053145,8.107471906516618e-06,2.634877931771435e-05,9.226177608739354e-06,5.745602777387013e-06,2.3811221097980025e-05,2.8749166266349815e-05,9.237070760869876e-06,-1.4373927810949358e-06,-1.7893799808210589e-06,1.846965668596154e-06,2.951001179156383e-05,1.7624015279127125e-05,9.510140482729062e-06,9.308204141342956e-06,1.2405789906218889e-06,1.8399571075724346e-05,1.9310992111773157e-05,3.309773597528451e-05,1.641164051547552e-05,9.492986017621472e-06,3.6422881678302576e-05,9.35063476794088e-06,9.509530828139111e-06,8.649775034590692e-06,2.2196420278250243e-05,8.406191294705907e-07,8.457465020464054e-06,2.6963908063882032e-05,6.917682290192171e-06,3.573215926233797e-05,6.559458086512739e-07,7.696613469538597e-06,3.3159968275768103e-05,-1.863819797325444e-06,-4.604133871526376e-06,-2.53001233738779e-06,7.777620944396645e-07,2.1018715319280575e-06,-5.197250029354099e-06,-2.485482479556406e-06,1.2731873906908891e-06,-2.9748753190898657e-07,7.174690300671768e-07,-5.649588151324076e-06,3.819109548303947e-07,-2.389218693265803e-06,-2.559716828847956e-06,-1.5265341123209234e-06,1.002072008926306e-06,2.945196729824407e-06,-6.147911066394238e-06,3.8927314463968226e-07,-2.347716494993602e-06,-7.156378166063485e-06,-2.207291464446393e-06,-2.337855800571147e-06,-1.916617088545016e-06,1.8709793643542131e-06,1.2123376832234714e-07,-1.748811363786839e-06,-4.854753110787805e-06,-1.5165165163061569e-06,-7.705108976688598e-06,1.369813032472189e-07,-1.4822433666507737e-06,-6.532762856926341e-06,6.906655974150365e-06,movement,movement,no movement,no movement
6233.333333333358,-0.0174643668445661,0.296793214384575,-0.303425933,-0.0067179615344023,0.3152479668818639,-0.2979882491,-0.0050208762402668,0.3157754355048331,-0.2873274898333333,-0.006220719229703,0.3155111778658604,-0.2905530427666666,-0.026327999171624,0.323821849145569,-0.3143297711666666,-0.0250442740271626,0.3226522972558806,-0.3277652640999999,-0.0206441163268202,0.3135081649718807,-0.3071412892999999,0.0261768652427755,0.3278119757697018,-0.1849907626,-0.0848930867220215,0.2870328747883669,-0.2097414151,0.0048433326377114,0.2982031483100076,-0.2501661444333333,-0.0230899478479995,0.2700001150218129,-0.2839092284999999,0.0915578107141878,0.2343776777494099,-0.0360084141033333,-0.1527140049510784,0.2466962869874231,-0.049677104569,0.1437620860660909,0.080763599312017,-0.0235914638733,-0.1525011490105216,0.0055882457947598,-0.13486409852,0.1363363430517407,-0.0311346934598115,-0.083451988819,-0.0824108256733053,0.0217798295259077,-0.2645304843333333,0.1214078088393923,-0.0523470733716071,-0.0927918216103333,-0.038396717655522,0.0375640627570059,-0.3240115959333333,0.0973693755940977,-0.04451951831325,-0.105179539612,-0.0229466029331331,0.0962062862486206,-0.3258050381333333,0.1302601834044037,-0.0475340805516089,-0.0884648549635666,-0.0706351666841075,0.0456238450752184,-0.28686738,0.0749528123492564,-0.1572784162749343,0.0513319222266666,-0.0732109316116514,-0.1730130202872608,-0.0486168712433333,0.121259774890817,-0.4767727001955622,0.0527694887833333,-0.0181336184520745,-0.4311787019787247,-0.0538628861266666,0.1194596865489837,-0.6990795116001788,0.2834056117,-0.0323542297651188,-0.731722077663922,0.1405391039766666,0.1047964450507951,-0.7249537248069013,0.3123768508666666,-0.0313203091047629,-0.7580004531865621,0.1201304544399999,0.1514828053898296,-0.7555260789657529,0.2867999350666667,-0.001023972595171,-0.7917525959788433,0.0442413544866666,nijmegen_nijmegen_rennen_g_ch1_g11_compr.mp4,ch1g11,9.15841239911724e-05,0.0004319940232629,0.000187150693565,3.5324063544708526e-05,0.000173886345829,0.0004712105176819,0.000185549322008,3.8032777605338726e-05,1.1108217712190313e-05,1.2417304195860958e-05,0.0003868944287242,0.0001088150112783,0.0001971622339649,0.0001881229841699,0.0001067366787457,0.000101478740828,0.0001616283973635,0.0004255948624532,9.895728678992623e-05,0.0001973259926098,0.0006060064332667,0.0001972904518261,0.0001954217454979,0.0001534990959181,0.0001670262290319,1.0006602336099355e-05,0.0001632736444542,0.0003512810291483,8.820513502815912e-05,0.0004761626639006,8.34676105837018e-06,0.0001190753402204,0.0005608700741581,0.0005680296696735,0.0001941399129325,0.000193781413134,0.000177129240763,0.0001551078411422,0.000157102481622,0.0001810567867846,0.0001485350804552,0.0001609628478781,0.0001345723820075,0.0002838449259575,0.0001211225435388,0.0001566131615159,3.7380600543312505e-05,0.0008305110997916,0.0005592218673729,0.0001663137298455,0.0057698798767699,-0.0071996835077654,0.0070404088679984,-0.0093340941863326,0.0079135571060113,-0.0099750035296262,0.0064129523057472,-0.0078214682616896,1.1812074407428142e-05,-1.311971716792841e-05,-0.0005604819948331,-0.0001302065344773,-0.002785562201101,-0.0014088275302494,-0.0029110008136581,-0.001481607061026,-0.0025365583720554,-0.0013919720538467,5.865083383776527e-06,2.186424146589459e-05,6.866168835020703e-06,6.010873050173275e-06,2.483356300533412e-05,2.363018588684824e-05,6.903513373580696e-06,6.79803461500028e-08,-2.044120439985697e-06,2.5298989608406507e-06,2.352801157915536e-05,1.739118673167943e-05,7.392168473809678e-06,6.907768861300076e-06,-2.9334450751306336e-07,1.8537652435960024e-05,2.1390717120844352e-05,2.654204699018108e-05,1.6178392259738234e-05,7.423146659187736e-06,2.9521910388667394e-05,7.409845571881997e-06,7.442435406555231e-06,6.7721326520781305e-06,2.308128700653956e-05,9.646136600833949e-07,6.90752890943033e-06,2.181779697652868e-05,5.34565329638698e-06,2.7519050136061174e-05,7.959155413228863e-07,6.3245099999977545e-06,2.6808526082282953e-05,-2.1339606406727565e-06,-4.5306662829969865e-06,-2.131853331700969e-06,2.979326016451514e-07,6.777989649555136e-07,-5.187512535298453e-06,-2.108668814695519e-06,1.5027691825957075e-06,-1.703866840746058e-07,5.353422568243848e-07,-5.935201223748412e-06,-4.843737763418867e-07,-1.9339237988716185e-06,-2.1720359533114405e-06,-1.5798983757645512e-06,-7.017482113136798e-08,1.5959198021751697e-06,-6.4246086810699555e-06,-4.3856236594145275e-07,-1.894093077735811e-06,-7.125535617788305e-06,-1.7307991908224764e-06,-1.8926507158597128e-06,-1.6928520238617104e-06,5.813531067647444e-07,6.222972648359065e-08,-1.4135019295171242e-06,-5.280148282595721e-06,-1.6148658325447236e-06,-7.692532614937613e-06,8.60564181303009e-08,-1.394548758473014e-06,-6.389441823544807e-06,7.140850479246207e-06,movement,movement,no movement,no movement
6250.000000000025,-0.0141164940632749,0.2970740898633937,-0.3037458609333334,-0.0035610520817037,0.3154965705955702,-0.2981167378333333,-0.0018190697492199,0.3160035963199625,-0.2874549573333333,-0.0030374379352117,0.3157387131569598,-0.2907048468333333,-0.0230100972433185,0.3240512906417513,-0.3151188552,-0.0216942564026806,0.3228546867571414,-0.3285629244333333,-0.0172931213300167,0.313727655775401,-0.3079179268999999,0.027763888738358,0.3279772704256006,-0.1847316805666666,-0.0828890452014136,0.2873272384156093,-0.2120448346,0.0074597229704257,0.2983979739967906,-0.2501321787333333,-0.0203239969401029,0.2702242527646442,-0.2845857342666665,0.0914167056662956,0.2344495974369033,-0.0353005025266666,-0.1515481921209232,0.2475083988979942,-0.0516785182623333,0.1421508005950331,0.0813871283760929,-0.0248816691799666,-0.1532686232225217,0.0057430741218306,-0.1331350365866666,0.1354186651927152,-0.0251477048838074,-0.0884108755456666,-0.0821863360628508,0.0143182469506966,-0.2583745126666666,0.1206784735041198,-0.0450417133378213,-0.0984692909303333,-0.0379122399155288,0.0279340587760482,-0.3172264104666666,0.0973282103685937,-0.0363376357066005,-0.1107611661086666,-0.0214955925182345,0.0859291627862916,-0.3195467570666666,0.1296957534088159,-0.0409058900045824,-0.0935704587735666,-0.0699889541799917,0.0375203665839487,-0.288335979,0.0748240361894395,-0.1572604901047689,0.05204136937,-0.0730565425653899,-0.1730327503245684,-0.0494120102433333,0.12135559964883,-0.477385210260307,0.0533195970633333,-0.0180115621823022,-0.4313888832724267,-0.0552041808699999,0.1201539550623653,-0.7021047866845912,0.2810465497666667,-0.0332999245278554,-0.7333147786641537,0.1379478588499999,0.1054795200671157,-0.7281253143806556,0.3096347327333333,-0.0324341901014345,-0.7596750492288897,0.1174437650066666,0.1525786347572043,-0.7583213390879129,0.2837980117,-0.0022298245269612,-0.7932826155496563,0.0412916823566666,nijmegen_nijmegen_rennen_g_ch1_g11_compr.mp4,ch1g11,9.567447535118787e-05,0.0004523033539046,0.0001943832328584,4.107467874646259e-05,0.0002002841210607,0.0004932334785378,0.0001928472497286,3.859153504881696e-05,8.43427318402746e-06,1.5679715045434755e-05,0.0004040110964963,0.0001270646114411,0.0002050687206964,0.0001953793340101,0.0001059600221222,0.0001212342387065,0.0001855359675617,0.0004452416257904,0.0001160500533413,0.0002052573874816,0.0006336195661752,0.0002056053056709,0.0002034071510868,0.0001604423409135,0.0001914839145132,1.107084809456054e-05,0.0001705752215332,0.0003676537752016,9.156593004915246e-05,0.0004949594538296,9.261928386196897e-06,0.000124724679305,0.0005856149283489,0.0005938537512685,0.0002239055702698,0.0002561262650046,0.0002273379527632,0.0002057801176725,0.0002068571113212,0.0002346149000352,0.000199738838606,0.0002107316440578,0.0001578888504804,0.0003290003708689,0.0001718180776682,0.0002108014843661,3.880978128840846e-05,0.0008695508490863,0.0006200100572792,0.0001311196652268,0.0060541465928942,-0.0075444509943853,0.0073800782278212,-0.009759883871172,0.0082441441142732,-0.0104673960860774,0.0067056794757613,-0.0082045938514481,-6.021297640323178e-07,-6.235448218476468e-07,-0.0006128060327256,-0.0002126642540004,-0.00318625728725,-0.0016359019099458,-0.0033425128063713,-0.001720501219807,-0.0029922875435009,-0.0016268421456296,3.578597049541278e-06,1.7679141702459826e-05,5.187853637066703e-06,5.782936782607224e-06,2.4506573421928083e-05,1.8830145673835097e-05,5.234637737947538e-06,1.750735922706266e-06,-2.108939297644305e-06,3.0278290613449443e-06,1.7581760408492663e-05,1.6365576161954535e-05,5.971247002330712e-06,5.185371888778203e-06,-1.7250430377950208e-06,1.7783320862567123e-05,2.215133901419765e-05,2.0156502434287e-05,1.5191542007085383e-05,6.042065616834555e-06,2.3079458192189665e-05,6.182601052058476e-06,6.057306363556878e-06,5.36801461468555e-06,2.2750555978900502e-05,1.015511573539263e-06,5.879928568664314e-06,1.6435017164161186e-05,3.8426390805404855e-06,2.005960449914852e-05,8.706174683246956e-07,5.141992029915594e-06,2.1039252213086563e-05,-2.155975928587184e-06,-4.275025679108629e-06,-1.7003518111298009e-06,-3.825718229891217e-08,-8.022138528655103e-07,-4.925561149646076e-06,-1.6988271167989128e-06,1.560547597637459e-06,4.680495533867678e-08,2.399856783483857e-07,-5.682490934995937e-06,-1.2573387729374972e-06,-1.493424623662098e-06,-1.7479546929590742e-06,-1.4656359583358646e-06,-1.1011591025499622e-06,2.7727461039269303e-08,-6.093953284273147e-06,-1.1843909472361542e-06,-1.460725039106347e-06,-6.726248531979079e-06,-1.3112324748676532e-06,-1.4673799686469658e-06,-1.447083446582961e-06,-7.538296041522216e-07,4.346515675378378e-09,-1.1163591757740137e-06,-5.232512141659118e-06,-1.5243351686304914e-06,-6.948081901932936e-06,3.182941645682269e-08,-1.2531751182941914e-06,-5.941785110429624e-06,6.9140856404887575e-06,movement,movement,no movement,no movement
6266.6666666666915,-0.0106407975591397,0.2974729862059543,-0.3037203531,-0.0003114911336838,0.3158609263297001,-0.2979341817333333,0.0014730070480567,0.3163487460913117,-0.2872703081,0.0002400419785116,0.3160852992585199,-0.2905654951666667,-0.0195660784249304,0.3244339444036502,-0.3157714416333333,-0.0182235822903591,0.3231963889106831,-0.3292025577666666,-0.0138170677856026,0.3140722451711168,-0.3085528802666667,0.0293478912318064,0.3282476339247644,-0.1842729756666666,-0.0807790005670008,0.2877807304126619,-0.2146288931333333,0.0101693842964719,0.2987104775999689,-0.2496698582666666,-0.0174323638164248,0.2705674577776414,-0.2850556841333332,0.0912770956898776,0.2345641791060092,-0.0344886584566666,-0.1502484876810461,0.2484651469050859,-0.0539154605856666,0.1405567395150031,0.0821248802269448,-0.0262484419159666,-0.1540047721853071,0.0059431817169532,-0.1313713207533333,0.1345489842758123,-0.0188416901239152,-0.092836029079,-0.0819940647234668,0.0067259924028458,-0.2518020500333333,0.1199922383763014,-0.0374304628624174,-0.1034222660903333,-0.0374505364090767,0.018101887798941,-0.3098510201333334,0.0973571253480634,-0.0278666378457797,-0.11558296341,-0.0201161149187157,0.0753965558594681,-0.312648337,0.1291993731368216,-0.0339174103946109,-0.0981159102866666,-0.0693832951775424,0.0292903199608842,-0.291341573,0.0746501030135453,-0.1572640988421011,0.0527679117433333,-0.0728495884426758,-0.1730307633161417,-0.05023253697,0.1211774337244303,-0.478015106413351,0.05374487335,-0.017857830137876,-0.4316600879011881,-0.0566364551499999,0.1204848001347829,-0.7055224959926539,0.2777744524666667,-0.0344625273758154,-0.7350974328641863,0.1350198397866666,0.1057906220518338,-0.7317140303041796,0.3058720841666666,-0.0338167974476091,-0.7615461055227143,0.1143500457633333,0.1534780758704837,-0.7614640000946556,0.2799028605999999,-0.0035712938834728,-0.7950362408226631,0.03802603762,nijmegen_nijmegen_rennen_g_ch1_g11_compr.mp4,ch1g11,9.798616710484596e-05,0.0004670528987434,0.0001995704390464,4.598841246435412e-05,0.0002232103426476,0.0005086296062023,0.0001980736498158,4.106805060842928e-05,6.221394536655171e-06,1.9065895691314095e-05,0.0004175263908629,0.0001419243273099,0.0002111340388806,0.0002005631456678,0.000103104319276,0.0001381506718393,0.0002066855849083,0.0004610960248587,0.0001299463240631,0.0002113919054808,0.0006518061499391,0.0002120399388474,0.0002095631653613,0.0001658586916913,0.000212538866913,1.209373982145682e-05,0.000176567154681,0.0003802081585837,9.365510657002324e-05,0.0005106236707172,1.0172446038688442e-05,0.0001294469725916,0.000602061119862,0.000612733293377,0.0002491160715132,0.0003325522207036,0.0002917256429316,0.0002719287368342,0.0002715640205093,0.0003000926506816,0.0002642991862306,0.0002724506242754,0.0001957212500142,0.0003760761221799,0.0002360636085704,0.0002750814678904,3.94142215092104e-05,0.0008982342881347,0.0006459081896091,0.0001096525323463,0.0062718922699448,-0.0077885280525333,0.0076447802834719,-0.0100379062584627,0.0085022501041744,-0.0107993781567796,0.0069331632151245,-0.0084704553095687,-1.3212480991018377e-05,1.2232186048774676e-05,-0.0006502089517208,-0.0002861420892015,-0.0035158284844806,-0.0018145755865576,-0.0036981852049651,-0.0019098307969503,-0.003358316942062,-0.0018113075197559,1.4598512901548932e-06,1.4143676393866994e-05,3.960312263933478e-06,5.5018461554856694e-06,2.2838320454660583e-05,1.4737353681197796e-05,3.996216615761222e-06,3.386145949605247e-06,-2.017471978302721e-06,3.130380522061722e-06,1.214559095223841e-05,1.459397750734289e-05,4.981251256770733e-06,3.9136619651347565e-06,-3.111064015091576e-06,1.6082671195983775e-05,2.1354159939304425e-05,1.4540283118298689e-05,1.3524717519204792e-05,5.063919509899279e-06,1.7476274808342186e-05,5.349373714204113e-06,5.073494835623617e-06,4.247333979135068e-06,2.1224818248171143e-05,9.727762452513932e-07,5.114225716344625e-06,1.1274050880888108e-05,2.3873833604888308e-06,1.3944545553893912e-05,8.584190220557907e-07,4.066586963222838e-06,1.614742236553713e-05,-1.969806388056306e-06,-3.9340314508464895e-06,-1.2960555374039815e-06,-2.258053376766953e-07,-2.162235720868083e-06,-4.512938184139307e-06,-1.3114371268888383e-06,1.4095929422909025e-06,3.187257171073339e-07,-9.700861315735269e-08,-5.2031153419187214e-06,-1.8655724094705536e-06,-1.13067487749795e-06,-1.3465487547727132e-06,-1.2265809040093851e-06,-1.996774418739328e-06,-1.516324530821627e-06,-5.515354836135801e-06,-1.7712013011635689e-06,-1.1095031760711345e-06,-6.093726447091452e-06,-9.92332759460466e-07,-1.1209827685931593e-06,-1.2134100822834105e-06,-1.9764198806898473e-06,-4.5404306361318215e-08,-9.003148391483751e-07,-4.957723073480615e-06,-1.3308219134040178e-06,-5.958905211924418e-06,-1.8483897581200824e-08,-1.1147615759501568e-06,-5.325460148411063e-06,6.450667430132728e-06,movement,movement,no movement,no movement
6283.3333333333585,-0.0071953915549119,0.2978975595228654,-0.3036233286666667,0.0029104641215609,0.3162349199668599,-0.2976793063,0.0047390475025949,0.3167060976685561,-0.2870125736333333,0.003489785336519,0.316440435210318,-0.2903541192,-0.0161498342653712,0.3248273258060052,-0.3163477937,-0.0147769792016013,0.3235528466651799,-0.3297613264666666,-0.0103690752547,0.3144321646556851,-0.3091102781,0.0309478703988272,0.3284969487474443,-0.1836984693333333,-0.0786559354054925,0.2882309318495301,-0.2170987283333333,0.0128782012755451,0.2990301433842489,-0.2491318349666666,-0.014549193499866,0.2709272357253156,-0.2854475598333332,0.0912025654820989,0.2346171151748263,-0.0335363495833333,-0.1489464490561349,0.2493974017938359,-0.0559490260356666,0.138981323801185,0.0827756497440427,-0.0274617552493,-0.1547127778139617,0.0059855214363182,-0.12950696122,0.1337105697840099,-0.0124595957705047,-0.0968203201356666,-0.081915464743119,-0.0011728165506925,-0.2453834160666667,0.1192952727358636,-0.0296503736362367,-0.1079063370293333,-0.0371230438195802,0.0079096150982268,-0.3027489533666666,0.0973895469075394,-0.0191843269788212,-0.11995372737,-0.01887061237631,0.0645117535375521,-0.3061044602666667,0.1287339370552974,-0.0268336505943147,-0.1022147688766666,-0.0688819144664519,0.0207352113192917,-0.290806741,0.0744671613554037,-0.1572838745843644,0.05348728082,-0.0726315494873335,-0.1730128600755055,-0.0510446696266666,0.1208913121288459,-0.4786468247883177,0.05375223713,-0.017700352289856,-0.4319128026471941,-0.0583594112633333,0.1207653315891934,-0.7090453169502619,0.2745165639,-0.0355739217860487,-0.7368880624265597,0.1317858827433333,0.1060642481352069,-0.7354159632602135,0.3021826852999999,-0.0351312029062918,-0.7634404212026512,0.1109567602766666,0.1543230685828751,-0.7648416549035263,0.2759704679999999,-0.0048916144216599,-0.7967630560528907,0.0342725879133333,nijmegen_nijmegen_rennen_g_ch1_g11_compr.mp4,ch1g11,9.828850214867116e-05,0.0004789439997954,0.0002029367270942,5.070959437854214e-05,0.0002445447322712,0.0005204407319269,0.00020144190168,4.541332820162425e-05,5.041489616807016e-06,2.2800966765583348e-05,0.0004279738704394,0.0001528456677976,0.0002156553292271,0.000203888490558,9.967862150251878e-05,0.0001514869866289,0.0002274610110187,0.0004736372949681,0.000140113879744,0.0002159809581433,0.0006654495155032,0.0002168151070873,0.0002141974759045,0.0001696039203544,0.0002322694255324,1.29325201216202e-05,0.0001812162525558,0.0003892348241992,9.52199341606196e-05,0.0005236783242375,1.0931273515500124e-05,0.0001333002345348,0.0006152747987109,0.0006272147908461,0.000271258152567,0.0004142533480318,0.0003621595448643,0.0003453227279187,0.0003429892080772,0.0003728338662652,0.0003364631619428,0.0003408708338262,0.0002424954280867,0.0004284555313055,0.0003062923740319,0.0003444369300173,3.193051221015448e-05,0.0009365480913302,0.0006152613792981,0.0001174085031262,0.0064323089064839,-0.007978314865325,0.0078599096114922,-0.0102529650335453,0.008718432940822,-0.0110493844523446,0.0071134360497755,-0.0086690485727731,-2.74034180663671e-05,2.6832798218963576e-05,-0.0007057698655782,-0.0003596253731849,-0.0038470384359085,-0.0019522427212233,-0.0040517480501463,-0.0020572868050488,-0.0037331208783516,-0.0019532323498813,-3.406477009841546e-07,1.0638228626744315e-05,3.198374141846784e-06,5.354451251759524e-06,2.0321807941501324e-05,1.0716699699627445e-05,3.2073802824345582e-06,4.835156145467713e-06,-1.5346985589896815e-06,2.9008153925802e-06,7.643239062451605e-06,1.2523609550164704e-05,4.396182823789527e-06,3.103398265067496e-06,-4.1427015040422726e-06,1.3909681391263442e-05,1.9265259591750127e-05,9.92935320879469e-06,1.157025898330246e-05,4.4795705068342815e-06,1.2062077142656504e-05,4.897810353966712e-06,4.4844760615651915e-06,3.4465179670121905e-06,1.8955607563884146e-05,8.835950069495704e-07,4.6190310793533e-06,6.784239112914817e-06,1.2200367833485497e-06,9.309596783571767e-06,7.98247548369831e-07,3.159855098636648e-06,1.1424901707155326e-05,-1.6206009102157578e-06,-3.672398905558124e-06,-9.934538976126569e-07,-3.09365754041075e-07,-3.3543841497223446e-06,-4.124068619365852e-06,-1.0188070800762083e-06,1.0570054298582537e-06,5.901549615694801e-07,-4.368459844270976e-07,-4.7132430541101945e-06,-2.265761930703902e-06,-9.149950204527598e-07,-1.0411198324585104e-06,-9.314029402576498e-07,-2.6652580516221187e-06,-2.961442912908495e-06,-4.9497136223694325e-06,-2.1573767446473307e-06,-9.07549513855527e-07,-5.461649641424884e-06,-8.378623587967009e-07,-9.204296434221104e-07,-1.0365358594096437e-06,-3.0598229358329216e-06,-7.855666751732299e-08,-8.085238863514629e-07,-4.612630429885023e-06,-1.105787902772848e-06,-5.077253849050416e-06,-5.57139797963023e-08,-1.010249043858468e-06,-4.800491027897245e-06,5.977130733984308e-06,movement,movement,no movement,no movement
6300.0000000000255,-0.0036750304836702,0.2983190595697935,-0.3035953482666667,0.006168190950247,0.3166039802492688,-0.297527383,0.0080384619922456,0.3170596862699844,-0.2868531063666666,0.0067757010231246,0.3167899200979395,-0.2902494624,-0.0126709382182498,0.3252162478986414,-0.3170624642999999,-0.0112686773471547,0.3239062574962689,-0.3304517638333333,-0.0068575075406732,0.3147886685028799,-0.3098046334666667,0.0324976205579059,0.3287452791913811,-0.1833758875,-0.0765076138289091,0.2886761335681045,-0.2197438344333333,0.015627726535509,0.2993445959711733,-0.2486640030999999,-0.0115977447471396,0.2712841642660437,-0.2859562755666666,0.0911233014796858,0.2346067365022132,-0.0329078837966666,-0.1476574701854422,0.2503298566569568,-0.0581957338423333,0.1373703107713879,0.0832934515214131,-0.0287543246956333,-0.1555143130935865,0.0060706239391812,-0.1276596252866667,0.1328797117329583,-0.0062109448754412,-0.1002545618656666,-0.082171509652023,-0.0093349214849296,-0.2385460957333333,0.1186136705731768,-0.0219376971927704,-0.1117077408126666,-0.0372150477801582,-0.0025814765220101,-0.2950907901666666,0.0974547061025411,-0.0106576208012479,-0.1236222698233333,-0.0180411889763586,0.0531500671412875,-0.2990313057000001,0.1282865187723002,-0.0199019595659064,-0.1057464400766666,-0.0687188233121562,0.0118556027884809,-0.262947798,0.0742749531898041,-0.1573228712826534,0.0542070262766666,-0.0724031337345694,-0.172972502414228,-0.0518595643366666,0.1205114065301359,-0.4793550941865092,0.0537011977966666,-0.0175544203312424,-0.432284921396898,-0.06030119151,0.1208698045414211,-0.713139725969633,0.2702521227666666,-0.0368596759188073,-0.7389629666730371,0.1279798420566666,0.106137536795158,-0.7397242498817738,0.2973245163333332,-0.0366578050584374,-0.7656311778848004,0.1069551142833333,0.1548238496994945,-0.7688133274917112,0.2706943870333332,-0.0064324524733788,-0.798894019818175,0.0300392700966666,nijmegen_nijmegen_rennen_g_ch1_g11_compr.mp4,ch1g11,9.693991757892175e-05,0.0004890365830751,0.0002053212245542,5.4599586519280914e-05,0.000262244872003,0.0005297164739022,0.0002038343335259,5.111232246846251e-05,4.62407600788207e-06,2.561504472470519e-05,0.0004358402361173,0.0001624409765825,0.000219318908399,0.0002061815457675,9.50313066131725e-05,0.0001624049036135,0.0002452463905362,0.0004840095266079,0.0001487459917447,0.000219673483547,0.0006747192352557,0.0002208803778044,0.0002179120643269,0.000172347403932,0.0002489017468471,1.3667198056206636e-05,0.0001852172032004,0.0003953351131853,9.6187627448056e-05,0.0005351769842365,1.160432342948294e-05,0.0001361008477091,0.0006254747098183,0.0006383249136511,0.0002899611174686,0.0004820769718626,0.000421944455388,0.0004085046605035,0.0004038574816364,0.0004347333903702,0.0003983958729688,0.0003987317667293,0.0002851673363004,0.0004737717111675,0.0003639144547924,0.0004015037711962,1.1086088945030291e-05,0.0009745997609076,0.0005225214619818,0.0001352321056186,0.0065457090877989,-0.0081330217135225,0.0080424772798907,-0.010413338862004,0.0089139751472138,-0.0112199994887801,0.0072521213978958,-0.0088214366528504,-4.200850689889216e-05,4.2381851145485445e-05,-0.0007586524748739,-0.0004241355253764,-0.00412558035436,-0.0020671830476967,-0.0043457587200106,-0.0021793278169471,-0.0040413717614635,-0.0020732110840703,-1.6564489763812035e-06,7.069375764431728e-06,2.4300778794876777e-06,5.179972345635124e-06,1.641062992786981e-05,6.679122735591124e-06,2.404413947344368e-06,5.787507484367214e-06,-7.58526978237594e-07,2.2723405986638993e-06,3.814415718942628e-06,1.0030257999070122e-05,3.6571402161754145e-06,2.2900008821254025e-06,-4.881850050057159e-06,1.0935922533156291e-05,1.5581629116284355e-05,5.939099415481376e-06,9.209171888817988e-06,3.732274589293224e-06,6.605732128106893e-06,4.2069293741750186e-06,3.7331604656177176e-06,2.606327951488453e-06,1.5394195923779843e-05,7.626565315099427e-07,3.926559414298886e-06,2.8121565511969983e-06,3.239996293075335e-07,5.672376956988595e-06,7.009937743251675e-07,2.2570388053337994e-06,6.759446734059817e-06,-1.1851651597355205e-06,-3.5657990385630947e-06,-8.394401594834453e-07,-3.182724297646901e-07,-4.347253514524886e-06,-3.846871896610096e-06,-8.681990690994182e-07,5.474802200812989e-07,8.294543672871713e-07,-6.947667072560016e-07,-4.361409939762036e-06,-2.5745572309358236e-06,-8.744496396034001e-07,-8.781475979964505e-07,-5.840794506296826e-07,-3.132382882794027e-06,-4.165476539114388e-06,-4.580244272428879e-06,-2.441884009390765e-06,-8.804705591180059e-07,-4.906564008523818e-06,-8.782725027910131e-07,-8.888900264534264e-07,-9.561193586577988e-07,-3.985306005544204e-06,-9.712996236218413e-08,-8.65344220787306e-07,-4.319253466083341e-06,-9.058855750034338e-07,-4.538052574524586e-06,-8.026798849235358e-08,-9.415624047025592e-07,-4.440590820696729e-06,5.640329727231081e-06,movement,movement,no movement,no movement
6316.666666666692,4.5606043462224735e-06,0.2987338912820088,-0.3035410544,0.0095339610207206,0.3169635079873308,-0.2973552239333333,0.0114422401731651,0.3174050293876351,-0.2866699363333333,0.0101704033364265,0.3171321983411618,-0.2901208157333333,-0.0090498936165927,0.3256011980103461,-0.3177959858666666,-0.0076203182044705,0.3242502098240676,-0.3311563582666667,-0.0032021651333301,0.3151319278384275,-0.3105192097,0.0340313508836349,0.3289915355743828,-0.1830152361666667,-0.0743017887699813,0.2891170016341052,-0.2224335154,0.0184761791443897,0.2996494584047829,-0.2481475214,-0.0085127008775579,0.2716289939845018,-0.2864840111333332,0.0910506044301439,0.2345664721141633,-0.0321778278533333,-0.1463954782441248,0.2512668440699612,-0.0604500249623333,0.1357810480820499,0.0838004046684477,-0.0296981737769666,-0.1564546750223185,0.0061547490503911,-0.1258115184533333,0.1321114218818102,0.0002066817946827,-0.1033421720656666,-0.0827338270886404,-0.0176014628507331,-0.2316003282333333,0.1180000724556402,-0.0140076198781829,-0.1151599978893333,-0.0376608403441523,-0.0131495179324843,-0.2872590090666666,0.0976055566491198,-0.0019228089844062,-0.1269194462366666,-0.017585307985663,0.0416871618185102,-0.2917724588333334,0.1279159082673581,-0.0127952443040872,-0.10892663088,-0.0688753226583212,0.0028605002596951,-0.265865445,0.0740792528243467,-0.157376408111377,0.0549309035533333,-0.0721710673434767,-0.1729174050184883,-0.05268311451,0.1200329847906834,-0.4800712113567094,0.0536327175233333,-0.0174700593629521,-0.4327240947760739,-0.0621730901566666,0.120752865461422,-0.7172975031968593,0.2658857467666667,-0.0383330482792496,-0.7411000638049997,0.1242822877566666,0.1059670768849374,-0.7441076726823386,0.2924044405,-0.0383908284613894,-0.767890787584912,0.1030629373133333,0.1550479199464877,-0.7730690492715631,0.2652352398333333,-0.0082549461801324,-0.8011156144759853,0.02596242982,nijmegen_nijmegen_rennen_g_ch1_g11_compr.mp4,ch1g11,9.456920067669772e-05,0.0004952770053032,0.0002067525076789,5.992228752406628e-05,0.0002764246595479,0.0005351536645924,0.00020522562422,5.7730977907890385e-05,5.0735866127488925e-06,2.7681995447118145e-05,0.0004385379214158,0.0001712238970014,0.0002220495139537,0.0002074579339403,9.054319917888812e-05,0.0001713679976354,0.0002586166928156,0.0004891592129893,0.0001567973388948,0.0002224649827786,0.0006798483114744,0.0002239923932271,0.0002207154997999,0.0001739996450199,0.0002625251697629,1.4358845022761609e-05,0.0001882484163686,0.0003967542019651,9.68133707033446e-05,0.0005403838933747,1.2226196552857868e-05,0.0001379359111246,0.0006311027891131,0.0006438182664532,0.0003057856606245,0.0005332604587983,0.0004718799474891,0.0004619265237611,0.0004551485132371,0.0004844633244811,0.0004469894974936,0.0004429890136923,0.0003306016437693,0.0005104554629243,0.0004078148778032,0.0004411754275632,-2.185091050016636e-05,0.0010146966591386,0.0003914508372023,0.0001884610132335,0.0065714893881882,-0.0082171339699698,0.0081298361619643,-0.0104931735708603,0.0090001024138312,-0.0113168807949726,0.0072986237336844,-0.0089054788933975,-5.676284895690231e-05,5.858685475464808e-05,-0.0008149702493653,-0.0004763081328515,-0.004371865820933,-0.0021562984880551,-0.0046018599797789,-0.0022737638824109,-0.004298324499296,-0.0021427702375552,-2.389101953884762e-06,3.2772686082665473e-06,1.550654098663869e-06,4.925994962770365e-06,1.1781223885909702e-05,2.5282598938894457e-06,1.494208054184029e-06,6.1395138657239e-06,2.728072722368846e-07,1.4061360594919347e-06,1.9201536254892786e-07,7.202555175399663e-06,2.6206837362558413e-06,1.3805329670761226e-06,-5.363416510647407e-06,7.467180144008207e-06,1.0725966519363756e-05,2.102701052349983e-06,6.5449263492435105e-06,2.6832544000433164e-06,1.2078506252743322e-06,3.09681805021326e-06,2.677209587640335e-06,1.6293109910457872e-06,1.117264672383516e-05,6.37338201804795e-07,2.890200689072853e-06,-9.707185418087442e-07,-3.6235689402377387e-07,2.311022367317806e-06,5.908355960014851e-07,1.346212409260865e-06,1.9991887642111613e-06,-7.383165403086775e-07,-3.562293705522471e-06,-8.386658700996486e-07,-3.551853035883774e-07,-5.113057686072621e-06,-3.674158426860797e-06,-8.625715953680981e-07,-3.7317675238166914e-08,1.006961459504552e-06,-8.305838232743306e-07,-4.08567230022592e-06,-2.837665369379757e-06,-9.97989952686675e-07,-8.615419785820432e-07,-2.3620957874364765e-07,-3.4119647120656556e-06,-5.025342498599858e-06,-4.344403737662487e-06,-2.6811869742193835e-06,-1.01858901649712e-06,-4.4905466154230945e-06,-1.092223519808395e-06,-1.0172526093656844e-06,-9.789196653355224e-07,-4.72584767710908e-06,-1.0581838827174247e-07,-1.054513880618723e-06,-4.02776849688394e-06,-7.682376679192214e-07,-4.241875989745199e-06,-9.472217405433576e-08,-9.09186507190014e-07,-4.231732957991156e-06,5.393960240293874e-06,movement,movement,no movement,no movement
6333.333333333359,0.0037693340109873,0.2992380436003212,-0.3030280590666666,0.0129735823886073,0.3174052451865213,-0.2966770562,0.014920065640742,0.3178361130150429,-0.2859884426666667,0.0136364265850677,0.3175569148796013,-0.2894864842333333,-0.0053465553911371,0.3260480923444737,-0.3180429368666666,-0.0038900962403916,0.3246594777140669,-0.3313768110333334,0.0005359900358076,0.315536914244281,-0.3107544374333333,0.0355451242145397,0.32928403745984,-0.1821602830333333,-0.0720560826546235,0.2895734549696224,-0.2248281876333333,0.0213874345371128,0.3000159294043448,-0.2471959327333333,-0.0053581880545901,0.2720267836328259,-0.2866130502333333,0.0910458157053862,0.2345007384588813,-0.0311217022166666,-0.1451751330299215,0.252218215939663,-0.0623734858456666,0.1344342931883308,0.0841768501388696,-0.0306178838146333,-0.1574332795294441,0.0063389092348668,-0.1235453510866666,0.1314307514047163,0.0068344913602922,-0.1067280350323333,-0.0835394702246152,-0.0257459425780282,-0.2243389578666666,0.1174530252619339,-0.0058768750899447,-0.119021706076,-0.0383830814084153,-0.0235269875719722,-0.2791465461999999,0.0978295849183415,0.0070826146881136,-0.1305639392066666,-0.01739466073312,0.030458832770927,-0.2842565016,0.1276222722364112,-0.0054782587391203,-0.1124075960233333,-0.0692808800447187,-0.0059872141761475,-0.24009414,0.0738838096583526,-0.1574419493085185,0.0556387621066666,-0.0719397796731866,-0.1728496060029928,-0.0534917379433333,0.1194362965899082,-0.4809412247817501,0.05356590382,-0.0174702241781776,-0.4332104536007676,-0.0638698990433333,0.1205172906261786,-0.7216115380114267,0.2616795001333334,-0.0399004778987784,-0.7432138916639802,0.12073403318,0.1056778009608455,-0.7486435390306786,0.2876870303999999,-0.0402167726001182,-0.7701200267539426,0.0993292997533333,0.1550473067672365,-0.7773882495337707,0.2599418208666666,-0.010276544127656,-0.8032607955877727,0.0220325516066666,nijmegen_nijmegen_rennen_g_ch1_g11_compr.mp4,ch1g11,9.203991280695631e-05,0.0004972868481598,0.000207782677189,6.55273660434815e-05,0.0002851518818985,0.0005365810908952,0.0002061667522224,6.430768592513e-05,5.6574333910177885e-06,2.851466153886803e-05,0.0004379943005342,0.000177953782122,0.0002242066018104,0.0002082715524776,8.53776751308945e-05,0.0001770195487744,0.0002659398697001,0.0004904814142228,0.0001627436607188,0.0002247372776447,0.0006800536534364,0.0002267629635421,0.000222944265777,0.0001751931836067,0.0002710268589856,1.5029460461042787e-05,0.000190835934384,0.0003951580191832,9.69593221047168e-05,0.0005415358116891,1.282585258972546e-05,0.0001386337572328,0.0006317459095409,0.0006442260881002,0.0003161345558393,0.0005557152520943,0.0004971664901462,0.0004901079041278,0.0004816190673185,0.0005078789965362,0.000469853535986,0.0004618188478762,0.0003669134070501,0.0005281878061304,0.000425839634394,0.0004542055661206,-5.215182191538355e-05,0.0010435136858792,0.0002741990067378,0.0002620264846963,0.0065497435090881,-0.0082268743287193,0.0081554705878669,-0.0104852991332876,0.0090181710605528,-0.0113262864681828,0.0072920334528107,-0.0089180968467101,-7.133853702472001e-05,7.502427248879873e-05,-0.0008604292603892,-0.0005000741573445,-0.0045104300146003,-0.0021875891702749,-0.0047427017422867,-0.0023073071668694,-0.004435307752796,-0.0021453162897582,-2.7675839466723925e-06,-4.161881234843941e-07,3.79864330749733e-07,4.701061264978693e-06,6.5890606932287054e-06,-1.3002075189796394e-06,3.035715105967302e-07,5.677234260999441e-06,1.4448938674952257e-06,4.801936923979614e-07,-3.3319840358153647e-06,4.481495107807143e-06,1.176065449809886e-06,1.8764582298928258e-07,-5.372374262850773e-06,3.964580065705602e-06,5.27177767288394e-06,-1.672585236464468e-06,3.981549230276179e-06,1.2258712739105702e-06,-3.466234743122176e-06,1.5120259646684403e-06,1.2157134196304974e-06,4.0256792626531235e-07,6.363114924973253e-06,5.324599304151796e-07,1.4605368749880709e-06,-4.539605929109307e-06,-9.384857431002904e-07,-1.280667744059268e-06,4.918102440244177e-07,3.2809620604666705e-07,-2.41256668399426e-06,-3.399409221673495e-07,-3.6223396407316982e-06,-9.64691676068844e-07,-4.28299124092482e-07,-5.563938925316619e-06,-3.5921007219508947e-06,-9.769875304803655e-07,-6.138469558083257e-07,1.1392864235599254e-06,-8.063776001258404e-07,-3.899148449627465e-06,-3.0332717512155385e-06,-1.2386033168054126e-06,-9.66100968611006e-07,1.1612767673388325e-07,-3.4893456523153336e-06,-5.456363060325117e-06,-4.229242172018367e-06,-2.845437923272281e-06,-1.2737669705839483e-06,-4.197485347155292e-06,-1.4331840967971984e-06,-1.2577546569253423e-06,-1.0929090277240429e-06,-5.182449940969491e-06,-1.102606431915404e-07,-1.3409437688248717e-06,-3.766493214200621e-06,-6.862925220051461e-07,-4.180037952971804e-06,-1.036245774598779e-07,-8.913663055047686e-07,-4.148216634812752e-06,5.244496294444069e-06,movement,movement,no movement,no movement
6350.000000000026,0.007572017280757,0.2998166687107632,-0.3019444923333333,0.0164373822707698,0.3179226930526138,-0.2954230178666667,0.0184204575380823,0.3183468316234198,-0.2847350106333333,0.0171284816500287,0.3180580383636116,-0.2882763251666667,-0.001598082270785,0.3265642299241376,-0.3177081484999999,-0.0001176174437146,0.3251399080898882,-0.3310126117666667,0.0043207402938638,0.3160082005634612,-0.3104148478999999,0.0370441543141232,0.3296499635768802,-0.1807491942333333,-0.0697778957138044,0.2900817521510044,-0.2267471561666666,0.0243314537766135,0.3004448270392988,-0.2456973637,-0.0021545539811694,0.2724852567067276,-0.2862014154333333,0.0910989513619369,0.2344089931669886,-0.029569323444,-0.143962952050414,0.2532349708397865,-0.0638285877123333,0.1331420517334289,0.0843286302997695,-0.0312547524213,-0.1585358669590184,0.0066648499779531,-0.1209103452199999,0.130849066169962,0.0135090840918065,-0.1100892932556666,-0.0846059412223081,-0.0338381644371162,-0.2168653450333333,0.1170148699818028,0.0024722477484172,-0.122901324026,-0.039389538923671,-0.0337994148260663,-0.2708387370666666,0.0981631952212263,0.0163387395185506,-0.1342358313033333,-0.0174403988209767,0.01935131874079,-0.276513593,0.12743200831825,0.0019565806152961,-0.11587178129,-0.0699367738601942,-0.0147541334537896,-0.219199881,0.0736888188995064,-0.1575169232456455,0.05634645004,-0.0717089118496545,-0.17277069846974,-0.05430174147,0.1187498855420866,-0.4818383716717296,0.0535595068766666,-0.0175267112930603,-0.4337047499249568,-0.0654914285033333,0.1200301367369682,-0.7262768305564229,0.2577576019333334,-0.0415344120705084,-0.7453736555774355,0.11755015672,0.1051187915742302,-0.7535529578905565,0.2832633365666666,-0.0421075513738706,-0.7723959443488148,0.0959955565733333,0.1547522624925219,-0.7818773502419255,0.2548006694333333,-0.0124238305655332,-0.805316109581541,0.0183800586366666,nijmegen_nijmegen_rennen_g_ch1_g11_compr.mp4,ch1g11,8.973876368934042e-05,0.0004951586384573,0.0002079363853511,7.001784083712525e-05,0.0002895591402528,0.000534000372132,0.0002062308623616,7.006109640362084e-05,6.332277871309884e-06,2.819143130614901e-05,0.0004321941625819,0.0001813383712492,0.0002250837285146,0.0002082068639387,7.871207621085958e-05,0.0001793082980551,0.0002683762457625,0.0004863424620958,0.0001657371513548,0.0002256460230818,0.0006750843590012,0.0002279316494644,0.0002238001324498,0.0001753542920813,0.0002753727529459,1.552782150116405e-05,0.0001921246810996,0.0003883149123223,9.613511698519456e-05,0.0005376671180066,1.3283695642282228e-05,0.000138821486187,0.0006274013961483,0.000638019307974,0.0003214015500961,0.0005596723786403,0.000506576434738,0.0005006485049561,0.0004919190756653,0.0005137322002965,0.0004752183651057,0.0004642418515399,0.0003854668789607,0.0005288482711569,0.0004244334072188,0.0004487617360582,-0.0001016676939468,0.0010482045867608,0.0001284727191806,0.0003330680350381,0.0064453012943858,-0.0081636578044361,0.0080937420276929,-0.0103886309636877,0.0089536613322917,-0.0112440454663357,0.0072003625201556,-0.0088590771618183,-8.291302665761809e-05,8.882698440079854e-05,-0.000879654630471,-0.0004855267587028,-0.0045568323032901,-0.0021736741629797,-0.0047860881632447,-0.0022928192141646,-0.0044696112713307,-0.0021002649073417,-2.9027512316577645e-06,-4.194066834862217e-06,-8.187308307427936e-07,4.308313707005122e-06,7.274330766550802e-07,-4.925711851027596e-06,-8.97088527162054e-07,4.649134829710836e-06,2.612851332286026e-06,-3.4824848604512586e-07,-7.305672774224486e-06,1.5984309323888334e-06,-3.589527105781805e-07,-1.01291388034227e-06,-5.104434188644376e-06,5.884807563151199e-07,-4.159448152825703e-07,-6.0799228786927885e-06,1.2786691968040412e-06,-3.256087130780087e-07,-7.564576915180795e-06,-2.3750878578481525e-07,-3.384462199992801e-07,-9.127640340161656e-07,8.837540184438095e-07,4.4339485893760665e-07,-1.4180090626203466e-07,-8.21277592014787e-06,-1.5196419866562651e-06,-5.923187133019191e-06,4.028591681772178e-07,-6.521348528890594e-07,-6.64499923040975e-06,-2.1961813601938192e-08,-3.7038514163766342e-06,-1.1365960184646884e-06,-5.221277862322136e-07,-5.72138781393536e-06,-3.5770343608031917e-06,-1.1345343611108465e-06,-1.0820438473095064e-06,1.221402726384894e-06,-6.237112344045466e-07,-3.653854187239884e-06,-3.123818962072354e-06,-1.4923279994906814e-06,-1.114765571235092e-06,5.060740646226743e-07,-3.37834679523815e-06,-5.495743282891109e-06,-4.067972778090621e-06,-2.9112238114481463e-06,-1.5370388292314429e-06,-4.002357400551276e-06,-1.7723925269969529e-06,-1.5047891057259337e-06,-1.2264395218398782e-06,-5.3689229243849435e-06,-1.0872874854859863e-07,-1.623151960913378e-06,-3.402671134114288e-06,-6.276754346472911e-07,-4.170132912380685e-06,-1.0536548131644104e-07,-8.801535760437967e-07,-4.146381557788981e-06,5.0818711657783385e-06,movement,movement,no movement,no movement
6366.666666666693,0.0113577063274869,0.3004381467188274,-0.3001479536999999,0.0198631887512766,0.318489383965454,-0.2934987902,0.0218832356039577,0.318912506895124,-0.2828143138666666,0.0205882442703015,0.3186124638963261,-0.2864021092666667,0.002140718165744,0.3271398460016339,-0.3166856675666666,0.0036459872354857,0.3256787404270203,-0.3299553575,0.0080983257030203,0.316533376841083,-0.3093920738999999,0.0384931902354944,0.3300854176150287,-0.1788523777333333,-0.0674920993739615,0.2906746489581167,-0.2281269023666667,0.0272457791418551,0.300922208862312,-0.2435405189666666,0.0010454357312564,0.2729886863721794,-0.2851192116333333,0.0911472156085665,0.2342864517943554,-0.0277329303526666,-0.1427630114576879,0.2543625978996244,-0.0648302124756666,0.1318936442408575,0.0843101470727003,-0.0316857666779666,-0.1596532778996402,0.0070691594093895,-0.1178912820566666,0.1303172548636748,0.0199805553180984,-0.1132959867656666,-0.0858727876995869,-0.0418518601055983,-0.2089328208999999,0.116650289141873,0.0106532374464403,-0.1265558515126666,-0.0406565366341569,-0.0439465495426515,-0.2619653846666666,0.098603647431119,0.0253964387645075,-0.1376626047933333,-0.0177984364199527,0.0083464657973159,-0.2681848095,0.1273139410580236,0.0092217508047169,-0.1191566757633333,-0.0708390001986161,-0.0234205411137995,-0.201809138,0.0734847851593124,-0.1576057970715496,0.0570587553466666,-0.0714673894463207,-0.1726756579211233,-0.0551208357,0.1179476627936017,-0.4827439729125166,0.0535493133666666,-0.0176166438936414,-0.4341899474290772,-0.06730828735,0.1192837527373524,-0.7308714593501868,0.2536627899333334,-0.0432636919234102,-0.7474753829847455,0.1141932328266666,0.1042836964388114,-0.75837789770033,0.2786628886666666,-0.0440979093505748,-0.7746080706716986,0.0924927609933333,0.1542767345956959,-0.7863273544554388,0.2498007189333333,-0.0145989791278974,-0.8072933335144178,0.0146311276433333,nijmegen_nijmegen_rennen_g_ch1_g11_compr.mp4,ch1g11,8.685562908188608e-05,0.0004886967489707,0.0002070045945639,7.475892377481708e-05,0.0002884079369183,0.0005270550954067,0.0002051986541047,7.386242490948691e-05,8.834678012344016e-06,2.714464430285756e-05,0.0004225016405233,0.0001830306286823,0.0002244042261469,0.0002070667247344,7.318604827697167e-05,0.0001801111898536,0.000265512150283,0.0004776394564001,0.0001671386006818,0.0002249845059121,0.0006651791306592,0.0002273420136725,0.0002231633853339,0.0001741332216864,0.0002743680818399,1.5915994964062033e-05,0.0001915034812661,0.0003778728764677,9.40845801231437e-05,0.0005288014382108,1.3643942938636731e-05,0.0001376393207375,0.000618252995595,0.0006265441066445,0.0003212680441164,0.0005674806784935,0.0005220288906322,0.0005168058377463,0.0005086270652891,0.0005253286826576,0.0004861354455453,0.0004725739069988,0.0004039233261264,0.0005321244789182,0.0004267518867777,0.0004465085600584,-0.0001643433726897,0.0010372914050946,-3.858719016781792e-05,0.0004054552581683,0.0062755016355799,-0.0080221366291805,0.0079517425844338,-0.010202755653642,0.0088044189550887,-0.0110718030255449,0.0070401539916881,-0.008720785600748,-9.243161499712328e-05,0.0001006520374185,-0.0008700099149303,-0.0004353168443205,-0.0044989713539355,-0.0021230580857416,-0.0047206648069224,-0.0022408022772085,-0.0043953119094344,-0.0020122672281163,-2.81581299559881e-06,-7.75717895432636e-06,-1.935065050304888e-06,3.8485411334345335e-06,-4.9341720697052374e-06,-8.126458762566482e-06,-1.9974634889304933e-06,3.269351411915555e-06,3.707369519363749e-06,-1.0133020424360283e-06,-1.1440135672014127e-05,-1.179425878028919e-06,-1.869570237711886e-06,-2.100638954046093e-06,-4.511629850434321e-06,-2.4823568091348164e-06,-5.7473505335730655e-06,-1.069566378103859e-05,-1.3200980317821875e-06,-1.8858198830218749e-06,-1.0901122479256718e-05,-2.0597950812664905e-06,-1.8613672267055907e-06,-2.181018018506285e-06,-4.450101423400148e-06,3.6316467782325515e-07,-1.8256324306831984e-06,-1.1778336103864785e-05,-2.161896763714832e-06,-1.1167490167561688e-05,3.205460177304619e-07,-1.5514707515163862e-06,-1.0400709616674314e-05,2.510941886043139e-07,-3.742756460686524e-06,-1.2913991116707208e-06,-6.732382701521624e-07,-5.551699158998678e-06,-3.5771811010697817e-06,-1.2736646244327868e-06,-1.3622449091347325e-06,1.1948551108937682e-06,-3.129494224818873e-07,-3.291913659239913e-06,-3.1470570318091308e-06,-1.6877554281782615e-06,-1.2470069560782183e-06,8.247657647402744e-07,-3.1539347784267828e-06,-5.157790921114715e-06,-3.7603409947928225e-06,-2.9080932803652986e-06,-1.7384935487368683e-06,-3.887838420793546e-06,-2.03572595698498e-06,-1.692911391085705e-06,-1.3173062066060124e-06,-5.242986617755347e-06,-1.0767930610262333e-07,-1.8213673257056657e-06,-2.9227007842660787e-06,-5.549977042243883e-07,-4.026404730549053e-06,-1.0525560759644578e-07,-8.285551605756723e-07,-4.1683261478382124e-06,4.866610127536965e-06,movement,movement,no movement,no movement
6383.33333333336,0.0150938307225048,0.3010372345015858,-0.2989288350666667,0.0232419545073947,0.3190407233586846,-0.2921508440666666,0.0252916096935787,0.3194603302081159,-0.2814621686,0.0239967187724091,0.3191504600196787,-0.2850894044,0.005819318920802,0.3276921735847473,-0.3161646603999998,0.0073517140513766,0.3261943351402003,-0.3294279179666667,0.0118160493462435,0.3170331587762717,-0.3088796626999999,0.0399050891376516,0.3305144485570244,-0.1775104551666666,-0.0652324130091827,0.2912381036333228,-0.2298200244666666,0.0301245437642513,0.3013778934522705,-0.2419684241,0.0042108910104028,0.2734653916350297,-0.2845624595333333,0.0912331569764369,0.2340958088611042,-0.026334739485,-0.1416080587465218,0.255465535926442,-0.066200551569,0.1307373450098179,0.0841172794280246,-0.0326332319996333,-0.1608582612931098,0.0075693137592159,-0.1154885614433333,0.1298718423448831,0.0261950360861821,-0.1172277722733333,-0.0874888406579641,-0.0497853948558208,-0.2018628090333332,0.11639156726629,0.0185980023856101,-0.13101543855,-0.0423583416848418,-0.053994391769988,-0.2540768549666666,0.0991022828484222,0.0342303205193664,-0.1418660327933333,-0.0185712794922752,-0.0025353984506583,-0.2608441677000001,0.1272683897905822,0.0162248953823208,-0.1231806568533333,-0.0720864043948305,-0.0320275191579872,-0.179533154,0.0732840687539409,-0.1577025120369746,0.0577707671033333,-0.0712296057434998,-0.1725694206213399,-0.0559408004066666,0.1170349168532455,-0.4836405691756477,0.0536939159733333,-0.017804227757548,-0.4346646584439922,-0.0685632446433333,0.1184390246506237,-0.7352808032589839,0.2498060202333333,-0.0451064427191059,-0.7495665210573095,0.1116845903033333,0.1033607306923755,-0.762999467606941,0.2743198250333333,-0.0461959492453977,-0.7768112477755587,0.08984155459,0.1536687891441192,-0.7905851502962258,0.2449003657666666,-0.0168736577157017,-0.8092446239390495,0.0115427312299999,nijmegen_nijmegen_rennen_g_ch1_g11_compr.mp4,ch1g11,8.457354355997536e-05,0.0004774632372361,0.0002050262948762,7.866147910311861e-05,0.0002809015039276,0.0005153087243093,0.0002031890163004,7.593118132236823e-05,1.3467843415649892e-05,2.6082241471104412e-05,0.0004106992155408,0.0001805458875573,0.0002220214223992,0.0002049664221564,6.937020159698468e-05,0.000177468607005,0.0002571771368301,0.0004663216042143,0.0001647503059274,0.0002225782281665,0.0006492904617788,0.0002246526290677,0.0002207763434316,0.0001717464749517,0.0002673674341943,1.603845935835903e-05,0.0001889354762414,0.0003659002228665,9.073925642721738e-05,0.0005173372255491,1.3764120902153192e-05,0.0001355204736868,0.000603641401842,0.0006106176947731,0.0003140509642889,0.0005655841828527,0.0005275736010244,0.0005219722611008,0.0005148501191548,0.0005272374859449,0.0004882543992129,0.0004733298698063,0.0004028514998377,0.0005233190200311,0.0004167464983132,0.0004347871089256,-0.0002393462259277,0.0010013279559998,-0.0002075361657703,0.0004700269613736,0.0060799563737247,-0.0077946445240372,0.0077662569715169,-0.0099174186325529,0.0086112746769138,-0.0107920353338453,0.0068444520289641,-0.0084970634736002,-9.86066246595024e-05,0.0001089954151831,-0.0008424152417105,-0.0003458905364161,-0.0043240246107631,-0.0020095744397718,-0.0045309066521242,-0.0021226664327123,-0.0042055486298123,-0.001856608090588,-2.525156201498e-06,-1.1400238390112884e-05,-3.256863747524583e-06,3.064615348845358e-06,-1.023155218983512e-05,-1.143819897413369e-05,-3.2956044434354977e-06,1.669132826875327e-06,4.786470994605694e-06,-1.2845842418218943e-06,-1.5165631413231289e-05,-4.175561552138841e-06,-3.5940183156185626e-06,-3.3646170004722067e-06,-3.4423194555693535e-06,-5.3622859642779215e-06,-1.0425663347734207e-05,-1.49601659780148e-05,-4.081882017824986e-06,-3.6754215341852495e-06,-1.4172218612271016e-05,-4.161324761082707e-06,-3.584540402157938e-06,-3.4717556965799365e-06,-9.498497350560071e-06,2.8072972765319344e-07,-3.687692251766515e-06,-1.4878743024374267e-05,-2.8260527555751694e-06,-1.6075571626368277e-05,2.389422786437063e-07,-2.3770777528907583e-06,-1.4171038198873788e-05,4.517674949938363e-07,-3.664155334394655e-06,-1.3945368727430995e-06,-8.312712702570692e-07,-5.0267527431627685e-06,-3.5238013087525084e-06,-1.3643390730042788e-06,-1.4337413873252596e-06,1.0508578629983852e-06,5.2761646018551596e-08,-2.7730021833483554e-06,-3.0067291578870656e-06,-1.782592880873014e-06,-1.3328778472600677e-06,1.0551533107536566e-06,-2.7728064608909076e-06,-4.466297368029823e-06,-3.2447381860161807e-06,-2.751975236073263e-06,-1.835156005590788e-06,-3.767080453286499e-06,-2.168147648059563e-06,-1.7775125159791664e-06,-1.3361650210595425e-06,-4.774392147384789e-06,-1.0501119865883321e-07,-1.8932456663824656e-06,-2.3305503306197298e-06,-4.4108162444967014e-07,-3.6473852478181906e-06,-1.0136723800788813e-07,-7.410382789585981e-07,-4.112857785609134e-06,4.545531827198413e-06,movement,movement,no movement,no movement
6400.000000000027,0.018750887540702,0.3016208012242482,-0.2977712661666666,0.0265487136847941,0.3195882512807261,-0.2908496051333333,0.0286276309513847,0.3200032860051774,-0.2801585131666666,0.0273367751324588,0.3196860808087343,-0.2838244080666667,0.0094230061309379,0.3282414602925659,-0.3156736373333332,0.0109826429628209,0.3267048084824002,-0.3289337368333334,0.0154563433245345,0.3175270257948959,-0.3083962928666666,0.0412431551601431,0.3309453889905205,-0.1761818800666666,-0.0630368215482417,0.2917929409900698,-0.2314544732333333,0.0329251806009958,0.301818312107563,-0.2404540508666667,0.0072990464160202,0.2739212013297943,-0.2840428451333333,0.0912688299904892,0.2338558868962129,-0.024927784978,-0.1404715164365146,0.2565310877490227,-0.0676283783523333,0.1296320584095328,0.0838492435134426,-0.0336474491526333,-0.1621844514698636,0.0081685698673149,-0.1131743053166666,0.1294686086214597,0.0320713418829788,-0.1209865838599999,-0.0892158762714924,-0.05756647698886,-0.1944759835666666,0.1161491462983774,0.026144723147552,-0.13516866903,-0.0441692534565395,-0.0639593241149841,-0.2457772881666665,0.0996022602288012,0.0425710022658208,-0.1457608523566667,-0.0194549531635564,-0.0133435375250913,-0.2530511013,0.1272506465045875,0.0228529650609823,-0.12701476026,-0.0734554085900573,-0.0405404761599632,-0.194840059,0.0730737176988168,-0.1578046795255252,0.05849371842,-0.0709821622760673,-0.1724547351884299,-0.0567772641766666,0.1160497950209166,-0.4845266476871805,0.0541139458066666,-0.0180149962539932,-0.4349594329839077,-0.0698164690533333,0.1173655102247354,-0.7395598189461419,0.2459884331333333,-0.0469576953695337,-0.7515040056833012,0.1091266119366666,0.1021849073042851,-0.7674782067649948,0.2699870963333333,-0.0483019849114912,-0.7788586276114827,0.0871166183566666,0.1528050823269152,-0.7947288764310181,0.2401023969999999,-0.0191415370036691,-0.8109733601770481,0.0084111821666666,nijmegen_nijmegen_rennen_g_ch1_g11_compr.mp4,ch1g11,8.225399286713084e-05,0.0004643582810493,0.0002009994917014,8.187445875403602e-05,0.0002689468541382,0.0005021033830627,0.0001991235342626,7.685163867673724e-05,1.919382215434894e-05,2.4643063455934593e-05,0.0003944898918519,0.0001749413289816,0.0002174217336578,0.0002008484794819,6.692413977980428e-05,0.0001706089112247,0.0002449177821753,0.0004498301972379,0.0001593863919843,0.0002178764545335,0.0006333019532793,0.0002192940685673,0.0002161965807023,0.0001674496456495,0.0002562636499002,1.6273646217989792e-05,0.0001841481277906,0.0003503317352131,8.759214874076402e-05,0.000499169417634,1.3963050166478829e-05,0.0001328507364859,0.0005873737847195,0.0005912217903275,0.0003017864811584,0.0005561781603874,0.0005248740148865,0.0005189069901043,0.000513041944477,0.0005270173526099,0.0004875365617343,0.0004710964013708,0.0003856213760713,0.0005159406731722,0.0003985578031429,0.0004189954475704,-0.0003275859914305,0.0009616649212764,-0.0003709160786672,0.0005307579127715,0.0058239741925778,-0.0075389203403822,0.0074933270199153,-0.0096064599854264,0.0083052791789127,-0.0105114767053976,0.0065747144861853,-0.0082500080100478,-0.0001041137505272,0.0001167009615956,-0.0008152428201075,-0.0002352769319512,-0.0040954669433104,-0.0018746940608844,-0.0042797069081494,-0.0019835139810333,-0.0039471477010687,-0.0016719595183449,-2.080510071786517e-06,-1.5118228605082387e-05,-4.699321648774075e-06,2.0039323613955766e-06,-1.5054917122860688e-05,-1.5049768468911858e-05,-4.70183599009437e-06,1.0798573439887413e-07,5.78296753223383e-06,-9.207656499017804e-07,-1.8054060043126243e-05,-7.188522308010326e-06,-5.4134183198155265e-06,-4.731108119088224e-06,-2.336271404861869e-06,-7.84787668509838e-06,-1.4433616920867124e-05,-1.8379354895374615e-05,-6.815237434224501e-06,-5.557929878773837e-06,-1.8009233085878242e-05,-6.358514461585556e-06,-5.387360563802991e-06,-4.749905594561867e-06,-1.412387329195238e-05,1.7918940632671225e-07,-5.586555829051224e-06,-1.7269901950219997e-05,-3.460492721410702e-06,-1.9948500013661368e-05,1.4359674573128797e-07,-3.1079775542572556e-06,-1.8412235347385e-05,6.107506987021198e-07,-3.50341614275989e-06,-1.4105470859751e-06,-9.624810603843503e-07,-4.196069614215638e-06,-3.463539009305004e-06,-1.370768614674774e-06,-1.3300838434258368e-06,8.46294016394836e-07,4.375623114501548e-07,-2.009672439770065e-06,-2.703342957628957e-06,-1.7605939508412454e-06,-1.3375312791874253e-06,1.2122598683019824e-06,-2.2069616403602693e-06,-3.499516564672614e-06,-2.4190792879765233e-06,-2.4387013913228183e-06,-1.810285519055235e-06,-3.7569718098098057e-06,-2.144651678008319e-06,-1.7456412945953815e-06,-1.2490857770021358e-06,-4.008639409463301e-06,-1.1442669523981325e-07,-1.8210108744981704e-06,-1.5667850736429502e-06,-3.3115647158279765e-07,-2.8465397239270703e-06,-1.0593359653366452e-07,-6.370649187498766e-07,-4.019908213293894e-06,4.138198148498336e-06,movement,movement,no movement,no movement
6416.666666666694,0.0222690616667051,0.3021307807476762,-0.2967482497666666,0.0297355120730665,0.3200753895387399,-0.2896890341666667,0.0318411105438176,0.3204849180499434,-0.2789929815666667,0.0305559822245147,0.320162058502906,-0.2826966782333334,0.0128898159049333,0.3287372366646058,-0.3152957647666666,0.0144762052369078,0.327158451930834,-0.3285555471999999,0.0189553796988739,0.3179647119458129,-0.3080287348666666,0.0425130983100123,0.3313098145679296,-0.1749988977333333,-0.0609544492656481,0.2922991015581139,-0.2331462979333333,0.0356055597856792,0.3021831471063293,-0.2390914792666666,0.0102528234713692,0.2743061843332924,-0.2836476276,0.0912810417661054,0.2334981089684177,-0.0236945432396666,-0.139432424970829,0.2574873262785291,-0.0691200718223333,0.12860337464188,0.0833966683992948,-0.0347230470823,-0.1635108877689203,0.0086939943108942,-0.1110988139633333,0.1290807235454827,0.0376533613247731,-0.1247748852133333,-0.0910675149738103,-0.0652021663042424,-0.1873805823333333,0.115914553356351,0.0333862020658717,-0.1393474261933333,-0.0461601391573511,-0.0738132722638029,-0.2377745582999999,0.1001002682717382,0.0505992077554057,-0.1496860549,-0.020607033736261,-0.0240800527862779,-0.2455320901,0.1272448117324264,0.0291821136630713,-0.1308777826166666,-0.0749872864312044,-0.0489207023480685,-0.179937169,0.0728644746745898,-0.157911365759072,0.0592191517766666,-0.0707354009557078,-0.1723347013944349,-0.0576176931433333,0.1150415607522928,-0.4853468024283134,0.0545473502166666,-0.0183150823766664,-0.4352248351247282,-0.0711288165566666,0.1161246319978312,-0.7437865891264417,0.2420719475,-0.0488517672166135,-0.7534414327003252,0.1064638024933333,0.1008312621211478,-0.7718881153024365,0.2655892922999999,-0.0504439359304169,-0.7809062905764294,0.0842798876366666,0.1517480226903705,-0.7988549744701346,0.2353461579666666,-0.0214092725536711,-0.8126992272895949,0.0051150155699999,nijmegen_nijmegen_rennen_g_ch1_g11_compr.mp4,ch1g11,8.043686455719564e-05,0.0004465430222722,0.0001956508293884,8.260835299574756e-05,0.0002512608932378,0.000484121932012,0.0001938065439346,7.590218777810618e-05,2.6226856589873373e-05,2.3877841922530223e-05,0.000375450045298,0.0001662314871751,0.0002110834419938,0.0001954982222466,6.632522595636461e-05,0.0001606799438656,0.0002280087648366,0.0004299024166394,0.0001511359561177,0.0002114119454927,0.0006121852187064,0.0002118022644252,0.000209917698526,0.0001620185936913,0.0002396238444012,1.6484683881681892e-05,0.0001775836980605,0.0003323781219573,8.4308768764637e-05,0.0004773777189557,1.4127263606742665e-05,0.0001295896707302,0.0005659361772794,0.0005666560352442,0.0002833048958935,0.0005336948819643,0.0005075479861523,0.000500919948824,0.0004966375216767,0.00051920048823,0.0004787502023506,0.0004604997093882,0.0003486197912072,0.0005081713749983,0.0003674222499832,0.0003953806955106,-0.0004262936275798,0.0009171129589087,-0.0005336871759905,0.0005817603506032,0.0055273545569559,-0.0071956722603599,0.0071623456280946,-0.0091945068380463,0.0079388550844541,-0.0101291486567919,0.0062574478410138,-0.0079142374078246,-0.0001087218837438,0.000123279347865,-0.0007639793094252,-0.0001031228807706,-0.0037677438572061,-0.0016927381443733,-0.0039256995144328,-0.0017947738372715,-0.0035918798203232,-0.0014545141210595,-1.4726139714999329e-06,-1.879742862059788e-05,-6.216766674467914e-06,8.63154064490858e-07,-1.9179991252462888e-05,-1.8797602646283265e-05,-6.178576391350695e-06,-1.1673808825848103e-06,6.561483538858713e-06,-2.1720886342432245e-07,-1.9640767730361643e-05,-1.0127271501492654e-05,-7.251580360463525e-06,-6.16349462360526e-06,-1.0890394540172395e-06,-9.930535538027296e-06,-1.7729776263394394e-05,-2.040274773610224e-05,-9.464666775003793e-06,-7.450547798542607e-06,-2.2210404341193248e-05,-8.60103584656938e-06,-7.20391781661765e-06,-6.019133354299635e-06,-1.8113625845434004e-05,5.20285966903119e-08,-7.451249547171768e-06,-1.8456374355072617e-05,-3.828474283317821e-06,-2.2270994030474895e-05,3.0088525392757984e-08,-3.650072725305033e-06,-2.2847949603264294e-05,7.205156663386827e-07,-3.2013213597121364e-06,-1.375689200310253e-06,-9.891070919809632e-07,-3.0942781486276435e-06,-3.3158592976498288e-06,-1.3328219104329982e-06,-1.0741760535838351e-06,5.855356353119242e-07,7.430042271058754e-07,-1.0534941583879268e-06,-2.2283260249900293e-06,-1.6588425037035083e-06,-1.3007655395999733e-06,1.272399502047712e-06,-1.5340272163871378e-06,-2.355990723923688e-06,-1.3451956027333507e-06,-1.9672686566502854e-06,-1.7025321025221475e-06,-3.733234676383304e-06,-2.0004014923912126e-06,-1.635786760093765e-06,-1.0911527202224747e-06,-2.9739934365437686e-06,-1.3004701930023518e-07,-1.632206229874171e-06,-6.701358814211888e-07,-2.003140662290056e-07,-1.7279341801927789e-06,-1.1466186883009153e-07,-5.242546618357923e-07,-3.80839242450758e-06,3.646213636079984e-06,movement,movement,no movement,no movement
6433.333333333361,0.0256724862456566,0.3025886694744278,-0.2958567451,0.0328300073235261,0.3205234543346529,-0.2886493255,0.0349645174624739,0.320924895579614,-0.2779515533,0.033686233933656,0.3206004672790666,-0.2816897605666667,0.0162526522152337,0.3291947763958975,-0.3150276789666666,0.0178655086564488,0.3275726548326015,-0.3282916198333332,0.0223502203896904,0.3183600867675946,-0.3077689867666667,0.0437457456459382,0.3316295735870495,-0.1739545796666667,-0.0589437572287866,0.2927449342688754,-0.2348837326,0.0381903943283623,0.3024825020286943,-0.2378844584,0.0131055830465602,0.2746240147223621,-0.2833796888,0.0912940325884042,0.2330434630521355,-0.022574405474,-0.1383961819178789,0.2582885360371058,-0.0708723885563333,0.127650365335301,0.0828737785293747,-0.0360659956689666,-0.1646784145901517,0.0092284932716221,-0.10948393565,0.1286999208099906,0.0430396109665618,-0.1290595612599999,-0.0929815918554077,-0.0721886064794168,-0.1805682179666666,0.1156946819083403,0.040373255025375,-0.1440369135,-0.0483165681716007,-0.0827132325820944,-0.2300383293999999,0.1005831532149003,0.0583364920325214,-0.1541408016233333,-0.0219874054733607,-0.0339682601074245,-0.2382745028666666,0.1272351149776654,0.0352870753365323,-0.1352497730166666,-0.0766252264588229,-0.0566238655707715,-0.167233333,0.0726500170141638,-0.1580213464536983,0.0599655793766666,-0.0704835877596734,-0.1722088156419714,-0.05848483828,0.1140323515775416,-0.4859622409121123,0.0551327988333333,-0.0186333067077902,-0.4351994399261693,-0.0724082444133333,0.1147405876144515,-0.747183373233426,0.2382487704666666,-0.0507326329755157,-0.7551300123392491,0.1033464212033333,0.0993089707298819,-0.7754118603509746,0.2612539753,-0.052568796586159,-0.7827060790257487,0.08091283267,0.150484350505896,-0.8020114693343434,0.2307655747666666,-0.0235936257918926,-0.8141520938151817,0.0013097295566666,nijmegen_nijmegen_rennen_g_ch1_g11_compr.mp4,ch1g11,7.910817656930838e-05,0.00042797262884,0.0001878809515063,8.214928314397006e-05,0.0002294497289928,0.0004656968781006,0.0001861084513745,7.374691946076768e-05,3.3051080450853925e-05,2.3651676847419476e-05,0.0003531556387527,0.0001539530626608,0.0002020769560837,0.0001878285668314,6.574672962782326e-05,0.0001480423049676,0.0002088459155625,0.0004069349572744,0.0001396743711072,0.0002021394037052,0.0005910076262061,0.0002011527346105,0.0002009377998194,0.0001547166422813,0.0002190287658668,1.655902451729099e-05,0.0001684936459075,0.0003114659297605,8.041075084335134e-05,0.0004522384269969,1.4163388962339112e-05,0.000125348234581,0.0005437408656107,0.000539669096406,0.000259773998355,0.0004889392962701,0.0004641028835398,0.000457032898486,0.0004538750635563,0.0004888481503473,0.0004487202798321,0.0004300014892773,0.0002791252815147,0.0004857092574336,0.0003140658139203,0.0003555629489014,-0.0005370366083769,0.0008624954250001,-0.0007044606825636,0.0006141497953977,0.0051854010950646,-0.0068501653066182,0.0067825548263649,-0.0087836757919655,0.0075176019830678,-0.0097561491010747,0.005888073030283,-0.007579451323798,-0.0001131741143079,0.0001293039004168,-0.000693468126051,4.023591621159304e-05,-0.0033587507715862,-0.0014680397721746,-0.0034858297362297,-0.0015627792381514,-0.0031726955882805,-0.0012072732555575,-7.959682690028771e-07,-2.1834527903888197e-05,-7.637333229778857e-06,-1.599603164990969e-07,-2.1673604655965983e-05,-2.209168312294342e-05,-7.551284294059458e-06,-2.0032875037659414e-06,7.127024010948733e-06,8.271026960318389e-07,-2.0045047485179223e-05,-1.2535372937150936e-05,-8.916584937031355e-06,-7.501539157374761e-06,2.862364098049363e-07,-1.139573829053002e-05,-1.9312471271226644e-05,-2.10550735610738e-05,-1.1584942372214762e-05,-9.157100039707713e-06,-2.6016786460035825e-05,-1.0608038288715218e-05,-8.839816598837696e-06,-7.12656663254607e-06,-2.0526071005776498e-05,-1.03308535072674e-07,-9.07669541121132e-06,-1.8609624083370496e-05,-3.899864602091792e-06,-2.3117844871877187e-05,-1.0448106443559712e-07,-4.0410232824211205e-06,-2.6539173004579888e-05,7.792484801748005e-07,-2.8685925755406537e-06,-1.2855583182695968e-06,-9.272986976954976e-07,-1.8132872083402235e-06,-3.1726722906969766e-06,-1.2451413001485957e-06,-7.287034820938681e-07,3.264440005308961e-07,9.268339571778688e-07,1.5424692051251643e-08,-1.5708444334161591e-06,-1.4900408552710565e-06,-1.2191142981948793e-06,1.2779278458707897e-06,-7.926960295014307e-07,-1.1546223589690052e-06,-1.4686162195118365e-07,-1.335107108595064e-06,-1.5210880454061115e-06,-3.779987334050882e-06,-1.7432257549102745e-06,-1.4591491524486254e-06,-8.696810573329337e-07,-1.7618244168164869e-06,-1.4494897473397702e-07,-1.3401714596923489e-06,3.023188520899102e-07,-2.8886248461905523e-08,-4.376546060171947e-07,-1.222273548249238e-07,-4.07773124537744e-07,-3.5706899226915783e-06,3.2883434289586676e-06,movement,movement,no movement,no movement
6450.000000000028,0.0288867788066781,0.3030415639234258,-0.2950390061333333,0.03581158133011,0.3209583618608795,-0.2876307278,0.0379774906516226,0.3213488737235286,-0.2769350517,0.0367028755022652,0.3210247903863657,-0.2806989263666666,0.0194673395330095,0.3296515161468546,-0.3147115101333332,0.0211020753024335,0.3279876511694853,-0.3279848774333332,0.0255924568158621,0.3187563389800357,-0.3074652673333333,0.0449923176880654,0.3318795172201769,-0.1729326193,-0.0569879669637929,0.2931855504958637,-0.2363651434333333,0.0406685949525724,0.3027554268347297,-0.2367205753666666,0.0157947659779572,0.2749362632001104,-0.2831046243,0.0913653745291996,0.232466364689815,-0.0214258724283333,-0.137385490844941,0.259051508574978,-0.0726268743733333,0.1268024462751273,0.0822098756036396,-0.0375259085932999,-0.1658875367157268,0.0098567540314436,-0.1078090913166666,0.1283724199851179,0.0481244323430913,-0.1333390179133333,-0.0950057771001192,-0.0786275808624134,-0.1739386431666666,0.1155210439770266,0.0470092975642811,-0.14869031603,-0.0506093395407264,-0.0909643649656901,-0.2225365260666666,0.1010657645016556,0.0656758549836716,-0.1585514272466666,-0.0234727162319436,-0.0432454874895015,-0.2312251007666667,0.1272459273745562,0.041055248299378,-0.13959266295,-0.0783661851905777,-0.0637914245690685,-0.176097631,0.0724373365241219,-0.1581355049219671,0.0607082367366666,-0.0702345803385576,-0.172077857307745,-0.05934759237,0.1129655672102607,-0.4865486520706688,0.0560398202233333,-0.0189539002394853,-0.4349876602735816,-0.0735211525366666,0.1131235970052192,-0.7501854853977495,0.2354336719,-0.0525724251254001,-0.7563992458327965,0.1003275025733333,0.0975397032052956,-0.7785233584409642,0.2580130104666667,-0.0546508849084599,-0.7840696743243538,0.0776638849033333,0.1488127013583652,-0.8048520498462015,0.2273464869333333,-0.0257793344895958,-0.8151379539039506,-0.00236029991,nijmegen_nijmegen_rennen_g_ch1_g11_compr.mp4,ch1g11,7.821095071133793e-05,0.0004064075617028,0.0001792844595456,8.14340929362918e-05,0.0002069037076715,0.0004440940147801,0.000177622712838,7.108750512076185e-05,4.026808194084847e-05,2.49692727567533e-05,0.0003317467142688,0.0001408737145062,0.0001922295010608,0.0001793999136281,6.650136922918156e-05,0.0001364895096612,0.0001893093484248,0.0003847302763883,0.0001275910101029,0.0001919882465053,0.0005662669370353,0.0001895063650508,0.0001911490243372,0.0001469787126078,0.0001976690871637,1.6485683328386827e-05,0.0001586690473764,0.0002917212740845,7.651767298559486e-05,0.0004275104035835,1.4076172734524304e-05,0.0001208789924869,0.0005178781445157,0.0005111969792208,0.0002352711922,0.0004300504719409,0.0004038316338591,0.0003966277787985,0.0003941629497624,0.0004448292653374,0.0004053886285679,0.000386713151316,0.0001914992569656,0.0004594706770669,0.0002483316417594,0.0003070758116462,-0.00064279853953,0.0008112048693129,-0.0008588151944044,0.0006535839210303,0.0048615004809875,-0.006442709116201,0.0064141015448566,-0.0082997195856996,0.0071010905675357,-0.0093126729601999,0.0055315197686385,-0.0071790421888976,-0.0001176607931548,0.0001348568366738,-0.0006125227845553,0.0001707473493628,-0.0029283097877358,-0.0012388011845651,-0.0030254031872387,-0.0013255124149956,-0.0027366418003115,-0.0009798864966864,-3.047328551206832e-08,-2.422026989410117e-05,-8.90595220526098e-06,-1.1065256176917697e-06,-2.2746151799895447e-05,-2.4934656254182773e-05,-8.773489021119047e-06,-2.4300593678289585e-06,7.375480379213921e-06,1.8803668899295243e-06,-1.92262046622046e-05,-1.3827225365175044e-05,-1.034191582352263e-05,-8.704087337973373e-06,1.5754034117109609e-06,-1.1977208529461532e-05,-1.9833663104546375e-05,-2.0309913788157455e-05,-1.2658170068997742e-05,-1.0609487231670211e-05,-2.963360495319621e-05,-1.2246386499517776e-05,-1.0240521744690253e-05,-7.975210093335196e-06,-2.1541291472396297e-05,-2.671339288441034e-07,-1.0325248866614193e-05,-1.763839199080331e-05,-3.68234160434277e-06,-2.249642582158055e-05,-2.419273744833174e-07,-4.367567960567392e-06,-2.971512404932902e-05,7.774779426398004e-07,-2.4347612261308235e-06,-1.211389779363159e-06,-8.024652077357655e-07,-5.419786661264192e-07,-2.9211624236912164e-06,-1.1777860938389396e-06,-3.785696005868916e-07,5.767449644805676e-08,9.334539246907688e-07,9.713316941964912e-07,-8.265034735304004e-07,-1.3418433438688282e-06,-1.1620881743467117e-06,1.179521052176681e-06,-1.3240437893571017e-07,-4.1335583565867715e-08,9.30523585345923e-07,-6.360644704071335e-07,-1.3565226992118462e-06,-3.726118649988411e-06,-1.473903529274908e-06,-1.306108768048429e-06,-6.617556072329601e-07,-5.539919344933379e-07,-1.5452755422416474e-07,-1.0370050075716505e-06,1.154484372553545e-06,1.5490971805500858e-07,7.386349249395178e-07,-1.2561601172512994e-07,-3.2434572612503945e-07,-3.190068197358922e-06,3.0489533805709153e-06,movement,movement,no movement,no movement
6466.666666666695,0.031944762559192,0.303457348724374,-0.2943373650999999,0.0387153966654539,0.3213391034524334,-0.2867298274333333,0.0409144318865004,0.3217206336185195,-0.2760339506666666,0.0396364408847546,0.3213957041807073,-0.2798214435666666,0.0225783862045381,0.3300910437687119,-0.3144562413333333,0.0242358486317748,0.3283892877767858,-0.3277390350999998,0.0287237345114506,0.3191405977012727,-0.3072190515,0.0462926533742058,0.3320046585910357,-0.1719675520666666,-0.0550386730185463,0.2936434622551558,-0.2378050138333333,0.0430668351573399,0.3029681044526083,-0.2357043191666666,0.0183635388393187,0.2752324210733003,-0.2828929026333334,0.0915966528290567,0.2317497537008429,-0.0204461243533333,-0.136392245512925,0.2597934201192042,-0.0741748229866666,0.1261633389562416,0.0812797491259921,-0.0392420058053,-0.1669903813420027,0.0104760937691523,-0.10637131976,0.1281554361935359,0.0528079121994842,-0.1375857232033333,-0.0971310299414771,-0.0847414176033741,-0.1685601479999999,0.1154812709498395,0.053193474275294,-0.1532204404133333,-0.0530821556322686,-0.09881299156737,-0.2163830413666666,0.101631518785468,0.0725354482394142,-0.16285405408,-0.02518607245792,-0.0521174381452474,-0.2254948781,0.127338709710725,0.0463847100251722,-0.1438835928833333,-0.0802345631092584,-0.0706247590440703,-0.164029583,0.0722359993006494,-0.1582542358794834,0.0614143881133333,-0.0699975423183762,-0.1719423673791817,-0.0601720282933333,0.1119776231736867,-0.4870789370430887,0.05668410533,-0.0193011810455476,-0.4346999485213469,-0.07482947449,0.1115580463438856,-0.752717629786791,0.2331352497333333,-0.054281322483529,-0.7574113365053953,0.0969319898833333,0.0958295293915081,-0.7811391526258035,0.2554376745666666,-0.0565658114367236,-0.7851585785469511,0.0740262325533333,0.1472035159357972,-0.8072333869091989,0.2247553121,-0.0277958370426469,-0.8159445653732176,-0.0063678291299999,nijmegen_nijmegen_rennen_g_ch1_g11_compr.mp4,ch1g11,7.827360659428255e-05,0.000381297260363,0.000169703857156,8.008156963251638e-05,0.0001825168246754,0.0004185263012052,0.000168189800236,6.829715204493673e-05,4.746765347691955e-05,2.735226642528352e-05,0.0003123421715966,0.0001262103739327,0.0001812728006704,0.0001700490427572,6.830829893557917e-05,0.0001245304235924,0.0001694416051486,0.0003640437424584,0.000114148775516,0.0001807388862058,0.0005358140007017,0.0001766091188666,0.0001803205638279,0.0001387865925636,0.0001744593411069,1.615730010012462e-05,0.0001479502122838,0.000274273565205,7.265770219563126e-05,0.0004042697698632,1.3783451347644545e-05,0.0001161885607461,0.0004874103328366,0.0004813446486967,0.0002084850226066,0.000365819049464,0.0003345567633786,0.0003278112471459,0.0003254813492732,0.0003934493041146,0.0003550185883903,0.0003364974126804,9.36622377391356e-05,0.0004335648209386,0.0001781794011426,0.0002567269025655,-0.0007362098644177,0.0007667544190807,-0.0009868270804545,0.0006926910326843,0.0045751006180146,-0.005965845698139,0.0060701946741339,-0.0077215159639774,0.0067101859410483,-0.0087526134916039,0.0052077959199483,-0.0066972824628211,-0.0001216018366483,0.0001388060194495,-0.0005233512704846,0.0002906592368267,-0.0024491901321535,-0.0009894202288515,-0.0025169615189676,-0.0010668796271913,-0.0022644733433255,-0.0007362548674644,7.300458332790633e-07,-2.626438410522911e-05,-1.0003911676052245e-05,-1.6867534369336198e-06,-2.244394454941818e-05,-2.7544423455799447e-05,-9.839987610424814e-06,-2.4444430311424965e-06,7.255308677022704e-06,2.8289220799599313e-06,-1.7668465900983508e-05,-1.4119588965066075e-05,-1.150862698264778e-05,-9.764576083927152e-06,2.6991270673994647e-06,-1.1777148981683914e-05,-1.926752989866827e-05,-1.867000446661728e-05,-1.2777910916364784e-05,-1.1773026773287669e-05,-3.3090324835773436e-05,-1.3471796720934755e-05,-1.137119064785021e-05,-8.523936109859247e-06,-2.1234934776939977e-05,-4.201025273983215e-07,-1.1153589441814902e-05,-1.5967602108048775e-05,-3.3010811715987274e-06,-2.104205971961251e-05,-3.65281094521834e-07,-4.6787252558651845e-06,-3.2536212949116634e-05,6.80466883269095e-07,-1.8709698723218883e-06,-1.1441828419802963e-06,-6.057429007799702e-07,6.766238219378059e-07,-2.4918649946841435e-06,-1.120147971805331e-06,-8.369790242774374e-08,-2.0676028562837307e-07,7.704755335794347e-07,1.6745824393381302e-06,-3.6210444927249476e-08,-1.206631146016147e-06,-1.1183626747677709e-06,9.79946024378051e-07,4.471962974254919e-07,9.284264436918504e-07,1.7301190740916004e-06,9.20367730564058e-08,-1.2037061051052991e-06,-3.416593294241359e-06,-1.1914325429806016e-06,-1.1709028917539454e-06,-4.8585069714778e-07,6.087645252028673e-07,-1.5145474488433908e-07,-7.389822195136625e-07,1.772926793651791e-06,3.2928419087984356e-07,1.600477054063397e-06,-1.1911176310117221e-07,-2.776256972875484e-07,-2.599722314943451e-06,2.8232988420151847e-06,movement,movement,no movement,no movement
6483.333333333362,0.0347372687434578,0.3038708964691188,-0.2936880360666666,0.0414539113244027,0.3217105653880972,-0.2858580409666666,0.0436871946074761,0.3220840642398918,-0.2751615840333333,0.0423951400083392,0.3217569257494685,-0.2789621869999999,0.0254700538991204,0.3305288533674175,-0.3140846093666665,0.027147435251209,0.3287899959572942,-0.3273770948333332,0.0316249077050957,0.3195240399548529,-0.3068584861333333,0.0476563362958854,0.3320517929728037,-0.1709074645666666,-0.0531479362667526,0.2941007072030701,-0.2386968691333333,0.0453269018677936,0.3031684626439803,-0.2347246984666666,0.0207093759637205,0.2755276653500029,-0.2825994908333334,0.0920060028242632,0.2308982309042152,-0.0195560340763333,-0.1354540671463546,0.2605392954697434,-0.0751110900166666,0.1257570710684435,0.0801102066260684,-0.0409896391313333,-0.168096188521889,0.0111920916064902,-0.1048431127933333,0.1280966433142276,0.0572994836861322,-0.1413552863499999,-0.0994049740480789,-0.0903462220382752,-0.1629702021333332,0.1156180066364352,0.0591651585401114,-0.15723222813,-0.0557170170985875,-0.1060896322657186,-0.2099952553,0.1023447287464356,0.0791484941399175,-0.1666314723666666,-0.0270925864419224,-0.0604207219833994,-0.2195458820666666,0.1275698919311958,0.0514888142224682,-0.1476690927,-0.0822594629841053,-0.0769532825391453,-0.168122575,0.072053466285067,-0.1583761536861287,0.0620478712466666,-0.0697805801204911,-0.1718037524872193,-0.0609125773866666,0.1109947019984146,-0.4876090787939801,0.05717503911,-0.019666204019118,-0.4343360512010527,-0.0760159284133333,0.1100061130507081,-0.7549873135997364,0.2312998444,-0.0557617654030632,-0.7582134195397049,0.0940693955933333,0.094139957549958,-0.7834662391910118,0.2534014964666666,-0.058209562684764,-0.7860253137565862,0.0709839888933333,0.1455317417110772,-0.8093380657681031,0.2226955906666666,-0.029643665883844,-0.8165001615886532,-0.0096614723999999,nijmegen_nijmegen_rennen_g_ch1_g11_compr.mp4,ch1g11,7.939547613055044e-05,0.0003528829555798,0.0001595149472355,7.813739723973507e-05,0.0001600039003072,0.0003886701441866,0.0001581692661869,6.633411436184346e-05,5.429858265069606e-05,3.0681604721205016e-05,0.0002952660087607,0.0001113684049375,0.0001696303599856,0.0001601573712741,7.04975451228249e-05,0.0001133055287824,0.0001504106985887,0.0003453714852197,0.0001007123121802,0.00016881843334,0.0004997096336605,0.0001629069119061,0.0001688607648759,0.0001304141400247,0.0001531603598532,1.5615041426385124e-05,0.0001367738777624,0.0002593200429127,6.932460023853658e-05,0.0003830468819578,1.3323552045706465e-05,0.0001117653461483,0.000452177493054,0.0004503871908822,0.0001833059345877,0.0003142042888541,0.0002737064707071,0.0002685708658899,0.0002651221171153,0.0003501881088047,0.0003139540875536,0.0002958269384715,4.273547767524708e-06,0.0004176715646935,0.0001194050646639,0.0002188019952821,-0.000810945129528,0.0007359355312092,-0.0010957417240939,0.0007457438953676,0.0043256106258352,-0.00541949957483,0.005757236537493,-0.0070506890517874,0.0063527341194125,-0.00807906537866,0.0049195606934346,-0.0061310288857757,-0.0001253345593731,0.0001417252817211,-0.000444253958473,0.0003877964195791,-0.0020046376838857,-0.0007488060270866,-0.0020464102847611,-0.000816163775826,-0.0018141875579765,-0.0005029139075258,1.3787447582804483e-06,-2.7718630602312848e-05,-1.0945536387917125e-05,-2.139323771374141e-06,-2.1130725309912644e-05,-2.9653222727492955e-05,-1.076899723780634e-05,-2.28807866494447e-06,6.727477025146172e-06,3.4725001610131348e-06,-1.5566156337431224e-05,-1.3538766567931722e-05,-1.2436564182676528e-05,-1.0703107224701226e-05,3.4199157445748724e-06,-1.0924952149482331e-05,-1.7893582624736006e-05,-1.6417490850377144e-05,-1.2123166897627756e-05,-1.2677750340701658e-05,-3.616087979857296e-05,-1.427965968801807e-05,-1.2265426899881665e-05,-8.786039982252444e-06,-2.0008850020794392e-05,-5.543394426647235e-07,-1.153854715620958e-05,-1.3793119047595327e-05,-2.8572484711140154e-06,-1.890946045193339e-05,-4.671514993882287e-07,-4.966786048956107e-06,-3.467333984240627e-05,4.480743633751224e-07,-1.154635584036395e-06,-1.0886024070168106e-06,-3.504268243177527e-07,1.6755331578006958e-06,-1.817054993135582e-06,-1.0750407296436755e-06,9.919162675962469e-08,-4.602683002568457e-07,4.620297410130496e-07,2.0195658150583376e-06,7.237222899708628e-07,-1.0876607494412506e-06,-1.090424478453274e-06,7.100366971628183e-07,8.998004965216152e-07,1.69902372189093e-06,2.11833188943154e-06,7.748017055743265e-07,-1.067996927136493e-06,-2.751722247141456e-06,-9.076605765773652e-07,-1.056733697859187e-06,-3.680393513874475e-07,1.5606547551258505e-06,-1.3347618435055528e-07,-4.739969755635506e-07,2.0776725140560012e-06,4.580133592983758e-07,1.9843615939369463e-06,-1.0097893245403189e-07,-2.836001496195491e-07,-1.7453487197893458e-06,2.505365737393676e-06,movement,movement,no movement,no movement
6500.000000000029,0.0373172212409306,0.3041615547018961,-0.2929724286333333,0.0439925727182907,0.3219510702916741,-0.2849397506333333,0.046258731989549,0.322321430062282,-0.2742431509666666,0.044949593406745,0.32198744706859,-0.2780613104666666,0.0281570693276151,0.3308524418363645,-0.3136521985333332,0.0298491608397214,0.3290826920727956,-0.3269516319333332,0.0343127117191694,0.3197990685100502,-0.3064375075,0.0490175392647194,0.331992312845571,-0.1698307717333333,-0.0513723129706264,0.2945096722179242,-0.2392785374333333,0.0474362152303703,0.3032556828149504,-0.2336877674,0.0228781905443221,0.2757319873476877,-0.2822336603666667,0.0924969795628482,0.2300239532556255,-0.01863191361,-0.1346283095326314,0.2612910391470438,-0.0755953801133333,0.1254647177622042,0.0788789148518069,-0.0424122521199999,-0.1691777462202104,0.0119550764891414,-0.1029845592633333,0.1281198590655511,0.0614491032514978,-0.1442415548333332,-0.1018012426541282,-0.0955575718196098,-0.1573136825999999,0.1158409217490529,0.0647342267899373,-0.1602604761333333,-0.0585161258091243,-0.1128748885301844,-0.2035374883999999,0.1031157772552156,0.0852807187189849,-0.1694317768,-0.029264764234632,-0.0682256697609933,-0.2135006379333333,0.1278688275729504,0.0561943184899811,-0.1505524928333333,-0.0844492027740704,-0.0828705772409971,-0.15637143,0.0718845444514428,-0.1585030690464507,0.0626310639533333,-0.0695781037970473,-0.1716609565680609,-0.0615943870966666,0.1100115643614494,-0.4880935226037824,0.05757780508,-0.0200684480613431,-0.4339460640605481,-0.0770515049733333,0.1084905902271315,-0.7568979898675837,0.2298069477333333,-0.057146795805633,-0.7588725405344534,0.0916664167033333,0.0924979404782262,-0.7854094999583694,0.2517321755333333,-0.05973211846971,-0.786740188136196,0.06844008288,0.1438333887631933,-0.8110417961237568,0.2209011153333333,-0.0313913388331207,-0.816860448185404,-0.01247138834,nijmegen_nijmegen_rennen_g_ch1_g11_compr.mp4,ch1g11,8.129645373765128e-05,0.0003234540144508,0.0001477202086436,7.603756914405722e-05,0.00014075196844,0.0003565838848049,0.0001465616945577,6.42760051601585e-05,6.0750910135293776e-05,3.497604819435298e-05,0.0002827585504278,9.817225685444918e-05,0.0001562715423274,0.0001486478868805,7.437863337820437e-05,0.0001032869896549,0.0001335951833043,0.0003322261845982,8.900461505618279e-05,0.0001552309821316,0.0004601433318864,0.0001477026248714,0.0001557238905337,0.0001211947040298,0.0001348931553787,1.4880885562439448e-05,0.0001246043796766,0.0002482850578222,6.661528585066554e-05,0.0003679108393299,1.2714079981245087e-05,0.0001067693036666,0.0004146917788819,0.0004214046302862,0.0001616105964017,0.0002710180013963,0.0002193327212138,0.0002161983942061,0.0002109943199757,0.0003124619874748,0.0002791289514102,0.0002617386067705,-7.347606138302818e-05,0.0004118712141368,7.065816978452865e-05,0.0001911714557982,-0.0008629506320317,0.000722439550246,-0.0011761231412397,0.0008022374956137,0.0041360581497712,-0.0048248558937697,0.0055324867237913,-0.0063040106942926,0.006093579460458,-0.0072991834205038,0.004703305422351,-0.0054980181667425,-0.0001284789349176,0.0001435446012078,-0.0003637597348836,0.0004728562628715,-0.001601438928761,-0.0005397329567988,-0.0016210784201258,-0.0005975476772153,-0.0014089105906197,-0.0003002404602001,1.7968897338878598e-06,-2.8569036948900323e-05,-1.185410905427509e-05,-2.385424256557049e-06,-1.893985584321403e-05,-3.117957494176717e-05,-1.1675996011314524e-05,-2.076131628081045e-06,5.976083030845507e-06,3.7428559949665146e-06,-1.3377005927659225e-05,-1.2315441222247628e-05,-1.3310908885832432e-05,-1.1633025723631687e-05,3.763578534346392e-06,-9.618125792614067e-06,-1.580366483596206e-05,-1.409144303943148e-05,-1.0885418715692052e-05,-1.352442584720202e-05,-3.867832654175191e-05,-1.4918252531011126e-05,-1.311411391453564e-05,-8.962464773737276e-06,-1.79466639541668e-05,-6.803156727564653e-07,-1.173919937441316e-05,-1.1620531701026862e-05,-2.3903734605590408e-06,-1.6622477623614624e-05,-5.588283140547214e-07,-5.215348589623256e-06,-3.605335903108838e-05,8.887524814342477e-08,-3.412433944692865e-07,-9.854032099368386e-07,-7.576303192466081e-08,2.3575900265348044e-06,-9.374911536474e-07,-9.823917015132507e-07,1.9314078813720218e-07,-6.93902420397363e-07,4.8275005593303274e-08,1.8804631793480437e-06,1.311953068856709e-06,-9.264262259570792e-07,-1.0131992942550572e-06,3.621244012674312e-07,1.192904795818523e-06,2.213633567106605e-06,1.925145168558542e-06,1.2845876161867669e-06,-8.941881136727659e-07,-1.7647726501629678e-06,-5.92005216037614e-07,-9.054280704423044e-07,-2.8764742245523376e-07,2.218366310002985e-06,-1.0195235043445165e-07,-2.2983863618381105e-07,1.9640438107333493e-06,5.17193512908413e-07,1.730914333861147e-06,-7.251993150397292e-08,-3.0661200335589125e-07,-6.899989311118137e-07,2.0275081414752963e-06,movement,movement,no movement,no movement
6516.666666666696,0.0396832085186631,0.304369584607189,-0.2922450969666665,0.046349985133109,0.3221047286816814,-0.2840021735333333,0.0486511886894421,0.3224752727954638,-0.2733071499333333,0.0473270339576638,0.3221349638620666,-0.2771413634333333,0.0306655814961287,0.3311138900577421,-0.3132418086333333,0.0323706568185888,0.3293106981777433,-0.3265442851666665,0.0368175670824883,0.3200081823255918,-0.3060361228666666,0.0503810017092008,0.3318790419876158,-0.1687737305666667,-0.0496491181022594,0.2949005762137168,-0.2398137404666666,0.0493999175806329,0.3032749429621968,-0.2326332534666666,0.0248933542522515,0.2758788917904217,-0.2818722158333333,0.0930735993233389,0.2291464369114926,-0.0178088513966666,-0.1338018905756878,0.262052351602136,-0.0759872519699999,0.1253259997858148,0.0776613178007926,-0.0437194832466666,-0.1700877195011387,0.0128190902687998,-0.1010873119966666,0.1282061397629471,0.0654506331925069,-0.1464899473666666,-0.1042410962584207,-0.100204772494644,-0.1516330132666666,0.1161127560443876,0.0701214175899344,-0.1625611409,-0.0614009670674499,-0.1189916766095102,-0.1971451137666666,0.1039006081434578,0.0911620840247829,-0.1715243016666666,-0.0316408969597929,-0.0753846840678995,-0.2075866958666666,0.1282270721720508,0.0607344586725704,-0.1527853431666666,-0.0867343010649977,-0.0881923189397694,-0.139295176,0.0717250804831576,-0.158632872808859,0.06317259972,-0.0693848131158553,-0.171515317578943,-0.0622325561466666,0.1090399681261355,-0.4885190720419668,0.05775376482,-0.0204709588253575,-0.4334984315528313,-0.0781035367633333,0.1069793425358011,-0.7584347004466295,0.2282086914,-0.0584013216440208,-0.7593814352915071,0.0890935551466666,0.0908687162566516,-0.7869380985816153,0.2499311645666666,-0.0611125583129824,-0.7873048734505325,0.0656946161966666,0.1421270382213199,-0.8123660068552634,0.2190210080333333,-0.0328798218767551,-0.817124940043772,-0.0155959454033333,nijmegen_nijmegen_rennen_g_ch1_g11_compr.mp4,ch1g11,8.297733041034091e-05,0.0002939614123351,0.000135149051448,7.348000137486212e-05,0.0001232820767755,0.0003237321067898,0.000134155185496,6.261262279992614e-05,6.647989807223652e-05,3.941464979932727e-05,0.0002712567187826,8.630463291776142e-05,0.0001423531973017,0.0001362627952635,7.945989614397694e-05,9.445513262773815e-05,0.0001186864784618,0.0003199837330995,7.870734139561102e-05,0.0001411306708961,0.0004188474911917,0.0001324314778352,0.0001420164760863,0.000111600692556,0.0001183590094471,1.4097609505158691e-05,0.0001124303070568,0.0002380633302388,6.479998111738262e-05,0.000353691603545,1.207748848427657e-05,0.0001015756966676,0.0003765345797267,0.0003934471334801,0.0001421397224806,0.0002292525274008,0.000166908293507,0.0001659619705766,0.0001589576542317,0.0002759368292537,0.0002448590047936,0.0002281433673213,-0.0001393147342528,0.0004114847508966,2.6772448985647385e-05,0.000166377985679,-0.0008959649846823,0.0007224971862466,-0.0012360112404064,0.0008553711464389,0.0039522733179157,-0.0042118077862741,0.0053175157256879,-0.0055266634808613,0.0058389077902057,-0.0064780001532559,0.0044948708580678,-0.0048363588452266,-0.0001316089135307,0.0001450348976612,-0.0002898651936544,0.0005355739861955,-0.0012211732775506,-0.0003649228159668,-0.0012172999266125,-0.0004131598014698,-0.0010427255613313,-0.0001381830479658,1.7589838044409627e-06,-2.8673441599637203e-05,-1.273770060483932e-05,-2.2443378903887397e-06,-1.6260352522006886e-05,-3.188990002673998e-05,-1.256543948072681e-05,-1.91337336474908e-06,5.259976774172982e-06,3.5853716733799007e-06,-1.1502290764472186e-05,-1.0509878126837648e-05,-1.4137951891670135e-05,-1.2558261425249137e-05,4.135159827144856e-06,-7.887502695949226e-06,-1.3396063982446042e-05,-1.2190242233953364e-05,-9.151717330580533e-06,-1.4312786041557852e-05,-4.026432546572252e-05,-1.5341203990130496e-05,-1.3914622515519968e-05,-9.13717226459149e-06,-1.544310416022778e-05,-7.756591781231292e-07,-1.1829287980044016e-05,-9.7079826641032e-06,-2.00387666060586e-06,-1.4831308100998266e-05,-6.23301003710523e-07,-5.5724782465963295e-06,-3.644382113419964e-05,-3.552009637078838e-07,5.516764958362201e-07,-8.455986170609006e-07,2.0467864485394279e-07,2.7477869166011445e-06,1.042037079788865e-07,-8.516630123386493e-07,1.9978056187098535e-07,-8.877631577330308e-07,-3.9063117131866164e-07,1.3893340194800776e-06,1.6973556242332754e-06,-7.451155618565612e-07,-8.928991573416323e-07,-7.386846301279091e-09,1.330844693378511e-06,2.4683348269052373e-06,1.3125460565349571e-06,1.597430957504221e-06,-7.065273860407286e-07,-5.100691015841766e-07,-2.8887506403452937e-07,-7.370052900058371e-07,-2.552995980769004e-07,2.6039544997777514e-06,-6.168421821488124e-08,-4.3284681829555085e-08,1.5252807513563152e-06,4.928424189027025e-07,1.0586949388712316e-06,-3.7809241178222395e-08,-3.522321998102178e-07,5.085027423812857e-07,1.6348627586662255e-06,movement,movement,no movement,no movement
6533.333333333363,0.0417417748120865,0.3045609929719642,-0.2911748995333333,0.0484400493952213,0.3222317910603108,-0.2827915957666667,0.0507763133254384,0.3226052454488079,-0.2720955623333334,0.0494348591245594,0.3222566714788292,-0.2759531771333333,0.0328874068880743,0.3313665431627047,-0.3124637385333333,0.0345984665008898,0.3295291914568501,-0.3257623516999999,0.039021223042254,0.3202078327220249,-0.3052707960999999,0.0517373663836045,0.3317238576779956,-0.1675416374666666,-0.0480624373993689,0.2953299364050497,-0.2397519543,0.0511603357988151,0.3032804870382899,-0.2313077385333333,0.0266591240149252,0.2760264423870511,-0.2811175207,0.0936675444700618,0.2282798329652445,-0.0169236461871999,-0.1330044104592628,0.2628452230839666,-0.0757652987999999,0.1254538386979841,0.0764548829430207,-0.04461252611,-0.1709255574613891,0.0137527772623667,-0.0989479521766666,0.1284398680733474,0.0692279978013468,-0.1482852263666666,-0.1068054087109085,-0.1043511580952509,-0.1458730682666666,0.1164692170853021,0.0752266345571969,-0.1644333270333333,-0.0644692565948625,-0.1244591892517635,-0.1905814825999999,0.1047203949715166,0.096728130455013,-0.1732171306999999,-0.0343148968963153,-0.0818417705723712,-0.2014251312999999,0.1286990280366872,0.0650398779085469,-0.1545740557333333,-0.0892109727485763,-0.0929692341904652,-0.142543301,0.071568927025545,-0.1587711748009979,0.0636503699399999,-0.069194671065793,-0.1713631451462623,-0.06279858768,0.1080401877940651,-0.4887764758155231,0.0574758117233333,-0.0209185447128928,-0.4330113097545226,-0.0792769719133333,0.1054732695437912,-0.7595766913609164,0.2263585453333333,-0.0596713867586483,-0.7598046703183975,0.08641917223,0.0892556340955458,-0.7880696647305911,0.2479163578666667,-0.0625020474839787,-0.7877852841078479,0.0628480283266666,0.1404642714321649,-0.8132786073095007,0.2169871316333333,-0.0343862527474948,-0.8173285937387632,-0.0187540056133333,nijmegen_nijmegen_rennen_g_ch1_g11_compr.mp4,ch1g11,8.471092914022958e-05,0.0002664073416695,0.0001230777989537,7.191479744373189e-05,0.0001091730765871,0.0002924752664975,0.0001222982134315,6.128338086982052e-05,7.112562219006486e-05,4.3130866047450146e-05,0.000261731354081,7.712999325339114e-05,0.0001287617711117,0.0001243281515701,8.361527055130077e-05,8.760805890458431e-05,0.0001064724689815,0.0003101339523637,7.092039579573159e-05,0.0001274424182595,0.0003780627562425,0.000117895681812,0.0001285900196805,0.0001027378774061,0.0001050379489683,1.3248329285033349e-05,0.0001011231504473,0.0002300159795811,6.340025963178707e-05,0.0003413970308808,1.1399160885280456e-05,9.603133135362918e-05,0.0003405830176465,0.0003688407164601,0.0001267386021041,0.0001899892555099,0.0001184170603645,0.0001191119072617,0.0001104150398769,0.000238530970255,0.0002094332475383,0.0001935625437798,-0.0001897202404972,0.0004062104461074,-1.1575137927408974e-05,0.0001421012434857,-0.0009037998883376,0.0007214834534299,-0.0012552268386848,0.0009153400078982,0.0038022655613319,-0.0035879304116322,0.0051374255845622,-0.0047399030833513,0.0056078449098329,-0.0056436143867182,0.0043137998680015,-0.0041660687438137,-0.0001340773392668,0.0001457830336903,-0.0002335695561973,0.0005719613541269,-0.0009040012861585,-0.0002403074087788,-0.000878781757262,-0.0002810004600953,-0.0007428963875295,-2.163480194895339e-05,1.2935618388801022e-06,-2.800568286870439e-05,-1.3513573040542797e-05,-1.889598655825836e-06,-1.338689031300655e-05,-3.165157877355798e-05,-1.3351923771375142e-05,-1.7971899144392003e-06,4.507107876241816e-06,3.0027020094144105e-06,-1.0270850056399448e-05,-8.728100102674939e-06,-1.48323370827257e-05,-1.3390084852878412e-05,4.237369137469116e-06,-6.434470924033717e-06,-1.0870178737031134e-05,-1.1082589508257064e-05,-7.482223873943426e-06,-1.496283383738606e-05,-4.065460761234447e-05,-1.5523175257983182e-05,-1.4606606576599728e-05,-9.33973487992741e-06,-1.2743133680893185e-05,-8.417654774541883e-07,-1.1799332911842851e-05,-8.324539382274439e-06,-1.648847319574419e-06,-1.3929360790139804e-05,-6.649655854239752e-07,-5.934634840745359e-06,-3.5762691672244125e-05,-8.527210451242452e-07,1.419126865540219e-06,-6.906227593650405e-07,4.2777309087629546e-07,2.7901908810918394e-06,1.1653540615945631e-06,-7.048856881340872e-07,1.405658254569252e-07,-1.013340598688285e-06,-7.576447132245164e-07,6.370352419258247e-07,1.7972576575856589e-06,-5.557603702304643e-07,-7.507898303616723e-07,-3.092842754713759e-07,1.3063860655894933e-06,2.450316624228674e-06,3.770976309812855e-07,1.6487583977333706e-06,-5.140710497773627e-07,8.34822003761996e-07,-1.68427976669827e-08,-5.619150710893177e-07,-2.8584166427134714e-07,2.663658048268669e-06,-1.688032150152407e-08,6.966021736824541e-08,8.089587625990587e-07,3.9606135731236755e-07,1.4152660875145748e-07,-3.1284570791947587e-10,-4.087703390105789e-07,1.670710265343484e-06,1.716677581963346e-06,movement,movement,no movement,no movement
6550.00000000003,0.0435270848628743,0.3047182003340037,-0.2904865384,0.0503381947186905,0.3223090474205656,-0.2819633127333333,0.0527084981890054,0.322682794742104,-0.2712728324666666,0.05134321558255,0.3223242388999211,-0.2751284877666666,0.0348621335633215,0.3315606610269318,-0.3118754585666666,0.0365783543100092,0.3296988609422026,-0.3251714670333333,0.0409768583899388,0.3203642170435725,-0.3046942413666667,0.0531373659462806,0.3314846219115844,-0.1665467087666667,-0.0465865316445114,0.2957071149951581,-0.2396908585333333,0.0527780412646416,0.3032361263101604,-0.2304224580333333,0.0282093728395512,0.2761446898755256,-0.2805422931333333,0.094524676132159,0.2273998795353034,-0.0161940227511999,-0.1322661845357619,0.2635264742627726,-0.0753328175566666,0.1260883900201916,0.0752039326193206,-0.0456484523533333,-0.171644743786646,0.0146913502752236,-0.0967235650766666,0.1289192231277932,0.0730189361435541,-0.1506194701666666,-0.1094295780383671,-0.1075616034073179,-0.1410523628333333,0.116996416028706,0.0803736406169762,-0.1669476583,-0.0676293003758698,-0.1287436130070347,-0.1850962027333333,0.1056411609032128,0.1024114182051972,-0.1755188887333333,-0.0371572513018057,-0.0869115459970894,-0.1963098611666666,0.1293470143999142,0.0693681802772413,-0.1569122193,-0.0917699022505714,-0.0967219610482085,-0.1394182,0.0714478869133457,-0.1589029732507272,0.0640162822333333,-0.0690427577525064,-0.1712215737764196,-0.0632321467733333,0.1070606199246993,-0.4888674260705162,0.0573571695466666,-0.0213662846119008,-0.432389272061249,-0.0801832474966666,0.1040397413490503,-0.7600677489619455,0.2261366268,-0.0607690462767735,-0.7598178325315187,0.0847655958366666,0.087745431860616,-0.7885303995502541,0.2476826470333333,-0.0636816013427292,-0.787822785530021,0.0611307314633333,0.1389223122784441,-0.8136713401276684,0.2166141625333333,-0.0358396939360703,-0.8171787065820417,-0.0208468972966666,nijmegen_nijmegen_rennen_g_ch1_g11_compr.mp4,ch1g11,8.603971324036253e-05,0.0002401770238438,0.0001101217901099,7.05965204168274e-05,9.873330776886446e-05,0.0002626041503142,0.0001095028136564,5.9847121599984745e-05,7.500420011850967e-05,4.512666215428451e-05,0.0002515707944755,7.005191401740043e-05,0.0001145439230672,0.0001114423682593,8.762862519433808e-05,8.152636725108224e-05,9.811945705618584e-05,0.0002991508832334,6.498557388999647e-05,0.0001131662183069,0.000339306604167,0.0001032736746475,0.0001145756040477,9.378696932800792e-05,9.517256844112798e-05,1.2451827050814696e-05,9.00344421673391e-05,0.0002219959802174,6.238706740198042e-05,0.0003270914603516,1.0783480637813276e-05,8.989087462589227e-05,0.0003074792406385,0.0003458755016817,0.0001152429720091,0.0001551294984184,7.513700337888635e-05,7.642269421773441e-05,6.65992678494884e-05,0.0002022372544891,0.0001748713892123,0.0001602515342578,-0.0002325757395071,0.0003955410207565,-4.7252974965689536e-05,0.0001176476543862,-0.0008989368014895,0.0007133013586486,-0.0012416950594407,0.0009665337429774,0.0036400466026473,-0.0029799831896572,0.0049334175062921,-0.0039760449194262,0.0053397242323046,-0.0048364270481029,0.0041130160467454,-0.0035177440422521,-0.0001357810244415,0.0001458674001367,-0.0001930322771761,0.00059321481777,-0.0006642005313617,-0.0001560966907287,-0.0006210288951316,-0.0001898131554301,-0.0005377929737372,5.471683697048935e-05,2.243761616027088e-07,-2.61582340011992e-05,-1.4182628922441386e-05,-1.35725018492571e-06,-1.0524480534686516e-05,-2.9940308343554385e-05,-1.4039923241584483e-05,-1.6958908692014028e-06,3.50488548626109e-06,1.9909925289876096e-06,-1.018132247853235e-05,-6.878185252415595e-06,-1.5360459964802356e-05,-1.4130060212758413e-05,3.863302615900134e-06,-5.373631212183118e-06,-8.442402853153722e-06,-1.1326431206953034e-05,-5.818764171184757e-06,-1.5446400784835418e-05,-3.9013066548732834e-05,-1.5457809611477314e-05,-1.5145312089645253e-05,-9.67274889435528e-06,-1.0022063401093893e-05,-8.221203736964356e-07,-1.170561513874572e-05,-7.969886888687657e-06,-1.16865701905414e-06,-1.4593242213441912e-05,-6.351399814217435e-07,-6.322825291046548e-06,-3.350023628138825e-05,-1.3404016256870127e-06,2.2379666728256405e-06,-4.3920696278108234e-07,6.066598702832421e-07,2.522553915053663e-06,2.1932217176291353e-06,-4.577890963430108e-07,6.828411734924426e-08,-1.082677970333424e-06,-9.808240075454811e-07,-2.0217594234547866e-07,1.659631312556496e-06,-2.844960208050033e-07,-5.052474251581488e-07,-5.538962655905106e-07,1.1901766414439172e-06,2.165208749212744e-06,-6.486433379062632e-07,1.4899876645192471e-06,-2.399225904068762e-07,2.1414082350247917e-06,2.8579529374741997e-07,-3.070144246697183e-07,-3.244369768780448e-07,2.435692779378834e-06,2.6289278341234625e-08,1.6282454577361197e-07,-3.9395318985465856e-08,2.5033221610805693e-07,-7.704172964692823e-07,3.4653204214741485e-08,-4.506332886234678e-07,2.697391061677228e-06,2.3842994969347763e-06,movement,movement,no movement,no movement
6566.666666666697,0.0450881023835427,0.3048541088375643,-0.2896923045,0.0519997962993571,0.3223668765233793,-0.2810759406333333,0.0544040457607594,0.3227429909217451,-0.2703909340666666,0.0530191283612461,0.3223746589260557,-0.2742407993,0.0366084319062816,0.3317460545293825,-0.3111323525666666,0.0383239951650755,0.3298574707760663,-0.3244099014666666,0.0426960149856356,0.3205082194138274,-0.3039573133666666,0.0545137703807611,0.3312509664270943,-0.1654903028666666,-0.0452071911852674,0.2961095943890735,-0.2392089371,0.0542287873272855,0.3031821112192956,-0.2294698272999999,0.0295894141475175,0.2762538097394472,-0.2797563835333334,0.0953996642545323,0.2265348398133847,-0.0153688122001999,-0.1315058333992553,0.2642480894163682,-0.0744274467199999,0.1269401366798562,0.0740175364307556,-0.04625795393,-0.1722910684376925,0.0156944330980031,-0.0944118592666666,0.1295876968528945,0.0766085541472952,-0.1519489169999999,-0.1120835092551214,-0.110253578225067,-0.1361744118333333,0.117700054753973,0.0851943962923699,-0.1682913312666666,-0.0708349400008455,-0.1323901056826726,-0.1794922808333333,0.106683211801793,0.1075978043028944,-0.1766091425999999,-0.0401116189236432,-0.0914000537029402,-0.1910175831333333,0.1301572559245931,0.0734214812658222,-0.1581722535333333,-0.0943981482603611,-0.0999188630856479,-0.13629739,0.0713314332427557,-0.159044534813237,0.064323081,-0.0688951345840428,-0.1710718396855663,-0.06359936205,0.106047124515686,-0.4889856299518189,0.0568247001433333,-0.0218191274807121,-0.4317899669882887,-0.0812222510766666,0.1026175753495397,-0.7606361452217553,0.2251404841666666,-0.0617886781400405,-0.7599369689269229,0.0826027367499999,0.0862470490334145,-0.7890503922635131,0.2466096278333333,-0.0647771333804433,-0.7879792093438143,0.0588336630566666,0.1373993931096047,-0.8140960220896803,0.2155665438666666,-0.0371998369192237,-0.817087471541009,-0.0234266736166666,nijmegen_nijmegen_rennen_g_ch1_g11_compr.mp4,ch1g11,8.583581892526909e-05,0.0002160924819659,9.583255654836454e-05,6.909496192608386e-05,9.028970038245548e-05,0.0002347218019299,9.53394305888938e-05,5.808672965147194e-05,7.819519604150073e-05,4.6461655602564385e-05,0.0002410907888298,6.511163915787617e-05,9.919170288292436e-05,9.715398493006333e-05,9.11611921134308e-05,7.710303936581627e-05,9.190995708284832e-05,0.0002876643236649,6.098063995218331e-05,9.77435729768002e-05,0.0003028664052752,8.81269414991507e-05,9.94390206602194e-05,8.442180241118385e-05,8.725495814785586e-05,1.1684039580628112e-05,7.878838336765108e-05,0.0002138147746336,6.11282538203077e-05,0.0003122369410046,1.0200360514336627e-05,8.296339993083611e-05,0.0002770993075506,0.0003248033179094,0.0001064521778563,0.0001284947547368,4.36881944039538e-05,4.4799357422837776e-05,3.456598718981152e-05,0.0001718628339341,0.000146011333073,0.0001326064429752,-0.0002583026210803,0.000380825480513,-7.255244724083452e-05,9.784056509734976e-05,-0.0008865007849135,0.0006944397305825,-0.0012116722733977,0.0010046043818682,0.0034707934568057,-0.0023718406000993,0.0047212942868794,-0.003214401565829,0.0050661032581818,-0.0040441811564593,0.0039059715341197,-0.0028703257456105,-0.0001367960609585,0.000145449063082,-0.0001590066360144,0.0005904281958562,-0.0004855312024132,-0.0001218411375603,-0.0004268256140548,-0.000150394702618,-0.0003896264106633,8.358718140547389e-05,-1.3378696465212447e-06,-2.358770672079767e-05,-1.4524048739726368e-05,-8.096226949667793e-07,-8.280272305485874e-06,-2.729316892436624e-05,-1.4393845266096231e-05,-1.753931724779532e-06,2.463201157417138e-06,8.394787466140609e-07,-1.0943571743714693e-05,-5.335185549105219e-06,-1.5556806255199375e-05,-1.453793056568645e-05,3.193200743488327e-06,-4.561124437835034e-06,-6.5342988704678466e-06,-1.259326364216852e-05,-4.463593160577803e-06,-1.559539518658589e-05,-3.621674968162204e-05,-1.5058779606764848e-05,-1.5373702500190164e-05,-1.0024800041548758e-05,-7.862393255038636e-06,-7.669599850485709e-07,-1.152406739940732e-05,-8.505741279715869e-06,-9.058599053959638e-07,-1.6057638311215135e-05,-5.78384806164578e-07,-6.7822707246516914e-06,-3.03036327189268e-05,-1.727377659726832e-06,2.967610832790826e-06,-5.604381995582192e-08,7.433115778047327e-07,2.065434625479485e-06,3.1356720134885567e-06,-7.56660282476796e-08,1.8260687955249248e-08,-1.0890909371887693e-06,-1.0685348404875466e-06,-1.0043265871735103e-06,1.3475704656424691e-06,1.0790063119413237e-07,-1.2113257086835584e-07,-6.742527554870651e-07,1.0093988180485036e-06,1.7202639962406172e-06,-1.6054172718579484e-06,1.1822148171019692e-06,1.5656486151917558e-07,3.3671533411125717e-06,6.49416206966425e-07,6.82879838342362e-08,-3.167083958278465e-07,2.027887267343731e-06,6.46569515256565e-08,2.828207225413168e-07,-8.888916767094007e-07,1.0068544958828237e-07,-1.5401351241564102e-06,6.474269420170859e-08,-4.496550713569579e-07,3.5777687914668497e-06,3.2563739569959056e-06,movement,no movement,no movement,no movement
6583.333333333364,0.0464471840208805,0.3050060025869999,-0.2892143676333333,0.0534969755409972,0.3224344357146188,-0.2804895839333333,0.0559305297012911,0.3228121204958949,-0.2698158461,0.0545242589799016,0.3224329160088207,-0.2736384725,0.0381450974056196,0.3319335122611324,-0.3106049607333334,0.0398553100602792,0.3300212098793595,-0.3238633894666666,0.0442109251510377,0.3206590646027168,-0.3034334223333333,0.0559129863482419,0.3310281784905541,-0.1646376882,-0.0439528007390014,0.2965036309208343,-0.2387757037333333,0.0555574302265675,0.3031336550072119,-0.2288536160999999,0.0308037300361209,0.2763697741066375,-0.2791950945333334,0.0964607039361592,0.2256828676336658,-0.0146371487158666,-0.1308057776148752,0.2649016992820507,-0.0734631729566666,0.1282289024028905,0.0728894443566299,-0.0469107658566666,-0.172737287537271,0.016709200737281,-0.09210117271,0.1305436831291342,0.0800722986823182,-0.1535453583666666,-0.1147449750759004,-0.1120022952333265,-0.1323939249,0.1186321267080132,0.089836596119577,-0.1699938957,-0.0741022891317437,-0.1347898079102566,-0.1752542127666666,0.107849610840481,0.1125759391454047,-0.1781066660999999,-0.043205355942319,-0.0945300537442942,-0.1870747224666666,0.1311705128612002,0.0772884944873335,-0.1597180190333333,-0.0970545914214418,-0.1021091464960397,-0.130720481,0.0712514474491309,-0.1591780861652274,0.0645559484566666,-0.068788799688426,-0.1709315416440382,-0.0638774529833333,0.1050871524224203,-0.489108931812541,0.0565211037633333,-0.0223247175156067,-0.4311708964054232,-0.08189892423,0.1012981208100181,-0.7610163380920308,0.2258090481333333,-0.0627736365766552,-0.7600487950038789,0.0815293243999999,0.084866483660035,-0.7893793107771521,0.2473901323,-0.065822715407741,-0.7881195145770736,0.05772664275,0.1359839045307853,-0.8143935182252742,0.2164236924333333,-0.0385141465967831,-0.81698675827818,-0.0248216411466666,nijmegen_nijmegen_rennen_g_ch1_g11_compr.mp4,ch1g11,8.377550418196536e-05,0.0001934165089128,8.088971324442122e-05,6.797283378302985e-05,8.126519252677537e-05,0.0002083896655624,8.046092398112371e-05,5.583903146838936e-05,8.006234247417274e-05,4.632273816775672e-05,0.0002297154839951,6.095208150754007e-05,8.342154311808634e-05,8.21369141945377e-05,9.38131288984938e-05,7.35663614066898e-05,8.455219991245256e-05,0.0002743467064009,5.742753821433687e-05,8.192970679282306e-05,0.0002677662331845,7.306826593687701e-05,8.385376598442202e-05,7.44757666628757e-05,7.865581476720089e-05,1.1013708543008322e-05,6.754489956271703e-05,0.0002050942345397,5.978454405622698e-05,0.000295500224605,9.71028403034578e-06,7.564874018190935e-05,0.0002477688612315,0.0003047864830462,9.738921573794164e-05,0.000116968907734,3.224745984720719e-05,3.297724110553873e-05,2.3185980073664057e-05,0.0001547573111817,0.0001305837473877,0.0001177309266557,-0.0002539458457598,0.000366477636661,-7.794233614502208e-05,8.85689251306189e-05,-0.0008532392495385,0.0006685377121935,-0.0011507294440643,0.0010466876534225,0.0032948958202554,-0.001739303637085,0.0044831410267021,-0.0024185760317801,0.0047694904477519,-0.0032238786902656,0.00368944659639,-0.0021982635559435,-0.0001370738613707,0.0001447831008967,-0.0001243514979717,0.0005896851591353,-0.0003159935897933,-9.818033805615907e-05,-0.000243718646392,-0.0001232902810405,-0.0002418829284037,0.0001072601015091,-3.306006184968564e-06,-1.9914483458724452e-05,-1.4514846300416536e-05,-3.8463905546200764e-08,-6.548799215430574e-06,-2.3286008383622196e-05,-1.4401872464898756e-05,-1.8420236610094265e-06,1.281425902164256e-06,-3.671575651592549e-07,-1.2588052726007524e-05,-4.25627786655995e-06,-1.535949584602008e-05,-1.4590275319516738e-05,2.1808967614039786e-06,-3.9609123001797605e-06,-5.026905489887683e-06,-1.4878310113183206e-05,-3.5572859585530476e-06,-1.5362011220046993e-05,-3.164389003259452e-05,-1.4335233432342936e-05,-1.5230882008408832e-05,-1.0400493363984685e-05,-6.137316198062818e-06,-6.661594778856325e-07,-1.1248837241604011e-05,-1.001929006840856e-05,-8.442495231030069e-07,-1.832264318169448e-05,-4.864164424955643e-07,-7.261132810177275e-06,-2.578138947972493e-05,-1.942027893195656e-06,3.5761981146188036e-06,4.664837484030873e-07,8.224185935241222e-07,1.5641132677814444e-06,3.92555741671652e-06,4.496383821437324e-07,4.552533761173279e-09,-1.0261495926089668e-06,-9.94375979958424e-07,-1.669339559417091e-06,9.78568634076485e-07,6.299203118641644e-07,4.082107451285804e-07,-6.710232166062609e-07,8.256429551183889e-07,1.264811330020422e-06,-2.3383959210917403e-06,8.430113382184324e-07,6.840387943984975e-07,4.420358215274003e-06,1.094013221509277e-06,5.761289464138586e-07,-1.9565847006779673e-07,1.578019153863182e-06,9.444195839472773e-08,4.776905878499258e-07,-1.644691018488889e-06,-4.2300098134866624e-08,-2.034620285758564e-06,8.683451046002075e-08,-4.0162416004581106e-07,4.279343342463366e-06,4.076867179771732e-06,movement,no movement,no movement,no movement
6600.000000000031,0.0475191027694893,0.3051489349935685,-0.2890752275333333,0.0547211875983845,0.3224908640026256,-0.2802514405333333,0.0571796912140606,0.3228696187199711,-0.2695887613333333,0.0557543052212089,0.3224809096645257,-0.2733754858666666,0.0393904047419977,0.3321126950418138,-0.3104010910000001,0.0410938853843162,0.3301771711643909,-0.3236446871,0.0454309128400084,0.3208023986702785,-0.3032302588999999,0.0572797587897207,0.3308053757237091,-0.1641203934,-0.0428258378724539,0.2968843982513902,-0.2384112938666666,0.0566797891478795,0.3030799378756743,-0.2285649498333332,0.0317939462468116,0.2764820528531024,-0.2789486571333334,0.0975364130262249,0.2248356074311868,-0.0140837344225333,-0.1300952077795686,0.2655467148618147,-0.0724557747399999,0.1294549077396317,0.0717672839901773,-0.0476060777566666,-0.1730584685810193,0.0177567817101581,-0.0899383457866666,0.131468946620032,0.0831806130345048,-0.1548867370666666,-0.1173977797280192,-0.1134242328958533,-0.1293417920666666,0.119535206962683,0.0940878585897097,-0.1713388437,-0.0773478423403987,-0.1367529463565437,-0.1717366292666667,0.1090224282417759,0.1170708518417327,-0.1792503848666666,-0.0463019086642088,-0.0972638830984584,-0.1837566516,0.1321767829291358,0.0807603941986912,-0.1609825673333333,-0.0996937963167366,-0.1039533818660051,-0.123111032,0.0711789254800368,-0.1593139584392093,0.06473389862,-0.0686914391184069,-0.1707887145967052,-0.0640924382466666,0.1041715766279223,-0.489244817255944,0.0565438832933333,-0.0228282851636506,-0.4305599764697116,-0.08244941584,0.1000241228393993,-0.7613129305180072,0.2267283653333333,-0.0637437999808264,-0.7601527411903073,0.0804345909733333,0.0835366848116773,-0.7896008509796666,0.2483925547666666,-0.0668490449376889,-0.7882454180930385,0.05658241702,0.1345895164654745,-0.8146567689224518,0.2174460427,-0.0397403629325837,-0.8168781618660229,-0.0262993319936666,nijmegen_nijmegen_rennen_g_ch1_g11_compr.mp4,ch1g11,7.93801751886949e-05,0.0001740655121227,6.620086429215795e-05,6.8352568422725e-05,7.422679494830143e-05,0.0001858998016863,6.585059941042707e-05,5.365115843382833e-05,8.094874429422243e-05,4.553432996730317e-05,0.0002153940710793,5.6552212784954624e-05,6.79837161698925e-05,6.733565779982491e-05,9.570808985792371e-05,7.018703107431131e-05,8.032896510045644e-05,0.0002575955094201,5.36076793289942e-05,6.650641316375941e-05,0.0002374918079084,5.885369578788602e-05,6.858010745258387e-05,6.412214504994355e-05,7.184883096934187e-05,1.043631318720571e-05,5.650407888903575e-05,0.0001935027355143,5.8306567128683486e-05,0.0002752602569328,9.30189413667698e-06,6.835369750364749e-05,0.0002231583962115,0.000285612015217,8.964395012883654e-05,0.0001207095175288,3.92226815093341e-05,4.002379756584904e-05,3.1058428348260385e-05,0.0001524961178136,0.0001303228515481,0.0001176158687503,-0.0002280800137986,0.0003578636495625,-6.458887255721966e-05,9.268574175878354e-05,-0.0008088763841007,0.0006463413211186,-0.0010814281522848,0.0010918114057654,0.0030799001807557,-0.0011609647918645,0.0041927378313902,-0.001702028391295,0.0044236767072396,-0.0024792862971269,0.0034330506447957,-0.0015849029343915,-0.00013674827721,0.0001438970089716,-0.0001133972742944,0.0005662296397036,-0.0002194057116105,-8.036304628561068e-05,-0.0001384705663882,-0.0001015959856814,-0.0001740977845588,0.0001337315796454,-5.439109116222314e-06,-1.5981168199289778e-05,-1.3826675662264476e-05,8.282106371416156e-07,-5.357674734161409e-06,-1.8860511414413014e-05,-1.3730555688378246e-05,-1.9090473557801696e-06,2.2238380467248774e-07,-1.3587252321493476e-06,-1.4554407193778407e-05,-3.5254668007043954e-06,-1.4468807064565808e-05,-1.3953506112624546e-05,1.3295783223937942e-06,-3.2475987007186943e-06,-4.0717007909841685e-06,-1.7603623814250202e-05,-2.956059729781451e-06,-1.4425351130711226e-05,-2.654243663108524e-05,-1.3015406802239498e-05,-1.4402249576886317e-05,-1.052349635951585e-05,-4.893188192409398e-06,-5.463084702950576e-07,-1.0649770280389446e-05,-1.195478218729418e-05,-9.671592665754067e-07,-2.069700060483168e-05,-3.803148957410217e-07,-7.635509710358767e-06,-2.1001439820201463e-05,-1.9206372226963543e-06,3.961839876156109e-06,1.083119321841464e-06,8.129517982213099e-07,1.025309681149303e-06,4.4376279310528695e-06,1.0697679771740175e-06,1.7557252639795683e-08,-9.116720934621069e-07,-7.979355017503502e-07,-2.0618613315029027e-06,6.518916601403918e-07,1.2422585692750643e-06,1.0352010931508988e-06,-5.647414538325075e-07,6.974571241195836e-07,7.450284662822291e-07,-2.6976358554352546e-06,5.578106772794872e-07,1.3018261204635086e-06,5.1314849520196295e-06,1.5879658525924831e-06,1.1790140096037672e-06,6.64188837176628e-08,1.0798483135009754e-06,1.1505810969894973e-07,7.620201227259688e-07,-2.1504804120815613e-06,-1.6302077321781154e-07,-2.140070288052495e-06,1.0092308769235583e-07,-3.023553544391399e-07,4.6545569622017495e-06,4.615253486316353e-06,movement,no movement,no movement,no movement
6616.666666666698,0.0484470088135786,0.3052867842510224,-0.2897163013,0.0557721010981709,0.3225465635896587,-0.2809096138999999,0.0582509717403635,0.32292557782353,-0.2702470280666667,0.0568084167340021,0.3225282942559057,-0.2739977434666666,0.0404570180725055,0.3322821428182518,-0.3110373020333333,0.0421571350323993,0.3303240426600975,-0.3242686841666667,0.0464727403643716,0.3209369178753022,-0.3038601985333333,0.0585660122591188,0.3305994026739884,-0.1645938321,-0.0417983813801863,0.2972486140780261,-0.2386767327333332,0.0576888000743194,0.3030280380226247,-0.2290792678999999,0.0326791078632881,0.2765872122247459,-0.2794402951,0.0986550079333233,0.2240440495498194,-0.0142285303392,-0.1293628518398465,0.2661908201315089,-0.07177615687,0.1307007193212868,0.0707168475622412,-0.0487117744633333,-0.1733467058286731,0.0188457036352236,-0.0885117533266666,0.1324825484095558,0.0862867462824389,-0.1565804402999999,-0.120045149808033,-0.1143171044326507,-0.1275877565,0.1205265226152044,0.0983535186622106,-0.1730003470333333,-0.0805857676024831,-0.1381000288260125,-0.1696004777666666,0.110373315460467,0.1215767567213283,-0.1807729586999999,-0.0493601547888417,-0.0993565734648275,-0.1817654858999999,0.1333058774711098,0.0842281301017481,-0.1626208367666666,-0.102317143421165,-0.1052291703542824,-0.107574604,0.0711123687897861,-0.1594510855409078,0.06485594211,-0.0686018094509665,-0.1706440302033775,-0.06424899382,0.1033214443725943,-0.4893870986480332,0.0565432933333333,-0.0233404375283383,-0.4299894254522244,-0.0829208314566666,0.0988594145493581,-0.7615566683728003,0.2275049895333333,-0.064634327898638,-0.7602702759404083,0.0794440293299999,0.0823257322426119,-0.7897478805272067,0.2492335231666666,-0.067776578807408,-0.7883814697905105,0.05553780936,0.1333426583669277,-0.8148901363621016,0.2183495338666666,-0.0408635425883721,-0.8167817696072024,-0.02759988954,nijmegen_nijmegen_rennen_g_ch1_g11_compr.mp4,ch1g11,7.310408132514883e-05,0.0001596986332429,5.217444903619347e-05,6.945266865391888e-05,6.903436364342243e-05,0.0001689703980497,5.192296005634946e-05,5.124256400647318e-05,8.108352533732591e-05,4.383067787606817e-05,0.0001993968693985,5.291612321916291e-05,5.331456486264655e-05,5.318571612409514e-05,9.721843098723049e-05,6.720674705154162e-05,7.625983648186196e-05,0.0002378700670336,5.049295082116245e-05,5.1858737013525456e-05,0.0002132378810718,4.578279172629191e-05,5.3946899779219795e-05,5.320890726636481e-05,6.698251586079321e-05,9.890115895921847e-06,4.565124235499147e-05,0.0001802104309722,5.745158755101666e-05,0.0002525311085024,8.914900157809705e-06,6.100623957899981e-05,0.0002041149997255,0.0002688020636037,8.388203331864187e-05,0.0001395997381201,6.426042131263548e-05,6.596411228216625e-05,5.7841024837980574e-05,0.0001683941711463,0.0001479814848612,0.0001339362502398,-0.0001783547754821,0.0003648735420069,-3.135017979798817e-05,0.000112631814284,-0.0007476225948746,0.0006407126626015,-0.0010041559542066,0.0011387752948929,0.0028463831056328,-0.0006359824299663,0.0038650899668437,-0.0010641495368009,0.0040522593963047,-0.0018054377623866,0.0031615560830081,-0.0010233504880869,-0.0001368604648689,0.0001437862603365,-0.0001128173763974,0.0005219046924496,-0.0001763236413432,-8.155563305559856e-05,-8.991480916519209e-05,-9.887516391457572e-05,-0.0001370263387292,0.0001417679186691,-7.404607797099993e-06,-1.1997025605427404e-05,-1.2510235581440285e-05,1.6094868479822652e-06,-4.818942041862353e-06,-1.4273282348616135e-05,-1.242855084678944e-05,-1.9011680422642656e-06,-6.893721902343758e-07,-2.0636007338042112e-06,-1.690169696802441e-05,-3.2397985089627054e-06,-1.2980781022369413e-05,-1.2673963721262236e-05,7.074590488951503e-07,-2.6416382899225367e-06,-3.636759627647641e-06,-2.0702197454327593e-05,-2.745306222457273e-06,-1.2880004399642031e-05,-2.1212324218267183e-05,-1.1261360022151146e-05,-1.2975106224916e-05,-1.037287207256855e-05,-4.26434512806752e-06,-4.2731796598234436e-07,-9.807619545425676e-06,-1.4387830541004092e-05,-1.2847471198104605e-06,-2.314403366458013e-05,-2.77206067783996e-07,-7.878637478505852e-06,-1.628556504635054e-05,-1.6595051770285628e-06,4.026310901046154e-06,1.7376955594871515e-06,7.227905843286284e-07,4.951590265215198e-07,4.562976724342509e-06,1.7274015789031448e-06,4.154591682949516e-08,-7.613633285572568e-07,-5.080552604770767e-07,-2.1641778772313464e-06,3.6537803103042385e-07,1.8913102082849584e-06,1.7017954192386604e-06,-3.911281739394589e-07,6.096627717072164e-07,2.683735170175212e-07,-2.643512772839679e-06,3.23245522660568e-07,1.956419988745402e-06,5.403446290597011e-06,2.0917652785932658e-06,1.8282964121512024e-06,4.7569084747294026e-07,5.607574173556382e-07,1.259193297517754e-07,1.1326903830864265e-06,-2.3689332617250117e-06,-2.7667340981325474e-07,-1.875778655739506e-06,1.0673608444336285e-07,-1.359476074562006e-07,4.6442203613664536e-06,4.7432511790578346e-06,movement,no movement,no movement,no movement
6633.333333333365,0.0491513748479249,0.305386812751453,-0.2905105799,0.0565764748346189,0.3225775876207454,-0.2817689409999999,0.059069869313519,0.3229550874236572,-0.2711028449666666,0.0576130677861034,0.3225514960330501,-0.2748154615999999,0.0412710306310758,0.3324089088945713,-0.3118394166333333,0.042966657430074,0.3304292991329547,-0.3250587606333334,0.0472622510367692,0.3210279273962806,-0.3046555340999999,0.059724148315927,0.3303959777854688,-0.1653372669333333,-0.0409241954226487,0.2975747424507046,-0.2390516737666666,0.0585267305127054,0.3029625104726776,-0.2297742217999999,0.0333914335801727,0.2766632883468129,-0.2800769273333333,0.0997919955391124,0.2233023577537038,-0.0146090701092,-0.1286367868767646,0.2668298307358183,-0.0711206162933333,0.1319069290732588,0.0696974218816365,-0.0499034888299999,-0.1735492537684046,0.0199800501487581,-0.0875224540566667,0.1334458927539589,0.089080627793824,-0.1578094229999999,-0.1226483206749167,-0.1147766651727071,-0.126638933,0.1214586116365228,0.1022011988553314,-0.1740974772999999,-0.0838523310945315,-0.1389313634518092,-0.1683319215333333,0.1116737141491666,0.125598600341182,-0.1817542334333332,-0.052421006327385,-0.1009335904096949,-0.1805918341666666,0.1343886701444235,0.0873304851845406,-0.1637718898999999,-0.104965122745014,-0.1060642115731201,-0.113828622,0.0710574415606094,-0.1595878948291739,0.0649341777999999,-0.0685262043415898,-0.170499488107515,-0.0643581884133333,0.1025166345506188,-0.4895356681169823,0.0566009119033333,-0.0238381844695364,-0.4294714142278676,-0.0831977682966666,0.0977580404983174,-0.761678041824408,0.2284245928333333,-0.0654315401278381,-0.7603660904249139,0.0788354365999999,0.081179309083222,-0.789761103635714,0.2502316931999999,-0.068598381695273,-0.7884893188878661,0.0548822911366666,0.1321015370003519,-0.8149468790139067,0.2193619326666666,-0.0418524677642202,-0.8166276898376961,-0.0285746226733333,nijmegen_nijmegen_rennen_g_ch1_g11_compr.mp4,ch1g11,6.49109518250238e-05,0.0001491410457473,4.007737476813317e-05,7.188846222379492e-05,6.531891062333372e-05,0.0001565406167016,3.99516135514412e-05,4.9592032459282965e-05,8.034045915462725e-05,4.145940223032697e-05,0.0001815183671924,4.923891559468804e-05,4.066791665496467e-05,4.0953380713888027e-05,9.805685976199826e-05,6.401165408987332e-05,7.302882859500967e-05,0.0002157746648586,4.735983388931563e-05,3.9325118972604616e-05,0.0001941475456697,3.508907989554512e-05,4.12688936225769e-05,4.260039575415521e-05,6.382568065106732e-05,9.44155865841853e-06,3.5783131684919316e-05,0.000164764723348,5.64921401886549e-05,0.0002280220772162,8.615518808515616e-06,5.320875099611266e-05,0.0001893231146281,0.0002533250171891,7.947748974769899e-05,0.0001615465231334,9.594063103944937e-05,9.896905150016524e-05,9.173042396115242e-05,0.0001871641299543,0.0001685204974828,0.0001522128167606,-0.0001102969630506,0.00037365083681,1.193430892027065e-05,0.0001362711039021,-0.0006723996814376,0.0006467895038015,-0.0009190658328084,0.0011932667191893,0.0025888155857098,-0.0001588667037519,0.0035020858337751,-0.0004979760944707,0.0036595646027546,-0.0011930304670673,0.0028700693142483,-0.0005084251709715,-0.0001381847643984,0.0001452291792322,-0.0001227584598357,0.0004637360372637,-0.0001893676750293,-9.415327025834842e-05,-0.000100002289258,-0.0001085390627469,-0.0001314922228864,0.0001470709549019,-8.95973990619377e-06,-8.12710598848723e-06,-1.0508751981631124e-05,2.2773158134189453e-06,-4.602138198039718e-06,-9.858724375950324e-06,-1.0439226619917655e-05,-1.7891192160534594e-06,-1.398740624328561e-06,-2.367124199606688e-06,-1.9081275272449836e-05,-3.1409453867369563e-06,-1.083208557511957e-05,-1.0694552397808347e-05,4.104019289487076e-07,-1.925697149891453e-06,-3.6774018313880378e-06,-2.3414485002215235e-05,-2.650586300658718e-06,-1.0667752772239355e-05,-1.5928984879464466e-05,-9.014284581768351e-06,-1.0885695946181706e-05,-9.792528802414184e-06,-3.946532612791403e-06,-3.104262423514677e-07,-8.591341218320773e-06,-1.684038961789987e-05,-1.681398760592516e-06,-2.4910990191326296e-05,-1.790789903451097e-07,-7.882116496746442e-06,-1.1922265778691146e-05,-1.17890769109801e-06,3.783861099698287e-06,2.326933139032127e-06,5.198514674745269e-07,3.100851705172615e-08,4.312152884036822e-06,2.3191686249513517e-06,3.2238032761748546e-08,-5.837181735131769e-07,-1.8442277111390333e-07,-1.9197657351073683e-06,1.6344422362565676e-07,2.47270023194645e-06,2.3038634289948508e-06,-1.8695210114143548e-07,5.53898100595015e-07,-1.30194129073138e-07,-2.1521905811048825e-06,1.6809319293032265e-07,2.538646952920766e-06,5.223720650633952e-06,2.5208618017794e-06,2.4176910738863017e-06,9.776093543905428e-07,6.807072469221329e-08,1.2460968009472513e-07,1.535285973575573e-06,-2.2241296781901355e-06,-3.6016340893099354e-07,-1.2545477808108963e-06,1.0222049423402165e-07,1.021037279299434e-07,4.2820604408001544e-06,4.423748894724102e-06,movement,no movement,no movement,no movement
6650.000000000032,0.0497623444251131,0.305507797715355,-0.2901974369666666,0.0572583981106879,0.3226370170432489,-0.2815501432666666,0.0597674408174767,0.3230171091392557,-0.270883931,0.0582986208137979,0.3226067877176582,-0.2745615875333332,0.0419827422515503,0.3325564092007258,-0.3115139703,0.0436722475969962,0.3305569541162039,-0.3247013324333333,0.0479491955309314,0.3211384069533632,-0.3043256442333333,0.0607627456010586,0.3302742894453407,-0.1652286861666667,-0.0400979024459684,0.2979124247907488,-0.2384397953333333,0.0592791159721373,0.3029428642956346,-0.2294597432333332,0.0340389544333876,0.2767620542829132,-0.2796473934,0.1009432046063306,0.2226400696741764,-0.0145675372225333,-0.1278956720540722,0.2674776232832553,-0.0697456849066666,0.1331216648144197,0.0687457183323055,-0.0504248111699999,-0.1736451559091253,0.0212233234560821,-0.0864208512033333,0.1343295659115648,0.0913493869082662,-0.1580601102,-0.1251532114183167,-0.1148537952130097,-0.1251277878666666,0.1222335789083621,0.105289567828385,-0.1741890369999999,-0.0870602065329475,-0.1393816669443727,-0.1664328082,0.1127028306303168,0.1287315024826321,-0.1817038223333332,-0.0554443778966059,-0.1021909794331274,-0.1788000857666666,0.135332301202583,0.0898167375681503,-0.1639260935666666,-0.1075750431404581,-0.1065336213478271,-0.116493672,0.0710097909516723,-0.1597280787240276,0.0649109092666666,-0.0684586535928536,-0.170351853455093,-0.0643586388,0.1017221182305672,-0.4896992096761967,0.0560674848533333,-0.0243436943627894,-0.4291174141061935,-0.0835218121766666,0.096742854959277,-0.7619181862438716,0.2290887489999999,-0.0661472892938284,-0.7604778885258946,0.0780525643599999,0.0801241976101999,-0.7899079060061822,0.2510831028333333,-0.0693418771933814,-0.7886124322628707,0.0540304792166666,0.1308629159624112,-0.8151024946175128,0.2201227467333333,-0.0428459291271048,-0.816483499810232,-0.0296788583533333,nijmegen_nijmegen_rennen_g_ch1_g11_compr.mp4,ch1g11,5.4897387344996375e-05,0.0001433568224021,3.078185329199678e-05,7.459034407512102e-05,6.183455745685549e-05,0.0001493748191271,3.074439811203641e-05,4.805826070250667e-05,7.836782403418517e-05,3.873455345484011e-05,0.0001611515895135,4.61514127765757e-05,3.1243102773031905e-05,3.1459840248707816e-05,9.789477879588016e-05,6.168047526428758e-05,6.962637021834508e-05,0.0001910676887691,4.478998306020635e-05,3.0112326682930096e-05,0.0001813850756424,2.778409886390343e-05,3.173081906922461e-05,3.311452345412219e-05,6.086321371116497e-05,9.187346454670535e-06,2.805703854208993e-05,0.0001469940030653,5.4947933773158664e-05,0.0002015225977704,8.486056516226521e-06,4.532261168302813e-05,0.0001799816637894,0.0002393857193133,7.556767407949322e-05,0.000167835538871,0.00011491886226,0.0001196455595984,0.0001132854147834,0.000191473440183,0.0001751049082505,0.0001564380733067,-3.8256054848121495e-05,0.0003739526598066,4.6772989873284474e-05,0.000148693967976,-0.0005834435654566,0.0006570141123382,-0.0008324645932201,0.0012439272697339,0.0022865246775573,0.0002512089669231,0.0030954996446596,-1.3615762904368254e-05,0.0032375197084078,-0.0006534573741275,0.002538634745108,-5.8954005686877115e-05,-0.0001400923753526,0.0001474500217942,-0.0001330030305502,0.0003938573608575,-0.0002097333340926,-0.0001099735143463,-0.0001190973311944,-0.0001215775660151,-0.0001154629631233,0.0001530659573847,-9.929465315619948e-06,-4.581093498298444e-06,-8.006031728103417e-06,2.7029160782719675e-06,-4.684763593270788e-06,-5.860068329197915e-06,-7.939799196624859e-06,-1.7201593795403437e-06,-1.8572922999062995e-06,-2.2318701538025987e-06,-2.0524411974881444e-05,-3.063461288232091e-06,-8.222567372253595e-06,-8.207612425405412e-06,5.635209531744341e-07,-1.286862279250992e-06,-4.021592844886532e-06,-2.4941397607538535e-05,-2.5264431752402424e-06,-7.98705190768078e-06,-1.10813656079954e-05,-6.423446431030216e-06,-8.328650028979752e-06,-8.761055635248087e-06,-3.9925441104815175e-06,-2.0524461889443418e-07,-7.04807718752559e-06,-1.8768670336084384e-05,-2.111746006738891e-06,-2.5268399430694625e-05,-9.404504178060937e-08,-7.722628033989206e-06,-8.125001003844835e-06,-5.35818948046553e-07,3.225266681537545e-06,2.764240479470385e-06,2.393991002421686e-07,-3.029672662429508e-07,3.6853601541258183e-06,2.7596929092229255e-06,-9.063117201583842e-09,-3.754241764444586e-07,1.1677846056459773e-07,-1.3540392766882552e-06,4.5257650161967815e-08,2.895443071892462e-06,2.7552098718240714e-06,2.2826495720376016e-08,4.77084110129775e-07,-4.06329815716902e-07,-1.290776286243291e-06,8.81980666803899e-08,2.9555839094996513e-06,4.603005547104677e-06,2.802422185934773e-06,2.856025762581858e-06,1.4967403728861467e-06,-3.230699106098845e-07,1.099436753063205e-07,1.8960291335694643e-06,-1.7296046606996798e-06,-3.937388005515759e-07,-3.938278807816255e-07,8.641379017012854e-08,3.980437067334554e-07,3.580843266751624e-06,3.66765734869738e-06,movement,no movement,no movement,no movement
6666.666666666699,0.0500451295887508,0.3056838809070956,-0.2895233303,0.0576298907149803,0.3227586308175985,-0.2809112649333333,0.0601541672406781,0.3231423114055001,-0.2702535612333333,0.0586711423319347,0.32272567227405,-0.2738915965666666,0.0423496074665741,0.3327376594971242,-0.3107482632000001,0.0440314487314254,0.3307274718563281,-0.3239124798333334,0.0482918154069333,0.3212924719201815,-0.3035593063,0.0616595266409504,0.3302459466063271,-0.1646802504333334,-0.0394913261518832,0.2982623228556335,-0.2372286215333333,0.059784675606288,0.3030022144022433,-0.2288066139333332,0.0344128316429886,0.2769132780726383,-0.2788537674999999,0.1021046637340026,0.2220949344298796,-0.0143569493558666,-0.1272684816721913,0.268122699758405,-0.0680444590666666,0.1344723719981814,0.0679971318529141,-0.0510324474933333,-0.173683686725678,0.0225176793202904,-0.0852020139666666,0.1351446127864083,0.0935038721997997,-0.1587672969666666,-0.1275244043677846,-0.1144262381299051,-0.1240801239666666,0.1228593178259406,0.1081671884211833,-0.1748516638333333,-0.0901519914195443,-0.1392187899402308,-0.1651801659333333,0.1133624051230827,0.1317286845786224,-0.1822158659666666,-0.0584748930386242,-0.1026668826443715,-0.1776554659666666,0.1360983416803659,0.0921808757581863,-0.1645544412666666,-0.1100907469104155,-0.1064389264270589,-0.114214137,0.0709845243652727,-0.1598669707386009,0.0648304677066666,-0.0684176852817618,-0.1702049916073695,-0.0642928657566666,0.1009601761365188,-0.4898548014187536,0.0555968067766666,-0.0248530436258795,-0.428792507949474,-0.0837263080133333,0.0958432187598276,-0.7621584590545588,0.2298100719999999,-0.0668820049117956,-0.7606016652601577,0.0772944084266666,0.0791968789732194,-0.7900721389282472,0.2519635061666666,-0.0701067493220758,-0.7887485596860331,0.05319247802,0.1297098270643021,-0.8152752921925036,0.2210371672999999,-0.0438742087206217,-0.816356674467927,-0.0307429127733333,nijmegen_nijmegen_rennen_g_ch1_g11_compr.mp4,ch1g11,4.429734401441197e-05,0.0001410391045007,2.457021552963764e-05,7.734691122359375e-05,5.725688832367203e-05,0.0001460658933289,2.458876295030324e-05,4.654440059199074e-05,7.538548915904016e-05,3.631962756815694e-05,0.0001407605678837,4.2992398489803896e-05,2.5002982039437276e-05,2.502280483692062e-05,9.644671094191884e-05,5.933127472731447e-05,6.565829319618195e-05,0.0001660814540413,4.2155176396459816e-05,2.4158197835118904e-05,0.0001734610402864,2.3308924361509117e-05,2.5322929663666723e-05,2.5055266100948676e-05,5.7203760550199114e-05,9.073069766991588e-06,2.223066011638357e-05,0.0001282048605522,5.322787412457717e-05,0.000176295751696,8.466409218818414e-06,3.789118088512661e-05,0.0001745275694331,0.000227185008297,7.105863155241002e-05,0.0001626930895039,0.0001253530514049,0.0001318231935848,0.0001266991766685,0.0001866191879287,0.0001718939389689,0.000151114640954,3.572266918214306e-05,0.0003687638705719,7.562428576039062e-05,0.0001524608443455,-0.0004856024783414,0.0006690106653408,-0.000745442350556,0.001296094063071,0.0019858151628802,0.0006170704191048,0.0026980025173805,0.0004156324534102,0.0028420400491679,-0.000157539591297,0.0022183002583637,0.000349192256378,-0.0001420397682331,0.0001498519251611,-0.0001346869021202,0.0003239190095696,-0.0002170854013331,-0.0001206346845454,-0.0001262575172661,-0.0001301586907801,-7.971975439979814e-05,0.00015813312001,-1.0203923099372205e-05,-1.652009605456431e-06,-4.906468155806554e-06,2.8137708682542004e-06,-5.039738353745892e-06,-2.54184651530904e-06,-4.841556150888434e-06,-1.6476951105909204e-06,-2.0821439084981337e-06,-1.871031607412077e-06,-2.1540135150552977e-05,-3.071900177315856e-06,-5.001526413668347e-06,-5.119951679558929e-06,9.325812628179556e-07,-8.184734019107315e-07,-4.5505761768010756e-06,-2.5722196049038744e-05,-2.445056101526813e-06,-4.695982056595988e-06,-6.948457814041737e-06,-3.340053900753605e-06,-5.148658679723742e-06,-7.0537845894173315e-06,-4.384411340496388e-06,-1.0450117492610537e-07,-4.952647485577126e-06,-2.0295850390549938e-05,-2.467127043171908e-06,-2.5018100217933463e-05,-1.5979975968107446e-08,-7.188254436857992e-06,-5.07717512284678e-06,1.6892422128636465e-07,2.423553355274092e-06,2.993584497668907e-06,-9.878022536934208e-08,-4.632689937267134e-07,2.779790632332569e-06,2.992284918311721e-06,-8.443715445814018e-08,-1.5717667077593244e-07,3.384682415467474e-07,-5.501397065929573e-07,1.0909869588655476e-08,3.1147242008175614e-06,2.997957913123748e-06,2.119915270776708e-07,3.567901062869322e-07,-5.511139759349618e-07,-1.8249600502772668e-07,7.363853525279956e-08,3.163038901997583e-06,3.654288678557391e-06,2.920299513196602e-06,3.0962891796613283e-06,1.966096740657616e-06,-5.720315136398461e-07,8.751933775327837e-08,2.179209554894357e-06,-9.2151496423315e-07,-3.77439295651729e-07,5.353240866382777e-07,6.448789324687389e-08,7.183307971704731e-07,2.6445237419054366e-06,2.603362947351497e-06,movement,no movement,no movement,no movement
6683.333333333366,0.0499990662863941,0.3058659328408458,-0.2885852743666666,0.0576410010573897,0.3229090217075787,-0.2800812027333332,0.0601818258143984,0.3232990594975786,-0.2694323741333333,0.0586897784354198,0.3228787890955704,-0.2730379795666666,0.0423796058702339,0.3329323468781966,-0.3097417791666668,0.044055380847229,0.33091180856838,-0.3228846851666667,0.0482951212862429,0.3214566077410329,-0.3025569479,0.0622602822143812,0.3303059913345873,-0.1641097018666667,-0.0390799121538366,0.2986218729910461,-0.2358725582333333,0.0600046232135753,0.303106708757611,-0.2279645796333332,0.0345281311402732,0.2770830715305016,-0.2778072202,0.1032684829237955,0.2216234892579745,-0.0142622097592,-0.1267543498843498,0.2687701294742876,-0.0662053819666666,0.1360050570470201,0.0672427704749199,-0.0521666491299999,-0.173668746339677,0.0238174529130228,-0.0837835173033333,0.1358455944844377,0.0952136231621046,-0.1599956985,-0.1296737200774194,-0.1136457778429608,-0.123262236,0.1232560951195465,0.1105140380383881,-0.1760382875333333,-0.0929593817257888,-0.1386207056637183,-0.1641755410666666,0.1137195019891515,0.1342773985883062,-0.1832223862666666,-0.0613382260591457,-0.1025663710405477,-0.1767105431,0.1366919639848851,0.0941304106558415,-0.1656523374666666,-0.1124072346544544,-0.1058993819453176,-0.116302669,0.0709778461409281,-0.1600059015533388,0.0646351367066666,-0.0683968409072255,-0.170057753265984,-0.0641120890933333,0.1002175149852837,-0.489937357362199,0.0547675760333333,-0.0253706448848251,-0.428489456221517,-0.08403983217,0.0950251239121319,-0.7623349825986462,0.2298060720333333,-0.0675303155726397,-0.7607156460671741,0.0760035394599999,0.0783655616439216,-0.7901688570947535,0.2520273933999999,-0.0707591760525522,-0.7888699051340481,0.05176424369,0.1286562048825255,-0.8153272496545215,0.2211890349666666,-0.0448792885557936,-0.8162109206580048,-0.0323748454499999,nijmegen_nijmegen_rennen_g_ch1_g11_compr.mp4,ch1g11,3.369418016244007e-05,0.000141869160688,2.129756064787947e-05,8.00652457110525e-05,5.159170049855389e-05,0.0001461591373945,2.1383499867121276e-05,4.4993974978802846e-05,7.261806899777459e-05,3.453933186449589e-05,0.0001195482880288,4.039423128992288e-05,2.1741109848340365e-05,2.154051889978589e-05,9.675262634412112e-05,5.913071442395208e-05,6.040148379277027e-05,0.0001405771388251,4.0153201231837976e-05,2.1218672610598456e-05,0.0001694717050886,2.1534837856513655e-05,2.1905705183241022e-05,1.884194391444637e-05,5.240272956277658e-05,9.097085690916398e-06,1.8330523815944263e-05,0.0001077128043447,5.041813273365766e-05,0.0001524059967179,8.561079975772117e-06,3.0778848184839674e-05,0.0001722209974051,0.0002179459135872,6.601761609444841e-05,0.0001504174599696,0.0001271079928941,0.0001346688451577,0.0001303690431062,0.0001681810822835,0.000156566366923,0.0001350596199454,9.65371088995154e-05,0.0003495409719665,9.417130611912402e-05,0.0001469805327522,-0.0003912275786123,0.0006701665573919,-0.0006792279139835,0.0013380270248626,0.0016814498789582,0.0009466909441494,0.0023023647320205,0.0008078244840259,0.0024757741867751,0.0003284766632609,0.0019028502394484,0.0007267084296681,-0.0001429766156251,0.0001510988917404,-0.0001195597524959,0.0002594965610623,-0.000197372994884,-0.0001212096227448,-0.0001114279834235,-0.0001279006405864,-1.645651789758549e-05,0.0001660975945118,-9.573415975607265e-06,5.352378102860365e-07,-1.4755322740870691e-06,2.6401959101693316e-06,-5.379609744013679e-06,-6.160068311555812e-08,-1.4024781886502968e-06,-1.6652153485116023e-06,-2.143374673004009e-06,-1.4105189322024967e-06,-2.1549651777952004e-05,-2.929938024278679e-06,-1.493873357160694e-06,-1.6804840313803036e-06,1.1372492628447414e-06,-5.066071557653949e-07,-5.0651558431511965e-06,-2.5101058875015542e-05,-2.229949756018325e-06,-1.1285947468577128e-06,-3.70963156108734e-06,-1.0048986108276769e-07,-1.6612932034749893e-06,-4.6829318057393875e-06,-4.8660974234262265e-06,-2.6257289832161346e-08,-2.4444692132978173e-06,-2.070929012772785e-05,-2.7461832615067936e-06,-2.375002981287428e-05,4.015155698388843e-08,-6.311162460766235e-06,-2.7678090026168736e-06,8.524708934482426e-07,1.4620295637674592e-06,2.990779094007588e-06,-4.877418339499374e-07,-4.4578176904577956e-07,1.7061622209309617e-06,2.9922054291240933e-06,-1.8335769198608967e-07,2.332153119706148e-09,4.411718254012315e-07,4.251815573983067e-07,2.5281235300769526e-09,3.108476653431138e-06,3.00679158794404e-06,2.372027998526003e-07,1.030270005478845e-07,-5.395460882719051e-07,1.0550125764054884e-06,6.518422507563498e-08,3.1391934891818397e-06,2.501934481713387e-06,2.855811635448081e-06,3.1106897523510352e-06,2.315335659482658e-06,-6.490917730859244e-07,5.995860541333107e-08,2.3442158335556605e-06,1.3124458214115338e-07,-2.9172120096534834e-07,1.4280573808618642e-06,3.884247081290073e-08,1.0483492791540396e-06,1.58187312565836e-06,1.564900268552036e-06,movement,no movement,no movement,no movement
6700.000000000033,0.0497761357441836,0.30606084739899,-0.2863597024999999,0.0574420669343007,0.323103468765909,-0.2779578409333333,0.0599994955790696,0.3235076498613556,-0.2673238280333333,0.0585024754359452,0.3230828839438006,-0.2709081208333333,0.0422184041851463,0.3331532665553501,-0.3074437399666667,0.0438792757994302,0.3311224960532495,-0.3205516223,0.048103573411658,0.3216423288358034,-0.3002715230333334,0.0625654703706428,0.330539577693839,-0.1623813082333333,-0.0388693576004181,0.2990137794823042,-0.2334209983333332,0.060048881355764,0.3032907788279626,-0.2259123127333332,0.034473216203403,0.2772845227457174,-0.2755218569333333,0.1043685433743732,0.2213464047309476,-0.0134703897425333,-0.126382221275393,0.2694612736815536,-0.0635813443533333,0.13753418610912,0.0666563922081568,-0.0523917982233333,-0.173688378956795,0.0252091100757415,-0.08174717057,0.1361756319542412,0.0968554667938357,-0.1599368766666666,-0.1316751171585978,-0.1124201044178311,-0.1221358413333333,0.1232360596539063,0.1127190062950965,-0.1759058087666666,-0.0954853021093058,-0.1375153607170923,-0.1627776348333333,0.1136503530555163,0.136695006600048,-0.1828871006999999,-0.0639795162038326,-0.101848203311441,-0.1755376811333333,0.1369076605501961,0.096014004467266,-0.1654670991666666,-0.1145732473651748,-0.1048363216691803,-0.122290276,0.0709821566063065,-0.1601466180005722,0.06439517002,-0.0683870486778896,-0.169909148624081,-0.0638859874433333,0.0994848724368029,-0.490009068817852,0.0537706150866666,-0.0258935695769635,-0.4282394961286843,-0.0842864939266666,0.0942248806088946,-0.7625057538348002,0.2297614097333333,-0.0681518300047058,-0.7608297322328739,0.0746808957533333,0.0775618833438251,-0.7902594122892056,0.2520325491999999,-0.0713758470451494,-0.7889959057788438,0.05026642566,0.1277464031857385,-0.8152420739114937,0.2213122457333333,-0.0458956704530382,-0.8159960487902034,-0.0340884348399999,nijmegen_nijmegen_rennen_g_ch1_g11_compr.mp4,ch1g11,2.437183604151934e-05,0.0001430709560235,2.1358000131555704e-05,8.247479322841656e-05,4.5201404146104606e-05,0.0001467062289053,2.1492557095922128e-05,4.29675342476776e-05,7.10364377277148e-05,3.3598599673653676e-05,9.833381290303529e-05,3.688487729696889e-05,2.185344641825959e-05,2.14082505341312e-05,9.896742477782544e-05,5.966217894049221e-05,5.465499644893116e-05,0.00011578880204,3.7474232546816954e-05,2.170717036838965e-05,0.0001664050921479,2.2696732928377817e-05,2.184337078336984e-05,1.5187198617597398e-05,4.663003245025885e-05,9.0771264114884e-06,1.69116124048669e-05,8.665935372316468e-05,4.6467518094233335e-05,0.0001304599126851,8.597374333932997e-06,2.4733162532702603e-05,0.0001701391838065,0.000211129781723,5.982205305140495e-05,0.0001300268804096,0.0001186373183664,0.0001262831831877,0.0001225169862098,0.0001350059083384,0.000128188727242,0.0001074322968201,0.0001414422114868,0.0003119517049221,9.890802303215292e-05,0.0001305231303201,-0.000305815698158,0.0006523317702633,-0.0006323386757123,0.0013726641123313,0.001411979792257,0.0012640142153304,0.0019585101530895,0.0011957969956583,0.0021788792269876,0.0008358516556257,0.0016265991357599,0.0011002128404356,-0.0001408943741127,0.0001491309811672,-9.810155589558603e-05,0.0002094370884305,-0.0001409608867832,-9.635244718942412e-05,-5.932857005616467e-05,-9.761509096595004e-05,7.386458440907251e-05,0.0001968936916514,-8.225997106415438e-06,1.6312857335151809e-06,1.6169713561375918e-06,1.961579642632895e-06,-5.7010862060615485e-06,1.2283289346743116e-06,1.690467330558601e-06,-1.884012506638614e-06,-1.998028215326529e-06,-9.816985246928295e-07,-2.0797317548049065e-05,-2.7698993184316253e-06,1.7263801097644636e-06,1.4328011697211037e-06,1.3827026430307412e-06,-5.501051307366514e-07,-5.388792994827666e-06,-2.3537689207267004e-05,-2.0220958695279173e-06,2.117664938061098e-06,-1.5680149171459684e-06,2.8174654101686563e-06,1.5762580207174418e-06,-2.0425298144570012e-06,-5.438679083719684e-06,3.1689838190859786e-08,1.1183880336184849e-07,-2.0180924148482644e-05,-2.949492964614584e-06,-2.1987211266125967e-05,7.679788052418897e-08,-5.137819116750451e-06,-1.452444834381032e-06,1.4010442140324196e-06,4.882493724271434e-07,2.747649301146914e-06,-8.876761135688014e-07,-2.847832667366917e-07,6.342230445671907e-07,2.7515416524863864e-06,-2.870958615167102e-07,6.922724313045919e-08,4.141303488231888e-07,1.463494586145018e-06,4.1031351037504906e-08,2.868383680029261e-06,2.7728376686282276e-06,8.326002266183817e-08,-2.3132926519431897e-07,-4.024384879977139e-07,2.270586713354303e-06,7.830788280598223e-08,2.87717802502171e-06,1.3340683153486311e-06,2.605715389154308e-06,2.8899847045514924e-06,2.4772939738109053e-06,-5.650981115785429e-07,3.5483411815347155e-08,2.3470082575264686e-06,1.2962061005534944e-06,-1.553526556712477e-07,2.195947053638452e-06,1.7192281685605593e-08,1.332577962603895e-06,5.56590962356838e-07,1.6472518990008347e-06,movement,no movement,no movement,no movement
6716.6666666667,0.0493555709813374,0.3062035098498237,-0.2844878901333333,0.0570600467053487,0.3232466414952197,-0.2761889926333333,0.0596296622428573,0.323663351077522,-0.2655690732333334,0.0581285266487204,0.3232345571442339,-0.2691309030666666,0.0418579062358392,0.3333153134573445,-0.3055092056333334,0.0435096043179059,0.3312767684510167,-0.3185908460333333,0.047716418693672,0.3217718801096486,-0.2983479581333333,0.0627685912655305,0.3307590997873693,-0.1609195410666666,-0.0387558416999831,0.2993622355278851,-0.2312651405666666,0.0599294304474299,0.3034260320916493,-0.2241724486666666,0.0342599865833519,0.2774347276078888,-0.2735660934333334,0.1054784227847375,0.2211478374714884,-0.0126964390158666,-0.126049394907392,0.2701406548611047,-0.06114039332,0.1391054931656966,0.0661465098135595,-0.0528118890299999,-0.1737205470202414,0.0265911124890877,-0.0797934538566666,0.1364632366907753,0.0981834586454979,-0.1599709292666667,-0.1335394637475108,-0.1110482613377182,-0.1215632051,0.1231537621223085,0.1144889007715094,-0.1759397576,-0.0977840959437038,-0.136160640187724,-0.1621908599,0.1135020070629668,0.1386980339100782,-0.1826858530666666,-0.0663739146863507,-0.1007470516956406,-0.1750126388666666,0.137067176164949,0.0975520343911016,-0.1654244445999999,-0.1165801245063446,-0.1035700184174058,-0.120624125,0.0710006466188616,-0.1602881693525413,0.0641102888766666,-0.0683935032380392,-0.1697596513240375,-0.06360988184,0.0987913362422162,-0.4900920503109565,0.0527248284966666,-0.0263984350202873,-0.4280449642863022,-0.0844575475866666,0.0934594849870102,-0.7626702781157402,0.2297434965666666,-0.068787989572669,-0.7609110429278199,0.0737188079933333,0.0768012103924656,-0.7903434950360066,0.2521104882333332,-0.0720014738461758,-0.7890786535220417,0.0491766871033333,0.1269068343604523,-0.815175044772471,0.2214228535666666,-0.0468592231231794,-0.8157751916930698,-0.0354613380533333,nijmegen_nijmegen_rennen_g_ch1_g11_compr.mp4,ch1g11,1.680067308054605e-05,0.0001452081147134,2.4287454448724447e-05,8.411563906117021e-05,3.931426475684955e-05,0.0001487053363376,2.4454420219572376e-05,4.109103790557585e-05,6.918278786181723e-05,3.294541134370096e-05,7.712123724079706e-05,3.4138475956931396e-05,2.4922423142052897e-05,2.414207820472007e-05,0.000101410797491,5.9950044648045434e-05,4.912226161063466e-05,9.21002011868373e-05,3.54773479439706e-05,2.5176123999909666e-05,0.0001662570556214,2.6636698529876845e-05,2.4787849087391392e-05,1.4192809510698607e-05,4.093251332636304e-05,9.169785415614348e-06,1.803975045439798e-05,6.587246928643048e-05,4.3270772290326664e-05,0.0001086577641766,8.723935401749874e-06,2.015484438490486e-05,0.0001692851831609,0.0002068433450004,5.4167452075489414e-05,0.0001048710293528,0.0001052846090291,0.0001129794684444,0.00010975333484,0.0001000238240829,9.730097358214888e-05,7.777638958931983e-05,0.0001801209101358,0.0002784437444255,9.632564167947949e-05,0.0001101226175906,-0.0002298247615496,0.0006436643299584,-0.000595791001108,0.001394081353276,0.0011440529627991,0.0015193301862454,0.0016126248285588,0.0015185016042291,0.001867274811912,0.0012670162786622,0.0013485018728545,0.0014124459021501,-0.0001380111541376,0.0001463211733094,-8.4165453061744e-05,0.0001624854630176,-0.0001096975021606,-9.766409476309968e-05,-3.208087922204477e-05,-9.554401701060448e-05,0.0001425188753764,0.0002070901023004,-6.456075247238374e-06,1.6628471367636407e-06,4.176538892488221e-06,8.457617343251489e-07,-6.061747465740601e-06,1.3257069326210456e-06,4.250322413328402e-06,-2.282703321190167e-06,-1.8500650619295692e-06,-5.45957388889029e-07,-1.8876610497052275e-05,-2.6272109536034896e-06,4.416425365222254e-06,4.022601931660634e-06,1.3913342347742076e-06,-8.110038903967992e-07,-5.717207175024299e-06,-2.0611521462761067e-05,-1.8618279298119517e-06,4.79783555086297e-06,-7.789809755469027e-07,5.214030940126263e-06,4.30721936532968e-06,6.327421790022265e-07,-6.1183071675519815e-06,5.8301625388447144e-08,2.501733563963463e-06,-1.835619728064482e-05,-3.1202304605483685e-06,-1.9310558470514215e-05,8.514478383781158e-08,-3.722253787439782e-06,-1.3128095978278766e-06,1.754308413986863e-06,-4.327786010638006e-07,2.3049737491108147e-06,-1.24313498286197e-06,-4.631026392267401e-08,-3.7069218700257396e-07,2.3109059477716917e-06,-3.9512337932395737e-07,8.239496614645778e-08,2.958043231452413e-07,2.482548166165355e-06,6.026808442084201e-08,2.4292516774485354e-06,2.3375421510583125e-06,-1.9188130908618076e-07,-5.703607111329965e-07,-1.739890982926647e-07,3.350946497323626e-06,5.8100329772385283e-08,2.414419535669041e-06,1.8807620639094586e-07,2.192543999218125e-06,2.46444821880884e-06,2.424781504452476e-06,-3.664262844394302e-07,1.0602240467774377e-08,2.1733124337434418e-06,2.4464158895775044e-06,-4.8018418078030675e-08,2.8598365943296547e-06,-3.565594360364117e-09,1.5266288522725188e-06,-3.795278159634843e-07,2.7846814978930513e-06,movement,no movement,no movement,no movement
6733.333333333367,0.0487876217323226,0.3063006083017998,-0.2831625917666666,0.0565331710184028,0.3233452441598822,-0.2749852460333333,0.0591145315746097,0.3237694421347583,-0.2643796089,0.057609409845852,0.3233378004791585,-0.2679128692333333,0.0413492008924328,0.333418988058638,-0.3040848920666667,0.0429933187555504,0.3313754833509842,-0.3171530319666667,0.047182098113618,0.3218485734982762,-0.2969355376333333,0.0628797084898183,0.3309505641317122,-0.1600121001666666,-0.0387251812571553,0.2996658238808942,-0.2294338037666666,0.0596891633976395,0.3035182942624713,-0.2229852523,0.0339260814114772,0.2775474030719119,-0.272107989,0.1066066607592363,0.2209487056110019,-0.0123102784025333,-0.1257300497007253,0.2708169216214101,-0.0588547827,0.1407000941571963,0.0655982017125401,-0.0537983990499999,-0.1737863773900997,0.0279773457923183,-0.0778567670599999,0.1366985707890224,0.09918323977846,-0.1609942143666667,-0.1352729588563387,-0.1094765632388677,-0.1210316275333333,0.1229904209793364,0.115930739267021,-0.1770690883,-0.0998719756546912,-0.1345462619270196,-0.1616980536666666,0.1132800738711829,0.1403969897637061,-0.1836093316666666,-0.0685194533272371,-0.099328231622786,-0.1745622050666666,0.1371739293662976,0.0987600676077593,-0.1663729432333333,-0.1184245485663931,-0.1020672676760362,-0.120919481,0.0710309241360386,-0.1604303307765781,0.0637897021899999,-0.0684131327592966,-0.1696094786220863,-0.0632974951399999,0.0981042268168373,-0.4901947701664997,0.0519888262433333,-0.0269060663734553,-0.4278999487328203,-0.0842856314166666,0.0927787801268073,-0.762811431079049,0.2302085936,-0.0693643305289526,-0.7610030746627694,0.0729789981233333,0.0761477595755884,-0.7904010525260683,0.2526921182999999,-0.0725466142355113,-0.7891629024952946,0.0482962768266666,0.1261771615736072,-0.8149977701852931,0.2219630340999999,-0.0477259167886291,-0.8155495691522715,-0.0367401383033333,nijmegen_nijmegen_rennen_g_ch1_g11_compr.mp4,ch1g11,1.1524603136528192e-05,0.0001455673580277,2.9915678961567796e-05,8.41797654667762e-05,3.2900800320513874e-05,0.000148845742919,3.0172830879280348e-05,3.874805479284227e-05,6.803556732875687e-05,3.3028673730078545e-05,5.8683151779174394e-05,3.182148163721601e-05,3.063516695967041e-05,2.9631616702379113e-05,0.0001041913433253,5.97686081375001e-05,4.3175204059587945e-05,7.265845131234052e-05,3.398701840070097e-05,3.131795754989495e-05,0.0001643074597365,3.300024816551582e-05,3.04163975622042e-05,1.6080486059666052e-05,3.4205376043761514e-05,9.145916756017287e-06,2.1537204792537197e-05,4.7979275601402264e-05,3.978644946288347e-05,9.060465858263691e-05,8.737385776030688e-06,1.7039871748604964e-05,0.0001662807715427,0.0002035532744723,4.821955174060331e-05,7.263647964507487e-05,8.297556790206471e-05,8.985416715476201e-05,8.732531788663036e-05,5.892272697245747e-05,5.99425006900418e-05,4.280949946536946e-05,0.0002008802381713,0.0002396576813466,8.110844877394235e-05,8.234285064495327e-05,-0.0001690347129728,0.0006236941674638,-0.0005727804985525,0.0013930955482675,0.0008863731247097,0.0017372511142465,0.0012853922178643,0.0018096159741068,0.0015748022727867,0.0016719857254825,0.0010787913789658,0.0016861716560516,-0.0001328268368334,0.000141119013522,-6.998584665851659e-05,0.0001300567560428,-5.633281462519853e-05,-9.755750415137696e-05,1.746888710191136e-05,-9.130199002281056e-05,0.0002179451502928,0.0002132060958872,-4.486791576112443e-06,6.991171079007549e-07,6.092070374745775e-06,-5.768134857128263e-07,-6.263295866320056e-06,3.8021914833766003e-07,6.164086315030774e-06,-2.8141096829404662e-06,-1.7525128841838569e-06,-3.1130474229347e-07,-1.5985676792137185e-05,-2.559131791620635e-06,6.475349403503862e-06,5.972825025625442e-06,1.112448326647635e-06,-1.3998222493948678e-06,-5.9366094702371556e-06,-1.680750687251295e-05,-1.8379135170986224e-06,6.81910914190889e-06,-1.1543783081524066e-06,7.032248553996311e-06,6.418730325451036e-06,3.0418822080798094e-06,-6.695729542739781e-06,6.231083903840387e-08,4.5488234280010125e-06,-1.5390152083881e-05,-3.1925219301167627e-06,-1.62442067351672e-05,7.519333318408095e-08,-2.096786769119357e-06,-2.194121724036352e-06,1.8752719428288412e-06,-1.142428101981173e-06,1.710467129123178e-06,-1.477991190636887e-06,2.690059585344178e-07,-1.1264170994865194e-06,1.715795243195373e-06,-4.632092209753356e-07,3.3021176143419915e-08,1.0895720818097677e-07,3.318524343011564e-06,5.6185898092267813e-08,1.8381199863873112e-06,1.7467907345236813e-06,-5.441158514520042e-07,-8.638447294615653e-07,1.3486685127118273e-07,4.123552511203358e-06,2.468014548123341e-09,1.8004975853592796e-06,-7.041997537528363e-07,1.6524704934851892e-06,1.8798688160538757e-06,2.146571972242284e-06,-4.1724015069561646e-08,-7.566820832013931e-09,1.829718132363954e-06,3.3972200083453823e-06,4.1105690446147266e-08,3.302858180322838e-06,-1.7149421424426242e-08,1.607306910724753e-06,-1.0556145990045789e-06,3.9149413498416665e-06,movement,no movement,no movement,no movement
6750.000000000034,0.0481113634034736,0.3063314923977757,-0.2820638715333333,0.05589858645919,0.3233877678357842,-0.2740015151,0.0584905654832684,0.3238146752824954,-0.2634092810333333,0.0569801523707938,0.3233817216834498,-0.2669163233,0.0407120367411625,0.333437259739832,-0.3028792212333333,0.0423476171098677,0.3313936348708072,-0.3159402920333333,0.0465197700502634,0.3218500006872751,-0.2957417360666666,0.062913542402465,0.3311418194157059,-0.1592941800999999,-0.0388304172768955,0.2998912686237364,-0.2277562032333333,0.0593554667669151,0.3035700508939926,-0.2220098545666666,0.0334871416579318,0.2776013720700787,-0.2708725327333333,0.1077279828682548,0.2208058234120574,-0.0120171709492,-0.125506807410042,0.2714623750679951,-0.0566534938966666,0.1423224232895258,0.065027775799859,-0.0549856595,-0.1739012664359143,0.0293551745104939,-0.0759886565299999,0.1368986125177074,0.099939766187639,-0.1624703417666667,-0.1369316966079332,-0.1075932329042403,-0.1209305266333333,0.1227661684052063,0.1170714338966756,-0.1787593618,-0.1018575642191742,-0.1325751889616587,-0.1618003193333333,0.1129591504383906,0.1418582415424793,-0.1850975240333333,-0.0705252951253354,-0.097457936347296,-0.1747097171333333,0.1372214884692161,0.099708826278331,-0.1677614001333333,-0.1201722544544121,-0.1002159985244778,-0.120255128,0.0710776272486761,-0.1605690344556699,0.0634363836133333,-0.0684524341910755,-0.169462875835485,-0.0629471960333333,0.09743385616595,-0.4902595927108203,0.0515880828566666,-0.0274425432936384,-0.4277717662104973,-0.0839078407866666,0.0921118529235674,-0.7628793079481215,0.2313186431666666,-0.0699434136804011,-0.7611031377120105,0.07235344489,0.0755125687496483,-0.7903962376756714,0.2539472276999999,-0.0730925582340494,-0.7892539679682238,0.04752640287,0.1255020232144649,-0.8147468948389559,0.2231412718999999,-0.0486938134124683,-0.8153623843036538,-0.0379670368966666,nijmegen_nijmegen_rennen_g_ch1_g11_compr.mp4,ch1g11,8.392425179803346e-06,0.0001457911069986,3.710689976067227e-05,8.305803260106368e-05,2.7002379577953047e-05,0.0001486913663473,3.74605736927828e-05,3.589598782354262e-05,6.657992104108914e-05,3.3091751529603305e-05,4.386279633127776e-05,2.968244177907433e-05,3.815827510802531e-05,3.671357908429838e-05,0.0001052863188429,5.788048049997973e-05,3.763214645272785e-05,5.792089571406014e-05,3.25170605461024e-05,3.919072191192125e-05,0.0001632511521015,4.099510424578681e-05,3.7899703856730106e-05,2.0339325959521164e-05,2.7566496577237697e-05,9.205827007333369e-06,2.7074917744225266e-05,3.3665484952841804e-05,3.68218870684321e-05,7.596300754345938e-05,8.803053364131777e-06,1.573316876457188e-05,0.0001633371835798,0.0002009284884531,4.262946117536259e-05,2.8738461755431914e-05,4.8013765320230315e-05,5.3134200616076496e-05,5.1935712824781525e-05,1.0600377446952584e-05,1.4196141884210906e-05,4.342325533352922e-07,0.0001997417319275,0.0001965770309685,5.095783673549872e-05,4.477864827721138e-05,-0.0001246125768129,0.0005993517406682,-0.000563322429044,0.0013727935637013,0.0006204671776112,0.0018612460903305,0.0009550926066328,0.0019793556379624,0.0012637705902522,0.0019315882132581,0.0007976097470863,0.0018506078498232,-0.0001269893896728,0.0001353175347499,-5.807254025921595e-05,0.0001073277246562,-5.912654392405373e-06,-0.0001037726846383,6.619925510609511e-05,-9.410294414085685e-05,0.0002804800838153,0.0002067910887872,-2.5713432053679297e-06,-1.0033937374569108e-06,7.328835121993039e-06,-2.143222600342245e-06,-5.960659808796182e-06,-1.323654354232819e-06,7.408135132095064e-06,-3.3813837858560304e-06,-1.726012342151145e-06,-2.899588380969521e-07,-1.2422313910635542e-05,-2.585704951433346e-06,7.829208301666428e-06,7.25020100193816e-06,4.562090748200039e-07,-2.4257721138696666e-06,-5.638024422507027e-06,-1.246536583011452e-05,-1.9379057734046444e-06,8.118007437480083e-06,-2.453359638631084e-06,8.24556366161093e-06,7.82750748343487e-06,4.989775595350464e-06,-6.749668049384219e-06,3.9750471904936315e-08,6.109789998573462e-06,-1.1648417555740827e-05,-3.1495079612506303e-06,-1.3011560837926562e-05,4.4633603830087706e-08,-3.900502832800645e-07,-3.7380370242759e-06,1.7817091403576763e-06,-1.6474918684503611e-06,1.0596465105593326e-06,-1.575240732164436e-06,5.997987946360617e-07,-1.640549498147208e-06,1.063555823494354e-06,-4.66510951145398e-07,-2.378171530760854e-08,-8.183232216760343e-08,3.883147582338775e-06,5.159906858210273e-08,1.1762739813481088e-06,1.0966682645608727e-06,-8.615091184756463e-07,-1.0252322042330392e-06,4.705818311189907e-07,4.521249557744465e-06,-5.582438456850854e-08,1.1228301934463256e-06,-1.3684354131809317e-06,1.0540522347597298e-06,1.2177452798197069e-06,1.6875421073214449e-06,3.457203799860733e-07,-2.1717542665738243e-08,1.3552614451519664e-06,4.043103527171956e-06,9.136531494934841e-08,3.5345801210876406e-06,-2.5785261644519522e-08,1.5558499910544405e-06,-1.505105648123593e-06,4.720645815301865e-06,movement,no movement,no movement,no movement
6766.666666666701,0.0472644957290607,0.3062554788557287,-0.2813715318,0.0551099936141972,0.3233356523495501,-0.2734289533666666,0.0577160635543586,0.323763027296075,-0.2628516152333333,0.0561982608986771,0.323330613608499,-0.2663260863,0.0399017757824324,0.3333255274776722,-0.3019888231999999,0.0415346615731264,0.3312894154146093,-0.3150550468333333,0.0456848984768567,0.3217404421004069,-0.2948632003666666,0.0628871710771094,0.3312613179522406,-0.1589492385666666,-0.0390851111477923,0.2999669990367611,-0.2260576655666666,0.0588769650874247,0.3035234547942939,-0.2214717155333333,0.0328848890494613,0.2775447380357573,-0.2699745907333333,0.1088276875848355,0.2206452036438279,-0.0119746637725333,-0.125441607894286,0.2719696566358582,-0.05439559011,0.1439260799081769,0.0643651132344223,-0.0564838468333333,-0.1741332441351561,0.0306623069722813,-0.0741457091,0.1369613626304932,0.1003130799782183,-0.1649443209666667,-0.138582479792754,-0.1057231202348184,-0.1209469924333333,0.1223782269354072,0.1178284014590933,-0.1815646698,-0.1038238853648667,-0.1305507612552718,-0.1620642864333333,0.1124584863900432,0.1429379893360398,-0.1877395520666666,-0.0725002374392904,-0.0954725554126038,-0.1750249323333333,0.137109947592554,0.1002423754367435,-0.1701731704666666,-0.1218927005382086,-0.0983657668176414,-0.123619072,0.071166252589647,-0.1606935781873381,0.0630621836666666,-0.0685414418390774,-0.1693298731625189,-0.0625690120133333,0.0968819470349383,-0.4903299222968973,0.0511565495733333,-0.027997137173787,-0.4276884250617881,-0.08364582597,0.0918186041375631,-0.762804741341196,0.2324234296666666,-0.0704035242187969,-0.7612149045229812,0.0716188298133333,0.0752715173231029,-0.7902471093500213,0.2551945810666666,-0.0734857396427016,-0.7893546285655196,0.04666845684,0.125027268592378,-0.814421441369423,0.2242300684333333,-0.0496123966187967,-0.8151810204187196,-0.03931550655,nijmegen_nijmegen_rennen_g_ch1_g11_compr.mp4,ch1g11,7.128171320837178e-06,0.000144000761688,4.550890097822977e-05,8.035640420394026e-05,2.1415861458775663e-05,0.0001463050214633,4.5966998269708155e-05,3.228903516980567e-05,6.498150645404269e-05,3.290157058049045e-05,3.46727921903416e-05,2.7256174359836978e-05,4.713487899139019e-05,4.505736206977204e-05,0.0001050545636097,5.427886824686927e-05,3.191396946608009e-05,4.955530703612224e-05,3.0737162916297295e-05,4.843211274839673e-05,0.0001597704349396,5.038791532502357e-05,4.6875002042318416e-05,2.680241117854091e-05,2.093930583104741e-05,9.248378863248105e-06,3.446660348814319e-05,2.520511586910991e-05,3.428799685583977e-05,6.66246017911416e-05,8.842402894404526e-06,1.6259631302764437e-05,0.0001586135973484,0.0001971424111259,3.719176942320892e-05,-2.3415782030906143e-05,3.5598968948886955e-06,6.225832165519624e-06,6.755600657901099e-06,-4.226885416619e-05,-3.7302945433511986e-05,-4.723600284962919e-05,0.0001793291994684,0.0001518092216073,9.664186869407488e-06,2.389201110502658e-07,-9.304114817544992e-05,0.0005694243497368,-0.0005575361799431,0.0013254326810774,0.0003812580540426,0.0019378262980401,0.0006548953279282,0.0020797468693597,0.0009695993230742,0.0020978505252973,0.0005407064742465,0.0019536188887173,-0.0001205890818976,0.0001288523085421,-4.9397752602088493e-05,8.927582804074364e-05,3.834378529031715e-05,-0.000116877584698,0.0001094236244749,-0.0001048101397721,0.0003274704718826,0.000186519070277,-8.479209830427714e-07,-2.957466617764827e-06,7.857639754799949e-06,-3.760713158339055e-06,-5.009100764348032e-06,-3.260427507436428e-06,7.944167016383739e-06,-3.863481888184423e-06,-1.782829116214249e-06,-5.067584832876541e-07,-8.208721042780026e-06,-2.5180793445373307e-06,8.455752120939147e-06,7.82006303331092e-06,-5.18507407508742e-07,-3.645694262887598e-06,-5.027435032679575e-06,-7.806330773957621e-06,-2.0121017883950446e-06,8.673414115022042e-06,-4.2103884057910955e-06,8.82089255775571e-06,8.490614729946873e-06,6.285303283626191e-06,-6.058797035596027e-06,-3.7595828069260184e-09,7.061461402766006e-06,-7.195791538655355e-06,-2.890255646512954e-06,-9.57290564463347e-06,7.817306769328184e-10,1.1801809169046225e-06,-5.5600229068808965e-06,1.518062351352667e-06,-1.8568190952218096e-06,4.1057943093228714e-07,-1.5105644392588385e-06,8.97703656448909e-07,-1.8253145796680523e-06,4.125088388196346e-07,-3.8645117942335306e-07,-7.982384415124172e-08,-2.371630841798937e-07,4.063375334299626e-06,4.801445073464962e-08,4.97873614374209e-07,4.450621877146855e-07,-1.1091443432932215e-06,-1.0521967158893216e-06,8.080761543407804e-07,4.4783077752437895e-06,-1.1078348564178317e-07,4.366902924085793e-07,-1.6696319770307428e-06,4.331800926832227e-07,5.321939608242662e-07,1.0912647570209785e-06,7.39436947256841e-07,-2.9849034061479996e-08,7.846771553112561e-07,4.2471879488375035e-06,1.030011464755817e-07,3.514925261311593e-06,-2.8417798860136833e-08,1.3687845618047848e-06,-1.649032377289662e-06,4.999838869858066e-06,movement,no movement,no movement,no movement
6783.333333333368,0.0464066598428969,0.3061813056523267,-0.2807392917,0.0543133616337912,0.3232909064477495,-0.2729031072666666,0.0569339014029429,0.3237179209101612,-0.2623415206666666,0.0554080284350678,0.3232867187231658,-0.2657822446,0.0390846932369829,0.3332161623199564,-0.3011449386666666,0.0407141565302517,0.3311883778458781,-0.3142201228333334,0.0448448665373292,0.3216354489828323,-0.2940330099666666,0.0628378839978886,0.3313863770245736,-0.1586483284999999,-0.0393707067177121,0.3000332397117194,-0.2244096050666666,0.0583703511263077,0.3034780191866599,-0.2209955241,0.0322599686818579,0.2774867328196217,-0.2691442006666666,0.109911586648599,0.220535793221923,-0.0119658908392,-0.1254138353177756,0.272465390809191,-0.05215356983,0.1455917479136853,0.0637423685471015,-0.0579573231133333,-0.174380532618999,0.0319586682140578,-0.0723677747,0.1370079426847411,0.1006038847189416,-0.1673584449,-0.1401176126151625,-0.1037500994257392,-0.1208672136333333,0.1219713993900168,0.1184137780588996,-0.1842606097333333,-0.1056209906861643,-0.1284064359249812,-0.1622168233666666,0.1119394343931214,0.1438425107262706,-0.1902719428333333,-0.0743015211644493,-0.0933088120450689,-0.1752102412,0.1369839374751428,0.1006786673456888,-0.1725219526,-0.1234785029363185,-0.0963868701561807,-0.119731173,0.0712659331302534,-0.1608035535587963,0.0626810194166666,-0.068644065399822,-0.1692114084672458,-0.06218365805,0.0964227029508877,-0.4903838065386294,0.0509745675266666,-0.0285515973630183,-0.4276158848765505,-0.08312882597,0.0916195924384476,-0.762658299454841,0.2335733041,-0.0708713457009982,-0.7613268375880208,0.0710835876799999,0.075122863070102,-0.7900331889415523,0.2564624925666666,-0.073892853412975,-0.7894500874817303,0.04600536535,0.1246616322048122,-0.8140386377855432,0.2253577599999999,-0.050538680208207,-0.8149812449450975,-0.04048512036,nijmegen_nijmegen_rennen_g_ch1_g11_compr.mp4,ch1g11,7.4720697253562944e-06,0.0001399063117104,5.387485169070471e-05,7.577029056890215e-05,1.7072952470850297e-05,0.0001419942659309,5.443635221810907e-05,2.812260599578439e-05,6.311624545061987e-05,3.212888692583521e-05,2.845134424225931e-05,2.4625960038846996e-05,5.6213067915224875e-05,5.341398030775001e-05,0.0001032375514056,4.897356931229931e-05,2.7628952248035897e-05,4.429095017767412e-05,2.849493622237297e-05,5.7693978129816405e-05,0.0001543873318313,5.9756162198497494e-05,5.6022229356761265e-05,3.432894983176057e-05,1.5292774596273925e-05,9.247664005467883e-06,4.2450747715370985e-05,2.0377518375485215e-05,3.183899977068945e-05,5.8500927226635024e-05,8.840918444171987e-06,1.8297053278602848e-05,0.0001522851982905,0.0001907567777686,3.233930031972777e-05,-7.955988648696408e-05,-4.620450512010292e-05,-4.638141846406349e-05,-4.3696632715008665e-05,-9.55838489483198e-05,-9.039722938125284e-05,-9.64198379297944e-05,0.000144132157659,0.0001067346388066,-3.742557223402485e-05,-4.73392696719197e-05,-7.531476235805097e-05,0.0005299379334708,-0.0005528696343839,0.0012466948594575,0.0001281489121766,0.0019522876929995,0.0003267276104843,0.0020970551194758,0.0006264524736112,0.0021497470662263,0.000261669070654,0.0019781417337442,-0.0001142467213039,0.0001223226863296,-4.376773206538348e-05,7.593212004745245e-05,7.469265672623639e-05,-0.0001303072037252,0.0001438208387729,-0.0001169936494381,0.0003610193489673,0.0001579728744006,4.646179061757234e-07,-4.9885655025098575e-06,7.935900964484343e-06,-5.245801273099875e-06,-3.728201404504127e-06,-5.254238951354621e-06,8.028435571698069e-06,-4.134187174609515e-06,-1.9701446358336204e-06,-8.971463938664481e-07,-3.952454962763192e-06,-2.5153476214173676e-06,8.620052945257853e-06,7.932927208327752e-06,-1.8795040509570317e-06,-4.924711875828955e-06,-4.033934820347273e-06,-3.2875873568581888e-06,-2.182866641843581e-06,8.77320041554279e-06,-6.155750400143645e-06,8.99511600211966e-06,8.68021591449868e-06,7.0141340561961646e-06,-4.89733330140977e-06,-4.4530062360326435e-08,7.544330107988102e-06,-2.702817345433895e-06,-2.6598138212536364e-06,-6.170374642599927e-06,-3.4081407819300506e-08,2.486744185354536e-06,-7.4273395274064e-06,1.1393362573237417e-06,-1.758020884210199e-06,-1.584511751375732e-07,-1.2719970424508705e-06,1.1400403209417088e-06,-1.6903684054230275e-06,-1.589549559098561e-07,-2.272670769223157e-07,-1.1944426647849318e-07,-3.185036782216359e-07,3.894529321139848e-06,7.919298568266448e-08,-1.1456273325342081e-07,-1.2962217277646254e-07,-1.2393859260146517e-06,-9.104659287246166e-07,1.0870931927715869e-06,4.085849475741422e-06,-1.1896819018709577e-07,-1.7540327339164007e-07,-1.605076274579386e-06,-1.3664483502127654e-07,-9.34254377385526e-08,4.449987039455559e-07,1.0980560579588475e-06,-3.0412002756134515e-08,1.9779933475873297e-07,4.032556139035656e-06,9.54845448254764e-08,3.340527650480306e-06,-2.4510436184345583e-08,1.0686503148167604e-06,-1.4951104391496846e-06,4.744070024082731e-06,movement,no movement,no movement,no movement
6800.000000000035,0.0454292709899419,0.3061081608767109,-0.2800308666666666,0.0534180528261519,0.3232466691950255,-0.2723219490666667,0.0560541776494079,0.3236726367262914,-0.2617776577666666,0.0545211809515174,0.3232431168537248,-0.2651886041666667,0.0381621537333917,0.3331075085197669,-0.3002194672999999,0.039791037189359,0.3310892267361069,-0.3133032007333334,0.0438997917365679,0.321532900324793,-0.2931224258333332,0.0627551646532057,0.3315156896050769,-0.1583612546666666,-0.0396829005663617,0.3001047467742885,-0.2227729087333333,0.0577744482412639,0.3034330510788396,-0.2204668274,0.0315457773413486,0.2774306847894678,-0.2682310217333333,0.110968427752179,0.2204738011393172,-0.0119517560925333,-0.1253595284537817,0.2729558113975368,-0.0499755326566666,0.1472823592767522,0.0632109848065112,-0.0595253073066666,-0.1745906003517821,0.0332047263046531,-0.0706388246366666,0.1369719243759007,0.1007349594544907,-0.1700764335666666,-0.1413432413947227,-0.1017482023368294,-0.1208402668666666,0.1214732277442385,0.1186825456570866,-0.1872739399333333,-0.1070136343071826,-0.1262475914409902,-0.1624116759,0.1113365807347662,0.144419534219026,-0.1931354443333333,-0.0757084149491981,-0.0910491163374742,-0.1754302717666666,0.1367878800997851,0.1009321871535492,-0.1751730477333333,-0.1247399839639688,-0.094337596291489,-0.119988032,0.0713669714971146,-0.1609082578775875,0.0622996666666666,-0.0687478416397947,-0.1690983073052606,-0.0617994855,0.0960071350258869,-0.4904122215131293,0.0506290309566666,-0.0290891687845523,-0.4275457091997635,-0.0829081670933333,0.0915189865779565,-0.7625546923493854,0.2339060678666666,-0.0713132588229536,-0.7614678358135313,0.07014240687,0.0750870875695298,-0.7898671650875745,0.2568496331666666,-0.0742704913144702,-0.7895783679613925,0.0449217190699999,0.1245189100737388,-0.8136694918905741,0.2256630425666666,-0.0513421958637706,-0.814852572691312,-0.04198838719,nijmegen_nijmegen_rennen_g_ch1_g11_compr.mp4,ch1g11,8.932361613917655e-06,0.0001342981155665,6.178513722663157e-05,6.999213237710158e-05,1.3676348562249946e-05,0.0001362026484499,6.241282757309128e-05,2.371215355593665e-05,6.0828089648685605e-05,3.062582409529093e-05,2.551917931869216e-05,2.1924711241271616e-05,6.500761841104783e-05,6.136573041797856e-05,9.983966617353692e-05,4.3483502923978826e-05,2.4202887218564458e-05,4.187323848332654e-05,2.6011366886843747e-05,6.655847117663407e-05,0.0001480856215146,6.872059077931964e-05,6.492466563800801e-05,4.219035167041515e-05,1.0679004897658638e-05,9.20923867773685e-06,5.0582649042628234e-05,1.9281407075577417e-05,2.9454044569534257e-05,5.185153552329128e-05,8.805205535579597e-06,2.1874221121361192e-05,0.0001450414775776,0.000182413305545,2.8118185448677313e-05,-0.0001278404398686,-8.981612534685175e-05,-9.273726264302245e-05,-8.781937715856178e-05,-0.0001378851324145,-0.0001332056914218,-0.0001355795256527,0.0001084844351955,7.118402346401747e-05,-7.840920058241617e-05,-8.721467365234374e-05,-6.21569688206854e-05,0.0004856354775551,-0.0005333957922013,0.0011532709580338,-0.0001193935851877,0.0019339584286656,-4.748303206343913e-06,0.0020663349076531,0.0002645488130327,0.0021293914768566,-1.68987085014436e-05,0.0019578721590523,-0.0001084313593578,0.000116121221744,-4.23524809317013e-05,6.26525293918142e-05,8.1991303841582e-05,-0.0001461953411001,0.0001465655750796,-0.0001335442521064,0.000355378336621,0.0001188022436031,1.2940535893422129e-06,-6.661898277342135e-06,7.562736647128328e-06,-6.474073069713331e-06,-2.2852241261273127e-06,-6.82585857832141e-06,7.653206039160643e-06,-4.262160053667876e-06,-2.2643897848288417e-06,-1.342807443616994e-06,-1.0428242906421882e-08,-2.4350443900441917e-06,8.30786176796193e-06,7.582094593202989e-06,-3.4350897546249983e-06,-5.902422193028468e-06,-2.7492941915660983e-06,7.137237527226184e-07,-2.31694367228539e-06,8.405089968577908e-06,-7.77205794436633e-06,8.709492664828732e-06,8.3743835338787e-06,7.121670736952727e-06,-3.44252514522101e-06,-7.092804329050289e-08,7.518414275940853e-06,1.43838105987041e-06,-2.5081140256401e-06,-2.9296342690354483e-06,-5.1838572302650875e-08,3.4212813215001523e-06,-8.847831038111123e-06,7.170294050462928e-07,-1.4172000660528455e-06,-6.037848577779975e-07,-9.002252037611667e-07,1.2833657897497643e-06,-1.3001602203279754e-06,-6.065307628536461e-07,-1.6163792668335298e-08,-1.3510422278027137e-07,-3.127797172094912e-07,3.3869403183866333e-06,1.455273253717254e-07,-6.133259036834514e-07,-5.833202730447809e-07,-1.2312624300551017e-06,-6.56261760953716e-07,1.28595818874002e-06,3.3972957739647712e-06,-7.873643447037526e-08,-6.662397306199748e-07,-1.256742281860206e-06,-6.15071083336687e-07,-6.081604168142782e-07,-1.6714007772854735e-07,1.3531416714212709e-06,-2.4547842607103865e-08,-3.430416844593579e-07,3.4274530284647374e-06,7.981364649723534e-08,3.009887942390984e-06,-1.5733568354767658e-08,6.851263297822774e-07,-1.1127903139328495e-06,4.010274663748646e-06,movement,no movement,no movement,no movement
6816.6666666667015,0.0442518136971831,0.3060173982789268,-0.2794392319333333,0.052371030806635,0.3231871330882251,-0.2718642568999999,0.0550244175468371,0.3236095682728655,-0.2613389735333333,0.0534833625777454,0.3231842227306596,-0.2647227144,0.0370644506439967,0.3329905334548755,-0.2993677576666666,0.0386927768975188,0.3309817990458671,-0.3124615791666667,0.0427780679527479,0.3214243232445044,-0.2922850501333332,0.0626513034331009,0.3316288638313067,-0.1582115178666666,-0.0400708251456312,0.3001773150459694,-0.2211319332333332,0.0570356090418526,0.3033753734274069,-0.2200636650333333,0.0306643818202997,0.277368552799368,-0.2673776978,0.1120132049965537,0.2204121358205226,-0.0121078725758666,-0.1253014660429323,0.2734272985472136,-0.0478032566599999,0.1489487840972946,0.0626730512355617,-0.06134420873,-0.1747433192129814,0.0343399953901852,-0.0688409741933333,0.1368708876632952,0.1005463650917252,-0.1729734112666666,-0.14227366417468,-0.0998157149795073,-0.1207378057333333,0.1209092528760686,0.1185484001370805,-0.1904346416,-0.1080550047598943,-0.1241701360341105,-0.1625520051,0.1106615507997892,0.1445636608655784,-0.1961651303333333,-0.0767661849656286,-0.0888509119922364,-0.1756099623666666,0.1365203573634603,0.1008391669525472,-0.1779968952666666,-0.1256897392199775,-0.0923469716951782,-0.120297678,0.0714759185479405,-0.1610079620188151,0.0619084902233333,-0.0688596780040665,-0.168990987576602,-0.0614025273833333,0.0956546980514809,-0.490444526197652,0.0503228452499999,-0.0295839354613867,-0.4274783516675294,-0.0827152529366666,0.0916326293258273,-0.762471737202856,0.2345245390666666,-0.0717300635870912,-0.7616116242076191,0.0692089717033333,0.0752864667647033,-0.7897214902897606,0.2575507446999999,-0.0746223934920665,-0.7897076854853308,0.0438517632299999,0.1245810708959395,-0.8133006356974626,0.2263274843666666,-0.052075783287702,-0.8147358313763274,-0.0435008597066666,nijmegen_nijmegen_rennen_g_ch1_g11_compr.mp4,ch1g11,1.07100693297991e-05,0.0001269329334509,6.778061416106461e-05,6.284244397483107e-05,1.1500588752983755e-05,0.0001286697524376,6.849332920461064e-05,1.912391455096761e-05,5.814144292419168e-05,2.9099894165065755e-05,2.7892446976317056e-05,1.9659442983144964e-05,7.173197707936897e-05,6.742570880300606e-05,9.543476669418172e-05,3.75269259532864e-05,2.180333838803182e-05,4.477574063668566e-05,2.3690222688297468e-05,7.328380365122042e-05,0.0001399016101731,7.584525035866101e-05,7.176151194620528e-05,4.874156509539639e-05,7.401284061628251e-06,9.088054083445232e-06,5.716365566872114e-05,2.3330610083122613e-05,2.6704396555083205e-05,5.065085589542035e-05,8.707708958142645e-06,2.5548003179215185e-05,0.0001360826995554,0.0001723753300795,2.4819461250841775e-05,-0.0001654801072763,-0.0001238626059643,-0.0001293363848034,-0.0001220264416465,-0.0001665577966367,-0.0001631154604394,-0.0001622222935716,7.503028112647562e-05,4.771527940592587e-05,-0.0001094312574884,-0.0001156932306263,-4.922892341559505e-05,0.0004390475568187,-0.0004948759262306,0.0010378969302869,-0.0003229467576946,0.0018929781198993,-0.0002830485071109,0.0020111585143028,-3.9197175640579986e-05,0.0020858400567358,-0.0002446571759684,0.0019168142177275,-0.0001033580044829,0.0001105109142637,-4.045728044944988e-05,6.28136043557182e-05,7.986736861860396e-05,-0.0001622845693695,0.0001397683935295,-0.0001515924714547,0.0003416426926669,7.608328218849217e-05,1.72760155154714e-06,-7.856455638390528e-06,6.836771886258023e-06,-7.237355514817464e-06,-1.0062947680555062e-06,-7.884789216850176e-06,6.921891628574768e-06,-4.172917542452959e-06,-2.548082879255877e-06,-1.7207878254982062e-06,3.344094163975997e-06,-2.3071955311057856e-06,7.554521936873971e-06,6.8717904645440655e-06,-4.946566210613048e-06,-6.5298829853542024e-06,-1.3514275343307969e-06,3.901074387716898e-06,-2.424990123302289e-06,7.607506598896457e-06,-8.885940676700707e-06,7.945007012589693e-06,7.614107570560059e-06,6.651553754969624e-06,-1.9503537326675025e-06,-8.864597567111e-08,6.94654397374947e-06,4.732549092382969e-06,-2.4381155666129824e-06,1.2102217845426834e-07,-5.945188585990868e-08,3.9171351828415485e-06,-9.713968148402078e-06,3.3112359690879513e-07,-9.122276373466316e-07,-8.755354589438022e-07,-4.3706243875940546e-07,1.304460846146522e-06,-7.433323276166177e-07,-8.815642866264004e-07,2.2880853502406558e-07,-1.3193015191502164e-07,-2.460134953202852e-07,2.5415511785683956e-06,2.2705021897003254e-07,-9.356896416879988e-07,-8.636634059021065e-07,-1.1238463829203465e-06,-3.077140666192438e-07,1.3716251012181985e-06,2.415338990683313e-06,-4.02577093066502e-09,-9.767542869328004e-07,-6.97820380755489e-07,-9.526515758900112e-07,-9.456572304416156e-07,-6.470217667944975e-07,1.4661282235549114e-06,-1.3234524259693912e-08,-7.551790716848147e-07,2.4741702250169168e-06,7.474850680482046e-08,2.424515216470602e-06,-3.8187925499981415e-09,2.9825280010985e-07,-5.690018615915228e-07,2.899608910263028e-06,movement,no movement,no movement,no movement
6833.3333333333685,0.042942856309773,0.3058588443970139,-0.2787609628666667,0.0511953835511984,0.3230832741437573,-0.2713989422999999,0.0538684417904294,0.3235029093005673,-0.2608823393666666,0.0523211719735955,0.3230866814960444,-0.2642580533666667,0.0358396505719276,0.3328682662633713,-0.2984902461666666,0.0374675419826853,0.3308565737470822,-0.3115728232333333,0.0415266589997999,0.3212966057364691,-0.2914126030333333,0.0624813340635195,0.3317490899641371,-0.1581787919333333,-0.0405216445864325,0.3002959411352796,-0.2194279655999999,0.0561880814382071,0.3032939293978025,-0.2195756386,0.0296770412473321,0.2772813359148156,-0.2663968546999999,0.1129166227027961,0.2204003678493728,-0.0123249722492,-0.1252107585962073,0.2739219742731301,-0.0456945000833333,0.1503203753328717,0.0622440589573029,-0.06273741378,-0.174861624338041,0.0353527305320452,-0.0671880953033333,0.1366183304167833,0.1001464396309547,-0.1746022877666666,-0.1429928595582982,-0.0980162034812976,-0.1205211112999999,0.1202374902478001,0.1181303363021575,-0.1920644715,-0.1088392362773627,-0.1222664179337383,-0.1624610414666666,0.1099238919628416,0.1443284926071459,-0.1977027960666666,-0.0775753433450485,-0.0868715918855286,-0.1754694784666667,0.1361474410913308,0.1005014566089108,-0.1795155580333333,-0.1264269836645157,-0.0905049082495896,-0.128200039,0.0715729556598979,-0.1611107454173815,0.0615190864966666,-0.0689571966010637,-0.1688816710722283,-0.06100872533,0.0953525041613791,-0.490474418541158,0.0496714676866666,-0.0300545585013977,-0.4274112262281847,-0.0830430265766666,0.0917176762357601,-0.7624057697700501,0.2342773511666666,-0.0720624125794553,-0.761780092548749,0.0676707962366666,0.0754478545079783,-0.789586712672889,0.2573163221333333,-0.0748825450035107,-0.7898666245409147,0.0421546947229999,0.1246663532127964,-0.8129429516120802,0.2261878793666666,-0.0525833172137762,-0.8146296580205655,-0.0455360514233333,nijmegen_nijmegen_rennen_g_ch1_g11_compr.mp4,ch1g11,1.1826849919876436e-05,0.0001180485713167,7.294899238681402e-05,5.497390954735082e-05,1.1055694293548484e-05,0.0001198404423553,7.37190036734237e-05,1.4847776834619737e-05,5.5384367557332386e-05,2.719567349815153e-05,3.260192118340299e-05,1.713974712491193e-05,7.773199050348837e-05,7.260485172353977e-05,9.081184520722023e-05,3.106103594342806e-05,2.092860260807935e-05,4.956491911223741e-05,2.099304551246592e-05,7.926902014587633e-05,0.0001301699760207,8.24794282743675e-05,7.783428763634832e-05,5.4088449611993674e-05,6.07817915094769e-06,8.972489327893538e-06,6.29164354742184e-05,2.9279038174598775e-05,2.3872659750258007e-05,5.1732368558614216e-05,8.627577277815086e-06,2.9554278865404657e-05,0.0001253838148124,0.0001614362079188,2.185525615680312e-05,-0.0001983433126797,-0.0001525254715859,-0.0001598542211282,-0.0001502128186978,-0.0001863694850607,-0.0001855827131575,-0.0001825993359111,4.665418511241472e-05,3.150087051954804e-05,-0.0001339468726514,-0.0001387731247172,-3.942192974361412e-05,0.0003911281805052,-0.0004655474712326,0.0009109604226892,-0.0005087580588754,0.0018208455757536,-0.0005383856818788,0.0019199925063799,-0.000322737076684,0.0019994471271231,-0.0004495053533603,0.0018475174646979,-9.947915468703452e-05,0.0001058970705728,-3.676555068721765e-05,6.744625938430444e-05,6.881748259290919e-05,-0.0001753917363675,0.0001258883829321,-0.0001671202867928,0.0003328845401108,4.026351649766376e-05,1.7808553289613876e-06,-8.375681427794161e-06,5.837651626220491e-06,-7.44900882179579e-06,1.6824315639474148e-07,-8.231746044461146e-06,5.9129767400933615e-06,-3.8502714619326315e-06,-2.634075540186218e-06,-1.925301968273941e-06,5.45360630336438e-06,-2.044086797131596e-06,6.4645785805817995e-06,5.880525619704396e-06,-5.866585235496182e-06,-6.459659942591561e-06,-1.1055430639727151e-08,5.760945435768558e-06,-2.3944445241485815e-06,6.484107483562551e-06,-9.202675138481892e-06,6.813345296783271e-06,6.5087689605692505e-06,5.730591053742507e-06,-5.017957453793071e-07,-8.813131141332386e-08,5.954678015587107e-06,6.630733784254068e-06,-2.534335689138123e-06,2.4276548147875863e-06,-4.9581774520224165e-08,3.941129314845122e-06,-9.841509469284446e-06,5.3672292649662855e-08,-3.453908386883089e-07,-1.019403578739404e-06,5.069215414101015e-08,1.201289275374281e-06,-1.4107750701070644e-07,-1.0285604186754323e-06,4.593540908345609e-07,-1.2247731845196853e-07,-1.2506704883124492e-07,1.538318952335903e-06,3.314235141978088e-07,-1.128842568179215e-06,-1.0132982512448474e-06,-9.486438905276988e-07,9.271990279039253e-08,1.3173612196195609e-06,1.344854746952385e-06,1.0986739832783097e-07,-1.1581328320886234e-06,-5.5244118554271824e-08,-1.1937152597734026e-06,-1.1491887751287558e-06,-9.679125162948977e-07,1.4189459142657032e-06,-2.730622744265959e-09,-1.0402071326181075e-06,1.379364085756672e-06,8.265243344804804e-08,1.7165220130685988e-06,5.365701241604994e-09,-5.618408565112628e-08,3.345649124063691e-08,1.7100979615367473e-06,movement,no movement,no movement,no movement
6850.0000000000355,0.0414939691057043,0.3056257617434036,-0.2784927211,0.0498961325900069,0.3229092156614533,-0.2713386833333333,0.0525920870772477,0.323322919911482,-0.2608277157,0.0510390259352462,0.3229191399246893,-0.2642001305666667,0.0344801100609319,0.3326881567129149,-0.2980124056666666,0.0361107205680335,0.3306691324750375,-0.3110823167333333,0.0401408365650552,0.3211108072866078,-0.2909336678,0.0622830301897215,0.3318013503289169,-0.1585415756,-0.0410418918451655,0.3003723513948848,-0.2179709275999999,0.0552347194548282,0.3031517081002074,-0.2194831719333333,0.0285758170237955,0.27713424547189,-0.2657835916,0.1137606582115282,0.220384595751156,-0.0128996920451999,-0.1251126103685388,0.2743485179769273,-0.0438248772766666,0.1516407815250447,0.0618265671523681,-0.06419552624,-0.1749142081249805,0.0361708366750753,-0.0655308174633333,0.1363279943910197,0.0994521818329516,-0.1760508629333333,-0.1435051670529452,-0.096296695694593,-0.1200177821066666,0.1195406822449412,0.1173161667903564,-0.1935195947333333,-0.109377731770495,-0.1205015041257198,-0.1620431239999999,0.1091578805104785,0.1436839403846524,-0.1990549165333333,-0.0781716241156487,-0.0850518264798499,-0.1750465020666667,0.135739704892888,0.0998511331608695,-0.1808557287333333,-0.1269593888181856,-0.0887748800131102,-0.128181547,0.0716675452275063,-0.1612160828667407,0.0611274418866666,-0.0690512232025684,-0.1687706977822626,-0.0606124386333333,0.0950849662081121,-0.4905120672721689,0.0489720333199999,-0.0304801996775832,-0.4273421838959957,-0.0835434219766666,0.0918109769145567,-0.7624004808470041,0.233551833,-0.0723370075760766,-0.7619843668243357,0.0657730862966666,0.0756187341710592,-0.7895275535375238,0.2565449501333333,-0.0750828606178232,-0.7900681152483761,0.0400757892496666,0.1248006505984378,-0.8126592019262902,0.2254152611,-0.0529641987542494,-0.8146306539155785,-0.0478647489533333,nijmegen_nijmegen_rennen_g_ch1_g11_compr.mp4,ch1g11,1.3076852400650549e-05,0.0001088865946587,7.84697305936112e-05,4.732969053188393e-05,1.226661366624777e-05,0.0001109168350721,7.932213139211935e-05,1.1364020929910887e-05,5.2262249089023e-05,2.5161687414406957e-05,4.016764052790377e-05,1.5255928127251094e-05,8.370413511512153e-05,7.815040629910306e-05,8.42610525037132e-05,2.481781777475217e-05,2.1171369706939367e-05,5.7176865568616215e-05,1.8671291269583977e-05,8.528241204706246e-05,0.0001197540311586,8.886947541647117e-05,8.379008973931137e-05,5.885197413213199e-05,6.767055763761135e-06,8.859509909605406e-06,6.813005070681106e-05,3.7749241427634714e-05,2.1334092157935623e-05,5.594739723102804e-05,8.56558488783506e-06,3.352815192584048e-05,0.0001142887835656,0.0001504038573296,1.9859762369764036e-05,-0.0002244051248812,-0.0001739712141132,-0.0001822247073452,-0.0001708246584867,-0.0001976657549214,-0.0002002796276046,-0.0001963447619425,2.9083528339034793e-05,2.179711016125398e-05,-0.0001497749541994,-0.0001559673048018,-2.1522457100469605e-05,0.0003471532209912,-0.0004238862524076,0.0007856884348823,-0.000638418183422,0.0017329351069039,-0.0007283212655718,0.0018137314824979,-0.0005448448429782,0.0018944737576449,-0.0005960440650188,0.0017650530192149,-9.737194344571975e-05,0.0001028736398203,-4.235727067295854e-05,7.114897954311382e-05,4.330539802876529e-05,-0.0001864683649061,9.885025077085436e-05,-0.0001815471167615,0.0003214481042657,1.3726223126129254e-05,1.6610377376611298e-06,-8.372386981638478e-06,4.737976928888801e-06,-7.085155713015918e-06,1.2006395563784284e-06,-8.013488207229075e-06,4.796089262210031e-06,-3.3296154045613595e-06,-2.5934503056452696e-06,-1.9311007535165704e-06,6.245234604657787e-06,-1.733653579199569e-06,5.218612190628896e-06,4.780626730262411e-06,-6.447188582019012e-06,-5.940170943431309e-06,1.2716482031260149e-06,6.289434797861068e-06,-2.2907695005557295e-06,5.217885187566406e-06,-8.836710034997421e-06,5.46498391572863e-06,5.236520152427358e-06,4.5586227755502e-06,8.072908285200248e-07,-8.583915450366385e-08,4.72881497385525e-06,7.140042790096944e-06,-2.6164277886116222e-06,3.748586869316036e-06,-4.001549863768208e-08,3.6419811827517305e-06,-9.399731961609045e-06,-1.155425516568437e-07,1.4964610264607148e-07,-1.0958798243175607e-06,4.733497534557858e-07,9.666478964585263e-07,3.6198148653562865e-07,-1.109491610604417e-06,6.344290846698513e-07,-1.0628912533211266e-07,1.9333924983918023e-08,4.660219858470134e-07,4.157741982869405e-07,-1.2352008881709508e-06,-1.0939684439746012e-06,-6.826994258603197e-07,4.764827621812063e-07,1.125693676637719e-06,2.551511004105002e-07,2.2354613025809446e-07,-1.2568476062432413e-06,5.203559534224761e-07,-1.3593817578200506e-06,-1.2581217036592762e-06,-1.1439509549591758e-06,1.1988254750142503e-06,4.726592527494843e-09,-1.2073368497399748e-06,2.467027689930843e-07,9.937903184406113e-08,9.02255415642677e-07,9.679646257837166e-09,-3.3359469703884917e-07,5.457913893317296e-07,8.794286255476774e-07,movement,no movement,no movement,no movement
6866.666666666702,0.0399473143322661,0.3053447315267865,-0.2791474304333333,0.0485205718341689,0.3226809132818127,-0.2721448033666666,0.0512376589865773,0.3230827936087408,-0.2616365534000001,0.0496774160195341,0.3226928394981144,-0.2649982184,0.0330149107643259,0.3324414822092149,-0.2983933071666666,0.0346485420912895,0.3304168810034511,-0.3114624433666667,0.0386499402497129,0.3208645805365988,-0.2913089982666667,0.0620718676076138,0.3317786769745889,-0.1595902840666667,-0.0416375192151813,0.3003455216336,-0.2171098535666666,0.0542193561316401,0.3029548214981598,-0.2202697510666666,0.0273894593028871,0.2769292782040523,-0.2660293276666666,0.1146055865211805,0.2203635898809521,-0.0138618343198666,-0.1250136571894839,0.2746277901534252,-0.0425495713899999,0.1529225628649334,0.0614436738686187,-0.0659246009166666,-0.1749495852785943,0.0368857591910376,-0.06430944888,0.1360589082864911,0.0986862702987314,-0.1778187719666666,-0.1439328897521671,-0.0946315269207796,-0.1200098616433333,0.118895248572096,0.1164358743070591,-0.1953629806333333,-0.1098210257650541,-0.1188086842402872,-0.1622616370999999,0.1084151580772204,0.1429668437791441,-0.2008551824333333,-0.0786507462707898,-0.0832848772854038,-0.175309666,0.1353449839853661,0.0991075552648143,-0.1825555732333333,-0.1273814061582973,-0.0871145463798708,-0.149807081,0.0717699708437261,-0.161314833284874,0.06073685029,-0.0691548731032573,-0.16866656408088,-0.0602163314966666,0.0949405527318655,-0.4905651383326619,0.0484935470166666,-0.0308657203887179,-0.4272709563446278,-0.0837703102866666,0.0920000498791518,-0.7623956989436341,0.2330846075666666,-0.0725493735200481,-0.7621970872484944,0.06416286809,0.0758870828421329,-0.7894727911318578,0.2560385664666667,-0.0752203897008714,-0.790280387918844,0.0382991965823333,0.1250674227059265,-0.8123828137055489,0.2247348139666666,-0.0532832271033067,-0.8146826245508837,-0.0500107749466666,nijmegen_nijmegen_rennen_g_ch1_g11_compr.mp4,ch1g11,1.4572432600141263e-05,9.992202858215304e-05,8.30875666452511e-05,4.0123607323787515e-05,1.4704373648416336e-05,0.000102447005615,8.400208430997166e-05,8.522956935049138e-06,4.98224490670581e-05,2.291474228200757e-05,4.688764549073541e-05,1.394673665996102e-05,8.871658308177936e-05,8.279872165350543e-05,7.751145492150082e-05,1.8551467259638627e-05,2.3226891812117112e-05,6.334181661536016e-05,1.667437160415957e-05,9.033402182704838e-05,0.000110250016474,9.418482183760328e-05,8.87702581808165e-05,6.25899819284568e-05,8.979933053664415e-06,8.767849975721269e-06,7.233068231215173e-05,4.522787159691146e-05,1.908910503945404e-05,5.985679287738446e-05,8.532492366087242e-06,3.708169933133246e-05,0.0001041657135584,0.0001401709730075,1.8938687020010066e-05,-0.0002520922193751,-0.0001990884859192,-0.0002085573488246,-0.0001958075303643,-0.0002132025149892,-0.0002191361082476,-0.0002146709602308,4.184333456669687e-06,5.843312786984555e-06,-0.0001709734989327,-0.0001773785718008,-9.417614620057815e-06,0.0003008609307622,-0.0003834602375891,0.0006644189846775,-0.0007371222410352,0.0016261211065468,-0.0008705577065293,0.0016969719862239,-0.0007167353842574,0.0017830917808513,-0.0007095926023291,0.0016661657194019,-9.620237430758208e-05,0.0001008018320158,-5.063324035183296e-05,7.471351924518273e-05,1.3844576840356107e-05,-0.0001911038742425,6.892386160297338e-05,-0.0001886252235563,0.0003043309530933,-6.94229878003432e-06,1.4714360375443226e-06,-7.849334638534326e-06,3.637957130640356e-06,-6.319902132004901e-06,1.9957928244249156e-06,-7.225614272027021e-06,3.682338121118894e-06,-2.5551678194221696e-06,-2.6193274521378907e-06,-1.7812913598433362e-06,5.896298684757314e-06,-1.21998430490531e-06,3.924680221163395e-06,3.676585636024563e-06,-6.826684938939955e-06,-5.138112766259858e-06,2.288362078873876e-06,5.783320629418876e-06,-1.957786055909886e-06,3.913934118889546e-06,-7.766099747760072e-06,4.029253744622131e-06,3.9174154014709955e-06,3.3133359324585773e-06,1.8393490857566808e-06,-7.477832256992666e-08,3.41333915429018e-06,6.527691524429422e-06,-2.4944605063638164e-06,4.102704122843373e-06,-2.4628432925222323e-08,3.1119894436208637e-06,-8.436326009185993e-06,-1.8465174485860125e-07,4.912932091148438e-07,-1.0951664109149271e-06,7.912451515381772e-07,6.250684093238315e-07,6.763332413032772e-07,-1.111935568793551e-06,7.409178452828356e-07,-1.2411813286162137e-07,1.6493478335313677e-07,-4.632045419037428e-07,4.632236485524266e-07,-1.2519647203576958e-06,-1.095343150124947e-06,-4.116650771302319e-07,8.069848749700795e-07,7.804470061061103e-07,-6.384774179338128e-07,3.191167436856981e-07,-1.2693483043402355e-06,8.813380704339264e-07,-1.4352988500650571e-06,-1.2723965516673764e-06,-1.1754946122376888e-06,8.353186220121089e-07,5.641562567881273e-09,-1.251693248059818e-06,-7.088096187070071e-07,1.3031639944454378e-07,1.425661659790588e-07,6.545546150743657e-09,-5.018919815995521e-07,8.53515559663135e-07,1.240692193275692e-06,movement,no movement,no movement,no movement
6883.333333333369,0.0383569368596855,0.3050603202216062,-0.2796582154333333,0.0470900795298624,0.3224489335112994,-0.2728204568,0.0498279893664507,0.3228391937558715,-0.2623139860333334,0.0482614198742227,0.3224630358884186,-0.2656669398,0.0315008020895745,0.3321952104711863,-0.298670885,0.0331365369524969,0.3301638855034808,-0.3117324862,0.0371095741413758,0.3206174665366774,-0.2915811232666667,0.061810222678951,0.3317505945358437,-0.1605538334,-0.042291850822365,0.3003170770537244,-0.2162770013333333,0.0531566707832835,0.3027551743881443,-0.2209205990333333,0.0261600866244746,0.2767218944526547,-0.2661721374666667,0.1154013178767829,0.220350566774433,-0.0148437552942,-0.1249139961878732,0.2748823544069055,-0.0412783864233333,0.1541139659798172,0.0610773930117918,-0.0676207332266666,-0.1748942652589904,0.0374601410944333,-0.0630538947933333,0.1357545874213683,0.0978827510446786,-0.1793743508666666,-0.1441971342730863,-0.0930139491474678,-0.1198431367566666,0.1182217497211023,0.1155035832124812,-0.1969381118666667,-0.1100880221498342,-0.1171495846900125,-0.1622538710999999,0.1076421545918151,0.1421812530103861,-0.2024021961666666,-0.0789987780702319,-0.0815866547723982,-0.1753371983666666,0.1349165925415797,0.0983314287436733,-0.1840401635,-0.1276639993012471,-0.0854858839810578,-0.151332781,0.0718731270885832,-0.1614113169864703,0.0603475310033333,-0.0692590094268974,-0.1685657862717038,-0.0598218437433333,0.0948811847294699,-0.4906225451998512,0.0479437968633333,-0.0312109299894382,-0.4271967839697345,-0.0841425450166666,0.0921819248710716,-0.7624001368502129,0.2325211767666666,-0.0726923199256511,-0.7623893466573538,0.0625435635,0.0761418011982219,-0.7894260600404832,0.2554373821,-0.0752875228508699,-0.7904710637715057,0.0365229802953333,0.1253311767221085,-0.812112955569044,0.2239940976333333,-0.053522120585178,-0.8147285029963909,-0.0521181218733333,nijmegen_nijmegen_rennen_g_ch1_g11_compr.mp4,ch1g11,1.608482968627056e-05,9.197233590647023e-05,8.683284817444258e-05,3.418743305005871e-05,1.73804371860989e-05,9.511877192317845e-05,8.779826192839303e-05,6.542546178684169e-06,4.719552807017635e-05,2.1127898374993472e-05,5.297103074150203e-05,1.2790903285166687e-05,9.259538285931072e-05,8.658825035564265e-05,7.014947233396513e-05,1.3308436269630626e-05,2.6178498999240903e-05,6.939369738295618e-05,1.4754304450932458e-05,9.423969814177386e-05,0.0001017724419881,9.806434738751112e-05,9.260637799003664e-05,6.559759013944774e-05,1.179445191457067e-05,8.680049100697732e-06,7.543223546786663e-05,5.171197830926483e-05,1.6906461872270448e-05,6.502248699332556e-05,8.504912422747908e-06,3.984194378688205e-05,9.53387736313329e-05,0.0001312355451851,1.888911315535817e-05,-0.0002775315389176,-0.0002214716706805,-0.000231955596299,-0.000218322540345,-0.0002292736869033,-0.0002382965814658,-0.0002337544568195,-1.5363980255125744e-05,-1.0998608275598277e-05,-0.0001894013936837,-0.0001978568918177,3.713009361579449e-07,0.0002618946399189,-0.0003466708862576,0.0005628112539902,-0.0008077062704366,0.0015221818871743,-0.0009631802392885,0.0015831144778366,-0.00083409360112,0.0016724348743861,-0.0007874670944706,0.0015723657477411,-9.620589391764947e-05,9.992590366484646e-05,-5.927086232999225e-05,7.662454275439543e-05,-1.352518863988642e-05,-0.0001954067222376,4.1718898173364265e-05,-0.0001952987323767,0.000296824855942,-2.35637824677838e-05,1.2933428588564744e-06,-7.166817651720747e-06,2.615402617029435e-06,-5.287022596514218e-06,2.4367538530030378e-06,-6.352742740593976e-06,2.648686698340959e-06,-1.6959971114573003e-06,-2.6355119623106176e-06,-1.4643547223946612e-06,4.827181354781603e-06,-6.330160341505091e-07,2.7080555612436524e-06,2.6522257425486277e-06,-6.9799595797166205e-06,-4.106953024569851e-06,2.9436093092629045e-06,4.6395386565661e-06,-1.4924935021691328e-06,2.6900166299720946e-06,-6.611110562206779e-06,2.61242009560012e-06,2.6788675588980473e-06,2.1552542620493984e-06,2.446886257939257e-06,-7.397489260008575e-08,2.157900679813138e-06,5.190221011138167e-06,-2.342695040360853e-06,3.843362612649066e-06,-2.335226236858429e-08,2.472276118007447e-06,-7.428249368528621e-06,-1.6486935359780825e-07,6.250388347160374e-07,-1.0377662873897766e-06,9.678689219653388e-07,2.4969941117450965e-07,7.545623287269029e-07,-1.056434772496762e-06,7.710497903912532e-07,-1.5882091367390885e-07,2.580763224875524e-07,-1.1811036242323757e-06,4.639877285606417e-07,-1.1927582311431475e-06,-1.0384093398108398e-06,-1.5573341802670837e-07,1.0061936067957903e-06,3.426368612363296e-07,-1.320720430001966e-06,3.792299923939802e-07,-1.2089605908101529e-06,9.825640686647013e-07,-1.4179199800715974e-06,-1.2069118771811368e-06,-1.09653028449956e-06,4.114083930111744e-07,9.433879570078644e-11,-1.1879326262771302e-06,-1.4096382645360045e-06,1.867767470967609e-07,-5.712974122058535e-07,-3.1850978350962744e-09,-5.462470660256761e-07,9.255951522800484e-07,1.8272319856394503e-06,movement,no movement,no movement,no movement
6900.000000000036,0.0367367738494104,0.3047735204364585,-0.2801248095333333,0.0456224052459391,0.3222138285509277,-0.2734664241333333,0.0483812196620256,0.3225927699036549,-0.2629605101666667,0.0468088947908587,0.322229831444037,-0.2663055350333332,0.0299535407273952,0.3319474857775398,-0.2989227076666667,0.0315898499776891,0.3299081113788202,-0.31197027,0.0355364163538938,0.3203667525285911,-0.2918263963666667,0.0615309770395853,0.3317180396417091,-0.1615048304666667,-0.042980518887925,0.3002781319828473,-0.2154677684333333,0.0520692725298107,0.302553125652491,-0.2215354914666666,0.0249091677098134,0.2765106127337652,-0.2662814304999999,0.1161678723337147,0.2203469815689558,-0.0158067439845333,-0.1248101484282721,0.2750974665974494,-0.0400200632066666,0.1551703655159042,0.0607454028575704,-0.0692296970333333,-0.1747710704139687,0.0379233915701413,-0.0617187668933333,0.1354074321896002,0.0970938293949817,-0.1806026908333333,-0.1444606713857039,-0.0915095733940891,-0.1196342833233333,0.1175201021506716,0.1145773069802277,-0.1981439014,-0.1103716536074399,-0.1155514037844443,-0.1621896833666666,0.1068501000195125,0.141394073741995,-0.2035973183666666,-0.0793957687517638,-0.0799164430045226,-0.1752909362333333,0.1344545486506343,0.0975728952999089,-0.1852050195666666,-0.1279631666492539,-0.0839125134353164,-0.149582535,0.0719791272473739,-0.1615074133274091,0.0599520836166666,-0.0693657128873485,-0.1684665491699429,-0.05942169951,0.0948717170021165,-0.4906917702458143,0.0472768418733333,-0.0315364740591536,-0.4271176436636627,-0.0845217467866666,0.0924015300916363,-0.7624096693945596,0.2318699353999999,-0.0728316195952014,-0.762565594446146,0.0609732217166666,0.0764399806794643,-0.7893808466388686,0.2547473714333333,-0.0753527521901755,-0.7906478992214826,0.0348021607343333,0.1256787307427064,-0.8118334743321971,0.2231558646,-0.0537519266113573,-0.8147569953259817,-0.0541617563166666,nijmegen_nijmegen_rennen_g_ch1_g11_compr.mp4,ch1g11,1.746144071244716e-05,8.619072839308338e-05,8.939895973027233e-05,2.9587289411917384e-05,2.033127992979306e-05,9.023337317493048e-05,9.03731495564336e-05,5.40953648804472e-06,4.4740750683093786e-05,2.0001827585685552e-05,5.7276213371033785e-05,1.2369128219989869e-05,9.522151716341244e-05,8.918762456461209e-05,6.311671233745982e-05,1.0213156169107152e-05,3.0049499997155244e-05,7.363808682693472e-05,1.3403236587714076e-05,9.68491653102234e-05,9.690686707860873e-05,0.0001003293048791,9.51877970472896e-05,6.756263419676795e-05,1.4947679556605584e-05,8.633857824526363e-06,7.732470981012156e-05,5.620724035223304e-05,1.4619466344332486e-05,6.950281016632666e-05,8.50881088630766e-06,4.185789930118327e-05,8.96685142508196e-05,0.000124286856103,2.007684923371199e-05,-0.0003051153763318,-0.0002449652233977,-0.0002563046601765,-0.0002422549707781,-0.0002528833033635,-0.0002639793720465,-0.0002591469215794,-3.018661297447072e-05,-3.9201853987212895e-05,-0.0002086310955558,-0.000223296744474,1.316013084773522e-05,0.0002172430814294,-0.0003163492263046,0.0004769648098994,-0.0008483777461867,0.0014372347656378,-0.0010095128270623,0.0014989675719222,-0.0008910704827798,0.001602917406523,-0.0008301976578807,0.0015018168274792,-9.56145040308339e-05,9.859803296450577e-05,-6.751737478004314e-05,7.756027377020624e-05,-3.121030791143065e-05,-0.0001979481345854,2.3285349837303093e-05,-0.0002003151955644,0.0002908684439612,-3.9419102641706695e-05,1.1717885023758249e-06,-6.378649029465242e-06,1.6679006109702771e-06,-4.1349581570272e-06,2.562560102381813e-06,-5.475420614988622e-06,1.6836229575533484e-06,-8.70963491690978e-07,-2.8153380821502393e-06,-1.1241798865781155e-06,3.2726864508664336e-06,-1.2434519829266346e-07,1.6170882770951956e-06,1.7029567813370502e-06,-7.056346405802812e-06,-3.1360515095451285e-06,3.098226042841061e-06,3.0414776310920584e-06,-1.0481953405931569e-06,1.5833108306740356e-06,-5.444668915753655e-06,1.275861289626727e-06,1.575083984413238e-06,1.1692082102741914e-06,2.669987013860425e-06,-6.81254513216042e-08,1.0737959070477126e-06,3.394680758455141e-06,-2.030698261960503e-06,2.944054161705339e-06,-2.4674485588197055e-08,1.899549470256482e-06,-6.414515558363928e-06,-7.932113818170377e-08,5.406050358416748e-07,-9.37934331264394e-07,9.961949271506313e-07,-9.599098829029189e-08,5.855002177571654e-07,-9.557738366879864e-07,7.234898968472976e-07,-2.090989988053203e-07,2.8653651458488465e-07,-1.6060050904833617e-06,4.134461421974996e-07,-1.0790269708281375e-06,-9.372443629288548e-07,4.3186684413712345e-08,1.0421925687760392e-06,-1.1590744146694185e-07,-1.710434400315952e-06,3.9749222169398193e-07,-1.0956001411863675e-06,7.745395913207501e-07,-1.3166654708394648e-06,-1.0849175309820187e-06,-9.344653725120564e-07,9.244233350817732e-09,-1.3001889526295776e-08,-1.0411697408464985e-06,-1.7859653548312924e-06,2.58460347823488e-07,-1.1245833648835437e-06,-1.9573743674259592e-08,-4.894970035931112e-07,7.466115062957605e-07,2.11570212365218e-06,movement,no movement,no movement,no movement
6916.666666666703,0.0350862565689171,0.3044761460916362,-0.2807911517333333,0.0441223912950965,0.3219746750830423,-0.2743049333333333,0.0469035751630151,0.3223412097949192,-0.2637967439666667,0.0453249750044,0.3219920703677874,-0.2671359290666666,0.0283765895570009,0.3316943114577861,-0.2993740658,0.0300133576583069,0.3296451141776723,-0.3124116929666666,0.0339320343869673,0.3201100434043031,-0.2922699234666667,0.0612244404192166,0.3316837161301612,-0.1626128972,-0.0436977939873366,0.3002208378756852,-0.2148524135666666,0.050949745208032,0.3023440068935145,-0.2223425974666666,0.0236279477428062,0.2762859268496117,-0.2665902233,0.1169032089437697,0.2203616894478129,-0.0168892022395333,-0.1247116095035417,0.2752704106803864,-0.0389087367599999,0.1561367045324363,0.0604434630710712,-0.07083264512,-0.1746879025064181,0.0383632579691852,-0.06050092231,0.1350237166938674,0.0962642354271929,-0.1817950737999999,-0.1447321599996132,-0.0901104182280963,-0.1195034367233333,0.1167831068939181,0.1135995020667993,-0.1993230367333334,-0.1106696141497484,-0.1140478232502372,-0.1622271793333332,0.1060275959040204,0.1405474456363813,-0.2047488587333333,-0.079777050293451,-0.0782857376083255,-0.1753615468666666,0.1339589545504972,0.0967610245682055,-0.186327532,-0.128261315069707,-0.0824259530868487,-0.149421915,0.0720861002106417,-0.1616005066183393,0.0595540755866666,-0.0694732290650736,-0.1683707962078382,-0.0590190304,0.0948726491019637,-0.4907683846223337,0.0467305737099999,-0.0318442412413251,-0.4270281633763318,-0.08489724785,0.0926597326027643,-0.7624252250310835,0.2314038896666666,-0.0729038102851122,-0.7627438241380946,0.05931787128,0.0767817830107484,-0.7893412316358981,0.2542444827333333,-0.0753414416386509,-0.7908287577161408,0.032976331777,0.1261177115488554,-0.8115200456162612,0.2224461128333334,-0.0539342553028984,-0.8147743386080005,-0.0563317638033333,nijmegen_nijmegen_rennen_g_ch1_g11_compr.mp4,ch1g11,1.8539313974233216e-05,8.049084944385224e-05,9.085131850276605e-05,2.624781036528763e-05,2.150343574437954e-05,8.545400643384056e-05,9.184068172387978e-05,4.621297411017495e-06,4.2047713709136854e-05,1.9106441779632363e-05,5.8722990494325154e-05,1.2187464715114606e-05,9.652359730570718e-05,9.0678104855847e-05,5.606561788607812e-05,7.960664370844743e-06,3.300614395491462e-05,7.532167164964312e-05,1.2355302409314884e-05,9.812928917408848e-05,9.254211505900584e-05,0.0001010795919028,9.64773128882736e-05,6.864785365231756e-05,1.639842678806468e-05,8.596919789163303e-06,7.813225056745061e-05,5.760791281568178e-05,1.1998642343968234e-05,7.194367266661924e-05,8.503718614984165e-06,4.333023312308274e-05,8.449212942079646e-05,0.0001167465182396,2.05319725976132e-05,-0.0003324107078312,-0.0002670862048292,-0.000278791193604,-0.0002647278198092,-0.000279667461737,-0.0002919191260203,-0.0002867199158343,-4.1960637176884136e-05,-7.358570010090083e-05,-0.0002290281797015,-0.0002518711976268,2.4177582010231597e-05,0.000172086673684,-0.0002911271710035,0.0004131058180247,-0.0008672737519637,0.0013354348938039,-0.0010178873273407,0.0014020474015882,-0.0009064528660503,0.0015212294538426,-0.0008473788911651,0.001414448089986,-9.43050750893093e-05,9.674291894883154e-05,-8.059779214359536e-05,7.252123867603463e-05,-4.031851357129293e-05,-0.0002019383612721,1.4711415492110656e-05,-0.0002063480508426,0.0002862743878197,-4.731584258133079e-05,1.1743151345045747e-06,-5.85927599196246e-06,8.37711724903396e-07,-3.101821416867138e-06,2.3576720221623773e-06,-4.964176591047151e-06,8.342080439769542e-07,-1.7700764002238648e-07,-3.0874652054146976e-06,-8.150250460254995e-07,1.5390055365515372e-06,2.779542350240969e-07,6.789966775100869e-07,8.764625298889698e-07,-6.993250078451088e-06,-2.1868319525106053e-06,2.707459340588675e-06,1.2703905875514644e-06,-6.233624480081463e-07,6.238476429163845e-07,-4.815589884984474e-06,7.802597062970787e-08,6.366310051530051e-07,4.2157448079007764e-07,2.4954254634108055e-06,-8.103768373945369e-08,2.006625797378877e-07,1.5379611062949046e-06,-1.6474089349225655e-06,1.6143428103265007e-06,-4.749319372202976e-08,1.4614438749100956e-06,-5.7647550414700196e-06,3.70340853881742e-08,3.159098079875257e-07,-8.138712472672763e-07,8.935950180273791e-07,-3.639831986207382e-07,2.608788537374649e-07,-8.300592133650528e-07,6.168670147384187e-07,-2.5719347339115917e-07,2.497781948264696e-07,-1.6927026311607675e-06,3.309327712806134e-07,-9.271349833300226e-07,-8.117650743388652e-07,1.823028661287076e-07,9.602602945742503e-07,-5.474232468687836e-07,-1.782518965259957e-06,3.8000195227378106e-07,-9.452066278515936e-07,3.626323857261435e-07,-1.1458976467768665e-06,-9.254115017050104e-07,-7.294217377228717e-07,-3.087613508692964e-07,-3.005538918662779e-08,-8.407630340484684e-07,-1.8043782494468408e-06,3.3868023251585964e-07,-1.431285897483176e-06,-3.839136662189176e-08,-3.71926073748004e-07,4.062640842824563e-07,2.0462957423358077e-06,movement,no movement,no movement,no movement
6933.33333333337,0.0334529097186833,0.3041577181545118,-0.2813874733333333,0.0426334333144025,0.3217215083855683,-0.2750861674666666,0.0454367904930155,0.3220763212189932,-0.2645743869,0.0438518880900426,0.3217403785814103,-0.2679096634333333,0.0268131492825641,0.3314271084705659,-0.2997776041666666,0.0284501790586609,0.3293659028965602,-0.3128015937666666,0.032341436566988,0.3198356667197108,-0.292666349,0.0609106237209654,0.331648761819745,-0.1636774118,-0.0444231635389223,0.3001517050151178,-0.2142619729333333,0.0498392764711805,0.302124588529267,-0.2230781694333333,0.0223573593495726,0.2760444803735722,-0.2668426271333333,0.1175986976018389,0.2203967949886746,-0.0179258614651999,-0.1246103320539397,0.2754366321060602,-0.03781828419,0.156992677967059,0.0601496508991856,-0.0723153012233333,-0.1745777567002363,0.0387889020782913,-0.0592594528033333,0.1346337851186763,0.0954515704594816,-0.1826599798999999,-0.1449277017111876,-0.0887943848686711,-0.1192214469166666,0.1160495688380555,0.1126502232308807,-0.2001142958666667,-0.1108609624476465,-0.1126331825671693,-0.1620850748999999,0.1052163778438138,0.1397043566435469,-0.2055153158333333,-0.0800483897205696,-0.0767116487428236,-0.1752483487,0.1334657936421775,0.0959665596985411,-0.1871159628666666,-0.1284789549296714,-0.0810048785673942,-0.143539354,0.0721938205052811,-0.1616915648553502,0.0591575209166666,-0.0695811882491352,-0.1682780183715485,-0.05861758815,0.0948828621004639,-0.4908588369160117,0.0461022245233333,-0.0321534783911588,-0.4269593161303127,-0.08531813686,0.0929318720102174,-0.762465189029514,0.2308767590999999,-0.0729565303037289,-0.7629475107801135,0.0576947667066666,0.0771400006501774,-0.7893240315477906,0.2536824287999999,-0.0753074113335523,-0.7910359406646587,0.0311997869191666,0.1265983908915257,-0.8112017147803506,0.2217001463,-0.0540943873833201,-0.8147923930266098,-0.0583882390366666,nijmegen_nijmegen_rennen_g_ch1_g11_compr.mp4,ch1g11,1.974783897168121e-05,7.560680697785709e-05,9.050787626802418e-05,2.4345252650488216e-05,2.3333084324033618e-05,8.159982370263013e-05,9.14813123652655e-05,4.599133109696362e-06,3.91808225232012e-05,1.864030475419968e-05,5.860719955097048e-05,1.3042968838680363e-05,9.583197432390672e-05,9.037560097663192e-05,4.982364614143509e-05,6.784317838720102e-06,3.564599078430173e-05,7.481187547416881e-05,1.2211118226690828e-05,9.73500541581937e-05,8.943705744318747e-05,9.970937780077624e-05,9.57560469869073e-05,6.834965564904919e-05,1.8400752581875416e-05,8.52149167952089e-06,7.730717069844966e-05,5.7275705782010536e-05,1.0377600604190463e-05,7.237247947934215e-05,8.448685965701892e-06,4.4144926444058286e-05,8.03599904589492e-05,0.0001098725751753,2.2083910521590503e-05,-0.0003494374424399,-0.0002788736760557,-0.0002906063268093,-0.000277010228684,-0.0002983587556764,-0.0003113007800588,-0.0003064192965373,-4.327735384951897e-05,-0.0001023232465028,-0.0002409113413902,-0.0002731844217804,4.114798031589071e-05,0.0001362858691789,-0.0002560364378632,0.0003660351002601,-0.0008426799418012,0.0012496796279475,-0.0009821290796806,0.001324935597787,-0.0008718663046115,0.0014670262145293,-0.0008181028878477,0.0013464354573476,-9.22572109780083e-05,9.426657589042516e-05,-9.208530068013968e-05,6.851169194663201e-05,-4.362469746464219e-05,-0.0002034781672861,1.163648728806362e-05,-0.0002094246206781,0.0002861452402428,-4.652971858399494e-05,1.3261170630949669e-06,-5.688637078301209e-06,1.0063971935404065e-07,-2.3098159973559836e-06,1.873006237099726e-06,-4.881945040829168e-06,7.939067136067213e-08,3.460937084275624e-07,-3.420544101287995e-06,-5.967452722013443e-07,-2.5609121392719256e-07,5.311635904964232e-07,-1.3274592738479308e-07,1.467704373178157e-07,-6.84907446289217e-06,-1.3460189100545111e-06,1.9727218549560673e-06,-5.945418118159172e-07,-2.909673356396273e-07,-2.127410332821913e-07,-4.687968505959832e-06,-9.770823372542042e-07,-1.6269840804131985e-07,-1.063865824313238e-07,2.014267400750826e-06,-1.1659065201763345e-07,-4.732364190693821e-07,-2.6262303213459337e-07,-1.2513139332882674e-06,-1.540262169978088e-07,-9.403925854919576e-08,1.2160609230415238e-06,-5.522541188488429e-06,1.3507767341938154e-07,-6.242489190897182e-09,-6.638932089332306e-07,7.047293943187405e-07,-5.883537090476508e-07,-1.6768653289312386e-07,-6.769246599634194e-07,4.630292651025829e-07,-2.927373342376039e-07,1.5746149367408065e-07,-1.5151162704598765e-06,2.0561586808397162e-07,-7.413391943980917e-07,-6.612547816556657e-07,2.436674074617347e-07,7.858446525226184e-07,-9.004865312424614e-07,-1.5878648928245355e-06,3.146778771308428e-07,-7.586165585205279e-07,-1.8638616521572357e-07,-9.115241512159052e-07,-7.325259199447761e-07,-5.028418947444996e-07,-5.638800902228045e-07,-4.6309153040961845e-08,-6.03812816353923e-07,-1.5570633498356474e-06,3.7773313630093e-07,-1.479817917773669e-06,-5.4888137113476033e-08,-2.3006448903816687e-07,-2.934919917725336e-08,1.7264132091561072e-06,movement,no movement,no movement,no movement
6950.000000000037,0.0318382463488208,0.3038110744439837,-0.2820389829,0.0411434173530188,0.321447521818082,-0.2759565234333333,0.0439689260304553,0.3217924547687176,-0.2654353575666667,0.0423785634157964,0.3214692381344523,-0.2687754347999999,0.025256536446051,0.3311341637748528,-0.3002919326333333,0.0268951783837115,0.3290583726374836,-0.3133019012666665,0.0307586799406589,0.3195321968710556,-0.2931689353666666,0.0605759065084319,0.3316076521595544,-0.1648042237,-0.0451559585716583,0.3000398097853066,-0.213762338,0.0487346581735886,0.3018877593595457,-0.2238747756,0.021109875334835,0.2757702584267787,-0.2671806947666666,0.1182498605224603,0.2204334725418469,-0.0189940873708666,-0.1244832602026946,0.2755611051742255,-0.03677830955,0.1577478574697272,0.0598586576727445,-0.0736947676533333,-0.1743547000231073,0.0391187407888699,-0.05798204008,0.1342097772313012,0.0946337893956284,-0.1833676350666666,-0.1450014000410489,-0.0876707219189325,-0.1187679874433333,0.1153075655503048,0.1116789582885586,-0.2007154996333333,-0.1109216747053252,-0.1114461730667918,-0.1616826049666666,0.1044127108390519,0.1388335745005646,-0.2061030196333333,-0.0802312636840313,-0.0753531808191251,-0.1748746424666666,0.1329587799863945,0.0951724157931272,-0.187760454,-0.1285927801979977,-0.0797610171929162,-0.145377845,0.0723017626110177,-0.1617825792264183,0.0587632419033333,-0.069688359979913,-0.1681852120515456,-0.0582193624866666,0.0949210606574312,-0.490948272767662,0.04520656353,-0.0324620862168696,-0.4268964252815243,-0.08600679477,0.0932601316661617,-0.7625053982941219,0.2295587230666666,-0.0729440508176364,-0.7631611283134374,0.0555968910199999,0.0775598873228813,-0.789304271782212,0.2522632705333333,-0.0751956064526092,-0.7912545343590138,0.0289078703066333,0.1271771510212605,-0.8108726266986082,0.2201464697666667,-0.0541527628820645,-0.8148297890900996,-0.0609025190433333,nijmegen_nijmegen_rennen_g_ch1_g11_compr.mp4,ch1g11,2.109085908293321e-05,7.067558297763522e-05,8.98474771975516e-05,2.2854981291272413e-05,2.4510696586833884e-05,7.731723727271088e-05,9.079124749337184e-05,5.3254214603072e-06,3.586087098471868e-05,1.829899912991625e-05,5.634206185857895e-05,1.393972574292007e-05,9.487631460009992e-05,8.976090712304002e-05,4.353180613030628e-05,6.001977326733938e-06,3.668383260860366e-05,7.206445062073787e-05,1.2292085619548042e-05,9.628011897830812e-05,8.61116241684924e-05,9.7869640577485e-05,9.478600220006714e-05,6.777219528303687e-05,1.9671147793629997e-05,8.40056123200544e-06,7.622721299294963e-05,5.4814774722208295e-05,9.401578553442418e-06,7.014967075755091e-05,8.342203849814957e-06,4.5067537462587254e-05,7.59496823354307e-05,0.0001020640282953,2.319589240355141e-05,-0.0003599246272292,-0.0002841744373582,-0.0002957532970299,-0.0002828942304921,-0.0003123445784669,-0.0003253527429091,-0.0003209964912631,-3.7245066357539526e-05,-0.0001292485803098,-0.0002476993875554,-0.000290018559865,5.931719102072739e-05,0.0001045677452492,-0.000214598424815,0.0003323623968206,-0.0008056126314227,0.0011654647197784,-0.0009354249720528,0.0012495093439888,-0.0008254785287485,0.001414189704074,-0.0007766282782773,0.001278309570215,-9.005871401335531e-05,9.178359219265964e-05,-0.0001024545863243,6.56570637715244e-05,-4.744390766964003e-05,-0.0002049627048281,7.832293401854093e-06,-0.000212711825329,0.0002809298357169,-4.940760812504627e-05,1.5695135084311402e-06,-5.799250942919282e-06,-5.54316936810323e-07,-1.7478791065955108e-06,1.102661859910438e-06,-5.221600687448132e-06,-5.904107895240329e-07,6.764126571649432e-07,-3.7763983711773417e-06,-5.177270262425805e-07,-1.6459766051703745e-06,6.378368974236766e-07,-8.350182517866839e-07,-4.997494385942199e-07,-6.633530368512337e-06,-5.624284893171961e-07,8.37516248487748e-07,-2.0941571684925643e-06,-3.6886892463026024e-08,-9.419766390524186e-07,-5.040499333741032e-06,-1.85281683897154e-06,-8.465714719374727e-07,-4.720814610332205e-07,1.253194887027495e-06,-1.745844585328053e-07,-9.633591881204935e-07,-1.6057312405651831e-06,-8.712458650771661e-07,-1.7718576491629794e-06,-1.6219437634504453e-07,1.1399476972785144e-06,-5.644111929244466e-06,1.885534157123161e-07,-3.151584538741689e-07,-5.435667367247723e-07,4.952873996651795e-07,-7.395757352418367e-07,-5.660116383289388e-07,-5.527321138667869e-07,2.762044991363357e-07,-2.861097116043874e-07,3.853785184049256e-08,-1.128638893260243e-06,8.503164739548689e-08,-5.894941776244097e-07,-5.417019112499547e-07,2.809298941212982e-07,5.827804725414738e-07,-1.1282874447238113e-06,-1.1977717890939671e-06,2.363736050648808e-07,-6.04134790912343e-07,-7.174880886126079e-07,-6.852806925346838e-07,-5.764080566555165e-07,-3.160307690059864e-07,-7.219238296311715e-07,-5.885912868890696e-08,-3.985777189452675e-07,-1.119891296481021e-06,3.790479146069397e-07,-1.2727594467861291e-06,-6.635864217958957e-08,-1.2038907372952214e-07,-4.245247507945314e-07,1.2952654479528115e-06,movement,no movement,no movement,no movement
6966.666666666704,0.0302764049262324,0.3034358165854763,-0.2826430133666666,0.0396737864741167,0.3211562495775449,-0.2767691006333333,0.0425170024802725,0.321490530613415,-0.2662402457666667,0.0409236140415594,0.3211795510795135,-0.2695823525333332,0.023725283897504,0.3308066120243153,-0.3007588972666666,0.025365147177047,0.3287174227697954,-0.3137558879999999,0.0292051928485525,0.3191939564752024,-0.2936261576333334,0.060216356248743,0.3315793326844847,-0.1658862869,-0.0458952692753419,0.2998841464596024,-0.2133065959333333,0.0476492050954838,0.3016341860852606,-0.2246203541999999,0.0198957693240426,0.2754600183920806,-0.2674830174666667,0.1188243230949814,0.2204974053783462,-0.0199839278758666,-0.1243477998670795,0.2756537344296129,-0.0358858780133333,0.1583722178041476,0.0596371545045665,-0.07477701466,-0.1741294474666549,0.0394494161274823,-0.0568677251633333,0.1337813248645122,0.0938547188242368,-0.1839240131333333,-0.14505841019068,-0.0865838953750913,-0.1183857950133333,0.114569139624816,0.1107667569821713,-0.2012131790333333,-0.1109725013082709,-0.1102875853623021,-0.1614027805333332,0.1036153467414548,0.138020491412155,-0.2065960305333333,-0.0803768640016794,-0.0740226566528706,-0.1746147707,0.1324510371325326,0.0944160136326286,-0.1882690068,-0.1286803398918122,-0.0785618543764929,-0.148360521,0.0724076088190929,-0.1618709826532807,0.0583979350933333,-0.0697937829360597,-0.1680950062557885,-0.05784859142,0.0949566326210454,-0.4910515399636357,0.0445148695066666,-0.0327524691030824,-0.4268363196302615,-0.0864588483166666,0.0935949533039253,-0.7625467285309319,0.2285466103666666,-0.0729391096390022,-0.7633678091857138,0.0541470818599999,0.0779845989178859,-0.7892893581294234,0.2511623171,-0.0750991347757112,-0.79147020457775,0.0273160283299333,0.1277383970304929,-0.8105915635625806,0.2188057929,-0.0542198548855618,-0.8148727538916233,-0.0627587624033333,nijmegen_nijmegen_rennen_g_ch1_g11_compr.mp4,ch1g11,2.2590998876345135e-05,6.497021295912292e-05,8.864613070641003e-05,2.1501520198998792e-05,2.602693470297105e-05,7.224890847241535e-05,8.954439393548616e-05,6.3278254027075624e-06,3.189622939283006e-05,1.7968231536343268e-05,5.344305142490942e-05,1.4810360308789592e-05,9.344868894034008e-05,8.860696954680421e-05,3.7253566726260454e-05,5.901988398609654e-06,3.6884404297848795e-05,6.880207954598274e-05,1.255206776941365e-05,9.47132521080839e-05,8.129085414571146e-05,9.542619218951208e-05,9.334298140583636e-05,6.689987998582332e-05,2.0936511278680066e-05,8.212198329281536e-06,7.490369414936594e-05,5.233230319941907e-05,9.070072486895844e-06,6.653503326314323e-05,8.160678383700539e-06,4.6174955604915994e-05,7.026682341147896e-05,9.38612919941208e-05,2.4410897357742717e-05,-0.0003697636552752,-0.0002875212874776,-0.0002988569637281,-0.0002865598259103,-0.0003240384350116,-0.0003370978542396,-0.000333323863325,-2.7488651723085575e-05,-0.0001550833424554,-0.0002531226632831,-0.0003059904295467,7.525214804081888e-05,7.333534367411208e-05,-0.0001757193832642,0.0002963611105116,-0.0007703565255622,0.0010682264426233,-0.0008876184888961,0.0011576083380088,-0.0007796790709217,0.0013348282589975,-0.0007388671463259,0.001189420875124,-8.73242035775187e-05,8.889631820259585e-05,-0.0001122357215251,6.286622145131421e-05,-4.72984584298645e-05,-0.0002057051036489,7.59523369544088e-06,-0.0002149835365145,0.0002724551343173,-5.272348168431935e-05,1.788983099894694e-06,-6.338030086330905e-06,-1.1747405826704202e-06,-1.4760531858403256e-06,2.2109776361375078e-07,-6.074748125703249e-06,-1.216826528080792e-06,8.069843861701808e-07,-4.0830672832398034e-06,-5.36247062537225e-07,-2.389802726207302e-06,6.473667240912881e-07,-1.4949630003313564e-06,-1.1176333999945128e-06,-6.272940857768175e-06,-6.134850158947605e-08,-4.772655688751445e-07,-2.932398489859756e-06,1.437519828795848e-07,-1.620521966424662e-06,-6.092863800641767e-06,-2.553617459935202e-06,-1.4872704621624018e-06,-7.76624469463209e-07,3.945496034733915e-07,-2.500772043601003e-07,-1.359282813996341e-06,-2.311136351063677e-06,-5.470487059148739e-07,-2.809179348703332e-06,-2.438585796600705e-07,1.0930294796197804e-06,-6.333077995412713e-06,1.8704364891388935e-07,-5.248404622569963e-07,-4.5804445626871385e-07,3.243633743712278e-07,-8.276987600907211e-07,-8.489056311032311e-07,-4.624406258784052e-07,9.614395196441015e-08,-2.1091045383414714e-07,-7.991042935130518e-08,-6.518331473456556e-07,-2.0927919324052195e-08,-4.845088093872212e-07,-4.578954890909435e-07,3.278500770162493e-07,3.773149024492081e-07,-1.2276986804522938e-06,-7.298465893571915e-07,1.523666888885378e-07,-4.942749503198258e-07,-1.0982890787611808e-06,-4.910000866185268e-07,-4.6994090008300803e-07,-1.890365471745831e-07,-7.888835311972683e-07,-6.522156136174319e-08,-2.52601710818241e-07,-6.360459270469005e-07,3.438195749573258e-07,-8.844952333210417e-07,-7.05081284972039e-08,-7.261165228688398e-08,-6.779351839196208e-07,9.4483289727239e-07,movement,no movement,no movement,no movement
6983.333333333371,0.0287670281455165,0.3030510903644255,-0.2831746093333333,0.0382213773377765,0.3208620921661052,-0.2775098949666666,0.0410813639552496,0.3211859365061398,-0.2669712272,0.0394866134704109,0.3208873553556192,-0.2703201040333333,0.0222305718471908,0.330474404607509,-0.3011953631999999,0.0238718690846483,0.3283710654747072,-0.3141788187333332,0.0276906350718504,0.3188501209947403,-0.2940511993333333,0.0598166483791989,0.331568154031537,-0.1669241259666667,-0.0466422395856733,0.2997284092033098,-0.2128299827666666,0.0465730983599302,0.3013774424121619,-0.2252939244333333,0.018716814955647,0.275143063709036,-0.2677605237666667,0.1192859122175294,0.2206056503647515,-0.0208693180161999,-0.1241997332752634,0.2757364657131054,-0.0350504311233333,0.158872683700843,0.0595453877819167,-0.0756173220866666,-0.1738895582002383,0.0397442307672163,-0.05581588175,0.1333433337671784,0.0930924022442789,-0.1842309939333333,-0.1450642270946712,-0.0855539904022599,-0.1180287018466666,0.1138291612122037,0.1098992003614446,-0.2014400065,-0.110968262188534,-0.1091860155374293,-0.1611574174999999,0.102830951648762,0.1372520982735953,-0.2068242278999999,-0.0804611582529299,-0.0727459138220505,-0.1743564014666666,0.131941481087492,0.0936897482533045,-0.1885373742333333,-0.1287169882262463,-0.0774149866918341,-0.153472736,0.0725068043783531,-0.1619586058423411,0.0580534489299999,-0.0698922854119329,-0.1680056166958713,-0.0575000099233333,0.094986698178093,-0.4911589989438855,0.0437675419999999,-0.0330517956048389,-0.4267786765552565,-0.0869319596866666,0.0939331953291789,-0.7626025510410315,0.2275520497333333,-0.0729084477545693,-0.7635784094286228,0.0526243020866666,0.0784118195795302,-0.789291512859484,0.2500912787333333,-0.0749662670314543,-0.7916930402640049,0.0256440360946,0.1282799071628127,-0.8103509582437556,0.2175598616,-0.0542722220202512,-0.8149436842845559,-0.0647045459733333,nijmegen_nijmegen_rennen_g_ch1_g11_compr.mp4,ch1g11,2.453570552554876e-05,5.781858368875286e-05,8.738323227479801e-05,2.0049635430066936e-05,2.616800682272293e-05,6.530398763460058e-05,8.824970534999776e-05,7.412047188896008e-06,2.7083509357550097e-05,1.7254607536250577e-05,5.1460084223231984e-05,1.5417087221925186e-05,9.188580290699628e-05,8.741071409460671e-05,3.016419169227643e-05,5.4190638891343234e-06,3.5866658951278077e-05,6.616324250096409e-05,1.277256967836486e-05,9.301876986457024e-05,7.368194992827085e-05,9.277666141549457e-05,9.178180714736156e-05,6.604073288200804e-05,2.1151356072229293e-05,7.888716958426508e-06,7.349232440325299e-05,5.0624857433173746e-05,9.22827581469673e-06,6.323293392439483e-05,7.845881912922063e-06,4.747912650107529e-05,6.256206718280418e-05,8.495723130628422e-05,2.470867054057981e-05,-0.0003824929077327,-0.000291741072225,-0.000302691330862,-0.0002905752514388,-0.0003346926204135,-0.0003484438172377,-0.0003454330178482,-1.5776088733584156e-05,-0.0001773314924187,-0.0002585931610911,-0.0003225749900579,9.3521516942613e-05,4.314506795523243e-05,-0.0001304662017783,0.0002534430797787,-0.0007327219262531,0.000959731628551,-0.0008403527832922,0.0010451313374828,-0.0007397648641454,0.0012209797524274,-0.000701642620515,0.0010793598637031,-8.436463189931779e-05,8.58664606938484e-05,-0.0001186223998446,5.9627011600414765e-05,-4.19700369702188e-05,-0.0002093901524226,1.2141392111357889e-05,-0.000220603110343,0.0002631082426621,-5.938007812406458e-05,1.9112908012627257e-06,-7.114448458980562e-06,-1.6070504447239742e-06,-1.3644679241909148e-06,-6.263257377650633e-07,-7.213563444487426e-06,-1.6517685960975532e-06,8.011033636701208e-07,-4.261396557905976e-06,-7.175484208111357e-07,-2.706000227907242e-06,5.315173342752642e-07,-1.933074889679796e-06,-1.5555320231969102e-06,-5.83113350015374e-06,1.9189263832469242e-07,-1.7516490484370177e-06,-3.3714656548127188e-06,2.2264553983176297e-07,-2.0640858536686932e-06,-7.556206552540182e-06,-2.922579356460072e-06,-1.9119254763022205e-06,-9.673486351843895e-07,-3.9775267775259994e-07,-3.2078018739392096e-07,-1.5570247984351209e-06,-2.620044654886346e-06,-2.584091056351894e-07,-3.493522584872085e-06,-3.181565895374937e-07,1.0919324171009835e-06,-7.3415901740102655e-06,1.202850363636802e-07,-5.50698224277656e-07,-4.228046299480451e-07,2.2543673754267406e-07,-8.05682323796771e-07,-9.114631594408692e-07,-4.2273295566859826e-07,-5.2336512610168724e-08,-6.130604817137509e-08,-1.657688415638518e-07,-2.2476891408628253e-07,-8.65607138873167e-08,-4.379260412827402e-07,-4.257265303145322e-07,4.254478646805592e-07,2.2509794307343686e-07,-1.1845279278143405e-06,-3.0289185520733385e-07,8.774593658707777e-08,-4.4134126421514715e-07,-1.1981962412201016e-06,-3.505239084140364e-07,-4.252546698912184e-07,-1.351752187739332e-07,-7.450244642760791e-07,-6.209178440432609e-08,-1.7641803951426678e-07,-2.190503408988917e-07,2.8088041170070554e-07,-4.506907637933769e-07,-6.47358784019212e-08,-1.0150973212305805e-07,-7.003583355118928e-07,7.635962246276601e-07,movement,no movement,no movement,no movement
7000.000000000038,0.0272860003209696,0.3026484183974832,-0.2839069000999999,0.0367881218991296,0.3205530091437354,-0.2784268468666666,0.0396639522172987,0.3208653455814853,-0.2678791907333333,0.0380681283221777,0.3205791019465767,-0.2712307606999999,0.0207540459248878,0.3301182892204029,-0.3018287261333333,0.0223978846979628,0.3280014800835165,-0.3148046416666666,0.0261968942985205,0.3184838952889726,-0.2946735910333333,0.0593997324015837,0.3315517654676514,-0.1680755570666667,-0.0474039213899212,0.2995403522941049,-0.2126377001666666,0.045503376225256,0.3011046961773573,-0.2261420791333333,0.0175483688046485,0.2748039476071577,-0.2682432061333333,0.1196726297867351,0.2207168451733508,-0.0218039476525333,-0.1240610399608148,0.2757731111753762,-0.03450266748,0.1593257526337625,0.0594770977355811,-0.0765406716733333,-0.1736516039157715,0.0400004143684682,-0.0550033910933333,0.1329176534522443,0.0923501524475882,-0.1847895446,-0.1450540295064319,-0.0846112943437277,-0.1177098396133333,0.1131076495669554,0.1090589039674797,-0.2019701133333333,-0.1109387669768404,-0.1081770705658012,-0.1609444188333333,0.1020611971600241,0.1365118270660263,-0.2073602847666666,-0.0805136790925441,-0.0715645253883132,-0.1741430605333333,0.1314430794200958,0.0929866657058936,-0.1890645683666667,-0.1287300216338897,-0.0763614659885586,-0.155430391,0.0726052449950088,-0.1620415712018968,0.0577293799666666,-0.0699903985660685,-0.1679209999985548,-0.0571726958966666,0.0950247812685716,-0.4912654412335551,0.04307415769,-0.0333220732981237,-0.4267246779517138,-0.0873578189799999,0.094286219716217,-0.7626542599228378,0.2267212990666666,-0.0728495772826643,-0.7637885783775457,0.0511403570333333,0.0788518366014464,-0.7892947227505429,0.2492002975666666,-0.0748117049401146,-0.7919154117368643,0.0240145700673,0.1288308712416254,-0.8101189258077088,0.2164767692333333,-0.0542967185437635,-0.8150277340843296,-0.0666394888233333,nijmegen_nijmegen_rennen_g_ch1_g11_compr.mp4,ch1g11,2.6405141315329385e-05,4.97271084497435e-05,8.585143771473549e-05,1.821031575899544e-05,2.5336281338728335e-05,5.684506278177643e-05,8.667559714795788e-05,8.342906555471702e-06,2.236399418857355e-05,1.6334121393372835e-05,4.973897134812921e-05,1.5787142235849814e-05,9.010491101650808e-05,8.593956198100366e-05,2.438977937269417e-05,5.262922036788704e-06,3.3320814437516796e-05,6.366990477192725e-05,1.2971441465554452e-05,9.110864999099084e-05,6.426089911705869e-05,8.997613198329855e-05,9.003347436172152e-05,6.512769744069561e-05,2.060738834399929e-05,7.523648477540556e-06,7.20592423378417e-05,4.905295829192245e-05,9.188275539101947e-06,6.020489114948491e-05,7.4836942120033905e-06,4.8727771262656086e-05,5.359790068574409e-05,7.619353627344416e-05,2.43500050935252e-05,-0.0003935246644828,-0.0002966559719711,-0.0003076446600749,-0.0002957081914658,-0.0003474125543422,-0.0003609936116293,-0.0003581616323909,-1.128299932871553e-05,-0.0002060119592193,-0.0002662495377433,-0.0003400660730386,0.0001062195501944,2.312936107337318e-06,-9.387895145487868e-05,0.0001958987223146,-0.0007014176765863,0.0008417457214946,-0.0008044488788679,0.0009133123666668,-0.0007075419903185,0.0010785703167688,-0.0006726850859142,0.0009511419134268,-8.069587994365491e-05,8.215756191907523e-05,-0.0001241569690739,5.4897894470976657e-05,-3.670376175915884e-05,-0.0002121333711321,1.4644741926230685e-05,-0.0002247112118809,0.0002468084177213,-7.356624380496282e-05,2.0011069585472805e-06,-7.845469947332895e-06,-1.8921445654152552e-06,-1.2792658840213485e-06,-1.3730065719131926e-06,-8.319736620725479e-06,-1.9313571102262437e-06,7.063757434307796e-07,-4.289872957733431e-06,-9.597762325453118e-07,-2.518677329572224e-06,3.859706498937238e-07,-2.238396491561476e-06,-1.8464084538757936e-06,-5.462956430993619e-06,2.510235107438988e-07,-2.944222563312121e-06,-3.293043730650928e-06,2.561307644799259e-07,-2.3616540474788443e-06,-9.066843508474372e-06,-3.087900799521491e-06,-2.214270019984326e-06,-1.0663985327978591e-06,-1.0572207285131294e-06,-3.8630197635513427e-07,-1.6435384862337488e-06,-2.445119159416561e-06,3.269453187982706e-08,-3.6299229875131146e-06,-3.8308987254099754e-07,1.031704546365131e-06,-8.29874430127629e-06,1.7252578604843034e-08,-3.842760248666016e-07,-4.20158486593513e-07,2.1026093863088154e-07,-6.831608398089307e-07,-7.359418041782173e-07,-4.16214737584698e-07,-1.5295319459027084e-07,1.2808243835175166e-07,-2.0995736453226955e-07,1.174125190987067e-07,-1.1209474377672363e-07,-4.336700107822044e-07,-4.266860947605187e-07,5.124156919959531e-07,1.0965898366109313e-07,-9.91084687632152e-07,5.0354955476237993e-08,4.391206324044184e-08,-4.297182855089525e-07,-1.000564797550672e-06,-2.656888129733434e-07,-4.260295290862163e-07,-1.411997708512538e-07,-6.064438931802105e-07,-5.1942355001703555e-08,-1.624496784380813e-07,1.0393064762790449e-07,2.246665979742508e-07,-3.632753053775527e-08,-5.199535105774293e-08,-1.8763587527510997e-07,-4.920392571948717e-07,6.820917434782974e-07,movement,no movement,no movement,no movement
7016.666666666705,0.025859878662148,0.3022536171798563,-0.2846207392333333,0.0353781105053767,0.3202568858469732,-0.2793335358333333,0.0382687906425046,0.3205582921843702,-0.2687757702666666,0.0366726995643911,0.3202841160817218,-0.2721314554333333,0.0193073044491332,0.3297686594818526,-0.3024315067333332,0.0209539279588068,0.3276380872973726,-0.3153998841333333,0.0247347210165258,0.3181235148774258,-0.2952665330666666,0.0589459417520183,0.3315454477301818,-0.1691852947,-0.0481828006034319,0.2993370031312758,-0.2124462192666666,0.0444544051225719,0.3008387590408851,-0.2269810721333333,0.0164115201364459,0.2744615623482349,-0.2686957792333333,0.1199703465265652,0.2208277840003945,-0.0226149212325333,-0.1239217228069704,0.2757660823289331,-0.0339658738233333,0.159659358849338,0.0593930265326673,-0.0771586816866666,-0.1734226373483639,0.0401634279467375,-0.0541813625666666,0.1324918385598888,0.0915944433069575,-0.184971527,-0.1450344614853715,-0.083829647223667,-0.1174019612466666,0.1124070217525869,0.108191027211011,-0.2020818591333333,-0.1108968206886159,-0.1073328371125444,-0.1607107273999999,0.1013564092656439,0.1357570743005463,-0.2074650369666666,-0.0805511945082282,-0.0705691240972821,-0.1738743578333333,0.1309527650189418,0.0922718002741773,-0.1892108888333333,-0.1287327998443256,-0.0754752426095267,-0.142320767,0.0726958444207762,-0.162123199710551,0.0574270607366666,-0.0700806154776776,-0.1678381118112382,-0.0568679015833333,0.0950541287571731,-0.4914148831497285,0.0423902071833333,-0.0336034126727433,-0.426682026657863,-0.0878527362133333,0.0946128112804642,-0.7627128050780599,0.2259063570333333,-0.0728000105734894,-0.7640141080425243,0.0496416197233333,0.0792508108238201,-0.7893045104479368,0.2483295144333333,-0.0746717752256387,-0.792154213585679,0.0223895933726333,0.1292837031382204,-0.809913097636534,0.2154152159666666,-0.0543546731545909,-0.8151308292542909,-0.0684149249266666,nijmegen_nijmegen_rennen_g_ch1_g11_compr.mp4,ch1g11,2.838641559042462e-05,4.1237241780828714e-05,8.394224148186801e-05,1.667030090668872e-05,2.385476366233654e-05,4.748130034897481e-05,8.468919058522841e-05,8.626698347117923e-06,1.803028759185992e-05,1.5199084704726356e-05,4.760726016407789e-05,1.5889220621086134e-05,8.797649793347455e-05,8.40722879165238e-05,1.932278475027008e-05,5.684039664216637e-06,2.990606078764012e-05,6.041832683438475e-05,1.306326825285021e-05,8.885079749795555e-05,5.370659148826053e-05,8.695822917366949e-05,8.794317984570073e-05,6.409939326297275e-05,1.9544020822954344e-05,7.119986682790686e-06,7.056179524420399e-05,4.693054668724882e-05,9.042133313693724e-06,5.662381664524407e-05,7.0753049819871805e-06,4.993825556799204e-05,4.429259155196797e-05,6.74852225667174e-05,2.3507822684672377e-05,-0.0003989009262479,-0.0002987614352367,-0.0003100041853691,-0.0002984248728511,-0.000357697895563,-0.0003703786141111,-0.0003673447598584,-1.0889476095737827e-05,-0.0002366410180207,-0.0002724794689017,-0.0003539547153703,0.0001140296978615,-4.642795747174772e-05,-6.333722816472546e-05,0.0001304714468161,-0.0006592303183421,0.0007132352559391,-0.0007534769025988,0.0007689931101727,-0.0006592954277578,0.0009181857382418,-0.0006344953739795,0.0008092389449673,-7.581917527365305e-05,7.725916361082018e-05,-0.000128298410669,4.825949610733137e-05,-2.608119455142699e-05,-0.0002120793187027,2.230519530995133e-05,-0.0002253679160906,0.0002285637858946,-8.873734281619808e-05,2.0185095465910667e-06,-8.271497842680054e-06,-2.2154540644047996e-06,-1.1444897412243898e-06,-1.913464042075001e-06,-9.088760745075804e-06,-2.248776131532326e-06,5.076187595396542e-07,-4.007115775467257e-06,-1.2386481472736392e-06,-2.221448120508611e-06,2.4885247656042176e-07,-2.568726529103937e-06,-2.1787248107645794e-06,-4.915986394749095e-06,1.8404030747812297e-07,-3.765282462105992e-06,-3.10230688750262e-06,2.615571900759089e-07,-2.6807645826241115e-06,-1.0145532500656832e-05,-3.2031906980649315e-06,-2.5406598722381156e-06,-1.1711166641846883e-06,-1.498824447201573e-06,-4.353225350370025e-07,-1.7370994799960063e-06,-2.1747128182148688e-06,2.4063244827472364e-07,-3.458664623466522e-06,-4.295561358679058e-07,8.299989268875311e-07,-8.8415602080211e-06,-1.109206706250581e-07,-3.878098677579513e-08,-4.4065544633333433e-07,2.4846586834999914e-07,-4.91465521885789e-07,-3.372028046384238e-07,-4.328237758724021e-07,-1.912226534457143e-07,3.2510255860598556e-07,-2.0753620914048042e-07,3.525708687671153e-07,-9.022878484046737e-08,-4.5948771884543346e-07,-4.500728176737562e-07,5.959160366578576e-07,3.7839427944068975e-08,-6.988975926443615e-07,3.152867342806709e-07,3.287848949886577e-08,-4.485832120402473e-07,-5.253740602145443e-07,-2.3506406416931714e-07,-4.57855558685403e-07,-1.9240079670566546e-07,-4.110380567174618e-07,-3.4663361746799605e-08,-2.0086094926315047e-07,3.189026908126645e-07,1.824096102307337e-07,3.153891695557292e-07,-3.273563059692457e-08,-3.1476528181435657e-07,-8.35127885553161e-08,7.211477668437936e-07,movement,no movement,no movement,no movement
7033.333333333372,0.024505788125233,0.3018515213578286,-0.2856789640666667,0.0340362989941249,0.3199535806229865,-0.2805191740333333,0.0369404085687921,0.3202423951202331,-0.2699550233333334,0.0353430517448751,0.3199797448156564,-0.2733022798999999,0.0179189225106278,0.3294019942798634,-0.3033884314999999,0.0195676500171873,0.327259942196691,-0.3163558721,0.0233361046407542,0.3177498158855587,-0.2962098729333333,0.0584763994794464,0.3315230048117261,-0.1704523489,-0.0489833560942516,0.299074845430325,-0.2126761471666666,0.0434461997578531,0.3005573189334222,-0.2281113038666667,0.0153109683454419,0.2740977185495993,-0.2695260500666667,0.1202548438585601,0.2209315067380404,-0.0234700888053333,-0.123804593832789,0.2756715435820451,-0.0337855376733333,0.1599714064965898,0.0593099981183563,-0.0778269821566666,-0.1731951361918209,0.0402378283272109,-0.0535790382599999,0.1321257099829517,0.0909747661176761,-0.1852417208,-0.1450210445334575,-0.0831434343164505,-0.1172197009133333,0.1118157626032874,0.107503675612554,-0.2022773554333333,-0.1108679827604506,-0.1065598772066941,-0.1606431506333333,0.1007711310098142,0.1351806043344194,-0.2076140306999999,-0.0805984898416097,-0.0696450359177071,-0.1738054394666666,0.1305276159713705,0.0916745140282423,-0.1894292683,-0.1287372772431501,-0.0746946225060257,-0.142389819,0.0727872956804728,-0.1621958164842329,0.0571557498299999,-0.0701719916579204,-0.1677640978872432,-0.0565935200466666,0.0951082296539169,-0.4915682057175635,0.0421204789066666,-0.0338330628978712,-0.4266359021452872,-0.08812883685,0.0949378812333434,-0.7627412183955425,0.2258247771333333,-0.0727144646721291,-0.7642294013174421,0.04844382999,0.0796431333672664,-0.7892842634364217,0.2482257485333332,-0.0745066908562818,-0.7923828181224238,0.0210828506099666,0.1296829545243541,-0.809693781316935,0.2150990019333333,-0.054399093645811,-0.8152071605017879,-0.0699364562966666,nijmegen_nijmegen_rennen_g_ch1_g11_compr.mp4,ch1g11,3.065148161537815e-05,3.278681502781238e-05,8.181195035615051e-05,1.5165391708735351e-05,2.1272784712862685e-05,3.796925326752862e-05,8.253002231249087e-05,8.701629205705413e-06,1.4231892582716307e-05,1.380397884017394e-05,4.568805011452834e-05,1.5697012387486994e-05,8.539480477113796e-05,8.197983502391272e-05,1.483543168153282e-05,5.915864571118333e-06,2.5271114097641043e-05,5.769937429258226e-05,1.3036968953383922e-05,8.617763963599974e-05,4.280048863167572e-05,8.379205699595784e-05,8.539684901889777e-05,6.307127117357865e-05,1.7557906887460095e-05,6.642482093399423e-06,6.888441082762055e-05,4.50302920633846e-05,9.261845049542012e-06,5.37754192801631e-05,6.604329010175948e-06,5.083280112641117e-05,3.5310765684525345e-05,5.9605214384636755e-05,2.1868759767307676e-05,-0.000391385771135,-0.0002895216282917,-0.0003003706700001,-0.0002893138108771,-0.0003527442614472,-0.0003648416988038,-0.0003620090892897,-6.323410276720459e-06,-0.0002514659104652,-0.0002682235822619,-0.0003545318348164,0.0001185257381583,-8.580451600392322e-05,-4.2556230477121014e-05,5.414264294386798e-05,-0.0006175206242357,0.0005732231454906,-0.0007074664648566,0.0006134653051659,-0.0006194956693786,0.0007379289793544,-0.0005961360899155,0.0006567609440091,-7.087892615887273e-05,7.218329630292493e-05,-0.0001292046425411,3.8891271445391166e-05,-1.797562583581032e-05,-0.0002093966649806,2.768102314515891e-05,-0.0002225074142088,0.00021164361876,-9.472158849339304e-05,1.8839265099866117e-06,-8.190504602906784e-06,-2.573854616796664e-06,-8.48110435155225e-07,-2.267151133854762e-06,-9.287250840736018e-06,-2.5972938776452737e-06,2.700343696275911e-07,-3.573996992930077e-06,-1.428788672194041e-06,-1.6832596200430558e-06,1.3578593922724445e-07,-2.957605660277232e-06,-2.5471942196641626e-06,-4.327979855793758e-06,2.056650455304393e-07,-4.1997412805928685e-06,-2.5240969972618006e-06,2.5801214242735153e-07,-3.051811651254791e-06,-1.0578315759885725e-05,-3.3454756485076096e-06,-2.929741722297989e-06,-1.312216293268973e-06,-1.7612174004156452e-06,-4.628174743868494e-07,-1.8983587481153737e-06,-1.6978536248903383e-06,3.574222829753934e-07,-2.7125861749653432e-06,-4.530780826393007e-07,4.281834913900097e-07,-8.803857976902154e-06,-2.423160707919519e-07,4.1032939154030226e-07,-4.672061677753507e-07,3.16279167592195e-07,-2.592747447534588e-07,1.9033099128696452e-07,-4.580688041473737e-07,-1.908012231271761e-07,5.149232905219628e-07,-1.5718825331717533e-07,4.680339664182875e-07,-5.005077024421157e-08,-4.885281192909676e-07,-4.782390683826582e-07,6.821135370147908e-07,2.4332359812063736e-08,-3.406880518487338e-07,4.5961156939144235e-07,3.318598081495631e-08,-4.732267076650218e-07,1.0923060990748777e-07,-2.45195315608981e-07,-4.925518008382388e-07,-2.644636439174325e-07,-1.9237969443285793e-07,-1.3226054980966026e-08,-2.649366086109525e-07,4.162119827300263e-07,1.3398427276579613e-07,5.522360744142945e-07,-1.0632367926099296e-08,-4.455700050054958e-07,4.2922260941813074e-07,9.523203312759496e-07,movement,no movement,no movement,no movement
7050.000000000039,0.0232052432268503,0.3014714239869833,-0.2865698975333333,0.032721370227286,0.3196759462976201,-0.2815269902333333,0.0356367530595418,0.3199541961496789,-0.2709536445333333,0.0340402170750454,0.3197021911594155,-0.2742970610333333,0.0165687525882129,0.3290616304163428,-0.3042308477666666,0.0182200042546302,0.3269074553460643,-0.3171950727,0.0219753712733842,0.317399934307996,-0.2970397275333333,0.0579478397299183,0.3315205471789034,-0.1715482130999999,-0.0498043437516996,0.2988219058823055,-0.2128264999,0.0424466125428637,0.3002942805830113,-0.2290576742666667,0.0142358499911566,0.2737471801856136,-0.2702520823333333,0.1203966939566635,0.2210473024208698,-0.0242088671446666,-0.1237012963686327,0.2755776056420127,-0.0335594093833333,0.1601682720821347,0.059287609550068,-0.0783888889266666,-0.1729754449444415,0.0402659190234257,-0.0530245074399999,0.13171738860885,0.0904200472928997,-0.1853907736333333,-0.1450093436438914,-0.0826571977216378,-0.1170355896133333,0.1112063132428109,0.1068563077586505,-0.2023395047,-0.1108428785065124,-0.106040938389577,-0.1605498768333333,0.100175822690194,0.1345967981175234,-0.2076490648333333,-0.0806479512003866,-0.0690283459854022,-0.1736937080666666,0.130075966798489,0.091128345053704,-0.1895348261333333,-0.1287451780949463,-0.0741349166142827,-0.140733391,0.0728656119159402,-0.16226606238707,0.0569085974299999,-0.0702501901982108,-0.1676927927504867,-0.0563445538066666,0.0951586827927805,-0.4916957043059966,0.04177724208,-0.0340380067244375,-0.4265924583000626,-0.0884105579566666,0.0952075959826181,-0.7627405566656845,0.2253574414666666,-0.0726544800079844,-0.764434536496366,0.0472292175166666,0.0799644119320061,-0.7892353249218363,0.2477119326666665,-0.0743822589567111,-0.7926020784900718,0.0197535351296333,0.1299612065305354,-0.8094703151908317,0.2144658153333333,-0.0544466805092927,-0.815278843152957,-0.0714341411433333,nijmegen_nijmegen_rennen_g_ch1_g11_compr.mp4,ch1g11,3.276421072806052e-05,2.5032143133210613e-05,7.924349920277117e-05,1.4320515439336756e-05,1.8418874357919853e-05,2.9038749074345516e-05,7.996765219174633e-05,8.822975549305528e-06,1.1316810712313925e-05,1.2256854737457111e-05,4.415335516877017e-05,1.5870073289658422e-05,8.231437917808457e-05,7.943447928538895e-05,1.089797586152851e-05,6.6366085669574116e-06,2.113464315754898e-05,5.544140835999263e-05,1.3402381350838364e-05,8.30273062127305e-05,3.290518734910637e-05,8.049407896252794e-05,8.234325735495098e-05,6.18619357662384e-05,1.5385314230347735e-05,6.151801440290843e-06,6.698815613994278e-05,4.347869188532636e-05,9.41543211002447e-06,5.154879197479469e-05,6.12895025270382e-06,5.1084624651619595e-05,2.7420467298902436e-05,5.329960485995584e-05,2.040420838552284e-05,-0.0003821050927466,-0.0002794048557425,-0.0002897160494546,-0.0002791951367103,-0.000344183300272,-0.0003560101223813,-0.0003530734344863,-3.691471357533987e-06,-0.0002583949570273,-0.0002627075402834,-0.0003515704009333,0.0001204065402911,-0.0001203616624459,-2.623556092283856e-05,-2.447871844774072e-05,-0.0005795819693765,0.0004199732900767,-0.0006688692646942,0.0004461118010071,-0.0005899746322843,0.0005479075939887,-0.0005630448539677,0.0004945965775888,-6.624762781230368e-05,6.73616081725707e-05,-0.000130063244333,2.816574831536291e-05,-1.7312951801065253e-05,-0.0002110803900301,2.591391738106547e-05,-0.0002247098736567,0.0001898649230379,-0.0001009282667241,1.547940194533031e-06,-7.447375728695571e-06,-3.038255183774946e-06,-4.155885520736033e-07,-2.4300452959264297e-06,-8.70961455517166e-06,-3.0537858874968785e-06,7.795581623624283e-08,-2.92637029345118e-06,-1.5389097533183911e-06,-1.2043268734278522e-06,1.2357975003724334e-07,-3.442249637588408e-06,-3.02494118016165e-06,-3.6002960521664557e-06,3.2332958280936877e-07,-4.281804531323184e-06,-1.998167510102157e-06,2.984464295649208e-07,-3.5194522935481853e-06,-9.958556372269774e-06,-3.5762235594787123e-06,-3.4192807925500524e-06,-1.5811411799975382e-06,-1.8476716280958912e-06,-4.58547643146743e-07,-2.1745455558452867e-06,-1.2951736535135876e-06,4.300824064653107e-07,-1.93581568393869e-06,-4.4609125394454257e-07,-1.300928980209115e-07,-7.924185985918485e-06,-3.480545835301922e-07,8.913798056074851e-07,-4.774862630730359e-07,3.6612246237961876e-07,-2.4044752153932593e-08,7.69082603649345e-07,-4.700502390807829e-07,-1.668608375752256e-07,6.599371306551475e-07,-7.825398080477447e-08,4.5044178916800955e-07,-2.2132955065465968e-08,-4.979587545516665e-07,-4.886434474890955e-07,7.550242477895331e-07,3.5047599616184975e-08,8.374607395136502e-09,4.653766275333089e-07,2.3063000886813723e-08,-4.81310755564238e-07,8.07216788317043e-07,-2.743962338905607e-07,-5.055432999206839e-07,-3.298666293848547e-07,1.4478807304900956e-08,9.898164271403693e-09,-3.277524769724976e-07,3.9588852320979923e-07,9.842322445570572e-08,6.194282284342744e-07,1.1631829323991688e-08,-5.389904662116258e-07,9.692938287713228e-07,1.2866207494297374e-06,movement,no movement,no movement,no movement
7066.666666666706,0.0219508778319241,0.3011007291122438,-0.2875203194333334,0.0314509592268677,0.3194058083185104,-0.2825742130333333,0.0343752647382536,0.3196735774809245,-0.2719929945666667,0.0327788935165106,0.3194312399990668,-0.2753310709666666,0.0152602841868836,0.3287209110121437,-0.3051155933,0.0169146385599199,0.3265563260344761,-0.3180798599333333,0.0206600290031258,0.3170525877183469,-0.2979136975333333,0.0573851532092679,0.3315132895259884,-0.1726749936999999,-0.0506416374590951,0.2985343208918942,-0.2130911380666666,0.0414699769865426,0.3000359829867075,-0.2300621650333333,0.0131885007065807,0.2733966072452002,-0.2710440517333333,0.1205210785401052,0.2211612355057882,-0.0249810335989999,-0.123649699390728,0.2754061084665803,-0.0334938636433333,0.1603549376215312,0.0592610852599222,-0.0789652612466666,-0.172776807316981,0.0401848935011568,-0.0526009055499999,0.1312975214972352,0.0898958241040107,-0.1857487641,-0.1450100288205442,-0.082250546300616,-0.1170050683133333,0.1105876815209767,0.1062419513623812,-0.202684858,-0.1108321640669608,-0.1055849882653581,-0.1606130721666666,0.099567946198154,0.1340567262762184,-0.2080080675999999,-0.0807092716717879,-0.0684608634988285,-0.1737413917666666,0.1296119327745346,0.0906077465625378,-0.1898860002999999,-0.1287643617156104,-0.0736567765622475,-0.135666355,0.0729450425618212,-0.1623257381751814,0.0566788555499999,-0.0703298463586228,-0.167631858351191,-0.0561121323833333,0.0952542651843967,-0.4918104036509476,0.0415921098666666,-0.0342375664709776,-0.4265472794748759,-0.0886022006866666,0.0954788123762023,-0.7627142668158693,0.2252052355666666,-0.0726107958372559,-0.7646245769657443,0.04636433127,0.0802870950315565,-0.7891704110206287,0.2475383554999999,-0.0742778388854288,-0.7928057338420806,0.0188211429614333,0.1302434482753501,-0.8092547421009265,0.2141416022999999,-0.0545257618724975,-0.8153824239394541,-0.0725056259033333,nijmegen_nijmegen_rennen_g_ch1_g11_compr.mp4,ch1g11,3.4285873488922544e-05,1.7972958632183234e-05,7.608532136529051e-05,1.4217875992364832e-05,1.5329708483695263e-05,2.0624863305552013e-05,7.681759839859183e-05,8.803748830443392e-06,9.009005330394246e-06,1.0605056705401424e-05,4.314728158615615e-05,1.585736322860611e-05,7.869466652012131e-05,7.627475858260001e-05,7.80862479589907e-06,6.8204520376737365e-06,1.6936703988301487e-05,5.3726186573913146e-05,1.3543833511505344e-05,7.935453667430753e-05,2.3608130297513652e-05,7.696314510322849e-05,7.873988057563817e-05,6.028519644799832e-05,1.3021097026441944e-05,5.6819022854571465e-06,6.481092700016963e-05,4.222155322575978e-05,9.77202948679928e-06,5.009572966101301e-05,5.675798124482098e-06,5.069916692588301e-05,2.020510860466217e-05,4.867041624772927e-05,1.8787878910600588e-05,-0.0003713477848053,-0.0002692885202771,-0.0002788001505625,-0.0002689630409166,-0.0003335551050293,-0.0003450551312392,-0.000341854720665,-4.4881104369546405e-06,-0.0002612708731656,-0.0002571300603204,-0.0003465979773992,0.0001182106020078,-0.0001511097185349,-2.110867949122484e-05,-9.446398394639204e-05,-0.0005498146340955,0.0002749462607655,-0.0006414032523009,0.0002854977034333,-0.0005715137718112,0.0003690663519004,-0.0005402033637146,0.0003393354914611,-6.14420287717202e-05,6.236235796116566e-05,-0.0001277151364717,1.712279376939955e-05,-1.8497566296109567e-05,-0.0002121019545453,2.211367193484063e-05,-0.0002257841548648,0.0001768755198045,-0.0001010140434114,1.0999073725059865e-06,-6.2811639146378135e-06,-3.58447476314324e-06,9.616926514215976e-08,-2.4994847230140604e-06,-7.62026474084828e-06,-3.5899095653578867e-06,-9.004099073433477e-08,-2.175172064607425e-06,-1.5775072767762848e-06,-9.043113710727724e-07,1.593101868560965e-07,-4.029194606917279e-06,-3.5816273949252283e-06,-2.8157623683598963e-06,3.957382493668988e-07,-4.142097496375159e-06,-1.631958460942348e-06,3.5159083758070277e-07,-4.086982001294054e-06,-8.726790719131135e-06,-3.933345054196843e-06,-4.0136807656692185e-06,-1.9649361255792232e-06,-1.8690227055677568e-06,-4.326433463677022e-07,-2.5826604532700005e-06,-1.068202171985997e-06,4.46824168548462e-07,-1.30702304675358e-06,-4.192033397098109e-07,-7.948177585846329e-07,-6.579679666549694e-06,-3.969873331257349e-07,1.3090360962221873e-06,-4.458162333087051e-07,3.622271074386259e-07,1.7725257689255875e-07,1.291758175066711e-06,-4.413651147813689e-07,-1.297175728400231e-07,7.63973284377109e-07,1.6561296222221625e-08,3.251963480091961e-07,-6.423457626138995e-09,-4.664273898018619e-07,-4.5493589181574354e-07,8.134784649047413e-07,8.901016389513982e-08,3.283200148292496e-07,3.559358458185165e-07,9.899932771570356e-09,-4.505011665688912e-07,1.4388897907557231e-06,-2.9433357620525976e-07,-4.745573101295917e-07,-3.610830588527245e-07,1.776541388436011e-07,2.8144738267637746e-08,-3.659597907718963e-07,2.9596384536492666e-07,5.460474298378469e-08,5.264026710928101e-07,2.837005780154952e-08,-5.744981802636841e-07,1.4366572446612846e-06,1.6106290042101396e-06,movement,no movement,no movement,no movement
7083.333333333373,0.0207463271381433,0.3007426450228856,-0.2881149036000001,0.0302114051721969,0.3191493905807143,-0.2832787319666667,0.0331456177801196,0.31940824775176,-0.2726896948666666,0.0315509606102101,0.3191755020802343,-0.2760286767666666,0.0140015565398173,0.3283998921351549,-0.3057000397,0.0156600618453014,0.3262241992591784,-0.3186594286666667,0.0193936609760595,0.3167228115877883,-0.2984893443,0.0567850804484785,0.3315165473876983,-0.1735337322333333,-0.0514756722995236,0.2982682553641983,-0.2131980429666666,0.0405079552181131,0.2997888903899262,-0.2307164114666667,0.0121753742205936,0.2730582713775337,-0.2715409974999999,0.1205192649622894,0.2212786155180902,-0.0256307009599999,-0.1236082144161193,0.2752391726455155,-0.0333144255999999,0.1604356692993992,0.0592341707145856,-0.0794659247666666,-0.1725808693021027,0.0400804761142425,-0.0521458371266666,0.1308302306610152,0.0893754461894638,-0.1859253687666666,-0.1449992320548498,-0.0820711865560104,-0.1167297594133333,0.1099437612296468,0.1056299507752217,-0.2027967915666666,-0.110803913302875,-0.1054238930436319,-0.1603215215,0.0989453684000921,0.1335021440725184,-0.2081032035666666,-0.0807558447444695,-0.0682491758107008,-0.1734338044666666,0.1291165949045057,0.0900920394759679,-0.1900353074666666,-0.1287747942689027,-0.0734301517745365,-0.125322819,0.073010854072061,-0.1623833291532865,0.0564578389199999,-0.070394839277462,-0.1675730551634401,-0.05589000959,0.0953293974417938,-0.4919285853006016,0.04119365232,-0.0343841177204745,-0.4265367255174496,-0.0888808742566666,0.0956788524754869,-0.762737908089235,0.2244035709666666,-0.0725723433810514,-0.7648426217731195,0.0452089972433333,0.0805269505555775,-0.7891570315173055,0.2466617713333332,-0.0741860678490107,-0.7930371572138022,0.0175724888937,0.1304327068258826,-0.8090970458359329,0.2131441155999999,-0.0545763698430575,-0.8155175867576133,-0.0738365927766666,nijmegen_nijmegen_rennen_g_ch1_g11_compr.mp4,ch1g11,3.5062633670911374e-05,1.2255040207397525e-05,7.20592503039441e-05,1.4744931572446202e-05,1.2897609768725905e-05,1.3606582642416311e-05,7.278554284941813e-05,8.724680040323022e-06,7.254891993697972e-06,8.946896815161576e-06,4.202846380082557e-05,1.6187242386682834e-05,7.422255984248684e-05,7.223572678218884e-05,5.501203250669398e-06,7.097750526038338e-06,1.293441216990248e-05,5.187873026406806e-05,1.4033466638312608e-05,7.482883227070026e-05,1.559911753206506e-05,7.279033953603717e-05,7.428201571937128e-05,5.797819459639664e-05,1.1133944235999982e-05,5.274784831781045e-06,6.191531348925137e-05,4.089042842508292e-05,1.0271194115257944e-05,4.868240255272527e-05,5.285552051337216e-06,4.939077611311721e-05,1.4314201442461889e-05,4.54960370972358e-05,1.7913762869341278e-05,-0.0003548357458123,-0.0002561108074993,-0.0002646743763184,-0.0002556753987205,-0.0003176983074079,-0.000328919693145,-0.0003256454586745,-6.406271627116076e-06,-0.0002566436120784,-0.0002478772987931,-0.0003353333466497,0.0001121412757162,-0.0001719459800574,-2.6650028968226717e-05,-0.0001561509857798,-0.0005196540872882,0.0001420224174562,-0.0006119671902544,0.0001374820733889,-0.0005529102050442,0.0002052770950965,-0.0005161028108274,0.0001974788344393,-5.709815773770943e-05,5.781954032644698e-05,-0.0001244626234252,3.0501798605238728e-06,-2.352435321106536e-05,-0.0002187220248905,1.4566786779562212e-05,-0.0002325676375423,0.000162069467049,-0.0001030964828216,6.303061611661423e-07,-4.565703371762213e-06,-4.173546321025838e-06,6.041760447601406e-07,-2.1928170059721115e-06,-5.863038289042265e-06,-4.176343294833368e-06,-1.566613876578665e-07,-1.325566605682122e-06,-1.477319451662255e-06,-7.475835488988532e-07,2.5517252242163e-07,-4.652491758790416e-06,-4.17937225041218e-06,-1.8952454838045811e-06,5.41750059079214e-07,-3.6261573118912586e-06,-1.467584980618937e-06,4.202043103981798e-07,-4.698816469985923e-06,-6.639188153403702e-06,-4.391968393185778e-06,-4.647807446555398e-06,-2.4489497526413056e-06,-1.5811144524077188e-06,-3.898700995772966e-07,-3.0946060461047853e-06,-9.542438574494394e-07,5.260197672003951e-07,-9.326217270367864e-07,-3.772019990027891e-07,-1.4821191205943468e-06,-4.618828367172217e-06,-3.817717558478461e-07,1.5954626587939234e-06,-3.585807521948216e-07,2.949401197076923e-07,3.077003024716418e-07,1.6741945040110089e-06,-3.5763634647101893e-07,-9.126726091985169e-08,8.149810751602238e-07,1.072738804730304e-07,1.3317153002526325e-07,-2.2917423566562278e-08,-3.7788963070709266e-07,-3.644942884897482e-07,8.399255627166013e-07,1.4928637487501353e-07,5.997572012313518e-07,1.6946205005409497e-07,-2.636138000930337e-08,-3.641696841336345e-07,1.9193071387390357e-06,-2.770654683916118e-07,-3.837615612823872e-07,-3.423082156653902e-07,2.7205773272122425e-07,3.8991489853252355e-08,-3.567475584266713e-07,1.456610391734655e-07,2.601292679941296e-09,3.071359170872206e-07,3.740417221117464e-08,-5.342008398582954e-07,1.7562047619093922e-06,1.832807370963151e-06,movement,no movement,no movement,no movement
7100.00000000004,0.0196284339806325,0.3003865708126594,-0.288374004,0.0290643665468719,0.3188923012261903,-0.2836717918333333,0.0320095052396423,0.3191433262564236,-0.2730736734,0.03041649653406,0.3189196900927284,-0.2764225065333333,0.0128594861408961,0.3280810049280693,-0.3059756138333334,0.0145233138331669,0.3258941317421279,-0.3189263054999999,0.0182433762472194,0.3163953860743519,-0.2987583877666667,0.0561865613982439,0.3315073259483493,-0.1741602356333332,-0.0522212589589855,0.2980128993602359,-0.2132022103333333,0.0395934136979105,0.2995414521117197,-0.231060142,0.0112378973296504,0.272722091924562,-0.2717352818333333,0.1205095031972164,0.2213925395446475,-0.0261739388799999,-0.1235936118959455,0.2750571204908296,-0.0331185295333333,0.1605192557142854,0.0591993787642477,-0.0799646334766666,-0.1724162264891921,0.0398634285274945,-0.0517022904033333,0.1303653904705283,0.0888551654037475,-0.1862124883,-0.144983801523132,-0.0820429750135241,-0.1166683378133333,0.1093065794200955,0.1050100562957385,-0.2030603797,-0.1107591653574198,-0.1054336609921411,-0.1603170745,0.0983246969728147,0.1329398318002715,-0.2083616935,-0.0807722053185713,-0.0681987605346824,-0.1734128877,0.1286238039529149,0.0895732574623978,-0.1903049385333333,-0.1287773296710706,-0.0733492019779581,-0.109554693,0.0730739181730546,-0.1624376055314762,0.0562349683366666,-0.0704566725101045,-0.167518067346641,-0.0556654133266666,0.0954050445344654,-0.4920431463674589,0.0403645361266666,-0.0345143779436473,-0.4265523181883101,-0.0893270935033333,0.0958371637700675,-0.7627625551444838,0.2231065088333333,-0.0724827958132948,-0.7650683266124434,0.04395211435,0.0807120813186037,-0.7891443088280226,0.2452922547999999,-0.0740402669107549,-0.793275239060984,0.0162224993240533,0.130579700581849,-0.8089394252966301,0.2116976410333333,-0.0545941961677124,-0.8156304926575088,-0.07521814599,nijmegen_nijmegen_rennen_g_ch1_g11_compr.mp4,ch1g11,3.52286290088528e-05,7.88755881024577e-06,6.760140277919836e-05,1.565366422641032e-05,1.1209612462676807e-05,8.077112829908352e-06,6.831610451583428e-05,8.591217356735263e-06,6.24831539865725e-06,7.606884552522063e-06,4.113078308700834e-05,1.6575425306943706e-05,6.936245509917204e-05,6.776161638933389e-05,4.014395409730177e-06,7.318028127479693e-06,9.794382085758936e-06,5.027918026738937e-05,1.4519039150839442e-05,6.99200868092377e-05,9.177271732359914e-06,6.831822642139015e-05,6.942203696270044e-05,5.527763717942451e-05,9.944219364340818e-06,4.930857797736859e-06,5.862111723133145e-05,3.9760281244395894e-05,1.0882875904975834e-05,4.767687233525088e-05,4.955124713927124e-06,4.750438172212924e-05,9.765898068901924e-06,4.363766862284701e-05,1.75980111555181e-05,-0.0003380921614355,-0.000245016834677,-0.0002528475920729,-0.0002447552231241,-0.0003041807703162,-0.0003148654040084,-0.0003111045649813,-1.1348987178924475e-05,-0.0002531836459378,-0.0002392588445198,-0.0003237278023437,0.0001025684024507,-0.0001887139928755,-3.813260537994087e-05,-0.0002113783659298,-0.0004996342458709,2.2953819967977328e-05,-0.0005926104313995,4.093445359199708e-06,-0.0005434905444574,5.868932601487249e-05,-0.0005020872632345,7.096944276979036e-05,-5.3377852494497616e-05,5.40296107303024e-05,-0.0001211699755036,-1.1600533057827765e-05,-3.314990356165194e-05,-0.0002267579177915,1.4157783852548446e-06,-0.0002405209030762,0.0001394504192204,-0.0001154287572453,2.0856283607956718e-07,-2.645923326591331e-06,-4.553931221676752e-06,9.183043237320104e-07,-1.769998304257245e-06,-3.8348723142923505e-06,-4.558126272409388e-06,-1.675841785188037e-07,-5.065689861782932e-07,-1.304033182973685e-06,-8.291640629504235e-07,2.5776831977223306e-07,-5.036145429305213e-06,-4.565153163726028e-06,-1.0618232673094313e-06,7.031748923024606e-07,-2.9577171817524177e-06,-1.5182358841111452e-06,4.0390258980741195e-07,-5.073430620279867e-06,-4.218273873252238e-06,-4.717200576437444e-06,-5.039221631366275e-06,-2.841644261559177e-06,-1.240414101241066e-06,-3.398249430246791e-07,-3.489452766987992e-06,-1.0044939767886974e-06,5.606809183270319e-07,-9.080961975886546e-07,-3.300920040108238e-07,-2.0041391554631977e-06,-2.5084825208760276e-06,-3.164978132134045e-07,1.7022559002198604e-06,-2.190373834466279e-07,1.7105796730729133e-07,3.570993599332639e-07,1.8518043068978985e-06,-2.217246926679683e-07,-6.024983808720524e-08,8.040004329360793e-07,1.71686405469886e-07,-6.40638058920575e-08,-6.338420274856506e-08,-2.351754848989358e-07,-2.2151072568192474e-07,8.289987429246039e-07,1.977336076145434e-07,7.789097298128439e-07,-2.9011219724534177e-08,-7.526142394812662e-08,-2.245200349239921e-07,2.157565288005762e-06,-2.085226537426333e-07,-2.367624928881193e-07,-2.766154964032156e-07,2.89924757404734e-07,4.168250602158168e-08,-2.960551933556337e-07,-4.140103773773083e-09,-5.594495485144907e-08,4.599378100384386e-08,3.851873964254552e-08,-4.31156824076522e-07,1.8691070974601973e-06,1.901102846834558e-06,movement,no movement,no movement,no movement
7116.666666666707,0.0185345170984362,0.3000655486216361,-0.2882850013666667,0.0279482614656807,0.3186601875962961,-0.2836886668999999,0.0309056709984488,0.3189041546994327,-0.2730829220666667,0.0293139649238752,0.3186880560036404,-0.2764410634333333,0.0117535020208363,0.3277925244578932,-0.3058671433000001,0.0134221314332992,0.3255949220297123,-0.3188025860999999,0.0171295741328563,0.3160996660679832,-0.2986424408666667,0.0555895376210872,0.3314964353402421,-0.1744003658666666,-0.0529501674493637,0.2977788471581877,-0.2128633887333333,0.0386913787946969,0.2993148534496481,-0.2310580821333333,0.0103170002395116,0.2724155718660812,-0.2715697498,0.1204571515031664,0.2214993730008672,-0.02641235808,-0.1236055901425904,0.2748768397704864,-0.0326860532566666,0.1605290841743046,0.0591630139730902,-0.0801385754766666,-0.1722610899292869,0.0396307721968182,-0.05100491693,0.129907918621712,0.0883424171701161,-0.1861395232666666,-0.1449604392638624,-0.0820950625293063,-0.11602962638,0.1087047107756733,0.1044020721804248,-0.2029411237,-0.1106953638119244,-0.1055278343031957,-0.1596636143666667,0.0977323327034451,0.1323709688691569,-0.2082303665666666,-0.0807729392750517,-0.0682472881089778,-0.1727502136999999,0.1281431562868918,0.0890609075757248,-0.1902138924333333,-0.1287715860348609,-0.0733523427437789,-0.110112034,0.0731341662118138,-0.1624900941821483,0.0560116197999999,-0.0705152676603003,-0.1674654408208618,-0.0554398923233333,0.0954791527275553,-0.4921654679643645,0.03944926086,-0.0346213632544556,-0.4265821948730026,-0.0897960772533333,0.0959238421792321,-0.7627965898655334,0.2217884907,-0.0723867828346869,-0.7652930783630346,0.0427995703766666,0.0808110007442163,-0.7891423977071217,0.2439150477666666,-0.0738910223342948,-0.7935117801582479,0.01499094173472,0.1305773499647269,-0.8088172946433513,0.2102543001666666,-0.0546245022877696,-0.8157360401854542,-0.0765152582966666,nijmegen_nijmegen_rennen_g_ch1_g11_compr.mp4,ch1g11,3.5096770237422885e-05,6.248173625705268e-06,6.280893800741602e-05,1.6997758581093527e-05,1.006178415879624e-05,5.335037002293696e-06,6.351031943749456e-05,8.43318267221388e-06,6.001341971161832e-06,6.4352988914446105e-06,4.039683968313362e-05,1.6834733937437455e-05,6.412329628327327e-05,6.296183022363963e-05,3.0262944786300386e-06,8.21157734666092e-06,7.275750764367985e-06,4.88519273877036e-05,1.4943326373575112e-05,6.463419208451377e-05,6.116248160061835e-06,6.340051125598638e-05,6.41702155033882e-05,5.219659539131073e-05,9.174270599824883e-06,4.627913402414296e-06,5.49055209618676e-05,3.886220549967293e-05,1.152595188237386e-05,4.69778070815159e-05,4.6586091539615165e-06,4.5185154115919545e-05,8.251672379092275e-06,4.298130925190964e-05,1.7534829458708652e-05,-0.0003200602311429,-0.0002336554195095,-0.0002406662586323,-0.0002336131297306,-0.0002896225124937,-0.0002998745823465,-0.0002958159012401,-1.5724889070543325e-05,-0.0002460312297678,-0.0002295147166761,-0.0003099883074523,9.387767886589164e-05,-0.0001975625520132,-4.508613102020455e-05,-0.0002483430565933,-0.0004812509639684,-6.471277383082952e-05,-0.0005704362743557,-9.274846312139086e-05,-0.0005327564357463,-4.880919413556524e-05,-0.000488024665489,-2.284054468824483e-05,-5.037084079121653e-05,5.1008007966457094e-05,-0.0001189943314995,-2.5810831494307095e-05,-4.508606117685119e-05,-0.0002340542761403,-1.4234918473724535e-05,-0.0002479982645603,0.0001036658880321,-0.000134933808528,-1.1217489174397045e-07,-8.434616553181808e-07,-4.771044462883679e-06,1.0251471544468316e-06,-1.2116731712389416e-06,-1.7877217565695771e-06,-4.781506672659977e-06,-1.732439906122262e-07,2.225168880285803e-07,-1.0733290812348472e-06,-9.820919247557294e-07,2.0463194973086813e-07,-5.248282432055795e-06,-4.783135028729725e-06,-2.650936310549033e-07,9.259689550160314e-07,-2.0462925909819024e-06,-1.6337718223877753e-06,3.3397994795084673e-07,-5.279687224229401e-06,-1.8936603834698203e-06,-4.958106548335734e-06,-5.25432491717345e-06,-3.1516969042208537e-06,-8.18001783060934e-07,-2.953721924047951e-07,-3.7998390886191658e-06,-1.0362375709256326e-06,5.438145002788069e-07,-1.0824934085651493e-06,-2.903467193968219e-07,-2.3729444715419074e-06,-6.059655561190752e-07,-2.26843596760988e-07,1.582575193244935e-06,-3.7517834654751795e-08,5.123615188559779e-09,3.449269403263196e-07,1.778681625568611e-06,-4.352858141657214e-08,-3.9677331391240536e-08,7.313245334755237e-07,2.0648379065650034e-07,-2.4264308568175917e-07,-1.1635932213717153e-07,-4.5786259540414455e-08,-3.7451356027930736e-08,7.789728227283586e-07,1.9590555318938786e-07,8.751144934063109e-07,-2.1515043177839418e-07,-1.3128682451336414e-07,-3.784288188059128e-08,2.083604466507149e-06,-8.118040375271737e-08,-4.210334647349405e-08,-1.696751715776256e-07,2.5574834307139076e-07,3.753514255787005e-08,-1.8518312953140392e-07,-1.4159805815329056e-07,-1.1537715607370098e-07,-2.1658132112063734e-07,3.3545821720528974e-08,-2.864795471556494e-07,1.7226371446704254e-06,1.769581634830395e-06,movement,no movement,no movement,no movement
7133.333333333374,0.0175738193006363,0.2997714384904232,-0.2882017833333333,0.0269643255136834,0.3184460498976254,-0.2836782251666666,0.0299341795529088,0.3186845684240991,-0.2730661721666667,0.0283433005895663,0.3184744302404638,-0.2764319459000001,0.0107827199615242,0.3275315519661818,-0.3057508665666668,0.0124553415608636,0.3253227478248959,-0.3186728565666666,0.0161521553155051,0.3158316943352044,-0.2985187781,0.0550066820239685,0.3314827529617739,-0.1745425010999999,-0.0536238724747346,0.2975562188752643,-0.2125253114666666,0.0378783747156338,0.299101523629761,-0.2310409353666666,0.0094930253388955,0.2721286288594051,-0.2714158195666666,0.1203860132650308,0.2215864228304592,-0.0265150840133333,-0.123646569782157,0.2746865342888079,-0.03228123043,0.1605402455390384,0.059116368466659,-0.0801277917533333,-0.1721111710683011,0.0393605259040112,-0.05032858936,0.1294685501563661,0.0878609653535983,-0.1859188326,-0.1449102406704727,-0.0822366578913787,-0.1154499118466666,0.1081274050100212,0.1038325466909435,-0.2026874428666666,-0.1105973460467513,-0.10570351584499,-0.1591031270666666,0.0971612837522599,0.1318357991202098,-0.2079664471333333,-0.0807357487590343,-0.0683792151313743,-0.1721834957333333,0.1276764658708898,0.0885792006337769,-0.1899792845666666,-0.1287368751679027,-0.0734472837592329,-0.111190289,0.073191280488412,-0.1625412728518356,0.0558093282166666,-0.0705708603255305,-0.1674139441128574,-0.05523709087,0.0955473024521429,-0.4922912932691131,0.0387675896066666,-0.0347440907211782,-0.4266215020850103,-0.0902876398333333,0.0960421341310042,-0.7628706873708617,0.2209118688,-0.0722828265514996,-0.7655262267449975,0.0417575172733333,0.0809454621745702,-0.7891868275604897,0.2430053757333332,-0.0737363540695717,-0.7937583032105668,0.01389209161472,0.1306331387269075,-0.8087672285561115,0.2092434719666666,-0.0546179508142017,-0.8158754449955139,-0.0776973315266666,nijmegen_nijmegen_rennen_g_ch1_g11_compr.mp4,ch1g11,3.4796963563917834e-05,6.492106169588562e-06,5.793120149843574e-05,1.829639607466213e-05,9.416696410795878e-06,4.727937863332205e-06,5.862125303619992e-05,8.22289261041641e-06,6.498647777210825e-06,5.576341739178583e-06,3.956363694778344e-05,1.7097021629026023e-05,5.872759622947784e-05,5.80745142519114e-05,3.025892591355791e-06,9.266065437409596e-06,5.587707490322741e-06,4.739928481646197e-05,1.5279561908824175e-05,5.9206524147265055e-05,5.484738506140754e-06,5.828345081017547e-05,5.876785236506305e-05,4.891426264765111e-05,8.832451546709647e-06,4.33835205164651e-06,5.0904402810861265e-05,3.807398688678019e-05,1.2168188693311702e-05,4.618279629326028e-05,4.375095344309142e-06,4.2564612589258e-05,8.7283578449053e-06,4.284495367330035e-05,1.7648717019958257e-05,-0.0002940079047003,-0.0002153707029002,-0.0002210829646031,-0.0002150339015509,-0.0002655449978792,-0.0002760611678796,-0.0002720342990241,-1.6540092806968732e-05,-0.0002306605985798,-0.0002128840151742,-0.0002880262110203,8.574336562394899e-05,-0.0001992219458267,-4.9066127710757565e-05,-0.0002740637777606,-0.0004634367547974,-0.0001274048282786,-0.0005447732894885,-0.0001603032927537,-0.0005186035439195,-0.0001226454106278,-0.0004705317822738,-8.845304426883568e-05,-4.799394301557752e-05,4.863230205963884e-05,-0.0001160992895754,-3.805807183846951e-05,-5.6012250942193306e-05,-0.0002399225376228,-2.8375842316782508e-05,-0.0002538609712885,6.35523913247636e-05,-0.0001564768145619,-2.7992555068772293e-07,5.907324546396063e-07,-4.686277311539617e-06,8.847288971486982e-07,-8.274234268244109e-07,-1.1521963722288309e-07,-4.7055830382211865e-06,-1.9012677444991425e-07,8.372141842200368e-07,-8.668123054547709e-07,-1.1945880106270664e-06,4.182289925404177e-08,-5.1580977548894565e-06,-4.6947263878244e-06,4.095877835434691e-07,1.1065875302593835e-06,-1.1257253728266849e-06,-1.849426968179912e-06,1.63630119548234e-07,-5.1835933744529895e-06,-1.3020001172455636e-08,-4.965771521668665e-06,-5.157897495712161e-06,-3.266440011856963e-06,-5.418836264727944e-07,-2.6452845178759897e-07,-3.919202385650862e-06,-1.1244250130455585e-06,4.366474879194915e-07,-1.3986198836663782e-06,-2.6434169747659305e-07,-2.533776129528574e-06,8.701780564246915e-07,-1.31490721997545e-07,1.2841294677230777e-06,1.735660503238639e-07,-1.601361183832062e-07,2.8737817026840097e-07,1.4983002327138172e-06,1.6441765684485505e-07,-2.6430358882033445e-08,6.042813077542819e-07,2.026646931291756e-07,-3.941026236607549e-07,-1.7005944896791856e-07,1.805884641232202e-07,1.7535177808703145e-07,6.701720235252696e-07,1.600189414848767e-07,8.895358399092928e-07,-3.832579581579462e-07,-1.8314400868343877e-07,1.863029380292917e-07,1.7562091604621558e-06,9.971436329102545e-08,1.889392217662533e-07,-2.7492451404661713e-08,1.8830696415506041e-07,2.9637801836952163e-08,-2.6459504495588453e-08,-2.6649896624299e-07,-1.6515581885569693e-07,-4.574489387222281e-07,2.5503233788769596e-08,-1.1578131460444027e-07,1.380506086746298e-06,1.481480444153797e-06,movement,no movement,no movement,no movement
7150.000000000041,0.016668144463426,0.2994973219023131,-0.2879065039333333,0.0260322358074645,0.3182510546703558,-0.2834686671666666,0.0290141553905293,0.3184855945878287,-0.2728500864666666,0.0274244221635126,0.3182810794647779,-0.2762252956,0.0098668276101653,0.3272960215666188,-0.3054354169333334,0.0115431824065108,0.3250746115833864,-0.3183405765666666,0.0152306352625327,0.3155871012385496,-0.2981969925,0.0544255110031073,0.3314743632898746,-0.1745153014999999,-0.054277813923387,0.2973598392928929,-0.2120731665333333,0.0371009547682153,0.2989081563943698,-0.2308202014666666,0.0087096167221772,0.2718636382388306,-0.2710576701666666,0.1202801320690354,0.2216657713683714,-0.0264783096233333,-0.1237024396277175,0.2745020477823924,-0.03184060595,0.1605137770903755,0.0590671608248476,-0.0799833853466666,-0.1719444792706504,0.039079779644925,-0.0496736808433333,0.1290242071870065,0.0873967967522223,-0.1855326630666666,-0.1448017730637936,-0.0823902166725528,-0.1148434887466666,0.1075504609712451,0.1032898978839534,-0.2022300333333333,-0.1104415884919967,-0.105878437092014,-0.1584933442333333,0.0965932916113524,0.131312545452142,-0.2074823570666666,-0.0806483721877248,-0.0685133571716439,-0.1715398728666666,0.12720624830025,0.0881127966332149,-0.1895703112666666,-0.1286516323432913,-0.0735587845084594,-0.112128653,0.0732420268337248,-0.1625897093211106,0.0556321978633333,-0.0706197986357504,-0.16736477284241,-0.05505996325,0.095613941888314,-0.4924053547452553,0.0379785321433333,-0.0348031592259822,-0.4266631632005578,-0.0908158105,0.0961649298281756,-0.7629470120455235,0.219776223,-0.072180264101553,-0.7657834774101556,0.0405948316966666,0.0810858737828167,-0.78923578253478,0.2418204408666666,-0.0735842691914758,-0.7940334091208548,0.01265193453472,0.1307040629612589,-0.8087276431585164,0.2080436617666666,-0.0546004735650959,-0.8160351017605236,-0.0790092587033333,nijmegen_nijmegen_rennen_g_ch1_g11_compr.mp4,ch1g11,3.43082202378608e-05,8.251987421167176e-06,5.3194648875544664e-05,1.9211273181350343e-05,8.986193449618236e-06,5.830387971375843e-06,5.386357507477084e-05,8.000492923157284e-06,7.665105760606353e-06,4.742145281747171e-06,3.84512783944838e-05,1.736118699937937e-05,5.349167546569019e-05,5.3335134267461526e-05,3.866724872814614e-06,1.0693119449918156e-05,5.274124244390369e-06,4.575397431251147e-05,1.5614660198810642e-05,5.395692620672809e-05,6.968354230839037e-06,5.320382050072326e-05,5.3544089284968566e-05,4.552572597589199e-05,8.682177231551867e-06,4.1131048993294074e-06,4.682687800189826e-05,3.713136235874818e-05,1.246910158361272e-05,4.506062917657082e-05,4.144966994127272e-06,3.9801062533460846e-05,1.086221780503642e-05,4.278852586273891e-05,1.7866107987035083e-05,-0.0002587523360408,-0.0001890849999508,-0.0001933599242109,-0.0001884285890651,-0.0002329393297448,-0.0002437128585617,-0.0002400725368237,-1.4296468927689491e-05,-0.0002100499514802,-0.0001894317688927,-0.0002582250165476,7.502547703899409e-05,-0.0001978969621756,-5.866620763565232e-05,-0.0002883608380713,-0.0004410603749545,-0.0001711581213195,-0.0005139518607492,-0.0002063038298858,-0.0004991002253391,-0.0001725592223251,-0.0004459703141023,-0.0001332431245338,-4.6512138117729965e-05,4.72622817284803e-05,-0.0001130113660838,-4.6741576557121285e-05,-6.4335311661416e-05,-0.0002455101223855,-3.892973022500096e-05,-0.0002599066585357,1.6299223688473368e-05,-0.0001816036638621,-3.562287178476698e-07,1.6156641955559004e-06,-4.386021058563947e-06,5.31769792595385e-07,-5.96809931754918e-07,1.123576683700256e-06,-4.418862456781694e-06,-2.288821648587403e-07,1.3440511138402029e-06,-6.481999784295476e-07,-1.6065029717805248e-06,-1.9344711469736785e-07,-4.837209739553878e-06,-4.3903082903140505e-06,1.0779874084768757e-06,1.2672773175237483e-06,-3.2032675165107757e-07,-2.2745565527365864e-06,-6.832724361825539e-08,-4.8586373420025586e-06,1.4117259565948726e-06,-4.773306682427665e-06,-4.823562605549703e-06,-3.215438389940375e-06,-4.087121408446248e-07,-2.380992078868798e-07,-3.856916912208424e-06,-1.394689756912801e-06,2.2606199281088658e-07,-1.941518325829468e-06,-2.4310217177509125e-07,-2.5269842847564287e-06,1.9174821727900848e-06,-4.7845546971682896e-08,8.691007648030829e-07,3.6391599312670624e-07,-2.852938265860321e-07,2.0198220476164807e-07,1.0765245373508169e-06,3.526492064577243e-07,-2.17494132756917e-08,4.355168463273965e-07,1.8043132382327242e-07,-4.852882828587073e-07,-2.0319973174641e-07,3.886208345269827e-07,3.666324343224983e-07,5.109317931701578e-07,8.796795026174243e-08,8.085464660746367e-07,-4.917682851826562e-07,-2.1580680816320293e-07,3.922826517046973e-07,1.2530648580204367e-06,2.843032275311641e-07,4.001181101086486e-07,1.1870219509424446e-07,1.0390061678294055e-07,1.8465613870488273e-08,1.4007180960410348e-07,-3.496148910419925e-07,-1.9232067676830468e-07,-6.106630239277143e-07,1.5240661554394163e-08,4.3290599016968315e-08,9.178085043270652e-07,1.1045408893199842e-06,movement,no movement,no movement,no movement
7166.666666666708,0.0158613905983776,0.2992518243780001,-0.2876616520333333,0.0251950934382205,0.3180759805469159,-0.2832978213666666,0.0281877425010306,0.3183070060411673,-0.2726741216333332,0.0265993788789,0.3181074357891376,-0.2760565488666667,0.0090447597006106,0.3270817883961346,-0.3051535356666667,0.0107242408630204,0.3248487421193938,-0.3180447040999999,0.0144043476305618,0.3153644400362158,-0.2979094497666666,0.0538655105516843,0.3314677973035967,-0.1745169863333333,-0.0548837673750485,0.2971705033596525,-0.2116725165,0.0363997639048923,0.2987320271099314,-0.2306445907666666,0.0080076355532913,0.2716188930003708,-0.270742598,0.120169824096094,0.2217404449909973,-0.0264581793966666,-0.1237602695314229,0.2743139958166225,-0.03145968378,0.1604699295405031,0.0590151342375915,-0.0798590626566666,-0.1717885126555466,0.0387971041482154,-0.0491027524133333,0.1286153808645001,0.0869680876306029,-0.1852448431666666,-0.1446722267610002,-0.0825511063689001,-0.1143364345133333,0.1070192044067324,0.1027844253923424,-0.2019068823,-0.110258983059235,-0.1060655223925559,-0.1579970148666666,0.0960654361024612,0.1308110013895245,-0.2071404822,-0.0805137896266446,-0.0686713614485361,-0.1710146655666666,0.126767746510185,0.0876761590428442,-0.1892655338333332,-0.1285353165227321,-0.0736850246474886,-0.112593032,0.0732900227512583,-0.1626365810280778,0.0554754670799999,-0.0706660741771676,-0.1673170251976009,-0.0549036878799999,0.0956836204322946,-0.4925182713605292,0.0372937167433333,-0.034850008227946,-0.426705667130337,-0.0913086683933333,0.0963042223200793,-0.7630296774625785,0.2187968004666666,-0.0721075046846417,-0.7660357568853344,0.0394818216233333,0.0812426196296367,-0.7892923441298286,0.2407956055666666,-0.0734731908767159,-0.794301935567791,0.0114685061070533,0.1307934267602738,-0.8087035376993715,0.2069641704999999,-0.0545753526415636,-0.8161955503036323,-0.0802906090566666,nijmegen_nijmegen_rennen_g_ch1_g11_compr.mp4,ch1g11,3.3640554044576225e-05,1.0742350417792334e-05,4.8757678629382806e-05,1.9560230864373133e-05,8.183556337988818e-06,7.912426439397903e-06,4.939561191726242e-05,7.959980976833562e-06,8.996959890637693e-06,4.23502710429597e-06,3.68853937857195e-05,1.7017913381954726e-05,4.863212000065073e-05,4.889790860028714e-05,5.045116430265165e-06,1.203609888719722e-05,5.097973419349764e-06,4.35275732428747e-05,1.5415364394555556e-05,4.9088881815742607e-05,9.565349189444931e-06,4.832263097496298e-05,4.867981693886338e-05,4.213334334877117e-05,8.134955189271607e-06,3.902245966128531e-06,4.2863116688295006e-05,3.581429967418941e-05,1.2818521363772413e-05,4.2922022247368986e-05,3.927288651624949e-06,3.722001468383589e-05,1.3793596976588809e-05,4.249844685295915e-05,1.7430173703907494e-05,-0.0002150713090442,-0.0001553703629823,-0.0001582257232535,-0.0001544054840464,-0.0001933142344982,-0.0002040997191093,-0.0002009709359046,-9.68710304954444e-06,-0.0001879846477202,-0.0001597948811225,-0.0002218825712098,6.230332644432901e-05,-0.0001972939775405,-7.23183451483362e-05,-0.0002978894016692,-0.0004103009900305,-0.0001999904254868,-0.0004727512491215,-0.0002329579933246,-0.0004680666006859,-0.0002006418155937,-0.0004116865277634,-0.0001612706793553,-4.5427470113194335e-05,4.635974527166176e-05,-0.0001125594358384,-4.9870126662074616e-05,-6.65543479536715e-05,-0.0002430892389868,-4.189628496684254e-05,-0.000257435598872,-2.8363067047069258e-05,-0.0002013486182216,-3.019870941232331e-07,2.1923682851891526e-06,-3.868910966623513e-06,1.1226899196322793e-07,-5.049994246982e-07,1.876311734591488e-06,-3.917443045879417e-06,-3.1191070209978874e-07,1.7173650315566213e-06,-4.694342142545374e-07,-2.157871991110462e-06,-4.6535263423431684e-07,-4.292424926726605e-06,-3.869667906118953e-06,1.5547363488073806e-06,1.3723053244528677e-06,4.119620340663205e-07,-2.8563757531003314e-06,-3.35072499671348e-07,-4.310095068237362e-06,2.2808038612064153e-06,-4.359491790661042e-06,-4.261746678458346e-06,-2.9721118100762132e-06,-3.9803054558984674e-07,-2.2764208213617106e-07,-3.589423823199886e-06,-1.7962763229102755e-06,-2.737849718544593e-08,-2.6458013666540113e-06,-2.3640151081063827e-07,-2.3523443206724185e-06,2.51684099590895e-06,-2.50389336501436e-09,4.194855951289241e-07,4.884576972249838e-07,-3.4507504337394565e-07,1.2464236384307514e-07,6.010541192927726e-07,4.755778235953547e-07,-2.53200261730387e-08,2.532185022828497e-07,1.4111566210169652e-07,-5.254850437776487e-07,-1.9615602278539153e-07,5.339824740113523e-07,4.907537422388613e-07,3.415188431659546e-07,2.3956522030545046e-09,6.844395619788464e-07,-5.438042445809255e-07,-2.12897069280095e-07,5.354412862205599e-07,6.90833465845267e-07,4.319972316630953e-07,5.477874587010904e-07,2.3544788731453255e-07,3.615571502296393e-08,8.19783841528946e-09,2.786534287671021e-07,-4.021485041432129e-07,-2.056076755542323e-07,-6.570939915259707e-07,6.410291976436652e-09,1.5972405520163749e-07,4.2894122158900555e-07,7.572341049518528e-07,movement,no movement,no movement,no movement
7183.333333333375,0.0151531074497043,0.2990259763447645,-0.2876052610666667,0.0244643024298218,0.3179042381053065,-0.2832711751333333,0.0274629297624911,0.3181313129941495,-0.2726416946999999,0.0258751864613561,0.3179352423350366,-0.2760287363333333,0.0083188307372234,0.3268670444776853,-0.3050600795666667,0.0100012539562159,0.3246255310911035,-0.3179475932333332,0.0136762508977687,0.31514633193078,-0.2978138359666666,0.0533434826317841,0.3314471502881058,-0.1745659932666666,-0.0554464477674966,0.2969612173523968,-0.2114721073,0.0357763198319954,0.2985567603858476,-0.2306223279333333,0.0073798609385945,0.2713828407784438,-0.2706467368333333,0.1200584013371484,0.2217976115354444,-0.02645618767,-0.1238444682970516,0.2741056145131946,-0.0312432229333333,0.1604060938328345,0.0589487223927463,-0.0797729097933333,-0.1716517255461808,0.0385077574170127,-0.0486816042433333,0.1282264291388713,0.0865897309840463,-0.1850142815,-0.1445435043272076,-0.0827060417392883,-0.1140196132133333,0.1065244076909361,0.1023539244826846,-0.2016719689666667,-0.1100779372940051,-0.1062391655407124,-0.1577134159666666,0.0955739463789376,0.1303944075222635,-0.2068978261,-0.0803791482110718,-0.0688047756991915,-0.1707189862666666,0.1263502131417329,0.0872884879430343,-0.1890323405999999,-0.1284177632692714,-0.0738054295724853,-0.11004322,0.0733412616919119,-0.1626802227719831,0.0553310222999999,-0.070716467260201,-0.1672721988121503,-0.05475869039,0.0957533232515787,-0.492630831606616,0.0370847767566666,-0.0349008124942985,-0.4267449010745631,-0.09155851939,0.0964509876562111,-0.7630849781503141,0.2188331116333333,-0.0720469525279745,-0.7662793976112969,0.0391050508533333,0.0814066491058796,-0.78932603319707,0.2408633194333333,-0.073377876405465,-0.7945623039662293,0.0110909642970533,0.1308912577243636,-0.8087375559883331,0.2069149862333333,-0.0545572749777632,-0.8164230510183041,-0.0808215536966666,nijmegen_nijmegen_rennen_g_ch1_g11_compr.mp4,ch1g11,3.335685996062305e-05,1.370137285363351e-05,4.497418308546215e-05,1.9263677210447203e-05,7.491782610868307e-06,1.0668407379254064e-05,4.554926431560332e-05,7.811454078512111e-06,1.1027668858804635e-05,3.8008498781460462e-06,3.4089083738901174e-05,1.6338797375338902e-05,4.448812440158262e-05,4.511340606324654e-05,7.00351156786232e-06,1.3189002270216625e-05,5.501375207595381e-06,3.977939729970184e-05,1.4856451130646536e-05,4.491659629114715e-05,1.3041768964464208e-05,4.396141969953958e-05,4.456324399642067e-05,3.911440066982248e-05,7.623179341611086e-06,3.691308962345272e-06,3.929457051405199e-05,3.340039353156652e-05,1.2715582258411614e-05,3.9108625558550577e-05,3.701213606486311e-06,3.5069877482377415e-05,1.7230738773668762e-05,4.151448349777798e-05,1.6698113769873973e-05,-0.0001603534591324,-0.0001091656236975,-0.0001102062056678,-0.0001073316098196,-0.000140209827033,-0.0001516538167659,-0.0001496572946628,6.6413615512736954e-06,-0.0001576971069338,-0.0001184084774232,-0.000175344804817,5.694593477521683e-05,-0.0001914472080501,-7.166746517891103e-05,-0.0002965357824763,-0.0003583983925516,-0.0002112515239236,-0.0004074394308161,-0.0002387342818536,-0.0004140300892268,-0.000206597212493,-0.0003567661374135,-0.0001711465648328,-4.42182281167421e-05,4.53839023455986e-05,-0.0001083985170768,-4.855003534741971e-05,-6.0460360392208366e-05,-0.0002367249756004,-3.536063001258369e-05,-0.0002512514286435,-6.424588137078513e-05,-0.0002140936236256,-1.9183919358728295e-07,2.3418903339743724e-06,-3.2316317797516806e-06,-3.217158733568406e-07,-5.72689625593126e-07,2.178157460148726e-06,-3.2867952933861346e-06,-3.667017561450832e-07,1.9301167774060415e-06,-3.592708079682126e-07,-2.6984338682310705e-06,-7.307146373777602e-07,-3.634187769897408e-06,-3.228841392644878e-06,1.8092323057060811e-06,1.3086297852945513e-06,9.71397326784357e-07,-3.3746669699766493e-06,-5.966913863759989e-07,-3.6451773297271376e-06,2.6487672731514365e-06,-3.792185819167171e-06,-3.587300517191427e-06,-2.6032304454335586e-06,-5.169232558361521e-07,-2.3336829432608927e-07,-3.194041467017943e-06,-2.2079824673900014e-06,-2.635539008485441e-07,-3.2605231649058837e-06,-2.4221549004382713e-07,-2.105308136309971e-06,2.7003377742170617e-06,-2.7621535725396476e-08,4.676882200122758e-09,5.229120972043228e-07,-3.1849445060090893e-07,5.172186146832616e-08,1.5078363045951102e-07,5.103412383514884e-07,-2.5047196759737922e-08,4.3364715511187484e-08,1.043035368266175e-07,-4.749415012576015e-07,-1.5045093349042196e-07,5.869712243303517e-07,5.239203404937027e-07,1.494952131772596e-07,-8.091273185605125e-08,5.081530061242078e-07,-4.842011194762806e-07,-1.747666434290003e-07,5.874652819435438e-07,1.5788679813582276e-07,5.101460231923232e-07,5.995791643547078e-07,2.9298112271196964e-07,-2.042538807602124e-08,1.5800057628610603e-09,3.5956644084181473e-07,-3.923781730260845e-07,-1.828846388768371e-07,-5.566268000166129e-07,1.6410272158132447e-09,2.1159909981997694e-07,-1.600479058833222e-08,5.270389337808838e-07,movement,no movement,no movement,no movement
7200.000000000042,0.0144805724663411,0.2989066736952914,-0.2877892308,0.0237597312512107,0.3178232928379088,-0.2834846004666666,0.0267623175047534,0.3180490442670357,-0.2728478830666666,0.0251760949422906,0.3178549653979491,-0.2762374907,0.0076239769929491,0.3267521747361221,-0.3052187272666667,0.0093094968077569,0.3245015271797691,-0.3181085983,0.0129789147095993,0.3150234852250926,-0.2979723694333333,0.0528206716773129,0.3314569527881874,-0.1748285214333333,-0.0560002938578322,0.2967985416399546,-0.2115058261333334,0.0351738693839446,0.2984623467437657,-0.2308305348999999,0.0067796590215918,0.2712354803797832,-0.2707975157333333,0.1198942939341437,0.221841857018021,-0.0266364011966666,-0.1239487033844461,0.2739038768825388,-0.0312395752533333,0.1603072233941765,0.0588512231359027,-0.0799328496699999,-0.1715448970333961,0.0382258231041407,-0.04841355036,0.1278435379263935,0.0862634659626746,-0.1851290904666666,-0.1444148538908164,-0.0828685588033709,-0.1137306742466666,0.1060416813795634,0.1019929053738203,-0.2017873516333334,-0.1098960977070216,-0.106419022821332,-0.1574064550333333,0.0950966509969935,0.1300321818286366,-0.2070026955,-0.0802392734350044,-0.068946048630553,-0.1703892032,0.1259426073781684,0.0869601398023662,-0.1891448373999999,-0.1282982976521471,-0.0739339795936281,-0.110754579,0.0733868738547391,-0.1627212247138979,0.0552075632,-0.0707616703662146,-0.1672299063804412,-0.0546360003133333,0.0958251894450302,-0.4927289835625734,0.0368973428733333,-0.0349465176599832,-0.4267938996836423,-0.0917173227233333,0.0966046575624887,-0.7631117865084587,0.2188218319999999,-0.0720264431664338,-0.7664985575636969,0.0389827225033333,0.0815751954372904,-0.7893325780839942,0.2408761294666666,-0.0733353233119826,-0.7947914228135268,0.0109846779137199,0.1309339801594905,-0.8087777273900957,0.2068474511666666,-0.0545397421743908,-0.816644155011015,-0.08104287518,nijmegen_nijmegen_rennen_g_ch1_g11_compr.mp4,ch1g11,3.354747215290934e-05,1.6059079084695193e-05,4.20975742213848e-05,1.847768884880099e-05,7.033550952610833e-06,1.2976961210797311e-05,4.260886239616262e-05,7.204031997007476e-06,1.3060538288611109e-05,3.6270289314071617e-06,3.098543368203866e-05,1.5338962204556613e-05,4.120860171097637e-05,4.224571806085886e-05,9.104130568927387e-06,1.4585472391342857e-05,7.007446625360441e-06,3.5985635025139666e-05,1.402278059177039e-05,4.162890064577666e-05,1.5728174822994998e-05,4.035249562956604e-05,4.134555105736848e-05,3.668550972092713e-05,7.040580526873206e-06,3.441314084156788e-06,3.626066152942832e-05,3.0841709739603194e-05,1.2093398868708896e-05,3.540506736124675e-05,3.4399624694872724e-06,3.3231523693509986e-05,1.982503370361842e-05,4.041553240178349e-05,1.5691021307751722e-05,-9.626461106287284e-05,-5.119024800623483e-05,-4.9899257750626335e-05,-4.774590239521274e-05,-7.386157930562012e-05,-8.684064046341351e-05,-8.663429274621034e-05,3.5162416695705406e-05,-0.0001151342467644,-6.576681398291877e-05,-0.0001190560058039,5.776008595194608e-05,-0.0001743277646344,-5.920369393586726e-05,-0.0002858510433555,-0.0003040298955691,-0.000218888384713,-0.0003449863364874,-0.0002454952425393,-0.0003670504710356,-0.0002160364155453,-0.0002988714881182,-0.0001769740714118,-4.373975244514446e-05,4.504918723711271e-05,-9.911369962679436e-05,-4.450404114171064e-05,-4.9991387681138334e-05,-0.0002312040490103,-2.393580104436478e-05,-0.0002468426950519,-9.44561475079362e-05,-0.000227299645353,-1.5807192651142045e-07,2.133552542706452e-06,-2.631899734977091e-06,-6.098755485555433e-07,-6.658096807233899e-07,2.076729343106783e-06,-2.694083216273781e-06,-3.8292721290736276e-07,1.9441030874920004e-06,-3.112942651488045e-07,-3.1553086865017087e-06,-8.707647236778775e-07,-2.977007008092874e-06,-2.6290614036441497e-06,1.860016173201404e-06,1.195185052191766e-06,1.4835543337398914e-06,-3.8201246985678285e-06,-7.671891445885476e-07,-2.9853818199001343e-06,2.5741335897197716e-06,-3.177386653710343e-06,-2.91741051166328e-06,-2.221915054722175e-06,-6.475426319999905e-07,-2.411451184078852e-07,-2.7464413963761465e-06,-2.5940962989274517e-06,-4.793606827887649e-07,-3.7637155136348536e-06,-2.477851333707611e-07,-1.8618010906082944e-06,2.511605331540456e-06,-1.1705206333439795e-07,-3.091634460029539e-07,4.5291875955319955e-07,-2.2142459573382895e-07,-9.936282097370422e-09,-1.9945935658371693e-07,4.414896758367455e-07,-9.79734043773194e-09,-1.5709092426494458e-07,7.107881916006358e-08,-3.731069070199394e-07,-7.470785944847378e-08,5.353929529069227e-07,4.518888582891505e-07,-2.763206438075088e-08,-1.6907330205929268e-07,2.839157043737141e-07,-3.758920687019511e-07,-1.1020373996623741e-07,5.350716791975195e-07,-2.4417991594320445e-07,4.983913100045834e-07,5.434854111188747e-07,2.7347694399999033e-07,-5.71399279562039e-08,7.152218119784562e-10,3.6652180983681114e-07,-3.506087299664559e-07,-1.1989076809318318e-07,-3.941475886377204e-07,2.3651640333535582e-09,2.032385693767289e-07,-3.408022582389121e-07,5.179777026580817e-07,movement,no movement,no movement,no movement
7216.666666666709,0.0138456651146353,0.2988385762219827,-0.2878341906,0.0230749720038444,0.3177937782943467,-0.283596535,0.026082953450476,0.318019791421739,-0.2729495705999999,0.0244995371241351,0.3178280253345462,-0.2763469784666666,0.0069670490492718,0.3267002485364974,-0.3052815178,0.0086567697365432,0.3244360239603593,-0.3181679327333334,0.0123177183893354,0.3149587606104944,-0.2980339567333333,0.0522519120142779,0.3314981513473561,-0.1750528181666666,-0.056532986860262,0.2966924374094309,-0.2115360218333334,0.0345822444011276,0.2984185374709929,-0.2309111273333333,0.0062089997362514,0.271141804717972,-0.2708276180666666,0.1196486663892067,0.2218968202541836,-0.0268082995633333,-0.1240560039262253,0.2737345574973245,-0.0312557017866666,0.1601369373603044,0.0587864203377049,-0.0800130241233333,-0.1714412821123423,0.0379350167064,-0.0481542070733333,0.1274267271831852,0.0859671887566224,-0.1850092861333332,-0.1442582777971336,-0.0831164266992141,-0.1132773804466666,0.1055614769380506,0.1016700304993729,-0.2015757889,-0.1096769451559657,-0.1066962756543675,-0.1568277247,0.0946496156230769,0.1296694968926655,-0.2067481151333333,-0.0800800032935558,-0.0691999110267397,-0.1697515686,0.1255335601752563,0.0866701943079628,-0.1890053977999999,-0.1281592113484293,-0.0741365028161849,-0.111109294,0.0734195301914726,-0.1627644538016717,0.0551068307266666,-0.0707925538546175,-0.1671852359025883,-0.0545397671233333,0.0958943084971202,-0.4928375396539763,0.0364020505033333,-0.0349858755711967,-0.4268488908957804,-0.0921821823266666,0.0967392566081292,-0.763172270760557,0.2182691126666666,-0.0719814112524007,-0.7667463909024441,0.0383386873633333,0.0817217455489687,-0.7893700284700346,0.2403228001666666,-0.0732671219409276,-0.7950547656961002,0.0103171591003866,0.1309068557529132,-0.8089445841990524,0.2063365047666666,-0.0544440637779541,-0.8169345581183621,-0.0817429018066666,nijmegen_nijmegen_rennen_g_ch1_g11_compr.mp4,ch1g11,3.3517629026433945e-05,1.7894594830740302e-05,3.995280773234343e-05,1.7481138258546167e-05,6.5693842808294865e-06,1.4999022787122071e-05,4.03808800726255e-05,6.71371339668911e-06,1.5084437140552438e-05,3.4642472807057256e-06,2.7497125464073783e-05,1.4220028327238642e-05,3.880066774489452e-05,4.0096060360940107e-05,1.119399285631076e-05,1.5988472235147437e-05,8.918873795685474e-06,3.187100411642931e-05,1.3034745410669065e-05,3.919885901979488e-05,1.8298587376904585e-05,3.766299308354097e-05,3.901717400593104e-05,3.476957260147129e-05,6.4408393749614325e-06,3.193365010524873e-06,3.389851115755301e-05,2.793157300368581e-05,1.1530587697237e-05,3.1281885325792936e-05,3.182428105354747e-06,3.1743325758007806e-05,2.201951442285432e-05,3.913163637644266e-05,1.4539222805054326e-05,-3.1837422771909346e-05,8.45717058289329e-06,1.189574007166076e-05,1.3566534810897205e-05,-6.956165742535073e-06,-2.1461559807271167e-05,-2.2922641620978812e-05,6.60685213865642e-05,-7.36641354035901e-05,-1.1356959686003516e-05,-6.218727280598717e-05,6.00265771872385e-05,-0.0001612956545711,-4.682595995135754e-05,-0.0002759804812926,-0.0002515253316161,-0.0002167820605646,-0.000284666439301,-0.0002400795416079,-0.0003179332943888,-0.0002089864083852,-0.0002423599600281,-0.0001719720413741,-4.264601791688727e-05,4.4065727512310336e-05,-8.937645422300772e-05,-3.828273872643481e-05,-3.8016144027858165e-05,-0.000221389479065,-1.1424977860506386e-05,-0.0002378685513576,-0.0001190316924185,-0.0002371460796792,-3.076657626915013e-07,1.59150204735368e-06,-2.19169437366192e-06,-7.56263759916507e-07,-7.547353951448321e-07,1.6087931388058894e-06,-2.264711004239165e-06,-3.9085780495339956e-07,1.6938035212337529e-06,-2.9833494271959677e-07,-3.5002352671912957e-06,-9.435544212138418e-07,-2.4401771063512545e-06,-2.19280319650163e-06,1.747184547911907e-06,8.915891405932987e-07,1.67982166199359e-06,-4.1639939384893615e-06,-8.900312131148944e-07,-2.4502837319595177e-06,2.0263762602641574e-06,-2.6384446396089865e-06,-2.3745086195209552e-06,-1.9325389381013222e-06,-7.715129072141746e-07,-2.4279413713985964e-07,-2.344085348277879e-06,-2.9636602603927378e-06,-5.782184617493658e-07,-4.101374653778923e-06,-2.4639479724311964e-07,-1.6627198785497357e-06,1.9325002262246487e-06,-2.326184418745363e-07,-5.032333338187874e-07,2.988893508185924e-07,-8.107540188270926e-08,-4.556485847289024e-08,-4.28875597761595e-07,2.899125403546342e-07,8.393902251549321e-09,-3.318907298858589e-07,5.36258719560389e-08,-2.2119094400549546e-07,1.1298162983522217e-08,3.913233902600326e-07,2.9632779555874613e-07,-1.7094827673915938e-07,-2.569096688884287e-07,5.216492096589557e-08,-2.1381492267807205e-07,-3.4126216619017905e-08,3.909704438978106e-07,-5.106489754031538e-07,3.964082658808793e-07,3.925651487297473e-07,1.8751617768906769e-07,-7.050102217614741e-08,4.401032287716135e-09,2.993729758175907e-07,-2.65370080051518e-07,-3.5759345612174954e-08,-1.7413535687252134e-07,7.1430282912279404e-09,1.444343496276938e-07,-5.448559140480433e-07,5.995511669269364e-07,movement,no movement,no movement,no movement
7233.333333333376,0.013231773404012,0.2988094896307549,-0.2874385767,0.022401195116395,0.3178057240358355,-0.2832641338,0.0254152813240629,0.3180371709372028,-0.2726077219,0.0238348306030059,0.3178463381650032,-0.2760212491999999,0.006327852266089,0.326699407379283,-0.3049387165666667,0.0080210548186776,0.3244194444528471,-0.3178119301,0.0116726598304091,0.3149403753407645,-0.2976902108,0.0516766828945078,0.3315618668936537,-0.174866649,-0.0570597155311099,0.2966163563715457,-0.2113270931333334,0.0340035358405329,0.2984116995957934,-0.2305580686333333,0.0056566565238747,0.2710825813731866,-0.2704614111,0.1193534398149723,0.2219532279399421,-0.02662730503,-0.1241688127249069,0.2735653764178206,-0.0311795880199999,0.1599394503656558,0.058735144351668,-0.07964626532,-0.171385837816441,0.0376476444770097,-0.0478778079166666,0.1270223309240425,0.0857126574501694,-0.1843770586666666,-0.1441051704482288,-0.0833658658009529,-0.1126707025133333,0.1050985680288416,0.1013816216399608,-0.2007847642333333,-0.1094566041368697,-0.1069813956023272,-0.1560497280999999,0.0942189223060939,0.1293342449827434,-0.2059215283666666,-0.0799205584610586,-0.0694598399013397,-0.1688822622,0.1251359125056975,0.0864287206844566,-0.1883538981666666,-0.128027516032285,-0.0743361622433623,-0.112120494,0.0734431883360362,-0.1628065980460201,0.0550284311233333,-0.0708131745345802,-0.1671417012095123,-0.0544665701366666,0.0959600507965091,-0.492926849572312,0.0356255602133333,-0.0350332560559356,-0.426890012928367,-0.09298845535,0.0967977603931529,-0.763212302254826,0.2172441909333333,-0.0719386725619341,-0.7669436116696468,0.0374722620766666,0.08177479456837,-0.7893828548609835,0.2392763060333333,-0.0732021809281553,-0.7952653066730236,0.0094369121803866,0.1308189454342384,-0.8091076763751754,0.2054577330999999,-0.0543443309722604,-0.8171867108317177,-0.0825321156266666,nijmegen_nijmegen_rennen_g_ch1_g11_compr.mp4,ch1g11,3.333082822032376e-05,1.821534057298894e-05,3.82784330101837e-05,1.6498634890954514e-05,5.60218061105527e-06,1.5451316386811256e-05,3.863785678103544e-05,6.2074735867211e-06,1.6545279130022022e-05,3.097708617441758e-06,2.387099677289378e-05,1.3232230980922795e-05,3.687460208218937e-05,3.842424396738466e-05,1.2694647381956987e-05,1.6826510561207825e-05,1.046949813215122e-05,2.7663642583930245e-05,1.2131545498661048e-05,3.727233215318418e-05,1.8608849188153324e-05,3.555229066216332e-05,3.717034915598072e-05,3.322422322078245e-05,5.42456030558042e-06,2.923950832009147e-06,3.19539542621295e-05,2.4916265944473857e-05,1.079997860829505e-05,2.7133998264937594e-05,2.9121999225972745e-06,3.031796173537711e-05,2.233720116591216e-05,3.722872501473793e-05,1.32891027046585e-05,2.778472695151072e-05,6.456908605997715e-05,6.990501112932758e-05,7.135952042482372e-05,5.578413725442852e-05,3.9955324268966983e-05,3.697982659862432e-05,9.66710549926786e-05,-3.2016270854730286e-05,4.019020354760804e-05,-8.58044914011074e-06,6.295438890530178e-05,-0.0001449482645603,-3.4878402783358e-05,-0.0002633204038472,-0.0002056611229175,-0.0002240995014438,-0.0002327459588876,-0.0002499335263902,-0.0002762796666124,-0.0002201133127011,-0.0001926795715729,-0.0001775624754487,-4.172319542662647e-05,4.315213776971223e-05,-8.148923176749457e-05,-3.4091357486914084e-05,-2.9308821523575826e-05,-0.0002087137379246,-1.9618984744648724e-06,-0.0002253726347986,-0.0001379972754693,-0.0002396474593432,-6.304560786352933e-07,9.483672682797776e-07,-1.9925031704317457e-06,-7.380173016108343e-07,-7.080445089769387e-07,1.0276131173047004e-06,-2.0771302854203423e-06,-3.5938946141561953e-07,1.2493586809073797e-06,-2.775788072000417e-07,-3.702933591101847e-06,-8.308310224327187e-07,-2.127215420319112e-06,-1.9986155856896435e-06,1.5009986370368042e-06,5.883780700384901e-07,1.6351433204072363e-06,-4.3720760404215805e-06,-8.393452878469019e-07,-2.1421341830739055e-06,1.3026585134487572e-06,-2.2836247385642546e-06,-2.0630092191117208e-06,-1.8018529858150512e-06,-7.720132656990325e-07,-2.3300290138562077e-07,-2.080854422426024e-06,-3.2442220724122774e-06,-5.731870560922563e-07,-4.243143823195672e-06,-2.3302155470974037e-07,-1.5766293472538642e-06,1.2254017261420293e-06,-3.480905229960939e-07,-5.451073500591354e-07,9.935109798103517e-08,6.625009745973602e-08,-2.468606044393259e-08,-4.932480759516191e-07,9.284248494578096e-08,3.426957031303122e-08,-4.525376093393807e-07,6.056033251114683e-08,-3.238718845099195e-08,8.911578252522359e-08,1.9632566808927486e-07,9.558256798263443e-08,-2.5649231146954176e-07,-3.103822998724554e-07,-1.2877892582709777e-07,-1.3652134757452065e-08,3.7583355233054495e-08,1.9551081176804433e-07,-5.772667007423792e-07,2.352897736630534e-07,1.8975855102166592e-07,5.884348613107909e-08,-3.6714759318184334e-08,1.1799323371389405e-08,1.8256673031130877e-07,-1.3878428505452918e-07,6.546858944826809e-08,6.967945545021452e-08,1.497184224630277e-08,6.16574245512714e-08,-5.869845874872991e-07,6.217559666967438e-07,movement,no movement,no movement,no movement
7250.000000000043,0.0126747290714489,0.2988835344429331,-0.2868359320333333,0.0217810499274328,0.3179169723384767,-0.2827237143666666,0.0248009255657452,0.3181578842883527,-0.2720591287,0.0232238330940295,0.3179677247898983,-0.2754867624333333,0.0057483399675968,0.3268145569358339,-0.3043893654,0.0074446978779767,0.3245159305540807,-0.3172450720333333,0.0110863642187067,0.3150301782493633,-0.2971399625666667,0.0511154387245646,0.3316794181034596,-0.1745120888,-0.0575407231924261,0.2966273259641443,-0.2109620777666667,0.033473771248872,0.2984908950529242,-0.2300128415999999,0.0051576637376509,0.2711159546957818,-0.2698993432666666,0.1190584737238572,0.2220140389558517,-0.0263398003466666,-0.1242739099584017,0.2734307551405314,-0.0310253025133333,0.1597177900017701,0.0587050882396189,-0.07918671899,-0.1713201082760853,0.0373801847073422,-0.0474725651233333,0.1266335664413683,0.0855575603825098,-0.1836471948333333,-0.1439056673882505,-0.0836163538913009,-0.1116891558133333,0.1046751169545127,0.1012010042689364,-0.1998843491333333,-0.1091750825593897,-0.107262346599709,-0.1548286981333333,0.0938453706506814,0.1290988857530673,-0.2049932247666666,-0.0797141691547841,-0.0697102559500989,-0.1675783793,0.1247715168374508,0.0863007192188904,-0.1876068125666666,-0.1278543135098834,-0.0745341420349554,-0.112540558,0.073460078749704,-0.1628486828766324,0.0549686092933333,-0.0708262997023182,-0.1670983318249008,-0.0544135252766666,0.0960281698662766,-0.4929973585857456,0.0346651413833333,-0.0350513069699534,-0.4269154591354416,-0.0938743750799999,0.09684517439659,-0.7632187467265019,0.2159182433999999,-0.0718849194123639,-0.767128387905537,0.0364797137366666,0.0818138910685345,-0.7893535648708822,0.2379165497333333,-0.0731269343531347,-0.7954675661260434,0.0084060635370533,0.130701377350473,-0.8092543734145776,0.2043206706999999,-0.054157814398719,-0.817383966147731,-0.0834869291366666,nijmegen_nijmegen_rennen_g_ch1_g11_compr.mp4,ch1g11,3.262150822352283e-05,1.8107678036516064e-05,3.654830419452372e-05,1.5854089430604636e-05,4.569669032665625e-06,1.5442680472386682e-05,3.6827869155586416e-05,5.8593249785690415e-06,1.7670715204565966e-05,2.816119054629816e-06,2.017946578990943e-05,1.2428851188781338e-05,3.496992227937091e-05,3.669058222114816e-05,1.417139743450644e-05,1.7190200786065484e-05,1.217980498206942e-05,2.3378443646956373e-05,1.1289916068066631e-05,3.5363256365274604e-05,1.8686593570146824e-05,3.364153609481966e-05,3.534120177089932e-05,3.1671666231736055e-05,4.40065195530354e-06,2.6814478903452855e-06,3.009360760755281e-05,2.16952167877315e-05,1.0197515208514566e-05,2.3087765254156485e-05,2.677118548616809e-06,2.864666897349741e-05,2.2551785826702637e-05,3.5365959512801825e-05,1.2117258041970798e-05,7.878226056304193e-05,0.0001125134590627,0.0001193308166586,0.0001206513469212,0.0001087749380233,9.214728537543918e-05,8.822432166468896e-05,0.000121706753401,3.823752174964234e-06,8.455114905616914e-05,3.7726443004616224e-05,6.395996522867218e-05,-0.0001321001599105,-2.5960927933214163e-05,-0.000259531890633,-0.0001687388812202,-0.0002285114710678,-0.0001914723275062,-0.0002540706585445,-0.000242575038715,-0.0002205060863346,-0.0001532779731158,-0.0001788783121316,-4.0470724987233045e-05,4.17533084221088e-05,-7.623255121633199e-05,-3.055692510888087e-05,-2.1853097466846303e-05,-0.0001905825837278,6.061877919923875e-06,-0.0002066811510777,-0.000151425498987,-0.0002317461865902,-1.0801525572729318e-06,3.271322879726647e-07,-2.0015084699589073e-06,-5.59774849669292e-07,-6.08167743682349e-07,4.555825456723056e-07,-2.0940410256410733e-06,-3.033501987696206e-07,7.082370958641925e-07,-1.9284339993049885e-07,-3.6379481187712055e-06,-6.509644621240119e-07,-2.01559044071391e-06,-2.0128453810726316e-06,1.1682149729184166e-06,2.649184418158677e-07,1.4366767786843215e-06,-4.310898520905677e-06,-7.230718113657941e-07,-2.034658358448968e-06,6.017514581623677e-07,-2.107968254984117e-06,-1.96306010028466e-06,-1.8019070742009508e-06,-6.926772156905242e-07,-2.150795738630872e-07,-1.93787789695233e-06,-3.3263426976813093e-06,-4.493748826069345e-07,-4.053762286707755e-06,-2.1151145507478015e-07,-1.5582837397065315e-06,5.289321761293279e-07,-4.301006557658484e-07,-4.901159454307337e-07,-8.575912463235657e-08,1.778963259726156e-07,1.5853925776483444e-08,-4.506630081318029e-07,-8.891300340699444e-08,5.3584326617769315e-08,-5.199158032571766e-07,7.956057983299818e-08,1.7156856251838527e-07,1.3273847836152049e-07,7.464556962301082e-09,-8.970870997595991e-08,-3.023171375684599e-07,-3.340314510181966e-07,-2.633950970793979e-07,2.0952488048370746e-07,8.602273312490497e-08,6.9554124443282095e-09,-5.294392992087317e-07,6.551811119744021e-08,-6.180376842322916e-09,-6.780462486581895e-08,8.299489142123361e-09,2.0116639750257413e-08,5.812552541659846e-08,2.1556219697975505e-08,1.4793957714613162e-07,3.10295527504579e-07,2.295652261996463e-08,-1.522433048336625e-08,-5.432168321789319e-07,6.03092915756164e-07,movement,no movement,no movement,no movement
7266.66666666671,0.0121416181941118,0.2990162560879749,-0.2863532863999999,0.0212024189401029,0.3180793896114544,-0.2822620143666666,0.0242257889876296,0.3183278555165552,-0.2715915925999999,0.0226516768299879,0.3181389618412317,-0.2750303160333333,0.005196663552237,0.326976508366015,-0.3039296029666666,0.0068959314423825,0.3246620432187156,-0.3167736479666667,0.0105294751091723,0.3151715065251025,-0.2966800451666666,0.0506033694896731,0.3318251443792776,-0.1741555959,-0.0579895817189567,0.296667299821828,-0.2106130781666667,0.0329749225541107,0.2986184314765857,-0.2295675546666666,0.0046812598116813,0.2712009131486078,-0.269451169,0.1187749776445647,0.2220788038912043,-0.0259832413866666,-0.1243775598701373,0.2733089372492676,-0.0308747105099999,0.1594750290967588,0.0586849251560298,-0.0786123964466666,-0.1712675195457108,0.0371275056700589,-0.0470524691033333,0.126339782245458,0.0854258634369652,-0.1830329804,-0.1437023515314691,-0.0838461760292117,-0.1108668089133333,0.1043739792472368,0.1010493829331446,-0.1992119511,-0.1088846996124195,-0.1075149180302889,-0.1538874136333333,0.0935933463561666,0.1289007934223828,-0.2043184301333333,-0.0794864062834056,-0.0699230487859136,-0.1665882627,0.1245006636344415,0.0861906610689236,-0.1870020722666666,-0.1276687565979102,-0.0747123386141749,-0.115483217,0.073476255991412,-0.1628889048953023,0.0549166383899999,-0.0708386020256446,-0.1670566567929763,-0.0543679376566666,0.096090895068569,-0.4930654659183072,0.0341731363333333,-0.0350927313557245,-0.4269345209653343,-0.0944605815466666,0.0968696166997346,-0.7632337706537917,0.2154348989,-0.0718499097713784,-0.7673026801377477,0.0358297972333333,0.081828826743083,-0.7893382989638332,0.2374436409999999,-0.0730694914596277,-0.7956579818822233,0.0077312864003866,0.1305798343583789,-0.8093992860672854,0.2039313137999999,-0.0539746787066133,-0.817579265907163,-0.0841918957466666,nijmegen_nijmegen_rennen_g_ch1_g11_compr.mp4,ch1g11,3.139774176973172e-05,1.8121613862292993e-05,3.4837636842408146e-05,1.5455522497054812e-05,3.565028192193791e-06,1.5204838181346789e-05,3.503412611854619e-05,5.628605106748987e-06,1.814116867596509e-05,2.52072755280872e-06,1.659864351092599e-05,1.1727500744663052e-05,3.327023329032393e-05,3.4965124487441685e-05,1.48537438943941e-05,1.6917189575328354e-05,1.3217737288645804e-05,1.9149957423795077e-05,1.0492580010109508e-05,3.365211139951968e-05,1.888139056400109e-05,3.195635625257061e-05,3.368912709979577e-05,3.013922742098171e-05,3.412975993779574e-06,2.4768317036705313e-06,2.847152891915936e-05,1.8400374732074645e-05,9.802205277313316e-06,1.9232337345895354e-05,2.482365858620965e-06,2.712953380291497e-05,2.293591545214853e-05,3.356297904823167e-05,1.1033704745128236e-05,0.0001197065350514,0.000150438943356,0.0001580901168103,0.0001593175091872,0.0001498643256896,0.0001331502082115,0.0001290285544555,0.0001402734901219,3.0964996614071234e-05,0.0001198643590652,7.521657443938846e-05,6.33490949558089e-05,-0.0001224884379475,-1.8287233617911416e-05,-0.0002538204916926,-0.0001404983533655,-0.000227083102126,-0.0001593334928767,-0.0002495946692287,-0.0002155566202288,-0.0002113236977514,-0.0001240351797907,-0.0001754526339345,-3.871828056250122e-05,3.97761592826603e-05,-7.38358200967834e-05,-2.5854711764474467e-05,-1.4919522296200534e-05,-0.0001625714634772,1.241139000795342e-05,-0.0001766918599936,-0.0001574730308829,-0.0002125497018893,-1.586608857503104e-06,-7.552974348059634e-08,-2.2230800048848943e-06,-2.661721254498229e-07,-4.81016422934271e-07,8.688596729705191e-08,-2.3176918258169736e-06,-2.356318271835123e-07,1.439665813211231e-07,-9.421619439646354e-08,-3.323468152993736e-06,-4.35261171339141e-07,-2.1424425884649156e-06,-2.238272764783838e-06,8.155986092581836e-07,-3.564477922993644e-08,1.0822056786630174e-06,-3.956690955992701e-06,-5.558753269067682e-07,-2.1633939108195476e-06,1.6122280684035864e-07,-2.1671505224486247e-06,-2.108785757654551e-06,-1.960745627978607e-06,-5.819387810323502e-07,-1.904033089601979e-07,-1.9681597754730166e-06,-3.183926384523431e-06,-2.3412651695585506e-07,-3.547176955696535e-06,-1.8411227647786785e-07,-1.63257314728006e-06,6.999037825741281e-08,-4.524494493757341e-07,-3.844983227899592e-07,-2.3043932036667698e-07,2.422251028424547e-07,7.599862404148126e-08,-3.428226443620373e-07,-2.30033759475394e-07,6.393575090912433e-08,-5.16897787775051e-07,1.0411235712968393e-07,3.751370097684357e-07,1.3986346483888412e-07,-1.5324994464749865e-07,-2.3335128406535953e-07,-2.800340614204169e-07,-3.1899435737293506e-07,-3.065248546873931e-07,4.294956382083742e-07,1.0685049221969241e-07,-1.5324833454487066e-07,-4.2216186794925427e-07,-8.937413442440902e-08,-1.716223706881825e-07,-1.7092048026369908e-07,6.779011329509954e-08,2.6828534788490148e-08,-5.8147071230112995e-08,2.0665912124578685e-07,1.991077386723112e-07,5.246831099403002e-07,2.880591643446921e-08,-7.715996160797751e-08,-4.53879231079444e-07,5.723976140979486e-07,movement,no movement,no movement,no movement
7283.333333333377,0.0116313764366496,0.2991611802569529,-0.2858256906333332,0.0206525546623348,0.3182531073557678,-0.2817534973666666,0.0236789883525739,0.3185084769748889,-0.2710775710999999,0.0221076568715623,0.3183207668794045,-0.2745283614666666,0.0046687948054345,0.327149060674829,-0.3034159599333333,0.0063707443703975,0.3248195683138222,-0.3162477830333334,0.0099969027105371,0.315325275189611,-0.2961657971666666,0.0501191239530374,0.3319816949548941,-0.1737564027333333,-0.0584186969092353,0.2967240869369307,-0.2101921521666667,0.0325012277934281,0.2987600996618066,-0.2290832614666666,0.0042254519473685,0.2713016889638397,-0.2689530480333333,0.1184934288920009,0.2221503384050267,-0.02557728278,-0.1244774410341131,0.2732035902204151,-0.0306684354133333,0.1592384266898548,0.0586902519419213,-0.0779791077766666,-0.1712325181207694,0.036885750933568,-0.04658081072,0.1260864603959309,0.0853077377392621,-0.1823428527666666,-0.1434854442664692,-0.0840734216239768,-0.1099900129133333,0.1041287146443219,0.1009076884013486,-0.1984684030333333,-0.1085745963921163,-0.107765744185306,-0.1528943851666666,0.093400723370095,0.128704025352306,-0.2035671419,-0.0792372968038329,-0.0701344718759957,-0.1655560056,0.1242752690992236,0.0860866671327799,-0.1863185445666667,-0.1274683321258463,-0.0748869001945477,-0.11563047,0.0734899132605447,-0.1629286517960215,0.0548728182966666,-0.0708483150385069,-0.1670155352945846,-0.0543301399899999,0.0961430704283615,-0.4931362218273182,0.03368784165,-0.0351383308644629,-0.4269525564387125,-0.0950614934233333,0.0968428832387718,-0.7632561387855331,0.2148536021,-0.0718115110191045,-0.7674645657291083,0.0352623047633333,0.0817887849753071,-0.7893323153915186,0.2368598129999999,-0.0730080176947944,-0.7958361227028107,0.0071563465170533,0.1304065627107389,-0.8095533280015632,0.2034639651999999,-0.0537886030460431,-0.8177915533803187,-0.08473814748,nijmegen_nijmegen_rennen_g_ch1_g11_compr.mp4,ch1g11,2.9504782139881196e-05,1.828906740338229e-05,3.237736062698519e-05,1.556372189350838e-05,3.2543627186444343e-06,1.5491722575639294e-05,3.248421331581481e-05,5.509054293795944e-06,1.7958626015555955e-05,2.472405230511829e-06,1.3452519426671787e-05,1.1492434164433691e-05,3.0950436694441635e-05,3.2485721003387966e-05,1.536532660069683e-05,1.6415419993347674e-05,1.4350401312326052e-05,1.541008152689726e-05,1.0086364645929914e-05,3.1308968170223875e-05,1.930658675469636e-05,2.9699499227564413e-05,3.1385461458074686e-05,2.8059538959571573e-05,3.0491113626739363e-06,2.30116630200109e-06,2.6457896282366495e-05,1.5294005400901348e-05,9.686177129046556e-06,1.5954503348967064e-05,2.315789241876926e-06,2.5328562814461182e-05,2.325652659436715e-05,3.2353041409005334e-05,1.0537164318385292e-05,0.0001463285749681,0.0001743413371141,0.0001822559340778,0.0001834258360764,0.0001750871850656,0.0001589839729978,0.0001552946952382,0.0001500859369803,4.773241230136851e-05,0.0001425265076094,0.0001000311526781,5.900006929767131e-05,-0.0001172831545878,-1.68247872918987e-05,-0.0002541828148963,-0.0001227559120752,-0.0002248598924614,-0.0001382426376781,-0.0002411571575729,-0.0001961196687798,-0.0001953882349574,-0.000106988501642,-0.0001715100360325,-3.650097045920494e-05,3.733719553291815e-05,-7.39482796473292e-05,-2.0686958735100588e-05,-1.6055175618349135e-05,-0.0001345395719429,9.293554145536789e-06,-0.0001465015215613,-0.0001638276180644,-0.000191445818532,-2.1028974716909367e-06,-3.369678079686167e-07,-2.5885780418917164e-06,6.205965148204758e-08,-3.464648650189561e-07,-1.3583143495490953e-07,-2.680501407479593e-06,-1.6163600214557464e-07,-3.811172440503407e-07,3.147818929639823e-08,-2.8176618830935138e-06,-2.468393256374649e-07,-2.4425911026339646e-06,-2.6067972049204235e-06,5.541710384591491e-07,-3.6823006595190545e-07,6.892448920000146e-07,-3.379268306295292e-06,-4.005789959825536e-07,-2.4621357083426325e-06,-1.1621412759819373e-07,-2.399085592774454e-06,-2.430691453197251e-06,-2.233361526843376e-06,-4.450892535883211e-07,-1.5962546362453601e-07,-2.138077023215402e-06,-2.854819702433227e-06,3.530900294595988e-08,-2.8478585134556716e-06,-1.514996105799664e-07,-1.7801921624842782e-06,-2.5954501453541216e-07,-3.97556185697505e-07,-2.67827964776252e-07,-2.845789820455057e-07,2.459458324529386e-07,1.196969932086916e-07,-2.3295852169514922e-07,-2.806142826647849e-07,6.424143137892031e-08,-4.4218813782103426e-07,1.1675502407004484e-07,5.33989834732722e-07,1.0008395783820557e-07,-2.326181506235383e-07,-2.855861702376167e-07,-2.1119544144045413e-07,-2.853565434365423e-07,-2.831097214651081e-07,5.966170020625277e-07,8.925641698955389e-08,-2.3188181565744e-07,-3.0243074535476937e-07,-1.7553916961840242e-07,-2.524403125626181e-07,-2.1056394684619816e-07,1.1187914497699232e-07,3.0808899712546574e-08,-1.2363767177314161e-07,3.713926069915031e-07,2.060050505960741e-07,6.699579179603221e-07,3.162495649422066e-08,-9.988209530348465e-08,-3.49765461624489e-07,5.610322220963174e-07,movement,no movement,no movement,no movement
7300.000000000044,0.0111553891483478,0.2993205657958478,-0.2853943616,0.0201484038822866,0.3184460696161312,-0.2813197384666666,0.0231779037421894,0.3187100384922228,-0.2706392216333333,0.0216082171242541,0.3185246855866959,-0.2741005054333332,0.0041756964605647,0.3273455141049378,-0.3029883671333332,0.0058785232794832,0.3249972169450382,-0.3158107210333334,0.0094994612998545,0.3154990933215559,-0.2957370420999999,0.0496694026645484,0.3321585580494429,-0.1733678574333333,-0.0588352792464175,0.2967919555761505,-0.2098115919,0.0320624837198171,0.298925178684521,-0.2286772539999999,0.0037934112336737,0.2714171576343053,-0.2685438760666667,0.1181930841779699,0.222226007121774,-0.0251898425933333,-0.1245867499637084,0.2731067946712011,-0.0304641404333333,0.1589471392047586,0.0586993458185553,-0.0772888020466666,-0.1712785660791458,0.0366458575522252,-0.0461595723999999,0.1259006491870363,0.0851956013582001,-0.1814272901666666,-0.1432738662452697,-0.0842757189481271,-0.1092306378133333,0.1039712747751385,0.100780513290309,-0.1974967271333333,-0.1082613079703117,-0.1079742236145366,-0.1520499329,0.0933000350177593,0.1285204260681857,-0.2025761302333333,-0.0789766506395848,-0.070293248820054,-0.1646597911333333,0.1241225617542944,0.0859840336906888,-0.1853962059,-0.1272676294681949,-0.0750369266788069,-0.115782812,0.0735006709289159,-0.1629626154694166,0.0548318800866666,-0.070854798198775,-0.1669812193667907,-0.0542953224333333,0.0961900529444941,-0.4932091826740138,0.03354769536,-0.0351908443993924,-0.4269755047198273,-0.0955966619133333,0.0967808481565671,-0.7632662655638999,0.2148325517333333,-0.0717499294349173,-0.7675978997248928,0.0349215417799999,0.0817099633882275,-0.7893189951541809,0.2368552527666666,-0.0729210448308943,-0.7959803736256602,0.0068251393403866,0.1302259350662073,-0.8096659047073551,0.2035808171333332,-0.0535950232678048,-0.8179626863985825,-0.08503669597,nijmegen_nijmegen_rennen_g_ch1_g11_compr.mp4,ch1g11,2.7131266101274755e-05,1.8204845266261983e-05,2.9607034152985076e-05,1.600360382697059e-05,3.4150349265227076e-06,1.5622618202117268e-05,2.9621746911413926e-05,5.3988442716804504e-06,1.7377817113791536e-05,2.34531139057034e-06,1.098511604609924e-05,1.1429159599630233e-05,2.8416150950868433e-05,2.9693505239424925e-05,1.5717161074747387e-05,1.6017774338579977e-05,1.528777670810807e-05,1.238166495230004e-05,9.79697295352878e-06,2.87472113124755e-05,1.9395784520211344e-05,2.7232350737165717e-05,2.8843707947042665e-05,2.57016187071641e-05,3.069729923149693e-06,2.1450745458771123e-06,2.4294011790650692e-05,1.2661577756420938e-05,9.801241472505856e-06,1.3513663217318743e-05,2.1690368941548403e-06,2.3499665118471187e-05,2.3214414901892263e-05,3.154166181656599e-05,1.0266641167064087e-05,0.0001573535121585,0.0001833933541495,0.0001909481696207,0.0001922277008055,0.0001830239485029,0.0001681901303701,0.0001654483153744,0.0001509717749709,5.306797426888038e-05,0.0001519930270929,0.0001111779109539,5.171261165599997e-05,-0.0001157643428756,-2.251451541554921e-05,-0.0002574847779918,-0.0001162571267545,-0.000217282574551,-0.0001282916088587,-0.0002257606255047,-0.0001854857709473,-0.0001709832341938,-0.0001028756121862,-0.0001628921491204,-3.379724293773399e-05,3.442875417569032e-05,-7.431286850127971e-05,-1.8991844124620942e-05,-1.6034835259433154e-05,-0.000114003097765,6.979355363452184e-06,-0.0001236799057617,-0.0001591909627299,-0.0001719381081382,-2.537946248254723e-06,-4.341792081920662e-07,-2.9750253320923858e-06,3.289222396746221e-07,-2.357512331077559e-07,-2.0207576761467195e-07,-3.0596810011624932e-06,-8.327425859457347e-08,-8.124219004520762e-07,1.391249870677051e-07,-2.170631886922316e-06,-1.427377676191677e-07,-2.793797045337323e-06,-2.992221993758886e-06,3.592050884890822e-07,-6.276219904168527e-07,4.1779601195993866e-07,-2.6360107264781306e-06,-2.975863337767688e-07,-2.8086440698815535e-06,-1.992011500426475e-07,-2.6965664229596986e-06,-2.804828684976481e-06,-2.5308637779753516e-06,-3.1902214989036516e-07,-1.1921323740121932e-07,-2.3580218064868663e-06,-2.380050315951478e-06,2.757451003497859e-07,-2.044794823157901e-06,-1.1186676381936613e-07,-1.9393536530125644e-06,-4.2309922128834934e-07,-2.738732951153553e-07,-1.600025247048461e-07,-2.488522402990445e-07,1.959279903922984e-07,1.570097918440946e-07,-1.349993854987139e-07,-2.418343892232391e-07,5.429461604961672e-08,-3.103711499602451e-07,1.183162758816554e-07,6.149393770373033e-07,2.84025631058546e-08,-2.2635759445102647e-07,-2.476293481703416e-07,-1.0840079982435593e-07,-2.437842492512461e-07,-1.903559398714825e-07,6.815113282018778e-07,4.5427134235527176e-08,-2.251626898455894e-07,-1.86593084133867e-07,-1.831481304506929e-07,-2.447286501366124e-07,-1.814815654215693e-07,1.472619546079518e-07,3.1672021489850804e-08,-1.277539497503705e-07,4.864310186957455e-07,1.67914402967462e-07,7.162978439484493e-07,3.1203127335359246e-08,-8.496538494258481e-08,-2.4788474966064784e-07,5.588867995247609e-07,movement,no movement,no movement,no movement
7316.666666666711,0.0107489692098808,0.2994933090482883,-0.2847934514333333,0.0197118691816434,0.3186527253293619,-0.2807082514333333,0.0227432918388956,0.3189257021381235,-0.2700229583,0.021175573390205,0.3187422586964801,-0.2734971136999999,0.0037501512198812,0.3275576583565651,-0.3023936071333333,0.0054552934293912,0.3251907718100214,-0.315203307,0.0090705612580828,0.3156884889074189,-0.2951413890333332,0.049254549966209,0.3323430036827652,-0.1728194967,-0.0592058397453393,0.2968773716419204,-0.2093099314,0.0316797290234711,0.2991018017877313,-0.2281044017333333,0.003420814453535,0.2715464537551035,-0.2679774670333333,0.1178888114491998,0.2222970543896599,-0.02470023539,-0.1246910554191042,0.2730216650208711,-0.0301782907733333,0.1586673489065686,0.0587061689186838,-0.0765068564099999,-0.1713498359949228,0.0364080345311455,-0.0457681690633333,0.1257787279807439,0.0850765036265328,-0.1804245930333333,-0.1430604697028194,-0.0844765468983797,-0.1085309766466666,0.103888472322753,0.1006440319558686,-0.1964414155,-0.1079406691302403,-0.1081833763092273,-0.1512524192666666,0.0932730266576268,0.1283234662259735,-0.2015019722666666,-0.0786918156737452,-0.0704510632027637,-0.1637868860999999,0.1240393662850228,0.085874024063712,-0.1843937163666666,-0.1270603886345394,-0.0751851430649867,-0.12054912,0.0735066055253224,-0.1629969704963288,0.0547923440766666,-0.0708563338036541,-0.1669467338160737,-0.0542619260733333,0.0962205543523251,-0.4932788571030683,0.03325122111,-0.035215598638805,-0.4270052343442347,-0.0961369047566666,0.0966830569332756,-0.7632909224784017,0.2142685999,-0.0716308302782152,-0.7677449375022852,0.0345353740899999,0.0815918220482811,-0.7893237869444206,0.2362692546666666,-0.072772932359031,-0.7961418229796002,0.00644281211372,0.1299713424224973,-0.8098301249808548,0.2031226317666666,-0.0533762726760052,-0.818158842117917,-0.08536402357,nijmegen_nijmegen_rennen_g_ch1_g11_compr.mp4,ch1g11,2.415541033105057e-05,1.7879347921211914e-05,2.6095541972880894e-05,1.6501862405458268e-05,3.514481881915027e-06,1.5661294690073824e-05,2.6018294654198024e-05,5.427674847889151e-06,1.615047534767108e-05,2.5125225967596334e-06,9.073275626903792e-06,1.148602938951857e-05,2.5179621629223815e-05,2.6161927383597364e-05,1.5966952742390812e-05,1.5369629878685022e-05,1.5424079421613864e-05,9.958656437802524e-06,9.647587292937715e-06,2.547770116835415e-05,1.93705463509169e-05,2.4093178354019573e-05,2.557034248638394e-05,2.272013229909289e-05,3.022725045231223e-06,2.0639236823642415e-06,2.1585648190639574e-05,1.0338919153336234e-05,1.0294079536287851e-05,1.1706139710143226e-05,2.093244444712871e-06,2.1416174349461768e-05,2.2850516745917472e-05,3.088396629439596e-05,1.0110034978867352e-05,0.0001548878306018,0.0001777026496662,0.0001841172762493,0.0001854030245785,0.000172848669576,0.000160262066978,0.0001590121890123,0.0001412732255917,4.215095987564029e-05,0.0001475834367145,0.0001083873335422,4.026278919886855e-05,-0.0001219567211636,-3.634097719247874e-05,-0.0002627734325401,-0.000116618936323,-0.0002067384708079,-0.0001244135804885,-0.0002070285355138,-0.0001772385434607,-0.0001429366285073,-0.0001069971009155,-0.0001524567284516,-3.07466187928041e-05,3.1175562249266085e-05,-7.803727903872603e-05,-1.841785707478283e-05,-1.6781152359199998e-05,-9.099582024001544e-05,3.194742306101388e-06,-9.741070332843923e-05,-0.0001523364855912,-0.0001519068804911,-2.8017077126851055e-06,-4.5313225945576214e-07,-3.268028401979729e-06,4.940461739567413e-07,-1.9994512146042545e-07,-1.891207855749053e-07,-3.3418694791688747e-06,-2.0878898466149917e-08,-1.1001423383142271e-06,2.791002725091543e-07,-1.4871269989909189e-06,-2.1614971760015545e-07,-3.0797719683611923e-06,-3.282162128890678e-06,2.7131898040856897e-07,-8.824407783416441e-07,1.463118410115614e-07,-1.86957548027683e-06,-3.314949738953777e-07,-3.0901267939439343e-06,-2.069107977719748e-07,-2.9526181525564097e-06,-3.1143782612968474e-06,-2.7612689989990573e-06,-2.720428341329242e-07,-8.445349878686149e-08,-2.541285069368877e-06,-1.8376686249871008e-06,4.877268268066163e-07,-1.3169851880059863e-06,-7.859623981060295e-08,-2.031782608760998e-06,-5.214181577613802e-07,-8.788605984818969e-08,-8.366809351004409e-08,-1.1815802652665592e-07,1.1580314464035045e-07,1.9584758619759466e-07,-7.34496071385407e-08,-1.0857163002146675e-07,3.652734510893984e-08,-1.408348897354354e-07,9.340009620162664e-08,6.224218476151547e-07,-5.8676965029203825e-08,-1.256051284890539e-07,-1.1476215970628813e-07,-1.3624774887470825e-08,-1.9767178983254498e-07,-3.1641142003246165e-08,6.880258753458781e-07,-1.4491046411498109e-08,-1.2427616289997928e-07,-1.1157073036479636e-07,-9.991974494161081e-08,-1.400086698341255e-07,-7.691501525240741e-08,1.8314814251592865e-07,2.6995875160532274e-08,-6.010103815220648e-08,5.491241044944818e-07,9.55774172794598e-08,6.745407119749876e-07,2.5567308955135804e-08,-2.91349091864811e-08,-1.717711196826679e-07,5.675681763522337e-07,movement,no movement,no movement,no movement
7333.333333333378,0.0103902928749235,0.2996200767540082,-0.2848343134,0.019343006528926,0.3187947902321409,-0.2806892762999999,0.0223729942533851,0.3190714592620803,-0.2700002866666667,0.0208063297174067,0.3188889590222999,-0.2734781277333333,0.003374378828505,0.3276869429610931,-0.3023892798333332,0.0050814788346076,0.3253114440119083,-0.3152069339333334,0.0086925714257216,0.315810951875517,-0.2951392899666665,0.0489260594297595,0.3324400198085985,-0.1726813232,-0.0595503734680356,0.296877182990501,-0.2092098129666667,0.0313470889815419,0.2992135834013898,-0.2281369121,0.003083262297331,0.2716256064059543,-0.2680202939666666,0.1176628469552652,0.2222986939254256,-0.0244889101666666,-0.124821026443048,0.2728675572477726,-0.0301288966533333,0.1584378366281308,0.0586115297565477,-0.0762316252599999,-0.1714406471433137,0.0361290887042045,-0.0455082916933333,0.1257603645284084,0.084935362179494,-0.1804996834333333,-0.1428561287599035,-0.0846746050972696,-0.1081943219133333,0.1039112366473306,0.1005025563712916,-0.1966545667,-0.1076307251769164,-0.1083789186477067,-0.1509463712666666,0.0933212947982471,0.1281273179079831,-0.2017336972333333,-0.0784024922070653,-0.0705732928352092,-0.1634894057666666,0.1240338855898414,0.0857392999408824,-0.1845133076333333,-0.1268522262783304,-0.0753295162204791,-0.120557494,0.0735268432823961,-0.1630259050230792,0.05475255363,-0.0708747164773902,-0.1669176076386473,-0.0542263271999999,0.0962537333344081,-0.4933580681913956,0.0333683186566666,-0.0352372789509513,-0.4270196138298802,-0.0962371697033333,0.0966235735196252,-0.7633058312153722,0.2145676592666666,-0.0714889098121106,-0.7678083913227006,0.03490656959,0.0815145816395796,-0.7893236322066219,0.2365978436333333,-0.0726013082450269,-0.7962087138405292,0.0068720227707199,0.1297337544217044,-0.8099984303267167,0.2033381015666666,-0.0531808764284558,-0.8183144790970461,-0.0849711450166666,nijmegen_nijmegen_rennen_g_ch1_g11_compr.mp4,ch1g11,2.105316242058403e-05,1.7320454480261385e-05,2.2443127313189188e-05,1.7003383458951434e-05,3.706050414607743e-06,1.548183988995606e-05,2.2263670632171063e-05,5.448484931182323e-06,1.4711203265403262e-05,2.9789519158519774e-06,7.818491239201501e-06,1.1561235729225084e-05,2.1810958128035647e-05,2.2490105360430775e-05,1.637443830377807e-05,1.4747634527783343e-05,1.5265677924201547e-05,8.185612225019091e-06,9.579490397709715e-06,2.2078000913039807e-05,1.9010669559276305e-05,2.0797186975218895e-05,2.2159416684326707e-05,1.9660775068458448e-05,3.039522682377646e-06,2.0226155569954132e-06,1.8838888342851355e-05,8.641248881514362e-06,1.0958255278400812e-05,1.0490442882335084e-05,2.0519714468200477e-06,1.9371080258806448e-05,2.2087635282351857e-05,3.052714537016944e-05,1.0050141014757e-05,0.0001450518043059,0.0001636729554213,0.0001686574615424,0.0001698382296523,0.0001537140950997,0.000143734554307,0.0001441276263364,0.0001254334879332,2.4927871881546673e-05,0.0001354020231511,9.87974690523164e-05,2.5819478877629175e-05,-0.0001307951777369,-5.79659988205958e-05,-0.0002692176944614,-0.0001210054399437,-0.0001943308769337,-0.0001218921982649,-0.0001858534852034,-0.0001675907714557,-0.0001120214070528,-0.0001150566173142,-0.0001404473616044,-2.7606485839750388e-05,2.7885723704613094e-05,-8.129685762880245e-05,-1.8814920460248698e-05,-1.3227774448464434e-05,-6.761449635422257e-05,3.521537222347101e-06,-7.056675896467094e-05,-0.0001471753719052,-0.0001379059051212,-2.7340791188240627e-06,-4.0459613265098003e-07,-3.3241996682988967e-06,4.959741387541009e-07,-3.677191625180312e-08,-1.2664028250900702e-07,-3.389077987455645e-06,-3.303200229710118e-09,-1.093722346306745e-06,3.809426502876623e-07,-8.965153162161547e-07,-3.600136245025978e-07,-3.1631258043778947e-06,-3.333572675729935e-06,3.774552556134095e-07,-1.036843001068934e-06,1.6622375544720182e-07,-1.2332622082506098e-06,-4.156284927224293e-07,-3.1736457213721644e-06,-1.5897847880611765e-07,-3.043868260477276e-06,-3.2079170700757096e-06,-2.7971219739279346e-06,-1.2159530659749074e-07,-5.973637151840879e-08,-2.5889116966820046e-06,-1.2808782221871349e-06,5.045993759331522e-07,-7.50739003568694e-07,-5.7023220715297855e-08,-2.0100616156938147e-06,-5.573156114444857e-07,1.171410642035033e-07,-4.676886525566387e-08,6.970242413900292e-08,1.7844359914963636e-08,2.256301716874849e-07,-5.2354845807408344e-08,8.171975998605983e-08,2.031977322750453e-08,2.9199419480170822e-08,4.202160747747179e-08,5.654308059874679e-07,-1.345929004431468e-07,3.677680402191169e-08,7.485182210334608e-08,5.5719877811869555e-08,-1.565008567225373e-07,1.3893420027334998e-07,6.307877092004934e-07,-7.06391342221847e-08,3.7786505218575486e-08,-7.836049629584663e-08,4.8275930602340295e-08,2.746911642332217e-08,7.317903528238308e-08,2.109849614883143e-07,1.8444435961418992e-08,5.56092598023288e-08,5.539341804613479e-07,5.622985703182267e-09,5.68487444279739e-07,1.65926296637623e-08,4.662255652489159e-08,-1.2803216293270993e-07,5.589754279079109e-07,movement,no movement,no movement,no movement
7350.000000000045,0.0100975303213135,0.2997391407377565,-0.2851940214666666,0.0190373088011815,0.3189230196756704,-0.2809908509666666,0.0220627549035875,0.3192024591004475,-0.2702962376333333,0.0204972287329695,0.3190204724531787,-0.2737755221333333,0.0030560013431386,0.3277953336269357,-0.3027122297333332,0.0047652650059301,0.3254149556455505,-0.3155443180666666,0.0083722148800881,0.3159175137189845,-0.2954640031666666,0.0486321206092801,0.3325237864793497,-0.1728006715666666,-0.0598638468516344,0.2968550347449548,-0.2094159755,0.0310703126983962,0.2993155987207948,-0.2284670021,0.0028009269859967,0.2716963837181053,-0.2683759161333333,0.1174632282630964,0.2222983268408601,-0.02446368753,-0.1249605324692474,0.2726967300596678,-0.0303050034833333,0.1582225079758939,0.0585151251805652,-0.0761554716333333,-0.1715327031535667,0.035838421413066,-0.0456040469266666,0.1257737880531578,0.0848033639882046,-0.1807821855999999,-0.142657332307335,-0.0848648951327851,-0.10845591924,0.1039635517212983,0.1003794215931469,-0.1970703116,-0.1073361280207026,-0.1085515338568972,-0.1513057470333333,0.0933909577110313,0.1279702496249288,-0.2021761087333333,-0.0781190510717046,-0.0706649072779693,-0.1638612428666666,0.1240547671837479,0.085611277099793,-0.1848416214333333,-0.1266463334558639,-0.0754695097411677,-0.127277315,0.0735515408766724,-0.1630491609783372,0.0547130761066666,-0.0708986507556014,-0.1668938997238294,-0.0541907054799999,0.0963308275279032,-0.4934539197102379,0.0335974515133333,-0.0352703543666914,-0.4270351480632637,-0.0961642960699999,0.0966637183538771,-0.7633145095673017,0.2149480089,-0.071345644690277,-0.7678153345842004,0.03550291493,0.0815404204382393,-0.7893190000699988,0.2369990435,-0.0724276104594866,-0.7962095253647511,0.0075318280173866,0.1296123307624727,-0.8101574122990487,0.2035638506999999,-0.0529981185142006,-0.8184230228436701,-0.0843694535133333,nijmegen_nijmegen_rennen_g_ch1_g11_compr.mp4,ch1g11,1.820951658548e-05,1.6746411197001997e-05,1.898109943175353e-05,1.73464360246793e-05,3.819666555124703e-06,1.5302667438951062e-05,1.8744359325409273e-05,5.404532559561316e-06,1.3549768661082005e-05,3.613581326868695e-06,7.170703827673399e-06,1.1198150647097365e-05,1.8478383767362857e-05,1.9022280955146563e-05,1.682442583301496e-05,1.3619848594712751e-05,1.4824490186212e-05,7.226506282487667e-06,9.264222526794247e-06,1.874759138825253e-05,1.8794641016909905e-05,1.756836128763187e-05,1.877428483475182e-05,1.6746815581596174e-05,3.0331384849710996e-06,1.980526277612951e-06,1.6132246837939273e-05,7.558332461553475e-06,1.1592161534679564e-05,1.0070733294252788e-05,2.0089101279491037e-06,1.737629302880363e-05,2.128565508754116e-05,3.0356726189550806e-05,9.748115104725365e-06,0.0001348965035122,0.0001491100258931,0.0001527962527327,0.0001537667055044,0.000134881549513,0.0001273049636703,0.0001289464118929,0.0001079633249667,9.022168840199542e-06,0.0001226180973543,8.933972979255166e-05,9.811416026508671e-06,-0.0001374745039669,-8.318636772788869e-05,-0.0002728265386299,-0.000126575574243,-0.0001839175096432,-0.0001197608553822,-0.0001680215027236,-0.0001594768245935,-8.742233180107619e-05,-0.0001232942190939,-0.0001309971590682,-2.473742370141016e-05,2.4888595913159295e-05,-8.339207456696032e-05,-2.021946890505431e-05,-6.610442769959309e-06,-4.302470598697836e-05,7.403788387815263e-06,-4.211947835722255e-05,-0.0001404256116701,-0.0001221096598622,-2.444329603175476e-06,-4.3727562690320073e-07,-3.1200587867909985e-06,3.9603931445953156e-07,2.362705264258788e-07,-1.557506231055167e-07,-3.171556879387959e-06,-4.4941520102589155e-08,-9.322828716703988e-07,4.380183940821576e-07,-3.5844766493951834e-07,-5.356357963297803e-07,-3.0162378804813673e-06,-3.122975115724995e-06,5.375021578252378e-07,-1.09299113178225e-06,4.907763759061383e-07,-6.17763558672246e-07,-5.159803537049502e-07,-3.0257864186033017e-06,-2.247809736416149e-07,-2.90630026121334e-06,-3.063448933313191e-06,-2.624894092611886e-06,9.420952499622332e-08,-4.82319832761781e-08,-2.467301347002724e-06,-7.132194718194864e-07,3.973685947668183e-07,-2.1877904109958693e-07,-4.7757434725654716e-08,-1.9047155972960652e-06,-6.814860755750884e-07,2.9889930381763076e-07,-4.8592862989298364e-08,2.7267666524551234e-07,-7.194652482094769e-08,2.517589340639364e-07,-7.178282331318345e-08,2.849263423912919e-07,3.0660246377442654e-09,1.656942416388902e-07,-2.5425762972802556e-08,4.536725233096743e-07,-1.664111739403515e-07,2.2753467729207485e-07,2.784154771419086e-07,9.098646699360259e-08,-1.0355156089796573e-07,2.8396189933522024e-07,5.103539938853443e-07,-9.77261044233398e-08,2.268502582637529e-07,-9.424616151194946e-08,2.28543796884296e-07,2.2373973684878317e-07,2.3672339241413547e-07,2.3442844197646614e-07,8.774732284709866e-09,1.9640432914114657e-07,4.985050514995583e-07,-8.656122873641212e-08,4.059826257420489e-07,6.757194863219585e-09,1.278367649600978e-07,-1.2183417283328297e-07,5.141239075493992e-07,movement,no movement,no movement,no movement
7366.666666666712,0.0098874104919065,0.2998632269752337,-0.2852316359666667,0.0188020343555572,0.3190572162318092,-0.2809878021999999,0.0218224949044056,0.3193400433179846,-0.2702859935666666,0.0202590866421622,0.3191585620333748,-0.2737738670999999,0.0028160695645624,0.3279135860864622,-0.3027539231666666,0.0045271735737319,0.3255279455009889,-0.3155935147666667,0.0081291906410593,0.3160329826103857,-0.2955093910999999,0.048347294798461,0.3326167120370469,-0.1726779808666666,-0.0601357440998179,0.2968529227935575,-0.2094899607666666,0.0308543218026259,0.2994256947612237,-0.2284797853,0.0025869635795857,0.2717769256951096,-0.2684475509666666,0.1172318497413096,0.2222995647156328,-0.02432045142,-0.1251043533684913,0.2725561968484452,-0.0303979076933333,0.1579396588237715,0.0584187296353269,-0.0759230492833333,-0.1716400835083457,0.0355522310788806,-0.0456445603266666,0.1257497628212671,0.0846690340974072,-0.1808159486333333,-0.1424587770060172,-0.0850563438348847,-0.1085621948033333,0.1039906818998192,0.1002557090406875,-0.1971686011333333,-0.1070398109081505,-0.1087246215562852,-0.1514214207666666,0.0934557981511388,0.1278067113521321,-0.2022798346999999,-0.0778268376729591,-0.0707572919023696,-0.1639442065666666,0.1240525655324808,0.0854795287867123,-0.1849038283333333,-0.1264395665843896,-0.0756083791689382,-0.131097808,0.0735744932561432,-0.163072486969917,0.0546748984633333,-0.0709206893452661,-0.166870421284145,-0.0541561860699999,0.096345938503835,-0.4935461102979125,0.0337763010466666,-0.0353283131946278,-0.4270560817151304,-0.0962194479999999,0.096610615423418,-0.7633263351198025,0.2152532721,-0.0711972760435394,-0.7678323552449514,0.0358749284733333,0.0814690721372592,-0.7893183432835758,0.2373195476,-0.0722444766204787,-0.7962219204893313,0.0079473443347199,0.1293742355486848,-0.8103175628828302,0.2037291249333333,-0.0528167418840418,-0.8185320587796656,-0.0839647936066666,nijmegen_nijmegen_rennen_g_ch1_g11_compr.mp4,ch1g11,1.600711009558818e-05,1.643280868086795e-05,1.5962398640641646e-05,1.777712398835845e-05,3.893658807718597e-06,1.5247724581763425e-05,1.5702247857784427e-05,5.371873291630611e-06,1.2868282841376337e-05,4.176588924718327e-06,7.280850261580276e-06,1.0601360774534085e-05,1.5458076941410833e-05,1.6008985177020763e-05,1.740552753516376e-05,1.2628491204941488e-05,1.541547115587421e-05,7.219072407375072e-06,8.75908467541946e-06,1.574110335349481e-05,1.8809933197175505e-05,1.4667971221144746e-05,1.5704666925963708e-05,1.4217604395410908e-05,3.0510232890216144e-06,1.924873090304124e-06,1.3680004359144698e-05,7.39833121298692e-06,1.1989846614833972e-05,1.0441967256574222e-05,1.9545942350787887e-06,1.5480217752329193e-05,2.071934695655117e-05,3.072053111444981e-05,9.275252420356024e-06,0.0001218014064564,0.0001329400854105,0.0001357362086226,0.0001365252195774,0.0001161423020895,0.0001103768866041,0.0001129587830312,9.166697876848e-05,-2.9294710138762563e-06,0.0001085025388475,7.843880798334729e-05,-4.469199846351501e-06,-0.0001407394147427,-0.0001055593262148,-0.0002776204632814,-0.0001349253802824,-0.0001810400501729,-0.0001224942380622,-0.0001610483561318,-0.0001587855376788,-7.720764981815116e-05,-0.0001332498497355,-0.0001286132888063,-2.265652098962717e-05,2.273326401145762e-05,-8.511199067244178e-05,-2.146406573127167e-05,-4.251005257197058e-06,-2.4188261216715535e-05,7.77464128561043e-06,-2.065699496092618e-05,-0.0001489276903705,-0.0001142620208581,-2.0352121039391092e-06,-5.492539565987877e-07,-2.6823044357906818e-06,2.292762559082154e-07,5.25304979544155e-07,-2.801352279936522e-07,-2.7215960411838763e-06,-5.3826416002992384e-08,-6.717744292714468e-07,3.922597798934944e-07,2.0355477085038795e-08,-7.386535535852557e-07,-2.6308975720352812e-06,-2.6799981176850375e-06,6.675613093068299e-07,-1.1177160900726753e-06,8.824133421694301e-07,-1.8318262456639337e-07,-6.390925108618442e-07,-2.64298361264159e-06,-3.8703985528607284e-07,-2.521304808711549e-06,-2.675417959303982e-06,-2.259052666080222e-06,3.549858024254652e-07,-4.7055217733542013e-08,-2.15472042630579e-06,-2.5366815167815293e-07,2.5149927815071e-07,8.254349234131617e-08,-4.825858352509542e-08,-1.7059397325892556e-06,-8.67076786474817e-07,4.224764190690618e-07,-8.20272016405079e-08,4.4648047592801283e-07,-1.4952248525801274e-07,2.636959746729141e-07,-1.1887277694934967e-07,4.573181127057394e-07,-1.6480256043637306e-08,2.424801364494015e-07,-9.313083462943424e-08,2.975657085933662e-07,-1.5262783575765288e-07,4.0131968812996945e-07,4.516836920603733e-07,8.067687033083788e-08,-5.901340954800427e-08,3.270957006503138e-07,3.41933643512153e-07,-9.110204637089578e-08,3.983893121772221e-07,-1.4927555724416953e-07,3.9730952568200004e-07,4.021859969503489e-07,3.778957729222926e-07,2.441280118634324e-07,-1.1147292792359003e-10,3.281042157514828e-07,3.8134959700676036e-07,-1.5373748466278198e-07,2.122207796551577e-07,-2.111150338797734e-09,1.981071979669291e-07,-1.4682979115597138e-07,4.254664592541962e-07,movement,no movement,no movement,no movement
7383.333333333379,0.0097153918061816,0.2999871815074526,-0.2852908462333333,0.0186154793060741,0.3191913304894223,-0.2810055911999999,0.0216318348928295,0.3194773233071457,-0.2702971733999999,0.0200696277195746,0.3192963339081209,-0.2737930150666666,0.0026219836525998,0.3280314303121602,-0.3028143165666666,0.004334578279181,0.3256405995618718,-0.3156611600666667,0.0079315665522561,0.3161480844448385,-0.2955737671,0.048116172338319,0.3327072095949142,-0.1725748538999999,-0.0603664755038775,0.2968523219590853,-0.2095783018,0.0306755103098103,0.2995352772091411,-0.2285153091666666,0.0024067425016468,0.2718581425476424,-0.2685392397666666,0.1170130107807773,0.2222950527679977,-0.0241944770033333,-0.1252539533088812,0.2724179443005978,-0.03052777336,0.1576666656657724,0.058315224602137,-0.0757145974366666,-0.1717731566067564,0.0352686115517993,-0.0456887339499999,0.1257522315561057,0.0845343650980197,-0.1808664342666666,-0.1422535089066891,-0.0852338132541566,-0.10864462679,0.1040510217152431,0.1001330088429462,-0.1972766941666666,-0.1067297050366195,-0.1088781760319761,-0.1515122205,0.0935571851019673,0.1276485714483741,-0.2023897079333332,-0.0775108252251842,-0.0708222241136184,-0.1640075528999999,0.1240805257662002,0.0853466647486507,-0.1849797249333333,-0.1262162202330199,-0.0757318557345175,-0.134407297,0.0735975542751915,-0.1630940010823998,0.0546423864899999,-0.0709429939856283,-0.1668488509531251,-0.0541266630199999,0.0963660198964713,-0.4936313148454243,0.03394346215,-0.0354005256964097,-0.4270740052569902,-0.0962279240299999,0.0965645952200813,-0.7633388075994734,0.2155130341,-0.0710486442293145,-0.767846253256604,0.0362716670466666,0.0814047012378584,-0.7893194725132473,0.2375934562666666,-0.0720604031725735,-0.7962309394687834,0.0083897821483866,0.1291487607585956,-0.8104760706720453,0.2038697804666666,-0.0526346282125887,-0.8186264065553099,-0.0835425927999999,nijmegen_nijmegen_rennen_g_ch1_g11_compr.mp4,ch1g11,1.4261093122883392e-05,1.576042741144867e-05,1.3552519388025806e-05,1.7945951659479412e-05,3.886640831962227e-06,1.477961340135196e-05,1.3278172113847213e-05,5.203425311756672e-06,1.2412597172810509e-05,4.510840803398261e-06,7.672460439781243e-06,9.3386666418612e-06,1.2992002287483766e-05,1.3607892837530422e-05,1.8072320784595175e-05,1.1091409153257129e-05,1.6406485020466903e-05,7.627912295262185e-06,7.682872759907036e-06,1.3280808343673344e-05,1.8293801103640116e-05,1.2306977394036793e-05,1.319324384504136e-05,1.2145254943245686e-05,2.990718398823001e-06,1.8653927649385885e-06,1.1631557084764537e-05,7.5478601377896625e-06,1.2248405295688126e-05,1.103120554102676e-05,1.893959228887306e-06,1.3854663819675518e-05,1.9719948412724713e-05,3.088733113036572e-05,8.244448458567739e-06,0.0001128941296336,0.0001214663161325,0.0001241425672928,0.0001246037240089,0.0001039725894103,9.967832569592648e-05,0.0001024834968335,7.952777584837201e-05,-8.894514751894114e-06,9.823676507215052e-05,7.124729197750705e-05,-1.700185878851618e-05,-0.0001413031920539,-0.0001265851321065,-0.000278667816319,-0.0001393713180379,-0.000174722007192,-0.0001233593656772,-0.0001524523145315,-0.0001555238037362,-6.746060211977346e-05,-0.0001382876455327,-0.0001236456825462,-2.0938389500019137e-05,2.0985788840552107e-05,-8.344314724610888e-05,-2.098805964617748e-05,-1.6978343681246024e-06,-4.532908990497375e-06,8.627248823689531e-06,1.0909566600673047e-06,-0.0001566109144681,-0.0001018474565814,-1.5046159217723086e-06,-7.702726083572472e-07,-2.075398064057705e-06,2.995059258376006e-08,7.855522204140947e-07,-5.633132752980238e-07,-2.1024242817738246e-06,-7.67141092559249e-08,-3.800632888933768e-07,2.484074420080948e-07,2.327011413421763e-07,-9.054977922063764e-07,-2.0802765271804467e-06,-2.06696304260413e-06,7.44773475367527e-07,-1.1764017635000582e-06,1.2568883405999429e-06,5.166536609834821e-08,-7.378416306143265e-07,-2.09489310225603e-06,-7.568785464295062e-07,-1.9687811266282376e-06,-2.1192745494955305e-06,-1.748648628830508e-06,6.01211602712626e-07,-5.5142309207313955e-08,-1.710270445822638e-06,9.512761587368507e-08,2.5373683769077753e-08,1.9133137515326065e-07,-5.7614195234900806e-08,-1.4592763279836477e-06,-1.1759417539314432e-06,4.753018941402861e-07,-1.0655492016963325e-07,5.602745154915849e-07,-1.9940379224490376e-07,2.603109257698407e-07,-1.51193582932899e-07,5.691474357989321e-07,-2.9719709131271807e-08,2.6008192978092557e-07,-1.4459996399180142e-07,1.294455378648759e-07,-8.25627201406522e-08,5.238685505275465e-07,5.641710490152225e-07,2.655317756496351e-08,1.635883019769984e-09,2.732261525437067e-07,1.626402243296772e-07,-3.901903517060176e-08,5.19094596373325e-07,-1.8767269175920493e-07,5.202571480130448e-07,5.278835727173864e-07,4.715372390470181e-07,2.419307816709999e-07,-6.833284933391015e-09,4.2315677515950555e-07,2.3481879587531533e-07,-1.9068881903802881e-07,2.6636782810201853e-08,-8.577909525974143e-09,2.40622884652171e-07,-1.5585545287840846e-07,3.270485613928536e-07,movement,no movement,no movement,no movement
7400.000000000045,0.009570332924459,0.3001035936007169,-0.2853418161666667,0.0184578151402674,0.3193165327556668,-0.2810090741,0.0214699346479127,0.3196049284694082,-0.2702951229999999,0.0199090025328986,0.3194245863841909,-0.2737975300999999,0.002457592518247,0.3281383230067484,-0.3028639332333332,0.0041708336814946,0.3257434692117786,-0.3157210915333333,0.0077632166160588,0.3162535598649146,-0.2956286431333334,0.0479068141900535,0.3327915803865555,-0.1724503164333333,-0.0605772724457864,0.2968485321948226,-0.2096614796,0.0305174824590854,0.2996374390364921,-0.2285367504666666,0.0022460226658665,0.2719334170047408,-0.2686241029,0.1168069714779817,0.2222826066349018,-0.02405929578,-0.1254051704429201,0.2722869181432725,-0.0306468507733333,0.1573854695817237,0.058191532624309,-0.0755213370733333,-0.1718982699740228,0.0349953801423298,-0.0457415908499999,0.1257603743876614,0.0843993504448237,-0.1809602574333332,-0.1420513922609435,-0.0854089435560063,-0.1087068818233333,0.1041235385365368,0.1000140806517656,-0.1974384954666666,-0.1064314319256147,-0.1090291031272305,-0.1515678053,0.0936719930920192,0.12750347936831,-0.2025536451666666,-0.0772048526949293,-0.0708825742025495,-0.1640354751666666,0.1241148016661177,0.0852138492611959,-0.1850976249,-0.1259954812536029,-0.0758529406994134,-0.131545216,0.0736223179402709,-0.1631140795653137,0.0546180865433333,-0.0709672856714239,-0.1668285685304045,-0.0541044280033333,0.0963851220471183,-0.493708019750322,0.0343211857266666,-0.0354910736828366,-0.4270923543208921,-0.0960705496399999,0.0965169081401935,-0.7633331779660538,0.2160601491333333,-0.0709139017826352,-0.7678597261328517,0.0368050782,0.0813365414303207,-0.7893047201710928,0.2381630596,-0.0718933478087574,-0.7962395320976845,0.0089656510593866,0.1289208661985291,-0.8106059873734385,0.2043082714666666,-0.0524859266462206,-0.8187210720364041,-0.0829658244399999,nijmegen_nijmegen_rennen_g_ch1_g11_compr.mp4,ch1g11,1.3077969594899903e-05,1.5035761510468706e-05,1.17744968557185e-05,1.78102046187597e-05,4.4860026536147165e-06,1.4174925590664943e-05,1.148464497995982e-05,5.06296078966231e-06,1.21920616442961e-05,4.505244178288264e-06,7.99224537917844e-06,8.148341732739004e-06,1.1108694711442064e-05,1.1845096536437966e-05,1.8884717026520092e-05,9.729008753988333e-06,1.7830970031568302e-05,7.98182342406286e-06,6.694923819142381e-06,1.1386452607472994e-05,1.747519616132077e-05,1.0552039409710506e-05,1.1280726650275918e-05,1.0593956324968398e-05,3.394496435454035e-06,1.8141441239686684e-06,1.00224910442603e-05,7.82352741206404e-06,1.2115474992999525e-05,1.1306779887017132e-05,1.8381236796424684e-06,1.2368800537353635e-05,1.861398121815533e-05,3.1001897217764545e-05,7.506304749637478e-06,0.0001149251658341,0.0001207879080503,0.0001237288228203,0.0001239050922476,0.0001046000570473,0.0001013689295542,0.0001037558228666,7.579427683599257e-05,-3.533987987949863e-06,9.756017033173486e-05,7.419138659977156e-05,-2.6101060713817677e-05,-0.0001348928396947,-0.0001421504830756,-0.0002743555426142,-0.0001373339289962,-0.0001681152136545,-0.0001178129149247,-0.0001441971670729,-0.0001465973273712,-6.004678391628436e-05,-0.0001354936634764,-0.0001187238269847,-2.0004353225790777e-05,2.005496690052968e-05,-8.088264658570668e-05,-1.8133577773420477e-05,-6.866541696625441e-07,1.1051038531764444e-05,7.783405818691261e-06,1.7351952081283543e-05,-0.0001679792762812,-9.239362214677932e-05,-9.774734006603e-07,-9.738191122106704e-07,-1.4104819941746963e-06,-1.5498807572117104e-07,1.03592326751324e-06,-8.434221062239114e-07,-1.4301491568383988e-06,-9.014498752068728e-08,-6.31443606818138e-08,4.650068171473685e-08,2.3214790620799177e-07,-9.9616471079121e-07,-1.4479015801568046e-06,-1.398832663235745e-06,7.788062000839002e-07,-1.207348479315996e-06,1.6228145904289842e-06,6.478984606673227e-08,-7.888809296433356e-07,-1.4691549834724133e-06,-1.0641071305791248e-06,-1.3314487744017994e-06,-1.4790176791687542e-06,-1.1868444147405386e-06,8.482955488363646e-07,-6.603672738406095e-08,-1.1995784749156252e-06,2.3288815908647185e-07,-1.875422783396822e-07,8.530380612692249e-08,-6.928737842858022e-08,-1.1855209372994005e-06,-1.3936798194249446e-06,4.5081268689447876e-07,-1.1152889276496873e-07,5.953635129535135e-07,-2.1983020722235934e-07,2.0962653917875066e-07,-1.5742471343655621e-07,6.02562123963783e-07,-4.2194376130358014e-08,2.230460976778311e-07,-1.6788451562344908e-07,-1.7143925235849085e-08,9.950019208352894e-09,5.735791649180067e-07,5.97226468136391e-07,-5.7534889672798296e-08,5.600415554725317e-08,1.2265517780906373e-07,1.1615549904612217e-08,2.937793227101205e-08,5.680873353159434e-07,-1.8980418783486832e-07,5.733683191077085e-07,5.787226487696385e-07,5.00270670914931e-07,2.013769633715287e-07,-1.0889851305593788e-08,4.633542538840621e-07,8.62501590202916e-08,-1.8822419858394675e-07,-1.1107185855862598e-07,-1.2246445908618032e-08,2.520355200679063e-07,-1.374956956924347e-07,2.6741983357539506e-07,movement,no movement,no movement,no movement
7416.666666666712,0.0094677222497857,0.3002216369998943,-0.2852941463666667,0.0183368461168719,0.3194412790659846,-0.2809245090333332,0.0213438441485924,0.3197328912436205,-0.2702048319,0.0197850693485858,0.3195527781858108,-0.2737148137666667,0.0023313639145437,0.3282476091523559,-0.3028236693,0.0040458141886767,0.325849049990538,-0.3156874706333333,0.0076346203188416,0.3163608180146678,-0.2955926111333334,0.0477159017097984,0.3328731544644008,-0.1722665349666666,-0.0607677845133348,0.2968535741946744,-0.2096867459999999,0.0303939222804133,0.2997388996417396,-0.2284613078666666,0.0021206280168759,0.2720107884172298,-0.2686082043333333,0.1165981679665462,0.2222521966115748,-0.0238766129433333,-0.1255474987285988,0.2721636944937667,-0.0307577786333333,0.1570762729708181,0.0580343943875077,-0.0752967418033333,-0.1719700999616465,0.0347228306230954,-0.0458088616433333,0.1257496735080347,0.0842598147580146,-0.1809862663999999,-0.1418494579147174,-0.0855865800440472,-0.10869420839,0.1041933193461017,0.0998961598994852,-0.1974887734666666,-0.1061440525158162,-0.1091833767401437,-0.1515221580666666,0.0937992962076451,0.1273567683271116,-0.2025940571333332,-0.0769145104995378,-0.070953507053391,-0.1639472344666666,0.1241420577779532,0.0850770815113155,-0.1851405104333333,-0.1257758196668331,-0.0759788524452311,-0.134351104,0.0736434445076147,-0.1631348933399877,0.0545956316099999,-0.0709876106207478,-0.1668077014176775,-0.0540841451633333,0.0963982947270655,-0.4937868555242314,0.03440358865,-0.0355828187924575,-0.4271225931743322,-0.0960310069266666,0.0964632630336745,-0.763349360756008,0.2161180634999999,-0.0707994613190201,-0.7678997773732432,0.0371906282966666,0.0812620293282176,-0.7893107251189304,0.2382276127333333,-0.0717525792016574,-0.7962789314950881,0.0093915377467199,0.1286870358158631,-0.8107808935857923,0.2043503816666666,-0.0523348541808386,-0.8188513459354932,-0.0824943956599999,nijmegen_nijmegen_rennen_g_ch1_g11_compr.mp4,ch1g11,1.2452336507692014e-05,1.408420068757368e-05,1.084554909157641e-05,1.7472942495401458e-05,5.534400053353964e-06,1.3286380713353624e-05,1.0537076054564176e-05,4.954903513720378e-06,1.2273716776575652e-05,4.481000341266987e-06,8.228243657792076e-06,6.951498472535733e-06,1.0136366100512948e-05,1.0930908384411511e-05,1.9634566217534616e-05,8.688475351770343e-06,1.9858016700651023e-05,7.972905039479196e-06,5.724126867080293e-06,1.038550807963128e-05,1.629188886960148e-05,9.724179313595866e-06,1.0284360326352313e-05,9.830318972500737e-06,4.266807538092501e-06,1.7474317753762389e-06,9.212331246646095e-06,8.08884313148335e-06,1.1666754012944168e-05,1.113159113666925e-05,1.7674432943203232e-06,1.1358739441762402e-05,1.7216193753059474e-05,3.0896828351983866e-05,7.139416990031709e-06,0.0001218976959889,0.0001253020551717,0.0001285597738279,0.0001285165747433,0.000110829089012,0.0001084443177976,0.0001104424159811,7.843815038975017e-05,8.777944686653044e-06,0.0001026375628281,8.24095878976691e-05,-2.988100471920266e-05,-0.0001218290324986,-0.0001511908642474,-0.0002671386416464,-0.00013723862206,-0.0001603445593932,-0.0001163403739266,-0.0001359733573587,-0.0001429929491565,-5.524395783443348e-05,-0.0001356810685091,-0.0001129609906346,-1.955461255748273e-05,1.9642028731397455e-05,-7.838103696016299e-05,-1.521018837228642e-05,-6.4227460503549715e-06,1.867117880102445e-05,-7.996306612081658e-07,2.4332518628593715e-05,-0.000182957496113,-9.217495569690994e-05,-5.297133835132862e-07,-1.0971009211947578e-06,-7.598231981203311e-07,-3.511866207960102e-07,1.2332860122266965e-06,-1.0479971453740443e-06,-7.735498428151937e-07,-1.2604510556664212e-07,1.359691226578081e-07,-1.798580235206125e-07,1.0732413021254657e-07,-9.624119818925572e-07,-8.022450090502877e-07,-7.477826893992663e-07,6.16312254237287e-07,-1.2160508899970115e-06,1.7240868470367229e-06,-3.2602394068193805e-08,-7.478635066304449e-07,-8.299988172249966e-07,-1.255733203435729e-06,-6.820416700546397e-07,-8.292354638737814e-07,-6.357286523369848e-07,1.0485535708737606e-06,-7.87348669461366e-08,-6.71430652853028e-07,2.1731061387636374e-07,-3.7468259963879034e-07,-1.2476463694960294e-07,-8.297250420231183e-08,-9.14881217811813e-07,-1.5149593025480975e-06,3.5539136460962637e-07,-8.321043930066008e-08,5.392914694783717e-07,-2.16392585724068e-07,1.1554901853606669e-07,-1.233404585359887e-07,5.455305524888598e-07,-5.1752289099761584e-08,1.4134545465512837e-07,-1.6959367750681014e-07,-1.3175035862920725e-07,1.1225471690965197e-07,5.31783749525303e-07,5.388312038169183e-07,-1.4879875615179854e-07,1.0766781463996241e-07,-1.050926817823236e-07,-9.24760055401188e-08,1.0591899357367159e-07,5.268870068950571e-07,-1.4199593225867985e-07,5.362480048508633e-07,5.365377178907601e-07,4.495376914871553e-07,1.215475893317162e-07,-1.1220249000077906e-08,4.289558350108667e-07,-4.7518588983570335e-08,-1.51602846307597e-07,-1.888537590728822e-07,-1.2222771682840202e-08,2.207773346945884e-07,-7.799655942974417e-08,2.795510946075312e-07,movement,no movement,no movement,no movement
7433.333333333379,0.009361996951501,0.3003424408794225,-0.2852666706333334,0.0182138131955807,0.3195669472026424,-0.2808543742333332,0.0212154857891171,0.3198617363243101,-0.2701295641333333,0.0196589496829993,0.3196817994074393,-0.2736460458999999,0.0022035415399594,0.3283591356405844,-0.3027921125999999,0.0039189560705697,0.3259574587731031,-0.3156632463,0.0075041551339519,0.3164708148826113,-0.2955656678333334,0.0475279277205009,0.3329548849094453,-0.1720972453666666,-0.0609539403845891,0.2968618013960275,-0.2097086149333333,0.030269593878143,0.2998420358781128,-0.2284086476666667,0.0019944443625286,0.2720922373902691,-0.2686079063,0.1164008233649174,0.2222211991203818,-0.02372280173,-0.1256926393592698,0.272044429679522,-0.0308736855766666,0.1567747949121891,0.0578823516445999,-0.0751325662733333,-0.1720662835743723,0.034474549558274,-0.0459181257733333,0.1257383384602711,0.084135132657117,-0.1810589780999999,-0.1416842694460104,-0.0857342037979904,-0.10877321583,0.1042609519984413,0.0997966104151387,-0.197591812,-0.1059037798984476,-0.109308241775751,-0.1515778884,0.0939230556536942,0.1272352623693541,-0.2026877725333333,-0.0766612398877473,-0.071002380750983,-0.1639604433666666,0.1241682607724449,0.084954577173019,-0.1852271621666667,-0.1255919557846673,-0.0760829056473602,-0.134134054,0.0736659211629426,-0.1631544685025165,0.0545740060533333,-0.071009734803641,-0.1667880559556376,-0.0540644832066666,0.0964094773016208,-0.4938580715317122,0.0345818778166666,-0.0356544355330016,-0.4271452994480705,-0.09586205458,0.0964044265471943,-0.7633267108760918,0.2164922540333333,-0.0707199573142215,-0.7678746513019105,0.0378235068766666,0.0811815104058473,-0.7892804780356378,0.2386393869666666,-0.0716573644138055,-0.7962469000527179,0.0100857247745533,0.1284493358835518,-0.810925806266117,0.2046911831666666,-0.0522332729088298,-0.8189398583037861,-0.0817828987399999,nijmegen_nijmegen_rennen_g_ch1_g11_compr.mp4,ch1g11,1.2366484241601978e-05,1.300341640232922e-05,1.0628553254070704e-05,1.6813222850195233e-05,7.0983299628930255e-06,1.222100566062037e-05,1.0306909750898192e-05,4.808564932133841e-06,1.269068864906507e-05,4.246410218525528e-06,8.255542891257346e-06,6.123559520011713e-06,9.890830882487452e-06,1.0726182291453788e-05,2.0313390546166472e-05,7.828273756480506e-06,2.200804276198508e-05,7.763345970917408e-06,5.077365197067173e-06,1.009800652105948e-05,1.4965411509696436e-05,9.597213986683136e-06,1.0020117629813891e-05,9.674951158067413e-06,5.560587475775188e-06,1.656460267156767e-06,9.00439442930319e-06,8.331130470053393e-06,1.0954407989364327e-05,1.0756865432776097e-05,1.672517520474694e-06,1.0724422746123966e-05,1.5723716727201333e-05,3.0558384628982426e-05,7.52992499432344e-06,0.0001321649695206,0.0001341017139932,0.0001380922615039,0.0001378602752198,0.0001227818977109,0.0001206524728866,0.000121916785896,8.655126611826187e-05,2.674518504011769e-05,0.0001120269139531,9.429317702157268e-05,-2.9384996123600935e-05,-0.0001045274260739,-0.0001530341587862,-0.0002539890553169,-0.0001341217611769,-0.0001507522104141,-0.0001131848529279,-0.0001267560665522,-0.0001393210417726,-5.105690219528696e-05,-0.0001326497013057,-0.0001058043083039,-1.944020631739052e-05,1.953968780880809e-05,-7.554334345248361e-05,-1.2579886188374876e-05,-1.3437072288499492e-05,2.417165099454862e-05,-1.068164657429027e-05,2.8784365699851753e-05,-0.0001957707740083,-9.44156481146988e-05,-2.418175561547823e-07,-1.1304807207401865e-06,-2.7158254507444066e-07,-5.280727161012315e-07,1.376429840069046e-06,-1.1027562797834273e-06,-2.811417532659056e-07,-1.6976911583111874e-07,2.105532175614633e-07,-3.683370926278692e-07,-7.773318748969141e-08,-7.734952515981652e-07,-3.0193850120116776e-07,-2.613520543546331e-07,3.872016566210213e-07,-1.0988611269616484e-06,1.597610693211033e-06,-1.7199589387635305e-07,-5.872951044830078e-07,-3.357204228654021e-07,-1.3267134796538984e-06,-1.7271737038599478e-07,-3.266616340876377e-07,-2.2098253790069717e-07,1.2034164166508917e-06,-9.225903084538099e-08,-2.591741784579271e-07,9.169510993969934e-08,-5.043848106062189e-07,-3.519187454956617e-07,-9.709552151100413e-08,-7.224063472713959e-07,-1.5334347871966898e-06,2.0924838160894909e-07,-3.6156431857760035e-08,4.092714380286081e-07,-1.960423213596123e-07,-1.0272146736094372e-08,-6.358638376428758e-08,4.151353777701756e-07,-5.5882798861093026e-08,3.290829167987342e-08,-1.4471363571127705e-07,-2.0309769115724426e-07,1.9465002098832737e-07,4.14558702787304e-07,4.064968276574938e-07,-2.2745276397805434e-07,1.5000487236518037e-07,-3.505475790854415e-07,-1.4811424584953512e-07,1.6568422684412237e-07,4.114437336515064e-07,-6.489420471550437e-08,4.2395086983738827e-07,4.179597183633744e-07,3.3476792021834037e-07,1.4836681761324592e-08,-7.976981834814371e-09,3.322926081570783e-07,-1.531890892102731e-07,-9.31413071740946e-08,-2.117875399457695e-07,-8.624362058814341e-09,1.5694402016787838e-07,1.6233617194962355e-09,3.390302880615239e-07,movement,no movement,no movement,no movement
7450.000000000046,0.0092612383692489,0.3004787872221869,-0.2850888868666667,0.0180996814508583,0.3197032195043507,-0.2806355844666666,0.0210953267516789,0.3200020827068324,-0.2699061952666667,0.0195410472932323,0.3198215218953319,-0.2734298300333332,0.0020855396880052,0.3284864827776365,-0.3025988356,0.003801555468723,0.3260825173207139,-0.3154723683666666,0.0073832704485943,0.3165966048100406,-0.2953782668333334,0.0473517468973011,0.3330412573503657,-0.1718123525333333,-0.0611209157089463,0.2968977011728971,-0.2095777474666666,0.0301499189990658,0.2999562784386286,-0.2282186206,0.0018735606247087,0.2721917111213083,-0.2684558438999999,0.1162075347549972,0.2221897454799435,-0.0235013904666666,-0.1258370652079121,0.2719436489208551,-0.0308882667333333,0.1564816745174085,0.0577302027421173,-0.0748716104333333,-0.1721738059079168,0.0342387944671654,-0.0460220174166666,0.1257225260413,0.0840110324454607,-0.1809461877333333,-0.1415416275698081,-0.0858630423113682,-0.1088490334366666,0.1043233317126271,0.0996969201947895,-0.1974893809,-0.1056907428182832,-0.1094121036144757,-0.1516398672666666,0.094038345117739,0.1271124057767969,-0.2025671287333333,-0.0764266446783688,-0.0710375334063698,-0.1639796256333332,0.1241901184876248,0.0848320465157643,-0.1851179863,-0.1254302603084248,-0.076172330176059,-0.136545017,0.0736866673564423,-0.1631736099692129,0.0545495208366666,-0.0710302501332057,-0.1667689121250955,-0.0540413122033333,0.0963870298539844,-0.4939317608032122,0.0346629788766666,-0.0357196944997765,-0.4271402574482187,-0.0956730117433333,0.0963327628136396,-0.7633317676786314,0.2167105133333333,-0.0706977510288828,-0.7677970936959111,0.0387074003566666,0.0810862008752697,-0.7892838772133063,0.2388926222666666,-0.0716330114100847,-0.7961626638108812,0.0110656874304199,0.1281474524632577,-0.8111279488441836,0.2048886076666666,-0.052203936751465,-0.8190011096444259,-0.0806927975199999,nijmegen_nijmegen_rennen_g_ch1_g11_compr.mp4,ch1g11,1.2424786031076726e-05,1.1765743813700382e-05,1.0736520688339393e-05,1.6173784690385236e-05,9.035628474402558e-06,1.0987962100259388e-05,1.0393600420646506e-05,4.6468026818020335e-06,1.3214197866523651e-05,3.870748636534518e-06,7.862052814222778e-06,5.609885024321997e-06,1.0022778733484604e-05,1.083297359360568e-05,2.093454691803703e-05,6.810759696722608e-06,2.3636422252857644e-05,7.07650550729573e-06,4.729817365672651e-06,1.017129741468325e-05,1.3461861696501791e-05,9.816940688842756e-06,1.0143113687106356e-05,9.783500020925031e-06,7.228359071674481e-06,1.534916637192005e-06,9.076702878999972e-06,8.266940862374237e-06,1.0238958770947384e-05,9.95623669744522e-06,1.549895238975182e-06,1.0238741886448985e-05,1.4095785382225944e-05,3.0110157830640065e-05,8.63830696269109e-06,0.0001436836587353,0.0001450274162366,0.00015002758398,0.0001497667986058,0.0001378061562259,0.0001353931838025,0.0001357594775098,9.75090652219444e-05,4.599034742985656e-05,0.0001235781201536,0.0001073221385893,-2.703139941866354e-05,-8.812029182843e-05,-0.0001519036240147,-0.0002418780623415,-0.0001292623224672,-0.0001391083794672,-0.0001080366228366,-0.0001146901118523,-0.0001331565978376,-4.4049944660385565e-05,-0.0001274246771706,-9.675400224559951e-05,-1.9100810719063656e-05,1.915632269415403e-05,-7.148775712855464e-05,-9.463360612034114e-06,-1.8942675397955553e-05,3.129904089352908e-05,-1.9260148936469062e-05,3.51758356795024e-05,-0.0001996262596149,-9.099203553946784e-05,-1.1921880041583017e-07,-1.1045742542841662e-06,5.7458745478829214e-08,-6.901549843433039e-07,1.3729573615469197e-06,-1.0880351845142129e-06,5.1448790958580376e-08,-2.2052535067644882e-07,1.6568857380821322e-07,-5.250703538859142e-07,-2.938794150123366e-07,-4.770353407921777e-07,5.027130077451179e-08,6.326154573613793e-08,9.93465440584509e-08,-8.474964603099365e-07,1.1075329166054502e-06,-3.309242312419084e-07,-3.523844748963648e-07,1.2568983529168296e-08,-1.3205341240795184e-06,1.8668812753145054e-07,2.6345886127257853e-08,4.6651452720065134e-08,1.2236470651694955e-06,-1.0065945254120013e-07,2.3758417554932792e-08,-1.1250016202516489e-07,-5.543251258296751e-07,-5.601768528943927e-07,-1.0597978019802745e-07,-5.84895089045807e-07,-1.4620015457309589e-06,5.174482762418485e-08,2.66700006302445e-08,2.401323618071618e-07,-1.7321593109854918e-07,-1.4983325417188028e-07,1.5214435533927185e-08,2.46222109041173e-07,-5.4237278368747344e-08,-7.3215365605856e-08,-1.0189707368726878e-07,-2.251608638788737e-07,2.4772078222055e-07,2.541854674571752e-07,2.3574779217625854e-07,-2.787036191149255e-07,2.007495518208119e-07,-5.565381380350247e-07,-1.534761910566962e-07,2.026731334295524e-07,2.5356334240969004e-07,3.5516634405318165e-08,2.655482412298762e-07,2.558185498000302e-07,1.8583613101564229e-07,-1.0596653933511945e-07,-1.8127712241549503e-09,1.994658781699585e-07,-2.1520067075208518e-07,-3.2379464847775376e-08,-1.8391033209886904e-07,-2.248895065848482e-09,8.149264956733818e-08,9.682261406149447e-08,3.933218576685758e-07,movement,no movement,no movement,no movement
7466.666666666713,0.0091664017817868,0.300630011039529,-0.2847439528,0.0179927949562765,0.3198554639062636,-0.2802690725333333,0.0209833796351326,0.320160473621094,-0.2695348494,0.0194313582134901,0.319979716922532,-0.2730691097,0.0019770285663948,0.3286391271559082,-0.3022599981,0.0036931727747906,0.3262324127072881,-0.3151340544,0.0072713020106541,0.3167462533010373,-0.2950454275333333,0.0471666593437627,0.3331422125929542,-0.1714322944666666,-0.0612785125915656,0.2969696356906953,-0.2093628433999999,0.0300328992775583,0.3000869457412411,-0.2278726017333333,0.0017572700402467,0.2723115534889324,-0.268151893,0.1159828945216702,0.2221613041588686,-0.0232622465133333,-0.1259834095511824,0.2718733489953876,-0.0308252331433333,0.1561784729950877,0.0575775427050321,-0.0746128458,-0.1723100045275891,0.0340069937097541,-0.0461066571299999,0.1256808620535892,0.0838851873669723,-0.1808281660333333,-0.1414235064012856,-0.0859938680717832,-0.1089659919,0.1043632862384422,0.0995919863432004,-0.1973766158666667,-0.1055083875951334,-0.1095226366794086,-0.1517350464333333,0.0941348412991611,0.1269792907006146,-0.2024315862666666,-0.0762225167008394,-0.07108345463054,-0.1640093613666666,0.1241919760868669,0.0847080738944399,-0.1850016598666667,-0.1252940513876282,-0.0762636847708898,-0.133891016,0.0737004242150764,-0.1631929840698151,0.0545204016066666,-0.0710434162486028,-0.1667494643930214,-0.0540134796899999,0.0963489432561526,-0.493991387438391,0.0345942949566666,-0.0357756551719784,-0.4271468978345733,-0.0955894060466666,0.0961733724970115,-0.7633418138431064,0.2166604012333333,-0.0706932090837113,-0.7677585009069116,0.0391461156866666,0.0808941250142163,-0.7892948345163596,0.2388645777999999,-0.0716297412284512,-0.7961208199815596,0.0115467456604533,0.1277399442703951,-0.811339618774609,0.2048883483999999,-0.0521847434455348,-0.8190938031368505,-0.0801245856966666,nijmegen_nijmegen_rennen_g_ch1_g11_compr.mp4,ch1g11,1.2385338898790328e-05,1.0562290985540185e-05,1.100586347852371e-05,1.5444181936308856e-05,1.1145454813817547e-05,9.783542483821076e-06,1.0649478392644976e-05,4.513752282612593e-06,1.342782803291097e-05,3.1183948064095617e-06,7.25117372684463e-06,5.588436044047426e-06,1.0324800878262855e-05,1.1104777760129167e-05,2.0927269366350407e-05,6.156348154559293e-06,2.5167234160517837e-05,6.344314772324695e-06,4.781742449585869e-06,1.0423340264705374e-05,1.2074343791846514e-05,1.024258190956306e-05,1.0433746532917466e-05,1.00162990165398e-05,9.152338253045583e-06,1.4362513027962513e-06,9.303409248666216e-06,7.942810661648501e-06,9.5505086192188e-06,9.182430932220808e-06,1.4451907242067287e-06,9.733325670365533e-06,1.2585256667018193e-05,2.917402253518732e-05,1.0326197574728702e-05,0.0001565423709634,0.0001564751827981,0.0001622257136854,0.0001618114059028,0.0001524721727686,0.0001501988515356,0.0001498860081751,0.0001067981468608,6.327346049475268e-05,0.0001348964104864,0.0001209415303609,-2.51607545226671e-05,-7.361038016943518e-05,-0.0001497735160672,-0.0002267285916264,-0.0001223810893006,-0.0001278121387809,-0.0001005259860895,-0.000104286726981,-0.0001243008178208,-3.91979417577278e-05,-0.0001197094361745,-8.829761559702905e-05,-1.898513536519686e-05,1.904456239006269e-05,-6.732916745081498e-05,-7.003716767973418e-06,-2.4636190629805618e-05,3.582775164186205e-05,-2.78704841355834e-05,3.850218388015329e-05,-0.0002031217894722,-9.033860478564774e-05,-1.9661396783678925e-07,-1.0237171252966324e-06,1.5218522730243945e-07,-8.621783984777223e-07,1.1389517814870045e-06,-9.895301469906915e-07,1.5058657245741585e-07,-2.7538154332990505e-07,-2.4914607990589182e-08,-5.761372524547873e-07,-5.228146773599984e-07,-1.1362643682252137e-07,1.7046590282594884e-07,1.523337312298815e-07,-2.133867722076318e-07,-5.877499829276693e-07,2.852151651805624e-07,-4.925560779558906e-07,-5.9033449472431995e-08,1.321259834550473e-07,-1.1967211655823618e-06,3.196804126681617e-07,1.451103176274683e-07,1.0793572345730528e-07,1.03537685040826e-06,-9.665624401026453e-08,1.145951626057642e-07,-3.7425899332818674e-07,-5.2664846350216e-07,-7.389392492599737e-07,-1.0270605024577046e-07,-5.545862624208476e-07,-1.3027394952869617e-06,-8.024755086930863e-08,8.637632543229943e-08,6.710677437226605e-08,-1.4771121195548036e-07,-2.742772722815881e-07,9.199584480770333e-08,7.350213071282554e-08,-4.6947353426725796e-08,-1.482849692666851e-07,-3.8841875298841126e-08,-2.0768801917497397e-07,2.570688999562536e-07,8.486446953945427e-08,6.157397008914543e-08,-2.812226678612637e-07,2.397453002489495e-07,-6.91375711886832e-07,-1.2943292543589698e-07,2.058532760457795e-07,8.640093718937461e-08,1.304643060946852e-07,9.27826883268916e-08,8.540914846639343e-08,3.3696856323214856e-08,-2.1768539514438202e-07,4.115144190034742e-09,5.657712054513013e-08,-2.297201779435023e-07,1.9237672820205456e-08,-1.291487876713215e-07,4.065032723813631e-09,1.296464691697932e-08,1.822086999239207e-07,4.014187599078353e-07,movement,no movement,no movement,no movement
7483.33333333338,0.0091036363940632,0.3007839426716888,-0.2845620642333333,0.0179152657626003,0.3200063119673163,-0.2800502112333333,0.0209005788590963,0.3203171673906221,-0.2693124783666666,0.0193509521533297,0.3201357226432439,-0.2728538018333333,0.0018975959599861,0.3287834044253329,-0.3020790006333333,0.0036136773014218,0.3263760579626983,-0.3149593054999999,0.0071890930844662,0.3168900054616803,-0.2948708574666666,0.046993374216287,0.3332410674004155,-0.1711568440333333,-0.0614272040805068,0.2970230351443998,-0.2092750661333333,0.0299402449045503,0.3002163600073727,-0.2276717658666666,0.0016658314001177,0.2724281664126932,-0.2680085925,0.1157603880571351,0.2221287295186111,-0.02307020252,-0.1261336102984276,0.27179631649817,-0.03087008601,0.1558800826224921,0.0574249649940896,-0.07442974033,-0.1724508591449337,0.0337814057453835,-0.0462681169233333,0.1256496326904422,0.0837576929210823,-0.1808705146333332,-0.1413222643290028,-0.0861225419825859,-0.1091539623666666,0.1044125792718785,0.0994833858161169,-0.1974724666,-0.1053477748692275,-0.1096297219912108,-0.1519275868333333,0.0942307084491999,0.1268484464285548,-0.2025298350999999,-0.0760471283710177,-0.0711277554851113,-0.1641794501666666,0.1241981003951839,0.0845822995982071,-0.1850637922333333,-0.1251754059388325,-0.0763550586975891,-0.133733153,0.0737154343421738,-0.1632110211971728,0.0545043046266666,-0.0710580931467598,-0.1667313579938374,-0.0539982688333333,0.0963166515515988,-0.4940637639379364,0.0346023403399999,-0.0358040701299083,-0.4271526912641528,-0.09545961867,0.0960121867192899,-0.763384772071795,0.2166260997666666,-0.0707243110940321,-0.7677216677874319,0.03966576394,0.0806997174536549,-0.7893457154418559,0.2388474722666666,-0.0716740519450372,-0.7960812033215716,0.0121147656224533,0.127349826253141,-0.8115762257106937,0.2048852573999999,-0.0521845420047035,-0.8191907303637059,-0.0795051421899999,nijmegen_nijmegen_rennen_g_ch1_g11_compr.mp4,ch1g11,1.1738542638665584e-05,9.215506805244709e-06,1.1070936081484367e-05,1.4850581111917106e-05,1.2071072519374828e-05,8.515984451804295e-06,1.0724541757440742e-05,4.260987975783735e-06,1.2899925607209536e-05,2.4122857483815724e-06,6.586343732556493e-06,5.4911924517775964e-06,1.0467787274274313e-05,1.1168682608837194e-05,2.0202058809966375e-05,5.3365446229808505e-06,2.4856280511796433e-05,5.843959266046297e-06,4.748580511186791e-06,1.0541022417630568e-05,1.0579887360312969e-05,1.0606847864620194e-05,1.0523771055740709e-05,1.0033676147501124e-05,1.0047185789072194e-05,1.3478809476696423e-06,9.44403521181368e-06,7.221856594002786e-06,9.468947546083266e-06,8.450423859599919e-06,1.3528193606815453e-06,9.140448795727883e-06,1.0939128945397818e-05,2.767207469390075e-05,1.1112828584629445e-05,0.0001633571014564,0.0001600675209455,0.0001658334450391,0.000165224690805,0.0001564612503908,0.0001553340107376,0.0001551079371003,0.0001064318288186,6.762346139951881e-05,0.0001383223936984,0.0001275005971311,-2.8356010597938736e-05,-6.900767994475325e-05,-0.0001522728353293,-0.0002115935202797,-0.0001126501345368,-0.0001147097800343,-8.758546415620349e-05,-9.053060322403804e-05,-0.0001055178207845,-2.806200348488829e-05,-0.0001089372605892,-7.828859047345405e-05,-1.7944157304081236e-05,1.808303405627495e-05,-6.326678728076998e-05,-2.7790304418478124e-06,-2.530759160107308e-05,4.793647662140606e-05,-3.1620696856907816e-05,5.0637753985695835e-05,-0.0001969270802264,-8.447752872532162e-05,-3.738222530447369e-07,-9.023837131669678e-07,1.0272876799266747e-07,-9.995241617062584e-07,8.084026181410101e-07,-8.479229620447923e-07,1.0564825439578373e-07,-3.279700445115845e-07,-2.4097890109079946e-07,-5.378337938584258e-07,-7.22231497872912e-07,2.103212946466244e-07,1.4453044215869265e-07,9.626166571206629e-08,-4.96059496872085e-07,-3.078012507724596e-07,-6.010477266279801e-07,-6.230726111279799e-07,2.0786445163747666e-07,1.0899298850953666e-07,-1.0257266575812863e-06,2.9486376202639505e-07,1.2015419943494397e-07,4.482823058484869e-08,7.61063233538463e-07,-8.655752835725848e-08,8.374076706081508e-08,-6.187211847452176e-07,-4.617524487757005e-07,-8.471488017198091e-07,-9.317326487919115e-08,-5.764752738294844e-07,-1.0921015924607867e-06,-1.5566979697702134e-07,1.3479089858727206e-07,-7.119867281323464e-08,-1.238107723085338e-07,-3.2297660411420393e-07,1.5242376568066917e-07,-6.525610511867757e-08,-2.8078403587906866e-08,-1.718293982279287e-07,2.0092134244734188e-08,-1.631017137785215e-07,2.3659136167633147e-07,-5.476643785686358e-08,-7.713742838434828e-08,-2.3225348720153127e-07,2.704639950950111e-07,-6.788506018103274e-07,-9.294499958055184e-08,1.872821884280617e-07,-5.222442807892328e-08,2.0491472699356156e-07,-5.650022122500132e-08,-5.3168833539620994e-08,-8.67003508571966e-08,-2.63384046683974e-07,8.428016440020253e-09,-6.438634446709928e-08,-1.9647526412914277e-07,3.4623333164475344e-08,-5.792475616697365e-08,8.866425059298746e-09,-3.5508020625228307e-08,2.472427679541966e-07,3.550238096430831e-07,movement,no movement,no movement,no movement
7500.000000000047,0.0090460576085675,0.3009612456214796,-0.2841992735999999,0.0178400435761128,0.3201799737320622,-0.2796565633,0.0208199891544704,0.3204976372318732,-0.2689158431999999,0.0192730725943926,0.3203156182175333,-0.2724661222999999,0.001824689305765,0.3289560061132622,-0.3017224645333333,0.0035410121812225,0.3265474332645083,-0.3146061042666666,0.0071130891288165,0.3170603717504235,-0.2945208092999999,0.046816796476687,0.3333619536060865,-0.1707686658,-0.061561741664614,0.2971037450324904,-0.2090680468,0.0298502179092171,0.3003684867058235,-0.2273085098333333,0.0015807307901207,0.2725683136217362,-0.2677002617,0.1155316313509683,0.2221077433945301,-0.0228273989,-0.1262688286819003,0.2717344215443947,-0.0308607923433333,0.1555604826770327,0.0572716662873038,-0.0741985721566666,-0.1725800643230992,0.033561556888042,-0.0464264785099999,0.1255862360647406,0.0836328396226809,-0.1807504599666666,-0.141230879106969,-0.0862453666747984,-0.1093356144666666,0.1044319149791137,0.0993774330093573,-0.1973665238,-0.1052078860996491,-0.1097311889538813,-0.1521045425666666,0.0943029853620058,0.1267199099673369,-0.2024121064666666,-0.0758960216468031,-0.0711688310107456,-0.1643193457666666,0.1241773949422162,0.0844612027027866,-0.1849536070999999,-0.1250717778444913,-0.0764406846245997,-0.124321073,0.0737247891217047,-0.1632291329521708,0.0544898563366666,-0.0710668002810798,-0.1667129898329767,-0.0539850185599999,0.0962741929136257,-0.4941308539999617,0.0345952288866666,-0.0358249289784907,-0.4271583072271798,-0.0953693238433333,0.0958231382509339,-0.7634470933761209,0.2164194891999999,-0.070807748562395,-0.7676946602558079,0.04008753957,0.0804755492520841,-0.7894189536732474,0.2386352439666666,-0.0717798627619845,-0.7960541101773874,0.0125730217997533,0.1269460130983854,-0.811819775880661,0.2047192013333333,-0.0522265046614972,-0.8192993399491507,-0.0789568586833333,nijmegen_nijmegen_rennen_g_ch1_g11_compr.mp4,ch1g11,1.1314852912756303e-05,8.301277000412707e-06,1.1095343963457876e-05,1.386834442152368e-05,1.2362055047476078e-05,7.650727802870652e-06,1.074152078184459e-05,4.014927151514856e-06,1.2444403753942514e-05,1.7856117136388968e-06,5.744599470372257e-06,5.564360657465732e-06,1.0571806667880118e-05,1.1185867944986982e-05,1.940082071904459e-05,4.945675059231091e-06,2.343379210505242e-05,5.12813590715063e-06,4.8350346642509825e-06,1.0611709060149504e-05,9.500605243120484e-06,1.0804491314979796e-05,1.0596590981547512e-05,1.0007590643734775e-05,1.0475919142104122e-05,1.2675755343985882e-06,9.493697175492123e-06,6.5211797066255705e-06,9.189039651526594e-06,7.445261695746623e-06,1.2616320460158553e-06,8.609194039486503e-06,9.81796321723617e-06,2.607987358424505e-05,1.1537869910707616e-05,0.0001708453998856,0.0001653854143049,0.0001713063994443,0.0001706156994618,0.0001628117104296,0.0001623472918417,0.0001619943190556,0.0001104314026481,7.52239149152353e-05,0.0001442266533603,0.0001355929995353,-2.6621810492893107e-05,-5.9933947592719776e-05,-0.0001470856967912,-0.0001914765685795,-9.99136193899003e-05,-0.0001035481130106,-7.131504925710292e-05,-7.940894277053927e-05,-8.325450995557627e-05,-2.0748324397704024e-05,-9.499454589174064e-05,-7.036803929038251e-05,-1.677900057673365e-05,1.7036536699932242e-05,-5.907064988297e-05,-2.108611261854321e-06,-2.5626034069530764e-05,5.082412274752445e-05,-3.390818287294151e-05,5.299449009241765e-05,-0.0001844469914419,-8.247578769524898e-05,-6.081723926592479e-07,-7.427148199146212e-07,-7.561002212552774e-08,-1.1116013590701585e-06,4.004520956327545e-07,-6.592389933850384e-07,-6.301348296280955e-08,-3.513933604323337e-07,-4.485727180348749e-07,-4.460454669287213e-07,-8.607861375462736e-07,3.9803861419183066e-07,-2.803472541787639e-08,-8.765162206430756e-08,-7.430896854302463e-07,-7.998291619469417e-08,-1.4054552382271316e-06,-6.722329502322977e-07,3.661060262540702e-07,-5.6170595286204975e-08,-7.675451301380505e-07,1.226667166853357e-07,-5.1847783742912245e-08,-1.3660552186025837e-07,4.23615446146242e-07,-7.31790465469286e-08,-7.627826808993773e-08,-8.1114476250846e-07,-3.778945280366994e-07,-8.398344866157277e-07,-7.910642012468593e-08,-6.571064070770333e-07,-8.112102629490879e-07,-1.8582373369504574e-07,1.4266361630247358e-07,-1.5801445178221986e-07,-8.480129314376519e-08,-3.0578065859091764e-07,1.6765813883302498e-07,-1.520898788645692e-07,1.4071835989604596e-09,-1.6528236977871265e-07,6.635705032253294e-08,-9.016747984906579e-08,1.84354683189633e-07,-1.4681481500992362e-07,-1.634214658045587e-07,-1.6355319737675174e-07,2.7096366563640936e-07,-5.407857504977928e-07,-3.1619439156359216e-08,1.4511365127704758e-07,-1.434732420668986e-07,2.2468176613109545e-07,-1.5693184975685057e-07,-1.4379960399467904e-07,-1.615935377987109e-07,-2.53224115902693e-07,1.0993970562967143e-08,-1.4525535329548953e-07,-1.2671060071795024e-07,3.7899335106692606e-08,2.9926179714865156e-08,1.2265952806327915e-08,-6.027749470708195e-08,2.573817685344797e-07,2.6523459699258073e-07,movement,no movement,no movement,no movement
7516.666666666714,0.009005612807236,0.3011393156598115,-0.2839549313333332,0.017786483585049,0.320351587754831,-0.2793695689333333,0.0207606114391918,0.3206750866896099,-0.2686277858666666,0.0192163199949602,0.3204922084289501,-0.2721838069,0.0017731245344771,0.329124504087385,-0.3014697549333333,0.0034889224524937,0.3267157445203985,-0.3143595655333333,0.0070582196414453,0.3172284812368407,-0.2942745696,0.0466620962011514,0.3334790504893662,-0.1704518298666666,-0.0616798522006089,0.2971853553161637,-0.2089123152333333,0.0297729711209991,0.3005197072091309,-0.2270555859666666,0.00150841668639,0.2727111258669338,-0.2674988506333333,0.1153178685248442,0.22208709392113,-0.0226093634333333,-0.1264082120888197,0.2716868674125281,-0.0308656231133333,0.1552649346690594,0.0571323832956327,-0.0739863527999999,-0.1727035431256519,0.0333845872748978,-0.0465652958633333,0.1255399683306365,0.0835414885628204,-0.1806788181666666,-0.1411390259708671,-0.0863427496642616,-0.1094231267666666,0.1044621953960709,0.0993185857798816,-0.1973381172333333,-0.1050665561668926,-0.1098004674911245,-0.1521808464666666,0.0943786390275127,0.1266492915079108,-0.2023727857666666,-0.0757464899064835,-0.071179810490214,-0.1643688633333333,0.1241656158690505,0.0843757273710314,-0.1848945910666666,-0.1249678830808329,-0.0765043191151345,-0.116668068,0.0737360116055216,-0.1632460787226442,0.05447872877,-0.0710778789385569,-0.1666958278063109,-0.0539748889999999,0.0962392814094896,-0.4941939267340155,0.0348676186366666,-0.0358529339130134,-0.427156388760169,-0.0951088177699999,0.095635494712311,-0.7634828433310099,0.2167190462666666,-0.0709155877866893,-0.7676468993834163,0.0407721263566666,0.0802570152352069,-0.7894661901272809,0.2389532918666666,-0.0719094543593457,-0.796006105005412,0.0133073549110866,0.1265931524798902,-0.811991201583414,0.2050136681333332,-0.0522772668506572,-0.8193860663013489,-0.0782099491533333,nijmegen_nijmegen_rennen_g_ch1_g11_compr.mp4,ch1g11,1.0705229520794448e-05,7.731126110351526e-06,1.0851949189864908e-05,1.2708952377805214e-05,1.2333736006072524e-05,7.200143288839338e-06,1.0515551310744236e-05,3.518775267561488e-06,1.199094190357446e-05,1.396977161059644e-06,4.9109667472352505e-06,6.198623740588918e-06,1.0341489069832362e-05,1.0931137648179692e-05,1.8624080628236465e-05,4.967705116460685e-06,2.1689399056137427e-05,4.6242724787943545e-06,5.359087283728152e-06,1.0362799345087497e-05,9.065714466187615e-06,1.0694595040100383e-05,1.0341472003037153e-05,9.720678798433071e-06,1.0458117755834328e-05,1.20323617358371e-06,9.231586609821458e-06,5.701035327643803e-06,8.77146954105236e-06,6.770186410732716e-06,1.1887165637879776e-06,7.871143986075334e-06,9.27124077345094e-06,2.450807957653099e-05,1.175125710337043e-05,0.0001747394011181,0.0001679263450118,0.0001737518303613,0.0001730624200461,0.0001658044460219,0.0001657433927033,0.0001653922462044,0.0001125693768887,7.977589850958825e-05,0.0001472527777865,0.0001401633974936,-2.4857759696698296e-05,-5.085728179980081e-05,-0.000140662937229,-0.0001689507001077,-8.660299358288266e-05,-9.316198644640344e-05,-5.437747783779029e-05,-6.989276436047083e-05,-6.116391313239844e-05,-1.4325728498170336e-05,-8.019481295090717e-05,-6.255338435431741e-05,-1.584503041973033e-05,1.619239225636068e-05,-5.303524523429147e-05,-2.1708680485312603e-06,-2.3584998289553e-05,4.7546576791446726e-05,-3.279987168385943e-05,4.893897925417524e-05,-0.0001667086545196,-8.26707700923358e-05,-8.206387560695746e-07,-5.687832271243483e-07,-2.92713032610662e-07,-1.1676348718650163e-06,-6.553089884354723e-10,-4.647334891047012e-07,-2.707047094083252e-07,-3.379855656831317e-07,-6.043427369422159e-07,-3.407784631396354e-07,-8.753639576221846e-07,4.857939772540795e-07,-2.482424196250001e-07,-3.092890568074012e-07,-8.721738045235742e-07,1.6192299068947108e-07,-1.8932614272883483e-06,-6.007758054524082e-07,4.325504072075911e-07,-2.69274996076255e-07,-4.976013129975327e-07,-1.1094260514288973e-07,-2.683115214841191e-07,-3.588549640119503e-07,9.266343578600485e-08,-5.97370706598596e-08,-2.908586715840018e-07,-8.579621231908808e-07,-3.312242081836444e-07,-7.0284429724444e-07,-6.402687301973053e-08,-7.549235624540659e-07,-5.115275747442673e-07,-1.6293960368585654e-07,1.1804909315461695e-07,-1.819433585843308e-07,-3.1733470920239015e-08,-2.317649678117046e-07,1.4034145513827088e-07,-1.7703070528414015e-07,4.84835300531284e-08,-1.3082763852388e-07,8.742867491803939e-08,-1.508953324083179e-08,1.033632923734978e-07,-1.750003239566051e-07,-1.8612220912427005e-07,-9.019381535361988e-08,2.3449477061565017e-07,-3.199332553094517e-07,1.7141882347898826e-08,8.064701974266165e-08,-1.7196647322792165e-07,1.8944887335803265e-07,-1.949143032204412e-07,-1.7012027198670807e-07,-1.7846265661396405e-07,-1.8617145997023328e-07,1.117880201126928e-08,-1.7031211839731407e-07,-4.118606921047608e-08,3.1592365866835323e-08,9.064198334719293e-08,1.3303095522120678e-08,-5.0590016421068426e-08,2.180654610339167e-07,1.573970082191084e-07,movement,no movement,no movement,no movement
7533.333333333381,0.0089790072735319,0.3013169935097658,-0.2837352285999999,0.0177495060841287,0.3205225861404396,-0.2791102042666666,0.0207177670890171,0.3208517073349112,-0.2683669628999999,0.0191760240103521,0.3206681362477021,-0.2719286304666666,0.0017373555473637,0.3292932967068002,-0.3012428092666666,0.0034524129716905,0.326884382402015,-0.3141397346666667,0.0070186930027883,0.3173966812516362,-0.2940540632,0.0465294760898446,0.3335958955060167,-0.1701640074666666,-0.061773612408966,0.2972695038741684,-0.2087800947333333,0.0297114698855807,0.3006707087928363,-0.2268287023666666,0.0014519458881567,0.2728550936607611,-0.2673207718333333,0.1151179921941026,0.2220664551354916,-0.0224237554999999,-0.1265387773467836,0.2716436013376426,-0.03089836047,0.1549926522333966,0.0569991110237428,-0.0738470261333333,-0.1728268984804159,0.033222287263511,-0.0467316765166666,0.1254949475296661,0.0834607013472559,-0.1806572010666666,-0.1410474860110345,-0.0864313628675808,-0.1095624208333333,0.1044926809517697,0.0992707944459888,-0.1973496472333333,-0.1049254797577827,-0.1098630015785652,-0.1523219952333333,0.0944531107978148,0.1265957496611864,-0.2023758419999999,-0.0755960953268781,-0.0711847446734736,-0.1644862223999999,0.1241547468021681,0.084303085859186,-0.1848849917666666,-0.1248639463394029,-0.0765608335956578,-0.115220122,0.0737464771113645,-0.163262251180267,0.0544752693433333,-0.0710881530644253,-0.1666793894868272,-0.0539725969533333,0.0962054248454165,-0.4942452438693154,0.0351640897799999,-0.035883525012429,-0.4271541015239584,-0.09483814364,0.0954519800189238,-0.7634956582056885,0.2170171886999999,-0.0710298447384003,-0.7676012464855807,0.04141288349,0.0800447742524332,-0.7894875992878783,0.2392669901333333,-0.0720431525620087,-0.7959603524103689,0.0139854470504199,0.1263000423586169,-0.8121302261356205,0.2053095569999999,-0.0523254444573757,-0.8194731309060119,-0.0775299130566666,nijmegen_nijmegen_rennen_g_ch1_g11_compr.mp4,ch1g11,9.648596258888095e-06,7.432254892063881e-06,1.036002390354506e-05,1.1402034040411196e-05,1.1929456057887366e-05,7.0954975758806715e-06,1.0056086271115902e-05,3.110674374326886e-06,1.1214913316443016e-05,1.2135228315443523e-06,4.13767181164363e-06,6.9301666235073514e-06,9.868284058168264e-06,1.0418247420274989e-05,1.7458678253077635e-05,5.5158948508406494e-06,1.9234375273696415e-05,4.357402191485746e-06,5.971458400175327e-06,9.87974853491518e-06,9.01703037909592e-06,1.0391473290915592e-05,9.849962725452118e-06,9.1863190091976e-06,1.0180578251168762e-05,1.1392946486452448e-06,8.75403142065711e-06,4.762839622692095e-06,8.534688324085819e-06,6.302813658474273e-06,1.1238976976851755e-06,6.988732415281152e-06,9.156713220240766e-06,2.2643649896941855e-05,1.1802647539988428e-05,0.0001720410880015,0.0001644332502537,0.0001698675322934,0.0001692377589626,0.0001617369344619,0.000161986592861,0.0001618101124957,0.0001100276423824,7.75335616333784e-05,0.0001443666221979,0.0001382719959854,-2.420792172957379e-05,-4.6261998997908854e-05,-0.0001334351864591,-0.0001461945363035,-7.289418620855629e-05,-8.345973960608475e-05,-3.764796055979446e-05,-6.147923886820603e-05,-3.8378599492450986e-05,-7.543074117676946e-06,-6.496025108432595e-05,-5.503689366679007e-05,-1.4734507953791005e-05,1.5150856737335064e-05,-4.6402022074860434e-05,-1.4903079605814725e-06,-1.900804653083891e-05,3.95134122456582e-05,-2.8893278832774052e-05,3.925847012773855e-05,-0.0001471925895541,-8.870546220773857e-05,-9.813478544408133e-07,-4.814281345411267e-07,-5.115337474383722e-07,-1.1939662081050397e-06,-3.042252331706483e-07,-3.604515786303193e-07,-4.827115435368738e-07,-2.9920169255877236e-07,-7.106757452664275e-07,-2.523375729878168e-07,-8.396121503044831e-07,4.679976880793405e-07,-4.730271881503803e-07,-5.313742434106861e-07,-9.069585264605114e-07,3.367755205594013e-07,-2.0889767546195766e-06,-5.130215071832833e-07,4.092738487245569e-07,-4.900764186876462e-07,-3.389318337161995e-07,-3.590941265506934e-07,-4.870678131431664e-07,-5.772679476777601e-07,-1.6100970535242397e-07,-4.71487096481432e-08,-5.110803736830991e-07,-8.476177509452786e-07,-3.067475593340963e-07,-5.387279602583296e-07,-4.932528274497029e-08,-8.272712359985232e-07,-3.212514223612642e-07,-8.832282040668438e-08,6.77004467604293e-08,-1.4705767455244405e-07,3.0412614106909314e-08,-1.1123098580457801e-07,7.713809609969259e-08,-1.4378491585113094e-07,9.663244930419013e-08,-7.761501664600343e-08,8.763904945874101e-08,5.4491934252569913e-08,2.1537030734633888e-08,-1.4464773812122345e-07,-1.491926509780432e-07,-2.0203419185322408e-08,1.6315710512310406e-07,-4.831858877019582e-08,5.2762180295459985e-08,1.6074382312113865e-08,-1.4253553673400446e-07,1.0812155802293313e-07,-1.752516934092093e-07,-1.379549307697189e-07,-1.4036810715123312e-07,-7.895182859430599e-08,9.342051435137924e-09,-1.432870709655575e-07,4.904663388048933e-08,9.490878487999452e-09,1.277248811446548e-07,1.2043949766581456e-08,-1.2206677535952788e-08,1.361264851276634e-07,9.122515020630067e-08,movement,no movement,no movement,no movement
7550.000000000048,0.0089822890294313,0.3014853021696622,-0.2835545400999999,0.0177437838344889,0.3206840980743993,-0.2788867802333333,0.0207072284037671,0.3210184011762166,-0.2681431713,0.0191673767937776,0.320834390592786,-0.2717091900333332,0.0017310000950757,0.3294523526649545,-0.3010549215333333,0.0034452199700671,0.3270435091148079,-0.3139595866,0.0070090415138736,0.3175556647705176,-0.2938721607333334,0.0464293672544537,0.3337046871700455,-0.1698942032,-0.0618452934252112,0.2973471602383988,-0.2086739209666666,0.0296785942039439,0.3008129481795368,-0.2266347914333333,0.0014210105895178,0.2729914466039778,-0.2671783385999999,0.1149479909186531,0.2220439241741834,-0.0222412584933333,-0.1266666461404982,0.2715996142945306,-0.0309400118233333,0.1547482806523376,0.0568658387518528,-0.0737189384833333,-0.1729504793552341,0.033085557348859,-0.0469211793033333,0.125466037079377,0.0834007051696027,-0.1806995347666666,-0.1409564012062368,-0.0865048478039926,-0.1097645039333333,0.1045335776576206,0.0992474799088172,-0.1974421318,-0.1047857391531678,-0.1099148045126731,-0.1525455926,0.0945308560334063,0.1265765763692635,-0.2024666268333333,-0.0754442550576758,-0.0711835699862939,-0.1646759847333333,0.1241541916461393,0.0842514715930677,-0.1849430158999999,-0.1247594750441926,-0.0766078801278921,-0.116940804,0.0737582339611664,-0.1632757730973225,0.0544776109366666,-0.0710998341940601,-0.1666654164169914,-0.0539757844366666,0.0961828809041395,-0.4942835377047775,0.0354829954933333,-0.0359143804143888,-0.4271612653344604,-0.0945792285133333,0.0952842697079738,-0.7634997816932352,0.2174144183999999,-0.0711325648010707,-0.7675636051282967,0.04193821481,0.0798485150385601,-0.7894982923519068,0.2396834403333333,-0.0721618994534034,-0.7959214303996494,0.0145309300040866,0.1260451262651303,-0.812234911434615,0.2056747720333333,-0.0523602557451056,-0.8195418769358909,-0.0770665305966666,nijmegen_nijmegen_rennen_g_ch1_g11_compr.mp4,ch1g11,8.549356121119904e-06,7.485977826629985e-06,9.726505208031247e-06,1.0010339626066686e-05,1.1393272579465383e-05,7.24595014998634e-06,9.467545850054942e-06,2.7657364731407914e-06,1.025534557570964e-05,1.2179496416491243e-06,3.629598868304536e-06,7.613078766251521e-06,9.220690180445205e-06,9.765046629711542e-06,1.6406123781531813e-05,6.1792856110651934e-06,1.637352563061206e-05,4.195110619791782e-06,6.5500474667122226e-06,9.22849003622948e-06,9.248992503698597e-06,9.89507534549608e-06,9.187893858402208e-06,8.498020288318963e-06,9.796276609211336e-06,1.0944176868389383e-06,8.097360487875198e-06,4.184772256908508e-06,8.140639220815255e-06,6.125103901014618e-06,1.0782349337561411e-06,6.01273670754891e-06,9.382192804245032e-06,2.1045664157425196e-05,1.1784318275588298e-05,0.0001631817819921,0.0001555598130369,0.0001603802177438,0.0001598791480804,0.0001515556118269,0.0001521113785196,0.0001521313304701,0.0001040733483152,6.911852129636233e-05,0.0001363707845289,0.0001306380565979,-2.583938894178309e-05,-4.4043063747141726e-05,-0.0001320023187664,-0.000122525355051,-5.900506433786949e-05,-7.329920899789897e-05,-2.0145262997027152e-05,-5.361793149873079e-05,-1.3311707470276837e-05,-7.411152274075915e-07,-4.916427442624648e-05,-4.71419065857343e-05,-1.3764026390512052e-05,1.4220391611119197e-05,-3.896175847122014e-05,-1.1875784468048296e-06,-8.939880509772638e-06,3.0168085422052173e-05,-1.9058464379600596e-05,2.841805156342151e-05,-0.0001195380180464,-9.592159119866864e-05,-1.021548653889277e-06,-4.2693895673606523e-07,-6.452575994614515e-07,-1.158280341933229e-06,-3.490592412959638e-07,-3.043020988410575e-07,-6.136086608535628e-07,-1.8313923468975914e-07,-7.435998044787234e-07,-1.901352239703099e-07,-7.495777510683279e-07,4.3711066081041586e-07,-6.124284540050964e-07,-6.65863658225673e-07,-8.700643844937647e-07,5.231977933904927e-07,-1.9123541899216047e-06,-4.3102330976979666e-07,3.796210354170273e-07,-6.285442970189704e-07,-2.554796743653038e-07,-5.298536369070858e-07,-6.178086419416763e-07,-7.042303532769386e-07,-1.868592327092261e-07,-3.7629233940218487e-08,-6.53120170183303e-07,-7.522719806900033e-07,-3.362492603183086e-07,-3.86229392951137e-07,-3.693084786866402e-08,-8.38751527005289e-07,-2.003696154882811e-07,7.277621304919077e-09,1.15875424669688e-08,-7.173840299097396e-08,9.339135079231044e-08,3.511700435851512e-08,7.353170239841708e-09,-7.072456380906645e-08,1.413086660301411e-07,-2.1092988368956413e-08,7.362411669063315e-08,1.0423055786170079e-07,-4.60425143813286e-08,-7.05157842228873e-08,-7.174536349551515e-08,2.0945099607295255e-08,7.789442175901627e-08,2.2404532657869138e-07,7.439751747682028e-08,-3.714322705486002e-08,-6.991712125798096e-08,2.0315985124806003e-08,-1.0976747946763221e-07,-6.242524537167356e-08,-6.386936873764555e-08,5.1022546800420467e-08,5.818765606822579e-09,-7.519986706873551e-08,1.1391433139335769e-07,-8.295412041159677e-09,1.3386175073687613e-07,8.833990237760871e-09,4.759777453639105e-08,4.24406584109837e-08,1.4923601320589954e-07,movement,no movement,no movement,no movement
7566.666666666715,0.0090034852274037,0.3016396733256604,-0.2834838584999999,0.0177601154494517,0.3208307852269316,-0.2787582904999999,0.0207196227550724,0.3211694241354451,-0.2680143934666666,0.0191813536131729,0.3209851172773216,-0.2715829076666666,0.0017440621202364,0.3295941772449915,-0.3009728667999999,0.0034569347705696,0.3271864962305644,-0.3138876318666667,0.0070187306568494,0.3176985576572237,-0.2937963138333334,0.046364483138132,0.3337991271310854,-0.1696723293666667,-0.0619064175980583,0.297399646095616,-0.2086419534999999,0.0296649758222455,0.3009388006593692,-0.2265360861333333,0.0014034945871961,0.273112724583772,-0.2671423930333333,0.1147979267924841,0.2220100690185749,-0.0220602935766666,-0.1267982809755111,0.2715399185341136,-0.0310233483066666,0.1545166655084807,0.0567319903350483,-0.0735904651433333,-0.1730620099583889,0.0329815646554782,-0.047001939,0.1254570567912788,0.0833576679011891,-0.1807487706666666,-0.1408679703079608,-0.0865661001692214,-0.1097574876999999,0.1045992872585348,0.0992516766365283,-0.1975449165333333,-0.1046480059421586,-0.109956030233117,-0.1525477820666666,0.0946283830452896,0.1265993471562085,-0.2025677043666666,-0.0752988659351673,-0.0711703791896242,-0.1646735901333333,0.1241711209500033,0.0842210426245096,-0.1850077822999999,-0.1246570000405722,-0.0766460597396283,-0.113274336,0.0737717344405607,-0.1632884607572599,0.0544902785366666,-0.0711136287056505,-0.1666522376145503,-0.0539896510233333,0.0961650196937471,-0.4943161197463788,0.03601760191,-0.0359336297910226,-0.4271618052459301,-0.0942026082333333,0.0951363774067606,-0.7634821898310046,0.2180892656666666,-0.0712197897249188,-0.7674991932757134,0.0426658721633333,0.0796758586165877,-0.7894891746142237,0.2403864085666666,-0.0722625717685732,-0.7958532868336426,0.0152985356922866,0.1258575442570831,-0.8123191916702608,0.2063190197666666,-0.0523513317155064,-0.8196067743773933,-0.0763715456533333,nijmegen_nijmegen_rennen_g_ch1_g11_compr.mp4,ch1g11,7.502909156060756e-06,7.184295509984748e-06,8.97655391513542e-06,8.87890773948425e-06,1.0953374069982189e-05,7.014228617759203e-06,8.751969295115124e-06,2.684778293217462e-06,9.62342648435574e-06,1.1735721062966169e-06,2.849019601235109e-06,8.03849668914554e-06,8.494382911844739e-06,8.99240721640333e-06,1.5872578643216733e-05,6.955579582077792e-06,1.4426727988242336e-05,3.603850526473477e-06,6.9309558594317796e-06,8.480506334943205e-06,8.933992432196873e-06,9.223575683539231e-06,8.474183050033734e-06,7.67164274948589e-06,9.53050436937986e-06,1.0676397279257746e-06,7.308319298092223e-06,3.4432670878616365e-06,7.79697915163818e-06,5.6577249667003186e-06,1.0546129986687242e-06,5.237737533684469e-06,9.314850273882916e-06,1.985557719242912e-05,1.1784254862322028e-05,0.0001512848345163,0.0001444902420074,0.0001488136168969,0.0001484668294122,0.0001401445979887,0.0001405858849292,0.0001405679617346,9.746856867763835e-05,6.161071312465919e-05,0.0001265651316481,0.0001209655846772,-2.836371724115219e-05,-3.846431468965397e-05,-0.0001336899750059,-9.96430372286386e-05,-5.1985964695538673e-05,-6.975881058429393e-05,-9.575046622209749e-06,-5.400627961092024e-05,-6.394573403879386e-07,-4.996113887174067e-06,-4.018010361972072e-05,-4.549097161462481e-05,-1.3538114443837592e-05,1.394953003332223e-05,-3.390752121833134e-05,-2.0309879313205406e-06,-2.3410269883591366e-06,2.181684667633817e-05,-1.203035478905845e-05,1.866241158404007e-05,-0.0001097159672823,-0.0001086177863923,-9.210458295498416e-07,-4.3234389316460244e-07,-6.415540889939263e-07,-1.0599100629919212e-06,-1.913737119311146e-07,-3.219596739805646e-07,-6.114686280750476e-07,-2.2027284198385185e-08,-6.993734021856219e-07,-1.173694171023023e-07,-6.022182084723531e-07,3.661670275654378e-07,-6.040849434816445e-07,-6.612348140392372e-07,-7.997455142010423e-07,6.204965909683218e-07,-1.4305836575945864e-06,-3.705511263709426e-07,3.205179357189501e-07,-6.222558851441064e-07,-2.6936683701333425e-07,-5.64126311425408e-07,-5.996888861466373e-07,-6.884373721966498e-07,-2.7573651719110558e-08,-3.5799055239634736e-08,-6.552860113887966e-07,-5.8061588393298e-07,-3.975022899598067e-07,-2.690658762766278e-07,-3.145845745956869e-08,-7.352166599926381e-07,-1.9092946425113875e-07,1.0175770707180157e-07,-2.7760642186743744e-08,2.3870892685696952e-08,1.415976286846863e-07,1.75743102889447e-07,-4.447791693575401e-08,2.322284233424202e-08,1.66937145960108e-07,7.135471236446622e-09,5.7289389639677415e-08,1.4773073660072954e-07,-8.296500938492697e-08,2.4835769401920562e-08,2.6087454931270066e-08,9.360606392393628e-09,-1.1500000650105462e-08,4.134516429521936e-07,1.0005657749843829e-07,-6.489014576693246e-08,2.4618353377518193e-08,-5.0554960660036374e-08,-1.7968167908151784e-08,3.289177365128322e-08,3.193007974141657e-08,1.746320494249788e-07,1.075613641005351e-09,1.5416507145854858e-08,1.6173075784110766e-07,-2.2125745071812843e-08,1.3124851689669997e-07,3.965420391292723e-09,1.0911765204424357e-07,-4.50444756611367e-08,2.1694469499768606e-07,movement,no movement,no movement,no movement
7583.333333333382,0.009034565348526,0.301784023034358,-0.2834287897666666,0.0177846714875019,0.3209673175975048,-0.2786596368666666,0.0207406651459376,0.3213095038486502,-0.2679138950666667,0.019203575739597,0.3211248499558705,-0.2714868746666666,0.0017662069973426,0.329724902184189,-0.3009191501,0.0034780469392616,0.3273180096338262,-0.3138413588,0.0070374732148585,0.31783060439912,-0.2937466671333333,0.0463074012672689,0.3338878911174553,-0.1694922473333333,-0.0619609584080395,0.2974532760128097,-0.2086516953666666,0.0296602525469093,0.3010582333570832,-0.2264519710333333,0.0013954985596403,0.2732276255877282,-0.2671195982333333,0.1146648372343683,0.2219787050780064,-0.0219326718966666,-0.1269269993219944,0.2714993734749503,-0.03110653528,0.1543190929288885,0.0566028826999677,-0.0735103449266666,-0.173171329437661,0.0328873863927036,-0.0470823044399999,0.1254673811413415,0.083312439696887,-0.1808022781999999,-0.1407766295216075,-0.0866337420704792,-0.1097408391333333,0.1046767051227421,0.0992525399977746,-0.1976300195333333,-0.104506625801778,-0.1100105075738122,-0.1525242496666666,0.0947329282158546,0.126615873169679,-0.2026387322333333,-0.0751525931860912,-0.071179554149638,-0.1646319304666666,0.1242044412756618,0.0841873971644402,-0.1850716849333333,-0.1245528213469998,-0.0766906776368427,-0.115177967,0.0737850511070262,-0.1633009412533044,0.0545018019766666,-0.0711268859735692,-0.1666392794659023,-0.05400265154,0.0961402096984641,-0.4943434260658385,0.0363455602,-0.0359478430308843,-0.4271634472119878,-0.0939834633133333,0.0949897075148252,-0.7634720761983084,0.2185338258999999,-0.071305168756352,-0.7674758621959858,0.04318933909,0.0795061617103607,-0.789488464278525,0.2408595288666666,-0.072362000663486,-0.7958341657377647,0.0158482421033533,0.1256717577377462,-0.8124172876190335,0.2068178127666666,-0.052375047060307,-0.819712315663907,-0.0758711817966666,nijmegen_nijmegen_rennen_g_ch1_g11_compr.mp4,ch1g11,6.597893193484282e-06,6.535487701281386e-06,8.326035698371821e-06,7.90907675892916e-06,1.0780634445896268e-05,6.460153121361092e-06,8.131750152435512e-06,2.722986500653076e-06,8.982204710631301e-06,1.0810599244059808e-06,2.089428914379093e-06,8.219343544858867e-06,7.89527608366085e-06,8.320428117607573e-06,1.5174182787190536e-05,7.311498308652777e-06,1.317945544735649e-05,2.993496649703745e-06,7.118501521324105e-06,7.858261608908878e-06,8.42850185694562e-06,8.6379748169572e-06,7.88640867268687e-06,6.9580045011654495e-06,9.500468411730948e-06,1.0562166939641467e-06,6.637132727090102e-06,2.785806879170616e-06,7.37804206926888e-06,5.22059282221686e-06,1.0464376419126442e-06,4.549812184189821e-06,8.919175506220694e-06,1.852788811223064e-05,1.1871476906913947e-05,0.000137504485403,0.0001321168280292,0.0001359884202236,0.0001358056127241,0.0001276797571485,0.0001279605211618,0.0001277893054133,9.03707829350413e-05,5.291087664498671e-05,0.0001156945710931,0.0001100304166719,-3.0066678277854414e-05,-3.455191932036819e-05,-0.0001335769632356,-7.824463932122841e-05,-4.706982805932545e-05,-6.439619608627859e-05,-2.4533770345867393e-06,-5.244453191665824e-05,8.713449212821596e-06,-6.446216041532535e-06,-3.345759793250051e-05,-4.178354182679066e-05,-1.3397865692381875e-05,1.3726387325863443e-05,-2.9528573177072265e-05,-8.571089791458755e-07,7.604225171019174e-06,2.5582541175560307e-05,-1.7615914839849298e-06,2.255805665067314e-05,-0.0001038397737032,-0.0001141628684243,-7.160515850112132e-07,-4.858281076948659e-07,-5.285671008620382e-07,-9.10141092431845e-07,1.413559904571231e-07,-3.987444866433325e-07,-5.024095855524987e-07,1.7222150832602664e-07,-6.094858020903678e-07,-7.674054417930446e-08,-4.40023227253155e-07,3.161040233419716e-07,-4.850814827559042e-07,-5.454329974668338e-07,-7.200866443185817e-07,6.10294145436049e-07,-8.212664354387784e-07,-3.032071761137961e-07,2.859377051481252e-07,-5.071592601360552e-07,-3.656933064973057e-07,-4.965825581670969e-07,-4.709059396167428e-07,-5.705157811755469e-07,2.806580818343936e-07,-3.9429601710825673e-08,-5.590883306190175e-07,-3.689628950036164e-07,-4.615030819813672e-07,-1.7181840450806425e-07,-3.182827934691924e-08,-5.609821092543662e-07,-2.825921378167118e-07,1.7420315689004226e-07,-4.739554293079272e-08,1.0921731522311165e-07,1.7449450473841717e-07,2.785737401197453e-07,-7.125389119573944e-08,1.0745845846416438e-07,1.7515956511099326e-07,1.4235331105717712e-08,4.567865551733035e-08,1.766829010693095e-07,-8.571305334103116e-08,1.1012780798872805e-07,1.1334904468898594e-07,-2.5601181963940607e-08,-7.76007866882934e-08,5.015768875096508e-07,1.2084844243167582e-07,-6.493729121361737e-08,1.097163505309284e-07,-1.0085044207143061e-07,6.951685508182844e-08,1.174222642584848e-07,1.1808188288628385e-07,2.630145741903383e-07,-3.2759189252746683e-09,9.99323509841444e-08,1.8287588887018052e-07,-2.2056259140841163e-08,1.1827592399108021e-07,-9.055218302302895e-10,1.597523101485132e-07,-1.1245183016593939e-07,2.5844473475313733e-07,movement,no movement,no movement,no movement
7600.000000000049,0.0090672297107468,0.3019284887066496,-0.2833534455333333,0.017810139793664,0.3211042894642993,-0.2785434872666666,0.0207628558442669,0.3214498617474426,-0.2677958704666667,0.019226805898686,0.3212647255521614,-0.2713730566,0.0017897670147225,0.3298561588326205,-0.3008488225666666,0.0035007729276394,0.3274499246980811,-0.3137771884333334,0.0070580707460134,0.3179626758305739,-0.2936804304666666,0.046250070526216,0.3339778438204179,-0.1693044723666666,-0.0620154043620655,0.2975094392332828,-0.2086556600666667,0.0296565585969103,0.3011782701480703,-0.2263482768333332,0.0013890633227978,0.2733435158862453,-0.2670775163333334,0.1145321517951545,0.221949037426046,-0.02179752153,-0.1270453184212332,0.2714777554749396,-0.03118713597,0.1541240973149815,0.0564768071856072,-0.0734116619866666,-0.1732658002744566,0.0328458643009074,-0.0471085106166666,0.1254727873259784,0.0832760518455722,-0.1807807658999999,-0.1406847685699074,-0.0866889571622244,-0.1094316591666666,0.1047488347267102,0.0992625219528295,-0.1976029585333333,-0.1043658464682526,-0.110057169744314,-0.1521223340666666,0.0948355268881993,0.1266401794593204,-0.2025896542666666,-0.0750100456549304,-0.0711822444829233,-0.1642217223666666,0.1242345537539159,0.0841646801753233,-0.1850550641666666,-0.1244492055974374,-0.0767264130099794,-0.117755465,0.0737963620700434,-0.1633135894519271,0.0545158501733333,-0.0711379668928749,-0.1666262292090161,-0.05401882787,0.0961168340725882,-0.4943700237342337,0.03661948235,-0.035954740183116,-0.4271698941691897,-0.0937659443399999,0.0948615439101163,-0.7634650564654605,0.2188566908333333,-0.0714075503400989,-0.76747609760291,0.04368646517,0.0793612251800337,-0.7894913712944391,0.2412021199666666,-0.0724823730778034,-0.7958411830679375,0.0163688399963333,0.125505268013355,-0.8125357655709973,0.2072101558666666,-0.0524162439735052,-0.8198559410903437,-0.0753928418566666,nijmegen_nijmegen_rennen_g_ch1_g11_compr.mp4,ch1g11,5.8524080920640105e-06,5.751944381028541e-06,7.78279531534351e-06,7.0752000984525966e-06,1.1133820102074836e-05,5.762650842243772e-06,7.610388384765423e-06,2.9944224593865036e-06,8.403411983057951e-06,1.0236522397096077e-06,1.5723184108569852e-06,8.12480916732648e-06,7.430743211779846e-06,7.762030997952258e-06,1.445652789498816e-05,7.486848928628149e-06,1.3193145399172197e-05,2.5523046335361806e-06,7.1136647132604715e-06,7.366457369858451e-06,7.802829276452491e-06,8.138291737540288e-06,7.440773692300512e-06,6.3744725958823935e-06,9.985898396729909e-06,1.02796806593857e-06,6.094713310203345e-06,2.38520371421173e-06,6.8533169772256955e-06,4.984293477827052e-06,1.027301022338912e-06,3.980605413268797e-06,8.35593180471408e-06,1.7257569821166876e-05,1.2260603265847083e-05,0.0001246408769385,0.000120809808455,0.0001244366476686,0.0001243405068756,0.0001173207967132,0.0001173171996097,0.0001167535914884,8.390434907422421e-05,4.7462486941731065e-05,0.0001059800413695,0.0001005934224364,-3.092338884941019e-05,-2.8809733102936495e-05,-0.0001312469730497,-6.14573200629516e-05,-4.462632537415303e-05,-5.910608553999269e-05,-1.432613283752004e-07,-5.0700933701838386e-05,1.2092401362560595e-05,-7.532210511317892e-06,-2.9567858665743204e-05,-3.7690939845601647e-05,-1.3486805747715823e-05,1.366409689907743e-05,-2.6125069797069483e-05,1.824060168988202e-06,1.416003106551599e-05,3.0397401628276535e-05,4.8457761545719005e-06,2.7214936998031266e-05,-0.0001079010656204,-0.0001178054466633,-4.830581786388773e-07,-5.70553938917592e-07,-3.4812664779702136e-07,-6.769323359319301e-07,5.854669125544368e-07,-5.169857784306212e-07,-3.274511085823793e-07,3.826026851998969e-07,-5.579201508886121e-07,-5.013160371089825e-08,-2.853740265452086e-07,2.156607475608288e-07,-2.946612250601058e-07,-3.611452613201e-07,-7.237174140599497e-07,4.256574777066429e-07,-2.0811512338530658e-07,-2.49978032215593e-07,2.132175625335044e-07,-3.205221572720886e-07,-5.306389195925488e-07,-3.5310025324632197e-07,-2.725119456925147e-07,-3.8560317650317044e-07,6.905148818889263e-07,-4.8276128954032667e-08,-3.915585035123292e-07,-1.843782992158115e-07,-4.929251682137391e-07,-1.174031736591621e-07,-3.7765336084572225e-08,-3.59240890504002e-07,-4.596767111929556e-07,2.135907931165927e-07,-4.562021697825043e-08,1.7189244247640077e-07,1.8859615362268082e-07,3.0820105953101586e-07,-7.546324165512378e-08,1.6987494515049e-07,1.6026955234561505e-07,7.442249545521795e-10,3.8927914078394417e-08,1.8317201293756058e-07,-6.432291983213321e-08,1.7245213540745017e-07,1.7724921500850857e-07,-7.99133835938124e-08,-1.2465023359600988e-07,4.5723977615727106e-07,1.2897754016851416e-07,-4.644354293462539e-08,1.7272869109100866e-07,-1.211228426145297e-07,1.395458995515499e-07,1.780423825802507e-07,1.807016545981425e-07,2.830354351011461e-07,-5.330233688555284e-09,1.6516904949528177e-07,1.7241851574241307e-07,-7.3830853189275225e-09,9.291435864929857e-08,-3.983584779856832e-09,1.914707077256071e-07,-1.4865106940847572e-07,2.715952996770029e-07,movement,no movement,no movement,no movement
7616.666666666716,0.0091197604538009,0.3020402818641953,-0.283198843,0.0178519566688375,0.3212140793155486,-0.2783633828999999,0.0208014450817261,0.3215633108728422,-0.2676142094333333,0.0192666520334762,0.3213784225397318,-0.2711971166,0.0018314974805865,0.3299637626637991,-0.3007150518666667,0.0035416902625272,0.3275570643158636,-0.3136473864333333,0.0070973533761694,0.3180690302707097,-0.2935518205,0.0461957030733845,0.3340591314828233,-0.1690784628333333,-0.062063421475612,0.297557367050167,-0.2086281763666667,0.029665895502748,0.3012755413993336,-0.2261697072999999,0.0013979787930742,0.2734344447380982,-0.2669600266333334,0.1143983457703759,0.221918064431092,-0.0216256431533333,-0.1271556107353611,0.2714546244800508,-0.0312419847833333,0.1539325510863672,0.0563496822821916,-0.07323624825,-0.1733548826014665,0.0327883026959195,-0.0470824271266666,0.1254588543512608,0.0832328771275737,-0.1806441599999999,-0.1405877075665222,-0.0867458979822518,-0.1090014862333333,0.1047968446211847,0.0992604651524911,-0.1974354590666666,-0.1042182815384236,-0.1101075981880966,-0.1515821168333333,0.0949244201219185,0.126650130952874,-0.2023836437333333,-0.0748635718737539,-0.0711899477906407,-0.1636663208333333,0.1242515723433953,0.0841364857774427,-0.1849101155999999,-0.1243419605933547,-0.0767627024897005,-0.112780608,0.0738063392805054,-0.1633264690883653,0.0545345096533333,-0.071147461795312,-0.1666130997198547,-0.0540404108366666,0.0960777768768738,-0.4943898633404293,0.03686817466,-0.0359783104643373,-0.4271657813970218,-0.0936573700099999,0.0947330066480067,-0.7634547173403268,0.2191225876333333,-0.0715268169218288,-0.7674611362004062,0.0440648041633333,0.079217825903318,-0.7894904527545169,0.2414804627333333,-0.0726193501034451,-0.7958309081246073,0.0167681933756666,0.125341924384857,-0.812646656648326,0.2075435405333333,-0.0524645689056318,-0.8199911355299164,-0.0750031598533333,nijmegen_nijmegen_rennen_g_ch1_g11_compr.mp4,ch1g11,5.543880607189416e-06,5.000824531425536e-06,7.527397053251687e-06,6.5938080828985865e-06,1.224806031837573e-05,5.047736673892563e-06,7.367524697319206e-06,3.557112250209569e-06,7.992800846624344e-06,8.494998029198668e-07,1.3676666916401005e-06,8.005131644418101e-06,7.252615358772951e-06,7.494658644247632e-06,1.3774260012677917e-05,7.978186037908463e-06,1.3974344644056465e-05,2.3720909175923557e-06,7.038409859104488e-06,7.1568605311129875e-06,7.0420077853903105e-06,7.848693038228314e-06,7.288911334103237e-06,6.08781497051265e-06,1.1184225715787336e-05,9.710750772377052e-07,5.8012973041056515e-06,2.3061211204521112e-06,6.355724053191071e-06,4.991312363841161e-06,9.83075531189888e-07,3.757129167627524e-06,7.686482169231178e-06,1.623376064093774e-05,1.321461759592074e-05,0.0001167459266196,0.000114912432123,0.0001185256214695,0.0001185650627162,0.0001130720354938,0.0001126582679426,0.0001115056098694,8.179493672046912e-05,4.698313564098121e-05,0.0001012708250308,9.571123823682564e-05,-2.9527651044389268e-05,-1.997405316310082e-05,-0.0001246295457432,-4.790480731796086e-05,-4.059871425819637e-05,-5.221713398478129e-05,2.2277486389984785e-06,-4.6726883254538945e-05,1.445262697766658e-05,-5.698664536964244e-06,-2.4727945571388135e-05,-3.144585115181755e-05,-1.3562270921437248e-05,1.3544430024386814e-05,-2.199368724869926e-05,3.4009579944365765e-06,2.238546832684297e-05,3.358843054416253e-05,1.3101956244525238e-05,3.0694161205830526e-05,-0.0001090656839052,-0.0001187154652749,-2.566203961613054e-07,-6.601787375826928e-07,-1.1769354831481841e-07,-4.377957736551781e-07,9.953087521803786e-07,-6.420040611625542e-07,-1.0034155191468983e-07,5.632952308157096e-07,-5.80570950741808e-07,-6.587207014584528e-08,-1.2224773599583685e-07,1.4525177007378909e-07,-5.759171598598053e-08,-1.241270710008888e-07,-8.519186735653888e-07,2.0888004919652098e-07,2.949428385092441e-07,-1.3805934301743753e-07,1.616137806034248e-07,-8.31046001513201e-08,-7.150200630848926e-07,-1.4375622594748441e-07,-3.2251792757115824e-08,-1.4907941722833717e-07,1.069682873278439e-06,-5.4458197757042615e-08,-1.616303906261577e-07,-3.855822282922822e-08,-4.816138328063028e-07,-5.402607619121424e-08,-4.293539854849725e-08,-1.4252004433832037e-07,-6.804117021204578e-07,2.071904629973103e-07,-2.3638121100786116e-08,1.9332153326638955e-07,1.7824231051498952e-07,2.537368153837029e-07,-5.3431457797214136e-08,1.918987151800857e-07,1.1968842419323813e-07,-3.0377484046914445e-08,4.5046434692477755e-08,1.6466441374491949e-07,-3.9113363297096734e-08,1.9318018376982085e-07,1.9914008953177628e-07,-1.3802125951309646e-07,-1.6738865009622084e-07,3.099403586000827e-07,1.2084058593574392e-07,-2.4427718725027372e-08,1.9495789687055514e-07,-1.0186995681532581e-07,1.7391747232357688e-07,1.962314167946581e-07,2.031241324936915e-07,2.2572224866992197e-07,-4.587467030814366e-09,1.9480432587961244e-07,1.3169883862193457e-07,1.6248102936216474e-08,5.7041330914825944e-08,-4.569004016685257e-09,1.9027595064915205e-07,-1.468853018175925e-07,2.621517388819789e-07,movement,no movement,no movement,no movement
7633.333333333383,0.0091863607374149,0.3021527252353287,-0.2829286024999999,0.0178983959456575,0.3213280749528701,-0.2780883521666666,0.0208453439632326,0.3216815731916216,-0.2673369882333333,0.0193122716059324,0.3214968889754253,-0.2709279886999999,0.0018836196973486,0.3300792068380256,-0.3004904466333334,0.003593816083302,0.3276706961826542,-0.313422518,0.0071470454978032,0.3181806966940491,-0.2933315495666666,0.0461382304585106,0.3341477162903893,-0.1688029751333333,-0.0621019375115702,0.2976152373022436,-0.2085610811,0.0296853426167794,0.3013778217310384,-0.2258831907666666,0.0014235191601568,0.2735292781302787,-0.2667352101,0.1142545611045769,0.2218959754239142,-0.0214380574699999,-0.1272360938606343,0.2714501437948087,-0.0312597750333333,0.1537191866624356,0.0562295730243147,-0.0730390480233333,-0.1734381291068709,0.0327408744697506,-0.04703021706,0.1254152742992143,0.0831863822440149,-0.1803677499333333,-0.1404902733199906,-0.0868034132901763,-0.1084218770333333,0.1048179620086527,0.0992502881665002,-0.1970706458333333,-0.1040701968575021,-0.1101654196713925,-0.1508159885333333,0.0950019211407772,0.1266353447247157,-0.2019580124333333,-0.074725792995348,-0.071214547289493,-0.1628599772666666,0.1242510883838764,0.0841050263650609,-0.1846107249666666,-0.1242398703767679,-0.0767994183199726,-0.113228083,0.0738078767384821,-0.1633418349268136,0.0545533231133333,-0.0711469461536224,-0.1665980170059187,-0.0540623489466666,0.0959959404655732,-0.4944155087486001,0.0367670792233333,-0.0359851990801682,-0.4271638093531184,-0.09375499984,0.0944973424995308,-0.7634464934253913,0.2187532345333333,-0.0716601661483637,-0.7674457502148371,0.0441096857166666,0.0789624434119342,-0.789489871693784,0.2410924494333333,-0.0727752766049217,-0.7958202578668593,0.0168165381723333,0.1250771353956706,-0.8127621107370394,0.2072957113666666,-0.0525519765460157,-0.8201226143843675,-0.0748595012366666,nijmegen_nijmegen_rennen_g_ch1_g11_compr.mp4,ch1g11,5.428107460826489e-06,4.282321780594058e-06,7.497045664477128e-06,6.204176330415516e-06,1.330230552318866e-05,4.3844232662943476e-06,7.35527685211893e-06,4.186749917409376e-06,7.412201328955279e-06,6.501441345645337e-07,1.5021420079132665e-06,8.21164886338117e-06,7.267267486382495e-06,7.462929919909433e-06,1.297426917028675e-05,8.289116317364555e-06,1.4682899665326211e-05,2.497611475719364e-06,7.219599303717286e-06,7.148439114875391e-06,6.40087475912241e-06,7.784736170268956e-06,7.320696533375176e-06,6.022632683765472e-06,1.2321042621482887e-05,8.975618587191575e-07,5.708020507424842e-06,2.5206802662993644e-06,5.855502446983022e-06,5.178990021998115e-06,9.230735614229654e-07,3.6886921411886217e-06,6.96344582724168e-06,1.5215635815811402e-05,1.4280430854376669e-05,0.0001114755828889,0.0001111080409405,0.0001146501149836,0.0001146982134469,0.0001101017343116,0.0001095611025496,0.0001078791173126,8.046591266039676e-05,4.636585546159651e-05,9.83267543764418e-05,9.242530313705452e-05,-2.7100438447146487e-05,-1.2353369538915474e-05,-0.0001146974135262,-3.805254024214701e-05,-3.5334264238381986e-05,-4.307411124217573e-05,3.66702910443372e-06,-3.951147294286469e-05,1.6323451045533726e-05,5.297838144594307e-08,-1.954237080086647e-05,-2.3262332657307067e-05,-1.3325581687495448e-05,1.3102931782645097e-05,-1.9922338670055934e-05,6.073878306611818e-06,2.902989458777877e-05,4.21049515953248e-05,1.93493023783635e-05,4.033647461000787e-05,-0.0001075002069002,-0.0001112916698915,-7.196750461413552e-08,-7.300621168408113e-07,9.746184019472704e-08,-2.1520264413702937e-07,1.155528876950423e-06,-7.37084171820311e-07,1.1538158489995324e-07,6.568867438906031e-07,-6.667663717562549e-07,-3.468877765933511e-08,3.700540888468545e-08,7.877479732053535e-08,1.5796427720010253e-07,9.79397305855051e-08,-1.0691859959940497e-06,-3.0579284699807844e-08,4.48311013785464e-07,1.6588391468017078e-08,1.139900424329905e-07,1.3786670398845148e-07,-8.741556949666601e-07,6.397583825029494e-08,1.8183968543900816e-07,7.489754955112076e-08,1.2105490582816507e-06,-5.7168722196307474e-08,6.427044148105532e-08,5.261166493801536e-08,-3.8775432331511476e-07,-7.870780510875007e-09,-4.65150549812327e-08,5.8707710319281485e-08,-9.027905634210452e-07,1.679492855381908e-07,1.4430904778828817e-08,1.7948346368438757e-07,1.5093719821108392e-07,1.433007217894421e-07,-1.182665901380588e-08,1.7914829539505158e-07,6.355761392769774e-08,-5.5754481501638615e-08,5.2877191352680513e-08,1.2687064011775644e-07,-2.9239096796107863e-08,1.7835204663573813e-07,1.848286507954969e-07,-1.7832765722134618e-07,-1.9021228543351145e-07,1.2136310800310286e-07,9.876023761875707e-08,-1.65446616984586e-08,1.8198977976111297e-07,-5.2838690851534254e-08,1.74643226314621e-07,1.7875968595922626e-07,1.9005215632802065e-07,1.177000130451436e-07,-2.2036376029429652e-09,1.9108009599246045e-07,7.328904776933882e-08,4.2111950730946464e-08,2.0994685789308935e-08,-3.490363185655171e-09,1.6266712428063126e-07,-1.0831683542226764e-07,2.4528009839678805e-07,movement,no movement,no movement,no movement
7650.00000000005,0.0092678861983728,0.3022453578047507,-0.2830094492333333,0.0179688045797448,0.3214206411587493,-0.2781306283666666,0.0209119038653351,0.3217768625397286,-0.2673771746666666,0.0193795703499546,0.3215920865523909,-0.2709710858333333,0.001948667966089,0.3301664714722933,-0.3005812871,0.0036574477295666,0.3277582291432563,-0.3135211805666666,0.0072109733649077,0.31826725278772,-0.2934264024333333,0.0460997023843216,0.3342108688650599,-0.1687608572333333,-0.0621434093239382,0.2976349707212473,-0.2087005793,0.0297231585463591,0.3014571307767051,-0.2259311531333333,0.0014575252786024,0.2736013838455808,-0.2668445498666666,0.1141412490145079,0.2218627118787151,-0.0213951837233333,-0.1273363136913288,0.2714213173000628,-0.0313962077066666,0.1535540738918022,0.0561088078085235,-0.0729996550633333,-0.173553700484792,0.0326981680800745,-0.0470015882033333,0.1254146825231032,0.0831523878437195,-0.1803490057666666,-0.140453257900991,-0.0868343745589712,-0.1079451804333333,0.1048742075552685,0.0992529638904163,-0.1970328306666666,-0.1039834902514265,-0.1101898872854764,-0.1502236788,0.0950953855881168,0.1266562386634011,-0.2018929087666666,-0.0746430220041977,-0.0711955294810264,-0.1622849762333333,0.1242789650486901,0.0840873102265329,-0.1845865031333333,-0.1241904861797633,-0.0768108908173211,-0.1135341,0.0738151350044935,-0.1633551655818191,0.0545756270466666,-0.071153060588878,-0.1665851773024928,-0.0540873575666666,0.0959153834649454,-0.4944376545638542,0.0371879308566666,-0.0359803920619395,-0.4271426265134669,-0.0935376390833333,0.0942583698950835,-0.763410956038205,0.2192824388333333,-0.0717861564920352,-0.7673707588867611,0.04477068496,0.0787025258520006,-0.7894673382469499,0.2416445577999999,-0.0729248561198116,-0.7957447315707484,0.0175314987323333,0.1248388539607554,-0.8128680980926097,0.2078699464666666,-0.0526477369040514,-0.8202189967563183,-0.0740626759099999,nijmegen_nijmegen_rennen_g_ch1_g11_compr.mp4,ch1g11,5.663502838925785e-06,3.601973272504077e-06,7.841755896316894e-06,6.114705900057554e-06,1.4680804382825608e-05,3.6688188196984016e-06,7.709173302511307e-06,4.850969638545743e-06,6.8823792713168075e-06,5.427340443414963e-07,1.7653790067276826e-06,8.662814231027477e-06,7.669332167933825e-06,7.81194740689254e-06,1.1983516508885162e-05,8.417109718295985e-06,1.540508484352386e-05,2.6467555677639315e-06,7.622590539569921e-06,7.5277333464460835e-06,5.516203494497946e-06,8.061649764275003e-06,7.752633431530845e-06,6.36183125701515e-06,1.373149960831757e-05,8.161786333058201e-07,6.00095322504165e-06,2.825071128105676e-06,5.366480095921992e-06,5.28477198865303e-06,8.516070443175345e-07,3.933724692697815e-06,6.002072805151259e-06,1.4210894922474513e-05,1.5705348389232454e-05,0.0001114236001178,0.0001126604802779,0.0001163575202676,0.000116475747177,0.0001137331105753,0.0001127926712307,0.0001105244073264,8.433727389544223e-05,5.2623628890381056e-05,0.0001011389990023,9.464478010821264e-05,-2.154657992384306e-05,-2.977183211725904e-07,-0.0001012773740845,-2.8224786943847827e-05,-2.7030355514608645e-05,-2.9586104828115187e-05,7.821632394223588e-06,-2.6675310110939984e-05,1.90279003599197e-05,9.528708944018976e-06,-1.1976969518446816e-05,-1.1369764141852153e-05,-1.305467731011076e-05,1.2627207382886596e-05,-1.7356376362074706e-05,8.578750467732842e-06,3.3931108378863146e-05,5.423817213969055e-05,2.4237784496587065e-05,5.418806640291218e-05,-9.769555154304738e-05,-9.75037150637482e-05,9.907033931244679e-08,-6.687358320636992e-07,2.775416674547804e-07,-1.0970793129652865e-07,1.1924940077913738e-06,-7.014667070773283e-07,2.941498022269715e-07,6.90698036230786e-07,-7.485099664362227e-07,2.2222817529076103e-08,1.376888521969541e-07,7.15393348488169e-08,3.375920995495603e-07,2.835042222154663e-07,-1.2902061184164153e-06,-1.9791774903886174e-07,3.94576377917852e-07,1.0371014369857133e-07,1.1447565885427116e-07,3.220776114879886e-07,-8.777665985289038e-07,2.3675564686769618e-07,3.609674204363667e-07,2.7142162745747736e-07,1.2389481055489028e-06,-6.159145265964051e-08,2.6471283650260633e-07,1.0060754149810633e-07,-3.4769896314429674e-07,-1.830348464595845e-08,-5.3789246948182345e-08,2.229361743168065e-07,-9.698146641106543e-07,1.0001015366469285e-07,6.302284237312331e-08,1.303555832339576e-07,1.0314696695300537e-07,-1.677843830031267e-08,4.7055985710917035e-08,1.3174100415447676e-07,1.3517122252162947e-09,-7.213285356137738e-08,5.3872834499205394e-08,7.867046578451189e-08,-3.930983851878903e-08,1.269682218505415e-07,1.345206347531087e-07,-1.8396188249152677e-07,-1.9116848336191549e-07,-7.14874885243046e-08,6.909089851075006e-08,-2.817175157207536e-08,1.326099763330276e-07,3.209029284270368e-08,1.411689699331409e-07,1.242821810358553e-07,1.4032166923183106e-07,-3.4267241299239375e-08,8.249714535774476e-10,1.5109011060883644e-07,1.0690689575836762e-08,6.108792986415514e-08,-7.143793308288729e-09,-1.4129799100810743e-09,1.0695709782458365e-07,-3.2266356682210375e-08,2.203802180455976e-07,movement,no movement,no movement,no movement
7666.666666666717,0.0093520785430595,0.302350996192478,-0.2829276815666666,0.0180358738986752,0.3215299503645141,-0.2780410545,0.0209757819125575,0.3218905882213152,-0.2672832,0.0194445057592467,0.3217060146938744,-0.2708843630666666,0.0020173096555221,0.3302808819162783,-0.3005332556666666,0.0037248113645955,0.3278710461717906,-0.3134754551333333,0.0072776374345741,0.3183767265905366,-0.2933818479666666,0.046054460089849,0.3342989203339916,-0.1686370275666666,-0.0621762323262333,0.2976925561872844,-0.2087646458666666,0.0297610393951148,0.3015572761244721,-0.2258312348999999,0.001498140547798,0.2736955275319278,-0.2667971502666667,0.1140234788851,0.2218417553876267,-0.0213295586966666,-0.1274246157841269,0.2714332399813944,-0.0314674503433333,0.153376999334229,0.0560006377193002,-0.07293263989,-0.1736660586576194,0.0326762136503182,-0.0469448808399999,0.1253746432408533,0.0831176617322021,-0.1801553288999999,-0.1404299162163528,-0.0868676928326901,-0.1075039675,0.1048855108987679,0.0992523869169931,-0.1967554306333333,-0.1039149911447418,-0.1102237907486625,-0.1496461872666667,0.0951558508949841,0.126663005756345,-0.2015749254333333,-0.0745897988957974,-0.0711981132404825,-0.1616905326333333,0.1242753666699254,0.0840684179647437,-0.1843709275333333,-0.1241615979887399,-0.076826118889142,-0.111486107,0.0738171741106488,-0.1633691069435298,0.0545913776966666,-0.0711533832239544,-0.166571882320159,-0.0541066597866666,0.0958275221111317,-0.4944567492855402,0.0374416438633333,-0.0359815758130037,-0.427133905493342,-0.0934224307566666,0.0939931522907561,-0.7633790678173633,0.2195101240999999,-0.0718829403095668,-0.7673124310217405,0.0452239856099999,0.078415939435447,-0.7894472854654792,0.2418799235999999,-0.0730358540001902,-0.7956881205965846,0.0180148463933333,0.1245701518147516,-0.8129767126214894,0.2081889088,-0.0527368729626088,-0.8203252491518056,-0.0735025601366666,nijmegen_nijmegen_rennen_g_ch1_g11_compr.mp4,ch1g11,5.926959406109462e-06,3.0051504222316737e-06,8.233711494832245e-06,6.127832149354588e-06,1.6096731104966633e-05,3.019616931179133e-06,8.11353427703811e-06,5.608116967425671e-06,6.082879897973394e-06,5.835954942217115e-07,1.881552716115243e-06,8.9210338867943e-06,8.124019889182373e-06,8.213093864281356e-06,1.044430288173854e-05,8.070286492074107e-06,1.5652603744345965e-05,2.63226708464437e-06,7.895270635180974e-06,7.967624990785205e-06,4.64679943284356e-06,8.438232409021723e-06,8.224945636676961e-06,6.81390717236559e-06,1.5158250123112785e-05,7.50586673045074e-07,6.443457157671306e-06,2.8345250658107112e-06,5.139231649814008e-06,5.081529529022684e-06,7.948564586058703e-07,4.310662330006744e-06,4.998099763822953e-06,1.2794500808749988e-05,1.7091162780735535e-05,0.0001152545595498,0.0001178747394013,0.000121817917507,0.0001218925754204,0.0001213177864099,0.0001199799787295,0.0001171102926451,9.122420288987326e-05,6.369933776440378e-05,0.0001075841452791,0.0001007206143771,-1.440032267402824e-05,1.5870953135734088e-05,-8.445671488830368e-05,-1.4634955048505663e-05,-1.5459852457094675e-05,-1.179779536408847e-05,1.556376770408525e-05,-8.505758256849005e-06,2.4503806393450328e-05,2.2497225413571115e-05,-1.8369477331495707e-06,3.830155675792171e-06,-1.2702594618420408e-05,1.2046788855972062e-05,-1.4477149221202312e-05,1.0135891997892217e-05,3.862319790021216e-05,6.693338737190634e-05,2.9159067177902563e-05,6.863515319076642e-05,-8.250977393963871e-05,-7.948216141208736e-05,1.499923676423133e-07,-5.426186548889872e-07,3.693006663973669e-07,-8.208487433707814e-08,1.054616120970247e-06,-5.727546908929141e-07,3.909735742447074e-07,6.252976980108023e-07,-8.507177830769632e-07,1.122529336747354e-07,2.227031318375562e-07,1.195821682769128e-07,4.150704554147698e-07,3.793200591971706e-07,-1.5078047481555826e-06,-3.262324510051743e-07,1.4233850669548792e-07,2.2965623144345115e-07,1.5571838983329865e-07,4.0823987426935444e-07,-7.325083555874977e-07,3.4423936022078345e-07,4.339596099686651e-07,3.764768164109802e-07,1.0801339268515509e-06,-5.96959660038684e-08,3.784920193153113e-07,8.20482265044887e-08,-2.9266481747849376e-07,1.5008065077708942e-08,-5.52196240200988e-08,2.8630648766416525e-07,-9.19804514067005e-07,2.3262719170794427e-08,1.1090737910830278e-07,6.602192722435804e-08,4.555800252655726e-08,-1.9164229505036506e-07,1.0917819656688593e-07,6.863076268552897e-08,-6.26076996341413e-08,-6.466533029124153e-08,4.2228264362367336e-08,3.3373232952925484e-08,-5.451109354724703e-08,6.092822569089428e-08,6.841131565602074e-08,-1.3416129265514574e-07,-1.5639205984663684e-07,-2.20332261855041e-07,3.69814096240248e-08,-4.7423645344909584e-08,6.788273003449568e-08,1.297075017044279e-07,9.060474977826069e-08,5.5743312025917155e-08,7.311636555064753e-08,-1.9854407740021274e-07,3.587032020085802e-09,9.218980997221493e-08,-3.4795972449897646e-08,6.16654187569073e-08,-2.5004767313219473e-08,7.165515195226653e-10,3.844577235627803e-08,6.161920673072952e-08,1.832648097167492e-07,movement,no movement,no movement,no movement
7683.333333333384,0.0094370219474067,0.3024695460589926,-0.2829460289,0.0181039248567466,0.3216525633202945,-0.2780582007666667,0.0210403283757027,0.3220174365961605,-0.2672968961666666,0.0195100544969217,0.3218330326092064,-0.2709028762666666,0.0020866560039888,0.3304097620428839,-0.3005752586666667,0.0037931109741303,0.3279983159813688,-0.313520404,0.0073451635199887,0.3185001807035315,-0.2934263408333333,0.0460139824105325,0.334396405616656,-0.1686532668333333,-0.0622010178418475,0.2977651178585129,-0.2089013580666666,0.0298009566711811,0.3016703762820287,-0.2258448465999999,0.001542027055804,0.2738022935199266,-0.2668414355333333,0.1139164301823333,0.2218279849386891,-0.0214278092533333,-0.127490838756617,0.2714628631976742,-0.03161097957,0.1532150133276202,0.0559053516576108,-0.0730898988566666,-0.173781894633586,0.0326671518922029,-0.0470081345333333,0.1253378191797347,0.0830897916402237,-0.1801943197666666,-0.1404178733460333,-0.0868846280714376,-0.1073041769666666,0.1048983101422501,0.0992592404510061,-0.1967266261666666,-0.1038633658042244,-0.1102385322898259,-0.1493578035999999,0.0952175324801652,0.1266741794658577,-0.2015217055666666,-0.0745449822089795,-0.0711859444368483,-0.1614025438666666,0.1242743851909628,0.0840560787368804,-0.1843949014999999,-0.1241423847074661,-0.0768265232289797,-0.11162205,0.0738134623642839,-0.1633831830558202,0.0546008620366666,-0.0711478272283835,-0.1665584910292043,-0.0541195810833333,0.0957294559886704,-0.4944713386600436,0.0375049451133333,-0.0359810337998838,-0.4271293276792693,-0.0933892582899999,0.0937419514509876,-0.7633368503306408,0.2194034804666666,-0.0719706331364362,-0.7672182988792807,0.0454883304699999,0.0781499987501961,-0.7894116902207721,0.2417709007333333,-0.0731380526630357,-0.7955854780961322,0.0183042791266666,0.1243153649409973,-0.813067582207357,0.2081876918666666,-0.0528257131386341,-0.8203726666902128,-0.07309188935,nijmegen_nijmegen_rennen_g_ch1_g11_compr.mp4,ch1g11,6.152603458111011e-06,2.695746330895961e-06,8.849387597338725e-06,6.150536795164333e-06,1.72138216560801e-05,2.6595396574695746e-06,8.746096679771753e-06,6.342843737423793e-06,5.143819130914683e-06,8.214155410962546e-07,2.1919673594437023e-06,8.97687417939536e-06,8.794682624254713e-06,8.84136280267548e-06,8.810316694062713e-06,7.454174712302109e-06,1.541473755998134e-05,2.9130170432118175e-06,8.006709985221448e-06,8.638160657254602e-06,4.049126139873667e-06,9.032086135589124e-06,8.913170171127895e-06,7.398921000480957e-06,1.6295681307251046e-05,6.935352229199637e-07,7.040367403574106e-06,3.0036772340434515e-06,4.886280616922029e-06,4.982011506586018e-06,7.418717317965924e-07,4.727148361679115e-06,4.225969818060377e-06,1.147780067457178e-05,1.815644882830715e-05,0.0001178702493905,0.0001211976761316,0.0001253173735558,0.0001253174300451,0.0001269648436542,0.0001254175196867,0.0001220890213265,9.527627809867052e-05,7.356113713152286e-05,0.0001119926085838,0.0001054746294745,-9.194895613311695e-06,2.9318780404096244e-05,-6.778207403383384e-05,-3.6664058939153104e-06,-4.063258893795938e-06,6.190008432823189e-06,2.19621802578286e-05,9.812522934515845e-06,2.929037325131821e-05,3.549428402161459e-05,7.823984555914377e-06,1.8778446109879105e-05,-1.220803562236002e-05,1.13844726332573e-05,-9.438180170876008e-06,1.2774592265555108e-05,4.2924651354409744e-05,8.127918947020795e-05,3.399236953554714e-05,8.501543801722236e-05,-6.50820936759561e-05,-5.600912722858054e-05,1.0011341488620973e-07,-3.482097789130585e-07,3.761545260659441e-07,-1.0528138693026937e-07,7.45551416550456e-07,-3.68059838408402e-07,4.039967548918159e-07,5.150479904578604e-07,-9.546129506138078e-07,1.911696246613708e-07,2.624714183229893e-07,1.074619147327468e-07,4.099286257247451e-07,3.875276866981503e-07,-1.6895715925122406e-06,-3.9096631377587385e-07,-2.6748200086413704e-07,3.0489066020036176e-07,1.4261391254703585e-07,4.128643295079904e-07,-4.911568283285473e-07,3.866675190035508e-07,4.227076799030352e-07,3.9304069650383866e-07,7.759217432763963e-07,-5.5006567382711775e-08,4.1632168348149977e-07,1.8294233268873288e-08,-2.0961299695883746e-07,1.9247618843630927e-08,-5.3435215193110675e-08,2.715904271662671e-07,-7.533819204676065e-07,-4.759291675211487e-08,1.4356773932893385e-07,-5.952043433537963e-09,-1.3696249248215196e-08,-3.387518000587865e-07,1.5905368655630553e-07,-3.086070755026722e-09,-1.1526410618138499e-07,-3.1855504960305874e-08,1.7145683093138256e-08,-1.4428161215438382e-08,-7.002364954703598e-08,-1.086167455757778e-08,-5.655440779234967e-09,-4.039969264546973e-08,-9.227094415082442e-08,-3.0525230632984285e-07,-9.771229888637385e-09,-6.817187350714205e-08,-3.835755410454515e-09,2.180601916501007e-07,3.082186696334407e-08,-1.8164496706968978e-08,7.627693977594124e-10,-3.362463957251272e-07,5.5247374247088904e-09,2.6427667991795093e-08,-7.05698351667741e-08,4.9896541117702794e-08,-4.4964509168040145e-08,2.467873879188223e-09,-2.8222204375937414e-08,1.4993001427450222e-07,1.6556424680710514e-07,movement,no movement,no movement,no movement
7700.000000000051,0.0095219970643034,0.3025924223700557,-0.2828097945666667,0.0181753626118056,0.3217777096345883,-0.2778963563,0.0211078509882851,0.3221468792249049,-0.2671338387333333,0.0195781553533073,0.321962351790162,-0.2707423718666666,0.0021566106794078,0.3305427750468006,-0.3004317088333333,0.0038619200769921,0.3281296186948813,-0.3133777988666666,0.0074135460389364,0.3186277599334732,-0.2932850102666666,0.0459921235547724,0.3344936258594037,-0.1684837184333333,-0.0622227800907374,0.2978505372107005,-0.2088281471666666,0.0298417940143873,0.3017867966051456,-0.2257069731333333,0.0015859975823199,0.2739141590891282,-0.2667247803,0.1138301358973954,0.2218270713698187,-0.0214061586733333,-0.1275715601333608,0.2714990888822294,-0.03159043447,0.1530844731458515,0.0558662345883382,-0.0731459639566666,-0.173876554756991,0.0326616160459624,-0.0469728946533333,0.1253257874114311,0.0830809331705138,-0.1802809874,-0.1404101691821904,-0.086887900503853,-0.1071732211,0.1049355893584035,0.099272384547405,-0.1968249172,-0.103824068893341,-0.1102370335176797,-0.1492055047666666,0.0952795286776973,0.1266896086167277,-0.2016210262666666,-0.0745141096265121,-0.0711600914320269,-0.1612852091666666,0.1242832901676248,0.0840580244065919,-0.1844881107333333,-0.1241280705359191,-0.0768151458168071,-0.112206019,0.0738159081052458,-0.1633951356427238,0.05460166732,-0.0711491821741899,-0.1665473518980773,-0.0541218997033333,0.0956237945684026,-0.4944830020734018,0.03768686122,-0.0359820470272979,-0.4271189325469511,-0.09315581121,0.093476424812934,-0.7632957077510397,0.2197298079333333,-0.0720585399560428,-0.7671244975603244,0.0460733815966666,0.0778696333399656,-0.7893776077500072,0.2421328747999999,-0.0732401099657356,-0.7954865113295355,0.0189284210933333,0.124052891633485,-0.8131675310881066,0.2085463911333333,-0.0529354527822591,-0.8204208051968466,-0.0723612243233333,nijmegen_nijmegen_rennen_g_ch1_g11_compr.mp4,ch1g11,6.180509486538741e-06,2.3996445426030645e-06,9.231900325780858e-06,6.0605162319213295e-06,1.7560987930533477e-05,2.335762720612643e-06,9.16182323757274e-06,6.7512821346282586e-06,4.107106199507722e-06,1.1453448365656809e-06,2.400341867655997e-06,8.883982373309538e-06,9.206097518903347e-06,9.235313663566322e-06,7.098362716247729e-06,6.66677647351363e-06,1.4550827072219347e-05,3.2192495822159986e-06,7.991930605524124e-06,9.05709466362412e-06,3.5693129152469595e-06,9.433197105735865e-06,9.334662514688252e-06,7.774085050596396e-06,1.6670585370058068e-05,6.477875405991496e-07,7.459915080310702e-06,2.9499052564425937e-06,4.7409655196123455e-06,4.885554014545823e-06,6.940248640332393e-07,4.983817575700938e-06,3.458620922877515e-06,1.0078533881553906e-05,1.848727593194593e-05,0.0001177320824153,0.0001208395316972,0.0001249626847779,0.0001248483140707,0.0001281047114036,0.0001266971325374,0.0001231465217267,9.594350067988296e-05,8.029427414831213e-05,0.0001128339499644,0.0001073556236822,-4.8190168404431025e-06,4.012961918611136e-05,-5.27623820916519e-05,7.369854892043685e-06,8.455574024250113e-06,2.360601092795032e-05,3.069640456611215e-05,2.7680400170107628e-05,3.7557664919126235e-05,4.804883594116032e-05,1.8397247890276103e-05,3.240904121510439e-05,-1.1424418608229377e-05,1.0525683145714148e-05,-4.421487905117117e-06,1.508083360687483e-05,4.7791607290251714e-05,9.794037613077593e-05,3.992350744626779e-05,0.0001041551797457,-4.089089204056974e-05,-2.616122632198644e-05,1.5016160532962827e-08,-1.2130238494376146e-07,3.19777136054694e-07,-1.5262133700183224e-07,3.113757896945077e-07,-1.3319216673473844e-07,3.523109969187383e-07,3.690932705556149e-07,-9.812089083344484e-07,2.3658944272091066e-07,2.628294071446984e-07,5.7530836817033656e-08,3.422977653646021e-07,3.304534791527069e-07,-1.6718590765862582e-06,-4.2292659012978986e-07,-7.060552010886127e-07,2.909480748569534e-07,9.122373541288854e-08,3.5331351157953757e-07,-1.8306651908344898e-07,3.698794100023746e-07,3.474015062399327e-07,3.4045148636625085e-07,3.481230696788738e-07,-4.3332205569650505e-08,3.8851203360061274e-07,-2.2895707280088733e-08,-1.7018864902594278e-07,-8.230395139187341e-09,-4.5447006002112174e-08,1.9460094149788817e-07,-5.006135624268995e-07,-9.176726809496917e-08,1.6830303895252984e-07,-5.6144415302555616e-08,-6.201249364353728e-08,-4.264296745737591e-07,2.0048051082958584e-07,-5.41890019484968e-08,-1.3869746189688236e-07,2.8042970241917912e-08,-1.6013173953317657e-08,-4.8215559758816644e-08,-7.549719854661833e-08,-5.900231897848012e-08,-5.778051268161315e-08,9.095602364243096e-08,4.720508360581016e-10,-3.092600220218394e-07,-5.509045360971754e-08,-8.035995843531296e-08,-5.28503162783316e-08,2.9358174607215624e-07,-1.1843160119914524e-08,-6.756381663170709e-08,-5.065081404049133e-08,-4.1621708927716907e-07,6.416245013196284e-09,-2.22598215568768e-08,-7.569314998379122e-08,2.308818033046329e-08,-6.260168419870368e-08,3.616915233067729e-09,-7.449950208623648e-08,2.300449858304094e-07,2.148811612958607e-07,movement,no movement,no movement,no movement
7716.666666666718,0.0096353139652459,0.3027143587932903,-0.2827563888,0.0182818348520628,0.3219008855619958,-0.2777836509,0.0212113166286505,0.3222734625874504,-0.2670233304999999,0.0196807323601509,0.3220885878142649,-0.2706306906333333,0.0022539153822602,0.3306692810266383,-0.3003430876333333,0.003957494778391,0.3282562612957951,-0.3132946315333333,0.0075113216058999,0.318751349038144,-0.2931987931666666,0.0460262042801456,0.3345857152033213,-0.1683197366333333,-0.0622228504615004,0.2979201474303345,-0.2087572221,0.0299211905008568,0.3019000926497637,-0.2256447637666666,0.0016603491448544,0.2740224727865173,-0.2666905503333334,0.1138056020164281,0.2218254088291295,-0.02134001602,-0.1276352369883046,0.2715191169741426,-0.0315866365366666,0.1530276370658876,0.055839795772668,-0.0731407768633333,-0.1739440641272436,0.0326704234795394,-0.0469484967333333,0.1253788074357913,0.083132158120418,-0.1803821558666666,-0.1404079584725621,-0.0868187250551793,-0.1071046720333333,0.1050182243139571,0.0993413947610754,-0.1969926213333333,-0.1037995279976671,-0.1101569454612324,-0.1491679523666666,0.0953636978103333,0.1267938527624834,-0.2018315210666666,-0.0744930043766958,-0.0710451408556365,-0.1613031849333333,0.1243338767239979,0.0841174815012841,-0.1846155042333333,-0.1241173042317261,-0.0767404464827961,-0.113564923,0.0738202550388133,-0.1634030070813583,0.05461318977,-0.0711530509174203,-0.1665402817868108,-0.0541340350866666,0.0955215730884288,-0.494473765831365,0.0381682414933333,-0.0359924830879434,-0.4270994081882965,-0.0927181988766666,0.0932229547984434,-0.7632113435322337,0.2204430634333333,-0.0721501733026085,-0.7670216559140098,0.0466537506566666,0.0776030134902729,-0.7893006328617577,0.2428842157,-0.0733450585758255,-0.7953762671517602,0.0195211487433333,0.1238807175112525,-0.8131197464927508,0.2092650786,-0.0530497257186636,-0.8204059853864709,-0.0717045428133333,nijmegen_nijmegen_rennen_g_ch1_g11_compr.mp4,ch1g11,5.991402773564459e-06,2.2511459643335093e-06,9.456500177085038e-06,5.902379267551346e-06,1.756333707444672e-05,2.18893994894829e-06,9.432796185496358e-06,7.044898378713398e-06,3.013095461816057e-06,1.358989822689278e-06,2.5319929836372535e-06,8.780786752258487e-06,9.434580756779604e-06,9.471318473883698e-06,5.331528398392314e-06,6.229124390537489e-06,1.3451634913990673e-05,3.569040691130811e-06,7.952460167103557e-06,9.304840297429237e-06,3.380468011679995e-06,9.729409010365964e-06,9.562133556728068e-06,7.998440864483942e-06,1.671687440665326e-05,6.187392912020064e-07,7.757182964166203e-06,2.7109433254695685e-06,4.653111179039013e-06,4.9147108505881084e-06,6.585779319270632e-07,5.054074253436765e-06,2.9277439340690784e-06,8.69943377166162e-06,1.851203696617926e-05,0.0001123764366866,0.0001148949025812,0.000118793686954,0.000118553987236,0.000122508107684,0.0001215483842874,0.0001180290499381,9.24003985353191e-05,8.140914448190297e-05,0.0001083309726779,0.000104301746306,-1.9426134858212395e-06,4.732637091368652e-05,-3.93888596397783e-05,1.9512697022656185e-05,2.0872201274062232e-05,3.830631778959536e-05,4.039585926609193e-05,4.186211333026719e-05,4.788599443525442e-05,5.708891802408637e-05,2.8881598438932323e-05,4.313534601887619e-05,-1.0631875811875683e-05,9.729141570015936e-06,5.938788007639432e-07,1.6935911919996353e-05,5.533876455903244e-05,0.0001130712722656,4.863838810522661e-05,0.0001214733192691,-1.5080414127766111e-05,8.864896238677333e-07,-9.999267156668045e-08,2.1215946954189145e-08,2.1445660315836834e-07,-2.003754991865918e-07,-1.978410670530093e-07,3.8895868418024316e-08,2.470831090631746e-07,2.340950993979352e-07,-8.699208459675026e-07,2.0524738011214328e-07,1.4534333898278497e-07,-6.250516618892437e-08,2.3929078026682405e-07,2.2140142138992127e-07,-1.4448320662144903e-06,-4.04493316755365e-07,-9.82554499604301e-07,1.4075448312268136e-07,-2.7836523551688212e-08,2.537773724662778e-07,7.291070499380375e-08,3.104339772893e-07,2.3769135487850906e-07,2.3610834375216866e-07,-1.4925473774377745e-07,-2.9423768689644298e-08,3.177447727874694e-07,-1.3493793891986013e-07,-1.4019973474535917e-07,-1.4312685045973398e-07,-3.4481321768621065e-08,1.0689771984888387e-07,-2.6197667434560297e-07,-1.031664196195908e-07,1.7623835391517156e-07,-7.700929086903872e-08,-9.330639296333369e-08,-4.611742660394687e-07,2.2184594994496286e-07,-7.682337976892426e-08,-1.3824567716445978e-07,1.078381472749173e-07,-4.742560077701492e-08,-6.206561585227154e-08,-7.427315173462798e-08,-7.632777143786628e-08,-8.020990718833438e-08,2.4547186984797145e-07,9.146296155434155e-08,-2.5380430786245865e-07,-8.79920083120881e-08,-8.540765574462904e-08,-7.182139578080353e-08,3.368887815638923e-07,-3.1072827857338987e-08,-8.518532884308997e-08,-7.345597840598586e-08,-4.449091075870418e-07,6.289376912499203e-09,-4.618845440781329e-08,-4.7896083481628616e-08,-1.0353595724777234e-08,-7.667848911431646e-08,4.005335438950407e-09,-9.085477642524701e-08,2.817384207364465e-07,3.198695266168628e-07,movement,no movement,no movement,no movement
7733.333333333385,0.0097585458860297,0.3028380186802166,-0.2825802978,0.0183974096600098,0.3220264516263881,-0.2775723862333334,0.0213233917276895,0.3224026188007548,-0.2668122994333333,0.0197924560168677,0.322217554713343,-0.2704222957,0.00236245335915,0.330803049602826,-0.3001529359333333,0.0040635675584502,0.3283886520620994,-0.3131027473,0.0076190709110459,0.3188803841787178,-0.2930097560333333,0.0460613663915779,0.3346859017003513,-0.1680836034,-0.062205699965159,0.2980167767254797,-0.208620722,0.0300071893893209,0.3020185393117175,-0.2254590183333333,0.0017442611492789,0.2741369112340946,-0.2665261249333334,0.1137703956460639,0.2218313035024659,-0.0212191310333333,-0.1276846874383841,0.2715863420002269,-0.03153324369,0.152956398854375,0.0558210878540532,-0.0729331674266666,-0.1740302320369955,0.0327023495632263,-0.0469479109933333,0.125406082465241,0.0831767822038302,-0.1798689703333333,-0.1404104523112127,-0.0867648498883786,-0.1071057238,0.10506884597148,0.099402987751065,-0.1964131325666667,-0.1037773900256281,-0.1101007248085397,-0.1491841434666666,0.0954303707734877,0.1268602440603141,-0.2012385641333333,-0.0744621359091546,-0.07098037777062,-0.1613390773333333,0.1243685361681859,0.0841671591008184,-0.1840787887333333,-0.1241116787132328,-0.0766863221392575,-0.117336318,0.0738197134703263,-0.1634123704450674,0.0546248429733333,-0.0711515570831857,-0.1665318678835329,-0.0541464662566666,0.0954011766142203,-0.494463536152224,0.0383741470766666,-0.0359941229109254,-0.4270815043925596,-0.0924687166833333,0.0929625777835151,-0.763143489695702,0.2206220144333333,-0.0722381558423823,-0.7669255467842115,0.0471719860966666,0.0773288651978984,-0.7892388218635255,0.2430712669999999,-0.0734470397054402,-0.7952741168406794,0.0200576590299999,0.1236936301504858,-0.8130877611706953,0.2094923248,-0.053153703813722,-0.8203926700925682,-0.0711223754333333,nijmegen_nijmegen_rennen_g_ch1_g11_compr.mp4,ch1g11,5.756790868783178e-06,2.334587492690152e-06,9.584798970757416e-06,5.5612859327130304e-06,1.7028971511340874e-05,2.312790735174038e-06,9.604608332333898e-06,7.074695933148219e-06,2.0417814978836648e-06,1.5887176361198843e-06,2.6680633696982155e-06,8.623770149099345e-06,9.569562635522368e-06,9.60627899887294e-06,3.756137340921224e-06,5.95187680686673e-06,1.2279211513880416e-05,3.776685980117133e-06,7.834439280521189e-06,9.464788377901705e-06,3.617109230788917e-06,9.98973587045548e-06,9.691287558737233e-06,8.177413355134675e-06,1.6245839167640705e-05,5.944248785393619e-07,8.036437439005765e-06,2.4494148905661532e-06,4.5206549763786296e-06,4.852110319612995e-06,6.266668417775571e-07,5.077399283938286e-06,2.785016849009109e-06,7.515743543815682e-06,1.803623378372054e-05,0.0001035898387226,0.0001057516254088,0.0001093120781423,0.0001090022856201,0.0001131606040237,0.000112568788107,0.0001092047974647,8.810035045165653e-05,8.157565962715007e-05,0.0001010520763854,9.839343614676376e-05,2.408368573544947e-06,5.551985473043222e-05,-2.707143509765524e-05,3.094022710920601e-05,3.032557517850694e-05,4.912520768964547e-05,4.690253773594053e-05,5.1320543515136384e-05,5.4655317854468146e-05,6.210170806936656e-05,3.65790631459682e-05,5.0567255180616105e-05,-9.902820902845933e-06,9.07801368479213e-06,7.038332442177989e-06,1.7707719179050814e-05,6.062855679637221e-05,0.0001196430045798,5.535836999815826e-05,0.0001291287037075,9.78865474958635e-06,2.373909853393743e-05,-2.264931145673143e-07,1.5354571642403525e-07,1.1269703665595435e-07,-2.8681343290893276e-07,-6.85416956447855e-07,2.225436231096365e-07,1.4376612249509109e-07,7.903298893842575e-08,-7.207220407529121e-07,1.2961295055571768e-07,2.3617033247084033e-08,-2.190124249144774e-07,1.433838768758806e-07,1.1503378040265205e-07,-1.1244719568202357e-06,-3.800112015894467e-07,-1.1599219833600463e-06,-1.8957770703712633e-08,-1.8306597251530386e-07,1.6031655838341137e-07,3.906651389941745e-07,2.5911247730169157e-07,1.3225380388146228e-07,1.330525042626039e-07,-6.209565939298035e-07,-2.0159660272041136e-08,2.464354957062357e-07,-2.102717195464943e-07,-1.671940307595443e-07,-2.661979738178863e-07,-2.7213420661122588e-08,-1.4607500430575238e-08,9.329612224270772e-09,-8.793068037441503e-08,1.6488769111267844e-07,-7.174131419258666e-08,-1.0060289897243897e-07,-4.356106594640603e-07,2.1786943493546093e-07,-7.35130583010197e-08,-1.1313869201035508e-07,1.8842603589489588e-07,-7.653326319195593e-08,-6.004378287829121e-08,-5.7966169214454795e-08,-6.81326977034925e-08,-7.577926515179333e-08,3.9242003374546674e-07,1.730822922409576e-07,-1.629518380892992e-07,-9.977255851484423e-08,-7.462962905060776e-08,-6.552753248897907e-08,3.367276607268164e-07,-3.096714229075057e-08,-7.636195600396617e-08,-7.123035442181662e-08,-4.1651577833088067e-07,5.3438641428280855e-09,-4.9291495303110644e-08,8.705640040295384e-10,-3.897307979129707e-08,-8.253659057820359e-08,3.613977598528318e-09,-8.169593668191033e-08,2.9425115511335237e-07,4.373821380996339e-07,movement,no movement,no movement,no movement
7750.000000000052,0.0098990878186867,0.3029483270674122,-0.2823993569666666,0.0185270244556131,0.3221394990907946,-0.2773613967,0.0214496861367969,0.3225192679579605,-0.2666008440333333,0.019918352120442,0.3223341001688828,-0.2702161152666666,0.0024861330849921,0.3309231325141278,-0.2999619795333333,0.0041851876258754,0.3285081012195185,-0.3129118127666666,0.0077414103868919,0.3189967682960066,-0.2928211880333333,0.0461016255434532,0.3347829691937209,-0.1678446051666666,-0.0621763559894343,0.2981073516660547,-0.2084859385,0.0301074413330107,0.3021272509694278,-0.2252645442666666,0.001844860541603,0.2742411896248746,-0.2663546155666667,0.1137385102973855,0.2218375043373652,-0.0211031248733333,-0.1277236592424737,0.2716544444169704,-0.0314911648,0.1529091792743009,0.0557961453526201,-0.0727765884899999,-0.1741260378773943,0.032747051857855,-0.0470766271,0.1254356788930745,0.0832154186276186,-0.1794024060333333,-0.1404233289097858,-0.0867067580350936,-0.107421578,0.1051178733574263,0.0994571781543599,-0.1958904276666667,-0.1037709212786488,-0.1100415520856329,-0.1495577727,0.0954937540049662,0.1269155003123691,-0.2007017239666666,-0.074422924806912,-0.0709175359143098,-0.1617044746666666,0.1244038676157392,0.0842095370972829,-0.1835875645,-0.1241118317940142,-0.0766302654649967,-0.117390431,0.0738167513171618,-0.1634213904333669,0.0546344029366666,-0.0711476130312808,-0.1665235980352328,-0.0541571283666666,0.0952820718954634,-0.4944536891888449,0.0385526325633333,-0.0359753129255684,-0.4270634738626162,-0.0922616444366666,0.0927100645860465,-0.7630911204648858,0.2207230473,-0.0723099369700892,-0.7668020959576342,0.0476229675033333,0.0770612449184886,-0.789191668674611,0.2431719755,-0.073533791166974,-0.7951390049205679,0.0205321823199999,0.1235122884972004,-0.8130573955830489,0.2096298386666666,-0.0532555073055589,-0.8203621530535408,-0.0705663900133333,nijmegen_nijmegen_rennen_g_ch1_g11_compr.mp4,ch1g11,5.4911374185339745e-06,2.602288386963833e-06,9.58079445028327e-06,4.9613181616894615e-06,1.5845826726977805e-05,2.704024218797243e-06,9.63642173169474e-06,6.949081208092658e-06,1.439902224035537e-06,1.7261562393807124e-06,2.7263800816450435e-06,8.788072725718156e-06,9.583288072557458e-06,9.604610831017504e-06,2.846492260183482e-06,6.238638143765297e-06,1.093951991402006e-05,3.834905823742256e-06,7.977474202696255e-06,9.500808977791011e-06,4.283625952736751e-06,1.0149000610861482e-05,9.693454197199255e-06,8.220986267146094e-06,1.5176442144926716e-05,5.901023642672344e-07,8.199535480203809e-06,2.2820669751955374e-06,4.342678278443495e-06,4.675791672132356e-06,6.102555440052768e-07,5.033004186386022e-06,3.0039778067174036e-06,6.685576311508163e-06,1.71453926998769e-05,9.005152485680135e-05,9.179367290851376e-05,9.480470309070444e-05,9.449786039389254e-05,9.780548036803826e-05,9.776422458549962e-05,9.468552028267468e-05,8.092100771384332e-05,7.58844282714193e-05,8.907883008239337e-05,8.751122126864102e-05,5.627175270337258e-06,5.9831093545519045e-05,-1.9429551313734997e-05,4.1977020905168386e-05,3.6032267749019086e-05,5.537874138052592e-05,4.9725563831597814e-05,5.550887344922817e-05,5.906674184111507e-05,6.317810797732158e-05,4.114789711522876e-05,5.375272608377775e-05,-9.274034573221623e-06,8.59738948288551e-06,1.3924797671644644e-05,1.783466104705207e-05,6.56121378319838e-05,0.0001214375026357,6.145929294264937e-05,0.0001314590163519,3.270887481591553e-05,4.09148502099161e-05,-3.272004336044196e-07,2.664530700303117e-07,3.1132846262744586e-08,-3.977330124485142e-07,-1.0737173116995444e-06,3.958181969558331e-07,5.84662910882512e-08,-2.954049965834125e-08,-4.982784348589162e-07,2.0680548730549913e-08,-5.9148591939158316e-08,-3.522484444078538e-07,7.152690222146942e-08,2.8751924893643983e-08,-6.631516468280178e-07,-2.324732729728602e-07,-1.1527112437700764e-06,-1.5231478096358028e-07,-3.213423182787572e-07,8.91248194762818e-08,6.991740615275407e-07,2.203475746218761e-07,5.2222114706151264e-08,5.076322924916039e-08,-9.891086083528274e-07,-1.8084462533279655e-08,1.878186908208854e-07,-2.098472442888119e-07,-2.2582796898664038e-07,-3.524686083925729e-07,-2.557729580752625e-08,-1.0985469933147543e-07,2.8241184006546416e-07,-5.0980177192394095e-08,1.366925268186003e-07,-4.208812364806459e-08,-8.33431199734362e-08,-3.614509906397829e-07,1.8890224615076024e-07,-4.53895567521417e-08,-7.468905341353474e-08,2.5087822448102217e-07,-9.007028534931988e-08,-3.962813400179359e-08,-3.567977766309717e-08,-3.709763665705707e-08,-4.6150271838276695e-08,4.996818327911662e-07,2.2762936637024706e-07,-6.146235581829742e-08,-8.644319036740344e-08,-5.4978471132657025e-08,-3.61002421488065e-08,2.911048652395868e-07,-1.1575663991020433e-08,-4.3909586812530874e-08,-4.411980242386328e-08,-3.413440982134255e-07,4.374458321402947e-09,-3.085183321473344e-08,5.990464063791778e-08,-5.60438307239276e-08,-7.771079954503436e-08,3.1021945229349587e-09,-4.908617828884087e-08,2.655594909286346e-07,5.28111183867997e-07,movement,no movement,no movement,no movement
7766.666666666719,0.0100507380390517,0.3030240196175918,-0.2821459548,0.0186644014824689,0.3222176986529124,-0.2770940777666666,0.0215844536845264,0.3226008058023609,-0.2663317241,0.0200528845318936,0.3224152953697231,-0.2699551641333333,0.002621393421105,0.3310091197813772,-0.2997153037333333,0.0043186067622464,0.3285935880675439,-0.3126650207333333,0.0078753459084008,0.3190793810751454,-0.2925765239,0.0461435604231135,0.334858103273837,-0.1675867251666666,-0.0621350710085284,0.2981801833206352,-0.2083391998333333,0.030216718320836,0.3022063344950401,-0.2250070963999999,0.0019576810725194,0.2743184509285642,-0.2661228737,0.1137141241671273,0.2218399101055465,-0.0210174922466666,-0.1277514256327862,0.2717197862981292,-0.0314105568433333,0.1528872458334305,0.0557650670266,-0.0727155776733333,-0.1742022571933729,0.0327926710077717,-0.0471981782333333,0.12546320001721,0.083234861516256,-0.1790458739,-0.1404205877613034,-0.0866579213718382,-0.1076884347,0.1051622838513089,0.0994859959773819,-0.1954723974666667,-0.10375271747993,-0.1099971160598755,-0.1498399351333333,0.0955465482883365,0.1269441226625839,-0.2002638955666666,-0.0743732794971216,-0.0708784340619793,-0.1619742820333333,0.1244380953516872,0.0842332779573882,-0.1832060972666667,-0.1240996584888163,-0.0765872318972551,-0.11749278,0.0738132403930084,-0.1634316188733351,0.0546384969066666,-0.0711430080697414,-0.1665140266256282,-0.0541622424466666,0.0951700861648908,-0.4944431270015661,0.0386948188233333,-0.0359376902069674,-0.4270508631048517,-0.0921190413166666,0.0924587297764294,-0.763054621510561,0.2207183077333333,-0.0723311710253835,-0.7666897875781767,0.0478644709933333,0.0767946748538807,-0.789159574679838,0.2431544775666667,-0.0735674711730924,-0.7950182997992707,0.0207773089366666,0.1233326999405995,-0.8130466564263225,0.2096831336666666,-0.0533385978469719,-0.8203347175143489,-0.07020780077,nijmegen_nijmegen_rennen_g_ch1_g11_compr.mp4,ch1g11,5.119136793585534e-06,3.1006271801779056e-06,9.429019792201356e-06,4.452859150532857e-06,1.451117878757063e-05,3.3587358869148325e-06,9.507470070284015e-06,6.871309886457918e-06,1.089612477457028e-06,1.8670476075003124e-06,2.6704031839428257e-06,8.471115622973348e-06,9.477161913095632e-06,9.444382091743295e-06,2.4226486995384636e-06,6.2060757393643715e-06,9.807522534765946e-06,3.538942136897473e-06,7.691276527389115e-06,9.408481018456764e-06,5.3516982588891205e-06,1.0194130018693238e-05,9.568480368214037e-06,8.101341101546173e-06,1.395124923797876e-05,5.723903159113094e-07,8.211735518766281e-06,2.1638352741358876e-06,4.066533858503578e-06,4.2906580410770326e-06,5.843288302209941e-07,4.81210115110302e-06,3.6391396624607462e-06,6.324021927532536e-06,1.5930884781485607e-05,7.370016448369865e-05,7.567832196391462e-05,7.82018753417399e-05,7.8021499669972e-05,8.059228257907252e-05,8.083682128573129e-05,7.790609951765362e-05,7.310405250984822e-05,6.898851783247006e-05,7.493883132804332e-05,7.410661745895664e-05,7.773045352978764e-06,6.195840502215922e-05,-1.5989338479654297e-05,4.5591323236507694e-05,3.6285569246365407e-05,5.410522074046416e-05,4.7172023203671374e-05,5.1748626189155304e-05,5.710460056924856e-05,5.700112683555833e-05,4.0746024607111114e-05,5.0661138562994285e-05,-8.974661177013178e-06,8.46277044874711e-06,2.1026877589220713e-05,1.72979319844178e-05,6.910895174607522e-05,0.0001158824340334,6.639267222944431e-05,0.0001253515081531,5.1377092212568215e-05,5.2583591884156624e-05,-3.413317751051652e-07,3.767020008988739e-07,1.1115777719876057e-08,-4.788119929404774e-07,-1.352372310497651e-06,5.66091497650299e-07,3.3908344973784465e-08,-7.445224524799073e-08,-2.012546465606215e-07,-1.1920994518893518e-07,-7.519517254961769e-08,-3.678802379096108e-07,5.7058707140706073e-08,4.658229882602879e-09,-9.145209714797877e-08,7.890966668637563e-08,-1.0677227186144697e-06,-2.2072384949600274e-07,-3.655624766483558e-07,7.457872492546702e-08,9.7860991615883e-07,2.2247884873969838e-07,3.1201988992967526e-08,2.8373915837006998e-08,-1.247418092942046e-06,-1.947908530965298e-08,1.710440835014597e-07,-1.0720573586508405e-07,-3.007209040328004e-07,-3.914012945008964e-07,-2.728868843008926e-08,-1.401580082001653e-07,5.345825921352576e-07,5.649961422206399e-09,9.782995474785354e-08,5.839078630319648e-09,-5.1874240344921374e-08,-2.645595102721506e-07,1.417693985119799e-07,2.0548419740170304e-09,-3.741242222810474e-08,2.9067957241258386e-07,-8.516355585371058e-08,-6.665524692793313e-10,1.3928939176234389e-08,8.991736920855593e-09,2.7904956700180422e-09,5.552789191136046e-07,2.765980849798707e-07,2.4094087884418065e-08,-3.8850778384230824e-08,-7.836236862293371e-09,9.202379672847577e-09,2.0845416416963098e-07,2.1308751083195416e-08,4.241329163177975e-09,2.4281717888071462e-09,-2.4496947771837114e-07,5.268381939927382e-09,4.294178371864184e-09,1.2456277396927976e-07,-5.4540698921547026e-08,-5.632931137303101e-08,3.96332571733074e-09,4.308197672176618e-09,2.0216234788093358e-07,5.797518430572038e-07,movement,no movement,no movement,no movement
7783.333333333386,0.0102013834965994,0.3030950125629273,-0.2818770017666667,0.0187998802468781,0.3222913451181322,-0.2768243508333334,0.0217170593908296,0.3226775683438438,-0.2660602815666666,0.0201853911098986,0.3224919048028076,-0.2696907718333333,0.0027553254197952,0.3310908140205938,-0.2994658592999999,0.0044506700273668,0.3286746024601799,-0.3124152643333333,0.0080077543407189,0.3191568843585944,-0.2923297159666667,0.0461828506424088,0.3349343983155061,-0.1673528494666666,-0.0620928103288885,0.298253798495845,-0.2082182501,0.0303252227740564,0.3022815595730228,-0.2247383966666666,0.0020700202128462,0.2743920891363144,-0.2658821494,0.1136881870134441,0.221846875571078,-0.0209545424799999,-0.1277717302532695,0.2717918064008709,-0.0313628176833333,0.1528547312600501,0.0557407368759095,-0.0726991483966666,-0.174268994172629,0.0328497659690715,-0.0473435937,0.125462971210738,0.0832581069005722,-0.1787536809999999,-0.1404186112158362,-0.0866065571220131,-0.1078866812333333,0.1051762349427489,0.0995234216738645,-0.1951027905333333,-0.1037383653626868,-0.1099498170562006,-0.1500136424333333,0.0955767717038988,0.1269814784053194,-0.1998712022666666,-0.074331285459182,-0.070837663897016,-0.1621220082,0.1244494546747542,0.084262037757188,-0.1828886990666667,-0.1240914720500887,-0.0765407477290748,-0.119362593,0.0738082356373821,-0.1634425818591295,0.0546432164766666,-0.0711369047447868,-0.1665036688303008,-0.0541684297833333,0.095033700716518,-0.4944220816114996,0.0388205734466666,-0.0359104601296352,-0.4270339683774154,-0.0920089627733333,0.0922135404849508,-0.763009203053056,0.2207854320333333,-0.0723720317242486,-0.7665772898844927,0.0480075547966666,0.0765372433252846,-0.7891171793951596,0.2432208418666667,-0.0736209204118816,-0.794898149392131,0.02091936481,0.1231491195740934,-0.8130294020156646,0.2098269757999999,-0.0534268419110241,-0.8202922662777198,-0.0699245483233333,nijmegen_nijmegen_rennen_g_ch1_g11_compr.mp4,ch1g11,4.740558620226591e-06,3.6221219504374614e-06,9.380499748862716e-06,3.983541804323864e-06,1.3339804483521516e-05,4.07074084391826e-06,9.468113704693793e-06,6.888214396761604e-06,1.0814000413414233e-06,1.6149658702516351e-06,2.5668411763086618e-06,8.018938359809558e-06,9.503068216549688e-06,9.384106790092804e-06,2.7067861603429618e-06,6.1769597694889984e-06,9.039068302537316e-06,3.1443810981233426e-06,7.225299276845195e-06,9.440798567027584e-06,6.536356046830593e-06,1.0389677763242742e-05,9.562000202435646e-06,8.063072922151911e-06,1.2874966072442234e-05,5.468858024197126e-07,8.33783173885786e-06,2.1349132777929794e-06,3.6324097949983824e-06,3.819354129391111e-06,5.543359436057803e-07,4.6056153029810355e-06,4.427611910440367e-06,6.393193157738757e-06,1.4763796971189974e-05,5.862659203236374e-05,6.086091965001771e-05,6.291165929337596e-05,6.288474883049707e-05,6.44264052417571e-05,6.483797179226164e-05,6.202595117163109e-05,6.535521852987792e-05,6.031311973128099e-05,6.154741684222763e-05,6.107172729049267e-05,8.729969666774868e-06,6.229444702201345e-05,-1.762594671240716e-05,4.824918832160653e-05,3.0443880177290617e-05,4.7330518220598895e-05,3.8619540210543525e-05,4.014712566809248e-05,4.8290622292015755e-05,4.205455991947033e-05,3.502323651368794e-05,4.2325187713446355e-05,-9.04193806138618e-06,8.717337667297379e-06,2.734233101357192e-05,1.4465853232012585e-05,7.017781789464782e-05,0.0001029989198011,6.891632730180864e-05,0.0001112076402725,6.545009190806817e-05,5.95092925220632e-05,-2.9499007282324394e-07,4.675642259695585e-07,5.073564719380796e-08,-5.349653095753807e-07,-1.5673323185319563e-06,7.101452651252e-07,6.941054417914962e-08,-9.9980879002466e-08,1.0946610885070265e-07,-2.2254731486793334e-07,-2.6663478082069865e-08,-2.769947148546459e-07,9.77205362338677e-08,4.2098276914586034e-08,5.065655144858675e-07,4.335626169903903e-07,-9.897127962150075e-07,-2.1409629606875293e-07,-3.112687887737141e-07,1.1560120249529544e-07,1.2033279077369368e-06,2.699050348745274e-07,6.696674451562697e-08,6.430214213646705e-08,-1.4412998607131223e-06,-1.967825772063716e-08,2.006988089982837e-07,8.272441625137134e-08,-3.820006050600973e-07,-4.068224638680331e-07,-2.8385176381921507e-08,-1.122968652635441e-07,7.305896783629706e-07,7.308752228188858e-08,5.9553226809728104e-08,5.7061554064028824e-08,-9.475137414660878e-09,-1.655554943941145e-07,8.822567052246112e-08,5.3825792332136e-08,-1.0188245488744645e-08,3.031061181074371e-07,-4.6891604749218026e-08,4.770180898089204e-08,7.166329430376414e-08,5.497129384470754e-08,5.5523106284648586e-08,5.493494608808381e-07,2.964275722708549e-07,6.98675045767943e-08,2.7986553428352983e-08,5.13662933885704e-08,5.5165598566646185e-08,1.0611063972555417e-07,5.3064294264754414e-08,5.3138616828320554e-08,5.3428807670739566e-08,-1.4849190319669534e-07,7.694920008087889e-09,4.1429556389186114e-08,1.829676742997453e-07,-3.1248078668129604e-08,-2.2412290317605577e-08,5.985421275739501e-09,6.567010283344387e-08,1.2187013339577524e-07,5.821497788895936e-07,movement,no movement,no movement,no movement
7800.000000000053,0.0103672959796829,0.3031351757348373,-0.2816535181333334,0.0189487358799529,0.3223307077573683,-0.2766005652000001,0.0218631177356758,0.322718091999867,-0.2658361462666666,0.0203315545483053,0.3225317485846332,-0.2694723655000001,0.0029038574801979,0.3311304932329848,-0.2992686612999999,0.0045981084726467,0.3287165582210199,-0.3122198885666666,0.0081555925831236,0.3191961849701498,-0.2921355329666667,0.0462376955095407,0.334975965947661,-0.1671587816999999,-0.0620401326967743,0.2982946069379078,-0.2081543951333333,0.0304452301667949,0.302319936701221,-0.2245121776666666,0.0021961332616864,0.2744349982068231,-0.2656915873666667,0.1137013405824586,0.2218454031178898,-0.02090018062,-0.1277946318617303,0.2718378543592474,-0.0313525656833333,0.152910366527195,0.0557142758285905,-0.0727823982066666,-0.174291847782822,0.0328901422886399,-0.0474688497566666,0.1254958627279368,0.0832767917590296,-0.1789601977,-0.140376429934942,-0.0865717758760069,-0.1080892439,0.1052130593905048,0.0995484078100863,-0.1953382085,-0.1036613359585681,-0.1099249482064247,-0.1502379262666666,0.0956116323652207,0.1270239461016538,-0.2001124794,-0.0742110091380593,-0.0708030309927217,-0.1623514915666666,0.1244776292988951,0.0842866658672056,-0.1831041127333333,-0.1240317096223424,-0.0765094105217187,-0.12146201,0.073806718345306,-0.1634519770966709,0.0546465724666666,-0.0711352395086828,-0.1664944401261185,-0.0541726072,0.0949193225843703,-0.4943920831084187,0.0389638868533333,-0.0358813599840059,-0.4270113501465295,-0.0917402593299999,0.0920326366984863,-0.7629281801820149,0.2210419019,-0.0724135988040643,-0.7664632498114908,0.0480936128533333,0.0763501662545953,-0.7890384728133656,0.2434911544,-0.0736748315884299,-0.7947759265534564,0.02098630567,0.1230030690476071,-0.8129865442022245,0.2100992363999999,-0.0535126705326758,-0.8202210662880729,-0.0698866737933333,nijmegen_nijmegen_rennen_g_ch1_g11_compr.mp4,ch1g11,4.541932607982976e-06,3.92476903468977e-06,9.488770233317944e-06,3.7614533895028463e-06,1.166072432043112e-05,4.627220972373774e-06,9.597201809962995e-06,6.7497088160947505e-06,1.5239225204173798e-06,1.2610310743137556e-06,2.607728256815004e-06,7.529494098953537e-06,9.628372065745806e-06,9.483271833263814e-06,3.619855624440987e-06,6.436204390761889e-06,8.291191170152217e-06,3.0157521097967796e-06,6.706484528278269e-06,9.589144309650012e-06,7.585579876593754e-06,1.0710177257279315e-05,9.65404749134023e-06,8.138631513345033e-06,1.127614506466307e-05,5.612051892302292e-07,8.519214300730037e-06,2.335084693436595e-06,3.417649831250803e-06,3.4174247521638095e-06,5.616144195573416e-07,4.489615398076905e-06,5.033312854624057e-06,6.936016064311057e-06,1.3119770662910274e-05,4.381067126609448e-05,4.547477832662774e-05,4.686868556768384e-05,4.693926335875745e-05,4.633203042160961e-05,4.723699664240093e-05,4.472516382847765e-05,5.4409387141941464e-05,4.466008484923619e-05,4.70085580598181e-05,4.6483174365447565e-05,5.601873825272116e-06,5.531644623463465e-05,-2.4870859848152044e-05,4.805599882813965e-05,2.167083146058783e-05,3.936654620995793e-05,2.875049542432048e-05,2.8098932549427007e-05,4.203617189263236e-05,2.823895262007585e-05,2.7126473735650257e-05,3.289841019439525e-05,-8.964562215215883e-06,8.863023626787828e-06,3.3371890467386665e-05,1.5066671367245136e-05,7.036539103098467e-05,9.839747996870172e-05,6.903850059648725e-05,0.0001058729719953,6.975740746713226e-05,6.874880440243975e-05,-1.5391592234111853e-07,5.291501932219314e-07,1.6085956075633059e-07,-5.107475712784421e-07,-1.6180540570025071e-06,7.92787957002754e-07,1.746095345036952e-07,-7.94986245462973e-08,4.421302338087057e-07,-2.613782036112313e-07,6.822341051893843e-08,-1.1945199706893722e-07,2.069465368503442e-07,1.515890879206369e-07,1.0590829900803587e-06,7.932997966407363e-07,-8.800526362823944e-07,-1.4495361940097466e-07,-1.8533456288539458e-07,2.2394551098869133e-07,1.2717501922192077e-06,3.63179181777838e-07,1.7633692854583095e-07,1.750593378583396e-07,-1.4815232186491824e-06,-1.3011873247298656e-08,2.9024110324494474e-07,3.214641791890325e-07,-4.1558360974437074e-07,-4.095572301863197e-07,-2.3676293249072206e-08,1.1182837254955828e-08,8.193865029781965e-07,1.3991392785359358e-07,3.1721990818779986e-08,1.0237905391879125e-07,2.9770275069133796e-08,-5.5525903546734326e-08,3.913312058675783e-08,1.0007135525336015e-07,8.637554923575992e-09,2.86825576665742e-07,1.0859810028696412e-08,9.324282026563229e-08,1.328006697840751e-07,9.351643202517725e-08,1.0249574917069921e-07,4.846205994573809e-07,2.863265611091985e-07,8.812826231243406e-08,9.468899669827009e-08,1.165031200206612e-07,9.374144700793465e-08,4.951484164683578e-09,7.737980011956653e-08,9.52238175701822e-08,9.929138830062618e-08,-4.40689684933524e-08,1.0618737020165533e-08,7.359120187929986e-08,2.2407073606164975e-07,-2.104909519626974e-09,1.8673727660243195e-08,8.371022974682511e-09,1.2194451211714466e-07,4.499705594298682e-08,5.356840245488374e-07,movement,no movement,no movement,no movement
7816.66666666672,0.0105385198301119,0.3031476383552553,-0.2817719486,0.0191023589754918,0.3223422210449593,-0.2767300871,0.0220137029054108,0.3227295027457042,-0.2659660585666666,0.0204823055109061,0.322543490209208,-0.2696055669666667,0.0030568281550019,0.3311371994581599,-0.2994238936666666,0.0047503126825004,0.3287260957364186,-0.3123848910999999,0.0083076288401895,0.3192045191595865,-0.2922931505000001,0.0462977976617353,0.3350005040816393,-0.1672758834666666,-0.0619783406189181,0.29830393373594,-0.2083980460333333,0.0305712889259489,0.3023346478941127,-0.2246120710666666,0.002328913020258,0.2744519499080375,-0.2658325513666666,0.1137380848029604,0.2218442944628496,-0.0210723275866666,-0.1278170953548174,0.2718679647938469,-0.03156825695,0.1529900121959259,0.0556885950154834,-0.0731634790133333,-0.1743236878673112,0.0329226124263398,-0.0478558947533333,0.1255383551414458,0.083299490631424,-0.1795538088,-0.1403306687786428,-0.0865433895209574,-0.1087843011333333,0.1052537381985809,0.0995780861498083,-0.1959974825666667,-0.1035800227780963,-0.1099078041199787,-0.1510411977,0.0956475051879422,0.1270778945251892,-0.2007862513,-0.0740754722427217,-0.0707746748699528,-0.1631640757333333,0.1245123451092882,0.0843158059524752,-0.1837102547333333,-0.1239632167018554,-0.0764854638876819,-0.120278358,0.0738095944909876,-0.1634599606952163,0.05464995975,-0.0711385804698102,-0.1664861911899181,-0.05417666218,0.0948325032182675,-0.4943569372468028,0.0391840364866666,-0.0358764469967593,-0.4269883810422307,-0.0915180641366666,0.0919151389827222,-0.7628302521167115,0.2214649756666666,-0.0724555469564333,-0.7663363421706599,0.0480305646733333,0.0762311315033938,-0.7889398270386363,0.2439335336333333,-0.0737285219812316,-0.7946368937713973,0.020897039752,0.1229522461453333,-0.8128792196889284,0.2104810557999999,-0.0535957445204859,-0.8201173982872316,-0.0700908740899999,nijmegen_nijmegen_rennen_g_ch1_g11_compr.mp4,ch1g11,4.5612024314933345e-06,4.431542758412417e-06,9.785060784777551e-06,3.4742587229886136e-06,1.0060184494504752e-05,5.343134548143701e-06,9.888424721667749e-06,6.769314435208485e-06,2.217613853725357e-06,8.235542196346728e-07,2.509738777407732e-06,7.17275285218534e-06,1.001364931301325e-05,9.766591239986116e-06,5.130882305656335e-06,7.197146881706596e-06,7.691817972443308e-06,2.5264502062154876e-06,6.308620976920322e-06,9.982089685140958e-06,8.708757142477926e-06,1.1192620703389304e-05,1.001144225380228e-05,8.451861532406736e-06,9.822338285738269e-06,5.387669366871933e-07,8.962130429580383e-06,2.7140871906014674e-06,2.982234094240951e-06,2.722652440993334e-06,5.301938955563137e-07,4.639926354097188e-06,5.854990430407593e-06,8.08710500776293e-06,1.167377522611768e-05,3.589046146364784e-05,3.717805112180475e-05,3.8241842071389995e-05,3.8469688208482e-05,3.665717850401199e-05,3.7809035187803406e-05,3.5340465215677454e-05,4.900303506168569e-05,3.5325424839100665e-05,3.9408513869504416e-05,3.858059734554487e-05,4.784704225353979e-06,5.1850937533273224e-05,-3.1178889438317436e-05,4.5873340811259394e-05,9.969043946230678e-06,2.7528303745274353e-05,1.5458113778035885e-05,1.1364591747059036e-05,3.011994910791383e-05,8.999066969674574e-06,1.6367682465055047e-05,2.014811517906096e-05,-9.140238813916236e-06,9.276466128856468e-06,3.9570987201631865e-05,1.2559041652493274e-05,6.728091382184734e-05,8.672983564099928e-05,6.571696166391367e-05,9.298546712042144e-05,6.685865234568679e-05,7.119883358163185e-05,3.4123038660034595e-08,5.643910428119027e-07,3.039322380728092e-07,-4.461726980404235e-07,-1.5831397793132835e-06,8.243676429012218e-07,3.1489785657479354e-07,-6.837614556423291e-09,7.123808604475152e-07,-2.1862707266817626e-07,1.874967884411867e-07,4.1166723264093274e-08,3.411026776603283e-07,2.9591954256214564e-07,1.4894304282175387e-06,1.078560292911324e-06,-8.075754760826063e-07,-1.864932915474379e-08,-4.09099861531095e-08,3.5811764524105754e-07,1.2295618690466174e-06,4.740518244552897e-07,3.1271530118495394e-07,3.185857508028811e-07,-1.4438866140742852e-06,5.971550968370616e-10,4.030746008422598e-07,5.631381946595958e-07,-3.80326631090844e-07,-3.963328255264479e-07,-1.2256798343467313e-08,1.868521457053233e-07,8.280187360123249e-07,1.9242454165884606e-07,4.369791938835711e-09,1.3444902552887228e-07,7.413990953712728e-08,3.7262894425040954e-08,-9.533470872503472e-09,1.3430637170634708e-07,9.492763873703368e-09,2.4452492904727514e-07,7.570355761096752e-08,1.3593949699651664e-07,1.764049806466808e-07,1.1599746926733107e-07,1.3622804930209185e-07,3.690380955990262e-07,2.3933692904296157e-07,8.283436752507573e-08,1.6601116922070218e-07,1.666924418387703e-07,1.1707266177630799e-07,-8.856555912893726e-08,9.127655497893535e-08,1.2088031059032756e-07,1.2961610344137573e-07,3.6952220474373393e-08,1.5773816631713328e-08,9.168886220225877e-08,2.4118375819144445e-07,4.6849242830469214e-08,7.15249249024199e-08,1.3104082598562654e-08,1.6108481300024045e-07,-2.9024548165738303e-08,4.4707330773203994e-07,movement,no movement,no movement,no movement
7833.333333333387,0.0107079526740623,0.303178130704725,-0.281726813,0.0192449205443508,0.3223761487779255,-0.2767064747333334,0.0221534241284468,0.3227642008536291,-0.2659435846333333,0.0206226110507136,0.3225787134259147,-0.2695862471,0.0032017613856552,0.331167344469187,-0.2994189921666667,0.0048955150439699,0.3287575773804492,-0.3123835470333332,0.0084521565702643,0.3192335318478428,-0.2922899139666667,0.046342774943908,0.3350562557818665,-0.1672840035999999,-0.0619176160357925,0.2983345110351632,-0.2085085143,0.0306967585878365,0.3023723600336522,-0.2245598866999999,0.0024649417244056,0.2744861936894363,-0.2658111652,0.1137699672518584,0.2218642163675709,-0.02118087019,-0.1278247604130522,0.2719217379049521,-0.0316872192533333,0.1530686895589815,0.0556680245541915,-0.0734580131299999,-0.1743530637461423,0.0329725570818285,-0.0482120344933333,0.1255609927042001,0.0833163220055656,-0.1799394150999999,-0.1402793310687114,-0.0865174591417133,-0.1094149582666666,0.1052673711703167,0.0996014558104219,-0.1963863457333333,-0.1034923717273947,-0.1098983127166098,-0.1517504453,0.0956589770501009,0.1271189309452153,-0.2011756022666666,-0.0739269667650189,-0.0707635352949964,-0.1638669729666666,0.1245296003484547,0.0843380258087856,-0.1840915337333333,-0.1238873747439495,-0.0764665324926675,-0.119864471,0.0738087846099747,-0.1634681495542938,0.05465161651,-0.0711379808062968,-0.1664777238072492,-0.0541793169466666,0.0947453266544693,-0.4943189930143739,0.0392365438333333,-0.035877441798141,-0.426989785999581,-0.0913629683799999,0.0917872192081088,-0.762746755401695,0.2214957584666666,-0.0725455595495245,-0.7662629837778976,0.0478971672433333,0.0760988195227387,-0.7888556685937618,0.2439627071333333,-0.0738345671639439,-0.7945565641687767,0.020733161532,0.1228686560021582,-0.812786672732067,0.2104872357999999,-0.0537173521252078,-0.8200461913657291,-0.0703603556299999,nijmegen_nijmegen_rennen_g_ch1_g11_compr.mp4,ch1g11,4.671316519425041e-06,4.847133033913142e-06,1.0252271189777995e-05,2.9672288083493376e-06,8.45094456225108e-06,6.069062797668725e-06,1.036157776625862e-05,6.7735639890436836e-06,3.060668276926849e-06,5.568295621752134e-07,2.64595875287951e-06,7.296564819686347e-06,1.052008787333659e-05,1.0226384687249024e-05,6.9625237272152176e-06,8.268062575191686e-06,6.87299573088601e-06,2.5028550344142753e-06,6.331010463627384e-06,1.050086459438872e-05,9.861018181618663e-06,1.1818961632855428e-05,1.0486813549837395e-05,8.92249578580431e-06,8.332768876588829e-06,5.337037921218849e-07,9.50904715104427e-06,3.3159502571632635e-06,2.490089741793696e-06,2.2741183595534663e-06,5.101249998766501e-07,4.9300193705041786e-06,6.570727072325941e-06,9.57973946459747e-06,1.0465024158653762e-05,3.125834234553165e-05,3.156423707272486e-05,3.2190950826989356e-05,3.25177067099238e-05,2.8522586988879994e-05,3.0234854970509987e-05,2.804571399194787e-05,4.278813760359466e-05,2.274155274822134e-05,3.383195865022908e-05,3.206246354468645e-05,3.2881028730113245e-06,4.4106872628426435e-05,-3.4900459188021247e-05,4.05943175591914e-05,-1.2379356791174998e-06,1.657346516666575e-05,1.9626981966251574e-06,-2.6074986951812753e-06,1.9128759967220133e-05,-5.787572889021377e-06,5.626470099768022e-06,8.544121948563372e-06,-9.133684833740967e-06,9.522339014827348e-06,4.3048244443460704e-05,9.369576929994277e-06,6.073434658588295e-05,7.517409704302987e-05,5.8331574888351355e-05,8.087471014123554e-05,5.6632119992902275e-05,7.271643668185279e-05,2.607797561752029e-07,5.766178384190901e-07,5.031445066368977e-07,-3.455993110604285e-07,-1.526631797363587e-06,8.043798560096821e-07,5.154180805252735e-07,3.9015341856224434e-08,9.312631370554392e-07,-9.678906858126907e-08,3.6569035853333124e-07,2.126444546242355e-07,5.160495284932803e-07,4.982906215346448e-07,1.8198237221072875e-06,1.2600151078730952e-06,-7.849680440273881e-07,2.1162157076506198e-07,1.287458750566082e-07,5.360492455507391e-07,1.0852601320759763e-06,6.159634483778805e-07,4.95274481548755e-07,4.966991652951435e-07,-1.3897648060359432e-06,2.0211195734592845e-08,5.354703872236789e-07,8.494577230197699e-07,-3.153875461838499e-07,-3.130026703089829e-07,4.10964815822253e-09,3.916164672844385e-07,7.653606594147788e-07,2.311670210039951e-07,-1.7925860946089092e-08,1.510648760361433e-07,1.2099978248560909e-07,1.1296750250477923e-07,-5.4988727986987585e-08,1.527894563007564e-07,4.570049695941072e-09,1.8611219396359961e-07,1.2878854381156094e-07,1.6060528511755036e-07,1.796875701179617e-07,1.2491337023763604e-07,1.540893440865748e-07,2.2308760296099697e-07,1.6386070764079986e-07,7.48781665910448e-08,2.085137663088183e-07,1.8036916937487034e-07,1.268192801365953e-07,-1.7007633097675604e-07,9.34023021077778e-08,1.326158607633698e-07,1.4305380353651533e-07,9.991383451439145e-08,2.062738678773472e-08,9.74600463626756e-08,2.322111355152392e-07,1.0411646130828513e-07,1.1534490865878095e-07,1.786288386477504e-08,1.822113695203106e-07,-9.037849946147205e-08,3.444595388494612e-07,movement,no movement,no movement,no movement
7850.000000000054,0.0109230473471716,0.3032072386714761,-0.2815479424333333,0.0194320456105461,0.3224087398778881,-0.2765484439333333,0.022338906063149,0.3227971804412973,-0.2657888251333333,0.0208085215508463,0.3226124452718192,-0.2694355884333334,0.0033935213880044,0.3311959454438787,-0.2992851241,0.0050881897491417,0.328787181706732,-0.3122501438999999,0.0086450873229962,0.3192609229237373,-0.2921579006000001,0.0464091520245303,0.3351046033488493,-0.1671964781666666,-0.0618296869928221,0.2983548634053616,-0.2085309326,0.0308580760625312,0.3024071124641275,-0.2243844230666666,0.0026380744568289,0.2745161773622124,-0.2656732142333333,0.1138185115344115,0.221872792536767,-0.0212325089233333,-0.1278209077373662,0.2719651784361421,-0.0317655393833333,0.1531883358462252,0.0556449149624429,-0.0737215975366666,-0.1743632724640145,0.0330150502962292,-0.04852523815,0.12562582060621,0.0833181754898814,-0.1802900274999999,-0.1401820885943152,-0.0864991964995485,-0.1099448562333333,0.105318924099178,0.0996003471553816,-0.1967321112666666,-0.1033576595350896,-0.1099002069663128,-0.1523330678,0.0956964982183967,0.1271393055470625,-0.2015203579999999,-0.0737322614688277,-0.0707661429431185,-0.1644395019,0.1245813331189269,0.0843461147320453,-0.1844366501,-0.1237622860662409,-0.0764551700765015,-0.117510334,0.0738076171750074,-0.1634766714912469,0.05465614373,-0.0711369324473543,-0.1664687667849442,-0.0541849926733333,0.0946412954906703,-0.4942638388345844,0.03923325018,-0.0358773738549084,-0.4269877687191052,-0.0913114952999999,0.0916517282176736,-0.762684287478955,0.2214738001333333,-0.0726381598098708,-0.7662204041224279,0.0475347044433333,0.0759607706499343,-0.7887973242690361,0.2439375107333334,-0.0739438177112964,-0.794511630609767,0.0203255265446666,0.1227694468691647,-0.8127246279839279,0.2104899512666666,-0.0538446716950156,-0.8199886799683653,-0.0708739859899999,nijmegen_nijmegen_rennen_g_ch1_g11_compr.mp4,ch1g11,4.930096949713157e-06,5.361323898541095e-06,1.0838937153488011e-05,2.4254536573502967e-06,7.059355666520199e-06,6.878042550803085e-06,1.096864472520537e-05,6.765166836522851e-06,3.916080635258881e-06,4.858999541365068e-07,3.0154230864591e-06,7.598509003922123e-06,1.1108702347802836e-05,1.0811649696140849e-05,8.622349915777807e-06,9.721774641694429e-06,6.109325830098573e-06,2.876611968244801e-06,6.543188279577361e-06,1.1115417191645104e-05,1.0932924456988474e-05,1.250698331757497e-05,1.1055615046968034e-05,9.512506321248986e-06,7.099703991803012e-06,5.266587459621678e-07,1.0121971346998898e-05,4.067997793403798e-06,2.20579532748769e-06,2.048495681158808e-06,4.896428428044502e-07,5.403695404579126e-06,7.250473202234021e-06,1.1203577263815052e-05,9.655004382869134e-06,2.946324511073277e-05,2.8360581687001256e-05,2.8529784571958342e-05,2.890179933757977e-05,2.224687893449488e-05,2.468084839509689e-05,2.2902611570373965e-05,3.711173096504836e-05,8.796649825473613e-06,3.0418959517966935e-05,2.7200563749239497e-05,2.505329725488483e-06,3.254584701812081e-05,-3.2746833704268146e-05,3.2494282406240785e-05,-8.268315199953343e-06,8.141973682880878e-06,-9.143042818111604e-06,-1.2125206264677516e-05,1.1300696879382929e-05,-1.450066765237606e-05,-1.8053038196363944e-06,-3.931259213336974e-07,-8.775134802901533e-06,9.391658303539332e-06,4.5916220774255254e-05,6.466005765311875e-06,5.429256146786513e-05,6.270392804945539e-05,5.0062953208198255e-05,6.748872486009813e-05,4.3961386727029863e-05,7.064511449837797e-05,4.826947265105851e-07,5.207223588761628e-07,6.372042685498062e-07,-2.0509730466520697e-07,-1.4168456998407969e-06,6.927494516377744e-07,6.541631238225732e-07,1.952473079181534e-08,1.0703771161333496e-06,7.910042011511015e-08,5.192496608387965e-07,3.847863358766742e-07,6.175030494280467e-07,6.361450966092898e-07,1.960130460216073e-06,1.3461993119949538e-06,-7.634267736128678e-07,4.414346346206488e-07,3.120403414474122e-07,6.402269921813493e-07,8.274685357213384e-07,6.874635706078443e-07,6.059955438778749e-07,6.255748139407227e-07,-1.2988921292144248e-06,4.275331477721151e-08,6.169598813078088e-07,1.053672114281308e-06,-1.7885845790723813e-07,-1.9044037614761555e-07,2.3250183389463415e-08,5.709623417811178e-07,6.039857873790028e-07,2.520086248457477e-07,-4.0185320193162285e-08,1.515592791035421e-07,1.583539232334574e-07,1.7252796220034133e-07,-9.577498609263597e-08,1.5445577126871038e-07,-3.473618298962391e-09,1.2403702715247144e-07,1.6019317196809134e-07,1.5974230538665386e-07,1.5195916759507197e-07,1.2038306671292505e-07,1.5529761100876175e-07,7.849061895465894e-08,6.972351107509549e-08,8.155929729037605e-08,2.1314980990712337e-07,1.629891941722088e-07,1.22654260592836e-07,-2.2615718586738785e-07,8.498339409726397e-08,1.298025101880461e-07,1.3896559363137474e-07,1.414406447102855e-07,2.4156273360896257e-08,9.087691562627359e-08,1.9633929841281825e-07,1.526643216462172e-07,1.4366777861611038e-07,2.1599115632125062e-08,1.807602574921723e-07,-1.3401383412852177e-07,2.672091359358393e-07,movement,no movement,no movement,no movement
7866.666666666721,0.0111415716428806,0.3032489294200163,-0.2814837929333333,0.0196236741376862,0.3224488553000829,-0.2764905559,0.022528710357852,0.3228373995927749,-0.2657352087666666,0.0209987245625751,0.3226532685165699,-0.2693827538666666,0.0035895495509756,0.3312306238056809,-0.2992387477333333,0.0052852301022341,0.3288235654431205,-0.3122061308333332,0.0088423275361254,0.319295239144409,-0.2921128255666667,0.0464939564603601,0.3351501953512993,-0.1671823066666666,-0.0617277664713768,0.2983710429088981,-0.2085767710666667,0.031024842845738,0.302447799087802,-0.2243225370666666,0.0028168048894628,0.2745517709499023,-0.2656338175666666,0.1138999777680477,0.2218757629335927,-0.0213228517466666,-0.1278024920061349,0.27200131113441,-0.0318641484366666,0.1533564305023376,0.0556096456530383,-0.0740276763266666,-0.1743431653876101,0.0330404512391147,-0.04882012232,0.1257149239221056,0.0833007507102284,-0.1806930770999999,-0.1400734600636393,-0.0864941108759546,-0.1104766819333333,0.10537993426095,0.0995789478540372,-0.1971466163666666,-0.1032184857684754,-0.1099123420054578,-0.1529380892333333,0.0957325872818757,0.1271393014321361,-0.2019437576333333,-0.0735303703320894,-0.070779774285454,-0.1650480330333333,0.1246472079244658,0.0843362957446416,-0.1848359798666666,-0.1236264014237296,-0.0764579849070198,-0.11753282,0.073806595770213,-0.1634853139085469,0.05465874423,-0.071136192114119,-0.1664594264390281,-0.0541889324166666,0.0945488090149401,-0.4942098294880465,0.0392583906466666,-0.0358706097280254,-0.4269810623282283,-0.0912045374966666,0.0915849992749515,-0.7626443613709866,0.2214643547999999,-0.0727228269010603,-0.7661813718095899,0.0473094782333333,0.0758947063285653,-0.7887627858147278,0.2439212784,-0.0740446365288891,-0.7944713291873805,0.020065854565,0.1227271575507425,-0.8126722425419589,0.2104703636999999,-0.0539687208788242,-0.819921955361505,-0.0712606927299999,nijmegen_nijmegen_rennen_g_ch1_g11_compr.mp4,ch1g11,5.498569270947376e-06,6.121942108401795e-06,1.1593419320756932e-05,2.067737276472479e-06,5.896827751969765e-06,7.813255328328128e-06,1.1754787320429266e-05,6.742096115463477e-06,4.8070963090035365e-06,7.459574989002938e-07,3.932814467566503e-06,8.373901126137455e-06,1.1801543828462676e-05,1.157249638658315e-05,1.040311965937282e-05,1.1478784932121614e-05,5.146794956093745e-06,3.784409349314517e-06,7.217636620308462e-06,1.1844249946648348e-05,1.2050992647472434e-05,1.3275826225868812e-05,1.1736653487506711e-05,1.02536982759923e-05,6.064396658148928e-06,5.640818014827396e-07,1.0808864589369593e-05,5.481297022310222e-06,1.9960474413496193e-06,2.299612187905554e-06,5.054812932532579e-07,6.001428340096775e-06,8.006516106782288e-06,1.3417273505342022e-05,9.42715148972295e-06,2.898578449425016e-05,2.607246479289738e-05,2.5610456456863013e-05,2.5984691292380663e-05,1.6097004232858535e-05,1.947558027979441e-05,1.8373548294799444e-05,3.032461213690517e-05,-8.45720243979728e-06,2.765868807013775e-05,2.261633529963914e-05,-3.9103466195264665e-08,1.756930634333324e-05,-3.056848185487772e-05,2.4344805528911833e-05,-1.0807469054197455e-05,6.22068834127402e-06,-1.5829746571249785e-05,-1.2663371775185612e-05,1.0036632749483458e-05,-1.2183826607130616e-05,-5.401747512849427e-06,-3.160382297919293e-06,-8.048823972176249e-06,8.852634992736474e-06,4.941363893260507e-05,3.640957267909032e-06,4.930374846992555e-05,4.999560354919359e-05,4.23371289384214e-05,5.4129677720090005e-05,4.337433872823252e-05,6.98075745738258e-05,7.092360779994391e-07,4.440929513842769e-07,7.584905290479302e-07,-3.8607301205999216e-08,-1.2035986082930895e-06,5.504472849573932e-07,7.812605160788751e-07,-1.1966144032870324e-08,1.129456398205608e-06,2.751169822147067e-07,6.572810084359979e-07,5.429851867319013e-07,7.020690008815759e-07,7.617127032854375e-07,1.9058611551874796e-06,1.3776208665478565e-06,-6.867650407781946e-07,6.610479282757111e-07,4.897445163506608e-07,7.279417261008021e-07,5.43714914426623e-07,7.400883524712961e-07,7.008478434484862e-07,7.379816171158339e-07,-1.1194720905315956e-06,6.785504634159019e-08,6.819554072621155e-07,1.1872820260681155e-06,9.13029108108899e-09,-1.98613140781331e-08,4.541343573782723e-08,7.33604137081497e-07,4.185602235475243e-07,2.465727686206741e-07,-6.458896273884412e-08,1.3676443931497889e-07,1.7691114280938797e-07,2.163705534977685e-07,-1.2709745441702404e-07,1.3990704203817522e-07,-8.513029292020218e-09,6.216586182284857e-08,1.6089609823745144e-07,1.309792518407195e-07,8.89715798714103e-08,1.0546447251848447e-07,1.4046155068429556e-07,-6.296853851279129e-08,-3.153238274932102e-08,1.1338313259209061e-07,1.8460641098359772e-07,1.0921065628840806e-07,1.075847622749655e-07,-2.50775130686578e-07,6.943396807898431e-08,1.153217858660865e-07,1.1932251428710997e-07,1.6724162198707953e-07,2.4006727731550457e-08,7.541739917712299e-08,1.2875621710655877e-07,1.8986792426375466e-07,1.547422144280894e-07,2.2269989895256932e-08,1.5945612057062313e-07,-1.577526918800482e-07,2.366695731263984e-07,movement,no movement,no movement,no movement
7883.333333333388,0.0113704949869919,0.3032852654066896,-0.2814709163333334,0.0198293951799311,0.3224794891864468,-0.2764681674,0.022731766521359,0.3228675380033498,-0.2657167442333333,0.0212018720304969,0.3226836209309288,-0.2693641363666667,0.0037960775520834,0.3312519210347597,-0.2992292447666667,0.0054926483361615,0.3288482371603101,-0.3122009621333332,0.0090506621207791,0.3193190088089985,-0.2921036057000001,0.0465949509991138,0.3351751848015558,-0.1671724555,-0.0616162387514321,0.2983612552115045,-0.2086272363333333,0.0312019804611045,0.3024793531711055,-0.2243036836333333,0.0030034246363578,0.2745784295413001,-0.2656406899666667,0.1139919045861855,0.2218621842567904,-0.0214093460933333,-0.1277735498791985,0.2720144074810937,-0.03193944239,0.1535402980851752,0.0555629968601894,-0.0743133839866666,-0.1742951161665918,0.0330588435235512,-0.0491214488833333,0.1258178384219474,0.0832768831159167,-0.1810476795333332,-0.1399557911503714,-0.0865022279961253,-0.1111011893333333,0.1054457741034239,0.0995494357683842,-0.197515357,-0.1030773811624545,-0.109943459856864,-0.1536694387333333,0.095767285168865,0.1271308174483358,-0.2023230756333333,-0.0733264023837673,-0.0708210596999461,-0.1657946537333333,0.1247197938709977,0.0843171186968127,-0.1851877674666666,-0.1234832574989029,-0.0764781625723611,-0.115875378,0.0738074524012073,-0.1634938136232411,0.0546528048733333,-0.0711377106406732,-0.1664501182261848,-0.0541839104766666,0.0944304641766992,-0.4941630449026301,0.0393743431633333,-0.0358676838911567,-0.4269808450380267,-0.0910368296466666,0.0915094390099862,-0.7626077060494629,0.2216018359,-0.0728118553308207,-0.7661547428511849,0.0472605074299999,0.075818249979024,-0.7887335329970481,0.2440596227666667,-0.0741523088804946,-0.794444328228592,0.019999448655,0.1226433307854972,-0.8126480564136886,0.2105691871999999,-0.054166656441864,-0.8198765592461167,-0.0714243561566666,nijmegen_nijmegen_rennen_g_ch1_g11_compr.mp4,ch1g11,6.428123413499206e-06,6.581175367232007e-06,1.2395789007344378e-05,2.132474195496401e-06,4.742407739112938e-06,8.335181533653538e-06,1.2582548754875376e-05,6.931129253265004e-06,6.155358841705964e-06,1.14173655015214e-06,4.81934951912283e-06,9.305836936276064e-06,1.253549085616726e-05,1.2380019291072722e-05,1.2462022019263436e-05,1.3427803837464025e-05,4.50859901631352e-06,4.703036209053415e-06,8.056304083216708e-06,1.2606836920367845e-05,1.2433440494524374e-05,1.400322288141338e-05,1.2481251827494092e-05,1.1046667295272243e-05,4.976688816169621e-06,6.663387500897929e-07,1.1518475392083074e-05,6.916034453997823e-06,2.1451127585918693e-06,2.433510328033964e-06,5.798133632629944e-07,6.948308626909136e-06,8.354228583617365e-06,1.584275357336e-05,9.4695019433042e-06,2.868112726275092e-05,2.377024765512123e-05,2.2660270000371483e-05,2.2993950641048277e-05,1.0445922033107683e-05,1.4643519726445129e-05,1.433171973225762e-05,2.2513418051853117e-05,-2.441019621478109e-05,2.512223056548879e-05,1.8467216759824257e-05,-3.854712207622777e-06,4.597787680636489e-06,-2.73855912744631e-05,1.7228425340870223e-05,-1.6028668832781256e-05,1.48816489998557e-06,-2.569021304924062e-05,-1.5242004014908666e-05,1.8135177511192752e-06,-1.3270250796317218e-05,-1.2319197846153784e-05,-8.598808282414815e-06,-7.534749673528995e-06,8.479249298553155e-06,5.03648009391618e-05,6.424303555985757e-07,4.250034685691389e-05,3.8146765837115435e-05,3.2958355010771626e-05,4.158470438490936e-05,3.455342130206797e-05,6.178410395186651e-05,9.505194880206668e-07,3.7847498708896753e-07,8.654683820865306e-07,1.2509254717759673e-07,-9.771821130524758e-07,4.199727191231512e-07,8.931310356026256e-07,-7.379984007189834e-08,1.148526618248552e-06,4.775437636021425e-07,7.918704478284057e-07,6.437757241805235e-07,7.734091932861698e-07,8.72492507148987e-07,1.7467809494153909e-06,1.313469567042304e-06,-5.812598920363484e-07,8.581181660043465e-07,6.171244182078351e-07,8.017851542975802e-07,2.963706418034885e-07,7.787556124874146e-07,7.827428811079627e-07,8.328912671192649e-07,-9.429693604758966e-07,9.643660783676498e-08,7.32999845106172e-07,1.2886721705698697e-06,2.146137735456562e-07,1.730028949981404e-07,7.177905370591477e-08,8.722881845495844e-07,2.615895693029138e-07,2.136433088484913e-07,-7.511465360304567e-08,1.0881074494907125e-07,1.6560015468260326e-07,2.5869348307542546e-07,-1.3251205817085958e-07,1.1181804293680402e-07,-1.1875058630208053e-08,-7.048024882849153e-09,1.3959020414284802e-07,9.570732610039515e-08,1.5613422543023787e-08,8.094987438852672e-08,1.1204360198292968e-07,-1.9279188588647612e-07,-1.1893201083700465e-07,1.6109611636782898e-07,1.4218902675455314e-07,4.1261969387253904e-08,8.28154199744022e-08,-2.2178723299674326e-07,4.8835713364729025e-08,8.941967095279828e-08,8.762900593348805e-08,1.9390471073744914e-07,1.9296956728243713e-08,5.276433445964405e-08,5.618154851683298e-08,2.007416701808548e-07,1.6474138828495216e-07,1.885245348176454e-08,1.1443593243638344e-07,-1.4897639182468894e-07,2.709071798129776e-07,movement,no movement,no movement,no movement
7900.000000000055,0.0116176644610908,0.3033270055343453,-0.2815311627,0.0200540002154489,0.322515662205469,-0.2765147156333333,0.022952934254002,0.3229035562845732,-0.2657686986333333,0.0214233146015523,0.3227197903873637,-0.2694143037,0.0040192761049666,0.3312790405255191,-0.2992966787,0.0057165697015315,0.3288786323809491,-0.3122732009999999,0.0092762002558778,0.3193485793321283,-0.2921716026666667,0.0467082755389061,0.3352002894697483,-0.1672142637,-0.0614917675501728,0.2983475831617774,-0.2087542568,0.0313985540802014,0.3025151887385549,-0.2243535618,0.0032083478446579,0.2746083440888379,-0.2657257308666666,0.1140999228097734,0.221851801469251,-0.0215184432066666,-0.1277407093705156,0.2720211301383571,-0.0320674690699999,0.1537519522463196,0.0555293958634175,-0.0745958928666666,-0.1742512052634247,0.0330775456702224,-0.0494835967733333,0.1259303377450317,0.0832526204334472,-0.1814019148999999,-0.139837530074355,-0.0865038337646401,-0.1118859443333333,0.1055149551279607,0.0995170718454931,-0.1978892921999999,-0.1029360240822312,-0.1099658764287447,-0.1546054874666666,0.0958009754512524,0.1271177326179222,-0.2027131949666666,-0.0731222478635826,-0.0708494715813471,-0.1667551781333333,0.1247978613412198,0.08429743134289,-0.1855423788666666,-0.1233397987684065,-0.0764921494829917,-0.11684633,0.0738092875975755,-0.16350209321092,0.0546487436866666,-0.0711404213552711,-0.1664408631719753,-0.05418042994,0.0943184662946663,-0.4941138627788849,0.0394091615866666,-0.0358513849415282,-0.4269801108688957,-0.0910195287799999,0.0914299841191804,-0.7625848532677785,0.2217203115333333,-0.0729116949257559,-0.7661181044312375,0.0470811155799999,0.0757382154221418,-0.7887193057636753,0.2441873848333333,-0.0742718391074852,-0.794403919790505,0.0198070874516666,0.1225645055060307,-0.8126374209586283,0.2106542127333333,-0.054342927078163,-0.819808791104996,-0.0717416562699999,nijmegen_nijmegen_rennen_g_ch1_g11_compr.mp4,ch1g11,7.5628828629112515e-06,7.048314731604283e-06,1.3308666185790996e-05,2.509291127670785e-06,3.7521919680062858e-06,8.775996030200268e-06,1.3523421180965929e-05,6.886589387375605e-06,7.414844483075318e-06,1.7832649286460257e-06,5.713119338637649e-06,1.005875959237245e-05,1.3334542685201323e-05,1.3301971213665052e-05,1.4192221826100056e-05,1.4778549939493397e-05,3.824418323712865e-06,5.704982003806794e-06,8.786554566325565e-06,1.3433649616103336e-05,1.2615118064824864e-05,1.4782403840168912e-05,1.3295315591387793e-05,1.1911678041331975e-05,3.995928402648452e-06,8.005345536468381e-07,1.2259417369102067e-05,8.341412664880581e-06,2.4725661554390117e-06,2.6235335931000542e-06,6.836853984796383e-07,7.919765893791613e-06,8.583314155037387e-06,1.808241156832291e-05,9.652511846463036e-06,2.58769745223601e-05,1.8929203516033058e-05,1.720721751766864e-05,1.7482677517887682e-05,2.9338220499471116e-06,7.920557584690058e-06,8.445254795233902e-06,1.2244804683522348e-05,-4.03411690142919e-05,2.0374439752870903e-05,1.2765662147590964e-05,-9.022462818708131e-06,-1.0625281366288567e-05,-2.441399128309093e-05,9.022786577497691e-06,-2.2265111516264428e-05,-3.061884146859814e-06,-3.7234278199301266e-05,-1.585557159119396e-05,-8.861568683265523e-06,-1.173549212410008e-05,-2.0546691669983664e-05,-1.343105320867829e-05,-6.874409268860966e-06,7.95283621882716e-06,5.0780014024478497e-05,-2.659426747410158e-06,3.4632514664155386e-05,2.8185398939344103e-05,2.282112356607099e-05,3.1490772434577054e-05,2.784444332321552e-05,5.5016220312440915e-05,1.1572737521221188e-06,3.1829755600105e-07,9.344850426811884e-07,2.891885929181432e-07,-7.265286616513381e-07,3.0650296328530833e-07,9.646327990159328e-07,-1.0901755188391823e-07,1.1251000976616395e-06,6.226717774127751e-07,8.79095886828836e-07,6.777676638609265e-07,8.149526641315977e-07,9.445284580145104e-07,1.498037419537186e-06,1.198865816283585e-06,-4.140595024711721e-07,9.889119565945715e-07,6.766981290993127e-07,8.448496818819488e-07,1.1052269658505769e-07,7.880006137701626e-07,8.330524961759887e-07,8.83995604942717e-07,-7.579506085240637e-07,1.1899641557596497e-07,7.513757643443144e-07,1.3234605077005324e-06,4.341847919310976e-07,3.592774882517544e-07,9.379847571021844e-08,9.617105296542383e-07,1.428421227253875e-07,1.630621881281237e-07,-7.414755665296482e-08,6.952133992394296e-08,1.3072417700802837e-07,2.9530394503355274e-07,-1.1547173726183209e-07,7.1848427784072e-08,4.519934984922223e-10,-6.046442164568052e-08,9.66052809823297e-08,5.4680705274311634e-08,-4.2153228112824034e-08,4.8835442693557375e-08,7.19171071939434e-08,-2.816864845509658e-07,-1.5202379936635885e-07,2.2418588452481973e-07,8.615184971156086e-08,-1.8440656447258555e-08,5.0172098009184576e-08,-1.5418030016780106e-07,2.2294913900299535e-08,5.4953422590731674e-08,4.73957206586603e-08,2.2012296922902687e-07,1.1423690791445473e-08,2.4938358314328176e-08,-1.4389937419850364e-08,1.8838108809141217e-07,1.6246155210349316e-07,1.2448537217481181e-08,6.123650252447735e-08,-1.1363403286788812e-07,3.195950820799026e-07,movement,no movement,no movement,no movement
7916.6666666667215,0.0118727965274503,0.3033464064452111,-0.2818171070333333,0.0202917039285215,0.3225244902136774,-0.2767570552,0.0231864564148803,0.3229100435625294,-0.2660182623,0.021656657282602,0.3227262282862044,-0.2696580549,0.0042504442529419,0.3312672182318188,-0.2995664612666666,0.0059478829379414,0.3288735492042174,-0.3125539060666666,0.0095101790283092,0.3193451258319094,-0.2924425236666667,0.0468460269494885,0.3351972886390383,-0.1673800411,-0.0613606372631188,0.2982813820066817,-0.2090228005666666,0.0316079042968774,0.3025259558712565,-0.2246113603333333,0.003421376227967,0.2746108808718536,-0.2660284717999999,0.1142419317606017,0.2218358869780144,-0.02169869214,-0.1277084273042791,0.2719897159901644,-0.03230894568,0.1540163486328741,0.055498474705488,-0.0749384824833333,-0.1742087420686541,0.033086360118506,-0.04989739929,0.126086927012002,0.0832268713236104,-0.1818976566666666,-0.139722167756783,-0.0865010421875979,-0.1128007015333333,0.1056159794957875,0.0994763425536233,-0.1984644645999999,-0.1028012203121035,-0.1099784904839736,-0.1557178174333333,0.0958462781384821,0.1271122190309474,-0.2033247073333333,-0.0729211194878087,-0.0708599469409195,-0.1679281255333333,0.1249027795616125,0.0842739464367233,-0.1860532090333333,-0.1231977050335264,-0.0765030485142703,-0.120348059,0.0738204675706137,-0.1635086546185828,0.0546472761733333,-0.0711536727076381,-0.166433038380496,-0.0541788224766666,0.094214726683061,-0.494064574467948,0.0397966717466666,-0.035877540012318,-0.4269727486858062,-0.0908430036633333,0.0913633300736402,-0.7625624877320307,0.2223783582333333,-0.0730937777048832,-0.7660509123245636,0.04721819124,0.0756704107603598,-0.7887140790063946,0.2448678667333333,-0.0744815187612936,-0.7943283506881141,0.019957109145,0.1225010599154679,-0.8126302505752909,0.2111543111333333,-0.0546344774076282,-0.8197311643737583,-0.0717610491366666,nijmegen_nijmegen_rennen_g_ch1_g11_compr.mp4,ch1g11,8.758722823869752e-06,7.263351803057792e-06,1.4240146795452465e-05,2.9560124104670346e-06,3.1453754782890625e-06,8.894165154503553e-06,1.4482108701164883e-05,6.73441659507713e-06,8.495575698264743e-06,2.6003976381942698e-06,6.546370862060939e-06,1.0456928660132235e-05,1.41425060281847e-05,1.4243445199827994e-05,1.551632174448099e-05,1.5506586186097245e-05,3.48562823075623e-06,6.663305708507e-06,9.24802640448756e-06,1.4266772139919332e-05,1.2406192414289655e-05,1.5552407697338674e-05,1.412801224836119e-05,1.2781129173606714e-05,3.3145718914282054e-06,9.441485983437692e-07,1.2993489718696971e-05,9.607501860589022e-06,3.091694050594327e-06,2.9066196733857493e-06,8.022281877225708e-07,8.939504821025555e-06,8.560214693482011e-06,1.9863399036048517e-05,9.82407141675716e-06,1.981834658809196e-05,1.0682461231976818e-05,8.398037066890606e-06,8.560766948533552e-06,-7.391737683857305e-06,-1.7554700606840145e-06,-4.359048918546056e-07,-1.4197215547220655e-06,-5.825877744990195e-05,1.2336321998485416e-05,4.297058688012223e-06,-1.6495335289857128e-05,-2.8757403009755334e-05,-2.1432510913341992e-05,-1.2242456933404506e-06,-2.733765922792424e-05,-8.64508128394116e-06,-4.7212419401952174e-05,-1.6908976813430586e-05,-1.808589639291717e-05,-9.600622228009942e-06,-2.722258568175449e-05,-1.8446918137751505e-05,-6.390985310290388e-06,7.558223716472856e-06,5.093614500098092e-05,-5.172636357895692e-06,2.5690779830222004e-05,1.975790890976732e-05,1.1697704120515926e-05,2.2567005755228385e-05,2.0097576529904167e-05,4.684349121840152e-05,1.3029567659347676e-06,2.656738570658041e-07,9.75200706697255e-07,4.255065076176617e-07,-4.356964781659902e-07,2.163385175199637e-07,1.0054270094934117e-06,-1.0224337340147801e-07,1.044911980949013e-06,7.011944789595006e-07,9.124706961702202e-07,5.423009687532562e-07,8.400006110611722e-07,9.863122298138555e-07,1.1689413319027404e-06,9.460081450121558e-07,-1.8266726875381578e-07,1.0211832501771437e-06,5.723772823266574e-07,8.69778532253275e-07,1.1653998300714155e-08,7.855502686984464e-07,8.634304032230828e-07,8.987692348676122e-07,-5.479380729681282e-07,1.2775273972665514e-07,7.487285939975231e-07,1.2765539321528765e-06,6.155268276452461e-07,5.205043043630463e-07,1.050000893155545e-07,9.852540864438849e-07,7.811110421532743e-08,1.0442959787373175e-07,-5.4621074652754215e-08,2.6108695905324836e-08,8.47506355802737e-08,3.13754811446595e-07,-7.209668168156304e-08,2.733839867587081e-08,2.2382631021509383e-08,-9.33205534290136e-08,4.1027205088763617e-08,1.992427174561982e-08,-7.299820811965624e-08,1.4951239972540323e-08,2.7455614459773825e-08,-3.272199270827733e-07,-1.3893054254812364e-07,2.661548419322581e-07,3.5588806887564784e-08,-5.80301479906721e-08,1.555825837889015e-08,-5.4715761141960834e-08,-5.2775097820676485e-09,1.7891169023539703e-08,6.106956660411522e-09,2.366595283406719e-07,2.522181143031855e-09,-2.3914001608407382e-09,-6.654696362296235e-08,1.528333089411369e-07,1.557002310549616e-07,4.726650004142205e-09,7.801255498495549e-09,-5.5516216092181975e-08,3.488087026938598e-07,movement,no movement,no movement,no movement
7933.3333333333885,0.0121314549751729,0.3033642205410783,-0.2821781790333333,0.0205362965115009,0.3225308358995054,-0.2770737833333333,0.0234257931599256,0.3229135744454561,-0.2663406906666666,0.0218956269983158,0.3227296258344724,-0.2699744164666666,0.0044847319262618,0.331251860139374,-0.2999080336333333,0.0061819919314958,0.3288655804423289,-0.3129059847333333,0.0097475618044718,0.3193392019122176,-0.2927849434,0.046998247774807,0.3351881494982152,-0.1675925172666666,-0.0612271833020438,0.2982094112830556,-0.2093319420666666,0.0318236948868733,0.3025343411796767,-0.2249402165333333,0.0036378520274799,0.2746113829204779,-0.2663977623333332,0.1143894711723643,0.2218213978254407,-0.0218697482799999,-0.1276732555379594,0.2719497816523433,-0.0325709370999999,0.1542845491445079,0.0554909833026661,-0.0752003661666666,-0.1741720225377101,0.0330749514163234,-0.0503396451433333,0.1262571348622747,0.0832141494352191,-0.1823088423,-0.1396069712790256,-0.0865036080871692,-0.1138237494666666,0.105724914188026,0.0994438107196461,-0.1989527180333333,-0.1026658873458846,-0.1099784478848206,-0.1569616839333333,0.0958964139861501,0.1271150733537113,-0.2038475180666666,-0.0727200055170385,-0.0708417914994888,-0.1692191303666666,0.1250163698648858,0.0842585727130819,-0.1864815394333333,-0.12305547467757,-0.076513501034621,-0.127749205,0.0738327906784603,-0.16351447452288,0.0546460259633333,-0.0711686734643026,-0.166426053851091,-0.0541770147166666,0.0941090526970786,-0.4940179297900254,0.04030664623,-0.0359485700776026,-0.4269705245543377,-0.0905872058599999,0.0912969803393268,-0.7625411834882452,0.2232028707666666,-0.0732796917068459,-0.7660070141804297,0.0476913434633333,0.0756028499286733,-0.7887120938168206,0.2457204898,-0.0746887833814324,-0.7942797413952489,0.0204673530283333,0.122433076030695,-0.8126446934418481,0.2118684124999999,-0.0549472747585481,-0.8196861863790681,-0.0713876893666666,nijmegen_nijmegen_rennen_g_ch1_g11_compr.mp4,ch1g11,1.0136612083069238e-05,7.38485037049135e-06,1.5222615909379968e-05,3.504672217334461e-06,2.886157229551801e-06,8.899541478331103e-06,1.549549955737125e-05,6.682590532903152e-06,9.505655212392502e-06,3.323726751847482e-06,7.378605384985008e-06,1.0862658122217829e-05,1.4972535520809424e-05,1.523709349849758e-05,1.6525543409473918e-05,1.6033640522983042e-05,3.56748840455103e-06,7.592852796810809e-06,9.72081444208331e-06,1.5123206952796496e-05,1.2099432516763245e-05,1.632050103648495e-05,1.4988288401882656e-05,1.3679394179494405e-05,2.9034764824642573e-06,1.0825117454190142e-06,1.3719476576859692e-05,1.0759658779481266e-05,3.886251426178042e-06,3.4316615884780003e-06,9.203942553236676e-07,9.94217971610106e-06,8.462448125239281e-06,2.134672303597855e-05,1.0145166785304148e-05,1.3843099552271364e-05,2.5597841241384806e-06,-2.82126921261751e-07,-2.2945357021359197e-07,-1.674720181780746e-05,-1.0618234274850222e-05,-8.6431303560297e-06,-1.50519785497515e-05,-7.266158060735688e-05,4.230018578879495e-06,-3.543252743262808e-06,-2.4226895112930593e-05,-4.469009307927324e-05,-1.6043091191735778e-05,-9.809526920377563e-06,-2.5632861235459093e-05,-1.1533162694270932e-05,-4.821467578762726e-05,-1.4440490908753234e-05,-1.7586181196903958e-05,-2.944953282991954e-06,-2.7070742112480256e-05,-2.0340619730853585e-05,-5.919942501357398e-06,7.14165297286518e-06,5.111946550222346e-05,-5.8820257869294365e-06,1.726307248467677e-05,1.437864896345554e-05,1.1233854101753006e-06,1.6757357669409564e-05,1.2084712521023594e-05,3.887826442597375e-05,1.391702315652063e-06,2.092046292856492e-07,1.0010199609691713e-06,5.118602400093308e-07,-1.2426881727233778e-07,1.5008785096268738e-07,1.0297747599564163e-06,-6.314339921331584e-08,9.561673132259068e-07,6.599649704523275e-07,9.066434816741044e-07,3.934727069464435e-07,8.62388369946176e-07,1.0126280707587188e-06,8.530919418640195e-07,7.697873638691295e-07,1.2151955277444745e-07,1.0028514236231372e-06,4.344598289590888e-07,8.909667125578216e-07,-6.10229033376859e-09,7.902579407927174e-07,8.865136683339767e-07,8.971176119028874e-07,-3.2398532837119093e-07,1.272733733315453e-07,7.47083428979058e-07,1.18245968940846e-06,7.485674384836151e-07,6.439646669764679e-07,1.0826216985186981e-07,9.68433294047085e-07,4.4370089493933874e-08,3.840299185524189e-08,-2.4001543545768377e-08,-2.044781023503778e-08,3.234369380055282e-08,3.093128582689021e-07,-1.5248891022220405e-08,-2.0703306563119943e-08,4.48482267427351e-08,-1.1010588619060593e-07,-6.907957562049077e-09,-3.4385997989149632e-09,-8.29234620385756e-08,-2.0484689381255533e-08,-2.0144649856259882e-08,-3.319767621424993e-07,-1.0084559410559077e-07,2.75004831263436e-07,-1.88675234397308e-09,-7.856283318135754e-08,-2.0931808714300466e-08,5.1608098762483375e-08,-3.3985684651562243e-08,-2.0964260810907053e-08,-3.4714204775349443e-08,2.4023182979482823e-07,-5.360829459966589e-09,-2.8733520829388672e-08,-9.484682676854484e-08,1.015489040563887e-07,1.420603728662776e-07,-2.446554232441668e-09,-4.051223509165961e-08,9.368309619682803e-09,3.476013230295927e-07,movement,no movement,no movement,no movement
7950.000000000056,0.0123942347148941,0.3033737596858774,-0.2825371331,0.020783318276316,0.3225305873469107,-0.2773939785,0.0236679772958791,0.3229103184616992,-0.2666669346999999,0.0221377457538901,0.3227267204755758,-0.2702950285,0.0047235645671528,0.3312319654097363,-0.3002547409333332,0.0064215454870364,0.3288521960231879,-0.3132627443666666,0.0099892943438352,0.3193280528922627,-0.2931320749,0.0471505898993151,0.3351749428494133,-0.1678190715666666,-0.0610852072816726,0.2981377170879995,-0.2096586689,0.0320425061752166,0.3025369255467058,-0.2252687578333333,0.0038604943318075,0.2746060056507928,-0.2667672535333332,0.1145333916307309,0.2218091244916319,-0.0220605049999999,-0.1276336257046838,0.271909434137259,-0.03284875497,0.1545525274225049,0.0554982425849815,-0.0754875594733333,-0.1741357877947936,0.0330585858849782,-0.0507969009333333,0.1264265126849658,0.0831940563329939,-0.1827326685666666,-0.1394916209195951,-0.0865196299807437,-0.1148180356666666,0.1058337415055437,0.0993911684952298,-0.1994476998333333,-0.1025300448744636,-0.1099942911740239,-0.1581470787666666,0.0959458689654102,0.1270886123340093,-0.2043732583666666,-0.0725188510101019,-0.0708389151383949,-0.1704470188333333,0.1251296469918898,0.0842331248489899,-0.1869212786666666,-0.1229131587366703,-0.0765354854840072,-0.132791057,0.0738448469126243,-0.1635199494541268,0.0546462848733333,-0.0711833157197513,-0.1664192692887384,-0.05417720366,0.0940109262868046,-0.4939700110315024,0.0405736133233333,-0.0360225064573306,-0.4269974613037061,-0.0903623667099999,0.0912371775908261,-0.7625242747590127,0.2234138458666666,-0.0734629399711833,-0.7660405123040444,0.0478551991166666,0.0755443979889592,-0.7887103752965638,0.2459140618333333,-0.0748898125791976,-0.7943131790377322,0.0206133506316666,0.1224018302078429,-0.8126255295673067,0.2119210165999999,-0.0552306739188988,-0.8196812085610196,-0.0714457638533333,nijmegen_nijmegen_rennen_g_ch1_g11_compr.mp4,ch1g11,1.14694109967194e-05,7.4819158540714595e-06,1.6173103376254564e-05,3.995262732394846e-06,2.771004307849327e-06,8.941723188534305e-06,1.6480778248928658e-05,6.440990161349679e-06,1.0307848896899696e-05,4.009877539793423e-06,8.171956414598523e-06,1.1122883964154094e-05,1.576455255046026e-05,1.6199343678583214e-05,1.7171320582428556e-05,1.641703175282596e-05,3.781402477300369e-06,8.472906092561498e-06,1.005903396523866e-05,1.5948858979567417e-05,1.2103803999227586e-05,1.705843482961646e-05,1.580508559928555e-05,1.4508591744355638e-05,2.575229015178238e-06,1.1941087004370082e-06,1.439667165926248e-05,1.1792625692526768e-05,4.631242051372959e-06,4.113658377236615e-06,1.0162955855089358e-06,1.076697292903388e-05,8.474479728205198e-06,2.2491364129746465e-05,1.0383446864815212e-05,6.320328326057612e-06,-7.216453078279281e-06,-1.070489959842781e-05,-1.0789283655479648e-05,-2.7410748631968547e-05,-2.078466894218875e-05,-1.816219791149749e-05,-3.037059918305123e-05,-8.525351825804071e-05,-5.637844596891499e-06,-1.2129090330319734e-05,-3.247329154922679e-05,-5.94712087574962e-05,-9.800961304234082e-06,-1.7312115377258386e-05,-2.039393362088182e-05,-1.2748124340908628e-05,-4.540232098649217e-05,-1.051021305156952e-05,-1.247685853322967e-05,6.0589823976234284e-06,-2.348567634646585e-05,-2.065285537368112e-05,-5.297107642445214e-06,6.578632882249746e-06,5.1855107150817845e-05,-5.414380238023516e-06,9.548527318634796e-06,9.075216752752472e-06,-8.561827231335693e-06,1.0954679604617904e-05,5.26888560501711e-06,3.201264438369949e-05,1.4223215190648772e-06,1.7770550587137497e-07,9.92746341014756e-07,5.556938035393566e-07,1.6556234806506997e-07,1.364983224457983e-07,1.0201444921414609e-06,-2.973226549250415e-09,8.649617983558115e-07,5.78620523353025e-07,8.743826983284197e-07,2.234134482716774e-07,8.57510061455338e-07,1.0042328788282168e-06,5.478171717381543e-07,6.513464557431128e-07,4.657973562003799e-07,9.55048352583922e-07,2.657643650945175e-07,8.8599216219893e-07,7.229419123668118e-08,7.768348994415225e-07,8.794253016471011e-07,8.680024239877683e-07,-1.1286494706007055e-07,1.1884432355728289e-07,7.279817761474246e-07,1.061623939659107e-06,8.518280353465713e-07,7.483892700150272e-07,1.0379170911405817e-07,9.139529225145996e-07,6.573885760137685e-08,-2.2594107654157002e-08,1.2749982537458324e-08,-6.426433714815574e-08,-1.5429891490130607e-08,2.8809883381251725e-07,4.323984524340254e-08,-6.616979870309608e-08,6.79565772569673e-08,-1.077227184940212e-07,-4.224142506919596e-08,-1.8454269487025165e-08,-7.858634666476155e-08,-5.3725968537422054e-08,-6.492512875982461e-08,-3.034019979985794e-07,-5.399516744613562e-08,2.491912285551571e-07,-2.699934872135351e-08,-8.365226407007333e-08,-5.5632050273082186e-08,1.382260107077981e-07,-6.182922208843478e-08,-5.694059574200084e-08,-6.895556866045866e-08,2.3618025274720654e-07,-1.0621180420642632e-08,-5.1495552176953954e-08,-1.0450905505800093e-07,4.7688604160859594e-08,1.1830356434968015e-07,-7.562640046113374e-09,-7.464453483473811e-08,6.786847630993706e-08,3.215206969772692e-07,movement,no movement,no movement,no movement
7966.666666666722,0.0126781150482129,0.3033630090128808,-0.2830949312666667,0.0210612368519531,0.3225050481259316,-0.2778811938333334,0.0239403989320419,0.3228798557728391,-0.2671607621333333,0.0224095113658577,0.3226960388394967,-0.2707783605666667,0.0049833606412061,0.331179968455473,-0.3007706459666666,0.0066814880201538,0.3288078435525279,-0.3137912408666666,0.0102528272487335,0.3192874913733942,-0.2936478577333333,0.0473590365223649,0.3351274051496348,-0.1681383523,-0.0609354655834529,0.2980237181642604,-0.2100742975666666,0.0322862570873062,0.3025139410873802,-0.2257776483666667,0.0040978224819095,0.2745748499420648,-0.2673183878666666,0.1147247530742995,0.2217673580450183,-0.0222659154566666,-0.1275936020536304,0.2718282929827997,-0.0331874955566666,0.1548506877734827,0.0554910548858134,-0.0757566188133333,-0.1740745204087032,0.0330383005963634,-0.05124823289,0.1266531442664477,0.0831766685876775,-0.1831584499,-0.1393730585978339,-0.0865278779030982,-0.1157564588999999,0.1059982468412526,0.0993462053032275,-0.1999518512999999,-0.1023940814131627,-0.1099924461045943,-0.1592799524666666,0.0960354292866767,0.1270826551082698,-0.2049147998666666,-0.0723192835584313,-0.0708127645885006,-0.1716454626333332,0.1252870432539014,0.0842102448922218,-0.1873645444999999,-0.1227678427935692,-0.0765513184776097,-0.13243334,0.0738674509373486,-0.1635241460351918,0.0546522178966666,-0.0712094530935963,-0.166413777073285,-0.0541827870033333,0.0939284783532702,-0.4939247219041976,0.0411240851899999,-0.0360957070302422,-0.4270047222430387,-0.0899715475,0.0912616262734873,-0.7625130187233571,0.2241435179666666,-0.073628445894026,-0.7660291607965756,0.0484763725233333,0.0755779325200056,-0.7887184683071327,0.2466522648666667,-0.0750709350919454,-0.794298907341062,0.021265753425,0.1224789992985199,-0.8126151050781654,0.2124157694333333,-0.0555080923873835,-0.8196457680541112,-0.0709844579266666,nijmegen_nijmegen_rennen_g_ch1_g11_compr.mp4,ch1g11,1.2845034202306702e-05,7.582961203696408e-06,1.705924689815931e-05,4.5902713861075665e-06,3.173771825000567e-06,9.032038615843056e-06,1.7394398263218902e-05,6.164757478941389e-06,1.1118544233255492e-05,4.562646147049181e-06,8.996708370743634e-06,1.1355555137155351e-05,1.651818609810932e-05,1.7095733978169738e-05,1.7478149259387254e-05,1.6915624722575615e-05,4.376310885190645e-06,9.3742973454414e-06,1.0348619415800188e-05,1.6729065431433223e-05,1.222125053937432e-05,1.7721976934223502e-05,1.6580831292940318e-05,1.5280417865707676e-05,2.6826822474284685e-06,1.30222287747647e-06,1.5037441658667756e-05,1.273693556300956e-05,5.4755432456263e-06,4.998280907754252e-06,1.1098441281023537e-06,1.156463694410486e-05,8.5247300732287e-06,2.3372785907643948e-05,1.0690683226704666e-05,-3.823983892888574e-07,-1.5778420624712e-05,-1.976951331691211e-05,-1.989789186725311e-05,-3.589963952284129e-05,-2.906155734084609e-05,-2.585288881662907e-05,-4.304640309820405e-05,-9.337792568921004e-05,-1.3681265034656692e-05,-1.8985678211990825e-05,-3.9327563681550795e-05,-6.979260016260268e-05,-4.149411403589566e-06,-2.308050159929787e-05,-1.2949532666893005e-05,-1.113475382567777e-05,-3.941712248186893e-05,-4.469962430409922e-06,-5.786055934278754e-06,1.5655595674662226e-05,-1.784326844657193e-05,-1.8706038235418134e-05,-4.700748727216598e-06,6.028095149338995e-06,5.1836859937596144e-05,-6.827311035895595e-06,-2.31804154587479e-06,4.83759586494955e-06,-2.2454797579287055e-05,6.6024553192302745e-06,-3.3985522104882853e-06,2.4526711333805964e-05,1.35184461529137e-06,1.983635712265582e-07,9.212729440778162e-07,4.908676138285095e-07,4.7439462547980996e-07,1.9718902743995121e-07,9.44445986058146e-07,1.0624420238851077e-07,7.365072821339682e-07,4.914998193906572e-07,8.00634643872573e-07,1.095802055785984e-07,8.088736981083485e-07,9.312328029263396e-07,2.5944700076848714e-07,6.027375450658328e-07,7.316812889161072e-07,8.480521542479735e-07,1.4336835725554186e-07,8.343041148975255e-07,2.460762221004554e-07,7.213806995829023e-07,8.252075097114581e-07,7.965500701432694e-07,1.5158580932681958e-07,9.348654149173837e-08,6.865542277993747e-07,9.100383178332168e-07,8.494033123572621e-07,8.08650260317879e-07,8.242211672749242e-08,8.202061047461285e-07,1.567225082084496e-07,-7.786359956450474e-08,4.986773532570421e-08,-1.0276357183252765e-07,-5.6413169303112164e-08,2.3313599265668813e-07,9.54914050049362e-08,-1.0588982941303222e-07,7.935159214087277e-08,-9.657032359591685e-08,-5.951013829219591e-08,-3.8059549169018996e-08,-7.025389335946229e-08,-8.505956276514767e-08,-1.0410358145555153e-07,-2.532794228012882e-07,-2.47150153755547e-08,1.7389080035739554e-07,-5.3809712183112844e-08,-8.065651186078219e-08,-8.821295866618526e-08,2.0029999229897326e-07,-8.743051171295153e-08,-9.012460571931552e-08,-9.645564614015833e-08,2.070475670688052e-07,-1.2898056086702114e-08,-7.214740108985625e-08,-1.1000664851164801e-07,-5.309148759942647e-09,7.042964086640538e-08,-1.020283419873313e-08,-9.823975577002568e-08,1.1474191523009764e-07,2.862187370328069e-07,movement,no movement,no movement,no movement
7983.333333333389,0.0129736388803038,0.303359988436048,-0.2832408146333334,0.0213545851335611,0.322486419219425,-0.2779717462,0.024228689985809,0.3228567198621324,-0.2672579753333333,0.0226972268519046,0.3226728370899693,-0.2708713587333333,0.0052617884315151,0.3311423040656487,-0.3008771346333333,0.0069592565548078,0.3287763305356364,-0.3138988888333333,0.0105347502670995,0.3192593644989684,-0.2937547288666666,0.0475894304748518,0.3350812238565998,-0.1681623143333333,-0.0607538519142079,0.2979310131555655,-0.2101528981999999,0.0325442949047232,0.3024974014587509,-0.2259113783333333,0.0043505436687418,0.2745538835917235,-0.2674708158333332,0.1149187729811874,0.2217245298369538,-0.02227960615,-0.1275105995992571,0.2717538152472353,-0.0332921990633333,0.1551428237895204,0.0554857404447009,-0.0757764554866666,-0.1739689783212978,0.0330142115969238,-0.05147347375,0.1268734787127083,0.0831609837314214,-0.1831551090666666,-0.1392372155464567,-0.0865361359691601,-0.1162827018333333,0.1061589595957694,0.099301897268248,-0.1999464972999999,-0.1022427316625061,-0.1099912876617076,-0.1599043945666667,0.0961289188654453,0.1270715529819044,-0.2049197877666667,-0.0721106434178546,-0.0707884924334156,-0.1723053888666666,0.1254429954805715,0.0841895090053697,-0.1873575727333333,-0.1226102107103792,-0.0765662621500283,-0.133829147,0.0738879239107893,-0.1635285484622685,0.0546574588833333,-0.0712329894252948,-0.1664081464301039,-0.05418790816,0.0938397842654133,-0.4938610079873003,0.0416580894133333,-0.0361705994840959,-0.4270100893496844,-0.0896220420366666,0.0912846101252399,-0.7624951865383843,0.2247880711666667,-0.0737981516597722,-0.7660239475992199,0.0490510426366666,0.0756105744544972,-0.7887198098835712,0.2472935914666667,-0.0752564090674412,-0.7942926455831603,0.0218660500583333,0.122554126032526,-0.8125819098573127,0.2128784683666666,-0.0557847369846028,-0.8196156674787646,-0.07055395531,nijmegen_nijmegen_rennen_g_ch1_g11_compr.mp4,ch1g11,1.4194404374236368e-05,7.795836351046946e-06,1.7813928522282662e-05,5.105079009477947e-06,4.010441110746535e-06,9.3136738236886e-06,1.816217514833937e-05,6.325944964817869e-06,1.17683533696614e-05,4.967992916987149e-06,9.72380948563862e-06,1.1425720778029436e-05,1.7195102274209552e-05,1.7857938114284228e-05,1.7416875551941096e-05,1.767054146535089e-05,5.329725547278894e-06,1.0122886832877752e-05,1.0437515519040742e-05,1.7420554621733698e-05,1.2668298694702393e-05,1.829735174904214e-05,1.726290986920018e-05,1.5963614194434826e-05,3.1476727614502905e-06,1.3906911723421664e-06,1.564373092202234e-05,1.3432302074295124e-05,6.414230496929941e-06,5.92454100478006e-06,1.1906781677983063e-06,1.2311286897300284e-05,8.763963035013387e-06,2.3887469290660196e-05,1.0901815171034243e-05,-2.262629700648064e-06,-1.891783964986104e-05,-2.3170263605560364e-05,-2.338549717935236e-05,-3.76637498321463e-05,-3.096005923178694e-05,-2.746795735279791e-05,-5.022986127962384e-05,-9.330735491027138e-05,-1.660738843751972e-05,-2.065627889211309e-05,-4.4592194212717586e-05,-7.317440514739746e-05,-1.1857080584467408e-06,-2.5906243657237316e-05,-7.0733337616231686e-06,-8.024892161870939e-06,-3.429546229090367e-05,1.7668446764040915e-06,-2.517034184440078e-06,2.3895906062911535e-05,-1.378166369003242e-05,-1.56773192317392e-05,-4.567612220172986e-06,5.891621938144001e-06,4.9800826611233487e-05,-1.0052077322341433e-05,-2.04987395236153e-05,-2.5764961110820353e-06,-4.278726727392121e-05,-1.3423224624218817e-06,-2.2895531991095755e-05,1.3025864013925073e-05,1.2115277430150307e-06,2.574062398300864e-07,8.014473850308727e-07,3.503962349704032e-07,7.067128378699091e-07,3.298156491427018e-07,8.222480177202973e-07,1.867628191941529e-07,6.145161171022863e-07,4.279313151512492e-07,7.464168807681134e-07,9.046211144680985e-08,7.101950375245644e-07,8.097396943520317e-07,1.621749912019084e-08,6.168842591934097e-07,8.692968897012041e-07,8.027356598915963e-07,1.0328758133997093e-07,7.324472931565834e-07,5.17534203809154e-07,6.305413522847848e-07,7.188400560479245e-07,6.88593266841165e-07,3.651370914753615e-07,7.161893226913788e-08,6.092495010678979e-07,7.777103968331416e-07,7.905243761381984e-07,8.733764647310012e-07,6.31546764166038e-08,6.966613567031971e-07,3.0365656319904653e-07,-1.1897277306482097e-07,8.24795181134673e-08,-1.2952443956028706e-07,-8.267642420465349e-08,1.511656163180455e-07,1.3303994791688672e-07,-1.331822554785458e-07,5.989359228269164e-08,-7.492840565123614e-08,-5.7835122213178844e-08,-4.379232667450902e-08,-5.575715700108017e-08,-1.0985491552300069e-07,-1.312324166146239e-07,-1.87935626543108e-07,-2.292112141792974e-08,5.76966053490651e-08,-5.8695925450689057e-08,-6.636947304051243e-08,-1.1375055211107105e-07,2.2700610192142085e-07,-1.0726381004139629e-07,-1.1518109238927725e-07,-1.1327767707428415e-07,1.5633049505735537e-07,-1.1904386157678122e-08,-8.866960343715635e-08,-9.669674265697475e-08,-5.3148229412556864e-08,2.860694735517922e-08,-1.0172102594781014e-08,-1.10599361643228e-07,1.4341488796087738e-07,2.414711614088054e-07,movement,no movement,no movement,no movement
8000.000000000056,0.0132921932285162,0.3033532970411776,-0.2834471639333333,0.021671816044151,0.322461791937916,-0.2781161195666667,0.0245414622329168,0.3228276203185526,-0.2674089290666666,0.0230091455970191,0.3226435068895818,-0.2710180239,0.0055612306358853,0.3311011647724654,-0.3010458316666666,0.0072585111475369,0.3287413575561585,-0.3140698260333333,0.0108378150849409,0.319228284488314,-0.2939222695666666,0.0478390068991375,0.3350178243587349,-0.1682114727666666,-0.0605599374875177,0.2978357583562692,-0.2102838927999999,0.0328226294303659,0.3024742459400061,-0.2260940745333333,0.004621989875712,0.2745292793427549,-0.2676835189333332,0.1151197480800995,0.2216673616631063,-0.0223016255966666,-0.1274228493760701,0.2716761325364298,-0.0334230590733333,0.1554536862275327,0.0554780548118347,-0.07579514055,-0.1738756070811812,0.0329894942012907,-0.0517481608933333,0.1271176729376825,0.0831431885807853,-0.1831774195666666,-0.1390989987901831,-0.0865468405494588,-0.1169355676333333,0.1063419399286948,0.0992560855176873,-0.1999864348999999,-0.1020854679066444,-0.1099920975427206,-0.1606875842,0.0962389860737732,0.1270584467483508,-0.2049766357,-0.0718912377905469,-0.0707675645258756,-0.1731279721999999,0.1256209984373198,0.0841654751293721,-0.1873814617666666,-0.1224477152261851,-0.0765848340551398,-0.13362357,0.0739089164033403,-0.1635327321572623,0.0546623943966666,-0.0712570294653968,-0.1664026238264695,-0.0541923992466666,0.093745689764863,-0.4938097805518702,0.0421797853999999,-0.0362533637891815,-0.4270163590336523,-0.0893136900733333,0.0913046540416683,-0.7625173809042453,0.2253972266666666,-0.0739608989774552,-0.7660376283206709,0.0494195969066666,0.0756394844739618,-0.7887631171077195,0.2478986372333333,-0.0754331543977707,-0.7943075757232709,0.022242564405,0.1226280823875975,-0.8125841123370886,0.2133222746333332,-0.0560680976662502,-0.8196103703534829,-0.07033302374,nijmegen_nijmegen_rennen_g_ch1_g11_compr.mp4,ch1g11,1.5527631346600093e-05,8.273256487364146e-06,1.886238435722601e-05,5.379023558694201e-06,4.672753236715342e-06,9.92235948637712e-06,1.9226373849293477e-05,6.7481481016876736e-06,1.239635079152124e-05,5.2295385777941935e-06,1.0613852454160148e-05,1.1381737440921857e-05,1.815727871833753e-05,1.891600993116362e-05,1.7441934760352833e-05,1.842016543896682e-05,6.137778422475349e-06,1.107051418710795e-05,1.0383462322042668e-05,1.8409456912212173e-05,1.35440527956153e-05,1.9152048950237668e-05,1.8232859664293965e-05,1.6819422419128186e-05,3.463768179196855e-06,1.4712035670552216e-06,1.6411016300482427e-05,1.4360983021133408e-05,7.1554061369685385e-06,6.905705375591492e-06,1.2641948974386209e-06,1.3095280756000833e-05,9.333169598253398e-06,2.4654403032083064e-05,1.0945957235093533e-05,-2.6770981268698325e-06,-2.0853377776732075e-05,-2.538593782859317e-05,-2.571916417723443e-05,-3.816880793231202e-05,-3.1542003020406323e-05,-2.7731629648474936e-05,-5.7910670652436864e-05,-9.283253335078734e-05,-1.8796422961842268e-05,-2.113895668337264e-05,-5.129456665431217e-05,-7.681741505333693e-05,1.6669960472034485e-06,-2.741918090346718e-05,-1.2512795041044355e-06,-1.928029056069105e-06,-2.9808837295019695e-05,9.880168343701712e-06,9.702403673786062e-07,3.317515846363505e-05,-9.57657349279296e-06,-1.0236059429097172e-05,-4.482673786661777e-06,5.813855238496319e-06,4.876252827110736e-05,-9.327476107218868e-06,-3.656288243478981e-05,-3.3218782863407784e-06,-6.138461015336598e-05,-2.3368669147627693e-06,-4.440534561199576e-05,5.527606293109117e-06,1.0433031210503491e-06,3.66630380471153e-07,6.383063521892648e-07,2.1851062683475034e-07,8.567185628326982e-07,5.074582743509193e-07,6.571243494732515e-07,2.429087155488641e-07,5.20856341358827e-07,3.87270195024343e-07,7.245011648111706e-07,1.086959179557725e-07,5.700643359115647e-07,6.447703726190779e-07,-1.8099753763380924e-07,6.710839473819163e-07,8.979100291318325e-07,7.90590063668931e-07,1.0252634459884061e-07,5.891173591100162e-07,8.020640866708087e-07,4.974976225349685e-07,5.724197420913106e-07,5.536485905835662e-07,5.450423749630348e-07,5.5596080235278544e-08,5.029482725365026e-07,6.938786199616253e-07,7.05625555335168e-07,9.330241922706252e-07,4.8437702576123367e-08,5.735709490108365e-07,4.780233603871573e-07,-1.4749119881951137e-07,1.0211912389970077e-07,-1.561546509060777e-07,-9.01594962157665e-08,6.556392633783374e-08,1.4793701204371894e-07,-1.602448960051362e-07,1.5637244124647712e-08,-5.3976835679491224e-08,-4.133835868317837e-08,-5.003162611936482e-08,-3.956045487841308e-08,-1.3689285149388466e-07,-1.5814502742906497e-07,-1.3512262277201737e-07,-4.7357498892639026e-08,-7.248685459847636e-08,-5.9399185251035906e-08,-4.5487628587385946e-08,-1.418133126637386e-07,2.162697380674932e-07,-1.3026550855935096e-07,-1.4161125291163686e-07,-1.267963349761279e-07,1.010942909938256e-07,-8.389337385623091e-09,-1.051770318133032e-07,-8.843893871028604e-08,-7.99944406066165e-08,-6.578331213297496e-09,-7.826875103970071e-09,-1.142629714951602e-07,1.4917202851543853e-07,2.1127380170980473e-07,movement,no movement,no movement,no movement
8016.666666666723,0.0136278947590353,0.3033534682386814,-0.2834938711333333,0.02200781850282,0.3224439794990661,-0.2781067427333333,0.0248722387876691,0.3228061453191347,-0.2674046931666666,0.0233391583634564,0.3226217948262224,-0.2710129714,0.0058795429507614,0.3310711316929568,-0.3010634657,0.0075759331859586,0.3287169235657173,-0.3140869623666666,0.0111597508307499,0.3192068160617313,-0.2939390383333333,0.0481007279787919,0.3349601387260021,-0.1681271332,-0.0603483680469061,0.2977552657859974,-0.2103150565999999,0.03311750282241,0.3024581575448041,-0.2261232857666666,0.0049094742075697,0.2745123689841221,-0.2677474627999999,0.1153132268327548,0.2216121753647983,-0.0222020058066666,-0.1273174801431859,0.2716022490348856,-0.0335273936499999,0.1557245015953137,0.0554757782633857,-0.0756552328033333,-0.1737811098978106,0.0329591019908997,-0.0520349483933333,0.1273454271760009,0.083138761389585,-0.1830544482333333,-0.138955786982881,-0.086561807497447,-0.1176423527999999,0.1065162008708957,0.0992231561376433,-0.1998570123333333,-0.1019269068167062,-0.1099990607464234,-0.1615363632666666,0.0963491817009418,0.1270497857951028,-0.2048665275666666,-0.0716666384358367,-0.0707578827947381,-0.1739999205999999,0.1257917820182527,0.084154252013127,-0.1872608582,-0.1222801740414674,-0.0766077308582505,-0.124454856,0.073927390364921,-0.1635378400724338,0.0546707343299999,-0.0712782939297202,-0.1663960703551435,-0.0541992865633333,0.0936506423688986,-0.4937641161377642,0.0424547850866666,-0.0363293003213497,-0.427022515432871,-0.0891250182733333,0.0913167242527733,-0.7625636757858163,0.2256306489,-0.0740950058226774,-0.766036946817073,0.0496436417033333,0.0756553838808176,-0.788831265589544,0.2481199110333333,-0.0755804835312764,-0.7943057189249205,0.0224694037883333,0.1226837176547424,-0.8126494318485139,0.2134589868333333,-0.0563161203109388,-0.8196033744264501,-0.0701972416266666,nijmegen_nijmegen_rennen_g_ch1_g11_compr.mp4,ch1g11,1.654256222886558e-05,8.774273550825168e-06,1.952376272879916e-05,5.513682986219095e-06,5.338951638060902e-06,1.0575921181803088e-05,1.990227252264551e-05,7.12780671570944e-06,1.2933243032617812e-05,5.445174180404702e-06,1.1381344031977648e-05,1.1329327251345152e-05,1.8764603244191096e-05,1.9583515046615277e-05,1.7357198451037673e-05,1.9149650231236217e-05,6.9392798607277334e-06,1.1870979088868448e-05,1.0296253240946872e-05,1.9037027629000773e-05,1.453752280003434e-05,1.9698500066533067e-05,1.883907833523649e-05,1.739399753530096e-05,3.794843915257815e-06,1.5122748738817913e-06,1.694780494303209e-05,1.5128134311877672e-05,7.776538523031752e-06,7.782500176618123e-06,1.3009373536171183e-06,1.364602755561848e-05,9.96965546394377e-06,2.524918537783243e-05,1.0973316323832018e-05,7.87977474069549e-07,-1.882508409872082e-05,-2.341432748481748e-05,-2.3841498742679064e-05,-3.4273092049048426e-05,-2.77833512239152e-05,-2.3843664774349157e-05,-6.149973337607078e-05,-8.840753590946695e-05,-1.6931018548124456e-05,-1.7947178056901444e-05,-5.613944301284499e-05,-7.641673598308284e-05,3.4690287189451142e-06,-2.671588567793177e-05,2.9446567202873996e-06,4.802082405526692e-06,-2.6649520941933893e-05,1.749236146394375e-05,2.3083734614535823e-06,4.093523352416423e-05,-6.798372102273475e-06,-4.559254157400304e-06,-4.565607900391541e-06,5.913233389275685e-06,4.385589726786095e-05,-7.515724795120481e-06,-5.749344260981188e-05,-5.895365960087129e-07,-8.45826103506114e-05,1.697529438999075e-07,-6.95713953482449e-05,7.332384185997287e-07,8.837699965825806e-07,5.035443413643052e-07,4.539846593280514e-07,1.1528686895841582e-07,9.057508442622828e-07,6.930043608067438e-07,4.700685876690775e-07,2.6181748717712066e-07,4.836074225029751e-07,3.831991681206205e-07,7.086150909438754e-07,2.006148837777329e-07,4.0405790918307385e-07,4.589434859159943e-07,-2.604978478761951e-07,7.554501435131141e-07,7.785557247689539e-07,7.688282802808464e-07,1.77402740928986e-07,4.184349427435303e-07,1.0545412065439453e-06,3.3865212734726394e-07,4.016299337876151e-07,4.088185265798972e-07,6.478779191702151e-07,5.28883981524918e-08,3.776860961931744e-07,6.583311733017533e-07,5.959158908159924e-07,9.395416046731132e-07,4.4695695905924836e-08,4.576938298915574e-07,6.543239865730723e-07,-1.547081647335564e-07,1.1257574354267294e-07,-1.596527139032383e-07,-8.0362600231719e-08,-1.8925755226496813e-08,1.4699285281097734e-07,-1.640508864524445e-07,-3.68239518561793e-08,-3.6382686774923293e-08,-1.9284184002369596e-08,-5.312990081589217e-08,-2.7676675752724153e-08,-1.4361243396315493e-07,-1.6172352724696233e-07,-9.513735478987589e-08,-9.381198082974413e-08,-1.970973027031337e-07,-5.2556726441140725e-08,-2.5493170752291472e-08,-1.4932415271263845e-07,1.8187977586994097e-07,-1.3514390610421638e-07,-1.4681887150894421e-07,-1.2246376627419836e-07,4.2410111615008256e-08,-2.8986388893011875e-09,-1.0804614112949472e-07,-8.041604868742859e-08,-9.077577059793445e-08,-3.1558569161264786e-08,-3.49049397188348e-09,-1.0411678615974768e-07,1.4094139771716578e-07,1.8614323171445786e-07,movement,no movement,no movement,no movement
8033.33333333339,0.0139705509016226,0.3033588382174904,-0.2836023188,0.022353089678303,0.322429505342499,-0.2781520641333334,0.0252118072607933,0.3227878160013555,-0.2674552587666666,0.0236776555334718,0.3226031758065856,-0.2710627819999999,0.0062054999674146,0.3310444665287236,-0.3011422044,0.0079011335681927,0.3286960526871894,-0.3141662882,0.0114897689482484,0.3191892431723488,-0.2940166187333333,0.0483714428153335,0.3349021269094144,-0.1680829627,-0.0601306198345806,0.2976755732236771,-0.2104043249999999,0.0334189518639044,0.3024453245534029,-0.2262092088333333,0.0052028198059143,0.2744986932061062,-0.2678762863333332,0.1155057055754706,0.2215552722861016,-0.0220976005733333,-0.1272033371694097,0.2715278404521765,-0.0336895301433333,0.1559939214507433,0.0554781066764761,-0.0754501029566666,-0.1736888398837734,0.0329272421602877,-0.0523721908533333,0.1275798176581305,0.083150447034592,-0.182891433,-0.1388073064129099,-0.0865605887667477,-0.1183566998333333,0.1066986976585566,0.0992104426448063,-0.1997037121666666,-0.1017603687350268,-0.1099858845480761,-0.1623851959666666,0.0964719868431119,0.1270616187765646,-0.2047336648333333,-0.0714270090449664,-0.0707246447676054,-0.1748611063666666,0.1259707519274453,0.0841572989365348,-0.1871015225666666,-0.1221027249979849,-0.0766144710246633,-0.120654069,0.0739459451917076,-0.1635427460833614,0.0546831541966666,-0.0712996253099255,-0.1663897847944173,-0.0542098698633333,0.0935595945984375,-0.4937192591329537,0.0428146611666666,-0.0364238171541837,-0.4270293203886602,-0.08892993376,0.0913646536990579,-0.7626544005207551,0.2259574184666667,-0.0742508274183889,-0.766036150095539,0.04993254107,0.0757114187293989,-0.7889520441995584,0.2484375431666667,-0.0757508234789681,-0.7943036711829435,0.0227768829183333,0.122791823147908,-0.8127449697768325,0.2136810409666666,-0.0565913264238246,-0.8195966624845652,-0.0699586002733333,nijmegen_nijmegen_rennen_g_ch1_g11_compr.mp4,ch1g11,1.7223026813075114e-05,9.253174216332103e-06,1.990974448347614e-05,5.496030503766357e-06,6.296214327061467e-06,1.1253006577247707e-05,2.0301309307128e-05,7.557793731843104e-06,1.3296971098084032e-05,5.691763704881313e-06,1.193225206157726e-05,1.1454468892635535e-05,1.912525240622508e-05,1.997267951344489e-05,1.6930890602061448e-05,1.9961731234914106e-05,7.814948179619967e-06,1.2426403177582816e-05,1.036754905107106e-05,1.94107189722251e-05,1.5632099390867216e-05,2.0010727100798383e-05,1.91923953195954e-05,1.774626041400452e-05,4.4917120917281515e-06,1.5135728474812111e-06,1.7299357529389983e-05,1.5573613752716782e-05,8.324675939700964e-06,8.540838623826166e-06,1.2986433742422842e-06,1.4047781358010372e-05,1.0611811115776587e-05,2.5397245643453255e-05,1.1298741117546738e-05,4.876230034926728e-06,-1.5847531475048127e-05,-2.042000592732878e-05,-2.091647916970189e-05,-2.9890703161750953e-05,-2.339066523661603e-05,-1.9343440656000226e-05,-6.348435260753698e-05,-8.445846165909245e-05,-1.4051061955805273e-05,-1.4137541479537612e-05,-6.036051148353886e-05,-7.492832998420706e-05,3.9734517623507295e-06,-2.335383981532267e-05,4.927685108241505e-06,1.2269504255747217e-05,-2.5903821952174857e-05,2.429403243151872e-05,8.524804185342427e-07,4.6868607309843886e-05,-6.207095675663935e-06,1.654943680156879e-06,-4.792920759648533e-06,6.187671620871922e-06,3.697276501469513e-05,-6.250098376077587e-06,-7.465978170886384e-05,5.845236238616682e-06,-0.0001034877670855,7.484710087571932e-06,-9.419009160064352e-05,-2.1057676202020623e-06,7.529034093926778e-07,6.343808247361087e-07,2.891063102693022e-07,7.2266495453527e-08,7.903910136596841e-07,8.486523882440832e-07,2.998742174437886e-07,2.324973083325625e-07,5.128200493160953e-07,3.7736102311721945e-07,6.675229065641021e-07,2.2874236646752775e-07,2.5459672313645456e-07,2.91903968656763e-07,-2.75408256504294e-07,7.19394312815212e-07,4.893773465072222e-07,7.361991051110677e-07,2.04278316295462e-07,2.6254866705155997e-07,1.200508633712941e-06,1.9204158499155185e-07,2.507357377205618e-07,2.864929449628298e-07,6.123687445547632e-07,6.078270751744957e-08,2.662309807046829e-07,6.156743345698224e-07,5.120686999107684e-07,8.845688831198221e-07,5.037649670823321e-08,3.851406175061098e-07,7.930055576865024e-07,-1.4256333025984412e-07,1.1013539984601289e-07,-1.432786448847822e-07,-5.741536772261045e-08,-1.0172283734941936e-07,1.2886080166432373e-07,-1.4781919687259394e-07,-9.057356191857905e-08,-2.5362281135364924e-08,-1.1773784144875934e-09,-6.263028866246244e-08,-2.253314931266589e-08,-1.324175267811568e-07,-1.4531408757573716e-07,-5.760387799433766e-08,-1.581034048214349e-07,-2.939072865973845e-07,-5.3091705867950345e-08,-1.1325227302404004e-08,-1.3849060266362676e-07,1.28082306024549e-07,-1.2320156582214606e-07,-1.337183999546162e-07,-1.0396857027323353e-07,-2.44561906383189e-08,2.543439479493732e-09,-9.883758669284008e-08,-8.102493953661606e-08,-8.726327746873423e-08,-6.054056887616321e-08,1.1376040569578247e-09,-8.63266514054055e-08,1.1901640098349512e-07,1.5908984360059738e-07,movement,no movement,no movement,no movement
8050.000000000057,0.0143005975153999,0.3033705880719177,-0.2840568787333333,0.0226892555078309,0.3224190394279252,-0.2785339413666667,0.0255419522820662,0.3227725912435693,-0.2678406594333333,0.0240065414425338,0.3225872267389214,-0.2714441484,0.0065218272484763,0.3310183528198474,-0.3015415535333333,0.0082168961858127,0.3286769595949036,-0.3145713494333333,0.0118111115578114,0.3191743393788132,-0.2944137744333333,0.048656457412895,0.3348398984532909,-0.1683233148,-0.0599125681229668,0.2975877703073401,-0.2107045515999999,0.0337139008766946,0.3024358496180243,-0.2266307393666666,0.0054899216404602,0.2744881334767364,-0.2683232059333333,0.1157272495062742,0.22149240858478,-0.02218459759,-0.1270867501503527,0.2714520787491418,-0.0339791930099999,0.1562703372332055,0.0554868120654045,-0.0753720581266666,-0.173609921369467,0.0329086980378329,-0.0527423954266666,0.1278461502970149,0.0831786710378484,-0.1828805492,-0.1386574044258836,-0.0865314005561723,-0.1191306025666666,0.1069134831129062,0.0992144616021782,-0.1997510869333333,-0.1015877688974335,-0.109944446892358,-0.1633066187333333,0.0966302256984195,0.1270993987709625,-0.2048125654666666,-0.0711705320384232,-0.0706570682881522,-0.1758200392999999,0.1261794896000602,0.0841741023070841,-0.1871047555999999,-0.1219166615082067,-0.076597175271424,-0.123016402,0.0739670094938649,-0.163547917829877,0.0546945029233333,-0.0713240988892716,-0.1663832726555071,-0.0542189239299999,0.093422021068662,-0.4936867348660221,0.0433034053466666,-0.0365215063273033,-0.4270302166969337,-0.0886113817033333,0.0914017149898196,-0.7627505079935359,0.2265521829,-0.0744451255136259,-0.7660203557932904,0.0505903636366666,0.0757580732831446,-0.789081616848927,0.2490491151333333,-0.0759677231272118,-0.7942868217196962,0.0235013353116666,0.1228840092064021,-0.8128830807601687,0.2142051525666666,-0.0569725015850013,-0.8196173694840826,-0.0691984905533333,nijmegen_nijmegen_rennen_g_ch1_g11_compr.mp4,ch1g11,1.7803819037280867e-05,9.891549424618385e-06,2.011232999876743e-05,5.354690296428933e-06,7.1862685928781094e-06,1.2120487344275132e-05,2.0520385457340884e-05,7.749023863123193e-06,1.3748851696711244e-05,6.146128165608938e-06,1.2538359130322097e-05,1.176538458985362e-05,1.9298065439227375e-05,2.017601387685049e-05,1.6665439992212556e-05,2.0658109418456955e-05,8.31535132033793e-06,1.310827671243582e-05,1.0651418521787524e-05,1.9587421871517386e-05,1.6877547122342977e-05,2.0150916130203093e-05,1.9356254404574652e-05,1.795823683638057e-05,5.235222630434712e-06,1.5620381557945352e-06,1.750592372743745e-05,1.6109112060854453e-05,8.693498207343437e-06,9.354138464492028e-06,1.3352645525068814e-06,1.4334714982138196e-05,1.1408658730901056e-05,2.5763459389483052e-05,1.1868457040259871e-05,9.549390403178318e-06,-1.2127109367078718e-05,-1.6751809503929444e-05,-1.725240847190115e-05,-2.5414833130990463e-05,-1.879635752195352e-05,-1.4601885433419678e-05,-6.382033949036876e-05,-8.088398875815233e-05,-1.052184000928781e-05,-9.923089263688815e-06,-6.207857661393672e-05,-7.279604313478788e-05,4.9499086848834185e-06,-1.9087098167560905e-05,5.168830920964516e-06,2.0897545580177668e-05,-2.6857138252847346e-05,3.292774221449419e-05,-2.133277475266346e-06,5.581861052299295e-05,-7.376140051518293e-06,9.03539750463621e-06,-4.786586856792527e-06,6.2744731520042596e-06,2.9938784422578834e-05,-3.7119608710334983e-06,-8.83645847505909e-05,1.7010416364489837e-05,-0.0001185750520006,2.036495466671901e-05,-0.0001149361165828,2.3376492814991917e-07,6.197920971861694e-07,7.462496873025103e-07,1.524280705074385e-07,5.5449544916658656e-08,6.067726586348316e-07,9.557081766772516e-07,1.574555618913346e-07,1.05409517376594e-07,5.00044714611166e-07,4.078942750736329e-07,6.209567087557513e-07,1.6450441947597205e-07,1.254823450958967e-07,1.5319414729112125e-07,-3.037708104367039e-07,4.545306315185611e-07,1.0061944717155461e-07,7.040110781392868e-07,1.6610579125626132e-07,1.260716391952509e-07,1.2507768923924202e-06,7.151021176648863e-08,1.216099841900039e-07,1.8879972255014985e-07,5.203435412845343e-07,7.06127827250372e-08,1.682844701829417e-07,5.655580621991774e-07,4.381232001768639e-07,8.168754296859856e-07,5.8180358978747686e-08,3.129347976623285e-07,8.788887808496616e-07,-1.270750812376661e-07,8.734230309178043e-08,-1.1188765165187584e-07,-2.985421645014448e-08,-1.6308601804722385e-07,8.797527139117585e-08,-1.1662687732944667e-07,-1.2731525304103238e-07,-2.8370004483543564e-08,2.234907582076569e-09,-8.500004889197123e-08,-2.4595504120857273e-08,-1.057629420069523e-07,-1.1386670024620856e-07,-3.9095188817727024e-08,-2.288237985728775e-07,-3.3530296085080297e-07,-6.850607649970133e-08,-6.190925548187165e-09,-1.1173198827115722e-07,5.7342560967476464e-08,-9.632689734939481e-08,-1.0541876437749187e-07,-7.645531605281368e-08,-8.247068420609492e-08,4.1079528257900805e-09,-7.951516877167104e-08,-1.0105640049993933e-07,-6.693173407853473e-08,-8.807886799030575e-08,2.6667302369404423e-09,-6.62564902013667e-08,8.109388667775196e-08,1.4234037382249066e-07,movement,no movement,no movement,no movement
8066.666666666724,0.0146286993155912,0.3033861190188837,-0.2845135252333333,0.0230274337986757,0.3224116830167792,-0.2789312133,0.0258737892864639,0.3227599953161095,-0.268242054,0.0243370385965526,0.3225740069168319,-0.2718393858,0.0068388026873196,0.3309983115822635,-0.3019398953333333,0.0085332767452276,0.328664094926855,-0.3149773494333333,0.0121332133544286,0.3191660891449195,-0.2948105287666666,0.0489557895733656,0.3347792018544258,-0.1685938111333333,-0.0596854293312516,0.2975222868616701,-0.2109874441666666,0.0340081350687925,0.3024311121503349,-0.2270618592666666,0.0057765515948671,0.274486464335595,-0.2687650174333333,0.1159641671331022,0.2214361883905289,-0.0223408937566666,-0.1269615371687297,0.2713970332144532,-0.0342246290433333,0.1565544378200254,0.0554991882723705,-0.0753944337966666,-0.1735241637371981,0.0329003576621983,-0.05315141827,0.1281251718496464,0.0831914834546181,-0.1830565781,-0.1384835525460197,-0.0864934232054908,-0.1200912488999999,0.107139429103481,0.0991941538057451,-0.2000354452999999,-0.101392543013356,-0.1098923213231737,-0.1644729430666666,0.0967940471002386,0.1271016429247233,-0.2051285803666666,-0.070875690146278,-0.0705854512548683,-0.1770176928,0.1263976528289381,0.0841703138132014,-0.1872981736666666,-0.121697771953413,-0.0765758513091327,-0.134549677,0.0739905392416813,-0.1635522769182185,0.0546960194899999,-0.0713516891524538,-0.1663773874903374,-0.0542169705133333,0.0932811442196687,-0.4936596754697569,0.0438358600933333,-0.0366260320582936,-0.427036814277008,-0.0882573926966666,0.091415313826999,-0.7628498240317623,0.2276030112666666,-0.0746446522330495,-0.7660151524828047,0.0512163821566666,0.0757771126797847,-0.7892136290420123,0.2501624772666666,-0.0761887882297268,-0.7942787416338623,0.0241744381483333,0.1228985212258145,-0.8130245448560925,0.2152082942666666,-0.057375910927403,-0.8196261217942173,-0.0685971334566666,nijmegen_nijmegen_rennen_g_ch1_g11_compr.mp4,ch1g11,1.824537891222588e-05,1.0666454780169272e-05,2.005242999339872e-05,5.428105656970692e-06,7.99445007940218e-06,1.312185906553642e-05,2.0469800422393076e-05,7.7911599482771e-06,1.423855982673826e-05,6.683268620327378e-06,1.3088729913412697e-05,1.2341966341230043e-05,1.9214244628669355e-05,2.011770846787946e-05,1.6356354074636222e-05,2.1311964075623657e-05,8.561097135977596e-06,1.3843634379512713e-05,1.1211585516870736e-05,1.950390197982855e-05,1.8123665015893823e-05,2.0038247344457775e-05,1.9266585691455623e-05,1.799863335489586e-05,6.014121282897823e-06,1.6396621935339811e-06,1.7536058107889448e-05,1.661997696543521e-05,9.140667673563732e-06,1.0127527438390789e-05,1.3944230527624138e-06,1.4567325265533476e-05,1.230056862785767e-05,2.6210523488612337e-05,1.2722786825515478e-05,1.218151384404712e-05,-1.040319871245711e-05,-1.5236907972360644e-05,-1.569063745187643e-05,-2.441748873852133e-05,-1.7382018843717257e-05,-1.2920586635355564e-05,-6.469506381657352e-05,-8.244891253731761e-05,-8.97019333210935e-06,-8.332840905162117e-06,-6.323925001303498e-05,-7.536971597613663e-05,5.458847071015178e-06,-1.7924299113707015e-05,3.57849749677957e-06,2.722558854741857e-05,-3.063708635190734e-05,3.963120563124897e-05,-6.590208665086884e-06,6.458319405539805e-05,-9.973088352520003e-06,1.5136085017667884e-05,-4.613370084220189e-06,6.238550856969419e-06,2.3489458366387924e-05,2.324133163637056e-07,-9.601618442563147e-05,2.739649672881554e-05,-0.0001273846266215,3.2244082589137506e-05,-0.0001275403396994,2.530336527608817e-06,4.989573755124762e-07,7.871105835430219e-07,5.142568892798356e-08,3.98672706525102e-08,4.087468808129294e-07,9.711352936763034e-07,5.1423564992681716e-08,-6.07368839866393e-08,4.646306840621736e-07,4.359200691044986e-07,4.937172508652686e-07,7.302591735381377e-08,2.4300627803341073e-08,5.0411057494599666e-08,-3.371487409226659e-07,1.0287820672879745e-07,-2.4838586964106917e-07,5.723607052100718e-07,1.0965603014088826e-07,1.826717361410316e-08,1.192997032578832e-06,-1.7785763593809687e-08,2.3054777867114552e-08,1.2185200137731636e-07,4.048969439637936e-07,7.832639733404423e-08,8.877844846928333e-08,4.247027668075706e-07,3.97665747394856e-07,6.463197776948585e-07,6.467552494023748e-08,2.545950575528254e-07,8.926756112101834e-07,-1.1303546089458153e-07,4.542941109800055e-08,-6.866006938442113e-08,-1.5308831406857123e-08,-1.9138459041659154e-07,2.8980317959995426e-08,-7.326163172962499e-08,-1.4166175297966506e-07,-4.6990136413593644e-08,-6.736554494310224e-09,-1.0680782676010295e-07,-2.6510691242615722e-08,-6.60213439402045e-08,-7.067565385490256e-08,-3.9179836553479814e-08,-2.855614273498872e-07,-3.040642305861154e-07,-8.771959525834298e-08,-5.2840626721296974e-09,-7.141837296527248e-08,-1.958753612404677e-08,-5.5882894620264794e-08,-6.479648100776547e-08,-4.335677475502195e-08,-1.208016812119775e-07,1.5417222761858158e-09,-5.1720660266897085e-08,-1.283866965314654e-07,-4.2158727235172096e-08,-1.0131926452885215e-07,8.276293501380991e-10,-4.902514662054927e-08,3.1586208723629355e-08,1.425355925738364e-07,movement,no movement,no movement,no movement
8083.333333333391,0.0149592431809278,0.3033977273087997,-0.2850593249666667,0.0233655198047038,0.3223993323278796,-0.2794161139666666,0.0262056472769858,0.3227423187250611,-0.2687310932333333,0.0246678290426333,0.3225556987260233,-0.2723245040333333,0.0071564378977026,0.3309696052488886,-0.3024357205333334,0.0088509284658548,0.3286433474961158,-0.3154842015,0.0124557451409589,0.3191505993748333,-0.2953048340666666,0.0492524041260462,0.3347100607640056,-0.1689374418666666,-0.0594564773594047,0.2974335555461579,-0.2113433886999999,0.0343040093931822,0.3024203795940609,-0.2275764276666666,0.0060666499687243,0.2744771177914399,-0.2693029990333333,0.1161959135679631,0.2213727880917722,-0.0225100424899999,-0.1268315060502919,0.2713171694270122,-0.03453738815,0.1568293251973488,0.0554994532846704,-0.0754355741633333,-0.1734439686843821,0.0328785736014373,-0.0535702103133333,0.1284130716457274,0.083178520414976,-0.1833494201666666,-0.1383010656176118,-0.0864639331415977,-0.1210354686666666,0.107377015889128,0.0991393691684302,-0.2004748864999999,-0.1011784320755145,-0.1098503301656825,-0.1656039650333333,0.0969660123830576,0.127064820520622,-0.2056192368666667,-0.0705564630297107,-0.0705160430808769,-0.1781762610666666,0.1266218955161983,0.0841413893887332,-0.1876228962999999,-0.1214662341646469,-0.0765591714139891,-0.134226531,0.0740147305149904,-0.1635567058691712,0.0546992295733333,-0.0713801228346791,-0.166371281189514,-0.0542163773233333,0.0931470698961726,-0.4936389568435017,0.0443646546199999,-0.0367493046919924,-0.427041927887624,-0.08809545979,0.0914266305647215,-0.7629465537421557,0.2283107936,-0.0748447308082759,-0.7659896165482433,0.0515620004333333,0.0757920069565177,-0.7893422890062529,0.2508881518999999,-0.0764094609394987,-0.7942470789330749,0.0245652454383333,0.1229060628086435,-0.8131550953113684,0.2158619893333333,-0.0577713721709219,-0.8196190847179218,-0.06820484822,nijmegen_nijmegen_rennen_g_ch1_g11_compr.mp4,ch1g11,1.8569968849676895e-05,1.1495784893657692e-05,1.987298674043233e-05,5.45628554056048e-06,8.393848170663504e-06,1.414365393694826e-05,2.0290915499545856e-05,7.625033580067999e-06,1.4608204951517729e-05,7.399012273649428e-06,1.3513747225789776e-05,1.2514267711877803e-05,1.900813827541478e-05,1.9934319470332424e-05,1.5868648392991263e-05,2.102809344873302e-05,8.03409252258865e-06,1.44227543240846e-05,1.146267085740095e-05,1.929026985728283e-05,1.9328077516139197e-05,1.979165772034397e-05,1.906126421863798e-05,1.7945182674803813e-05,6.510123097972344e-06,1.7198097189073994e-06,1.7454561615738726e-05,1.694246055998968e-05,9.497539337809142e-06,1.087467452764417e-05,1.4584301405338598e-06,1.471874616127596e-05,1.326895941758066e-05,2.647234583236944e-05,1.3182356615410692e-05,1.374045721707044e-05,-9.49352063724232e-06,-1.4648623456082876e-05,-1.496811869918366e-05,-2.4383435106744258e-05,-1.7037101218578176e-05,-1.2282274019874235e-05,-6.49219026768914e-05,-8.322849443176885e-05,-8.104287734968089e-06,-7.445576680134669e-06,-6.267856099040894e-05,-7.521694622710891e-05,7.919017308517809e-06,-1.707001937603234e-05,4.854752330819409e-08,2.9740335486530937e-05,-3.659997280134491e-05,4.2890531015073375e-05,-1.5125469950002207e-05,6.966571514750139e-05,-1.4790332602401637e-05,1.8063966722058463e-05,-4.427274905543773e-06,6.1822029861674545e-06,1.7981274854100017e-05,3.2541521583673527e-06,-0.0001008372634268,2.9801864606437804e-05,-0.0001319801551932,3.4999477536685855e-05,-0.0001331827392011,1.9903714651171927e-06,4.089266686103744e-07,7.993425949947636e-07,8.917616506149252e-09,4.3017992388289266e-08,2.049804056435276e-07,9.49349220649192e-07,5.210226110721841e-09,-2.436007721857218e-07,4.165189626544974e-07,4.1803768259690233e-07,3.13617348358822e-07,-2.5909404294028746e-10,-2.4264117533799984e-08,6.1799190147806244e-09,-4.015558861741357e-07,-2.895440609648662e-07,-5.496638596853629e-07,3.974468190079352e-07,6.916799993002788e-08,-3.4649545582766145e-08,1.1058457624446477e-06,-5.4074438267035043e-08,-2.20547191514e-08,1.0165464661770069e-07,2.6768336859089777e-07,7.98264078412724e-08,4.921353594668225e-08,2.196832908315142e-07,3.732910366815351e-07,4.563813047491529e-07,6.570262923068174e-08,2.105472385165994e-07,8.836277623353307e-07,-1.0414269450108269e-07,-8.470254461112574e-09,-2.1900958720649592e-08,-1.4827744198284704e-08,-1.750430180829515e-07,-3.6586400083854994e-08,-2.5902308254288074e-08,-1.284440371783243e-07,-7.562148467431948e-08,-2.6787514718257e-08,-1.4246643290744517e-07,1.2648508126578863e-09,-2.034725547961341e-08,-2.3742884297066706e-08,-5.2277086842676054e-08,-2.8067012253305097e-07,-1.8773489299374454e-07,-1.223158053590943e-07,1.7383322603057135e-08,-2.465592582833641e-08,-9.037340230305576e-08,-8.798340956010813e-09,-1.9217304608671418e-08,-9.524391341761267e-09,-1.2556907393271613e-07,-4.257190606669404e-09,-1.856898030902196e-08,-1.713674272325424e-07,-1.474103099590894e-08,-1.2461970916972816e-07,-3.936226608386009e-09,-3.3850647382708444e-08,-2.4181664757989237e-08,1.799758209696602e-07,movement,no movement,no movement,no movement
8100.000000000058,0.0152903970026169,0.3034063570548885,-0.2856280714666667,0.0237049001925561,0.3223846606548505,-0.2799254674333333,0.0265386418488127,0.3227222313947795,-0.2692450392666666,0.0249998641959213,0.3225352097347487,-0.2728344595333333,0.0074740770548246,0.3309381713269562,-0.3029560055,0.009168473241481,0.3286198395574086,-0.3160151338333333,0.0127779578174409,0.3191323638994672,-0.2958236498,0.0495585968131428,0.3346401674153493,-0.1693116194333333,-0.0592245459489411,0.2973400818471384,-0.2117296332333333,0.0346045198531302,0.3024071910619814,-0.2281137377333333,0.0063588642050921,0.2744641827277732,-0.2698617787,0.1164381896849468,0.2213084083577075,-0.0227061605199999,-0.1266891563614732,0.2712342572524646,-0.0348796116966666,0.1571007701764692,0.0555016359907064,-0.0755135809966666,-0.1733691790153114,0.0328555278600885,-0.0540172830233333,0.1287075348597095,0.0831675853711881,-0.1836386680999999,-0.1381132284565176,-0.0864330969776087,-0.1220238187333333,0.1076249957358214,0.0990885417645928,-0.2008906800666666,-0.10095665751552,-0.1098071760388856,-0.1667835990666666,0.0971569847313477,0.1270353438399053,-0.2060794577666666,-0.0702284269274935,-0.0704423807911419,-0.1793754478999999,0.1268572288135536,0.0841148032366082,-0.1879366655666666,-0.121226816098716,-0.0765397709173776,-0.133642033,0.074039538046841,-0.1635614653967317,0.0547050564233333,-0.0714091929385848,-0.1663647458567587,-0.0542185702766666,0.0930106478001006,-0.4936311214162716,0.0449780761933333,-0.0368747365959791,-0.4270413772607759,-0.08793194117,0.0914341657956509,-0.7630423739157541,0.2291275848666667,-0.0750421283018968,-0.7659419109373786,0.0519245393533333,0.075801996671937,-0.7894696394297228,0.2517248173333333,-0.0766257935067125,-0.7941918210240024,0.0249751218683333,0.1229125805204841,-0.8132847420570268,0.2166146638666666,-0.0581472977190261,-0.8196090945330141,-0.06779019485,nijmegen_nijmegen_rennen_g_ch1_g11_compr.mp4,ch1g11,1.890732679551986e-05,1.226037254430367e-05,1.974337695471511e-05,5.492089139583006e-06,8.276956862731402e-06,1.5073788916892147e-05,2.0152186027528044e-05,7.199518153522732e-06,1.5030328229173663e-05,7.890600257000667e-06,1.3815857700038746e-05,1.2765610878334226e-05,1.885603375078489e-05,1.979958088549267e-05,1.5522575213223025e-05,2.0723608941750443e-05,6.974495061342017e-06,1.4832392311465004e-05,1.1789753709911844e-05,1.9117206962423517e-05,2.0393175293008495e-05,1.9593125742917547e-05,1.891285856906789e-05,1.7937183979080832e-05,6.5425921089062384e-06,1.82498754324938e-06,1.7394766749571742e-05,1.717017939598266e-05,9.770415825795808e-06,1.1306241072128109e-05,1.5471143857109234e-06,1.4886269841922718e-05,1.412113494363107e-05,2.676275732772381e-05,1.3483464096585206e-05,1.258604422420248e-05,-1.1273083498331737e-05,-1.6921641949543246e-05,-1.7092284515406662e-05,-2.771783215747036e-05,-1.9979413541169688e-05,-1.4848024620745102e-05,-6.687975488250651e-05,-8.660000628274112e-05,-9.978635378774442e-06,-9.218536542383575e-06,-6.216333449039161e-05,-7.637820413687195e-05,8.214477687829428e-06,-1.5284964990686166e-05,-4.974075386292546e-06,3.2168903059511747e-05,-4.295928221254183e-05,4.6508741002766494e-05,-2.2601496772341632e-05,7.465805781245993e-05,-2.0944850319594567e-05,2.0740464742425145e-05,-3.982234908528196e-06,5.878045592916181e-06,1.461553474320075e-05,5.1960193595425385e-06,-9.959941188493918e-05,2.5253291637367668e-05,-0.0001298252133422,3.001207043805746e-05,-0.0001259429196724,2.278225545619705e-06,3.142256164999086e-07,7.666156514537901e-07,6.2830623707932195e-09,4.54622418497098e-08,3.6576277806065936e-08,8.847324115222685e-07,-7.752944511817762e-10,-4.25651375372406e-07,3.1863823589842085e-07,3.9259722572492515e-07,1.4545968175165422e-07,-1.7104100997279305e-08,-3.0068255465222814e-08,1.8626102479288946e-09,-4.898591046302595e-07,-6.298934197957699e-07,-7.308890873855394e-07,2.517482646888237e-07,7.56157081142826e-08,-4.3046561617060396e-08,1.0009731590585109e-06,-4.6868525018841115e-08,-2.6175421624704672e-08,1.0538280334436705e-07,1.401579259841813e-07,7.266487507149349e-08,4.048770148127615e-08,1.2519328731674746e-08,3.597789767344611e-07,3.258032759919201e-07,5.9143577182312696e-08,1.687730397177028e-07,8.409868257148189e-07,-1.0667958110082945e-07,-6.582421458148526e-08,1.3315813814993797e-08,-2.6553064692538605e-08,-1.211820137065256e-07,-9.875691730467778e-08,1.0508290973841165e-08,-8.940696011203325e-08,-1.1772860987992729e-07,-3.8987154705603955e-08,-1.9753387440506637e-07,4.98657817954645e-08,1.5474056684896033e-08,1.17052899455627e-08,-8.272010992280261e-08,-2.3601656710978887e-07,-1.4353123716908722e-08,-1.7892524309868125e-07,5.6675982530222003e-08,1.2989794081522606e-08,-1.491215116786486e-07,2.9164396684082138e-08,1.5595261541081383e-08,1.302354946779894e-08,-9.77668475272603e-08,-1.334099392580235e-08,7.692975048267114e-09,-2.3510770357144426e-07,9.001805729893157e-09,-1.671492196888201e-07,-1.180719640744026e-08,-2.7270786212168553e-08,-7.73106899366539e-08,2.591450198906285e-07,movement,no movement,no movement,no movement
8116.666666666725,0.0156213172318158,0.3034215077440015,-0.2861909926333333,0.024043818764164,0.3223771165864955,-0.2804312376666665,0.0268714016958543,0.3227089605641743,-0.2697553782,0.0253318359241104,0.3225218885584345,-0.2733406629,0.007790202367295,0.3309133185253929,-0.3034685121333334,0.0094838496434422,0.3286024320659694,-0.3165383573,0.0130979015525642,0.3191198551863513,-0.2963350179333333,0.0498654824372565,0.3345759086435474,-0.1696770576333333,-0.0589939079619934,0.2972493719148874,-0.2121113681999999,0.0349084526530867,0.3023997079166291,-0.2286481087666666,0.0066516688256763,0.2744562106794671,-0.2704127680333333,0.1166785345206526,0.221246300228657,-0.0228850966466666,-0.1265424037843746,0.271153316210461,-0.0352249348133333,0.1573541138157738,0.0555171356476624,-0.0755510496666666,-0.1732798510078701,0.0328501508941899,-0.05446416413,0.1289855691614347,0.083158910443761,-0.1838388642333333,-0.1379098435021149,-0.0863965072877786,-0.1229592259666666,0.107860594459731,0.0990401332746073,-0.2011900563,-0.1007266596481629,-0.109754637709454,-0.1678965399666666,0.0973352265747565,0.1270110523529518,-0.2064363788333333,-0.069900527134281,-0.0703589433421108,-0.1805070783333333,0.1270786644858937,0.0840912451178939,-0.1881660694666666,-0.1209770329753308,-0.076512936820231,-0.128906623,0.0740643332339129,-0.1635658992601884,0.0547223139566666,-0.0714383116041442,-0.1663583699360869,-0.05423192035,0.0928852712432533,-0.4936191048096763,0.0456155438933333,-0.0369991297102982,-0.4270227655596321,-0.0877229551166666,0.0914406363929664,-0.763127727429121,0.2299536282666667,-0.0752281232795331,-0.7659044358617805,0.0522445936933333,0.075809838274318,-0.7895831823975353,0.2525680541666667,-0.0768271488386223,-0.794150336049394,0.0253225518783333,0.1229158706664144,-0.8133893631466008,0.2173655239333333,-0.0584697145635138,-0.8195954022676761,-0.0674741797133333,nijmegen_nijmegen_rennen_g_ch1_g11_compr.mp4,ch1g11,1.9428803887827393e-05,1.3071366867075334e-05,1.984296350849683e-05,5.748173352170746e-06,7.968166668594194e-06,1.5969283700065575e-05,2.0239350662587154e-05,6.587070513267577e-06,1.554190448750962e-05,8.148760201248826e-06,1.3996541520581978e-05,1.2659612322900058e-05,1.89024021359254e-05,1.989585638205879e-05,1.5214414089819028e-05,2.0061445156800083e-05,6.269395107582627e-06,1.5093494309964716e-05,1.178151925950244e-05,1.914720397813542e-05,2.1347948884870276e-05,1.9605574212892868e-05,1.8970577436297375e-05,1.812407680374148e-05,6.3488666155357365e-06,1.9543395836413545e-06,1.74768675577596e-05,1.728519087083554e-05,1.022217741229527e-05,1.1575381685169832e-05,1.660903863324464e-06,1.5152556785493037e-05,1.498975225724194e-05,2.7095356580011653e-05,1.33832844759383e-05,1.0370962681199733e-05,-1.4289527234625782e-05,-2.057965505313219e-05,-2.0647000848940415e-05,-3.290769421588044e-05,-2.480175116516263e-05,-1.9280296765360673e-05,-7.023916476593278e-05,-9.28404528076522e-05,-1.3347821960917886e-05,-1.260529567562025e-05,-6.315847009774011e-05,-8.11861895500611e-05,6.592464353785351e-06,-1.500076438602783e-05,-1.0421417954034652e-05,3.439334306129065e-05,-4.817900193826604e-05,5.114687117023273e-05,-2.7568289232863846e-05,8.150395538841285e-05,-2.680053253655961e-05,2.376175775677743e-05,-3.6791428383230857e-06,5.7032245931997825e-06,1.2803268654220565e-05,1.0262739534113953e-05,-9.684787521035204e-05,2.231071159979339e-05,-0.0001262437621315,2.5833651577390043e-05,-0.0001148929050569,5.806963194252313e-06,2.2185560763943153e-07,6.822239709657875e-07,3.3013037239956924e-08,2.8791046419333684e-08,-2.7993175022808653e-08,7.710325100094613e-07,2.3089587412583966e-08,-5.234886824426091e-07,1.8200601615722753e-07,3.413486504526925e-07,2.5424193861023872e-08,6.580006315347444e-08,1.133970687665376e-09,2.6699798409000532e-08,-5.990751224161685e-07,-8.287202775493272e-07,-6.825224855151083e-07,1.8415570120206445e-07,1.6099560319294173e-07,-1.4379279186778476e-08,8.512954558397551e-07,-5.7965432366843225e-09,4.473908998761423e-09,1.2822034118423174e-07,8.307695836827267e-08,5.6245627423885545e-08,6.00601478057312e-08,-1.6872613896066689e-07,3.8122449501887033e-07,3.070679381712433e-07,4.4689024348689416e-08,1.4401529431486509e-07,7.545586569164984e-07,-1.2211168089175529e-07,-1.259691593692887e-07,2.6617715980445423e-08,-5.83797800010932e-08,-4.176576791463368e-08,-1.570376901728957e-07,2.5324105192651727e-08,-2.9459579346060378e-08,-1.644235714755807e-07,-4.028315109838937e-08,-2.564316953085752e-07,1.2922231875927348e-07,3.107920115929077e-08,2.5310218473540452e-08,-1.1569768542582252e-07,-1.456171545187539e-07,1.7019500873586294e-07,-2.4097333367604165e-07,1.2255367583576597e-07,3.04777007326667e-08,-1.984590420608803e-07,4.67066199609246e-08,2.9532025506709645e-08,1.7508155489968098e-08,-4.283670216208987e-08,-2.3712134146377088e-08,1.898199905322212e-08,-3.0337555360392244e-07,1.4366231047255988e-08,-2.1468430186213774e-07,-2.108809198387815e-08,-3.3355182262559417e-08,-1.3057372936064038e-07,3.531276097426543e-07,movement,no movement,no movement,no movement
8133.333333333392,0.0159508209680625,0.3034331818727384,-0.2866178830666667,0.0243820344511276,0.3223652004779992,-0.2808046826333332,0.0272035174050382,0.3226911678990641,-0.2701345849333333,0.0256632356305964,0.3225044093733802,-0.2737154042666667,0.0081052501291491,0.3308824690058446,-0.30384725,0.0097982267869213,0.3285794459220095,-0.31692405,0.0134168621809816,0.3191019538485232,-0.2967125010999999,0.0501749476727596,0.3345107626494502,-0.1699357939333333,-0.0587618370472435,0.2971548479983044,-0.2123861123333333,0.0352126155989375,0.3023891761908516,-0.2290523578999999,0.0069446090557278,0.2744443324338161,-0.2708294919,0.1169218480961667,0.2211872381945055,-0.0229656085466666,-0.1263877523991343,0.2710693964589283,-0.0354987755633333,0.1575966397004983,0.0555379193118466,-0.0754454473699999,-0.1731818118395569,0.0328429887130882,-0.0547720442233333,0.1292682549316514,0.0831483046216934,-0.1838785887333333,-0.1376901000310735,-0.0863588501032178,-0.1236056797999999,0.1081044656491829,0.0989866630386472,-0.2013249515666666,-0.1004771555112569,-0.1097013462877538,-0.1687039186333332,0.0975167163653883,0.1269835190221222,-0.2066331630666666,-0.0695569375496625,-0.0702742647318895,-0.1813486740666666,0.1273039022396583,0.0840653997077351,-0.1882337738666666,-0.1207105941768715,-0.076484295524785,-0.132274687,0.0740906257515258,-0.1635685178819075,0.0547447523733333,-0.0714692747232751,-0.166353514202055,-0.0542505674166666,0.0928052292712187,-0.4936010767376419,0.0462693833766666,-0.037139025060997,-0.4270059778202794,-0.08746157931,0.09151555119446,-0.7632129904141096,0.2307667389666667,-0.0754133832622915,-0.7658786925238873,0.0525529646566666,0.0758866291922221,-0.7896965949028528,0.2533902386333333,-0.0770214074250435,-0.794121738388737,0.0256489604816666,0.1229645729731839,-0.8134801158575151,0.2180858818333333,-0.0587419079041182,-0.8195853890226111,-0.0671968897166666,nijmegen_nijmegen_rennen_g_ch1_g11_compr.mp4,ch1g11,1.9723046980477187e-05,1.3677155551511169e-05,1.9979314832110617e-05,5.900430531454969e-06,7.802776832110612e-06,1.6565306972882465e-05,2.0359997255453495e-05,6.1100100375478235e-06,1.5723555023066144e-05,8.347955041071463e-06,1.3907210150497528e-05,1.2406459348599272e-05,1.8999949272626612e-05,2.0027635573667155e-05,1.4596673542472873e-05,1.898772944344917e-05,5.495135469997389e-06,1.503629311444883e-05,1.1658343883103045e-05,1.9230385639908178e-05,2.185065260924382e-05,1.9685055929231575e-05,1.907496062474576e-05,1.8335642601647827e-05,6.315243240169141e-06,2.002555289263422e-06,1.75983329502031e-05,1.6975215757931953e-05,1.0671623911919577e-05,1.1675086431785988e-05,1.7011274453588212e-06,1.5331359937377578e-05,1.5531857646537574e-05,2.6890527941463467e-05,1.3258932056511496e-05,9.665456405097651e-06,-1.537845823538453e-05,-2.2089510050383068e-05,-2.201897926504137e-05,-3.5186744390583155e-05,-2.695048743692742e-05,-2.130752345978487e-05,-7.071912259441164e-05,-9.48793229866544e-05,-1.4827178580291289e-05,-1.3907407766601793e-05,-6.231303929272464e-05,-8.313265402051173e-05,4.422454648109952e-06,-1.3768339646080555e-05,-2.0310097636013756e-05,3.6726043414107575e-05,-5.787556188413866e-05,5.506620108351851e-05,-3.829276567113504e-05,8.699365558016222e-05,-3.65651173642113e-05,2.7201700339948404e-05,-3.6303454813353623e-06,5.81253813897008e-06,1.457332950196042e-05,1.4365429691797431e-05,-9.420909310932862e-05,1.2561387394599862e-05,-0.0001224423360988,1.3703580200344208e-05,-9.910810646845028e-05,5.85327570237617e-06,1.0906704471414612e-07,5.323957062711183e-07,7.991041972537935e-08,-2.397430533115303e-08,-2.8939512364491813e-08,6.01046319806562e-07,6.808869913257049e-08,-4.806719430240263e-07,-6.735850269384514e-09,2.66657804669464e-07,-2.224326545152033e-07,2.201816444951614e-07,5.9157765688907553e-08,7.209069844571846e-08,-7.290166351453809e-07,-8.878264377259782e-07,-4.0869175162920825e-07,-4.0900290755917106e-08,2.952880654480361e-07,4.2296722042929664e-08,6.641345395808247e-07,6.405025684230625e-08,5.8965110242934893e-08,1.601268250700746e-07,5.995934959581655e-08,2.8136180389907125e-08,9.970712611767785e-08,-4.773323962963151e-07,4.085096413448212e-07,1.3753339457541136e-07,2.0431568576287705e-08,1.2099541761235777e-07,6.132319838213424e-07,-1.3404104192376642e-07,-1.7609258220965178e-07,2.317566101854193e-08,-8.459065424856987e-08,3.65146216365851e-08,-2.0016466944743733e-07,2.3928662729862913e-08,3.1693807033070006e-08,-1.9322497280367014e-07,-3.031326896389946e-08,-2.768724503655295e-07,2.2391834493614294e-07,2.846086070157682e-08,2.2338641222652163e-08,-1.357212869909042e-07,-1.8665937253182512e-08,3.458365786520771e-07,-2.598045219863086e-07,2.016764955430558e-07,2.9755510588510592e-08,-2.2873238506191118e-07,4.621520948394828e-08,2.52872720405669e-08,8.967753667493573e-09,1.4853692575545576e-08,-3.0160234505920996e-08,1.5770274966746085e-08,-3.330429309560171e-07,8.550217292223866e-09,-2.241912140727045e-07,-2.6896905722086577e-08,-4.693899302194391e-08,-1.7322317574697357e-07,4.092701282743535e-07,movement,no movement,no movement,no movement
8150.000000000059,0.0162542940175229,0.3034438847960197,-0.28695711,0.0246929723276141,0.3223524025601308,-0.2811079196333333,0.0275093427037829,0.3226722838671275,-0.2704441993,0.0259685977571042,0.3224861060155388,-0.2740219273666667,0.0083971557841565,0.3308521593977659,-0.3041437483333334,0.0100906511455101,0.328556550334045,-0.3172238683333332,0.0137120530906803,0.319083920833054,-0.2970072391,0.0504849042691255,0.3344492397236755,-0.1701612815333334,-0.058530003168818,0.297069736464697,-0.2125858941999999,0.0354987706358927,0.3023780152127551,-0.2293752933999999,0.0072229036099707,0.2744322648739389,-0.2711476307,0.1171714616790653,0.2211275259743833,-0.0230331134766666,-0.1262167420830012,0.2709956084291973,-0.03572093946,0.1578157889375195,0.0555309168119785,-0.07534344619,-0.1730801199699286,0.0328227351011207,-0.0550680122166666,0.1295267401575474,0.0831125472378435,-0.1839411547333333,-0.1374571828030237,-0.0863387051446363,-0.1242309903999999,0.1083349034270156,0.0989133869720274,-0.2014745229666666,-0.100213831352979,-0.1096641088560533,-0.1694711073999999,0.0977066378885418,0.126922921181488,-0.2068329816666666,-0.069196714137743,-0.0702027328969117,-0.1821247394333333,0.1275194490106056,0.0840149426748808,-0.1883196239333333,-0.1204275664259014,-0.0764698102662019,-0.137640283,0.0741174970790894,-0.1635728044069762,0.0547658325499999,-0.0715007240554684,-0.1663468879883627,-0.0542679057866666,0.0927218241340249,-0.4935941285327073,0.0466356063566666,-0.0372988617338981,-0.427000080689034,-0.087396459,0.0915874396195604,-0.7633294401216665,0.2311888322666667,-0.0756078531681288,-0.7658865625275448,0.0525606065933333,0.0759607179484991,-0.7898381873900001,0.2538129975,-0.077223207202133,-0.7941284709328701,0.0256634919716666,0.1229673252512991,-0.813585668660299,0.2184123191,-0.0590214675344535,-0.8195904343364977,-0.0672625395133333,nijmegen_nijmegen_rennen_g_ch1_g11_compr.mp4,ch1g11,1.983281521055569e-05,1.4172691003870737e-05,2.0236530001831296e-05,5.7630047642709875e-06,7.689701423450533e-06,1.7074608947135073e-05,2.060092129554282e-05,5.582739074066205e-06,1.5599914299661847e-05,8.51108584946655e-06,1.3487311573206956e-05,1.2346234645832597e-05,1.9217022538969517e-05,2.0277379830266407e-05,1.379721087755572e-05,1.7757392696677398e-05,4.936677536215386e-06,1.4761384579485375e-05,1.1703573004281937e-05,1.943207875698189e-05,2.235977108651268e-05,1.9933283110496256e-05,1.929142908070732e-05,1.863140483178549e-05,6.222006640678121e-06,2.000434070223952e-06,1.7810638056768225e-05,1.6273255290878164e-05,1.109295968185631e-05,1.153348984913522e-05,1.6956993402115986e-06,1.544036478752094e-05,1.607791690129751e-05,2.6253747541371016e-05,1.3254696816721215e-05,8.492850567424914e-06,-1.65959627936313e-05,-2.3576605651239873e-05,-2.337261897612304e-05,-3.754841092471664e-05,-2.926293381652578e-05,-2.3664806868844317e-05,-7.042611194165571e-05,-9.72476551906242e-05,-1.653523808675435e-05,-1.5777258519060808e-05,-6.060991408010745e-05,-8.595744093324162e-05,4.430561239430238e-06,-1.3930169942524432e-05,-3.029056169164974e-05,3.6964773479948257e-05,-6.93519526340637e-05,5.557340780852048e-05,-4.965536045328854e-05,9.045508059593684e-05,-4.5784044904061115e-05,2.9380004445638946e-05,-3.734091377489672e-06,6.085669446024436e-06,1.747566835236705e-05,1.796448129039047e-05,-9.21956407610195e-05,4.646693348922274e-07,-0.0001193878643729,-1.134595720775679e-06,-8.568446789322671e-05,3.275968217382316e-06,-9.094063720616912e-09,3.374790219248627e-07,1.596569779210152e-07,-1.233178387388334e-07,4.6121951374314236e-09,3.870701678653037e-07,1.5026688673485504e-07,-3.699710241123456e-07,-2.042666640286335e-07,1.901591102568077e-07,-4.580812347268079e-07,4.585714130560577e-07,1.4056112374179845e-07,1.5160440657992714e-07,-8.122901611811451e-07,-8.2468819526182e-07,3.1766882670367396e-08,-2.632691996083062e-07,4.962271460120696e-07,1.2795612391083002e-07,4.323626077017433e-07,1.6379095040558377e-07,1.3664261519031557e-07,2.0274910738138289e-07,5.5349895377499866e-08,-8.250602159889168e-09,1.4767156645713898e-07,-7.590814351186704e-07,3.99340575794633e-07,-6.383077363138546e-08,-1.1717222255068328e-08,8.516605332691794e-08,4.2672554762627187e-07,-1.3944424122036098e-07,-2.1436529094251965e-07,-8.968691117394167e-10,-9.03491461698896e-08,1.1080195939419604e-07,-2.34239473486542e-07,1.617041159293233e-09,8.808380550843555e-08,-1.981128507499384e-07,-1.52508430879867e-08,-2.3156505581209825e-07,2.968932167705801e-07,4.171922119815052e-09,-1.2418669919045747e-09,-1.3940435267947718e-07,1.201306478722787e-07,4.863475650478801e-07,-2.165232858182425e-07,2.624842215007636e-07,7.187941483245245e-09,-2.5878437551408953e-07,2.1023908401009585e-08,6.336206131964233e-11,-1.5970149824929402e-08,7.692786984489538e-08,-3.2281398484174585e-08,-5.495440179745258e-09,-2.903864789065931e-07,-7.93720944644598e-09,-1.770395008603461e-07,-2.8905538608259193e-08,-6.482281445532388e-08,-2.1263931687470544e-07,3.973327658930893e-07,movement,no movement,no movement,no movement
8166.666666666726,0.0165881022511239,0.3034452790379913,-0.2874012083333334,0.0250430391541873,0.3223267020009008,-0.2814875704333334,0.0278533317234678,0.3226387841141124,-0.2708315639,0.0263118081719777,0.3224527906333151,-0.2744018503666667,0.008720776710482,0.3308028027900994,-0.3045253879333334,0.0104139851869075,0.3285161058834486,-0.3176143778333332,0.0140393661009272,0.3190497132574832,-0.2973881257,0.0508225242749406,0.334368223729256,-0.1704062268333334,-0.0582867589450013,0.2969620338752874,-0.2128286822999999,0.0358125660359482,0.3023511113827971,-0.2297908048333332,0.0075197696122647,0.2744081351118737,-0.2715685617,0.1174333551686079,0.2210611240164079,-0.0230994007966666,-0.1260556700871341,0.2708967355050136,-0.0359716680133333,0.1580393196872975,0.0555253612196152,-0.0752666313633333,-0.1729718844561389,0.0327961469053411,-0.0553771545633333,0.1297965159955265,0.0830766433460476,-0.1841499821,-0.1372132313587007,-0.0863094926532341,-0.1248849849666666,0.1085802067212843,0.0988407001959928,-0.2018073925666666,-0.0999448427639183,-0.1096152681082503,-0.1703132460333332,0.0979044711998058,0.1268684395021691,-0.2072312579333333,-0.0688281875999377,-0.0701179787819355,-0.1830008109999999,0.1277426937591979,0.0839638897509891,-0.1885668516,-0.120133259192481,-0.0764473424372528,-0.140007988,0.0741486023785896,-0.1635758616240516,0.0547898383199999,-0.0715369008828686,-0.1663412978443,-0.0542874892633333,0.0926397397777026,-0.4935668510453485,0.04720133689,-0.0374465461153425,-0.4269808056838658,-0.0871226799666666,0.091663747199327,-0.7633948149498527,0.2320065418,-0.0758039852224944,-0.7658853559427824,0.0528398670199999,0.0760395973571974,-0.7899285351811205,0.2546540826333334,-0.0774272543172183,-0.7941263721547602,0.0259611353416666,0.1229771289941436,-0.8136529661256562,0.2191519938666666,-0.0593023782027961,-0.8195863618850839,-0.0670501638166666,nijmegen_nijmegen_rennen_g_ch1_g11_compr.mp4,ch1g11,1.9709781062629017e-05,1.439546219236297e-05,2.0489704609935532e-05,5.561728421008894e-06,7.757709417477513e-06,1.731591476964299e-05,2.0844465503155857e-05,5.1677710601275805e-06,1.5172224023849e-05,8.6432385220399e-06,1.298923808250052e-05,1.2494352033134098e-05,1.945202472215225e-05,2.0519633083013335e-05,1.2699864630328736e-05,1.6406521492656795e-05,5.099511907852305e-06,1.4495620759222284e-05,1.1917999938781997e-05,1.9657691091328317e-05,2.2639141272658927e-05,2.021345330998421e-05,1.9522547971920153e-05,1.890754900572056e-05,6.3251567821522535e-06,1.9481483033921737e-06,1.8032715590848742e-05,1.5363660213288077e-05,1.1502871360025412e-05,1.149777096322656e-05,1.644343911539429e-06,1.5501688264723663e-05,1.6380996113424603e-05,2.520894229313986e-05,1.3492454589866674e-05,6.7853729906953776e-06,-1.785905881653196e-05,-2.486171446146651e-05,-2.4488257671066585e-05,-3.973958065677564e-05,-3.1544491043886184e-05,-2.6158291344649563e-05,-6.818486362150406e-05,-9.91109951707426e-05,-1.792923141669538e-05,-1.7882493246916516e-05,-5.726262349675281e-05,-8.930374258492024e-05,4.525541974068347e-06,-1.7467482789731405e-05,-4.507827775347099e-05,3.460985640315912e-05,-8.741595228938566e-05,5.236421858922446e-05,-6.720207953299289e-05,9.090518376300762e-05,-5.949523372832693e-05,2.9627636016707765e-05,-4.042032817688085e-06,6.577990215321649e-06,2.2009836230439764e-05,2.107990847656123e-05,-9.034742119122807e-05,-1.0834624214657714e-05,-0.0001163951470751,-1.4914575212168642e-05,-7.700766342852104e-05,-4.037449176298922e-08,-1.80101190609308e-07,9.36073502317599e-08,1.4162037811512754e-07,-2.619632999728935e-07,1.5810646858553538e-07,1.1931756391635617e-07,1.351075837749263e-07,-2.277489497173097e-07,-4.140891805365337e-07,1.5254646869483513e-07,-6.861184673288822e-07,7.774041533068342e-07,1.316327417425246e-07,1.3316012184792574e-07,-9.287154150720956e-07,-6.366547984813525e-07,6.365794690161124e-07,-4.995505466774733e-07,7.669742372940002e-07,1.2353895491000481e-07,1.4164083142492616e-07,1.7507049113979704e-07,1.2208139068589377e-07,1.68286065946131e-07,1.5786877070394426e-07,-5.0679922422643496e-08,1.339428035941886e-07,-1.0387453304297553e-06,3.9907098753858004e-07,-2.538288506269087e-07,-4.962130497047286e-08,7.80897568446045e-09,1.877314203336771e-07,-1.3704548755894022e-07,-2.4273754868509096e-07,-4.1253280503262206e-08,-8.10881699987003e-08,1.5964840197962637e-07,-2.6258218929337453e-07,-3.752041645573924e-08,1.2614218838646684e-07,-1.7793083273346137e-07,-4.252701375627835e-10,-1.386560898632662e-07,3.2170991166950197e-07,-3.8730547520925033e-08,-4.104798505218615e-08,-1.167806079113197e-07,2.3518423905104426e-07,5.479407061966788e-07,-1.2799011640184325e-07,2.8205872397141873e-07,-3.4374438046347804e-08,-2.9489307806490793e-07,-2.4573182004755937e-08,-4.304074679141e-08,-5.3680753209606045e-08,1.2064042697934125e-07,-2.9551897531010734e-08,-4.261093912359963e-08,-1.896125762813247e-07,-3.310555830314037e-08,-9.769352694456425e-08,-2.659735328906819e-08,-8.638403165109422e-08,-2.494994660451035e-07,3.3924541017317186e-07,movement,no movement,no movement,no movement
8183.333333333393,0.0169326199256077,0.303449773393626,-0.2876699636666667,0.025400553599662,0.3223048813200576,-0.2816904040333334,0.0282049330778588,0.322609439111037,-0.2710422136666667,0.0266627232505611,0.3224237435619498,-0.2746075887333333,0.0090518448831563,0.3307586856987464,-0.304746454,0.0107443330494674,0.3284801781306036,-0.3178400380333333,0.0143744319278067,0.3190196489155816,-0.2976080916999999,0.0511578338766816,0.3342936307481386,-0.1704756012,-0.0580451071175697,0.2968605255479419,-0.2129556466666666,0.0361364987309069,0.3023287641294735,-0.2300263156999999,0.0078254875473351,0.2743873251287314,-0.2718280246333334,0.1176881922499863,0.2210025459417754,-0.0229884263233333,-0.1258945943905949,0.2708013374841889,-0.0361352191833333,0.1582615409791556,0.0555290682158638,-0.0749610751066666,-0.1728587921141806,0.032770423727825,-0.0555717847166666,0.1300633058054834,0.0830394217664793,-0.1841054465,-0.1369582753587141,-0.0862783125891133,-0.1253026709666666,0.1088226601943529,0.0987650306783538,-0.2018685509333333,-0.0996603808368597,-0.1095650361701492,-0.1708774566666666,0.0980969375977428,0.1268117528023145,-0.2073418289999999,-0.0684537700839447,-0.0700298822421333,-0.1835871230999999,0.1279624870236091,0.0839117356562519,-0.1885538498333333,-0.1198305934943205,-0.0764219859300479,-0.143324792,0.0741795535616726,-0.1635790570170379,0.0548238175633333,-0.071572811145896,-0.1663356143458297,-0.0543170673233333,0.0925567934685987,-0.4935405397923934,0.0477863521666666,-0.0375808033045059,-0.4269524549187861,-0.0867594589466666,0.0916999533586951,-0.7634958310878267,0.2328143695,-0.0760038475403931,-0.7659106383536971,0.05316681675,0.0760738658419623,-0.7900565736810234,0.2554753492,-0.0776368113351765,-0.7941610916658254,0.0262916392749999,0.1229644577276308,-0.8137345862961993,0.2198755615,-0.059582171975199,-0.8195927618934623,-0.06681579177,nijmegen_nijmegen_rennen_g_ch1_g11_compr.mp4,ch1g11,1.934540898208916e-05,1.4240280706365254e-05,2.0532558678879993e-05,5.141591375139496e-06,8.384242755285913e-06,1.720501704618782e-05,2.0890231900056075e-05,4.985605579565459e-06,1.4537618247411452e-05,8.871869087363126e-06,1.2112626912054292e-05,1.3603799790678792e-05,1.948935061924878e-05,2.0554265346595713e-05,1.1618189496791071e-05,1.5999790063574107e-05,6.437895874070674e-06,1.3804664490867384e-05,1.2983609315449529e-05,1.9689612479849824e-05,2.2683734503577073e-05,2.031774968223528e-05,1.95470301130941e-05,1.8985148759605236e-05,6.883181851101219e-06,1.8625278626123576e-06,1.80879648039888e-05,1.405419620878587e-05,1.1824208586828003e-05,1.1120059711889411e-05,1.5617338135698268e-06,1.5393838008923674e-05,1.6400424635933294e-05,2.3700723928255544e-05,1.4695315690775647e-05,6.183210742896487e-06,-1.8037422957796696e-05,-2.4901943075854657e-05,-2.441935871414613e-05,-4.067650648510008e-05,-3.25759358515472e-05,-2.745828473823594e-05,-6.524770868433688e-05,-0.0001002165560831,-1.8107237585281904e-05,-1.8956330734269533e-05,-5.401193256533539e-05,-9.204733488672422e-05,4.3681254794863176e-06,-2.1341930475309196e-05,-5.53678736778942e-05,3.37852231177559e-05,-9.98949166276929e-05,5.022060151471633e-05,-7.899102676690258e-05,9.279454401606804e-05,-6.857410323363031e-05,3.1237380524228046e-05,-4.435231561759371e-06,7.117819059086582e-06,2.626094338155488e-05,2.2228295274475e-05,-9.183258918792836e-05,-2.1369427712688456e-05,-0.0001174916843648,-2.7613503282951777e-05,-7.141957377945497e-05,-4.9215041457189195e-06,-3.616022250892992e-07,-1.6164493737705e-07,7.522404061065772e-08,-4.128543604518906e-07,3.937314550419199e-07,-1.5691642187757666e-07,7.246334963842362e-08,-5.9200333557261663e-08,-6.026859895049453e-07,1.69084147162571e-07,-8.281376765317303e-07,1.1259260769554964e-06,7.498824589336341e-08,6.680146316906578e-08,-1.099506401221174e-06,-3.43842053843755e-07,1.2862010660579323e-06,-6.421489175907479e-07,1.0686057108250425e-06,7.116096971855199e-08,-1.586786275596809e-07,1.3336861210579336e-07,6.0193050215449e-08,9.131731598656557e-08,3.496477063393484e-07,-8.58306120052783e-08,7.88895924240499e-08,-1.2314543553191583e-06,3.708001403982846e-07,-3.447709316427645e-07,-8.154581276508943e-08,-8.426498469472086e-08,-6.891527993833493e-08,-1.2011816425597418e-07,-2.474125355483948e-07,-8.220465310497913e-08,-6.319019324283873e-08,1.7814395382114902e-07,-2.713272906056954e-07,-7.825876611800038e-08,1.425436011314497e-07,-1.324843294040571e-07,7.235333863389603e-09,2.528176971562787e-10,2.717188028500897e-07,-8.405908114126498e-08,-8.16974340832125e-08,-7.628394825456431e-08,2.823954141948961e-07,5.250072303335152e-07,7.70189568759552e-09,2.359427629447139e-07,-7.900931201670208e-08,-3.1898142479308853e-07,-7.546611429131669e-08,-8.724038852800828e-08,-9.069109714400429e-08,1.4370764104760137e-07,-2.203533117121388e-08,-8.257221971988677e-08,-3.832651778445121e-08,-6.259829399642909e-08,2.5188039088859778e-08,-1.9839741392254312e-08,-1.0100327346542293e-07,-2.672157632790528e-07,2.692473323829596e-07,movement,no movement,no movement,no movement
8200.00000000006,0.0172783158222413,0.3034554787803531,-0.2878238509333333,0.0257545079462333,0.3222862804171433,-0.2818027607666667,0.0285534699582671,0.322583899890058,-0.2711607186,0.027011020418562,0.3223985088455162,-0.2747257092333333,0.0093831166065973,0.3307172385593661,-0.3048850874333333,0.0110750150694497,0.3284469121274954,-0.3179795914,0.0147094994531289,0.3189915253275736,-0.2977452896666666,0.0514717778393846,0.3342284600644837,-0.1705112373333334,-0.0578026155717671,0.2967607637444455,-0.2130769997333333,0.03646054089119,0.302310141823419,-0.2301554153666666,0.0081339243318539,0.2743677052982635,-0.2719912966333334,0.1179190929984521,0.2209486230363064,-0.0228479029733333,-0.1257082448996311,0.2707124646041654,-0.0363178707866666,0.1584406381748937,0.0555340484918212,-0.0745935359999999,-0.1727828575842417,0.032751666844349,-0.0557900400366666,0.1302726904052684,0.082984669220066,-0.1837689634,-0.1367334248498921,-0.0862411374060293,-0.1256167655666666,0.1090060006247542,0.0986673668244585,-0.2015304977333333,-0.0994011529910446,-0.1095128060707903,-0.1712723955666666,0.0982494566778898,0.1267342517282219,-0.2070231269333333,-0.0680958158191302,-0.0699399572942104,-0.1839607205333333,0.128138858287807,0.083844225871745,-0.1882239783666667,-0.1195572523074549,-0.0763872250487843,-0.142973304,0.0742022349525344,-0.1635844974892291,0.05486690216,-0.0715995357942884,-0.1663275793597563,-0.0543575996,0.0924720259593993,-0.4935142647728832,0.0482206787966666,-0.0377137938365063,-0.4269282383290146,-0.0866304367466666,0.0916915882935028,-0.7635985674030751,0.2331567679,-0.0762298027881713,-0.765948092053772,0.0530896997666666,0.0760569772786304,-0.7901853150600471,0.2557908594333333,-0.0778765711802571,-0.7942086589985965,0.0261983865649999,0.1229036121352935,-0.8138074086438658,0.2201561980666666,-0.0598535490580357,-0.8196008985664373,-0.0669537755299999,nijmegen_nijmegen_rennen_g_ch1_g11_compr.mp4,ch1g11,1.8961674676981285e-05,1.4063480768114097e-05,2.0586706051342113e-05,4.695427602108835e-06,8.938613272606566e-06,1.7100619392571577e-05,2.0949430145762124e-05,5.091484918791174e-06,1.3936014138362408e-05,8.948267857239566e-06,1.1238839134269869e-05,1.527859435836206e-05,1.954820450887524e-05,2.0600334017892056e-05,1.0510773561661808e-05,1.6302051718574407e-05,8.042566566663041e-06,1.321747952909641e-05,1.4505937768249463e-05,1.975314363027258e-05,2.271724335340854e-05,2.0432458269597895e-05,1.958713181559047e-05,1.904990411398396e-05,7.3577197353536015e-06,1.7635575008803338e-06,1.8158361644226225e-05,1.2773762831824912e-05,1.2136233238805587e-05,1.0850726107004844e-05,1.4655487616636689e-06,1.5282467917467313e-05,1.64209078523108e-05,2.2214272651383415e-05,1.6265247315683155e-05,6.151429134444057e-06,-1.7375722851412684e-05,-2.397014411473075e-05,-2.341567117570911e-05,-4.046579957392717e-05,-3.2509697335300205e-05,-2.773214205363537e-05,-6.126876499807603e-05,-0.0001006815460728,-1.7343864545256575e-05,-1.9325604249885485e-05,-5.082395222392925e-05,-9.49486204435323e-05,4.604712305999093e-06,-2.5014727663396137e-05,-6.565407155306789e-05,3.419994722514911e-05,-0.0001142491035708,4.82549867684674e-05,-9.262794741911272e-05,9.40971668736108e-05,-7.779927188821113e-05,3.3464455845487744e-05,-4.947500803196602e-06,7.755667584957949e-06,2.802864487405821e-05,2.3177616787348553e-05,-9.411910634668069e-05,-2.7541888214253777e-05,-0.0001194510654499,-3.5230226680559814e-05,-7.296716253934495e-05,-1.040469750842896e-05,-4.839848768509474e-07,-3.855675143970995e-07,-3.9718030856270684e-08,-5.088750479312723e-07,6.351414315185824e-07,-3.940736247591601e-07,-3.671554326569055e-08,8.474007607380186e-08,-7.402180103793154e-07,2.2888003847690345e-07,-8.820295405793348e-07,1.459075368802491e-06,-4.068920083909244e-08,-4.7092719243467e-08,-1.1838626885746216e-06,2.238249083179115e-08,1.8599324706248492e-06,-6.99343223614209e-07,1.3635143538901107e-06,-3.9450748954551246e-08,-4.436074981121012e-07,2.7158123085666143e-08,-5.888257693979104e-08,-2.6301127089809073e-08,5.602906610354412e-07,-1.014736506307498e-07,-2.573018619831483e-08,-1.3086111763917408e-06,2.813522482395541e-07,-4.186878599032833e-07,-9.6451114255447e-08,-1.969202277108888e-07,-3.154285781350234e-07,-9.395602630027401e-08,-2.314605772893786e-07,-1.2098463659533038e-07,-4.4658745078006994e-08,1.7387451790791697e-07,-2.637214297327761e-07,-1.1760979480659049e-07,1.261802741550889e-07,-7.894897269213684e-08,8.750413283507226e-09,1.496225968253759e-07,1.5574111436447582e-07,-1.2846439598014392e-07,-1.2022392312163728e-07,-2.1380006577913903e-08,2.5418737386543736e-07,4.2422270567282393e-07,1.4942022925140248e-07,1.325546374201847e-07,-1.2347685772408188e-07,-3.297366624457647e-07,-1.2614498653262776e-07,-1.2943477436863008e-07,-1.238561476868394e-07,1.4987400220382894e-07,-1.2088604382579286e-08,-1.218622829823334e-07,1.278369167265656e-07,-9.1388664747394e-08,1.4982484456491578e-07,-1.0786216599735525e-08,-1.1372694649974864e-07,-2.65882849776544e-07,2.690126099470085e-07,movement,no movement,no movement,no movement
8216.666666666726,0.0176287553617154,0.303463480461652,-0.2881158401666667,0.0261141666963681,0.3222692400102695,-0.2820482027333333,0.0289060726012625,0.3225596668681981,-0.2714106689,0.027363447442579,0.3223745827861108,-0.2749748099666667,0.0097164535275878,0.3306767247902129,-0.305162105,0.0114083210497848,0.3284148049870518,-0.3182641508999999,0.0150466301831613,0.3189645391990897,-0.2980231496333332,0.0517821845396444,0.334165937929661,-0.1706512759666667,-0.0575680995788621,0.296665800331641,-0.2133314296333333,0.0367826895253343,0.302293761489386,-0.2304096376333332,0.0084393734329903,0.2743512417543451,-0.272291708,0.1181436900112446,0.2209017075741404,-0.0228246828666666,-0.1255367140038968,0.2706331144092359,-0.0366143612999999,0.1586238674746682,0.0555364592034374,-0.0744908367,-0.1727446014459232,0.0327420779061803,-0.0562108303266666,0.1304735086951102,0.0829124639180244,-0.1839257569,-0.1365188122500636,-0.0861915332482635,-0.1262974329666666,0.1091805949312185,0.0985520049487578,-0.2017643575666666,-0.0991510484891545,-0.1094444678687702,-0.1721030841333333,0.0983918331275379,0.1266408677290721,-0.2072731271666666,-0.0677400397725966,-0.0698309375969845,-0.1847750515999999,0.1283051455523013,0.0837563357134473,-0.1883984689666667,-0.1192903188893321,-0.0763426110455606,-0.142852038,0.0742257076602921,-0.1635896866614908,0.0549064882099999,-0.0716274351105286,-0.1663196565223065,-0.05439452058,0.0923903646395932,-0.4934907806952253,0.0487114066933333,-0.0378584649347557,-0.4269079024185212,-0.0863320637,0.0916722332543991,-0.7637016175021656,0.2336167637666667,-0.0764816238412294,-0.7659788987946571,0.0533789259666666,0.0760264110758997,-0.790315213672335,0.2562356749666666,-0.0781424412903796,-0.7942486509730025,0.0265015828516666,0.1228122059243739,-0.8138906337461301,0.2205261964,-0.0601745743283495,-0.8196112870983031,-0.0667100797066666,nijmegen_nijmegen_rennen_g_ch1_g11_compr.mp4,ch1g11,1.83835031540397e-05,1.366902453177048e-05,2.0482226722900963e-05,4.219807115268183e-06,9.585292495715872e-06,1.6726289129012428e-05,2.0846360283632297e-05,5.340592299534576e-06,1.313391337095373e-05,9.165791850089852e-06,1.0815471802230504e-05,1.707379280642237e-05,1.9477360124402985e-05,2.0486017263259453e-05,9.395764117858164e-06,1.6586993703320265e-05,1.0055306035231554e-05,1.3177645603270106e-05,1.616341319483208e-05,1.9682380908658245e-05,2.2269263258140815e-05,2.041136956029916e-05,1.9489858381339294e-05,1.894937453851842e-05,7.938990586833115e-06,1.6512340908076382e-06,1.811108253951805e-05,1.192671379507218e-05,1.237796068600546e-05,1.1226189896020296e-05,1.359414754593441e-06,1.5075751035082792e-05,1.609643473847271e-05,2.0860869805648256e-05,1.800787321270051e-05,8.756135804024227e-06,-1.4041388187272076e-05,-2.008625344266941e-05,-1.9478756128273647e-05,-3.632114275785269e-05,-2.876701615368605e-05,-2.4516415681176218e-05,-5.4864367544847674e-05,-9.608751388701916e-05,-1.387656948164908e-05,-1.6818073018630443e-05,-4.692366970977378e-05,-9.475161928560386e-05,1.7716890319977428e-06,-3.045449412611068e-05,-8.72589281317764e-05,3.1623503657879175e-05,-0.0001421755773077,4.2803970720412984e-05,-0.0001240831062832,8.945233057679052e-05,-9.867884393321244e-05,3.252613365286581e-05,-5.690281827140366e-06,8.607598107399985e-06,2.7266369869522616e-05,2.335972834230888e-05,-9.83428670348674e-05,-3.313360273824376e-05,-0.0001227664551983,-4.173220285631948e-05,-7.654513023469466e-05,-1.5613349191053437e-05,-5.656840208372209e-07,-5.863671247716112e-07,-1.989980325689018e-07,-5.028944046764423e-07,8.219794642990995e-07,-6.150716983715243e-07,-1.9209638010641974e-07,1.941013437712946e-07,-8.105774788418375e-07,2.8610887976661836e-07,-8.305715893093994e-07,1.6490739383686583e-06,-2.0827332800762833e-07,-2.047113124618964e-07,-1.203871039747214e-06,2.9525428475274005e-07,2.222419345544717e-06,-6.485625333689788e-07,1.5366898945770226e-06,-2.019262203234367e-07,-7.402454930856144e-07,-1.4019262811935228e-07,-2.266504807546161e-07,-1.735272392780522e-07,7.382265514630364e-07,-1.067840327423168e-07,-1.7136709959463409e-07,-1.2647294656431743e-06,1.78803634236333e-07,-4.105787790505628e-07,-1.0194093483279752e-07,-3.135871427312065e-07,-5.570498770539942e-07,-5.2780590481736406e-08,-1.83721024358749e-07,-1.406495607330331e-07,-2.7021069852933683e-08,1.4191698014724844e-07,-2.2295797311842115e-07,-1.3853038236265485e-07,8.375734887617917e-08,-1.6054496888215615e-08,-6.408102275210376e-09,2.962905077418268e-07,-5.501690336671483e-10,-1.5329664196628864e-07,-1.3973222700206692e-07,4.4878230396359056e-08,1.7567175819496658e-07,2.507574302851829e-07,2.846456799366025e-07,-8.027451661972487e-09,-1.48893440400431e-07,-2.982368813740953e-07,-1.585434592785587e-07,-1.510936775838652e-07,-1.387333000899851e-07,1.3064080744755638e-07,-8.58469075533427e-10,-1.446518409525673e-07,2.940246283210733e-07,-1.1242999709922465e-07,2.701133822467493e-07,-4.998685941676644e-10,-1.1153228218656409e-07,-2.2510804941726434e-07,3.506395451603813e-07,movement,no movement,no movement,no movement
8233.333333333392,0.0179728848384716,0.3034809571059466,-0.2881290108000001,0.026462070292382,0.3222652877202269,-0.2820250363666666,0.0292476507546763,0.3225503713601759,-0.2713925242666666,0.027704773588517,0.3223656477622018,-0.2749595571666666,0.0100399847656427,0.330650160041228,-0.3051771184,0.0117330579916214,0.328395909438845,-0.3182845952999999,0.0153748368449307,0.3189490338530409,-0.2980418555666667,0.0520750811735707,0.3341191047936378,-0.1706157928333333,-0.0573450235615796,0.2965693126010071,-0.2134284297333333,0.0370987359668191,0.3022881433722367,-0.2304118688333332,0.0087421555849457,0.2743413087917682,-0.2723497420666667,0.1183467618169949,0.2208549715393308,-0.02269511963,-0.1253556291330587,0.2705253904166863,-0.0368512786666666,0.1587680834344529,0.0555336353421748,-0.0743902506333333,-0.1726958843364659,0.0327088217623251,-0.05657544026,0.130630334998405,0.082819926019524,-0.1842731829333333,-0.1363060136423054,-0.0861437245709229,-0.1267621458,0.1093247026325397,0.0984050107233032,-0.2022129480999999,-0.0989040013498811,-0.1093798986133521,-0.1726458638999999,0.0985072419244451,0.1265217807127834,-0.2077479630999999,-0.0673993141960081,-0.0697090306134238,-0.1852907157333333,0.1284360947687901,0.083654196117745,-0.1887826547,-0.1190266249676442,-0.0762910227117629,-0.133545592,0.0742451026141808,-0.1635958889109306,0.0549491016833333,-0.0716510457235509,-0.166310426334721,-0.05443488621,0.0922973590203434,-0.4934648447566881,0.04900171012,-0.0380052664932856,-0.4268834644236216,-0.08618676049,0.0915491093849518,-0.7637903669067835,0.2336662589666667,-0.0767469369008001,-0.7660105318624518,0.0532691104933333,0.0758822819742,-0.7904306436238296,0.2562538687666666,-0.078421941223905,-0.7942896306125691,0.0263810381716666,0.1225953467957265,-0.8139634406835358,0.2205406093,-0.0604780958096637,-0.8196276131097857,-0.0667644957666666,nijmegen_nijmegen_rennen_g_ch1_g11_compr.mp4,ch1g11,1.769119471506974e-05,1.2873022525548825e-05,2.0156623050534337e-05,3.61204059778908e-06,1.0439064542569004e-05,1.589069925361485e-05,2.0526593330579668e-05,5.747659191030891e-06,1.2219305399758111e-05,9.53491662225067e-06,1.0321245645694734e-05,1.8991967380340697e-05,1.915900517852031e-05,2.0154666481531917e-05,8.404548905898163e-06,1.7266486069230855e-05,1.2688249713303862e-05,1.283582399155954e-05,1.792243955606015e-05,1.9365062738132897e-05,2.123068944687596e-05,2.0158209029277373e-05,1.914749673397274e-05,1.8638310231997877e-05,8.703552380914688e-06,1.5393187921104684e-06,1.7826723669017982e-05,1.1016259316834129e-05,1.2550968277029674e-05,1.1165602117592645e-05,1.255122744378482e-06,1.4697788322611642e-05,1.529879244410926e-05,1.9255024224101425e-05,1.992399718148834e-05,1.2849106549843992e-05,-9.795564526078668e-06,-1.5143676547720646e-05,-1.4609447106381378e-05,-3.130329831945248e-05,-2.404183668045943e-05,-2.0244289724258905e-05,-5.0136048307757435e-05,-9.409352510096828e-05,-9.865607451956726e-06,-1.3820133433268154e-05,-4.696966041073581e-05,-9.881893834169772e-05,-6.258548306993283e-06,-3.80425586735448e-05,-0.0001061537716878,2.7778635164473535e-05,-0.0001635177899153,3.7140685599121075e-05,-0.0001466600814682,8.424120739897974e-05,-0.0001169766292351,3.0331870043800485e-05,-6.3565854837703945e-06,9.353152826773152e-06,2.3192201569943023e-05,2.4115888608783736e-05,-0.0001037639865593,-3.278857005797763e-05,-0.0001273925937795,-4.152609376685752e-05,-8.692405142240707e-05,-2.1600061454124348e-05,-5.892446035821158e-07,-7.639127683507425e-07,-3.702348917488627e-07,-4.6754512185558794e-07,8.792907741917197e-07,-8.291822105653678e-07,-3.612502020780627e-07,2.3248593778470905e-07,-7.989991482855461e-07,3.133016886466241e-07,-4.218931893220173e-07,1.6134728008826622e-06,-3.988124477277925e-07,-3.75215956021941e-07,-1.1269598756327565e-06,3.884536836778545e-07,2.2784506018997092e-06,-2.349962924030269e-07,1.50621449827749e-06,-3.883808225845798e-07,-1.0432306081262925e-06,-3.403019235018379e-07,-4.136706450461277e-07,-3.345082233210179e-07,8.065480984840435e-07,-9.880503093267615e-08,-3.481611869593002e-07,-8.666855294640663e-07,3.469663088062778e-08,-5.1656182610327155e-09,-9.42185207837016e-08,-4.383317734169963e-07,-7.801311820126697e-07,-3.24560697744165e-09,-1.0672851121762613e-07,-1.3182767930732566e-07,-5.7718734112675215e-09,7.982050128943968e-08,-1.4861114322251904e-07,-1.316733741116336e-07,2.2223086948592784e-08,4.0351622155823816e-08,-3.957125936815114e-08,4.383505041337126e-07,-1.7626957474698853e-07,-1.458440947125182e-07,-1.310696850842648e-07,1.0745312864768046e-07,4.9426315240308164e-08,1.8600411356270276e-08,4.235608673701388e-07,-1.6727835030637398e-07,-1.4259828767872334e-07,-2.2327697869735793e-07,-1.5950248699994358e-07,-1.4065111666827385e-07,-1.28184698886325e-07,8.242904463788077e-08,8.960906125085868e-09,-1.3886903363398678e-07,4.564602074314083e-07,-1.2492921291914358e-07,4.031755189758594e-07,8.585646777693887e-09,-8.839240346575354e-08,-1.4752076968727965e-07,4.809640167974168e-07,movement,no movement,no movement,no movement
8250.000000000058,0.0183005197132819,0.3034985999766929,-0.2881016204666667,0.0267941886776488,0.3222630408047706,-0.2819816720333333,0.0295733032623653,0.3225436124694676,-0.2713538716333333,0.0280307963152959,0.3223597975245459,-0.2749244192333334,0.0103481103717027,0.3306276233079763,-0.3051690668333333,0.012042305349234,0.3283795966006499,-0.3182800057333332,0.0156879908853941,0.3189356075665961,-0.2980379949333333,0.0523490235953544,0.3340819997300025,-0.1705906883333333,-0.0571257269881036,0.2964796463134844,-0.2135265489333333,0.0374008430374996,0.3022863293801665,-0.2303768342333333,0.0090327772973378,0.2743323819977118,-0.2723665565333333,0.1185257858001854,0.2208134832783045,-0.0225602207233333,-0.1251597137640835,0.2704266541135787,-0.0370851717633333,0.1588755531024643,0.0555368781526442,-0.0742299377333333,-0.1726577051113671,0.0326694075622339,-0.0569353062833333,0.1307308717336579,0.0826891105243312,-0.1844600852,-0.1360944969583629,-0.0861226370152896,-0.1272234599333333,0.109412184557009,0.0982028846049419,-0.2024635826333333,-0.0986481342113162,-0.109357838214578,-0.1731718252333333,0.0985790011298132,0.126331667831749,-0.2080062965999999,-0.0670591386221246,-0.0696336003966995,-0.1857766887999999,0.1285237536627069,0.083515095812231,-0.1889893228666667,-0.1187665586434592,-0.0762626639377663,-0.137601748,0.074260713597844,-0.1636039070287363,0.0549976171333333,-0.071670119276841,-0.1662991884905084,-0.0544818217633333,0.0921976976320953,-0.4934400898848472,0.0491339688533333,-0.0381705170255755,-0.4268577144852761,-0.08624802264,0.091415605213491,-0.7638970063815114,0.2333569555666667,-0.0770297814685079,-0.7660374686118202,0.0529849654666666,0.0757286186518046,-0.7905586245147646,0.2558934246,-0.0787179844922551,-0.7943246301043237,0.0260906302483333,0.1223659781530715,-0.8140474263015061,0.2200932153333333,-0.0606979210931725,-0.8196521218869409,-0.0670379405166666,nijmegen_nijmegen_rennen_g_ch1_g11_compr.mp4,ch1g11,1.7076998116675042e-05,1.1963390320127558e-05,1.974085500232724e-05,3.028672676520821e-06,1.1321902643774525e-05,1.4871696557690491e-05,2.0122122173626228e-05,6.1042115316116894e-06,1.1458469820270197e-05,9.7623877485811e-06,9.62108582523371e-06,2.0498235828310743e-05,1.8706289910372056e-05,1.9735557769153e-05,7.313014332212711e-06,1.7679343914564122e-05,1.5233512994833056e-05,1.2151448817740872e-05,1.9314203338812132e-05,1.8923687846311188e-05,1.990626590082072e-05,1.9767077599687556e-05,1.8683815211794903e-05,1.825794434869558e-05,9.509771948041136e-06,1.4388388380620246e-06,1.7424350997463595e-05,9.93811798061968e-06,1.2585621133875446e-05,1.061736881407564e-05,1.1609830150316929e-06,1.4239615312482647e-05,1.4339454216780911e-05,1.745112987038634e-05,2.152845124751736e-05,1.7626631287958754e-05,-4.824682793159614e-06,-9.459237686340111e-06,-8.992611805571976e-06,-2.5235804228709495e-05,-1.8284139225220084e-05,-1.4981703320956968e-05,-4.563200905482993e-05,-9.096505703533568e-05,-5.024747867223089e-06,-9.920131939117636e-06,-4.7572513745215495e-05,-0.0001009474129226,-1.2728431346668184e-05,-4.269515468987938e-05,-0.0001160694089373,2.687888749898188e-05,-0.0001734396960869,3.579087861165514e-05,-0.0001548918525856,8.298306789703028e-05,-0.0001264400141378,3.0616990030229015e-05,-6.7512447840271115e-06,9.80299512654039e-06,1.6702678283099406e-05,2.5869077340798394e-05,-0.0001033402007468,-2.57778640183002e-05,-0.0001254035263942,-3.350772324508829e-05,-9.08343730200712e-05,-2.2462110984887292e-05,-5.42667830840968e-07,-8.672652523883542e-07,-5.011667262673429e-07,-4.037226221590746e-07,8.85526277564441e-07,-9.816696771135529e-07,-4.935038453109868e-07,2.158233886626568e-07,-6.852004082864364e-07,2.5057588824839386e-07,3.0969151100786506e-07,1.3734923024136088e-06,-5.483261941884976e-07,-5.053682958512466e-07,-9.480075840936008e-07,4.37789532480218e-07,2.1567520799137315e-06,5.034304505750678e-07,1.2814857425764064e-06,-5.369189970517545e-07,-1.2702904104140512e-06,-5.123226089716921e-07,-5.557249649623162e-07,-4.606556030042885e-07,8.272129317266648e-07,-7.579860611521615e-08,-4.984385371373262e-07,-1.1909783676699413e-07,-1.1538853752845495e-07,7.351074751441882e-07,-7.220029408645254e-08,-5.246526998577743e-07,-9.379858688743984e-07,4.507671417147716e-08,-1.3316930716403497e-08,-9.500385913009412e-08,1.3285546845371992e-08,1.6984180293964342e-08,-4.9710880216887513e-08,-9.744332535186972e-08,-3.4668052496564165e-08,7.417513648475533e-08,-7.736200834428153e-08,5.786614271700353e-07,-3.314944979192269e-07,-1.0480483955927833e-07,-9.463326410149976e-08,1.6127386277998187e-07,-8.772145840921116e-08,-2.0559868582610775e-07,5.672664105064507e-07,-3.100670532195279e-07,-1.0371419221581276e-07,-1.0622913963143893e-07,-1.2732731234269564e-07,-9.74451808570028e-08,-9.46631063757458e-08,3.069939739803148e-08,1.636137821325527e-08,-1.0533865193748308e-07,6.142836993725339e-07,-1.2567610364474038e-07,5.553115191202567e-07,1.5700248706029935e-08,-4.6918476478159935e-08,-4.3954497175434924e-08,6.35379861602072e-07,movement,no movement,no movement,no movement
8266.666666666724,0.0186156113648294,0.3035092403751882,-0.2882407585666667,0.0271155405985443,0.322252706595455,-0.2820958765,0.0298875661042389,0.322529276590994,-0.2714729816,0.0283454954774411,0.3223462273537658,-0.2750433325,0.0106435891677204,0.3305967556717055,-0.3053092261666666,0.0123389154782308,0.3283556787987141,-0.3184277686,0.0159883799191144,0.3189146922247707,-0.2981829494333334,0.0526175164048396,0.3340380077434556,-0.1706805865666666,-0.0569162245191548,0.2963857874131771,-0.2137091780666666,0.0376929091108371,0.3022773202875842,-0.2304974685666666,0.0093113932391993,0.2743171094902104,-0.2725296298666667,0.1187003352290979,0.2207701731819927,-0.0225113279033333,-0.1249781375323825,0.2703263885768237,-0.03737696295,0.1589836972593669,0.0555256221169888,-0.0741413160566666,-0.1726472042337282,0.0326288925503176,-0.0574140751266666,0.1308197824765266,0.0825429995167135,-0.1847106839666667,-0.1359076227728715,-0.0861015056315488,-0.1279814817333333,0.109481493144261,0.0979857358020539,-0.2027968659666666,-0.0984162583634043,-0.1093352603237782,-0.1740562180999999,0.0986209534109169,0.1261354397007587,-0.2083507021999999,-0.0667380920287599,-0.0695596487917443,-0.1866323179666666,0.1285923980345748,0.0833587378096415,-0.1892579391333333,-0.118527115059462,-0.0762362753297203,-0.139212176,0.0742776019540487,-0.1636098978612721,0.0550448068766666,-0.0716908025092068,-0.1662899734532667,-0.05452661751,0.092096885804354,-0.4934157876825151,0.0493020574266666,-0.0383464744911286,-0.4268319563170781,-0.0862303602933333,0.0912806164649989,-0.7639796389067729,0.2332904437333333,-0.0773879373757573,-0.7660496333005281,0.0529660820966666,0.0755729654035272,-0.7906611057045827,0.2558052768,-0.07909709421451,-0.794340579033903,0.0260868796283333,0.1221253983246958,-0.8141211172300233,0.2198893515666666,-0.060984302158334,-0.8196700676604494,-0.0670663321966666,nijmegen_nijmegen_rennen_g_ch1_g11_compr.mp4,ch1g11,1.6552141165717343e-05,1.1064249896032298e-05,1.921608838649439e-05,2.6315868940966024e-06,1.220026164383227e-05,1.380565586509587e-05,1.9603338708852884e-05,6.242945232693994e-06,1.0826878267627962e-05,1.0038895858444273e-05,9.453368176523658e-06,2.156713011293137e-05,1.810948303128784e-05,1.9210229294613225e-05,6.301989865319519e-06,1.7841924549602493e-05,1.7329339952225054e-05,1.1909418628109107e-05,2.033137272403043e-05,1.8346882071978444e-05,1.845137176254491e-05,1.9209996288570183e-05,1.808696442185404e-05,1.776548407556319e-05,1.03410611367581e-05,1.37331664176053e-06,1.6874655050114667e-05,9.43025453224727e-06,1.2419936708691775e-05,1.0445538531702758e-05,1.0981542198981418e-06,1.3685108103412747e-05,1.3298817444429494e-05,1.6061994027784714e-05,2.281013507802217e-05,2.1544879769763055e-05,-7.779047667290115e-07,-4.8600276606134475e-06,-4.449574403070684e-06,-2.0287988780221333e-05,-1.3570711905595405e-05,-1.0631354365912111e-05,-4.328079960648623e-05,-8.868827217093222e-05,-9.595424782742843e-07,-6.561221754868181e-06,-4.9727444948161595e-05,-0.0001019333818479,-2.0292149369467748e-05,-4.285821287755236e-05,-0.0001302078863253,2.832129381722638e-05,-0.0001863763736349,3.79684505449731e-05,-0.0001664132647036,8.431409371478774e-05,-0.0001409352770804,3.277162287657027e-05,-6.9671515635917064e-06,1.0052934567776886e-05,9.4972283694978e-06,2.9338388386565445e-05,-9.916841580052472e-05,-1.7057851635984786e-05,-0.0001192526871758,-2.3412773686197233e-05,-8.915359527300902e-05,-2.0658174302624445e-05,-4.626999223150098e-07,-8.534734635808984e-07,-5.815195932443465e-07,-2.962746539667389e-07,8.680920184369347e-07,-1.0202139905975929e-06,-5.78258299334217e-07,1.5075186883515757e-07,-5.574363216454461e-07,1.202147631362198e-07,1.1603232478047902e-06,8.594666831681652e-07,-6.427419473446588e-07,-5.856592388253583e-07,-7.541343976615786e-07,2.7284774471269964e-07,1.895374633593472e-06,1.3541099409246363e-06,8.041762091674057e-07,-6.307121488044533e-07,-1.3748323634063146e-06,-6.357049292968053e-07,-6.410024998635056e-07,-5.504253135838262e-07,8.238803722533617e-07,-5.1912891428752055e-08,-6.053621093051626e-07,7.818485823338695e-07,-2.297508240342793e-07,1.5666154091050057e-06,-4.8666688321764055e-08,-5.589991369068512e-07,-9.66833104069192e-07,8.128110756587693e-08,7.807871074363643e-08,-3.8957217143323536e-08,2.7750240990282806e-08,-4.146620240560669e-08,5.49053692730534e-08,-4.3965913239955395e-08,-6.89566570430437e-08,7.73380722576173e-08,-1.1831065423677845e-07,6.802489692885863e-07,-4.415478956736433e-07,-3.953084102101831e-08,-3.914698294566972e-08,1.8882363711949785e-07,-2.161194344980509e-07,-3.827321198947014e-07,6.798782445244899e-07,-4.142086240287109e-07,-4.109908237494842e-08,2.8335777962744568e-08,-6.933733393404447e-08,-3.12705138440703e-08,-4.6218655015921114e-08,-2.108519018828248e-08,1.9086489230981223e-08,-5.152423334441075e-08,7.288728401680547e-07,-1.1187512892046644e-07,6.810463663939118e-07,1.8788861583542503e-08,4.644287432138629e-09,6.6313279996247e-08,7.574802598194158e-07,movement,no movement,no movement,no movement
8283.33333333339,0.0189298051726006,0.3035239548544975,-0.2883340895,0.0274346786890956,0.3222462176880986,-0.2821538201666667,0.0302001043501255,0.3225191102927646,-0.2715364535666667,0.0286585583653829,0.3223367425315173,-0.2751047094,0.0109384635890483,0.3305713218094097,-0.3053939073,0.012635006752029,0.3283364095654895,-0.3185151977,0.016288112517147,0.3188984205358384,-0.2982703000333333,0.0528835924297401,0.3339928486643918,-0.1706767842666666,-0.0567075635968195,0.2962942001178837,-0.2138032222666666,0.0379835581002196,0.302271437130518,-0.2305638318666666,0.0095895398253877,0.2743046106639644,-0.2726347118666667,0.1188653171229816,0.2207226725441679,-0.0223580960033333,-0.1248022173082932,0.2702195995839014,-0.0375400900599999,0.1590888928644552,0.0555076532833229,-0.0738663729933333,-0.1726420568751933,0.0325683605485041,-0.0576474343866666,0.1308939108299935,0.0823966292411225,-0.1847256303333333,-0.1357146061623408,-0.0860943181450313,-0.1282971094333333,0.1095315703335166,0.097770594807026,-0.2028812810666666,-0.0981708147473874,-0.1093229429768284,-0.1744377976,0.0986476531239606,0.1259399819447273,-0.2084261368333332,-0.0664121934788573,-0.0694969634959518,-0.1869803827666666,0.1286454550932717,0.0832014818969951,-0.1892764622666666,-0.118284099415658,-0.0762211357426231,-0.141068444,0.0742947501885616,-0.1636166130699665,0.0550926473033333,-0.0717115108453846,-0.1662802841002363,-0.0545718237833333,0.0920037254473056,-0.4934090938297358,0.04939975006,-0.0385143935448328,-0.4268036541026054,-0.0862387863433333,0.0911358288894802,-0.7640674253634047,0.2332563925666667,-0.0777653065587572,-0.7660589749288652,0.0530427215033333,0.0754043417197873,-0.7907665185998729,0.2557633663,-0.0794996635071371,-0.794353639174759,0.026190096805,0.12182312357215,-0.8142100625217026,0.2197317864333333,-0.0612880833108291,-0.8196891426360128,-0.0670196749199999,nijmegen_nijmegen_rennen_g_ch1_g11_compr.mp4,ch1g11,1.6151006455301427e-05,1.0355659516808251e-05,1.855297680455445e-05,2.2765667558378652e-06,1.3177968250321356e-05,1.2889630822723464e-05,1.8941897092829387e-05,6.144211414260139e-06,1.029320477114208e-05,1.0290369777133595e-05,1.1156880583274956e-05,2.224551559184959e-05,1.737194607359557e-05,1.854418350713336e-05,5.451348847375262e-06,1.793298859961243e-05,1.8925610005549663e-05,1.3907475417470027e-05,2.101012794173299e-05,1.762651467766075e-05,1.7118783227554862e-05,1.8470284031654832e-05,1.7357769017542937e-05,1.715001367228101e-05,1.1302562843623006e-05,1.342059375272539e-06,1.6192162916559732e-05,1.0725828234018593e-05,1.2140504309486606e-05,1.261481859247102e-05,1.0666208882574265e-06,1.3083027933118848e-05,1.2443378830955676e-05,1.6036927255035406e-05,2.3857355322039297e-05,2.4845989417838618e-05,2.5644291828805277e-06,-1.0535568720367936e-06,-6.960587562372318e-07,-1.5750788637796025e-05,-9.260697135702807e-06,-6.563689822453046e-06,-4.146052166578225e-05,-8.506310680205076e-05,2.681238268151947e-06,-3.12644345157654e-06,-5.1232906955975017e-05,-0.0001007592781002,-2.958798078759187e-05,-4.220389673764538e-05,-0.0001668127434179,2.9723813983438995e-05,-0.0002298531200253,4.078111538450122e-05,-0.0002113042108375,8.611406921842266e-05,-0.0001804923370906,3.466223578394453e-05,-6.982608591852879e-06,1.0057016969493746e-05,1.8145112455547875e-06,3.181596708507575e-05,-9.304113579555658e-05,-5.09698528758779e-06,-0.0001112838852512,-9.396392268357583e-06,-8.517732014695445e-05,-1.6176584620026484e-05,-4.064978906617342e-07,-7.873176208421652e-07,-6.375959368130087e-07,-2.881863068285523e-07,8.206904492813311e-07,-9.941525574944137e-07,-6.413284487731836e-07,7.415250732411906e-08,-4.826690556206942e-07,-5.5737648118384e-08,1.8805688953467244e-06,2.031877040786291e-07,-7.00752233262073e-07,-6.420787247592383e-07,-5.590018618613904e-07,-8.734872041127195e-08,1.408373557425677e-06,2.0657524127224233e-06,1.9499788349024378e-07,-6.888292594622258e-07,-1.3939782311559951e-06,-7.274373643674398e-07,-6.897098746842562e-07,-6.224141931644496e-07,7.970119063649316e-07,-3.6998817404155415e-08,-6.798761063391117e-07,1.5748447901946954e-06,-3.363902597200994e-07,2.244022501051084e-06,-3.33149854528429e-08,-5.627711912609009e-07,-9.208533667210568e-07,9.283996639129875e-08,1.461865037762386e-07,2.2405501169549383e-08,4.082281743026338e-08,-9.10932971470809e-08,1.423233836055476e-07,1.535668878445343e-08,-7.636012936801176e-08,4.760704075880609e-08,-1.5176097756275024e-07,6.917603419340195e-07,-4.922212885392322e-07,3.4225114995647995e-08,2.191854508100703e-08,1.8218321182599125e-07,-3.214942144688929e-07,-4.871402904517049e-07,7.022232539363536e-07,-4.655473127258338e-07,3.034630431786446e-08,1.5472798758639637e-07,6.175138136261537e-10,4.193107709033934e-08,3.500443595220103e-09,-6.848882527803376e-08,1.6252479989353457e-08,8.434912506337659e-09,7.529202652418034e-07,-9.12403325552325e-08,7.070903027353785e-07,1.6972528079717352e-08,5.1330657277851144e-08,1.593870254500488e-07,7.893773779329419e-07,movement,no movement,no movement,no movement
8300.000000000056,0.0192289568894109,0.303549793664204,-0.2884204298,0.0277437835840936,0.3222491087690295,-0.2822023343666667,0.0305028141000909,0.3225188057606021,-0.2715889364333333,0.0289612151819307,0.3223367211836111,-0.2751558353,0.0112214428377414,0.3305583703136547,-0.3054590054999999,0.0129184084810328,0.3283295058238524,-0.3185822367333333,0.0165755567826026,0.3188941176485525,-0.2983375309333332,0.0531491546218614,0.3339497571010447,-0.1706590712666666,-0.0565040257439073,0.2962157651488419,-0.2138519853333333,0.0382638729852309,0.3022749581541918,-0.2306242635333333,0.0098543905368114,0.2743034880347449,-0.2727240155333333,0.1190283084696021,0.2206656023000428,-0.0221997747066666,-0.1246264308331168,0.2701238970309141,-0.0376693067833333,0.159167754156431,0.0554567641279741,-0.0735826168833333,-0.1726342412217031,0.0325237689702479,-0.0578607631366666,0.1309573358459249,0.0822105386038775,-0.1846115246666666,-0.1355609654748015,-0.0860672599666737,-0.1286308889999999,0.1095742444389724,0.0975291433875515,-0.2027970175,-0.0979934840425569,-0.1092831816675153,-0.1748479530666666,0.098670604056303,0.1257066910592768,-0.2083255822999999,-0.066170770455136,-0.0694236651976834,-0.1873556049333333,0.128690540904554,0.0830008841837726,-0.1891570061333333,-0.1180913029674922,-0.0761920810765952,-0.145235017,0.0743118434846658,-0.1636240019379388,0.0551405114466666,-0.0717321700040508,-0.1662698822215379,-0.05461697902,0.0918994232783275,-0.4934201465769858,0.0495428096533333,-0.0386790149628884,-0.4267729206295018,-0.0861915158866666,0.0909629000234853,-0.7641850183576634,0.2332993958,-0.0781219834565535,-0.7660666161260508,0.05328045649,0.0752054625323451,-0.7909011672455646,0.2558016811666667,-0.0798780411370562,-0.7943656162062578,0.0264622167816666,0.1214942408500845,-0.8143183774618548,0.2196607893666666,-0.061591329481481,-0.819708092534387,-0.0667264739599999,nijmegen_nijmegen_rennen_g_ch1_g11_compr.mp4,ch1g11,1.5766721304495937e-05,9.672832681080073e-06,1.7777376065402244e-05,2.1563000988671565e-06,1.4030095022372958e-05,1.2022530111071528e-05,1.815336304077297e-05,6.109490815478241e-06,9.78249391591698e-06,1.0313422363975287e-05,1.3241539385500866e-05,2.2257658094485228e-05,1.657221193983909e-05,1.776244922910623e-05,4.67104586703793e-06,1.7732028367396427e-05,1.9945928054421665e-05,1.6288864874258047e-05,2.1055770061091517e-05,1.682453125318979e-05,1.590758449443685e-05,1.760679029061763e-05,1.657182896093509e-05,1.6447869270902045e-05,1.2157878700251003e-05,1.3356629597376206e-06,1.545073324722562e-05,1.2461159816608254e-05,1.175304557485744e-05,1.5234748490247492e-05,1.0618860859093923e-06,1.2519332251220004e-05,1.163940034567108e-05,1.6592543375250512e-05,2.431377114631901e-05,2.8594254869202323e-05,6.444973008864644e-06,3.2077613343689376e-06,3.5193036365396595e-06,-9.764339102773353e-06,-3.68872543196519e-06,-1.3160327852348344e-06,-3.9363334853024075e-05,-7.768273230359299e-05,6.697691188738693e-06,1.5289727207279791e-06,-5.173875234857221e-05,-9.50433052161549e-05,-3.955560915893018e-05,-3.798426672440888e-05,-0.000206115759573,3.2538469125794546e-05,-0.0002751294790112,4.47038644755672e-05,-0.0002590979848909,8.80435523998401e-05,-0.000222246047825,3.768488074027254e-05,-7.15341809989298e-06,1.0154385567568974e-05,-6.010411512041279e-06,3.461357785167692e-05,-8.704286566194902e-05,4.1003913281038e-06,-0.000103015130532,1.271659556657776e-06,-8.086133472493996e-05,-1.1555119673186717e-05,-3.214551324787588e-07,-5.889591458749426e-07,-5.940849681249064e-07,-3.2896676176412056e-07,6.857953463542874e-07,-7.999782771581058e-07,-6.059448194860085e-07,-2.372265765815181e-08,-4.348782655611843e-07,-2.400521587550814e-07,2.435277540500389e-06,-4.0316803876662867e-07,-6.438886762238718e-07,-5.99113793035953e-07,-3.411275267676293e-07,-5.50677388932685e-07,8.096523676847239e-07,2.643125860745374e-06,-3.76722583154869e-07,-6.35723027487817e-07,-1.1665760191882915e-06,-7.006376839494852e-07,-6.242017583891638e-07,-5.995750022443707e-07,6.850096564279318e-07,-2.3963640277326822e-08,-6.502896583986968e-07,2.195129744940936e-06,-4.1970013836481476e-07,2.8150409201378325e-06,-1.9014904790124868e-08,-5.049697702806675e-07,-6.80326761474218e-07,7.547382326679179e-08,1.891638943078766e-07,7.264822550944975e-08,5.7919993019188274e-08,-1.2365700912891766e-07,2.0560746465407126e-07,6.468495889969131e-08,-6.866045654251677e-08,-2.3579720591776492e-09,-1.6580057829004253e-07,6.670879747614463e-07,-4.737154284028912e-07,9.65215845194936e-08,7.21255940376984e-08,1.519673821463631e-07,-3.850484338203662e-07,-5.089869181533331e-07,7.048492825933972e-07,-4.522822970447187e-07,9.175146542770273e-08,2.576379106744603e-07,6.383759920603479e-08,1.0253232008951069e-07,4.024793279113901e-08,-1.0233333129036713e-07,9.114469021387953e-09,5.777842598626504e-08,7.316861423699813e-07,-6.784997479288728e-08,7.049521755057288e-07,1.1138768229888605e-08,8.020982664774905e-08,2.2967690084785153e-07,7.730435955841997e-07,movement,no movement,no movement,no movement
8316.666666666722,0.0195187663675494,0.3035920638440765,-0.2884830414666667,0.028046836750894,0.3222677425913542,-0.2822113744000001,0.0307997674410049,0.3225343597401086,-0.2715999871333334,0.0292581365286024,0.3223521566587638,-0.2751660078333334,0.0114981051299722,0.3305642090074235,-0.3054854401333332,0.0131947524232339,0.3283408902231145,-0.3186088701,0.0168564815963495,0.3189072551721161,-0.2983648755333333,0.0534130382250812,0.3339152071304662,-0.1705846931,-0.0563076137861797,0.2961535211996067,-0.2138419637999999,0.0385370260012121,0.3022914471057087,-0.2306629146666666,0.0101097783400404,0.2743168163086165,-0.2727858603,0.119179169317305,0.2206086061245909,-0.0219715275366666,-0.1244513435363894,0.2700373616223424,-0.03775726784,0.1592242741879622,0.0554079638914823,-0.0731200108333333,-0.1726112896541708,0.0324947576904562,-0.05789563322,0.131028368283506,0.0820206421845361,-0.1842175573333333,-0.1354043062540842,-0.0860254264219061,-0.1285820692999999,0.1096318838133055,0.0972812688719243,-0.2024034773333333,-0.0978161144254369,-0.1092270443158439,-0.1748110016666666,0.0987128828526653,0.1254668914927298,-0.2079173287333333,-0.0659438460676507,-0.0693356421465983,-0.1873017888666666,0.1287453197699253,0.082794976144364,-0.1887548968,-0.1179007328601512,-0.0761480360102609,-0.149782151,0.0743275384211104,-0.163631805520058,0.0551918625866666,-0.071751221952597,-0.1662593049280056,-0.0546657199733333,0.0917965750039437,-0.4934367112818102,0.0499123451633333,-0.0388368882857035,-0.4267357676228325,-0.0860079089966666,0.0907781530063335,-0.76428997526941,0.2336278054666666,-0.0784784988255418,-0.7660601831706451,0.0537558841933333,0.074994201595214,-0.7910236748702788,0.2561243489333333,-0.0802567185545448,-0.794363278734806,0.0269805632496666,0.1211681754440635,-0.8144188899218041,0.2198999112666666,-0.0619006413186078,-0.8197205666710752,-0.0661178809833333,nijmegen_nijmegen_rennen_g_ch1_g11_compr.mp4,ch1g11,1.566587112574626e-05,9.10467836726538e-06,1.7299724824572983e-05,2.260888031984244e-06,1.4447214018449566e-05,1.1293981779018431e-05,1.7670756618098658e-05,6.038780004707061e-06,9.413239415684356e-06,9.9448555188495e-06,1.6320340615372614e-05,2.155585170742295e-05,1.6001607408290137e-05,1.7282534242795915e-05,4.578235353923142e-06,1.7091702601797034e-05,2.022583952831237e-05,1.9758898759637493e-05,2.040706867902381e-05,1.6263665905838097e-05,1.4868808969027964e-05,1.697118483748199e-05,1.6027185487763452e-05,1.592566312690838e-05,1.2604689149630548e-05,1.3376614875558765e-06,1.4815692752085047e-05,1.5277649066266157e-05,1.105265536595502e-05,1.874601871176579e-05,1.0670767650938616e-06,1.2003779354602416e-05,1.097424106957123e-05,1.850333977454921e-05,2.3985967577506823e-05,2.9292652922594527e-05,7.167549676924712e-06,3.952716135789416e-06,4.174532176333705e-06,-7.395670943996412e-06,-1.682118422258707e-06,5.752425825481058e-07,-4.056747251740671e-05,-7.186538790233532e-05,7.0473267757300625e-06,3.457328380629189e-06,-5.323098434426706e-05,-8.926239026238224e-05,-4.3931588599814034e-05,-3.06269167572092e-05,-0.0002534154398185,3.829187231584519e-05,-0.000330937686342,5.212519231403912e-05,-0.000315661536907,9.271562571744206e-05,-0.0002733203109003,4.317242314656293e-05,-7.191702602035997e-06,1.0072373156248088e-05,-1.1551070664038956e-05,4.015959857741601e-05,-7.574437929949731e-05,1.5095992842893117e-05,-9.004618816136003e-05,1.3269137957716688e-05,-7.40487831469642e-05,-4.098668334015518e-06,-2.370882154523863e-07,-2.9858834042619213e-07,-4.76652474256439e-07,-3.250997625646795e-07,5.555620135628684e-07,-4.818921898214066e-07,-4.979312712239794e-07,-1.1437645096407221e-07,-4.3646381793510146e-07,-4.146240412331205e-07,3.024448245963051e-06,-8.684358388159539e-07,-4.930196635079184e-07,-4.8282013930611e-07,-1.7008953079784077e-07,-1.0009511263961562e-06,2.662299452580459e-07,3.2929310267759812e-06,-8.267743431633337e-07,-4.91331868044156e-07,-7.462882227820626e-07,-5.821226786623281e-07,-4.6626309660994594e-07,-5.118219678948106e-07,5.764788014155517e-07,-1.6514059350760146e-08,-5.380486304278263e-07,2.832070591698131e-06,-4.7128836824906235e-07,3.498778234520333e-06,-9.54767764126274e-09,-3.893949117380441e-07,-3.1044815148555517e-07,1.991331266605303e-08,2.000409226559756e-07,8.34470991332209e-08,8.163701643570873e-08,-1.315616124309115e-07,2.343022907504588e-07,7.504975235630363e-08,-4.998290552138754e-08,-6.551620776977581e-08,-1.5519515342932549e-07,6.161092702323555e-07,-3.964520906436141e-07,1.2084812143511906e-07,8.295904379459387e-08,8.878771995502414e-08,-3.976060606281279e-07,-4.551776250667144e-07,7.052845151741509e-07,-3.822337310890262e-07,1.1578053688483761e-07,3.262217437888383e-07,9.231501677146065e-08,1.23990673657271e-07,4.4163685025458396e-08,-1.139229153750992e-07,-1.172220342885148e-10,7.795642748471855e-08,6.713515833672232e-07,-3.9617175246311883e-08,7.00627105875152e-07,3.314540301838341e-09,8.26858932278272e-08,2.708304995008371e-07,7.108285172206216e-07,movement,no movement,no movement,no movement
8333.333333333389,0.0198037721691107,0.3036284804722583,-0.2886527209666666,0.0283476027146242,0.3222810266228639,-0.2823296747000001,0.0310950613094735,0.3225445161790851,-0.2717185815,0.0295536837412073,0.3223623394166983,-0.2752835253666666,0.0117724697661155,0.3305646929393254,-0.3056248196333332,0.0134682460029426,0.3283465972392419,-0.3187512586333333,0.017134536773731,0.3189150835017887,-0.2985050666333333,0.0536767254524193,0.333877017659477,-0.1705886612666666,-0.0561160414264026,0.2960879290812189,-0.2139383593999999,0.0388058844481342,0.3023031887026665,-0.2307981799666666,0.0103587413550256,0.2743258402315035,-0.2729520837666667,0.119328277896832,0.2205498486226019,-0.0217979039233333,-0.1242887238035149,0.2699506698189547,-0.0379006674266666,0.1592690476514839,0.0553436647989262,-0.0726849237466666,-0.1725919072466648,0.0324649110530107,-0.0579716806733333,0.1310944327899086,0.0817253254685607,-0.1838373606666666,-0.1352540915050428,-0.0859877766469744,-0.1286607027333333,0.1096840396479108,0.0969092109347553,-0.2020301848666666,-0.0976506024793364,-0.10917217053376,-0.1749348511666666,0.0987479145181724,0.1251112008267743,-0.2075269058666666,-0.0657373579948602,-0.0692453816250556,-0.1874187391333333,0.1287940628117034,0.0824789963398298,-0.1883658796333333,-0.1177212011116267,-0.0761055827299771,-0.148779452,0.0743447870681097,-0.1636395350150006,0.0552438339866666,-0.0717718864606673,-0.1662487204444544,-0.05471490026,0.0916941012154693,-0.4934554060271375,0.0503171402966666,-0.0389914201309541,-0.4266850414351351,-0.08583251761,0.0905930088573693,-0.7643714815752479,0.2340908759333333,-0.0787853297901782,-0.7660488119170534,0.05412310431,0.0747836266715296,-0.7911185938750196,0.2565892746,-0.0805790825125636,-0.7943561313563923,0.027372067573,0.1208612380933931,-0.8145057562091133,0.2203272363333333,-0.0621639397572154,-0.8197327263887313,-0.0656752576366666,nijmegen_nijmegen_rennen_g_ch1_g11_compr.mp4,ch1g11,1.5497164733783995e-05,8.723614602250328e-06,1.6799847341287227e-05,2.271196066105197e-06,1.4790421399648172e-05,1.0718952031201464e-05,1.7149789184441776e-05,5.879728669455806e-06,9.04818497232627e-06,9.262678361161954e-06,2.0299056991620817e-05,2.032717477178223e-05,1.5456211166954527e-05,1.6775906335200166e-05,4.991844156536437e-06,1.5853717675131453e-05,2.007986163835557e-05,2.41163732279818e-05,1.9228337896981533e-05,1.5726638460085376e-05,1.40146053606756e-05,1.632765464071741e-05,1.551053459367999e-05,1.5366007316309866e-05,1.2968975898339495e-05,1.3091780255872063e-06,1.420792202610432e-05,1.9062010499718768e-05,1.050043221449175e-05,2.328795551123589e-05,1.0497171237452025e-06,1.154146777325439e-05,1.0578873602026623e-05,2.166883789393936e-05,2.319317386931351e-05,2.939433560211812e-05,7.948737132959087e-06,4.840409345499843e-06,5.008212949355894e-06,-3.94149165138909e-06,1.082321565944453e-06,3.0429034916648774e-06,-4.123903250598595e-05,-6.30867116189175e-05,7.438018501771659e-06,5.767980566138742e-06,-5.579399270295554e-05,-7.955033267959779e-05,-5.661183393378019e-05,-2.0782415125030717e-05,-0.0003141399111274,4.236908281825921e-05,-0.000400436286657,5.651033551057144e-05,-0.0003883803841227,9.473796480499166e-05,-0.0003372706236036,4.7363355735599595e-05,-7.556501232585716e-06,1.0246158283950244e-05,-1.761540579585649e-05,4.59196473345695e-05,-7.015636957055315e-05,2.31616888532251e-05,-8.324986725954927e-05,2.113270242049513e-05,-7.053230508321989e-05,2.4705203999262385e-06,-2.286272497197404e-07,-4.4617484344280066e-08,-3.544264705732587e-07,-2.422136979063493e-07,3.8261372784472084e-07,-1.717889099699509e-07,-3.836278282499881e-07,-2.074077539510972e-07,-5.400451956617274e-07,-5.693761636193361e-07,3.579679744833929e-06,-1.1621217302059278e-06,-3.20552484306229e-07,-3.6087262157997707e-07,-6.177308423944476e-08,-1.3485334699646651e-06,-2.558557374953695e-07,3.9704010886751715e-06,-1.118937116755275e-06,-3.253043463739565e-07,-3.0747719516347073e-07,-4.323206121796591e-07,-2.928137088871445e-07,-4.2312987154931914e-07,4.14052701220788e-07,-2.3317645996207142e-08,-4.035038045040132e-07,3.432659763850048e-06,-4.845604059609521e-07,4.179331588683791e-06,-1.2817449437663202e-08,-2.757906629757433e-07,4.7950777886463425e-08,-5.8907101572438546e-08,1.813183461995627e-07,6.249846939195747e-08,1.1861187880151024e-07,-1.327606918383216e-07,2.295442061779068e-07,5.483394465562044e-08,-2.5642095563741543e-08,-1.2210028696396438e-07,-1.2227377750199602e-07,5.755658369006058e-07,-2.821844284944497e-07,1.0981971575779394e-07,6.232485670552019e-08,2.4007290421418195e-08,-3.548806651436715e-07,-3.594837198610208e-07,7.485064033524735e-07,-2.745401230249392e-07,1.0556049569016301e-07,3.596259767049437e-07,8.851587320780673e-08,1.0967697934646653e-07,2.1098478931142745e-08,-1.1787941417539229e-07,-8.211869895670357e-09,6.86848252305199e-08,6.074818590148068e-07,-2.6411376166321323e-08,7.304913546040485e-07,-3.7109418884294334e-09,5.911579322403877e-08,2.834620062096891e-07,6.454112483423515e-07,movement,no movement,no movement,no movement
8350.000000000055,0.0200519724377686,0.3036679259347425,-0.2888938426333334,0.0286133519370498,0.3222963468800804,-0.2825085393,0.0313547095240069,0.322556796085729,-0.2718973139666667,0.0298135443549798,0.3223743279644674,-0.2754598657,0.0120106386809949,0.3305685020078395,-0.3058292844333333,0.0137047162986191,0.328355868830981,-0.3189616680000001,0.0173754687431377,0.3189265864606385,-0.2987106221999999,0.0539201590815983,0.3338320808140497,-0.1706243405999999,-0.0559484316908792,0.2960303040953193,-0.2140858262333333,0.039043025659068,0.3023174636857544,-0.2309986909666666,0.0105746833323313,0.274340446065712,-0.2731902023333333,0.1194572468671817,0.2204869149675334,-0.0216453951966666,-0.1241438666885037,0.2698795764583709,-0.0380577844033333,0.1592659472340342,0.0552657253056735,-0.0722639532766666,-0.1725956895543496,0.0324527669665512,-0.0580452160433333,0.1311140324876163,0.0813970333074604,-0.1834637647,-0.1351454452995159,-0.0859412677699045,-0.1287464005666666,0.1096937475046876,0.0965075035728161,-0.2016748080666666,-0.0975216361878314,-0.109104900030836,-0.1750776668666667,0.0987505569084239,0.124728475454111,-0.2071627627333333,-0.0655677868065355,-0.0691389586672545,-0.1875527557333333,0.1288032896087416,0.0821261995165006,-0.1879867270333333,-0.1175848605131889,-0.0760538925724665,-0.147676542,0.0743614523787394,-0.1636470206428411,0.0552933263333333,-0.0717921631051752,-0.1662385550083987,-0.05476145248,0.0915886122078514,-0.4934746406839345,0.0508286715799999,-0.0391501797729902,-0.4266374815313249,-0.08551526518,0.0903730270796236,-0.764425363331454,0.2348733716666666,-0.0790895212450116,-0.7660271476310261,0.0548026158866666,0.0745329275186034,-0.7911834748568168,0.2574063956666667,-0.0808982032486203,-0.7943368983566126,0.0281042834403333,0.1205069810788038,-0.8145615079093406,0.2210828916,-0.0624408351799049,-0.8197368646789658,-0.0649119093966666,nijmegen_nijmegen_rennen_g_ch1_g11_compr.mp4,ch1g11,1.505682852278297e-05,8.619415748074356e-06,1.6417114303303522e-05,1.9403999468796167e-06,1.504069168504024e-05,1.0400753485717784e-05,1.672381907828996e-05,5.701830184301435e-06,8.676858466320203e-06,8.432290177670992e-06,2.5447358137062204e-05,1.858095864124817e-05,1.5134559595465351e-05,1.6380514798621425e-05,5.068586374892099e-06,1.4010748937674769e-05,1.954757355352876e-05,2.988814510088007e-05,1.7541172972641625e-05,1.5396288362620094e-05,1.3622433907956345e-05,1.587443577371604e-05,1.5218495354654714e-05,1.488700125401433e-05,1.3256342908032496e-05,1.2621564648242611e-06,1.3769974913276147e-05,2.4026873704504277e-05,1.0109809158144086e-05,2.961853439432981e-05,1.0205317737664212e-06,1.1272485552163351e-05,1.0657518669272965e-05,2.6096756649897007e-05,2.1986891016045823e-05,3.065227966702897e-05,1.0418340573506902e-05,7.560605107669882e-06,7.678593392474851e-06,2.0492318714042582e-06,6.061330792510307e-06,7.511578034826897e-06,-3.927226272008e-05,-4.980897976937961e-05,9.584315570879392e-06,9.828285543333635e-06,-5.7276701392365315e-05,-6.169293669112663e-05,-7.625717755550021e-05,-3.874834664551274e-06,-0.0003966931535469,4.230939931833794e-05,-0.0004963736205858,5.239218747916205e-05,-0.0004927605499631,8.688481422093246e-05,-0.0004223241778764,4.760602167568421e-05,-8.504795241246652e-06,1.1003783721907568e-05,-2.2547802015646986e-05,5.1470256364173664e-05,-6.792562926231237e-05,2.670815812178888e-05,-7.973686092129764e-05,2.3633076700547456e-05,-7.011914264016637e-05,3.0040340863254327e-06,-2.808263849909171e-07,2.0128940956072993e-07,-2.1393131933508505e-07,-9.005382887299873e-08,2.204961994195459e-07,1.54496544111574e-07,-2.504835579272759e-07,-2.0829325793381714e-07,-6.923365697345804e-07,-6.900914158285281e-07,4.300507106078873e-06,-1.2994743858641423e-06,-1.197996096227335e-07,-2.214966041072211e-07,-3.4129178910567226e-08,-1.6186253288054265e-06,-6.150823936999417e-07,4.924815384573398e-06,-1.267972191586145e-06,-1.3019305022146677e-07,1.9917185181838457e-07,-2.52857634117811e-07,-9.59126276133756e-08,-3.308039725955713e-07,2.665303780243241e-07,-3.4666907439733405e-08,-2.4960348793697716e-07,4.162766048244427e-06,-5.053402338644326e-07,5.174450480884539e-06,-1.9333951923490602e-08,-1.4742684680227997e-07,4.243502150100169e-07,-1.4344847226639193e-07,1.3820770034317086e-07,8.258897958394644e-09,1.713217108458333e-07,-1.389925472599389e-07,1.926131357808759e-07,2.3304521860700736e-09,-5.740508272879971e-09,-1.543426353913054e-07,-8.00960504798651e-08,5.800342774507777e-07,-1.5703077069512665e-07,5.8307568832529185e-08,8.569772325130693e-09,1.4366556886061414e-08,-2.662914664158358e-07,-2.4641093500236973e-07,8.635474432553395e-07,-1.537622531798479e-07,5.5955043418467215e-08,3.493428391056852e-07,4.771675765328535e-08,5.487921166700733e-08,-2.6473644964069347e-08,-1.25260458832056e-07,-1.3890232825408004e-08,2.9134834238278295e-08,5.753288748906138e-07,-2.9860478349543813e-08,8.218608534049149e-07,-8.830887575817964e-09,1.0240651896772184e-08,2.668432999536175e-07,6.161673549296092e-07,movement,no movement,no movement,no movement
8366.66666666672,0.0203167209377373,0.3036911029947122,-0.2892931123,0.0288970387197015,0.3222993674569132,-0.2828408073666667,0.0316322164716919,0.3225563038963576,-0.2722295194666666,0.0300913892154407,0.3223738999845163,-0.2757902006333332,0.0122653828843444,0.3305601497016804,-0.3061988093666666,0.0139571963198397,0.3283526934887327,-0.3193401882666667,0.0176333291409509,0.3189257519038763,-0.2990811405666666,0.0541731687877302,0.3337809710820817,-0.1707852656666666,-0.0557774269754645,0.2959661408229478,-0.2144037017666666,0.0392931195035752,0.3023209398042594,-0.2313495383,0.0108020643081714,0.2743448098760005,-0.2735907703666667,0.1195886660690101,0.2204256595119675,-0.0215374095866666,-0.1240027795640153,0.269810091315926,-0.0383891045199999,0.1592977436837346,0.0551989389749189,-0.0718606722233333,-0.1726221440012162,0.0324642295770298,-0.0582425646633333,0.1312009810734513,0.0810301960794588,-0.1830939104333333,-0.1350118211600027,-0.0858763316425716,-0.1289911704999999,0.1097659816112133,0.0960423802533069,-0.2013310666,-0.0973459507630932,-0.1090227179325867,-0.1754088193333333,0.0988010320580007,0.1242911695610471,-0.2068283245333333,-0.0653452803420004,-0.0690123561937761,-0.1878705970333332,0.1288696508593253,0.0817307794305298,-0.1876215829999999,-0.1174155333399933,-0.0759838543452643,-0.146088988,0.0743772783824905,-0.1636537609992586,0.05535674493,-0.0718117333659706,-0.1662292957778705,-0.0548219343066666,0.0915090710692952,-0.4934923658808237,0.0514343058333333,-0.0392695327377935,-0.4265850565694934,-0.0851596214733333,0.0901536469648587,-0.7644616268788547,0.235686455,-0.0793620460691649,-0.7659735424310071,0.0555206175366666,0.0742832256498231,-0.7912317401252739,0.2582474629,-0.0811888857677478,-0.7942815252296043,0.0288751519866666,0.1202044417005953,-0.8145998669484332,0.2218727884,-0.0626812544930149,-0.8197028085547758,-0.0640942600833333,nijmegen_nijmegen_rennen_g_ch1_g11_compr.mp4,ch1g11,1.4620156834601132e-05,8.982868824971678e-06,1.6176220586636585e-05,1.4652214367936936e-06,1.542024806838321e-05,1.0694740357744244e-05,1.6440157469175058e-05,5.560996163214217e-06,7.987271990419782e-06,7.573554607280548e-06,3.0725900787511444e-05,1.7005770260362763e-05,1.5029933734670497e-05,1.612832628412411e-05,5.124301032106578e-06,1.2489477286625177e-05,1.9222489469084855e-05,3.589947029418674e-05,1.5967687347540773e-05,1.5277514658981545e-05,1.4069527158346367e-05,1.5621406043289796e-05,1.5138106762335864e-05,1.4479443041546668e-05,1.364777500424875e-05,1.2327365294714737e-06,1.3504099584559106e-05,2.9226293773153828e-05,9.607471716031426e-06,3.596566337877241e-05,1.008322049669766e-06,1.1139283451646884e-05,1.1349941416991914e-05,3.103664793381892e-05,2.100544695538304e-05,3.466633179957626e-05,1.5491797111157456e-05,1.2976267198364125e-05,1.3029452223144275e-05,1.1387159779188067e-05,1.4221458774716977e-05,1.5130853812149328e-05,-3.5724472196145166e-05,-3.296024922560519e-05,1.4163632753025013e-05,1.6882304355462272e-05,-5.854384757999089e-05,-4.05849320123998e-05,-9.936769215766488e-05,1.6155005169312258e-05,-0.000481032900769,4.497705515197144e-05,-0.0005942526016357,5.17768279280746e-05,-0.000596033254528,8.156624566898721e-05,-0.0005083531255707,5.020868712931734e-05,-9.580281949728569e-06,1.1908329134120788e-05,-2.4778705202805357e-05,5.6035454293904e-05,-6.589446296903068e-05,3.034801209021727e-05,-7.674467713369495e-05,2.6469743228895115e-05,-7.169033100422429e-05,4.3845900825051016e-06,-4.568791363654789e-07,2.9768822843135994e-07,-1.8241665261578e-07,1.1581566116933638e-07,1.2529646810277261e-07,3.195092354187556e-07,-2.2522745188021846e-07,-1.3509676029177382e-07,-9.0122616031068e-07,-7.369253570164772e-07,5.026652022859911e-06,-1.318417034034578e-06,-2.8072514222791516e-08,-1.90788887541746e-07,-4.1010330127774094e-08,-1.8169925839312708e-06,-6.852644350077295e-07,5.986694769436426e-06,-1.2957703877131886e-06,-4.337899544995578e-08,5.263896850196352e-07,-1.6955093198301434e-07,-1.2034146470572093e-08,-3.380102377875014e-07,1.8567903382557667e-07,-5.387765046224284e-08,-1.884685595840573e-07,4.859340420200201e-06,-5.273474837216308e-07,6.240442255720499e-06,-3.2415857727539384e-08,-1.1580087032349957e-07,6.481436602575741e-07,-2.281702183608035e-07,8.315039480722176e-08,-6.336879748268157e-08,2.2501202154831018e-07,-1.5281509668302488e-07,1.2977966997574906e-07,-6.763522436652827e-08,4.966595779416213e-09,-1.425531067778686e-07,-4.2503533685813746e-08,6.92215745387567e-07,-6.462377550476005e-08,-1.761314101413492e-08,-6.285026573581844e-08,6.580283551423117e-08,-1.660806543728532e-07,-1.493043915922539e-07,1.1121693020139114e-06,-6.100553148000853e-08,-1.7769657646631992e-08,2.98515005512691e-07,-1.525829751827184e-08,-2.3797693489188513e-08,-8.173066093138786e-08,-1.3773816368993848e-07,-1.7126781829298858e-08,-2.5836365435718623e-08,6.328059450814907e-07,-4.0613976788824394e-08,1.0673191611958485e-06,-1.1945703658798076e-08,-4.899595256137482e-08,2.345732818594089e-07,6.799395379664618e-07,movement,no movement,no movement,no movement
8383.333333333387,0.0205797484926805,0.3037196562196887,-0.2894897748333334,0.0291725682381767,0.3223126284282656,-0.2830147694666667,0.0319027937537042,0.3225669739278455,-0.2724015901333333,0.0303632614122843,0.3223852119721225,-0.2759660541999999,0.0125224089162285,0.3305699802053543,-0.3064040957333332,0.0142122964665227,0.328364693552772,-0.3195468375666667,0.01789247323835,0.3189383132825253,-0.2992873875666666,0.0544113929257489,0.3337516935472271,-0.1708825836666666,-0.055590374185602,0.2959381736021387,-0.2146558785999999,0.0395376256675791,0.3023350155862511,-0.2315243989333333,0.0110331913673649,0.2743601811417329,-0.2738064041,0.1197082543054146,0.2203847490252561,-0.0214127423133333,-0.1238507915579123,0.2697818360502765,-0.03869030455,0.1592988507093745,0.0551309353440232,-0.07138683467,-0.1726487914629812,0.0324906803232246,-0.0584048409166666,0.1312652661642112,0.0804726360775891,-0.1824967965666666,-0.1348567319079414,-0.0858213908368996,-0.1290712398999999,0.1098239571943563,0.0953244729520855,-0.2006856074,-0.0971384970303318,-0.1089651717599532,-0.1755012542,0.0988505960966161,0.1235616556269269,-0.2062087461666666,-0.065095098634151,-0.0689169816197462,-0.1879252872666666,0.12892362604369,0.0811406110404837,-0.1870299944666666,-0.1172292192263488,-0.0759203628829392,-0.135854617,0.0743891639963451,-0.1636638718589363,0.0554210503966666,-0.0718265914644926,-0.1662169287859644,-0.0548836417533333,0.0914333005288349,-0.493509756084049,0.0516642951966666,-0.0393680635818029,-0.4265255632689732,-0.0850933356433333,0.0899388434214036,-0.7644960468011923,0.2358344374333333,-0.0796074024432211,-0.7659241956825935,0.0557334390233333,0.074041849748912,-0.7912745781925912,0.2583832542,-0.0814494811002285,-0.7942329784615254,0.02909898618,0.119933239502126,-0.8146137501573979,0.2220828858333333,-0.0628407079723807,-0.8196685762896473,-0.0637839503566666,nijmegen_nijmegen_rennen_g_ch1_g11_compr.mp4,ch1g11,1.402466173558176e-05,9.70693957158732e-06,1.6053803351597268e-05,1.3407357323343929e-06,1.5770906984463604e-05,1.1504283771689036e-05,1.626641002448508e-05,5.487395144313481e-06,6.936617986281108e-06,6.78934508788541e-06,3.464126489499951e-05,1.5512856895118884e-05,1.5133001160033494e-05,1.6000026764289928e-05,5.061338307614917e-06,1.063946588764803e-05,1.8720257617902292e-05,4.0751820490851507e-05,1.450497779166577e-05,1.5361543640919697e-05,1.521658307921012e-05,1.5574906329197246e-05,1.5256191008595386e-05,1.420259025350773e-05,1.4041911840004922e-05,1.1634874477778078e-06,1.3475570231727836e-05,3.31356744116289e-05,9.197879263198098e-06,4.080100358374981e-05,9.602011526808145e-07,1.1185420888486492e-05,1.2546406443845715e-05,3.492294821930151e-05,2.018835478336924e-05,4.329398099145245e-05,2.517563706203353e-05,2.3376488378590903e-05,2.335827524932317e-05,2.614487375512939e-05,2.7653965826654443e-05,2.7834634586155503e-05,-2.9259515330806455e-05,-1.4068900703379991e-05,2.3421967948500403e-05,2.819873591892555e-05,-5.9106248158338686e-05,-2.2360169278755353e-05,-0.0001168845794511,3.130447382330928e-05,-0.0005470915232221,4.7168470820493594e-05,-0.0006752555752444,5.084994966743062e-05,-0.0006770799015894,7.872581726795525e-05,-0.0005738281440092,5.442871576591204e-05,-1.0767590269475564e-05,1.294360775675858e-05,-2.129237552400541e-05,6.220397268269673e-05,-6.179588869875963e-05,3.6669784724519825e-05,-7.182898884393872e-05,3.2506216954971475e-05,-7.039233134443058e-05,8.378227786780334e-06,-7.218835030810266e-07,3.354861034941833e-07,-2.688109741903487e-07,3.450434727504167e-07,8.345348107242093e-08,4.0903696386246426e-07,-3.151012923992765e-07,-3.7820999853457184e-08,-1.06957938344247e-06,-7.245815161272041e-07,5.7891468489589504e-06,-1.238306077424716e-06,-7.238205676097434e-08,-2.764461278211467e-07,-8.730641729515087e-09,-1.8569954959413385e-06,-5.576613640213349e-07,7.1678546117169145e-06,-1.2245688743771184e-06,-8.85850237730828e-08,7.932740102779187e-07,-2.0695337514329587e-07,-6.403437630083455e-08,-4.45745477068489e-07,1.501438271252242e-07,-7.140604088095374e-08,-2.439019177906085e-07,5.539332455165442e-06,-5.541167801070576e-07,7.38375127404661e-06,-4.425828477931001e-08,-2.0037644239169666e-07,8.358754704556847e-07,-2.908089122960303e-07,4.971676007782065e-08,-1.2971875158061678e-07,2.513285578366694e-07,-1.6023154040276033e-07,7.646232362421204e-08,-1.32756686598493e-07,4.4912578452637414e-09,-8.013575593647672e-08,-1.626011748163834e-08,9.830523284631718e-07,-1.1107619967068418e-08,-9.448852373752205e-08,-1.297843215706006e-07,1.873298548589038e-07,-4.783838396330823e-08,-6.790278131959201e-08,1.5495906465918877e-06,-5.995711148602921e-09,-9.29808475116822e-08,2.4681152267929484e-07,-7.912642261839603e-08,-1.0234954668448664e-07,-1.2526304874472306e-07,-1.4403076308295797e-07,-1.4877244123341415e-08,-7.658663415653319e-08,8.515711938762034e-07,-5.9038508924214244e-08,1.5416343630622118e-06,-1.0246129784344692e-08,-1.004549134006399e-07,2.2044594871676117e-07,9.0879248070068e-07,movement,no movement,no movement,no movement
8400.000000000053,0.0208234648393892,0.3037623395492074,-0.2895480860666667,0.0294271192576122,0.3223385791694906,-0.2830515395999999,0.032153276276474,0.3225913542861602,-0.2724353293999999,0.0306150638073277,0.3224096765621497,-0.2760051607333333,0.0127624410120129,0.3305994700593586,-0.3064669905666666,0.014450819549794,0.3283948369067817,-0.3196070859333333,0.0181340072159496,0.3189686212612038,-0.2993510244666666,0.0546285372243117,0.3337272917857724,-0.1708742380333333,-0.0554155111689276,0.2959329587753828,-0.2147891541,0.0397593673164484,0.3023589959682069,-0.2315695936333333,0.0112449743472434,0.2743897631811329,-0.2738869190666666,0.1197905971012016,0.2203339841738217,-0.0212585623566666,-0.123706820063413,0.2697637487122569,-0.0389026853366666,0.1592662785270261,0.0550259949195988,-0.07087834248,-0.1726727121646974,0.0325175619215338,-0.0584365521999999,0.1313069005465463,0.0797787075013062,-0.1818121358999999,-0.1347009480066119,-0.0857865007441888,-0.1288319337333333,0.1098687915808805,0.0944495442613992,-0.1999369139333333,-0.0969303188219907,-0.1089334220132854,-0.1752054403,0.098889335807816,0.122662950698816,-0.2054811378666666,-0.0648459130201567,-0.0688571948890794,-0.1875978992999999,0.1289606965861316,0.0804079711708474,-0.1863498974999999,-0.1170432265188261,-0.0758757361206824,-0.135953635,0.0743979523107042,-0.1636759177204482,0.0554824950866666,-0.0718377871985268,-0.1662029229005524,-0.0549429012866666,0.091341540599956,-0.4935300755072202,0.0516718380399999,-0.0394609854056878,-0.4264610740612991,-0.0850717996133333,0.0897191935166057,-0.7645733007587718,0.2355869346333333,-0.0798552545117873,-0.765892974135045,0.0558826575133333,0.0737974937907644,-0.7913644206210527,0.2581079080666666,-0.0817160122663554,-0.7942087857604199,0.0292559559433333,0.1196410390557324,-0.8147134905853711,0.2218748586666666,-0.0630078337069598,-0.8196752033922465,-0.0635287863466666,nijmegen_nijmegen_rennen_g_ch1_g11_compr.mp4,ch1g11,1.3247434735615308e-05,1.0381419066290508e-05,1.584566538496591e-05,1.5456844609050414e-06,1.5504097785873067e-05,1.2348599752175436e-05,1.601119490000483e-05,5.329816151861074e-06,5.637633457292294e-06,6.170936162678202e-06,3.923004790615843e-05,1.446324699108715e-05,1.5152559860096227e-05,1.5784447235959035e-05,5.150855674032797e-06,8.334156558548454e-06,1.759449253068926e-05,4.682069674198482e-05,1.3471049248279347e-05,1.536856558459669e-05,1.647880407113128e-05,1.5488677290976197e-05,1.5277046831003207e-05,1.3847309390734725e-05,1.388842110332313e-05,1.0723112657910434e-06,1.3376282715581942e-05,3.744566937881e-05,8.695074707485773e-06,4.691729412983347e-05,8.969400639298056e-07,1.1096796059120576e-05,1.3878311521723704e-05,3.922846506918781e-05,1.9348317978387654e-05,5.345460637034982e-05,3.5770498151361915e-05,3.457616896910077e-05,3.4525911047314574e-05,4.1113647965539525e-05,4.15107283018488e-05,4.131569114813848e-05,-2.3153648809190357e-05,2.986268583519662e-06,3.36122937737226e-05,3.985279976676458e-05,-5.7446752960113176e-05,-6.469476186469452e-06,-0.000119953444524,4.035057217390209e-05,-0.0006211496909653,4.554320411067187e-05,-0.0007779514512133,4.627306081245783e-05,-0.0007811783449524,7.547643586010686e-05,-0.0006517839763244,5.604085542478804e-05,-1.193627056870139e-05,1.393854824166157e-05,-1.8524600779491315e-05,6.87079413091195e-05,-5.904388425219216e-05,4.5106209113644225e-05,-6.841434599534027e-05,4.092881934334502e-05,-7.043271092448782e-05,1.2636118042741454e-05,-1.0637559608382871e-06,3.4432315516675316e-07,-4.617455847501626e-07,6.164559446373926e-07,-4.825883566254774e-08,4.305194130008429e-07,-5.094656376471107e-07,-1.379796674965528e-08,-1.141227264031313e-06,-7.043204124299621e-07,6.672436364804178e-06,-1.202270224713077e-06,-2.3920810005239155e-07,-4.68872206751469e-07,1.131542271686951e-07,-1.844665190747212e-06,-4.917812966869797e-07,8.62531809758147e-06,-1.1795244207347329e-06,-2.503274964068914e-07,9.487583558307672e-07,-3.496535113258066e-07,-2.3910076721149306e-07,-6.27694580757261e-07,3.0253867616294735e-08,-8.88248006072695e-08,-3.7962502165420617e-07,6.27854212496149e-06,-5.99818910982245e-07,8.779215436123409e-06,-5.7204140068127726e-08,-3.600493196808574e-07,1.0048603978269895e-06,-3.157086327975875e-07,7.588094649598396e-08,-1.6426119838686657e-07,2.416120724892905e-07,-1.3732057392721237e-07,7.779842328452103e-08,-1.6707406194730112e-07,1.7242654363755363e-09,2.650119690411666e-08,-5.183984033724123e-09,1.3948220783994603e-06,4.830413487930659e-09,-1.413110655761456e-07,-1.6566824929385005e-07,3.667420343126065e-07,9.765730719655562e-08,1.0765182897741282e-08,2.091514936672469e-06,1.106969020707067e-08,-1.3951370274306346e-07,2.449300542240997e-07,-1.1611073038165458e-07,-1.4948697640733937e-07,-1.325242024287427e-07,-1.2263235891346837e-07,-7.087209944454215e-09,-9.446936857598281e-08,1.186200104580813e-06,-7.128993205353218e-08,2.1562599709856345e-06,-3.914482784748457e-09,-1.1690648124738985e-07,2.610876775238118e-07,1.2671640459912746e-06,movement,no movement,no movement,no movement
8416.666666666719,0.0210645565839273,0.3038220929462095,-0.2895277936666666,0.0296770765804643,0.3223820905105531,-0.2830209842666666,0.0323993167059346,0.322634600587306,-0.2724012142333332,0.0308626827473686,0.3224528981737377,-0.2759776005333333,0.0130013242838959,0.3306538308316487,-0.3064631222,0.0146882833958041,0.3284479960377441,-0.3195993840333334,0.0183741694262556,0.3190205260576885,-0.2993484892666666,0.0548290240333663,0.3337161180486428,-0.1708419571333333,-0.0552386366188657,0.2959565588994855,-0.2148986368999999,0.0399749873275603,0.3023986076847601,-0.2315515363999999,0.0114548103795739,0.274437330513904,-0.2739045604666666,0.1198562673755719,0.2202866662497709,-0.0211022393499999,-0.1235654572112462,0.2697668878210604,-0.0391065841333333,0.1592475216435501,0.0549222865980034,-0.0703198028766666,-0.1726951624844969,0.0325499534337628,-0.0584406588366666,0.1313451287365064,0.0790578092562447,-0.1810279181,-0.1345319117780369,-0.0857585503338203,-0.1284831797333332,0.1099120963195031,0.0935277139998754,-0.199085626,-0.0966930797614239,-0.1089140208152032,-0.1747752477333334,0.0989219133478537,0.1217265575198317,-0.2046537787,-0.0645778469561449,-0.0688095580444327,-0.1871335592333333,0.1289968033520788,0.0796497714779838,-0.1855715616666666,-0.1168448251267984,-0.0758353176024068,-0.140707195,0.0744014314173638,-0.1636882587610884,0.0555440510366666,-0.07184315039185,-0.16618879783975,-0.0550025768366666,0.091249035620866,-0.4935473126296641,0.0516228003066666,-0.0395080886244839,-0.4263940292910799,-0.0850469278366666,0.0894944917803201,-0.7646413800877411,0.2352618970999999,-0.0800555474912436,-0.7658562661203709,0.0560310894033333,0.0735496707393328,-0.7914418090732029,0.2577552497333333,-0.081934253496561,-0.7941789683140955,0.0294123390366666,0.1193473474594721,-0.8148070317802287,0.2216113708333333,-0.0631101111747863,-0.8196711029648573,-0.0632751809566666,nijmegen_nijmegen_rennen_g_ch1_g11_compr.mp4,ch1g11,1.2360277550626022e-05,1.101777064292198e-05,1.564596932439566e-05,2.1370842080572668e-06,1.515813378064236e-05,1.3159666893664446e-05,1.576333616519861e-05,5.267947411059014e-06,4.550859785133538e-06,5.649236073126459e-06,4.625841120519302e-05,1.3993900165930598e-05,1.5204632476094488e-05,1.5579536009700967e-05,5.587025595772552e-06,6.7161816709634635e-06,1.6697819774007452e-05,5.610012595504643e-05,1.2956630393164011e-05,1.5395923063596212e-05,1.7995901775750213e-05,1.544020750448259e-05,1.532853171568195e-05,1.354346378017588e-05,1.3662001768986108e-05,1.0100177657330723e-06,1.3297389773239248e-05,4.381899567345387e-05,8.039634345915189e-06,5.671916524212418e-05,8.637470799503972e-07,1.0884264558579208e-05,1.5287406370676192e-05,4.557716133866114e-05,1.882882267909603e-05,6.672142140970512e-05,4.931003515604021e-05,4.880848099301695e-05,4.867929883519864e-05,5.866900570425499e-05,5.814723542348625e-05,5.765657433404796e-05,-1.5735824918873184e-05,1.92548195612802e-05,4.688077255726515e-05,5.3847344797831394e-05,-5.076576792713552e-05,3.5069349960446333e-06,-0.0001085273747738,4.234154865726029e-05,-0.0007277651551203,3.763276957084073e-05,-0.0009329552489576,3.3660715821301e-05,-0.0009457414504308,6.368638116276998e-05,-0.0007694439217374,5.0861175529092576e-05,-1.2596030850297016e-05,1.4407080357161229e-05,-1.402709821677127e-05,7.393009439324786e-05,-5.223243433833318e-05,5.172057632388204e-05,-6.158218176588374e-05,4.72588485245024e-05,-6.888708816455387e-05,1.3971955684213789e-05,-1.4060081902253864e-06,4.332755422999743e-07,-6.934158868281832e-07,8.926666577939614e-07,-1.4152631772505957e-07,5.0451976521967e-07,-7.431941550492992e-07,-3.21782123742154e-08,-1.064400138245791e-06,-6.559911405301648e-07,8.070229417765361e-06,-1.1807296857322195e-06,-4.582537178818448e-07,-7.011012149692531e-07,4.840376620660363e-07,-1.6866148927710906e-06,-4.168873056467069e-07,1.0747113884177134e-05,-1.1414454500270704e-06,-4.639925551752107e-07,1.1723335050112546e-06,-5.39984380349644e-07,-4.65235684555549e-07,-8.165744002281127e-07,-5.124715519267483e-08,-8.978641012566623e-08,-5.383365627514397e-07,7.442099022981272e-06,-6.74068561345207e-07,1.0948107045586251e-05,-5.6248770240293476e-08,-5.328645345573646e-07,1.273847697676049e-06,-2.933077512424629e-07,1.8362996804012226e-07,-1.5064179091884396e-07,1.935644578677836e-07,-8.116384845045325e-08,1.651060866689675e-07,-1.541942865781229e-07,1.4245095335721078e-09,1.520870537526517e-07,3.1649333334103435e-10,1.8440647587751416e-06,-2.1906911963826283e-09,-1.4034269492796054e-07,-1.543219114811502e-07,5.747554813708524e-07,2.3340029693230698e-07,7.694075565274893e-08,2.62508450618214e-06,3.743336381535834e-09,-1.395804177655578e-07,3.219028610069529e-07,-1.0869568893617995e-07,-1.4794781172062935e-07,-9.188870531704288e-08,-7.100090529225493e-08,4.501134180581273e-09,-6.544690663811507e-08,1.5588182005386515e-06,-6.77299355802177e-08,2.7906293200629325e-06,5.508053960692181e-09,-8.816373179934818e-08,3.797556989664297e-07,1.682689873449194e-06,movement,no movement,no movement,no movement
8433.333333333385,0.0213094535416525,0.3038819796502532,-0.2894774237666666,0.029930728264808,0.3224252199643625,-0.2829553386999999,0.032650802638291,0.3226775143803139,-0.2723334884333332,0.0311153129247351,0.3224955847896741,-0.2759165335999999,0.0132477669018335,0.3307089603218802,-0.3064326185333333,0.0149333172369667,0.3285016391006084,-0.3195652057333333,0.0186224634158119,0.3190732028585323,-0.2993184644333332,0.0550197873378775,0.333692387903916,-0.1707862754666666,-0.055058142913804,0.2959791022055725,-0.2150056287333333,0.0401883570180452,0.3024373733006639,-0.2315052747666666,0.0116659160666117,0.2744851480562871,-0.2739052220666666,0.1199067927327728,0.2202229737360137,-0.0209524328233333,-0.1234337849276424,0.2697763618726965,-0.0392986518333333,0.159264266990877,0.0548000489566409,-0.0697478589333333,-0.1727260194330061,0.032594579975084,-0.0583879068633333,0.1313977771471205,0.078308679578966,-0.1801849400333333,-0.1343538841593477,-0.0857366903485266,-0.1279646781666666,0.1099615611856331,0.092588642611449,-0.1981761261666667,-0.0964351595231927,-0.1089069960892098,-0.1741631095333333,0.0989536880077765,0.1207767741497628,-0.2037719441,-0.0642831242836326,-0.0687773311292553,-0.1865036543666666,0.12903921838288,0.0788650589007767,-0.1847333018333333,-0.1166319644085085,-0.0757996015887555,-0.140733659,0.0744020340938869,-0.1637020310139655,0.0556075874766666,-0.071844895783404,-0.1661732776905439,-0.05506443106,0.091160596078483,-0.4935642369900931,0.0515706864766666,-0.0395325115847132,-0.4263187328785025,-0.08510673812,0.089270211644469,-0.7647103285775171,0.2350425564666666,-0.080232305992099,-0.7658249425005568,0.0558557784833333,0.0733031760882903,-0.7915193650221851,0.2575209627666667,-0.0821288847296024,-0.7941561402219688,0.02922821731,0.1190616077511409,-0.8149001878014152,0.2215067726333333,-0.0631776102798167,-0.8196748708841087,-0.0633699832633333,nijmegen_nijmegen_rennen_g_ch1_g11_compr.mp4,ch1g11,1.110644446594531e-05,1.1844997975541807e-05,1.5297206713084332e-05,3.7975561424280335e-06,1.49687269114067e-05,1.4133101959298263e-05,1.536310490959541e-05,5.2032913503573776e-06,3.5315688862183407e-06,5.1754771390207405e-06,5.653698114886262e-05,1.3419127319531748e-05,1.5121256743125417e-05,1.5218345510603988e-05,6.110579743864163e-06,5.484273512732233e-06,1.6521027338024676e-05,6.95036249349668e-05,1.2370851257324548e-05,1.5287650796085948e-05,1.9838672084458702e-05,1.5288190325737924e-05,1.5228057184537268e-05,1.3073610314607158e-05,1.355531488490256e-05,9.350917385228262e-07,1.310070720971037e-05,5.315089733967178e-05,7.36673757095236e-06,7.072795904756721e-05,8.242602855323611e-07,1.0526296003642906e-05,1.701357121057741e-05,5.492797540883821e-05,1.8351689907463817e-05,8.07506075858073e-05,6.336030612866494e-05,6.356022104616009e-05,6.332263492587947e-05,7.610388290043124e-05,7.487863201762107e-05,7.436548572762003e-05,-1.0111017292442794e-05,3.2255849665926215e-05,5.983749714525116e-05,6.728618109403971e-05,-4.536409362471846e-05,6.546323913076426e-06,-9.021417664731856e-05,3.290513245562236e-05,-0.0008833976106025,1.6864837702461414e-05,-0.0011562930520976,7.901056373409055e-06,-0.0011798723609651,4.1398079068127214e-05,-0.0009410249931409,3.3799128300024555e-05,-1.3209863158164208e-05,1.4837341156370178e-05,-9.594798070285006e-06,7.491415168369854e-05,-5.167755242120816e-05,5.36307965852437e-05,-6.187908136025884e-05,4.865171645698157e-05,-7.377909947084728e-05,1.092940693293749e-05,-1.6941860813196724e-06,6.848806528136148e-07,-8.977465877240476e-07,1.1064385220129783e-06,-2.2577549216714105e-07,7.2390696539159e-07,-9.50494752451219e-07,-7.243556497491378e-08,-8.340680243246813e-07,-6.194066099956521e-07,1.016192936605818e-05,-1.1896629123683945e-06,-6.61602787614917e-07,-9.0970369046421e-07,1.13221110489934e-06,-1.3919454403803094e-06,-3.8717703384095505e-07,1.37082934480575e-05,-1.134066297823504e-06,-6.650667870402044e-07,1.5563990460109125e-06,-7.10132591229261e-07,-6.74580930126121e-07,-9.40778033909878e-07,-1.2429314859316944e-07,-7.368553364332396e-08,-6.482256639763761e-07,9.187768030713163e-06,-7.513659556125402e-07,1.4126537303825493e-05,-4.1030576066683816e-08,-6.550288057973079e-07,1.732099075659964e-06,-2.1053526242757341e-07,3.741020893404978e-07,-7.72075976365461e-08,9.339479230565043e-08,1.0007323311538144e-08,3.4751287760486445e-07,-8.240569801738202e-08,1.4241181189027305e-08,2.8607082869101536e-07,1.1774793747174e-08,2.2708852357483596e-06,1.563734360372695e-08,-7.745491185993254e-08,-8.370245732374926e-08,7.891216790370234e-07,3.654983352615178e-07,1.260953414276482e-07,3.072275870550493e-06,1.4577405968623184e-08,-7.988882787809133e-08,4.964955104180261e-07,-4.478331639856269e-08,-8.343721577980314e-08,7.33169559510333e-09,1.2920283730013996e-08,2.0446468546365292e-08,2.00725652817362e-08,1.9102721790550785e-06,-4.811834836117435e-08,3.3786462808920658e-06,1.8527629039334933e-08,-1.1383877426207484e-08,5.770550523883835e-07,2.1025051207730244e-06,movement,no movement,no movement,no movement
8450.000000000051,0.0215509306283248,0.3039558121156647,-0.2893672564999999,0.0301804021493277,0.3224811576923982,-0.2828302881333333,0.0328985978104066,0.3227338998344236,-0.2722062772333333,0.0313645199335843,0.3225513740765769,-0.2757982078333332,0.0134918124675007,0.3307785820577845,-0.3063470113666666,0.0151757435542834,0.3285695801791011,-0.3194744646333334,0.0188689652693561,0.3191410106023664,-0.2992339013333333,0.0552022322857522,0.3336717342879727,-0.1706848208999999,-0.0548822761865181,0.2960086480391446,-0.2150889153,0.0403955516706286,0.3024899760328344,-0.2314021974666666,0.0118724635525859,0.2745468531987308,-0.2738554680666666,0.1199438369562563,0.2201604293971595,-0.02075297842,-0.1233072369700331,0.2697866878245425,-0.0394886557966666,0.1592868753348929,0.0546675722463729,-0.06901052837,-0.1727516068179546,0.0326272023650566,-0.0583239258699999,0.1314813709633506,0.0773012375026955,-0.1791893289,-0.1341284501042672,-0.0857420975770845,-0.1274688817666666,0.1100482459743142,0.0912831208257093,-0.197122099,-0.0961193883923702,-0.1089289556640048,-0.1735949819,0.0990021835187872,0.1194367723471915,-0.2027734009,-0.0639380451868329,-0.068765417478668,-0.1859227360666666,0.1291048944291939,0.0777938403552059,-0.1837590664,-0.1163745232139782,-0.0757863013184763,-0.142035335,0.0744018857383666,-0.1637164143356061,0.05567488087,-0.0718458632771407,-0.1661573026502105,-0.0551296250066666,0.0910725158050673,-0.4935747407398952,0.0516065559333333,-0.0395572115043371,-0.4262429497999446,-0.0852481205866666,0.0890463814992822,-0.764768814466754,0.2350596197999999,-0.0804148159420006,-0.7657661899420026,0.0556825839,0.0730579394668743,-0.7915887925280453,0.2575429335333333,-0.0823321635189068,-0.7941018107120718,0.0290703837166666,0.118798264040059,-0.8149837799882449,0.2216685445999999,-0.0632654757402717,-0.8196688543923838,-0.0634071061533333,nijmegen_nijmegen_rennen_g_ch1_g11_compr.mp4,ch1g11,9.145890156288774e-06,1.2225526129346522e-05,1.4246717739933856e-05,5.4992798024969434e-06,1.5144861324560626e-05,1.455990964167185e-05,1.4258844070383917e-05,5.262097345733364e-06,2.5501853991323915e-06,4.562259459804132e-06,6.906853555336318e-05,1.2190016972655198e-05,1.4302497160651271e-05,1.4151004798665346e-05,7.0642266126421675e-06,4.45942679943875e-06,1.6756886449067274e-05,8.594243939800348e-05,1.1220383405765294e-05,1.446955383170743e-05,2.1095011632889493e-05,1.4413824959891642e-05,1.4382288982450891e-05,1.193975277511938e-05,1.377262983511632e-05,8.476600953117923e-07,1.2286431696057356e-05,6.460746531524558e-05,6.5797847992109016e-06,8.758501129791101e-05,7.715843131004976e-07,9.785930157231867e-06,1.8387975260051125e-05,6.636063169968251e-05,1.7764637242215486e-05,8.657590729890497e-05,6.853810433505165e-05,6.951261350301738e-05,6.902364726280381e-05,8.415771883756261e-05,8.259083602314849e-05,8.261777578408823e-05,-1.2736903502213996e-05,3.789607204817251e-05,6.414301402344492e-05,7.3140251374767e-05,-4.346324797845475e-05,2.7652115352821702e-06,-6.255619360963412e-05,1.429959509558373e-05,-0.0010746735618638,-5.705502548625491e-06,-0.0014303764273315,-2.103675953828867e-05,-0.0014600669541063,2.244476007656388e-05,-0.0011499837740931,1.682843721044379e-05,-1.3656333269763734e-05,1.5142850250030206e-05,-3.002383023625558e-06,7.549682973991474e-05,-5.203234815518281e-05,5.7671768392065054e-05,-6.378345035936302e-05,5.253628380083899e-05,-7.932850176489952e-05,9.239468899702792e-06,-1.8671289735192776e-06,1.0958201696876588e-06,-9.885785579021062e-07,1.2184152077109796e-06,-2.502069618360541e-07,1.1046439357848194e-06,-1.0466008609261876e-06,-8.203821033178945e-08,-4.676782872143954e-07,-6.101775352782936e-07,1.2629283125334225e-05,-1.205767571480548e-06,-7.582655696743588e-07,-1.0071985172342833e-06,2.0238538274799125e-06,-9.833870496838172e-07,-3.467704772630333e-07,1.7030645542015382e-05,-1.1479185234819486e-06,-7.670507817931343e-07,2.115758455152893e-06,-7.750183122044034e-07,-7.762110595988873e-07,-9.240319759579775e-07,-1.4253461859812121e-07,-4.2329093682577564e-08,-6.327631545115926e-07,1.1257585604535976e-05,-8.259115555841737e-07,1.780892714447931e-05,-1.3013104958077313e-08,-6.679596364590446e-07,2.3610027040934608e-06,-5.4342607604692794e-08,6.551585540252708e-07,7.145050244867636e-08,-9.115402343434872e-09,1.348785210042203e-07,6.400419449545054e-07,6.407788322007799e-08,4.5298110396510186e-08,4.188679424494735e-07,4.3287011278494834e-08,2.6768354882223465e-06,9.739621546835499e-08,6.460718064585556e-08,6.202310284215287e-08,9.639973813215622e-07,5.025266177997636e-07,1.944842651299569e-07,3.425544119864302e-06,7.9503435270177e-08,5.6203826753155044e-08,7.952544303327098e-07,9.2665167248189e-08,6.103752512285054e-08,1.750417866797435e-07,1.2655889774744748e-07,4.0642540315578166e-08,1.713951750433833e-07,2.24349997391912e-06,-6.105327234563452e-09,3.914240881434191e-06,3.534639064552659e-08,1.1418594867477516e-07,8.593542652312986e-07,2.5282205017842665e-06,movement,no movement,no movement,no movement
8466.666666666717,0.0217758428168542,0.3040682933220265,-0.2890537221666666,0.0304038391754457,0.3225745737824496,-0.2825149845333332,0.0331205918230104,0.3228299694443592,-0.2718890483999999,0.0315888978086008,0.3226467325775391,-0.2754967424333333,0.0137201126101679,0.330893682207603,-0.3060715306,0.0154029122855394,0.328682010376947,-0.3191905170333333,0.019098949397278,0.3192522621914251,-0.2989609826,0.0553402257755151,0.3336740552997193,-0.1704536785333333,-0.0547099144181234,0.2960700508035483,-0.2150628362666667,0.0405819145392455,0.3025822266873862,-0.2311161239999999,0.0120693404168952,0.2746475368285672,-0.2736220553,0.1199338702457605,0.2201250968449279,-0.0204834241133333,-0.1231814457998409,0.2698121151140031,-0.0396549265533333,0.1592908378984428,0.0545720005977522,-0.0681485163133333,-0.1727995198045341,0.0326610873193594,-0.0582711762566666,0.1315281325162265,0.0761817997813654,-0.1779925168,-0.13388105999003,-0.085756924462924,-0.1270231728999999,0.110095725236616,0.0897903520255862,-0.1958519766666667,-0.0957589658097332,-0.1089735766681264,-0.1730936780333333,0.0990118843884745,0.1178978740910578,-0.2015738499666667,-0.0635365371972151,-0.0687717522834158,-0.1854004324666666,0.129139203662776,0.0765999016172186,-0.1825909574333333,-0.1160917756922501,-0.0757789979871177,-0.152942747,0.0743954163644823,-0.163731169952303,0.05574357125,-0.0718396953450816,-0.1661410724742013,-0.0551961627866666,0.0909844385971336,-0.493569047725564,0.0514804256733333,-0.0395788513245041,-0.4261695592886635,-0.0854973348066667,0.0888140433159271,-0.764823743126489,0.2345778518666666,-0.080598379000961,-0.7657170884597662,0.0553691253099999,0.0728043861375541,-0.7916524389214876,0.2570187459333333,-0.0825365552908283,-0.7940594450880031,0.0287571446066666,0.1185351158017843,-0.8150524470060159,0.2213197873666666,-0.0633450524770829,-0.8196698963524779,-0.0635603400033333,nijmegen_nijmegen_rennen_g_ch1_g11_compr.mp4,ch1g11,6.969531417467264e-06,1.2991286440394478e-05,1.2943890081777224e-05,6.83905534032558e-06,1.517119942877261e-05,1.5302631121424653e-05,1.290556624677236e-05,5.538279223835065e-06,2.1084654544264236e-06,3.984055056504214e-06,8.286459131127375e-05,1.0810731605347586e-05,1.3187891831293191e-05,1.2828626851305926e-05,9.201213325244912e-06,3.6383497574405862e-06,1.706804087151996e-05,0.0001044895477515,9.934415693117718e-06,1.3358416287026436e-05,2.281436154613185e-05,1.3302700534841843e-05,1.3239973443018113e-05,1.0703349461882155e-05,1.391677953620252e-05,8.015675221496156e-07,1.1328365943824545e-05,7.689085822562894e-05,5.674087182456367e-06,0.0001069195250867,7.578395811199746e-07,8.845504464158527e-06,2.0432899161601492e-05,7.881885946050506e-05,1.7098811883371572e-05,8.980999965500495e-05,7.092139701832797e-05,7.252642520752669e-05,7.170812647608427e-05,8.826845814686264e-05,8.656628207992382e-05,8.723252398380828e-05,-1.7120786795134153e-05,3.8581705989083805e-05,6.691821011032036e-05,7.676103943257791e-05,-3.5649937996765164e-05,-5.8016857226239104e-06,-1.0905406794684202e-05,-4.716975778787951e-06,-0.0012800072853364,-2.8516460216460287e-05,-0.0017408664999087,-5.549923846277552e-05,-0.0017802212326409,5.013288273401766e-07,-0.00138016783639,-1.713027453650044e-07,-1.3748994654605568e-05,1.5099614327847469e-05,8.332863529465555e-06,7.276174991010003e-05,-3.869415900238528e-05,5.91039882321869e-05,-5.045649265812348e-05,5.376603711040007e-05,-6.838974765886625e-05,1.094781700140364e-05,-1.8327537036961545e-06,1.7897490255069954e-06,-8.54112704143379e-07,1.2234736038041662e-06,-1.4056006723181726e-07,1.7793436680965512e-06,-9.179547320901282e-07,-4.047073912685204e-08,5.145920763344566e-08,-5.991302355309494e-07,1.5629986129472103e-05,-1.1525561392336992e-06,-6.494417569848253e-07,-8.822599908867329e-07,3.188305583903206e-06,-4.3995447604930955e-07,-1.972631680362226e-07,2.0796056650384628e-05,-1.1150271048656734e-06,-6.676212798204231e-07,2.9445924029289464e-06,-6.334525266288689e-07,-6.699434909295297e-07,-6.80751586430116e-07,-4.0629826358904315e-08,4.0388853858273484e-09,-4.180654940107529e-07,1.3790811585581947e-05,-8.672545045965019e-07,2.211477635412887e-05,2.68600421318506e-08,-5.261452713530698e-07,3.2497372169216065e-06,1.5131239420995453e-07,9.782226486830226e-07,2.665050862153633e-07,-7.353253427613277e-08,3.041867087333214e-07,9.940693668512255e-07,2.566460203478214e-07,9.998583527885357e-08,5.217623097093525e-07,9.665084948097689e-08,3.055852796237876e-06,2.417496638090579e-07,2.5781281929601616e-07,2.5453514841446124e-07,1.0376720855630312e-06,6.428449501952864e-07,3.115777421606548e-07,3.676456148659545e-06,1.9991961608879337e-07,2.418484065808642e-07,1.1667421178701207e-06,2.738758398742594e-07,2.568733561326075e-07,3.760583096090262e-07,2.7763929340864953e-07,6.14954746487191e-08,3.560081599534068e-07,2.5670092777131114e-06,5.7429242932783375e-08,4.358039918418169e-06,5.277919534274182e-08,2.6695320493280077e-07,1.170018109988102e-06,2.9374523950211377e-06,movement,no movement,no movement,no movement
8483.333333333383,0.0219881615275476,0.3041917276888985,-0.2891312966333333,0.0306124439248945,0.3226759158557263,-0.2825691581999999,0.0333271854533262,0.3229334744775492,-0.2719414756666666,0.0317978847601362,0.3227492532596031,-0.2755620343333333,0.0139301741318979,0.3310139412322267,-0.3061676778666666,0.0156126012766404,0.3288008719007985,-0.319286104,0.01931090076933,0.3193714364496746,-0.2990578898,0.055456372969709,0.333676325275333,-0.1704913814666666,-0.0545649128664376,0.2961279885514629,-0.2153177693,0.0407531984234112,0.3026827473495713,-0.2311961779999999,0.0122506144749216,0.2747557036313728,-0.2737606768333333,0.119919271812896,0.2201157774482396,-0.0204125494099999,-0.123112642575248,0.2698183011462146,-0.0400244557333333,0.1594093705872113,0.0546364387969104,-0.0674756911366666,-0.1729114076053845,0.0326687898261852,-0.0585068547599999,0.1316146403354602,0.0748954649303244,-0.1771131367,-0.1336223874107116,-0.0857759375212742,-0.1273386808999999,0.1101615070558674,0.0880007751386854,-0.1949391961,-0.0953631317456073,-0.1090195890392948,-0.1735608135333333,0.099008740943809,0.1160733711182687,-0.2007434505,-0.0630794124769525,-0.0687703977546255,-0.1858841956666666,0.1291830936046743,0.0751976591794467,-0.1817373315,-0.1157833354545072,-0.0757726234691887,-0.147670403,0.0743900120163729,-0.1637445335543357,0.0558104426966666,-0.0718351379150834,-0.1661263028564263,-0.0552597036966666,0.0908925461621048,-0.493546910996288,0.0514039616066666,-0.0396042150314492,-0.4260965457764347,-0.0856935085633333,0.0885803526198195,-0.7648534058350146,0.2343072765999999,-0.0807774003881577,-0.7656605123934331,0.0551094573033333,0.0725499134618964,-0.7916937592990446,0.2567260265333333,-0.0827348608188819,-0.794007741122015,0.0285029458233333,0.1182646498161005,-0.8151082579998453,0.2211154929666666,-0.0634457562728197,-0.8196570617316764,-0.06367077164,nijmegen_nijmegen_rennen_g_ch1_g11_compr.mp4,ch1g11,5.101426822824713e-06,1.5137646346817474e-05,1.1840286278036125e-05,7.813573138466689e-06,1.565627802429815e-05,1.7373180753260993e-05,1.1730900748332972e-05,5.935614418927329e-06,2.6450921347192177e-06,3.497411083579323e-06,9.950450857644315e-05,9.74369006827042e-06,1.2238786336065511e-05,1.1692573181209462e-05,1.2754363110186694e-05,3.5100697027725047e-06,1.7966342298064425e-05,0.0001265781113471,8.887522052028234e-06,1.2393038900769368e-05,2.6201829521451947e-05,1.235366275005675e-05,1.228407159410961e-05,9.803415663369195e-06,1.4485514566356058e-05,8.608319876432951e-07,1.0644276409100154e-05,9.14771231427356e-05,4.729608843227218e-06,0.000130610675371,8.357811017511794e-07,8.106714575493263e-06,2.416616412415848e-05,9.39198493340422e-05,1.6994651525624223e-05,9.415517459332416e-05,7.482440276022765e-05,7.721460592859794e-05,7.612800521629704e-05,9.337518788231822e-05,9.154818642508724e-05,9.252653910298566e-05,-1.820560778379352e-05,3.79407711702032e-05,7.31122281370558e-05,8.211293214766844e-05,-1.881625586082537e-05,-1.744455884473028e-05,6.663220417471477e-05,-2.612398350157413e-05,-0.0015241029783209,-6.831263626654904e-05,-0.0021104932600024,-0.0001145156344016,-0.0021726215035379,-4.894504305508021e-05,-0.0016581307364977,-3.577693853887245e-05,-1.3588930286011396e-05,1.4805790705821666e-05,2.2148247780596973e-05,6.554910255644212e-05,-2.514510077705144e-05,4.975471212026383e-05,-3.673089062087452e-05,4.2757547224799326e-05,-5.6565401001961256e-05,4.515141879290606e-06,-1.6059135794016111e-06,2.8349023696568908e-06,-5.141459237495248e-07,1.0924640106156685e-06,2.0967338217555378e-07,2.828774850981874e-06,-5.898125365118076e-07,7.747046523198948e-08,6.559714129054915e-07,-5.514197082756567e-07,1.9010460372306103e-05,-9.678535145930618e-07,-3.261241945693001e-07,-5.557812834467715e-07,4.352650296696402e-06,1.99627789292372e-07,1.4787165446181113e-07,2.475841175004935e-05,-9.776919689388283e-07,-3.631629770874765e-07,4.13885472747e-06,-2.9346458631543745e-07,-3.470813037027193e-07,-2.242660319447825e-07,2.775904648883596e-07,6.77400979271143e-08,6.2184538883702e-09,1.6667126241153166e-05,-7.695120345688214e-07,2.68618656302002e-05,8.138323750281118e-08,-1.99438689014835e-07,4.468051360566792e-06,3.709932878687754e-07,1.2701348896644217e-06,4.674552880814298e-07,-8.57414548205735e-08,4.87344042655799e-07,1.333863994745329e-06,4.561012830740752e-07,1.8075058857911745e-07,5.733492834354199e-07,1.709456481194468e-07,3.288822832498683e-06,4.259888525874101e-07,4.597487635206223e-07,4.543084282471178e-07,9.708199035548724e-07,7.608630838373914e-07,4.663390756914422e-07,3.709320966607498e-06,3.586878317925278e-07,4.3640495985123556e-07,1.5271234142501932e-06,4.5990813744231204e-07,4.607482116749379e-07,5.678520925481904e-07,4.388591904306158e-07,7.919505087762485e-08,5.311551686377341e-07,2.775433930652796e-06,1.3502353381924074e-07,4.550976558765565e-06,6.769799839704314e-08,4.072415568239424e-07,1.4325268794102168e-06,3.204078498347804e-06,movement,no movement,no movement,no movement
8500.00000000005,0.0221671361399077,0.3043129074351841,-0.2893274048666667,0.0307942186037488,0.3227739854855409,-0.2827285688333332,0.0335062029133919,0.3230336725184664,-0.2721007213999999,0.0319799417560743,0.3228483747363816,-0.2757346116333333,0.014108627391382,0.3311285440283031,-0.3063480385333333,0.015790795560891,0.3289155605579879,-0.3194682806,0.019491410779442,0.3194873777843244,-0.2992401369666666,0.055556777171195,0.333662529308329,-0.1706061715666666,-0.0544373336254492,0.2961623524942328,-0.2155699893333333,0.0408986813551922,0.3027803081922244,-0.2313981845999999,0.0124057815101365,0.2748609304988542,-0.2739900832,0.1198971696324307,0.22011319716852,-0.0204403511266666,-0.1230889148884302,0.2697643798977628,-0.04038943037,0.1596210230913384,0.054796772094466,-0.0668962453299999,-0.1730633346884848,0.032603735188975,-0.0587212463333333,0.1317080391649148,0.0733609522742568,-0.1764512574333333,-0.1333599280773786,-0.085827095803849,-0.1276673443999999,0.1102243036756054,0.0858293375107477,-0.1943471839,-0.094949384413129,-0.1090998116621169,-0.1740645040999999,0.0989492816121434,0.1138540760414478,-0.2003018029333333,-0.0625960440023343,-0.0687735438781355,-0.1864416103666666,0.1292167040464448,0.0735018712667233,-0.1811380356,-0.1154638268659349,-0.0757909957865667,-0.147216842,0.0743856109646205,-0.1637559412567845,0.0558679305066666,-0.0718320430652119,-0.1661138775067459,-0.05531122831,0.0908064350328123,-0.4935130211261672,0.0513506293566666,-0.0396273251258264,-0.4260332194635004,-0.0857639627433333,0.0883596373081328,-0.7648479934641798,0.2340883954333333,-0.0809493170955147,-0.7655832527467608,0.0551107281233333,0.0723107785194644,-0.7917041050246305,0.2564936111666667,-0.0829242792494902,-0.7939319201529949,0.0285310672933333,0.1179939891861182,-0.8151354597891306,0.2209364117999999,-0.0635362939691692,-0.8196162680923016,-0.0635293064733333,nijmegen_nijmegen_rennen_g_ch1_g11_compr.mp4,ch1g11,3.3973844799728372e-06,1.8394983892420523e-05,1.0984920936943067e-05,8.791120626121102e-06,1.5714005493547226e-05,2.05200350838378e-05,1.0796800634907726e-05,5.737692794368445e-06,3.705784079655298e-06,2.9759259546465666e-06,0.00011864157726,8.579726384075097e-06,1.1537114405942088e-05,1.0800230989829267e-05,1.7660944425759335e-05,3.928374243046698e-06,1.78030635501239e-05,0.0001516668995868,7.743199843679894e-06,1.165992927915662e-05,3.054581441993634e-05,1.1723323980867612e-05,1.1573710787215956e-05,9.365709051327764e-06,1.45785628394449e-05,9.485429181987764e-07,1.0394119633012671e-05,0.0001081388185662,4.15420058220825e-06,0.0001576792468028,9.301188319557224e-07,7.589427791189792e-06,2.913411192990332e-05,0.0001114521075313,1.6507320748165285e-05,0.0001035488040408,8.229422452138996e-05,8.563634730821081e-05,8.428324323217368e-05,0.0001019998834959,0.0001004035332843,0.0001012094311864,-1.878477291543285e-05,3.627600367773817e-05,8.567923411987842e-05,9.30146998053908e-05,6.20030552684888e-06,-3.5075990626686894e-05,0.0001632932295388,-5.399878453860038e-05,-0.0018021469022831,-0.0001096438712555,-0.0025300862293061,-0.0001810918365886,-0.0026213888738453,-0.0001033333895125,-0.0019778083650162,-7.444663348265882e-05,-1.3055209328441468e-05,1.410453183170724e-05,3.809106125719126e-05,5.4362911808894934e-05,-1.0916932835288066e-05,3.644426866506894e-05,-2.3412772797817217e-05,2.7193039467720723e-05,-3.6065423522485495e-05,-1.915034153539839e-06,-1.1734530019186012e-06,4.25061719666177e-06,6.226380183492456e-08,8.776111497052676e-07,8.1598084124059e-07,4.3086803014757584e-06,-2.7692448307569897e-08,3.041035248819005e-07,1.2806370560576118e-06,-3.919545686140017e-07,2.250937883073313e-05,-5.6617412412967e-07,2.4888932836061856e-07,5.22754005316646e-09,5.244778638614754e-06,9.658382037068705e-07,6.935082481466919e-07,2.8589815211135745e-05,-6.538735600087968e-07,1.8459151120420936e-07,5.805965734217939e-06,2.719051681575778e-07,2.306653493079572e-07,4.448265797818693e-07,8.265782998996562e-07,1.537561011418816e-07,6.388400097745847e-07,1.9650844018265407e-05,-5.793965479250887e-07,3.166750055844748e-05,1.552610707082413e-07,3.066685697642226e-07,6.041572454997031e-06,5.823563065164453e-07,1.4940860986397523e-06,6.381667953875317e-07,-4.687986112393187e-08,6.856542243685315e-07,1.61527669242877e-06,6.267114964118726e-07,3.00290362378815e-07,5.801246326272971e-07,2.63551349108655e-07,3.323026135277369e-06,6.32700322564617e-07,6.31353479454714e-07,6.254916129156127e-07,7.386297944964296e-07,8.377326778297474e-07,6.924594026470258e-07,3.489014830374901e-06,5.409810278102945e-07,6.023112378295806e-07,1.8369863553719024e-06,6.117847700277534e-07,6.341769962073931e-07,7.123209590799979e-07,6.160633339935546e-07,9.354320307382796e-08,6.573683107738374e-07,2.818335756048985e-06,2.0723964454512402e-07,4.441857267278362e-06,8.028035207976289e-08,5.053872301445148e-07,1.6120833592001635e-06,3.2746116408926413e-06,movement,no movement,no movement,no movement
8516.666666666715,0.0223274516024337,0.3044315203788237,-0.2893226672666666,0.0309488099138269,0.3228723481312477,-0.2827103218666665,0.0336584012087985,0.3231350359948832,-0.2720790501333333,0.0321371130172304,0.3229487753476634,-0.2757387630999999,0.0142639412880401,0.3312435602501954,-0.3063453573333333,0.0159468633203306,0.329030127396789,-0.3194624711333333,0.0196484971129381,0.3196025141675878,-0.2992400773666667,0.0556016024993581,0.3336528516368839,-0.1706494042999999,-0.0543256513775947,0.2961947987432665,-0.2157293140333333,0.0410249011239555,0.3028822488906171,-0.2314316635333332,0.0125455383838997,0.2749648371930371,-0.2740389987333333,0.1198216416793028,0.2201436022760288,-0.0205079015066666,-0.1230775465070019,0.2697047680652719,-0.04073592372,0.1598456991162389,0.055048153576737,-0.0662297615899999,-0.173247595702463,0.0325091522825761,-0.0589477993666666,0.1317994334453099,0.0713093802674191,-0.1753439159,-0.1330905020357512,-0.085992026054027,-0.1279226067333333,0.1102854895916788,0.0829286719498753,-0.1932438815666666,-0.0945112914920823,-0.109353463860136,-0.1744527717333333,0.098815265726124,0.1108048459550613,-0.1993653136,-0.0620916338604153,-0.0689364590848112,-0.1868736978333333,0.1292334419924277,0.0712311084593472,-0.1801030193333333,-0.1151375260529897,-0.0759194277176101,-0.147169381,0.074375114201908,-0.1637679203358044,0.0559188251733333,-0.0718223875066627,-0.1661010946156494,-0.05535687839,0.0907184411728486,-0.493476475250636,0.0510747923466666,-0.0396192841400772,-0.42597840685021,-0.0858813029333333,0.0881306195112737,-0.7648651326569015,0.2331602318999999,-0.0810605647740126,-0.7655538705436468,0.0549155327199999,0.0720677460817903,-0.7917385216605504,0.2554810613666666,-0.0830459347972459,-0.7939157949720088,0.0283311277333333,0.1177274804339119,-0.8151807999249513,0.2200304658999999,-0.0635293126570291,-0.8196442698895382,-0.0635197789199999,nijmegen_nijmegen_rennen_g_ch1_g11_compr.mp4,ch1g11,2.4692322836398926e-06,2.3716600594872715e-05,1.1297402627012268e-05,9.587685885039238e-06,1.6146266744393298e-05,2.592410474515355e-05,1.1019026858202048e-05,5.648485521829146e-06,5.498853893989256e-06,2.5765319770478977e-06,0.0001425415616793,7.897188204148037e-06,1.2030826688696424e-05,1.1053639413568407e-05,2.3627160120733895e-05,5.103390445143292e-06,1.7562011719047952e-05,0.0001819245800194,6.972509779010746e-06,1.2089900694429504e-05,3.764791683797971e-05,1.2245828095289516e-05,1.2056998337239356e-05,1.0136908453067694e-05,1.5009049071254213e-05,1.15490126950233e-06,1.1332112108771567e-05,0.0001289310090326,3.616694282079646e-06,0.0001914290164748,1.1283997102004456e-06,8.163200338360467e-06,3.643348234108368e-05,0.0001335509215616,1.6549545209513082e-05,0.0001236136554671,0.0001008642192256,0.0001050070069684,0.0001036328447002,0.0001218748000393,0.0001207466592211,0.0001204384091154,-1.028886889367986e-05,4.264153208770505e-05,0.0001107649438866,0.0001149984805486,4.108985214546076e-05,-4.601424022717543e-05,0.0002730187634751,-7.529605704676973e-05,-0.0021472230491138,-0.0001666227413726,-0.0030340880907109,-0.0002750085869078,-0.003181849103901,-0.0001968945300488,-0.002376234578257,-0.0001353521666524,-1.243385888551384e-05,1.3288782254020684e-05,5.6316105081122095e-05,3.7614978623941286e-05,-6.371847410671439e-06,1.0339496405568566e-05,-2.1010879560061503e-05,-3.061946906297451e-06,-2.327879763626171e-05,-2.138129639977612e-05,-4.964866296015893e-07,5.939215508032773e-06,7.972401624981838e-07,7.12621417718325e-07,1.6344574390830432e-06,6.150987838878999e-06,6.954167510888987e-07,6.561283632693188e-07,1.8325814189477504e-06,-9.855372199034701e-08,2.5658947147823808e-05,1.6627482869290057e-07,9.88344789515069e-07,7.265587240250251e-07,5.866701853263642e-06,1.8921867213112536e-06,1.5051403370291742e-06,3.1721973708067175e-05,-3.30134636193925e-08,8.925676145565117e-07,7.867985161361153e-06,9.771515491488265e-07,9.74873096116353e-07,1.240832123324451e-06,1.562562731928833e-06,2.558790455761923e-07,1.390182009825748e-06,2.2331404415757996e-05,-3.208836977757243e-07,3.576642327870236e-05,2.428324944088335e-07,9.034014135234012e-07,7.828542085974313e-06,7.408623160228488e-07,1.5862001225230437e-06,7.205445522559349e-07,4.4865322862039984e-08,8.497931822249135e-07,1.7583539118294608e-06,7.110512133483253e-07,4.192881952488371e-07,5.387773085947045e-07,3.6031411017591065e-07,3.049956434513477e-06,8.113786079506379e-07,7.120698304889676e-07,7.109144571592173e-07,3.605300702746345e-07,8.50587264725988e-07,9.30585392322982e-07,2.9287579566438058e-06,7.043952005122635e-07,6.805909752839051e-07,1.9888067435235514e-06,6.740072353865887e-07,7.165681006038971e-07,7.598135222745653e-07,7.626018569261424e-07,9.992712803983252e-08,6.840723821344203e-07,2.598506325763408e-06,2.738715450977998e-07,3.887443569174658e-06,8.626576060547024e-08,5.130705404058185e-07,1.640951137832343e-06,3.0659844719913886e-06,movement,no movement,no movement,no movement
8533.333333333381,0.0224682789535586,0.3045471242342838,-0.2891336281666667,0.0310788219848508,0.3229687667366434,-0.2825288187666666,0.0337860059650917,0.3232349393905077,-0.2718928760333333,0.0322722929137146,0.3230476515582648,-0.2755833896999999,0.0144006081504222,0.3313578159563818,-0.3061524479,0.0160847098464677,0.3291436390745915,-0.3192627389666667,0.0197867249132321,0.3197160825982328,-0.2990509637666667,0.0556158052447769,0.3336434458267436,-0.1706036483,-0.0542180024838306,0.2962305635284603,-0.2157259274999999,0.0411334089740614,0.3029858280200971,-0.2313060546999999,0.0126762888080232,0.2750702254816204,-0.2738992119333334,0.1197232132223924,0.2201977094694384,-0.0205587329699999,-0.1230749279777995,0.2696460615994157,-0.0409828629066666,0.1601264099980058,0.0553533633487893,-0.0655660544333333,-0.1734288052638528,0.0324094048675133,-0.0591825358666666,0.1318799462035758,0.0687113573721668,-0.1741123925333333,-0.1327694971329417,-0.0862344626614212,-0.1281730192333333,0.1103264536000489,0.0793007150674187,-0.1920030370333333,-0.0940082200461534,-0.1097310654453353,-0.1748096788999999,0.0984857097579304,0.1069538982619133,-0.1982858312666666,-0.0615255927496702,-0.0692415622554173,-0.1872781749666666,0.1291969138193647,0.0683541368373737,-0.1789383609666667,-0.1147630830327386,-0.0761368843666952,-0.129621625,0.0743587818136705,-0.1637804610174789,0.0559496796433333,-0.07180659792139,-0.1660877750634331,-0.05538112618,0.0906134581354627,-0.4934344552803756,0.0503042093433333,-0.039586046833747,-0.4259604643907361,-0.0860409209433333,0.0878483565842544,-0.7648973303533405,0.2314860293333333,-0.0811637249294305,-0.7655832978452483,0.0545595915399999,0.0717656256362184,-0.7917896468027792,0.2536917900333333,-0.083162399177691,-0.7939651384063877,0.0279475561966666,0.1173602071341914,-0.8152470093098995,0.2182653056333333,-0.063507174069132,-0.8197175064639122,-0.06369740697,nijmegen_nijmegen_rennen_g_ch1_g11_compr.mp4,ch1g11,2.347447468333844e-06,3.0353141040126005e-05,1.2601286803363224e-05,1.0306455402112744e-05,1.756719792242138e-05,3.2819456583817906e-05,1.2215171922754288e-05,6.203978181741982e-06,7.679969767284217e-06,2.433066573515717e-06,0.0001700247192664,8.048508330863273e-06,1.3561103085477426e-05,1.2277130183914074e-05,3.0187785440509223e-05,7.093524236265095e-06,1.8582743973573376e-05,0.0002157685828469,6.902230169490471e-06,1.3504375614882284e-05,4.636653860253452e-05,1.3761800142154828e-05,1.35666554108673e-05,1.196415595065871e-05,1.6381043851798733e-05,1.446981841728996e-06,1.3313366647414426e-05,0.000152815062829,3.313567696018755e-06,0.000229955421435,1.4012637678563702e-06,9.591513702237203e-06,4.503672393288003e-05,0.0001590323300816,1.7775808813867727e-05,0.0001576587224532,0.0001340694653933,0.0001390367738574,0.0001378726480005,0.0001570301251567,0.0001563849989721,0.0001537333331643,1.1811255201146391e-05,6.07988833519155e-05,0.0001513287465886,0.0001506947176463,8.510504011694432e-05,-5.042503194802441e-05,0.0003845599163565,-9.301014359133712e-05,-0.0025430700899015,-0.0002339479842531,-0.0035954526843724,-0.0003877765750872,-0.0038227213599735,-0.0003208406574046,-0.0028341842239734,-0.0002130313118623,-1.2126618925114992e-05,1.27778997089e-05,7.360048574562105e-05,1.7884770243283478e-05,-1.7417848259076956e-05,-2.8974476170899796e-05,-3.590085086283849e-05,-4.897986159649411e-05,-3.157245928797134e-05,-6.123799475759477e-05,3.312347908241522e-07,7.679554526413554e-06,1.6095624804604762e-06,7.301779002420268e-07,2.5347924118120416e-06,8.107472130971773e-06,1.4993835890179125e-06,1.1088326409651128e-06,2.309628369690069e-06,3.191737230155506e-07,2.8151294429388593e-05,1.0940991786169318e-06,1.8036068624137011e-06,1.530153736252202e-06,6.07171951712255e-06,2.7471677437025267e-06,2.4397975803526287e-06,3.388676436033831e-05,7.802689391785459e-07,1.6752789552953996e-06,1.0042061051554328e-05,1.7422690284542014e-06,1.7951931478815305e-06,2.0799942800739286e-06,2.3708976044990073e-06,3.573888844488849e-07,2.160828358446281e-06,2.442279655246842e-05,1.2729962765856392e-08,3.883483801338124e-05,3.297207728725761e-07,1.4879315058489634e-06,9.596966255341164e-06,8.233952798040287e-07,1.5417885275504325e-06,6.997015041949274e-07,1.7284731345647305e-07,9.19618863228008e-07,1.7497041988302769e-06,6.947551486073461e-07,4.996385846074904e-07,4.671617944084671e-07,4.382670691191345e-07,2.492642954067187e-06,9.097661764895432e-07,6.860679929021399e-07,6.954808907429675e-07,-1.1608590299392778e-07,7.877288977798251e-07,1.0848513422119254e-06,2.0907385240784888e-06,8.012616194795159e-07,6.571104509131377e-07,1.972236938721907e-06,6.332439250995926e-07,6.923337405255422e-07,6.995055580475609e-07,8.227055127159881e-07,9.780667727331725e-08,6.017346012552556e-07,2.13608584106751e-06,3.1905070722269117e-07,2.946640595057651e-06,8.515935179785121e-08,4.286786313790891e-07,1.5254830901823572e-06,2.642598477774907e-06,movement,no movement,no movement,no movement
8550.000000000047,0.0226226458289287,0.3046869965441571,-0.2885083128333333,0.031217095621005,0.3230890471920241,-0.2819237171666666,0.0339209691927557,0.3233614519431806,-0.2712824887,0.0324169019732363,0.3231728933443718,-0.2750136358666666,0.0145522900584815,0.3315051483790669,-0.3055463402,0.0162373561358327,0.3292890784930983,-0.3186455358333333,0.019939810867282,0.3198581787910219,-0.2984510113,0.0556089325777375,0.3336494425447286,-0.1702516550666666,-0.0540733211010272,0.2962924551958178,-0.2154774153999999,0.0412485598589878,0.3031236772775511,-0.2307807450333332,0.0128304168188264,0.2752099726866875,-0.2733745837666667,0.119594030662513,0.2202773008156187,-0.0204580545133333,-0.1230730045121198,0.2695898703753503,-0.0411173660033333,0.1605045612848853,0.0557206302137594,-0.0647862296033333,-0.1735856188081146,0.0323006290003827,-0.0595813577466666,0.1320134431670113,0.0658646336343776,-0.1726816590333333,-0.1323128837295536,-0.0865445072205504,-0.1284549804999999,0.1104269051093787,0.0753310128385028,-0.1905221218666666,-0.0933581933284848,-0.1102241313955169,-0.1751596674333332,0.0981243896242568,0.1027323474375502,-0.1969649983,-0.0608016630908828,-0.0696795553964057,-0.187665626,0.1291573465384921,0.065204153139787,-0.1775722900666667,-0.114248645884226,-0.0764297035184927,-0.132601291,0.0743363921959378,-0.1637927337707793,0.0559721091166666,-0.0717838545967449,-0.1660747148187653,-0.05539640931,0.0905179481831194,-0.493340652332019,0.0493769268433333,-0.0395525563351736,-0.4259669360374958,-0.0863435250333333,0.0875067583698846,-0.7649345343685254,0.2295076036666666,-0.081226913928103,-0.7656466216174228,0.0538521935566666,0.071401866817715,-0.791847064385347,0.2515738929666666,-0.0832292958105638,-0.7940507963966832,0.0271750732933333,0.1169567791807238,-0.8153103824611893,0.2161909656333333,-0.0633836032855491,-0.8198105333758342,-0.0642687877733333,nijmegen_nijmegen_rennen_g_ch1_g11_compr.mp4,ch1g11,3.3057658496891526e-06,3.891271138896454e-05,1.493025017430944e-05,1.087858025224427e-05,2.0797239597000884e-05,4.196774398811749e-05,1.4426808893578543e-05,7.709852375651978e-06,1.0274897239172796e-05,2.8748108450907742e-06,0.0002006953979153,9.70160366582553e-06,1.6088498584188495e-05,1.4519223215615013e-05,3.672831696367914e-05,1.031286676516282e-05,2.1719013466139587e-05,0.0002520818696462,8.135359681240123e-06,1.5863510091660903e-05,5.78075606176045e-05,1.6191245200421017e-05,1.608683524922385e-05,1.4775377451903873e-05,1.9415470805370177e-05,1.8787391654446751e-06,1.6123138857480383e-05,0.0001794653011221,3.391667295793242e-06,0.0002720970123225,1.799123097925706e-06,1.159627827933101e-05,5.557490706988543e-05,0.0001875881291281,2.1050999589979786e-05,0.0002049763492482,0.0001816859789636,0.0001875047263,0.0001867887549346,0.0002070024966494,0.0002067274161404,0.0002006510433237,4.5973239360461344e-05,8.672655850665916e-05,0.0002057578634566,0.0001980959752841,0.0001308549736406,-5.4727413185454296e-05,0.0004849554611236,-0.0001095587597717,-0.0029838751071566,-0.0003298410484267,-0.0041958253774955,-0.0005359187069433,-0.0045249254417178,-0.0004969596518068,-0.0033448257174059,-0.0003271135402464,-1.1932137643091224e-05,1.2377131992664987e-05,8.690094835875357e-05,-9.41559093846262e-06,-5.39549647777514e-05,-8.766582791212447e-05,-7.826704853995958e-05,-0.0001163814737933,-7.157956963568129e-05,-0.0001230072180097,1.24332538715617e-06,9.26899533446071e-06,2.368803331836151e-06,9.624826557680202e-07,3.4429652648601354e-06,9.942981276918346e-06,2.2563165544145706e-06,1.6193628408916635e-06,2.7079912893616735e-06,8.351857632949569e-07,3.0257111193966597e-05,2.1673145949088246e-06,2.550747500972134e-06,2.286515641839833e-06,5.772151648203211e-06,3.46899782880953e-06,3.475485251469819e-06,3.5431764555815414e-05,1.7350219929796136e-06,2.393068643189603e-06,1.208609874388102e-05,2.4315934989144835e-06,2.548062306899015e-06,2.8243941550324863e-06,3.181255736448578e-06,4.57136733242756e-07,2.7989583998690852e-06,2.6189932921895016e-05,3.619243063284815e-07,4.121947360237537e-05,4.167525051437044e-07,1.926307303721017e-06,1.113612490443786e-05,8.082414645239443e-07,1.3334153643457894e-06,5.719081364194076e-07,3.206628327288274e-07,8.557193993965117e-07,1.551954638059369e-06,5.740032982605041e-07,5.176592781231579e-07,3.698713177203942e-07,4.737578760019943e-07,1.685641825680352e-06,8.790575345945085e-07,5.520590116974358e-07,5.745639048056292e-07,-6.32119081541729e-07,6.269394367370334e-07,1.0881122105601654e-06,1.0524221936089178e-06,7.867157745185542e-07,5.306966541676618e-07,1.7324832405592627e-06,4.904287304822038e-07,5.593337393545877e-07,5.345665299216049e-07,7.626891582099811e-07,8.55424817413522e-08,4.202081983191718e-07,1.4600566057765795e-06,3.309169465806043e-07,1.6959581086125266e-06,7.541118638050967e-08,2.672264656215876e-07,1.237804541759342e-06,2.1005144635274653e-06,movement,no movement,no movement,no movement
8566.666666666713,0.0227887210421577,0.30485670438946,-0.2878209759333333,0.0313635370958675,0.3232345853687619,-0.2812489120999999,0.0340634890434425,0.3235131991846702,-0.2706019467000001,0.0325711073004667,0.3233235772226271,-0.2743786934333333,0.0147129283632111,0.3316763591114424,-0.3048649210333333,0.0163992036572207,0.3294599397605254,-0.3179511119333333,0.0201029771176016,0.3200240265316779,-0.2977749655,0.0555926308608902,0.3336677109671221,-0.1698759317,-0.0539003938948114,0.2963594032790776,-0.2151725887999999,0.0413776264525116,0.3032954970742514,-0.2302114252999999,0.0130083891097079,0.2753785644756061,-0.2727940673,0.1194523711213989,0.2203882758484904,-0.0204661396366666,-0.1230652271081122,0.2695282749826856,-0.04126358787,0.1609512400686793,0.0562102952022173,-0.0639477744533333,-0.1737040803003732,0.0321747752777874,-0.0600572674333333,0.1322241874323403,0.0627965273040358,-0.1711061493333333,-0.1317114671194504,-0.0869101674912587,-0.1287005158666666,0.1106148315560883,0.0710219701199496,-0.1888525744,-0.0925398777136129,-0.1108060749509828,-0.1754349306333333,0.0977561252348732,0.0981282292923571,-0.1954363169666667,-0.0599228537457736,-0.0702009545224283,-0.1880050357,0.1291396361719077,0.0617764882232443,-0.1760562673,-0.1135799846952344,-0.0767854425362131,-0.132629648,0.0743091609890723,-0.1638057471334843,0.0559870683933333,-0.0717554019858587,-0.1660612020170999,-0.05540350574,0.0904214769121906,-0.4932454082481011,0.0482511796933333,-0.0395264429300838,-0.4259923155772411,-0.08661782432,0.0871711054424445,-0.7649968850020576,0.2271040865999999,-0.0812866282194969,-0.765739802328167,0.0530546249233333,0.0710461473389903,-0.7919331273506699,0.2490155448666666,-0.0832919010613739,-0.7941708358941317,0.0262999680833333,0.1165666442895102,-0.8153897129099961,0.2137363792999999,-0.0632444260447219,-0.8199273207835165,-0.0648763735566666,nijmegen_nijmegen_rennen_g_ch1_g11_compr.mp4,ch1g11,4.979615927009109e-06,4.870836849004941e-05,1.784595537768107e-05,1.1727832318918026e-05,2.4617623116219855e-05,5.255926015806995e-05,1.7229912405353108e-05,9.675499631721492e-06,1.299461797634693e-05,3.8439956847145316e-06,0.0002320292523879,1.2384758604732158e-05,1.9181292405453157e-05,1.7346438358479093e-05,4.21707636659526e-05,1.4109334415161908e-05,2.5795609011100457e-05,0.0002882202310182,1.0303786137685934e-05,1.877659988906823e-05,7.047156514874904e-05,1.916436501985648e-05,1.917015569160699e-05,1.813511879019512e-05,2.2946114637710952e-05,2.3440976501101836e-06,1.9428783868631193e-05,0.0002066277946098,3.95726803078894e-06,0.0003143466276826,2.2220196366633426e-06,1.3882085413627868e-05,6.712179901181468e-05,0.0002167566977635,2.5153373247700628e-05,0.0002573157573361,0.0002346754951061,0.000241222753128,0.0002411492814998,0.0002623371267398,0.0002625251537979,0.0002525065763634,8.613475183157853e-05,0.0001167771548208,0.0002655368032049,0.0002504687101153,0.000176663828571,-5.952896975368141e-05,0.0005706394828925,-0.0001280258274113,-0.0034313484252575,-0.0004429687800233,-0.0047902189317049,-0.000700235253635,-0.0052296436018948,-0.0006942105156449,-0.0038654804050754,-0.000462648557843,-1.1583902930033306e-05,1.185368379999304e-05,9.566968759560732e-05,-4.378540217562667e-05,-0.0001034683839239,-0.0001543346746201,-0.000135757456526,-0.0001919642353199,-0.0001305123086279,-0.0001976636133275,2.1186657985201066e-06,1.0536435277678456e-05,2.9647609850981506e-06,1.4212796585038918e-06,4.299306063523435e-06,1.1453098980695458e-05,2.856984323717909e-06,2.1622086244679533e-06,3.028490244809129e-06,1.381046781508575e-06,3.186107681652558e-05,3.1771841564805027e-06,3.129020569371069e-06,2.887713464216693e-06,4.916996307510378e-06,4.085684485378646e-06,4.589657415385978e-06,3.6313591222241414e-05,2.64625795673853e-06,2.9480577034262437e-06,1.3809375968057816e-05,2.9389858812856564e-06,3.134350715864545e-06,3.3668944135387895e-06,3.942271465148032e-06,5.444373211232403e-07,3.2114088552127293e-06,2.7582105396566103e-05,6.923453085554316e-07,4.277422608925177e-05,4.943270971303238e-07,2.1668038817010953e-06,1.2267824323769623e-05,7.016013585817682e-07,9.868985650131326e-07,3.624659881502744e-07,4.4872451440860475e-07,6.801023162207331e-07,1.190703485485409e-06,3.7327153417233993e-07,4.761363428467257e-07,2.5880532425976336e-07,4.555610653839741e-07,7.397757904973559e-07,7.135456634263468e-07,3.362164815719851e-07,3.7235640094085386e-07,-1.1044484169687256e-06,3.9229203680134346e-07,9.405391938400886e-07,-5.287091724871423e-08,6.519313436261396e-07,3.258233642680917e-07,1.311038440256234e-06,2.7129164114683217e-07,3.439159352167186e-07,2.944494631932875e-07,6.04279603503753e-07,6.607057844777436e-08,1.6923246595501168e-07,6.674739229446451e-07,3.0503100891781904e-07,3.067523012269987e-07,5.965213390455341e-08,5.7680635049997455e-08,8.153253080097821e-07,1.6854228582204694e-06,movement,no movement,no movement,no movement
8583.33333333338,0.022977035413187,0.3051205229740827,-0.2869913319,0.0315273134323394,0.3234752367802848,-0.2804166713333332,0.0342221453953052,0.3237612983366092,-0.2697602496333334,0.0327445706180592,0.323571298629856,-0.273587253,0.0148948144074363,0.331947753082047,-0.3040171304,0.0165803538476807,0.3297303872152324,-0.3170874297,0.0202884112777334,0.3202828804991565,-0.2969327121333333,0.0555790213276641,0.3337664267232151,-0.1693722326999999,-0.0536951714656417,0.2964853183113129,-0.2147384643333333,0.0415269958217061,0.3035786886213814,-0.2295139277666666,0.0132201861609773,0.2756428258704849,-0.2720708553333333,0.1192991497697039,0.2206039690997668,-0.02044411547,-0.1230226240334647,0.2694709907623934,-0.04139052428,0.1613972636954505,0.0568793676905192,-0.0628324112366666,-0.1737029490270467,0.0320596718139344,-0.06053375218,0.1324819438467946,0.0593773521432372,-0.1687480043333333,-0.1309304088729586,-0.0873648456972846,-0.1288918492666666,0.110895144505151,0.0661945759637712,-0.1863268151666667,-0.0915567995304284,-0.1115481688996733,-0.1756169741666666,0.0973944081903229,0.0928160269206556,-0.1931220961,-0.0588974916073796,-0.0709494358530254,-0.1882724792666666,0.1291549317119496,0.0578966819444487,-0.1737667033666666,-0.1127416697901716,-0.0772655513098321,-0.136456773,0.0742677231566057,-0.1638174288922334,0.0560004421833333,-0.0717111472350321,-0.1660494118180296,-0.0554089075366666,0.0902896968119947,-0.4931362554371522,0.0473577844233333,-0.039487948294504,-0.4260382079969272,-0.08651976127,0.0867808559463911,-0.7650629725686175,0.2250623910666666,-0.0813465348988841,-0.7658998706410396,0.0527347168599999,0.0706362076306593,-0.7920272874967221,0.2468176191333333,-0.0833552007626104,-0.794371482157961,0.02591591524,0.1161590233366205,-0.8154736721813913,0.2115421912666666,-0.0631106175316557,-0.8201186962288811,-0.0650883689,nijmegen_nijmegen_rennen_g_ch1_g11_compr.mp4,ch1g11,7.495503347278157e-06,5.975114884724062e-05,2.1238949360062337e-05,1.3216970736460018e-05,2.978658079988276e-05,6.46367905568988e-05,2.0516723972406308e-05,1.2268589672174088e-05,1.6016748205009834e-05,5.490312073675993e-06,0.0002638996013407,1.6173941554989604e-05,2.2734727360925436e-05,2.0664652822291394e-05,4.638353368878046e-05,1.863869425616296e-05,3.152887436293558e-05,0.0003238218446213,1.3492293627852591e-05,2.213994558318536e-05,8.474440401377426e-05,2.248737931521265e-05,2.2728787537260197e-05,2.184984269203427e-05,2.769111678518954e-05,2.9051349640283897e-06,2.29629725268079e-05,0.000234284855055,4.907249768874136e-06,0.0003565014436209,2.730720099571993e-06,1.628108482818581e-05,7.968629593822428e-05,0.0002465475889349,3.080324554574075e-05,0.0003127171825912,0.0002920543639041,0.0002991723533903,0.0002998479995293,0.0003221438135856,0.0003226595552449,0.0003084676245802,0.0001311582973651,0.0001499502882306,0.000328508671848,0.0003052548094379,0.0002181024477236,-6.627424891303811e-05,0.0006365796095649,-0.0001503966162624,-0.0038863124888538,-0.0005802587667324,-0.0053739590380829,-0.0008849150671429,-0.0059335423768026,-0.0009223595341606,-0.0043944875164667,-0.0006266091921297,-1.145963633314445e-05,1.158002220068073e-05,9.903974356099012e-05,-8.266036471642946e-05,-0.0001631008346604,-0.0002231730134922,-0.0002058218929385,-0.0002694892875869,-0.0002087482813642,-0.0002826897090834,2.786567175548993e-06,1.132082156055623e-05,3.2621923733208968e-06,2.1213060434764153e-06,4.966635846377337e-06,1.2450069813454738e-05,3.1686694837749295e-06,2.6566507274002565e-06,3.1885271474715135e-06,1.8619515736317611e-06,3.255694656727444e-05,3.889505434067501e-06,3.3969562581225595e-06,3.19767881057606e-06,3.4981177716220036e-06,4.433853459759719e-06,5.640005985583358e-06,3.615683362747981e-05,3.308008290077701e-06,3.2085942189184705e-06,1.4935962936508724e-05,3.139547920721805e-06,3.408295664979162e-06,3.560766303166235e-06,4.527392195670758e-06,5.990724513948117e-07,3.2758452781329653e-06,2.8265988986368573e-05,9.876563061526262e-07,4.28738799378091e-05,5.447924411224159e-07,2.1346133553724583e-06,1.283335406275434e-05,5.030717292753443e-07,5.270428623975479e-07,9.770415946195353e-08,5.206449474802884e-07,3.752537807962806e-07,6.902323642740851e-07,1.1822799904588681e-07,3.6565101521968665e-07,1.3015962133291388e-07,3.740161656496032e-07,-2.666597335552818e-07,4.19576636205803e-07,6.55760672177071e-08,1.1354656393509485e-07,-1.473642209891597e-06,9.971808411179672e-08,6.170533470835259e-07,-1.1313030420735357e-06,3.99764945142803e-07,6.899808239352965e-08,7.205142039583001e-07,6.401542070628862e-09,7.24100588608513e-08,9.411829374183068e-09,3.2940669898668954e-07,3.8120717465240404e-08,-1.150284749422244e-07,-1.7818308765479294e-07,2.4819659695797986e-07,-1.1048331232652234e-06,3.6368140994634755e-08,-1.6878393033866378e-07,2.874190438220855e-07,1.658980384344956e-06,movement,no movement,no movement,no movement
8600.000000000045,0.0232096593160347,0.3055181331950505,-0.2859555164333333,0.0317207323031513,0.3238522098726314,-0.2793779223333332,0.034407137062776,0.3241460673363232,-0.2687082674,0.0329486312074567,0.3239572232058168,-0.2725905957666666,0.0151170554647491,0.3323573353910786,-0.3029622345,0.0168000678624779,0.3301397933833253,-0.3160125225333333,0.0205149777411972,0.3206731507686834,-0.2958836733666666,0.0555546553633064,0.3339648932912565,-0.1687112171999999,-0.0534420333627627,0.2966829653738325,-0.2141741857,0.0417025906324533,0.3040010215956715,-0.2286263644333333,0.0134847739855019,0.2760282171078111,-0.2711646948333334,0.1191224501122945,0.2208921804150999,-0.0203826123566666,-0.122942870962396,0.2694158199295801,-0.0414848511133333,0.1618352654805458,0.0576154948635272,-0.0614654303666666,-0.1735321070086372,0.0319270077778607,-0.0611582799599999,0.1328956632032976,0.0553351833282687,-0.1657765449,-0.1299560603871464,-0.0880193858124784,-0.1291441552333333,0.1114262105402914,0.0605790981943943,-0.1831108994666666,-0.0904107302077506,-0.1125413782026099,-0.1758443256333333,0.0971854904827786,0.0865312875696861,-0.1901694369666666,-0.057698242587393,-0.0720320365415532,-0.1885678729333333,0.1293204395431238,0.0532844645748718,-0.1708650082,-0.1117098173083394,-0.0779900536973168,-0.136119872,0.0742147514922954,-0.1638282755645271,0.0560112617933333,-0.0716543771982543,-0.1660387059917645,-0.0554113669733333,0.0901191681907901,-0.49303078741842,0.04642392114,-0.0394439459156969,-0.4261475114307486,-0.08640950989,0.0863664657989073,-0.7652270869587117,0.2228987226,-0.0814014886707163,-0.76617465555946,0.0524194292733333,0.0702050800011573,-0.7922347371145572,0.2444879085,-0.0834141848037193,-0.7947006558246469,0.0255359400999999,0.1157202141422296,-0.815665120066029,0.2091836841333332,-0.0629564430967512,-0.8204404673917234,-0.0652963523533333,nijmegen_nijmegen_rennen_g_ch1_g11_compr.mp4,ch1g11,1.056775760617226e-05,7.188577352000217e-05,2.4690509441791235e-05,1.5559142736119624e-05,3.538486644334414e-05,7.80008954233595e-05,2.3880312838935697e-05,1.525749676890742e-05,1.9229228552858217e-05,7.699368300366813e-06,0.0002966178305611,2.0546650094577904e-05,2.6311225334310055e-05,2.4047695944728497e-05,4.897918638725738e-05,2.3387149230200596e-05,3.7926425969314e-05,0.0003595204904438,1.7258598590644313e-05,2.554115150258164e-05,0.0001004596696715,2.575220804540557e-05,2.63260617330912e-05,2.5513467402071516e-05,3.27758306541226e-05,3.54884944338047e-06,2.6314992857307223e-05,0.0002626397627465,6.228013712996011e-06,0.0003991515006019,3.3152505883727662e-06,1.8480862907109397e-05,9.314694968389728e-05,0.0002771069415081,3.704206123288379e-05,0.0003680046111546,0.0003510667411834,0.0003585710313136,0.0003600978630632,0.0003835106198542,0.0003841169645759,0.0003659973460789,0.0001807912205209,0.0001855398928932,0.000391561130078,0.0003593304934432,0.0002553146547356,-7.617946272424074e-05,0.000682950661764,-0.0001809659920348,-0.0043528654552907,-0.000744428124334,-0.0059581303269529,-0.0010903174703682,-0.0066457344761846,-0.0011784710301901,-0.0049370633401907,-0.0008202128624475,-1.1389932719056582e-05,1.1425847088114647e-05,9.7749324473368e-05,-0.0001257131108232,-0.0002273969827377,-0.0002849495012588,-0.0002819447802489,-0.0003384750952122,-0.0002974766075977,-0.0003685333837098,3.1358528148701147e-06,1.1465120617591222e-05,3.1463537643181787e-06,2.754254127544356e-06,5.306766209115251e-06,1.2737088545798655e-05,3.077393416599629e-06,3.0379303023100096e-06,3.1984341881971504e-06,2.198721123133888e-06,3.184014813780503e-05,4.1510593302518886e-06,3.23792929065852e-06,3.1012483037412013e-06,1.734631135073488e-06,4.406094277224627e-06,6.326449582344404e-06,3.4527479044597796e-05,3.576633510302164e-06,3.0630006926138885e-06,1.5213399609398187e-05,2.922468767582103e-06,3.2545049996457927e-06,3.325740401691545e-06,4.822012611232107e-06,6.179016723232408e-07,2.9185600609728197e-06,2.7753273643119303e-05,1.2000564486133185e-06,4.103720056908164e-05,5.648160917503616e-07,1.786606843618657e-06,1.2695854220208431e-05,2.403702246299584e-07,2.486326182000615e-10,-1.7556266261844418e-07,5.141615732480711e-07,1.184624964506884e-09,1.0188586397133705e-07,-1.459018626785682e-07,2.035801137441819e-07,-1.2527617522643165e-08,2.3836984814042746e-07,-1.2672443569039594e-06,4.48258275679484e-08,-2.1044339607756255e-07,-1.5592029683408218e-07,-1.6838309313210172e-06,-2.090543253798616e-07,1.7083784075221585e-07,-2.1280512886625173e-06,7.032168091922607e-08,-1.925547343469369e-07,1.9735543104727553e-08,-2.563921363046075e-07,-2.0554241366531266e-07,-2.7277182823766674e-07,-5.838152460800801e-09,4.950278495256423e-09,-3.819722985728253e-07,-1.0182615961846929e-06,1.6752528906366665e-07,-2.4471994572640906e-06,8.210903056325663e-09,-3.700266958725893e-07,-2.944494744930377e-07,2.03384007944605e-06,movement,no movement,no movement,no movement
8616.666666666712,0.0234545975804394,0.305957146119718,-0.2846565395000001,0.0319290204877304,0.3242716950969929,-0.2780420838999999,0.0346053247851848,0.3245741748225785,-0.2673588212,0.0331690561793341,0.3243874887361674,-0.2713028890666666,0.0153573497255251,0.3328135566060893,-0.3016117233333333,0.0170369990409457,0.3305977314891924,-0.3146405199666667,0.0207597877635099,0.3211094360771765,-0.2945401449333332,0.0555290510878283,0.3341860878123457,-0.1677487522,-0.0531552343923152,0.2969073121770129,-0.2133211076333333,0.0418845511126572,0.3044637366614735,-0.2274788642666666,0.0137670675038222,0.2764527805654693,-0.2700035521333334,0.1189422693653282,0.2211762386098938,-0.0202017179099999,-0.122850653641509,0.269337770879867,-0.0414933883566666,0.1622695738293174,0.0583235955497408,-0.0600329587566666,-0.1733115338690347,0.0317084371160461,-0.0618261538533333,0.1334489441789304,0.0506394091491814,-0.1628655439366666,-0.1289181726616771,-0.0888574054481054,-0.1294587351333333,0.1121909859958349,0.054223492049578,-0.1799902605666666,-0.0892186908893601,-0.1137481712412409,-0.1761341318666666,0.0971730286908692,0.0794133726660336,-0.1873146178666666,-0.0564085490838033,-0.0733569003035768,-0.1889178187666666,0.1296300789642853,0.0479648236868172,-0.1680290636333333,-0.1105995069906267,-0.0789229229887491,-0.136225566,0.0741564088135402,-0.1638393625929794,0.05601023833,-0.0715912423122433,-0.1660278148178133,-0.0554020092933333,0.0899075101356551,-0.4929373458655361,0.04541037663,-0.0393994726457141,-0.4262834825695629,-0.0863123943033333,0.0859097680367685,-0.7655273057394281,0.2204574320666666,-0.0814550185675843,-0.7664907871743957,0.0520657060066666,0.0697335331905727,-0.7926051653199796,0.2418614258666667,-0.0834727960021277,-0.795077260175411,0.0251134058466666,0.1152517488397656,-0.8160425458555016,0.2065165526333333,-0.0628180701804056,-0.8208744778087848,-0.06547604372,nijmegen_nijmegen_rennen_g_ch1_g11_compr.mp4,ch1g11,1.381438503295746e-05,8.379549346372041e-05,2.7680927183349096e-05,1.8531944788797096e-05,4.093170483284813e-05,9.130877427840936e-05,2.6809326300657095e-05,1.8436253572807843e-05,2.2273178674433195e-05,1.0239728003330936e-05,0.0003273906828665,2.509008044085125e-05,2.9438093508557175e-05,2.6998262937314145e-05,4.93674163084601e-05,2.784683351577661e-05,4.436825945143044e-05,0.0003923948070223,2.121986937017857e-05,2.849602312997233e-05,0.0001163746070661,2.847888805454227e-05,2.9479049848836197e-05,2.8636208704883503e-05,3.780016848194805e-05,4.214531434778075e-06,2.903320069255179e-05,0.0002894624709788,7.638079945584937e-06,0.0004384809918924,3.925607133790355e-06,2.012094331083216e-05,0.0001062414278826,0.0003059261048041,4.334899760491702e-05,0.0004174880544426,0.0004058582283392,0.0004136236204457,0.0004159545595811,0.0004407129129319,0.0004412311145115,0.0004196330617422,0.0002289430848829,0.000219315039916,0.0004481483887385,0.00040714629044,0.0002843264806257,-8.944199974918106e-05,0.0007075456658465,-0.0002167801988932,-0.0047948252407671,-0.0009210685518931,-0.0064961934178451,-0.0013005731333783,-0.007303388754273,-0.0014433357333679,-0.0054474790281134,-0.0010264312915135,-1.1263994502343295e-05,1.1245368162833997e-05,9.363960367821216e-05,-0.0001696010624962,-0.000288028630388,-0.0003368660562276,-0.0003550173679394,-0.0003959309741581,-0.0003876361323269,-0.00044852291887,3.201152738275569e-06,1.1110639567717084e-05,2.730981887487318e-06,3.236537891836463e-06,5.177778839425375e-06,1.2441143735994684e-05,2.6970924367618245e-06,3.2347072933819418e-06,3.1367008085025467e-06,2.381216134890139e-06,2.9741146968186297e-05,3.991017542264539e-06,2.773301590215334e-06,2.7096120613768906e-06,-1.1101669464972846e-07,4.013190252947957e-06,6.430725798472238e-06,3.153592167909843e-05,3.470934226596691e-06,2.627666563211978e-06,1.4768142702702706e-05,2.422734656653687e-06,2.7950875533872836e-06,2.803365757869432e-06,4.711837200962473e-06,6.057725750130093e-07,2.28508426537876e-06,2.6003662755699017e-05,1.3149133657139624e-06,3.7493076862597696e-05,5.591819656992696e-07,1.2062942340236376e-06,1.2020190496272213e-05,-5.1260298411926786e-08,-5.071051101364455e-07,-4.1136397897192163e-07,4.3014408350489236e-07,-3.8004270513072193e-07,-4.796798899487356e-07,-3.744398368309751e-07,1.035430676956082e-08,-1.564157827338174e-07,7.386880550823703e-08,-2.125006207571979e-06,-3.520304028941371e-07,-4.4515458357898274e-07,-3.9149820030152707e-07,-1.6945395499720076e-06,-4.919555788757889e-07,-3.292795884202211e-07,-2.916149399692329e-06,-2.829060143156569e-07,-4.132593314038526e-07,-6.930094148794129e-07,-4.7264531321247274e-07,-4.428322497482816e-07,-5.085856917622389e-07,-3.466194506873613e-07,-2.9235080060947623e-08,-5.868934100360839e-07,-1.7406076645936913e-06,8.022908690211517e-08,-3.5409931156111815e-06,-2.1370620883614253e-08,-5.079664961093123e-07,-8.433151118133568e-07,2.5186025597069498e-06,movement,no movement,no movement,no movement
8633.333333333378,0.0236992223675501,0.3064272472572757,-0.2835504392333334,0.0321369921074398,0.324727508078175,-0.2768966335999999,0.0348028188829142,0.3250362676507682,-0.2661998009333333,0.0333890508017256,0.3248525125517879,-0.2702010981999999,0.015596288731185,0.333302377150915,-0.3004523782333333,0.0172725054689917,0.3310899216339278,-0.313465473,0.021003609767165,0.3215782532472637,-0.2933876026999999,0.0554973398171022,0.3344358833081268,-0.1669245843666666,-0.0528699723634074,0.2971493742902126,-0.2125983581,0.0420652992416783,0.3049607646615296,-0.2265068297333333,0.01404834890493,0.2769065523775098,-0.2690218442666666,0.118744896760107,0.2214703240515489,-0.0201270496833333,-0.1227565165279972,0.2692488107578829,-0.0416106061066666,0.1627085003129159,0.0590050681060578,-0.05875167633,-0.1730376403154528,0.0314798614942531,-0.0629184074766666,0.1340538599676961,0.0455337987783953,-0.1599987306533333,-0.1278385808210613,-0.0898025729589845,-0.1302208870666666,0.1130353605855401,0.0473630689595725,-0.1768909359999999,-0.0880076586757583,-0.1150883050721889,-0.1768831079666666,0.0972248402801309,0.071690084962721,-0.1845162339333333,-0.0550701929893871,-0.0748639656721999,-0.1896951835333333,0.1299880503212332,0.0421656042762024,-0.1652442211333333,-0.1094376305928587,-0.0799958086041897,-0.134242564,0.074089988316303,-0.163849697681895,0.0560053149866666,-0.0715197139708103,-0.1660175574200594,-0.0553879182566666,0.0895926464289305,-0.4928439058868186,0.0444140654333333,-0.0393356062749403,-0.4264644785414229,-0.0861906659733333,0.0853549666814839,-0.7658470126729711,0.2180258237999999,-0.081545469640593,-0.7668394506509255,0.05168812213,0.0691632772215857,-0.7930003915625435,0.2392481814333333,-0.0835836132151484,-0.795486360154324,0.02465517943,0.1146481700982578,-0.8164688953016374,0.2038509762999999,-0.0627125723270771,-0.8213575999539731,-0.0656762295333333,nijmegen_nijmegen_rennen_g_ch1_g11_compr.mp4,ch1g11,1.713397306796309e-05,9.479814123154388e-05,3.0167003766530827e-05,2.2323608286086316e-05,4.590139802501206e-05,0.0001037597221663,2.9289021298937403e-05,2.1695730902122e-05,2.529367178853007e-05,1.29566725986335e-05,0.000355708284394,2.9372995497213705e-05,3.194560157790451e-05,2.947850499524534e-05,4.8532763798714525e-05,3.1880863127624765e-05,5.059960517986511e-05,0.0004220040538623,2.4994962769671205e-05,3.087445079659998e-05,0.0001312786961054,3.0598011802933164e-05,3.201304355730059e-05,3.111751742911989e-05,4.229645499667544e-05,4.828435988958194e-06,3.0938349364163305e-05,0.000314179188707,8.837157795159577e-06,0.000473609225864,4.492527987353011e-06,2.095091929176503e-05,0.0001180349582765,0.0003324891319222,4.912981039188977e-05,0.0004577881997828,0.0004524400182595,0.0004599114015538,0.0004628991629975,0.0004881195818772,0.0004885273430333,0.0004645872494264,0.0002711038081269,0.0002456146689911,0.0004936850084917,0.0004442982753709,0.000304957812787,-0.0001099827472937,0.0007196073957455,-0.000259762717251,-0.0052021298451523,-0.0011016211581157,-0.0069804195731982,-0.0015022398351583,-0.0078904932964487,-0.0016987851047766,-0.0059167399007975,-0.0012347097146006,-1.0981039222070055e-05,1.0870586001398198e-05,8.464704776362828e-05,-0.0002128819194885,-0.0003346134642497,-0.0003730072249257,-0.0004141184996352,-0.0004351836064422,-0.0004709956292336,-0.0005158707048486,2.9886440113856996e-06,1.0388801254919464e-05,2.1040714011788415e-06,3.5824989203118702e-06,4.618391918845986e-06,1.1684039329647842e-05,2.1093219198790363e-06,3.144548101850249e-06,2.9877216630906996e-06,2.36999364618304e-06,2.6921320065845045e-05,3.417249068429533e-06,2.107048006722458e-06,2.1051142105511466e-06,-1.8260836031217048e-06,3.3585852204591944e-06,5.887325544519446e-06,2.796482923314892e-05,2.9913276187981e-06,2.0024470040657686e-06,1.3728791552974094e-05,1.7342951689786842e-06,2.1340278482565786e-06,2.087767539190073e-06,4.209206442438801e-06,5.638750083854102e-07,1.4966951104215618e-06,2.3650655740347125e-05,1.345774419283416e-06,3.310186861627718e-05,5.273184625923703e-07,5.443780384815717e-07,1.095670561142983e-05,-3.4313888999508873e-07,-9.336560913183668e-07,-5.838917001865885e-07,2.720138578921578e-07,-7.088361369493493e-07,-9.81505649409568e-07,-5.435792842921339e-07,-1.8970144139213377e-07,-3.0093460841568186e-07,-9.495763219821006e-08,-2.80024179814122e-06,-7.091077622652635e-07,-6.081165172893827e-07,-5.675887496911737e-07,-1.5342899352294723e-06,-7.197694421408519e-07,-8.223995610645937e-07,-3.476337907300119e-06,-6.045543858360956e-07,-5.653841981258638e-07,-1.3209844389696118e-06,-6.174731934075452e-07,-6.086933718715987e-07,-6.72560263226135e-07,-6.396452218948928e-07,-5.9073786742825986e-08,-7.020422171812766e-07,-2.311442352327168e-06,5.293102283598563e-09,-4.327865472291055e-06,-4.7632545869167716e-08,-5.572954539640235e-07,-1.2875677604833874e-06,2.9398157406918338e-06,movement,no movement,no movement,no movement
8650.000000000044,0.0239406350514835,0.3069200266925963,-0.2824175576,0.0323348214970961,0.3252263451544834,-0.2757247754999999,0.034989307165647,0.3255408825254595,-0.265008841,0.0336003247022554,0.3253612574868609,-0.2690695753,0.0158265683080529,0.333834050593363,-0.2992725877333333,0.0174983050068544,0.3316222518627989,-0.3122679878666667,0.0212388819343905,0.3220843216299121,-0.2922144273333333,0.055413812444504,0.3347563062940781,-0.1660408144,-0.052614627461461,0.2974287271358359,-0.2118631760333333,0.0422353640858347,0.3054921751629493,-0.2254938353666666,0.0143232823556194,0.2773812033255478,-0.2680064960333333,0.1184387293977582,0.2217846918820386,-0.0200091721866666,-0.1226628337410116,0.2691631658856411,-0.0417275479333333,0.1630092664340629,0.0597002501883098,-0.05705283561,-0.172734054834607,0.0312460866769005,-0.0640847694066666,0.1347176871677408,0.0400394566234099,-0.1559772915199999,-0.1267221252337627,-0.0910298165626591,-0.1309667892666666,0.1140294536476058,0.0400506076842578,-0.1724637801466666,-0.086779077814937,-0.1167412271238913,-0.1776063020666666,0.0974556350623404,0.0633560827855569,-0.18043405363,-0.053704639228897,-0.0767812304313816,-0.1904136345666666,0.1304392673992373,0.0359116984241857,-0.1612969492333333,-0.108241962663423,-0.0813865268898604,-0.129872188,0.0740080584823672,-0.163861064836302,0.0560069378466666,-0.0714317211437208,-0.1660062897701488,-0.0553797658333333,0.0891252134178646,-0.4927689433908438,0.0433204840533333,-0.0392665369278459,-0.4267051793320613,-0.0861168868466666,0.0845970095842378,-0.7662515661554384,0.2151625060666666,-0.0818102627419439,-0.7672723943907183,0.0511765522266666,0.0683784015690212,-0.7934901915426773,0.2361696035,-0.0839028931988526,-0.7959879840575582,0.0240427864999999,0.1137478404646861,-0.8170650382056367,0.2008254365666666,-0.062700460950139,-0.8219684013577141,-0.0659115315366666,nijmegen_nijmegen_rennen_g_ch1_g11_compr.mp4,ch1g11,2.0145780813356813e-05,0.0001043678688505,3.185336534305621e-05,2.658471954113299e-05,4.9942214110462674e-05,0.0001146107917605,3.100364932051498e-05,2.473705922886716e-05,2.8217431211702428e-05,1.53199769970179e-05,0.0003813378440699,3.25304842664315e-05,3.356455017779776e-05,3.118493465360747e-05,4.646412961978009e-05,3.476007063215748e-05,5.6183049647627115e-05,0.0004484115831227,2.77995833134151e-05,3.2405393759799634e-05,0.0001440697453046,3.18797850085275e-05,3.3653302338379875e-05,3.2771564101074366e-05,4.595604419421539e-05,5.3508517445855795e-06,3.190238468946529e-05,0.0003367670896429,1.015662743173227e-05,0.0005045985300355,4.983071798154699e-06,2.0965708855301815e-05,0.0001279384048262,0.0003566095727393,5.371009989173531e-05,0.0004866639301819,0.0004877938741604,0.0004947059474222,0.0004981504661655,0.0005227088174646,0.0005229978072965,0.0004977119702219,0.0003048692996348,0.0002620730188233,0.0005265948671938,0.0004691370105015,0.0003176423904916,-0.0001372747068587,0.0007075342109381,-0.0003102942283189,-0.0055750689338592,-0.0012806007062486,-0.0074129026734196,-0.0016925589220451,-0.0084080662036209,-0.0019358971312842,-0.006341420724173,-0.0014375760622992,-1.0556149539433887e-05,1.0323813378361913e-05,7.10794135172467e-05,-0.0002500721958072,-0.000368999306902,-0.0003918160175129,-0.0004596248047158,-0.0004551547187102,-0.0005424170884301,-0.000566320231196,2.4650355924558486e-06,9.242587423894977e-06,1.360951934887067e-06,3.7729504256291017e-06,3.5362594801748643e-06,1.042493926006184e-05,1.4092753003488583e-06,2.7121214180402296e-06,2.664687949359688e-06,2.154089750115126e-06,2.3522435913137607e-05,2.3928099677319407e-06,1.3462660334699005e-06,1.3801528531065484e-06,-3.1948764387596407e-06,2.443509070606849e-06,4.4938695129038416e-06,2.398506816280869e-05,2.1067816096064e-06,1.29135942894502e-06,1.2023209290347007e-05,9.777265726067185e-07,1.3723725636745276e-06,1.2866613230604422e-06,3.2236997829446645e-06,4.853091521492264e-07,6.82548509648781e-07,2.0815172463944723e-05,1.3269399933587744e-06,2.806049130378365e-05,4.619707623410578e-07,-9.735308326359126e-08,9.45240449095202e-06,-5.889967084095739e-07,-1.2350292844339574e-06,-6.662414719377673e-07,7.4986492736696e-08,-9.45728985273042e-07,-1.3441484212933266e-06,-6.261836172405794e-07,-3.647586734914609e-07,-4.366500067273095e-07,-2.297618652013812e-07,-3.280181348024784e-06,-9.49940990984772e-07,-6.743254091206044e-07,-6.564222916252361e-07,-1.2195968476713251e-06,-8.504474374016553e-07,-1.2440785002040037e-06,-3.821802411573721e-06,-8.250514957496193e-07,-6.25236467223066e-07,-1.7778531395165657e-06,-6.692432038666952e-07,-6.775756026243492e-07,-7.418543445676953e-07,-8.490136717890373e-07,-7.964109402648636e-08,-7.126998871490279e-07,-2.731058887190841e-06,-5.998994024594686e-08,-4.8021952603630575e-06,-6.625188167144993e-08,-5.140232681122216e-07,-1.5796448567483182e-06,3.2368224269576964e-06,movement,no movement,no movement,no movement
8666.66666666671,0.0241308811705172,0.3073916817257422,-0.2816894600333333,0.032475478686353,0.3257050010580972,-0.2749264815666666,0.0351180584287789,0.326026409223683,-0.2641860118,0.0337555031543195,0.3258506064268861,-0.2683056752,0.0159981444762615,0.3343463725040606,-0.2984794634999999,0.0176661788433181,0.3321338262653763,-0.3114585538,0.0214190442056139,0.3225706072144412,-0.2914228378999999,0.0552701967033335,0.3350671720185081,-0.1654582778333333,-0.0524312545259036,0.2976732649709638,-0.2114918967,0.0423540748680607,0.306006409851565,-0.2248660812333333,0.0145505498782468,0.2778340677272989,-0.2673963799,0.1180776271618594,0.2220918074173023,-0.0200389889766666,-0.1225795452578357,0.2689734036294669,-0.0422456582033333,0.1632115394746246,0.060374096377746,-0.0553460987266666,-0.172398323936218,0.0308809585241571,-0.06552453449,0.1354079305375526,0.0343416548018734,-0.15193760336,-0.1255746620750826,-0.0924012636653483,-0.1317348864999999,0.1150565073521086,0.0325034638719912,-0.1680310430566666,-0.085526677291791,-0.1185152291476204,-0.1782894487666666,0.0977575044808384,0.0548132690935637,-0.1763624163833333,-0.0523171061889148,-0.0787957512248844,-0.1910839802,0.1309229599450135,0.0294322416366115,-0.1573390031166667,-0.1070072157153551,-0.0829183717204611,-0.128884763,0.073924898188811,-0.1638714314519049,0.05601697912,-0.0713423475462104,-0.1659960581095465,-0.0553791818333333,0.0886673677017587,-0.4927177011527258,0.04238910411,-0.039218270532617,-0.4269775469660303,-0.0861638451233333,0.08385614888448,-0.7666622579204021,0.2124850079333333,-0.0821039399249153,-0.7676853956235412,0.0506814976533333,0.0676121804404508,-0.7939988080865266,0.2332892090333333,-0.084251656480296,-0.7964639584653123,0.0234793272766666,0.1128832474470142,-0.8176813277059031,0.1979304190999999,-0.0627289281703944,-0.8225654496283481,-0.0660755047633333,nijmegen_nijmegen_rennen_g_ch1_g11_compr.mp4,ch1g11,2.232378281985972e-05,0.0001125538712019,3.285451865816125e-05,3.0768893627184025e-05,5.303208332424311e-05,0.0001238445403399,3.2067290587977187e-05,2.730752885408092e-05,3.091030972683807e-05,1.7313944006797023e-05,0.000404236203876,3.411636979767128e-05,3.4496911462288006e-05,3.221798539040116e-05,4.243686592038825e-05,3.63701210487506e-05,6.0252943076061714e-05,0.0004718303976423,2.920525533729788e-05,3.330129697197581e-05,0.0001548007410128,3.24803616377375e-05,3.460885252589627e-05,3.364630208492211e-05,4.877917611637276e-05,5.790415116469533e-06,3.2090151627159524e-05,0.0003571606091094,1.1388319164785928e-05,0.0005319298905471,5.40850680186375e-06,2.043449278049962e-05,0.0001362139987133,0.000378126548957,5.685380340758987e-05,0.0005042123735404,0.0005125534394257,0.0005184479776832,0.0005221258506285,0.0005461297266937,0.0005460822746193,0.0005205166669032,0.0003302516556076,0.0002726991536476,0.0005468140362336,0.0004824010720703,0.0003237251381248,-0.0001626568195804,0.000679264462883,-0.0003571920752081,-0.0059114258047461,-0.0014538475607612,-0.007795999425113,-0.001872396082759,-0.008862401763903,-0.0021563693040187,-0.0067199354931537,-0.0016309758578995,-1.008965896776104e-05,9.724203443828892e-06,5.579887821029673e-05,-0.0002821072829739,-0.0003889377201355,-0.0004010415147105,-0.0004887301708179,-0.0004647784537428,-0.0005940950458681,-0.0006049678633712,1.772903207082222e-06,7.88660687538207e-06,6.938720720759919e-07,3.720876993787287e-06,2.304304863040008e-06,8.92736655907915e-06,7.841805103026315e-07,2.181686877579902e-06,2.212280815808948e-06,1.809057521400621e-06,2.009971458704945e-05,1.2115792562687376e-06,6.841048561989873e-07,7.199117838964955e-07,-4.1603930219938365e-06,1.4671124619041932e-06,2.7837792844749625e-06,2.0160482546662388e-05,1.067119535189541e-06,6.81192612417575e-07,1.0076374374376282e-05,3.304260367321902e-07,7.047517379297657e-07,5.630477453387489e-07,2.1142507192972182e-06,3.970334979873514e-07,1.5541393863467404e-08,1.7953844165819098e-05,1.194400950993225e-06,2.3227910933516623e-05,3.881458660888151e-07,-5.324283842346462e-07,7.77572381397965e-06,-7.470299942785091e-07,-1.3889362211800218e-06,-6.602651848012295e-07,-1.1325972911780101e-07,-1.0615953186533505e-06,-1.5380585549456368e-06,-6.24326191620195e-07,-4.899934556915536e-07,-5.473649766844402e-07,-3.12960924039617e-07,-3.546494266269555e-06,-1.0325234491112928e-06,-6.500007307909706e-07,-6.586790816487382e-07,-7.590833880436969e-07,-8.719821787779127e-07,-1.5169179825534395e-06,-3.9566926407730515e-06,-9.047619409102656e-07,-5.999959782330227e-07,-2.023078795847971e-06,-6.342082803964228e-07,-6.555101223437123e-07,-7.174256670230645e-07,-9.52888921489978e-07,-8.923316583643134e-08,-6.300375225801653e-07,-2.9836054786487953e-06,-1.0551050368767224e-07,-4.964914385724366e-06,-7.575788086757176e-08,-3.9824652751749786e-07,-1.704184818637804e-06,3.3793610098615804e-06,movement,no movement,no movement,no movement
8683.333333333376,0.024291569011779,0.3078609384196679,-0.2809479554,0.0325908632162418,0.3261860849615409,-0.2741156349,0.0352203205664338,0.3265129038409443,-0.2633486420333333,0.0338860031920825,0.3263408953099737,-0.2675285935333333,0.0161457338470957,0.3348625890682158,-0.2976693598666666,0.0178079446268579,0.3326487753493832,-0.3106305568666667,0.0215754714301011,0.323061757000866,-0.2906137664333333,0.0550891473396144,0.335377672895346,-0.1648669550333333,-0.0522743641291797,0.2979268053258386,-0.2111051405333334,0.0424320798908243,0.3065189669482511,-0.2242286955,0.014741930725488,0.2782852074225951,-0.2667705709,0.1176366233032911,0.222390509336767,-0.0200476166866666,-0.1224989621315685,0.268773889881727,-0.0427461572866666,0.1633371162267785,0.0610142732460638,-0.053108859814,-0.1720236775999445,0.0304711214763329,-0.06695204861,0.1361065451587547,0.0282608240973386,-0.1465856605833333,-0.124419214716636,-0.094002573621625,-0.1324891246666666,0.1160948940331035,0.0245221403976782,-0.1620988033533333,-0.0842797023072441,-0.1205263541379705,-0.1789522385,0.0980920783945159,0.0457447345783538,-0.17080499455,-0.0509386207782137,-0.0810958634927125,-0.1916993468666666,0.1314251978560076,0.022527149295664,-0.15204272507,-0.1057700979815029,-0.0846981762152847,-0.127253696,0.073831958217825,-0.1638809706908776,0.05603308293,-0.0712429686517946,-0.1659868503786463,-0.0553844390799999,0.0882013258699441,-0.4926696762346279,0.04153695013,-0.0391805287794168,-0.4273004523019791,-0.0862836854766666,0.0831223480781461,-0.7670618467581085,0.2098817830333333,-0.0823904623446991,-0.7681080380734285,0.0502118010066666,0.0668512237414492,-0.7945028813927311,0.2304811433333333,-0.0845905810199279,-0.7969473732397554,0.0229470821733333,0.1120379415583535,-0.8182888122305012,0.1951754392666665,-0.0627648236169255,-0.823177814842164,-0.0661262443366666,nijmegen_nijmegen_rennen_g_ch1_g11_compr.mp4,ch1g11,2.3695698483694365e-05,0.0001194704577294,3.3011865283074534e-05,3.444723807277402e-05,5.497598276404088e-05,0.0001316765748098,3.232695245547813e-05,2.9342796197715486e-05,3.2929790240844275e-05,1.8864602303713117e-05,0.0004234346104476,3.465862326197319e-05,3.4630789123475696e-05,3.240719313801299e-05,3.746368645985843e-05,3.73800687881241e-05,6.27943018555349e-05,0.000490991884282,2.9652608419790355e-05,3.345785306079848e-05,0.0001636644017852,3.2266698247659134e-05,3.476792419498616e-05,3.362619312979645e-05,5.058274314404642e-05,6.139955331600223e-06,3.1537752597961124e-05,0.0003745420710915,1.247191925688303e-05,0.0005537328767885,5.760163738849499e-06,1.9542403882181304e-05,0.0001428827269869,0.0003964153040709,5.863353213029211e-05,0.0005077452890185,0.0005232542843889,0.0005275335261577,0.0005313006133027,0.0005555509660505,0.0005551102327928,0.0005302957868051,0.0003429275798558,0.0002762510659179,0.0005517611108952,0.000483072847429,0.0003191763267045,-0.0001868103787627,0.0006280070012904,-0.0003980309549335,-0.006197785427004,-0.0016084692223463,-0.0081088181007972,-0.002026133779598,-0.0092220567683027,-0.0023452725885404,-0.0070363793945145,-0.0018024778343297,-9.46927297384672e-06,8.981184318598058e-06,4.38375500722595e-05,-0.0003101009642199,-0.0003892950259533,-0.0004000601335996,-0.000495708797176,-0.0004626152655869,-0.000620201976141,-0.000623162103647,9.64029191273877e-07,6.3533116426895995e-06,1.0012416926935757e-07,3.4789915697324305e-06,1.1344715670909489e-06,7.224581848091776e-06,2.253214658416658e-07,1.623996274034296e-06,1.6088668746404345e-06,1.4042717458144109e-06,1.657961091686562e-05,7.52618969550219e-08,1.1182667358662806e-07,1.2259601579706634e-07,-4.6556034239099296e-06,5.522443916215319e-07,1.0659270966330162e-06,1.6354996208472092e-05,5.888786645746943e-08,1.5587750473527456e-07,7.857879295248935e-06,-2.1546137623774437e-07,1.2259045286490798e-07,-7.042677502417774e-08,1.0695297924514876e-06,2.992161222448492e-07,-5.024468495351284e-07,1.4983750954844045e-05,1.051053455586303e-06,1.8429428668837632e-05,3.0433549326005377e-07,-8.128151698133621e-07,5.936980203789167e-06,-8.039657361843938e-07,-1.4175443743632215e-06,-5.724721153746384e-07,-2.5433564834772754e-07,-1.0569181366130726e-06,-1.588290915281071e-06,-5.44439722279964e-07,-5.604848166354269e-07,-6.117997091644901e-07,-3.375966990290487e-07,-3.5836076857268315e-06,-9.66056805128798e-07,-5.459962346184335e-07,-5.792743226298554e-07,-2.337350679796502e-07,-8.014930373323796e-07,-1.607639781481792e-06,-3.865990288582838e-06,-8.485102599416932e-07,-5.006753225220901e-07,-2.0798464596186077e-06,-5.231956570405987e-07,-5.531973159157136e-07,-6.098148121503688e-07,-9.496279532706484e-07,-8.84425417829975e-08,-4.7634912778439826e-07,-3.053661490399028e-06,-1.2340190864563304e-07,-4.798618506881359e-06,-7.650934545439828e-08,-2.3755332267216415e-07,-1.6840196126956005e-06,3.3843166600155403e-06,movement,no movement,no movement,no movement
8700.000000000042,0.0244483758672142,0.3083290181342066,-0.2801828135333333,0.0327041867286834,0.3266699375751881,-0.2732668061333333,0.0353199627332813,0.3270000881640389,-0.2624724666999999,0.0340142917994145,0.3268313109548846,-0.2667109380333332,0.0162907879704169,0.3353802953737729,-0.2968264846333333,0.0179463876571288,0.3331661443414523,-0.3097672869,0.0217303250349706,0.3235568294443408,-0.2897715409,0.0548865620645215,0.3356930621112981,-0.1642088263666666,-0.0521399218042351,0.2981924609626888,-0.2106912374333333,0.0424968557293507,0.3070325431934265,-0.2235676183666667,0.014920888822909,0.278737063695022,-0.2661254509666667,0.1171511286959692,0.2226921330748335,-0.0199014711266666,-0.1224202345885056,0.2685679118885714,-0.0432345764966666,0.1633720155794543,0.0616238244578702,-0.0503410364873333,-0.1715676164804219,0.0300290513547502,-0.0683279075866666,0.1368539209384572,0.0220392762222825,-0.1406386902486666,-0.1232479454666029,-0.0956590856427294,-0.1331914874333333,0.117207442373613,0.0163863061747064,-0.1555508625109999,-0.0830131081660828,-0.1225802458060856,-0.1795386716999999,0.0985457121493985,0.0365113760388215,-0.16466485617,-0.049547642813077,-0.0834510911550785,-0.1922229195333333,0.1319900459722936,0.0154637108738193,-0.1461671356233333,-0.1045219018111093,-0.0865431928854763,-0.127671823,0.0737361027994686,-0.1638897209341596,0.0560685084533333,-0.0711408557644494,-0.165978517916595,-0.0554070296133333,0.0877338224964003,-0.4926210438816054,0.0408650654633333,-0.0391615689113218,-0.4276200037244486,-0.0863700088966666,0.0824017502282271,-0.7673986237591348,0.2076741307999999,-0.0826858774018895,-0.7684566636871134,0.0499795698833333,0.0661086391526984,-0.7949521346843013,0.2281024888333333,-0.0849381611661652,-0.7973527448192798,0.0226774252366666,0.1112304268213405,-0.818888046521206,0.1928800872333332,-0.0628323642827115,-0.8237793043886454,-0.0659165538299999,nijmegen_nijmegen_rennen_g_ch1_g11_compr.mp4,ch1g11,2.4017631017311005e-05,0.0001249138880814,3.2581048563664305e-05,3.754237072334246e-05,5.5363478062977346e-05,0.0001378641504168,3.203966948557164e-05,3.069450576665668e-05,3.421812128885595e-05,1.9880530711291106e-05,0.0004368741638215,3.382190774214044e-05,3.4234204802768174e-05,3.20038623666281e-05,3.233268345622684e-05,3.759282264266319e-05,6.305587109574752e-05,0.0005039156951454,2.89031604585648e-05,3.3143884797855125e-05,0.0001701373899827,3.1542121517770913e-05,3.438083367723053e-05,3.2980986465927166e-05,5.099489797278408e-05,6.358516966541687e-06,3.055849931947878e-05,0.0003869129114269,1.3462618692737164e-05,0.000567738221367,5.99384739475824e-06,1.849478112550654e-05,0.0001477728344293,0.0004095850491454,5.861631431391947e-05,0.0005007082293712,0.0005220229482827,0.0005241336220755,0.0005278525797763,0.0005535948916929,0.0005529851652452,0.000529662010272,0.000340696232692,0.0002732977718576,0.0005449471722869,0.0004749948602874,0.0003026878055722,-0.000210635841078,0.0005577830653309,-0.0004342527479163,-0.0064008306517657,-0.0017325344359469,-0.008318169756066,-0.002144371174224,-0.0094506365040822,-0.0024866478963291,-0.0072567587368203,-0.0019385780313987,-8.47946855596983e-06,7.859630560336637e-06,3.973428881683575e-05,-0.0003293257794054,-0.0003697774520471,-0.000386584697159,-0.0004807490162498,-0.0004466084909998,-0.0006199659232537,-0.0006222756664343,1.4363423539623098e-07,4.939024799854551e-06,-3.5857398631810277e-07,3.066170307436627e-06,1.1289617638855177e-07,5.63866278702699e-06,-2.0986930751173627e-07,1.0494830567005505e-06,9.363695295747854e-07,1.032125118865879e-06,1.3299344043979787e-05,-8.375318729059364e-07,-3.161127837913222e-07,-3.496374911689789e-07,-4.6137207515547735e-06,-1.5066719746899537e-07,-5.326402007316604e-07,1.2881226656933276e-05,-7.521377869497618e-07,-2.312612523671817e-07,5.800986688634883e-06,-6.103353311928345e-07,-3.148201885788576e-07,-5.622926224467734e-07,1.5162150316165518e-07,2.0818478703702545e-07,-8.390647811682248e-07,1.2192800915832092e-05,9.207724543651564e-07,1.4134819655235703e-05,2.2469143493978194e-07,-9.232145855345554e-07,4.294542585721748e-06,-7.555180175211013e-07,-1.3313202536051747e-06,-4.3158541908933044e-07,-3.393644831109565e-07,-9.318681690780482e-07,-1.5043351994876786e-06,-4.144969114106569e-07,-5.64863335782698e-07,-6.172260511793423e-07,-3.026899601867324e-07,-3.350780630088686e-06,-7.579593571478166e-07,-3.948117608347516e-07,-4.4541611330943443e-07,2.803452088263502e-07,-6.423684862813522e-07,-1.4879690062860608e-06,-3.5173214110760174e-06,-6.644919886014969e-07,-3.588862875564282e-07,-1.943858885175734e-06,-3.693984430373499e-07,-4.023973537665143e-07,-4.522038088218748e-07,-8.408763394378575e-07,-7.688032000014863e-08,-2.919345321012962e-07,-2.89483729583581e-06,-1.2477420955962225e-07,-4.278441789937787e-06,-6.771970055252369e-08,-6.608069153545657e-08,-1.5307174398906048e-06,3.2165600065178927e-06,movement,no movement,no movement,no movement
8716.666666666708,0.0245959792315595,0.3088287062545992,-0.2792970815666666,0.0328019472999167,0.3271992258240862,-0.2723082799999999,0.0354048213894788,0.3275310315522823,-0.2614838467,0.0341285337302638,0.3273659523362492,-0.2657838791666665,0.016427922249762,0.335943239742885,-0.2958737292333333,0.0180747530119788,0.3337268977746759,-0.3087875564333334,0.0218765865715631,0.3240942428223264,-0.2888174563,0.0546432858464624,0.3360428762206398,-0.1634733099999999,-0.0520111461580936,0.2984745216231299,-0.210190768,0.0425475288206904,0.3075810068607532,-0.2227990646666667,0.0150896868911495,0.2792097985787242,-0.265367568,0.1165993028853108,0.222985661289188,-0.0196795324866666,-0.1223382551766122,0.2683554993106097,-0.0437328615166666,0.1632420165795351,0.0621630996052582,-0.0472938409139999,-0.1710894087171365,0.0295781157763681,-0.0696623197499999,0.1375953341347311,0.0155093891543983,-0.13388471673,-0.1220805976308566,-0.0974865569465959,-0.1335222068,0.1183274183493953,0.0079326728941002,-0.1480288110573333,-0.0817775855046988,-0.1248300802623934,-0.1796976149333333,0.0990411963064379,0.0268828926029412,-0.15755860926,-0.0481683889136551,-0.0860911601628007,-0.1923145080333333,0.1325649402254378,0.008070149830814,-0.1394595831566667,-0.103280695367742,-0.0885879864653717,-0.129024923,0.0736272895417427,-0.1638991719010592,0.0561215208266666,-0.0710256152680275,-0.1659697349832891,-0.0554478225333333,0.0872179746351641,-0.4925782576513124,0.0402875915766666,-0.0391392866986887,-0.4279524654657932,-0.0865947930533333,0.081599508970859,-0.7677403067465098,0.2056063776333333,-0.082960327555867,-0.7688126325386563,0.04955302675,0.0652781064901337,-0.7954032348873518,0.2258575782333333,-0.0852697916371652,-0.7977665131406438,0.02219901439,0.1103662751502258,-0.8194768055351891,0.1907474086999999,-0.0628944612434655,-0.824375985547097,-0.0659192376533333,nijmegen_nijmegen_rennen_g_ch1_g11_compr.mp4,ch1g11,2.353476567756239e-05,0.0001291363691972,3.177857095853994e-05,3.9997997433707944e-05,5.468375222624505e-05,0.0001426454564944,3.140445490903629e-05,3.1295614288176056e-05,3.479890172327404e-05,2.05345656091728e-05,0.000446134922786,3.226824634930227e-05,3.348280451191464e-05,3.120712867003844e-05,2.7730490861397824e-05,3.681746118319152e-05,6.125127079839319e-05,0.0005124166942509,2.7508416576246115e-05,3.2519188489358126e-05,0.0001744616318824,3.053783961781224e-05,3.3619797127569e-05,3.197174543049315e-05,5.044778353921956e-05,6.499033791244737e-06,2.9379800395842812e-05,0.0003954864555193,1.435859653019525e-05,0.0005764573388001,6.160476075192289e-06,1.7361178969866384e-05,0.0001511945587908,0.0004188729619715,5.746035021257914e-05,0.0004872106483556,0.0005129241752505,0.0005121940162009,0.0005159001515714,0.0005435485735061,0.0005432215782451,0.0005218710266419,0.0003273611304319,0.0002646854246311,0.0005305333413308,0.0004613456618727,0.0002796731999415,-0.0002319508620637,0.0004798045937961,-0.0004643167290478,-0.0065398591227968,-0.0018270713643946,-0.0084531453136669,-0.00222996661844,-0.009590099105434,-0.0025855643847505,-0.0074070570480883,-0.0020418178339006,-7.251139002034494e-06,6.467510343547069e-06,3.852097248357013e-05,-0.0003419011414622,-0.0003397914431627,-0.0003678834011484,-0.0004535462200483,-0.0004251127829936,-0.0005999192763877,-0.0006067923485006,-6.386985702030824e-07,3.6393407222827343e-06,-6.976089797362016e-07,2.6281582871893945e-06,-7.381066196154805e-07,4.165620430093214e-06,-5.378875632010144e-07,4.914118000796096e-07,2.3933986887910735e-07,7.479239158424707e-07,1.0191348581368148e-05,-1.4428813054481002e-06,-6.119380135393218e-07,-7.09379185291065e-07,-4.108047651910804e-06,-6.444680962047688e-07,-1.9088782936254305e-06,9.653455810900426e-06,-1.2829423820648135e-06,-4.930425169878766e-07,3.8535559942033075e-06,-8.692988817622395e-07,-6.208392946390253e-07,-9.247517226206748e-07,-6.210718418025828e-07,1.262144677163014e-07,-1.0040121408309044e-06,9.501652416992371e-06,8.164655184365784e-07,1.0218741035749908e-05,1.5081678311733278e-07,-8.73733896642578e-07,2.8155665474537052e-06,-6.293062224475873e-07,-1.1738259656123948e-06,-2.724120966425321e-07,-3.6754851877806906e-07,-7.230610768750223e-07,-1.334917077158764e-06,-2.677633248903088e-07,-5.01876032783062e-07,-5.626983734278145e-07,-2.263193835936882e-07,-2.9722178884155224e-06,-4.725774953511372e-07,-2.318120361813509e-07,-2.9036426587471856e-07,7.111737923466136e-07,-4.198090744253867e-07,-1.1885956794277688e-06,-3.043816011258415e-06,-4.0981269110026457e-07,-2.080847773213075e-07,-1.67576226622033e-06,-2.077666200283857e-07,-2.3867904846636025e-07,-2.82274434680445e-07,-6.608076416526914e-07,-5.9104730913645463e-08,-1.1508242669368385e-07,-2.607784400306795e-06,-1.1131945305829673e-07,-3.5927115527768773e-06,-5.3420243694093386e-08,8.457328327894443e-08,-1.2950655950620485e-06,2.969725063470684e-06,movement,no movement,no movement,no movement
8733.333333333374,0.0247378385343939,0.3093179992426735,-0.2789469350999999,0.0328991602379796,0.3277156415893376,-0.2718587666333333,0.035488783952815,0.328045880221041,-0.2610011364999999,0.0342417718483189,0.3278843829240673,-0.2653562088666666,0.0165607678755997,0.3364879651239532,-0.2954189746,0.0181981075409958,0.3342716445312672,-0.3083148886,0.0220190514838414,0.3246183343335742,-0.2883579035,0.0544083739672697,0.3363716399964801,-0.1631386632,-0.0518921502943265,0.2987363007232451,-0.2100577632333334,0.0425927447879199,0.3081147889681809,-0.2225446968666667,0.0152485212508571,0.2796712251478752,-0.2651109839333333,0.1160709302765546,0.2232645787535162,-0.0197751511266666,-0.1222815705480293,0.2681226701530293,-0.0444794772866666,0.1631287625126885,0.0626015198976891,-0.0445836607746666,-0.1706164219668049,0.0291132443234882,-0.0711828476433333,0.1384153168498514,0.0088849111711984,-0.1278530423376666,-0.1209423612692147,-0.0993412309621537,-0.1341037936666666,0.1195361252540526,-0.0006093563520954,-0.1413580581083333,-0.0806160599389182,-0.127094408081756,-0.1801801915333333,0.099623496764098,0.0171961890273585,-0.1513287160633333,-0.0468418091638494,-0.0887244646680494,-0.1927623644333333,0.1332129862689045,0.000574759863518,-0.1334970426299999,-0.1020640398339564,-0.0906625885492213,-0.143672436,0.0735224567129749,-0.1639060129140971,0.05617368594,-0.0709152031902127,-0.1659637991076376,-0.0554872276599999,0.0867118210707799,-0.4925390237070863,0.04021603732,-0.0391318911570792,-0.428298217010591,-0.0864896971499999,0.0809003206819832,-0.7680625766715585,0.2045961077333333,-0.083220904365656,-0.7691617980914274,0.0495725089666666,0.0645643183405969,-0.7958368776398917,0.2247264579333333,-0.0855873342023302,-0.7981712805992786,0.02218610114,0.1096431888138221,-0.820046877536592,0.1895837243666666,-0.0629806721693865,-0.8249642172981758,-0.0655999851533333,nijmegen_nijmegen_rennen_g_ch1_g11_compr.mp4,ch1g11,2.258054014515525e-05,0.0001324058811204,3.095087911792509e-05,4.175663128103414e-05,5.320420927220734e-05,0.0001462954702254,3.0745999978134224e-05,3.130417042060738e-05,3.4913262935389664e-05,2.111692799111378e-05,0.000453744977755,3.03461161479177e-05,3.278672802855769e-05,3.0359442553083205e-05,2.4302532328658196e-05,3.564772429666814e-05,5.76952684339955e-05,0.0005194828943143,2.5786164641413492e-05,3.195235078399926e-05,0.0001774407955635,2.958732402289897e-05,3.2916904326415294e-05,3.10278824213045e-05,4.919752207987156e-05,6.608391705651581e-06,2.8430578705369348e-05,0.0004025248864143,1.5094234252236866e-05,0.000583934759766,6.296431755645853e-06,1.658242256358646e-05,0.000153556420544,0.0004264877851377,5.554567909129866e-05,0.0004731798705408,0.0005020741927423,0.0004982030409473,0.0005020346527571,0.0005329627197186,0.0005330431808662,0.0005132629594288,0.0003105688419222,0.0002578162830381,0.0005163879948668,0.000449400650418,0.0002568006586854,-0.0002474299404352,0.0003970894756134,-0.0004849493461436,-0.0066532711306608,-0.0018951920194971,-0.0085640687694928,-0.0022926445994427,-0.0097089595014538,-0.0026604884221118,-0.0075299551429888,-0.0021182446162986,-5.892919188894778e-06,4.912733360228887e-06,4.303069437854181e-05,-0.0003518892941248,-0.0003039123924272,-0.0003509783766129,-0.0004191714340505,-0.0004059320864944,-0.0005654729176268,-0.000586331011547,-1.206937575254392e-06,2.628406303078605e-06,-8.539233799127177e-07,2.238699260437992e-06,-1.1599553643737353e-06,3.0094654954165293e-06,-6.9813420656411e-07,8.558771400633536e-08,-3.267599661464213e-07,5.937875920252277e-07,7.399341212327531e-06,-1.686842774102287e-06,-7.180526357797315e-07,-8.882589358216908e-07,-3.1887775202638754e-06,-8.934670749223424e-07,-2.780053054801949e-06,6.771930358177784e-06,-1.4860342355963606e-06,-5.812751855275985e-07,2.389717766146598e-06,-9.602918475413056e-07,-7.321422093968381e-07,-1.0975148814410612e-06,-1.0030690154949954e-06,8.125469881370756e-08,-9.876346671812373e-07,7.0379551748035535e-06,7.303472232627469e-07,6.903625536404685e-06,1.0919340812774575e-07,-6.661797168396589e-07,1.7153804633872676e-06,-4.567440968441418e-07,-9.750135435485537e-07,-1.304828334794145e-07,-3.497472182434177e-07,-4.772519975087008e-07,-1.1149466361444368e-06,-1.3801559830281164e-07,-3.937731133385672e-07,-4.567182919429605e-07,-1.315127193554347e-07,-2.5871023311532027e-06,-1.6872121208799361e-07,-9.576634201676529e-08,-1.491138438779758e-07,1.0048862805318332e-06,-1.9035983378943041e-07,-7.700744490833438e-07,-2.598266528846308e-06,-1.3722858134716758e-07,-8.407386353369969e-08,-1.3370882745445362e-06,-7.269407304396223e-08,-1.0158607094303797e-07,-1.36705215211697e-07,-4.495723266875552e-07,-3.9519710250057704e-08,1.7171349158566018e-08,-2.312893620129269e-06,-8.44759549403478e-08,-2.9547579369387255e-06,-3.7176288287015685e-08,1.812015532224563e-07,-1.014666307816277e-06,2.726214933127594e-06,movement,no movement,no movement,no movement
8750.00000000004,0.0248738063978373,0.309815023956312,-0.2787526179999999,0.032995986947404,0.3282391470964177,-0.2715465286666667,0.0355720717179502,0.3285649791115524,-0.2606547033666666,0.0343538361960773,0.3284067723747633,-0.2650629838333333,0.0166906089590085,0.3370403827107228,-0.2950985052333332,0.0183171039709104,0.3348248933883814,-0.3079780240333333,0.0221584047551395,0.3251516578890815,-0.2880307713666667,0.0541870999148735,0.3366884761475539,-0.1629000256,-0.0517825101352584,0.2989966512535136,-0.2100077951666667,0.0426329826443611,0.3086500377292361,-0.2224386234333334,0.0153983946350032,0.2801379945759855,-0.2649976705333334,0.1155660692519436,0.2235262648397271,-0.0199913081133333,-0.1222502967215848,0.2678792121408407,-0.0452697079666666,0.1630466559247175,0.0629581192166971,-0.0420342411439999,-0.1701302396973043,0.0286399761011516,-0.0726903283366666,0.1392977648917179,0.0022218578059656,-0.122033323011,-0.1198188650982672,-0.1012150322321706,-0.1346790534666666,0.120810264568247,-0.0091670510710351,-0.1349048457749999,-0.0795062868814474,-0.1293598073809757,-0.1806810866,0.1002625158191956,0.0075203575685367,-0.1453231827033333,-0.0455721171984707,-0.0913638106141801,-0.1932487085333333,0.1339150058397186,-0.0069513252473097,-0.1277518906599999,-0.100865671281158,-0.0927613619365597,-0.148662671,0.0734200150457808,-0.1639113637253585,0.0562231988966666,-0.0708079514172144,-0.1659599125172813,-0.0555230229799999,0.086189817000882,-0.4925009708571734,0.0403596259033333,-0.0391256730201577,-0.4286456632145967,-0.0861388756333333,0.080149651494788,-0.7683499904644661,0.2041091278333333,-0.0834784934765971,-0.7695095562289395,0.0498956187933333,0.0637976395963209,-0.796240101062191,0.2241529946666666,-0.0859022279424932,-0.798574187973145,0.02248264716,0.1088949959588898,-0.8206029033613794,0.1890619000999999,-0.0631689224966972,-0.825546292650036,-0.0649424635733333,nijmegen_nijmegen_rennen_g_ch1_g11_compr.mp4,ch1g11,2.1278514328386987e-05,0.0001349517831846,3.041697841971901e-05,4.3933679098686926e-05,5.141145561102101e-05,0.000149168861211,3.0369874619251155e-05,3.092437753398596e-05,3.438805832260463e-05,2.1669878042680703e-05,0.0004612093821764,2.8584023348092542e-05,3.2449531019917275e-05,2.97740991125629e-05,2.188441398792451e-05,3.4724383907649684e-05,5.373429908178568e-05,0.000526521422361,2.4232884235842276e-05,3.17420449716942e-05,0.0001795921174104,2.901724127339567e-05,3.2560769198656416e-05,3.028878016512154e-05,4.7598748473616094e-05,6.676359325168278e-06,2.789710354564379e-05,0.0004095840302728,1.5785711716858414e-05,0.0005912599566523,6.391938960695696e-06,1.6344461655874344e-05,0.0001551310112977,0.0004340278301837,5.3412297597485015e-05,0.0004624653987065,0.0004933293956557,0.0004862461304833,0.0004903681092918,0.0005250697784236,0.0005258356285203,0.000507292146302,0.0002918821942241,0.0002530461161099,0.0005040766606282,0.0004406039433956,0.0002276956527193,-0.0002587174246366,0.0003013035235257,-0.0005026447608561,-0.006766361407527,-0.0019473797194507,-0.0086733997260236,-0.0023400696614471,-0.0098259622211527,-0.0027181332190812,-0.0076503635003116,-0.0021779182927498,-4.723784218710045e-06,3.5543357824443653e-06,5.055689112140291e-05,-0.0003614103389421,-0.0002800776506107,-0.0003416533460985,-0.000397310510826,-0.0003949343188663,-0.000541128855965,-0.000569995260225,-1.5740763728627297e-06,1.8850650564392203e-06,-9.06709034097129e-07,1.9278630378870767e-06,-1.425451021065271e-06,2.1507118084068e-06,-7.659279450493611e-07,-2.282645553143754e-07,-7.29540548737897e-07,5.620278892414395e-07,4.954618807398679e-06,-1.6436889410351703e-06,-7.327733352334294e-07,-9.62679318896552e-07,-2.0326837917598294e-06,-9.72214887513745e-07,-3.30978457856938e-06,4.290836233855437e-06,-1.4263504451421465e-06,-5.892649122202022e-07,1.362742529623476e-06,-9.653698451109455e-07,-7.502071046759514e-07,-1.1586067960423473e-06,-1.263573645762333e-06,6.116919220715141e-08,-8.890258289580377e-07,4.804434472339294e-06,6.795704197391387e-07,4.196376644999579e-06,8.874488624720957e-08,-4.085848000700039e-07,9.682197959152145e-07,-2.617345177232174e-07,-7.728872739345278e-07,-2.9631297847427543e-08,-3.328734596129062e-07,-2.5266545961640397e-07,-8.917364718299943e-07,-4.762547039548419e-08,-2.702376514103657e-07,-3.0480786223499056e-07,-3.7595477521856466e-08,-2.295643788893402e-06,9.731564089505492e-08,-9.56857190419049e-09,-4.5529334313904723e-08,1.147824055229281e-06,6.8621008586123675e-09,-3.4214223781795577e-07,-2.27316969947796e-06,1.0174536793723275e-07,-8.383433199034955e-09,-9.973727310033386e-07,1.3693737653511445e-08,-1.3767683198443408e-08,-3.18498489326089e-08,-2.546970017204586e-07,-2.0914999596519048e-08,8.890432718785799e-08,-2.1016110342096105e-06,-5.5096497573355446e-08,-2.4758646400620963e-06,-2.1449448182906547e-08,2.1107396911591778e-07,-7.344360671219862e-07,2.5381939404228335e-06,movement,no movement,no movement,no movement
8766.666666666706,0.025033662756104,0.3103060987627041,-0.2790609568,0.0331320653504714,0.3287587990993033,-0.2717267234666666,0.035693525722692,0.3290758903205732,-0.2607971634333333,0.0345038911672257,0.3289218646802986,-0.2652524322333333,0.0168485861933784,0.3375878652857242,-0.2952837912333332,0.0184646604223343,0.3353738821368729,-0.3081527511,0.0223300840616282,0.3256827897630426,-0.2882053355,0.0540141868043514,0.3369949879761821,-0.1630783075333333,-0.0516626576598288,0.2992575068702716,-0.2104250659,0.0426898771673252,0.3091787251436619,-0.2228020910666667,0.0155613634572352,0.2806002701455661,-0.2653713241,0.1150640560324952,0.223771082959331,-0.0203504754566666,-0.1221914770814472,0.267618372983788,-0.0465393286233333,0.1628965070421137,0.0632561116565886,-0.0395078435373333,-0.1695625710061734,0.0281356978495244,-0.0745605720766666,0.1402486215118909,-0.0045233202694839,-0.1160182425193333,-0.1186918876168271,-0.1031671058101263,-0.1354602905666666,0.1222053201353594,-0.0178044436787772,-0.1282061509266666,-0.0784408636323622,-0.1316931199843165,-0.1813882236666666,0.101078171123174,-0.0022685928494645,-0.1391346941866666,-0.044348909956373,-0.0940742189622879,-0.1939309864999999,0.1347105797786777,-0.014590430785545,-0.1218302023033333,-0.0996683072481478,-0.0949496376826996,-0.147976026,0.0733158449769834,-0.1639151842717554,0.0562978272633333,-0.0706992817372757,-0.1659574487028452,-0.0555856222599999,0.0856695123292615,-0.492461716338316,0.0408443728466666,-0.0391220669335009,-0.4290030822876792,-0.0857823529366666,0.0794118945044208,-0.768630097225343,0.2037692109666666,-0.0836460418417231,-0.769859151391062,0.0502051095766666,0.0630442230827305,-0.7966363532470149,0.2237013235666666,-0.0861151322955721,-0.7989788074049007,0.02276603266,0.108175964785686,-0.8211425307354111,0.1885232186333333,-0.0632603221320198,-0.8261207284617279,-0.0643173100666666,nijmegen_nijmegen_rennen_g_ch1_g11_compr.mp4,ch1g11,1.953187470438774e-05,0.0001363492709805,2.97337710562277e-05,4.6034681436259566e-05,4.977492515898213e-05,0.0001508354509487,2.9815249189583032e-05,3.039431679033995e-05,3.316179882720478e-05,2.2177818395551768e-05,0.000466966649376,2.696995545812817e-05,3.1987882379926054e-05,2.9012071692311836e-05,2.0543049586402218e-05,3.392743038839988e-05,5.008430680342783e-05,0.0005319204628838,2.2837404698362765e-05,3.141714156965913e-05,0.0001805586424887,2.8326106049202724e-05,3.20679801094431e-05,2.932053202396957e-05,4.605097255148173e-05,6.711304964520103e-06,2.7329907041482876e-05,0.0004152378610107,1.644487410283342e-05,0.0005965764466549,6.452161142925418e-06,1.6393398875329464e-05,0.0001556644167083,0.0004399486489295,5.140271516461096e-05,0.0004473728905158,0.0004792901408373,0.0004692367636482,0.0004737507826104,0.0005124247816933,0.0005140933302397,0.000496765561787,0.0002690579416142,0.0002474404787161,0.0004867464599874,0.0004285246509553,0.0001932579358014,-0.0002682453643947,0.0002010261506456,-0.0005214343038724,-0.0068564735026291,-0.0019817911750674,-0.0087553958312925,-0.0023710383723365,-0.0099097117792058,-0.0027541739056756,-0.007742561275268,-0.0022176605229534,-3.6959725760177537e-06,2.3976815737571898e-06,5.949532935381423e-05,-0.0003694816417958,-0.0002688604872259,-0.0003361966448531,-0.0003887693471468,-0.000387909034708,-0.0005291449178149,-0.000557407900812,-1.6927192418947249e-06,1.2784997682662196e-06,-8.806908076514726e-07,1.6681506265509308e-06,-1.541733259089734e-06,1.4539708160135792e-06,-7.642889564052485e-07,-4.320733038772037e-07,-9.609891295036295e-07,6.164640404398758e-07,2.716851746560328e-06,-1.3233916279360666e-06,-6.854270422508372e-07,-9.50265114357196e-07,-8.063526409119384e-07,-8.632522131985729e-07,-3.4687027573773084e-06,2.0640038978140293e-06,-1.123380052555432e-06,-5.502961374161373e-07,6.842518680195127e-07,-9.086822890208484e-07,-7.043632826438563e-07,-1.1208737023133391e-06,-1.3958803733765291e-06,6.351237613677031e-08,-7.494133894038182e-07,2.714926192475392e-06,6.410712461874592e-07,1.8896667763269292e-06,8.776481602067934e-08,-1.7063920120344848e-07,4.580002174879381e-07,-6.098573012492778e-08,-5.708781955751419e-07,4.2043488593917974e-08,-3.114521164880269e-07,-9.559815943151577e-08,-6.7016451461184e-07,1.6401556125373305e-08,-1.6039501791455474e-07,-1.2471491820899117e-07,3.8997887096064035e-08,-2.0636277701107476e-06,2.930073037440415e-07,4.2632236893604384e-08,3.135655192893239e-08,1.1419743055303122e-06,1.53018174584107e-07,1.7323860009483125e-08,-2.0279799230482394e-06,2.774940660152629e-07,3.5234693964393083e-08,-6.711652998536596e-07,6.855042668215904e-08,4.037962037398448e-08,4.548271844541345e-08,-1.155987114888634e-07,-5.290726417204617e-09,1.196543544474991e-07,-1.938732135285292e-06,-2.9545710843209876e-08,-2.1151478173854284e-06,-7.908688041429915e-09,1.9147638026476497e-07,-4.65711194377791e-07,2.342155405161517e-06,movement,no movement,no movement,no movement
8783.333333333372,0.025196830961704,0.3107447709217643,-0.2795402496666667,0.0332774234177139,0.3292307026850439,-0.2720971573999999,0.0358235999346263,0.3295358267616849,-0.2611291960999999,0.0346628465941405,0.3293866390319648,-0.2656332744333333,0.0170138300257951,0.3380925970353689,-0.2956536878999999,0.0186194929886076,0.3358812773485058,-0.3085182875,0.0225100164465568,0.3261733107390197,-0.2885673701333333,0.0538527032799533,0.3372542600091252,-0.1634803352666666,-0.0515371764733859,0.2995011821726618,-0.2110552603333333,0.0427483898063446,0.3096564543051178,-0.2233416402666667,0.015725454453007,0.2810221339906422,-0.265921619,0.1145721626043239,0.2239507142945951,-0.0209398894266666,-0.1221351887285511,0.2673436110979079,-0.04802002373,0.1626908278091769,0.0634180993202146,-0.0372563179116666,-0.169000871057052,0.0276088939666614,-0.0767667782666666,0.1412325745946854,-0.0113990115366523,-0.110368728601,-0.1175947257313752,-0.1051709051604178,-0.1368130666666666,0.1236538200061112,-0.0265757870434738,-0.1219025427953333,-0.0774340322387702,-0.1340863215977168,-0.1827451944333333,0.1019409013772333,-0.0122007244790482,-0.1333508289733333,-0.0431720289521368,-0.0968441366066561,-0.1952744607666666,0.1355427851781113,-0.0223590902295214,-0.1162858456999999,-0.0984954458199033,-0.0971936942483838,-0.149819881,0.0732089360022003,-0.1639171678913055,0.05638409238,-0.0705885208932217,-0.16595656619736,-0.0556610020199999,0.085169235550712,-0.4923947365784089,0.0413898705833333,-0.0390890591544451,-0.4293681466728735,-0.08537535305,0.0786941450285736,-0.7689026319142727,0.2033933629666666,-0.0837574043404731,-0.7702047037347638,0.0504657847766666,0.0623154958672831,-0.7970293840245096,0.2231890251333333,-0.0862719964617123,-0.7993769871979479,0.0229881733966666,0.1075629429787655,-0.8216592164563974,0.1878687631333333,-0.0632654814183177,-0.8266758077982345,-0.0637994149966666,nijmegen_nijmegen_rennen_g_ch1_g11_compr.mp4,ch1g11,1.7707979639416152e-05,0.0001368439111556,2.9017288112720547e-05,4.7609022808016554e-05,4.847262654162834e-05,0.0001515611562451,2.9207765393324956e-05,3.0153112391802307e-05,3.178629413436948e-05,2.2886304764693253e-05,0.0004690364027001,2.59592104871327e-05,3.1448172609408565e-05,2.820763260753971e-05,2.0265813527650847e-05,3.3277859283697704e-05,4.713039751697832e-05,0.0005332433117071,2.2006848079551077e-05,3.101386914478015e-05,0.0001806287876977,2.76223579225581e-05,3.149504755077488e-05,2.829381390422111e-05,4.486695087239614e-05,6.76042156990476e-06,2.6758242723897395e-05,0.0004173206692796,1.702952508967128e-05,0.0005977717689334,6.52410434997034e-06,1.640547858009419e-05,0.0001553866313287,0.0004422217987379,4.9973439375156576e-05,0.0004301549109138,0.0004629993779779,0.0004501771166178,0.0004551296670575,0.000497043902526,0.0004996864654047,0.000483311514826,0.0002465672803566,0.0002407536867574,0.0004678778885995,0.0004148549157125,0.0001586949787437,-0.0002766206337659,0.0001098540465815,-0.0005337208949955,-0.0068880098820419,-0.0020000963663518,-0.0087704377223501,-0.002386580407258,-0.0099249189473105,-0.0027740452564131,-0.0077739120888296,-0.0022406828923535,-2.670614408753024e-06,1.3137959749020984e-06,6.949093325676734e-05,-0.0003802982080966,-0.0002598697293416,-0.0003374593390563,-0.0003814379996714,-0.0003877381202035,-0.0005188763460313,-0.0005482953652987,-1.5543525550619186e-06,8.308554286418586e-07,-7.802329789359125e-07,1.509872400116341e-06,-1.5531794313859665e-06,9.334856784612388e-07,-6.921199341898652e-07,-5.209347057143962e-07,-9.70986128385136e-07,7.423868557114363e-07,8.760707814480691e-07,-8.361443110774153e-07,-5.967847264042087e-07,-8.563203471860668e-07,4.478734287354054e-07,-5.882018896659893e-07,-3.209986446667748e-06,2.6214132329045874e-07,-6.671900218881117e-07,-4.773351288190546e-07,2.771798367815696e-07,-7.978353818349468e-07,-6.157271041563647e-07,-1.0007656996151604e-06,-1.4439395257329278e-06,7.52073933998245e-08,-6.034881026613973e-07,9.29838709770165e-07,6.097979220085381e-07,1.1598321060883173e-07,9.453126931087983e-08,3.4685498564381758e-09,1.4542828957985788e-07,1.1879695697851213e-07,-3.895554433391775e-07,8.853113401096746e-08,-2.778473710446165e-07,-1.3735626859702876e-08,-4.707108258376163e-07,5.822548338458479e-08,-8.249725100846621e-08,4.309288128340746e-08,7.999609654207709e-08,-1.814328301559188e-06,3.929182938692671e-07,7.021507364073484e-08,8.384867033639043e-08,1.011668551176015e-06,2.4310593120323933e-07,2.6413252548690373e-07,-1.7725495647626792e-06,3.6701252312093163e-07,5.6958512525154694e-08,-3.879416904353096e-07,9.844547904416253e-08,6.973858762969644e-08,9.719532184237129e-08,-4.2843429836684206e-08,4.998186734213381e-09,1.2274297530855408e-07,-1.7427035215948065e-06,-1.0913867312479737e-08,-1.7857027118842909e-06,1.1738519450119183e-09,1.516053144126717e-07,-2.3338081362554138e-07,2.0710966724537765e-06,movement,no movement,no movement,no movement
8800.000000000038,0.0253660003178105,0.3111450906145671,-0.2803035199333333,0.0334392276246698,0.3296696530296915,-0.2727562804666666,0.0359694316326466,0.3299588231228503,-0.2617467429333333,0.0348372187663892,0.3298152633971496,-0.2663002424666666,0.0171909050390479,0.338570655390928,-0.2963149805999999,0.0187862465018676,0.3363621324454776,-0.3091809828666667,0.0227024502288698,0.3266393410545641,-0.2892201732666666,0.0537170927219115,0.337471747506349,-0.1641608231333333,-0.051405859561997,0.2997382101844588,-0.2119773471666666,0.0428098083234594,0.3100931198714639,-0.2241560483333333,0.0158909728752835,0.2814151878006773,-0.2667512063666666,0.1140797313359546,0.2240670161133582,-0.0217775773899999,-0.122066402792172,0.2670590500259808,-0.04978511942,0.1623966921875147,0.0634705728326529,-0.0351429591433333,-0.1684067162147902,0.027071036949911,-0.0793116384433333,0.142237519960142,-0.0183187503529192,-0.1048071732796667,-0.1165050999053614,-0.1072028509655561,-0.1384107296666666,0.1251572149819979,-0.0353667644127643,-0.1156764669093333,-0.0764478616470531,-0.1365027119061099,-0.1843077868,0.1028949000059901,-0.0221498882580361,-0.1276511001166666,-0.0420136866215304,-0.0996465764466845,-0.1968047871666666,0.1364164377169254,-0.0301717056005866,-0.1108304069866666,-0.0973321747631476,-0.0994689504144226,-0.154915407,0.0730987648712708,-0.1639184599052519,0.0564794531066666,-0.0704748349303397,-0.1659565634034908,-0.0557459729133333,0.0846770275239982,-0.4923075550711757,0.04192499475,-0.0390613354378515,-0.4297706861336657,-0.0850330510266667,0.0779846490978931,-0.7691347298301194,0.2030043875333333,-0.0838861829747691,-0.7705580273238921,0.05059556346,0.0615948152990606,-0.7973864201608943,0.2226699997999999,-0.0864513459107171,-0.7997802599993623,0.0230719073666666,0.1070102930781707,-0.8221507300409698,0.1872656893,-0.0632907667290127,-0.8272306846472272,-0.0634481983533333,nijmegen_nijmegen_rennen_g_ch1_g11_compr.mp4,ch1g11,1.6257161493593875e-05,0.0001375930720318,2.8286816740906284e-05,4.898881611178711e-05,4.790266822103996e-05,0.000152424793018,2.8537919392765487e-05,3.0114093672841707e-05,3.0717528343631104e-05,2.38229088467201e-05,0.000469540862974,2.599785342823917e-05,3.0856017375345795e-05,2.73853497861492e-05,2.0977231371811026e-05,3.324178525910578e-05,4.554166915688882e-05,0.0005330468062555,2.212686140316128e-05,3.054025893517056e-05,0.0001810509545984,2.6837359185128117e-05,3.089012260295054e-05,2.7250888918469308e-05,4.434537691435856e-05,6.861362465670519e-06,2.6159442182758404e-05,0.0004178348095559,1.757960171772101e-05,0.0005977264056835,6.640498532576591e-06,1.6476989475416007e-05,0.0001555821722319,0.0004431227029705,4.9559161102981085e-05,0.0004114547617628,0.0004460787742173,0.0004312309915261,0.0004366523611617,0.0004812038364266,0.0004844593029615,0.0004686879517093,0.0002297790023637,0.0002362258446355,0.0004490858096411,0.0004004054716404,0.0001283078408564,-0.0002837396504088,3.620843792866352e-05,-0.0005475545752995,-0.0068945133152763,-0.0020239103893692,-0.0087612456737683,-0.0024083371890169,-0.0099203871930058,-0.0027996726229252,-0.0077799292045555,-0.0022672602057782,-1.8227959496940416e-06,4.492112243798104e-07,7.794265603405708e-05,-0.0003953431357653,-0.0002600387175929,-0.0003476345964173,-0.0003832775774725,-0.0003971226366648,-0.0005206990335252,-0.0005502094178613,-1.280132935367636e-06,4.912786037822209e-07,-6.619852659287908e-07,1.3493963876537058e-06,-1.5123065942728248e-06,5.188466636305276e-07,-6.07280687234414e-07,-5.546910607230817e-07,-8.030843810437009e-07,8.27714374148872e-07,-5.908935953354253e-07,-4.0188177633849076e-07,-5.161803082424578e-07,-7.378994650614715e-07,1.4586511386401978e-06,-2.9714129175788506e-07,-2.6912631475891773e-06,-1.1354545547214227e-06,-2.580335891009264e-07,-4.154707724007341e-07,7.1266899769879e-09,-6.822440202686953e-07,-5.345337228933868e-07,-8.703861956737227e-07,-1.4531701898987308e-06,8.552804165765423e-08,-4.952285778751028e-07,-4.972970372808967e-07,6.135756591510967e-07,-1.2228250155154536e-06,1.0009154018346464e-07,1.0856404747973329e-07,-2.2602188043671417e-08,2.5113751238765197e-07,-2.6456313117479473e-07,1.1825211226391904e-07,-2.465358563212468e-07,-1.0455837162472249e-08,-3.25776756522577e-07,8.702326587634777e-08,-3.3970655853976804e-08,1.63034322711833e-07,8.224471727799339e-08,-1.596308814403244e-06,3.9093423356087385e-07,8.525245321151142e-08,1.1887534836544809e-07,7.954868645567573e-07,2.669616612400261e-07,3.6775339743525506e-07,-1.5689536021207612e-06,3.6515195621963947e-07,6.930628904034197e-08,-1.853933156945981e-07,1.1713712935917265e-07,8.56288911568177e-08,1.3073231485673564e-07,-3.8452193809275995e-08,9.403546333884362e-09,1.1501004693679287e-07,-1.5557567968694069e-06,-4.488732365111582e-09,-1.551409661538876e-06,5.249687718085795e-09,1.0903257276598259e-07,-7.735765333704196e-08,1.784363231384451e-06,movement,no movement,no movement,no movement
8816.666666666704,0.0255308073190419,0.3115129788610239,-0.2809099902666667,0.0335978329459231,0.3300709932242143,-0.2732738832333333,0.0361115841971642,0.3303435015941859,-0.2622260208999999,0.0350082110845529,0.330206030771866,-0.2668287091666666,0.0173645493250229,0.339009811509507,-0.2968275060666666,0.0189501691722989,0.3368054071081681,-0.3096923748,0.0228925518007613,0.3270678139959846,-0.2897269309666666,0.053580833320083,0.3376579212982454,-0.1647552249999999,-0.0512745081459845,0.2999531034554006,-0.2127835660333333,0.0428670006897594,0.310500183652287,-0.2248266487666667,0.0160545476935967,0.2817822711233646,-0.2674319162333333,0.1135873679500606,0.224148180300358,-0.0226003069466666,-0.1219973641606549,0.2667587077698589,-0.0514450411033333,0.1620050239753442,0.0634091848709371,-0.0331531895009999,-0.167788242738108,0.0264988867726463,-0.0818067635099999,0.1432010289015966,-0.0252677800568384,-0.099269217097,-0.1154363110166379,-0.1092329085249173,-0.1400118522333333,0.1266360248750827,-0.0441764780558257,-0.109525076587,-0.0755131118149742,-0.1389120589685794,-0.1858640561333333,0.1038128642804556,-0.0320939048911395,-0.1219776232566666,-0.0409207596387064,-0.1024347899923164,-0.1983355512,0.1372557584038712,-0.0379986653533858,-0.1053834636499999,-0.0961969939800673,-0.1017394008436594,-0.158684477,0.0729877044357276,-0.163919507473521,0.0565743039633333,-0.0703602950539718,-0.1659567613243754,-0.0558304202766666,0.0841856431784897,-0.4922122755823216,0.0422435861166666,-0.0390371495139466,-0.4301728014808807,-0.0847673066966666,0.0773055121654534,-0.7693834569916145,0.2023013607,-0.0840020477552198,-0.7708984471393637,0.0506442243733333,0.0609069568079653,-0.7977597043184811,0.2218325068333333,-0.0866171452940849,-0.8001678619463171,0.0230723141066666,0.1064682969426774,-0.8226714766694825,0.1863379748,-0.0632942060479252,-0.8277683218882498,-0.0631777602833333,nijmegen_nijmegen_rennen_g_ch1_g11_compr.mp4,ch1g11,1.4969575215456804e-05,0.0001380842436239,2.7407367430466092e-05,5.0413100898574794e-05,4.663773841606349e-05,0.0001528428251791,2.7679979244401076e-05,2.9479647749026905e-05,2.9973902110407644e-05,2.4801894684314737e-05,0.0004675660000854,2.6012870487545843e-05,3.010483187395408e-05,2.643507112347332e-05,2.3151380170715152e-05,3.311208181934213e-05,4.3257720733155296e-05,0.0005303976885098,2.2285836105942905e-05,2.9882692625703003e-05,0.0001808178075804,2.5916269432489415e-05,3.0130887629895937e-05,2.6186403112701117e-05,4.310395817982503e-05,6.944107878877494e-06,2.546780078595136e-05,0.0004160907526023,1.83661850642468e-05,0.0005948088900563,6.73389772291557e-06,1.6363255900078484e-05,0.0001556353575748,0.0004419007126996,4.852432072382934e-05,0.0003933580955109,0.0004284161241705,0.0004124801857866,0.0004182829103446,0.0004652885656256,0.0004689048257279,0.0004536362292849,0.0002133494560586,0.000230117229408,0.0004313069029274,0.0003868046888403,0.0001017774275612,-0.0002959886706621,-2.344594624296482e-05,-0.000569792338581,-0.0068653329685662,-0.0020400804459705,-0.0087141674107536,-0.0024207759948827,-0.0098692197504135,-0.0028069016349405,-0.0077460000083293,-0.0022820350158577,-9.153361506226156e-07,-4.169123197332718e-07,8.566872660240385e-05,-0.000411549359143,-0.0002598075429115,-0.0003571027784256,-0.0003844344083007,-0.0004053481447942,-0.0005169187840971,-0.0005498929209767,-9.71442143672552e-07,2.052028832092459e-07,-5.328599295198762e-07,1.114340250425732e-06,-1.499013911524346e-06,1.7200459133179306e-07,-5.099401520150871e-07,-5.38582158619837e-07,-5.437985518507212e-07,8.929419258068624e-07,-1.968489620716388e-06,-3.805412798741326e-08,-4.370557455002555e-07,-6.023436785933147e-07,2.040329074552528e-06,-1.0651531525768462e-08,-2.1649862547497516e-06,-2.473614193259245e-06,8.163893832316416e-08,-3.526339865614247e-07,-1.6239198988846625e-07,-5.676024168917023e-07,-4.540418799122182e-07,-7.521889105921468e-07,-1.466525248978245e-06,9.375962800000089e-08,-4.257938310552976e-07,-1.8442484717826775e-06,6.03829901916959e-07,-2.518255309209891e-06,1.048330502847841e-07,1.6669594788106876e-07,-9.769038503970672e-08,3.378767246039315e-07,-1.8074175205161802e-07,1.467197537386979e-07,-2.2260443765994489e-07,-1.3872132023605972e-08,-2.1629698199824157e-07,1.176235109225215e-07,1.6356173901573713e-08,2.2050185251929437e-07,5.5164000855267e-08,-1.3746345389279475e-06,3.374121720299341e-07,1.0451982909443304e-07,1.503732654328032e-07,5.242788568189264e-07,2.507048642606921e-07,4.062558555649853e-07,-1.3905303644286447e-06,3.149203679894672e-07,8.895061210851304e-08,-3.6788762385736226e-08,1.3784084763064088e-07,1.0542782567918429e-07,1.554558770984691e-07,-3.483833917584543e-08,1.1175685125526144e-08,1.1284703737946575e-07,-1.352562675970125e-06,-1.6179114648175286e-08,-1.351309395614718e-06,7.288313153750022e-09,8.830218014895458e-08,1.5017711611266607e-08,1.478686724338666e-06,movement,no movement,no movement,no movement
8833.33333333337,0.0257072955520908,0.3118864266766858,-0.2813616593666667,0.0337745064666463,0.33047741830772,-0.2736381083666666,0.0362717936437235,0.3307332862471766,-0.2625554160666666,0.0351970470100618,0.3306017479886553,-0.2672063781,0.0175541586081219,0.3394540557206357,-0.297181958,0.0191298028909062,0.3372540562788483,-0.3100415348333333,0.02309980443238,0.3275013985596003,-0.2900757810666666,0.053462859888461,0.3378468506270577,-0.1652353955666666,-0.0511305752213246,0.3001730008633489,-0.2134372094666666,0.0429330334283786,0.3109116161868337,-0.2253562211333333,0.0162255531822861,0.2821537314296281,-0.2679614568,0.1130971683525885,0.224225060517686,-0.0233477668899999,-0.1219220374246609,0.2664565005131509,-0.0529895183966666,0.1615734893078279,0.0633483302478556,-0.0311454668803333,-0.1671606794997181,0.0259106060290894,-0.08417803931,0.1441678086571131,-0.0321032352212422,-0.0938119282003333,-0.1143740369675916,-0.11125748534491,-0.1414603583666666,0.1281193561608011,-0.0528657103864977,-0.1034619483003333,-0.0745796842992695,-0.1413192950103431,-0.1872471337333333,0.104747637697414,-0.0419359227253005,-0.1163934514866666,-0.0398315718728322,-0.1052181876850557,-0.1996850728666666,0.1381005967927182,-0.0457112611719138,-0.1000202352233332,-0.095069034815299,-0.1040025169691227,-0.156316951,0.0728754538723653,-0.163920091613544,0.0566784601,-0.0702444634028202,-0.1659575396751109,-0.0559238658333333,0.0837112556243981,-0.4921166759301085,0.0425451922,-0.0390008142480758,-0.4305886875255859,-0.0845140155166666,0.0766365767180053,-0.7696433877717845,0.2015901839,-0.0841067036145402,-0.7712394793884285,0.0506848992066666,0.0602301016629109,-0.79814627085056,0.2209905842666666,-0.0867728244719213,-0.8005539165705188,0.0230649495166666,0.1059848245592663,-0.8231907632172031,0.1854382864,-0.0632719649900784,-0.8283044447535469,-0.0629057145033333,nijmegen_nijmegen_rennen_g_ch1_g11_compr.mp4,ch1g11,1.4208410460320155e-05,0.0001385860403565,2.6843313181776147e-05,5.152236311371497e-05,4.51145564724352e-05,0.0001532723264975,2.7117430045008615e-05,2.8904994161421192e-05,2.979306597679341e-05,2.582868926932794e-05,0.000464504854124,2.61717814536908e-05,2.9652329718914233e-05,2.5808199067978418e-05,2.595290176918233e-05,3.31260815670432e-05,4.113436426851445e-05,0.0005267273411091,2.256642732339596e-05,2.9508657585895336e-05,0.0001811054275987,2.5307973206817235e-05,2.9677228980990064e-05,2.543112499029611e-05,4.160157113690706e-05,7.085195343086381e-06,2.5027754737675612e-05,0.0004131972471857,1.888275504135903e-05,0.0005912452456659,6.882337762119859e-06,1.658980279847619e-05,0.0001559818460489,0.0004396204757226,4.732794484447059e-05,0.0003796389277592,0.0004152329166304,0.0003987376235596,0.0004048537443967,0.0004534920756498,0.0004573889711976,0.0004424097488619,0.0002038868093447,0.0002290384771708,0.0004184462601636,0.0003770049592504,8.444204759970462e-05,-0.0003010260414032,-5.344475635332959e-05,-0.0005863467586592,-0.0068182344220505,-0.0020559845364693,-0.0086519596968412,-0.002435133330249,-0.0098079221962678,-0.0028204870414417,-0.0076948785443319,-0.002296975123652,1.0553045092742784e-08,-1.2586732463584828e-06,9.552302323674346e-05,-0.0004286097435991,-0.0002567390338949,-0.0003658920010571,-0.0003820086906354,-0.0004131164536817,-0.0005096902186051,-0.0005518532644977,-6.582807154508005e-07,5.763658952754669e-08,-4.386834013939001e-07,8.09140103411605e-07,-1.498203400624376e-06,-5.219156846751036e-09,-4.42825445026811e-07,-4.45319644918815e-07,-2.593580273590663e-07,9.20196148615919e-07,-3.348906876060324e-06,2.375661885244501e-07,-3.951485634921417e-07,-4.996337424588628e-07,2.35248481525738e-06,2.1450110411999458e-07,-1.7169943529191835e-06,-3.924090979631549e-06,3.2763797829708845e-07,-3.223396315774558e-07,-1.5023667889182905e-07,-4.878049040992688e-07,-4.1040113937457155e-07,-6.691766806358881e-07,-1.495486978692734e-06,1.0008539560355345e-07,-3.9547129803073425e-07,-3.180745949181019e-06,5.715840420361053e-07,-3.977360122388711e-06,1.0874216057567913e-07,1.805931509092224e-07,-4.9076199435754865e-08,3.684855409361541e-07,-1.337296836692578e-07,1.6616602278349566e-07,-1.8809941537715994e-07,-3.6576891092601585e-10,-1.4333403663217465e-07,1.411522173467266e-07,5.7413976422204505e-08,2.0804058896213969e-07,9.359941613940288e-09,-1.1944781597258158e-06,2.605504602637306e-07,1.215798669951747e-07,1.7060552689428816e-07,2.711091563173277e-07,2.0938849805644255e-07,3.877470398682912e-07,-1.2907096121626906e-06,2.4336236775126225e-07,1.0859406085629153e-07,3.650859105699194e-08,1.53242182073441e-07,1.2302629739236472e-07,1.6679809166101606e-07,-1.3527787449458749e-08,9.791361841478733e-09,1.1374340518134381e-07,-1.171892991080763e-06,-2.653370546332775e-08,-1.2501259655343426e-06,6.435425101595359e-09,8.169540413057918e-08,4.0887352796159064e-08,1.224785032380303e-06,movement,no movement,no movement,no movement
8850.000000000036,0.0258960565279456,0.3122611857453695,-0.2815963427333333,0.0339528757761107,0.3308895652376579,-0.2738200588666666,0.03643308478289,0.3311296174441089,-0.2627001642666666,0.0353881300277756,0.331004474278148,-0.2674059066333333,0.017755980917885,0.3399049946130523,-0.2973539591,0.0193202721604595,0.3377081803727664,-0.3102039008666666,0.0233179625217427,0.3279394402511956,-0.2902434598333333,0.0533404677109037,0.3380621257576359,-0.1656282438333333,-0.0509614989067394,0.3004063896785219,-0.213995481,0.0430039742163329,0.3113288166328937,-0.2256942927333333,0.0164134665219888,0.2825276279655742,-0.2682953411333333,0.112601096727683,0.2243169836075348,-0.0240277700799999,-0.1218145274358954,0.2661629517241647,-0.0544676455366666,0.1610777563772582,0.0633009810337949,-0.0290263242093333,-0.1665247092459812,0.0253206203528175,-0.08651911219,0.1451308719161485,-0.0389242089382027,-0.0881088548786667,-0.1133164942000368,-0.1133253815708899,-0.1428992618999999,0.1295951355901833,-0.0615224294647081,-0.0970681668430666,-0.073653923904786,-0.143771726342522,-0.1886097078333333,0.1056870385008792,-0.051777874610173,-0.1104955532466666,-0.0387450105263245,-0.1080751973466764,-0.2010091299333333,0.1389447676797635,-0.0534059874286823,-0.0944108359233333,-0.093949054909624,-0.1063126360527886,-0.156747311,0.0727565715888488,-0.1639213271392184,0.05679554287,-0.0701219101134709,-0.1659576162813957,-0.05603056386,0.0832479275726635,-0.4920226688648377,0.0427041721933333,-0.0389341749223725,-0.4310323876827016,-0.08441962883,0.0759970156967366,-0.7699212492466055,0.2005928824666666,-0.0842032989408307,-0.7716097330823126,0.0504895470966666,0.0595876754985554,-0.7985479650668287,0.2198475931999999,-0.0869239561038677,-0.800970122750966,0.0228010176666666,0.1055639836462023,-0.8237082273220651,0.1843583322,-0.0632189309777305,-0.8288457544696243,-0.0628585713266666,nijmegen_nijmegen_rennen_g_ch1_g11_compr.mp4,ch1g11,1.3966296415432413e-05,0.0001385134462204,2.6505954416958332e-05,5.249527735741914e-05,4.375991432048734e-05,0.0001531236542245,2.676896291695684e-05,2.8607067082090153e-05,2.995593755387512e-05,2.6752674761261193e-05,0.0004591821298036,2.6430297853165745e-05,2.935854259346176e-05,2.5428520338504192e-05,2.85651694757829e-05,3.309355493705434e-05,3.959945630056534e-05,0.0005205925369833,2.2913510650303342e-05,2.926281056552765e-05,0.0001808514193054,2.487984917774009e-05,2.9373341539958423e-05,2.4927071131743305e-05,4.02659139335334e-05,7.234377187969829e-06,2.471696593323181e-05,0.000408115499891,1.9420504545524145e-05,0.0005848582438773,7.036979960898181e-06,1.686138136681371e-05,0.0001557631526255,0.0004351045381137,4.632896281187702e-05,0.0003700956412342,0.0004069244490978,0.00039043420945,0.0003967145835815,0.0004454940284421,0.0004497174735475,0.000434754621854,0.0002013568454139,0.0002291767465237,0.0004102585489754,0.0003700727159408,7.529255278029495e-05,-0.0003087159028672,-5.7587553432455696e-05,-0.0006049999438895,-0.0067351543715294,-0.0020597597637975,-0.0085496443784409,-0.0024350640419819,-0.009700134587634,-0.0028196099083444,-0.0076065594958163,-0.0022993599247235,1.1063724951175648e-06,-2.237901041705717e-06,0.0001032807418891,-0.0004440647005063,-0.0002536222996982,-0.0003707838899824,-0.0003790676196619,-0.0004167121997558,-0.0005025299002422,-0.0005528223006148,-3.690625114925294e-07,-8.652768351013293e-08,-3.2982248425209965e-07,5.409611860290274e-07,-1.5735898775456394e-06,-1.712329982180794e-07,-3.539627143992442e-07,-3.927424225341973e-07,-2.4069727740616723e-08,8.732116872880094e-07,-4.929054639894547e-06,3.361494543971588e-07,-3.349483034627601e-07,-3.833806430323784e-07,2.4350862862437594e-06,3.300094187791225e-07,-1.459570524093278e-06,-5.674741871181622e-06,4.191727236465938e-07,-2.683469032313458e-07,-2.3125687573173587e-07,-3.862064865446254e-07,-3.507761163215031e-07,-5.673874299821211e-07,-1.5701966523025218e-06,9.765050332002627e-08,-3.455293561062957e-07,-4.685790504761941e-06,5.663184796472876e-07,-5.846410284344756e-06,1.046710353484649e-07,1.8436136858583322e-07,-5.5572159363030424e-08,3.4991445444247413e-07,-8.992823580696927e-08,1.8671990290444427e-07,-1.426074137090594e-07,3.7438019698438934e-08,-7.315988087813134e-08,1.6682867083033897e-07,8.698285382081025e-08,1.468912638293698e-07,-3.721954615705848e-08,-1.0326921040758658e-06,1.8831818359022257e-07,1.4716822847429853e-07,1.8974198634815625e-07,1.0086556708315808e-07,1.6002954659609846e-07,3.2779188638973385e-07,-1.241546004121274e-06,1.75669418454375e-07,1.387875765590827e-07,8.681096716851782e-08,1.7337803813425738e-07,1.5001549031918148e-07,1.7200767728520174e-07,2.968283456375071e-08,8.711885294054433e-09,1.253945768056252e-07,-9.973312088896797e-07,-4.1816524834866745e-08,-1.189586725946211e-06,5.846541526417894e-09,9.843071251781705e-08,4.263270384511385e-08,1.0164975970893867e-06,movement,no movement,no movement,no movement
8866.666666666702,0.0260950939964418,0.3126386460836525,-0.2816837231333333,0.0341452408363931,0.3313033187563342,-0.2738425328,0.0366078294857676,0.3315278647053769,-0.2626853853,0.0355917782711801,0.3314089092286448,-0.267445501,0.0179729615859894,0.3403569277434649,-0.2973680248333333,0.0195274906906621,0.3381636345268527,-0.3102068920333333,0.0235537355666337,0.3283792416399275,-0.2902524343333332,0.0532183843820388,0.3382805235649293,-0.1658737613333333,-0.0507796774199082,0.3006441949695165,-0.2144175618666666,0.0430763747868164,0.3117479631905362,-0.2258943279333333,0.0166065827164976,0.2829031047436837,-0.2684934123333333,0.1121032921664701,0.2244008762116007,-0.0246279882933333,-0.1217054507372743,0.2658554621172458,-0.05579199878,0.1605482096888954,0.0632521791402858,-0.0268222311327666,-0.1658837792633015,0.0247136930279027,-0.0887979904799999,0.1460420859716296,-0.0456604938653322,-0.0823694612283333,-0.1122898896853066,-0.1153872043092734,-0.1443191682333333,0.1310319518595828,-0.0700773139867023,-0.0906391964614666,-0.0727726297600554,-0.1462181010085917,-0.1899533813,0.1066222028634522,-0.061507426421774,-0.1045667113966666,-0.0377015212373086,-0.1109199752573374,-0.2023130276999999,0.1397538684308835,-0.0610134616362294,-0.0887717437766666,-0.092862590065042,-0.1086152899918335,-0.156916231,0.0726382341657604,-0.1639212700530393,0.0569018977966666,-0.0699999422179545,-0.165958850831363,-0.0561259540166666,0.0827905880366784,-0.4919250749646894,0.0428172590933333,-0.0388985692909285,-0.4314837455243252,-0.0843606944166666,0.0754372419142332,-0.7701866448145908,0.1995884145666666,-0.0843037760013672,-0.7719905300458609,0.0502567024199999,0.0590347457691644,-0.7989389332720417,0.2187032764,-0.0870732043975698,-0.8013975290151177,0.022499848,0.105189542062033,-0.8242290562767204,0.1832522268,-0.0632016446750131,-0.8294163169757647,-0.0628667055966666,nijmegen_nijmegen_rennen_g_ch1_g11_compr.mp4,ch1g11,1.4148321780408836e-05,0.0001385971591561,2.6445341341479145e-05,5.289259975180485e-05,4.194298873047933e-05,0.0001531426643568,2.667848378808248e-05,2.818512407240532e-05,3.037984434048572e-05,2.750768448235778e-05,0.0004534528072907,2.660160926302688e-05,2.924854292752793e-05,2.5329516813070744e-05,3.110327386136789e-05,3.335022730903369e-05,3.803490537990326e-05,0.0005140802769456,2.31648096802426e-05,2.919345876609439e-05,0.0001811334460307,2.471121489952155e-05,2.925333216143672e-05,2.468244975819317e-05,3.845311396791523e-05,7.369288814055039e-06,2.452649771864889e-05,0.0004025969312153,1.9991115840894584e-05,0.0005784135181159,7.175887684288337e-06,1.7110082658287804e-05,0.0001560050616701,0.000430184265523,4.4891540198029945e-05,0.0003637543688182,0.0004021279619383,0.0003858740266308,0.0003923569441328,0.0004396389708259,0.0004441534269331,0.000429171391975,0.0002040462866557,0.0002279097459421,0.0004060424666784,0.000364634746902,7.394129315350412e-05,-0.0003177705912791,-4.399618166957e-05,-0.0006232522613885,-0.0066456773126018,-0.0020687616046078,-0.0084426105140004,-0.0024448598074391,-0.0095915071522346,-0.0028289858664031,-0.007512012612569,-0.0023067479540307,2.257671035554741e-06,-3.2715806178180594e-06,0.0001091987120092,-0.0004568269969634,-0.0002483180696638,-0.000374728668737,-0.0003731266318118,-0.0004197552221789,-0.00049193538736,-0.0005572557905354,-6.054010982376116e-08,-1.360205543968855e-07,-1.7361923664657124e-07,3.4411525119934245e-07,-1.6150476574599575e-06,-2.0975537637202966e-07,-2.129829759192379e-07,-3.8327628885383627e-07,1.226467513789983e-07,7.956568926857423e-07,-6.201270152689745e-06,3.934163564598482e-07,-2.186505390713609e-07,-2.243154498021922e-07,2.3960004068001658e-06,3.551174137069706e-07,-1.3271259634692575e-06,-7.221091453913175e-06,4.753121864270116e-07,-1.5557395070199898e-07,-2.0098823041429786e-07,-2.3774731662292637e-07,-2.3240230872987987e-07,-4.1575172128189526e-07,-1.5852495203982954e-06,1.0072256515640677e-07,-2.40414244758381e-07,-5.893779074851501e-06,5.325064459921414e-07,-7.438556848365918e-06,1.0640689382482762e-07,2.444774546501387e-07,-1.896654409131796e-08,2.907783494438183e-07,-6.417314324185974e-08,2.038020372280795e-07,-7.150075026683976e-08,1.2260549814987373e-07,-2.3690436955024697e-08,1.896949334472503e-07,1.1976537849559817e-07,6.27045259461936e-08,-7.218800190936352e-08,-9.500225031429512e-07,1.366704064153276e-07,1.769811715786808e-07,2.044572214726289e-07,3.8097919055057504e-08,9.150185115858448e-08,2.658637687379488e-07,-1.304123254004843e-06,1.2637882015875052e-07,1.7365997624669086e-07,8.901880901336216e-08,1.9288821920950389e-07,1.8196978880027986e-07,1.680642606440935e-07,1.166939398581146e-07,1.0092962254851228e-08,1.4279476274733832e-07,-8.876897862651929e-07,-5.7794984845542246e-08,-1.2469550707956068e-06,7.566366047412893e-09,1.3154204311574618e-07,-4.3303970856788415e-09,8.936862747508942e-07,movement,no movement,no movement,no movement
8883.333333333369,0.0263143541486777,0.3130234496597941,-0.2817538947,0.0343566969397832,0.331727401540891,-0.2738178336333334,0.036801310395307,0.3319368692124766,-0.2626249213666666,0.0358143040979624,0.3318241310579659,-0.2674380971,0.0182090628721987,0.3408154979185804,-0.2973546614666666,0.0197542060785556,0.3386269175077167,-0.3101874271333333,0.0238083372548964,0.3288279319598707,-0.2902360330999999,0.053097576081036,0.3385040226380599,-0.1660266750666666,-0.0505970690984129,0.3008798521309027,-0.2148227740999999,0.0431569224142497,0.312171435281368,-0.2260623549333333,0.0168082858894786,0.2832808679571118,-0.2686867241,0.1116004044561426,0.2244819317534996,-0.0251136641366666,-0.1215928542853595,0.2655316218092866,-0.0571060622733333,0.160021281529735,0.0632186958469759,-0.0246293810864333,-0.1652417266514022,0.0240818754528336,-0.0910854850066666,0.1469581379100483,-0.0522014717366302,-0.0768409875433333,-0.1112799376973176,-0.1174704346064707,-0.1457930011333333,0.1324802200516993,-0.0783706754461993,-0.0844834647122666,-0.0719128371822534,-0.1486731018995883,-0.1913842707666667,0.1075768770029274,-0.0709396060675305,-0.0988919276866666,-0.0366706593784129,-0.1137612859172977,-0.2037081926333333,0.140574304229767,-0.0684149287506355,-0.0833443466099999,-0.0917894163771442,-0.1109370006488728,-0.159897074,0.072517212573491,-0.1639182283323896,0.0570241739933333,-0.069875835422416,-0.1659627584335823,-0.05623723117,0.0823292056739872,-0.4918248794092982,0.0431822240466666,-0.0388702545383582,-0.4319414507087941,-0.0842295902766666,0.0748649324699893,-0.7704544996447992,0.1989713857999999,-0.0844189206200066,-0.7723887592180235,0.0500406648899999,0.0584645809747925,-0.7993334340171986,0.2179613038666666,-0.0872364046112208,-0.801843360068862,0.0222176461466666,0.1047920419222477,-0.8247505255580939,0.1824454948333333,-0.0631966650149138,-0.8300006343272631,-0.0629554988833333,nijmegen_nijmegen_rennen_g_ch1_g11_compr.mp4,ch1g11,1.4179536504613636e-05,0.0001381778088153,2.6315485978415663e-05,5.298273624808674e-05,3.947165754740308e-05,0.000152634231296,2.6514023696983663e-05,2.7518182070684172e-05,3.0495421212494763e-05,2.8186196343267048e-05,0.0004476085364787,2.700601579139869e-05,2.9012682960537952e-05,2.515560333168997e-05,3.3441681154864155e-05,3.398771920684565e-05,3.63463656990634e-05,0.0005073435657003,2.3629081769534168e-05,2.9028833332657305e-05,0.0001805945178158,2.4548674100426815e-05,2.8991585881538712e-05,2.4300178853880177e-05,3.599725812584191e-05,7.423120574209213e-06,2.4256834285328657e-05,0.0003969561869177,2.055674538812072e-05,0.000571525557255,7.236017425553519e-06,1.722739789848378e-05,0.0001557368615361,0.0004249621601508,4.305968065197213e-05,0.0003546636124564,0.0003936597203163,0.0003775387672602,0.0003841901574594,0.0004288027317761,0.000433858632546,0.0004192598465013,0.0002049508028824,0.0002235031242172,0.0003985442082997,0.0003559809600202,7.72517151060685e-05,-0.0003265191241824,-2.568486120094268e-05,-0.0006383053304533,-0.0065544742039344,-0.0020700597492226,-0.0083332533780729,-0.0024467830145619,-0.0094783310487809,-0.0028248595595809,-0.0074161553646329,-0.0023057253751058,3.570799435869392e-06,-4.457554901066692e-06,0.0001112746702394,-0.0004683719172992,-0.0002402809561075,-0.0003809913853188,-0.0003644908788392,-0.0004255488472829,-0.0004824323188912,-0.0005663470379081,2.108413587831493e-07,-2.1952548869862547e-07,4.2932221991697504e-08,2.516869135148504e-07,-1.604891614464248e-06,-2.527646017154977e-07,-6.23054957002391e-09,-3.3777541105780034e-07,1.3421928144055076e-07,6.920554265139499e-07,-7.083013721355008e-06,4.094517904312315e-07,-1.532921567840572e-08,-9.254429349322129e-09,2.377124089458438e-06,3.559643519320684e-07,-1.3170902519269174e-06,-8.459802204439e-06,4.947324063734795e-07,4.4475619043226125e-08,-1.7001456764995617e-07,-2.6094458053714693e-08,-2.3015946743600836e-08,-2.1965082322857134e-07,-1.5494598584343253e-06,1.0920133270194492e-07,-6.091173734084301e-08,-6.71019158614362e-06,4.486371950770684e-07,-8.602550861615891e-06,1.1247077965913709e-07,4.108244954347039e-07,-8.010188932479688e-08,2.1473875509923238e-07,-4.8997174680806716e-08,2.1905425968216858e-07,1.1471251374515664e-08,2.582810281101165e-07,9.409734539042221e-09,2.10775045127321e-07,1.5985093899486418e-07,-5.604929060639283e-09,-9.51141457923921e-08,-9.762907288268167e-07,9.71353445208909e-08,2.0825709808743029e-07,2.179095457856774e-07,9.476094853386322e-08,3.111711502368071e-09,2.323741944576803e-07,-1.4910307326876816e-06,8.63861894009659e-08,2.086218176052412e-07,6.701058409868531e-08,2.092958534277115e-07,2.162467117014298e-07,1.586236611222783e-07,2.491329778284597e-07,1.5370071213270565e-08,1.5772025884696505e-07,-8.741879570337093e-07,-6.985482705628499e-08,-1.4295211000470924e-06,1.2976467948018314e-08,1.6359676848193958e-07,-8.050605484260568e-08,8.807477132099786e-07,movement,no movement,no movement,no movement
8900.000000000035,0.0265272293410138,0.3133756785956783,-0.2818688084666667,0.03456570045873,0.3321199781575613,-0.273846571,0.0369921555923748,0.3323137600062975,-0.2626180880333333,0.0360341582853761,0.3322075585088583,-0.2674844376999999,0.0184409679443724,0.3412418556221859,-0.2973884871,0.01997682247238,0.3390587879697884,-0.310217298,0.0240589049732106,0.3292453546119503,-0.2902672510333333,0.0529775254788098,0.338714384187627,-0.166222974,-0.0504156487423292,0.3011048195146782,-0.2152471626333333,0.0432335797931297,0.31257016155872,-0.2262697448333334,0.0170037553385287,0.2836359577885952,-0.2689117773333333,0.1111005056736174,0.2245682910211325,-0.0256064899933333,-0.1214829813070758,0.2652067527145208,-0.05844821468,0.1594652795659969,0.063205491656083,-0.0225017549146666,-0.1646507833572167,0.0234469340135203,-0.09343230426,0.1478502522451744,-0.0585932945435426,-0.0714332180306666,-0.1102747585819542,-0.1195399667448718,-0.1474078310333333,0.1339092440867865,-0.0864902669680995,-0.0784535554702667,-0.0710518598177513,-0.1511144621385741,-0.1929830491333333,0.1085258134438383,-0.0801780164109335,-0.0933325199566666,-0.0356346021268125,-0.1165743006732593,-0.2052562529333333,0.1413781798806238,-0.0756556441871883,-0.0780346332999999,-0.0907174647008399,-0.1132421685786604,-0.15950647,0.0723957247214092,-0.1639129858936497,0.0571482471466666,-0.0697514395298312,-0.1659687151876517,-0.05635029748,0.0818849135225864,-0.4917184879348259,0.0436583334099999,-0.0388426444600108,-0.4324206424089513,-0.0840005338466666,0.0743099689921323,-0.7706837179959853,0.1985123425999999,-0.0845192077338886,-0.7727792056008722,0.0500592476333333,0.0579118317001086,-0.799685450606316,0.2173802817333333,-0.087380507396724,-0.8022783054579339,0.0221879354666666,0.1044246855507265,-0.8252035352250281,0.1818173209666667,-0.0631702095324113,-0.8305727639575132,-0.0627668166566666,nijmegen_nijmegen_rennen_g_ch1_g11_compr.mp4,ch1g11,1.4508927898813838e-05,0.0001377345250537,2.6564011649019414e-05,5.299009908583393e-05,3.815236233011367e-05,0.0001521641897311,2.6709314519427807e-05,2.7355652188691404e-05,3.0560089795665375e-05,2.8755375576920043e-05,0.0004409914062598,2.756127909776977e-05,2.9186917432089504e-05,2.5355363329678457e-05,3.5697558733153725e-05,3.473776725028751e-05,3.557665166485788e-05,0.0004993010818286,2.4236377209361155e-05,2.9260742386362377e-05,0.0001802817690774,2.4766875786909383e-05,2.9157758897143764e-05,2.421261203911888e-05,3.4708016629236386e-05,7.511991780504772e-06,2.431675610115693e-05,0.0003907845645577,2.0951067199274272e-05,0.000563329634967,7.328829533246281e-06,1.767577048118008e-05,0.0001554719424833,0.0004192441312516,4.2332592627546334e-05,0.0003494430502386,0.0003901638749481,0.0003744154600722,0.0003811586182482,0.0004232552785271,0.0004285652200415,0.0004139897168428,0.0002120328304977,0.0002240982075617,0.0003954891502014,0.0003511478752155,8.398131181996673e-05,-0.0003295656720497,-1.326911541516585e-05,-0.000645518318237,-0.0064539873836998,-0.0020695102085447,-0.0082013645239376,-0.0024483621621018,-0.0093436650115753,-0.0028253465607324,-0.0073073285579519,-0.0023047503998159,4.744858662076106e-06,-5.500996362328416e-06,0.0001125510497038,-0.0004778933355077,-0.0002343421274085,-0.0003906186578168,-0.0003574333205602,-0.0004352346248485,-0.0004734865968504,-0.0005760436988465,3.930292204071613e-07,-2.910069402931687e-07,3.141803623716799e-07,3.5388246270574306e-07,-1.403942404659415e-06,-2.414248720136005e-07,2.602927157148877e-07,-2.0279782700766207e-07,1.5090083946179588e-08,5.607244737973625e-07,-7.708883683025771e-06,4.6579240036783974e-07,2.6322791359538746e-07,2.5697966653822636e-07,2.4736575364249525e-06,3.3539984366072457e-07,-1.1813031242014337e-06,-9.61177045707531e-06,5.479983094455375e-07,3.238683762403504e-07,-7.990060158811716e-08,2.452774700703033e-07,2.633453985534555e-07,-1.9457573100821297e-08,-1.3555030614600386e-06,1.2530317814918646e-07,1.6403112306031295e-07,-7.240613908028357e-06,3.549501743242853e-07,-9.63773943991772e-06,1.2604970866485505e-07,6.553875248209159e-07,-2.0671411488923146e-07,1.089195365735646e-07,-6.993645523625878e-08,2.0562112315406395e-07,8.287082494198109e-08,3.51678619288165e-07,-6.983225163130118e-09,2.0345596618910606e-07,1.7729068844728234e-07,-4.861085922310689e-08,-1.09862016240397e-07,-1.1089897403877695e-06,5.5939213183177374e-08,2.091494396790379e-07,2.0415497812150425e-07,2.466543919239995e-07,-1.0120960892491614e-07,1.959526155060815e-07,-1.7676736293685135e-06,4.335219269111071e-08,2.1302535536349046e-07,-2.2557075907776332e-08,1.9847398300639653e-07,2.19735291046631e-07,1.1862244804941108e-07,3.372491684621572e-07,1.9617549297833615e-08,1.4193578703117968e-07,-9.60440931494125e-07,-7.400168178097696e-08,-1.7213163228538434e-06,1.7438979356996155e-08,1.6179897164995406e-07,-2.034346071969863e-07,9.975188486150416e-07,movement,no movement,no movement,no movement
8916.6666666667,0.026743452235776,0.3137224292942899,-0.2820005893666666,0.0347799878495818,0.3325088327819765,-0.2738931868,0.0371882013299476,0.3326866754775351,-0.2626289782333333,0.0362591259756999,0.3325871999237771,-0.2675480646666666,0.0186790539120038,0.341664022342407,-0.2974395464333333,0.0202058606063647,0.3394864822787806,-0.3102648197999999,0.0243162103806967,0.3296583525583556,-0.2903154632666667,0.0528630421895826,0.3389242486320045,-0.1664216889333333,-0.0502275331885206,0.3013312140598355,-0.2156700441666666,0.0433122714451979,0.312964902626619,-0.2264869382,0.0172018551478847,0.2839874097490682,-0.2691456069333333,0.1105944677800874,0.2246475267990177,-0.0260990198133333,-0.1213702507196107,0.2648844021203466,-0.0597893379366666,0.158863923464642,0.0631886224190962,-0.0204092828186666,-0.1640640092290211,0.0228118971023936,-0.0957876189166666,0.1487339385484509,-0.0649468395880607,-0.0660025151336666,-0.1092787951616131,-0.1216015663465441,-0.1490552768333333,0.1353353154275162,-0.0945491624752332,-0.0723653830284333,-0.0702001660528406,-0.1535456127262345,-0.1946024805,0.1094785309772879,-0.0893708511287409,-0.0877078276233333,-0.0346000482842449,-0.1193758421337425,-0.2068109591333333,0.1421786937747859,-0.0828557698996767,-0.0726925454186666,-0.0896531463895529,-0.1155384696072818,-0.164377958,0.0722724053018271,-0.1639071661177712,0.0572747452166666,-0.0696252354005497,-0.1659752344204408,-0.0564662888633333,0.0814351996078243,-0.4916005186319387,0.0440587371733333,-0.038818106375743,-0.4329022258754934,-0.0837942255333333,0.073754587393577,-0.7708943939645846,0.1978736226999999,-0.0846117322768295,-0.7731680980881328,0.0500886637099999,0.0573577638980968,-0.8000156201680151,0.2166126881666666,-0.0875155848232585,-0.802710908459736,0.0221742937633333,0.1040468583488137,-0.8256426518237446,0.1810173903666666,-0.0631212127847148,-0.8311427799793487,-0.0625280498066666,nijmegen_nijmegen_rennen_g_ch1_g11_compr.mp4,ch1g11,1.458020334046601e-05,0.0001373140735451,2.6873618912797597e-05,5.314193376197865e-05,3.702128877000998e-05,0.0001518059549004,2.696736933198207e-05,2.730140273635443e-05,3.053921271296374e-05,2.9239072307488165e-05,0.0004328633125631,2.7747500429351228e-05,2.9417131357746068e-05,2.5599099183388797e-05,3.792274118546504e-05,3.489424391846932e-05,3.472799337942422e-05,0.0004888910614396,2.4557129816807032e-05,2.958288274497754e-05,0.0001797422531851,2.501837071833303e-05,2.9382736313285897e-05,2.3998853867112425e-05,3.359702158377737e-05,7.576643061685642e-06,2.4384284525231167e-05,0.0003832716384401,2.124331798133464e-05,0.0005524961759448,7.400396964688305e-06,1.8305596419454485e-05,0.0001549856685109,0.0004123281497171,4.161505117310701e-05,0.0003408620672304,0.0003836758425551,0.0003679452257459,0.0003748364934128,0.0004146048345775,0.0004202327058765,0.0004059708237982,0.0002168524799439,0.0002247172064143,0.0003887257711029,0.0003434198191456,8.489860308923971e-05,-0.0003287880594185,-1.515315707846225e-05,-0.0006464429087275,-0.0063292157522357,-0.0020669987206255,-0.0080260634770946,-0.0024455020199919,-0.009162056553713,-0.0028217159756207,-0.0071718009870067,-0.0023032659088133,5.88377190211376e-06,-6.4386896764116895e-06,0.0001109607279632,-0.0004861220573069,-0.0002323776598119,-0.0003990070403527,-0.0003537848796409,-0.0004429200905795,-0.0004629956660237,-0.0005787709871219,4.448926458821509e-07,-4.511500788662148e-07,5.324273590410955e-07,5.040187515348585e-07,-9.93697172149164e-07,-3.189154761161614e-07,4.786470012254241e-07,8.092378523755812e-09,-1.7156872887183498e-07,4.266036463058659e-07,-8.630390442699688e-06,5.363213432206336e-07,4.993611939589946e-07,4.695384046414041e-07,2.7666972993072487e-06,2.446857585431713e-07,-9.559123825625375e-07,-1.1221754964065984e-05,6.070044940644562e-07,5.662353590856069e-07,-1.5370836664349481e-07,4.607380316563454e-07,5.096827165691345e-07,9.056721467968257e-08,-9.800744434024494e-07,1.448677590821014e-07,3.268664626573956e-07,-8.0005108151935e-06,2.6131719991543405e-07,-1.1179428028113317e-05,1.4305458966001728e-07,8.764739200615718e-07,-5.107199266333767e-07,-8.024494006639886e-09,-1.4615134573804858e-07,1.6231359135481965e-07,1.1398140026700829e-07,3.967652173683638e-07,-9.693701556906849e-08,1.6575125525710058e-07,1.7242458817602334e-07,-5.374474132312405e-08,-1.225859813906431e-07,-1.3359962976838048e-06,9.49237791019128e-09,1.7692830728471505e-07,1.6317637445733825e-07,4.544940374788062e-07,-2.065812042605159e-07,1.7307290051970033e-07,-2.095021007202348e-06,-6.404346266201259e-09,1.8307923717765027e-07,-1.876822476031965e-07,1.5999228379011717e-07,1.895839852859141e-07,5.0857183470890734e-08,3.788496358481373e-07,2.2184596146099512e-08,9.168947070589868e-08,-1.1310403563828571e-06,-7.43919488794928e-08,-2.091942215716517e-06,2.0384210609417726e-08,1.1532401336250584e-07,-3.743164015450929e-07,1.2329513750908091e-06,movement,no movement,no movement,no movement
8933.333333333367,0.0269736722704889,0.314071489488378,-0.2820580313666666,0.0350057913477158,0.3329025532653047,-0.2738806857333333,0.0373947674896783,0.3330649012473422,-0.2625801421666667,0.0364955577153455,0.3329726850035164,-0.2675532274333333,0.0189331509694569,0.3420914549531338,-0.2974275589333333,0.0204520036631917,0.3399188795066514,-0.3102480311666666,0.0245890793424875,0.3300759036292758,-0.2903011978666666,0.0527509685818592,0.3391532555201663,-0.1665854670999999,-0.0500143676149497,0.3015699576368753,-0.2160470097666666,0.0433994735298242,0.313363368835106,-0.2266322920666667,0.0174143693313854,0.2843410938223097,-0.2693022965999999,0.1100817963768247,0.2247410342735731,-0.0265752415533333,-0.1212177824822777,0.264566289485997,-0.06112008092,0.1581936143443304,0.0631754289435818,-0.0183282061816666,-0.1634438102173756,0.0221654805973549,-0.0981689060599999,0.1495886247291856,-0.0712762052815094,-0.0606090905743333,-0.1082761146073997,-0.1236716040409229,-0.1507527642333333,0.1367475764128083,-0.1025925805114916,-0.0663076193717666,-0.0693491397786846,-0.1559940420827071,-0.1962515641666666,0.1104338536733337,-0.0985611070388122,-0.0821168789233333,-0.033573110725608,-0.1222022011786479,-0.2083892349666666,0.1429662030657888,-0.0900306916693044,-0.0673902716773333,-0.0885863387632725,-0.1178438116122599,-0.16422157,0.0721471542640401,-0.163900619235522,0.0574007270866666,-0.0694971094764141,-0.1659822992481861,-0.0565823460833333,0.0809885379106404,-0.4914802291458137,0.04427584436,-0.0387931860866268,-0.4333929312222618,-0.0837113738333333,0.0732497247837529,-0.7711178518608354,0.1966993565666666,-0.0847061136125975,-0.7735707552523873,0.0498978490033333,0.0568533265921409,-0.8003567116002145,0.2152637998,-0.0876521112285695,-0.803156988066075,0.0219166061033333,0.1036742579041812,-0.8260832581362463,0.1795899733666667,-0.063072873442061,-0.8317129063033026,-0.0625078929433333,nijmegen_nijmegen_rennen_g_ch1_g11_compr.mp4,ch1g11,1.4535018408372991e-05,0.0001365539767925,2.7273368356513733e-05,5.327839616953576e-05,3.6156328358044826e-05,0.0001511574283817,2.731043192418005e-05,2.736778735941029e-05,3.0234953403883083e-05,2.9504456911681244e-05,0.0004226347821254,2.795690166620601e-05,2.9783588855355206e-05,2.5937856823391903e-05,4.0233733098759973e-05,3.458721337933492e-05,3.3341013071179865e-05,0.0004756595047383,2.483825679212921e-05,3.003753688488796e-05,0.0001790659295254,2.53507426850908e-05,2.975855166001141e-05,2.3832034630191813e-05,3.281752614771333e-05,7.703396974396176e-06,2.4583029030317455e-05,0.0003739557569711,2.14554981870967e-05,0.0005389509103754,7.529311045491488e-06,1.9136336056894173e-05,0.0001541124376295,0.0004036672361328,4.1157368999094205e-05,0.0003288338475028,0.0003743017540491,0.000358473050174,0.0003655118262168,0.0004042096432782,0.0004099788129238,0.0003958240177557,0.0002192313928823,0.0002265283149146,0.0003791199497772,0.0003338099572826,8.12604967905469e-05,-0.0003226509370763,-3.4935040375385154e-05,-0.000638462745127,-0.0061740734449281,-0.0020565949188653,-0.0078026341248744,-0.0024355608040186,-0.0089341338468708,-0.0028158647494159,-0.0070009214541873,-0.002295187653954,6.758427509696817e-06,-7.1417137701392754e-06,0.0001103215680355,-0.0004905841954206,-0.0002282808006377,-0.0004047292031745,-0.0003473266922297,-0.0004476500546207,-0.0004460148606275,-0.0005733399466706,3.72814258562198e-07,-6.877613567527307e-07,6.808165120395771e-07,6.251729912752869e-07,-4.682017103141571e-07,-4.999511444555469e-07,6.321860654844944e-07,2.3585210208371297e-07,-3.0657345889000316e-07,3.094090490382212e-07,-1.0090696776228556e-05,6.034406587809611e-07,6.664006463381107e-07,6.166209694752922e-07,3.27671412049816e-06,4.3918669858745456e-08,-6.87010695395691e-07,-1.3533269640308885e-05,6.527299946790081e-07,7.424677423555408e-07,-4.374605567602342e-07,6.087532751866968e-07,6.899306089827486e-07,1.0556893689961341e-07,-4.873854822614184e-07,1.6803694792343741e-07,4.033212028731679e-07,-9.223805528915274e-06,1.710313334833701e-07,-1.3494927226512364e-05,1.6409555016123126e-07,9.922671842937476e-07,-1.0038812112902305e-06,-1.3591046669452117e-07,-2.735838307478657e-07,8.369159404721318e-08,8.573016968484299e-08,3.658688226687333e-07,-2.583042108891777e-07,9.21901286105912e-08,1.345367328325541e-07,-1.4426036503756536e-08,-1.374665487471934e-07,-1.6201978896579077e-06,-6.883295874480172e-08,1.0358108440052061e-07,8.90995545185182e-08,6.584251401069209e-07,-3.154444745413632e-07,1.5996584869278358e-07,-2.417860300320883e-06,-8.294778401205024e-08,1.1217744522755537e-07,-4.387097082221496e-07,8.816900667327648e-08,1.1686412271961623e-07,-5.18338416190004e-08,3.475436424958153e-07,1.7864515607072605e-08,-7.407148086933182e-11,-1.353661267068642e-06,-7.2786178408949e-08,-2.5078025039237426e-06,1.7070294046844367e-08,2.0806135631665382e-08,-5.830937306189034e-07,1.532357747240366e-06,movement,no movement,no movement,no movement
8950.000000000033,0.0272368079513342,0.3144009380542336,-0.2821792254666667,0.0352626472671662,0.3332770983302043,-0.2739268773666666,0.0376327426553246,0.33342329152588,-0.2625903584,0.036762649281961,0.3333384303399694,-0.2676148238666667,0.0192169294486841,0.3424957894883823,-0.29747293,0.0207283555648755,0.3403291614083863,-0.3102902501333333,0.0248927556610216,0.3304718397656671,-0.2903435161666666,0.052650195235583,0.3393687907748433,-0.1667926294999999,-0.0497950295801392,0.3017900245853102,-0.2164537707333333,0.0435084762370995,0.3137409263022198,-0.2268354584666667,0.0176473692142198,0.2846730098802411,-0.2695154497666666,0.1095789271974739,0.224819055236843,-0.0270700689466666,-0.1210634113262796,0.2642289676300661,-0.06247983634,0.1575005923498283,0.0631569715659825,-0.0163609378906666,-0.1628254346704157,0.0215191213974978,-0.1005586903433333,0.150432686998747,-0.0773321339075481,-0.0553796956856666,-0.1073201235810436,-0.1257100788725682,-0.1524311992333333,0.1381574999542658,-0.1102395860025913,-0.0604187482241,-0.0685536207808958,-0.1584050100394978,-0.1978761652666666,0.1114215790112413,-0.1073211962568531,-0.07667099866,-0.0325948593150601,-0.1249974218417028,-0.2099416702333333,0.1437562271843282,-0.0969024435684034,-0.0622405038216666,-0.0875629011151472,-0.1201222663602148,-0.163558841,0.0720217318243839,-0.1638928774850033,0.0575380246466666,-0.0693688600685879,-0.1659903277333415,-0.0567101041666666,0.0805505128665456,-0.4913653536599239,0.0446763415033333,-0.0387540452502027,-0.4338815353053946,-0.08355795371,0.0727794814768727,-0.7713455056839054,0.1959286297666666,-0.0847930157025271,-0.7739684181388881,0.0497643887399999,0.0563870014158917,-0.8007038046938338,0.2143456001999999,-0.0877824944079492,-0.8035967664222665,0.0217201480133333,0.1033615135363895,-0.8265241245452295,0.1785797188333333,-0.0630177713147084,-0.832270757664047,-0.0624562683699999,nijmegen_nijmegen_rennen_g_ch1_g11_compr.mp4,ch1g11,1.4809845811593792e-05,0.0001358042160332,2.7873089162963717e-05,5.399888330331e-05,3.5772998774705765e-05,0.000150620194104,2.78695406712701e-05,2.7693773463048943e-05,2.9808505535406217e-05,2.9926536047478352e-05,0.0004108586516283,2.864721879602383e-05,3.0414562674098548e-05,2.6470399683727835e-05,4.360467399914813e-05,3.427077848983076e-05,3.227267302872586e-05,0.0004599732733991,2.55467286728187e-05,3.074492028498068e-05,0.0001785887840221,2.5886903600767235e-05,3.0420368282019894e-05,2.391586592569659e-05,3.2510234154434664e-05,7.906249756980739e-06,2.499553341891495e-05,0.0003631178181897,2.1588248240441475e-05,0.000523326746567,7.727880366772435e-06,2.0120677815607932e-05,0.0001529163878349,0.0003938458860669,4.134671293656592e-05,0.0003248514790371,0.0003734550220754,0.0003573606470049,0.0003646563052853,0.0004029545171455,0.0004086093172991,0.0003940968517754,0.0002270401952575,0.0002340166382393,0.0003770810258811,0.0003311377199302,7.788106323442006e-05,-0.0003112702147871,-7.126968896348321e-05,-0.0006213575174367,-0.0059928358310361,-0.0020443140272871,-0.0075352827704852,-0.0024204276667153,-0.008668628015475,-0.0028142010043594,-0.0068027434278912,-0.0022878766952308,7.31220967933976e-06,-7.582469782458837e-06,0.0001049677137378,-0.0004977186243985,-0.0002275009402176,-0.0004157940615748,-0.0003437410973234,-0.0004580500184603,-0.0004308902230321,-0.0005674251234416,2.088533913428957e-07,-9.476110031530628e-07,7.438007013031728e-07,7.422274781621688e-07,8.4549520274253e-08,-7.578066877114544e-07,7.02256488510986e-07,4.059339237990283e-07,-3.1933588313617113e-07,1.904008477367612e-07,-1.1803624999733906e-05,6.344363932875496e-07,7.484222016571066e-07,6.86173573939289e-07,4.037276225389015e-06,-2.4591044038045704e-07,-3.8210416953075603e-07,-1.609657611441256e-05,6.552193436516974e-07,8.340942775821852e-07,-9.211112350046334e-07,6.656415532409138e-07,7.878072493740047e-07,1.6567146165361622e-08,3.280605078995443e-08,1.8665262463388585e-07,3.738198256093537e-07,-1.0653042504299237e-05,1.0788804600307473e-07,-1.61393626253481e-05,1.8200526315808549e-07,1.0024713354434442e-06,-1.6121682540133853e-06,-2.7698015938028685e-07,-4.619769724252293e-07,-2.9140151601606097e-08,-3.016100577989116e-08,2.38919231927578e-07,-5.013926419652465e-07,-1.7158213878686382e-08,5.254103144983025e-08,5.369208265592162e-08,-1.72035144398651e-07,-1.975741254382588e-06,-1.995289553663549e-07,-9.93354257546162e-09,-1.6971232686682988e-08,7.717866631932239e-07,-4.39361558393641e-07,1.0659624571834527e-07,-2.7354024316071517e-06,-2.051260161169666e-07,1.131072421168826e-09,-7.787877777285748e-07,-1.5744545046057817e-08,1.935036907404529e-09,-1.8515467317098554e-07,2.2872820403619738e-07,4.810407169879935e-09,-1.264449836805256e-07,-1.6348235376721437e-06,-7.031812852907599e-08,-2.9812708491950914e-06,5.845637668806273e-09,-1.1007088538411933e-07,-8.200617256038599e-07,1.8661819477560672e-06,movement,no movement,no movement,no movement
8966.666666666699,0.0275317463647371,0.3146973872862984,-0.2822063654333333,0.0355497596127252,0.3336238473994157,-0.2738684320333333,0.037901641740596,0.3337527516080059,-0.2624979682333334,0.0370606309208613,0.3336752221713006,-0.2675688150333333,0.0195340725511657,0.3428657683107134,-0.2974260102333333,0.021038172295173,0.340706271121809,-0.3102402070666666,0.0252307787031541,0.3308354761609709,-0.2902948360333333,0.0525656898720436,0.339582719413165,-0.1668707806333333,-0.0495536170508607,0.3020049606625322,-0.2167751798666667,0.0436395247337797,0.3140884342301198,-0.2269362976,0.0179050173149768,0.2849740154956214,-0.2696391085333333,0.109103101755575,0.2248876809672663,-0.0273763611366666,-0.1208872083874222,0.2638967667860952,-0.0638027018266666,0.1567984662051849,0.0631062025720048,-0.0142977759173333,-0.1621748301922407,0.0208745872917268,-0.1029091844933333,0.151279850928521,-0.0832776975675356,-0.0501378042229999,-0.1063867396835576,-0.1277421245074753,-0.1539489001333333,0.139569399626936,-0.1177092857940802,-0.0545232885881,-0.0678028433573306,-0.1608024168175889,-0.1993040263333333,0.1124246301297565,-0.1159105749518538,-0.0712008459566666,-0.0316732000604831,-0.1277879863054818,-0.2112749431999999,0.1445517352844666,-0.103656456451356,-0.0570711713996666,-0.0865662769895372,-0.1223977863123607,-0.163043708,0.0718940881778947,-0.1638847883753293,0.05768810231,-0.0692384703191345,-0.1659986577736897,-0.0568515633733333,0.0801068001520004,-0.491265089780186,0.0451328382066666,-0.0387168938287468,-0.4343768571299727,-0.0833717810866666,0.0723219164180716,-0.7715735364784108,0.1954006719999999,-0.084879517578592,-0.7743662687102149,0.0497368209699999,0.0559359976402011,-0.8010508862711831,0.2136959677,-0.0879125923870349,-0.8040342896055321,0.0216455616166666,0.103066772164437,-0.8269633695351697,0.1778433293,-0.0629650930667361,-0.8328296065768221,-0.0622994930133333,nijmegen_nijmegen_rennen_g_ch1_g11_compr.mp4,ch1g11,1.5246209013184887e-05,0.0001349744505381,2.8619717890258658e-05,5.5178269670708614e-05,3.5993435604936175e-05,0.0001499686834878,2.857332631777452e-05,2.791253832139789e-05,2.942200241681972e-05,3.001389318148595e-05,0.0003984760143035,2.910770897008504e-05,3.121407606439177e-05,2.714827082587436e-05,4.827845662936373e-05,3.376044104767574e-05,3.1979195348752325e-05,0.0004429771087889,2.6075817063694596e-05,3.161817589759953e-05,0.0001777106977089,2.6577537298012255e-05,3.12703246233683e-05,2.4046855630196557e-05,3.26453502873401e-05,8.12556597699815e-06,2.5480674349398204e-05,0.0003520265415211,2.170229090430503e-05,0.0005063355362915,7.937541661758732e-06,2.1179791930134352e-05,0.0001512130548749,0.0003840784282562,4.178118154052614e-05,0.0003236001466977,0.0003748995924921,0.0003588229852741,0.0003664160449524,0.0004045366376263,0.0004099734245544,0.0003948221343754,0.0002350096503454,0.0002428105291978,0.0003761663975966,0.0003298139370896,6.761223407675412e-05,-0.0002983354798612,-0.0001338105860123,-0.0006061727241744,-0.0058068919853119,-0.0020334101505986,-0.0072428250597876,-0.0024000414365534,-0.0083748423533852,-0.0028097684792406,-0.006592543092064,-0.0022818024734194,7.519168472048336e-06,-7.701945485940152e-06,9.401596300226926e-05,-0.0004990899062597,-0.0002429843817549,-0.0004253631486196,-0.000357060878826,-0.0004669470487644,-0.00043193267568,-0.0005593316351007,-9.31499710615109e-08,-1.3916793144440586e-06,6.781963557719444e-07,7.307491245652627e-07,3.6089429822817985e-07,-1.272698432609413e-06,6.474286633616595e-07,4.196132797388797e-07,-1.78099212962594e-07,5.1051352760332426e-08,-1.4068276542093088e-05,4.588062724110454e-07,7.029139778012858e-07,6.376421015899706e-07,5.010704021606462e-06,-7.105149636724379e-07,-2.997812181271947e-07,-1.9145095591126164e-05,4.7133448356853e-07,7.966952672355507e-07,-1.7725054017086256e-06,6.113329148747247e-07,7.562712224414155e-07,-1.9255268431930837e-07,2.968106237315362e-07,1.907720830507051e-07,2.120518372655983e-07,-1.253318397664912e-05,5.945034784797139e-08,-1.9493170789202863e-05,1.874252487692788e-07,8.416245987345833e-07,-2.450910899532947e-06,-4.0353067736836196e-07,-6.973118571672719e-07,-1.6088557147842277e-07,-2.2434270426246173e-07,9.780785935090904e-09,-8.023660628027646e-07,-1.4659854995456672e-07,-6.423988777077573e-08,1.2949224124553368e-07,-2.116569172258134e-07,-2.401740981117258e-06,-3.520844482871734e-07,-1.475839697806922e-07,-1.405983802695701e-07,7.488171920154836e-07,-5.556692985472303e-07,-1.5449922781588883e-08,-3.0487357245716245e-06,-3.448879692711378e-07,-1.347779020253039e-07,-1.1645673766506211e-06,-1.3708891954130076e-07,-1.3934996789167108e-07,-3.216531491840322e-07,2.1541705921001208e-08,-1.5742163712330742e-08,-2.644248603985659e-07,-1.990051236317173e-06,-7.452357459819505e-08,-3.495212747178153e-06,-1.2209302097682495e-08,-2.579440432688694e-07,-1.0608862555006063e-06,2.248911866954178e-06,movement,no movement,no movement,no movement
8983.333333333365,0.0278406128812266,0.3149897311199222,-0.2820678482,0.0358528561933787,0.333969184109933,-0.2736608320666667,0.0381880439990088,0.3340813656170995,-0.262255725,0.0373759480372292,0.3340116273652622,-0.2673726382666667,0.019869700471453,0.3432381240967418,-0.2972366542333333,0.0213663835082165,0.3410844310251785,-0.3100457002333333,0.0255868347579942,0.3312001462865161,-0.2901041578,0.0524894832073921,0.3397984752168443,-0.1668310620999999,-0.0492955416826701,0.3022297206429758,-0.2170079782333333,0.043779253109607,0.314433306754858,-0.2268754184,0.0181725313630076,0.2852743363486033,-0.2696121195333333,0.1086233014053473,0.224930366782311,-0.0275995078866666,-0.120694137454341,0.2635847718043765,-0.0650166319999999,0.1559682612398844,0.0628950253832898,-0.012188186924,-0.1615088651084779,0.0202512039070884,-0.1050337045166666,0.1520849891437081,-0.0890674990358818,-0.0448630319563333,-0.1054737152262105,-0.1297832090750844,-0.1549132103999999,0.1409602930151481,-0.1248954351458908,-0.0486166184881,-0.0670866492214385,-0.1632102964862966,-0.2000421687666666,0.1134330650355582,-0.1242319630323636,-0.0657093281466666,-0.0308031923024415,-0.1305912427540133,-0.2118871817666666,0.1453352552510903,-0.1102176508505743,-0.05187837682,-0.0856001649539963,-0.1246819261237254,-0.165700227,0.071763964686266,-0.163877380107827,0.0578441610533333,-0.0691051359063343,-0.1660061703949495,-0.05700018507,0.0796663547441637,-0.4911875733510665,0.0455691992166666,-0.0386759491246281,-0.4348770044927094,-0.0832626844699999,0.0718609845238181,-0.7718229171399111,0.1948120959999999,-0.0849548771235286,-0.7747950721713527,0.0495428693166666,0.055481913262226,-0.8014153457069788,0.2129838551333333,-0.0880310853626222,-0.8045034837470547,0.0213903952499999,0.1027769369721517,-0.8274106310367135,0.1770755486,-0.0628805436734854,-0.8334035748887003,-0.0623490597366666,nijmegen_nijmegen_rennen_g_ch1_g11_compr.mp4,ch1g11,1.546051469438852e-05,0.0001329679774386,2.950888262793776e-05,5.62895520253608e-05,3.613440915372619e-05,0.0001480736312333,2.943475641584412e-05,2.796184527072788e-05,2.901242047452663e-05,2.9868114728275775e-05,0.0003837795103881,2.9583708883719765e-05,3.2157229628491695e-05,2.799922766332932e-05,5.36474591920395e-05,3.319775342480456e-05,3.185760570681504e-05,0.000422990443977,2.664110206737902e-05,3.264453082511685e-05,0.0001752393036125,2.737083827983626e-05,3.227820490222351e-05,2.4039395041226793e-05,3.284560458817493e-05,8.32833982162121e-06,2.585426619347123e-05,0.0003390162402412,2.1719552025692285e-05,0.0004859026593831,8.133125333637543e-06,2.2249785837133752e-05,0.0001480340783159,0.0003723695177058,4.229163108851732e-05,0.0003224985760864,0.0003761887231742,0.0003600550598977,0.0003678802205663,0.0004061317009672,0.0004113186675973,0.0003958599646069,0.0002403326980508,0.0002514539908045,0.0003730933684374,0.0003273126594159,4.914643050948529e-05,-0.0002843296411914,-0.0002175370871809,-0.0005892036112226,-0.0055888482008955,-0.0020079609052228,-0.0069007092774174,-0.0023573743113752,-0.0080211736831025,-0.0027815972440341,-0.0063429270010382,-0.0022599645258584,7.547209983931771e-06,-7.638452819509484e-06,7.937413738136552e-05,-0.000496393131327,-0.0002586840218177,-0.0004298213699745,-0.0003702540691246,-0.0004697273496107,-0.0004268710739671,-0.0005426212908348,-4.820362620445502e-07,-2.1105517608374544e-06,4.945140818030254e-07,4.7183598029196e-07,3.253493236480595e-07,-2.1215062062213862e-06,4.794222369249169e-07,3.2936967746600914e-07,8.53817632265207e-08,-1.3459871605984036e-07,-1.6759481201244267e-05,6.511825453366045e-08,5.294032684678104e-07,4.799122763878185e-07,5.863229044073165e-06,-1.3439935288934334e-06,-3.313611751357222e-07,-2.2465075285978775e-05,8.487805720175104e-08,6.321891445495338e-07,-3.0071216787294813e-06,4.524328182568539e-07,5.917389671512078e-07,-5.201385743766213e-07,2.80371956992433e-07,1.7843646442215464e-07,-7.975502166351284e-08,-1.4793095484297209e-05,-2.15162742952677e-08,-2.3311546116516017e-05,1.7930222471606365e-07,5.362321710378595e-07,-3.5662173971465267e-06,-4.771143928554055e-07,-9.302806751313174e-07,-2.920187271487525e-07,-4.548415260980759e-07,-2.836073782567898e-07,-1.103677209612028e-06,-2.7728084820979377e-07,-2.097792647567475e-07,1.9445970579787618e-07,-2.572407965624338e-07,-2.792251657145714e-06,-5.0814485965187e-07,-2.885084534435116e-07,-2.6441748578959677e-07,5.935437959891027e-07,-6.458047710781653e-07,-1.8922077923563225e-07,-3.257380701191537e-06,-4.838883759191736e-07,-2.75903289061846e-07,-1.5285716914189564e-06,-2.570621411246086e-07,-2.857182733165928e-07,-4.2881428527045033e-07,-2.45855397134097e-07,-4.1552443806729266e-08,-3.8361923329934755e-07,-2.3250045886794965e-06,-8.312729412802765e-08,-3.91544439485593e-06,-3.5374163279784054e-08,-3.943455223188278e-07,-1.2585976286461212e-06,2.613473459502483e-06,movement,no movement,no movement,no movement
9000.000000000031,0.0281962703239854,0.3152863032474366,-0.2817636787333333,0.0361963310626897,0.3343199299048675,-0.2733065112666667,0.038515211793783,0.3344155072149639,-0.261865103,0.0377322593804392,0.3343538365108631,-0.2670272561666666,0.0202553358951336,0.3436191188529218,-0.2969150861666667,0.0217432598832252,0.3414696559808191,-0.3097154150333333,0.0259927595824541,0.3315715078069316,-0.2897813708333333,0.0524272558780404,0.3400311150601986,-0.1666840094999999,-0.0490093899404176,0.3024815046423654,-0.2172012637,0.0439501582852309,0.3147823290861006,-0.2266535967333333,0.0184759296947963,0.2855793798665866,-0.2694457957666666,0.1081389660473273,0.2249653027550691,-0.0276582752733333,-0.1204522411809559,0.2633338306192186,-0.0662141901466666,0.1550132264229773,0.0625881004050152,-0.0097996071506666,-0.1607759857169912,0.0197009727270267,-0.1071320280333333,0.1528783181556316,-0.0946128414464641,-0.0391005821663333,-0.1045598396419281,-0.1317916648262556,-0.1557364608333332,0.1423602131984105,-0.1317006357008294,-0.0420886401114333,-0.06638602347558,-0.1655822291144779,-0.2005874126666667,0.1145133574907046,-0.1321670133458409,-0.0595436441066666,-0.0299582753074557,-0.1333877855290767,-0.2122631400333333,0.1461300765175586,-0.1164931457047992,-0.04616017173,-0.084641500680965,-0.1269410893073859,-0.165260196,0.0716286314963497,-0.1638712922688036,0.0580256445333333,-0.0689665551475473,-0.1660121752331479,-0.0571769272466666,0.0792261945062423,-0.4911111844946013,0.0460871685466666,-0.0386355275243004,-0.4353633888907035,-0.0832361266266666,0.0714036330655935,-0.7720660195838046,0.1942854035333333,-0.0850304369576693,-0.7752239484031666,0.0493292999133333,0.0550318717026718,-0.8017675927319683,0.2123278647333333,-0.088150386382695,-0.8049734038002387,0.0211163417233333,0.1025159130300532,-0.8278393920505913,0.1763582633,-0.062788278395756,-0.8339567595640108,-0.0624145572933333,nijmegen_nijmegen_rennen_g_ch1_g11_compr.mp4,ch1g11,1.501979995728224e-05,0.0001306264659332,3.0096255922513312e-05,5.662807157424077e-05,3.662967682064208e-05,0.0001457939778004,3.0008123303199243e-05,2.8571010182964025e-05,2.905120415419174e-05,2.965462732749967e-05,0.0003671488099757,2.990692898211521e-05,3.280223994450781e-05,2.8584700802673e-05,6.005461349877168e-05,3.188392989698166e-05,3.1679921821056736e-05,0.0004004032700678,2.693971038407014e-05,3.338523166790849e-05,0.0001723851107782,2.78851180212756e-05,3.300287574936009e-05,2.3500066646323977e-05,3.317503441355802e-05,8.531586872127196e-06,2.5771604034540963e-05,0.0003244110715722,2.138334438702894e-05,0.0004628310148646,8.335078238885794e-06,2.296216928991063e-05,0.000144262592173,0.0003593314793523,4.273559293982401e-05,0.0003144059115957,0.0003720333146792,0.0003556787617413,0.000363692180094,0.000401996943982,0.000406633718297,0.0003914539341171,0.0002432100255445,0.0002584624594891,0.0003618946139483,0.0003172456989527,2.1702521923763844e-05,-0.0002661584729232,-0.0003206986997576,-0.00056604058021,-0.00534526916561,-0.0019841417945482,-0.0065161294309026,-0.0023086928580137,-0.0076192639001563,-0.0027514460994154,-0.0060605599147557,-0.002238753581271,7.260391916517203e-06,-7.244508858699705e-06,6.0805898798113e-05,-0.0004924575342748,-0.0002787281820348,-0.0004340467776702,-0.00038692541999,-0.000471939920859,-0.0004311661058974,-0.0005260645254845,-9.432735827507592e-07,-3.165129646252786e-06,1.4991702024046614e-07,-2.989853258416722e-08,-7.083871841293547e-08,-3.3832396117986096e-06,1.5269504953925746e-07,6.968781455513594e-08,3.842537252601066e-07,-4.106725742522515e-07,-1.9846558038927116e-05,-5.496610334963935e-07,1.8021963598344512e-07,1.6935614492813761e-07,6.4177286225515254e-06,-2.0810631846052475e-06,-5.44949167585631e-07,-2.593992419634565e-05,-4.969671238535661e-07,2.900312304449151e-07,-4.757588980660777e-06,1.421658517774639e-07,2.425210229870712e-07,-9.739718981559951e-07,-6.424546256528271e-08,1.3120262197126728e-07,-5.181596599761127e-07,-1.7392197058115792e-05,-6.934092211428627e-08,-2.757144269896393e-05,1.3913031398577244e-07,5.4611051061457016e-08,-4.985646265091233e-06,-4.639128476185041e-07,-1.156529306191029e-06,-3.864054778673393e-07,-6.643171100745878e-07,-6.075977475949284e-07,-1.3926739151276336e-06,-3.732355312361073e-07,-3.892812324439605e-07,2.204057785383008e-07,-3.036580390937483e-07,-3.0502680750733177e-06,-6.356299408582792e-07,-3.950901943878417e-07,-3.537202469532817e-07,2.978092118106341e-07,-6.679608739292172e-07,-3.8372696112274995e-07,-3.27125397113331e-06,-5.875805023775691e-07,-3.8577356865472266e-07,-1.8570310412296575e-06,-3.4302645404962313e-07,-3.99052364290207e-07,-4.681571106740629e-07,-5.334115600215135e-07,-7.04552135340182e-08,-4.4817999747623593e-07,-2.5543894295939354e-06,-8.73497195084299e-08,-4.125212139786034e-06,-6.19675202341451e-08,-4.810112864661541e-07,-1.4113041500445465e-06,2.8969765175915833e-06,movement,no movement,no movement,no movement
9016.666666666695,0.0285623164505035,0.3155995723097558,-0.2814879397,0.0365512247143717,0.3346956041994388,-0.2729908292,0.0388540695639028,0.3347762299939015,-0.2615129021333334,0.0380986369380339,0.3347219748840812,-0.2667111081666666,0.0206562602307868,0.3440286715289608,-0.2966443896666667,0.0221342024819973,0.3418821189591897,-0.3094383110666666,0.0264125652352973,0.3319679953986799,-0.2895113518666666,0.0523892322302956,0.3402842735278201,-0.1665454371333333,-0.0487128849552441,0.3027580508873231,-0.2174622853666666,0.044125040233328,0.3151413876673318,-0.2264448771666667,0.0187873410308354,0.2858969814491844,-0.2693156331333333,0.1076508693705082,0.2249654764104819,-0.0277226461766666,-0.1202053745184833,0.2630973997964558,-0.0674007239033333,0.1540509182943416,0.0621765131602867,-0.007630828324,-0.159995650924252,0.0191818030542597,-0.10921357794,0.1536739632911005,-0.0997633792176788,-0.0337919079363333,-0.103655374176031,-0.1337346344473887,-0.1565651536666666,0.1437665070710933,-0.1379001853732557,-0.0360461161181,-0.0657103968321037,-0.1678305745987922,-0.2011492987,0.1156720902449651,-0.1394339679633816,-0.0538310191933333,-0.0291391352933375,-0.1361050383417895,-0.2126459891,0.1469450555099268,-0.1223236413939679,-0.040875999494,-0.0836939607549012,-0.1291449859047271,-0.171133041,0.0714844139016413,-0.1638647562728818,0.0582145730033333,-0.0688190521432164,-0.1660185362306994,-0.05736166464,0.0787117573687764,-0.4910585776475044,0.0466091190966666,-0.0385880327385083,-0.4358668342149688,-0.0831673387533333,0.0708443244879349,-0.772372340468806,0.1941849483333332,-0.0851591433736281,-0.7756871648824031,0.0493135702466666,0.0544739324841084,-0.8021755881983844,0.2121552934,-0.0883361936865521,-0.8054728614295251,0.0210662235333333,0.1021484533711205,-0.8282694765241851,0.1761089291333333,-0.0627910325242073,-0.8344523900356775,-0.0623688012899999,nijmegen_nijmegen_rennen_g_ch1_g11_compr.mp4,ch1g11,1.3722012321143592e-05,0.0001267987264861,3.01879814208774e-05,5.631501537476951e-05,3.670565674286472e-05,0.0001416527926357,3.011355579394937e-05,2.8949753720332654e-05,2.951113867982871e-05,2.907447068406787e-05,0.0003459705494276,2.930173591172236e-05,3.292618903017578e-05,2.871540267979929e-05,6.698775509750403e-05,2.9722563864008427e-05,3.1183589829636104e-05,0.0003728974613705,2.633688152789923e-05,3.362735545659484e-05,0.0001666571889352,2.799761008255578e-05,3.318305449413702e-05,2.232551610668716e-05,3.307799589213084e-05,8.629914143725333e-06,2.509994488253029e-05,0.000305879119967,2.1315674891372197e-05,0.000433455207647,8.442975525536834e-06,2.2871607013273496e-05,0.0001384769687941,0.000342488968231,4.228220832518596e-05,0.0002959203686521,0.0003574240529829,0.0003409973885249,0.0003490872858019,0.0003875286135176,0.0003913106795793,0.0003771013264654,0.0002370202846773,0.0002571451663273,0.0003381940906049,0.0002962472370574,-1.8154968202623367e-05,-0.0002573833185608,-0.0004381826450715,-0.0005487606240764,-0.0050381639590546,-0.0019428468102104,-0.0060530398117189,-0.0022299206897654,-0.0071090771707683,-0.002677206300356,-0.0057031234440836,-0.002193279175957,7.118775148095462e-06,-6.9461551098004065e-06,4.361845458052921e-05,-0.0004829833048089,-0.0002873610423774,-0.0004268513946131,-0.0003918089051899,-0.0004613133742305,-0.0004329463177707,-0.0005006969426694,-1.4260149952669226e-06,-4.441499983266661e-06,-3.031481375410243e-07,-8.295372391849914e-07,-9.60958112468398e-07,-4.932292462157366e-06,-2.8549908006060124e-07,-4.3784304800379714e-07,6.425528660066774e-07,-7.680049758160177e-07,-2.285862980592771e-05,-1.320209324347639e-06,-2.94299150532174e-07,-2.4776124248741e-07,6.6047614886988055e-06,-2.7438419492205025e-06,-1.0325755235831205e-06,-2.8984977755237224e-05,-1.2081669928270631e-06,-1.7536702324890308e-07,-6.778461964206991e-06,-2.6226928480971345e-07,-2.402823184055067e-07,-1.4914581587714646e-06,-8.672584952979788e-07,4.322817003103102e-08,-1.0379827405680947e-06,-1.991984868292222e-05,-1.4185598849003514e-07,-3.1522081595405834e-05,6.067170023585173e-08,-5.231046664420848e-07,-6.467431766017778e-06,-3.469397107191545e-07,-1.3148448140937458e-06,-4.1799315108469027e-07,-8.133409708415552e-07,-8.789888127434546e-07,-1.5896658273637268e-06,-4.086936741499291e-07,-5.518685970672502e-07,1.9745873935428778e-07,-3.3369092645180625e-07,-3.002892247632028e-06,-6.774697946201326e-07,-4.381279935631466e-07,-3.836761584032094e-07,-9.955988867992404e-08,-5.970153612658271e-07,-5.49264923172748e-07,-2.9444068557697388e-06,-6.076978489247129e-07,-4.358274028953561e-07,-2.0329270625189785e-06,-3.728492373787408e-07,-4.4830823175960714e-07,-4.187000532451258e-07,-7.714156271962589e-07,-9.576906733980728e-08,-4.343166933108853e-07,-2.524505726629849e-06,-1.002420534582801e-07,-3.904478879460039e-06,-8.584943380251918e-08,-4.815366910170878e-07,-1.458496729693194e-06,2.961989492759817e-06,movement,no movement,no movement,no movement
9033.333333333365,0.0289408441205771,0.3159122257349148,-0.2813234030666667,0.0369210381967551,0.3350711995095189,-0.272768488,0.0392082431504329,0.3351367799459349,-0.2612559186666667,0.0384780903836721,0.3350900047226661,-0.2664847664666666,0.0210704243473028,0.3444373995074906,-0.2964862158333334,0.022537912769119,0.3422938263652891,-0.3092755814333333,0.026845078363243,0.3323641669419954,-0.2893526932333333,0.0523677055788868,0.3405366122413673,-0.1664338885333333,-0.0484165512669955,0.303032009451217,-0.21780902,0.0443083864191028,0.3154963853410364,-0.2263240784333333,0.0191012090137719,0.2862110602958572,-0.2692930241,0.1071507217868358,0.224939205505898,-0.02777882461,-0.1199556646352627,0.2628592553692542,-0.0686101617499999,0.153023240722826,0.0617044819842141,-0.0054686147606666,-0.1592151893973063,0.0186640733019079,-0.1112294907199999,0.1544706660454771,-0.1044026046546485,-0.0286217969263333,-0.1027936774588945,-0.1356174856085155,-0.1573425696,0.1451815734142881,-0.1434161874397428,-0.0301523435414333,-0.0650855021261749,-0.1699741222312122,-0.2016844257333333,0.1170103815361965,-0.1459478978138381,-0.0482655986646666,-0.0283714004739419,-0.1387008079531157,-0.2129997088999999,0.1478029289358174,-0.1275845683021452,-0.0357327217443333,-0.0827894099111879,-0.1312761219942871,-0.171331272,0.0713418911705061,-0.1638571832279892,0.05842299604,-0.0686735744586568,-0.1660259591363479,-0.05756794539,0.0782186108626989,-0.4910134580883031,0.0475469691233333,-0.0385593528621762,-0.4363411332953835,-0.0830841828233333,0.0703530220101277,-0.7726554250002357,0.1947480254666666,-0.0852776250235021,-0.7760906878934296,0.0494261732299999,0.0539867646096721,-0.8025562419404045,0.2126755937666667,-0.0885076988709014,-0.8059057969394654,0.0211636322399999,0.1018514146827689,-0.8286524134427234,0.1766295588,-0.0627895867379509,-0.834890932174114,-0.0621787590833333,nijmegen_nijmegen_rennen_g_ch1_g11_compr.mp4,ch1g11,1.2038615961810482e-05,0.0001222310798745,2.9725701670308374e-05,5.5157229817503875e-05,3.610138543090714e-05,0.0001364584216842,2.967399420805066e-05,2.841483174476954e-05,3.0550579356043606e-05,2.8281718613242208e-05,0.0003213045261765,2.7965282989825964e-05,3.241436285614849e-05,2.833012598410208e-05,7.37508973714498e-05,2.6750764536824684e-05,3.047184829480658e-05,0.0003417766959427,2.5070314437518888e-05,3.3246970981367284e-05,0.0001592349927739,2.7589905476063655e-05,3.271808482277141e-05,2.0614929087691197e-05,3.2535991289918334e-05,8.628903059568581e-06,2.3811644759553314e-05,0.0002844246389617,2.133385877088236e-05,0.0003991973914795,8.46760873249256e-06,2.199503597678067e-05,0.0001316547837835,0.0003229850259687,4.107446159371672e-05,0.0002627016578704,0.000327567312024,0.0003110304738448,0.0003190114570736,0.0003576356532713,0.0003604222103026,0.0003483087618104,0.0002157410096121,0.0002439810593981,0.0002975669294578,0.000260637038342,-6.942585560883379e-05,-0.0002558834349891,-0.0005596660301895,-0.0005357258828395,-0.0046839609943465,-0.0018944976359809,-0.0055354911033897,-0.0021347784715907,-0.0065208685855778,-0.0025753302861598,-0.0052894263297393,-0.0021347136059483,7.310172833444168e-06,-6.961878260865005e-06,2.886600935026805e-05,-0.0004699445054625,-0.0002809096414896,-0.0004083437876177,-0.0003799430641456,-0.0004378549726648,-0.0004151289186977,-0.000457919078457,-1.8528569180871263e-06,-5.890328363002764e-06,-8.085273051944057e-07,-1.8065573257751936e-06,-2.1255321036364893e-06,-6.683517688195336e-06,-7.812138326882578e-07,-1.0928322356515078e-06,7.896127731734107e-07,-1.1359402300333943e-06,-2.5566475700325453e-05,-2.0552806627624817e-06,-8.230280507548897e-07,-7.186354364659829e-07,6.289960527852515e-06,-3.2726120619626502e-06,-1.6926060617365154e-06,-3.143133615476837e-05,-1.8635386983818812e-06,-6.969307218083196e-07,-8.968634713747204e-06,-7.05543407353425e-07,-7.842629818303334e-07,-1.9962585237180424e-06,-1.9126645927009128e-06,-7.3534935328472e-08,-1.547624426631362e-06,-2.217260905042561e-05,-2.565463354356268e-07,-3.498382062428674e-05,-4.509887636473707e-08,-1.0729287983477966e-06,-7.984350549300044e-06,-1.5113371467086609e-07,-1.395207274612172e-06,-3.7891245527024116e-07,-8.689799960823582e-07,-1.0281934840275064e-06,-1.6790655371882494e-06,-3.748324856858386e-07,-6.504130353567421e-07,1.1895861614211769e-07,-3.4105360331152013e-07,-2.6412088226873412e-06,-6.139258994697718e-07,-4.065075430809523e-07,-3.468391410591987e-07,-5.410334779318201e-07,-4.2372990268233185e-07,-6.381832299277353e-07,-2.3003891587682422e-06,-5.300649677814407e-07,-4.142583075587313e-07,-2.047191729996014e-06,-3.380411033814068e-07,-4.220625365529704e-07,-2.846622018829334e-07,-9.057319613385324e-07,-1.144812354854555e-07,-3.387438866798868e-07,-2.2276188011322824e-06,-1.1571155287758913e-07,-3.25753654064889e-06,-1.0442288034034646e-07,-3.91378043576621e-07,-1.408513712635327e-06,2.820768037276913e-06,movement,no movement,no movement,no movement
9050.00000000003,0.0293206737008569,0.3161793167906165,-0.2813578724333333,0.0373009858864662,0.3353985805596579,-0.2727333709333333,0.0395729047533858,0.335446453943524,-0.2611894306666666,0.0388652240133512,0.3354078400551709,-0.2664402845,0.0214881957849534,0.3447941387339925,-0.2965200792000001,0.0229460148176494,0.3426540833014302,-0.3093049844333332,0.0272816073527,0.3327130559385795,-0.2893822699666666,0.0523632545266375,0.3407404684238726,-0.1664311933999999,-0.0481396212761636,0.3032707365685514,-0.2182697097333333,0.0444946802536172,0.3157934715857845,-0.2263749922333333,0.0194034656744507,0.286472060791161,-0.2694461176333333,0.1066546691071614,0.2248651886696951,-0.0278549575,-0.119703504133926,0.2626021347523372,-0.0698788361833333,0.1518953502800885,0.061157787873277,-0.0033215288606666,-0.1584442324663491,0.0181350323904585,-0.1131078765,0.1551921519517233,-0.1088144478702534,-0.0235084129096666,-0.1020444848149584,-0.1374642944064341,-0.1580825205333333,0.1465133928654413,-0.1486135682780377,-0.0243221288247666,-0.0645781715989739,-0.1720329670222946,-0.2022184739,0.1183593154628965,-0.1521145232319272,-0.0427480084576666,-0.0277324033384214,-0.1411964588780832,-0.2133479192333333,0.1486460022974554,-0.1325901506381225,-0.0306376263599999,-0.082001910904739,-0.1333593422665298,-0.18143177,0.0712020466405279,-0.1638493303079038,0.0586414988466666,-0.0685310778586844,-0.1660336300443232,-0.0577851779933333,0.0777831220548041,-0.4910014786265121,0.0485152123066666,-0.0385455532055471,-0.4367974894744532,-0.08299267479,0.0699472652431238,-0.7729120183542484,0.1953718496666666,-0.0854082470812573,-0.7764736445304738,0.0495882203766666,0.0535827880978662,-0.8029084033804507,0.2132619475,-0.0886954609359716,-0.8063153315540155,0.0213173682666666,0.1015908837585505,-0.8290260877450328,0.1772001570666667,-0.0628027475039438,-0.8353097540115998,-0.0619705560866666,nijmegen_nijmegen_rennen_g_ch1_g11_compr.mp4,ch1g11,9.99527149496253e-06,0.0001156704717034,2.859936304262875e-05,5.280776120279424e-05,3.3769460085377946e-05,0.0001288495026561,2.858078335554748e-05,2.688541209727087e-05,3.1733292341961365e-05,2.7134712715859235e-05,0.0002933596084109,2.5452795676763e-05,3.1213235314982006e-05,2.731841469568056e-05,7.981334471719503e-05,2.3098132403848425e-05,2.834936580738251e-05,0.0003080122571128,2.2769102244364568e-05,3.2167499703047386e-05,0.0001487076552796,2.656979766857429e-05,3.154880157999322e-05,1.8366343287190243e-05,3.055143918608604e-05,8.474986745661062e-06,2.192583481002631e-05,0.0002602033210472,2.1121370179052593e-05,0.0003610470047129,8.349679989026006e-06,2.044989873982421e-05,0.0001227210610404,0.0003004068174098,3.810278799977032e-05,0.0002150958491155,0.0002816920985631,0.0002651060846083,0.0002726798682748,0.000311603841656,0.0003135148000261,0.0003043924205157,0.0001812593618004,0.0002220278508438,0.0002422102019811,0.0002126490905857,-0.0001244370546191,-0.000256427178178,-0.000672336958158,-0.0005225057308168,-0.0042857983691966,-0.0018155148350857,-0.0049800362701415,-0.0020028738935252,-0.0058701430887963,-0.0024203366011877,-0.0048234004351878,-0.0020378995195536,7.691472418614558e-06,-7.179803911324505e-06,1.7513880337324214e-05,-0.0004508752349302,-0.000250332228997,-0.0003690189397145,-0.000342217764045,-0.0003916865090342,-0.0003767504273218,-0.0003973441731179,-2.010155782889705e-06,-7.359649210296433e-06,-1.2022332107521291e-06,-2.818083452069537e-06,-3.1634781593929597e-06,-8.447943650870142e-06,-1.1741224111717071e-06,-1.7539922226427788e-06,8.604229001677232e-07,-1.4968205962823152e-06,-2.801879810508438e-05,-2.691516255679378e-06,-1.2425182883585065e-06,-1.0810101412808638e-06,5.445262934332056e-06,-3.662998409953493e-06,-2.344983573781179e-06,-3.339094418687717e-05,-2.4066951691291585e-06,-1.1238147782003705e-06,-1.1061584868661224e-05,-1.0521836055369918e-06,-1.222991354443465e-06,-2.292652865370327e-06,-2.821158108158942e-06,-2.0277823990439459e-07,-1.8879890648990305e-06,-2.4211104231242444e-05,-4.000236060928196e-07,-3.797252369640816e-05,-1.6324473011950068e-07,-1.4545382407560534e-06,-9.375986043945751e-06,9.96357147531042e-08,-1.3442577719852143e-06,-2.721014228448311e-07,-8.028159220470526e-07,-9.82799966147897e-07,-1.602741999283254e-06,-2.740682515617241e-07,-6.560633580001673e-07,4.158555237225469e-09,-3.147883343780845e-07,-1.990657688898582e-06,-4.326457046031046e-07,-3.038893176864401e-07,-2.46075425120927e-07,-9.673159225305382e-07,-1.6782447124166577e-07,-5.94863513193537e-07,-1.4115422191959116e-06,-3.479234106907641e-07,-3.2337998847701405e-07,-1.850258070696584e-06,-2.42965672742142e-07,-3.2303703293677153e-07,-8.251064776146182e-08,-8.699807528374229e-07,-1.2202709039399205e-07,-1.749108084298214e-07,-1.6867927463154688e-06,-1.1738441792805089e-07,-2.253362992796498e-06,-1.1327955198514137e-07,-2.24742097236488e-07,-1.2282371904914044e-06,2.496499995040757e-06,movement,no movement,no movement,no movement
9066.666666666695,0.0297061322186091,0.3164232505048545,-0.2811512961666667,0.0376791739977934,0.3357105393079316,-0.2724553321666666,0.0399368461862423,0.3357424439056276,-0.2608814266666667,0.039249900325041,0.3357117016779494,-0.2661527854666666,0.0219100988792458,0.3451372005254612,-0.2963308334666668,0.023358064207264,0.3429983999244819,-0.3091082464,0.0277205404174188,0.3330464666537307,-0.2891906420333333,0.0523515098062021,0.340942276836784,-0.1661763487999999,-0.047887627625422,0.3035079019470826,-0.2185670638999999,0.0446752427856542,0.3160635651292135,-0.2261775652666666,0.0196964723923213,0.2867075352111562,-0.2693761785333333,0.1061439124150036,0.2247577601509467,-0.02761099904,-0.1194524872230775,0.2623472989137216,-0.0710212887166666,0.1506906487728783,0.0604747564779367,-0.0010750077606666,-0.1577086452600446,0.0176110758432697,-0.11485563344,0.1558130365542761,-0.1130405281265458,-0.018317328393,-0.1014524320648409,-0.139269696463054,-0.1587007483666666,0.1477347559853708,-0.1535084703987657,-0.0183986097347666,-0.0642527259339924,-0.1740197570789737,-0.2026186058333333,0.1197001987434366,-0.157933557258155,-0.0371573985986666,-0.0272757784657119,-0.1436232169586772,-0.2135182737999999,0.1494504585947903,-0.137348726594138,-0.0254684059199999,-0.0813925891290711,-0.1353890720982481,-0.181568578,0.0710575027045477,-0.1638417174031839,0.0588737575333333,-0.0683838855561437,-0.1660409172794708,-0.05801724967,0.0773481365548668,-0.4909907468711299,0.0493969791433333,-0.0385003187211493,-0.4372361007381276,-0.08306910041,0.069526966387367,-0.7731666467895322,0.1957579000333333,-0.0855317079963082,-0.7768488365225437,0.0496474587,0.0531604429748776,-0.803252968086609,0.2135853797,-0.0888789106218085,-0.8067173599078222,0.0213701666166666,0.1013011987748833,-0.8293998871521482,0.1775265754666667,-0.0628090335426725,-0.8357172622320794,-0.0618435415699999,nijmegen_nijmegen_rennen_g_ch1_g11_compr.mp4,ch1g11,7.868118165268924e-06,0.0001077675710206,2.718920152437506e-05,4.9542691554436e-05,2.9926004105916136e-05,0.0001196981523801,2.720327413141027e-05,2.466382626513563e-05,3.290889853329949e-05,2.5523284726592417e-05,0.0002641518375089,2.2236863717021887e-05,2.973014609433497e-05,2.6053561885897245e-05,8.49439240606098e-05,1.8994618034759574e-05,2.5717426431193113e-05,0.0002737126804484,1.9890827631848123e-05,3.07910639891624e-05,0.0001366514848561,2.53420196525785e-05,3.0076902827824942e-05,1.596086905597532e-05,2.7222301107248884e-05,8.214047006961218e-06,1.9857534219086932e-05,0.000234961683093,2.071854079614764e-05,0.0003217027211914,8.13575849714064e-06,1.8648452653221876e-05,0.000112653543683,0.0002765696845405,3.37149625752961e-05,0.0001612687837112,0.0002283500336322,0.0002116062250736,0.0002185218349696,0.0002572381905471,0.0002584204118269,0.0002530957838181,0.0001382294187489,0.0001927135948467,0.0001801719739312,0.000158433949356,-0.0001799657316835,-0.0002587034656896,-0.0007689734894194,-0.0005080661132442,-0.0038724511263062,-0.001714860890571,-0.0044223166601159,-0.0018500448061405,-0.0052057417511534,-0.0022384092864726,-0.0043393007786688,-0.0019156773518734,8.128689006339027e-06,-7.468057421110998e-06,9.181767521247823e-06,-0.000424064604987,-0.0002068802437868,-0.0003150210369906,-0.0002897672761747,-0.0003298383488285,-0.000322991854957,-0.0003221444931799,-1.9034457816190492e-06,-8.71078239207714e-06,-1.4769702586473772e-06,-3.6965092087313465e-06,-4.161243006363474e-06,-1.0057121420223889e-05,-1.4539902300545732e-06,-2.438526594000334e-06,8.029514222872962e-07,-1.8126768682643304e-06,-2.995942034041122e-05,-3.1366210094412915e-06,-1.5537611999304983e-06,-1.33253752111403e-06,4.129092505867358e-06,-3.8317153758588944e-06,-3.0156066925674067e-06,-3.465407242394376e-05,-2.7555154163480553e-06,-1.453681581745298e-06,-1.2918760211367966e-05,-1.299512013638039e-06,-1.5580452788781964e-06,-2.3599287365738298e-06,-3.6977693896809457e-06,-3.425096346073471e-07,-2.038785065536713e-06,-2.5860127776995212e-05,-5.359958214258344e-07,-4.015111519591479e-05,-2.929748369506705e-07,-1.636770194697024e-06,-1.054539544616296e-05,3.660725658916924e-07,-1.1664273074838123e-06,-1.2305319040594648e-07,-6.34487626346619e-07,-7.426156641818993e-07,-1.374183307906829e-06,-1.307183710517852e-07,-5.72454318719778e-07,-1.2019977527518108e-07,-2.4945161674848764e-07,-1.151490302902875e-06,-1.5891635863684299e-07,-1.5596583505091366e-07,-1.0594594886215529e-07,-1.3264437458971702e-06,1.3510045330577414e-07,-4.290811745255276e-07,-4.000661918537262e-07,-8.84143234110326e-08,-1.8757165289483437e-07,-1.4864702825889755e-06,-1.1232218601307569e-07,-1.761161845115745e-07,1.5282134498364024e-07,-6.611273623043705e-07,-1.1745544627685713e-07,2.470678660149472e-08,-9.910744945485004e-07,-1.0404308004419077e-07,-1.0288412378240474e-06,-1.1142178411099921e-07,-1.7822693434005354e-08,-9.460199867801904e-07,2.122453503944241e-06,movement,no movement,no movement,no movement
9083.33333333336,0.0300724859068695,0.3165754438706347,-0.2811628535333333,0.0380506937605993,0.3359302605749411,-0.2723961646333332,0.0402942865575204,0.3359449321651194,-0.2607954142000001,0.0396251650933104,0.3359213817515356,-0.2660774154,0.0223211813523182,0.3453833581226149,-0.2963645170333334,0.0237613989452236,0.3432467139363305,-0.3091392527333333,0.028148144465917,0.3332912250930949,-0.2892218201999999,0.0523410050207642,0.3410625486756748,-0.1660862678,-0.0476582769890217,0.3036883324894067,-0.2190275053333333,0.0448352715731408,0.3162224152858194,-0.2261841655,0.0199554076917324,0.2868482486782439,-0.2695185720333333,0.1056421008269434,0.2245303466506188,-0.0274055217766666,-0.119242958186618,0.2620778407535756,-0.07219089154,0.1494990098920499,0.0596081027383188,0.0008871938459999,-0.1570902664266671,0.0170848279449441,-0.1166083666233333,0.1563929098406148,-0.1169126986818362,-0.0139223801529999,-0.1010615751835735,-0.140970042336021,-0.1594360109,0.148868996643117,-0.1578741053340472,-0.0133568454414333,-0.0641272423835382,-0.1758211905984965,-0.2032283727666667,0.1210369221096666,-0.16302788280261,-0.0323874770696666,-0.02700098367423,-0.1457970379160204,-0.2138908306333333,0.1502260978699948,-0.141657488187279,-0.0210900164553333,-0.0809750759154728,-0.1372821929085348,-0.180552676,0.0709269684051904,-0.1638328903717871,0.0591072401033333,-0.0682526069163309,-0.166048825389638,-0.0582503480366666,0.0769481656200181,-0.4910020275687262,0.0502726260133333,-0.0384666865558821,-0.4376556361701132,-0.0831607082766666,0.0691639742376271,-0.7734153706646095,0.1963401614333333,-0.0856366352805854,-0.7771682883306565,0.0497331251033333,0.0527940971022155,-0.8035879705878106,0.2141465047666667,-0.0890374163673689,-0.8070502208522511,0.0214498027066666,0.1010042380215786,-0.8297727993093515,0.1780238595,-0.062807982943995,-0.8360522466165586,-0.0617412038733333,nijmegen_nijmegen_rennen_g_ch1_g11_compr.mp4,ch1g11,5.964246317591897e-06,9.843012624013044e-05,2.5496442873276915e-05,4.549420827551321e-05,2.4893410723075627e-05,0.0001088884171801,2.5538628338276763e-05,2.190959731801876e-05,3.377329577683631e-05,2.3544192111105656e-05,0.0002338421117592,1.8682565383761898e-05,2.7969242099698984e-05,2.4517398851532503e-05,8.862226983510553e-05,1.4969909692012957e-05,2.244389971462738e-05,0.0002393562714981,1.6792020839882752e-05,2.9115406067823804e-05,0.0001229258894555,2.3860285995355147e-05,2.8300808247864575e-05,1.3506799856630323e-05,2.274884823188302e-05,7.818833179747475e-06,1.767966794862615e-05,0.0002087664021296,2.0148853997945837e-05,0.0002815288071707,7.795269905171064e-06,1.6820250939145014e-05,0.0001016044715501,0.0002513872115027,2.827511378870656e-05,0.0001060475279961,0.0001717205357463,0.0001549859828272,0.0001609960612228,0.0001989597243291,0.0001997816958074,0.0001986205896561,9.012602945246722e-05,0.0001598320779776,0.0001160404293668,0.000102822687333,-0.000231711253071,-0.0002613722631791,-0.0008469497880599,-0.000491833888125,-0.0034444945040405,-0.0015884116981847,-0.0038683480019599,-0.0016762907512169,-0.0045337327765988,-0.0020254134947063,-0.0038394365073172,-0.0017637939932478,8.70030705986693e-06,-7.89454421489289e-06,4.6785878526025995e-06,-0.0003914562458177,-0.0001561061091425,-0.0002537473823057,-0.0002288236032051,-0.0002604356225372,-0.0002586622747814,-0.0002393150634541,-1.4054502693728582e-06,-9.805985273861793e-06,-1.5370447067201388e-06,-4.293311645921945e-06,-4.869333281656961e-06,-1.1342098983008426e-05,-1.5267545317345553e-06,-3.019322492032611e-06,6.058480011733918e-07,-2.0442178144433924e-06,-3.10083418822601e-05,-3.2029637168594053e-06,-1.6511426741707436e-06,-1.3785621191806757e-06,2.52260855069481e-06,-3.6410950354208856e-06,-3.5452375749712263e-06,-3.487373220678852e-05,-2.7579119604961378e-06,-1.5899625785710849e-06,-1.4235971490529624e-05,-1.3549456933644084e-06,-1.6767800772762403e-06,-2.0754556021975564e-06,-4.308486326849315e-06,-4.557556258295395e-07,-1.9039508752457544e-06,-2.6798186565739643e-05,-6.443203607900189e-07,-4.092364958560633e-05,-4.0111497768027643e-07,-1.5595041804999508e-06,-1.1344007462004147e-05,6.006224945801777e-07,-8.546157216328616e-07,4.6154189065816255e-08,-3.837586075974684e-07,-3.332342953576858e-07,-9.89660973317445e-07,3.4296698443915484e-08,-4.154942318861533e-07,-2.2621258999492769e-07,-1.4719151204529997e-07,-1.726482036836028e-07,1.6640514020743105e-07,1.542775725395963e-08,5.310934477354389e-08,-1.5720600645123894e-06,4.346981276070143e-07,-1.4883999966164742e-07,6.678656527818649e-07,2.086410198810799e-07,-2.6653242987205923e-08,-9.621119375252738e-07,3.660689613123402e-08,-3.185842409335461e-09,3.852111081905525e-07,-2.99491641748778e-07,-1.0002209467675013e-07,2.2980481882321527e-07,-1.7811796372498368e-07,-7.709226121411122e-08,3.370352116379041e-07,-9.766210607957176e-08,1.9030204494624153e-07,-5.713254118832345e-07,1.8386782089325577e-06,movement,no movement,no movement,no movement
9100.000000000027,0.0304364219903218,0.3165959081723516,-0.2814618870666667,0.0384343391009813,0.3360157474229666,-0.2726262872333332,0.0406662907907587,0.3360129012472045,-0.2610004005333334,0.0400106334896473,0.3359949047413497,-0.2662880532666667,0.0227393119484682,0.3454938920022479,-0.2966947154,0.0241744088856723,0.3433586917132202,-0.3094727466666667,0.0285834283366741,0.3334073820609292,-0.2895472595666666,0.0523473307726742,0.3410815103664888,-0.1662404496333333,-0.0474325211246115,0.3037994441709715,-0.2197283923666666,0.0449947559116922,0.3162434564504917,-0.226464429,0.0201998545952743,0.286869646322571,-0.2699408838666667,0.1051573833883513,0.2242156487699003,-0.0273098607933333,-0.1190599642661508,0.2618001168111903,-0.0734757097666666,0.1483170656947108,0.0586499645765648,0.002611224916,-0.1566272394273586,0.016572750471915,-0.1183090699366666,0.1568314968013689,-0.1202156940576724,-0.0101215503329999,-0.1008644939372273,-0.1424818349485367,-0.1602095530333333,0.1497677114304807,-0.1615211171117792,-0.0089987311247666,-0.0641697646123118,-0.1773866120290511,-0.2038924037666666,0.1222331011626581,-0.1672266343089519,-0.0282559294199999,-0.0269050871535596,-0.1476583928264822,-0.2143360450666666,0.1508648874834305,-0.1452953643017148,-0.0173086567899999,-0.0807532311697489,-0.1389460967788617,-0.179794952,0.0708057865213527,-0.163824213444064,0.0593418785033333,-0.0681317859391458,-0.1660564038853996,-0.0584847880066666,0.0765941646643119,-0.4909963954497806,0.05113918373,-0.0384363133570029,-0.4380121556485045,-0.0832871100333333,0.0688382703403082,-0.7735649006512523,0.1969699754,-0.0857395660412903,-0.7773737840213107,0.0497789742399999,0.0524620709520548,-0.8038089231291407,0.2147639051,-0.0891945638613735,-0.8072553083090768,0.0214894955499999,0.1007468850908364,-0.8300416813245829,0.1786055929,-0.0628344515942616,-0.8362576665815226,-0.0616807823966666,nijmegen_nijmegen_rennen_g_ch1_g11_compr.mp4,ch1g11,4.423405972141604e-06,8.76501494309599e-05,2.3593174793018055e-05,4.060844281822885e-05,1.8912858385034332e-05,9.646648624993636e-05,2.3651361595287103e-05,1.8474575430578065e-05,3.408747064751318e-05,2.1260996430788e-05,0.0002022211952189,1.4934340250931874e-05,2.5978697602668937e-05,2.2770625034682713e-05,9.008003764677832e-05,1.1136997012108924e-05,1.8330028367455207e-05,0.000204441535597,1.3601710852259916e-05,2.7181639992088333e-05,0.0001077193858652,2.2210357669830015e-05,2.6267480703996026e-05,1.1195625037782814e-05,1.738204977021304e-05,7.30907435963108e-06,1.5551362982925547e-05,0.0001815218740706,1.9366585382145376e-05,0.0002400153363896,7.340285993963583e-06,1.5036775097855095e-05,8.956901347448114e-05,0.0002244909759254,2.207129793017729e-05,4.976932761316397e-05,0.00011186424856,9.527308068997076e-05,0.0001001751097655,0.0001369778499026,0.0001378061315683,0.0001408206913774,3.598087424098636e-05,0.0001219025252122,5.0873438653386454e-05,4.653400105250279e-05,-0.0002805500802928,-0.0002640233658018,-0.0009057457312214,-0.0004707034689578,-0.0029993466285718,-0.0014350751194735,-0.0033087653321701,-0.0014822997707177,-0.0038481613523485,-0.0017841207326223,-0.0033201304555068,-0.0015820042914182,9.183726230120631e-06,-8.265013737731655e-06,1.0353528617778798e-06,-0.0003535501834415,-0.0001039160574029,-0.000191916523453,-0.0001656413831366,-0.000191077441049,-0.00019309703358,-0.0001576387819803,-5.504062708163238e-07,-1.046084536476888e-05,-1.3782252697124043e-06,-4.47240667628336e-06,-5.085807827035867e-06,-1.2083664068905358e-05,-1.3828721471001286e-06,-3.404758824227603e-06,3.0510695962189857e-07,-2.11475319630119e-06,-3.073107856792421e-05,-2.8327419017209634e-06,-1.5195607564083035e-06,-1.2197619114191582e-06,8.250802108253594e-07,-3.0199458978732177e-06,-3.624155494574929e-06,-3.370864596568682e-05,-2.353792995656174e-06,-1.5116293604736505e-06,-1.4836706139456027e-05,-1.2170585926638465e-06,-1.5619209184910069e-06,-1.4851569624479931e-06,-4.495404076753153e-06,-5.390182037582648e-07,-1.511318566370142e-06,-2.664049918637336e-05,-7.146240178208037e-07,-3.98809827824285e-05,-4.845446830717897e-07,-1.2299795889970104e-06,-1.1673854447439428e-05,7.601645177248437e-07,-4.373567376630563e-07,2.081756833431461e-07,-8.04118850051046e-08,1.771243406540642e-07,-4.867808173229482e-07,1.943429442715777e-07,-2.0142213873304546e-07,-2.9516004729075133e-07,-2.4583158964505538e-08,8.813653358991899e-07,4.860235661267875e-07,1.841856319180021e-07,2.0518946923078962e-07,-1.669528086508109e-06,6.844794009361003e-07,2.0212810694484737e-07,1.7368999191650544e-06,4.89934223432161e-07,1.350399475894479e-07,-3.3222855920169826e-07,1.7937227620150786e-07,1.6931526548793366e-07,5.744690731184178e-07,1.5288182086571446e-07,-7.167019517064425e-08,4.063896165378958e-07,6.993424546449845e-07,-3.613337352688112e-08,1.7539377853708187e-06,-7.33241058673719e-08,3.688854418513397e-07,-1.3612947481504026e-07,1.8639074246693812e-06,movement,no movement,no movement,no movement
9116.666666666692,0.0307720094766254,0.3165702635926893,-0.2820623551666666,0.0387882019884828,0.33605422499403,-0.2731913243666666,0.0410098006424665,0.3360333787222089,-0.261540365,0.0403643673645437,0.336019774002618,-0.2668275518,0.0231263040633467,0.3455530231616376,-0.2973653113666667,0.024557977166465,0.343417901884718,-0.3101491223000001,0.0289875795422903,0.3334739190381973,-0.2902114460333333,0.052346060807,0.3410718938665991,-0.1667493376999999,-0.0472407661504814,0.3038797705147914,-0.2207726478333333,0.0451330646324259,0.3162185937620585,-0.2270420019666667,0.0204151169916746,0.2868466996984737,-0.2706656848,0.1046592263519421,0.2238978282677004,-0.0273966290733333,-0.1188933856427815,0.2615319525053846,-0.07487893498,0.1471301420499229,0.0576999120516528,0.004169845276,-0.1562266913423382,0.0161319499293692,-0.1199921295266666,0.15712475423148,-0.1228796836428344,-0.0063910616096666,-0.1007506271053839,-0.1438185608389564,-0.1609959374666666,0.1504261538214116,-0.1644420239426018,-0.0046995152614333,-0.064272534468352,-0.1787480112936776,-0.2045845135,0.123227712318799,-0.1706083928343909,-0.0241690732639999,-0.0269042362227048,-0.1492881079339081,-0.2148203566333333,0.1513540738976757,-0.1482420149349478,-0.0135899881716666,-0.0806239584957454,-0.1404114421415425,-0.179284364,0.0706889898426586,-0.1638149600411274,0.0595773796833333,-0.0680163526432379,-0.1660644294979223,-0.0587203242033333,0.0762730626409568,-0.4909886925563175,0.05211451744,-0.0384117907050895,-0.4383604133767318,-0.0834211295866666,0.0685667770038996,-0.7736019757228745,0.1979082573333333,-0.0858452949712045,-0.7775378259997491,0.0499085593333333,0.0521831617341494,-0.8038965454858259,0.2157102420666666,-0.0893541924294722,-0.8074118671145458,0.0216367176266666,0.1005302261851125,-0.8301774564658677,0.1795200831,-0.0628793370031102,-0.8363696868885225,-0.0615648947066666,nijmegen_nijmegen_rennen_g_ch1_g11_compr.mp4,ch1g11,3.932418162735216e-06,7.641270044518255e-05,2.204437489654704e-05,3.580856252602415e-05,1.3369127630006985e-05,8.356460802698819e-05,2.2094801021918993e-05,1.4788826032715668e-05,3.37847493997551e-05,1.8820140393695373e-05,0.0001721535053851,1.1937666057800342e-05,2.429583240212918e-05,2.1373275950615985e-05,8.94282211865181e-05,8.245484413484804e-06,1.443196455680961e-05,0.0001720383900064,1.1132504506162696e-05,2.5513358131468777e-05,9.211879064301528e-05,2.081597671891829e-05,2.4524628234025092e-05,9.595949238924487e-06,1.2436680638922567e-05,6.695571259305614e-06,1.3971164053776197e-05,0.0001554398835082,1.857447626182345e-05,0.0002013129917814,6.782687270726578e-06,1.3917372051346278e-05,7.741929396251369e-05,0.000198192124135,1.6691425400315102e-05,-4.8865461436678295e-06,5.187869503300363e-05,3.533397036118139e-05,3.9175830933157855e-05,7.430851921986851e-05,7.554122813611676e-05,8.264239569057403e-05,-2.037782023585675e-05,8.242875049214982e-05,-1.2240382010287948e-05,-7.610650288494636e-06,-0.0003221680719006,-0.0002651160815611,-0.0009438361097672,-0.0004467951898747,-0.0025726492238298,-0.0012675254033604,-0.0027890326411243,-0.0012818901832072,-0.0032096473441819,-0.0015317622732149,-0.0028265531622511,-0.0013860241996679,9.637929884330677e-06,-8.607151740859258e-06,-2.810650827980137e-06,-0.0003131032428014,-5.576314681337539e-05,-0.0001364852942395,-0.0001060310575431,-0.000129383288348,-0.0001311465777108,-8.362337476856585e-05,4.422496195460926e-07,-1.0666167847490714e-05,-1.028158819371433e-06,-4.280654534970404e-06,-4.69103310768395e-06,-1.2283946130402893e-05,-1.049833026485144e-06,-3.5570559762465444e-06,-6.493967428890136e-08,-2.1035916199121984e-06,-2.907441852223695e-05,-2.1653267006596414e-06,-1.18593195187348e-06,-8.812720862469213e-07,-8.445146974963861e-07,-2.110054849221561e-06,-3.222265065261847e-06,-3.117378391995057e-05,-1.6848342441563768e-06,-1.236408892690096e-06,-1.4789169137709792e-05,-9.131801633318027e-07,-1.2390525789388874e-06,-7.183502412988119e-07,-4.1539039909570545e-06,-5.908593095760241e-07,-9.372482541512064e-07,-2.5265552368609477e-05,-7.322227669989746e-07,-3.710553647336549e-05,-5.414187979900375e-07,-6.85844251058629e-07,-1.1560748689913598e-05,7.96874441947045e-07,1.3506020928327024e-08,3.253200868128001e-07,2.066333422963099e-07,6.753757570223215e-07,5.0533810772116146e-08,3.125203267515823e-07,3.8127626934765135e-08,-3.207863185142052e-07,9.690571925417625e-08,1.842808632661408e-06,7.196038440310734e-07,3.128386911319477e-07,3.136900004663442e-07,-1.6267077895314024e-06,8.2506762681813e-07,5.359012477501066e-07,2.6437286998933383e-06,6.841307305118174e-07,2.616573413915856e-07,3.112254084898001e-07,2.855978968973394e-07,3.030049723742909e-07,6.777450126956091e-07,5.949942242789561e-07,-3.560447927814808e-08,5.165736371671714e-07,1.5057800577918403e-06,5.263634103317421e-09,2.990836644552541e-06,-4.1202195198617566e-08,4.755487766817717e-07,2.944634744369245e-07,2.2263044638403795e-06,movement,no movement,no movement,no movement
9133.33333333336,0.0310971120313199,0.3165064805505537,-0.2826364293666666,0.0391328157533997,0.3360511270344894,-0.2737430656999999,0.041343608282303,0.3360147860491472,-0.2620650398333333,0.0407086073615921,0.3360045953099128,-0.2673563999666667,0.0235087353541032,0.3455742562089131,-0.2980121419666667,0.0249366980475174,0.3434377373759873,-0.3108002732666667,0.0293862526846209,0.3335027883116065,-0.2908528685,0.0523387288782846,0.3410221787632399,-0.1673064335333333,-0.047047726808435,0.3039335222227566,-0.2218266818333333,0.0452606879058874,0.3161478263367773,-0.2276127984,0.0206246825487953,0.2867852030916569,-0.2713714589333333,0.1041635372494799,0.2235504001804172,-0.0275935621366666,-0.1187430848945424,0.2612588614176632,-0.0762495312433333,0.1459440455605534,0.0567611451953889,0.0055719154959999,-0.155902974896422,0.0156974959011601,-0.1213881549966666,0.1573595056119772,-0.1251597699701102,-0.0029329817896666,-0.1006969182036989,-0.1450700393231119,-0.1616686811666667,0.1510008867639219,-0.1668762613049361,-0.0007156736747666,-0.0644109594426577,-0.1799918060615835,-0.2052033194666666,0.1241534190065902,-0.1734130066949228,-0.0203683653289999,-0.0269587004867719,-0.1507586424174832,-0.2152593642333333,0.1517895612694889,-0.1507377641044709,-0.0101431405003333,-0.0805610795802434,-0.1417605890308674,-0.179029927,0.0705796049636753,-0.163805606194221,0.0598090721266666,-0.0679087858463959,-0.1660727295017665,-0.0589523417433333,0.0760532105110062,-0.4909845616674272,0.0529875081166666,-0.038381558866356,-0.4386737013566651,-0.0835849996433333,0.0683701025608234,-0.7736283034355349,0.1988360955333333,-0.0859006750880641,-0.777660037322153,0.05021230038,0.051972290535772,-0.8039672676745347,0.2166545400666666,-0.089450691897312,-0.8075245837278318,0.0219955848366666,0.1004020436351725,-0.8303098275136662,0.1804433540666666,-0.0629025177775604,-0.8364276160199474,-0.0612227293866666,nijmegen_nijmegen_rennen_g_ch1_g11_compr.mp4,ch1g11,4.658033396822314e-06,6.570575842089944e-05,2.1136548726932703e-05,3.138576816942234e-05,8.810778708774985e-06,7.122405848356588e-05,2.1144646159847308e-05,1.1078226392546536e-05,3.3285313781536315e-05,1.6622095942928083e-05,0.0001442480343192,1.026223740917307e-05,2.324619745106692e-05,2.060222494192973e-05,8.759457935785894e-05,6.855494876352592e-06,1.1062692560917982e-05,0.0001426129339862,9.923476615361711e-06,2.4399760386512156e-05,7.758027884777033e-05,2.0000398156173628e-05,2.3414244467753952e-05,9.131855271195962e-06,8.384141244243912e-06,6.0530656829224065e-06,1.327994283335073e-05,0.0001312352265663,1.7719873333078213e-05,0.0001661454490691,6.187209013532657e-06,1.3589185776925732e-05,6.627373185932205e-05,0.0001737751655388,1.2991120526692938e-05,-5.4828083401007296e-05,-4.690169429481657e-06,-2.096125777057568e-05,-1.8032524084123277e-05,1.619406207027429e-05,1.7900207267897037e-05,2.838260487318169e-05,-7.65360625288881e-05,4.475920509096654e-05,-6.930631412532635e-05,-5.568163054077538e-05,-0.0003591602357895,-0.0002625470682612,-0.0009704749999394,-0.0004207876052218,-0.0021762591861919,-0.0011012056109375,-0.0023167150494029,-0.0010948483842777,-0.0026342777404498,-0.0012934647437176,-0.0023692460741212,-0.0011923768023662,9.866997965156368e-06,-8.737246587020398e-06,-3.7737046028386977e-06,-0.0002754708341178,-2.2814659679296437e-05,-9.905464194457704e-05,-6.160849356227296e-05,-8.781927762984996e-05,-8.350877967433722e-05,-2.6702742628386065e-05,1.3569129088266365e-06,-1.04942140603296e-05,-5.639641542956781e-07,-3.846115435007416e-06,-3.756328203988132e-06,-1.2007953786522212e-05,-5.984046063684098e-07,-3.370209181753676e-06,-4.6096336350996115e-07,-1.9567102659773288e-06,-2.6499501227155055e-05,-1.227854551373906e-06,-7.257966898964223e-07,-4.338623677077756e-07,-2.420160365123836e-06,-1.065002538123337e-06,-2.449571131504037e-06,-2.7822860933051703e-05,-7.997372780274766e-07,-8.317380931735226e-07,-1.4163139797112954e-05,-5.079966642760114e-07,-7.848553525053676e-07,8.772896221693059e-08,-3.3213868551257297e-06,-6.059938395572394e-07,-2.964587144916847e-07,-2.3127671662339855e-05,-7.113560648242422e-07,-3.318954319379858e-05,-5.650264113241403e-07,-5.3365733943022626e-08,-1.1098268361126736e-05,6.978113878858353e-07,4.312077717467502e-07,3.76480546937512e-07,4.279280115965395e-07,1.0872231266861384e-06,5.468268221472105e-07,3.678458625873194e-07,2.7662243284178937e-07,-3.17601877271524e-07,1.9080939770485705e-07,2.6232708914473095e-06,8.249410102430357e-07,3.782984177989027e-07,3.583934281150164e-07,-1.496512044526526e-06,8.291914160694003e-07,8.08750982670063e-07,3.3182631680396647e-06,7.535094390004187e-07,3.317585590284935e-07,8.787085931781689e-07,3.340784321388322e-07,3.7368277498223026e-07,6.684368724855089e-07,9.621839797119158e-07,2.759690867045748e-09,5.374757903055968e-07,2.162249743655007e-06,4.0001301877476915e-08,3.939756954203083e-06,-6.0491727624979874e-09,4.947732229059002e-07,6.613549364209984e-07,2.6988765771840833e-06,movement,no movement,no movement,no movement
9150.000000000024,0.0314242357908596,0.3164223961743524,-0.283222648,0.0394821644176292,0.336007001713284,-0.2743096882999999,0.0416832521662843,0.3359562524378122,-0.2626099052666667,0.0410567498470281,0.3359481209568249,-0.2679031980666667,0.0238970278354,0.345554307156725,-0.2986673758333333,0.0253226763191236,0.3434190590903652,-0.3114614417666668,0.029790674362409,0.3334960656543431,-0.2915025183999999,0.052360621578623,0.3409028415373393,-0.1679043515666666,-0.046827935891465,0.3039479552300608,-0.2228807437666666,0.0453942606944345,0.3160449879492634,-0.2282125046,0.0208393680905252,0.2867039467192614,-0.2720979342333333,0.1037576862396172,0.2231766155759897,-0.0278318889499999,-0.1186133365184896,0.2609673932900645,-0.07759923422,0.1448894678597518,0.0558127700690878,0.006559380336,-0.1556148647972289,0.0152629299414325,-0.1227015607333333,0.1575175520875766,-0.1270507680390552,-0.0006163478466666,-0.1006948733338851,-0.1460477959234393,-0.1623592884,0.1514029883578932,-0.1688649668045695,0.0019549784019,-0.0645841039335518,-0.1809381370664904,-0.2058481960333333,0.1248705530606894,-0.1756130270924556,-0.0178466010603333,-0.0270600710552227,-0.1518443569397773,-0.2157639488666667,0.1521122250123156,-0.1527795680586835,-0.007850696614,-0.0805507640952233,-0.1428037669967117,-0.178811133,0.0704829487171439,-0.163794592809417,0.0600277376033333,-0.0678146831104697,-0.1660826047924087,-0.0591714790866666,0.0759868177909023,-0.4909716759828759,0.0538458703233333,-0.0383496492423742,-0.4389254524090275,-0.0837520379366666,0.0683735418769743,-0.7735659475547811,0.1999654639666666,-0.085767901578381,-0.7776976029261294,0.0504961121166666,0.0519723779406728,-0.8039369860424315,0.2178182015666666,-0.0893247793506026,-0.8075444175620838,0.0223353408433333,0.1005439766669917,-0.8302693400634709,0.1814647333,-0.0628286908631568,-0.8363551810829252,-0.0610179476933333,nijmegen_nijmegen_rennen_g_ch1_g11_compr.mp4,ch1g11,6.634593176217858e-06,5.56515631285312e-05,2.1037393629866693e-05,2.754976715571548e-05,5.681811330746845e-06,5.975400441333468e-05,2.0985955258385475e-05,7.841939371692154e-06,3.264511901934635e-05,1.4889054692048903e-05,0.0001190010708705,9.84965527878786e-06,2.29760535758858e-05,2.0623725429406855e-05,8.431428252409987e-05,6.421469135313092e-06,8.77171147831031e-06,0.0001163164866168,9.87266437139665e-06,2.3997277616328063e-05,6.44149284592761e-05,1.9932462348133982e-05,2.308841762504121e-05,9.853650949212495e-06,5.631744501798877e-06,5.45155743911904e-06,1.3535304090541666e-05,0.000109122831642,1.67755075948008e-05,0.0001349577277085,5.623445748255124e-06,1.408411480022215e-05,5.595376866052771e-05,0.0001512374846793,1.1366004043804783e-05,-9.766655870351348e-05,-5.438075001623903e-05,-7.033845322331767e-05,-6.812366266766812e-05,-3.384858491448136e-05,-3.167019845967127e-05,-1.857717732575508e-05,-0.000128026318333,1.3040363801206166e-05,-0.0001178179540686,-9.535786479812064e-05,-0.0003899258444246,-0.0002528396848586,-0.0009749711135014,-0.0003879070508304,-0.0018121720573551,-0.0009371603930094,-0.0018904199597978,-0.0009186306384662,-0.0021226687216434,-0.001073348384209,-0.0019542320568095,-0.0010050418681359,9.919908158417995e-06,-8.70765938718143e-06,-2.358140192580071e-06,-0.0002452559514264,-3.2865145442265187e-06,-7.978212411015443e-05,-3.1746137859574726e-05,-6.634161069125059e-05,-4.687383178278208e-05,1.3514897882703116e-05,1.9990488411235477e-06,-9.7902921019033e-06,-1.231571297226945e-07,-3.2862049990134907e-06,-2.297314987628202e-06,-1.112652193510863e-05,-1.646988732165082e-07,-2.814547425072348e-06,-7.778547706315676e-07,-1.7025240068658744e-06,-2.3243201712247987e-05,-2.251813203567708e-07,-2.735456988085013e-07,-1.51405807569938e-08,-3.7451910758313383e-06,-1.65247828817782e-07,-1.430044893881209e-06,-2.3956096118679157e-05,8.776032344143709e-08,-4.239564996509e-07,-1.285830398748228e-05,-1.1765857536963061e-07,-3.3282750132465305e-07,7.715277593749447e-07,-2.0675934983076604e-06,-5.788947296850732e-07,2.788322942082715e-07,-2.0425402957335615e-05,-6.783413189419887e-07,-2.844147107455321e-05,-5.491387261063304e-07,5.046196665201917e-07,-1.0178702419218324e-05,4.657929361391785e-07,7.71249712841304e-07,3.445913242958032e-07,5.53449378282383e-07,1.3332632469563094e-06,9.452731225898453e-07,3.420009966524991e-07,4.674798173898515e-07,-2.984979214910219e-07,2.3809519287465538e-07,3.150875216305191e-06,7.875202413462754e-07,3.624925304466218e-07,3.226783768849819e-07,-1.2997115381405437e-06,7.101545258206384e-07,9.469856477841736e-07,3.716034603182126e-06,6.898809989355355e-07,3.2689485641852514e-07,1.304578420509529e-06,3.0939219324740573e-07,3.62420069272937e-07,5.413393543094796e-07,1.1828142113961466e-06,3.6697690198608986e-08,4.617019819775053e-07,2.6151939809421045e-06,6.526774837589653e-08,4.5136898964413315e-06,2.5783156594400113e-08,4.182280974837666e-07,9.390958982469568e-07,3.0707689548727727e-06,movement,no movement,no movement,no movement
9166.666666666692,0.0317519192245618,0.3163285981694308,-0.2835616683,0.0398377584849997,0.3359487923802342,-0.2746397082666666,0.0420315459926337,0.3358820315123121,-0.2629261873666667,0.04141129864027,0.3358747559912272,-0.2682164612,0.0242936510705843,0.3455138048762249,-0.2990633404333334,0.0257170788114399,0.3433827971723651,-0.3118596395333334,0.0302013561548903,0.3334746992724091,-0.2918930043333333,0.0524154959876118,0.3407555897561626,-0.1682811627,-0.0465709792529798,0.3039608557172999,-0.2236081608333333,0.0455397868357033,0.3159297807837444,-0.2285679097,0.0210610012489486,0.2866133997822788,-0.2725472767666666,0.1034022900256355,0.2227994758153198,-0.0279513462199999,-0.1185072030692274,0.2607510333654952,-0.0785463374966666,0.1439371379854991,0.0548828649965683,0.0075628018993333,-0.1553580873762113,0.0149184574206701,-0.1236672645333333,0.1576508704521644,-0.1287283982623277,0.0017295359599999,-0.1007354832100416,-0.146892966367506,-0.1629022385333333,0.1517658272307714,-0.1706098201538799,0.0046688451185666,-0.0647899619614168,-0.1817747806152559,-0.2063858081,0.1255126369349817,-0.177584187750486,-0.0152617490756666,-0.0272003021590515,-0.1528418648245165,-0.2162094151,0.152399990230975,-0.154586951300419,-0.0055199772983333,-0.0805912719129228,-0.143716316790407,-0.178576127,0.0703925803624388,-0.1637841638863735,0.0602332474633333,-0.0677272429621681,-0.1660920417907905,-0.05937815459,0.0759049488606372,-0.4909810019523996,0.0544712550466666,-0.0383095333009807,-0.4391463209948142,-0.0839379577366667,0.0683708023578922,-0.7735436462008368,0.2009327206999999,-0.0856010489119675,-0.7777423932912275,0.0506652438966666,0.0519686637253521,-0.803935497958047,0.2188232819999999,-0.0891636449956512,-0.8075741823152579,0.0225384318733333,0.1006591329896966,-0.8302410008422786,0.1823412180999999,-0.062737524151994,-0.8362897618190586,-0.0609490137,nijmegen_nijmegen_rennen_g_ch1_g11_compr.mp4,ch1g11,9.535223200071531e-06,4.643339650088934e-05,2.1451153505397235e-05,2.4854002728115703e-05,4.810418309300609e-06,4.9335913142885505e-05,2.134689644243772e-05,5.447781064539061e-06,3.191778210333057e-05,1.351268232149749e-05,9.650134915587173e-05,1.0460878836144078e-05,2.3222703429681137e-05,2.1143213940596545e-05,7.974800294213281e-05,6.587915308558517e-06,7.979263155836124e-06,9.304927472479414e-05,1.0734106342504454e-05,2.4032718112696308e-05,5.2352469679158145e-05,2.029406648068232e-05,2.3278839723243705e-05,1.1454977713758966e-05,4.9213452730987336e-06,4.917551116866481e-06,1.4465428031869256e-05,8.923703178671771e-05,1.6208636145799918e-05,0.0001074260116348,5.114259262086723e-06,1.5103639691073818e-05,4.621830789054407e-05,0.0001307546311897,1.1808500254869184e-05,-0.0001323375752922,-9.604875645330002e-05,-0.000111389176229,-0.0001096898483077,-7.563018899327e-05,-7.287786043810124e-05,-5.825707840074304e-05,-0.0001742144113642,-1.7078944307625474e-05,-0.0001570470961596,-0.0001270155852078,-0.0004163294732558,-0.0002485168841316,-0.0009627504341519,-0.000361858397522,-0.0014828874190964,-0.0007810147158011,-0.0015088109095944,-0.0007527177134441,-0.0016704799885222,-0.000870309387533,-0.0015832451844635,-0.0008293529683118,9.95227395899218e-06,-8.659841312349153e-06,-8.42955742509184e-07,-0.0002204589633336,-3.516635575683316e-06,-7.723102677120035e-05,-2.3627404876626697e-05,-6.327684768996137e-05,-2.9939441497998865e-05,3.9139530118800934e-05,2.291206641255486e-06,-8.807871198180651e-06,2.0127526947734267e-07,-2.6574383282351625e-06,-6.689116665595138e-07,-9.951071544989309e-06,1.6078066803935239e-07,-2.172162399381598e-06,-1.0342054693175133e-06,-1.4069835775574634e-06,-1.9899318768259653e-05,6.111085363291183e-07,7.121408678913598e-08,2.854685900655482e-07,-4.855968284233101e-06,5.182337491010805e-07,-2.9942004449162477e-07,-2.016036219979445e-05,7.940862735751844e-07,-1.0789635856994313e-07,-1.136263308740488e-05,1.763584345540805e-07,1.3664849004090086e-08,1.22915605343558e-06,-6.410279354743706e-07,-5.271818378474613e-07,6.863821674735016e-07,-1.7652273483550113e-05,-5.658887288994525e-07,-2.3763354716115505e-05,-5.096350343093613e-07,8.525145326351577e-07,-9.0995025102987e-06,1.3760555680940308e-07,1.0109193310629649e-06,2.4174610540180576e-07,5.561042502061476e-07,1.3541796993638663e-06,1.220809894850239e-06,2.453966626180378e-07,5.820924461368514e-07,-2.731101171690684e-07,2.4007904430834746e-07,3.41753599442193e-06,6.255026888202484e-07,2.749449268182463e-07,2.184466533092867e-07,-1.066662731449465e-06,5.002151776730344e-07,9.110204131443256e-07,3.850272537782911e-06,5.147302886551591e-07,2.556973929221724e-07,1.583456080796242e-06,2.232621211934163e-07,2.786186001366674e-07,3.217591574866224e-07,1.2046712615485308e-06,6.274291130333984e-08,3.084533828595356e-07,2.856302437210647e-06,5.8788827754153315e-08,4.726895734792688e-06,5.1125407535838704e-08,2.6776397711295336e-07,1.1312348690121033e-06,3.2599758935447436e-06,movement,no movement,no movement,no movement
9183.333333333358,0.0320855306707885,0.3162355919426081,-0.2839017286999999,0.0401950825005231,0.3358872611969898,-0.2749745651666666,0.0423827640098812,0.3358061701949207,-0.2632491054666667,0.0417675519685429,0.3357998963684095,-0.2685363361,0.0246919738504157,0.3454691939661002,-0.2994644707666667,0.0261158903285234,0.3433427903952711,-0.3122643054000001,0.0306126067765546,0.3334480522248985,-0.2922894049999999,0.052490323008614,0.3406062666481294,-0.1686659459666666,-0.0462956720068049,0.3039631076038081,-0.2243363144999999,0.0457032581263374,0.3158142526539748,-0.2289245282666666,0.021298703829726,0.2865223853454823,-0.2729983657333333,0.1031159680138087,0.2224208566419892,-0.0281035687233333,-0.1184051223252561,0.260537534336525,-0.0794924801166666,0.1430577759726486,0.0539715550826365,0.0079674561333333,-0.1551663201843403,0.0145978689815415,-0.124636858,0.1577674636298023,-0.1300381008187018,0.0026604337893333,-0.1007840762365204,-0.147524442837279,-0.1634518956666666,0.1521110713416387,-0.1719384444117173,0.0057838714152333,-0.0649837785716141,-0.1823879608112126,-0.2069291983333333,0.126120577028869,-0.1790524222001535,-0.014245182639,-0.027321410482368,-0.1535642230509493,-0.2166889454333333,0.1526645528715985,-0.1559819456553792,-0.0046228084526666,-0.0806335696545161,-0.1443923638026017,-0.178347886,0.070311043327215,-0.1637745512222026,0.06042640873,-0.0676486911292196,-0.1661004229687085,-0.0595730417899999,0.0757998090335129,-0.4909911575628672,0.0549382468833333,-0.0382682687952852,-0.4393303408575417,-0.08416056842,0.0683391945872282,-0.7735539046844617,0.2016072286999999,-0.0854371742370424,-0.7777902100603359,0.0506716210966666,0.0519388279800337,-0.803962475884295,0.219522594,-0.0890068228072826,-0.8076085644023672,0.0225682012866666,0.1007355496288185,-0.8302792199738773,0.1828948876333333,-0.0626333845364129,-0.8362442356830462,-0.0611202985733333,nijmegen_nijmegen_rennen_g_ch1_g11_compr.mp4,ch1g11,1.2669419661922024e-05,3.821650768240486e-05,2.2124088190856036e-05,2.302087768196611e-05,5.11088478853205e-06,4.008433945461198e-05,2.197884742758853e-05,3.531545412301434e-06,3.094046917399025e-05,1.2252106086008991e-05,7.758251341249439e-05,1.1519555860236987e-05,2.370011831021281e-05,2.189233337534589e-05,7.452707965541361e-05,7.595279646091181e-06,8.420066611783349e-06,7.40275576216618e-05,1.191039151092604e-05,2.427815469949438e-05,4.168274058717063e-05,2.086378910405767e-05,2.3698353499151333e-05,1.3463931193949252e-05,5.173937371794252e-06,4.412912326989563e-06,1.5687800207689686e-05,7.222667303527456e-05,1.5860023800523e-05,8.528660060683293e-05,4.620580381256887e-06,1.6254090033692972e-05,3.759922344178605e-05,0.0001129665444651,1.2985647995798604e-05,-0.0001592269284035,-0.000130276148702,-0.0001447976338479,-0.0001433508092194,-0.000110505145821,-0.0001070986437988,-9.1673457766417e-05,-0.0002119497920146,-4.523784921887042e-05,-0.0001863784239585,-0.0001512126171418,-0.0004314994418214,-0.0002457883969998,-0.0009265336335474,-0.0003417791705006,-0.0011999620168392,-0.0006391528422042,-0.0011936843472062,-0.0006068039705561,-0.0013063013384876,-0.0006896148901799,-0.0012701956192649,-0.0006704705574558,1.0030309984869784e-05,-8.678486008030333e-06,9.103675600548468e-07,-0.0001966889323774,-1.15016272087117e-05,-7.94082249115187e-05,-2.5941421659174988e-05,-6.633942440618393e-05,-2.7192926419787556e-05,4.701285119198348e-05,2.2520680774703135e-06,-7.550018485980026e-06,3.777649756640594e-07,-2.0710748767443644e-06,8.411676020880414e-07,-8.474841475688337e-06,3.44170936729343e-07,-1.5383318035416371e-06,-1.1996144119119989e-06,-1.1029700793204513e-06,-1.645423643127133e-05,1.1764312530625488e-06,2.77292936173384e-07,4.3918704320653074e-07,-5.757638921284152e-06,8.805305126934237e-07,7.085805590297244e-07,-1.6414646842067646e-05,1.2328401708312916e-06,8.703019264192367e-08,-9.578937993826576e-06,3.397497373680145e-07,2.268868594988423e-07,1.4277044460258554e-06,7.219328857214501e-07,-4.5044279231396755e-07,8.919142710570505e-07,-1.4770283017296206e-05,-4.629181021832689e-07,-1.9131720541520503e-05,-4.444967395978203e-07,9.951398229460778e-07,-7.80532351154108e-06,-2.207563202902477e-07,1.1346696163745686e-06,9.172209315680096e-08,4.587075016374732e-07,1.179250802536602e-06,1.3588646259229651e-06,1.0057085964606599e-07,6.206851342910271e-07,-2.428342315948544e-07,2.0749976064149474e-07,3.39987760394744e-06,3.7629051704007314e-07,1.381783958249283e-07,6.944279527582808e-08,-8.31771849018683e-07,2.246071945509409e-07,7.099137427378676e-07,3.6975592799429863e-06,2.678959203150849e-07,1.369007065444773e-07,1.6988294256214025e-06,9.633846525280928e-08,1.446766546004994e-07,5.650425450041037e-08,1.0553149144506558e-06,8.014025645547312e-08,1.1349405155844849e-07,2.865035631459115e-06,2.438447410068399e-08,4.541687194642637e-06,6.926162294747383e-08,7.816234932660855e-08,1.2182432291641008e-06,3.2246180066377462e-06,movement,no movement,no movement,no movement
9200.000000000024,0.0324053596408938,0.3161096225878225,-0.2845747724333333,0.0405446278747994,0.3357879076273218,-0.2756663326999999,0.0427262111020588,0.3356926881501109,-0.2639277798333334,0.0421155734668609,0.3356879649327702,-0.2692098477,0.0250782100450495,0.345388069298963,-0.3001924968,0.0265037151663982,0.3432653676428628,-0.3130019446666667,0.0310116488510249,0.3333846329809107,-0.2930115222333332,0.0525906207329301,0.3404058327310668,-0.1694147347666666,-0.0460021708266874,0.3039223666575832,-0.2252841723999999,0.045871439629488,0.3156567058519417,-0.2296097497666666,0.0215357075386026,0.2863961932599547,-0.2737466424333332,0.1028833761134884,0.2219975936115067,-0.0286437568633333,-0.1183076704038734,0.2603042261904775,-0.0805312495,0.1422857774682347,0.0530582319755383,0.0077808269276666,-0.1550079774064311,0.0142827439493806,-0.1256757555333333,0.1578655023838612,-0.1311998095235576,0.0030835339143333,-0.1008143916165427,-0.1481204087884012,-0.1641185319,0.1524141029368356,-0.1730962709487408,0.0063793574552333,-0.0651630123221477,-0.1829709313390511,-0.2076268369333333,0.1266398973245085,-0.1803390358029295,-0.0137309601123333,-0.0274366247454444,-0.1542434681783335,-0.2173575689666667,0.1528943285053189,-0.1572117214612727,-0.0042198379253333,-0.0806555471306214,-0.1450244679505273,-0.17815727,0.0702361406882283,-0.1637651410797906,0.0605941499833333,-0.0675771107298265,-0.166108486990478,-0.0597445797333333,0.0757263140141507,-0.4909973872298674,0.0552484525499999,-0.0382229622913923,-0.4395114660215171,-0.0844198593033333,0.0684053918317631,-0.773623098440415,0.2019552482999999,-0.0852405644121175,-0.7779094551008411,0.0504913120833333,0.0520117221732085,-0.8040420087929987,0.2198680947999999,-0.0888131467314841,-0.8077192760523394,0.0223918084799999,0.1008943687439669,-0.8303250588719048,0.1830492869999999,-0.0624954636820032,-0.8362179654965028,-0.0615124481833333,nijmegen_nijmegen_rennen_g_ch1_g11_compr.mp4,ch1g11,1.5095797905893764e-05,3.1489453222007805e-05,2.258992314921065e-05,2.1690057784258654e-05,6.102653496026263e-06,3.258674586732462e-05,2.2422733893394335e-05,2.2212835495793965e-06,2.9597192050188545e-05,1.134254419694404e-05,6.420676621157723e-05,1.3184078289367217e-05,2.4066796781142868e-05,2.239652726658231e-05,6.879221522504024e-05,9.234195413393835e-06,9.739853491123722e-06,6.094090613292815e-05,1.3563220232719782e-05,2.4443271436058576e-05,3.328730392995197e-05,2.128301557431492e-05,2.402606477224283e-05,1.5119889628596109e-05,5.970045997413661e-06,4.029964581757247e-06,1.6737619187134995e-05,6.000642278556574e-05,1.552469868438383e-05,7.045271112887245e-05,4.2321897066478875e-06,1.7356188751672567e-05,3.0576446724324606e-05,9.897062150958644e-05,1.481898755963086e-05,-0.0001737054764833,-0.0001513897004822,-0.000164540339154,-0.0001632179904843,-0.0001321996213252,-0.0001284170586821,-0.0001131635463809,-0.0002355399864009,-6.58288283660964e-05,-0.0002024746971732,-0.0001647282381936,-0.0004341547952992,-0.0002408743724044,-0.0008699053087911,-0.0003233552567069,-0.0009967951000278,-0.0005235303353177,-0.0009767277322175,-0.0004908750433169,-0.0010657582524101,-0.000549357688439,-0.0010488699142554,-0.0005424396186122,9.835077585099596e-06,-8.443972535101036e-06,3.759395360417062e-07,-0.0001791628532203,-3.264897268602697e-05,-9.488342974112672e-05,-4.394990824789877e-05,-8.438029535775826e-05,-4.50931073063922e-05,3.4536565684434024e-05,1.8150456744794489e-06,-6.341936470211472e-06,3.534596053216803e-07,-1.6865220461891456e-06,1.929767534966043e-06,-7.051945592963326e-06,3.341480075955647e-07,-9.724303591882646e-07,-1.3511986367134489e-06,-8.758827437349007e-07,-1.3217581170341736e-05,1.3730590502552772e-06,2.980075721539467e-07,3.955727081279547e-07,-6.431245331002523e-06,8.960187702623087e-07,1.378003724278893e-06,-1.2963641567952184e-05,1.324427384366386e-06,1.1686798338213639e-07,-7.892184988540442e-06,3.385243231170381e-07,2.544822275021471e-07,1.314350794139716e-06,1.7140024212830911e-06,-3.662813513946742e-07,8.62487608859139e-07,-1.2036818804218834e-05,-4.4804194500150586e-07,-1.488747806930972e-05,-3.694151532296798e-07,8.967394343418145e-07,-6.5903712965066855e-06,-5.285722980646552e-07,1.1453593640080016e-06,-6.82481576400077e-08,2.9903677364876197e-07,8.54074535664273e-07,1.363315066701464e-06,-5.6092151599868894e-08,5.8217860002064e-07,-2.057329311056072e-07,1.4728961875824993e-07,3.1043748403925774e-06,8.087913417322687e-08,-1.6720104198115594e-08,-8.732770510662128e-08,-6.012755796087752e-07,-6.514778458786186e-08,3.935051665911398e-07,3.279721319756051e-06,-1.1180307392343372e-08,-2.0711871789489363e-09,1.6596173383387649e-06,-4.161468796542288e-08,-8.839356180600267e-09,-1.9374253232909981e-07,7.742506664092275e-07,8.574020858381465e-08,-8.163448838760066e-08,2.6397962158368406e-06,-2.9081475078541547e-08,4.000313708854032e-06,7.698124898134539e-08,-1.1877406557947541e-07,1.207341001307882e-06,2.9548819686233575e-06,movement,no movement,no movement,no movement
9216.66666666669,0.032710992551645,0.315938958339752,-0.2852609321666667,0.0408860678605874,0.3356349998661505,-0.2763652666999999,0.0430619407714933,0.3355281539823009,-0.2646171795666667,0.04245542517119,0.3355249204787454,-0.2698917536666667,0.0254536757128579,0.3452565427224136,-0.3009212708666666,0.0268820303350502,0.3431378196753141,-0.3137411108,0.0313989562438231,0.3332711558795358,-0.2937349557333333,0.0527214834254989,0.3401619812877378,-0.1701597908666667,-0.0457086759404741,0.303855047789086,-0.2262097779,0.0460357918954622,0.3154503722904908,-0.2303025056666666,0.0217662645609235,0.2862330286445587,-0.2744954714666666,0.1027112390255925,0.2215543271786687,-0.0291905676399999,-0.1182130542742777,0.2600645723033681,-0.0814544545433333,0.1416729122494489,0.0521866103047418,0.0074688783199999,-0.1548608960218666,0.0139672826807929,-0.1265626467999999,0.1579666415553698,-0.1320975424729384,0.0030280997166666,-0.1008337690806137,-0.1485740930602177,-0.1647977347666666,0.1527084776660938,-0.1739671658241334,0.0063937856289,-0.065302212816451,-0.1833867729552561,-0.2083305527333333,0.1271192355326116,-0.1812672496658751,-0.013783478569,-0.0275383531854445,-0.1546764104215633,-0.2180374478666666,0.1531149509964199,-0.1581470670293198,-0.0043093930373333,-0.0806669301076103,-0.145483166856555,-0.17423436,0.0701731167091469,-0.1637554932882337,0.0607432267866666,-0.0675171822413299,-0.1661166672993186,-0.0598969758966666,0.0756921582894128,-0.4909982209857381,0.0553438763533333,-0.0381638681691009,-0.4396823755357646,-0.08474016473,0.0685350500964536,-0.7736915399381317,0.2020451156999999,-0.0850282740391815,-0.7780491957054559,0.0502293956166666,0.0521501414888001,-0.8041219005564153,0.2199558378333333,-0.0885991168494055,-0.8078532174830484,0.0221341148166666,0.101021785227193,-0.8304277304806277,0.1829541058333333,-0.0623102523188939,-0.8362279836573858,-0.0619618631066666,nijmegen_nijmegen_rennen_g_ch1_g11_compr.mp4,ch1g11,1.675183864758674e-05,2.5880193241543325e-05,2.297436446039215e-05,2.043412418991392e-05,8.898402099091982e-06,2.643950215034061e-05,2.2797482839690805e-05,1.8345161188976269e-06,2.8134816461861487e-05,1.0650047415580603e-05,5.4415163585650776e-05,1.488553368361948e-05,2.4467129898681653e-05,2.2802735633270617e-05,6.249557143538593e-05,1.0521224261471536e-05,1.1904298242152884e-05,5.160440515647581e-05,1.514500402935298e-05,2.466590296981112e-05,2.6645041501525777e-05,2.165260031532352e-05,2.439871032504268e-05,1.6374537614024993e-05,8.425193042823456e-06,3.754538023524106e-06,1.76004470425597e-05,5.099057765091496e-05,1.5136182502611677e-05,6.0008264301481e-05,3.942523825775055e-06,1.8287969461767137e-05,2.4764492631675177e-05,8.713824241880175e-05,1.7330753730232242e-05,-0.0001781613535475,-0.0001608569392381,-0.0001719809900938,-0.0001708170594517,-0.0001424172572182,-0.0001385650653045,-0.0001240597606296,-0.000243637885139,-7.804064451760169e-05,-0.0002072134049963,-0.0001691426910383,-0.0004260025147052,-0.000234062434099,-0.0008007303726445,-0.0003046804891695,-0.0008464029576223,-0.0004284206904001,-0.0008211352774968,-0.0003968557086627,-0.0008973705368532,-0.0004378840226961,-0.0008862130340707,-0.0004383965768479,9.749965397851634e-06,-8.291560133315326e-06,6.221209423720555e-07,-0.0001652070745165,-5.839262835240123e-05,-0.000115138884645,-6.862334028594143e-05,-0.000107874184771,-6.833873343204426e-05,1.4771905033115104e-05,1.0752162944772267e-06,-5.174401177147374e-06,1.6910051747229405e-07,-1.4859356323046256e-06,2.551474079839055e-06,-5.665748412351435e-06,1.66296727692428e-07,-4.45011660452882e-07,-1.5000921059912768e-06,-7.569963694445006e-07,-1.0257503414055937e-05,1.207037227793831e-06,1.706631037552466e-07,1.9557168838419242e-07,-6.850766365702385e-06,5.914759523351102e-07,1.635022294877622e-06,-9.883953973881053e-06,1.0853059404637748e-06,1.5710090845907325e-08,-6.219510023594651e-06,2.037175221834123e-07,1.34333788883439e-07,9.468374035650236e-07,2.294280591051734e-06,-2.7529468206936836e-07,6.445610569750151e-07,-9.503917338190586e-06,-4.931704732564204e-07,-1.1143846771554655e-05,-2.8515582159250053e-07,6.273796239285519e-07,-5.3867568110022344e-06,-7.390862199394243e-07,1.0694570012784537e-06,-2.174912123578363e-07,1.2456885305257166e-07,3.957060282569383e-07,1.2649954775333578e-06,-2.043150649344441e-07,4.712577652782969e-07,-1.6771078980349708e-07,7.833085615165673e-08,2.653639849972829e-06,-2.0236207171014638e-07,-1.704819279674553e-07,-2.326314177491011e-07,-3.659356284383865e-07,-2.9832066156523785e-07,5.6082991273653175e-09,2.730359322787751e-06,-2.673434538023628e-07,-1.439291120202579e-07,1.5046148492424466e-06,-1.717649996668563e-07,-1.6219753279727138e-07,-3.901718780364535e-07,3.714086889837019e-07,8.078140502110385e-08,-2.4660643603480696e-07,2.2807409473995145e-06,-8.6490793339128e-08,3.2815871012354787e-06,7.48961958354171e-08,-2.900880736395409e-07,1.1226165875729337e-06,2.5485179673762883e-06,movement,no movement,no movement,no movement
9233.333333333356,0.0330157255611569,0.3157191810931747,-0.2860375707333333,0.041226156910551,0.3354317774375278,-0.2771595353333333,0.0433966663160622,0.3353130401347399,-0.2654043413333333,0.0427940467445408,0.335311842884508,-0.2706718781333333,0.025826462665834,0.3450721796361697,-0.3017493502666666,0.0272583827363339,0.3429568656812256,-0.3145817191,0.0317837708280829,0.3331058760815587,-0.2945577116999999,0.0528555330704842,0.3398843782523814,-0.1709678341333333,-0.0454157220013662,0.3037458719179797,-0.2271896141666666,0.0462034528190117,0.315201464044622,-0.2310713057333333,0.0219979970519839,0.2860262144376236,-0.2753262946333332,0.1025492635410436,0.2211066665016577,-0.0297107366299999,-0.1181174072866039,0.2598155932752438,-0.0823603592166666,0.1410880780190213,0.0514083397413017,0.0072548584326666,-0.1547092368232295,0.0136535045551427,-0.1273653152333333,0.1580610222780414,-0.1328710593685834,0.0032951763486666,-0.1008235789213352,-0.1489889819726701,-0.1654709727,0.1529770020417585,-0.174702572263659,0.0067686932955666,-0.0653668651989035,-0.1837618315215313,-0.2090571681333333,0.1275656064978255,-0.1820670960694206,-0.013488751699,-0.0275855850578252,-0.1550795695932929,-0.2187516520666666,0.1533198396664037,-0.1589538040317592,-0.0040777900799999,-0.0806507029095926,-0.1459020571260939,-0.171447843,0.0701131011802933,-0.1637457363461858,0.06088900249,-0.0674602329843228,-0.1661247894377109,-0.06004626194,0.0756952317637612,-0.4910051197839403,0.05544729873,-0.0380894586695089,-0.4398504981678522,-0.0850785199333333,0.0687035087606025,-0.7737779272093571,0.2020287666333333,-0.0847869637865341,-0.778198184095995,0.0499524353666666,0.0523273615573472,-0.8042187882910249,0.2199255506999999,-0.0883515927653198,-0.8079976412604192,0.0218632843133333,0.1012084797920093,-0.8305424872688448,0.1827417732333333,-0.0621165136934541,-0.8362477697695396,-0.06241779514,nijmegen_nijmegen_rennen_g_ch1_g11_compr.mp4,ch1g11,1.686345375190963e-05,2.125496181629296e-05,2.284796622404186e-05,1.8897488495595752e-05,1.2201252853257516e-05,2.1430339568878404e-05,2.2687862833860568e-05,1.9199207632303503e-06,2.653077869761667e-05,9.975237687350406e-06,4.644502158133932e-05,1.5946945710718774e-05,2.4421481777440383e-05,2.268772735389678e-05,5.554740630791984e-05,1.0952905359500709e-05,1.4200972255443514e-05,4.405322786891926e-05,1.6051878394466128e-05,2.4509389078610657e-05,2.1042484882595687e-05,2.158844625191049e-05,2.4316301535494523e-05,1.6657555338247986e-05,1.1331883914737974e-05,3.4802523162832074e-06,1.784258564895055e-05,4.363406044349683e-05,1.4626190939839494e-05,5.1289988682770645e-05,3.657954802702141e-06,1.870439085896837e-05,1.9864570867004023e-05,7.614679278588898e-05,1.9648775866394978e-05,-0.0001794529347261,-0.0001656536945695,-0.0001745714993365,-0.0001735952235619,-0.000149085558926,-0.0001452904281861,-0.0001313113765569,-0.0002439023931091,-8.739683060463927e-05,-0.0002087677123504,-0.0001718813232321,-0.000413456516549,-0.000226496429763,-0.0007222646680272,-0.000285978801237,-0.0007228422942898,-0.0003513201130527,-0.0006947008598217,-0.0003177427138614,-0.0007565459413168,-0.0003419393061144,-0.0007530263533777,-0.0003538030738883,9.817098223921289e-06,-8.241257103817216e-06,-1.057599034924995e-06,-0.0001521709844219,-8.095407141199734e-05,-0.000132377611249,-9.167883276212082e-05,-0.0001276906655916,-9.271022130854546e-05,-6.065350837013456e-06,1.757619031510969e-07,-4.238335546053133e-06,-1.5623676405946477e-07,-1.4844168082934843e-06,2.558622413523862e-06,-4.556251707395259e-06,-1.4350085227323933e-07,-2.3240233520435204e-08,-1.663907132064962e-06,-7.670370646719654e-07,-7.896581412425217e-06,7.341774346276678e-07,-9.625689351772923e-08,-1.429531500553796e-07,-7.088333131818981e-06,9.674196666764758e-08,1.3530442108893093e-06,-7.453032165498284e-06,5.757223064581546e-07,-2.1614443672399366e-07,-4.894370678689689e-06,-6.069791195292555e-08,-1.2419182662183016e-07,4.0136841195496e-07,2.322408900766006e-06,-1.952299300469265e-07,2.783658697237756e-07,-7.452231823223848e-06,-6.02307704434737e-07,-8.301329107070933e-06,-2.0976353600564638e-07,2.3868627196181385e-07,-4.380052303979881e-06,-8.041566923631148e-07,9.406041720774142e-07,-3.2360189827558277e-07,-1.892812200367393e-08,-9.280127541757532e-08,1.1049253259562696e-06,-3.118599954791392e-07,3.209090498761568e-07,-1.273593142710323e-07,2.3111039243164346e-08,2.1786936112010503e-06,-4.0831793365679074e-07,-2.888772820578024e-07,-3.347417555958447e-07,-1.1253771720449853e-07,-4.2215039176121156e-07,-3.533232941744492e-07,2.187052363368755e-06,-4.4188144461060745e-07,-2.567043913512835e-07,1.2969223444596303e-06,-2.656448647442431e-07,-2.803789563513731e-07,-4.934344011427993e-07,-6.208875177914137e-08,6.941286936149451e-08,-3.493096761108147e-07,1.9019281584375732e-06,-1.3650269026275349e-07,2.5730265806580472e-06,6.64503693133943e-08,-4.051298376421625e-07,9.969958170498813e-07,2.1248740997958827e-06,movement,no movement,no movement,no movement
9250.000000000022,0.0333177757381483,0.3154895223344078,-0.2867738579666666,0.0415642816604053,0.335217514634051,-0.2779067014333333,0.0437299420616311,0.3350887855169551,-0.2661463784333333,0.0431308712715849,0.3350893479362431,-0.2714045901,0.0261958276875325,0.3448740667032368,-0.3025425172333332,0.0276319017926927,0.3427626079095046,-0.3153882940999999,0.0321648340052689,0.3329272134662241,-0.2953466198999999,0.0529943453919151,0.3396060246158058,-0.1717288483333333,-0.0451231610432424,0.3036313081170436,-0.2281174632666666,0.0463739702360176,0.3149448569925997,-0.2318016439333333,0.0222294709516863,0.2858113162508638,-0.2761260846666666,0.1023895205559004,0.2206714363265462,-0.0301484027333333,-0.1180179709765387,0.2595720397912419,-0.08323496077,0.1405089010389682,0.050712752711639,0.0071445598086666,-0.1545544829514693,0.0133483240294458,-0.1281691112,0.1581532927063328,-0.13356217075586,0.003621855173,-0.1007992182815265,-0.1493583437024274,-0.1661328445333333,0.1532428749688104,-0.1753626450842171,0.0071794074339,-0.0653901398019582,-0.1840925277523701,-0.2097490022333333,0.1280045510705295,-0.1827999662517574,-0.0131679962856666,-0.0275915351915307,-0.1554268189944587,-0.2194239209333333,0.1535186793395067,-0.1596873304514941,-0.0037949061106666,-0.080617399245243,-0.1462733922198452,-0.171450421,0.0700559932804501,-0.1637350955008481,0.0610335308399999,-0.0674061353878051,-0.1661336397674337,-0.0601942668533333,0.0757337091194123,-0.4909928859699941,0.0555352929433333,-0.0380144336017991,-0.4400182199950725,-0.0854242929366666,0.0689559637304833,-0.7738629943072839,0.2019604050666666,-0.0845196918618709,-0.778348476200127,0.0496996683333333,0.0525936803849924,-0.804316736875726,0.2198424568666666,-0.0880750224659945,-0.8081436672906664,0.02162467326,0.1014867361340525,-0.8306460844874304,0.1824810858666666,-0.0618929230645944,-0.8362703493090714,-0.0628207830333333,nijmegen_nijmegen_rennen_g_ch1_g11_compr.mp4,ch1g11,1.5866605559431426e-05,1.7387293919521386e-05,2.234887150137786e-05,1.7024112998284505e-05,1.5104578202253486e-05,1.726684572434756e-05,2.2210194492849288e-05,2.2914550858483094e-06,2.484631051820909e-05,9.13694799603425e-06,3.8927044657493424e-05,1.621263376989543e-05,2.3998379137495843e-05,2.220608930991906e-05,4.837048205679847e-05,1.024244952354401e-05,1.535644910676189e-05,3.690179387756809e-05,1.6093840385862435e-05,2.4011925224751696e-05,1.653447287317994e-05,2.124972450658472e-05,2.386297276328735e-05,1.6379770031076165e-05,1.3969623912572786e-05,3.3034913702782576e-06,1.767180501784325e-05,3.6574183914396854e-05,1.395980106811498e-05,4.324920005170179e-05,3.4678307469805393e-06,1.8520908197717933e-05,1.58792249476845e-05,6.534150959867222e-05,2.131107905818807e-05,-0.0001795815963592,-0.0001679255442868,-0.0001744545960142,-0.0001738014527997,-0.0001532899055282,-0.0001499116232547,-0.0001364453991535,-0.0002362039815496,-9.259631714572376e-05,-0.0002069959715488,-0.0001726662728502,-0.0003896640418602,-0.0002159005647755,-0.0006300745504676,-0.0002635353446226,-0.0006051974163144,-0.0002869567609205,-0.0005782821194188,-0.0002525247949966,-0.0006297333343951,-0.0002626436387018,-0.0006285687983059,-0.0002833444865783,9.923150395797026e-06,-8.249033285585825e-06,-1.0675976475484386e-06,-0.0001386354744665,-8.98177583742112e-05,-0.0001415305442126,-0.0001009242597877,-0.0001389757699154,-0.000101767046409,-1.8796400606418732e-05,-7.522651302297308e-07,-3.5132014711209377e-06,-5.863005205342972e-07,-1.662123532559048e-06,2.0736514720933704e-06,-3.695515936999224e-06,-5.613182423651659e-07,2.019360550330812e-07,-1.8482993667514292e-06,-8.495566932079876e-07,-6.117217120194267e-06,8.999328925067914e-08,-4.830876758791962e-07,-5.828547494918141e-07,-7.177881374550274e-06,-4.7405108326377474e-07,6.788916735493957e-07,-5.665490794976997e-06,-7.043705170233854e-08,-5.630070903958894e-07,-3.85558061595487e-06,-4.207431887973502e-07,-5.036050440524464e-07,-2.288350916849211e-07,1.908071395404312e-06,-1.359375610102549e-07,-1.756011917507442e-07,-5.851871107162222e-06,-7.871533184037571e-07,-6.312732818038564e-06,-1.5271619397217586e-07,-2.37389412933367e-07,-3.5577259268958784e-06,-7.335455408672275e-07,7.983082121319806e-07,-3.759971021532209e-07,-9.782857403348047e-08,-5.156991032954951e-07,9.290783528056276e-07,-3.671347764423609e-07,1.638076680330237e-07,-8.065785644543533e-08,-1.7699580909509092e-09,1.7819898338692838e-06,-5.116180877941276e-07,-3.579178305110366e-07,-3.840710237016634e-07,1.545028625371952e-07,-4.183323435840896e-07,-5.856860475736369e-07,1.7483398350131771e-06,-5.124196633518268e-07,-3.255364104055376e-07,1.0743757958300855e-06,-3.146741610453211e-07,-3.494534582270624e-07,-5.056518148674259e-07,-4.4444311744457044e-07,5.0656156805374395e-08,-3.847178944403344e-07,1.5934206242258047e-06,-1.654307159096154e-07,1.989442388333042e-06,5.050724053582398e-08,-4.478792694818809e-07,8.553722727055403e-07,1.791571056836743e-06,movement,no movement,no movement,no movement
9266.666666666688,0.0335970282679444,0.3152804324627662,-0.2866316586666666,0.0418648316816412,0.3350222708541867,-0.2777711276666666,0.0440269117600675,0.3348883203098827,-0.2660099444,0.043431276378373,0.3348894029497513,-0.2712741423333333,0.0265368911768969,0.3446962551043694,-0.3024555311999999,0.0279763617505022,0.3425870037338479,-0.3153031726999999,0.0325133327715176,0.3327645970197673,-0.2952640972666666,0.0530831910001955,0.3393580705633482,-0.1716591794666667,-0.0448518653420486,0.3035283084188958,-0.2282674210999999,0.0465286475563402,0.3147150928751496,-0.2316804940666666,0.0224472613433872,0.2856175111486517,-0.2760735997999999,0.1022189351266195,0.2202664795536854,-0.0300951349333333,-0.1179442035490562,0.2593603284353839,-0.08346951523,0.1399884321817886,0.0500934936430558,0.0073134099183333,-0.1544805331968501,0.0130862251802261,-0.1285083383666666,0.158189642280548,-0.1341631885329464,0.0039331457893333,-0.1007727060047561,-0.14964624874573,-0.1664319391333333,0.1534075469728426,-0.1759408970951208,0.0075319366289,-0.0653649038731402,-0.1843514541287431,-0.2100414633666666,0.1282957426695581,-0.1834346836054411,-0.0128354574076666,-0.0275507305633693,-0.15569603562224,-0.2196806441,0.1536426775065146,-0.1603034122567934,-0.0035096283046333,-0.0805807371271867,-0.1465507516874672,-0.170952916,0.0699971446314629,-0.1637257038963171,0.0611594862566666,-0.0673493433320291,-0.1661414517351374,-0.0603220713833333,0.0757696261734489,-0.4909793180085702,0.0551795107066666,-0.037937857187546,-0.4401761812999827,-0.0858164343766666,0.0691714979384777,-0.7739536139320919,0.2014611749666666,-0.0843067638521085,-0.7785034349344593,0.04936447789,0.0528232691679189,-0.8044203176346065,0.2193345746333332,-0.0878607962825999,-0.8082960516000731,0.02129085155,0.1017466886763829,-0.8307555846368221,0.1819796761999999,-0.0617255759304107,-0.8363073832314308,-0.0632783697533333,nijmegen_nijmegen_rennen_g_ch1_g11_compr.mp4,ch1g11,1.4380978549818996e-05,1.4452597020841884e-05,2.1338981961481784e-05,1.4968699796257835e-05,1.6932731267348087e-05,1.419642224044391e-05,2.123486170817236e-05,2.6390760913053876e-06,2.3086218242857734e-05,8.449857772405685e-06,3.240346414210677e-05,1.593933626630361e-05,2.308466666539072e-05,2.1205432459659277e-05,4.107466744713374e-05,9.017105170715897e-06,1.558462558090397e-05,3.0715896396668495e-05,1.560639344376627e-05,2.3049087581523196e-05,1.3415771033207334e-05,2.0491074346407907e-05,2.2926778160121975e-05,1.5639264730266002e-05,1.5667786883400213e-05,3.198139126075381e-06,1.7063038762195245e-05,3.0213598306601105e-05,1.3050143743499444e-05,3.655151745524692e-05,3.3479877048762397e-06,1.76806138753725e-05,1.2918303446073269e-05,5.5072037939072264e-05,2.2114227595493327e-05,-0.0001704458762145,-0.0001594208529663,-0.0001635334462729,-0.0001632322114835,-0.0001470532804717,-0.0001444119930334,-0.0001317954778284,-0.0002158161760887,-9.049190662524722e-05,-0.0001945742363196,-0.0001651488565035,-0.0003529204536276,-0.0002011470844415,-0.0005258796081574,-0.0002344293624201,-0.0004995798181355,-0.0002372573635495,-0.0004799437185862,-0.0002028307160751,-0.0005284805519797,-0.0002049817460771,-0.0005215190808929,-0.0002301989351075,1.0217921478121508e-05,-8.494793166375756e-06,-2.1915820903364863e-06,-0.0001283755177099,-8.870340116500281e-05,-0.0001472372805672,-0.0001000201682101,-0.0001465872293238,-9.99477076924626e-05,-2.841829461418752e-05,-1.493022429708305e-06,-2.8861802083738653e-06,-9.97356155828255e-07,-1.8537167658226552e-06,1.3056415469265943e-06,-2.9581932355456942e-06,-9.660028979274426e-07,2.750296861585393e-07,-1.994948996864791e-06,-9.343387472465924e-07,-4.618509543718653e-06,-4.7586854957987395e-07,-8.781096094026495e-07,-9.995897663691669e-07,-7.026356241420399e-06,-9.025576187021944e-07,-1.3526078096023345e-07,-4.1972537689500834e-06,-6.231543234615439e-07,-9.211969825708974e-07,-2.998823317363044e-06,-7.747903104703089e-07,-8.917382539952565e-07,-7.787376551383159e-07,1.236879886875707e-06,-1.0248823442822285e-07,-5.918166283442554e-07,-4.4934058493458e-06,-9.83927411803652e-07,-4.705870569762411e-06,-1.1779862663484333e-07,-6.781197987582399e-07,-2.830324230609087e-06,-5.644680526523495e-07,6.623607600134646e-07,-3.715509364738561e-07,-1.0948161595165261e-07,-7.976440497018115e-07,7.587863797865324e-07,-3.665659460128481e-07,3.227083097297229e-08,-2.371651360084426e-08,6.637150448691958e-10,1.482810782204032e-06,-5.135314935475361e-07,-3.731502227709657e-07,-3.770972053077168e-07,4.2728495849665627e-07,-3.145999026946164e-07,-6.662420515222024e-07,1.4272437001946469e-06,-4.866111315552469e-07,-3.448130778718252e-07,8.590560751315608e-07,-3.157511941195847e-07,-3.6494225726997266e-07,-4.404858856142298e-07,-7.055368353543632e-07,2.7581738368770912e-08,-3.579106144825096e-07,1.3735743832384853e-06,-1.6341930275102012e-07,1.5542298065603203e-06,2.9818304745332845e-08,-4.197882512561093e-07,7.1395456216176e-07,1.5874466991629905e-06,no movement,no movement,no movement,no movement
9283.333333333354,0.0338793595193102,0.3151203625204933,-0.2865801761666666,0.0421641351370488,0.3348707260725939,-0.2776910825999999,0.0443230204474605,0.3347342487702289,-0.2659297672,0.0437299949536232,0.3347352490839549,-0.2711944695,0.0268734064962281,0.3445546757905095,-0.3024351642999999,0.0283164070275921,0.3424475593210749,-0.3152852416333332,0.0328571594421711,0.3326375066651624,-0.2952442349999999,0.0531730967985218,0.3391556317382057,-0.1715663448666667,-0.0445880423110962,0.3034354519864368,-0.2284125102333333,0.0466893476401982,0.3145327824743177,-0.2316311960666666,0.0226673005146887,0.2854607729158262,-0.2761008887999999,0.102052628336938,0.2199350029919754,-0.0299570093666666,-0.1178643385464691,0.2591624081030948,-0.0837037965033333,0.1395359517385624,0.0496160229210646,0.0077044966693333,-0.1543994167595655,0.0128697701980977,-0.1287961841,0.1582368017937451,-0.1346054777867817,0.0045990222743333,-0.1007360749585358,-0.1498216786915411,-0.1667471120999999,0.1535602880656906,-0.1763563026379497,0.0082425446809,-0.0653151999187459,-0.1844804642400705,-0.2103913495666666,0.1285724152620847,-0.1838831351105278,-0.0121800161923333,-0.0274813773333098,-0.1558227725737188,-0.2199992339333333,0.1537657336868053,-0.1607634796562352,-0.0028753191819666,-0.0805339805122222,-0.1467181044306545,-0.1711016,0.0699422320116553,-0.163715446109744,0.06127866109,-0.0672963941976306,-0.1661499552841973,-0.0604411931266666,0.0758197210762195,-0.4909875929596386,0.0552028248133333,-0.0378888662007463,-0.440288589293797,-0.0861469716866666,0.0694287278301623,-0.7740169229015786,0.2012371335333333,-0.0841181299722421,-0.7786172610036771,0.0491655971833333,0.0530951233087974,-0.8044970505154798,0.2191035420666666,-0.0876666101216432,-0.8084080159275057,0.0211091483433333,0.102023314955276,-0.8308335010975344,0.1817072526666666,-0.0616225807642051,-0.8363149947956237,-0.06358120332,nijmegen_nijmegen_rennen_g_ch1_g11_compr.mp4,ch1g11,1.2612257409053756e-05,1.2255715533725172e-05,2.000725936160827e-05,1.2987794660654252e-05,1.7623958233694345e-05,1.19169168944951e-05,1.9934426158351577e-05,2.4791207332216667e-06,2.1204470734952295e-05,7.494911871862241e-06,2.788159110528876e-05,1.4840118316791418e-05,2.186643085016377e-05,1.9866767881192347e-05,3.4121951358225374e-05,7.585710492792696e-06,1.487662455225125e-05,2.65241534776907e-05,1.4413541863592208e-05,2.1806015272499656e-05,1.111540572339106e-05,1.943423353757502e-05,2.170269498619279e-05,1.4557143834193645e-05,1.6368880270428333e-05,3.1237979180708665e-06,1.6192757381058182e-05,2.583728050576413e-05,1.1969504079690764e-05,3.1833703667820286e-05,3.260150119513388e-06,1.659462540776169e-05,1.076152837743329e-05,4.637626550098174e-05,2.1810328524832975e-05,-0.0001564569571009,-0.0001457360764667,-0.0001474824143869,-0.0001475646178576,-0.0001355068190669,-0.0001336000775726,-0.0001218411818273,-0.0001905512761597,-8.415809279508005e-05,-0.000177241280076,-0.0001532761035668,-0.0003121651473486,-0.0001841219777367,-0.0004244891243519,-0.0002068971685891,-0.0004268435862583,-0.0002003485981519,-0.0004150098121131,-0.0001662158444083,-0.0004611766647802,-0.0001618111998159,-0.0004479738642229,-0.0001909361626745,1.0594315274798944e-05,-8.876353802609147e-06,-3.949310307015479e-06,-0.0001144217711153,-8.416557167685251e-05,-0.0001442428032745,-9.607661944864194e-05,-0.0001451702650219,-9.449511684817756e-05,-3.3685340515013356e-05,-1.9572091659187573e-06,-2.280152274896688e-06,-1.3558654789956956e-06,-2.016811823986892e-06,3.40923277363545e-07,-2.275427181523087e-06,-1.3258182219397051e-06,2.206360639175349e-07,-2.0072083758404723e-06,-9.375097408049038e-07,-3.3664188704465703e-06,-8.986438163493639e-07,-1.2502138508853813e-06,-1.3617702006327554e-06,-6.5225783633812195e-06,-1.1074136765637962e-06,-9.691727126019476e-07,-3.003064657254149e-06,-1.0125160781158692e-06,-1.268935382604848e-06,-2.1986583901201883e-06,-1.0801915389016317e-06,-1.2555114155207354e-06,-1.1579800679225963e-06,3.785716041312848e-07,-8.82709784554823e-08,-9.133529923991778e-07,-3.3039595235885975e-06,-1.1898039497787452e-06,-3.447867423082131e-06,-1.001425093047311e-07,-1.064071935717153e-06,-2.1210405909707707e-06,-3.332480557559167e-07,5.563202529739446e-07,-3.206129588071676e-07,-6.022474824578614e-08,-9.056951606193144e-07,6.229560774685704e-07,-3.1914742662000866e-07,-4.4823556497590467e-08,4.761539348776168e-08,4.3713722813909685e-08,1.2549215028456183e-06,-4.10047279946899e-07,-3.423040571050459e-07,-3.237645014899254e-07,6.870951180241559e-07,-1.447054223233751e-07,-5.821112123203677e-07,1.1888957962600327e-06,-3.68097193327103e-07,-3.207548256264914e-07,6.864397542250431e-07,-2.76478547925848e-07,-3.349370958070095e-07,-3.1930286602071713e-07,-8.146086381387481e-07,3.441025853066683e-09,-2.846728281276698e-07,1.2053389732174735e-06,-1.265189359423963e-07,1.2462159917647449e-06,7.443684770485261e-09,-3.421312355587363e-07,5.91718710519435e-07,1.4960150352653023e-06,no movement,no movement,no movement,no movement
9300.00000000002,0.0341552882684866,0.315000350391447,-0.2862317800666666,0.0424465688583644,0.3347562728223286,-0.2773254637333333,0.0446026301832372,0.3346211996488052,-0.2655655768666666,0.0440126306294453,0.3346211925512477,-0.2708308394333333,0.0271973046755165,0.344443982229643,-0.3021229651,0.0286437161272783,0.342339078099237,-0.3149691263999999,0.0331877272016971,0.3325386962933817,-0.2949347994999999,0.0532366895046037,0.339002133029432,-0.1712508545,-0.0443329903780932,0.3033551704373179,-0.2283101913999999,0.046846880940302,0.3143935356608576,-0.2313026671999999,0.0228854186367942,0.2853346455368242,-0.2758413284666666,0.1018856248267165,0.219675303752356,-0.0296576529233333,-0.1177964760658302,0.258979332270739,-0.0836885647866666,0.1391724252311225,0.049267426111864,0.0081137729243333,-0.154347633367215,0.0126692625989993,-0.1287999079,0.1582639167553238,-0.1349844483085367,0.005332844703,-0.1006982770131172,-0.1499701473889832,-0.1667490477666666,0.1536619795210646,-0.1767429277389622,0.0090294560682333,-0.0652536919972627,-0.184593721391731,-0.2104092354333332,0.1287609499446105,-0.1843086660508758,-0.0114425979283333,-0.0274070717121322,-0.1559286448494379,-0.2200002961333333,0.1538498695133936,-0.1611586260846946,-0.0021667565619666,-0.0804856123678462,-0.1468558882994441,-0.174792409,0.0698900550031306,-0.16370483698386,0.061388392,-0.0672458801578578,-0.1661588515720405,-0.06055046297,0.0758684013612291,-0.4909954983406154,0.0550867599166666,-0.0378427845911101,-0.4403640834990058,-0.0864251569933333,0.0696794463701909,-0.7740972047821011,0.2007522030666666,-0.08394221570513,-0.778721547928096,0.0490969710033333,0.0533593624941209,-0.8045880369763009,0.2185928173333332,-0.0874845522226307,-0.8085126831097779,0.0210648794766666,0.1022372244826648,-0.8309290450187323,0.1811439544999999,-0.0615174158332687,-0.8363249454606689,-0.06366844788,nijmegen_nijmegen_rennen_g_ch1_g11_compr.mp4,ch1g11,1.0808318376292553e-05,9.896231826792909e-06,1.856437556145652e-05,1.1017282596136228e-05,1.6788091971728426e-05,9.599898183610575e-06,1.852377289098458e-05,2.099910959862807e-06,1.9111765163643543e-05,6.467127589181799e-06,2.475876964716593e-05,1.3421430174195772e-05,2.0519527335705215e-05,1.8424261933927017e-05,2.7697586176142625e-05,6.458137203418266e-06,1.3381529312174914e-05,2.3745428311972536e-05,1.3021459466952393e-05,2.0445933650519396e-05,8.840940230928015e-06,1.828550575639723e-05,2.0350187416535724e-05,1.336183429994356e-05,1.589825377534245e-05,3.0306031429770127e-06,1.5212874565904432e-05,2.286183556929174e-05,1.0790613868028577e-05,2.823877345395474e-05,3.15971675317139e-06,1.543962775695237e-05,8.601332312417609e-06,3.8847596138692226e-05,2.055025254722371e-05,-0.0001394556156751,-0.0001295203535348,-0.0001294385377426,-0.0001299215383078,-0.0001222186578123,-0.0001206622461864,-0.0001095151430942,-0.0001653680780189,-7.769710569866464e-05,-0.0001569626279539,-0.0001387946191284,-0.0002707991724671,-0.0001658493433923,-0.0003373804146683,-0.0001769360895918,-0.0003779139768233,-0.0001609079135701,-0.000375998616498,-0.0001286832935057,-0.0004169128657969,-0.000120343556033,-0.0003990761243151,-0.0001515624396553,1.1056863784415325e-05,-9.342729730573446e-06,-7.36916824146383e-06,-9.947776479242858e-05,-7.406078407131808e-05,-0.0001325793911961,-8.595465416741257e-05,-0.0001339886850162,-7.979098656775591e-05,-3.1977560868043424e-05,-2.0716642864770797e-06,-1.744481039482775e-06,-1.5992146089189811e-06,-2.062546522189556e-06,-6.029378975130863e-07,-1.6817475494342051e-06,-1.573436982885361e-06,1.218505716538513e-07,-1.8976757554957416e-06,-8.373253768210909e-07,-2.313223113139621e-06,-1.1828554493372822e-06,-1.5387803803024591e-06,-1.6061168259012142e-06,-5.742741694142538e-06,-1.1402989097481485e-06,-1.5606889796812257e-06,-2.0539122358844053e-06,-1.25009549603321e-06,-1.545681884564614e-06,-1.5411219808186544e-06,-1.290603936600071e-06,-1.5362303672818936e-06,-1.3268644895620207e-06,-4.730701412110057e-07,-9.332184963300865e-08,-1.1035123477882627e-06,-2.2815357765755905e-06,-1.3309307282867748e-06,-2.462100823745995e-06,-1.0002581789261249e-07,-1.3389470142887028e-06,-1.5505021395820013e-06,-8.718905086532892e-08,5.084302394800959e-07,-2.4218879567883983e-07,4.0636892354999383e-08,-8.229944108342591e-07,5.474077246930928e-07,-2.4360559931080896e-07,-6.642329161710517e-08,1.3611222916551617e-07,1.108989288012435e-07,1.0889036141175411e-06,-2.4710111466741776e-07,-2.8049136659764625e-07,-2.435356405968065e-07,9.190248148212852e-07,3.6921066049287965e-08,-3.537673717248617e-07,1.018652169266898e-06,-2.0206734173994882e-07,-2.668857320539411e-07,5.788514202020887e-07,-2.1308575824483914e-07,-2.740807340103201e-07,-1.716854824730014e-07,-7.56972440626354e-07,-1.684383055888157e-08,-1.8516994388314415e-07,1.0802133477165616e-06,-5.5924040448742866e-08,1.049419933791976e-06,-1.2185882245516452e-08,-2.356198099425239e-07,5.138161572370309e-07,1.5071894878482855e-06,no movement,no movement,no movement,no movement
9316.666666666686,0.0344328731981673,0.3149185508211643,-0.2858581522999999,0.0427282772673065,0.3346856980805422,-0.2769315773666667,0.0448823406408104,0.3345532239938849,-0.2651713825333333,0.044294780810246,0.3345518177385378,-0.2704383021333333,0.0275189808774589,0.3443793342797117,-0.3017825272,0.0289681720226871,0.3422754892871457,-0.3146250361,0.0335153231338392,0.3324846268799665,-0.2945964656666666,0.0533004488762472,0.3388977670652879,-0.1708856906,-0.0440826152548997,0.3033196065102377,-0.2281703425333333,0.0470079278378804,0.3142955055509057,-0.2309428572999999,0.0231032928266215,0.2852464969666788,-0.2755483706666666,0.1017199705152132,0.2194707010835578,-0.0293015431699999,-0.1177288127586706,0.2588596971131282,-0.0836451428033333,0.1389065708074304,0.049032718752793,0.0086553914986666,-0.1543212962095559,0.0125411068098887,-0.1287910297666666,0.1583176437737312,-0.1353280025517379,0.006097508127,-0.1006548401549822,-0.1501126317463594,-0.1666878397666666,0.1537689479413433,-0.1771023444328386,0.0099039302925666,-0.0651634784521604,-0.1847152952540574,-0.2103582694999999,0.128961512694768,-0.184732396418232,-0.010653284955,-0.0272948749548832,-0.1560537528728234,-0.2199138678999999,0.1539526798973152,-0.1615322185372538,-0.0014357584139666,-0.0804276865615029,-0.1469937805040247,-0.1742668,0.0698385282026703,-0.1636937563664076,0.06149502086,-0.0671959535721427,-0.1661683784274602,-0.06065659202,0.0759096635029132,-0.491014887735211,0.0550307458833333,-0.0378040890256126,-0.4404564189376094,-0.0867178677066666,0.0698973982851762,-0.7741672874449838,0.2004714850666666,-0.0837716963300819,-0.7788498925895617,0.0490271893633333,0.0535878267063559,-0.804667787175206,0.2183016307666666,-0.087305820261122,-0.8086425356293677,0.0210197156733333,0.10242123774494,-0.8309848839885372,0.1808597342333333,-0.0614264651723064,-0.8363613571730327,-0.0637502876633333,nijmegen_nijmegen_rennen_g_ch1_g11_compr.mp4,ch1g11,8.866366901562705e-06,8.184809454691465e-06,1.7048985656053507e-05,8.999264520435308e-06,1.5386871793506988e-05,8.056697270274941e-06,1.7033063768760086e-05,2.34602628879028e-06,1.7174133249479266e-05,5.440346392539724e-06,2.3324340011645804e-05,1.2015547174758702e-05,1.9085692787455032e-05,1.6903276557331978e-05,2.2418421121082854e-05,5.2687755063639965e-06,1.1084724811983864e-05,2.2558542576513815e-05,1.1590188009397856e-05,1.9013148403326343e-05,7.696578594361491e-06,1.7077473969688502e-05,1.8922149803720077e-05,1.2128901440890538e-05,1.4698858363308183e-05,2.950082944962373e-06,1.4219469334626946e-05,2.1429409845150908e-05,9.280238512160967e-06,2.67995471309762e-05,3.075521104648392e-06,1.4300983307077003e-05,7.241018080484008e-06,3.33134069046088e-05,1.8718677711787892e-05,-0.0001217496479293,-0.0001108987125871,-0.0001096097579246,-0.0001104072897716,-0.0001071403975733,-0.0001057728418255,-9.522262202629476e-05,-0.000137778542607,-6.861713431429304e-05,-0.0001355514430956,-0.0001238596389494,-0.0002313371077634,-0.0001431147418142,-0.0002683016386634,-0.0001447959582762,-0.0003546469888103,-0.0001326667030437,-0.0003622311609177,-0.0001044718470028,-0.0004073642651426,-9.9612484741457e-05,-0.0003780994552489,-0.0001259530517912,1.1274933012295073e-05,-9.583927526296965e-06,-1.4313096054934062e-05,-8.356812798914226e-05,-6.88366602659163e-05,-0.000123775254505,-7.963687579703448e-05,-0.0001260667229036,-7.004166253827197e-05,-3.616052745628491e-05,-1.879826553305671e-06,-1.2527062763380549e-06,-1.7432861971024945e-06,-1.8855179551320133e-06,-1.3183493847220278e-06,-1.1641288642811195e-06,-1.721572913786462e-06,1.93500769433914e-08,-1.6752004825480031e-06,-6.646840150766532e-07,-1.3688962226688263e-06,-1.3089341526556517e-06,-1.7453626298560995e-06,-1.7499038435552884e-06,-4.684929710216554e-06,-9.64366228102462e-07,-1.7566618775470754e-06,-1.206756652756551e-06,-1.3254969111647085e-06,-1.752140899515356e-06,-1.0534136877311728e-06,-1.4221425385276637e-06,-1.737151270773854e-06,-1.31105933832944e-06,-1.137386336166676e-06,-1.1889555522102301e-07,-1.171041456734862e-06,-1.3272588683808445e-06,-1.31587644505184e-06,-1.611852846684515e-06,-1.2028125254348885e-07,-1.4957767608316522e-06,-1.118188995027348e-06,1.4150196565169145e-07,4.861007318573717e-07,-1.496360439785453e-07,1.762216334851375e-07,-6.10024543803278e-07,5.000288526296779e-07,-1.5259179583425224e-07,-6.338203691036723e-08,2.218215948854688e-07,1.838719961054328e-07,9.454688517473052e-07,-6.685544344679548e-08,-1.9928738102370505e-07,-1.491385944965483e-07,1.0845283821582124e-06,2.0782924046080442e-07,-3.3275859952001185e-08,8.794583975472626e-07,-2.44889004587908e-08,-1.9322405082374037e-07,4.954935181147861e-07,-1.3758195285241918e-07,-1.9431535810563838e-07,-2.489742792654577e-08,-5.721194364244835e-07,-3.2872452529306697e-08,-8.016182597188588e-08,9.656829165942103e-07,4.778922119308352e-08,8.90090306369898e-07,-2.8496768076306124e-08,-1.1860639178437719e-07,4.522041613476266e-07,1.5414581709307108e-06,no movement,no movement,no movement,no movement
9333.333333333352,0.0346977403681915,0.3148392049068628,-0.2855786085,0.0429893213725438,0.334618790732291,-0.2766304795333333,0.0451411595319946,0.3344888500317638,-0.2648680127666667,0.0445559948785092,0.3344863178331627,-0.2701353734333333,0.0278209291506483,0.3443168862411793,-0.3015402055,0.0292730323491231,0.3422139663337539,-0.3143804494333333,0.033822306317608,0.3324326233252508,-0.2943562052999999,0.0533447501285026,0.3387966784880409,-0.1705952888333333,-0.0438486864067424,0.3032821166043348,-0.2281440747666666,0.0471593698512603,0.3141993206954168,-0.2306705082666666,0.0233123367243181,0.2851587286267695,-0.2753536273999999,0.1015569232166419,0.219272216951133,-0.0289898586833333,-0.1176675671899746,0.2587391499884303,-0.08369734157,0.1387165426828307,0.0488208625460061,0.0092029166146666,-0.1543057730781882,0.0124284885681964,-0.1288950855666666,0.1583770008674296,-0.1356733821651948,0.0069472749703333,-0.1006157516968749,-0.1502579378246842,-0.1667775824999999,0.1538774176192941,-0.1774521345482936,0.0108745105025666,-0.0650852220930131,-0.1848351490965262,-0.2104834591333333,0.1291506708300522,-0.185129675418012,-0.0097688370016666,-0.0271893349194176,-0.1561803340370594,-0.2199858097333333,0.1540568326861839,-0.1619019037800306,-0.0006160167109666,-0.0803708490344106,-0.1471367450070184,-0.175429329,0.0697881312422164,-0.1636826724757937,0.0615927337366666,-0.0671473667014833,-0.1661777590600789,-0.06075411987,0.0759339179444833,-0.4910356327080413,0.0549905153566666,-0.0377859068371611,-0.4405396679009227,-0.0870004188066666,0.0701108483271917,-0.7742377783416949,0.200236231,-0.0836621235701923,-0.7789979747021063,0.0489372680566666,0.0538115242294016,-0.8047481627600568,0.2180570788666666,-0.0871942944080835,-0.8087955454351876,0.0209514306666666,0.1025196252735233,-0.8310411229623177,0.1805538769666666,-0.0613899147841648,-0.8364031038735237,-0.06393169713,nijmegen_nijmegen_rennen_g_ch1_g11_compr.mp4,ch1g11,6.944343730946508e-06,6.673347038258811e-06,1.527768788959671e-05,7.087370393589341e-06,1.3605860949196973e-05,6.636396153904479e-06,1.527988946957436e-05,2.645734935873057e-06,1.53139073789615e-05,4.611279344308933e-06,2.2268143129206703e-05,1.0726474130040823e-05,1.7321239558482533e-05,1.5121750294929164e-05,1.8340347477192795e-05,4.544838984733532e-06,8.874263225021685e-06,2.1739304770065233e-05,1.02891020480292e-05,1.724403879591642e-05,6.4004119989500096e-06,1.5620507300511707e-05,1.7164206187278738e-05,1.0798304103270605e-05,1.3054373647842922e-05,2.8161628648988627e-06,1.3058334499725798e-05,2.044200854901155e-05,7.878530154177208e-06,2.553945944869317e-05,2.939008566024152e-06,1.2866962673270056e-05,5.9623414758049535e-06,2.9137749379301724e-05,1.662174155412887e-05,-0.0001033009354863,-9.110231548446328e-05,-8.9030646260802e-05,-8.988079310136941e-05,-8.999842084891926e-05,-8.893025662963409e-05,-7.91111380895782e-05,-0.0001095835558237,-5.769150964557428e-05,-0.0001138894018146,-0.0001077991190784,-0.0001963657161567,-0.0001220589311822,-0.0002195582545527,-0.00011563601799,-0.0003386357208809,-0.0001079949097975,-0.0003531218944876,-8.280089989614388e-05,-0.0003976568958292,-7.89814545963911e-05,-0.0003630218829843,-0.0001031192267722,1.1285844429621752e-05,-9.611952533278671e-06,-2.165134075701099e-05,-6.921055198006785e-05,-6.496130794282311e-05,-0.0001194805840527,-7.436096687066437e-05,-0.0001226513503248,-6.713118790387039e-05,-4.626420961045992e-05,-1.5125240211931389e-06,-7.796952833132906e-07,-1.8025661257472029e-06,-1.5568910907435274e-06,-1.8365897316494753e-06,-6.885799878308975e-07,-1.7841520173524482e-06,-5.9599817894612484e-08,-1.393527953897553e-06,-4.2953482570006594e-07,-3.815750074881876e-07,-1.246304072440565e-06,-1.873679197765995e-06,-1.8088806901173191e-06,-3.429553079222265e-06,-5.629681331889465e-07,-1.523073560315612e-06,-2.596581468819346e-07,-1.2228905277151165e-06,-1.8827527590751543e-06,-6.142320243217638e-07,-1.4884317911852607e-06,-1.8614745831505977e-06,-1.1850938715777156e-06,-1.6329126293566492e-06,-1.6191912997361e-07,-1.1553782549498306e-06,-3.314548910624722e-07,-1.1925944775261917e-06,-6.01729938257867e-07,-1.5908723881259644e-07,-1.536244553935819e-06,-7.164144285057162e-07,3.258280299727324e-07,4.846984479247117e-07,-4.681002014532691e-08,3.1720951963409365e-07,-3.142655031957728e-07,4.824728240202584e-07,-5.0223082269823985e-08,-2.7914752966194613e-08,2.952017025308893e-07,2.4338662943988074e-07,8.332861311420979e-07,9.863727107657227e-08,-9.900196033214036e-08,-4.432483087549136e-08,1.1663389882816106e-06,3.235426550647769e-07,3.028671370687328e-07,7.773281514460605e-07,1.329078632259805e-07,-9.877121109587869e-08,4.600857712122799e-07,-5.257430660079885e-08,-9.549476863012797e-08,1.044262220631931e-07,-3.039321604820474e-07,-4.1050636408767835e-08,2.205125836822011e-08,8.683480220757664e-07,1.594277329817656e-07,7.884218482164531e-07,-3.7727727503521853e-08,7.618198385268454e-09,4.1799694212689065e-07,1.5652250278460867e-06,no movement,no movement,no movement,no movement
9350.000000000018,0.0349278662152795,0.3147196734509178,-0.2857203314333333,0.0432237252240414,0.3345135144856941,-0.2767466843666666,0.0453739625501272,0.3343841087808187,-0.2649812334666667,0.0447904055596797,0.3343811946673472,-0.2702433045333333,0.0280808302481151,0.3442102140955936,-0.3016939199333333,0.0295378974119736,0.3421088332810686,-0.3145377759,0.0340886582717908,0.3323394524737597,-0.2945090961999999,0.0533887620765845,0.3386749863643901,-0.1706338013666667,-0.0436621904078325,0.3032145985623584,-0.2283763401333333,0.0472943041694958,0.3140697266152915,-0.2307910770333332,0.0234895253205834,0.2850357946791214,-0.2755294521666666,0.1014032907589553,0.2190747945801591,-0.0288919247733333,-0.1176279460008059,0.2586128086056442,-0.0838962402833333,0.1385766703729575,0.0486060343129933,0.0095839785926666,-0.1542950001735429,0.0123160806019991,-0.1290623178333333,0.1584242924725222,-0.1359955411363654,0.0075302067186666,-0.1005865957870901,-0.1503609507900173,-0.1669275477999999,0.1539721909445974,-0.1777926946402215,0.0115064957886333,-0.0650232073783127,-0.1849118332279505,-0.2106832931666666,0.129312964655241,-0.185494995050151,-0.0091975568886666,-0.027109005606775,-0.1562374477751269,-0.2201391004666666,0.1541440265658129,-0.1622497979998122,-5.614196196666665e-05,-0.0803219973475317,-0.1472334762529144,-0.177351728,0.0697447071569231,-0.1636700043761171,0.06167447157,-0.0671060129957851,-0.1661886162506488,-0.06083576855,0.0759672607061561,-0.4910610427092881,0.0551787977366666,-0.0378178229456039,-0.4406014468082531,-0.0872202457033333,0.0703881904596511,-0.774284846884642,0.2003154912666666,-0.0835477563329332,-0.7791205646253464,0.0489507634166666,0.0541030990468207,-0.8048051375323687,0.2181281340666666,-0.0870681684651631,-0.8089221781768485,0.0209978873933333,0.102681767039758,-0.8310824320445402,0.1804553038,-0.0613572086540614,-0.8364452489485898,-0.0640166127633333,nijmegen_nijmegen_rennen_g_ch1_g11_compr.mp4,ch1g11,5.7028898276848995e-06,6.112948142487245e-06,1.3554449197544086e-05,5.862097661492158e-06,1.1637530285067157e-05,6.147682882314103e-06,1.3558137071122928e-05,2.9249323785819265e-06,1.3965295586324488e-05,4.2226732106328135e-06,2.237151904917651e-05,9.627701010980236e-06,1.5511809052846956e-05,1.3386889199814864e-05,1.5431706819022536e-05,4.326895148610897e-06,7.0243661922133695e-06,2.196536469870299e-05,9.206587747433355e-06,1.5403878612442165e-05,5.9779623091355496e-06,1.4140125958863231e-05,1.5385945299524305e-05,9.77073248307884e-06,1.1287195673780006e-05,2.65334555407192e-06,1.199602003038467e-05,2.0575948204972455e-05,6.847726014633372e-06,2.5394359036400485e-05,2.7704756971510288e-06,1.153692601160707e-05,5.50979107590385e-06,2.70783962573042e-05,1.456578333387491e-05,-9.285863915846128e-05,-7.982331767694929e-05,-7.779062057631425e-05,-7.842784349321099e-05,-8.101439263845885e-05,-8.018743267192448e-05,-7.061573883649491e-05,-9.26093251335825e-05,-5.33577027300431e-05,-0.0001017477280196,-9.915723086594438e-05,-0.0001731595581437,-0.0001074484979261,-0.0001931174104321,-9.654999760049628e-05,-0.000341389949965,-9.924576488869416e-05,-0.0003608707749117,-7.593116749055075e-05,-0.000406172115275,-7.393281558986299e-05,-0.0003672746359273,-9.609558433464411e-05,1.122386941428328e-05,-9.56802547278758e-06,-2.8829225957561104e-05,-5.969374371577896e-05,-5.949418682084903e-05,-0.0001173165105409,-6.76307524921685e-05,-0.0001206258051517,-6.421626721029355e-05,-5.793174558787998e-05,-1.0916919561156455e-06,-2.698094111315933e-07,-1.7936623038128143e-06,-1.1240114416910009e-06,-2.051960435940402e-06,-1.8188386588194402e-07,-1.77813955217878e-06,-4.7451324627949685e-08,-1.068263596297255e-06,-1.3104038100626118e-07,6.861593896722857e-07,-1.0283517248877517e-06,-1.90900591675494e-06,-1.800321320194586e-06,-2.147097153216147e-06,-8.831952323718278e-08,-9.766059748216696e-07,7.769823995400391e-07,-9.734399333452197e-07,-1.9205644639212557e-06,-1.1599961966557533e-07,-1.4922141947645446e-06,-1.8915900896234272e-06,-1.0149603800476489e-06,-1.8609779252152168e-06,-1.991919720020442e-07,-1.0728084072486796e-06,7.483154324715631e-07,-9.595952517154353e-07,5.310351951605286e-07,-1.9462460838724053e-07,-1.4330393423253331e-06,-2.9673580771118885e-07,4.299788138066913e-07,4.6003999824007595e-07,4.852094337570452e-08,4.282227804811734e-07,-8.234584805050719e-09,4.481093584560298e-07,4.5834971725030114e-08,2.9648566465790684e-08,3.313283981926453e-07,2.655023697022748e-07,6.987915144374396e-07,2.2812734167263194e-07,3.261726146416029e-09,5.307615821332166e-08,1.155775375697331e-06,3.685870003149149e-07,5.813426077937597e-07,6.602809225824711e-07,2.501092117352689e-07,7.509795085804928e-10,4.1952092338583155e-07,2.6930676013891983e-08,4.5157915032289056e-09,1.9038709611788825e-07,-2.2774529983940113e-08,-4.2021868742508686e-08,1.0248670546239065e-07,7.408534792010672e-07,2.601891538581196e-07,6.727591011352235e-07,-4.0245967211022385e-08,1.2125218383980988e-07,3.746694227003418e-07,1.509864943104644e-06,no movement,no movement,no movement,no movement
9366.666666666684,0.035114971681722,0.3146097206320173,-0.2858255714,0.0434068694553095,0.334420297569122,-0.2768613070666667,0.0455551254968586,0.3342922802514236,-0.2650926901666667,0.0449744055575314,0.3342892386304711,-0.2703521744,0.0282888919902336,0.3441169099094437,-0.3018258190333333,0.0297483338531991,0.3420156097640442,-0.3146716340333333,0.0342994840209454,0.3322552561660399,-0.2946437838,0.0534137895691964,0.3385728541700317,-0.1707089414666667,-0.0435018862075006,0.3031528929228095,-0.2285741644666666,0.0474059956745536,0.3139537836512412,-0.2308770924999999,0.0236399628031282,0.284922809739501,-0.2756461572666666,0.1012509897975186,0.2188949450985676,-0.0288479019133333,-0.117594151188244,0.2585121266328251,-0.0841000362633333,0.1384342717192776,0.0483922184070818,0.0098506857951,-0.1543123237370561,0.012221570272958,-0.1292383010333333,0.1584491440313226,-0.1363618413802946,0.008014999295,-0.1005727512694793,-0.1504782788990142,-0.1670645177666666,0.1540401106199501,-0.1781728644859656,0.0120446950170333,-0.0649757468513532,-0.1850085417395693,-0.2108500019,0.129426815855888,-0.1859207960290847,-0.0086906114536666,-0.027048163223528,-0.1563311160963514,-0.2202636498666667,0.1542045301773967,-0.1626392588335113,0.0004243609903666,-0.0802929090550994,-0.147347411033514,-0.17805773,0.0697017143490453,-0.1636592578909556,0.0617566889766666,-0.0670649144569421,-0.1661977801023224,-0.0609181846366666,0.0759888145188402,-0.4910920461657434,0.0552235876466666,-0.0378442315124233,-0.4406666536977361,-0.0874310986233333,0.0705071538127388,-0.7743621805999877,0.2003755151333333,-0.0834642044613344,-0.7792471150684818,0.0490564757766666,0.0542193391361661,-0.8048900136866688,0.2181699829999999,-0.0869784562782612,-0.8090529870715891,0.0211433709699999,0.1027271184985302,-0.831182223481029,0.1803415741666666,-0.0613080623163665,-0.8365280823043482,-0.06393066823,nijmegen_nijmegen_rennen_g_ch1_g11_compr.mp4,ch1g11,4.861236582673088e-06,6.011744685437496e-06,1.1728515804095454e-05,4.874077102871565e-06,9.532325313850024e-06,6.068727252587653e-06,1.1743862233534248e-05,2.6707441684236345e-06,1.3085038304138132e-05,4.304793128062173e-06,2.3279356034108847e-05,9.11146574062447e-06,1.3498784705256516e-05,1.1555465704368403e-05,1.3665474008645317e-05,4.708693487004229e-06,6.565022901333593e-06,2.2938075527946984e-05,8.71202701508387e-06,1.3368875105464657e-05,5.7566975708751804e-06,1.2597612166730356e-05,1.339167962764155e-05,8.872598009080878e-06,9.302859423482164e-06,2.401127036871984e-06,1.0928475163255704e-05,2.1559385577870743e-05,5.921169527401468e-06,2.608932693493175e-05,2.52588560285836e-06,1.0020355632836104e-05,5.266325354630524e-06,2.6673019854225066e-05,1.2745297492197744e-05,-8.78523117348208e-05,-7.3017659953555e-05,-7.102603080469104e-05,-7.136666315485035e-05,-7.509231541980401e-05,-7.476208344635612e-05,-6.583660549003758e-05,-7.899131186092022e-05,-4.954378172193724e-05,-9.5145303467908e-05,-9.469179834997453e-05,-0.0001584462294068,-9.385629316048032e-05,-0.000185005527536,-7.991518231483656e-05,-0.0003577397759004,-9.791714086836144e-05,-0.0003785185226985,-7.385226807142977e-05,-0.0004236162956,-7.426650570196613e-05,-0.0003838189096917,-9.581028387119942e-05,1.0858574296669262e-05,-9.250843699567917e-06,-3.7380741283383734e-05,-5.7571766814571464e-05,-6.240143257944873e-05,-0.0001205213770582,-6.925321818950498e-05,-0.0001238049047174,-7.761208908407761e-05,-7.320501224499984e-05,-6.626924798300173e-07,1.8987275502127785e-07,-1.7015973013717428e-06,-6.278588039032709e-07,-1.818453679772696e-06,2.6600143026935444e-07,-1.686280060664817e-06,5.9500195445036434e-08,-7.360772080908202e-07,1.6856407895224253e-07,1.481737507841755e-06,-7.138299358654288e-07,-1.8459180573945991e-06,-1.704175523990781e-06,-9.934685948199667e-07,3.113254178073959e-07,-1.237667490945507e-07,1.557653975535621e-06,-6.466239622110609e-07,-1.8578840998654115e-06,3.0843741892223436e-07,-1.4316549948776996e-06,-1.828130546628788e-06,-8.268803548378298e-07,-1.6760694373906636e-06,-2.434352115941637e-07,-9.51466345503539e-07,1.5843674386075342e-06,-6.464685678974222e-07,1.3460520745416815e-06,-2.37977954213172e-07,-1.2521818211236408e-06,6.281701231994028e-08,4.593028760546074e-07,4.121552339146391e-07,1.3839187525901294e-07,5.050743072455585e-07,2.5836338847921577e-07,3.96820007043184e-07,1.3622990438592358e-07,1.098071465877846e-07,3.239529941870004e-07,2.4414095380482485e-07,5.1499074468603e-07,2.968114549112897e-07,1.08262503097393e-07,1.4471857103192286e-07,1.0458669333505802e-06,3.379559689303028e-07,7.334940269468638e-07,4.947655729072676e-07,3.058056336673127e-07,1.0503302501421375e-07,3.771248127534608e-07,1.0011299166188197e-07,1.0761703517770877e-07,2.3530680373140327e-07,2.2894445812106913e-07,-3.3836023916802876e-08,1.603210941091149e-07,5.5824042280727e-07,3.439508601224584e-07,4.983588826646643e-07,-3.438088886137036e-08,2.221380582937129e-07,3.3055426961191696e-07,1.3529382855899223e-06,no movement,no movement,no movement,no movement
9383.33333333335,0.0352695605228443,0.314492182595499,-0.2858907759,0.0435544387127153,0.3343166707175437,-0.2769543280666667,0.0457006875429306,0.3341896377509714,-0.2651824865333334,0.0451227381751896,0.3341864628229772,-0.2704397863,0.0284589951584384,0.3440125340860467,-0.301926078,0.0299200868223917,0.3419114001947161,-0.3147734189,0.0344725765560621,0.3321597610163845,-0.2947481306666667,0.0534073959955685,0.3384744026529638,-0.1708037277333333,-0.0433699174365534,0.303085348534258,-0.228744069,0.0474994591055893,0.3138329484540861,-0.2309385597999999,0.0237680420960352,0.2848055959812678,-0.2757255416999999,0.1010912610351073,0.2187235532818185,-0.0288666743966666,-0.1175757206267079,0.258416033962732,-0.0842906494333333,0.1382753556962341,0.0481829292791101,0.0100628656567666,-0.1543323020355994,0.0121405694402468,-0.1293983752666666,0.1584351562921832,-0.1367324834652247,0.00848204684,-0.1005706568272313,-0.1505699898547468,-0.1671785588333333,0.154061401662831,-0.1785618938942224,0.0125624556178333,-0.0649462938217967,-0.1850771698119103,-0.2109893615333333,0.1294793832107393,-0.1863539353659609,-0.0082027604436666,-0.0270142549273747,-0.15640154721064,-0.2203575440666667,0.1542208080249099,-0.1630362746158174,0.0008904978597,-0.0802788573385221,-0.147437972497015,-0.178008541,0.0696622727915985,-0.1636484185813421,0.0618254024533333,-0.0670272167362148,-0.1662071603995055,-0.0609872052,0.0760084327254311,-0.491125866910626,0.0552701933866666,-0.0378848330537829,-0.4407338112279824,-0.0875534669566666,0.0706050824911387,-0.7744337414603853,0.2005160221666666,-0.0833808746134832,-0.7793583798032111,0.0493497126233333,0.0543124361040177,-0.8049673490590314,0.2183098691333332,-0.0868883245345796,-0.8091659950437499,0.02148591787,0.1027262004004792,-0.8312702683495088,0.1803711489999999,-0.0612477188030324,-0.8365967987012347,-0.06358595321,nijmegen_nijmegen_rennen_g_ch1_g11_compr.mp4,ch1g11,4.4218714165923145e-06,6.871051081528914e-06,9.961132307888227e-06,4.4266864462385385e-06,8.287292568443819e-06,7.058799058849687e-06,9.991000324354352e-06,2.4746300352231176e-06,1.2667972770591056e-05,4.959291856606203e-06,2.5489000400814404e-05,8.909234496124825e-06,1.1493504497305524e-05,9.792921260676304e-06,1.3346620345554158e-05,5.369247059730581e-06,7.400554121081305e-06,2.50901762697142e-05,8.559782606439586e-06,1.135855175178075e-05,6.844691576401972e-06,1.1118371697501648e-05,1.1392587516552592e-05,8.120919922424081e-06,8.096536028325596e-06,2.1218301567757533e-06,9.948484340286856e-06,2.380333263887625e-05,5.378759884508076e-06,2.8313129297446053e-05,2.260521359212389e-06,8.588788640022788e-06,5.884371217018731e-06,2.8487502790234936e-05,1.1782350102058592e-05,-8.735322479020726e-05,-6.967937922277147e-05,-6.795054439362981e-05,-6.79341446837573e-05,-7.223988019289989e-05,-7.266188674020423e-05,-6.466592608126187e-05,-6.982995555281314e-05,-4.970109951811302e-05,-9.279413975278732e-05,-9.438342280998576e-05,-0.0001521112413763,-8.54770732718326e-05,-0.0001920358869579,-7.12465915920101e-05,-0.0003948710395392,-0.0001118438255458,-0.0004149304955276,-8.701365318161101e-05,-0.0004643110427019,-9.713983081750422e-05,-0.0004216597049042,-0.0001123112566508,1.0388475602870188e-05,-8.858495617193233e-06,-4.807918391646782e-05,-6.420662308470157e-05,-7.481365535156374e-05,-0.0001249250741368,-8.021072362277515e-05,-0.0001276019095928,-9.691233872506211e-05,-8.689414234195433e-05,-3.026661342591133e-07,5.995253011670385e-07,-1.552915520250385e-06,-1.2327131061490106e-07,-1.323118736440205e-06,6.533919559303895e-07,-1.5374975992230915e-06,2.465702918257937e-07,-4.172128874492495e-07,4.0603275300730595e-07,1.894334868246752e-06,-4.070063169650592e-07,-1.711154515569929e-06,-1.5487168890164609e-06,-4.8859907521606365e-08,5.848318753473759e-07,7.572005349808967e-07,1.955875166804529e-06,-3.435353814179194e-07,-1.7216459514141818e-06,6.574156625847454e-07,-1.322756294604565e-06,-1.6958991579515178e-06,-6.448382417611511e-07,-1.2357420143990093e-06,-2.807396104394324e-07,-8.062050621766619e-07,2.052454612821203e-06,-2.6403831021359554e-07,1.7142875796694355e-06,-2.764360795132561e-07,-1.005419593407021e-06,3.7943577308698465e-07,4.2124029183646084e-07,3.204380818169063e-07,2.123484578004369e-07,5.258707143318797e-07,4.130478148037868e-07,3.0237336165152413e-07,2.10196267753613e-07,1.76054903444476e-07,2.729005311928396e-07,1.7916788210856157e-07,2.572990081716439e-07,3.151686139016627e-07,2.014088996436846e-07,2.1976499237856767e-07,8.404748825812804e-07,2.58045424877864e-07,7.268025798414146e-07,2.555411177510928e-07,3.112579472542923e-07,1.9876458297019465e-07,2.9168209109055554e-07,1.5747722751466797e-07,1.9932235198449913e-07,2.4006581397715194e-07,3.813996399558125e-07,-1.8944892039309162e-08,1.8985280505255565e-07,3.012086346955521e-07,3.90376933079435e-07,2.297350640566227e-07,-2.2149758988211004e-08,2.953617756644051e-07,2.622461214161074e-07,1.0845945059493872e-06,no movement,no movement,no movement,no movement
9400.000000000016,0.0354206190996597,0.3143968092918489,-0.2859419614,0.0436922476328448,0.3342387952680095,-0.2770299524666667,0.0458353425377602,0.3341129887980242,-0.2652542878666667,0.0452610619140235,0.334110177668178,-0.2705095068666666,0.028620748696567,0.343928963302357,-0.3020154293333333,0.0300829215394522,0.3418274244636158,-0.3148639653,0.034636370896027,0.3320835170108481,-0.2948408089333334,0.0533985076802154,0.3383998853975369,-0.1708994389,-0.0432379879700565,0.3030199309274087,-0.2289288324666666,0.0475937144141449,0.3137324547460491,-0.2309899136666666,0.0238993615288522,0.2847012596777334,-0.2758036992666666,0.1009426158404677,0.2185603146253662,-0.0289301560766666,-0.1175490398312783,0.2583203001473518,-0.08448362111,0.1381462015542013,0.0479710022900676,0.0101512337276666,-0.1542998483576048,0.0120600381786211,-0.1295656209333333,0.1584108783927716,-0.1371609845842244,0.0088091894476666,-0.1005704592831525,-0.1506772750635925,-0.1672960882666666,0.1540578995843883,-0.1790145988014304,0.0129364338241666,-0.0649251865145172,-0.1851590436773253,-0.2111279056,0.1294882881874013,-0.1868612003332724,-0.0078442666603333,-0.0269943358975784,-0.1564998482180651,-0.2204524287,0.1542171010010444,-0.1634928083105978,0.0012256145906999,-0.0802718908428783,-0.1475473407423062,-0.178221494,0.06962837118151,-0.1636383012338893,0.0618854280566666,-0.0669951398280517,-0.1662157959177587,-0.0610472925166666,0.0760250237740688,-0.491170763435299,0.0552083180533333,-0.0379475703025911,-0.4407940074076235,-0.0877142864999999,0.0707027726943706,-0.774509002744196,0.2005806996666666,-0.0833179631900635,-0.7794764840977741,0.0495758860466666,0.0544027334693401,-0.8050473560403842,0.2183845830666666,-0.0868174867412971,-0.8092862343222509,0.0217547366799999,0.1026933107336164,-0.8313963990149283,0.1803611289666666,-0.0612057735311118,-0.8367042296778923,-0.0632950028233333,nijmegen_nijmegen_rennen_g_ch1_g11_compr.mp4,ch1g11,4.547643735873983e-06,7.936510119158982e-06,8.57326029320639e-06,4.655115467759814e-06,7.125779762724301e-06,8.16539757778112e-06,8.614157221264959e-06,2.7390931645267613e-06,1.273225488414326e-05,5.696572673248653e-06,2.7890067778245644e-05,8.722132165068844e-06,9.88948551879369e-06,8.413147992522114e-06,1.4192208172751578e-05,6.212840725650866e-06,8.789509251050617e-06,2.7461713421652273e-05,8.438997873837034e-06,9.732868292304806e-06,7.88492242826116e-06,9.945936492476832e-06,9.804708710764512e-06,7.741339915643944e-06,7.008733814565501e-06,1.8396695942348915e-06,9.294380463117262e-06,2.628895098977931e-05,5.403450124265654e-06,3.0614163692240124e-05,1.9873996970723327e-06,7.656168722746865e-06,6.584668160025629e-06,3.12599745657514e-05,1.0969914985908498e-05,-9.242182059832225e-05,-7.293879528536771e-05,-7.157927701708798e-05,-7.125829705291928e-05,-7.599259643381427e-05,-7.694431466964303e-05,-6.97777511097676e-05,-7.02532451876899e-05,-5.686369913698437e-05,-9.717740869432492e-05,-9.97208668772289e-05,-0.0001556862359183,-8.605684332282187e-05,-0.0002130693928918,-7.433356732648418e-05,-0.0004361992857606,-0.0001302909366815,-0.0004545791414911,-0.0001032030473319,-0.000505038972673,-0.0001214633985729,-0.0004626659730195,-0.0001324295204308,9.916471270521364e-06,-8.452871439338182e-06,-5.243505374533109e-05,-7.356456528710593e-05,-7.846608839022407e-05,-0.0001286102749492,-8.257961722604771e-05,-0.0001305886269576,-0.0001142628495277,-9.923936943620164e-05,2.9781153587913184e-08,9.174586342150158e-07,-1.3376347327288891e-06,3.507233118926006e-07,-7.432018112646542e-07,9.477348013469004e-07,-1.323685299295625e-06,4.6176280090846996e-07,-1.4873610564628394e-07,5.6277849088154e-07,1.9127288620994173e-06,-1.0104309270573844e-07,-1.5011459306146212e-06,-1.3233567283183013e-06,6.626069308685725e-07,7.134524022909179e-07,1.4673831282609722e-06,1.964229614181911e-06,-5.7479242259367384e-08,-1.5109175378555086e-06,9.548568857193742e-07,-1.159355099958232e-06,-1.49004700665695e-06,-4.400408957073892e-07,-6.954935426458351e-07,-2.9071252894158517e-07,-6.327809069496927e-07,2.1232868070568153e-06,1.3622019124997937e-07,1.680683325626398e-06,-2.90807012230379e-07,-7.269284716082084e-07,6.53518384592903e-07,3.3231628024917873e-07,2.101260654286023e-07,2.657220901237382e-07,4.851370275505145e-07,4.717839067528359e-07,1.9459040177675965e-07,2.629063230309154e-07,2.05208690552656e-07,1.855171445957676e-07,9.420153904884187e-08,-2.541621809378051e-08,2.977711241886313e-07,2.73526188886399e-07,2.736415257980224e-07,5.709903939665866e-07,1.4917321510114489e-07,5.921726360117564e-07,-1.6363206943691343e-08,2.834101393663013e-07,2.726729036034673e-07,2.0332979854376446e-07,1.9738314000256026e-07,2.701744726114825e-07,2.1373413092673247e-07,4.456089306090844e-07,7.526732412648605e-10,1.9353306477634218e-07,1.5002180252104493e-08,3.8776566881177763e-07,-6.959163662423776e-08,-4.810276096334545e-09,3.313262600509161e-07,1.9189355707703939e-07,7.783097033234831e-07,no movement,no movement,no movement,no movement
9416.666666666682,0.0355629227979633,0.3143020581981942,-0.2859952370333333,0.0438162246949756,0.3341616096900104,-0.2771079798999999,0.0459556633056101,0.3340369653691072,-0.265328142,0.045385286404739,0.3340345591590548,-0.2705814794666666,0.0287684934182963,0.3438459159704319,-0.3021079168666666,0.0302313091148507,0.3417439178893464,-0.3149576051666666,0.0347852846047964,0.332007378363995,-0.2949368479000001,0.0533826324078165,0.3383272414001656,-0.1710013385,-0.0431178602088198,0.3029505379703593,-0.2291257577666666,0.0476833772081228,0.313632855882587,-0.2310454964999999,0.0240255533658271,0.2845970962011031,-0.2758871835333333,0.1008063620421193,0.2184010331747746,-0.0290212306066666,-0.1175253483502884,0.2582225416225349,-0.0846799461466666,0.1380305330474496,0.0477308809307615,0.0101357241257999,-0.154261849388371,0.0119707685810396,-0.1297433843333333,0.1583791140339729,-0.1376238428715549,0.0089426111659999,-0.1005755348099876,-0.1508083130658298,-0.1674371620333333,0.1540363472298794,-0.1794905595335444,0.0131061393073333,-0.0649250782836707,-0.1852587085287396,-0.2112978394666666,0.1294779996565292,-0.1873830644459659,-0.0076880347836666,-0.0270015677231171,-0.1566209992648109,-0.2205859103333333,0.1542018429095935,-0.1639771733941273,0.0013633087863666,-0.0802753145250709,-0.1476805584900419,-0.179439425,0.0695978945405643,-0.1636291344377236,0.0619390924766666,-0.0669666073793104,-0.166223337732377,-0.06110045539,0.0760485662063528,-0.491229190887059,0.0550433725033333,-0.0380102088870659,-0.4408620390421116,-0.0878810627799999,0.0708027633209091,-0.7745890936810917,0.2007128198333333,-0.083267994424973,-0.7796018180692768,0.0497805677733333,0.0544947554693131,-0.8051305663123436,0.2185461503999999,-0.0867624039513364,-0.809413617665131,0.0219978120599999,0.1026394404936806,-0.8315244528974749,0.1804530612,-0.0611918549448278,-0.8368105972913154,-0.06306620754,nijmegen_nijmegen_rennen_g_ch1_g11_compr.mp4,ch1g11,4.844996135844512e-06,9.005215734332956e-06,7.368665340470321e-06,5.257554935422824e-06,6.501628404381569e-06,9.20488856803121e-06,7.42600111825887e-06,3.2555055822097933e-06,1.2881329960135928e-05,6.412725631231328e-06,2.9805267279753028e-05,8.316830854601795e-06,8.529974351648444e-06,7.220791699955878e-06,1.5557261202312936e-05,6.82636250718157e-06,1.0800407325124234e-05,2.9490301485907813e-05,8.139737644281553e-06,8.35712802474844e-06,8.94904308799126e-06,8.910302094870755e-06,8.45843869329161e-06,7.444373831646616e-06,6.447123440504074e-06,1.5548932166259469e-06,8.767555112213318e-06,2.858025837828567e-05,5.771094726890668e-06,3.2212456655225674e-05,1.698756727477972e-06,7.070052863231142e-06,7.284550465027113e-06,3.4170094225907926e-05,1.0383676110840097e-05,-9.74225776636824e-05,-7.712098548425507e-05,-7.581795500448887e-05,-7.534575279452408e-05,-8.055523721265607e-05,-8.208512861231993e-05,-7.603367193221254e-05,-7.37109625030331e-05,-6.792592339445368e-05,-0.000102208179762,-0.0001056883547329,-0.000162469646742,-9.18325142947702e-05,-0.0002409287905934,-8.532005735711971e-05,-0.0004744406858214,-0.000147863343351,-0.0004896727636577,-0.0001181855181605,-0.0005354933074079,-0.0001445333727375,-0.0004958623122981,-0.0001503710006272,9.112094522484746e-06,-7.755349135387255e-06,-5.733265030861384e-05,-8.364479765043774e-05,-8.837908023576702e-05,-0.0001308438392791,-9.131226471260102e-05,-0.0001322592914031,-0.0001420312004356,-0.0001113338553076,3.140471630469178e-07,1.128343143632613e-06,-1.0677504987149271e-06,7.894903733993402e-07,-2.0361457574855738e-07,1.1452229571394246e-06,-1.056321872439361e-06,6.621529977186487e-07,2.3345405925768023e-08,6.327320562398679e-07,1.6604308261015038e-06,1.723520585943129e-07,-1.2148954741564922e-06,-1.04374635738674e-06,1.0611784096462544e-06,7.57782634331032e-07,1.9914082059292347e-06,1.7182579693816085e-06,1.937745646789127e-07,-1.2244386753424362e-06,1.1842613960924051e-06,-9.54386329687988e-07,-1.2084060107185937e-06,-2.3690643583923586e-07,-1.77740265690317e-07,-2.7736380550876285e-07,-4.418737865432834e-07,1.901745726628044e-06,5.20826316043874e-07,1.3741935632186058e-06,-2.841993969372627e-07,-4.063734191325835e-07,8.673958830642183e-07,2.2899741220338765e-07,1.0021989710196725e-07,3.0950315474107544e-07,4.0078818844970273e-07,4.278178187781607e-07,9.073859561727146e-08,3.0501331613596077e-07,1.973803866331029e-07,8.86035393369481e-08,7.475193683272573e-09,-2.870818005646763e-07,2.6147770146286916e-07,3.327840775887911e-07,3.171844192049419e-07,2.896456296803164e-07,4.6003299663184166e-08,3.531417464384025e-07,-2.7709836004805154e-07,2.397028843064588e-07,3.3329316277170834e-07,1.1994897072504274e-07,2.3122134696976105e-07,3.2881418300902193e-07,1.8143708980775213e-07,4.125070867897109e-07,2.3531939875611553e-08,1.8795745125487435e-07,-2.621403524771041e-07,3.433342968960545e-07,-3.4081912144254093e-07,1.6446295786323676e-08,3.402473611985747e-07,1.2803981089372818e-07,5.685836393756425e-07,no movement,no movement,no movement,no movement
9433.333333333348,0.0356830407855596,0.3142147787612387,-0.2860516449,0.0439166973202292,0.3340951780714255,-0.2771906445666666,0.0460527421854503,0.3339720531249169,-0.2654064227666667,0.0454861083099071,0.3339702296049972,-0.2706581886333333,0.0288891396491988,0.3437746941357736,-0.3022055373666666,0.0303519507696238,0.3416711142383584,-0.3150561813333333,0.0349067074355194,0.3319403311082498,-0.2950377049333333,0.053351357683821,0.3382640476762321,-0.1711169794333333,-0.043027045141583,0.3028848701538979,-0.2293416959333333,0.0477577214074248,0.313540093264924,-0.2311053524666666,0.0241321334806722,0.2844988224543744,-0.2759757818666666,0.1006730861800252,0.2182464562724619,-0.0291793137966666,-0.1175474645049329,0.2581274464768552,-0.0848669162299999,0.1379332506665533,0.0474888237333798,0.0099976481891333,-0.1542563872241663,0.0118808933436356,-0.1299179052333333,0.1583433360754917,-0.1380994185070493,0.0089355588773333,-0.1006149961246039,-0.1509574422614137,-0.1675858637,0.154009392778043,-0.1799797847485067,0.0131363650983333,-0.0649663811658867,-0.1853718921723511,-0.2114754186,0.1294559567420493,-0.1879146515246723,-0.007658772007,-0.027057026026338,-0.1567628457310085,-0.2207259340666667,0.1541808851757422,-0.1644724890476969,0.0013647848707,-0.0803200914987075,-0.1478316534356253,-0.179218903,0.0695737958586202,-0.1636205021865009,0.0619854742033333,-0.0669441978028045,-0.1662305160689831,-0.0611455639133333,0.0760636825372121,-0.4912988439129734,0.0548465471633333,-0.0380871867441382,-0.4409444962273259,-0.0880550174466666,0.0708144024755341,-0.7746735401984237,0.2008835573333333,-0.0832213557123127,-0.7797360755208014,0.0499767771999999,0.0544920801486046,-0.8052173371002225,0.2187619941999999,-0.0867104794087289,-0.8095489878866221,0.0222318094799999,0.1024978834114694,-0.8316597951429908,0.1806643268999999,-0.061184060465257,-0.8369252315983376,-0.06284400223,nijmegen_nijmegen_rennen_g_ch1_g11_compr.mp4,ch1g11,5.311740280428228e-06,9.90240960446366e-06,6.570393979214616e-06,6.3992788351390145e-06,6.700372222814594e-06,1.010741756515228e-05,6.653689297805233e-06,4.092196822844463e-06,1.2829223562558216e-05,6.938070098500728e-06,3.09864652522588e-05,8.318794727615108e-06,7.64986461825726e-06,6.451214401599252e-06,1.67685727977942e-05,7.416826704168512e-06,1.3396069263352109e-05,3.073319900437002e-05,8.177486326148557e-06,7.481299949069399e-06,9.766698767738007e-06,8.163647999979709e-06,7.577443520470033e-06,7.279286970738937e-06,6.669675364543714e-06,1.2706934143695971e-06,8.484743702575111e-06,3.007886871821549e-05,6.657791953471134e-06,3.3000480626891316e-05,1.404101756806484e-06,7.031911222516921e-06,7.816375613595289e-06,3.63996134955716e-05,1.0552528231791089e-05,-0.0001004480051598,-8.028641364388309e-05,-7.89751344409254e-05,-7.836095690286935e-05,-8.499594367845856e-05,-8.696465291799666e-05,-8.197433522018642e-05,-7.7677941568547e-05,-8.248960331234696e-05,-0.0001061115937726,-0.0001112133863432,-0.0001677297517637,-0.0001042544192515,-0.0002635704568773,-0.0001036161250776,-0.0004989080909594,-0.0001626955824876,-0.0005094117182816,-0.000128546924456,-0.0005469696226683,-0.0001610166618522,-0.0005152539810313,-0.0001655066156782,8.436279694471056e-06,-7.131887542867309e-06,-6.43352451336855e-05,-9.273786903589507e-05,-9.92972229956005e-05,-0.0001334511805385,-0.0001010862591121,-0.0001347789184675,-0.0001712056003136,-0.0001202899788644,5.056049286360363e-07,1.1811910222625288e-06,-7.395887036687984e-07,1.1577173030745331e-06,2.11093494318475e-07,1.1881675598152066e-06,-7.335404478454345e-07,8.203265917509431e-07,7.03853481195564e-08,5.609406123579599e-07,1.218915880511694e-06,3.30351277503617e-07,-8.532176456719461e-07,-7.076468217716756e-07,1.1905603444898182e-06,7.120931211473041e-07,2.1647798389092746e-06,1.2882770792316391e-06,3.4245925759255933e-07,-8.62678298914912e-07,1.2678411471539838e-06,-7.067967713740259e-07,-8.499596897820922e-07,-5.5825330138418595e-08,2.484010559678026e-07,-2.38523094461622e-07,-2.442023122049413e-07,1.489404465335082e-06,8.464144595716435e-07,8.463900585668658e-07,-2.5349246649762834e-07,-4.4635343952019295e-08,9.763872071384566e-07,1.3058995597965697e-07,3.537724506271054e-09,3.399038202416429e-07,2.810770149503131e-07,2.907431477457229e-07,-2.1327508241937972e-10,3.330868008943969e-07,1.503129582258284e-07,1.2319912642888924e-09,-6.57757027571758e-08,-5.080879718605489e-07,1.9527034087375444e-07,3.7322391660704884e-07,3.4615572008215506e-07,3.995974606135395e-08,-4.201474956189265e-08,4.6651980776998066e-08,-5.04388128272178e-07,1.7251210849038297e-07,3.737887218876112e-07,5.0923966944457415e-08,2.5823679098456634e-07,3.695874328731182e-07,1.5318574325748274e-07,2.88598888308601e-07,4.6200940596896414e-08,1.7713069569975994e-07,-4.983277475182891e-07,2.5958473525178025e-07,-5.677066695309999e-07,3.851793447696472e-08,3.199207985793988e-07,7.360074651127364e-08,5.735365106773939e-07,no movement,no movement,no movement,no movement
9450.000000000016,0.0357603229621438,0.3141369100778585,-0.2861074696333333,0.0439786951609701,0.3340384946856056,-0.2772754768666666,0.0461111196394751,0.3339169384649901,-0.2654866327333334,0.0455483881501369,0.3339158309974788,-0.2707369491999999,0.0289708298231995,0.3437147761417199,-0.3023014173999999,0.0304323896497735,0.3416088307968776,-0.3151529474666666,0.0349872291333936,0.3318823258921142,-0.2951369049333333,0.0533134972053313,0.3382109722798772,-0.1712400421666667,-0.0429466146984131,0.3028281752241908,-0.2295506042666666,0.0478072102367866,0.31345592656258,-0.2311682244333333,0.0242115340848296,0.2844096072069603,-0.2760612599,0.1005511680668317,0.2181002440210873,-0.0294130022499999,-0.1175785362581179,0.2580430526526736,-0.08499997739,0.137855496786855,0.0472462727172263,0.0097500440377999,-0.1542544674591586,0.011782166927398,-0.1300307125,0.1582839530494726,-0.1385830497901343,0.0088882540236666,-0.1006589239293475,-0.1511206678743782,-0.1677209198666666,0.1539407035286233,-0.1804790728359257,0.0131338390603333,-0.0650132562990135,-0.1854998543362287,-0.2116345341999999,0.1293755229958915,-0.1884565676952725,-0.007656670507,-0.0271239475558956,-0.1569175466607898,-0.2208567990333333,0.1541292783385846,-0.1649742972913438,0.0013320739050333,-0.0803715606846764,-0.1479937432405593,-0.18278724,0.0695530181817919,-0.163612461585732,0.0620059672766666,-0.0669249481334307,-0.1662373714567842,-0.06116458388,0.0760796184205421,-0.491368931519291,0.0545909739933333,-0.0381629899029841,-0.4410292505632379,-0.08821033374,0.0707970579452288,-0.7747537118044449,0.2010238721333333,-0.0831758085597976,-0.7798789700645248,0.05019886684,0.0544569526053148,-0.8052969621943218,0.2189432991,-0.0866599649602252,-0.8096941935552221,0.0224903431999999,0.1022934297085264,-0.8317952789530176,0.1808474060333333,-0.0611992745325199,-0.8370475811988354,-0.0625866306133333,nijmegen_nijmegen_rennen_g_ch1_g11_compr.mp4,ch1g11,5.665548159335979e-06,1.099091960053107e-05,5.921480681731385e-06,7.76437962721728e-06,7.079399637861883e-06,1.1195194976280044e-05,6.01446487146242e-06,5.095588502632543e-06,1.2735633864162912e-05,7.306310562238086e-06,3.187612390036686e-05,8.817093722139643e-06,6.979621553147077e-06,5.8346033049611225e-06,1.7768269284036323e-05,8.129641706770517e-06,1.5568214991541484e-05,3.183278171914663e-05,8.65963943569554e-06,6.818142042769468e-06,1.102546447325561e-05,7.5283924510897665e-06,6.907983586631628e-06,7.151603946676842e-06,7.103695702230539e-06,1.0427800055124937e-06,8.299891419300554e-06,3.129731388655093e-05,7.662550215030195e-06,3.354303222912512e-05,1.1544308860848697e-06,7.259585090725243e-06,8.817348216214256e-06,3.8422898830309605e-05,1.1200528906535708e-05,-0.0001028044734502,-8.330548033871182e-05,-8.192227762455208e-05,-8.124817078424697e-05,-8.968488977868657e-05,-9.190319065838396e-05,-8.790999404163583e-05,-8.17039716816742e-05,-9.804040503178717e-05,-0.0001094472485193,-0.0001163799604272,-0.0001728354246341,-0.0001192874435206,-0.0002829749342957,-0.0001268711646129,-0.0005191314831993,-0.0001799517871463,-0.0005280014444989,-0.0001431874595798,-0.0005571656655544,-0.000179924025187,-0.0005303429330945,-0.0001823512195253,7.832416956031946e-06,-6.5704243438955075e-06,-6.973061628128827e-05,-0.0001005927713833,-0.0001106316898355,-0.0001390481120051,-0.0001109956277647,-0.0001409545682452,-0.0001981957159871,-0.0001296958499333,6.342393175662634e-07,1.058709307242544e-06,-3.580799889621597e-07,1.4047196293372744e-06,3.6511825389501026e-07,1.076963309195625e-06,-3.586751462857971e-07,9.370241854169072e-07,-1.1512210748841508e-08,4.159566820541779e-07,6.235769157351688e-07,4.599567993259354e-07,-4.325474350047528e-07,-3.19151555814343e-07,1.075413156670203e-06,6.293341131971601e-07,1.9961032191210933e-06,7.084534020964941e-07,4.565450418893459e-07,-4.4087932209033235e-07,1.2157401794846922e-06,-4.142933584978493e-07,-4.340717198093894e-07,9.860712768623641e-08,4.3507192085822566e-07,-1.8823017694053026e-07,-5.501371605085581e-08,9.049418460173186e-07,1.0793312904843218e-06,1.658588172860011e-07,-2.0999930332580417e-07,3.024932814082973e-07,9.546315386982209e-07,5.50751772361393e-08,-8.078247262045292e-08,3.6032697300941787e-07,1.4941261112395314e-07,1.105823000376922e-07,-7.902650480695914e-08,3.519725110932133e-07,7.528371998284135e-08,-7.2406738857621e-08,-1.1731463843987237e-07,-6.639913741286979e-07,1.0389138070126893e-07,3.97945661950538e-07,3.64373872276309e-07,-1.591726779061729e-07,-1.0914970640125841e-07,-2.4998098851028325e-07,-6.734961255734195e-07,8.579710837936728e-08,3.980012373583127e-07,-1.9294827249762993e-08,2.80254319674158e-07,3.948892474891031e-07,1.333612213197524e-07,1.1783485919860257e-07,6.409391871147215e-08,1.6588931327083384e-07,-6.710543541059303e-07,1.571727381198311e-07,-7.191348666334717e-07,5.7012781543086624e-08,2.815377208916255e-07,1.2852563821774536e-08,7.10281510249212e-07,no movement,no movement,no movement,no movement
9466.66666666668,0.0358072560163101,0.314049563145065,-0.2863213182,0.0440092536475236,0.3339709124618258,-0.2775336653,0.0461372751217575,0.3338505710558255,-0.2657382934666666,0.0455781803766578,0.3338502454795433,-0.2709875281333332,0.0290188887073904,0.3436427050028455,-0.3025610492666666,0.0304782868969034,0.3415337242232487,-0.3154137048666667,0.035032623807177,0.3318107255394711,-0.2953986667,0.0532579448691405,0.3381419365481405,-0.1715444306666666,-0.0428910088654187,0.3027428990659149,-0.2299087854666666,0.0478350739575336,0.3133609021991559,-0.2313921347333332,0.0242664851833406,0.2843084330447698,-0.2762996765,0.100431949179583,0.217940391369016,-0.0298816510333333,-0.1176387439816462,0.2579438653370744,-0.0851647554233333,0.1377919655837318,0.0469779034659978,0.0092821918924666,-0.1542676267724997,0.011679113320954,-0.1301479896,0.1582197103231216,-0.1391131097534137,0.0086627580806666,-0.1007215830718836,-0.1513238126413617,-0.1679296200666666,0.1538677644717051,-0.1810182757075333,0.0129534425836666,-0.0650848105672437,-0.1856709507178403,-0.2118745864333333,0.1292876402665548,-0.1890273988232488,-0.0078291081703333,-0.027217950497955,-0.1571377391501024,-0.2210974219666667,0.1540728607935733,-0.1655170485743594,0.0011221486823666,-0.0804462734101489,-0.148203011934746,-0.182674736,0.0695381080253099,-0.1636047642543238,0.06201134225,-0.0669115908645181,-0.1662439475852782,-0.06116771387,0.0761012995998607,-0.4914459788191965,0.0542912337833333,-0.0382364170205391,-0.4411555458533261,-0.0883580916666666,0.0707800262680745,-0.7748790737519229,0.2011753232333333,-0.0831395698952736,-0.7800231106852562,0.05046381321,0.0544219171120978,-0.8054256081291492,0.2191473456666666,-0.0866231540723942,-0.8098379901515456,0.0227982666933333,0.1020870292864275,-0.8320294474224464,0.1810484723666666,-0.0612282160353132,-0.8371868395009487,-0.0622673587033333,nijmegen_nijmegen_rennen_g_ch1_g11_compr.mp4,ch1g11,6.067757499810199e-06,1.2055293259688616e-05,5.66072047650125e-06,9.05193997799138e-06,7.447054602680444e-06,1.2315146282642153e-05,5.7466918723782406e-06,6.2249330813168415e-06,1.2525252316532417e-05,7.5938819195046195e-06,3.2158150638306976e-05,9.478054278973588e-06,6.710101875094234e-06,5.616301134369943e-06,1.833001652726358e-05,8.616983086610904e-06,1.7138224013329344e-05,3.221241631332192e-05,9.279948177752365e-06,6.550403261117521e-06,1.2534397858856682e-05,7.175748139786501e-06,6.639472103531068e-06,7.173317055538202e-06,7.563984574972894e-06,8.938722222222848e-07,8.266221955766028e-06,3.1790603521335343e-05,8.648040520243095e-06,3.3439482506710174e-05,9.766671623307202e-07,7.752284111129665e-06,1.0027451212671692e-05,3.9672404654655706e-05,1.1972105112811084e-05,-0.0001059396531191,-8.718005103709317e-05,-8.600624922312889e-05,-8.528480343147875e-05,-9.53535185160724e-05,-9.766556076234138e-05,-9.420545776774484e-05,-8.660615432508304e-05,-0.0001130955306729,-0.0001134200655992,-0.0001216913481459,-0.0001767877526149,-0.000133656792821,-0.0002963159773239,-0.0001495527031796,-0.0005271833580179,-0.0001941563436232,-0.0005336291965543,-0.0001548937117024,-0.0005532720072749,-0.0001934591675386,-0.0005343760950384,-0.0001959445488127,7.428920487612942e-06,-6.175791558427255e-06,-7.675216790582253e-05,-0.0001090579674434,-0.0001169787953672,-0.0001454407910692,-0.0001162625544104,-0.0001480666783144,-0.0002155607191122,-0.000138783201519,6.510270569226603e-07,8.71934497939527e-07,3.20720688296376e-08,1.5033117039069542e-06,3.390792738878294e-07,9.012436720624754e-07,2.1599413600767084e-08,1.0379626655694508e-06,-1.5873247878694918e-07,2.211912255921469e-07,-1.028584865069824e-07,5.386473189231687e-07,2.332837689363282e-09,7.312436050270378e-08,8.115277343690932e-07,4.65228500062047e-07,1.5214672432786982e-06,-2.2142142992120717e-08,5.106184673619809e-07,-5.373645477201729e-09,1.1156953391012589e-06,-1.1191873524089973e-07,-1.781043942806609e-09,2.2144138100522467e-07,4.19302491474635e-07,-1.1524801668374067e-07,1.1602660601823017e-07,1.604231558320662e-07,1.1719992530278745e-06,-5.829539058625768e-07,-1.441332073797318e-07,5.974904140596648e-07,8.941835356144364e-07,-7.99843907045755e-10,-1.4011589668339534e-07,3.584610049366146e-07,2.111477538487873e-08,-6.659479172350798e-08,-1.3610457640655224e-07,3.4986491825814005e-07,-1.6856835572966716e-08,-1.219426432561961e-07,-1.453959015932956e-07,-7.235081326982175e-07,7.633884517358379e-09,3.959287163970877e-07,3.59530894899894e-07,-2.834800837796665e-07,-1.38805250194867e-07,-4.885724867163528e-07,-7.421574131711142e-07,-2.6194448804065366e-09,3.954879556619372e-07,-8.11063188343925e-08,2.870056379737029e-07,3.936136583291569e-07,1.1587937009595109e-07,-5.7298747679986785e-08,7.373293256075936e-08,1.5043056332331397e-07,-7.429655278656525e-07,4.785884372254682e-08,-7.575613608351765e-07,6.828332106158537e-08,2.2555434020032586e-07,-4.1791314876107665e-08,8.077357437549488e-07,no movement,no movement,no movement,no movement
9483.333333333348,0.0358414818052627,0.3139293584429918,-0.2865969062333333,0.0440228810820599,0.3338724280253476,-0.2778578341,0.0461451680640578,0.3337540356030933,-0.2660546888333333,0.0455898191197902,0.3337541460156792,-0.2713028635333332,0.029048437310943,0.3435357875910826,-0.3028865502333333,0.0305058473227274,0.3414235162789182,-0.3157411618666667,0.0350597808376632,0.3317021422729845,-0.2957259150666666,0.0531875770280573,0.3380426603335632,-0.1719212020333333,-0.0428553858491016,0.3026076094859323,-0.2303467092333333,0.0478539977136982,0.3132330019773466,-0.2316767469333333,0.0243119763065774,0.2841700273885241,-0.2766020787,0.1003156416164933,0.2177471517239568,-0.0303983548199999,-0.1177019665100638,0.2577881180558272,-0.0853923900333333,0.1377483167930843,0.0466593479385414,0.0087475725634666,-0.154272264266812,0.0115101787503902,-0.1304126709666666,0.1581568375634388,-0.1396646336638056,0.008369005591,-0.1007880881515687,-0.1515420870119133,-0.1684046939333333,0.1537938134743228,-0.1815662566578279,0.0127225508157666,-0.0651694665481321,-0.185843887747407,-0.21241566,0.1291999533966625,-0.1895913429592712,-0.0080708635536666,-0.0273247007249575,-0.1573595967968106,-0.221629304,0.1540167263499673,-0.1660721485169806,0.0008345313127,-0.0805270740226981,-0.1484248290966552,-0.18555662,0.0695249180378169,-0.1635973806332967,0.0620065660533333,-0.0669001694060641,-0.1662501977102835,-0.0611603678466666,0.0761421234687546,-0.4915252335423126,0.0538531513166666,-0.0382849780168733,-0.4412835687220324,-0.08850546738,0.0707760996700851,-0.7750215633758524,0.2009796486333333,-0.0830937536155323,-0.780163934537313,0.0506912885,0.0543980165818056,-0.8055673833300707,0.2189755024999999,-0.0865797733871456,-0.8099795200586731,0.0230536044233333,0.1018843558552527,-0.8322691819510643,0.1808473701,-0.0612687557423106,-0.8373091578114368,-0.0620251796933333,nijmegen_nijmegen_rennen_g_ch1_g11_compr.mp4,ch1g11,6.695433591154328e-06,1.2954894024234169e-05,5.847145631737796e-06,1.0530728283676373e-05,8.097892919450626e-06,1.325483495185514e-05,5.9143275463561655e-06,7.272736444978403e-06,1.228439248765786e-05,7.673792856815559e-06,3.167335976368531e-05,1.0009791341338729e-05,6.886770592488848e-06,5.849283404711062e-06,1.8721984784778473e-05,8.874570627227736e-06,1.806063943984814e-05,3.1773926234540233e-05,9.767896022365782e-06,6.7133921204252615e-06,1.3711709723482134e-05,7.198919512388378e-06,6.810194462725149e-06,7.470956751872119e-06,8.225616372905318e-06,8.193660022299024e-07,8.46715776938519e-06,3.154912947128815e-05,9.821596547203504e-06,3.234447636769363e-05,8.691576014286768e-07,8.437103128452327e-06,1.1020636394154193e-05,4.030615092068875e-05,1.2769986586443908e-05,-0.0001136806027273,-9.614032394168192e-05,-9.54258645416837e-05,-9.4646756768552e-05,-0.0001067302901856,-0.0001089021104077,-0.0001056344185493,-9.57037440231964e-05,-0.0001320163507097,-0.0001218572570217,-0.0001311045476597,-0.0001817048801671,-0.0001515480621669,-0.0003081498294561,-0.0001743608765298,-0.0005230356207809,-0.0002041706023757,-0.0005254097112404,-0.0001610978905436,-0.0005323991991549,-0.0001978868484577,-0.0005255517961086,-0.0002045093617912,7.263379401459504e-06,-5.996737504003454e-06,-8.206382339177766e-05,-0.0001149877044368,-0.0001176034809679,-0.0001502455049225,-0.0001160347461004,-0.0001537261063715,-0.0002290457645253,-0.0001457400932405,5.705721090841636e-07,6.42223180781884e-07,3.569251945752638e-07,1.444649719568698e-06,7.551100835683446e-08,6.72823489536891e-07,3.363607862417791e-07,1.009082272183916e-06,-3.595370700254082e-07,3.3580187647999915e-08,-8.916726790405326e-07,5.454686626975306e-07,3.630189275734632e-07,3.962378027973728e-07,4.4007835059603787e-07,3.425869823775192e-07,8.299709150327e-07,-8.238473735994966e-07,5.022870402951748e-07,3.545412306506051e-07,9.295166371320416e-07,1.3589207199276137e-07,3.577147969191543e-07,2.800579019617153e-07,1.685228645055359e-07,-3.6687337239485974e-08,2.1558528424324235e-07,-6.566502796767596e-07,1.142473148840381e-06,-1.4148645809888973e-06,-7.167376209323128e-08,7.619972813548087e-07,7.8275215286567e-07,-4.8378046975380024e-08,-1.672281816489363e-07,3.2582799083548377e-07,-1.0466737126050964e-07,-2.2056213713403537e-07,-1.6199178513620353e-07,3.185602581608195e-07,-1.0836100540600083e-07,-1.4771584195380844e-07,-1.478043005380795e-07,-6.73880540219212e-07,-7.81971518965625e-08,3.6012368253878997e-07,3.235824461358941e-07,-3.396301725892075e-07,-1.3670548611781738e-07,-6.471943479441454e-07,-6.950315103278014e-07,-7.970524182913671e-08,3.603384068501801e-07,-1.1280702352026245e-07,2.697865085226539e-07,3.586993642186103e-07,8.95614826598981e-08,-2.136136693527787e-07,7.342594123010801e-08,1.240811785354807e-07,-7.043430255860461e-07,-6.843437218152792e-08,-6.658428289174959e-07,7.045973842450288e-08,1.558771662910427e-07,-7.319223588242376e-08,8.064541370523655e-07,no movement,no movement,no movement,no movement
9500.000000000013,0.0358467526143482,0.3138066384991277,-0.2868662984333333,0.0440050486871983,0.3337713559078056,-0.2781767139666667,0.0461213861541106,0.3336551676223445,-0.2663658528666667,0.0455692289952264,0.3336555233011075,-0.2716126487333333,0.0290435695906473,0.3434259713932585,-0.3032033310666666,0.030499594203409,0.3413103683992635,-0.3160594725000001,0.0350520975688084,0.3315895985142198,-0.2960447283999999,0.053107284136655,0.337943800582667,-0.1722985694666666,-0.0428395001733958,0.3024663001278073,-0.2307656236,0.047858350720234,0.3131038704536001,-0.2319555381999999,0.0243390134270069,0.2840296925222721,-0.2768946173,0.1002174857941623,0.2175508560971286,-0.0309730343066666,-0.1177774080221226,0.2576288612947933,-0.0855836439533333,0.1377290615616559,0.0463208657838643,0.0080325162834666,-0.1543021969310724,0.0113337202718486,-0.1306598611333333,0.1580856064218667,-0.140230391902366,0.00782959338,-0.1008610700147672,-0.151772387986398,-0.1688756073666666,0.1537037768158171,-0.1821302974371749,0.0122277858752333,-0.0652585486818233,-0.1860327232117128,-0.2129467895333333,0.1290895701122849,-0.1901622734723834,-0.0085571169736666,-0.027436483898974,-0.1575953122147826,-0.2221527237,0.1539490247933251,-0.1666355830296003,0.0003053799660333,-0.0806138567493866,-0.1486583300615206,-0.184703067,0.0695160404212721,-0.1635905289913213,0.0619841805333333,-0.0668926090796077,-0.1662559663794954,-0.06113547198,0.076195386083209,-0.491608263586024,0.0531633703566666,-0.0382969955652068,-0.4414164887396617,-0.0886523337199999,0.0707610866321607,-0.7751836601540675,0.2004243682666666,-0.0830489035978115,-0.7803436035421037,0.05091008014,0.054359966802898,-0.8057238548935791,0.2184342401999999,-0.0865390649460768,-0.8101665728430122,0.0232965461899999,0.1016481069453723,-0.8325352861424968,0.1802635773999999,-0.0613091711730106,-0.837462914296868,-0.0617991109499999,nijmegen_nijmegen_rennen_g_ch1_g11_compr.mp4,ch1g11,7.41107998175564e-06,1.3437495944101896e-05,6.391837838921471e-06,1.1948770380992028e-05,8.577026056262417e-06,1.3766377127406542e-05,6.434047365904796e-06,8.265191460141022e-06,1.1884592802577632e-05,7.590467168051594e-06,3.0428966923648537e-05,1.072342850730532e-05,7.371791551847791e-06,6.4457226511876535e-06,1.8997576721115903e-05,9.22703522196385e-06,1.872340991695933e-05,3.059192872982801e-05,1.0390343639523508e-05,7.181537689375132e-06,1.44173053798775e-05,7.46212100684798e-06,7.27785133065155e-06,7.91150029602129e-06,8.796181973195093e-06,7.891530446027118e-07,8.744799379655456e-06,3.0508443783314177e-05,1.0898117102413749e-05,3.0522857957048935e-05,8.046922827725878e-07,9.140854497258462e-06,1.169946309370943e-05,4.0187217796455546e-05,1.3613671740311243e-05,-0.0001250549587551,-0.0001086688467683,-0.0001085846087865,-0.0001076732112526,-0.0001220717466196,-0.0001240893016712,-0.000120838502615,-0.0001048486923686,-0.0001520907237073,-0.0001324184465424,-0.0001428975638668,-0.0001842610911565,-0.0001679390307324,-0.0003166246246072,-0.0001976546724087,-0.0005056824607008,-0.0002063843819322,-0.0005050155814088,-0.0001598753923991,-0.0004997340261808,-0.000190776695115,-0.0005042362577271,-0.0002044948761889,7.261742901572764e-06,-5.980106874326358e-06,-8.609684608571463e-05,-0.0001186033871288,-0.0001169808680609,-0.0001538826090098,-0.0001148189519153,-0.0001584212901654,-0.0002350763045044,-0.0001513592579103,4.824232344218147e-07,4.725592953786369e-07,6.537178706836553e-07,1.2723622958934669e-06,-2.7335878821113996e-07,5.073704034269435e-07,6.235781398445016e-07,8.666965473670526e-07,-5.236442686324443e-07,-9.187756043647289e-08,-1.5567664630212564e-06,4.409198979810871e-07,6.893814667564562e-07,6.880747732146746e-07,3.9522814062840285e-08,2.3188292929057015e-07,6.35425327609195e-08,-1.5226481796963392e-06,4.002041523836775e-07,6.775682644527114e-07,8.110652145451201e-07,3.777347184466096e-07,6.857476924440471e-07,3.467293307086581e-07,-1.7487351142927226e-07,4.4395013194643455e-08,3.071417824441879e-07,-1.3680363434993737e-06,1.0001459014398404e-06,-2.0718051412928774e-06,5.930700394543688e-09,8.58877073603521e-07,7.123951522926312e-07,-8.643365584683213e-08,-1.6004881170081718e-07,2.634273901405232e-07,-2.168325677241518e-07,-2.977832485602432e-07,-1.537827832626425e-07,2.588409273625553e-07,-1.8055532298530202e-07,-1.4612544266204538e-07,-1.254120968185069e-07,-5.360602634052992e-07,-1.49590573152376e-07,2.94008853726301e-07,2.581287234804028e-07,-3.4465063705466077e-07,-1.260034155462972e-07,-7.110394963557251e-07,-5.576077939974666e-07,-1.4253337109685665e-07,2.954987166674321e-07,-1.1314002346706296e-07,2.293757255809078e-07,2.936169291222003e-07,5.467580126123321e-08,-3.019171119786118e-07,6.431303683959568e-08,8.983827436597857e-08,-5.715756622993179e-07,-1.7487806708767873e-07,-4.869163901335602e-07,6.433399796019299e-08,8.163025917993007e-08,-8.28685965918971e-08,7.198019060184404e-07,no movement,no movement,no movement,no movement
9516.66666666668,0.0358566454632978,0.3136494344235058,-0.2876136115333333,0.043997981986195,0.333621702500991,-0.2789349496,0.0461093901939508,0.3335033775745747,-0.2671218642666667,0.0455594215379014,0.3335047422940214,-0.2723566637,0.0290404506449825,0.3432570404957497,-0.3039556976666666,0.0304973051997133,0.3411415313165507,-0.3168188426333334,0.0350489090753659,0.3314267137414285,-0.2967897139333332,0.0530550628912919,0.3377899331599274,-0.1730109497999999,-0.0428273365313705,0.3022675633278615,-0.2314611844666666,0.0478708939932074,0.3129372161321573,-0.2326863487666666,0.0243683297250194,0.2838549384517233,-0.2776350848,0.1002004680055746,0.2173463686462666,-0.0317352266533333,-0.1178602113030167,0.2574181902972458,-0.0859149036066666,0.1377584962922181,0.0459873875728753,0.0072360607671333,-0.1543407210090878,0.0110726177318962,-0.1309260989333333,0.1580523762103322,-0.1406866410546883,0.007050451584,-0.1009393570397813,-0.1519634345469694,-0.1693992878,0.1536444308517517,-0.1825849702413244,0.0114169609655666,-0.0653562419698691,-0.1861733153271387,-0.2135557995,0.1289973692234861,-0.1905826362282506,-0.0093853639203333,-0.0275637086100648,-0.1577468188504561,-0.2227980046,0.1539043611900502,-0.1670830304639504,-0.0004809150699666,-0.0807041063815641,-0.1488415316476807,-0.179578394,0.069527174840143,-0.163582548594962,0.0619523766133333,-0.0669060992716863,-0.1662625482669255,-0.0611007863633333,0.0763755433640486,-0.4916801594124683,0.0527871792433333,-0.0383382630562951,-0.4415224794092666,-0.0887740075499999,0.0709235232508152,-0.7752489098498305,0.2002474889999999,-0.0829892386800097,-0.780466058473668,0.0509645626366666,0.0545063451094995,-0.8057878206494886,0.2182810761333333,-0.0864737417892134,-0.8102928928226583,0.0233602179199999,0.1015609139218688,-0.8327444838859647,0.1799475615,-0.0613492247912219,-0.8376149035181172,-0.0618764939233333,nijmegen_nijmegen_rennen_g_ch1_g11_compr.mp4,ch1g11,8.00858454697264e-06,1.382998696452704e-05,7.2297060439180605e-06,1.3074916150640605e-05,8.13460131642001e-06,1.4196095311783594e-05,7.225671055516279e-06,9.13036351725635e-06,1.145686623414611e-05,7.414681601240152e-06,2.863075310604477e-05,1.1064754563770714e-05,8.229687348427196e-06,7.312287368946502e-06,1.9080323718736177e-05,9.46172429255879e-06,1.8170317573874066e-05,2.8742640362678933e-05,1.0705262907554742e-05,8.009121288528882e-06,1.5184366161844612e-05,8.011654773556336e-06,8.14010405747178e-06,8.464445315456065e-06,8.497899065390357e-06,9.138417937414748e-07,9.211936326983507e-06,2.887081220126041e-05,1.1907215351274658e-05,2.8179086083395745e-05,8.870640498962293e-07,1.0145250741385076e-05,1.2379456496885524e-05,3.949436063740599e-05,1.3668099445256815e-05,-0.0001366082010319,-0.0001222344288458,-0.0001228602068305,-0.000122020785572,-0.0001387940929074,-0.0001404424809296,-0.0001369462794839,-0.0001145787784667,-0.0001719671759216,-0.00014293690151,-0.0001543765503923,-0.000183234939981,-0.000180777038738,-0.0003182142560138,-0.000216534069182,-0.0004788217825118,-0.0002052088301149,-0.000474150449641,-0.0001562222822494,-0.0004590834215078,-0.0001820071504668,-0.0004741653716937,-0.0002016437451539,7.231433867348262e-06,-5.973874795390669e-06,-9.141773019495224e-05,-0.0001198699117143,-0.0001120938872591,-0.0001543035305064,-0.0001091317508304,-0.0001594105742931,-0.0002328421657375,-0.0001544568708349,3.5383979981694073e-07,3.61139076275745e-07,8.478597493586557e-07,9.40871205715522e-07,-6.226983007527741e-07,4.036736693822239e-07,8.145216752393341e-07,5.592683093910477e-07,-6.43312651358448e-07,-1.5944522673635878e-07,-1.975216091661611e-06,3.331643027255416e-07,9.01483668326146e-07,8.755495326161731e-07,-2.818927699512131e-07,1.5956533058563656e-07,-5.870173966778389e-07,-1.984608751556153e-06,3.003052064605939e-07,8.92410194529411e-07,7.438504647047674e-07,5.586257515798336e-07,8.962144980917752e-07,3.68013238835368e-07,-5.490981890590996e-07,1.0525712514674368e-07,3.516231558683912e-07,-1.8382986592321291e-06,7.351300611157076e-07,-2.409795857518285e-06,6.96419941648402e-08,8.390801118500174e-07,6.611796956681562e-07,-1.145594523726706e-07,-1.3490877924642962e-07,1.740955738554715e-07,-3.030982890902888e-07,-2.7472067997630234e-07,-1.2902322956843125e-07,1.73696060303604e-07,-2.261755216063124e-07,-1.2477907735724406e-07,-9.17247588607782e-08,-3.600822591363762e-07,-1.9659685012201675e-07,1.9723154304753317e-07,1.671836460916961e-07,-3.1024501815907633e-07,-1.1503312169766929e-07,-6.639683028379789e-07,-3.758742976798308e-07,-1.847451240787112e-07,2.009299378120398e-07,-1.0589217873367237e-07,1.6382732347417924e-07,1.967491118338759e-07,9.801963126576025e-09,-2.9492538317014657e-07,4.4040650514389766e-08,4.323989524019716e-08,-3.936245965662883e-07,-2.661852421725087e-07,-2.793573320871969e-07,4.7403963982299414e-08,-3.054453834060354e-09,-8.309587373249156e-08,6.010501192760226e-07,no movement,no movement,no movement,no movement
9533.333333333345,0.0358688595173127,0.3134930171825479,-0.2883073748333333,0.0439889274140113,0.3334733280905949,-0.2796505688999999,0.0460957358052665,0.3333529965714645,-0.2678342848333334,0.0455479936005098,0.3333555810489612,-0.2730590076999999,0.0290344277737412,0.3430886742268852,-0.3046701020666666,0.0304918864162216,0.340973069575873,-0.3175392988666666,0.035042806678341,0.3312640297991338,-0.2974981121666666,0.0530025484311944,0.3376505579828606,-0.1736891418666666,-0.0428182236238929,0.302068582918756,-0.2321350502333333,0.0478872793645731,0.312773258109262,-0.2333612004999999,0.0244015684204825,0.2836810643125937,-0.2783242038999999,0.1002127584066615,0.2171544549188325,-0.0324588069833333,-0.1179428158246859,0.2572175144004238,-0.0862235955633333,0.1377968606613831,0.045666006527139,0.0064866637514666,-0.154386011765793,0.0108274613598279,-0.1311571486333333,0.1580211497193485,-0.141131586084713,0.0063491337096666,-0.1010370676215644,-0.1521548834479111,-0.1698770895666666,0.153587152375786,-0.1830242686645491,0.0106970814135666,-0.0654807810701739,-0.1863156764852788,-0.2141082292333333,0.1289078370715137,-0.190990009106319,-0.0101195091623333,-0.0277216672913643,-0.1579025165460132,-0.2233811963,0.1538612046163912,-0.1675177706844546,-0.0011862581362999,-0.0808159532402786,-0.1490260156492385,-0.180360511,0.0695408584503275,-0.1635759458676396,0.06191809314,-0.0669220254835586,-0.1662676990752324,-0.06106352489,0.0765350353165945,-0.4917574700676564,0.0524012319666666,-0.0383408532946888,-0.4416223543870445,-0.08889092082,0.0709859149231425,-0.7753333415644744,0.2000777101333333,-0.0828912472558883,-0.7806213610390893,0.05098087109,0.0545470033374209,-0.805869526432592,0.2181379430333332,-0.086371204840763,-0.8104556886964713,0.0233783957199999,0.1013831023506184,-0.8329803583099356,0.1796777168666666,-0.0613326655490312,-0.8377821339844744,-0.0619888384166666,nijmegen_nijmegen_rennen_g_ch1_g11_compr.mp4,ch1g11,8.321588917893544e-06,1.3982827705555204e-05,8.186342392706306e-06,1.3959356189451426e-05,6.93879456047901e-06,1.4407744797242189e-05,8.151304046138139e-06,9.457892286369548e-06,1.0688604008521525e-05,7.2593940664538095e-06,2.636023429729842e-05,1.1351459295020958e-05,9.233744485089226e-06,8.293076857768735e-06,1.87049316196982e-05,9.557815195369936e-06,1.7336114795254538e-05,2.6465765033969976e-05,1.0985183828720796e-05,9.009253852698248e-06,1.5700180982017132e-05,8.633985707616782e-06,9.136426002133971e-06,8.803091174667829e-06,7.398096353776914e-06,1.0402069545815076e-06,9.540169589409673e-06,2.6712746457799792e-05,1.2539951334831083e-05,2.552171859857681e-05,9.81201842258723e-07,1.0962739196551293e-05,1.2833926629749711e-05,3.812910156407438e-05,1.3244096549427452e-05,-0.0001431965009684,-0.0001307035535746,-0.0001318528133517,-0.0001310952234469,-0.000150019971385,-0.0001513727260737,-0.0001478293852466,-0.0001160590121892,-0.0001842282384128,-0.000147023878413,-0.0001599481344894,-0.0001747513659252,-0.0001860151735739,-0.0003111040579922,-0.0002283263796694,-0.0004428495606775,-0.0001971501170689,-0.0004357024353282,-0.0001464550809607,-0.0004125285598642,-0.0001659821915468,-0.0004358457163724,-0.0001916765639959,7.257637885469208e-06,-6.043780252178416e-06,-9.607038138881824e-05,-0.0001214304154861,-0.0001072261131072,-0.0001553164836304,-0.000103712963278,-0.0001606559620878,-0.0002241988533272,-0.0001552534868087,2.541416675360028e-07,3.2458131255505164e-07,9.903599818550589e-07,5.852739476337023e-07,-7.968805171628256e-07,3.778384067118295e-07,9.5782122968068e-07,2.726606967701974e-07,-7.108293744322752e-07,-1.665037124840643e-07,-2.1724851772278356e-06,9.00373815510649e-08,1.0590494227353596e-06,1.010749229327783e-06,-4.999197817674437e-07,4.5888101823065637e-08,-1.1590860369893203e-06,-2.2209297738458523e-06,8.166447009549762e-08,1.054106533501872e-06,7.539672258742212e-07,7.133461988069427e-07,1.0528614108484772e-06,3.8859509266389443e-07,-7.633502509552567e-07,1.447092892416214e-07,3.942278456041049e-07,-2.088343819641017e-06,4.381761656931468e-07,-2.471937630374079e-06,1.1519996330640445e-07,7.918673378791648e-07,6.48691533724065e-07,-1.2912998832533368e-07,-9.55606345990978e-08,6.852365059686654e-08,-3.6328005071840457e-07,-1.6774188590628626e-07,-9.098665988335897e-08,7.228324564220794e-08,-2.3238850985528675e-07,-8.470239624089325e-08,-5.696713198899036e-08,-1.6490860901374236e-07,-2.2199440723315367e-07,8.261121033108337e-08,6.104961668547212e-08,-2.458899351236509e-07,-1.1099292122963497e-07,-5.468637631038727e-07,-1.7232144484931458e-07,-2.0860623577518217e-07,8.790709244146045e-08,-8.485272317002938e-08,8.217221635829056e-08,8.203366450061806e-08,-3.4278150759575094e-08,-2.0235825180907266e-07,2.0198136041345217e-08,-4.654556643904273e-09,-1.9361906713158465e-07,-3.2663395829602125e-07,-6.436569219675104e-08,2.621864578707427e-08,-7.916867188441289e-08,-6.907589355455861e-08,4.88931931343175e-07,no movement,no movement,no movement,no movement
9550.000000000013,0.035849843062077,0.31337189722697,-0.2888611169,0.0439462367659996,0.3333673341621893,-0.2802432566,0.0460484360835507,0.3332465878087782,-0.2684221157666667,0.0455039338115767,0.3332501385482955,-0.2736398768333333,0.0289988061935057,0.342962848093628,-0.30524934,0.0304544365355716,0.3408451380916706,-0.3181225332666667,0.0350047916719415,0.3311383748357634,-0.2980746480333333,0.0529319792514627,0.3375683581048156,-0.1742727046333333,-0.0428273220241841,0.3019032685167342,-0.2326861096,0.0478829085616715,0.3126509826050542,-0.2339093486666666,0.0244142690493419,0.2835424092752447,-0.2788657945333333,0.1002200094591243,0.2170016261697693,-0.0331344451899999,-0.1180335878674686,0.2570478263012438,-0.0864160080499999,0.1378146607554542,0.0453643811596722,0.0057436029298,-0.1544398614034805,0.0106106713840358,-0.1312683706,0.1579745581212135,-0.1415691966645944,0.0056727613416666,-0.101177370783552,-0.1523398048744186,-0.1701972241,0.15352116481022,-0.1834552213406413,0.0100125022922333,-0.065659330113543,-0.1864536826816028,-0.2144689168,0.1288046517874284,-0.1913999597758194,-0.0108263240593333,-0.0279504959093201,-0.1580595627951562,-0.2237749252333333,0.1538044269739039,-0.1679465238636783,-0.0018684108972999,-0.0809812466699847,-0.1492048157224432,-0.181114614,0.0695555379500016,-0.1635694003165276,0.0618781130766666,-0.0669387198057995,-0.1662730263974727,-0.0610204944333333,0.0766451002713789,-0.4918803965863437,0.0520222945666666,-0.0383080447968183,-0.4417443591346257,-0.0889771424166666,0.0709665679122877,-0.7754930263054595,0.1999434645666666,-0.0827624536034921,-0.7807859511864671,0.05120643096,0.0545103879279205,-0.8060256506576579,0.2180384226666666,-0.0862374846218634,-0.810626364460812,0.0236248800499999,0.101188000328584,-0.8332358147291461,0.1795193676666666,-0.0612955287369444,-0.8379475422289091,-0.0617205165566666,nijmegen_nijmegen_rennen_g_ch1_g11_compr.mp4,ch1g11,8.451035101330384e-06,1.4145766746506043e-05,9.27520129299181e-06,1.4528441738106592e-05,5.659040547809204e-06,1.4619653390194912e-05,9.208998145283215e-06,9.61644663808271e-06,9.822014727984594e-06,7.024023231853445e-06,2.394520806019264e-05,1.1208078803874782e-05,1.0434035570158136e-05,9.389065747396264e-06,1.7981242037476066e-05,9.557865723840977e-06,1.5934980813294813e-05,2.404318915442383e-05,1.0853582043045213e-05,1.020735986047882e-05,1.623879194972757e-05,9.424043951664865e-06,1.0336894520512793e-05,9.096335081754513e-06,6.180592937836043e-06,1.1882718388971729e-06,9.91160237168154e-06,2.4349241220242437e-05,1.2883371430308751e-05,2.292881713400162e-05,1.104156342195339e-06,1.1776487348461847e-05,1.3290967026465646e-05,3.643334941226189e-05,1.2489994885040675e-05,-0.0001461244645552,-0.0001352890954412,-0.0001369163507703,-0.0001362616885358,-0.0001573266339015,-0.0001583812746941,-0.0001546866233911,-0.0001145750484607,-0.0001920022087098,-0.0001475169324873,-0.0001620117440588,-0.0001625984129865,-0.0001862188411135,-0.0002993851912284,-0.0002346341729782,-0.0004033576514829,-0.000187694261263,-0.0003946599534488,-0.0001361690135826,-0.0003664489714955,-0.000149139325096,-0.0003948219958903,-0.0001804983919278,7.248705798013581e-06,-6.0773418600403e-06,-9.937740112409577e-05,-0.0001191468429035,-9.812753679032068e-05,-0.0001515684363491,-9.427149390265852e-05,-0.0001567494045801,-0.0002087669253383,-0.0001560797407457,1.8641481294072935e-07,2.796440044609322e-07,1.0663186380509428e-06,2.397651305454064e-07,-9.799611818342303e-07,3.251249439406605e-07,1.0392537779657932e-06,2.7119693728379955e-08,-7.206624270448022e-07,-1.9236341165830585e-07,-2.2472838319033924e-06,-2.0847147902624593e-07,1.1464800838883394e-06,1.0783993462310597e-06,-6.36269595858676e-07,-5.6833847296078155e-08,-1.6573158515552517e-06,-2.3034951017025e-06,-1.93309689430025e-07,1.144908922676471e-06,6.757479079850963e-07,8.154715327613327e-07,1.140720796739749e-06,3.9589394457051914e-07,-9.787892148961032e-07,1.554518620799341e-07,4.209357589287782e-07,-2.18623366297019e-06,1.2943168488335918e-07,-2.425377880315378e-06,1.338257749894401e-07,7.258684002273567e-07,5.849572110726358e-07,-1.3074583861581912e-07,-5.7312662000165684e-08,-4.279473493776537e-08,-3.882803111192582e-07,-1.9867202393701705e-08,-5.30408847989779e-08,-3.502717995947755e-08,-2.117073739318212e-07,-4.1695862230150314e-08,-2.4823773646407746e-08,2.267951327234938e-08,-2.108020075790817e-07,-3.872464683358805e-08,-4.954526891417097e-08,-1.7340493356233157e-07,-1.1314675057014389e-07,-3.751644606006296e-07,2.6296806989309682e-08,-1.9863144587120417e-07,-3.2223662652595776e-08,-5.87414821376559e-08,-1.0288032381489021e-08,-3.9932081600752486e-08,-7.758273562815539e-08,-6.424572865078249e-08,-4.060972665349673e-09,-5.4197883225617554e-08,-2.1210543714023533e-09,-3.558180097035338e-07,1.340488664189842e-07,3.6554642406294782e-09,-1.4406156538891104e-07,-4.970323100520292e-08,4.290921941539094e-07,no movement,no movement,no movement,no movement
9566.666666666675,0.0358140159288458,0.3132323936586795,-0.2896622067666666,0.0438941476152937,0.3332400034848423,-0.2810857315,0.0459919268502489,0.3331169065143091,-0.2692593881666667,0.0454503496943411,0.3331214926134682,-0.2744665545,0.0289495877368946,0.3428119930178686,-0.3060694015666666,0.0304036888535981,0.3406932287938892,-0.3189480148666667,0.034954228971094,0.3309907411949505,-0.2988882553999999,0.0528633086379642,0.3374691757050345,-0.1750962684666666,-0.0428418119113688,0.3017185416599597,-0.2334236733666666,0.0478693481010127,0.3125124518716195,-0.2347025767333333,0.0244132646206896,0.283387488348524,-0.2796411188333334,0.1002397124442436,0.216851028704966,-0.0339453330433333,-0.1181270570649244,0.2568703159481212,-0.0867307295133333,0.1378413283775963,0.0450845328382598,0.0049822065244666,-0.1544902130776516,0.0103946094187936,-0.1314182037666666,0.1579529296267598,-0.1419469374972423,0.0050750411366666,-0.1013217554553146,-0.1525116593883929,-0.1705516029999999,0.1534768890870779,-0.1838267885355673,0.0094137429461333,-0.0658438059349587,-0.1865708258619458,-0.2148709754666667,0.1287204369487319,-0.191750108033746,-0.0114614855983333,-0.028188014229774,-0.1581832340685531,-0.2242248792,0.15376708191893,-0.1683233451337482,-0.0024734595872999,-0.0811488555493825,-0.1493687878410323,-0.179116756,0.0695761481355214,-0.1635611968994484,0.0618320593366666,-0.0669613872031503,-0.1662798571821847,-0.0609716644466666,0.0767607955002962,-0.491984426976868,0.0518160133233333,-0.0383073702057444,-0.4418564321071592,-0.08904809504,0.0709870246386739,-0.7755478858399566,0.2000114456333333,-0.0826388768436002,-0.780943109197008,0.05143663155,0.0545169457810051,-0.8060750797045974,0.2181416539333333,-0.0861071747102652,-0.8107892015115051,0.0238787102199999,0.1010315094055903,-0.8333891471838509,0.1795245587333333,-0.0612814278428555,-0.8380990968973715,-0.0614747264966666,nijmegen_nijmegen_rennen_g_ch1_g11_compr.mp4,ch1g11,8.511875775035449e-06,1.4366866803443791e-05,1.0285275577301788e-05,1.4529938885941364e-05,4.236915951138183e-06,1.48906857969118e-05,1.0197017013036534e-05,9.424792998053844e-06,8.975925709623361e-06,6.849713746629942e-06,2.174851920169488e-05,1.089519287727501e-05,1.1527064397851025e-05,1.0400890481460524e-05,1.727625030132431e-05,9.4310323436353e-06,1.3960504784363513e-05,2.1762714243556632e-05,1.0564765069663949e-05,1.1311192063906363e-05,1.684428502600006e-05,1.0181173320009555e-05,1.1422488190739416e-05,9.28563229444554e-06,4.75159413419931e-06,1.347741466194529e-06,1.0166881749332685e-05,2.221817493063003e-05,1.2758240147580368e-05,2.0598051145141797e-05,1.246358717059025e-06,1.2279779659046409e-05,1.3794026071076798e-05,3.4779909538398326e-05,1.1584123091255063e-05,-0.0001463728648979,-0.0001364228902825,-0.0001383536999147,-0.0001377887553801,-0.0001598065695034,-0.0001608120089508,-0.000157269076667,-0.0001099088742079,-0.0001933782790242,-0.0001454538049225,-0.0001609490069242,-0.0001493198117954,-0.000178564336024,-0.0002877166847216,-0.0002301632811904,-0.0003675022115091,-0.0001787409675983,-0.0003558077894892,-0.0001270884947255,-0.0003249212746315,-0.0001353688435128,-0.0003572563197579,-0.0001704611719084,7.163691523648496e-06,-6.055562528387194e-06,-9.927330661779712e-05,-0.000115892838543,-8.37199963926032e-05,-0.000146843657499,-7.943638678977477e-05,-0.0001516999222751,-0.0001872092265139,-0.0001546630576706,8.1702637018641e-08,2.3958583834054746e-07,9.975339990418862e-07,-1.1786405219942765e-07,-9.288732766178808e-07,2.813439516141221e-07,9.827569209425136e-07,-1.769028116115528e-07,-7.427534292220988e-07,-2.107803448132262e-07,-2.1613013139987666e-06,-4.891297296806081e-07,1.081932267806566e-06,1.0024836909278378e-06,-7.472652048018722e-07,-1.859488532366676e-07,-1.8979280756012936e-06,-2.18846392743322e-06,-4.537957587849648e-07,1.0889054561645376e-06,6.070352899359454e-07,7.869876366224418e-07,1.0745867847575788e-06,3.131600433384071e-07,-9.732781317366233e-07,1.3225825713714186e-07,3.641521174966196e-07,-2.0900821912619614e-06,-2.107984101190108e-07,-2.2181867773448614e-06,1.1936476379868052e-07,5.852388245723021e-07,5.208278570756419e-07,-1.2879533200412634e-07,-2.9495542559317025e-08,-1.440707302621836e-07,-3.721310864146202e-07,1.3684646496601373e-07,-2.4559448053071027e-08,-1.3322499840178806e-07,-1.6617341642953116e-07,-6.609453455502712e-09,-2.6410714677606107e-09,1.7468568700862813e-07,-1.7298164002467028e-07,-1.473667257115287e-07,-1.4947971373677478e-07,-1.1777346170741732e-07,-1.1903769160172343e-07,-1.726012054729635e-07,1.9102333993393253e-07,-1.633927694599159e-07,-1.404863742133796e-07,-3.9710648565974185e-08,-1.0074770896990577e-07,-1.4932279688633974e-07,-1.1831689711877973e-07,8.972636577545594e-08,-2.5855884031277452e-08,-9.972757861539701e-08,1.4969217487990353e-07,-3.475241674777748e-07,2.862428552360234e-07,-1.7586954863688853e-08,-1.8478311263354653e-07,-3.3445441629965744e-08,4.190821733381391e-07,no movement,no movement,no movement,no movement
9583.333333333345,0.0357353116254505,0.3130867204902659,-0.2904935892333333,0.0438006852143705,0.3331044867554051,-0.2819614051666666,0.0458950637112993,0.3329789430331294,-0.2701305766,0.0453554079387528,0.3329838886221913,-0.2753277969333332,0.0288551369969572,0.3426522522973159,-0.3069082892666666,0.0303087332342983,0.3405327259282302,-0.3197923067333333,0.0348604232555186,0.3308339897888375,-0.2997213882666666,0.0527847080389966,0.3373648388491609,-0.1759635493333332,-0.0428839738521096,0.3015305900818211,-0.2341491517999999,0.047827260438834,0.312368691481124,-0.2355255395666666,0.0243805349305619,0.2832286496805713,-0.2804289502000001,0.1002641004524547,0.2167164469751562,-0.03478869338,-0.1182265192796934,0.2567039414692831,-0.0870439121833333,0.1378660375433767,0.0448151067966324,0.0042269117391333,-0.1545513393134852,0.0101816063074837,-0.1315456643333333,0.1579210883271246,-0.1422991410117195,0.0044903919833333,-0.1015003635547802,-0.1526836983173458,-0.1708098913,0.1534190328367974,-0.1841724861306437,0.0088312617600333,-0.0660564520639852,-0.1866892669397513,-0.2151373675,0.1286204401525657,-0.1920704516154284,-0.0120766428773333,-0.0284643432894743,-0.1583082323940795,-0.2245565189333333,0.1537174207791009,-0.1686707449857328,-0.0030636900186333,-0.0813491758834326,-0.149533113202569,-0.182575881,0.0695976843258265,-0.1635537384389589,0.0617817104233333,-0.0669849974019183,-0.1662863592987308,-0.0609191952233333,0.0768778666639057,-0.4920810398123079,0.0516111724,-0.038324117922606,-0.4419627223654916,-0.0890990333633333,0.0710184807646381,-0.7755999766366327,0.2000697444333333,-0.0825384429953131,-0.7810695098181626,0.0517590904433333,0.0545360654242314,-0.8061223998103876,0.2182328579999999,-0.0860038303525193,-0.8109184301364655,0.0242436596499999,0.1009150503911195,-0.8335391364128382,0.1795340463,-0.06127783193857,-0.8382441610014604,-0.0611026883333333,nijmegen_nijmegen_rennen_g_ch1_g11_compr.mp4,ch1g11,8.43302729633466e-06,1.4647041013131426e-05,1.1177340333553734e-05,1.4076010712868967e-05,3.06781023104506e-06,1.5218209234308476e-05,1.1078201643348662e-05,9.019135248719826e-06,8.215376964039224e-06,6.756897993143526e-06,1.9710096888340507e-05,1.05018857613685e-05,1.251391215998798e-05,1.1293527240297786e-05,1.6393228680071597e-05,9.254345678927468e-06,1.213991423937797e-05,1.967973950392489e-05,1.0174255915124015e-05,1.2315060693254204e-05,1.753618012968267e-05,1.090262540094029e-05,1.239653696431374e-05,9.469187045741057e-06,3.456847240562454e-06,1.4803616893793466e-06,1.0429293677006502e-05,2.022114899134019e-05,1.2285201410176889e-05,1.857630743056907e-05,1.367991103563916e-06,1.26532548892895e-05,1.4363711675654626e-05,3.3019731996432927e-05,1.0745477014587128e-05,-0.0001478706337277,-0.0001379810728384,-0.0001401348055969,-0.0001395839428269,-0.0001619839246931,-0.0001632037662283,-0.0001598992653813,-0.0001049766931906,-0.0001929955826355,-0.0001443173617915,-0.0001606765607174,-0.0001354285123623,-0.0001663924604376,-0.0002727022861027,-0.0002187725137389,-0.0003338033386066,-0.0001696343996579,-0.0003200707338907,-0.0001189911721704,-0.0002881684474118,-0.0001233110255108,-0.0003223409383908,-0.0001605443832491,7.0268154613449324e-06,-6.0203650188721245e-06,-9.77679647852498e-05,-0.0001116379153404,-6.424141273141149e-05,-0.0001404208596162,-5.914665409352638e-05,-0.000144714394072,-0.0001610737800849,-0.0001518041698426,-5.005334812353539e-08,1.8822050951799018e-07,8.033272377496044e-07,-4.563787902351049e-07,-6.757608841728265e-07,2.3652681348517975e-07,8.042258039939213e-07,-2.975513165346133e-07,-7.498861443194369e-07,-2.1892166384811265e-07,-1.94100905425017e-06,-6.364221181527176e-07,8.873048559184692e-07,8.04416226729223e-07,-8.506077414481719e-07,-2.998937146029372e-07,-1.9205394747079937e-06,-1.9362549692259185e-06,-5.969150302624261e-07,9.053490730118416e-07,5.249152834083347e-07,6.391560850355326e-07,8.763794821122246e-07,1.5723548195227196e-07,-7.701754374834156e-07,8.826816054283422e-08,2.397989477652454e-07,-1.8781065891257807e-06,-5.365116528787617e-07,-1.8924233126582657e-06,8.417841801573367e-08,3.994203365154028e-07,4.535928817025495e-07,-1.238433928523889e-07,-1.852007744199421e-08,-2.264209671742106e-07,-3.2590458307959333e-07,2.71225745747182e-07,-1.2826477845374604e-08,-2.1409891083557946e-07,-1.031617791127425e-07,1.3740800732571502e-08,8.90403091241334e-09,2.7324278939272337e-07,-1.178866021510011e-07,-2.356012444730442e-07,-2.298432280017942e-07,-7.8295502368555e-08,-1.2834410339943073e-07,1.8889188220181147e-08,2.989290498789441e-07,-1.1126052649343443e-07,-2.290099412536063e-07,-3.3526385311227975e-08,-1.8171493080952855e-07,-2.3817086508307867e-07,-1.5705518117123334e-07,2.3055745613157805e-07,-4.0605469217435455e-08,-1.417181949853532e-07,2.461985148574983e-07,-3.095854529392656e-07,3.7414467052543316e-07,-3.3031855464937196e-08,-2.0592846296733958e-07,-2.562607260584508e-08,4.162939886065174e-07,no movement,no movement,no movement,no movement
9600.00000000001,0.0355972726616096,0.3129345518140435,-0.2912170405999999,0.0436418418239186,0.3329629880830537,-0.2827261317666666,0.0457337138281079,0.3328355332398772,-0.2708926309,0.045196530391651,0.3328408434003617,-0.2760799310666666,0.0286897174433796,0.342486769984208,-0.3076305231666666,0.0301410502945124,0.3403656219475264,-0.3205181681333333,0.0346938298294615,0.3306696646813767,-0.3004398179333333,0.0526735579947195,0.3372616613806739,-0.1767055486666666,-0.0429976100188601,0.3013371701808969,-0.2347260537333333,0.0477438614602211,0.312222311429131,-0.2362358113666666,0.024294056462628,0.2830650801453815,-0.2810907982000001,0.1002811254214507,0.2165969747851966,-0.0355242571,-0.1183552610729714,0.2565457916234213,-0.0872406283733333,0.137868438368123,0.0445672257357869,0.0035188625304666,-0.1546401800749899,0.0099725999218971,-0.1315706784,0.1578603481210876,-0.1426008213838755,0.0039495864603333,-0.1016898459959667,-0.1528566918788194,-0.1710009599333333,0.1533314859020159,-0.1844530017080668,0.0082974538642333,-0.0662758998154344,-0.1868098705273136,-0.2153449794333333,0.1284884802107589,-0.1923220809653937,-0.0126407538703333,-0.0287471007256892,-0.1584356190670121,-0.2248278824666666,0.1536399570155145,-0.1689598108450469,-0.0036093469173,-0.0815609825012152,-0.1496969076447166,-0.183755815,0.0696205943160331,-0.1635464894958791,0.06173016234,-0.0670098236580644,-0.1662927491239094,-0.0608654173033333,0.0769772572872423,-0.4921789966820954,0.0513852395066666,-0.038341391568473,-0.4420863526194252,-0.0891335871699999,0.071009492448291,-0.7756579505903755,0.2001398186333333,-0.0824776264366806,-0.7812083253376368,0.0521137373333333,0.0545158856931418,-0.806175970461596,0.2183385479666666,-0.0859467366615995,-0.8110596357929246,0.0246409190799999,0.1007803958077824,-0.833692687787145,0.1795771742333333,-0.061310840540611,-0.8383897090650682,-0.0606967058233333,nijmegen_nijmegen_rennen_g_ch1_g11_compr.mp4,ch1g11,8.036003673885222e-06,1.497480775621645e-05,1.177527467797711e-05,1.3233895659782926e-05,2.7587840193135834e-06,1.5556410000455852e-05,1.167760616834502e-05,8.718142229815973e-06,7.585396170425899e-06,6.579921396136944e-06,1.7717822724515278e-05,9.609385154950768e-06,1.3226168134708308e-05,1.1889068829200427e-05,1.553204328343024e-05,8.854953162563218e-06,1.0090629267312916e-05,1.7642134269972715e-05,9.37375091411247e-06,1.3039499407301735e-05,1.827024213499626e-05,1.1412677397627109e-05,1.3106049184060756e-05,9.578355263824076e-06,3.0201255502807993e-06,1.625765005614175e-06,1.0622516902051284e-05,1.8244647784865032e-05,1.1456235646541834e-05,1.6689695327520075e-05,1.5033774225607863e-06,1.29424859463129e-05,1.5017109523877196e-05,3.120083978071412e-05,9.848267083060008e-06,-0.0001501247362056,-0.0001405790088533,-0.0001430096140944,-0.0001423847516699,-0.0001651674841257,-0.0001664581456553,-0.0001630850291727,-0.0001030524554482,-0.0001935759384197,-0.0001446889315934,-0.0001614797603453,-0.0001223042749257,-0.0001543245477928,-0.0002554636730083,-0.0002038765840601,-0.000301418734251,-0.0001598459836728,-0.0002855001650289,-0.0001102316413634,-0.0002525635859594,-0.0001099780372518,-0.0002893247727221,-0.0001502527112867,7.08895463600233e-06,-6.156851268081209e-06,-9.212361181386191e-05,-0.0001045419977632,-3.7488687418330515e-05,-0.000131553586465,-3.1315909593172186e-05,-0.0001350170880531,-0.000129913775808,-0.0001451586302902,-2.0917081715709037e-07,1.6881529324785904e-07,4.902981941261663e-07,-7.680072766019276e-07,-3.177536918501398e-07,2.252723079763393e-07,5.043882994094142e-07,-3.404106006360668e-07,-7.292833100263219e-07,-2.249779144522066e-07,-1.5865120857889209e-06,-6.754790271482087e-07,5.64012396600943e-07,4.888331818468713e-07,-9.282543503241036e-07,-4.074414334763908e-07,-1.847296374040736e-06,-1.532758902167778e-06,-6.424779576852593e-07,5.904543357315358e-07,5.049911507238611e-07,3.768087690352502e-07,5.510167228408006e-07,-5.4134857848322315e-08,-4.488829445837363e-07,3.56987660580373e-08,5.0147620586104783e-08,-1.5434987098914566e-06,-8.528002030424679e-07,-1.4495199029759262e-06,3.8521571085249225e-08,1.6026760191937064e-07,4.4588526788459633e-07,-1.1064378332218576e-07,-1.8460577529664657e-08,-2.751964805282676e-07,-2.554330472655228e-07,3.444381026510011e-07,-1.1329950907226292e-08,-2.632491372224746e-07,-3.910335020022421e-08,2.1371224959268944e-08,1.999905715712795e-08,3.0467112362044537e-07,-3.6107015320467334e-08,-2.893060911629367e-07,-2.76382992719469e-07,-5.8931455822730556e-08,-1.263691314532979e-07,1.8270066439621826e-07,3.336333119785725e-07,-3.662844678962585e-08,-2.838278360245497e-07,-3.3951723728189354e-08,-2.388249554498067e-07,-2.926044166135603e-07,-1.8471534548046915e-07,3.1481654509152617e-07,-4.695368009880996e-08,-1.7282938819504106e-07,2.71489680466272e-07,-2.451724133887034e-07,3.916286538822881e-07,-4.110596193082899e-08,-2.09462946746946e-07,-2.4468877605631376e-08,3.778444093051325e-07,no movement,no movement,no movement,no movement
9616.666666666675,0.0354568941799005,0.3127838267589082,-0.2918637231999999,0.0434806831964254,0.3328225116522906,-0.2834124027666667,0.0455703466506324,0.3326933053694468,-0.2715763249666667,0.0450354764959362,0.332698936521799,-0.2767545453999999,0.0285201908730073,0.3423228119613127,-0.3082649271666666,0.0299691388813257,0.3401997363440252,-0.3211539957,0.0345230483142769,0.3305059739629886,-0.3010718228666666,0.0525666552972703,0.3371619555291282,-0.1773542056666666,-0.0431147646188139,0.3011449420620473,-0.2351812792666666,0.0476607409792673,0.3120792868647836,-0.2368654445333332,0.0242063380707434,0.2829042710905428,-0.2816592874333334,0.1003227723418833,0.2164781371500113,-0.03619482941,-0.118484276108402,0.2564014781481686,-0.0873214865433333,0.1378803186850456,0.0443124705662968,0.0028574914394666,-0.1547426316041986,0.0097793425743698,-0.1315102849666666,0.1578021223007157,-0.1428930677572652,0.0034628978996666,-0.1018831673595956,-0.1530267041513403,-0.1711545765,0.1532464690117133,-0.1847225665387013,0.0078210812582333,-0.0664965653254662,-0.1869337496459136,-0.2155138622666667,0.1283623882366932,-0.1925619500686714,-0.0131453598229999,-0.0290294067710603,-0.1585663809869693,-0.2250573797333333,0.1535659010737033,-0.1692369989892318,-0.0040968484019666,-0.0817743918303156,-0.1498589753809419,-0.182940841,0.0696444713912455,-0.1635398642952597,0.0616758001733333,-0.0670356023898471,-0.1662987187771405,-0.0608087177666666,0.0770757898794049,-0.4922614234334255,0.05106971363,-0.0383526788665215,-0.4422049614205217,-0.0892135612066666,0.0709898571633752,-0.7757046619356271,0.2001705472999999,-0.082416188880437,-0.7813550799860071,0.05233747504,0.0544859408939915,-0.8062159141615649,0.2184084870666666,-0.0858885571548611,-0.8112106604367875,0.0248924154766666,0.1006422698008228,-0.8338172596135414,0.1796010697333333,-0.0613430758872448,-0.8385290315766017,-0.0604751128833333,nijmegen_nijmegen_rennen_g_ch1_g11_compr.mp4,ch1g11,7.863048343007947e-06,1.5401006947029998e-05,1.2169537686990057e-05,1.2242566545024557e-05,2.9971745318695343e-06,1.6066616220349916e-05,1.2098724760149063e-05,8.279503817343198e-06,6.963971526480423e-06,6.441523625588166e-06,1.6588127912544822e-05,8.695978711759925e-06,1.3686861633781652e-05,1.228775426393873e-05,1.463798743665687e-05,8.492710274302477e-06,8.2416025078695e-06,1.658160117804871e-05,8.528261309455306e-06,1.3528126634662353e-05,1.9113117758168137e-05,1.1761573920482808e-05,1.3549511334931648e-05,9.558577671676364e-06,3.0534256298631956e-06,1.622353069551417e-06,1.0692843182480233e-05,1.713926833686121e-05,1.0505518196921656e-05,1.5783645958230066e-05,1.5128081324863396e-06,1.3077563721173576e-05,1.5696594097336105e-05,2.9918165817952116e-05,9.058402123965228e-06,-0.0001513511552312,-0.0001415517917287,-0.0001438201477279,-0.0001431524221123,-0.0001659674280096,-0.0001675964589163,-0.0001646936742799,-9.79202660471878e-05,-0.000192240800465,-0.0001430028926374,-0.0001610569913283,-0.0001102019281764,-0.0001392687536099,-0.0002414685316555,-0.0001849589372288,-0.0002823223418575,-0.000156408438145,-0.0002662813198045,-0.0001122119011163,-0.0002353136444969,-0.0001131884105797,-0.0002691868600533,-0.0001476006555886,6.803242126728847e-06,-6.004528476566738e-06,-8.15986755354462e-05,-9.9159604035375e-05,-1.436285530074056e-05,-0.0001233311483999,-7.054737005040348e-06,-0.0001262500639917,-0.0001050316740808,-0.0001397977956764,-3.419449083113508e-07,1.552990014396512e-07,1.5795677565409326e-07,-1.004550605258518e-06,1.0871149106903589e-07,2.2484400359168418e-07,1.826148906128162e-07,-3.132973918940545e-07,-7.092519741795815e-07,-2.11568116441796e-07,-1.232676619858538e-06,-6.522331527539897e-07,2.147686768248533e-07,1.5695806011587358e-07,-1.0033661953870291e-06,-5.374477079020812e-07,-1.6347627224481968e-06,-1.1471720057658476e-06,-6.285038394508999e-07,2.4568233055923545e-07,4.988041373642956e-07,8.047504661661401e-08,1.9903550815678225e-07,-2.681156511183167e-07,-4.80536110334946e-08,-1.4336658547429476e-08,-1.5369137996087758e-07,-1.232564681457153e-06,-1.0890744969118277e-06,-1.0310814358224074e-06,-6.991344316802177e-09,-6.478121059226302e-08,4.500146711355166e-07,-1.0364162459682109e-07,-1.9679821029658783e-08,-2.871393769656013e-07,-1.6919780351491964e-07,3.557840528818438e-07,-1.5099230346303993e-08,-2.7801932518040477e-07,1.7561291827925053e-08,2.9236057607115897e-08,2.825224639075989e-08,2.548278009919263e-07,4.2296200363768366e-08,-3.0373324930329816e-07,-2.8681698243181616e-07,-4.7671809065089936e-08,-1.1595938918946763e-07,2.90337951967698e-07,2.760560292344171e-07,3.554302440153562e-08,-3.008991801077092e-07,-3.7452820324525646e-08,-2.646065241043619e-07,-3.066373614724525e-07,-1.9112569243688848e-07,3.4076216286617906e-07,-3.9269048082085746e-08,-1.846799994422147e-07,2.1272556317738897e-07,-1.6211581250157368e-07,3.266862384296538e-07,-3.6575287650193486e-08,-1.940649816260018e-07,-2.2867608046599843e-08,2.766585597423446e-07,no movement,no movement,no movement,no movement
9633.33333333334,0.0353283756338013,0.3126375132637767,-0.2924856896999999,0.0433295248699304,0.3326847002576819,-0.2840585618333333,0.0454176297336667,0.3325536124869301,-0.2722210436,0.0448846052670199,0.3325596024939949,-0.2773898722999999,0.0283569340860242,0.3421605527125515,-0.3088689367666667,0.0298040336280275,0.3400357865509825,-0.3217595858333333,0.0343591568537664,0.3303443583549799,-0.3016733549333333,0.0524701726122541,0.3370693291735211,-0.1779246369999999,-0.0432331616116742,0.3009557838991462,-0.2356066107,0.0475890309486494,0.3119441783691747,-0.2374615376666666,0.0241251618399895,0.2827494884142985,-0.2822053792333334,0.1003807456604359,0.216375872449503,-0.0367448926733333,-0.1186070964675143,0.2562690215430437,-0.0874030579833333,0.1379108279084748,0.0440706010261242,0.0023604985281333,-0.1548357304306714,0.0095928362743357,-0.1314523865,0.1577580661323654,-0.14316014728565,0.0030693584626666,-0.1020924375423361,-0.153175467629398,-0.1712973549666666,0.153169335684993,-0.1849761793853213,0.0074241016979,-0.0667407111986756,-0.1870432186019546,-0.2156657836,0.1282411612930318,-0.1927779360292919,-0.013572411458,-0.0293344111834354,-0.1586755514683506,-0.2252669610666666,0.1535003279005466,-0.1694882007248943,-0.0044923059493,-0.0820034857698812,-0.1499994656450378,-0.182045564,0.0696690583133364,-0.1635336878754056,0.0616238457866666,-0.0670620714543681,-0.1663041676605173,-0.0607546208366666,0.0771753545751703,-0.4923468773620406,0.0508546404533333,-0.0383797543109994,-0.4423022549310508,-0.0892888443566666,0.0709931936008453,-0.7757347180476762,0.2002343078666666,-0.0823598947666442,-0.7814811349257363,0.0524434343433333,0.0544856542659009,-0.8062386401814261,0.2185061199666666,-0.0858336358688529,-0.8113399779607259,0.0250071370333333,0.1005387170179178,-0.8339047053045663,0.1796419625,-0.061370738987384,-0.8386561844836097,-0.0604228475566666,nijmegen_nijmegen_rennen_g_ch1_g11_compr.mp4,ch1g11,7.851823790659812e-06,1.5602548946594575e-05,1.245355660927037e-05,1.132901076778388e-05,3.95575273074032e-06,1.632905383585271e-05,1.2414509283703334e-05,7.93855089520671e-06,6.425035725974435e-06,6.232619592967099e-06,1.5533924805937e-05,7.944054762298419e-06,1.4024851588467288e-05,1.2575423540190969e-05,1.375305863768799e-05,7.784633247300056e-06,6.999388832524363e-06,1.5629261116471963e-05,7.806600646859437e-06,1.389680326716663e-05,1.9559281434030337e-05,1.200844426929382e-05,1.3866214737399997e-05,9.53240684615665e-06,3.819924272931288e-06,1.5560036563608868e-06,1.0773358068099803e-05,1.6110715948715423e-05,9.528100726021502e-06,1.5108192350411749e-05,1.4646289500169126e-06,1.3223214525876074e-05,1.6101520356831006e-05,2.864415837268256e-05,8.691077902681336e-06,-0.0001533821347235,-0.0001429127725097,-0.0001448310526803,-0.0001440852112204,-0.0001667633408052,-0.000168804712218,-0.0001665811722748,-9.266417841470848e-05,-0.0001905892990382,-0.0001419229838348,-0.0001615460956435,-9.827463175364404e-05,-0.0001243859670347,-0.0002277440893882,-0.000164105912732,-0.000264214663162,-0.0001488243505213,-0.0002481482396306,-0.0001096463441991,-0.0002190089598146,-0.0001120208645305,-0.0002503910205548,-0.000141106142077,6.531076809269155e-06,-5.853854671907437e-06,-6.943988365140043e-05,-9.371874261906233e-05,1.2228050420405964e-05,-0.0001174786738974,2.1190981425771884e-05,-0.0001201646436858,-7.057435776674482e-05,-0.0001276002544283,-4.196477874276698e-07,1.3236486014802692e-07,-1.35015677387673e-07,-1.12989890678802e-06,6.015321948384438e-07,2.066144877529357e-07,-1.0430188439893639e-07,-2.4734512950396916e-07,-6.670668987262314e-07,-1.8478322729032165e-07,-9.517428837817652e-07,-5.584013550725359e-07,-1.0124243190532997e-07,-1.3374084003475488e-07,-1.0347249606892664e-06,-6.473166777327478e-07,-1.262481127530019e-06,-8.498374930471988e-07,-5.47650818059117e-07,-7.165045931889215e-08,4.5282512848963107e-07,-1.9342618772326266e-07,-1.199393513455576e-07,-4.390634871892303e-07,4.2333675392558123e-07,-5.0268277091073594e-08,-3.315014626849618e-07,-9.968295219786208e-07,-1.2004210091443751e-06,-7.128227339964398e-07,-4.1905099925592585e-08,-2.521649160670132e-07,4.242391002899792e-07,-9.47453448797874e-08,-1.5184637186810192e-08,-2.6228455424751445e-07,-7.341606008975478e-08,3.016202995880387e-07,-1.5707102225716942e-08,-2.574823687598383e-07,4.7628724842930867e-08,3.9711296070132e-08,3.86699793640457e-08,1.5666254162786577e-07,1.0193316628315653e-07,-2.79379151029357e-07,-2.610112225535245e-07,-3.8509259401438094e-08,-7.432858871744023e-08,3.310827998378393e-07,1.630683090866355e-07,9.252566058550905e-08,-2.803100175633782e-07,-3.959510344327159e-08,-2.5469406615011837e-07,-2.811660706933876e-07,-1.7194779881043245e-07,3.049584689163307e-07,-2.134277934430037e-08,-1.735930482735158e-07,1.0790864840158467e-07,-6.319602275487648e-08,2.068453589568095e-07,-2.230948425432992e-08,-1.62173255850605e-07,-2.0004737321032447e-08,1.3692235224791317e-07,no movement,no movement,no movement,no movement
9650.000000000007,0.0351948894685952,0.3124943964864167,-0.2930741176666666,0.0431756325339359,0.3325502650082013,-0.2846670100333333,0.045262269796783,0.332417330243118,-0.2728287616333333,0.0447309801140179,0.3324236478977367,-0.2779881101999999,0.0281898995039667,0.3420026589034792,-0.3094340861333334,0.0296353122051222,0.3398764458344054,-0.3223264200333333,0.0341917290587424,0.3301873386225323,-0.3022369585666666,0.0523769988941229,0.3369808810146482,-0.1784678667666666,-0.0433539542952889,0.3007750685707825,-0.2359862838666666,0.0475137842769695,0.3118117365667376,-0.2380269458333333,0.0240382051817186,0.2825985411531436,-0.2827184003999999,0.100438331126473,0.2162885288031271,-0.03726993012,-0.1187129702345488,0.2561586292279219,-0.0874633778833333,0.1379456622232217,0.043853629551704,0.0018845755491333,-0.154943330561178,0.0094357161266398,-0.1313454532666666,0.1577143367002095,-0.1434098283201993,0.0027112431476666,-0.1023167528898048,-0.1533151300586986,-0.1713521097666666,0.1530924747995334,-0.1852135729627513,0.0070691870062333,-0.0669958958118154,-0.1871477399087086,-0.2157151148666666,0.1281202289946629,-0.1929810394122685,-0.0139418954666666,-0.0296473658405307,-0.1587793178979525,-0.2253698525999999,0.1534351925942111,-0.1697226752258099,-0.0048423872296333,-0.082245041095387,-0.1501311197539236,-0.181960672,0.0696936541170402,-0.1635271750147593,0.0615749508533333,-0.0670885172681747,-0.1663100772831848,-0.0607041694799999,0.0772767382119642,-0.4924178867946981,0.0507088997699999,-0.0384274536251983,-0.4423919755411239,-0.0893635096033333,0.071003622050258,-0.7757051244920059,0.2003867824999999,-0.0823119537847574,-0.7815784308941744,0.0525620422466666,0.0544930970352652,-0.8061994597312417,0.2186967326333333,-0.0857829707974769,-0.8114370253765689,0.0251393184666666,0.1004684086416621,-0.8339755435397197,0.1798316448666666,-0.0613791417055328,-0.8387833752534628,-0.0603349181666666,nijmegen_nijmegen_rennen_g_ch1_g11_compr.mp4,ch1g11,7.5635717731739694e-06,1.568148135648997e-05,1.22064933472735e-05,1.0372369741718449e-05,4.679665343792882e-06,1.6469905611016137e-05,1.2208730769748242e-05,7.737284431057192e-06,5.763398209608858e-06,5.912651851441654e-06,1.4797964476630494e-05,7.5869656973511425e-06,1.3769104033937172e-05,1.23332387593262e-05,1.277025259878968e-05,7.131711917675005e-06,5.829550273112786e-06,1.5062231963018274e-05,7.411141056136525e-06,1.3681874019827272e-05,1.980444178931814e-05,1.1678620880939829e-05,1.3586474076004353e-05,9.026002248931052e-06,4.4119196127610486e-06,1.4234340706911765e-06,1.03688729370557e-05,1.53590887662862e-05,8.406573281965523e-06,1.4631596000535025e-05,1.3463424604357612e-06,1.2941205725677728e-05,1.6403077005381735e-05,2.7431293639936353e-05,8.624966459263363e-06,-0.0001466521354495,-0.0001350047044012,-0.000136331043224,-0.0001354544441379,-0.0001576605091652,-0.0001601270950489,-0.0001589583792945,-7.933579382275566e-05,-0.0001804821460763,-0.000132570355509,-0.0001539937309082,-8.367765213001258e-05,-0.0001060871332414,-0.0002130016719411,-0.000141196606613,-0.0002505627494121,-0.0001397731875617,-0.0002369410826593,-0.0001064107967562,-0.0002093983897449,-0.0001099682146234,-0.0002362014862972,-0.0001333144026266,6.129521430044466e-06,-5.564734640902751e-06,-5.7679897203914605e-05,-8.852914862539395e-05,3.683645980984776e-05,-0.0001160986675711,4.756578378367315e-05,-0.0001192121863711,-4.098236871301736e-05,-0.0001179964505043,-4.851059940506535e-07,1.0053991344139813e-07,-3.763188529942774e-07,-1.1537984917999364e-06,9.50703426187249e-07,1.72836940173064e-07,-3.4348713625908737e-07,-1.651481249805504e-07,-6.212543715906037e-07,-1.5823529622152935e-07,-8.229175136454946e-07,-4.010117669225243e-07,-3.6683894876959986e-07,-3.720322968607894e-07,-1.0428097843514629e-06,-7.147042566087654e-07,-8.605877886152808e-07,-7.238481622772941e-07,-4.024600034039638e-07,-3.414759035056323e-07,3.90875752334573e-07,-4.3864429077021427e-07,-3.882422700373145e-07,-5.82111108778784e-07,7.919520182243485e-07,-6.53221429553116e-08,-4.9015370646109e-07,-9.257257737861396e-07,-1.2075292146678668e-06,-5.468675675893383e-07,-5.9535741922968556e-08,-3.9360970413577586e-07,3.920601673779261e-07,-6.797676158848741e-08,-1.2260266233241728e-10,-1.9480505319407003e-07,2.6522676300822783e-08,2.349243459012977e-07,-7.236383560778734e-09,-1.953302821651091e-07,5.451957136468937e-08,6.264527250999505e-08,5.4720949668015185e-08,3.852170153261701e-08,1.3380631423040114e-07,-2.092597261921123e-07,-1.9313823030995985e-07,-1.9437156781263152e-08,-1.6790091413356647e-08,3.3153009990033e-07,2.467948042812973e-08,1.2555524191408565e-07,-2.145903188386269e-07,-3.009441057297428e-08,-1.990567307545477e-07,-2.093097673182329e-07,-1.154287999523881e-07,2.538351003986257e-07,3.903928690418675e-09,-1.2616283913324865e-07,-1.0952505897725116e-08,4.3088931595534854e-08,7.761388968248968e-08,-3.691528545521388e-10,-1.035114974488584e-07,-1.2779922280037494e-08,3.4658733946151946e-08,no movement,no movement,no movement,no movement
9666.666666666672,0.0350701348317653,0.3123649044785569,-0.2934192365,0.0430251380527576,0.3324357886977785,-0.2850490380666666,0.0451100013377406,0.3323021559970093,-0.2732082326333333,0.0445810965447388,0.3323104029444853,-0.2783659162333333,0.0280303738062636,0.3418692442661865,-0.3097878973,0.0294741091336634,0.3397391974114238,-0.3226813090666666,0.0340307272209877,0.3300491272515649,-0.3025935701666666,0.0522808473225882,0.3369250996814285,-0.1788324519999999,-0.0434652830433582,0.3006164718825893,-0.2362466364666667,0.0474432709608144,0.3116977442158339,-0.2383628165333333,0.0239618871047473,0.2824621856139332,-0.2830183418999999,0.1004796407886516,0.2162129580437191,-0.03758781982,-0.1187827977443846,0.2560705579852503,-0.0874914044866666,0.1379689487568008,0.0436414531539412,0.0016068081491333,-0.1550544306988557,0.0093113303280521,-0.1312403369999999,0.1576579397022126,-0.1436666849079801,0.002510682048,-0.102541048242598,-0.1534493264877994,-0.1713324541666666,0.1530065196231857,-0.1854583144701603,0.0068816214032333,-0.0672490509930192,-0.187249072462421,-0.2156674271666666,0.1279925287472245,-0.1932032403725244,-0.0141431764546666,-0.0299546779781352,-0.1588798848881319,-0.2253351944666666,0.1533621082997266,-0.1699632736553094,-0.0050347381472999,-0.0824867774969815,-0.1502567694590257,-0.182594135,0.0697106867138391,-0.1635213417549028,0.06153271103,-0.0671068879340588,-0.1663152408491386,-0.0606612507833333,0.0773888690226865,-0.4924577857551999,0.0505255856833333,-0.0384742465564584,-0.4424789397581554,-0.0894554258799999,0.0710484687760378,-0.7756715753598754,0.2002880746999999,-0.0822572308630518,-0.7816937829106222,0.0525818617866666,0.0545336108182269,-0.8061560899823074,0.2186030504333333,-0.0857236879933875,-0.8115565552031138,0.0251580963499999,0.100420398526252,-0.8340340145986517,0.1797764321,-0.0613489880559222,-0.8389177874427859,-0.0603294251033333,nijmegen_nijmegen_rennen_g_ch1_g11_compr.mp4,ch1g11,7.119636762791978e-06,1.548865376943094e-05,1.1773798388183995e-05,9.49841153474238e-06,5.512698282849872e-06,1.632925807107975e-05,1.1805729427882832e-05,7.963329565841361e-06,5.094088386040974e-06,5.678013118458782e-06,1.3663205690414784e-05,7.046417117863322e-06,1.332612913945653e-05,1.1903690515433682e-05,1.1569270823596253e-05,6.362366562047047e-06,4.88119130270366e-06,1.4117743241896883e-05,6.864067364987558e-06,1.325071953243e-05,1.9746175312177617e-05,1.1121762597854184e-05,1.3130984586940191e-05,8.370773608375367e-06,5.165987716828157e-06,1.334346247856648e-06,9.786636183849185e-06,1.418170761630333e-05,7.266060984380875e-06,1.3625348599147498e-05,1.2542504070108543e-06,1.2507508249253131e-05,1.648196094683188e-05,2.5789282184207177e-05,8.590858506663152e-06,-0.0001368213762076,-0.0001246568463765,-0.0001257564331512,-0.0001246317848709,-0.0001465255465664,-0.0001491229994538,-0.0001486235473601,-6.447997996867334e-05,-0.0001673629154787,-0.0001206300085574,-0.0001432541289517,-6.580066447002288e-05,-8.564578929600553e-05,-0.0001936692997418,-0.0001170943072141,-0.0002294509930798,-0.000125067843549,-0.0002191758099028,-9.665010165794507e-05,-0.0001912547178681,-9.917338801947616e-05,-0.0002154861276868,-0.0001193621402032,5.955462134027496e-06,-5.462839578650339e-06,-4.751242156158608e-05,-8.284187183258155e-05,6.65132520678498e-05,-0.0001094242870849,7.838270935673207e-05,-0.0001119792293705,-6.529920281152422e-06,-0.0001053640027787,-5.189694846040194e-07,8.910999845317807e-08,-5.192448890083709e-07,-1.0888972023357415e-06,1.0989082179833843e-06,1.5354283560907886e-07,-4.90784281773427e-07,-9.715132546499293e-08,-5.538434610219028e-07,-1.0328008080607195e-07,-8.676276398448518e-07,-2.500910931898147e-07,-5.197289090253315e-07,-5.142428132758499e-07,-1.067907623375408e-06,-7.45972330068769e-07,-5.324282070824481e-07,-7.979144396365506e-07,-2.527804602475712e-07,-5.040373598309636e-07,3.595136005238433e-07,-5.975964070463988e-07,-5.392929333694108e-07,-6.567354624220644e-07,9.732888342543617e-07,-4.3643488655399676e-08,-5.77714154167341e-07,-1.030488368776766e-06,-1.0799911505879378e-06,-5.571342313518881e-07,-4.420061282799395e-08,-4.328705904632617e-07,3.7329932048971396e-07,-2.8058790179805192e-08,1.7590506206579282e-08,-1.0389407034242597e-07,1.208188407998924e-07,1.6154853137099297e-07,2.547140976753372e-09,-1.0948841256030685e-07,3.9173557361708385e-08,9.133391846048849e-08,6.393072227689416e-08,-6.632119963208818e-08,1.4759016404339974e-07,-1.1375615135413885e-07,-1.0232791463117399e-07,1.6647540116243993e-08,5.7240112672657296e-08,2.966585805245126e-07,-9.913298773403033e-08,1.4105562946132656e-07,-1.2256995124465866e-07,-2.392220466630452e-08,-1.1421543688761045e-07,-1.1206905140543277e-07,-3.642336584470515e-08,1.9143493845762938e-07,2.9152909566399633e-08,-5.444450593869374e-08,-1.072931418211777e-07,1.4947714724020813e-07,-3.0926221072011654e-08,2.27241317854628e-08,-2.963801236298606e-08,-1.184790271655704e-08,1.6338781189126306e-07,no movement,no movement,no movement,no movement
9683.33333333334,0.0349567411584497,0.3121980624722881,-0.2941151783666667,0.0428893374734955,0.3322794471825112,-0.2857638467666666,0.0449726918011993,0.332142905007919,-0.2739214161,0.0444454777596062,0.3321525124494476,-0.2790675586666667,0.0278834002300062,0.3416879544775425,-0.3104658276000001,0.0293255857546505,0.3395562351676038,-0.3233632219666665,0.0338833284375215,0.3298694769710696,-0.3032695653333333,0.0522092233022147,0.3368205822935203,-0.1794622927666666,-0.0435734202131711,0.3004161202640525,-0.2367227320666667,0.047383948957219,0.3115406849911408,-0.2390326589999999,0.0238935715375836,0.2822866127006695,-0.2836427482333333,0.100545897288125,0.2161226728050016,-0.03808355221,-0.1188518441638829,0.2559660339968899,-0.0876212944866666,0.1380228934520473,0.0434357582898079,0.0013703756464666,-0.1551367726661341,0.0092018359506042,-0.1311576270999999,0.1576217349789261,-0.1438997004275344,0.0024337719243333,-0.1027644792123177,-0.1535727308875137,-0.1713737125,0.1529322723511106,-0.1856751235817406,0.0068237786328999,-0.0675080002362309,-0.1873404377367283,-0.2157157263,0.1278707692934373,-0.1933879877238413,-0.0142294883279999,-0.0302694266768126,-0.1589722850440314,-0.2254205656999999,0.1532994701460762,-0.1701839096513776,-0.0051063316726333,-0.0827259587447619,-0.1503766820455194,-0.182598755,0.0697355718189546,-0.1635146005431881,0.0614883172433333,-0.0671342623514061,-0.1663213244024605,-0.0606159354833333,0.0775480296960489,-0.4924969316289566,0.0505590738066666,-0.0385398703404467,-0.4425342387888736,-0.0895271493899999,0.0711884900545279,-0.775549717976366,0.2007244745666666,-0.0822026581527259,-0.7817747223508427,0.0526452408966666,0.0546703240549998,-0.8060205271601724,0.2190849977,-0.0856630924173435,-0.811639727612228,0.0252336506399999,0.1004235892787614,-0.8340033889145235,0.1801826412333333,-0.0613262681891187,-0.8390132084961512,-0.0603213650666666,nijmegen_nijmegen_rennen_g_ch1_g11_compr.mp4,ch1g11,6.2985310329774555e-06,1.5449125898758162e-05,1.0817485685477769e-05,8.300105797831879e-06,6.2762752412462314e-06,1.638670079768879e-05,1.0882086115575944e-05,7.835389636100935e-06,4.500251568971173e-06,5.5130394413177845e-06,1.3078836110113822e-05,7.343902607027733e-06,1.2328718927986427e-05,1.094980104877632e-05,1.0547680697473864e-05,5.865591059092415e-06,4.719252105044032e-06,1.362869546029006e-05,7.0898125909112215e-06,1.227683774348778e-05,2.00141563565237e-05,1.0071611298685847e-05,1.210997865248921e-05,7.3241005519279905e-06,5.829762393481227e-06,1.2839199196770775e-06,8.816718228985031e-06,1.3450833814983594e-05,6.028735054381521e-06,1.3243218632682034e-05,1.1999724485750356e-06,1.1689660499114034e-05,1.6796180137454967e-05,2.4489706933833475e-05,9.178865514794911e-06,-0.0001201221646647,-0.0001068925544814,-0.0001076245278658,-0.0001062904026693,-0.0001278890586499,-0.0001306430328877,-0.0001309601323836,-4.343697200841996e-05,-0.0001490010570686,-0.000102666280482,-0.0001266534529331,-4.5345810353031273e-05,-6.256155644601996e-05,-0.000171485394279,-8.64161867189787e-05,-0.0002118316127104,-0.0001119972697379,-0.0002040763150211,-8.740865608006826e-05,-0.0001768628307411,-9.055041457871296e-05,-0.0001992008490618,-0.0001078050667698,5.922458126645587e-06,-5.464555173414347e-06,-4.2218193418675026e-05,-7.90901649867954e-05,8.545022723627167e-05,-0.0001091290391245,9.818641237892923e-05,-0.000111335370403,1.9702481278247993e-05,-9.410390727643632e-05,-5.517914293677572e-07,8.531498538302366e-08,-5.845615932658956e-07,-8.972305308928678e-07,1.0438203597666911e-06,1.326462497678816e-07,-5.61534895460875e-07,-1.0415762981718344e-07,-5.01508520625744e-07,-2.9503123930340797e-08,-1.054895823765993e-06,-8.914104023113528e-08,-5.925954633902568e-07,-5.78076776409908e-07,-1.100664446733635e-06,-6.772307584124512e-07,-2.190444977792879e-07,-1.020349202170535e-06,-9.285436370865468e-08,-5.833937096894385e-07,2.997289405751261e-07,-6.901435243828151e-07,-6.118824972894833e-07,-7.05981133569552e-07,9.58308916847429e-07,-1.0698370507159251e-08,-6.41040186029966e-07,-1.2651649757094467e-06,-8.888134053979551e-07,-6.97035769095949e-07,-1.7784592115420636e-08,-4.531717824975048e-07,3.295281477463567e-07,2.9290811077267292e-08,2.657393410924096e-08,5.1969239898130755e-09,2.109109700113755e-07,9.762010976039105e-08,2.791587730472944e-09,-5.007097358461985e-09,3.22520903130248e-08,1.2048745865122477e-07,6.115839414860217e-08,-1.534130714973679e-07,1.1483877817202345e-07,1.51285041097576e-09,6.160257505831203e-09,5.648109616453741e-08,1.2282791843468856e-07,2.280191732086194e-07,-1.9610194651936572e-07,1.1364816320457729e-07,-1.0406644747189833e-08,-3.3784968408211956e-08,-7.000232085700261e-09,5.542796484591296e-09,6.043393427515023e-08,1.345958475940831e-07,5.028834778773659e-08,3.625391537495533e-08,-1.7420476285543845e-07,2.492383485393201e-07,-1.2174176409228013e-07,4.267581298809478e-08,5.7059562911994355e-08,-2.5588837063789137e-08,2.805833652778597e-07,no movement,no movement,no movement,no movement
9700.000000000004,0.0348533171837843,0.3120639432712401,-0.2943838781,0.0427546272281857,0.3321603288762125,-0.2860548505666667,0.0448372635509624,0.3320227673045785,-0.2742116718333333,0.0443118946809817,0.3320342978803833,-0.2793523953666667,0.0277408915945648,0.3415463702202477,-0.3107420434666668,0.0291800625960128,0.339411691228862,-0.3236362668666666,0.0337386099126753,0.3297250515366814,-0.3035469375333333,0.0521297026361072,0.3367735548998358,-0.1797003289,-0.0436926550713049,0.3002542955956948,-0.2369111503,0.0473281679167389,0.3114263670363379,-0.2392799740666666,0.0238300486885893,0.2821457576690706,-0.2838647845,0.1005971646300551,0.2160771153789792,-0.0382808921366666,-0.1189139967286141,0.2559011678177805,-0.0875856339499999,0.13807060397873,0.0432713994344282,0.0013035211054666,-0.1552356974273423,0.0091259166376074,-0.1309882157999999,0.1575726721880435,-0.1441214492264333,0.0024477692836666,-0.103000883301868,-0.1536872911313859,-0.1712389031666666,0.1528417866961509,-0.1858849684097951,0.0068593615812333,-0.0677818987277244,-0.1874293423513946,-0.2155556550333333,0.1277357538117328,-0.1935686896082713,-0.0142008791846666,-0.0305997767898781,-0.159066063895214,-0.2252614570666666,0.1532273627737569,-0.1703928852492791,-0.0050786774766333,-0.0829824044751036,-0.1504870471551789,-0.182155415,0.0697555215063326,-0.1635083469560385,0.06144974087,-0.0671560400326505,-0.1663270611947884,-0.0605764120166666,0.0776756881562728,-0.4925378520025378,0.05057712557,-0.0385938991099893,-0.4426093823968391,-0.0896079610333333,0.0712595682368331,-0.7754408664111618,0.2011302262333333,-0.0821654756594338,-0.7819009221691173,0.0526700728099999,0.0547343482456245,-0.8058966121201989,0.2195302498666667,-0.0856246350066573,-0.8117697118094592,0.0252649541933333,0.1003460821013216,-0.8339722875283455,0.1806134919333333,-0.0613253737394662,-0.8391088320094132,-0.0603066783999999,nijmegen_nijmegen_rennen_g_ch1_g11_compr.mp4,ch1g11,5.489010307065832e-06,1.5455576975537114e-05,9.89375202598072e-06,7.186634864869536e-06,7.944079277231442e-06,1.6473758235631752e-05,9.97559044859174e-06,7.805704283646558e-06,3.950353255644786e-06,5.638141887525429e-06,1.2277539951630251e-05,7.4557174271883965e-06,1.1396635247326115e-05,1.0034130932114925e-05,9.472497782259834e-06,5.116731865360617e-06,5.002314998643e-06,1.2815592085478812e-05,7.204848190089748e-06,1.1354283641837822e-05,2.0412818357360213e-05,9.06949770649289e-06,1.1160183613980348e-05,6.37163671333768e-06,7.355933527586755e-06,1.310446040120305e-06,7.936761123520484e-06,1.235079137014558e-05,5.057589239118813e-06,1.2796980575021576e-05,1.2138087022238108e-06,1.0995457246296458e-05,1.7152234468442845e-05,2.3082305821375196e-05,1.0296581738835197e-05,-0.0001059794833619,-9.155468670457356e-05,-9.222581924657556e-05,-9.06286330655049e-05,-0.0001126791383432,-0.0001154945489107,-0.0001162634600459,-2.469952113512916e-05,-0.0001339215860944,-8.716882328690254e-05,-0.0001125345609826,-2.504216470033471e-05,-4.367629821751077e-05,-0.0001502045009878,-5.981052889368095e-05,-0.0001949308571991,-0.0001014642282943,-0.0001885083675715,-7.796552032708902e-05,-0.0001614526665919,-8.005206657015554e-05,-0.0001846416403719,-9.789883017346726e-05,6.269862640679579e-06,-5.8113434430315815e-06,-4.376309000929311e-05,-7.855548698322911e-05,9.662827036098636e-05,-0.0001085154192312,0.0001100064758988,-0.0001098347839074,4.395940803255452e-05,-8.152324314101333e-05,-5.079158789278594e-07,1.1154518668902955e-07,-5.281599305471694e-07,-6.58895094786103e-07,9.964655892221076e-07,1.2847945407371225e-07,-5.178843994799413e-07,-8.52354780739313e-08,-3.921270609336734e-07,3.6116051781176775e-08,-1.29251266328597e-06,-1.36594164956419e-08,-5.358967988903376e-07,-5.221337022476555e-07,-1.0551123782288995e-06,-5.296246269401246e-07,-3.979442578394791e-08,-1.3041675623051229e-06,-1.7908883436719518e-08,-5.392854285780253e-07,2.555623920281693e-07,-6.551110321000456e-07,-5.486736498464132e-07,-6.351890225406431e-07,9.583051964389469e-07,5.2556593480403926e-08,-5.934429232526376e-07,-1.518059561180467e-06,-6.085467849173147e-07,-8.963511876433303e-07,3.6838370074060935e-08,-3.830376953912015e-07,2.919842161005675e-07,8.767591396800586e-08,1.5949754901694175e-08,1.0022451386131029e-07,2.757052848251774e-07,2.3107842969852612e-08,-1.6262956623246628e-08,8.714547829563312e-08,2.6062323632619308e-08,1.418025239579271e-07,3.5023061235504625e-08,-1.907831858441009e-07,6.869014989832938e-08,1.0106277746984165e-07,1.0008456003746745e-07,9.721990945411237e-08,1.859084521598372e-07,1.4472177088758182e-07,-2.2891366545029474e-07,7.097895583202324e-08,8.762381464248246e-08,-7.16999114910997e-08,9.018331047316244e-08,1.0734426151463316e-07,1.461692546321391e-07,6.468934747551574e-08,6.17746632048848e-08,1.174412080433721e-07,-1.7858151902492186e-07,3.206141384999662e-07,-1.7083514319472064e-07,5.4324644586920614e-08,1.29187221446991e-07,-5.972362168674575e-08,3.42944410208813e-07,no movement,no movement,no movement,no movement
9716.666666666672,0.0347565319246477,0.3119445286902485,-0.2945378756333333,0.0426257587835522,0.3320516287347725,-0.2862168927666666,0.0447083724714725,0.3319129725098944,-0.2743746934999999,0.04418448581175,0.3319260718392093,-0.2795125103333333,0.0276024823619235,0.341412820591279,-0.3109021614,0.0290392531461981,0.3392764823180048,-0.3237931532333333,0.0335990750571365,0.3295910261780466,-0.3037087025333332,0.0520536935100112,0.3367403415898776,-0.1797825698999999,-0.043815919475151,0.3001046405318629,-0.2369899069333333,0.0472774121070957,0.3113304965998814,-0.2394043417,0.0237696960174728,0.2820225652819579,-0.2839779876333334,0.1006456718782716,0.2160685252356039,-0.0382733270666666,-0.1189742719479804,0.2558469947026995,-0.0874979922733333,0.1381149190284161,0.0431527667446657,0.0014480811817999,-0.1553354036931422,0.0090514784219055,-0.1307926633999999,0.1575290481145707,-0.1442704783188405,0.0025742502933333,-0.1032364927135391,-0.1537790148433901,-0.1710943052666667,0.1527575566405122,-0.1860354544015213,0.0069839417772333,-0.0680534208713787,-0.1875005662186607,-0.2153894837333333,0.1276079387882296,-0.1936885997782815,-0.0140802011386666,-0.0309256441657619,-0.1591295673902463,-0.2250911576333333,0.1531599871248003,-0.170535495332981,-0.0049423551580333,-0.0832374316743617,-0.150572509518012,-0.180938512,0.0697734269452784,-0.1635017528258742,0.0614187688066666,-0.067175678195253,-0.1663331548269568,-0.0605443182666666,0.0778164372133303,-0.4925822711405272,0.0506933315333333,-0.0386321356181761,-0.4426821588727435,-0.08965513066,0.0713537403134099,-0.7753279555954485,0.2015879432333333,-0.0821330012107273,-0.7820051333954627,0.0526611683733333,0.0548268647603167,-0.80576959417725,0.2200275706333334,-0.0855904438907916,-0.8118747872255596,0.0252593722166666,0.1003689599868181,-0.8338898410308929,0.1811048413333333,-0.0613202134258176,-0.8391742924225428,-0.0603177343166666,nijmegen_nijmegen_rennen_g_ch1_g11_compr.mp4,ch1g11,4.994434333499566e-06,1.559513103845616e-05,9.429483850120562e-06,6.55050611578939e-06,8.788862738185623e-06,1.6606966666432657e-05,9.501323972621814e-06,7.74517579282553e-06,3.7016137977978257e-06,5.726310179780163e-06,1.0915198738321316e-05,7.47945136570178e-06,1.095226873040387e-05,9.574736696375968e-06,8.484801738837006e-06,4.598810369312824e-06,4.861266171494359e-06,1.133781729825129e-05,7.236337431856362e-06,1.0886328952972462e-05,2.069777815154809e-05,8.49476086772776e-06,1.0710263980524872e-05,5.852533982865793e-06,8.193640246158617e-06,1.4398327518253574e-06,7.451449109238009e-06,1.064851713695516e-05,4.619563188523428e-06,1.1797664841547418e-05,1.3210270287723837e-06,1.0727586317626256e-05,1.7457696294244714e-05,2.1714051216735493e-05,1.0931620186923609e-05,-9.794761572526091e-05,-8.356486759562174e-05,-8.464328104535273e-05,-8.280360939223878e-05,-0.000105760375724,-0.0001083178311631,-0.0001088799176272,-1.5565415577029424e-05,-0.0001268629147513,-7.857236135216221e-05,-0.0001046517156624,-9.227065853240494e-06,-3.303725584937883e-05,-0.0001289057045152,-4.169526029592581e-05,-0.0001735502802086,-9.395482854330558e-05,-0.0001676212290403,-6.869559886354615e-05,-0.000139608592787,-6.755048608437837e-05,-0.0001663803171216,-9.01708594052204e-05,6.931221648582772e-06,-6.4189407463125025e-06,-4.555816281529078e-05,-7.773244710500401e-05,0.0001092680402033,-0.0001063775719949,0.0001223296966433,-0.000106624003854,6.289452631217675e-05,-7.405022075930001e-05,-4.024536859933394e-07,1.46737837903117e-07,-3.9287086716264946e-07,-3.953024072339272e-07,9.232348654152398e-07,1.274237373154165e-07,-3.972459712531935e-07,-1.0144730962161567e-07,-2.404214344831705e-07,9.061786113016855e-08,-1.4851987143479867e-06,2.9310092247361674e-08,-4.027102469043619e-07,-3.8768337546942116e-07,-9.136284114566112e-07,-2.901396861227597e-07,3.4138553379880485e-08,-1.546766687685279e-06,2.756473604570463e-08,-4.188320664617554e-07,2.05367003840313e-07,-5.301868969366462e-07,-4.075518749340946e-07,-4.718609255290694e-07,9.261531956739312e-07,1.292507892319998e-07,-4.6304559972103466e-07,-1.6823021687614392e-06,-2.959929051566487e-07,-1.075441078757381e-06,1.0518861509539749e-07,-2.6405195399184e-07,2.420598971653124e-07,1.3399449398343457e-07,-1.4867245591516418e-08,1.5877585428006606e-07,2.963817140911038e-07,-1.2739611486705315e-08,-5.05112191901986e-08,1.449627358730046e-07,2.5918486149283396e-08,1.438764535022579e-07,-4.755294704045491e-09,-1.523543920465155e-07,1.3597348763632638e-08,1.6119240950483164e-07,1.573481173927607e-07,1.294395551398383e-07,2.2345132516038277e-07,8.817316917813547e-08,-1.723471264405267e-07,1.9187408948998296e-08,1.4830111668766637e-07,-1.1936036611907945e-07,1.5517363744199645e-07,1.694527490945854e-07,2.0165188359561243e-07,2.4546933272823684e-08,6.132770097690737e-08,1.7088604197190525e-07,-1.0360936193925221e-07,3.492434569305242e-07,-1.476718170413936e-07,5.533992989625741e-08,1.7000097304959317e-07,-1.0427743814430766e-07,3.399303660388661e-07,no movement,no movement,no movement,no movement
9733.333333333338,0.034661834432741,0.3118806929825798,-0.2944098955333334,0.0424979139033589,0.3320021141028896,-0.2860964049666666,0.044580318641398,0.331863945096331,-0.2742565113999999,0.0440581079994387,0.3318784683006102,-0.2793907311,0.0274669659915066,0.3413436334357781,-0.3107817202666667,0.0289005483348111,0.3392045609734943,-0.3236670009666667,0.0334618603765505,0.3295164463425997,-0.3035930771999999,0.05197420298781,0.3367606676135011,-0.1796208505999999,-0.043938224924423,0.3000122005630848,-0.2368459672,0.0472268282102353,0.3112877918396057,-0.2392580361666667,0.0237100687636742,0.2819515245869073,-0.2838220201666667,0.1006793716332744,0.2160844635878896,-0.03813005116,-0.1190340726528263,0.2558385386948744,-0.0872796311533333,0.1381469537572038,0.0430480756737277,0.0016540669217999,-0.155432131359881,0.0090293890280904,-0.1305277515666666,0.1574701296885852,-0.1444273276132505,0.0027405242796666,-0.1034730360753934,-0.153869731268387,-0.1708411682999999,0.1526608121274309,-0.1861933182075337,0.0071560429248999,-0.0683283907681636,-0.1875743676177596,-0.2150931800999999,0.1274640734533052,-0.1938306573459974,-0.013901616528,-0.0312561726760715,-0.1592122130852052,-0.2247858829999999,0.153077071083879,-0.1706882250373976,-0.0047607527390333,-0.0834958634338328,-0.1506617938658091,-0.186314657,0.0697904570731215,-0.1634952015006093,0.0613932234966666,-0.0671942005113603,-0.1663393878102645,-0.06051740528,0.0779320875867895,-0.492613805450091,0.0507576054566666,-0.0386723225489525,-0.4427652630127451,-0.08969812821,0.0714014592770722,-0.7752233739981199,0.2020501251,-0.0821493424446756,-0.7821203422179992,0.0527042189466666,0.0548717007458626,-0.8056534224067277,0.2205368103666667,-0.0856111032510615,-0.8119906692666071,0.0253085407099999,0.1003316632891322,-0.8338124539595905,0.1816580156333333,-0.0613232171424995,-0.8392408639486217,-0.06026688187,nijmegen_nijmegen_rennen_g_ch1_g11_compr.mp4,ch1g11,4.7382427783393915e-06,1.5937400315031737e-05,9.328239213274007e-06,6.380267255019637e-06,9.638307401371717e-06,1.6898050049719164e-05,9.382472679844771e-06,7.583218945756245e-06,3.4495702159156782e-06,5.8034659852153075e-06,9.310702271069733e-06,7.331112910559755e-06,1.0857504728907118e-05,9.474303478532483e-06,7.549439411686912e-06,4.271543927263015e-06,4.976429769276525e-06,9.652168792409134e-06,7.122914115599205e-06,1.0760062349254408e-05,2.108524248056254e-05,8.239659347931842e-06,1.0616918889044186e-05,5.642041164548007e-06,9.068149685769664e-06,1.61036884364636e-06,7.230263308357632e-06,8.805952231430278e-06,4.60545429164211e-06,1.0747730046956514e-05,1.463284687467196e-06,1.0730062760919051e-05,1.783479523125397e-05,2.071828586490719e-05,1.1531142364125371e-05,-9.31732353391212e-05,-7.97631208861108e-05,-8.134679815421243e-05,-7.93997936240382e-05,-0.0001033170756677,-0.0001054357399645,-0.0001054736102951,-1.2419723195296457e-05,-0.0001243148195769,-7.41724341211459e-05,-0.0001001868308198,4.607251974821355e-06,-2.8204845569537308e-05,-0.000106943702348,-3.246590156770638e-05,-0.0001473400835279,-9.032825656819328e-05,-0.0001400640129445,-6.170391650295251e-05,-0.000109627965352,-5.673836950478214e-05,-0.0001426289879971,-8.563699953988905e-05,7.754308872594333e-06,-7.180505682090935e-06,-4.969502833771291e-05,-7.768364319890514e-05,0.0001122419204062,-0.0001019803577235,0.00012417837013,-0.0001008873298245,7.069704928056744e-05,-7.020027579207255e-05,-2.7789216825183553e-07,1.5831382823780297e-07,-1.6798154360563402e-07,-8.841591641256303e-08,8.779953201447423e-07,9.739199180080373e-08,-1.8807822285451006e-07,-1.120564618543714e-07,-5.1468068881723397e-08,8.169189541245714e-08,-1.6514689903636875e-06,5.805958291225776e-09,-1.7030806906748765e-07,-1.6642328013181454e-07,-7.359553581029693e-07,-9.48420314199713e-09,2.6203889445026235e-08,-1.7418446392001431e-06,8.787403770641933e-09,-2.017017547371614e-07,1.088526357243566e-07,-2.9844871855480386e-07,-1.649545988530235e-07,-1.969868448232292e-07,9.106614698317432e-07,2.0284313858774045e-07,-2.2373874230950315e-07,-1.7891224162587156e-06,6.666644433075499e-08,-1.2472023201774371e-06,1.722941725089962e-07,-5.0129601012665023e-08,1.5676173414997309e-07,1.6510299165116482e-07,-6.250091287382818e-08,1.764710600521089e-07,2.710499430755656e-07,-2.3682779836512735e-08,-9.687865399350817e-08,1.63625685452167e-07,3.5853304928016935e-08,1.3364362075542816e-07,-5.3000033398944894e-08,-4.3940923215024106e-08,-3.843112900335331e-08,1.7770053573181774e-07,1.737635968068207e-07,1.541345838361621e-07,2.3455440143773966e-07,5.272892698374023e-08,-3.8578253409766986e-08,-3.1860759811951095e-08,1.6673338055972405e-07,-1.7272432782724118e-07,1.824340925908703e-07,1.8754910069846556e-07,2.2280016772419126e-07,4.4108210811241535e-09,5.02412655087423e-08,1.9206220175782122e-07,3.4374208234099995e-08,3.325241530381674e-07,-6.24751488470287e-08,4.676775003508013e-08,1.7627127967448713e-07,-1.5292667540307721e-07,3.19864802498489e-07,no movement,no movement,no movement,no movement
9750.000000000004,0.0345621236460454,0.3118242663792072,-0.2942844575666667,0.0423615095152785,0.3319642785155614,-0.2859837124333333,0.044443068362557,0.3318267366900502,-0.2741452732333333,0.0439231576329905,0.3318427183181043,-0.2792774932,0.0273230398578558,0.3412888594862247,-0.3106609324333333,0.0287519721770356,0.3391455285723355,-0.3235405477333333,0.0333153947230439,0.329452824611098,-0.3034778435333333,0.0518851691064626,0.3368011022324614,-0.1794618383333333,-0.0440731895163646,0.299937601036749,-0.2367242972333333,0.0471698509717294,0.3112555266749457,-0.2391096181,0.0236420022683039,0.2818900197502381,-0.2836606713666667,0.1007032308320318,0.2161155422176964,-0.0379935279633333,-0.1191049767268007,0.2558554276779841,-0.0870836582833333,0.1381731954706664,0.0429517138764083,0.0018274423784666,-0.1555386623552099,0.0090290005403849,-0.1302723675,0.1573965754087611,-0.1445853587559164,0.0029027345643333,-0.103716397814877,-0.1539603224891571,-0.1705638308666666,0.1525519671626791,-0.1863516335065727,0.0073221495832333,-0.0686090520526411,-0.1876480769888794,-0.2147673448666666,0.1273059558088128,-0.193973270867872,-0.0137277550736666,-0.0315945296182364,-0.1592977527503808,-0.2244514914999999,0.1529803821084942,-0.170841736579218,-0.0045843799681333,-0.0837634011854961,-0.1507512656609264,-0.186175331,0.0698077446103169,-0.163489136488104,0.061370533,-0.0672129818800286,-0.1663452876167201,-0.0604935846566666,0.078004468811596,-0.4926690608736372,0.0508183738833333,-0.0387089485550784,-0.4428659351263112,-0.0897169987933333,0.0713318498749,-0.7751433916787082,0.202531299,-0.0822429614696355,-0.7822392646372361,0.0528949903199999,0.0547927517893868,-0.8055621339268871,0.2210705118666667,-0.0857231863037835,-0.8121094725463004,0.0255218051999999,0.1002062260302179,-0.8337527549127556,0.1822742148999999,-0.061353071407748,-0.8393094107774046,-0.0600301212933333,nijmegen_nijmegen_rennen_g_ch1_g11_compr.mp4,ch1g11,4.667112859712281e-06,1.617744313589568e-05,9.496815458618964e-06,6.48290259043005e-06,1.0454664558558105e-05,1.7047006090695126e-05,9.532032581410188e-06,7.380131032077619e-06,3.437816176527088e-06,5.967512316482107e-06,7.334520870053694e-06,7.2016092560941565e-06,1.1046771694419751e-05,9.648002035279609e-06,6.786016912685571e-06,4.253683399659268e-06,5.311324098024077e-06,7.549069801525112e-06,7.041881453399689e-06,1.0914977043512128e-05,2.1206980448406022e-05,8.253760633251409e-06,1.0806821718990064e-05,5.6869288288926005e-06,9.914955655566572e-06,1.8491246216330568e-06,7.244319568620768e-06,6.728789105769381e-06,4.979231975266102e-06,9.281828679602656e-06,1.669970088934842e-06,1.0955083538105067e-05,1.7996739074396784e-05,1.987622501334995e-05,1.2161185799731296e-05,-9.126634678895812e-05,-7.945770039627023e-05,-8.16285680410273e-05,-7.962630067144884e-05,-0.0001045595027307,-0.0001061545861967,-0.0001053974194585,-1.4704099394409953e-05,-0.0001261485490284,-7.350946303170753e-05,-9.895184144204006e-05,1.4245314384133422e-05,-3.0281354780590607e-05,-8.521223720002664e-05,-3.184511591637733e-05,-0.0001176192374683,-8.867674767782792e-05,-0.000107474398315,-5.558225761571514e-05,-7.397644425267668e-05,-4.604747133571274e-05,-0.0001149354614883,-8.243837936277474e-05,8.717194688477853e-06,-8.05577112245957e-06,-5.498443187655625e-05,-7.851698138667297e-05,0.0001107207996559,-9.898414664641592e-05,0.0001210663795736,-9.680928539315632e-05,7.120552434552679e-05,-6.999249318153542e-05,-1.2654342501348845e-07,1.1718340091459325e-07,4.1091260528886986e-08,1.8489043283902525e-07,9.640949981426017e-07,1.5851585503220225e-08,7.429711838196927e-09,-6.21682473389145e-08,1.2514144161298557e-07,8.143081497199368e-09,-1.6803694757872849e-06,-1.2576711338895838e-07,4.9302932019226225e-08,3.8713118778684544e-08,-5.210477310742467e-07,2.357516850925813e-07,-1.2968805505460965e-08,-1.7650649230627516e-06,-1.0227574730054797e-07,4.903156957565819e-09,-3.896527319368857e-08,-5.86345563070273e-08,6.715077371255163e-08,9.838386892775e-08,1.0221689615939644e-06,2.613815753965059e-07,3.938326073634111e-08,-1.7219493552658891e-06,4.027619003765634e-07,-1.3023298083549463e-06,2.276698195877371e-07,1.777919380461459e-07,2.4340628121910683e-08,1.7980382177308326e-07,-1.0909778167991021e-07,1.5641154348425794e-07,2.086261730181849e-07,-2.0751015869407005e-08,-1.3847608526212998e-07,1.459634074976694e-07,5.2057113850214595e-08,1.0539403665408849e-07,-1.0414740057054422e-07,1.2852980966833342e-07,-8.702135547778116e-08,1.5295530668561584e-07,1.5228926232304658e-07,1.7103524002313117e-07,2.065583461044523e-07,5.121830045721023e-08,1.6645803050582417e-07,-8.09133957134386e-08,1.4481224037751733e-07,-2.0761397387343915e-07,1.730087710028946e-07,1.6396040937586226e-07,2.102281293661045e-07,-3.649559042100922e-09,2.9476362751387924e-08,1.8060714785605618e-07,2.265973300049665e-07,2.723041135694942e-07,8.633552128231462e-08,2.9200866995412263e-08,1.4835669358311276e-07,-1.8595516166186586e-07,3.6881785386670305e-07,no movement,no movement,no movement,no movement
9766.66666666667,0.0344626157417863,0.3117518512159247,-0.295455138,0.0422298940397511,0.331904003296195,-0.2871602187333333,0.0443104602894809,0.3317633009863573,-0.2753204851,0.04379195296243,0.3317814833819359,-0.2804305262,0.0271801231957133,0.3412031454887446,-0.3118121236333333,0.0286048111506964,0.3390589750470413,-0.3247011931999999,0.0331702662162161,0.3293677657430238,-0.3046184489333333,0.0518337567092383,0.3367877660877577,-0.1804802989333333,-0.0441990195712294,0.2998231219646308,-0.2376235833333334,0.047113879393592,0.3111930391441677,-0.2402207172,0.0235737691073721,0.2818055765469409,-0.2847550205999999,0.1007745492984155,0.2161373859586971,-0.0386474235133333,-0.1191842129189402,0.255824683489502,-0.0875037967699999,0.1382758502882806,0.042881223808206,0.0015688046001333,-0.1556352476013119,0.0090099284369849,-0.1303724928999999,0.1573887185783911,-0.1446705549658694,0.0026880231623333,-0.1039793534525078,-0.1540210236945304,-0.1709637691,0.1524894977210066,-0.1864167202540164,0.0070825733865666,-0.0689176266468699,-0.1876555856163961,-0.2153063888999999,0.1271953605919229,-0.1939888035602296,-0.014012336365,-0.0319550664052673,-0.1592810740924768,-0.2250403575666666,0.1529357497952294,-0.1709268527856141,-0.0047978869674999,-0.0840408219158094,-0.1508063275641841,-0.187642395,0.0698406614412165,-0.1634785473533051,0.06134147698,-0.0672507660197313,-0.1663548828332723,-0.0604625583266666,0.0781061438072648,-0.4927449946026845,0.05163947195,-0.0387743169899394,-0.4429531775289301,-0.0896161201666666,0.0714532052180702,-0.7750293711032764,0.2038976093333333,-0.0823146538033087,-0.7823332552980357,0.0532155910366666,0.0549085175961942,-0.8054392049226738,0.2224968093,-0.0858014473964769,-0.8121976425195857,0.0258899683133333,0.1001359139532903,-0.8336751709877982,0.1834678411333332,-0.0613901654190779,-0.8393546307518542,-0.0597389235466666,nijmegen_nijmegen_rennen_g_ch1_g11_compr.mp4,ch1g11,4.7075868139136885e-06,1.6256572214723807e-05,9.689782565693213e-06,6.784638795522699e-06,1.1210670228119653e-05,1.69926665627752e-05,9.693378630111788e-06,7.210780245637733e-06,3.6774188270952e-06,5.943805167340099e-06,5.408213050939237e-06,7.069654470783786e-06,1.1226928789996451e-05,9.83797102701855e-06,6.30758722020068e-06,4.588951365899405e-06,5.3006538970612615e-06,5.52560044743371e-06,6.928123443308418e-06,1.1052953679415914e-05,2.1012122771088056e-05,8.327588838273724e-06,1.1007420339368596e-05,5.900829309231342e-06,1.075602067118033e-05,2.1176577706904373e-06,7.370364607518642e-06,4.831885147612808e-06,5.5272110129234945e-06,7.739775080053426e-06,1.905548030808776e-06,1.1177616402437035e-05,1.7890288382453012e-05,1.9324601790940017e-05,1.279417348344856e-05,-9.233526869940884e-05,-8.303384334902587e-05,-8.584904042042524e-05,-8.391487273752493e-05,-0.0001094098811431,-0.0001102731534433,-0.0001084079042998,-2.3668418963389742e-05,-0.0001314441029364,-7.699001282229485e-05,-0.0001009002481832,1.758832329746027e-05,-3.847070322230917e-05,-6.936148430915883e-05,-3.978342350530282e-05,-9.060627615694998e-05,-9.148193577926626e-05,-7.745812753341047e-05,-5.362883895369575e-05,-4.013756364812652e-05,-3.905537084227096e-05,-8.937235760902959e-05,-8.356571765476719e-05,9.67070627717192e-06,-8.892200495581435e-06,-5.897934022804074e-05,-7.646038899772482e-05,0.0001086779972417,-9.37156068499528e-05,0.0001173175180915,-9.073973999900469e-05,6.501465357696648e-05,-7.238330461184631e-05,1.1778634827198762e-07,2.216071013611088e-08,2.1335833929768609e-07,4.038713685143437e-07,1.0965365710741912e-06,-1.037790270195169e-07,1.7210237900520897e-07,-5.454262508529156e-09,2.2673204842902106e-07,-1.0414419424873368e-07,-1.439776494298802e-06,-2.2289548571758895e-07,2.2140966332012365e-07,2.0834277966861535e-07,-3.328349973158012e-07,4.5307756640625764e-07,6.222985791674649e-08,-1.46535252483692e-06,-1.9673599182239693e-07,1.709816530145648e-07,-2.3398953466340602e-07,1.4432950867295384e-07,2.479229078058848e-07,3.451303836676512e-07,1.153179957449603e-06,2.697464908623961e-07,2.6440109621422296e-07,-1.3577426892488431e-06,6.793139438712891e-07,-1.09642751424958e-06,2.397713085151474e-07,3.6316561007154315e-07,-1.6006114228075246e-07,1.7091454570957626e-07,-1.5674467678650695e-07,1.0132776248726861e-07,1.152447973337226e-07,-1.3547256784387655e-08,-1.7768729257495966e-07,9.486174004550065e-08,6.494975948839161e-08,5.629734373361117e-08,-1.4510494061555334e-07,3.059676112395455e-07,-1.3005517143285397e-07,9.09314611522074e-08,9.598524071011133e-08,1.6947761777267213e-07,1.3157504123890358e-07,9.220791323113504e-08,3.720546980431982e-07,-1.2435208451546046e-07,8.62907954532775e-08,-2.3007255273907467e-07,1.264603617070669e-07,1.0208136026368469e-07,1.6012365137791234e-07,-9.851827689097749e-09,1.7550802211759603e-09,1.333869795248938e-07,4.100803105302682e-07,1.7613885592440868e-07,2.4016107229124113e-07,4.858085388602713e-09,8.76861904153772e-08,-2.0848219944332805e-07,4.844984840264193e-07,no movement,no movement,no movement,no movement
9783.333333333336,0.0343571918604716,0.3116741388997435,-0.2963654201333333,0.0420930678385854,0.3318353707996179,-0.2881082624,0.0441725620671658,0.3316912298474829,-0.2762655147666666,0.0436556586582937,0.3317112970173874,-0.2813618894999999,0.0270344015291651,0.3411063170201203,-0.3127268443,0.0284548055614251,0.338962101176143,-0.3256223244,0.0330217748342072,0.3292732540883687,-0.3055278767666667,0.0517809973916947,0.3367674976731024,-0.1813769464999999,-0.0443259760747386,0.2996989764887852,-0.2383948823333334,0.0470521783660746,0.3111266684485854,-0.2411006973333333,0.0235019246098003,0.2817170081990799,-0.2856101743999999,0.1008469358781496,0.2161524403751052,-0.0392968773366666,-0.1192704001881775,0.2557835655994587,-0.0878381517566666,0.1383743931622356,0.0428089337497295,0.0011466701701333,-0.1557375485076481,0.0089606759176216,-0.1304426639666666,0.1573627711235837,-0.1447638196321568,0.0022104505516666,-0.1042401271849942,-0.1541251999605724,-0.1713310136666666,0.1524136784090038,-0.1864968661293207,0.0065805731822333,-0.0692200859828578,-0.1877183567650164,-0.2157873377999999,0.1270705418423321,-0.1940267988122213,-0.014532204147,-0.0323136740706662,-0.1593230938003761,-0.2255389061999999,0.1528769593738301,-0.1710176095983643,-0.0052702407698333,-0.0843164307142773,-0.150899788680919,-0.186424688,0.0698756908338483,-0.1634682269762177,0.0613097085733333,-0.0672903811359316,-0.1663643345018358,-0.0604291589899999,0.0782069321716412,-0.4928089002641002,0.0520545551033333,-0.0388448624052813,-0.4430176617931693,-0.0895485970466666,0.0715729445026482,-0.7749292257278925,0.2049846008333333,-0.0823874412127656,-0.7824117248435052,0.0534624084066666,0.0550279467976018,-0.8053305327848264,0.2236560908333333,-0.0858803718760456,-0.8122719161658528,0.0261736767366666,0.1001150632351394,-0.8336340563565555,0.1844967831999999,-0.0614282456512018,-0.839443615563396,-0.0595031543933333,nijmegen_nijmegen_rennen_g_ch1_g11_compr.mp4,ch1g11,4.840346799238382e-06,1.6232619192258352e-05,9.880225207268451e-06,7.369906507771932e-06,1.1760548396916498e-05,1.6826396671166123e-05,9.845862654247984e-06,7.1492796003601855e-06,3.9425582329919114e-06,5.768420619328583e-06,3.8077444350956274e-06,6.733180196230384e-06,1.141259528528032e-05,1.0019846766028675e-05,5.998651736597969e-06,5.190996720646876e-06,4.949608347640723e-06,3.949052912420727e-06,6.615924385767298e-06,1.119499986441994e-05,2.0649439415980143e-05,8.447026235988746e-06,1.1225897520348032e-05,6.229548262519126e-06,1.142870847311664e-05,2.3855307794895302e-06,7.605390420651132e-06,3.3805404628131212e-06,6.268148779741667e-06,6.446356533499577e-06,2.145428591683841e-06,1.1504304393924924e-05,1.7654332689750732e-05,1.9110869269917574e-05,1.3205522815916016e-05,-9.564010013017352e-05,-8.927767699719949e-05,-9.276835002648268e-05,-9.0959631430673e-05,-0.0001169485573571,-0.0001170750371266,-0.000113964533108,-3.7286622610114305e-05,-0.0001405673786452,-8.324370550597656e-05,-0.0001053799904613,1.7054751381877324e-05,-5.2048295312136866e-05,-5.4368400611672645e-05,-5.516625495233204e-05,-6.23675681229719e-05,-9.606206493845066e-05,-4.612813508854746e-05,-5.259920786543601e-05,-4.7990720015870285e-06,-3.307946881457223e-05,-6.230515459931887e-05,-8.631134131861399e-05,1.0646479223280194e-05,-9.713242902337884e-06,-6.232154478039015e-05,-7.180745317974209e-05,0.0001075830309629,-8.56817403364386e-05,0.0001141489876043,-8.198528828904647e-05,5.617593401413e-05,-7.564885628868825e-05,3.447220937374946e-07,-1.7857802531571299e-07,3.033449971935635e-07,5.149874959303693e-07,1.1928356091226897e-06,-3.232976822928716e-07,2.577821616684301e-07,8.573493905013446e-08,2.618434964968402e-07,-2.749366277108596e-07,-1.0670915093387049e-06,-3.253439756505094e-07,2.984317809016996e-07,2.9386635925899144e-07,-1.783001383140177e-07,5.220020545744378e-07,2.375615140471184e-07,-1.0038272520323357e-06,-3.003176046294597e-07,2.463551141791401e-07,-5.21982342313759e-07,2.6287381226181405e-07,3.344693518451922e-07,5.048525838888704e-07,1.2447026595930644e-06,2.473942086836563e-07,4.026538937363252e-07,-8.627368102829231e-07,8.394027357546152e-07,-7.775645538279222e-07,2.237060072116175e-07,4.583068119385801e-07,-4.146328705052017e-07,1.4285856749515072e-07,-1.8861639067806442e-07,3.0960671708951575e-08,8.693932791590015e-09,-6.389492035404278e-09,-2.000648648447506e-07,2.9262626890140497e-08,6.856560257731965e-08,3.054117655786875e-10,-1.6546101775719778e-07,4.682951644334373e-07,-1.518929858312377e-07,1.289318662026402e-08,2.4656486983061074e-08,1.57460509740105e-07,2.909461968016391e-08,1.6544089592420805e-07,5.554601860137891e-07,-1.4773078299960038e-07,1.193203589641089e-08,-2.2682548371237697e-07,6.154979979287712e-08,2.310353459126769e-08,8.908708657499888e-08,-1.5940069207487498e-08,-2.6978483641509e-08,6.68781004014231e-08,5.631111799928844e-07,5.962266687476876e-08,3.87312536499461e-07,-2.098295179014181e-08,8.951095751586347e-09,-2.086206998322631e-07,6.144426258491489e-07,no movement,no movement,no movement,no movement
9800.000000000002,0.0342519364978161,0.3115368345248112,-0.2975354394333333,0.0419575970969017,0.3316979100298695,-0.2892979134999999,0.0440363233172962,0.331547316376206,-0.2774546184999999,0.0435206237204444,0.3315694872400383,-0.2825340128666666,0.0268890855722555,0.3409357144959442,-0.3138859330999999,0.0283053475059031,0.3387928888066293,-0.3267884624666667,0.0328738938448988,0.3291117264955955,-0.3066777119333334,0.0517387119948802,0.336678843740298,-0.1824465344666666,-0.0444533478405912,0.2995139780468754,-0.2393460776,0.0469909332033478,0.3110003484965563,-0.2422276214666667,0.0234297260462956,0.2815729778528497,-0.2867146991333333,0.100927566118942,0.2161586848447932,-0.0400395507766666,-0.1193634603232964,0.2557133183395244,-0.0882993255466666,0.1384777669320385,0.0427635022570218,0.0008048511924333,-0.1558436132459263,0.0089046007400009,-0.1305354187333333,0.1573744592264996,-0.1447904195596188,0.0017741810756666,-0.1044944864930517,-0.1542220856570509,-0.1717512259,0.152373786849846,-0.1864978693732056,0.0061042723245666,-0.0695113857989244,-0.1877666014008465,-0.2163301051333333,0.1269810117616313,-0.1939785265539129,-0.0150243018643333,-0.0326570570694147,-0.1593438376022475,-0.2261288285333332,0.1528514522437528,-0.1710468427472488,-0.0057048628161666,-0.0845804071408444,-0.1509846813915837,-0.185547367,0.0699163959746911,-0.163455499192435,0.0612774896533333,-0.067336518421349,-0.1663758842463205,-0.0603951252333333,0.0783255790648036,-0.4928705326634845,0.05263644371,-0.0389290821708426,-0.4430808242547097,-0.08946437047,0.0718155167065294,-0.7748011723976848,0.2063443983333333,-0.0824519927601922,-0.782479698869025,0.0537413351733333,0.0552784031974938,-0.8051977301116385,0.2250979389666667,-0.0859495076087763,-0.8123337123613972,0.0264997587833333,0.100192326996738,-0.833555705923013,0.1857889249666666,-0.0614889847083735,-0.8395162611901676,-0.05928732436,nijmegen_nijmegen_rennen_g_ch1_g11_compr.mp4,ch1g11,5.265257137732616e-06,1.5985799153512788e-05,1.020891632325184e-05,7.973689608716256e-06,1.2966502499801292e-05,1.6424677157615253e-05,1.0121019328810449e-05,7.274683134023608e-06,4.2930960776698765e-06,5.529103450357136e-06,3.016312268453166e-06,6.3301954670933716e-06,1.171610091678547e-05,1.0334929999600128e-05,6.004558536717351e-06,6.030887377206439e-06,5.141727253071041e-06,3.274830510251957e-06,6.207654111665095e-06,1.1442549685564805e-05,2.0025506463807933e-05,8.766470365951382e-06,1.1578778891458068e-05,6.824805793099422e-06,1.2644797558726168e-05,2.641736633940888e-06,8.067720368272242e-06,2.893863831677495e-06,7.1203235855653925e-06,5.872398842510129e-06,2.378784227892211e-06,1.194087182587336e-05,1.7125982280042204e-05,1.9067109682638215e-05,1.4086371955590262e-05,-0.0001033730896316,-0.0001002444962256,-0.000104557716679,-0.0001029395747194,-0.0001291343804261,-0.0001284722105887,-0.0001238415910201,-5.714410170584418e-05,-0.0001540197725306,-9.46586296032991e-05,-0.0001143915281427,1.1679390606005785e-05,-7.057274625054445e-05,-3.873066603755675e-05,-7.589088741882779e-05,-3.080079483470722e-05,-9.983780468390858e-05,-1.1683588711120422e-05,-5.0796509673459896e-05,3.169878308212396e-05,-2.611272423730748e-05,-3.272675075225299e-05,-8.7964935760409e-05,1.171829894190865e-05,-1.0635290214474084e-05,-6.087662458328701e-05,-6.36118632220134e-05,0.000113270737677,-7.708950874185606e-05,0.0001180509263104,-7.32325664463895e-05,5.1598728635795474e-05,-7.86628223243169e-05,4.655369253010815e-07,-4.266986793622329e-07,2.609150242451361e-07,4.882640288456844e-07,1.0636903840941368e-06,-5.742178121232222e-07,2.1734858506012097e-07,1.860368691176607e-07,2.078237274642791e-07,-4.947123729304966e-07,-4.934003302775743e-07,-4.517312442793798e-07,2.280845757521227e-07,2.4511900319147084e-07,-6.824610441307451e-08,5.061771468546692e-07,3.779718672046221e-07,-3.141746414125669e-07,-4.2982934550163873e-07,1.7979455768719016e-07,-8.23098633106373e-07,2.4587343647590476e-07,2.73169640148797e-07,5.1255916216106e-07,1.1125795961552089e-06,1.9306602711401978e-07,3.903841283190049e-07,-1.938993863100789e-07,8.482738830361541e-07,-3.146256118893887e-07,1.773680285560945e-07,3.9863432899725826e-07,-6.752168478344878e-07,8.779231331080379e-08,-1.9214222896705586e-07,-5.012296333892586e-08,-9.119839230173006e-08,-3.947054173397603e-08,-1.9366912825516605e-07,-4.644103839553136e-08,5.51649111514127e-08,-5.776136608255595e-08,-1.5956864300309177e-07,5.76517075476832e-07,-1.5025771272480705e-07,-7.415520293541588e-08,-5.6998903740892935e-08,1.300708654908501e-07,-8.886393421158014e-08,2.276448301913706e-07,6.721755444229795e-07,-1.4779397981468768e-07,-7.094712745119796e-08,-1.8797335481662195e-07,-1.74261285878882e-08,-6.608682450525057e-08,1.5858801649071624e-11,-5.5253538688387784e-08,-5.306395857771261e-08,-1.4371667391987256e-08,6.455271062335696e-07,-6.539914809752536e-08,4.926357496763983e-07,-4.4899171766891834e-08,-7.830684791702937e-08,-1.761581015950125e-07,6.91996718086635e-07,no movement,no movement,no movement,no movement
9816.666666666668,0.0341521736531604,0.3113974148844468,-0.2983998587999999,0.0418260791534124,0.3315581134456868,-0.2901711880999999,0.0439039292369573,0.3314023576308004,-0.2783306666999999,0.0433896397286859,0.3314263441161033,-0.2833967920666666,0.0267497097710455,0.3407625275218882,-0.3147407888666666,0.0281626352672229,0.3386210311747007,-0.3276447901333333,0.0327322216331258,0.3289468334730729,-0.3075265486333333,0.0516925429361561,0.3365790852232193,-0.1832419758333333,-0.0445779550056433,0.2993111638244641,-0.2400623019,0.0469313417521697,0.3108681157268515,-0.2430665620333333,0.0233618674237454,0.2814201918824499,-0.2875393224333333,0.1010037872852566,0.2161456633952914,-0.0405823533266666,-0.1194557727293594,0.2555949012829463,-0.0886549442399999,0.1385814007983233,0.0427149110808791,0.0005522247757666,-0.1559496701409892,0.0087852022044602,-0.1305627360666666,0.1573869202175173,-0.1448183787024686,0.0013826824253333,-0.1047409280753534,-0.1543375674842338,-0.1720244436666666,0.152337343875089,-0.1865000639959576,0.0056665189885666,-0.069786992749818,-0.1878266401279422,-0.2166821788333333,0.1268969483743159,-0.1939319917003352,-0.0154750931743333,-0.0329799844077915,-0.159373349502867,-0.2265257835333332,0.1528279093143637,-0.1710754973598665,-0.0060974536341666,-0.08483396992621,-0.151085192338124,-0.186100885,0.0699560996722743,-0.16344317593739,0.06124602337,-0.0673814108255722,-0.1663868895287518,-0.0603620245399999,0.0784383746929594,-0.4929297082585548,0.05312074511,-0.0389832926295702,-0.4431338426220526,-0.0893800326266666,0.0720344620420488,-0.7746958039656922,0.2072954575,-0.0825133099451759,-0.7825596482414094,0.0539649342966666,0.0555008520502992,-0.8050893427322138,0.226092966,-0.0860174128956954,-0.8124121670765618,0.0267571405799999,0.1002390794912527,-0.833526886028719,0.1866478810333333,-0.0615255690184208,-0.8396073894640524,-0.0591249325,nijmegen_nijmegen_rennen_g_ch1_g11_compr.mp4,ch1g11,5.690655937545956e-06,1.55127676894182e-05,1.0418297662490895e-05,8.544204513278515e-06,1.4403030758342692e-05,1.5792539197773677e-05,1.0283349208415814e-05,7.549872829881647e-06,4.58150771333166e-06,4.905694699153678e-06,3.0419915770292655e-06,5.780265921576899e-06,1.187481164017577e-05,1.0526662859361672e-05,6.367837619465272e-06,6.752514408536625e-06,5.430385911302262e-06,3.517849820621591e-06,5.655467380391778e-06,1.1554573132981002e-05,1.9084478500259464e-05,9.019236627382212e-06,1.1787848354057675e-05,7.390655131747915e-06,1.4145110670481804e-05,2.821616630942785e-06,8.496475738703333e-06,3.328253331822374e-06,7.865663996855095e-06,5.9682941630373755e-06,2.545198735926438e-06,1.226604579238578e-05,1.635455608926972e-05,1.911219553947819e-05,1.5233793590923227e-05,-0.0001113283503295,-0.0001111336231931,-0.0001161143089042,-0.0001146856517836,-0.0001404900792483,-0.0001391532641586,-0.0001331714065699,-7.685781839446163e-05,-0.000165814656103,-0.0001060425904226,-0.0001233516574092,4.578320814175601e-06,-8.811465474796622e-05,-2.3300407758053577e-05,-9.327715597595236e-05,-1.4453833387963658e-06,-0.0001013698378214,1.929774681539864e-05,-4.88982320412292e-05,6.257828363591912e-05,-2.1372077804906565e-05,-5.815145954307344e-06,-8.861548639004367e-05,1.2717717605141198e-05,-1.1488374481893378e-05,-5.5369872835075915e-05,-5.517321594589807e-05,0.0001187725503659,-6.797005855341384e-05,0.0001216028062906,-6.442834649419477e-05,4.792404098082763e-05,-7.873287189126092e-05,5.006810381961895e-07,-6.848415004046472e-07,1.275148133209769e-07,3.159605592042452e-07,9.212168795091806e-07,-8.239705195502454e-07,9.037666066244783e-08,2.702275937969119e-07,9.896026842702725e-08,-6.693707095400872e-07,1.5600760166437586e-07,-6.195057296102117e-07,5.970162011294754e-08,1.0430923926717134e-07,1.1167613648153577e-08,3.495220294624426e-07,6.27655250140681e-07,4.5276496298982596e-07,-5.915839747094751e-07,1.7073422595110985e-08,-1.0636803951525146e-06,1.3743183721846266e-07,1.1264242275559421e-07,4.12106209689468e-07,9.545608966702448e-07,1.2299445631230664e-07,2.734179439414674e-07,5.175245217850176e-07,6.884529257522358e-07,2.1848057383729005e-07,1.1602927578096941e-07,2.1849464948297313e-07,-8.90958178617631e-07,1.564207848334028e-08,-1.6349459491263282e-07,-1.2795480206331262e-07,-1.6725052079167058e-07,-9.949426992114597e-08,-1.56214582585791e-07,-1.193754064662253e-07,2.2094855501337123e-08,-1.053289282721192e-07,-1.1783714039495373e-07,6.090522813875374e-07,-1.2301651332154874e-07,-1.5425434154778808e-07,-1.349143724188087e-07,8.854526705507382e-08,-2.000179420198656e-07,2.6819385888893677e-07,6.971314314007907e-07,-1.231579011764263e-07,-1.4722180496797638e-07,-1.1640085366592637e-07,-9.503126346768649e-08,-1.490170654446912e-07,-9.054958478106917e-08,-1.1838021397526117e-07,-7.205967945460699e-08,-9.450036315613913e-08,6.415922953544107e-07,-1.7816832940189544e-07,5.338892295801402e-07,-6.268608015715268e-08,-1.5865714661449322e-07,-1.1603137563153325e-07,6.886103085539213e-07,no movement,no movement,no movement,no movement
9833.333333333334,0.0340476146824032,0.31125774340507,-0.2991772702666666,0.0416937722156133,0.3314177539174939,-0.2909592250666666,0.0437710227046871,0.331256816140028,-0.2791212676666667,0.0432580054266803,0.3312823647783888,-0.2841772562999999,0.0266101923528521,0.340592755467165,-0.3155065158333333,0.0280198063607165,0.3384525694340229,-0.3284119873333333,0.032590499155733,0.3287851800022189,-0.3082866084333334,0.0516457990802248,0.3364803423472764,-0.1839774926666666,-0.04469995901309,0.2991249521973393,-0.2406970908666667,0.0468665102544322,0.3107369595212851,-0.2438248925666667,0.0232897348592398,0.2812719853555229,-0.2882749679333333,0.101074278568605,0.2161413053569463,-0.0411266230833333,-0.1195485843118834,0.2554895954033568,-0.0889697898833333,0.1386547061112984,0.0426926879105341,0.0002171060327333,-0.156049426200159,0.0086677616834099,-0.1305574019333333,0.1574061705055108,-0.1448184128591185,0.0009403227225666,-0.104975355370884,-0.1544442421705794,-0.1721725602,0.1523258627612505,-0.186481692454616,0.0051834228162333,-0.0700459364337366,-0.1878817523382452,-0.2168726951333333,0.1268458131518984,-0.1938765180172321,-0.015968280221,-0.0332893411031382,-0.1593978785867692,-0.2267752835999999,0.1528196129601553,-0.1710816901344813,-0.0065418408594999,-0.0850772970837426,-0.1511759263330278,-0.184355855,0.0699961930837561,-0.1634305043588055,0.0612127714266666,-0.0674264754546501,-0.1663983387869851,-0.0603273927533333,0.0785558919504808,-0.4929846624363564,0.0535673815866666,-0.0390411188464122,-0.443186879106118,-0.0892963278366666,0.0722496065389065,-0.7745854281102755,0.2081699674333333,-0.0825366312540247,-0.7826232609421669,0.05418082617,0.0557197632291687,-0.8049759678135721,0.2270066714333333,-0.0860403214360118,-0.8124727418846557,0.0270029731699999,0.10034607077837,-0.8334898981714407,0.1874758745,-0.0615609601434521,-0.8396940269448897,-0.0588869383566666,nijmegen_nijmegen_rennen_g_ch1_g11_compr.mp4,ch1g11,6.339580626207011e-06,1.473111381329418e-05,1.0644107574095848e-05,8.728605828591753e-06,1.6123881288534e-05,1.4878867381816109e-05,1.045917060866781e-05,8.059680092427097e-06,4.817834615774783e-06,4.1003070423267085e-06,3.702579298971092e-06,5.146522861276802e-06,1.2054374532871798e-05,1.072073256805391e-05,6.666935907195199e-06,6.98863142426755e-06,6.056608379776835e-06,4.5005299364721045e-06,5.046065345350572e-06,1.1666392581977104e-05,1.7998088253101427e-05,9.315584257031512e-06,1.2035924775751806e-05,8.09246556676599e-06,1.587703879779077e-05,2.96553822635685e-06,9.055841858246125e-06,4.401673342635465e-06,8.680805034179326e-06,6.569782642611881e-06,2.6809119617002215e-06,1.272212000257144e-05,1.5423891720587163e-05,1.8894894455833004e-05,1.6659625939861355e-05,-0.0001227022672206,-0.0001257278354371,-0.000131241166884,-0.0001301953790311,-0.0001556196652843,-0.0001534364385529,-0.0001459250334754,-0.0001013264689975,-0.0001811213114797,-0.0001210045239454,-0.000135871062624,-6.42599532669992e-06,-0.0001093683077002,-9.904659763199054e-06,-0.0001127978189855,2.693240907025645e-05,-9.980845401983852e-05,4.8500844626220106e-05,-4.49541343184876e-05,9.142755216866863e-05,-1.567604054105451e-05,1.9650993060660115e-05,-8.698966606659416e-05,1.372716814561802e-05,-1.2371091503175934e-05,-4.995020964238589e-05,-4.4471179463676025e-05,0.0001291059029625,-5.637974569441477e-05,0.0001305102168144,-5.284634560880806e-05,5.414099670790068e-05,-7.034605353321209e-05,4.4012450003721753e-07,-8.684085217363169e-07,-1.0519281456572885e-07,4.715941960385742e-08,7.633403325184071e-07,-9.904874335069678e-07,-1.307074384386006e-07,2.561507057312559e-07,-4.5247089451015034e-08,-7.863134866622775e-07,8.947869976365021e-07,-6.845215655395851e-07,-2.08233834646022e-07,-1.3578317889535994e-07,1.0623700599425809e-07,1.3879646968280366e-07,9.381498121462172e-07,1.2785188637498165e-06,-6.663075134863496e-07,-2.4039904746292944e-07,-1.1616826507313958e-06,-6.608769781479473e-08,-1.5108752701715256e-07,2.091872015336808e-07,7.760492047197779e-07,4.063251717779077e-08,6.865519685469756e-08,1.2612929506315358e-06,4.097415279732219e-07,8.663088222557037e-07,4.3716026757478894e-08,-4.7682686673020825e-08,-9.936121357793169e-07,-7.156942130024274e-08,-1.0545185964869253e-07,-1.9691208109437722e-07,-1.9886669630189137e-07,-1.6904244674630857e-07,-9.24878089247347e-08,-1.8425520045954038e-07,-2.9806803094626494e-08,-1.3602688518908418e-07,-4.9921671700308073e-08,5.607854284709147e-07,-7.167229868303481e-08,-2.225933912058393e-07,-2.0291973163636505e-07,4.835187397872993e-08,-2.762335569510866e-07,2.719584446473807e-07,6.258476476207394e-07,-7.656636427700629e-08,-2.1170259645125825e-07,-3.047550828791826e-08,-1.650032618065059e-07,-2.2133591230970377e-07,-1.7567812796884185e-07,-1.8542484545419098e-07,-8.34045574629742e-08,-1.6846410003044817e-07,5.532414485646562e-07,-2.711487055924176e-07,5.042314770269513e-07,-7.371252222971628e-08,-2.304696573142728e-07,-4.057353413671843e-08,5.99234563195891e-07,no movement,no movement,no movement,no movement
9850.0,0.0339550138061987,0.3111642005531954,-0.2996272604999999,0.0415752819105855,0.3313195608122737,-0.2914148022666666,0.0436517734443114,0.3311547975065885,-0.2795813221666666,0.043139595881914,0.3311806770236868,-0.2846298234333333,0.0264891563555789,0.3404696733545535,-0.3159457921333333,0.0278952587184876,0.3383315614375805,-0.3288480310666667,0.032467037116672,0.328669931687437,-0.3087228776666667,0.0516002951482443,0.3363979988886825,-0.1844300642666666,-0.0448013868894841,0.2989710090489094,-0.2410763532666667,0.0468075245673528,0.3106418676896402,-0.2442713219333334,0.0232272976106517,0.2811629905687904,-0.2887063267666667,0.1011431702779217,0.216142848564773,-0.0414781122966666,-0.1196395930043532,0.2553900854388728,-0.0891648137966666,0.1387532971216058,0.042708613918041,5.828095073333324e-05,-0.1561535324820755,0.0085592166940229,-0.1305315230666666,0.1574692271941138,-0.1447651492697856,0.0007448818562333,-0.105200155064509,-0.1545316476513175,-0.1723130960333333,0.1523646057312512,-0.1864130035310763,0.0049566559195666,-0.0702924393146317,-0.187920299341095,-0.2170557996,0.1268486555441378,-0.1937712845161581,-0.016214439194,-0.0335774212517437,-0.1594118706313918,-0.2270005906333333,0.1528566003755625,-0.1710364413919744,-0.0067441334834666,-0.0853105291257473,-0.1512528034683036,-0.184258446,0.0700359299078769,-0.1634168429026661,0.0611834932533333,-0.0674710427548413,-0.1664106886202562,-0.0602960136366666,0.0786688398419562,-0.4930236058502161,0.0538072902833333,-0.0390793157436005,-0.4432251171553309,-0.0892383633133333,0.0724077914886798,-0.774449909723821,0.2086793199,-0.0826194934004583,-0.7826780694405308,0.0542872860366666,0.0558770932353435,-0.8048408494310932,0.2275452753666667,-0.0861336363099233,-0.8125253627335486,0.0271245100833333,0.100390176767707,-0.83344213003579,0.1879391873666666,-0.0616808547761635,-0.8397765573978859,-0.0587828663199999,nijmegen_nijmegen_rennen_g_ch1_g11_compr.mp4,ch1g11,6.626974474903999e-06,1.3712557860951466e-05,1.040759939774111e-05,8.866889679746322e-06,1.6771894726420285e-05,1.3761213050159689e-05,1.0212855459426815e-05,8.240134566372159e-06,4.619170889250708e-06,3.2031251030932736e-06,4.849331118558954e-06,4.635402618952564e-06,1.1733665694416094e-05,1.0452019049870636e-05,6.580173765997654e-06,6.961563942883601e-06,7.2843489979834676e-06,6.07637997188994e-06,4.576014854004079e-06,1.132982529815028e-05,1.6685507833275815e-05,9.15768381241918e-06,1.1754755342947536e-05,8.203127070358304e-06,1.6496073398252736e-05,2.913629506724642e-06,9.076305435631473e-06,5.885679814481346e-06,9.046248736048785e-06,7.678685766789815e-06,2.6449201121177647e-06,1.2667686751104136e-05,1.4307454062226909e-05,1.8563294140643535e-05,1.7119005505712287e-05,-0.0001245789486973,-0.0001297572553958,-0.0001350298214243,-0.0001343535134974,-0.0001580492823538,-0.0001555163564425,-0.0001475656955465,-0.0001130090319378,-0.0001837190904812,-0.0001246915524033,-0.0001379683870548,-1.2722498712805085e-05,-0.0001195225651431,3.6141014235515222e-06,-0.0001205551501007,5.057518143318045e-05,-9.258210505409876e-05,7.0929500507158e-05,-3.897075690596923e-05,0.0001104727871062,-9.324413104177584e-06,4.0665516715723104e-05,-8.03104385370706e-05,1.441071123494639e-05,-1.297906629527863e-05,-4.124477380467779e-05,-3.576921124146267e-05,0.0001330584680493,-5.2097686674243806e-05,0.0001337800650976,-4.94286504917093e-05,6.232856426305512e-05,-5.9263214919544704e-05,3.283080145413358e-07,-9.577565155127415e-07,-3.266821828311903e-07,-2.199569831206156e-07,6.658090965591186e-07,-1.062804745515265e-06,-3.398558419028608e-07,2.150497185554006e-07,-1.9538753370111975e-07,-7.921462189200695e-07,1.4663920601719774e-06,-7.887316396129026e-07,-4.5174196203945947e-07,-3.633531942725278e-07,1.4642159592891906e-07,-2.0429509279318545e-07,1.2739590001332573e-06,1.8954278232986616e-06,-7.677876805032221e-07,-4.744187605400666e-07,-1.1270049065518642e-06,-2.542143026397738e-07,-3.928985336020417e-07,4.849303412132928e-09,6.489375341896998e-07,-3.9991797618580104e-08,-1.2422422317051846e-07,1.7824422753454857e-06,8.28286122320514e-08,1.3916054084422017e-06,-2.805863108483469e-08,-3.051831622056036e-07,-9.89512561641942e-07,-1.4862442166793465e-07,-2.54559638730367e-08,-2.369114240250585e-07,-1.9231863041678825e-07,-2.0525921923099306e-07,-1.0454256036424148e-08,-2.2272444662564038e-07,-7.923396080159776e-08,-1.3491327585488206e-07,3.3690456730879755e-08,4.444377851198383e-07,-6.303727655795677e-09,-2.573626682414288e-07,-2.4124899999270164e-07,2.2662532066072172e-08,-3.070832823323391e-07,2.170268246792406e-07,4.733217522708436e-07,-1.693533443617772e-08,-2.448836297434714e-07,6.2121076194749e-08,-2.0580435610363546e-07,-2.5957205512782757e-07,-2.258451640141641e-07,-2.139380826503698e-07,-8.126754609659068e-08,-2.090429631931683e-07,4.003230845199672e-07,-3.2011582945587297e-07,4.111850539605355e-07,-7.266490455641903e-08,-2.6584989944583597e-07,4.246611652083958e-08,4.4542858469267674e-07,no movement,no movement,no movement,no movement
9866.666666666666,0.0338776865642674,0.3110577703873691,-0.3001225989333333,0.0414753549687452,0.3312075451725388,-0.2919095903666666,0.0435521427992575,0.3310383747807965,-0.2800798931666666,0.043040269456951,0.3310645365431746,-0.2851201590333333,0.0263870568210316,0.34033282164913,-0.3164325036999999,0.0277915555778329,0.3381976562403166,-0.3293337612333334,0.0323639660231721,0.3285434948328377,-0.3092040322,0.0515624992796207,0.3362979638154167,-0.1849124839,-0.0448936171875783,0.298810056800159,-0.2415048351666666,0.0467571922167651,0.3105320646651036,-0.2447624120333333,0.0231743864909917,0.2810425603466628,-0.2891930680333334,0.1012117064189431,0.2161361769436424,-0.0418265576833333,-0.1197176082232966,0.2552786494790226,-0.0893742816533333,0.1388544293336417,0.0427249020666783,-9.461308093333372e-05,-0.1562124241196147,0.0084419556003289,-0.1305245498333333,0.1575687248138189,-0.144695643826117,0.0005858889355666,-0.105388315454444,-0.1546135652923678,-0.1724721485333333,0.1524512382686536,-0.1863247316374185,0.0047714181862333,-0.0705070305140817,-0.1879508964582451,-0.2172611982,0.1269047582834795,-0.1936445715859067,-0.0164292274356666,-0.033834886434361,-0.1594141538465736,-0.2272465278333333,0.1529335608477616,-0.1709772755763441,-0.0069146476611666,-0.0855062097395585,-0.1513237192021564,-0.183832586,0.0700754239320147,-0.1634022450671564,0.0611521345033333,-0.0675153207342887,-0.166423866061836,-0.0602625849933333,0.0788031497739803,-0.4930548924080769,0.0540617264933333,-0.0391172637733608,-0.4432542819301583,-0.0891999734533333,0.0726437089260582,-0.7742865788819729,0.2090964451333333,-0.0826697724475612,-0.7827286046569846,0.0542324947933333,0.0561176154298958,-0.8046746444927415,0.2280032069,-0.0861877682757414,-0.8125740049458242,0.0270667868333333,0.1004779648537392,-0.8333377871318033,0.1883818487,-0.0617814437599335,-0.8398132752718124,-0.0589102577133333,nijmegen_nijmegen_rennen_g_ch1_g11_compr.mp4,ch1g11,6.9176312926630405e-06,1.2589609072059614e-05,9.89287676440192e-06,8.502479128628632e-06,1.7334430276284468e-05,1.2547343302086198e-05,9.6931613463195e-06,8.582505698159622e-06,4.199619007618219e-06,2.337702778322993e-06,6.436611970875727e-06,3.867569392465353e-06,1.1105338426785805e-05,9.902452992405286e-06,6.401555083868189e-06,6.341107057226617e-06,8.936306909208943e-06,8.177419329574693e-06,3.830524598264131e-06,1.068908527967295e-05,1.5411459429239307e-05,8.721410637245644e-06,1.1178594895741818e-05,7.99340527130758e-06,1.7028084944149317e-05,2.7864916326096105e-06,8.762205188563321e-06,7.746488322919739e-06,9.048853220145586e-06,9.22023652351268e-06,2.5399394921037663e-06,1.223069970334567e-05,1.3202940714664996e-05,1.821478511399412e-05,1.7453612679416008e-05,-0.000119971141505,-0.000127131593904,-0.0001319510635523,-0.000131705447102,-0.0001529296462277,-0.0001499593731235,-0.0001418425054961,-0.0001190897359041,-0.0001774421316947,-0.0001217946812139,-0.0001329528747829,-1.62065932448179e-05,-0.0001231158532756,1.7160441460371607e-05,-0.0001236873540206,7.469749751802399e-05,-7.699469348229954e-05,9.16676205908665e-05,-2.6426906148092387e-05,0.0001261220067038,3.834113146976301e-06,6.154099159825592e-05,-6.570968194261072e-05,1.5122834706055436e-05,-1.3631705311445548e-05,-3.32108566167427e-05,-2.7268171347089644e-05,0.0001395150992715,-4.734271522043685e-05,0.0001399764825287,-4.5491029411490274e-05,8.356763697910524e-05,-4.4034769113361295e-05,1.5150587259698704e-07,-9.098111774493596e-07,-5.446774496071983e-07,-4.090483642740862e-07,4.423985993638098e-07,-1.001520285250145e-06,-5.435835987407991e-07,1.0176696963896401e-07,-3.2574686602818076e-07,-7.153793755425129e-07,1.8361104470836703e-06,-7.846260882558736e-07,-6.833291142443362e-07,-5.852659635769755e-07,1.6558401585792138e-07,-5.365750064683881e-07,1.489442230217826e-06,2.267095329166784e-06,-7.760981739616177e-07,-6.94015895526503e-07,-9.688819035651226e-07,-4.4092460134063427e-07,-6.291784923120783e-07,-2.170778201341267e-07,4.2507071357447604e-07,-1.1576830221395977e-07,-3.23097497095084e-07,2.0776001300443948e-06,-2.572588096770662e-07,1.750001354624471e-06,-9.597176705092097e-08,-5.635195212149694e-07,-8.665935710903794e-07,-2.1326854000533146e-07,5.7626359472694917e-08,-2.4586986836648084e-07,-1.3672918672522746e-07,-2.208058210057689e-07,7.221262695445052e-08,-2.3189458316351865e-07,-1.318740039947925e-07,-1.0712450220601487e-07,1.1818242694046442e-07,2.765794486329017e-07,7.714447061807273e-08,-2.5741494719752816e-07,-2.47595688161635e-07,4.341345417192985e-09,-2.778599503842596e-07,1.1116196913056603e-07,2.626889857951948e-07,6.147157429013103e-08,-2.443003907951858e-07,1.3557856304770937e-07,-2.1581238580705434e-07,-2.6365830388550794e-07,-2.41137493320849e-07,-2.1963924828177258e-07,-6.986201490987017e-08,-2.1621664979103119e-07,2.0243578703192554e-07,-3.205214488108843e-07,2.69590201546856e-07,-6.303468670063464e-08,-2.627199074171108e-07,1.11877216433425e-07,2.5102741475760144e-07,no movement,no movement,no movement,no movement
9883.333333333332,0.0338033953121915,0.3109512793261571,-0.3007915637,0.0413857596650818,0.3310947149707171,-0.2925654729333333,0.0434630210573296,0.330921007941782,-0.2807398228999999,0.0429506598532284,0.3309472677443502,-0.285768139,0.0262909345814648,0.3401961082218001,-0.3170704849999999,0.0276941163050155,0.338063753307643,-0.3299715031333334,0.0322674629678898,0.3284168800145804,-0.3098339341,0.0515516327645449,0.3361865229121317,-0.1855008354,-0.0449792305820148,0.2986468312893772,-0.2420007527666667,0.0467112269656454,0.3104218830397312,-0.2454097368333333,0.0231234323280927,0.2809220049921124,-0.2898212940333334,0.1012896133794229,0.2161183258410556,-0.0422324853066666,-0.1197945506063902,0.2551616217209813,-0.08961131815,0.1389750389831257,0.0427398535823121,-0.0002548890159333,-0.1562702820269125,0.0083260546140502,-0.1305357902666666,0.1577139539568305,-0.1446284222963393,0.0004280513389,-0.1055702540205942,-0.1546872909685377,-0.1726531112,0.1525921912299747,-0.1862423207299356,0.0045878667062333,-0.0707125605574661,-0.1879750417935112,-0.2174937646,0.127019251854499,-0.1935315467922586,-0.0166428960556666,-0.0340807001148128,-0.1594112509013988,-0.2275297765333333,0.1530567087991937,-0.1709230429339108,-0.0070831899243333,-0.0856928341462623,-0.151388124258207,-0.183386952,0.0701157189914548,-0.1633876407562992,0.0611182758366666,-0.0675602454448259,-0.1664370132117311,-0.0602265106499999,0.0789500457769728,-0.4930857419276252,0.0541713073966666,-0.039156989075688,-0.4432794293770141,-0.08920800816,0.0729212718422642,-0.7741440942290951,0.2090490152333333,-0.0827114183406431,-0.7827780584210987,0.0539677099666666,0.0564024182993104,-0.8045318623776418,0.2279508586333333,-0.086232486008248,-0.8126222076618783,0.02678266931,0.1006271876017581,-0.8332589883922304,0.1882710327333333,-0.0618971887849823,-0.8398502896137506,-0.0592612364366666,nijmegen_nijmegen_rennen_g_ch1_g11_compr.mp4,ch1g11,7.1747842027070535e-06,1.1579585321694742e-05,8.926822656896118e-06,7.671837465484945e-06,1.7515065158893276e-05,1.1479555776705106e-05,8.744981106988714e-06,8.679914353382343e-06,3.5455916957981655e-06,1.7398634586146402e-06,8.776356610520033e-06,3.1566272145549377e-06,9.944892517196949e-06,8.909561278245558e-06,6.3361599129699635e-06,5.5210175082270384e-06,1.0997328598164615e-05,1.1021119457716432e-05,3.1265822258152807e-06,9.547815396886232e-06,1.444433428934656e-05,7.822511196946607e-06,1.006485079555669e-05,7.262990714860543e-06,1.717639603827082e-05,2.58815063605487e-06,7.943812570683232e-06,1.0298283633188002e-05,8.408575254414012e-06,1.154463185985988e-05,2.369740681690504e-06,1.1189071290169212e-05,1.2291331489070115e-05,1.841590221931964e-05,1.7458639617058073e-05,-0.0001094424471067,-0.0001179677395062,-0.0001220924618505,-0.0001222064003547,-0.00014041110868,-0.0001371320599242,-0.0001293347957497,-0.0001179079777387,-0.0001635430411625,-0.0001130703884013,-0.0001220843158434,-1.8183936653342048e-05,-0.0001185209459424,2.919013308043783e-05,-0.0001147629753804,9.23758279793313e-05,-5.441255550210588e-05,0.0001059759507268,-8.328173273883106e-06,0.0001331180710818,2.143084847691718e-05,7.61750319407906e-05,-4.491420445243467e-05,1.5657925527260506e-05,-1.4120811353040644e-05,-2.3720284477643394e-05,-1.7861323449305877e-05,0.000148796215171,-4.671717649356552e-05,0.0001494066935262,-4.602655368934313e-05,0.0001101906895108,-2.9000795866949024e-05,-7.729540836482424e-08,-7.702826691093822e-07,-7.527391023813642e-07,-5.085191146862566e-07,1.9956415345677673e-07,-8.495264194429437e-07,-7.368072963280433e-07,-6.774465960455589e-08,-4.432531564201087e-07,-5.50424722149174e-07,1.989167520006747e-06,-6.922749671890131e-07,-8.971404810363388e-07,-7.942341779683241e-07,1.384870483656336e-07,-8.605475291649341e-07,1.6148378951885992e-06,2.387122142109134e-06,-6.944785534789033e-07,-8.947258469240683e-07,-7.397987578742419e-07,-6.230705363876535e-07,-8.518966446500448e-07,-4.383393361793462e-07,1.842101442252088e-07,-1.8103037695868326e-07,-5.145854834448548e-07,2.1385617787437184e-06,-5.67727989866724e-07,1.9470876181685673e-06,-1.5530819466655224e-07,-7.982600993955839e-07,-6.744255960967381e-07,-2.54441488472954e-07,1.253608154659548e-07,-2.1637929136479378e-07,-4.182556993442828e-08,-2.0303515122504147e-07,1.3744633025104998e-07,-2.0475661502909e-07,-1.6642548565513098e-07,-5.757120216295699e-08,1.8436497479692937e-07,7.78783465832885e-08,1.5956047897777237e-07,-2.1469216721033617e-07,-2.1491269846644217e-07,-1.371744492307786e-08,-1.9965324276710416e-07,-2.9530297411884222e-08,2.46653662727301e-08,1.4020518302576222e-07,-2.0242392735322546e-07,1.7207669005679258e-07,-1.879024201108037e-07,-2.2484917788882818e-07,-2.153383790239509e-07,-1.9130574765472985e-07,-5.15492574244461e-08,-1.8482524868489386e-07,-1.7319841016121533e-08,-2.645241920700425e-07,9.815733832935332e-08,-4.684624021260053e-08,-2.137161808026905e-07,1.5280112366746158e-07,1.3398827389988394e-07,no movement,no movement,no movement,no movement
9899.999999999998,0.0337323443381102,0.3108419980963676,-0.3014034292333333,0.0413037577122297,0.3309765859865963,-0.2931494345333332,0.043383233003864,0.3307983604095739,-0.2813299078999999,0.0428691371208257,0.3308243189663974,-0.2863463713,0.0261998877251249,0.3400558013315234,-0.3176463870666666,0.02760267584631,0.3379267781544308,-0.3305473505666667,0.0321774452325216,0.3282880563370308,-0.3104020091,0.0515381952462846,0.3360640646941499,-0.1859674190666666,-0.045079666578901,0.29848302538067,-0.2424204971333333,0.046661127743583,0.3103090159968915,-0.2459892072333333,0.0230631314083881,0.2808005788473547,-0.2903897783,0.1013427134377186,0.2161003504345543,-0.0425167721433333,-0.119887553132541,0.2550454943861396,-0.0898126621433333,0.1390876699838512,0.0427760315447692,-0.0002347997486,-0.1563601828928507,0.0082161643475528,-0.1305427024333333,0.1579014742409833,-0.1445165242026498,0.0005014021185666,-0.1057535438291169,-0.1547408916476613,-0.1728220342333333,0.1527900123897785,-0.1861143063009707,0.0046457213645666,-0.070915056016698,-0.1879802304532024,-0.2177125007333333,0.1271957379223787,-0.1933769533722451,-0.0166315093656666,-0.0343179686896196,-0.1593868831364157,-0.2277980575333333,0.1532254878310671,-0.1708289102521194,-0.0070295241413333,-0.0858764009169414,-0.1514331424355667,-0.180808663,0.0701510426261716,-0.163371540032336,0.0610979574833333,-0.0675999456433411,-0.1664514595672211,-0.0602036634466666,0.0790919828878162,-0.4931093832009909,0.0543952055366666,-0.0391734673477285,-0.4432954912047055,-0.08926240311,0.07316979839696,-0.7739950151997099,0.2091391836666667,-0.0827414942264319,-0.78282169320995,0.05353295518,0.0566583420112075,-0.8043832196685283,0.2280378923666667,-0.0862676820498711,-0.8126645041883257,0.02632023338,0.1007883916895208,-0.833142247077246,0.1883189469333333,-0.0619914341127704,-0.8398672197461231,-0.0598349301466666,nijmegen_nijmegen_rennen_g_ch1_g11_compr.mp4,ch1g11,7.023739839582912e-06,1.0784638466171276e-05,8.12444481471739e-06,6.961196886101246e-06,1.682911267541964e-05,1.0623829831022818e-05,7.967835130478677e-06,8.336101867938079e-06,3.003032663654725e-06,1.2110288947066043e-06,1.09628181404557e-05,2.540872890921851e-06,8.935233461299929e-06,8.060624450593314e-06,6.37919848000171e-06,4.582648490791709e-06,1.2543469443494613e-05,1.3587180547485098e-05,2.468081361948517e-06,8.54941592065911e-06,1.3676693167683889e-05,7.060349956622349e-06,9.09650290229822e-06,6.574613294513377e-06,1.6478516597635333e-05,2.354796692129059e-06,7.146126755045457e-06,1.2526034786094046e-05,7.599750064357549e-06,1.3665051989276173e-05,2.1654705915825367e-06,1.0106264728199685e-05,1.1610635496839506e-05,1.903581912192856e-05,1.6662320812772175e-05,-9.58814125386872e-05,-0.000104773126744,-0.0001080838498466,-0.0001084309767815,-0.0001231118928799,-0.0001197918614798,-0.0001126931813008,-0.0001108527834873,-0.0001438188541557,-0.0001006422635304,-0.0001074936679641,-1.670948904496772e-05,-0.0001064365764798,4.159095367960511e-05,-9.48186867853155e-05,0.0001062998895427,-2.6031813077496473e-05,0.0001166753169985,1.4919165655568665e-05,0.0001368097103433,4.5172586169668895e-05,8.781328883516102e-05,-1.828896305329256e-05,1.5999100276092904e-05,-1.44221268746228e-05,-2.0231879440904723e-05,-1.1115445007282176e-05,0.0001498797410935,-4.5639489799134385e-05,0.0001508928538045,-4.561220454264313e-05,0.0001318178108456,-1.4824988089554044e-05,-3.4422025483377965e-07,-5.991619323415133e-07,-9.433416831599126e-07,-5.199688734166855e-07,-2.8113070797454793e-08,-6.686419924284881e-07,-9.152651817250386e-07,-2.702604080870347e-07,-4.731426282631819e-07,-3.022458541706856e-07,1.8778517185059396e-06,-5.037964987247949e-07,-1.0793613361528832e-06,-9.810431819954548e-07,9.43653516908785e-08,-1.0557444300740994e-06,1.5186207072634344e-06,2.1932522663248944e-06,-5.22464181944479e-07,-1.0639054480003445e-06,-5.34652829634921e-07,-7.888331876196497e-07,-1.0473442685657816e-06,-6.399713480300854e-07,-3.2264028927855765e-08,-2.220119264345842e-07,-6.820733468173376e-07,1.924598828610432e-06,-8.136326969594549e-07,1.882000700993153e-06,-1.9305803125118594e-07,-9.901694766136564e-07,-4.907857319704188e-07,-2.51971327688997e-07,1.6366255690891117e-07,-1.6612754623713228e-07,6.031276405086345e-08,-1.440059129174357e-07,1.732493400077744e-07,-1.5824366960512305e-07,-1.690796978162741e-07,-4.049870969436739e-09,2.2665371059087877e-07,-9.772849981720337e-08,2.2758333726546673e-07,-1.5109856890626997e-07,-1.6029011067715468e-07,-2.881975988816967e-08,-8.674127106449383e-08,-1.6241337986944566e-07,-1.7767874852061173e-07,2.076375050677723e-07,-1.397668385089672e-07,1.681370630497548e-07,-1.4060588067908457e-07,-1.6470953875597917e-07,-1.677212468783555e-07,-1.2294560843883665e-07,-3.004826012065667e-08,-1.3431966550268237e-07,-2.000609404150583e-07,-1.7379297665273565e-07,-5.106214156210084e-08,-2.7360843090768142e-08,-1.4152386942915794e-07,1.5753760594738696e-07,2.6697943831161786e-07,no movement,no movement,no movement,no movement
9916.666666666664,0.0336680338287049,0.310743605845285,-0.3019399246666667,0.0412326858542071,0.3308690299051328,-0.2936541120333332,0.0433150679352964,0.3306866660102591,-0.2818408577999999,0.0427988444862343,0.3307122262477411,-0.2868458880333333,0.0261175700276266,0.3399275880991466,-0.3181450614,0.027520246418897,0.3378019890378327,-0.3310456553333334,0.0320966990447055,0.328171156970213,-0.3108931493666667,0.0515314018868548,0.3359490435564396,-0.1863564307666666,-0.0451775809572415,0.2983337637479785,-0.2427699899666666,0.0466152396542355,0.3102070615728722,-0.2464954220333333,0.0230054201609297,0.2806912202624744,-0.2908861032,0.1013921315759609,0.2160879849429669,-0.0427326995299999,-0.1199774383396656,0.2549394790545939,-0.0899747783333333,0.139192754900184,0.0428435701613771,-0.0001207576657333,-0.1564508878816667,0.0081331721666867,-0.1305319438,0.158111466248076,-0.1443764391372789,0.0006732574162333,-0.105931802132231,-0.1547401998760796,-0.1729582810333333,0.1530258464929953,-0.1859673436306488,0.0047936680695666,-0.0711081339396305,-0.1879379927922945,-0.2178978359,0.1274185908968478,-0.1932135688596069,-0.0165321547556666,-0.0345383457212248,-0.159312102282677,-0.2280283147333333,0.1534216838711557,-0.1707145912776433,-0.0068781425153333,-0.0860512571343215,-0.151424870326283,-0.17934759,0.0701837126940552,-0.1633544067546138,0.06108096184,-0.0676368127012967,-0.166467048203134,-0.0601841992999999,0.0792331584915049,-0.4931258540634022,0.0547880506866666,-0.0391873881986029,-0.4433016788663172,-0.08927891583,0.0734103351981197,-0.7738413090876045,0.2093413447333333,-0.0827417530801508,-0.7828579468704805,0.0531120816933333,0.056906870073789,-0.8042300287783346,0.2282273884333333,-0.0862669213408464,-0.81269976198146,0.02587308126,0.1009806731090934,-0.8329763592643885,0.1884482373333333,-0.0620493220562685,-0.8398640543183615,-0.0603876643833333,nijmegen_nijmegen_rennen_g_ch1_g11_compr.mp4,ch1g11,6.303331426976412e-06,1.0207334685108848e-05,7.184107058508412e-06,6.33225114603203e-06,1.6136158954967118e-05,9.968012477159276e-06,7.053963851231567e-06,7.93182050129766e-06,2.6744248187409363e-06,8.903772351438784e-07,1.2736040430501274e-05,1.634090946952748e-06,7.840346166181777e-06,7.0695833678976105e-06,6.702046204077087e-06,3.40348563368842e-06,1.3520246868484694e-05,1.559810051122872e-05,1.6033482312881546e-06,7.464791027248752e-06,1.320857407961234e-05,6.302764216267198e-06,8.04902222024991e-06,5.923919977670969e-06,1.5868240875155235e-05,2.1849183691939816e-06,6.398079094048563e-06,1.4232584556707202e-05,6.597373867238293e-06,1.535635370916016e-05,2.0155895005727877e-06,8.961775533136362e-06,1.1206082299727284e-05,1.979320520874915e-05,1.5949037401132466e-05,-8.262707654145233e-05,-9.21323670857174e-05,-9.485806704052993e-05,-9.53097390340694e-05,-0.0001070502114067,-0.0001034477618332,-9.665462571667606e-05,-0.0001037657996812,-0.0001241928308063,-8.83554088464815e-05,-9.29070373498248e-05,-1.332575552845023e-05,-9.216401891686984e-05,5.6649224245697734e-05,-6.757252245893062e-05,0.000124795400157,6.394847892587126e-06,0.0001331881428807,4.413367132412599e-05,0.0001481642430209,7.794880874801263e-05,0.0001037811671145,1.299462798754911e-05,1.6552683404107762e-05,-1.4875684211802937e-05,-1.6267169664979666e-05,-1.5944983122250534e-06,0.0001565758809902,-4.345389559455838e-05,0.0001576467443484,-4.378170191145452e-05,0.0001584507868688,-2.2434248339831653e-06,-5.636511522289407e-07,-3.604033230484952e-07,-1.042342274260874e-06,-3.663106587211563e-07,-2.1517279794176818e-07,-4.230823992455163e-07,-1.0073901140528712e-06,-4.494926730115843e-07,-4.205670541682525e-07,-3.4944129807730383e-08,1.7108405611451417e-06,-2.132745833985218e-07,-1.1588392845406906e-06,-1.0718566788253636e-06,8.35485844530289e-08,-1.058850301540095e-06,1.2479313986873964e-06,1.9365488073705317e-06,-2.5978032382757657e-07,-1.1308558159471012e-06,-3.195418364209387e-07,-8.655028397919595e-07,-1.1426520412362592e-06,-7.473763205700749e-07,-1.8415170075460497e-07,-2.3874032074996925e-07,-7.550396867952949e-07,1.653135014982744e-06,-9.24400287932943e-07,1.7877823631149904e-06,-2.0797092615781653e-07,-1.0693882051263269e-06,-2.8679634488265976e-07,-2.0044730231598776e-07,1.65940659647267e-07,-9.082794031775745e-08,1.5127657061653317e-07,-8.835173237525312e-08,1.7449145932159246e-07,-8.742345981049754e-08,-1.4812221271887917e-07,4.214602964082605e-08,2.340862663107379e-07,-2.2109818112021553e-07,2.797190429698726e-07,-6.666570393603982e-08,-8.039380123558206e-08,-4.566201675459491e-08,4.84376169538592e-08,-2.66505723501931e-07,-3.106071383881445e-07,2.590184843617297e-07,-5.6244981049936836e-08,1.227791221249402e-07,-7.540544900108847e-08,-8.315964974199621e-08,-1.0542191793439957e-07,-6.270732645222698e-08,-1.0882032989114752e-08,-7.372422938436558e-08,-3.190070060592853e-07,-6.23247227661594e-08,-1.526959039905607e-07,-9.64339921041474e-09,-5.745959501175931e-08,1.2490883404191045e-07,3.927739719363731e-07,no movement,no movement,no movement,no movement
9933.33333333333,0.0336044244585524,0.310656166727096,-0.3021100114666666,0.0411636878748478,0.330770698549436,-0.2937985787999999,0.0432492163721868,0.3305857321708108,-0.2819911429666666,0.042730729741282,0.3306104801107962,-0.2869896018,0.0260376963256986,0.3398161950284274,-0.3182824878666666,0.0274404757503046,0.3376949629809689,-0.3311806529,0.0320184698468334,0.3280716239731886,-0.3110266031666667,0.0515297334416607,0.335837834773661,-0.1864592830666666,-0.0452692356351433,0.2982155491789143,-0.2428192388,0.0465703971455647,0.3101139252978085,-0.2466639526666666,0.0229479402413712,0.2805959276003328,-0.2910391718999999,0.1014339957865952,0.216073546191336,-0.0427429312899999,-0.1200451259221286,0.2548529288433342,-0.0899552694866666,0.1392886957322587,0.0429045268567242,0.0001289242662666,-0.1565284319001243,0.008081237322955,-0.1304186636999999,0.1583245870628478,-0.1442440070946737,0.0009896096465666,-0.1060904070502767,-0.1547129677440462,-0.1729297398333333,0.1532669143681991,-0.1858325554558156,0.0050962029552333,-0.0712785224489758,-0.1878813180754367,-0.2178805903,0.1276509225073675,-0.1930668885975049,-0.0162727069759999,-0.0347271388487386,-0.1592193819882738,-0.2280343844666666,0.1536217885941149,-0.1706068681004291,-0.0065797082969333,-0.086201783184441,-0.1513923862641145,-0.181168482,0.0702107325842664,-0.1633371041084585,0.0610677636333333,-0.0676679013339646,-0.1664827500746654,-0.0601690122866666,0.079366530971516,-0.4931351001923091,0.0551731616366666,-0.0391870200894484,-0.4432976867526255,-0.08930992142,0.0736476569631816,-0.7736780374841249,0.2094613984333334,-0.0827354812420604,-0.7828780885509296,0.0527015319766666,0.0571520311794034,-0.8040655423602399,0.2283208420666666,-0.0862576877500373,-0.812718382630497,0.0254385643933333,0.1011825656984835,-0.8328083814832296,0.1884575381333333,-0.0620831323094699,-0.8398528740360135,-0.0609277763599999,nijmegen_nijmegen_rennen_g_ch1_g11_compr.mp4,ch1g11,5.5782100665506384e-06,1.01259556947131e-05,6.190253494176132e-06,6.065582474074059e-06,1.6048346963369744e-05,9.814075843858411e-06,6.101738951185844e-06,7.3323665261875985e-06,2.334001290673844e-06,1.0339370612396902e-06,1.4440364468029129e-05,1.3273307536984998e-06,6.760562714017204e-06,6.0471815123281915e-06,7.023136791949986e-06,2.5673184950474116e-06,1.451213110214443e-05,1.7467619297008363e-05,1.242943603951238e-06,6.411274239786732e-06,1.3234074115893052e-05,5.52010278671722e-06,6.9792520665889045e-06,5.234446593574945e-06,1.5807024160549378e-05,1.9588233979901043e-06,5.7330998300946346e-06,1.584328784257914e-05,5.5642956657666615e-06,1.7120747279532147e-05,1.819056441291949e-06,7.913398978122786e-06,1.1199537832207865e-05,2.096808263867597e-05,1.5855816649255096e-05,-6.86143262464784e-05,-7.870319732686863e-05,-8.073718461134312e-05,-8.137645184982131e-05,-8.993206097321571e-05,-8.605650566403597e-05,-7.974445874431145e-05,-9.302563096017216e-05,-0.0001006873722116,-7.43110354929043e-05,-7.646304108108629e-05,-7.530137559400912e-06,-7.137301078921209e-05,7.058223564287396e-05,-3.387067932428254e-05,0.0001403849429779,3.8836820504155266e-05,0.0001452319980987,7.088561531820632e-05,0.0001546359764621,0.0001079426738734,0.0001174821217644,4.459168464075702e-05,1.6995902866651626e-05,-1.5317704742267564e-05,-9.500126554507954e-06,1.095698930298691e-05,0.000174752489331,-2.884925357111781e-05,0.0001763293336772,-2.84703485852399e-05,0.0001872120255845,7.959206697568263e-06,-7.825412871102895e-07,-1.838865527535947e-07,-1.144697291189784e-06,-1.34041580653014e-07,-3.808633605314385e-07,-2.401460403423801e-07,-1.1076257213275847e-06,-6.050139346126466e-07,-3.443424101922838e-07,2.055247857349331e-07,1.3637520704585175e-06,8.700458166435648e-08,-1.234367558642257e-06,-1.1626077559383151e-06,4.3302489961595384e-08,-9.351195364635774e-07,8.321371368206327e-07,1.4840762624888034e-06,1.6618254214623536e-08,-1.1953663606317982e-06,-2.2341281256112907e-07,-9.506803737705246e-07,-1.2345936687349274e-06,-8.503316074733314e-07,-3.071507161631555e-07,-2.424532585163939e-07,-8.277989144701341e-07,1.223703237704998e-06,-9.39180638547484e-07,1.492945489396613e-06,-2.1087491390738017e-07,-1.1120118133500932e-06,-1.752562661673057e-07,-1.2317101477580426e-07,1.2488132946960305e-07,-5.439941681728786e-10,2.065302481675347e-07,-7.083749455900236e-08,1.3360391137196237e-07,-2.157561660224434e-09,-1.0284132581328577e-07,7.962711471962658e-08,1.964238657925175e-07,-2.9085858583070914e-07,2.7955772010232384e-07,2.659422741406185e-08,1.3279146255463542e-08,-5.4955197423257677e-08,1.6991178651490022e-07,-3.4515003768651e-07,-3.739522306003144e-07,2.63613895030624e-07,3.5650228437904345e-08,4.0489805143927357e-08,8.742568225458212e-10,9.501892842698786e-09,-3.4437787996029294e-08,-4.18589864595418e-08,7.64009293840864e-09,-1.2437751971955014e-08,-3.768997252241601e-07,4.729112762032182e-08,-2.1197301486507857e-07,7.533302360629898e-09,2.2508752606968967e-08,5.9045522595932926e-08,4.509141453271517e-07,no movement,no movement,no movement,no movement
9949.999999999996,0.0335479573052047,0.3105991902977668,-0.3019576898,0.041100971509981,0.3307049730963896,-0.2936221679333332,0.0431896608258118,0.3305199194758038,-0.2818208982,0.0426690645136233,0.330544041891759,-0.2868150188,0.0259652563541055,0.3397443592688602,-0.3181059647333333,0.027368510472742,0.3376264901932422,-0.3309996395666667,0.031947813833872,0.3280076681041489,-0.3108495178,0.0515271875450498,0.3357555580376304,-0.1862624620666666,-0.0453571980117782,0.2981342137944107,-0.2426162154333333,0.0465280264593081,0.3100520316144134,-0.2465138478333333,0.0228936225294373,0.2805322696630034,-0.2908848832999999,0.1014573627959811,0.2160632498448657,-0.0424819298766666,-0.1201003595558974,0.2547962073184996,-0.0897961166433333,0.1393636454968174,0.0429579172520675,0.0005236640899333,-0.1566190348166747,0.0080725994022476,-0.1302529821333333,0.1585377930759258,-0.1441325140975265,0.0013838892262333,-0.1062490751282985,-0.154669992116676,-0.1727969233,0.1535141139530638,-0.1857143361393968,0.0054820627488999,-0.0714470648560172,-0.1878113494622929,-0.2177441453333333,0.1278959109683497,-0.1929404833339403,-0.0159238718726666,-0.0349074902684867,-0.1591182737646011,-0.2278932213,0.1538266402297622,-0.1705142754444112,-0.0062030646579333,-0.0863515707599463,-0.1513473389701992,-0.178958982,0.0702295637463045,-0.1633201863600809,0.0610688966166666,-0.0676904279732193,-0.1664979833216275,-0.0601682751766666,0.0794788646619128,-0.4931434352102544,0.0554827384766666,-0.0391790194327386,-0.4432957229661917,-0.0893511757833333,0.0738079886313368,-0.7735165200820081,0.2095029811,-0.0827333287765901,-0.782895454893106,0.0522933999733333,0.0573132737569163,-0.8039029380100096,0.2283449407333333,-0.0862517992352818,-0.8127333423759834,0.0250054875966666,0.1013120889687363,-0.8326415625371179,0.1884572793666666,-0.0620792148002203,-0.8398384476291615,-0.0614560426433333,nijmegen_nijmegen_rennen_g_ch1_g11_compr.mp4,ch1g11,4.8644794683162874e-06,1.0207587348886631e-05,5.166920226624533e-06,6.114730044171873e-06,1.6680549492267862e-05,9.816880316504592e-06,5.110596457002339e-06,6.656780895529631e-06,2.1170495048889414e-06,1.5861902522894442e-06,1.5401754412102728e-05,1.6641434070936337e-06,5.6942088861603805e-06,5.014192132495754e-06,7.222653658233699e-06,1.6573193643162609e-06,1.569976465957137e-05,1.844948310292716e-05,1.476170978667386e-06,5.377714389671681e-06,1.3390556349403488e-05,4.725263909509154e-06,5.903263086108768e-06,4.581750579687344e-06,1.646324952376727e-05,1.7429151375001436e-06,5.147649545597077e-06,1.6665895758951924e-05,4.617612451485292e-06,1.8388202815513052e-05,1.6338334071618943e-06,7.0062802742402e-06,1.1310189889728714e-05,2.1714132962503867e-05,1.6529297191353392e-05,-5.8969271868518635e-05,-6.950467629028902e-05,-7.103565071556357e-05,-7.176406225731444e-05,-7.745858967927828e-05,-7.333318600880684e-05,-6.72134675321198e-05,-8.463556001834987e-05,-8.027237625669582e-05,-6.42720077375394e-05,-6.397905800357412e-05,-6.213214048905556e-07,-4.9645932582880104e-05,8.424014645906961e-05,3.4442143626705174e-06,0.0001585679235477,7.20303940507748e-05,0.0001617204274396,9.98456692524092e-05,0.0001675824201902,0.0001411889421943,0.0001340187089644,7.70186787893971e-05,1.759684334307315e-05,-1.5924074530887577e-05,-3.073607590187193e-06,2.1181100019341705e-05,0.0001996765107281,-8.490099959736167e-06,0.0002011736810589,-6.302463640987907e-06,0.0002159825327331,1.818433353183754e-05,-8.925451667750919e-07,-8.689763266067253e-08,-1.1278375030958956e-06,1.2246356308305738e-07,-3.659105574409241e-07,-1.362750171633682e-07,-1.096826995146042e-06,-6.867377825719308e-07,-2.2410613372651e-07,3.930096657505019e-07,1.0207563584977192e-06,3.819650759869663e-07,-1.1880758767400582e-06,-1.1311427458563238e-06,1.9759085049122805e-08,-6.535424147412397e-07,4.2513252191048406e-07,1.048897246298234e-06,2.905698960010775e-07,-1.1433609772496824e-06,-2.440621029950748e-07,-9.310181785628132e-07,-1.2036193633517828e-06,-8.515364896914663e-07,-2.636667471234678e-07,-2.218992870248435e-07,-8.126826737614058e-07,8.18617125942169e-07,-8.339509095772787e-07,1.2051971158906513e-06,-1.916855779899782e-07,-1.0571007610519548e-06,-1.6936390037283626e-07,-2.9388746126090897e-08,6.183442477533935e-08,9.617809795509643e-08,2.1538827769290238e-07,-9.953485026618535e-08,7.335534751580619e-08,9.040886964597885e-08,-4.4013882201632343e-08,1.0130840146545217e-07,1.2383450459813078e-07,-2.846352123184701e-07,2.207157639825589e-07,1.2049873223002713e-07,1.1179448609228745e-07,-5.0477194279219254e-08,2.718728124067852e-07,-3.896308545588097e-07,-3.463055871048695e-07,2.141921876917285e-07,1.2798311950568462e-07,-4.470768513962409e-08,8.169843284511869e-08,1.0466103793934147e-07,3.706648569584701e-08,-7.095967727970358e-08,2.2170115478546874e-08,4.4585330804233284e-08,-3.527931141570331e-07,1.3756621003194177e-07,-2.1112008091740106e-07,2.1119062301103347e-08,8.841927179577846e-08,-1.4418346049770397e-08,4.20982820069574e-07,no movement,no movement,no movement,no movement
9966.666666666662,0.0334961432110853,0.3105454978281701,-0.3019265712,0.0410503530449781,0.330641069892883,-0.2935594141666666,0.0431423743740429,0.3304556096954861,-0.2817635048999999,0.0426192774321945,0.3304791872289197,-0.2867524130666666,0.0259029959092632,0.3396759885533991,-0.3180369236666666,0.0273076081082304,0.3375616910404825,-0.3309289733,0.0318877791692303,0.3279478291222033,-0.3107776783000001,0.0515390911044018,0.3356728201536855,-0.1861444503333332,-0.0454355910997079,0.2980596224703105,-0.2424593033,0.0464903270926103,0.3099920576684088,-0.2464730241333333,0.0228415183081592,0.2804735846002872,-0.2908326289,0.1014829590183552,0.2160498810293043,-0.0422507640633333,-0.1201432552321829,0.2547429724618466,-0.0896655638433333,0.139432007982426,0.0430217118104733,0.0009001283765999,-0.1567022628187193,0.0080666878549517,-0.1301211272333333,0.1587583147651413,-0.1439841855257523,0.0017418413115666,-0.1063846241695731,-0.1545879209999218,-0.1727197427333333,0.1537739337683087,-0.1855597941614853,0.0058290337495666,-0.0715868200838099,-0.1877009595056591,-0.2176730623333333,0.128162215990279,-0.1927827839344225,-0.01561817092,-0.0350523679498443,-0.1589598677524262,-0.2278126433,0.1540425384264614,-0.1703871446177112,-0.0058633418382666,-0.0864732324773298,-0.1512566160358859,-0.178477049,0.0702462761769827,-0.1633030006449416,0.0610706051599999,-0.0677106056468457,-0.1665134593573325,-0.0601682060099999,0.0795909055518296,-0.4931417018596926,0.0557882980866666,-0.0391607925931942,-0.4432607079813253,-0.0894180449933333,0.0739603452657931,-0.7733161668064543,0.2095650678,-0.0827193246053626,-0.7829267933432249,0.0518350763933333,0.0574640220434341,-0.8036978225772085,0.2283882375333333,-0.086229517019887,-0.8127663631129146,0.0245151348366666,0.1014247432229379,-0.8323988030958054,0.1884670510333333,-0.062065000005524,-0.8398239092907909,-0.0620632965766666,nijmegen_nijmegen_rennen_g_ch1_g11_compr.mp4,ch1g11,3.954536901440334e-06,1.0368076707870753e-05,4.1303554579482966e-06,6.593170062573343e-06,1.6433493777725474e-05,9.93629705556782e-06,4.102872401200306e-06,5.979651173828865e-06,1.970891324681342e-06,2.0709603021085692e-06,1.607910709613413e-05,2.4178838760852345e-06,4.657420629803973e-06,3.98329349534115e-06,7.19556676045323e-06,1.1047252278347397e-06,1.5884988939150103e-05,1.907123950923395e-05,2.090658398366893e-06,4.390179135693754e-06,1.332857300911406e-05,3.929748307659823e-06,4.835929237527945e-06,3.892478911600774e-06,1.6338629147328593e-05,1.526160911859421e-06,4.553028673939382e-06,1.7100472481112824e-05,4.005973904728766e-06,1.934658004301661e-05,1.447462865158826e-06,6.19651219456217e-06,1.130947923197644e-05,2.2252398661172277e-05,1.6471844309384348e-05,-4.388229285254354e-05,-5.362465678414097e-05,-5.42162424974352e-05,-5.5021082941297345e-05,-5.746159823067372e-05,-5.347780604520371e-05,-4.840809666461054e-05,-6.858051466354347e-05,-5.390058765785297e-05,-4.851724568989745e-05,-4.6635838363900013e-05,6.7461942365947354e-06,-2.560033456336894e-05,9.305796073640276e-05,3.852649352823565e-05,0.0001692253203694,9.899726476064092e-05,0.0001704519984419,0.0001212597419187,0.0001718720133924,0.0001638672534268,0.0001445912000346,0.0001034808671001,1.7658714707886124e-05,-1.6079158177195442e-05,6.517281105286188e-06,2.840231467759317e-05,0.0002185084210243,1.184592401542494e-05,0.0002195437648936,1.5666903376899387e-05,0.0002307072793834,2.465592718982303e-05,-8.955690202914426e-07,-6.342040316670241e-08,-9.947758957786938e-07,3.722974265247196e-07,-3.333082231715084e-07,-1.0245934097769443e-07,-9.734837729331574e-07,-6.953451073785967e-07,-9.761467399431344e-08,4.661472436309034e-07,7.358339080714678e-07,5.966984234403388e-07,-1.026266302318635e-06,-9.81758273130859e-07,3.4378599255129313e-09,-2.949451206586709e-07,-2.4919814981539335e-08,7.057817671850914e-07,5.01067505577912e-07,-9.77410304265569e-07,-3.586595200123735e-07,-8.13548296944711e-07,-1.0571258124742828e-06,-7.684393921148604e-07,-2.0187715297868653e-07,-1.872814899278833e-07,-7.250878765991472e-07,4.832120365349433e-07,-6.364091787269132e-07,9.763541751623669e-07,-1.593715479857495e-07,-9.183890186818644e-07,-2.376394855579409e-07,7.684366722828109e-08,-5.950140917632415e-09,1.919552436640657e-07,1.758992968379015e-07,-1.2669629649253436e-07,9.290442311124586e-09,1.8331367660239505e-07,1.5167219331813183e-08,1.0931346070270509e-07,4.0666637057691556e-08,-2.2544597214978634e-07,1.162214300013474e-07,2.0874720918959467e-07,2.0751209815190138e-07,-2.71275236444393e-08,3.257080729340735e-07,-3.612585240494847e-07,-2.580880212974861e-07,1.2231639411476986e-07,2.1438483310432698e-07,-1.0302036558834386e-07,1.6228006212537565e-07,1.9577629072721366e-07,1.0780167943021173e-07,-1.053594869764474e-07,3.234319200178839e-08,9.905316968036209e-08,-2.6991315613857896e-07,1.9327563196217993e-07,-1.6458683754241645e-07,3.0845424729567694e-08,1.389531048945735e-07,-7.279129844432597e-08,3.233650896444704e-07,no movement,no movement,no movement,no movement
9983.333333333328,0.0334479718789388,0.3105239783654546,-0.3017936459,0.0410049066253062,0.330609086172611,-0.2933898498666666,0.043100134037052,0.3304231561003423,-0.2816003749333333,0.0425744619798546,0.3304461631779541,-0.2865846538,0.025847759212774,0.3396441167922626,-0.3178634811,0.0272536923030805,0.3375339147633001,-0.3307532339666666,0.0318350744807853,0.327924680038209,-0.3106026314,0.0515565634128342,0.3356256051027921,-0.1859279155999999,-0.0455069522591423,0.2980379548702487,-0.2422082853,0.0464540504713434,0.3099652147338366,-0.2463348387,0.0227914171832886,0.2804520289593608,-0.290682907,0.1014988222525234,0.2160709329922059,-0.0419455124099999,-0.1201808253929569,0.2547503617924029,-0.0894899875766666,0.1394957231144693,0.0431299551674781,0.0013460246392666,-0.1567875183747469,0.0081395355273659,-0.1299225886333333,0.1589816582719645,-0.1438071862326665,0.0021889830165666,-0.106513629732388,-0.1544663139862028,-0.1724705098666666,0.1540396684448841,-0.185384427386697,0.0062675602774666,-0.0717146530279552,-0.1875660528099019,-0.2173948839999999,0.1284372124269576,-0.1926127022163066,-0.015204826632,-0.0351822026537367,-0.1587829221897834,-0.2275354906666666,0.1542634983967522,-0.1702345694859161,-0.0054258702655999,-0.0865872597912986,-0.1511315272394243,-0.178002775,0.0702612186425404,-0.163285728876199,0.0610774695066666,-0.0677286763152714,-0.1665291284812863,-0.0601734519633333,0.0796856319531648,-0.4931303651549117,0.0561496776933333,-0.0391679833716527,-0.443226294631823,-0.0894474188066666,0.0740729769017086,-0.7730885623624995,0.2098649179000001,-0.082719632203007,-0.7829326780468407,0.0515746552566666,0.0575712682599011,-0.8034680107100433,0.2286968529666666,-0.0862190130767662,-0.8127721656284722,0.02425194916,0.1015013217802667,-0.8321545779950756,0.1887910554333333,-0.0620461083485462,-0.8398186088514745,-0.0623503673233333,nijmegen_nijmegen_rennen_g_ch1_g11_compr.mp4,ch1g11,3.0071817169716094e-06,1.0420386692733378e-05,3.176949885005769e-06,7.108177290583469e-06,1.591136236248743e-05,9.979309611129215e-06,3.169736262294084e-06,5.346472651686589e-06,1.918872842790256e-06,2.6660025238065875e-06,1.6416105923680922e-05,3.198526986536526e-06,3.687947277039265e-06,3.0541921466038515e-06,6.941237264633536e-06,6.580075137042192e-07,1.5729502358103156e-05,1.9363676549570484e-05,2.814549747630973e-06,3.4812847672574886e-06,1.3000188792095996e-05,3.176337993237944e-06,3.816703981334037e-06,3.1562953625901123e-06,1.5943505794682328e-05,1.3363054134194038e-06,3.871863175081092e-06,1.7199139506452234e-05,3.4707991075941226e-06,2.001063454665557e-05,1.2872006238448084e-06,5.318569318811714e-06,1.1117325741465514e-05,2.242993129162024e-05,1.619002987356597e-05,-2.830343842733936e-05,-3.697631078014094e-05,-3.6696488865252955e-05,-3.757308712187485e-05,-3.6399654134644903e-05,-3.266837507447085e-05,-2.8736453527509056e-05,-5.0628530791446736e-05,-2.5099923987596743e-05,-3.206597083261691e-05,-2.836269128008101e-05,1.5995843862123294e-05,2.352698062058015e-06,0.000101281633091,7.469204310959687e-05,0.0001784532272485,0.00012111636151,0.0001773072856062,0.000136692809006,0.0001733597827413,0.0001777492644822,0.0001539492718245,0.0001246685402046,1.7484096051201986e-05,-1.6047970516313965e-05,1.6855883223956063e-05,3.231819034711273e-05,0.0002309799805338,3.316955011644684e-05,0.0002308926916482,3.8933437363975773e-05,0.0002354692362098,2.7511317860773e-05,-7.445990721125657e-07,-1.284321460934324e-07,-7.331482659481027e-07,5.356979935793772e-07,-3.405056247387356e-07,-1.4890263676447733e-07,-7.241372904490512e-07,-6.256564888242921e-07,2.152707642539516e-08,4.614312195396487e-07,5.484643051645201e-07,7.22765234888159e-07,-7.410105848629477e-07,-7.04156239565576e-07,-4.532646557500252e-08,7.390201388825955e-08,-3.672870620668325e-07,5.044916995906324e-07,6.387695931448281e-07,-6.907321329409646e-07,-5.19491383258166e-07,-5.870070939475753e-07,-7.840811091146958e-07,-5.882775602471456e-07,-1.9913695134756327e-07,-1.4481564581240968e-07,-5.563234461337953e-07,2.565989171595462e-07,-3.591749750448668e-07,8.499888330188366e-07,-1.1919917198460361e-07,-6.942370611047111e-07,-3.625129888964078e-07,1.7827379536357422e-07,-5.7417693392808674e-08,2.75150916594041e-07,1.038634500762252e-07,-1.6048398529020465e-07,-3.7915433431625704e-08,2.6531780552349937e-07,6.352141897568203e-08,1.0373885464766226e-07,-4.3674714899206875e-08,-1.3103381152446746e-07,-5.755571867183106e-09,2.827394344449283e-07,2.8863751838711e-07,1.1098273923861925e-08,3.332356939843757e-07,-2.812577820739186e-07,-1.3494785859592078e-07,1.0869922929708825e-08,2.864468616650921e-07,-1.171778584371033e-07,2.343492161636028e-07,2.737775303485646e-07,1.72923207791375e-07,-1.5011354765075438e-07,3.7052418419749355e-08,1.504105414259548e-07,-1.5123419716267733e-07,2.168704748679135e-07,-8.901522517353332e-08,3.5515777795109765e-08,1.765519105756238e-07,-9.951251968562232e-08,1.9256002142660806e-07,no movement,no movement,no movement,no movement
9999.999999999996,0.033405608188057,0.3104969115678453,-0.3017391562666666,0.0409709015179174,0.3305717477180892,-0.2932817737333332,0.0430700316224164,0.3303851213395349,-0.2815005331999999,0.0425412535829528,0.330407332745057,-0.2864780071999999,0.0258023406724182,0.3396044886160043,-0.3177668589666667,0.0272100862220539,0.3374993303543787,-0.3306544243666667,0.0317934623356224,0.3278955605551877,-0.3105019542,0.0515756123759877,0.3355745793539841,-0.1857313782333332,-0.045577380697348,0.2980128748916139,-0.2420187375333333,0.0464145269191572,0.3099324938894196,-0.2462598625333333,0.0227378097131559,0.2804241111176671,-0.2906128139,0.1015010417995773,0.216096082096079,-0.0416449386666666,-0.1202186432778169,0.2547489231147508,-0.0893709345,0.1395509418903163,0.0432577835852045,0.0018225912172666,-0.1568661422161438,0.0082063786661968,-0.1297399366666666,0.1592219265534711,-0.1436040593393761,0.0026434194608999,-0.1066369803370358,-0.1543300608092359,-0.1722262077999999,0.1543273246041883,-0.1851844367217618,0.0067122439979999,-0.0718359465312398,-0.1874117486913002,-0.2171243425,0.1287396518041722,-0.1924184338534834,-0.0147871460896666,-0.0353047270336574,-0.1585845978532027,-0.2272666752,0.1545015637842287,-0.1700581604350959,-0.0049821826509333,-0.0866948027270915,-0.1509907535894684,-0.17644465,0.0702770746907769,-0.1632679359244249,0.0610877410033333,-0.067747610565879,-0.1665453323607073,-0.0601819649966666,0.0797680875117406,-0.4931241363164202,0.0567101523366666,-0.0392066660759343,-0.4431911800602172,-0.0894719190466666,0.074187454430039,-0.7728468339173498,0.2104958216333334,-0.0827218229731939,-0.7828966245816168,0.0513398822466666,0.0576814175789595,-0.8032292325565759,0.2293483908333333,-0.0862098755929604,-0.8127287497868398,0.0240229355733333,0.1015818495345393,-0.8319097536892739,0.1894782408333333,-0.0620353959471259,-0.8398010143656334,-0.0626033095666666,nijmegen_nijmegen_rennen_g_ch1_g11_compr.mp4,ch1g11,2.2569028236211023e-06,1.02086570480788e-05,2.3554082083604837e-06,7.81167693784478e-06,1.499987253519151e-05,9.757205171574752e-06,2.3599191753033533e-06,4.696253109611893e-06,1.939977732838756e-06,3.0686209824017416e-06,1.6974411952901415e-05,4.276680104104436e-06,2.8408513244476296e-06,2.2724283382628895e-06,6.830069865561274e-06,1.0251167519009987e-06,1.4707456167770558e-05,1.989058874595409e-05,3.767996807359812e-06,2.700032307011805e-06,1.2202576402571988e-05,2.456811079340739e-06,2.9146726176810745e-06,2.427060656837907e-06,1.5258210375784286e-05,1.1815110852009246e-06,3.1630254199969925e-06,1.748484595905314e-05,3.2494202704363272e-06,2.083506071753334e-05,1.1601495677550096e-06,4.574350422899743e-06,1.0574525356942391e-05,2.2751014656204015e-05,1.5716576720519167e-05,-1.0237789442707522e-05,-1.783999742779074e-05,-1.6678554403030315e-05,-1.77042146420566e-05,-1.2780879259783124e-05,-9.3549982531311e-06,-6.59550004410387e-06,-3.256522762980455e-05,3.576938575584797e-06,-1.4322445651142948e-05,-8.621750149148764e-06,2.35376353180369e-05,2.8399693364223967e-05,0.00010661729699,0.0001077676109524,0.000185417838184,0.0001347995343617,0.0001830248050779,0.0001432786537745,0.0001745800851906,0.0001797095411659,0.0001617178904642,0.0001364388617636,1.7170308034729956e-05,-1.5886138205262488e-05,2.822965677689981e-05,3.509849334688256e-05,0.0002425458088979,5.352092999061707e-05,0.0002406987670949,6.117976574102031e-05,0.0002305206727645,2.5724127924373903e-05,-5.163947541883748e-07,-2.462285423682498e-07,-4.188825863205033e-07,6.263388258200048e-07,-5.196209664217683e-07,-2.4312315644220444e-07,-4.193789014188649e-07,-5.259478070034444e-07,9.670147010812117e-08,3.6633851478347524e-07,4.711569772093619e-07,6.94526455155549e-07,-4.18669949635028e-07,-3.7526601654944777e-07,-9.220392360413404e-08,4.108842465771625e-07,-5.62282050723363e-07,4.507617555646941e-07,6.362061138501316e-07,-3.621108742939674e-07,-6.969025335281779e-07,-3.222493883451273e-07,-4.734126601020428e-07,-4.018353801421292e-07,-3.817422891816115e-07,-1.1406402867158479e-07,-3.930856830542988e-07,1.573910387831657e-07,-1.083606607263383e-07,8.253114209730786e-07,-8.881637090958925e-08,-4.908514370595701e-07,-5.157352322458365e-07,2.618736736665069e-07,-7.90461229598508e-08,3.4366876942860205e-07,1.6326359188239122e-08,-1.9053461452358858e-07,-5.572254763347301e-08,3.341520702821842e-07,1.0370761246007753e-07,8.895548790987453e-08,-1.0899894765150816e-07,-4.454957566139803e-08,-1.397758044254878e-07,3.428196091806791e-07,3.533544649606978e-07,4.9116821640084966e-08,2.742940698175137e-07,-1.6208145726682498e-07,-2.4425994956518012e-08,-1.1184352293764859e-07,3.4420093220783713e-07,-8.15889499472367e-08,2.979679201218595e-07,3.3837831729813233e-07,2.3254913956927785e-07,-1.9467825847866025e-07,3.7253505880235026e-08,2.006767303770647e-07,-4.054146981047673e-08,2.0920106263253465e-07,-2.3885872282979853e-08,3.5748008027705666e-08,2.034068027019578e-07,-8.674913713858393e-08,1.0281494298858005e-07,no movement,no movement,no movement,no movement
10016.66666666666,0.0333627091038393,0.3104905263345378,-0.3013787886,0.040932202351169,0.3305587797350122,-0.2928824434666666,0.0430342919520815,0.3303738471871569,-0.2811062911999999,0.0425030926927504,0.330395057781848,-0.2860863560333333,0.0257556167752604,0.3395974482532909,-0.3173802075999999,0.0271635371208892,0.3374948826161639,-0.3302620479666667,0.0317488543970821,0.3278931786480555,-0.3101180416666667,0.0515807702179188,0.3355553759595802,-0.1852816214333332,-0.0456513134758251,0.2980226263831796,-0.2416116805333333,0.0463727223887626,0.3099245102972262,-0.2458862695333333,0.0226828662286394,0.2804198980407188,-0.2902423988666666,0.1014720533866244,0.2161298246573621,-0.04115619275,-0.1202471475379323,0.2547928788954698,-0.08915350247,0.1395712839593905,0.0433825002625298,0.0024050092169333,-0.1569345071596614,0.0083572687326381,-0.1295403783333333,0.159431127196719,-0.1434087975035467,0.0032922388368999,-0.106735560466263,-0.1541898059631108,-0.1719289956999999,0.1545880053227704,-0.184991334158982,0.0074088160243333,-0.0719303019429721,-0.1872656989353269,-0.2167753329666666,0.1290323174857892,-0.1922373486871438,-0.0141001239126666,-0.0353921811754701,-0.1584027393417008,-0.2268975083666666,0.154724868599698,-0.1698869643377734,-0.0043317915292666,-0.0867833120299026,-0.1508500158470773,-0.192801088,0.0702832718415744,-0.1632516978351086,0.0611076462233333,-0.0677557717185226,-0.1665603314561567,-0.0602004303266666,0.0797950129547276,-0.4930884357406468,0.0571060830166666,-0.0392339355543761,-0.4431486670720768,-0.08954370855,0.0742027117067897,-0.7726146237109642,0.2108182241666667,-0.0827333382547291,-0.7828290440148543,0.0511971559433333,0.0576903056871854,-0.8030008923140901,0.2296736314999999,-0.0862146887863402,-0.812652300034989,0.0238957716099999,0.10161300422144,-0.831700951006347,0.189951912,-0.0620089092712727,-0.8397724381081163,-0.06259779564,nijmegen_nijmegen_rennen_g_ch1_g11_compr.mp4,ch1g11,1.929360057703302e-06,9.707590517392572e-06,2.078596627246718e-06,8.437010654963681e-06,1.427012441895439e-05,9.264640951089045e-06,2.068401198982977e-06,4.238911368402604e-06,2.136063626938274e-06,3.3624517884502747e-06,1.7432001394905484e-05,4.817706222415489e-06,2.564119203121423e-06,2.0444962648219854e-06,6.6801564029337565e-06,1.649545360233016e-06,1.3873370837221791e-05,2.0329550123754227e-05,4.294956597784785e-06,2.4683522426231026e-06,1.1139529074655412e-05,2.229628146476979e-06,2.5941774268548135e-06,2.1361792333990698e-06,1.4635527404788897e-05,1.1007036802401609e-06,2.847243280529786e-06,1.7591940019169964e-05,3.3558469106186587e-06,2.158522356331629e-05,1.1008536930246817e-06,4.242406791748787e-06,9.749766408457014e-06,2.2793010017351183e-05,1.5252714990885454e-05,4.150957971859341e-06,-1.69019137990447e-06,2.0111226434408626e-07,-8.213285628013246e-07,7.005325669687754e-06,9.97286321941498e-06,1.1743570665307883e-05,-1.6062907440606936e-05,2.7458810387986717e-05,5.830847720839225e-07,7.440928999633139e-06,2.959966440632756e-05,4.9321120644436625e-05,0.0001075505041584,0.000131771645265,0.0001853836424815,0.0001389732970431,0.0001829141541943,0.0001417014625805,0.0001701926410358,0.0001727234319538,0.0001627039444336,0.00013919743702,1.674153871216434e-05,-1.5583835683027772e-05,3.795507923984023e-05,3.435090343831306e-05,0.0002412207004491,6.485138343040552e-05,0.0002373217071062,7.351860658524606e-05,0.0002183935941927,2.2262402673137237e-05,-1.706003609648633e-07,-3.674801132851904e-07,-4.7463901951470216e-08,5.416047500834754e-07,-7.392701390336325e-07,-3.388247033412545e-07,-5.7996159869693024e-08,-3.547311835537757e-07,1.4410335119824749e-07,2.142434223719191e-07,5.253373210868552e-07,4.770582128859779e-07,-5.5868529458604285e-08,6.333356602377505e-09,-6.662493444705471e-08,6.289344074752171e-07,-6.034873562004218e-07,5.600342723289365e-07,4.5248754675942977e-07,2.357036969618264e-09,-7.943095531390655e-07,-9.112790967037891e-09,-1.124633728681452e-07,-1.6776451458992293e-07,-6.127926608232139e-07,-7.891167022852183e-08,-1.9954415744068977e-07,2.233103552123756e-07,9.323271301185604e-08,9.058045323121986e-07,-5.502936928225339e-08,-2.961714805378492e-07,-6.239401268795608e-07,3.082300111395549e-07,-6.693898808660165e-08,3.7527077873033924e-07,-6.899356270805096e-08,-2.291154946729349e-07,-4.1581710089955e-08,3.679140338187101e-07,1.2072548038112738e-07,6.661608193917103e-08,-1.5035573017027416e-07,1.9941933279830082e-08,-2.3787401643450835e-07,3.675339969084466e-07,3.7994313681207425e-07,8.28095876296303e-08,1.7703960247776508e-07,-4.8766620429586286e-08,5.435019567374177e-08,-2.045963472841318e-07,3.668788111507841e-07,-8.847713471882234e-09,3.3080849490325865e-07,3.672138249592725e-07,2.681439166438083e-07,-2.445778108800752e-07,3.26979742373212e-08,2.333126276794323e-07,4.7827884980483424e-08,1.742994599565132e-07,1.5486230291573967e-08,3.123472518433084e-08,2.1142691258873594e-07,-3.929615864860121e-08,1.3559452129899548e-07,no movement,no movement,no movement,no movement
10033.333333333328,0.0333221591040027,0.3105128869268507,-0.3008584867333334,0.040900498589493,0.3305788374323011,-0.2923284719333333,0.0430053595021261,0.3303964810492392,-0.2805566737666666,0.0424716249428098,0.3304163188050988,-0.2855407434666666,0.025718665767285,0.339629229486049,-0.3168320166999999,0.0271260039088392,0.3375288399821228,-0.329707842,0.0317137622449202,0.327927394453479,-0.3095732591666667,0.0515876690161209,0.3355615307293986,-0.1847196514666666,-0.0457122905331531,0.2980786348934709,-0.2410703357333333,0.0463306528350213,0.3099461433208604,-0.2453736198999999,0.0226289702276079,0.2804478273986825,-0.2897229255,0.1014386997273012,0.2161742553392388,-0.0406270841833333,-0.1202705731781136,0.2548685846189368,-0.0888226554666666,0.1395944589757054,0.0435009189761251,0.0029828277726,-0.1569884329372937,0.008520059276379,-0.1292904272666666,0.1596466578945986,-0.1432145085136197,0.0039211357312333,-0.1068262967174719,-0.1540485283506754,-0.1716133940666666,0.1548577255954361,-0.1848011469911003,0.0080794591596666,-0.0720186554751105,-0.1871203169794184,-0.2164120888666666,0.1293334671512067,-0.1920584714521669,-0.0134361526316666,-0.0354736118660853,-0.1582276592966333,-0.2265213786999999,0.1549569557725494,-0.1697166942803097,-0.0037013947922666,-0.0868645188022469,-0.1507088756345163,-0.192481413,0.0702880162217875,-0.1632343748639793,0.0611261327299999,-0.0677620709277771,-0.1665766709811677,-0.0602171597366666,0.0798326297964406,-0.4930511178607565,0.0574988335433333,-0.0392913572408234,-0.4431219196093178,-0.0896093918766666,0.0742471166607111,-0.7723701204246468,0.2111597667,-0.0827434899518742,-0.7827316331046497,0.0511396284366666,0.0577316110383572,-0.8027623133341021,0.2300242861333332,-0.0862118809429115,-0.8125420723445358,0.0238603987999999,0.10169882007025,-0.8314909730010507,0.1904814580666666,-0.0620075823097268,-0.8397413218916339,-0.0624694107899999,nijmegen_nijmegen_rennen_g_ch1_g11_compr.mp4,ch1g11,1.8651331989790385e-06,9.23351284706428e-06,2.1460985479259375e-06,8.997645728313348e-06,1.3675735289566022e-05,8.831074379828543e-06,2.118900204925043e-06,3.923192495691282e-06,2.3791387863700696e-06,3.481756282674745e-06,1.8056917285770685e-05,5.236158123275931e-06,2.6242938386886987e-06,2.1711854609199797e-06,6.737713735301225e-06,2.7533651415110644e-06,1.3175323561036456e-05,2.0985929268461483e-05,4.664616658344969e-06,2.590252887463487e-06,1.0202388158167765e-05,2.308119808593203e-06,2.594622227453245e-06,2.008115107346899e-06,1.4212808910987215e-05,1.04604686265618e-06,2.6724831660661316e-06,1.793147257944997e-05,3.5721654850333717e-06,2.247606019946378e-05,1.06955761666545e-06,4.003180443695874e-06,8.993756497782625e-06,2.309003861832131e-05,1.4958695989609088e-05,1.5854825768971337e-05,1.1049161187708052e-05,1.3349099513974994e-05,1.2292610005225604e-05,2.195136304667956e-05,2.4663689402818965e-05,2.6022066792217105e-05,-5.4329266267537966e-06,4.3734336265064294e-05,1.2203098466423986e-05,1.9865432232827824e-05,3.324272179525885e-05,6.30668590059321e-05,0.0001082137468072,0.0001467788940912,0.0001846016648289,0.0001377109282933,0.0001821425053016,0.0001359476326348,0.0001658365726862,0.0001615732965461,0.0001624860100303,0.000136654574965,1.6361626132782007e-05,-1.5284977751129177e-05,4.575332432623957e-05,3.433649801471211e-05,0.0002331455714434,7.286432588101858e-05,0.0002266304426552,8.190466929694565e-05,0.0001984697775129,1.3843851091015592e-05,2.027986528446599e-07,-4.55037994424385e-07,3.34117375411991e-07,3.618350587941842e-07,-1.079576670651828e-06,-3.98410120773151e-07,3.182763377895743e-07,-2.2065275630376798e-07,1.6664908590889257e-07,3.0175320141157035e-08,6.632433831428447e-07,1.3889991992536526e-07,2.99871243525793e-07,3.913382469079342e-07,2.8565401527796665e-08,7.563143634523524e-07,-5.620177457948146e-07,7.556688291105423e-07,1.5555882146242153e-07,3.58793211809441e-07,-7.871529125122291e-07,3.136842979572606e-07,2.4722583110651724e-07,7.813956082762124e-08,-9.73989773211217e-07,-5.1055511573356956e-08,1.4267287487893086e-09,3.954768208806954e-07,2.0278932466628198e-07,1.0373603658800235e-06,-2.8442786170166173e-08,-1.3291429379932358e-07,-6.622073877072398e-07,3.1411540819342514e-07,-3.196900958092447e-08,3.6982827931626355e-07,-1.39794000578807e-07,-2.395789842348152e-07,-7.084234339542714e-09,3.654268044690777e-07,1.1736105173695709e-07,4.1338569986409355e-08,-1.5768957916318753e-07,4.6254654161413935e-08,-2.9084914364152005e-07,3.5940458076654506e-07,3.690388518887247e-07,9.773228414863529e-08,5.7954548181684815e-08,4.0571088959372976e-08,8.311692005863161e-08,-2.5630607048495996e-07,3.561985557008477e-07,7.82967027355619e-08,3.3224949996739226e-07,3.628997633473884e-07,2.817002879165385e-07,-2.668516876464739e-07,2.6555445671470415e-08,2.5079914503374666e-07,9.132185266014905e-08,1.2551935698390285e-07,1.8520809239345335e-08,2.4684253095298263e-08,2.1028859695602055e-07,2.518613347008828e-08,1.9610114815983178e-07,no movement,no movement,no movement,no movement
10049.999999999993,0.0333090463859881,0.3105252326723153,-0.3004545639333333,0.0409027537458486,0.3305842744926937,-0.2918635288999999,0.0430118408092966,0.3304037255288667,-0.2800982703333333,0.0424742695037539,0.3304220686275064,-0.2850837934,0.0257078966820646,0.3396437299615744,-0.3163830367666667,0.0271166456330017,0.3375473289535186,-0.3292547811333333,0.0317073609772086,0.3279485748076043,-0.3091251544333334,0.051627306971543,0.3355474914294043,-0.1841987187999999,-0.0457628813232053,0.2981203503315688,-0.2405841073666666,0.0463102252638545,0.309953929368975,-0.2449584377666666,0.0225906247180614,0.2804645641295196,-0.2893142492333333,0.1014155051581821,0.2162049896684679,-0.0401134828166666,-0.1202870428253791,0.2549314145447225,-0.08853322003,0.1396344048574137,0.0436078618783374,0.0035641442509333,-0.1570266899317378,0.0086648028028544,-0.1290549209,0.1598993118556866,-0.1430070858167924,0.0044927316085666,-0.1068890591750366,-0.1539008556208244,-0.1713036714666665,0.1551715777897595,-0.1845972021415994,0.0086778097609999,-0.0720745277730566,-0.1869707752307143,-0.2160631448999999,0.129680573832368,-0.1918639971220935,-0.0128458795416666,-0.035518799951237,-0.1580462370775099,-0.2261715063666666,0.1552231797387159,-0.1695342717411085,-0.0031310695842666,-0.086911436722322,-0.1505617429017474,-0.194901586,0.070292783118104,-0.1632165080048148,0.0611490726933333,-0.0677683598497159,-0.1665935835499026,-0.0602384998166666,0.0798942638528421,-0.4929803644372714,0.0579819935133333,-0.0393635613056255,-0.4430728584478354,-0.0896912352633333,0.0743572028087467,-0.772058489241076,0.2117130771000001,-0.0827665396562561,-0.782619611140632,0.0509098793533333,0.0578418980113661,-0.8024573982349594,0.2305967862333333,-0.0862207149163823,-0.8124175910465178,0.0236382613533333,0.1018624566870233,-0.8312382787192084,0.1911745443666667,-0.0620122341841876,-0.8397061348807553,-0.0626800103566666,nijmegen_nijmegen_rennen_g_ch1_g11_compr.mp4,ch1g11,2.197882891312405e-06,8.661670728834866e-06,2.652731010057577e-06,9.34843566102854e-06,1.2575416971856285e-05,8.320332348824129e-06,2.6035464092667487e-06,3.784049794080669e-06,2.4611461982910377e-06,3.287503711018753e-06,1.8850199229946943e-05,5.2507319517472075e-06,3.0886957172112235e-06,2.7325444618566327e-06,6.798126313224017e-06,3.5932202603203872e-06,1.2887271460593047e-05,2.1920931148969287e-05,4.714050359091102e-06,3.1057991461030115e-06,9.33795858826674e-06,2.7593063561690104e-06,3.0108262551584215e-06,2.1801649967995034e-06,1.3222188862933196e-05,1.0057927088355633e-06,2.7466102407881497e-06,1.8474265795025945e-05,3.895960261640173e-06,2.3643533593989374e-05,1.0518296797917043e-06,3.958948227654942e-06,8.263536475759433e-06,2.345060355638974e-05,1.4037398231692422e-05,2.609131666150436e-05,2.20282699349488e-05,2.4546439045303363e-05,2.351835051410863e-05,3.395082124639578e-05,3.652843603130702e-05,3.778761065090853e-05,2.7450549960049166e-06,5.448610844284936e-05,2.1794406206190316e-05,2.9662841276799456e-05,3.5257854490449946e-05,7.022087463249676e-05,0.0001098899767156,0.0001528999527878,0.0001850915834049,0.0001330156159335,0.0001833923624096,0.0001288683492039,0.0001645100893324,0.000150032972796,0.0001631362693087,0.0001312427830314,1.618663668720437e-05,-1.5126766947082173e-05,5.28571153655672e-05,3.294904267767003e-05,0.0002165185615982,7.321661845167714e-05,0.0002068294710318,8.208348161143134e-05,0.0001799269621534,6.03995428289075e-06,5.059230187890051e-07,-4.811785279440371e-07,7.479657068780791e-07,1.7036559000605925e-07,-1.5083824930480038e-06,-4.003011875675813e-07,7.29403843333731e-07,-1.477485927956655e-07,2.081538810509562e-07,-1.744539015745052e-07,7.396481970136463e-07,-2.63270683693216e-07,6.895531920262735e-07,7.977578974237026e-07,1.6880027697671837e-07,7.639149177690172e-07,-5.58819949592191e-07,8.688063718625065e-07,-2.0843486984133985e-07,7.422521594147386e-07,-6.764636815214583e-07,6.812985914383219e-07,6.455065810156742e-07,3.830316795431696e-07,-1.428805862475949e-06,-2.7484443393788458e-08,2.6083056950497874e-07,5.145799472448683e-07,2.830720811131926e-07,1.0615861535283787e-06,-6.892329108584631e-09,6.213446242520241e-08,-6.108788922933368e-07,2.793023459571016e-07,1.8767572359155435e-08,3.2865722758414805e-07,-1.8155774630867108e-07,-2.035137172689654e-07,4.004088537433807e-08,3.27136801954403e-07,9.736552066588845e-08,2.330633583995518e-08,-1.3038955824806866e-07,3.02596181788884e-08,-2.8264638149928776e-07,3.214316583579943e-07,3.229527560975994e-07,9.387183507751137e-08,-4.278811620348996e-08,7.751245451841004e-08,5.6741065773894725e-08,-2.541377531584115e-07,3.153808710733346e-07,1.5935967930570924e-07,3.029627721261466e-07,3.276961827417204e-07,2.721715798156779e-07,-2.3847374786876715e-07,2.1509285901973412e-08,2.520674855535767e-07,8.373826254039584e-08,7.496965913970625e-08,-2.042531831949027e-08,1.8690270972569868e-08,2.0365822384150415e-07,9.182333075751037e-08,2.216742092599941e-07,no movement,no movement,no movement,no movement
10066.66666666666,0.0333264671528976,0.3105636295742533,-0.2999734740666667,0.0409330685072511,0.330619583321961,-0.2913266738333332,0.0430450251324987,0.3304421981564953,-0.2795669863,0.0425042551483806,0.3304594317992029,-0.2845571595333333,0.0257274520269426,0.3396937252941754,-0.3158650846333333,0.0271378896690636,0.3375996723348651,-0.3287331461333333,0.0317307852696825,0.3280011380199124,-0.3086111865666667,0.051674323566998,0.3355548231509926,-0.1836063548999999,-0.045791997210499,0.2981883835954572,-0.2400451626666666,0.0463117287695468,0.3099842159168962,-0.244462166,0.0225769513454823,0.2805049478504319,-0.2888292074999999,0.1013908573020416,0.2162354482700186,-0.0395585951766666,-0.1202718526440204,0.2550056980502425,-0.0882071118433333,0.1396665745778774,0.0436974532686782,0.0041235887895999,-0.1570633456675157,0.0088134121783035,-0.1288471331666666,0.1601452982553366,-0.1428404043230276,0.0049869267102333,-0.1069449471097026,-0.1537653271127559,-0.1709785395666666,0.1554909053215751,-0.1844323570759189,0.0091994458204333,-0.072122278424413,-0.1868449315965927,-0.2156902005999999,0.1300461192773009,-0.1917163949949878,-0.0123181936443333,-0.035549932823505,-0.1579031578094981,-0.2257938121,0.1554948901720076,-0.1693859035135962,-0.0026355764199333,-0.086952387336469,-0.1504293547369603,-0.188198373,0.0702923150107173,-0.1632003136527463,0.0611885308066666,-0.067769154709867,-0.1666089942974414,-0.0602771561599999,0.0799496238010396,-0.492923634710201,0.0583507619866666,-0.0394176996426751,-0.4430494846722955,-0.0898066512133333,0.0744319647062075,-0.77184488651044,0.2120870674333334,-0.0827893990301076,-0.7825142937171555,0.0506801070466666,0.0579157382978992,-0.8022528622334906,0.2309805571999999,-0.0862298258602945,-0.8122991163533545,0.0234168399066666,0.1020099759384088,-0.8310840211517458,0.1917106802,-0.0619513090771136,-0.8396883043251828,-0.0628663403099999,nijmegen_nijmegen_rennen_g_ch1_g11_compr.mp4,ch1g11,2.6770850560012843e-06,7.82331928530061e-06,3.3747580095758828e-06,9.074203316848952e-06,1.1275135887542966e-05,7.571190166965869e-06,3.298594217924289e-06,3.660412984716043e-06,2.560045546301405e-06,2.991602955658889e-06,1.912489382298194e-05,4.614101373071673e-06,3.7452378657609017e-06,3.5006047018019505e-06,6.787646188194889e-06,4.236993804111601e-06,1.232825478335051e-05,2.2305662198545392e-05,4.192385747659226e-06,3.800220010571674e-06,8.402483963102714e-06,3.3823965533934863e-06,3.631804071824873e-06,2.492023408700593e-06,1.1899993163671672e-05,1.0024299548007796e-06,2.904456032829492e-06,1.85354630711144e-05,4.028337071427829e-06,2.418771357120125e-05,1.0606319764986862e-06,3.8933238234009974e-06,7.393099354252879e-06,2.3090712906102127e-05,1.261689088296355e-05,3.547027561310836e-05,3.231121414847614e-05,3.50744346326283e-05,3.4140078387945605e-05,4.438875172604426e-05,4.682381220132822e-05,4.795924414100237e-05,1.066754493518024e-05,6.138666270160222e-05,3.047027481003723e-05,3.7703640108737955e-05,3.584260169465754e-05,7.090001768361818e-05,0.0001097221395917,0.0001494440585063,0.0001780500139991,0.0001243813188856,0.000176323110361,0.0001185603527996,0.0001549853358433,0.0001361599250531,0.0001561444581638,0.0001224645850144,1.5682527609411865e-05,-1.4636695972261052e-05,5.567245769313118e-05,2.855194286933083e-05,0.0001856123803729,6.0113823548967416e-05,0.000172994469451,6.743085188862486e-05,0.0001539147626201,-4.1320716105088685e-06,7.388340810188333e-07,-4.250771514049394e-07,1.064946350067692e-06,-3.8560233044033717e-08,-1.7320647417872945e-06,-3.247171078808756e-07,1.0470841451929444e-06,-7.857356896716012e-08,2.423694780303637e-07,-3.0434163292713773e-07,7.723246385908714e-07,-6.424780326606029e-07,9.981355131863968e-07,1.103706438962575e-06,3.328616776046843e-07,6.511690596880017e-07,-4.704665970753154e-07,9.192239310906376e-07,-5.521451267441642e-07,1.0422118883692112e-06,-4.323542878391432e-07,9.915458613294064e-07,9.648873269490666e-07,6.739738463937098e-07,-1.6838618734171705e-06,-3.575625752904535e-09,5.301969908339572e-07,6.115467832625624e-07,3.0417073633530273e-07,1.0175809720070969e-06,1.3515754590587276e-08,2.500231350512853e-07,-4.556877713202706e-07,2.1548976459987167e-07,7.864518178341456e-08,2.619848320630114e-07,-1.806952962051393e-07,-1.168471241133263e-07,9.331466651713105e-08,2.6261712518437997e-07,6.988758393384218e-08,7.367274843118171e-09,-8.031103755951187e-08,-5.020701177472104e-09,-2.118963638595789e-07,2.6297904683781074e-07,2.525528476312762e-07,7.015935337687284e-08,-1.089604708539732e-07,7.317960883135764e-08,5.347855037979463e-09,-1.9579076793900046e-07,2.539352758095564e-07,2.2234697638552127e-07,2.504506598223122e-07,2.7084686874281517e-07,2.441483367298529e-07,-1.5374882620172514e-07,1.7980988004997855e-08,2.399057837471064e-07,4.7523010476284057e-08,3.694865989554797e-08,-6.932448145251294e-08,1.3894097684285578e-08,1.9778614185036033e-07,1.5140863189400086e-07,2.1451486214106298e-07,no movement,no movement,no movement,no movement
10083.333333333325,0.0333869091206763,0.3106083623303833,-0.2993208975666667,0.0409943524552295,0.3306635176995397,-0.2906261662999999,0.0431091862562712,0.3304898374038171,-0.2788709242333334,0.0425662101911264,0.3305067722586889,-0.2838707305666667,0.0257819108394228,0.3397527295536571,-0.3152044148333333,0.027191719154659,0.3376596627681917,-0.3280675797999999,0.0317863281387811,0.3280605068231996,-0.3079555851666666,0.0517232460665111,0.3355786241332089,-0.1828427369333332,-0.0458065343199151,0.2982584283954947,-0.2394355799999999,0.0463445440584264,0.3100257947339178,-0.2437857674999999,0.0225974590113419,0.2805512888247006,-0.2881899794666666,0.1013645104508315,0.2162681941077799,-0.0388649807666666,-0.1202475690002821,0.2550821544025456,-0.0878655829433333,0.1396827376217087,0.0437915072551555,0.0047581376649333,-0.1570885651393901,0.0089582050838944,-0.1286513463,0.1604038011837006,-0.1426869676999303,0.0055516682235666,-0.106955386263447,-0.1536646689927009,-0.1707047550666666,0.1558411449253419,-0.1842770285174194,0.0097958359365333,-0.072129140392644,-0.1867588269489996,-0.2153854276333333,0.1304511110132267,-0.1915944041055946,-0.0117129212833333,-0.0355296348835631,-0.1578158253872052,-0.2254608193333333,0.155789945548738,-0.1692508251353814,-0.0020706369532666,-0.086952064715201,-0.150331882078006,-0.187926397,0.0702810972604465,-0.1631863249572319,0.0612465678499999,-0.0677582445738108,-0.1666218829208509,-0.0603340211033333,0.0799578711682932,-0.4928644615730397,0.0586494936366666,-0.0394368192859014,-0.4430437233060007,-0.0900048148566666,0.0743912487229483,-0.7717483526871084,0.2123741442666667,-0.0828411036119538,-0.7825098015156433,0.0501592261633333,0.0578756259577565,-0.8021731748907746,0.2312735949999999,-0.086283479224283,-0.8122928117891725,0.0228635009033333,0.1021199674210462,-0.8309917919003345,0.1922374139,-0.061898728156814,-0.8397171752556093,-0.0633482059899999,nijmegen_nijmegen_rennen_g_ch1_g11_compr.mp4,ch1g11,3.991085532907673e-06,7.700391281986913e-06,5.235213586020433e-06,8.991277749808788e-06,9.899615466630188e-06,7.560913382339e-06,5.133020534084706e-06,3.80175826401522e-06,2.908992185784928e-06,2.729731702720466e-06,2.0599730277143215e-05,3.882733505316561e-06,5.560706780304552e-06,5.404759941749456e-06,7.289320273708338e-06,5.0617399163828594e-06,1.2180324931767557e-05,2.4074608448743385e-05,3.563880385471904e-06,5.653424801477404e-06,8.437328594419653e-06,5.127999991761336e-06,5.407845867135e-06,3.800812053383654e-06,1.0498076457917776e-05,1.0757490293028912e-06,4.06635164363571e-06,1.9783747256374556e-05,4.553050940770907e-06,2.616237606289739e-05,1.1446733866628622e-06,4.683543824940575e-06,7.292147428189683e-06,2.4179949276760483e-05,1.108651670806655e-05,5.759781428263479e-05,5.390608717303638e-05,5.717259182009226e-05,5.630912954132733e-05,6.681949789757033e-05,6.951255201886228e-05,7.052919147021679e-05,2.4734969138526057e-05,7.737273815999552e-05,5.055625781945095e-05,5.7506832564132146e-05,4.0527577565768507e-05,7.479823387114498e-05,0.000116151765711,0.0001493435797765,0.0001782287108994,0.000124592808118,0.0001762049974915,0.0001178379251592,0.0001514727919656,0.0001352017080564,0.0001556459686671,0.0001229131330088,1.6115540688850853e-05,-1.4938274822017784e-05,5.961605760345503e-05,2.5134256397984096e-05,0.000154032741546,4.614640958294944e-05,0.0001382630239265,5.195125909306607e-05,0.0001335130594573,-1.3636115617968414e-05,9.21538534082945e-07,-2.60355987190446e-07,1.2833478044343295e-06,-2.080848581028856e-07,-1.6830550541528255e-06,-1.489734634891145e-07,1.2694634299809074e-06,-3.6000218593386226e-08,2.471261396578554e-07,-3.193851769360016e-07,7.400179842030809e-07,-8.112788966032926e-07,1.2266532662218262e-06,1.3106930067638349e-06,4.385858320854566e-07,5.059074583597564e-07,-3.050230385124812e-07,8.792169120384112e-07,-7.172741440038949e-07,1.2605773723563363e-06,-8.152981310942076e-08,1.214469692950315e-06,1.2000088467954432e-06,9.122382210712186e-07,-1.6837061774336924e-06,8.416773668371117e-09,7.842175728610628e-07,6.512361320790184e-07,2.9816401335887877e-07,9.061081869713504e-07,2.163738966079066e-08,4.469144242987163e-07,-2.050776751383184e-07,1.2172344785443246e-07,1.1606776600526439e-07,1.639072201355651e-07,-1.562305636299217e-07,1.641102511895577e-08,1.220774442757887e-07,1.6553855341782397e-07,3.7311239217648976e-08,-1.1093252661945222e-08,-1.8307657631316616e-08,-8.033213398495291e-08,-1.0080394029577149e-07,1.7627552030614493e-07,1.5236515503754718e-07,1.696489087652418e-08,-1.383305302410644e-07,2.7787537471505977e-08,-9.174177471820713e-08,-9.945865047505613e-08,1.6411533587228653e-07,2.341803839278051e-07,1.6564440275219736e-07,1.8469507712395278e-07,1.857552388269247e-07,-2.027973663341093e-08,1.609414539737551e-08,1.9899470600750737e-07,-3.660271115703168e-08,6.9541295198699525e-09,-1.5258890840407196e-07,1.0396300850478536e-08,1.7843041176926058e-07,1.7444551858871265e-07,1.9876438640781017e-07,no movement,no movement,no movement,no movement
10099.99999999999,0.0334721119145114,0.3106750474449979,-0.2986765366,0.0410869642373694,0.3307260365479447,-0.2899303962999999,0.0432047056646598,0.3305561208850556,-0.2781793494333334,0.042658729586267,0.3305722253257084,-0.2831881103333333,0.0258684814375185,0.3398313011437751,-0.3145457338333333,0.027278699737498,0.3377402278053534,-0.327404197,0.0318744876341939,0.3281408529131423,-0.3073014271666666,0.0517917833453512,0.3356103806764093,-0.1820805017999999,-0.0457910675768459,0.2983453679505853,-0.2388237710999999,0.0463948535697924,0.3100854164256617,-0.2431202523333333,0.0226378793771918,0.2806184216653892,-0.2875621418666667,0.101340841394809,0.2163058461528253,-0.0381760061466666,-0.1202146301476226,0.2551601136419212,-0.08752499356,0.1397223431796809,0.0439005160160673,0.0053872588402666,-0.1571020269412391,0.0091024177296445,-0.1284635827333333,0.160683788169844,-0.1425266379345833,0.0060940581432333,-0.1069595739327968,-0.1535529717764567,-0.1704422819666666,0.1562121883536702,-0.1841201230501232,0.0103623202156666,-0.0721305052722692,-0.1866617539847112,-0.2150916830333333,0.1308707526324042,-0.1914711376939958,-0.01113939382,-0.0355007619011969,-0.1577143316670193,-0.2251365283666666,0.1561033228419038,-0.1691111851763401,-0.0015299606435999,-0.0869445323840519,-0.1502236724827287,-0.188652739,0.0702686536239233,-0.1631721126751262,0.0613051496566666,-0.0677459204386135,-0.1666349591454346,-0.0603913903266666,0.079970519788903,-0.492802837375891,0.0589097128599999,-0.0394366443877255,-0.4430212869603802,-0.0901973989533333,0.0743782249950476,-0.7716450713512535,0.2125501761333333,-0.0828503176499589,-0.7824937375338294,0.04963746486,0.0578626248647122,-0.8020860419341483,0.2314480210333332,-0.08628808683705,-0.8122755507780626,0.02230843268,0.102231817579987,-0.8308941667101762,0.1926134968666666,-0.0618049912682137,-0.83974562477892,-0.0638342000366666,nijmegen_nijmegen_rennen_g_ch1_g11_compr.mp4,ch1g11,5.09394270069379e-06,7.621800413206939e-06,6.714037395016807e-06,8.689127683112424e-06,7.698069041492377e-06,7.601681453848608e-06,6.609990228744375e-06,3.826708024966462e-06,3.1467645334449355e-06,2.370362883951875e-06,2.145419688282256e-05,2.8745137441554556e-06,6.972275813521836e-06,6.9084539724867495e-06,7.770877483949534e-06,5.298687992858871e-06,1.1890539496096183e-05,2.510077387223336e-05,2.6750915025887035e-06,7.110356010272761e-06,8.657934391996641e-06,6.542426293162899e-06,6.792442640341859e-06,4.8895894775393165e-06,8.301590844218028e-06,1.06603503758978e-06,5.021424339843379e-06,2.0561055666113654e-05,4.838197152399333e-06,2.721492322922129e-05,1.151493095075555e-06,5.2554887517010785e-06,7.333104180828641e-06,2.483417662029024e-05,8.721956494504365e-06,7.633374917551324e-05,7.163957056392855e-05,7.502908712421204e-05,7.434080205044059e-05,8.407148601537695e-05,8.699267411037053e-05,8.807652754219675e-05,3.607144575464028e-05,8.695808419398451e-05,6.76620855060789e-05,7.38585116808529e-05,4.5613856438838e-05,7.517941276779006e-05,0.000122684161271,0.0001444242699311,0.0001775785554637,0.0001240558597462,0.0001759314653813,0.000119179453814,0.0001497999818305,0.000138097600184,0.0001545853711196,0.0001229996606008,1.634158511961744e-05,-1.5017987873957164e-05,5.9342890033103616e-05,2.3074960431931816e-05,0.0001231698764749,3.138445527733507e-05,0.0001052693210869,3.5691250283056386e-05,0.0001181368272624,-1.8997974975812376e-05,9.99394922387092e-07,-7.944123350451085e-08,1.3867044400805164e-06,-3.314163054202173e-07,-1.4781487679671791e-06,3.4260647112678664e-08,1.3751705444345566e-06,-1.5481995057580477e-08,2.401724226796539e-07,-2.643453423020422e-07,5.793872847971749e-07,-7.923795296879832e-07,1.3526904890967971e-06,1.4015163017531408e-06,4.4401026274646146e-07,3.0212652012730074e-07,-2.0212030429835762e-07,6.846744694897989e-07,-7.120571959073785e-07,1.3736947547696951e-06,2.3526232025952785e-07,1.33649195027928e-06,1.3328736551190772e-06,1.0825376979018316e-06,-1.5239195449174357e-06,2.1708779206239194e-08,9.855625681961498e-07,5.410345069084529e-07,2.86326090326793e-07,6.817491774865353e-07,2.9024737006314335e-08,6.30354462791764e-07,3.760356896988988e-08,3.190381088029672e-08,1.3420592277463078e-07,7.51518696553117e-08,-1.1019884296703297e-07,1.9612184099300602e-07,1.3080248628489574e-07,7.607906994638913e-08,1.3072369771447322e-08,-2.4385317667433218e-08,4.5472563855368475e-08,-1.429021875582377e-07,3.5929011153230825e-08,1.0020639650769377e-07,6.355717991758467e-08,-4.850454264145659e-08,-1.1571304958213093e-07,-3.3646763996305554e-08,-1.7114199508537165e-07,2.1818929274606092e-08,8.503696546309872e-08,2.0476972757973337e-07,8.56614223046682e-08,1.0799252004049639e-07,1.2588228713901917e-07,1.6058331617287284e-07,1.8774065489874693e-08,1.548238285636196e-07,-1.1772173754396773e-07,-2.7085941980952787e-09,-2.063437685419483e-07,1.1226117928698046e-08,1.6424460771913238e-07,1.663753689628417e-07,2.1532791933767122e-07,no movement,no movement,no movement,no movement
10116.666666666655,0.0335583645088941,0.3107413506723592,-0.2986471624333333,0.0411858556787215,0.3307859792315561,-0.2898009925999999,0.043307237763573,0.3306183878392142,-0.2780579099333333,0.0427575732917123,0.3306338206907561,-0.2830594229,0.0259568200509778,0.3399009706293946,-0.3144580325666666,0.0273675829573093,0.3378137047024697,-0.3273186236333333,0.031964658146557,0.3282178452553074,-0.3072082899666666,0.0518855119019161,0.3356326968330417,-0.1816954940333333,-0.0457773497105906,0.2984179872307821,-0.2385621806999999,0.0464469319195071,0.3101415780167344,-0.2430208104333333,0.02267813929958,0.2806827364167587,-0.2875079374,0.1013189725499963,0.2163490982259147,-0.0376526562533333,-0.1201991370911187,0.2552224826683454,-0.0873260799466666,0.1397738524737534,0.0440295956751725,0.0059614548779333,-0.1571241142913995,0.009235955842343,-0.1283333654666666,0.1609864427936055,-0.1423500447653905,0.0064398564729,-0.1069670842532329,-0.1534359095137918,-0.1703260851999999,0.1565963141545029,-0.1839451400736814,0.0106553268616666,-0.0721371406986186,-0.1865451130711664,-0.2150399089333333,0.1312981111468408,-0.1913204149227828,-0.0108652342466666,-0.0354749165048465,-0.1575729996558108,-0.225111931,0.1564297520460727,-0.1689600565411095,-0.0011989367133333,-0.0869371523051754,-0.1501088248402529,-0.188314378,0.0702600712768143,-0.1631553625011841,0.0613637911899999,-0.067738015253717,-0.1666501127712242,-0.0604479794733333,0.0799833535977661,-0.492760600115429,0.0596360094866666,-0.0394575490583597,-0.442987900795901,-0.0902513605266666,0.0744401977347382,-0.7715265502616062,0.2131758853333333,-0.0828552431891116,-0.7824718658168534,0.0492463458866666,0.0579370723569491,-0.8019854488326903,0.2320732047333332,-0.0862827553286593,-0.8122507473556145,0.02189721449,0.1023920510974842,-0.830781125818605,0.1932594428333333,-0.061712142242622,-0.8397907953742543,-0.0641893685933333,nijmegen_nijmegen_rennen_g_ch1_g11_compr.mp4,ch1g11,6.1507779296112515e-06,7.623649498351605e-06,8.090544560786149e-06,8.211725082052332e-06,5.8405434872216144e-06,7.72313787162555e-06,7.982211337611349e-06,3.845995682789577e-06,3.387408857123218e-06,2.112478854912026e-06,2.1960857250115664e-05,1.9169960374289955e-06,8.292756102072262e-06,8.290107796266025e-06,8.288366964084412e-06,5.338639151639589e-06,1.185908844614282e-05,2.5691893299265923e-05,1.7903680784126682e-06,8.451478257385581e-06,9.096413986656908e-06,7.885449876781364e-06,8.106548079686279e-06,6.004826295678073e-06,6.406424924198517e-06,1.062692870538338e-06,6.029317725927449e-06,2.1104145140799373e-05,5.032458242632832e-06,2.7738522528711836e-05,1.1576010891276957e-06,5.85736578771839e-06,7.494070668529888e-06,2.5290995028906543e-05,6.651894329105886e-06,9.205634168897032e-05,8.580811670934374e-05,8.898723061129913e-05,8.847596642394656e-05,9.699322251321552e-05,0.0001002495419332,0.0001016339074053,4.4800046715529257e-05,9.27726050158817e-05,8.184492290859281e-05,8.742404906544383e-05,5.058100890509392e-05,7.288185530388777e-05,0.0001301109040347,0.0001351700482715,0.0001794840469359,0.0001262242167829,0.0001776041024766,0.0001240594576241,0.0001509003777462,0.0001467993731021,0.0001558491883304,0.0001265282054705,1.6386303642591795e-05,-1.4932197288586228e-05,5.7199886016854976e-05,2.367274648596073e-05,9.762087565856988e-05,1.7088027951932398e-05,7.88588949937513e-05,1.9773167480625443e-05,0.0001115679238077,-2.175327669445821e-05,9.613019654073344e-07,9.563121263188502e-08,1.3995047330831638e-06,-3.880839990671591e-07,-1.2457988586615229e-06,2.051603427927676e-07,1.3889870729574569e-06,-1.239417957506467e-09,2.116962606661565e-07,-1.8190694649628082e-07,3.699348929166156e-07,-6.325329647303946e-07,1.404410067460039e-06,1.402776008128489e-06,3.3395152565117333e-07,1.5696459058244246e-07,-3.029722102965141e-07,4.305686582685689e-07,-5.768558828419721e-07,1.4097947446845282e-06,4.415595427801107e-07,1.3743390290627674e-06,1.3901329862727423e-06,1.1791410524377338e-06,-1.3215538846018165e-06,3.7463366768172393e-08,1.127075019764013e-06,3.441357069516978e-07,3.0278337574470277e-07,4.122040432330605e-07,3.6517259159585185e-08,8.026458164880329e-07,2.2091489721888699e-07,-4.599935363943203e-08,1.2973494047195573e-07,-7.089927726667598e-10,-5.3010320603776446e-08,3.6571733037169396e-07,1.1779803622009589e-07,-1.277994436394921e-09,-1.5063857912597047e-09,-3.692847555684014e-08,9.650196464727784e-08,-1.834988440530301e-07,1.6724204719522566e-07,3.537998987398635e-08,-1.043600753055606e-08,-1.200319760286148e-07,-5.7869735119796935e-08,-1.0593169278480621e-07,-2.1959470897148e-07,1.410410115237843e-07,1.85683063625836e-08,1.4053334726737153e-07,1.2852061546898536e-08,4.1384448361925484e-08,6.346667791275279e-08,3.341574599626362e-07,2.3168010621605643e-08,1.0392588325036778e-07,-1.838929189378593e-07,2.1647669550451446e-09,-2.2399316195877098e-07,1.4155896235615176e-08,1.479781234805269e-07,1.3127882939091958e-07,2.605101337272643e-07,no movement,no movement,no movement,no movement
10133.333333333325,0.0336612036061636,0.3108421610640188,-0.2982877891333333,0.041296374090098,0.3308810513170784,-0.2893559028333333,0.04342160911852,0.3307167175378938,-0.2776215463,0.0428685378384262,0.330731673030369,-0.2826212046,0.0260611689285119,0.3400055341100007,-0.3140592129333333,0.0274725060161924,0.337921776005845,-0.3269189208333333,0.0320709032263128,0.3283278359094362,-0.3068087123333332,0.0519810017822565,0.3356834987188126,-0.1811094626666666,-0.0457490533757675,0.2985116338119397,-0.2381224484333333,0.0465119433555146,0.3102314533646062,-0.2426286526,0.022735763456971,0.2807769722885014,-0.2871641010333333,0.1012968420069182,0.2164005914745364,-0.0370119456866666,-0.1201642027753779,0.2552879220097383,-0.0870695932133333,0.1398182041435219,0.0441670696182084,0.0066041736025999,-0.1571359357289741,0.00936511039863,-0.1281797993333333,0.1612902500662166,-0.1421703987020043,0.0068491575832333,-0.1069440001795506,-0.1533128933366603,-0.1701560480666666,0.156984063023658,-0.1837647316580617,0.011027506202,-0.0721062170883034,-0.1864200382240288,-0.2149120291333333,0.1317311351415046,-0.1911628001388533,-0.0105044728486666,-0.0354142413008364,-0.1574192179163312,-0.2249816193666667,0.1567589508165708,-0.1688042646720122,-0.0008044647536666,-0.0869017116049483,-0.1499836747258662,-0.188143432,0.0702468611289442,-0.1631386510103108,0.0614287381466666,-0.0677251437891359,-0.1666652214939991,-0.0605112423533333,0.0799971009920697,-0.4927060821474314,0.0602885457366666,-0.0394378110991286,-0.4429587129885332,-0.0903067774466666,0.0744994924748755,-0.7714149612485917,0.2136881897333333,-0.0828413126667796,-0.7824644369664344,0.04885579713,0.0580083576940337,-0.8018923125852436,0.2325810278666666,-0.0862603192315915,-0.812241976956374,0.02148521654,0.1025636089749836,-0.8306503531573093,0.1938587610666666,-0.0615768923896292,-0.8398168975668603,-0.0645421414166666,nijmegen_nijmegen_rennen_g_ch1_g11_compr.mp4,ch1g11,6.953234119554653e-06,7.857265718674346e-06,9.31290515206804e-06,7.799490859299199e-06,4.402917482515164e-06,8.056578311426691e-06,9.201161884593193e-06,3.7419048639974928e-06,3.554678517773193e-06,1.8781421814902916e-06,2.2126415427552985e-05,1.0549492370836054e-06,9.499061992444088e-06,9.50050970724273e-06,8.771010664211401e-06,5.2997103433620865e-06,1.141839381217782e-05,2.585986744652728e-05,9.8045567039963e-07,9.657251647423408e-06,9.682792569954748e-06,9.103717780734832e-06,9.312785359108978e-06,7.0691488486275396e-06,4.911668248049899e-06,1.0855519157565768e-06,7.049490136330035e-06,2.1332679693010376e-05,5.1245014551205435e-06,2.7792201603715626e-05,1.1783945856980404e-06,6.5072636536978905e-06,7.842421132588577e-06,2.5584810595242527e-05,5.008570484731182e-06,0.0001087640404358,0.0001010192664529,0.0001040407899405,0.0001036504659929,0.0001112211345479,0.000114817883772,0.0001162962530409,5.571803721895774e-05,0.0001012033469698,9.7352003823082e-05,0.0001024192561072,5.714856018925343e-05,7.346264602163e-05,0.0001379725267581,0.0001295160905491,0.0001795242217128,0.0001299408530507,0.0001765109555568,0.0001292674996039,0.000149368041628,0.0001547055276901,0.0001556172263528,0.0001310187483407,1.6194423160470004e-05,-1.4652411336273971e-05,5.395672759230401e-05,2.2235238559383974e-05,7.574989045586174e-05,8.46835638541579e-06,5.668268553155078e-05,1.0293087395472942e-05,0.0001042455184709,-2.2751737293852025e-05,8.553297558214117e-07,2.237047555305115e-07,1.330487963308628e-06,-4.051985541447275e-07,-8.487834022949116e-07,3.163288723335771e-07,1.3192099122859748e-06,-6.895902211038843e-09,1.6652781600319166e-07,-4.5004050185646726e-08,1.3324511443756204e-07,-3.619266620760056e-07,1.3773885448614453e-06,1.3258334421055795e-06,1.387091269766196e-07,7.750027761874723e-08,-4.960999656260363e-07,1.5063470916444555e-07,-3.333093860631779e-07,1.3663242811837732e-06,5.222742953994369e-07,1.3215837561175626e-06,1.3669483374835932e-06,1.1856444747937036e-06,-9.517662782541176e-07,5.8862032602181595e-08,1.1815007927874835e-06,9.398273137771849e-08,3.138321978199338e-07,1.4320192799898517e-07,4.8276700189727856e-08,9.310227361605668e-07,3.215328850932566e-07,-9.759292214834517e-08,1.012770706007842e-07,-5.539346581819965e-08,-1.283065065404312e-09,4.984714211417348e-07,8.317330084031999e-08,-5.7957119795730275e-08,-3.582903652878424e-09,-4.7254097739256014e-08,1.3201058690477008e-07,-1.9036319315452658e-07,2.702585540671933e-07,-1.3044349698444525e-08,-6.18424423135401e-08,-1.8515835528032586e-07,2.0175501368393983e-08,-1.5199898237808956e-07,-2.23699402531185e-07,2.363547029303847e-07,-2.990051905551404e-08,5.606742990481698e-08,-4.4647068927855896e-08,-9.190076011980225e-09,5.337040210726689e-09,4.711501945831424e-07,2.7605911554093773e-08,5.030157526743229e-08,-2.1755573733799057e-07,1.5211031690610248e-08,-1.9760532625288875e-07,1.791941106099931e-08,1.2567583311579665e-07,7.49995818949658e-08,3.03105273237254e-07,no movement,no movement,no movement,no movement
10149.999999999987,0.0337792602697645,0.3109568809836012,-0.2978816987,0.0414192378823954,0.3309875818981528,-0.2888687689666666,0.0435484364022969,0.3308262342022244,-0.2771445512,0.0429920286847329,0.3308409552543689,-0.2821427720333332,0.0261799447320967,0.3401180943560876,-0.3136249444333333,0.0275923062072029,0.3380386836025154,-0.3264826943333332,0.0321925149487227,0.3284469904215628,-0.3063730818333332,0.0520774580268001,0.3357446051809065,-0.1805129215,-0.0457103550320044,0.2986085198895321,-0.2376911671,0.0465879151352024,0.310335016034381,-0.2421977065333333,0.0228084902610201,0.2808821300031275,-0.2867886801666667,0.101275080177806,0.2164628633997469,-0.0363557261133333,-0.1201230474367438,0.255350157701504,-0.0868326138366666,0.1398615039663264,0.0443181502140219,0.0072592379382666,-0.1571282747856656,0.0094782364885073,-0.1280459481666666,0.1615946458285211,-0.1419831662307093,0.0072476776452333,-0.1069027073637146,-0.1531727766885396,-0.1699938121666666,0.1573720374128675,-0.1835819588278891,0.0113884803903333,-0.0720585886613046,-0.1862722470008708,-0.2147888367666666,0.1321637089245685,-0.1910038063381795,-0.0101590081303333,-0.0353404448396491,-0.1572353014716434,-0.2248564282333333,0.1570883944666084,-0.1686418637419202,-0.000423398259,-0.0868502615492441,-0.1498375249688989,-0.187611371,0.0702329783425189,-0.1631219655680257,0.0614964999366666,-0.0677115219083692,-0.1666802107978598,-0.0605775100533333,0.0800426187104342,-0.4926534966758575,0.0609243805199999,-0.0394033796494739,-0.4429354766625782,-0.0903528436433333,0.0746018419594356,-0.7713620177784307,0.2141584614666666,-0.082858474027631,-0.782472530833129,0.0484691482566666,0.0581197916958417,-0.8018598416466521,0.2330433572666665,-0.0862764094218956,-0.8122505860449806,0.0210758849333333,0.1027560905898627,-0.8305337336330962,0.1944005975666666,-0.0615019234948058,-0.8398318787154866,-0.0648911398966666,nijmegen_nijmegen_rennen_g_ch1_g11_compr.mp4,ch1g11,7.683657134887593e-06,8.168134222378357e-06,1.0511567963872132e-05,7.366253994339598e-06,3.7353846437541902e-06,8.458874263322472e-06,1.0390444777142202e-05,3.5816949162348074e-06,3.699433398087447e-06,1.910911059662505e-06,2.205393325675854e-05,8.682300006645842e-07,1.0754148369510534e-05,1.067924481901423e-05,8.93120904487344e-06,5.364575465432205e-06,1.0750648757741492e-05,2.5749185750140123e-05,7.90955431446106e-07,1.0880877026825144e-05,1.0330913687858628e-05,1.0314452345074536e-05,1.0572082518435662e-05,8.240391675493675e-06,4.147742430251999e-06,1.150642696845404e-06,8.239574313057103e-06,2.1273264760372668e-05,5.379882381385787e-06,2.7633031892658088e-05,1.228102372618356e-06,7.451135603243008e-06,8.269930837513558e-06,2.555970272033803e-05,4.222484785318575e-06,0.0001237646506066,0.0001149199221109,0.0001180272297848,0.0001176602751563,0.0001245439465425,0.0001283700430864,0.0001296055193191,6.601323139036454e-05,0.0001089379395057,0.0001113898770412,0.0001158201719035,6.0935321038304175e-05,7.190109452657038e-05,0.0001410420475299,0.0001215308918369,0.0001764106057229,0.0001331438478632,0.0001722020720644,0.000133726550497,0.0001449055588319,0.0001613707091149,0.0001529833765885,0.0001351394234299,1.5781530436047726e-05,-1.420482061822968e-05,5.065102690197098e-05,2.0069816557546115e-05,5.803579517627751e-05,5.3940619070262594e-06,3.932930066976715e-05,7.161297019722579e-06,9.845053503951032e-05,-2.084811293909632e-05,7.138143316548089e-07,2.728429957471849e-07,1.2107403799622268e-06,-3.657166860669902e-07,-3.256331507194215e-07,3.387140654764282e-07,1.1956379977392843e-06,-2.9353192761232652e-08,1.0464658136145001e-07,9.349737124900041e-08,-8.161678552695408e-08,1.689486695676396e-09,1.3035226541971352e-06,1.2019717177937951e-06,-1.0990948500186854e-07,1.9464731564759405e-07,-7.889573693190477e-07,-1.022533959778582e-07,-1.6065055319395507e-08,1.2749575278428531e-06,4.516133298193094e-07,1.2041714805749602e-06,1.2967244239592553e-06,1.125124100211032e-06,-4.414998203996186e-07,8.785411854444304e-08,1.1684482288898318e-06,-1.6891840820627558e-07,3.487713114571623e-07,-7.72187301011805e-08,6.66025712516397e-08,1.0369515854042018e-06,3.0974266414030645e-07,-1.2380740633442405e-07,5.8832751920007415e-08,-8.716900777912698e-08,3.816283118094592e-08,5.731726927817163e-07,3.711784780725484e-08,-9.167269231886134e-08,3.400179682395587e-09,-5.7440799740656816e-08,1.4360007176855138e-07,-1.5853696117242086e-07,3.174520741176022e-07,-4.5668868112463424e-08,-8.963086838743974e-08,-2.2523993110278722e-07,1.0601270230582739e-07,-1.6888189859301726e-07,-1.7903539211475902e-07,2.81389023142788e-07,-6.065850718998667e-08,-3.244977976152848e-08,-8.447865603449696e-08,-4.387239874214848e-08,-4.811542656462669e-08,5.510681798464994e-07,3.1099269866631115e-08,-6.467492677767448e-09,-2.0908331016839394e-07,2.111511452559209e-08,-1.279280025656231e-07,2.16011451074574e-08,8.886401210981354e-08,1.00562539726527e-08,3.152246049032145e-07,no movement,no movement,no movement,no movement
10166.666666666655,0.0339058348749736,0.3110928536965819,-0.2975233436666666,0.0415559662449745,0.3311118409625343,-0.2884466806666667,0.043688479592079,0.3309534759805933,-0.2767312685,0.0431285899674963,0.3309674825821128,-0.2817273256666666,0.0263123615494746,0.3402509773117633,-0.3132325441999999,0.0277258203539078,0.3381764373605391,-0.3260881701999999,0.0323286286987308,0.3285863227923494,-0.3059797944999999,0.052195297919398,0.3358106285380461,-0.1800340339333333,-0.0456403839001942,0.2987209122245327,-0.2372923707999999,0.0466767996336787,0.3104534232040892,-0.2418312174333333,0.0228937611610278,0.2810061595429962,-0.2864521165666666,0.1012848267259367,0.2165227978535058,-0.0358957619733333,-0.1200670841906416,0.2554209778199351,-0.0865912599766666,0.1399203421098238,0.0444659048723315,0.0076982572282666,-0.1571148199709064,0.0096028910276838,-0.1278964038333333,0.1619203515789377,-0.1417923024640011,0.0075233154115666,-0.1068568602358346,-0.1530274258817946,-0.1698472284333333,0.1577850563481586,-0.1833972113467724,0.01163545146,-0.0720057935383788,-0.186125102848491,-0.2146632483,0.1326211239929255,-0.1908439390242668,-0.009922667597,-0.0352607352846164,-0.1570553340319616,-0.2247373371666666,0.1574400258544379,-0.1684755428555782,-0.0001596948616666,-0.0867936145625709,-0.1496892498939282,-0.187159404,0.070221079571947,-0.1631055170996507,0.0615592401566666,-0.0676998914945105,-0.1666950836878351,-0.06063859488,0.0800841886706984,-0.4925969285079739,0.06151369643,-0.0393666786412216,-0.4429125777881959,-0.0903914878666666,0.0746639844522632,-0.7712866593657893,0.2146340320333333,-0.0828795634336003,-0.7824519233098836,0.0482180685333333,0.0581890344304644,-0.8018040520559628,0.2335152561999999,-0.0862966770080423,-0.8122258386021005,0.0208247348333333,0.1029234638634943,-0.8304289149994434,0.1949418926666666,-0.0614339496957448,-0.8398444121181603,-0.06507616066,nijmegen_nijmegen_rennen_g_ch1_g11_compr.mp4,ch1g11,8.119785932116169e-06,8.484411702526316e-06,1.157872739191334e-05,7.266663066268026e-06,3.834118159079193e-06,8.841330413343322e-06,1.144536390024906e-05,3.3726827846153226e-06,3.871837102340591e-06,2.119605065693613e-06,2.167328976385179e-05,1.245203066565909e-06,1.1962105056537608e-05,1.172835474300375e-05,8.674332127851504e-06,5.651907993641055e-06,9.759569184289476e-06,2.5253210105217015e-05,1.1176703632238315e-06,1.2054359680429151e-05,1.0768088658797942e-05,1.1414942953704536e-05,1.1759316818642991e-05,9.322126809738852e-06,4.098009849190085e-06,1.2322704243401137e-06,9.4200637359624e-06,2.0772282580089665e-05,5.8050337193976815e-06,2.7186038926793548e-05,1.2862978510951296e-06,8.569227683518681e-06,8.59124361602912e-06,2.5130089444886632e-05,4.247690168184096e-06,0.0001406596224015,0.0001314758725025,0.000135129515204,0.000134686530692,0.0001421895859996,0.0001459088568632,0.0001462248919125,7.967162882771359e-05,0.0001220530337402,0.0001277904473836,0.0001318386630063,6.310968281957606e-05,7.53715131388791e-05,0.0001379766124918,0.0001204183014129,0.0001678506141055,0.0001359028201314,0.0001622876366004,0.0001351279815142,0.0001341819973039,0.0001629215052347,0.0001459422419278,0.000138282144381,1.5080744790263318e-05,-1.3552817577534202e-05,5.080055023988726e-05,1.7006745447781065e-05,4.488630754918621e-05,6.112661180366874e-06,2.744111539150296e-05,7.949253992293025e-06,9.229233740931393e-05,-1.829970710743581e-05,5.820705492462413e-07,2.791517467314084e-07,1.1163444241696565e-06,-3.028554269774513e-07,3.290202592761261e-07,3.1924602472638224e-07,1.0936131229548735e-06,-2.3243403756544872e-08,4.8274045291780964e-08,2.4188894694505826e-07,-2.269750330409293e-07,3.350620892108791e-07,1.2527154538279306e-06,1.1075512625118618e-06,-3.7016442450136577e-07,3.97569955178102e-07,-9.931038065133836e-07,-2.6246866612664866e-07,2.812022809518888e-07,1.207575699981672e-06,3.243833264274669e-07,1.103748827548502e-06,1.248218342960494e-06,1.0546973165657033e-06,1.9177985158891078e-07,1.2688000243505641e-07,1.136208939378974e-06,-3.87486661299141e-07,3.9111163406523817e-07,-1.747978871506604e-07,9.528084017218329e-08,1.1226418624406143e-06,2.465778926098121e-07,-1.2438597383700698e-07,1.4824759200269346e-08,-1.0517402886523193e-07,5.71320973886156e-08,5.567615103764933e-07,-7.040713070831347e-09,-1.1064351546006369e-07,1.5199705741175225e-08,-5.86174828351025e-08,1.2770325743935368e-07,-9.72730973170486e-08,2.956214834978261e-07,-7.278832930677166e-08,-1.0430197653061353e-07,-2.153361177873162e-07,1.5473691126730333e-07,-1.4017158881461004e-07,-1.0144808826058713e-07,2.640608206026998e-07,-8.437788900781304e-08,-9.541423671576365e-08,-1.1076290916810205e-07,-7.197454848121893e-08,-9.04568349025773e-08,5.426616462138891e-07,3.01749902444476e-08,-5.977658005760125e-08,-1.560655303923455e-07,1.691321189776955e-08,-4.1113449735754834e-08,2.2242181594775573e-08,3.652803297481358e-08,-4.1722274935021634e-08,2.724150205802266e-07,no movement,no movement,no movement,no movement
10183.33333333332,0.034041248618024,0.3112660051828508,-0.2968145401333333,0.041699165831774,0.3312780919935837,-0.2876959601666667,0.0438345423611614,0.3311248118177746,-0.2759881158333334,0.0432716784402391,0.3311387048307584,-0.2809911397666666,0.0264557953970946,0.3404318062010458,-0.3125195653666666,0.0278703242673969,0.3383600234713717,-0.3253698100333333,0.0324756546394965,0.3287671895444771,-0.3052702975666665,0.0523062396268902,0.3359263377521895,-0.1793001016,-0.0455445344471001,0.2988768570222419,-0.2366820152666666,0.0467739688458168,0.3106148462390709,-0.2411336002,0.0229939219466727,0.2811694015134829,-0.2857923626999999,0.1012845543122929,0.2165982953451324,-0.0352583784633333,-0.1199862397527465,0.2555139562917182,-0.0862510120533333,0.1399572130921489,0.0446079204236121,0.0081628367842666,-0.1571036116573491,0.0097319097914033,-0.1277210087333333,0.162235730935637,-0.1416282648628501,0.0078086753659,-0.1068133727558211,-0.1528833887638869,-0.1696279325333333,0.1581941172490804,-0.1832404603549138,0.0119002848003333,-0.0719540967748925,-0.1859829361385691,-0.2144319345666666,0.1330781217414759,-0.1907214017831301,-0.0096656724373333,-0.0351817208952891,-0.1568853896863793,-0.22448416,0.1577883917858949,-0.1683332308023171,0.000115261551,-0.0867407336448128,-0.1495421253385396,-0.181880862,0.0702018138377907,-0.1630901612999654,0.0616233188733333,-0.0676798288427398,-0.1667089479197457,-0.0607015325433333,0.0801155445885415,-0.4925425636207575,0.0618776567966666,-0.0393256471618688,-0.4429161177294839,-0.09043413499,0.0746728209167834,-0.7712793259871837,0.2147231086999999,-0.0828951521938998,-0.7824652221440812,0.0479840742333333,0.0582008606209169,-0.8018161574786854,0.2335747957666666,-0.0863090309833595,-0.8122368230250039,0.0205829721866666,0.1030467597589542,-0.830353026562202,0.1951208863999999,-0.0613560624731027,-0.8398562525009657,-0.0652297831866666,nijmegen_nijmegen_rennen_g_ch1_g11_compr.mp4,ch1g11,8.543642258938826e-06,8.830560986959673e-06,1.253320150852208e-05,7.032642156985597e-06,4.995214146416264e-06,9.216390496205502e-06,1.2369328387274357e-05,3.4401583429327603e-06,3.927405725968065e-06,2.584696757528708e-06,2.132041565937207e-05,2.0946557925431787e-06,1.312639925417697e-05,1.2680068035013692e-05,8.109612835453675e-06,6.074180769834076e-06,8.90901404069064e-06,2.4833871816907177e-05,1.8615135938127003e-06,1.3165797774372305e-05,1.1116843396954848e-05,1.2397631954375237e-05,1.2904784080658768e-05,1.0320934517345269e-05,5.093838991604309e-06,1.38772660522838e-06,1.0562510967092004e-05,2.023976029322523e-05,6.336862831042745e-06,2.68772344147445e-05,1.4028802402810405e-06,9.794991879777026e-06,8.889877033637159e-06,2.4553015703183935e-05,5.423322646896262e-06,0.0001574642852137,0.0001484647419725,0.0001528650588336,0.0001522549266913,0.0001611417933519,0.0001647556965762,0.0001639105547787,9.312320667021356e-05,0.0001379679090031,0.0001439745467192,0.0001482166063837,6.280096639020158e-05,7.936587095188964e-05,0.000129489018947,0.0001164006206356,0.0001562053072336,0.0001380339955468,0.0001490187189427,0.000134563107403,0.0001199151131047,0.0001608379676227,0.0001363900815866,0.0001406624637488,1.4390833033713409e-05,-1.2961421584319853e-05,5.1729044148930665e-05,1.177360616738097e-05,3.872180619643414e-05,9.319809833512965e-06,2.292607143829821e-05,1.1545191257724565e-05,8.941875764822814e-05,-1.689136426997064e-05,4.513366862601727e-07,2.5568982920736684e-07,1.0071271474551345e-06,-2.268767359518655e-07,9.360698586462276e-07,2.733099870080993e-07,9.775413654350573e-07,-5.6682742543374824e-09,-1.4515891540338224e-08,3.545590858860404e-07,-2.8249068013714217e-07,6.32061933736623e-07,1.1722858545549623e-06,1.0016068295224338e-06,-5.82899750496067e-07,6.447106988517829e-07,-1.1233647024558617e-06,-3.107938229087387e-07,5.440143245986727e-07,1.117198899015835e-06,1.7217476916600996e-07,9.809491835686073e-07,1.1672536844108452e-06,9.350675812480048e-07,7.935008317910961e-07,1.602472952461906e-07,1.0411488120369729e-06,-5.106817673953905e-07,4.112091966579233e-07,-1.5808100887641292e-07,1.2118896892304386e-07,1.1297316043910023e-06,1.58997693617086e-07,-1.0977550380732717e-07,-2.1972961040043044e-08,-1.0374043863471253e-07,6.420076397423999e-08,4.7349197881107747e-07,-4.0931137491083794e-08,-1.0911223573042124e-07,2.131456962177361e-08,-5.285605384369139e-08,9.538157801777868e-08,-2.3900347518914542e-08,2.2905721373880995e-07,-8.488048874207353e-08,-1.0063573825642112e-07,-1.7257361429821994e-07,1.7894409883906406e-07,-8.84589534728922e-08,-1.1902937557694957e-08,2.0639405845137365e-07,-9.21969517958993e-08,-1.2876286913495358e-07,-1.1666452539188262e-07,-8.464378701010314e-08,-1.147216620028154e-07,4.667295945266782e-07,2.6247290389986383e-08,-9.84383493085286e-08,-8.143922130849698e-08,4.480776946674065e-09,4.777204549055724e-08,2.0643100905551463e-08,-1.6265520290997045e-08,-7.506582124585779e-08,2.0253036372610514e-07,no movement,no movement,no movement,no movement
10199.999999999987,0.0341805680392204,0.3114474332772053,-0.2961658766999999,0.04184984210432,0.3314475891491372,-0.2869946697333333,0.0439882856208331,0.3312990847733509,-0.2752954842999999,0.0434220572809418,0.331312136132015,-0.2803041167666666,0.0266076055196289,0.340616666392479,-0.3118517330666666,0.0280241695855257,0.3385488013764199,-0.3246986825999999,0.0326321137560432,0.3289547625217801,-0.3046032917666665,0.0524236164494339,0.3360335664622687,-0.1786107033333333,-0.045433924839015,0.2990380841701621,-0.2360928407333333,0.0468745112232136,0.3107831285800093,-0.2405012783666666,0.0230987243249861,0.2813436147335856,-0.2851954738333333,0.1012915220424147,0.2166772208465285,-0.0346464445233333,-0.1199033413866764,0.2556117707684858,-0.0859189313033333,0.1399941836335965,0.0447505902757898,0.0086392077542666,-0.1570899338356784,0.0098645590247892,-0.1275457236333333,0.1625539991915277,-0.1414578168886774,0.0081063500435666,-0.1067586815190479,-0.1527253696069794,-0.1694677654333333,0.1586043197244528,-0.1830809007049263,0.0121742786896666,-0.0718879122866292,-0.1858335531348839,-0.2142706563333333,0.1335370359686163,-0.1905955807313926,-0.009401481641,-0.0350837741084519,-0.1567089220182959,-0.2243192488666666,0.1581382602177871,-0.1681845894127417,0.0003989506883333,-0.0866726619105062,-0.1493829266504387,-0.177962333,0.0701829962550093,-0.1630751009942417,0.0616868301066666,-0.0676601927348386,-0.1667225816182355,-0.06076361823,0.0801314173008486,-0.4924908135620714,0.0622476690233333,-0.0392827209163759,-0.4429018287722167,-0.0904904222266666,0.0746054158005357,-0.7712331210540352,0.2148709391333332,-0.0828790761876637,-0.782436342983802,0.0476538386733333,0.058132598139064,-0.8017833655482262,0.2337104604333333,-0.0862840061834007,-0.8122045397436215,0.0202343123633333,0.1031345815929053,-0.8302639199598889,0.1954348488999999,-0.0612462209560542,-0.8398677817787737,-0.0654992657033333,nijmegen_nijmegen_rennen_g_ch1_g11_compr.mp4,ch1g11,9.040755687596912e-06,9.086127900913692e-06,1.3338720696646525e-05,6.749919257382364e-06,6.84884862553116e-06,9.464889687929351e-06,1.313786141592906e-05,3.6882301443601273e-06,3.798640773457966e-06,3.155462983909346e-06,2.10731287618344e-05,3.135222738251859e-06,1.4144952212696734e-05,1.350106475813001e-05,7.264086563281024e-06,6.7995847847184575e-06,8.037697444613995e-06,2.4590662597984743e-05,2.795002999287617e-06,1.4130062245800643e-05,1.1200535824563768e-05,1.3177986866451208e-05,1.3912120452006428e-05,1.1091314605631386e-05,6.772407582414031e-06,1.5806715380735892e-06,1.1501759873113436e-05,1.9714047363060805e-05,6.7677256095278545e-06,2.6857539965475843e-05,1.5485837569080098e-06,1.0945364743054864e-05,8.996349729337385e-06,2.3864822380331853e-05,7.326496176779582e-06,0.0001712250556483,0.0001624823538299,0.0001677896846904,0.000166985679203,0.0001775728161247,0.000181062731398,0.0001790130683805,0.0001038992421418,0.0001519705330791,0.0001568490089337,0.0001615915255233,5.86891218973679e-05,8.16787096701242e-05,0.0001162790052698,0.0001114405783512,0.000141631843512,0.0001389507736377,0.0001330632257319,0.0001308293083214,0.0001020454383577,0.0001539026206602,0.0001245142643853,0.0001414812679784,1.3536779200845782e-05,-1.2229756576535682e-05,5.572727167316277e-05,7.14086971718255e-06,3.6299349980286186e-05,1.131088572534966e-05,2.231134314411366e-05,1.359978606915442e-05,8.635413447456769e-05,-1.7894901674359968e-05,3.5783943885281597e-07,1.915904993556929e-07,9.212201806722056e-07,-1.6910979324669416e-07,1.3976401335965386e-06,1.918213960015893e-07,8.851378550722446e-07,2.7448596141703388e-08,-7.880922509782476e-08,4.191382784885327e-07,-2.58350167881568e-07,8.111340461007798e-07,1.0973269818679375e-06,9.203191977475602e-07,-7.44363575631669e-07,8.456832409742469e-07,-1.151498943112276e-06,-2.569222736849618e-07,7.093366405028617e-07,1.03605192474288e-06,8.143970643755471e-09,8.733683969462932e-07,1.092418502792472e-06,8.123801473072174e-07,1.246118074925075e-06,1.8772399504412356e-07,9.238081581260886e-07,-5.482660861008498e-07,4.114998401423829e-07,-3.71474352923942e-08,1.439593270293551e-07,1.0861649625081046e-06,5.0169999185279816e-08,-8.806091379067467e-08,-4.480480752278725e-08,-8.87615918457752e-08,6.275179635590594e-08,3.454366249939598e-07,-5.888852423074733e-08,-9.315894986759177e-08,2.4073087312628827e-08,-3.8684651276125875e-08,5.3782555159034155e-08,4.298998227642856e-08,1.3191134597767624e-07,-8.44936796504885e-08,-8.483622684895782e-08,-1.0371929296955277e-07,1.6768471690823368e-07,-1.9701185182668543e-08,6.768522985827384e-08,1.203541696491502e-07,-8.750790945708425e-08,-1.277030905150948e-07,-1.0521447193087429e-07,-8.43812301445797e-08,-1.1879778072391297e-07,3.453282381121761e-07,1.9648723264575996e-08,-1.177267615975131e-07,-3.228431445992588e-09,-1.0540383651210352e-08,1.1694170529700681e-07,1.6855148450642666e-08,-6.168232076835918e-08,-8.401406562416784e-08,1.2928021204636264e-07,no movement,no movement,no movement,no movement
10216.666666666652,0.0343173667725626,0.3116264893236805,-0.2956395140666666,0.0419996666202643,0.3316143916355434,-0.2864293643666667,0.04414100840364,0.3314702263804881,-0.2747374427666666,0.0435714195525789,0.331482433267903,-0.2797485577666666,0.0267581018511432,0.3407992450920284,-0.3113048395999999,0.028176633928868,0.3387352154634415,-0.3241488297666666,0.0327872687530275,0.3291398679517734,-0.3040565373666666,0.0525428583029423,0.3361348755885182,-0.1780789588666667,-0.0453191519390661,0.2991968685155643,-0.2356046498666666,0.04697441384004,0.3109467623246192,-0.2399992294333333,0.023203163943549,0.2815149472843494,-0.2847111066333333,0.101303904822216,0.2167417577763008,-0.0342277344966666,-0.1198141874212854,0.2557072708615761,-0.0856376194833333,0.1400311047959287,0.0448747160055127,0.0089327149322666,-0.1570725769385007,0.0099960592547635,-0.1273843778333333,0.1628663974636398,-0.1412949255375274,0.0083151215529,-0.1067057137735835,-0.1525658176234586,-0.1693032462,0.1590069188654849,-0.1829253121162256,0.0123785210196666,-0.071826060948311,-0.1856819380736643,-0.2140936494,0.1339864884060488,-0.1904699038153048,-0.0092034594426666,-0.0349926096591178,-0.1565352234233027,-0.2241412937666667,0.1584815084513187,-0.1680391112816159,0.0006001561940666,-0.0866072883250831,-0.1492231877829835,-0.17833139,0.0701652371113591,-0.1630602890709923,0.06174892697,-0.0676415325604156,-0.1667360066330106,-0.0608248751666666,0.0801476223224516,-0.4924265194129503,0.06258943982,-0.039246949439594,-0.4428817241537214,-0.0905883370133333,0.0745431634308911,-0.7711621099643603,0.2150419398666666,-0.0828723710119328,-0.7823727196229002,0.04737649851,0.0580711136726607,-0.8017249860947337,0.2338723158666666,-0.0862711779421158,-0.8121333970039222,0.0199489732266666,0.1032384430228991,-0.8301447885079194,0.1957698736999999,-0.0611400763909676,-0.8398664072829249,-0.0657133640966666,nijmegen_nijmegen_rennen_g_ch1_g11_compr.mp4,ch1g11,9.384785254563624e-06,9.171498386893452e-06,1.4372977767229794e-05,6.600451802168417e-06,8.171087509569898e-06,9.521160806535863e-06,1.4124816206499209e-05,3.754534251712676e-06,3.6637902337465054e-06,3.5101100571152245e-06,2.076375557027067e-05,4.0898736462771855e-06,1.535289730345118e-05,1.453730440615901e-05,6.23545853970438e-06,7.836168807748376e-06,6.417662485070049e-06,2.4304243895599276e-05,3.641015609028905e-06,1.5267384110112018e-05,1.086825023008439e-05,1.4079121631926656e-05,1.5118176953911385e-05,1.1865974580365576e-05,7.946763814267352e-06,1.788654166361996e-06,1.236530884778136e-05,1.8974209300636252e-05,7.268749320193864e-06,2.690057671060513e-05,1.7073505972782634e-06,1.2101758528999243e-05,8.83898053613136e-06,2.2947416160392895e-05,8.7411698178757e-06,0.0001853172582599,0.0001777677293302,0.000184263794853,0.0001832902956281,0.0001963038628872,0.0001993536854353,0.0001956954376241,0.0001163214184541,0.0001682269321169,0.0001702131595861,0.0001754491492106,5.352245170799826e-05,8.555435961643235e-05,0.0001005261528839,0.0001085546086149,0.0001219369305825,0.0001366200507698,0.0001123017353758,0.0001219655442829,7.766155448079468e-05,0.0001390478304637,0.0001082135308348,0.000138648397471,1.247179871162286e-05,-1.1300120072973032e-05,5.796786706298263e-05,-1.1527678039884718e-06,2.2448386747028577e-05,8.293222858792405e-06,9.885934887844471e-06,1.0214336190254176e-05,7.220616081049732e-05,-2.3901223215780468e-05,3.0131195854412825e-07,1.1798584794158159e-07,8.633891001446119e-07,-1.4174819660180288e-07,1.708637586615741e-06,1.0863417551700481e-07,8.226383666477985e-07,6.462338815824821e-08,-1.1105738140575385e-07,4.5262203143403905e-07,-1.739772156021374e-07,8.579145240152304e-07,1.0344294398895576e-06,8.678075935807208e-07,-8.156780072450238e-07,1.0112498879318976e-06,-1.1146462199515855e-06,-1.3360665202233025e-07,7.562486076907666e-07,9.725740980288252e-07,-1.2097130737844493e-07,7.931531997103275e-07,1.0292055388944486e-06,7.013534440000751e-07,1.5496492860943442e-06,2.081864386817998e-07,8.017663953974382e-07,-5.081350587963505e-07,3.810181279861455e-07,1.3799568421962228e-07,1.6267542686229058e-07,9.967776450227075e-07,-4.6739733203992954e-08,-6.087319270073732e-08,-5.0282713707404554e-08,-7.784926434231349e-08,5.256971730386433e-08,2.064788555421139e-07,-5.831961667234364e-08,-8.027693112144423e-08,2.6400767301616876e-08,-2.2262211952264064e-08,1.567223533679801e-08,9.941988449458073e-08,2.7693141730184038e-08,-8.71647963690586e-08,-7.38392767552693e-08,-2.0836128323622768e-08,1.224565752062154e-07,7.009470877864604e-08,1.318356089554576e-07,2.7608300089916992e-08,-8.567056896738133e-08,-9.307104539888369e-08,-9.241529448486685e-08,-8.702323000173648e-08,-1.1426449243456853e-07,2.117888345466161e-07,1.037535098927869e-08,-1.2515009107202958e-07,7.4475386717938e-08,-3.0758852709932324e-08,1.639525281696465e-07,1.0617700819866966e-08,-1.0187018415212667e-07,-6.866338015806479e-08,1.0617275519404173e-07,no movement,no movement,no movement,no movement
10233.33333333332,0.0344087362515836,0.3117398698240805,-0.294967395650649,0.0420968725919796,0.3317256940448373,-0.2857297551216166,0.0442399922922389,0.3315866742789656,-0.2740422427314052,0.0436686674255615,0.3315981036639128,-0.2790586726121616,0.0268586089974706,0.3409246142035412,-0.3106308522607343,0.0282789250531958,0.3388618351942912,-0.3234707743839081,0.0328905384622822,0.3292628626199819,-0.303385743118947,0.0525950326405573,0.3362101372335613,-0.1774074722697812,-0.0452517679258401,0.299304520075323,-0.2350308208088246,0.0470353208660909,0.3110510697366717,-0.2393440026821654,0.0232690793683418,0.2816224327342987,-0.2840808574483501,0.1012827836869828,0.2167614525454221,-0.0337269690068001,-0.1197619229346673,0.2557545832763363,-0.0852759627869262,0.14002421204329,0.0449115470471161,0.0092088535165856,-0.1570611623932894,0.0100501519601771,-0.1271960875664813,0.163024608068738,-0.1412513297787079,0.0084906317553472,-0.1066608075416584,-0.1524981288330318,-0.1690375182965517,0.1592285902949839,-0.1828879012429364,0.0125553744008713,-0.0717729197109205,-0.1856298523700981,-0.2137861138144605,0.1342424196480205,-0.1904564819287233,-0.00901962476672,-0.0349196262932559,-0.1564808480540515,-0.2238232163612162,0.1586667703438649,-0.1679996636510467,0.0007714728225338,-0.0865583279056139,-0.1491546262151976,-0.178393662,0.0701459510980021,-0.1630545602658966,0.0617834863972191,-0.0676202264445816,-0.1667411937079851,-0.0608591331062217,0.0801440726254082,-0.4923910297043631,0.0625263931797998,-0.0392060094111426,-0.4428907435618047,-0.0906934568109974,0.0744297283140491,-0.7711649560967158,0.2148423719076011,-0.082829182758447,-0.7823849206485166,0.0471004815479644,0.0579518262758414,-0.8017340153678759,0.2336633222139415,-0.0862222421185709,-0.8121467143861465,0.01965324005868,0.1032162612087752,-0.8301198160588023,0.1957022727054506,-0.061041407455204,-0.8398960124022968,-0.0659413661151205,nijmegen_nijmegen_rennen_g_ch1_g11_compr.mp4,ch1g11,9.691937315073734e-06,9.064733778203782e-06,1.5353385727001135e-05,6.478069450707729e-06,9.46140862786423e-06,9.397111938971374e-06,1.5056819310261204e-05,3.7860467869624343e-06,3.510587448173502e-06,3.7888473712749774e-06,2.0713012249617156e-05,4.705476767413384e-06,1.6480405860631813e-05,1.552129780395668e-05,5.3067354107130745e-06,8.972744831989608e-06,4.880855743682843e-06,2.436224733747171e-05,4.1920715131874005e-06,1.6326369391764222e-05,1.0350963767715296e-05,1.496565224707964e-05,1.6255186439407867e-05,1.2589447372572162e-05,9.121431714708464e-06,2.019238530770532e-06,1.312296650318026e-05,1.848555855486956e-05,7.688960756825635e-06,2.7296168829664862e-05,1.8903209351131936e-06,1.3085393191820027e-05,8.499351352614645e-06,2.2226382928464284e-05,1.00386244126258e-05,0.0001964966832008,0.0001902658268867,0.0001979416842905,0.0001968167927177,0.000212110932812,0.0002147186855003,0.0002096147286891,0.0001271382778945,0.0001822274995053,0.0001811642787554,0.0001866218464216,4.77301655055634e-05,8.8657252864544e-05,8.640943026258083e-05,0.0001062673863159,0.0001042336349346,0.0001319240849359,9.382281152102366e-05,0.0001107659340379,5.456170216000445e-05,0.0001212057876005,9.331533645371734e-05,0.0001334481141646,1.1462263146153918e-05,-1.0382583515501703e-05,6.134313870101233e-05,-8.578575410511858e-06,7.3330634301597985e-06,-2.559959950436599e-06,-4.482618366421455e-06,-2.0456390894152505e-06,5.916678712365523e-05,-3.441897526151077e-05,3.149394538804898e-07,1.0769770247676445e-07,8.664390820344601e-07,-8.248013180185244e-08,1.8135611334006549e-06,9.5940267595463e-08,8.246432118915486e-07,1.1490632547722041e-07,-1.0883827110957095e-07,4.4899172643757723e-07,5.5025756600819787e-08,8.153074856725972e-07,1.0189106843518398e-06,8.758437320205995e-07,-7.563526618323168e-07,1.114998066679533e-06,-9.487738745221202e-07,1.4961849010471317e-07,7.210656090291059e-07,9.628663101671244e-07,-1.341047011345793e-07,7.797688134471174e-07,1.012680105810577e-06,6.471156353854843e-07,1.662492371319515e-06,2.1628378656803474e-07,7.276519176927609e-07,-2.9640537308172104e-07,3.59001811777286e-07,4.541451524152835e-07,1.7334085927767377e-07,9.144102265238968e-07,-5.959406568967309e-08,-3.4875142044299206e-08,-4.0365165694478833e-08,-7.163316313500392e-08,4.1616507069245744e-08,5.9162398364933946e-08,-4.247065568575509e-08,-7.14626428483624e-08,2.300765041910854e-08,-5.761224496791521e-09,-1.6882825839039233e-08,1.3244560898637074e-07,-5.92346335812875e-08,-9.228197960470948e-08,-6.833884558112152e-08,5.8075855153180185e-08,5.3589998269459535e-08,1.563569353595098e-07,1.6541157011337946e-07,-5.0748666697040816e-08,-8.672753407295979e-08,-3.9954103718117806e-08,-8.19740752476117e-08,-9.224560215807653e-08,-1.0503162211349253e-07,6.850767429557412e-08,-1.6770636596931474e-09,-1.236102231177318e-07,1.3342669568803398e-07,-4.907232992383362e-08,1.7737041867741655e-07,1.5645781875086232e-09,-1.314923145464232e-07,-3.723508663067644e-08,1.566421665331136e-07,no movement,no movement,no movement,no movement
10249.999999999984,0.0345914752096254,0.3119666308248802,-0.2936231588186134,0.0422912845354101,0.3319482988634252,-0.2843305366315165,0.0444379600694367,0.3318195700759205,-0.2726518426608824,0.0438631631715268,0.3318294444559317,-0.2776789023031517,0.0270596232901256,0.3411753524265669,-0.3092828775822026,0.0284835073018516,0.3391150746559905,-0.3221146636183909,0.0330970778807919,0.3295088519563985,-0.3020441546235077,0.0526993813157872,0.3363606605236472,-0.1760644990760104,-0.0451169998993879,0.2995198231948401,-0.2338831626931405,0.0471571349181925,0.3112596845607765,-0.2380335491798295,0.0234009102179273,0.2818374036341969,-0.2828203590783835,0.1012405414165164,0.2168008420836647,-0.0327254380270671,-0.1196573939614311,0.2558492081058565,-0.0845526493941119,0.1400104265380125,0.0449852091303229,0.0097611306852237,-0.1570383333028666,0.0101583373710044,-0.1268195070327772,0.1633410292789341,-0.1411641382610689,0.0088416521602418,-0.1065709950778081,-0.1523627512521783,-0.1685060624896552,0.1596719331539815,-0.1828130794963577,0.0129090811632806,-0.0716666372361396,-0.1855256809629659,-0.2131710426433816,0.134754282131964,-0.1904296381555602,-0.0086519554148268,-0.0347736595615323,-0.156372097315549,-0.2231870615503152,0.1590372941289573,-0.1679207683899081,0.0011141060794682,-0.0864604070666753,-0.1490175030796257,-0.178443596,0.070107379071288,-0.1630431026557051,0.0618526052516574,-0.0675776142129137,-0.1667515678579341,-0.0609276489853318,0.0801369732313216,-0.4923200502871884,0.0624002998993993,-0.0391241293542397,-0.4429087823779712,-0.0909036964063255,0.0742028580803651,-0.7711706483614262,0.2144432359894698,-0.0827428062514752,-0.7824093226997497,0.0465484476238932,0.0577132514822028,-0.8017520739141601,0.233245334908491,-0.0861243704714809,-0.8121733491505939,0.0190617737227067,0.1031718975805274,-0.8300698711605671,0.1955670707163516,-0.0608440695836766,-0.8399552226410402,-0.0663973701520282,nijmegen_nijmegen_rennen_g_ch1_g11_compr.mp4,ch1g11,1.0027896581123762e-05,9.118721621105573e-06,1.6258741407573687e-05,6.4103016651140655e-06,1.1235808155414935e-05,9.42477720109504e-06,1.592562218985766e-05,3.87094087088353e-06,3.365354280076584e-06,4.196937893448213e-06,2.0882687568277444e-05,5.266433697149095e-06,1.7519903536092468e-05,1.643986991965397e-05,4.6260490984187225e-06,1.0321371548200569e-05,3.929865873106624e-06,2.4658318440962378e-05,4.675325624447233e-06,1.7310982656623686e-05,1.0140648078754884e-05,1.5752057437627616e-05,1.7290272138181848e-05,1.3191893782244296e-05,1.0767511968173822e-05,2.238708870965781e-06,1.3789386790519396e-05,1.831257311487789e-05,7.985380168899849e-06,2.7882843993972463e-05,2.067853081835775e-06,1.3914607440180647e-05,8.373528056387568e-06,2.193156893133073e-05,1.173873858978806e-05,0.0002062143159452,0.00020095647167,0.0002096692771178,0.0002083328966298,0.0002257158565761,0.0002281099004349,0.0002219382825666,0.000135277099953,0.0001946170007716,0.0001901203035837,0.0001962434808019,4.2284110030685427e-05,9.06927585982186e-05,7.554978957577937e-05,0.0001048838880435,9.079522505939302e-05,0.0001298131371165,7.939084808484989e-05,0.0001033207309105,3.6714031819838744e-05,0.0001091726113418,8.190896989932729e-05,0.0001308934435813,1.0865230511027216e-05,-9.853903168120094e-06,6.436724275388683e-05,-1.2625840567370916e-05,1.4974354917737694e-06,-8.452629794235714e-06,-9.5681385614551e-06,-8.910567621184253e-06,5.196556689977677e-05,-4.384185762097219e-05,2.8673579603704274e-07,7.5675105391221e-08,7.752831571560146e-07,-5.885417781437901e-08,1.6762573108684757e-06,6.678525352111512e-08,7.37174685883972e-07,1.336737250796308e-07,-1.0656471542548332e-07,3.990715282786608e-07,1.910788204835347e-07,6.654739586825419e-07,8.94709329533507e-07,7.868000889739451e-07,-6.37065155309176e-07,1.074022340323532e-06,-7.370844688265668e-07,3.150335392750285e-07,5.888364913898024e-07,8.489168024065749e-07,-1.2897036013353128e-07,6.845200464286381e-07,8.892279781727557e-07,5.310540106858128e-07,1.5431919626503874e-06,1.994507865004207e-07,5.850242423407631e-07,-1.334968216740053e-07,2.7976898483939297e-07,6.0813610559383e-07,1.6278799943152396e-07,7.379767429044915e-07,-6.894368127844235e-08,-2.031080039556248e-08,-2.6566338291042664e-08,-7.471238017382354e-08,3.136903037392881e-08,-9.376293697854382e-08,-2.3749688585479322e-08,-7.196262994603557e-08,1.5238042190644472e-08,1.0565992457208256e-08,-4.584773222952632e-08,1.350147263319109e-07,-1.2709652792792589e-07,-1.0343865405512688e-07,-7.28761046523415e-08,1.218792417061811e-07,-3.2573475954138734e-08,2.1257751144935594e-07,1.6152889409011557e-07,-1.1161258029445314e-07,-9.482727535561885e-08,9.905906740603296e-09,-7.778341787728926e-08,-1.0312743520299319e-07,-9.47245870298361e-08,-7.934338002169994e-08,-1.3831082865155136e-08,-1.1789264849830689e-07,1.6107814887015582e-07,-6.181850513200983e-08,1.523548622483001e-07,-8.138486480916066e-09,-1.5075337906488145e-07,-4.906909887311511e-09,2.0613225366037306e-07,no movement,no movement,no movement,no movement
10266.666666666652,0.0347742141676672,0.31219339182568,-0.2922789219865778,0.0424856964788406,0.3321709036820131,-0.2829313181414164,0.0446359278466345,0.3320524658728753,-0.2712614425903596,0.044057658917492,0.3320607852479507,-0.2762991319941416,0.0272606375827806,0.3414260906495926,-0.3079349029036708,0.0286880895505073,0.3393683141176898,-0.3207585528528737,0.0333036172993016,0.3297548412928152,-0.3007025661280683,0.052803729991017,0.3365111838137332,-0.1747215258822395,-0.0449822318729357,0.2997351263143574,-0.2327355045774564,0.0472789489702941,0.3114682993848813,-0.2367230956774936,0.0235327410675129,0.2820523745340952,-0.2815598607084168,0.1011982991460499,0.2168402316219072,-0.031723907047334,-0.119552864988195,0.2559438329353766,-0.0838293360012977,0.139996641032735,0.0450588712135297,0.0103134078538617,-0.1570155042124439,0.0102665227818317,-0.1264429264990731,0.1636574504891303,-0.1410769467434299,0.0091926725651363,-0.1064811826139578,-0.1522273736713247,-0.1679746066827586,0.1601152760129793,-0.1827382577497791,0.01326278792569,-0.0715603547613587,-0.1854215095558337,-0.2125559714723026,0.1352661446159074,-0.1904027943823971,-0.0082842860629336,-0.0346276928298086,-0.1562633465770465,-0.2225509067394142,0.1594078179140496,-0.1678418731287694,0.0014567393364025,-0.0863624862277368,-0.1488803799440538,-0.178025767,0.0700688070445739,-0.1630316450455137,0.0619217241060956,-0.0675350019812457,-0.166761942007883,-0.0609961648644419,0.0801298738372349,-0.4922490708700137,0.0622742066189989,-0.039042249297337,-0.4429268211941376,-0.0911139360016537,0.0739759878466812,-0.7711763406261372,0.2140441000713386,-0.0826564297445035,-0.7824337247509828,0.045996413699822,0.0574746766885641,-0.8017701324604445,0.2328273476030405,-0.0860264988243909,-0.8121999839150413,0.0184703073867334,0.1031275339522796,-0.8300199262623318,0.1954318687272526,-0.0606467317121492,-0.8400144328797832,-0.0668533741889358,nijmegen_nijmegen_rennen_g_ch1_g11_compr.mp4,ch1g11,1.0341461321715223e-05,9.189938436501322e-06,1.6951552538837625e-05,6.354211926335919e-06,1.3045655856977336e-05,9.490605900522846e-06,1.658672717733526e-05,3.906267418430651e-06,3.269739025604463e-06,4.621667799920578e-06,2.123431989423514e-05,5.816329536470363e-06,1.827980529413757e-05,1.7145054552078305e-05,4.200230366894187e-06,1.1495364426802314e-05,3.5745159697185406e-06,2.5165394325843297e-05,5.134875580889975e-06,1.8038854963584103e-05,1.017480470569485e-05,1.633937885217527e-05,1.804389233894327e-05,1.3608858582479157e-05,1.2435281227092234e-05,2.4266546281284243e-06,1.4236235110127909e-05,1.841975926421788e-05,8.092802242064114e-06,2.865019649948552e-05,2.2264350759151452e-06,1.4434135422976125e-05,8.375698883784924e-06,2.1949041987252985e-05,1.3453741725932332e-05,0.0002130378745951,0.0002086558493179,0.0002181480597668,0.0002166725751422,0.0002352532439817,0.0002375930531977,0.0002308553504716,0.0001407060038588,0.0002027934905871,0.0001961817306996,0.0002026886758724,3.799814409462535e-05,9.089592801516758e-05,6.880155325487263e-05,0.0001036187307895,8.236428648670645e-05,0.0001284488936827,7.06575003680782e-05,9.883820523107792e-05,2.5815634137179205e-05,0.0001026479837984,7.4643363299013e-05,0.0001294491059033,1.071835695118497e-05,-9.713423081193863e-06,6.602375324923711e-05,-1.5461696328335765e-05,-1.2024055949877775e-06,-1.494273948793492e-05,-1.2127540613517409e-05,-1.624550357645286e-05,4.8614527267041096e-05,-5.341729991993286e-05,2.647749332082492e-07,6.30779303558947e-08,6.742686557621344e-07,-4.1402652043806445e-08,1.4386444351305875e-06,6.066864004552843e-08,6.415257863265693e-07,1.385522179226551e-07,-8.262910219117252e-08,3.295358010984344e-07,3.0888295093141194e-07,4.718904198367272e-07,7.564353518561263e-07,6.853047202898652e-07,-4.515733646387138e-07,9.51482768950502e-07,-4.7060505157786107e-07,4.474292031201318e-07,4.147706068322764e-07,7.212817503622482e-07,-7.271076535207887e-08,5.891238902043525e-07,7.528888711823168e-07,4.299232105567252e-07,1.3260493270651571e-06,1.727240476724976e-07,4.572314863643263e-07,4.0942731661277366e-08,1.9364567294409566e-07,7.026331096403678e-07,1.439231577264137e-07,5.541641362371887e-07,-4.532787355594543e-08,-1.6966314853921286e-08,-1.1329363036490298e-08,-8.58025806632596e-08,2.4877726445773573e-08,-2.344576162561524e-07,-5.4441322959958e-09,-8.061738645941166e-08,4.233617319794762e-09,2.3157621216300576e-08,-6.853430478168654e-08,1.153185405643658e-07,-1.6924054806436926e-07,-1.1810505176304849e-07,-8.561900548154978e-08,1.629660017928599e-07,-1.134986389465619e-07,2.2885309465463827e-07,1.3046790859121945e-07,-1.493552904601418e-07,-1.0765241605625759e-07,4.662287507767242e-08,-8.069689689244527e-08,-1.1753344150813321e-07,-8.66321192798487e-08,-2.145030514003537e-07,-2.517783820774421e-08,-1.101383240757665e-07,1.6238459173323077e-07,-6.596976619380918e-08,9.96111786971038e-08,-1.7783334999005757e-08,-1.5780556147155274e-07,2.1620039066710892e-08,2.3167634560446995e-07,no movement,no movement,no movement,no movement
10283.333333333318,0.0349569531257091,0.3124201528264796,-0.2909346851545422,0.0426801084222711,0.3323935085006008,-0.2815320996513162,0.0448338956238323,0.3322853616698303,-0.2698710425198368,0.0442521546634572,0.3322921260399697,-0.2749193616851316,0.0274616518754356,0.3416768288726182,-0.3065869282251391,0.0288926717991631,0.3396215535793891,-0.3194024420873564,0.0335101567178112,0.3300008306292319,-0.2993609776326289,0.0529080786662469,0.336661707103819,-0.1733785526884687,-0.0448474638464835,0.2999504294338747,-0.2315878464617723,0.0474007630223957,0.3116769142089861,-0.2354126421751576,0.0236645719170984,0.2822673454339935,-0.2802993623384502,0.1011560568755835,0.2168796211601497,-0.030722376067601,-0.1194483360149588,0.2560384577648968,-0.0831060226084835,0.1399828555274574,0.0451325332967366,0.0108656850224998,-0.1569926751220212,0.0103747081926589,-0.1260663459653689,0.1639738716993264,-0.1409897552257908,0.0095436929700309,-0.1063913701501076,-0.152091996090471,-0.1674431508758621,0.160558618871977,-0.1826634360032004,0.0136164946880993,-0.0714540722865778,-0.1853173381487013,-0.2119409003012236,0.1357780070998508,-0.1903759506092341,-0.0079166167110404,-0.0344817260980849,-0.1561545958385439,-0.2219147519285132,0.1597783416991419,-0.1677629778676308,0.0017993725933369,-0.0862645653887983,-0.1487432568084818,-0.176334605,0.0700302350178598,-0.1630201874353221,0.0619908429605339,-0.0674923897495777,-0.166772316157832,-0.0610646807435521,0.0801227744431482,-0.4921780914528391,0.0621481133385984,-0.0389603692404341,-0.4429448600103041,-0.0913241755969818,0.0737491176129971,-0.7711820328908477,0.2136449641532073,-0.0825700532375317,-0.7824581268022159,0.0454443797757508,0.0572361018949255,-0.8017881910067288,0.23240936029759,-0.0859286271773009,-0.812226618679489,0.0178788410507601,0.1030831703240318,-0.8299699813640964,0.1952966667381536,-0.0604493938406218,-0.8400736431185261,-0.0673093782258435,nijmegen_nijmegen_rennen_g_ch1_g11_compr.mp4,ch1g11,1.0597209505896808e-05,9.330507909930758e-06,1.7609234923118705e-05,6.342152343323765e-06,1.4384935802289027e-05,9.665152234870468e-06,1.7213570629377943e-05,4.080178202005634e-06,3.2524733612481125e-06,4.913895944490416e-06,2.1696182253033815e-05,6.156969499754574e-06,1.900098522151813e-05,1.7809766636747894e-05,3.9910435932791275e-06,1.2446533552527403e-05,3.5312861455772017e-06,2.5781045950484468e-05,5.4113268052840516e-06,1.8732787350282265e-05,1.0342334536986865e-05,1.6942001037155745e-05,1.8760112582131528e-05,1.4056786653231349e-05,1.367279187712834e-05,2.585036751890962e-06,1.469757014828588e-05,1.867937628879136e-05,8.22164586801379e-06,2.948719264214168e-05,2.363093595337678e-06,1.488693232065007e-05,8.478428755147043e-06,2.218397623747652e-05,1.4704682774845992e-05,0.0002202336755375,0.0002165703218245,0.0002267382839416,0.0002251766609971,0.0002445345809261,0.0002468231707596,0.0002395410047233,0.0001465940492103,0.0002102649542054,0.0002027536435947,0.0002091692940061,3.563561224397149e-05,9.15463143758822e-05,6.572285341821227e-05,0.0001033103519112,7.822722751603076e-05,0.0001287353321751,6.638609228110954e-05,9.696367772978644e-05,1.966810821078053e-05,9.953676434976128e-05,7.124834408988361e-05,0.0001301242404637,1.072310569941742e-05,-9.714814701876764e-06,6.908517469046891e-05,-1.7918576788043153e-05,-4.196612549412324e-06,-2.2311577084688728e-05,-1.5394267720657823e-05,-2.4538393269233437e-05,4.7838452430265864e-05,-5.899229025248425e-05,2.246961812713679e-07,7.513102296987387e-08,5.482681019140608e-07,-1.2786093702209485e-08,1.0970700447164806e-06,7.982344507921502e-08,5.233650231657304e-07,1.1708788062684521e-07,-4.981687340574632e-08,2.416312485597747e-07,3.763972234971151e-07,2.70956462083579e-07,5.958745549196705e-07,5.567964053959862e-07,-2.43339543970427e-07,7.524692253046039e-07,-2.428161980045021e-07,5.10498917260778e-07,2.359144238751314e-07,5.720068718597274e-07,1.2362048791213678e-08,4.791514010034812e-07,5.935929729234001e-07,3.330879184520119e-07,1.010398653791128e-06,1.3596135445308922e-07,3.404007857485895e-07,1.815120809786384e-07,1.1203104922042958e-07,7.078534134997607e-07,1.159207165884535e-07,3.779926947593409e-07,7.85217018468675e-09,-2.0406698708960977e-08,-9.177698305218203e-10,-1.033300869365535e-07,2.097106946701161e-08,-3.317878201090896e-07,5.293931094886202e-09,-9.627675623450209e-08,-9.910255696972345e-09,3.1227375582417766e-08,-8.02546473111455e-08,7.544711631500693e-08,-1.814504953625474e-07,-1.3539759079927945e-07,-1.0458061410852832e-07,1.7926237385683818e-07,-1.795009753698143e-07,2.1741331739092005e-07,7.619670065178178e-08,-1.6023880082834544e-07,-1.243431410440176e-07,6.482051876726794e-08,-9.117519375595584e-08,-1.345945207366995e-07,-8.274944236049755e-08,-3.0745035326910816e-07,-3.415536378802809e-08,-1.0328060757623921e-07,1.377408640268486e-07,-6.365721423398068e-08,2.808960403768937e-08,-2.5893505810620425e-08,-1.5427352675022346e-07,3.696309058890673e-08,2.2704222593980981e-07,no movement,no movement,no movement,no movement
10299.999999999984,0.0351396920837509,0.3126469138272794,-0.2895904483225066,0.0428745203657017,0.3326161133191886,-0.2801328811612161,0.04503186340103,0.3325182574667851,-0.268480642449314,0.0444466504094225,0.3325234668319887,-0.2735395913761216,0.0276626661680905,0.3419275670956439,-0.3052389535466074,0.0290972540478189,0.3398747930410884,-0.3180463313218392,0.033716696136321,0.3302468199656485,-0.2980193891371895,0.0530124273414768,0.3368122303939049,-0.1720355794946978,-0.0447126958200314,0.3001657325533919,-0.2304401883460883,0.0475225770744974,0.3118855290330909,-0.2341021886728217,0.0237964027666839,0.2824823163338917,-0.2790388639684836,0.101113814605117,0.2169190106983924,-0.029720845087868,-0.1193438070417226,0.2561330825944169,-0.0823827092156692,0.1399690700221799,0.0452061953799434,0.0114179621911378,-0.1569698460315984,0.0104828936034862,-0.1256897654316648,0.1642902929095225,-0.1409025637081518,0.0098947133749254,-0.1063015576862573,-0.1519566185096175,-0.1669116950689655,0.1610019617309747,-0.1825886142566218,0.0139702014505087,-0.0713477898117969,-0.1852131667415691,-0.2113258291301446,0.1362898695837943,-0.1903491068360709,-0.0075489473591472,-0.0343357593663612,-0.1560458451000414,-0.2212785971176122,0.1601488654842343,-0.1676840826064921,0.0021420058502713,-0.0861666445498597,-0.1486061336729099,-0.175649032,0.0699916629911457,-0.1630087298251307,0.0620599618149722,-0.0674497775179097,-0.166782690307781,-0.0611331966226622,0.0801156750490615,-0.4921071120356644,0.062022020058198,-0.0388784891835313,-0.4429628988264705,-0.09153441519231,0.0735222473793132,-0.7711877251555582,0.213245828235076,-0.0824836767305599,-0.7824825288534489,0.0448923458516796,0.0569975271012868,-0.8018062495530132,0.2319913729921395,-0.085830755530211,-0.8122532534439366,0.0172873747147868,0.103038806695784,-0.8299200364658612,0.1951614647490546,-0.0602520559690944,-0.8401328533572696,-0.0677653822627512,nijmegen_nijmegen_rennen_g_ch1_g11_compr.mp4,ch1g11,1.0823249682070974e-05,9.5593728542665e-06,1.808970590551259e-05,6.361927932261394e-06,1.52028085809287e-05,9.923361477168735e-06,1.7677395849415964e-05,4.268564317950489e-06,3.3025267366007502e-06,5.1438951217712874e-06,2.2255983149571177e-05,6.30276115489064e-06,1.9504920325130512e-05,1.829640123274379e-05,4.050762569370738e-06,1.2707026565001428e-05,3.695375132206871e-06,2.6471270443747296e-05,5.571954283875204e-06,1.92283388040092e-05,1.0658438051404703e-05,1.739765031851121e-05,1.925584492838382e-05,1.4382693391110998e-05,1.439429245984422e-05,2.682859372939565e-06,1.5023484908206386e-05,1.9130641839639625e-05,8.301401489656832e-06,3.031685741089831e-05,2.4511240861752906e-06,1.5157353627313266e-05,8.71273754370587e-06,2.2676989901046395e-05,1.5435100581503294e-05,0.0002251467759622,0.0002216402720104,0.0002321716145508,0.0002305693488117,0.0002501585125647,0.0002525435378915,0.0002450639199139,0.0001501227783478,0.0002147110992606,0.000207073611326,0.0002133643246177,3.530981471316295e-05,9.200471150588822e-05,6.669086673244433e-05,0.0001035619705107,7.888289070623772e-05,0.0001311370387992,6.655213306027381e-05,9.863610744842849e-05,1.844086919078661e-05,0.0001014209916019,7.182034301955109e-05,0.000132972821797,1.094673279315524e-05,-9.908920896202584e-06,7.095804070398624e-05,-1.943628052847441e-05,-8.742597030535457e-06,-2.799789119212823e-05,-2.060693994453189e-05,-3.084836200614806e-05,4.686685465475344e-05,-6.242214464032925e-05,1.8281724335773878e-07,8.826676999123958e-08,4.08604770995647e-07,1.659867573117674e-08,7.190257157111545e-07,9.96708543046125e-08,3.9253680189493587e-07,8.509662938736843e-08,-6.550352120285698e-09,1.646625327298472e-07,3.875319270828246e-07,1.282193670494562e-07,4.300891607233837e-07,4.13915540597216e-07,-6.141424322697687e-08,5.074803813305264e-07,-3.793957607173134e-08,5.001398032777677e-07,1.1129761861299741e-07,4.166588493199142e-07,9.87781845487637e-08,3.633074447506746e-07,4.281840098408333e-07,2.514957745519031e-07,6.593752983238446e-07,9.26332897222553e-08,2.471979790837322e-07,2.700288910422225e-07,6.395357356914729e-08,6.329395311405879e-07,8.140375212904627e-08,2.3860619032464437e-07,6.45601891288806e-08,-2.8331523152025793e-08,2.653406944338522e-09,-1.209596757651545e-07,2.1434557885404933e-08,-3.845985227639835e-07,7.223502491451408e-09,-1.129352627843388e-07,-2.3154411076227316e-08,3.397057253312819e-08,-8.522536067630543e-08,2.5019049622342297e-08,-1.663042267432981e-07,-1.4873465742834998e-07,-1.2325676835973726e-07,1.7080257856040878e-07,-2.156364052244061e-07,1.7924080643867674e-07,1.063581303195326e-08,-1.47672936116947e-07,-1.383274713795723e-07,6.205051933877843e-08,-1.0351370407228393e-07,-1.4772101850858718e-07,-8.008628607464986e-08,-3.565905899268027e-07,-3.9698744562175994e-08,-9.496498243361093e-08,9.383356418932921e-08,-5.197977606173622e-08,-4.8680737783791254e-08,-3.145504926556614e-08,-1.383840255359526e-07,3.8476582668478435e-08,1.960733012205196e-07,no movement,no movement,no movement,no movement
10316.66666666665,0.0353224310417928,0.3128736748280791,-0.288246211490471,0.0430689323091322,0.3328387181377765,-0.278733662671116,0.0452298311782278,0.33275115326374,-0.2670902423787912,0.0446411461553877,0.3327548076240077,-0.2721598210671116,0.0278636804607455,0.3421783053186695,-0.3038909788680757,0.0293018362964747,0.3401280325027877,-0.3166902205563219,0.0339232355548307,0.3304928093020651,-0.2966778006417502,0.0531167760167066,0.3369627536839909,-0.170692606300927,-0.0445779277935792,0.3003810356729092,-0.2292925302304042,0.0476443911265989,0.3120941438571958,-0.2327917351704858,0.0239282336162694,0.28269728723379,-0.2777783655985169,0.1010715723346506,0.2169584002366349,-0.0287193141081349,-0.1192392780684865,0.2562277074239371,-0.081659395822855,0.1399552845169024,0.0452798574631503,0.0119702393597758,-0.1569470169411757,0.0105910790143135,-0.1253131848979607,0.1646067141197186,-0.1408153721905127,0.01024573377982,-0.1062117452224071,-0.1518212409287638,-0.166380239262069,0.1614453045899725,-0.1825137925100432,0.014323908212918,-0.071241507337016,-0.1851089953344369,-0.2107107579590657,0.1368017320677377,-0.1903222630629078,-0.0071812780072539,-0.0341897926346375,-0.1559370943615389,-0.2206424423067112,0.1605193892693266,-0.1676051873453535,0.0024846391072057,-0.0860687237109212,-0.148469010537338,-0.175703272,0.0699530909644316,-0.1629972722149392,0.0621290806694104,-0.0674071652862417,-0.16679306445773,-0.0612017125017723,0.0801085756549749,-0.4920361326184896,0.0618959267777975,-0.0387966091266284,-0.4429809376426369,-0.0917446547876381,0.0732953771456292,-0.7711934174202689,0.2128466923169448,-0.0823973002235881,-0.7825069309046819,0.0443403119276084,0.0567589523076482,-0.8018243080992974,0.231573385686689,-0.085732883883121,-0.812279888208384,0.0166959083788135,0.1029944430675362,-0.8298700915676257,0.1950262627599556,-0.060054718097567,-0.8401920635960126,-0.0682213862996589,nijmegen_nijmegen_rennen_g_ch1_g11_compr.mp4,ch1g11,1.0899345578007223e-05,9.615473653619912e-06,1.8256873950230343e-05,6.374987679052061e-06,1.5516504224646416e-05,9.985307095606962e-06,1.7837931514400512e-05,4.316237822422998e-06,3.3074778678203615e-06,5.22289326113427e-06,2.2420088481523116e-05,6.377546444197434e-06,1.9684802713558407e-05,1.8465844811297737e-05,4.030170517314095e-06,1.2885030312911933e-05,3.7011138444137314e-06,2.6679228603390707e-05,5.640041399229541e-06,1.9403035241769484e-05,1.0724003242363776e-05,1.7550900500995656e-05,1.9433825905297767e-05,1.449425681089534e-05,1.4680296682012902e-05,2.720579713475313e-06,1.5137729426255402e-05,1.9248076612782005e-05,8.338430976776165e-06,3.057869865478865e-05,2.4842352771780203e-06,1.526918630159185e-05,8.760579995494853e-06,2.2799748445578903e-05,1.5726448348465147e-05,0.0002268852196067,0.0002234998142833,0.0002341841774281,0.0002325608823056,0.0002523338145741,0.000254726038439,0.0002471394561007,0.0001514507065637,0.0002165220136957,0.0002086304377199,0.0002149271976218,3.49188331387753e-05,9.227817319688428e-05,6.638225610086854e-05,0.0001037425485167,7.842193244869444e-05,0.0001315785323356,6.598271575912815e-05,9.860137020241186e-05,1.7345332514091962e-05,0.0001011978738059,7.143716559970077e-05,0.0001334938804753,1.098888482506422e-05,-9.94585812424463e-06,7.164140169594189e-05,-1.999980151164542e-05,-9.687247009658872e-06,-2.973931808438404e-05,-2.168514982660304e-05,-3.279365076428992e-05,4.6537001045838334e-05,-6.389006511330116e-05,1.6241000649832338e-07,8.546862305141996e-08,3.38555118872343e-07,3.05075058207812e-08,5.238257609667177e-07,9.776443335383693e-08,3.265467041274122e-07,7.013748374331598e-08,9.036397687257744e-09,1.215577693875973e-07,3.833337087611413e-07,5.6399657721330256e-08,3.4803215449559205e-07,3.4271043825853444e-07,1.324388958602552e-08,3.9583014744778473e-07,3.7084757297314086e-08,4.849361805615655e-07,4.782759292596453e-08,3.3946026080276186e-07,1.1792938704514067e-07,3.027152371574109e-07,3.465867079543688e-07,2.066847886192958e-07,4.795366197432928e-07,7.170319641280103e-08,1.968268794806056e-07,2.994682753706731e-07,4.340789075646323e-08,5.874392954202471e-07,6.447078521047553e-08,1.72589711233088e-07,7.670062386148893e-08,-3.0239598490050206e-08,4.007045995303413e-09,-1.2564227914547758e-07,1.9959290572495474e-08,-4.040165263582056e-07,7.839138219389755e-09,-1.1730850143230773e-07,-2.7265589925820215e-08,3.436662479564714e-08,-8.670144594342314e-08,3.2470693344049962e-09,-1.593287122763515e-07,-1.5131036451703518e-07,-1.2829980369135846e-07,1.6408282050328504e-07,-2.303920630326214e-07,1.6150048010004659e-07,-1.7047769393837674e-08,-1.4159680615456914e-07,-1.4124732155554185e-07,6.000594631068311e-08,-1.0630804420869365e-07,-1.502586258380025e-07,-7.734312238043218e-08,-3.75019535613272e-07,-4.15639535961381e-08,-8.977919251289934e-08,7.381014126399189e-08,-4.63761609766448e-08,-8.014210214339646e-08,-3.3435023488935024e-08,-1.296315116350514e-07,3.8611380815159e-08,1.8106777359731764e-07,no movement,no movement,no movement,no movement
10333.333333333316,0.0355051699998345,0.3131004358288788,-0.2869019746584355,0.0432633442525626,0.3330613229563643,-0.2773344441810159,0.0454277989554256,0.3329840490606948,-0.2656998423082684,0.044835641901353,0.3329861484160267,-0.2707800507581016,0.0280646947534004,0.3424290435416952,-0.302543004189544,0.0295064185451305,0.3403812719644871,-0.3153341097908047,0.0341297749733403,0.3307387986384818,-0.2953362121463108,0.0532211246919366,0.3371132769740769,-0.1693496331071561,-0.0444431597671271,0.3005963387924264,-0.2281448721147201,0.0477662051787006,0.3123027586813006,-0.2314812816681498,0.0240600644658549,0.2829122581336883,-0.2765178672285503,0.1010293300641842,0.2169977897748774,-0.0277177831284019,-0.1191347490952503,0.2563223322534573,-0.0809360824300407,0.1399414990116249,0.0453535195463571,0.0125225165284139,-0.1569241878507529,0.0106992644251408,-0.1249366043642566,0.1649231353299148,-0.1407281806728737,0.0105967541847145,-0.1061219327585568,-0.1516858633479103,-0.1658487834551724,0.1618886474489701,-0.1824389707634645,0.0146776149753274,-0.071135224862235,-0.1850048239273046,-0.2100956867879867,0.1373135945516812,-0.1902954192897447,-0.0068136086553607,-0.0340438259029138,-0.1558283436230364,-0.2200062874958102,0.1608899130544189,-0.1675262920842148,0.00282727236414,-0.0859708028719826,-0.148331887401766,-0.175445378,0.0699145189377175,-0.1629858146047477,0.0621981995238487,-0.0673645530545737,-0.1668034386076789,-0.0612702283808824,0.0801014762608881,-0.491965153201315,0.0617698334973971,-0.0387147290697257,-0.4429989764588034,-0.0919548943829662,0.0730685069119452,-0.7711991096849795,0.2124475563988135,-0.0823109237166163,-0.782531332955915,0.0437882780035372,0.0565203775140095,-0.8018423666455817,0.2311553983812385,-0.085635012236031,-0.8123065229728316,0.0161044420428402,0.1029500794392884,-0.8298201466693903,0.1948910607708566,-0.0598573802260396,-0.8402512738347555,-0.0686773903365665,nijmegen_nijmegen_rennen_g_ch1_g11_compr.mp4,ch1g11,1.1013155572259364e-05,9.71021547457646e-06,1.8466866705405415e-05,6.426766322741955e-06,1.580330207754452e-05,1.0087609471460764e-05,1.804113427102506e-05,4.379484638442575e-06,3.33499570213493e-06,5.3072398706452415e-06,2.269256636855628e-05,6.438910802887555e-06,1.990726206302172e-05,1.86786000726992e-05,4.067748897200099e-06,1.3059286277616242e-05,3.762168954472897e-06,2.7011891384482875e-05,5.697849061503295e-06,1.962138629992203e-05,1.084346283352707e-05,1.7747769310915507e-05,1.9653606592259142e-05,1.464273023035171e-05,1.4941099197528816e-05,2.7607714131185565e-06,1.5287982213519307e-05,1.947493665257572e-05,8.400291338931432e-06,3.096975141785727e-05,2.520769352826775e-06,1.5410932335709968e-05,8.850273699449443e-06,2.305236102099618e-05,1.59906825732384e-05,0.0002291736811,0.0002258568238896,0.0002366980492447,0.0002350554171824,0.0002550178170758,0.0002574370444205,0.0002497549735906,0.0001530856979026,0.0002187627518109,0.0002106814201633,0.0002169874760063,3.495968132269062e-05,9.291258129215388e-05,6.698440161745522e-05,0.0001045716672082,7.903162172963405e-05,0.00013268922378,6.645879522446427e-05,9.931754963004905e-05,1.7192604378951447e-05,0.0001019453335534,7.196510282783353e-05,0.0001347024029448,1.1116292722182183e-05,-1.0059815107782262e-05,7.250231518158614e-05,-2.0496715863505554e-05,-1.0438521632511468e-05,-3.152810360617037e-05,-2.2688038463727222e-05,-3.476517234925639e-05,4.658250837531294e-05,-6.532441782824446e-05,1.1913441363973209e-07,7.697840997702989e-08,1.961268750492196e-07,5.6223195036088586e-08,1.3468797498157741e-07,8.883412814256929e-08,1.9201774183376577e-07,3.8188776109402365e-08,3.671769323807978e-08,3.8203902069332894e-08,3.414776823263768e-07,-6.329828083076957e-08,1.8670150439859298e-07,1.9796092961273653e-07,1.35370817459484e-07,1.6871022983819433e-07,1.4751107164704e-07,4.141631334688179e-07,-5.7679595795233214e-08,1.8676803312094533e-07,1.3938967976935614e-07,1.7996477243168005e-07,1.8605717626963313e-07,1.213165921521433e-07,1.212514309959836e-07,2.9859633946242974e-08,1.0478234837357369e-07,3.207584964317321e-07,1.5393522103900236e-08,4.5619598459980347e-07,2.9876855029741153e-08,6.04431367444279e-08,9.18876426853372e-08,-3.467789783717847e-08,3.6380522599229117e-09,-1.3091393891898037e-07,1.7066805940871754e-08,-4.115795059088532e-07,5.298596727061113e-09,-1.2256195178041877e-07,-3.2759464765499374e-08,3.176269882605813e-08,-8.41372202805328e-08,-4.0257495981695843e-08,-1.334377377651815e-07,-1.5083614039124628e-07,-1.3394532512486826e-07,1.3737861003940237e-07,-2.426365417376489e-07,1.16741802105814e-07,-7.055317571358036e-08,-1.1863943503778385e-07,-1.420368838861248e-07,4.675885835397315e-08,-1.0946969094170945e-07,-1.4980891087866296e-07,-7.161995728511888e-08,-3.821570360676453e-07,-4.2575906039680734e-08,-7.854671074136825e-08,2.8345222935800245e-08,-3.263959241663571e-08,-1.3616902313170442e-07,-3.5189499466345664e-08,-1.0718850157641788e-07,3.2643137287728394e-08,1.4135361844999832e-07,no movement,no movement,no movement,no movement
10349.999999999982,0.0356879089578764,0.3133271968296784,-0.2855577378263998,0.0434577561959931,0.3332839277749521,-0.2759352256909158,0.0456257667326234,0.3332169448576497,-0.2643094422377456,0.0450301376473182,0.3332174892080458,-0.2694002804490916,0.0282657090460554,0.3426797817647208,-0.3011950295110123,0.0297110007937862,0.3406345114261864,-0.3139779990252874,0.03433631439185,0.3309847879748984,-0.2939946236508715,0.0533254733671665,0.3372638002641627,-0.1680066599133853,-0.0443083917406749,0.3008116419119436,-0.226997213999036,0.0478880192308022,0.3125113735054054,-0.2301708281658139,0.0241918953154405,0.2831272290335865,-0.2752573688585837,0.1009870877937177,0.21703717931312,-0.0267162521486689,-0.1190302201220142,0.2564169570829774,-0.0802127690372265,0.1399277135063474,0.045427181629564,0.0130747936970519,-0.1569013587603302,0.0108074498359681,-0.1245600238305525,0.1652395565401109,-0.1406409891552346,0.0109477745896091,-0.1060321202947065,-0.1515504857670568,-0.1653173276482759,0.1623319903079679,-0.1823641490168859,0.0150313217377367,-0.0710289423874542,-0.1849006525201723,-0.2094806156169077,0.1378254570356246,-0.1902685755165816,-0.0064459393034675,-0.0338978591711902,-0.1557195928845338,-0.2193701326849092,0.1612604368395113,-0.1674473968230762,0.0031699056210744,-0.0858728820330441,-0.1481947642661941,-0.17564483,0.0698759469110034,-0.1629743569945562,0.062267318378287,-0.0673219408229057,-0.1668138127576279,-0.0613387442599926,0.0800943768668014,-0.4918941737841403,0.0616437402169966,-0.0386328490128228,-0.4430170152749699,-0.0921651339782944,0.0728416366782612,-0.7712048019496902,0.2120484204806823,-0.0822245472096445,-0.7825557350071481,0.043236244079466,0.0562818027203709,-0.8018604251918661,0.230737411075788,-0.0855371405889411,-0.8123331577372791,0.0155129757068669,0.1029057158110405,-0.8297702017711551,0.1947558587817576,-0.0596600423545122,-0.840310484073499,-0.0691333943734742,nijmegen_nijmegen_rennen_g_ch1_g11_compr.mp4,ch1g11,1.107887659892122e-05,9.778800677532597e-06,1.8524350387305244e-05,6.505741673811227e-06,1.5668254469454e-05,1.0157959199193233e-05,1.809972694191844e-05,4.399280401291912e-06,3.381449456733959e-06,5.300162866960293e-06,2.287872238415756e-05,6.396933125736425e-06,1.996264955375519e-05,1.873654450689555e-05,4.190213437920831e-06,1.30135311033299e-05,3.8637124074812635e-06,2.7221337795875692e-05,5.663279812949991e-06,1.967984816437248e-05,1.0938881750911682e-05,1.7809907728249227e-05,1.9707832251402573e-05,1.47011840760722e-05,1.4816370314227531e-05,2.75763616459515e-06,1.5344847901708305e-05,1.9672707145423463e-05,8.449632739416482e-06,3.117647576293594e-05,2.520490061390168e-06,1.5457920493233517e-05,8.925881506456107e-06,2.329212125381035e-05,1.5861827370391148e-05,0.0002300402335454,0.0002265831099972,0.000237400841286,0.0002357658109608,0.0002557141623448,0.0002581705520489,0.000250528115575,0.0001535145306108,0.0002193631416364,0.0002114713064073,0.0002177895967276,3.5964517364760486e-05,9.366420032957182e-05,6.890009114367996e-05,0.0001059021166966,8.129406537261955e-05,0.0001339934297621,6.86853325850427e-05,0.0001008701130057,1.9309403117619947e-05,0.0001039714927821,7.389061627625777e-05,0.0001360164434138,1.1278494297774484e-05,-1.0206825888625242e-05,7.271662959732505e-05,-2.025888479114639e-05,-9.854963514025265e-06,-3.115729651946437e-05,-2.230505956763168e-05,-3.4294368560091125e-05,4.73800012376419e-05,-6.490212836474846e-05,7.393515656429768e-08,6.428224498058064e-08,5.826036038027728e-08,7.717206791948697e-08,-2.2187291875157105e-07,7.28759703412387e-08,6.121480007463129e-08,6.323342421479061e-09,5.7323278171489674e-08,-3.5644474655202316e-08,2.6025921096316256e-07,-1.446727637416053e-07,3.7364043818255175e-08,5.796091869913742e-08,2.141874754327549e-07,-4.6445947522202136e-08,2.0242295342966977e-07,2.976055613783864e-07,-1.2896855486820577e-07,4.416484627737121e-08,1.3679339070915058e-07,6.119964900457827e-08,3.733484543884155e-08,4.4364160968010816e-08,-2.064919432646518e-07,-9.015160881201598e-09,2.6962648999655944e-08,2.930120982457297e-07,4.013689391465682e-09,2.8379831690295313e-07,-3.176668060261394e-09,-2.2021245668542404e-08,9.342260071707265e-08,-3.891425249246921e-08,-5.634260701803457e-10,-1.286699878282755e-07,1.3611662852426088e-08,-3.748636458174686e-07,-1.6421220856180026e-09,-1.2114290661357848e-07,-3.4022863886495636e-08,2.4798311275876673e-08,-7.401735054474455e-08,-7.964963451341975e-08,-9.404953901677565e-08,-1.4130444902814118e-07,-1.3158855710570752e-07,9.52002514051848e-08,-2.296118450189433e-07,6.340419043664296e-08,-1.1646091909904361e-07,-8.345636511218172e-08,-1.344632868378113e-07,2.3281024141089712e-08,-1.07613366219406e-07,-1.404371568862091e-07,-6.496443554059101e-08,-3.4746142394866217e-07,-3.9613563320617544e-08,-6.609448107627335e-08,-2.0298512419544993e-08,-1.7042927416458898e-08,-1.774427638233023e-07,-3.3625928806172564e-08,-7.95619928490454e-08,1.9313150324820625e-08,9.828892251216049e-08,no movement,no movement,no movement,no movement
10366.666666666648,0.0358706479159183,0.3135539578304782,-0.2842135009943642,0.0436521681394237,0.3335065325935399,-0.2745360072008157,0.0458237345098212,0.3334498406546046,-0.2629190421672228,0.0452246333932835,0.3334488300000647,-0.2680205101400816,0.0284667233387104,0.3429305199877465,-0.2998470548324806,0.029915583042442,0.3408877508878857,-0.3126218882597702,0.0345428538103597,0.3312307773113151,-0.292653035155432,0.0534298220423963,0.3374143235542486,-0.1666636867196144,-0.0441736237142227,0.3010269450314609,-0.2258495558833519,0.0480098332829038,0.3127199883295102,-0.228860374663478,0.0243237261650259,0.2833421999334848,-0.273996870488617,0.1009448455232513,0.2170765688513626,-0.0257147211689358,-0.118925691148778,0.2565115819124976,-0.0794894556444123,0.1399139280010699,0.0455008437127708,0.01362707086569,-0.1568785296699074,0.0109156352467954,-0.1241834432968484,0.1655559777503071,-0.1405537976375956,0.0112987949945036,-0.1059423078308562,-0.1514151081862031,-0.1647858718413793,0.1627753331669656,-0.1822893272703073,0.015385028500146,-0.0709226599126732,-0.1847964811130401,-0.2088655444458287,0.138337319519568,-0.1902417317434186,-0.0060782699515743,-0.0337518924394665,-0.1556108421460313,-0.2187339778740082,0.1616309606246037,-0.1673685015619375,0.0035125388780088,-0.0857749611941055,-0.1480576411306222,-0.180434465,0.0698373748842894,-0.1629628993843647,0.0623364372327252,-0.0672793285912377,-0.1668241869075768,-0.0614072601391027,0.0800872774727148,-0.4918231943669656,0.0615176469365962,-0.03855096895592,-0.4430350540911362,-0.0923753735736225,0.0726147664445773,-0.7712104942144008,0.211649284562551,-0.0821381707026727,-0.7825801370583811,0.0426842101553949,0.0560432279267322,-0.8018784837381504,0.2303194237703375,-0.085439268941851,-0.8123597925017266,0.0149215093708935,0.1028613521827927,-0.8297202568729197,0.1946206567926586,-0.0594627044829848,-0.8403696943122421,-0.0695893984103819,nijmegen_nijmegen_rennen_g_ch1_g11_compr.mp4,ch1g11,1.1102249393356116e-05,9.819797591287807e-06,1.84557062284414e-05,6.600486692867883e-06,1.5191924467280862e-05,1.0195355170660384e-05,1.8038540038056018e-05,4.379732360828457e-06,3.4394488896137425e-06,5.218125199017496e-06,2.297336902308835e-05,6.276402487583577e-06,1.988122186203445e-05,1.8666385911228917e-05,4.367757686902032e-06,1.2792939591401552e-05,3.97811872467376e-06,2.7305886900144705e-05,5.5579044268039185e-06,1.9606820848381174e-05,1.1003433496145128e-05,1.7759992443079876e-05,1.96266290505672e-05,1.46855332059386e-05,1.4379729783044665e-05,2.7193109895157612e-06,1.532575898448525e-05,1.982403302011831e-05,8.488951603025346e-06,3.120826673371618e-05,2.489965311487576e-06,1.5430735210948626e-05,8.9818507835869e-06,2.3496051619598143e-05,1.541644998859557e-05,0.0002297474566547,0.0002259887477295,0.0002366392916593,0.0002350327369313,0.0002548140629277,0.0002573102473379,0.0002498077198086,0.0001529837108695,0.0002186507903599,0.0002112408010431,0.0002175784172801,3.7679922931801814e-05,9.449154467270052e-05,7.166684427735937e-05,0.0001075328268899,8.463553076840429e-05,0.0001353383148215,7.206805999302829e-05,0.0001029435742199,2.3008319645847396e-05,0.0001068139761288,7.672897791400791e-05,0.0001372889356493,1.144847906342182e-05,-1.0362344924833826e-05,7.237626301654203e-05,-1.9462672117685412e-05,-8.256006620651933e-06,-2.897745909375671e-05,-2.0831936680678073e-05,-3.178284330306715e-05,4.8669571881074144e-05,-6.297333691328223e-05,2.9315905604015352e-08,4.757416170319971e-08,-6.393039162019876e-08,9.03717601321989e-08,-5.065741761140476e-07,5.0725673713508955e-08,-5.541668781780777e-08,-2.1835612379246885e-08,6.83454445054003e-08,-9.298001388233627e-08,1.503297072349706e-07,-1.83004053129053e-07,-8.875064541607097e-08,-6.594549395815799e-08,2.44479327056849e-07,-2.2735710316094298e-07,2.034409960994676e-07,1.5028389185841696e-07,-1.6194880724209414e-07,-7.75908856641043e-08,1.1122584900632294e-07,-4.4551361448132554e-08,-8.837691548507787e-08,-2.0242905196230145e-08,-4.67452509294827e-07,-4.1104475814971464e-08,-3.34478093332709e-08,2.222035802665697e-07,6.352107935045673e-09,9.085763082196485e-08,-3.134302593213468e-08,-7.289893390732563e-08,8.108604023687275e-08,-4.1565369679081094e-08,-7.733262297333596e-09,-1.1632003731330633e-07,8.598988828931455e-09,-2.9213507704233746e-07,-1.1567325092493397e-08,-1.1047515889267249e-07,-3.056330595829083e-08,1.3942048262145405e-08,-5.6253944174478475e-08,-1.0979687430238549e-07,-4.49989875837268e-08,-1.2085973594122712e-07,-1.1865337635538077e-07,4.1408572016502015e-08,-1.8954264754499445e-07,6.954690811040306e-09,-1.4843579362321437e-07,-3.9532007341053546e-08,-1.165585970919385e-07,-6.703401367319665e-09,-9.836067758218625e-08,-1.2027350301987773e-07,-5.6328506994467226e-08,-2.696593868651401e-07,-3.2360665289938686e-08,-5.209109740693514e-08,-6.658663425360076e-08,-1.8520596619333102e-09,-1.9743017120261497e-07,-2.8368096245976324e-08,-4.87252894553805e-08,6.680328143459391e-10,7.926030313030654e-08,no movement,no movement,no movement,no movement
10383.333333333314,0.0360533868739601,0.3137807188312779,-0.2828692641623286,0.0438465800828542,0.3337291374121278,-0.2731367887107156,0.046021702287019,0.3336827364515595,-0.2615286420967,0.0454191291392487,0.3336801707920838,-0.2666407398310715,0.0286677376313654,0.3431812582107722,-0.2984990801539489,0.0301201652910978,0.341140990349585,-0.311265777494253,0.0347493932288693,0.3314767666477317,-0.2913114466599927,0.0535341707176262,0.3375648468443346,-0.1653207135258435,-0.0440388556877706,0.3012422481509781,-0.2247018977676678,0.0481316473350055,0.312928603153615,-0.2275499211611421,0.0244555570146114,0.2835571708333831,-0.2727363721186504,0.1009026032527848,0.2171159583896051,-0.0247131901892028,-0.1188211621755419,0.2566062067420179,-0.078766142251598,0.1399001424957923,0.0455745057959776,0.014179348034328,-0.1568557005794847,0.0110238206576226,-0.1238068627631442,0.1658723989605031,-0.1404666061199566,0.0116498153993982,-0.105852495367006,-0.1512797306053495,-0.1642544160344827,0.1632186760259634,-0.1822145055237287,0.0157387352625554,-0.0708163774378923,-0.1846923097059078,-0.2082504732747497,0.1388491820035114,-0.1902148879702555,-0.0057106005996811,-0.0336059257077428,-0.1555020914075288,-0.2180978230631072,0.162001484409696,-0.1672896063007989,0.0038551721349431,-0.085677040355167,-0.1479205179950503,-0.178038105,0.0697988028575753,-0.1629514417741732,0.0624055560871635,-0.0672367163595697,-0.1668345610575258,-0.0614757760182128,0.0800801780786281,-0.4917522149497909,0.0613915536561957,-0.0384690888990173,-0.4430530929073027,-0.0925856131689507,0.0723878962108933,-0.7712161864791114,0.2112501486444198,-0.082051794195701,-0.7826045391096143,0.0421321762313237,0.0558046531330936,-0.8018965422844346,0.2299014364648871,-0.0853413972947611,-0.812386427266174,0.0143300430349202,0.1028169885545449,-0.8296703119746842,0.1944854548035595,-0.0592653666114574,-0.8404289045509852,-0.0700454024472896,nijmegen_nijmegen_rennen_g_ch1_g11_compr.mp4,ch1g11,1.1091342256947727e-05,9.834083831486784e-06,1.829925007344683e-05,6.69613611414255e-06,1.4502678709150392e-05,1.0201996154238232e-05,1.7893573094965093e-05,4.330534286882853e-06,3.4993998372300538e-06,5.087111888924983e-06,2.298186312006795e-05,6.110873181514133e-06,1.9705869061738604e-05,1.850702609085715e-05,4.564118195933644e-06,1.2463698792708206e-05,4.081319920685025e-06,2.7278684097094817e-05,5.411335455413679e-06,1.9442818808515725e-05,1.1034119050789812e-05,1.763092034330737e-05,1.9452582785265483e-05,1.4616827191169962e-05,1.3748600718786585e-05,2.6581968970597974e-06,1.525308397197287e-05,1.9916973119421924e-05,8.518460239644801e-06,3.109552690041356e-05,2.4394689076795356e-06,1.535364433773434e-05,9.014645496774518e-06,2.364454348914485e-05,1.477520128917492e-05,0.0002286349464769,0.0002244839532594,0.0002348767413721,0.0002333111440762,0.0002528342614263,0.0002553658641363,0.0002480601103869,0.0001518089018761,0.0002170519108,0.0002102920343525,0.0002166558220062,3.974538754125931e-05,9.53049421412534e-05,7.472189905489582e-05,0.0001092010971112,8.836060694186467e-05,0.0001365473567421,7.588590409888112e-05,0.0001051514750761,2.7431100326650296e-05,0.0001099110914339,7.989151435371095e-05,0.0001383643109587,1.1599468794339243e-05,-1.0501737468992948e-05,7.164004020972689e-05,-1.8341417836513415e-05,-6.075819455321408e-06,-2.560379837487157e-05,-1.8693667378342313e-05,-2.7931520330275544e-05,5.0152515850386824e-05,-6.00890175328071e-05,-1.1220495459524386e-08,2.7746371198477328e-08,-1.571443129163111e-07,9.212523501230881e-08,-6.776074861054231e-07,2.4454604110002646e-08,-1.4526422350954202e-07,-4.2351043291413086e-08,6.77286194074292e-08,-1.2660129650610046e-07,2.7313158346369105e-08,-1.7695760050629305e-07,-1.789373995520181e-07,-1.6024070281157405e-07,2.247516610567494e-07,-3.496691859800486e-07,1.5771967735462117e-07,-6.6367904849022634e-09,-1.5559138247466084e-07,-1.661641954721906e-07,6.720763826363334e-08,-1.2627013541721216e-07,-1.7839034502764705e-07,-6.784732427926947e-08,-6.233112324122887e-07,-6.227069605046201e-08,-7.322932567546449e-08,1.1965231783011476e-07,1.7258741443841475e-08,-9.56055651672475e-08,-5.0894345637128554e-08,-9.245218528081033e-08,5.65017654728652e-08,-4.1081646593957274e-08,-1.6388960270557956e-08,-9.113503515394462e-08,7.747087186162456e-10,-1.6321866689358244e-07,-2.2305884660623793e-08,-8.780186667822772e-08,-2.213804331512927e-08,-3.1799844019424395e-11,-3.093356164862056e-08,-1.2526892369564806e-07,8.818899023129742e-09,-8.766060083038463e-08,-9.2474225649116e-08,-1.8756978698581993e-08,-1.2170590526257266e-07,-4.6091736056954246e-08,-1.5991765157987454e-07,8.658288310632296e-09,-8.634075230321325e-08,-3.7929299293853836e-08,-7.905885499672964e-08,-8.74443154214741e-08,-4.431193577503608e-08,-1.4904766639934626e-07,-2.0619064995280635e-08,-3.592498022076035e-08,-1.0420746057003692e-07,1.0151610886560392e-08,-1.897550876494778e-07,-1.9127426239550516e-08,-1.698624487656364e-08,-2.0216846587583915e-08,1.0714577584162377e-07,no movement,no movement,no movement,no movement
10399.99999999998,0.0362361258320019,0.3140074798320776,-0.281525027330293,0.0440409920262847,0.3339517422307156,-0.2717375702206155,0.0462196700642167,0.3339156322485144,-0.2601382420261772,0.045613624885214,0.3339115115841028,-0.2652609695220616,0.0288687519240204,0.3434319964337978,-0.2971511054754172,0.0303247475397536,0.3413942298112843,-0.3099096667287357,0.034955932647379,0.3317227559841483,-0.2899698581645533,0.0536385193928561,0.3377153701344205,-0.1639777403320727,-0.0439040876613184,0.3014575512704954,-0.2235542396519837,0.0482534613871071,0.3131372179777199,-0.2262394676588061,0.024587387864197,0.2837721417332813,-0.2714758737486838,0.1008603609823184,0.2171553479278477,-0.0237116592094697,-0.1187166332023057,0.256700831571538,-0.0780428288587838,0.1398863569905149,0.0456481678791844,0.0147316252029661,-0.1568328714890619,0.0111320060684499,-0.1234302822294401,0.1661888201706993,-0.1403794146023175,0.0120008358042927,-0.1057626829031557,-0.151144353024496,-0.1637229602275862,0.1636620188849611,-0.18213968377715,0.0160924420249647,-0.0707100949631115,-0.1845881382987756,-0.2076354021036708,0.1393610444874549,-0.1901880441970924,-0.0053429312477879,-0.0334599589760192,-0.1553933406690262,-0.2174616682522062,0.1623720081947884,-0.1672107110396602,0.0041978053918775,-0.0855791195162284,-0.1477833948594783,-0.175647363,0.0697602308308611,-0.1629399841639818,0.0624746749416018,-0.0671941041279017,-0.1668449352074748,-0.0615442918973229,0.0800730786845414,-0.4916812355326162,0.0612654603757953,-0.0383872088421144,-0.4430711317234692,-0.0927958527642788,0.0721610259772093,-0.7712218787438222,0.2108510127262885,-0.0819654176887292,-0.7826289411608471,0.0415801423072525,0.055566078339455,-0.801914600830719,0.2294834491594365,-0.0852435256476711,-0.8124130620306216,0.0137385766989469,0.1027726249262971,-0.829620367076449,0.1943502528144605,-0.05906802873993,-0.8404881147897284,-0.0705014064841972,nijmegen_nijmegen_rennen_g_ch1_g11_compr.mp4,ch1g11,1.105655105710006e-05,9.824846300619412e-06,1.81052323790759e-05,6.774386445488476e-06,1.3776687404407116e-05,1.0183280794822797e-05,1.7711994672724937e-05,4.2669664692589416e-06,3.549504214498145e-06,4.94263003196097e-06,2.2920105849773595e-05,5.942664718858812e-06,1.9492114624350263e-05,1.830956085875386e-05,4.736574521169813e-06,1.211300800765533e-05,4.152805503549397e-06,2.716770112376033e-05,5.261227230242224e-06,1.924047094465102e-05,1.1031766876343029e-05,1.7465808514648498e-05,1.924073887868318e-05,1.4521250316322615e-05,1.3084209600130508e-05,2.590958883975391e-06,1.5154127390753812e-05,1.994500020006454e-05,8.536086844254367e-06,3.0889666359767626e-05,2.3829805504677484e-06,1.52545991345626e-05,9.022746210812313e-06,2.3720414998873492e-05,1.410237755941847e-05,0.0002271193153986,0.0002225790838091,0.0002326931343315,0.0002311702570697,0.0002504170304976,0.0002529731841281,0.0002458690977458,0.0001503749238435,0.0002150913214065,0.0002089885623071,0.0002153807220967,4.16933085612055e-05,9.596653401109456e-05,7.740221195127755e-05,0.0001105825960991,9.1652204552e-05,0.0001374203465525,7.929098605135691e-05,0.000107036385291,3.1548646970311854e-05,0.0001126018297415,8.268560685158627e-05,0.0001390784981896,1.1704917529376182e-05,-1.0600279568212264e-05,7.073369264447592e-05,-1.7185438111294644e-05,-3.863305057441622e-06,-2.191616618496634e-05,-1.6444523269214194e-05,-2.3740643239626012e-05,5.149133198688534e-05,-5.7000978150775746e-05,-4.317202939513794e-08,6.389261932464014e-09,-2.058933009505542e-07,7.80207835747622e-08,-6.906389708435424e-07,-2.6302205317000726e-09,-1.9354824366473548e-07,-5.097206525350396e-08,5.3869365194896324e-08,-1.2911283121823457e-07,-8.819387385697181e-08,-1.2858404678180634e-07,-2.1901547291420305e-07,-2.092335972900661e-07,1.5722959133139485e-07,-3.869553752560289e-07,7.794735913723975e-08,-1.4584674400736108e-07,-1.119288167322903e-07,-2.0764356274815961e-07,1.2694596544810097e-08,-1.7094919755994233e-07,-2.185332892928397e-07,-9.306413189535684e-08,-6.336710369963159e-07,-6.80553042330246e-08,-8.912690743531607e-08,2.0225621541887462e-09,2.9349802020365433e-08,-2.421615926051343e-07,-5.7721639405139644e-08,-8.311001650526935e-08,2.3136842601126537e-08,-3.574717040782552e-08,-2.4429654385567472e-08,-5.0247265469990546e-08,-1.1374455303835844e-08,1.0501980966840494e-08,-3.0931238650282576e-08,-5.0185553130412134e-08,-8.754061956018096e-09,-1.604323841742897e-08,1.6827835134776023e-09,-1.203376713457021e-07,6.144895733471809e-08,-3.987979758186595e-08,-5.0296113815866193e-08,-7.867832929980404e-08,-2.643085539672404e-08,-8.817221445777039e-08,-1.4412140348360237e-07,5.564823287623122e-08,-4.1813561099711695e-08,-6.359058684435824e-08,-4.6780750855991856e-08,-4.0072187215371494e-08,-2.7162300291257462e-08,1.2506941893003297e-08,-4.308728680926042e-09,-1.670437660324166e-08,-1.260720579246363e-07,1.567117799407933e-08,-1.481983509391396e-07,-5.7029829569221545e-09,1.3012737927570492e-08,-3.923736345665658e-08,1.5103188252027609e-07,no movement,no movement,no movement,no movement
10416.666666666646,0.0364188647900438,0.3142342408328772,-0.2801807904982575,0.0442354039697152,0.3341743470493034,-0.2703383517305154,0.0464176378414146,0.3341485280454693,-0.2587478419556543,0.0458081206311792,0.3341428523761218,-0.2638811992130515,0.0290697662166753,0.3436827346568235,-0.2958031307968855,0.0305293297884093,0.3416474692729837,-0.3085535559632185,0.0351624720658887,0.331968745320565,-0.2886282696691139,0.0537428680680859,0.3378658934245065,-0.1626347671383018,-0.0437693196348663,0.3016728543900127,-0.2224065815362996,0.0483752754392087,0.3133458328018247,-0.2249290141564702,0.0247192187137825,0.2839871126331796,-0.2702153753787171,0.1008181187118519,0.2171947374660902,-0.0227101282297367,-0.1186121042290695,0.2567954564010582,-0.0773195154659695,0.1398725714852373,0.0457218299623913,0.0152839023716041,-0.1568100423986391,0.0112401914792772,-0.123053701695736,0.1665052413808954,-0.1402922230846785,0.0123518562091873,-0.1056728704393054,-0.1510089754436423,-0.1631915044206896,0.1641053617439588,-0.1820648620305714,0.0164461487873741,-0.0706038124883305,-0.1844839668916433,-0.2070203309325918,0.1398729069713984,-0.1901612004239292,-0.0049752618958947,-0.0333139922442955,-0.1552845899305237,-0.2168255134413052,0.1627425319798807,-0.1671318157785216,0.0045404386488119,-0.0854811986772899,-0.1476462717239064,-0.174767092,0.069721658804147,-0.1629285265537902,0.06254379379604,-0.0671514918962338,-0.1668553093574238,-0.061612807776433,0.0800659792904547,-0.4916102561154416,0.0611393670953949,-0.0383053287852116,-0.4430891705396356,-0.0930060923596069,0.0719341557435253,-0.7712275710085328,0.2104518768081572,-0.0818790411817574,-0.7826533432120804,0.0410281083831813,0.0553275035458163,-0.8019326593770033,0.229065461853986,-0.0851456540005811,-0.8124396967950691,0.0131471103629736,0.1027282612980493,-0.8295704221782138,0.1942150508253615,-0.0588706908684026,-0.8405473250284715,-0.0709574105211049,nijmegen_nijmegen_rennen_g_ch1_g11_compr.mp4,ch1g11,1.101059922723746e-05,9.797581188020773e-06,1.7935838214204342e-05,6.813495968381538e-06,1.3237924333614856e-05,1.0147807613830071e-05,1.755214235596676e-05,4.209895717733753e-06,3.575760014792744e-06,4.829708796573725e-06,2.281454272684041e-05,5.822861829193901e-06,1.930811541895553e-05,1.813728003570835e-05,4.835949223128888e-06,1.1849078786176736e-05,4.175622474700901e-06,2.701573605440491e-05,5.15327586186681e-06,1.9064520599969206e-05,1.1001032914236964e-05,1.7317994240636893e-05,1.9058602381679348e-05,1.4430121579290168e-05,1.2591586269624514e-05,2.538525934579428e-06,1.5061129783870596e-05,1.9907000932744995e-05,8.53747549692631e-06,3.066310273504198e-05,2.3381858362950806e-06,1.5165234274498274e-05,9.006650089354276e-06,2.370846716833463e-05,1.3605303998584363e-05,0.0002256941921438,0.00022088463765,0.0002307850173443,0.0002292935762779,0.0002483301728542,0.0002508940368322,0.0002439359786615,0.0001491357540011,0.0002133924462599,0.0002077553665694,0.0002141690555905,4.294899121034069e-05,9.62902750142391e-05,7.894445788007856e-05,0.0001112913620076,9.35715558919326e-05,0.0001377333885255,8.13086214975066e-05,0.0001080699024945,3.4161016834381545e-05,0.000114125865299,8.431469130744558e-05,0.0001392589237305,1.173851157101644e-05,-1.0633158064126136e-05,6.994985848549198e-05,-1.6342025275966636e-05,-2.2821010028986543e-06,-1.905905912253192e-05,-1.4768049994997755e-05,-2.050977547484628e-05,5.230972242840336e-05,-5.466186056313282e-05,-6.103750552204538e-08,-1.4208600216325832e-08,-1.9250221864380778e-07,4.293202451136704e-08,-4.988091855645091e-07,-2.59861301870609e-08,-1.8332211994572805e-07,-4.313395314384767e-08,2.5616379334824005e-08,-9.292505450818453e-08,-1.7062225288829305e-07,-4.3319222259361585e-08,-1.9332853790422738e-07,-1.9505956179911714e-07,4.7858056953694885e-08,-3.1071608063988266e-07,-1.7653712366642626e-08,-2.338915700267057e-07,-3.6055152789996994e-08,-1.865409139258493e-07,-4.092218362547613e-08,-1.635917207001274e-07,-1.9314920196307833e-07,-8.978068133430451e-08,-4.5605680648771985e-07,-5.3678880457966794e-08,-7.785027037935106e-08,-1.0867655966143785e-07,3.300775016045122e-08,-3.089716030484925e-07,-4.7334804644711124e-08,-4.9468203704363884e-08,-1.3698400254312528e-08,-2.367971826519804e-08,-2.9136109584769155e-08,9.349651278827464e-09,-2.9620983737285855e-08,2.2608452652513994e-07,-3.3761390414954624e-08,5.491893490965326e-09,9.331918455272453e-09,-3.270656857882e-08,4.1159624751998655e-08,-8.897718621047955e-08,1.0587587792371901e-07,2.4295765731704084e-08,1.0725384261692976e-08,-1.303587863347079e-07,9.490098354922614e-08,-1.1067595368630408e-07,-9.403701806977048e-08,9.498059838742153e-08,1.903329691712042e-08,-7.534021730792427e-08,1.6751600207944914e-09,2.3724061491488493e-08,-2.774993232762203e-09,2.115675884827391e-07,1.6532264212196428e-08,6.742639762041061e-09,-1.2431424142529496e-07,1.0894229151119317e-08,-6.66977942422559e-08,1.2018529715648893e-08,3.8294706518492966e-08,-5.1260637600360494e-08,1.848614598966068e-07,no movement,no movement,no movement,no movement
10433.333333333312,0.0366016037480856,0.3144610018336771,-0.2788365536662219,0.0444298159131457,0.3343969518678912,-0.2689391332404153,0.0466156056186123,0.3343814238424241,-0.2573574418851316,0.0460026163771444,0.3343741931681408,-0.2625014289040415,0.0292707805093303,0.3439334728798491,-0.2944551561183538,0.030733912037065,0.341900708734683,-0.3071974451977012,0.0353690114843983,0.3322147346569816,-0.2872866811736745,0.0538472167433158,0.3380164167145923,-0.161291793944531,-0.0436345516084141,0.3018881575095299,-0.2212589234206155,0.0484970894913103,0.3135544476259296,-0.2236185606541343,0.0248510495633681,0.2842020835330779,-0.2689548770087505,0.1007758764413855,0.2172341270043327,-0.0217085972500037,-0.1185075752558334,0.2568900812305783,-0.0765962020731553,0.1398587859799598,0.0457954920455982,0.0158361795402421,-0.1567872133082164,0.0113483768901044,-0.1226771211620319,0.1668216625910916,-0.1402050315670395,0.0127028766140818,-0.1055830579754552,-0.1508735978627888,-0.1626600486137931,0.1645487046029565,-0.1819900402839928,0.0167998555497834,-0.0704975300135496,-0.184379795484511,-0.2064052597615128,0.1403847694553418,-0.1901343566507661,-0.0046075925440014,-0.0331680255125717,-0.1551758391920212,-0.2161893586304042,0.163113055764973,-0.1670529205173829,0.0048830719057463,-0.0853832778383513,-0.1475091485883345,-0.17414479,0.0696830867774329,-0.1629170689435987,0.0626129126504783,-0.0671088796645658,-0.1668656835073727,-0.0616813236555432,0.0800588798963681,-0.4915392766982669,0.0610132738149944,-0.0382234487283087,-0.443107209355802,-0.0932163319549351,0.0717072855098414,-0.7712332632732434,0.210052740890026,-0.0817926646747856,-0.7826777452633135,0.0404760744591101,0.0550889287521777,-0.8019507179232876,0.2286474745485356,-0.0850477823534912,-0.8124663315595168,0.0125556440270003,0.1026838976698015,-0.8295204772799784,0.1940798488362626,-0.0586733529968752,-0.8406065352672147,-0.0714134145580126,nijmegen_nijmegen_rennen_g_ch1_g11_compr.mp4,ch1g11,1.0968537766804609e-05,9.760093969871137e-06,1.7865187259829306e-05,6.788284737920229e-06,1.315816684855665e-05,1.0107375009196071e-05,1.7483522753873705e-05,4.185775362057518e-06,3.561961309948057e-06,4.802899424381599e-06,2.2702163605861457e-05,5.811314460341298e-06,1.9234661712244005e-05,1.8065667450325705e-05,4.8066078666934305e-06,1.180113492773463e-05,4.13637532897326e-06,2.688041330052159e-05,5.141219239979039e-06,1.899182556095972e-05,1.0950400585838694e-05,1.725103500262308e-05,1.8986137972786337e-05,1.4379894691303478e-05,1.251956393368746e-05,2.5260910207575086e-06,1.5011267710825653e-05,1.9807275902130693e-05,8.515986162825641e-06,3.05092611760242e-05,2.3264762575455606e-06,1.5120867842699126e-05,8.968870894915047e-06,2.3596014532778243e-05,1.353409089533606e-05,0.0002249302217741,0.0002201112541032,0.0002299655401171,0.0002284788777589,0.0002474670212635,0.0002500162996028,0.0002430795362509,0.0001486145265939,0.0002126773150718,0.0002070788544918,0.0002134937873749,4.28306485579931e-05,9.604193333885297e-05,7.848503019345865e-05,0.0001108798024058,9.30582148889078e-05,0.0001372389001784,8.083732058267663e-05,0.0001076526522297,3.389742262367547e-05,0.0001136235555575,8.387825826469312e-05,0.0001387245115102,1.1674169485378172e-05,-1.0575470592893622e-05,6.964808259458417e-05,-1.62154478347404e-05,-2.110579404056741e-06,-1.844161856239272e-05,-1.4477067230511072e-05,-1.983780032548243e-05,5.2192592609302834e-05,-5.422514043431479e-05,-5.8316559709874147e-08,-3.1060471956917456e-08,-9.710889439534433e-08,-1.8982095809207263e-08,-5.2733118622701364e-08,-3.9834802744582574e-08,-9.547215901303045e-08,-1.3958141780619033e-08,-1.77295055560605e-08,-1.0254330663102944e-08,-1.8943026761973537e-07,7.001585336196716e-08,-8.474468500067572e-08,-9.768047572074155e-08,-9.369817782947721e-08,-9.037894215709276e-08,-1.053274067270669e-07,-2.3117221282264939e-07,6.387405996857975e-08,-8.57916222716606e-08,-7.881635526157027e-08,-8.721152582809114e-08,-8.50971442992371e-08,-5.1156643561484576e-08,-4.5915383388839756e-08,-1.4041102270552684e-08,-3.6073838632228704e-08,-1.850910446350186e-07,1.638129475324435e-08,-2.4978757807048417e-07,-1.4862623943033452e-08,1.7107175908632247e-09,-4.6850373021467424e-08,-2.830757284371697e-09,-2.7170721357264977e-08,9.080075829285264e-08,-5.59965597541392e-08,4.790278934156929e-07,-2.6358908801339608e-08,8.252921982645461e-08,3.1613444590210085e-08,-4.8330387194857015e-08,8.688704246665997e-08,-2.4863717553351523e-08,1.3402420540457318e-07,1.0666502685132708e-07,9.352412764716129e-08,-1.644230343386352e-07,2.39855811793672e-07,-1.039442480419196e-07,-2.429522294546194e-09,1.1920721787420366e-07,9.822427117246729e-08,-6.329018005689143e-08,6.978478038812076e-08,1.0582938360959659e-07,3.1306778430148833e-08,4.431273698672456e-07,4.1747721046511914e-08,3.586816859342252e-08,-9.029057473202121e-08,-8.507154426386096e-09,6.065175387510486e-08,3.4062768175669085e-08,5.554815897898062e-08,-5.012503305798435e-08,1.9763902678857666e-07,no movement,no movement,no movement,no movement
10449.999999999978,0.0367843427061275,0.3146877628344767,-0.2774923168341863,0.0446242278565762,0.3346195566864791,-0.2675399147503152,0.0468135733958101,0.334614319639379,-0.2559670418146088,0.0461971121231097,0.3346055339601598,-0.2611216585950315,0.0294717948019853,0.3441842111028748,-0.2931071814398221,0.0309384942857208,0.3421539481963823,-0.305841334432184,0.035575550902908,0.3324607239933982,-0.2859450926782352,0.0539515654185457,0.3381669400046783,-0.1599488207507601,-0.043499783581962,0.3021034606290471,-0.2201112653049314,0.048618903543412,0.3137630624500343,-0.2223081071517983,0.0249828804129535,0.2844170544329761,-0.2676943786387839,0.1007336341709191,0.2172735165425753,-0.0207070662702706,-0.1184030462825972,0.2569847060600985,-0.0758728886803411,0.1398450004746823,0.045869154128805,0.0163884567088802,-0.1567643842177937,0.0114565623009317,-0.1223005406283278,0.1671380838012878,-0.1401178400494004,0.0130538970189764,-0.1054932455116049,-0.1507382202819352,-0.1621285928068965,0.1649920474619542,-0.1819152185374141,0.0171535623121928,-0.0703912475387687,-0.1842756240773788,-0.2057901885904338,0.1408966319392852,-0.1901075128776031,-0.0042399231921082,-0.0330220587808481,-0.1550670884535187,-0.2155532038195032,0.1634835795500654,-0.1669740252562443,0.0052257051626806,-0.0852853569994128,-0.1473720254527625,-0.173840836,0.0696445147507188,-0.1629056113334073,0.0626820315049166,-0.0670662674328978,-0.1668760576573217,-0.0617498395346533,0.0800517805022814,-0.4914682972810922,0.060887180534594,-0.038141568671406,-0.4431252481719685,-0.0934265715502632,0.0714804152761573,-0.7712389555379541,0.2096536049718947,-0.0817062881678138,-0.7827021473145466,0.0399240405350389,0.054850353958539,-0.8019687764695719,0.2282294872430851,-0.0849499107064012,-0.8124929663239643,0.011964177691027,0.1026395340415537,-0.829470532381743,0.1939446468471636,-0.0584760151253478,-0.8406657455059579,-0.0718694185949203,nijmegen_nijmegen_rennen_g_ch1_g11_compr.mp4,ch1g11,1.0947745241266523e-05,9.722499409195978e-06,1.7979333809069313e-05,6.670134582825672e-06,1.3856995872234857e-05,1.0076981255376796e-05,1.7586811500180886e-05,4.226645251953657e-06,3.48969825025777e-06,4.92627523017302e-06,2.2630502681387687e-05,5.976637778368485e-06,1.93651771685088e-05,1.8182400939026726e-05,4.586459021110198e-06,1.2119412481319666e-05,4.025226054599911e-06,2.6834183610832753e-05,5.286837033384837e-06,1.9111358057419272e-05,1.0892180792450172e-05,1.7338708479774463e-05,1.911576995820981e-05,1.4412158076930687e-05,1.316077916260897e-05,2.583111101963978e-06,1.5046653747581307e-05,1.9655539606857645e-05,8.462694692210118e-06,3.054257435902587e-05,2.3729492025443815e-06,1.516050133641583e-05,8.913938988869915e-06,2.3375062218182347e-05,1.4182974088128762e-05,0.0002254750656884,0.0002210697135387,0.0002311644552562,0.0002296382132627,0.0002488464385486,0.0002513538976289,0.0002442360399712,0.000149403532883,0.0002137665631846,0.0002075068591172,0.0002138849091851,4.0549401524118785e-05,9.493909062925296e-05,7.506004068216337e-05,0.0001088386942785,8.893005710429404e-05,0.000135665612273,7.664878795050884e-05,0.0001051142879528,2.921623249027631e-05,0.0001101359411715,8.037185291032553e-05,0.0001372856829979,1.1486042102213922e-05,-1.0402225585198494e-05,7.025481653066811e-05,-1.726695046210028e-05,-4.2418469097581525e-06,-2.1737630655706604e-05,-1.6513668683686387e-05,-2.362292092689845e-05,5.068605126047392e-05,-5.704512729724974e-05,-2.7509654378655413e-08,-4.048143258587422e-08,1.0233587791717477e-07,-1.1427730334143024e-07,6.994998085092531e-07,-3.7162264005809756e-08,9.128239747467077e-08,4.174777407816355e-08,-7.641532171132695e-08,1.2687704823215052e-07,-1.0910363228234313e-07,1.9921497098779762e-07,1.2534357724088292e-07,1.0511528658651698e-07,-2.54054523597279e-07,3.067011697923684e-07,-1.5578370927015781e-07,-9.194495963686728e-08,1.7664176555118337e-07,1.132454921154384e-07,-8.27263169168734e-08,7.71669178993199e-08,1.2424821485935984e-07,3.0375992782168757e-08,6.433844307364442e-07,5.6279255333997826e-08,3.9563255323258286e-08,-1.9452201390284558e-07,-3.461460691879172e-08,-1.1952329260630002e-08,4.4947234934055233e-08,6.149745244197706e-08,-6.732222368040698e-08,2.901455544257215e-08,-1.4577515738849132e-08,1.9738976243250008e-07,-9.279206920034584e-08,7.632722689210413e-07,-3.530928149351179e-09,1.8440580741696386e-07,5.7334329455499887e-08,-6.091758687813144e-08,1.3808066401671313e-07,7.862430505687307e-08,1.367583384334794e-07,2.090127693316333e-07,2.0112340935041467e-07,-1.7011713583473665e-07,4.049475482767322e-07,-5.7270476828448696e-08,1.3816099866510825e-07,1.1988898536490168e-07,1.977979401181447e-07,-1.6011500546846387e-08,1.612983905742018e-07,2.0813250506687426e-07,7.789199344650302e-08,7.006093285704542e-07,7.106333598779924e-08,7.240448301115121e-08,-1.4580370056936475e-08,-4.7376397797065095e-08,2.3959846945146497e-07,6.036774910441246e-08,6.112704391311622e-08,-2.8640158100614234e-08,1.948725202977824e-07,no movement,no movement,no movement,no movement
10466.666666666644,0.0369670816641693,0.3149145238352764,-0.2761480800021507,0.0448186398000068,0.3348421615050668,-0.2661406962602151,0.0470115411730079,0.3348472154363339,-0.254576641744086,0.0463916078690749,0.3348368747521788,-0.2597418882860215,0.0296728090946402,0.3444349493259004,-0.2917592067612904,0.0311430765343766,0.3424071876580815,-0.3044852236666667,0.0357820903214177,0.3327067133298149,-0.2846035041827958,0.0540559140937756,0.3383174632947642,-0.1586058475569893,-0.0433650155555098,0.3023187637485643,-0.2189636071892473,0.0487407175955135,0.3139716772741391,-0.2209976536494624,0.025114711262539,0.2846320253328744,-0.2664338802688172,0.1006913919004526,0.2173129060808179,-0.0197055352905376,-0.1182985173093611,0.2570793308896187,-0.0751495752875268,0.1398312149694048,0.0459428162120118,0.0169407338775182,-0.1567415551273709,0.0115647477117591,-0.1219239600946237,0.1674545050114839,-0.1400306485317614,0.0134049174238709,-0.1054034330477547,-0.1506028427010816,-0.161597137,0.165435390320952,-0.1818403967908355,0.0175072690746021,-0.0702849650639878,-0.1841714526702466,-0.2051751174193548,0.1414084944232287,-0.19008066910444,-0.003872253840215,-0.0328760920491244,-0.1549583377150162,-0.2149170490086022,0.1638541033351577,-0.1668951299951056,0.005568338419615,-0.0851874361604743,-0.1472349023171907,-0.173243985,0.0696059427240047,-0.1628941537232158,0.0627511503593548,-0.0670236552012298,-0.1668864318072707,-0.0618183554137634,0.0800446811081947,-0.4913973178639175,0.0607610872541935,-0.0380596886145031,-0.4431432869881349,-0.0936368111455914,0.0712535450424734,-0.7712446478026647,0.2092544690537635,-0.0816199116608421,-0.7827265493657796,0.0393720066109677,0.0546117791649004,-0.8019868350158562,0.2278114999376345,-0.0848520390593112,-0.8125196010884118,0.0113727113550537,0.1025951704133059,-0.8294205874835078,0.1938094448580646,-0.0582786772538204,-0.840724955744701,-0.0723254226318279,nijmegen_nijmegen_rennen_g_ch1_g11_compr.mp4,ch1g11,1.0967927782108566e-05,9.69722155586597e-06,1.837626676716429e-05,6.426989105441607e-06,1.5701795898871085e-05,1.0074824503348224e-05,1.7953853253175345e-05,4.370131757118791e-06,3.338357064475043e-06,5.273431601906485e-06,2.2657638487927995e-05,6.396212167588527e-06,1.9805718849646473e-05,1.8587352346047944e-05,4.10695425999016e-06,1.2975159745450824e-05,3.835894133213958e-06,2.6964324071290173e-05,5.659950690004449e-06,1.952420476245181e-05,1.0842511915308258e-05,1.7665012549075275e-05,1.955238227182872e-05,1.4573634874077224e-05,1.485167189054963e-05,2.743307125221926e-06,1.521433648655977e-05,1.946692045953044e-05,8.366392820430241e-06,3.0898482486882636e-05,2.5064079555579012e-06,1.532681966499197e-05,8.848401331454805e-06,2.3047133451610705e-05,1.589362135442467e-05,0.0002280534016232,0.0002246709373764,0.0002354281182676,0.000233797910231,0.0002536128175875,0.000256046803935,0.0002484592456202,0.0001521642211454,0.0002175794315717,0.0002096486391787,0.0002159294396049,3.520927887930152e-05,9.265114198590672e-05,6.760531957552404e-05,0.0001045971840257,7.988327973358262e-05,0.0001327185688154,6.73879227429404e-05,9.971349103332232e-05,1.8404970033533067e-05,0.0001026047459991,7.268707507493172e-05,0.0001347443572034,1.1148512514910584e-05,-1.008834226624923e-05,7.2263418549766e-05,-2.0014754002804016e-05,-9.683744705323395e-06,-3.0885526329965044e-05,-2.1949222095569728e-05,-3.406266026027701e-05,4.729741040933513e-05,-6.46769645533576e-05,3.988192150117255e-08,-3.8088383987296054e-08,4.300683389377032e-07,-2.502239963629082e-07,1.8123257412404435e-06,-9.718887685332661e-09,4.003893728605141e-07,1.294900397346344e-07,-1.5023596621484374e-07,3.2664086229501e-07,1.1084451353393905e-07,3.286867321284669e-07,4.570193221878971e-07,4.377128557875862e-07,-4.161065657549083e-07,9.15242154434044e-07,-1.3419872107809796e-07,2.356785593269941e-07,2.879694013569321e-07,4.3078816230391946e-07,-3.0955212683817166e-08,3.505084931587386e-07,4.549965990949361e-07,1.631129213801623e-07,1.660551875262716e-06,1.6302431991050762e-07,1.524571706461827e-07,-9.892571271927057e-08,-1.3629874917987992e-07,4.636005017752046e-07,1.377282190420715e-07,1.1879594650316547e-07,-6.427383826324919e-08,7.423737284976748e-08,1.3217850687990421e-08,3.3253903421825617e-07,-1.4255760059540053e-07,1.0711991039718933e-06,4.067085170788581e-08,3.147816727037609e-07,8.54886523930832e-08,-6.816535598716022e-08,1.9378166372094405e-07,2.2840627174594713e-07,1.0388252970839365e-07,3.331096225408795e-07,3.366359563276047e-07,-1.353085313339631e-07,5.856378306602489e-07,4.109989564580953e-08,3.3541940141143473e-07,8.75958558861616e-08,3.19807011232598e-07,7.946575968338244e-08,2.802406484809757e-07,3.325259248086755e-07,1.4014181628465805e-07,9.758664531428553e-07,1.040866900051913e-07,1.1836402953738829e-07,1.1301431183572341e-07,-1.1107243229410773e-07,4.75733533129935e-07,9.078384946691897e-08,5.1050760446288704e-08,2.1413134768861704e-08,2.2710793556321177e-07,no movement,no movement,no movement,no movement
