time,X_NOSE,Y_NOSE,Z_NOSE,visibility_NOSE,X_LEFT_EYE_INNER,Y_LEFT_EYE_INNER,Z_LEFT_EYE_INNER,visibility_LEFT_EYE_INNER,X_LEFT_EYE,Y_LEFT_EYE,Z_LEFT_EYE,visibility_LEFT_EYE,X_LEFT_EYE_OUTER,Y_LEFT_EYE_OUTER,Z_LEFT_EYE_OUTER,visibility_LEFT_EYE_OUTER,X_RIGHT_EYE_OUTER,Y_RIGHT_EYE_OUTER,Z_RIGHT_EYE_OUTER,visibility_RIGHT_EYE_OUTER,X_RIGHT_EYE,Y_RIGHT_EYE,Z_RIGHT_EYE,visibility_RIGHT_EYE,X_RIGHT_EYE_OUTER,Y_RIGHT_EYE_OUTER,Z_RIGHT_EYE_OUTER,visibility_RIGHT_EYE_OUTER,X_LEFT_EAR,Y_LEFT_EAR,Z_LEFT_EAR,visibility_LEFT_EAR,X_RIGHT_EAR,Y_RIGHT_EAR,Z_RIGHT_EAR,visibility_RIGHT_EAR,X_MOUTH_LEFT,Y_MOUTH_LEFT,Z_MOUTH_LEFT,visibility_MOUTH_LEFT,X_MOUTH_RIGHT,Y_MOUTH_RIGHT,Z_MOUTH_RIGHT,visibility_MOUTH_RIGHT,X_LEFT_SHOULDER,Y_LEFT_SHOULDER,Z_LEFT_SHOULDER,visibility_LEFT_SHOULDER,X_RIGHT_SHOULDER,Y_RIGHT_SHOULDER,Z_RIGHT_SHOULDER,visibility_RIGHT_SHOULDER,X_LEFT_ELBOW,Y_LEFT_ELBOW,Z_LEFT_ELBOW,visibility_LEFT_ELBOW,X_RIGHT_ELBOW,Y_RIGHT_ELBOW,Z_RIGHT_ELBOW,visibility_RIGHT_ELBOW,X_LEFT_WRIST,Y_LEFT_WRIST,Z_LEFT_WRIST,visibility_LEFT_WRIST,X_RIGHT_WRIST,Y_RIGHT_WRIST,Z_RIGHT_WRIST,visibility_RIGHT_WRIST,X_LEFT_PINKY,Y_LEFT_PINKY,Z_LEFT_PINKY,visibility_LEFT_PINKY,X_RIGHT_PINKY,Y_RIGHT_PINKY,Z_RIGHT_PINKY,visibility_RIGHT_PINKY,X_LEFT_INDEX,Y_LEFT_INDEX,Z_LEFT_INDEX,visibility_LEFT_INDEX,X_RIGHT_INDEX,Y_RIGHT_INDEX,Z_RIGHT_INDEX,visibility_RIGHT_INDEX,X_LEFT_THUMB,Y_LEFT_THUMB,Z_LEFT_THUMB,visibility_LEFT_THUMB,X_RIGHT_THUMB,Y_RIGHT_THUMB,Z_RIGHT_THUMB,visibility_RIGHT_THUMB,X_LEFT_HIP,Y_LEFT_HIP,Z_LEFT_HIP,visibility_LEFT_HIP,X_RIGHT_HIP,Y_RIGHT_HIP,Z_RIGHT_HIP,visibility_RIGHT_HIP,X_LEFT_KNEE,Y_LEFT_KNEE,Z_LEFT_KNEE,visibility_LEFT_KNEE,X_RIGHT_KNEE,Y_RIGHT_KNEE,Z_RIGHT_KNEE,visibility_RIGHT_KNEE,X_LEFT_ANKLE,Y_LEFT_ANKLE,Z_LEFT_ANKLE,visibility_LEFT_ANKLE,X_RIGHT_ANKLE,Y_RIGHT_ANKLE,Z_RIGHT_ANKLE,visibility_RIGHT_ANKLE,X_LEFT_HEEL,Y_LEFT_HEEL,Z_LEFT_HEEL,visibility_LEFT_HEEL,X_RIGHT_HEEL,Y_RIGHT_HEEL,Z_RIGHT_HEEL,visibility_RIGHT_HEEL,X_LEFT_FOOT_INDEX,Y_LEFT_FOOT_INDEX,Z_LEFT_FOOT_INDEX,visibility_LEFT_FOOT_INDEX,X_RIGHT_FOOT_INDEX,Y_RIGHT_FOOT_INDEX,Z_RIGHT_FOOT_INDEX,visibility_RIGHT_FOOT_INDEX
0,0.570974708,0.322439134,-0.58328104,0.999995232,0.579667807,0.315776765,-0.554030657,0.999984741,0.5866732,0.316039473,-0.554056525,0.999985933,0.592143655,0.3163625,-0.554115236,0.999987,0.560145557,0.315475732,-0.554475367,0.999979496,0.553847551,0.315770566,-0.554532647,0.999978542,0.546600103,0.316042244,-0.554542303,0.999976635,0.598298192,0.322548598,-0.348920196,0.999978423,0.540004,0.322869,-0.351081252,0.999948621,0.5835464,0.334170818,-0.504550934,0.999995232,0.558193207,0.333737522,-0.505343795,0.999991179,0.657257676,0.387791604,-0.196948871,0.999990821,0.487984598,0.387190461,-0.19288303,0.9999547,0.670699775,0.462891459,-0.093406342,0.992997348,0.476737708,0.463534176,-0.0921579301,0.969259679,0.679853,0.530029595,-0.269422501,0.985515475,0.455089688,0.52634424,-0.249364838,0.948933244,0.686340928,0.549605966,-0.322968751,0.965309918,0.44430989,0.54591918,-0.301664263,0.909863949,0.675457954,0.549735188,-0.388200849,0.96886754,0.452273846,0.546278238,-0.373638,0.917468905,0.670148492,0.543872416,-0.298519462,0.961389303,0.4587605,0.540177286,-0.281490594,0.905098915,0.615598261,0.515942574,-0.0043497961,0.999723375,0.518500507,0.515481,0.00420867419,0.999562562,0.610637248,0.638568521,-0.0772083923,0.949540377,0.519293904,0.63568753,-0.0432783812,0.917803943,0.587732434,0.746193171,0.177921742,0.95136869,0.527701378,0.743636549,0.214176312,0.909522295,0.579841912,0.755348086,0.187800348,0.670369267,0.530956566,0.754030764,0.224866167,0.549942851,0.591999,0.779845834,-0.0721392706,0.938573658,0.51917696,0.778681636,-0.0281804223,0.905602515
16.666666666666668,0.570911646,0.32295078,-0.565593243,0.999995291,0.579699695,0.316080123,-0.5360412,0.999985039,0.586568713,0.316425443,-0.536053956,0.999986172,0.591779768,0.316758931,-0.536095202,0.999987245,0.560195506,0.315749168,-0.537492633,0.999979913,0.553853154,0.315991133,-0.537539601,0.999979079,0.546826959,0.316173047,-0.537538946,0.999977291,0.598505855,0.323258,-0.329074532,0.999978483,0.539886713,0.323029876,-0.338196337,0.999949932,0.583485246,0.334347188,-0.486074448,0.999995172,0.558124781,0.333757907,-0.488815427,0.999991238,0.656894565,0.387757927,-0.174054906,0.999990582,0.48799026,0.38712427,-0.18146807,0.999955595,0.670376301,0.462922424,-0.0654801726,0.992724538,0.47655803,0.46353358,-0.0829756707,0.970011771,0.680273354,0.530029476,-0.242013574,0.985310733,0.455089539,0.526343822,-0.243334,0.950082,0.687959373,0.549587429,-0.294909269,0.964985788,0.444452286,0.545915186,-0.295958489,0.911689937,0.677571118,0.549735,-0.358999193,0.968543947,0.452278435,0.546272397,-0.366469353,0.919101,0.671961427,0.543757319,-0.271104097,0.961062253,0.458691388,0.540165,-0.274832338,0.906881571,0.615399361,0.515937626,-0.00345379487,0.999725759,0.518865705,0.515297949,0.00330502423,0.999569833,0.609977722,0.638090909,-0.0788127854,0.946789086,0.519349,0.635128379,-0.052785784,0.91596806,0.587345779,0.746062338,0.167748958,0.948542476,0.531019151,0.743800521,0.185897082,0.906699836,0.580065727,0.754777968,0.177370965,0.663631618,0.535354257,0.754290938,0.195301622,0.541710794,0.591633,0.779594123,-0.0747686923,0.935839474,0.524744809,0.778657615,-0.0552395061,0.902894855
33.333333333333336,0.570929646,0.323147148,-0.559716284,0.99999541,0.57977587,0.316212863,-0.529748857,0.999985397,0.586531162,0.316600233,-0.529762447,0.99998647,0.591606,0.316929966,-0.529798508,0.999987543,0.560326815,0.315871209,-0.531571746,0.99998045,0.553912699,0.316091985,-0.531615317,0.999979675,0.547154725,0.316236794,-0.531612396,0.999977946,0.598631084,0.323578238,-0.322063953,0.999978662,0.539839208,0.323140264,-0.333260983,0.999951422,0.583487928,0.334399045,-0.480052799,0.999995172,0.558125615,0.333757907,-0.483350903,0.999991357,0.656741,0.387739241,-0.167902097,0.999990463,0.487989187,0.387123525,-0.177644446,0.999956489,0.67024672,0.462953538,-0.0595207,0.992492616,0.476344287,0.463591278,-0.0798217878,0.970733643,0.680582881,0.530006,-0.237662762,0.985167444,0.455087334,0.526401937,-0.241177931,0.951211035,0.688888729,0.549570084,-0.290936023,0.964805663,0.444549352,0.545959353,-0.294076383,0.913492262,0.678643405,0.54973191,-0.354885548,0.96835506,0.452277571,0.546310306,-0.364380479,0.920710444,0.672924,0.543645561,-0.266744,0.960879445,0.458606333,0.540196538,-0.272570878,0.908649623,0.61540252,0.516063511,-0.0028332388,0.999729931,0.519262254,0.515299439,0.0026800721,0.999578476,0.609963238,0.638125658,-0.0787377134,0.944781661,0.519439,0.6350981,-0.0545230322,0.914610624,0.58722347,0.746062279,0.168175548,0.946631849,0.532759905,0.744171202,0.185977668,0.904973924,0.580181122,0.75473088,0.177847654,0.65934974,0.537052333,0.754858375,0.195668802,0.535961568,0.591513097,0.779594302,-0.0738476,0.93407011,0.526742101,0.77871871,-0.0541694276,0.901376307
50.0,0.5710392,0.323395938,-0.563045442,0.99999553,0.579869747,0.316342354,-0.533331752,0.999985754,0.58650893,0.316739202,-0.53334707,0.999986768,0.591477871,0.317054272,-0.533387423,0.999987841,0.560514748,0.316019803,-0.534840882,0.999980927,0.554016769,0.316218555,-0.534887433,0.999980211,0.547506928,0.316338092,-0.534887195,0.999978602,0.598669887,0.323756576,-0.326158911,0.9999789,0.539824605,0.323273778,-0.335385799,0.999952674,0.58353281,0.334508806,-0.483490825,0.999995172,0.5581792,0.333808839,-0.486291558,0.999991417,0.656640053,0.387675852,-0.171534836,0.999990463,0.487993419,0.387123376,-0.179067224,0.999957323,0.67015636,0.462954909,-0.0632950291,0.99238,0.476251334,0.463596761,-0.0803543329,0.971464276,0.680970848,0.53000468,-0.242275298,0.985264,0.455077708,0.526423693,-0.241632134,0.952454,0.689540386,0.549560189,-0.295745015,0.965071857,0.444693327,0.545984447,-0.294463277,0.915495574,0.67935437,0.549734235,-0.360028684,0.96858114,0.4523063,0.546330512,-0.364967853,0.922516644,0.673638463,0.543596327,-0.271372736,0.96116972,0.458584428,0.540209055,-0.273110658,0.910593152,0.61536777,0.516064346,-0.00229706569,0.999734044,0.519624352,0.51522249,0.00213597436,0.999586701,0.609707832,0.638151348,-0.0790397674,0.942991257,0.519710779,0.635091603,-0.0565610752,0.913774192,0.587054074,0.746055067,0.167708144,0.94506216,0.53298676,0.74433136,0.184985697,0.903742492,0.580168784,0.754713476,0.177448168,0.656590164,0.537183166,0.7552163,0.194824263,0.53098011,0.591477513,0.7795977,-0.07382451,0.932686567,0.52769804,0.77876097,-0.055367481,0.900325656
66.66666666666667,0.571258187,0.323558,-0.563174248,0.999995708,0.580012143,0.316420108,-0.533590674,0.999986291,0.586506963,0.316817939,-0.533602715,0.999987245,0.591436744,0.317122579,-0.533638537,0.999988258,0.56074214,0.316116184,-0.535314918,0.999981642,0.554172933,0.316300184,-0.535360157,0.999981,0.547861755,0.316408306,-0.535354555,0.999979496,0.598742485,0.323851258,-0.326345265,0.999979496,0.539818168,0.323358,-0.336403072,0.999954581,0.583673537,0.334579378,-0.483503491,0.999995232,0.558317542,0.333846509,-0.486611873,0.999991655,0.656599879,0.387600929,-0.171209186,0.999990523,0.487994552,0.387127399,-0.179526046,0.999958515,0.670069695,0.462947875,-0.0612278841,0.99231559,0.476214379,0.463639,-0.0804061443,0.972205043,0.681348,0.530003846,-0.239661127,0.98541826,0.455083191,0.526483059,-0.241952822,0.953813791,0.689996839,0.549559295,-0.292877764,0.96547389,0.444896132,0.546035707,-0.294723958,0.917708457,0.679886162,0.549743772,-0.357349873,0.968930364,0.452354968,0.54636246,-0.365375131,0.924518585,0.674236,0.543571293,-0.268805474,0.961610317,0.45857656,0.540237606,-0.273482561,0.912769318,0.615382075,0.516131163,-0.00211638701,0.99973917,0.520159304,0.515236318,0.00195286761,0.999596596,0.609695554,0.63838923,-0.0773988664,0.942621768,0.519829333,0.635109067,-0.0557983816,0.914519072,0.587032437,0.746116757,0.167936683,0.944816828,0.533041,0.744566143,0.184705421,0.904464304,0.580143094,0.754758239,0.177528724,0.656765401,0.537281513,0.755966365,0.194240242,0.530192614,0.591462374,0.779750526,-0.0731577426,0.932679534,0.52748239,0.779022,-0.0547125936,0.901114464
83.33333333333334,0.571331441,0.323669881,-0.564287722,0.999995828,0.580063641,0.316472679,-0.534830391,0.999986768,0.586494863,0.316869676,-0.534842134,0.999987662,0.591366291,0.317162961,-0.534878314,0.999988616,0.560819566,0.31618014,-0.536487579,0.999982238,0.554217577,0.316355288,-0.536533475,0.999981642,0.548015893,0.316454619,-0.536528,0.999980271,0.598784804,0.323887616,-0.327804506,0.99998,0.539796889,0.323419213,-0.337099701,0.99995625,0.583740234,0.334613472,-0.484661907,0.999995291,0.558355,0.333871156,-0.487663895,0.999991834,0.656559885,0.387499958,-0.171949536,0.999990642,0.487997085,0.387126237,-0.180081904,0.999959648,0.670045853,0.462916851,-0.0606395155,0.992283642,0.476118088,0.463678062,-0.0808965787,0.972982645,0.681712151,0.529963136,-0.238289952,0.985603809,0.455037802,0.526540041,-0.242113128,0.955165744,0.690460622,0.549544632,-0.291328728,0.965911269,0.445004314,0.546076119,-0.294802248,0.919867277,0.680350363,0.549742341,-0.355917186,0.969317079,0.452376187,0.546388686,-0.365556151,0.926470101,0.674717546,0.543494761,-0.267468333,0.962100089,0.458543032,0.540264249,-0.273699969,0.914903879,0.615393,0.516189277,-0.00162432168,0.999744892,0.520353377,0.515236616,0.00145641679,0.999606729,0.609557,0.638651252,-0.0740625262,0.942352712,0.519838572,0.635141,-0.0552632324,0.915532887,0.58680743,0.74615562,0.168948129,0.944777966,0.532957435,0.744577467,0.186677247,0.905337095,0.580002189,0.754764378,0.178322017,0.65779686,0.537192702,0.756194115,0.196348861,0.529672265,0.591326475,0.779955,-0.0696240216,0.932867408,0.527254224,0.779259,-0.0526213385,0.90211463
100.00000000000001,0.571461,0.323730767,-0.563843489,0.999995947,0.580140233,0.316488564,-0.534412205,0.999987066,0.586492598,0.316883653,-0.534421623,0.99998796,0.591326118,0.317168683,-0.534455597,0.999988854,0.560922146,0.316206038,-0.536324501,0.999982655,0.55428344,0.316378266,-0.536369622,0.999982119,0.548180163,0.316475,-0.536360443,0.999980807,0.598818302,0.323886365,-0.327002436,0.999980271,0.539787114,0.323450297,-0.337521821,0.999957442,0.583873749,0.33463639,-0.484014601,0.999995351,0.558459759,0.333886325,-0.487336606,0.999991953,0.656552,0.387384385,-0.169809669,0.999990702,0.487999201,0.387109,-0.180521011,0.999960482,0.670019925,0.462823898,-0.0575972162,0.992240131,0.476043582,0.463686436,-0.0812224224,0.973641515,0.681905091,0.529845476,-0.234277338,0.985771656,0.455037028,0.526558697,-0.242312148,0.956296146,0.690706968,0.549495101,-0.287180096,0.966306508,0.445115983,0.546079338,-0.294945449,0.921672046,0.680607319,0.549719393,-0.35168466,0.969670653,0.452407,0.546389759,-0.365747929,0.928105533,0.674948514,0.543367743,-0.263463974,0.96254164,0.458531767,0.540265441,-0.273917854,0.916674435,0.615393579,0.516226649,-0.000953183102,0.999750316,0.520418584,0.515233397,0.000783087744,0.99961555,0.609183431,0.638746858,-0.0709519535,0.942382097,0.519841135,0.635151923,-0.0549195893,0.916597068,0.586716473,0.746236,0.170807227,0.945066392,0.532934666,0.744616926,0.187970057,0.906298101,0.579927087,0.754774332,0.179993689,0.659063458,0.537114322,0.756409645,0.197714806,0.528961599,0.591284037,0.780240953,-0.067659311,0.93334794,0.527204871,0.779563,-0.0514760725,0.903201342
116.66666666666669,0.571547866,0.323769689,-0.564372778,0.999996066,0.580190897,0.316498846,-0.535035431,0.999987364,0.586489558,0.316892594,-0.535045147,0.999988258,0.591285825,0.317171693,-0.535079777,0.999989092,0.560985327,0.316217333,-0.536898613,0.999983132,0.55432415,0.31638661,-0.536944211,0.999982655,0.548285,0.316479951,-0.536935508,0.999981344,0.598843277,0.323884875,-0.327844173,0.999980628,0.539768636,0.323452115,-0.338013619,0.999958754,0.583968461,0.334654361,-0.484654248,0.99999541,0.558523059,0.333892763,-0.48789084,0.999992073,0.656543374,0.387298703,-0.170799255,0.999990702,0.487997949,0.387072563,-0.181449324,0.999961257,0.669997633,0.46280241,-0.0581015535,0.992191434,0.476039469,0.463685811,-0.0824661106,0.974229813,0.68207109,0.52974385,-0.232337564,0.985905468,0.45504567,0.526560605,-0.243476331,0.957306266,0.690871954,0.549445,-0.28449145,0.966637492,0.445262343,0.54608053,-0.296273053,0.923297644,0.680859387,0.549688876,-0.349299759,0.969960868,0.452458799,0.546382785,-0.366852373,0.929572105,0.675192297,0.543241858,-0.261586964,0.962919533,0.458528817,0.540255,-0.274987191,0.918281674,0.61541,0.516260564,-0.000749179802,0.999753952,0.52048111,0.515233815,0.000580324035,0.999622881,0.609187245,0.638765216,-0.0679179356,0.94305855,0.519812703,0.635154188,-0.0546924882,0.918670654,0.586706877,0.746283948,0.168374658,0.945860922,0.532623,0.744787276,0.182651341,0.90814966,0.579873323,0.75478828,0.176592514,0.661568,0.536913633,0.757162035,0.191283941,0.5305233,0.591281533,0.780410886,-0.0704789907,0.934355497,0.525831342,0.779984117,-0.0561515875,0.904995799
133.33333333333334,0.571645796,0.323786199,-0.564721763,0.999996185,0.580256402,0.316503167,-0.535317,0.999987662,0.586488128,0.316896856,-0.535328627,0.999988496,0.591271698,0.317173213,-0.535364628,0.999989331,0.561063707,0.31621927,-0.537034392,0.99998349,0.554380298,0.316388607,-0.537081122,0.999983072,0.548396,0.316482514,-0.537076235,0.999981821,0.59890759,0.323881686,-0.328023732,0.999980927,0.53976047,0.323453069,-0.339051574,0.999959826,0.584058,0.334661543,-0.485036731,0.99999541,0.558596134,0.333894849,-0.488078654,0.999992132,0.656541884,0.387206048,-0.171658918,0.999990761,0.488005191,0.387046278,-0.182122633,0.999961853,0.669990182,0.4627451,-0.0592309535,0.992194116,0.476035506,0.463687,-0.0824968815,0.974699438,0.682361603,0.52963984,-0.233069524,0.986071885,0.455054969,0.526570201,-0.243564129,0.958136141,0.691097856,0.549390674,-0.285179317,0.967023134,0.445372581,0.546095431,-0.29636687,0.924626946,0.681201279,0.549645424,-0.350084275,0.97030282,0.452514,0.546385586,-0.366989195,0.930766881,0.675520837,0.543126941,-0.262307286,0.96335727,0.458527893,0.540255666,-0.275087565,0.919601917,0.615446,0.516265035,-0.000719584,0.999756932,0.520598114,0.515226781,0.000551429519,0.999629,0.609244943,0.63877666,-0.0684121251,0.943165481,0.519810617,0.635171831,-0.0544425473,0.919763446,0.586665273,0.746284664,0.167810932,0.945967317,0.532607257,0.744876146,0.182109699,0.909108937,0.579842389,0.754789,0.176085725,0.662079751,0.536843956,0.757536471,0.1907994,0.530871749,0.591266155,0.78043741,-0.070822157,0.934573293,0.524639726,0.780148387,-0.0565952808,0.905942798
150.0,0.571741164,0.323811144,-0.557269096,0.999996305,0.580322742,0.316509187,-0.52771765,0.999988,0.586488247,0.316902488,-0.527727604,0.999988794,0.591261804,0.317176819,-0.527760625,0.999989629,0.561131895,0.316223,-0.530019641,0.999983966,0.554422379,0.316391,-0.53006,0.999983609,0.548477829,0.316484511,-0.530040205,0.999982417,0.598949671,0.323880076,-0.320419669,0.999981344,0.539741695,0.323454589,-0.333689928,0.999961257,0.584139943,0.334670961,-0.477501363,0.99999547,0.558645,0.333899528,-0.481287301,0.999992311,0.656536102,0.38716647,-0.163660794,0.999990821,0.488006979,0.38703078,-0.177866012,0.999962747,0.669985771,0.462731302,-0.0513956435,0.992118299,0.476014,0.463693827,-0.080125846,0.975201488,0.682625949,0.5295524,-0.2267683,0.98614496,0.455065101,0.526577175,-0.242271796,0.958990753,0.691352665,0.549362957,-0.279497355,0.967243195,0.445513308,0.546104,-0.29556,0.925999045,0.68149513,0.549618185,-0.344465256,0.970493495,0.452617228,0.546386361,-0.365952939,0.931998849,0.675766826,0.543040037,-0.256262928,0.963608205,0.45854488,0.540253103,-0.273723334,0.920951128,0.615658939,0.516314089,-0.000569436408,0.999761164,0.520893157,0.515241504,0.000407414627,0.999637544,0.609553218,0.63883841,-0.0666814595,0.943961084,0.519810438,0.635182321,-0.0543776974,0.92166239,0.586713,0.746310055,0.168009028,0.946719944,0.532426655,0.74524796,0.181327939,0.911013663,0.579842448,0.754900157,0.176390082,0.664717078,0.536801398,0.758474588,0.189829335,0.533187389,0.591380417,0.780517459,-0.0706297308,0.935558856,0.523282826,0.78048557,-0.057476256,0.907722592
166.66666666666666,0.571762264,0.323813528,-0.558611453,0.999996424,0.580350935,0.316511,-0.529130042,0.999988317,0.586486876,0.31690374,-0.529140353,0.999989092,0.591247201,0.317177624,-0.529174626,0.999989867,0.56114918,0.316223979,-0.531290054,0.999984443,0.554430425,0.316392,-0.531331837,0.999984145,0.548505902,0.31648463,-0.531314731,0.999982953,0.598988652,0.323878586,-0.321984231,0.999981701,0.53970921,0.323453099,-0.334401876,0.999962568,0.584164619,0.334673405,-0.478897274,0.99999553,0.558648944,0.333897114,-0.482488066,0.99999249,0.656534374,0.387144148,-0.164787188,0.99999088,0.488009602,0.387029022,-0.178395957,0.999963522,0.66999495,0.46273,-0.0519904755,0.992066503,0.475975782,0.463704884,-0.080369927,0.975677848,0.682777345,0.52953583,-0.227396309,0.986206293,0.455063224,0.52660042,-0.242346868,0.959732831,0.691530228,0.549355865,-0.280190825,0.967405677,0.445584536,0.546127558,-0.295761406,0.927167535,0.681737483,0.54961282,-0.345208406,0.970636368,0.452677369,0.546392083,-0.366110325,0.933049917,0.675965071,0.543003261,-0.256917506,0.963812113,0.45855087,0.540255249,-0.273784071,0.92212075,0.615895033,0.516315877,-0.000370129186,0.99976486,0.521154,0.515241146,0.00021239437,0.999644816,0.609840393,0.638860285,-0.0662377179,0.944353223,0.519918382,0.635191917,-0.0542258509,0.922990561,0.586733818,0.746354342,0.168057382,0.947118342,0.532401562,0.745408595,0.181344301,0.912354112,0.579844,0.755039454,0.176563397,0.666617811,0.536774278,0.758738637,0.189871013,0.534403741,0.591513813,0.780537,-0.0702853203,0.936139941,0.522759914,0.780520201,-0.0577888824,0.908972621
183.33333333333331,0.571784198,0.32381776,-0.559230566,0.999996483,0.580376506,0.316512555,-0.529814124,0.999988496,0.586485684,0.316904932,-0.529825389,0.999989271,0.591236234,0.317178309,-0.529860914,0.99999,0.561172903,0.316224843,-0.531878352,0.999984682,0.554447114,0.316393048,-0.531921327,0.999984443,0.548549891,0.316485763,-0.53190577,0.999983251,0.59902066,0.323877215,-0.32293269,0.99998188,0.53970027,0.323454052,-0.33487606,0.999963343,0.584199667,0.33467558,-0.479649514,0.999995589,0.558661044,0.333897501,-0.48310107,0.999992549,0.656543672,0.387140781,-0.165895626,0.99999094,0.488029212,0.387025088,-0.178801253,0.999964118,0.669993281,0.462753713,-0.0533212461,0.992028773,0.475935638,0.463705599,-0.0803961679,0.976085901,0.682924688,0.529532969,-0.229066461,0.986287773,0.455041826,0.526606321,-0.242385134,0.960439742,0.691886425,0.549357355,-0.281889737,0.967617,0.445598513,0.546144724,-0.29580906,0.928278744,0.682202935,0.549622118,-0.346866488,0.970830142,0.452701837,0.546395481,-0.366227746,0.934062481,0.67633307,0.542999566,-0.258533746,0.96406877,0.458550125,0.540255606,-0.2738626,0.923240602,0.615996718,0.516333878,-0.000363998493,0.999768674,0.521343589,0.515244782,0.000206142271,0.999650717,0.609818101,0.638861597,-0.0665585399,0.944355965,0.519975603,0.635207891,-0.0541745275,0.923520803,0.586682439,0.74649328,0.17109172,0.947282076,0.532349944,0.745430946,0.184228092,0.91286236,0.579853833,0.755215645,0.180043712,0.666677594,0.536775768,0.758695364,0.19330807,0.533923388,0.591425419,0.780600488,-0.0682542,0.936418355,0.522789419,0.780521631,-0.0551632047,0.909592807
199.99999999999997,0.572015584,0.323823959,-0.563847721,0.999996543,0.580469668,0.316513866,-0.534373879,0.999988735,0.586494207,0.316905618,-0.534382224,0.99998951,0.59123069,0.317177981,-0.534416497,0.999990165,0.561304569,0.316224933,-0.536736488,0.999985,0.554545283,0.316393107,-0.536776841,0.999984801,0.5486871,0.316486716,-0.53675288,0.999983668,0.599066377,0.323873848,-0.326000482,0.999982178,0.539695203,0.323457211,-0.338943273,0.999964356,0.584376395,0.334685355,-0.483599126,0.999995649,0.558858216,0.333905,-0.487348199,0.999992669,0.65667969,0.387135535,-0.165964618,0.999991059,0.488012254,0.386990845,-0.181828499,0.999964833,0.669991076,0.462760955,-0.0542606749,0.99198097,0.47592926,0.463699073,-0.0829127207,0.976620317,0.683066428,0.529515386,-0.230102733,0.986267567,0.454996109,0.526609182,-0.245761618,0.961069763,0.692064404,0.54928726,-0.28294003,0.967569351,0.445607036,0.54616195,-0.299911082,0.929164052,0.682553172,0.549588561,-0.347900093,0.970789671,0.452707797,0.546419203,-0.370478541,0.934872,0.676632583,0.542948306,-0.259532362,0.964044034,0.458523899,0.540266097,-0.27740404,0.924137533,0.615990162,0.516388237,-0.000218488218,0.999773,0.521314383,0.515294731,5.77845458e-005,0.999656796,0.60982132,0.638862073,-0.0643238574,0.944851816,0.519591451,0.635234237,-0.0531204,0.924780607,0.586804867,0.746772468,0.174002975,0.948058486,0.531719446,0.745326638,0.187857881,0.91386354,0.579899728,0.755536616,0.182719156,0.66744411,0.536666512,0.758435071,0.197175577,0.533898652,0.591519117,0.780967057,-0.0679968521,0.937317193,0.522622883,0.780502856,-0.0526155308,0.910741508
216.66666666666663,0.572114706,0.323812872,-0.565890074,0.999996662,0.58051914,0.31651172,-0.536266327,0.999989033,0.5865,0.316905141,-0.536272109,0.999989748,0.591225684,0.317177683,-0.536303759,0.999990404,0.561380804,0.316207975,-0.538868546,0.999985397,0.554622531,0.316375762,-0.53890717,0.999985278,0.54879266,0.316468537,-0.538878858,0.999984145,0.599093258,0.323872417,-0.327404499,0.999982536,0.539691,0.323448777,-0.341473192,0.999965489,0.584452629,0.334680289,-0.485532075,0.999995768,0.558909595,0.333870053,-0.489602089,0.999992847,0.656683564,0.387101918,-0.16645281,0.999991179,0.487951934,0.386961132,-0.18477878,0.999965668,0.669989109,0.462718904,-0.0538720414,0.991987526,0.475908846,0.463693529,-0.0855230615,0.977195084,0.683223844,0.529398203,-0.228953898,0.986327767,0.454954535,0.526611388,-0.247872621,0.961826921,0.692440152,0.549168289,-0.2813752,0.967668772,0.445614427,0.546170592,-0.302189082,0.930273116,0.683013678,0.549516797,-0.346723139,0.970884204,0.452713937,0.546425462,-0.37277025,0.935881615,0.67696,0.54284519,-0.258584231,0.964184105,0.458496273,0.540266931,-0.279533923,0.925248444,0.616021216,0.51639241,0.000202395473,0.999777496,0.521312892,0.515295327,-0.000366844353,0.999663889,0.609977722,0.638877153,-0.0603587665,0.945703,0.519572914,0.635239244,-0.0522200428,0.926575303,0.587054133,0.746817,0.176741078,0.949110031,0.53123939,0.745061457,0.188594788,0.915477335,0.580066264,0.755671322,0.185180336,0.670044363,0.536401451,0.758153498,0.197835654,0.535239875,0.591709197,0.781220496,-0.0665222183,0.938605547,0.522534072,0.780481577,-0.0520727374,0.912459135
233.3333333333333,0.572200596,0.323794872,-0.565273285,0.999996722,0.580563426,0.316502661,-0.535516918,0.999989271,0.586504519,0.316901058,-0.535521924,0.99999,0.591221869,0.317175061,-0.535553932,0.999990582,0.561452031,0.316176921,-0.538182259,0.999985754,0.554690242,0.316344321,-0.538219631,0.999985635,0.548872709,0.31643492,-0.538189709,0.999984562,0.599099517,0.323867,-0.326455444,0.999982834,0.539687693,0.323420674,-0.340777159,0.999966443,0.58448565,0.334667295,-0.484850287,0.999995828,0.558942378,0.333822906,-0.488996774,0.999993,0.656660616,0.387031615,-0.166117385,0.999991298,0.487887681,0.386911452,-0.183535725,0.999966323,0.669965744,0.462672263,-0.0520671047,0.991969347,0.475902408,0.463621914,-0.084595412,0.977562368,0.683360517,0.529273808,-0.22719115,0.986381233,0.454934508,0.52658844,-0.247660577,0.962405145,0.692767262,0.549090266,-0.27967611,0.967808902,0.445620745,0.54616791,-0.302112728,0.931158543,0.683377,0.549486876,-0.345294446,0.971013069,0.452719927,0.546414256,-0.372725397,0.936693192,0.677241564,0.542801142,-0.257014424,0.964352846,0.458474725,0.540243447,-0.279363871,0.926139116,0.616089463,0.51637882,0.000192875901,0.999781728,0.521369576,0.515284836,-0.000357108423,0.999670446,0.609988511,0.638878524,-0.0602642633,0.94669944,0.519500196,0.63519603,-0.051258076,0.928180158,0.587232709,0.746835351,0.178958118,0.950168252,0.53113544,0.744861782,0.190218836,0.917181611,0.580287278,0.755719602,0.187563404,0.671557188,0.536373,0.757886767,0.199499384,0.537488103,0.591715753,0.781314552,-0.0649246424,0.93983233,0.522505641,0.780479729,-0.0503608547,0.914228797
249.99999999999994,0.572262108,0.323792845,-0.567641556,0.999996781,0.580588,0.316501915,-0.537987292,0.99998945,0.586505234,0.316901386,-0.537993133,0.999990165,0.59121269,0.317175955,-0.538027763,0.999990702,0.561523,0.316168398,-0.540454,0.999986,0.55476445,0.316334873,-0.540490568,0.999985874,0.548979163,0.316426188,-0.540461302,0.99998486,0.599108815,0.323865533,-0.328761935,0.999983072,0.539688945,0.323411405,-0.342200816,0.999967158,0.584499896,0.334664255,-0.487071276,0.999995887,0.558988,0.333804309,-0.490965426,0.999993145,0.656660616,0.386982352,-0.167969316,0.999991417,0.487860888,0.386890084,-0.183643863,0.99996686,0.669953823,0.462638676,-0.0522514284,0.991968155,0.475896478,0.463601947,-0.084578678,0.977799833,0.683486462,0.529225767,-0.227382332,0.986422241,0.454929531,0.526560307,-0.247750342,0.962894738,0.693066835,0.549009562,-0.279927045,0.967916667,0.445645541,0.546157598,-0.30223015,0.931923926,0.683703661,0.549448192,-0.345504284,0.971111715,0.452727,0.546409547,-0.373043299,0.937397301,0.677496135,0.542773485,-0.257110536,0.964493215,0.458458304,0.540231884,-0.279537618,0.926913381,0.616092563,0.516291082,-0.000287578267,0.999785244,0.521379173,0.515173316,0.000123180012,0.999675035,0.609992802,0.638739705,-0.0607772768,0.94696337,0.519526601,0.63478756,-0.0489399396,0.928741872,0.587256074,0.746869385,0.178922445,0.950619936,0.531320214,0.744719923,0.193159088,0.917771459,0.580389202,0.755817831,0.18757844,0.671042264,0.536930084,0.757616162,0.202622131,0.538047194,0.591602325,0.781349,-0.0650324598,0.940376699,0.522914112,0.780264139,-0.0468808226,0.914999783
266.66666666666663,0.572271764,0.323760152,-0.5680722,0.999996841,0.580599546,0.3164711,-0.538392723,0.999989629,0.586492658,0.316883892,-0.538399518,0.999990344,0.591154873,0.317163885,-0.538433969,0.99999088,0.561542392,0.316108763,-0.540629685,0.999986231,0.554792881,0.316273689,-0.54066503,0.999986112,0.549026251,0.31635493,-0.540635824,0.999985158,0.599100292,0.323847711,-0.329172909,0.99998337,0.539691567,0.323315501,-0.341915578,0.999967694,0.584486187,0.334624141,-0.487538487,0.999995947,0.558995962,0.33373946,-0.491111308,0.999993265,0.656684637,0.386923373,-0.169986606,0.999991596,0.487831354,0.386823863,-0.182280391,0.999967396,0.669957936,0.462568194,-0.0558313243,0.991990745,0.475892,0.463568747,-0.0822188482,0.977943301,0.683684766,0.529214501,-0.233683646,0.986472,0.454908162,0.526561,-0.247143045,0.963276088,0.693500221,0.548996031,-0.286926061,0.968048513,0.445651025,0.546182513,-0.301961333,0.932525039,0.684132636,0.54944706,-0.352844775,0.971235812,0.452731192,0.546441674,-0.372985601,0.937956154,0.677874565,0.542770088,-0.263649255,0.96465826,0.458423,0.540260136,-0.279157877,0.927520752,0.616077721,0.516292334,-0.00140738708,0.999790311,0.521345079,0.515173495,0.00123525213,0.999680877,0.609918594,0.638767421,-0.0610279441,0.947492719,0.519591033,0.634804785,-0.0441975854,0.929600835,0.587368309,0.746872127,0.186353594,0.951537,0.531477,0.744529486,0.208235517,0.918914795,0.580561876,0.75582,0.196034491,0.671700299,0.537134409,0.756845117,0.218965039,0.5400846,0.591466844,0.781640649,-0.0596604683,0.941499412,0.524334431,0.780274272,-0.031159902,0.916422725
283.3333333333333,0.57228291,0.323756516,-0.567275941,0.999996841,0.580609441,0.316449672,-0.537507713,0.999989688,0.586478889,0.316870332,-0.53751564,0.999990404,0.591080308,0.317153513,-0.537549853,0.99999094,0.561580122,0.316077769,-0.539693654,0.999986231,0.554828286,0.316244513,-0.539728105,0.999986112,0.54907918,0.316326678,-0.539702296,0.999985218,0.599037886,0.32382372,-0.328112543,0.99998337,0.539690495,0.32327792,-0.340324849,0.999967754,0.584489167,0.334620982,-0.486682743,0.999995947,0.559010267,0.333734065,-0.490173846,0.999993265,0.656682134,0.386870652,-0.169722751,0.999991715,0.487797588,0.386716813,-0.18127735,0.999967635,0.669958234,0.462524712,-0.0559597686,0.991984546,0.475886583,0.463402182,-0.0818816945,0.978102267,0.683867097,0.529209197,-0.234793812,0.986546755,0.454873264,0.526511371,-0.247069776,0.963662326,0.693818033,0.548948407,-0.288380772,0.968237221,0.445647538,0.546177566,-0.301887214,0.933139,0.68462944,0.549428761,-0.354257971,0.971412182,0.452724844,0.546440661,-0.372917622,0.938525558,0.678387344,0.542765796,-0.264815778,0.96487546,0.458374172,0.540256083,-0.279129744,0.928120613,0.616057694,0.516287208,-0.0014098871,0.999793887,0.521329224,0.515144706,0.00123748556,0.999684572,0.609805882,0.638722837,-0.0611651726,0.947513461,0.519633293,0.634807885,-0.044434879,0.929724455,0.587395251,0.746668637,0.189881012,0.951834857,0.531601906,0.744123399,0.209740266,0.919196725,0.58063817,0.755580068,0.200185,0.671211958,0.537298083,0.755283058,0.220806122,0.539899349,0.59137547,0.781654298,-0.0554670393,0.941926301,0.525743783,0.780068934,-0.0294725113,0.916979432
300.0,0.572290897,0.323780239,-0.56793046,0.999996841,0.580616415,0.316449672,-0.53820312,0.999989688,0.586471617,0.31687209,-0.538211823,0.999990404,0.591024876,0.317159384,-0.538246512,0.99999094,0.561615407,0.316075832,-0.540379584,0.999986172,0.554855168,0.316240907,-0.540413797,0.999986112,0.5491243,0.316321969,-0.540390432,0.999985218,0.599019051,0.323824823,-0.328636259,0.999983311,0.539695203,0.323263526,-0.340767533,0.999967694,0.584475577,0.334637582,-0.487240553,0.999995947,0.559017301,0.333748251,-0.490725875,0.999993265,0.656681061,0.386821747,-0.17027019,0.999991834,0.487764716,0.386545867,-0.181553,0.999967873,0.669985771,0.462445468,-0.0566734709,0.991991103,0.475884676,0.46307984,-0.0824033171,0.978252113,0.684219062,0.529188693,-0.236015305,0.986619353,0.454814821,0.526481628,-0.247512445,0.963979661,0.694206,0.548918188,-0.289557666,0.968401372,0.445651203,0.546178877,-0.302425,0.933608651,0.685234547,0.549422443,-0.355468392,0.97156775,0.452728897,0.54644227,-0.373666227,0.938964188,0.679032743,0.542762637,-0.266059965,0.965073526,0.458363801,0.540255904,-0.279634058,0.928597033,0.616053462,0.516264617,-0.00146020704,0.999796391,0.521304,0.515102804,0.00128692761,0.999686539,0.609755695,0.63866,-0.0607140586,0.947095811,0.519809544,0.634809136,-0.0438582376,0.929287732,0.587397039,0.746647596,0.189883292,0.951818764,0.532141626,0.743926466,0.209699914,0.918818653,0.58065,0.755539954,0.199916631,0.669599116,0.537791371,0.754472554,0.220620573,0.538648844,0.591329455,0.781677604,-0.0556051843,0.942008436,0.526829302,0.779740512,-0.029380342,0.916957855
316.6666666666667,0.572314382,0.323783815,-0.569080353,0.999996841,0.58062458,0.316444278,-0.539531648,0.999989569,0.586468875,0.31686908,-0.539542079,0.999990284,0.590999,0.317157716,-0.539576352,0.999990821,0.561669886,0.316065937,-0.54166913,0.999986,0.554902077,0.316229671,-0.541704774,0.999986,0.549186468,0.316310674,-0.541686535,0.999985099,0.599011,0.323823363,-0.330272079,0.999983072,0.539698064,0.323250145,-0.342076033,0.999967337,0.584480286,0.334647596,-0.488432527,0.999995887,0.559059799,0.333753675,-0.491861761,0.999993145,0.656685531,0.386764526,-0.171451613,0.999991834,0.487721354,0.386427492,-0.183559269,0.999967873,0.670001626,0.462414056,-0.0581899509,0.991973102,0.475895971,0.462878257,-0.0852421224,0.978407323,0.684615612,0.52919054,-0.237866044,0.986615181,0.454753608,0.526462555,-0.249622792,0.964205205,0.694632053,0.548917353,-0.291033328,0.968387544,0.445654958,0.546180546,-0.304341078,0.933914125,0.685958326,0.549433768,-0.356955886,0.971564531,0.452731669,0.546447039,-0.375545353,0.939249158,0.679834,0.542774737,-0.26789552,0.965088427,0.458328217,0.540259242,-0.281668842,0.928883672,0.616048872,0.516264379,-0.00144564791,0.999796391,0.521229088,0.515095532,0.00127176114,0.999685824,0.609731,0.638571084,-0.0600438304,0.946815073,0.519812882,0.634788513,-0.0438212231,0.929246485,0.587522149,0.746593237,0.188974038,0.951835573,0.532204926,0.743656516,0.208199471,0.918543339,0.581021726,0.75547564,0.198812798,0.668922544,0.537847519,0.75391674,0.218872353,0.537329078,0.591341257,0.781678319,-0.0562667362,0.942145824,0.527157724,0.779420674,-0.0310347248,0.916884482
333.33333333333337,0.572436869,0.323789477,-0.566360295,0.999996841,0.580638647,0.316436619,-0.536885,0.99998945,0.586466432,0.316862941,-0.536897957,0.999990165,0.590966523,0.317151129,-0.53693223,0.999990702,0.561771,0.316058785,-0.539011,0.999985814,0.555003405,0.316222,-0.53904748,0.999985754,0.549301684,0.316305339,-0.539035916,0.99998486,0.598931074,0.323811144,-0.327549189,0.999982774,0.539705396,0.323247343,-0.339251608,0.99996686,0.584519207,0.334661067,-0.485623389,0.999995828,0.559242964,0.33377409,-0.489040285,0.999993,0.656726897,0.38674438,-0.168453619,0.999991894,0.487680793,0.386341274,-0.182852492,0.999968,0.670007229,0.462405026,-0.0565276742,0.991933405,0.475893945,0.462756068,-0.085214,0.978542507,0.684832931,0.529307187,-0.237468407,0.986623883,0.454629838,0.526449,-0.249466419,0.964365482,0.695077,0.548951149,-0.290778428,0.968411863,0.445623398,0.546185851,-0.304231524,0.934127748,0.686515749,0.549503684,-0.356597304,0.971597135,0.452690572,0.546452522,-0.375489712,0.939444542,0.680341542,0.542902946,-0.267492712,0.965138733,0.458222032,0.540266693,-0.281527102,0.929067492,0.616028368,0.516334176,-0.000721030403,0.999798298,0.521154642,0.515115,0.000546423078,0.999687433,0.609689415,0.638576925,-0.0599481724,0.945998073,0.51981014,0.634894311,-0.0449208915,0.928643167,0.587299347,0.746631086,0.190744624,0.951450765,0.532205641,0.743562937,0.207901508,0.917712152,0.580886304,0.755497634,0.200855896,0.668318689,0.53783977,0.753933191,0.218801349,0.534598887,0.591291368,0.781698287,-0.0540398061,0.94187808,0.527522504,0.779385149,-0.0315333568,0.916306
350.00000000000006,0.57247597,0.323791593,-0.567644954,0.999996841,0.580652177,0.316431075,-0.538273335,0.999989331,0.58646524,0.316858828,-0.538286746,0.999990106,0.590949416,0.317147166,-0.538322926,0.999990642,0.561822236,0.316053212,-0.540411115,0.999985635,0.555044889,0.316216618,-0.540447474,0.999985576,0.549353302,0.31630069,-0.540438533,0.999984682,0.598922431,0.323804975,-0.328617334,0.999982595,0.53970629,0.323243558,-0.340335637,0.999966502,0.584544361,0.334668219,-0.486704171,0.999995768,0.559301913,0.333779782,-0.490126491,0.999992967,0.656765282,0.386679858,-0.168583333,0.999991953,0.487674624,0.386292458,-0.18382515,0.999968112,0.669995606,0.462346,-0.0565925874,0.991922259,0.475865632,0.462690055,-0.0860850587,0.978674829,0.685047865,0.529334,-0.237532213,0.986682,0.454450667,0.526449382,-0.249595508,0.964454949,0.69556433,0.548952222,-0.290840507,0.968526781,0.445591152,0.546218276,-0.304242551,0.934185863,0.687120438,0.54952991,-0.356652319,0.971717536,0.452688366,0.546476662,-0.375568211,0.939495,0.680855215,0.542973578,-0.267553329,0.96529,0.458187282,0.540295959,-0.281652,0.929094613,0.61603117,0.516337097,-0.000313464087,0.999800324,0.52108717,0.515083551,0.00013699237,0.999688804,0.60960865,0.638571322,-0.0598229878,0.94551754,0.519542694,0.635003448,-0.0450055301,0.928172231,0.58714503,0.74668014,0.19259955,0.951372802,0.532066464,0.743478477,0.209293351,0.917140603,0.580796063,0.755538702,0.202921599,0.668381035,0.537631512,0.753953278,0.220507249,0.53225559,0.591080427,0.781753838,-0.0522901341,0.941931486,0.527537167,0.7793836,-0.0307607763,0.915998816
366.66666666666674,0.572613299,0.323802084,-0.572084129,0.999996841,0.580697954,0.31642884,-0.542750418,0.999989331,0.586469233,0.316856503,-0.542763829,0.999990106,0.590942,0.317144841,-0.542801738,0.999990642,0.561931729,0.316051424,-0.545175254,0.999985576,0.555133879,0.31621483,-0.545211256,0.999985516,0.549446285,0.316299707,-0.545201719,0.999984562,0.598913789,0.323799342,-0.33192426,0.999982536,0.539714515,0.323246896,-0.345149726,0.999966323,0.584621,0.334685534,-0.490601271,0.999995708,0.559501767,0.33380717,-0.49445343,0.999992907,0.656782746,0.38665247,-0.169237107,0.999992,0.487670779,0.386225432,-0.18846415,0.999968112,0.669990659,0.462341756,-0.0566427521,0.991898596,0.475832671,0.462525338,-0.0908900127,0.978748202,0.685552597,0.529493749,-0.237515852,0.986761868,0.454066813,0.526448429,-0.252432972,0.964380145,0.696413159,0.549065948,-0.290762424,0.968663275,0.445357203,0.546224654,-0.30643788,0.933975339,0.68821913,0.549676716,-0.356620073,0.971862435,0.452427894,0.546491,-0.378095508,0.939301074,0.681868136,0.543256462,-0.267527163,0.965464592,0.457809269,0.540320694,-0.28451246,0.928851128,0.616042793,0.516296506,0.00108949014,0.999801636,0.521081448,0.514834702,-0.00126815948,0.999689639,0.609454155,0.638461411,-0.0589359291,0.944549441,0.519543946,0.63477546,-0.0461450666,0.927437723,0.587089598,0.746686,0.191911265,0.950995266,0.531986535,0.743362069,0.208289266,0.91636765,0.580702364,0.75555706,0.202091947,0.669260919,0.537367225,0.753980398,0.21957694,0.529492319,0.591088712,0.78169,-0.0528740771,0.941735208,0.527990222,0.778811336,-0.0328938439,0.91541636
383.3333333333334,0.57272017,0.323808074,-0.560228586,0.999996781,0.580744624,0.316426188,-0.529906,0.999989271,0.58647579,0.316854447,-0.529923081,0.999990046,0.590934217,0.31714341,-0.52996242,0.999990582,0.562025368,0.316049874,-0.532535493,0.999985397,0.555220068,0.31621331,-0.532569289,0.999985337,0.549524903,0.316298366,-0.532557428,0.999984324,0.598909318,0.323795259,-0.317771882,0.999982297,0.539721668,0.323251247,-0.332351983,0.999965787,0.584673,0.334701687,-0.478635252,0.999995649,0.559633,0.333829,-0.482849181,0.999992788,0.656786799,0.386641026,-0.158070892,0.999992073,0.487665087,0.386193454,-0.178948537,0.999967933,0.669960797,0.46231088,-0.0485619493,0.991808295,0.475808263,0.462463468,-0.0827487633,0.978537738,0.68590492,0.529737651,-0.231910169,0.986768901,0.453730166,0.526423275,-0.241953477,0.964076221,0.697605491,0.549352884,-0.28598991,0.968705595,0.444997549,0.546179771,-0.295880139,0.933498323,0.689188302,0.54996413,-0.351738095,0.971919119,0.452097088,0.546442688,-0.367705941,0.938866079,0.682460308,0.543588817,-0.262145847,0.965541184,0.45746392,0.54029566,-0.274144173,0.928366065,0.616083264,0.516298592,0.00254463404,0.999804437,0.521111548,0.514790833,-0.00271432241,0.999692,0.609376252,0.638511121,-0.0578495115,0.943036795,0.519729614,0.634777784,-0.0487655103,0.925816834,0.586895108,0.746882379,0.196171388,0.950181186,0.532004595,0.743304193,0.20847024,0.915057957,0.58043313,0.75580287,0.206704497,0.66946429,0.537343144,0.754001737,0.220010385,0.526219,0.591076672,0.781671584,-0.0469413958,0.94096452,0.528341711,0.778325,-0.0322743468,0.914367795
400.0000000000001,0.572776854,0.323915333,-0.543955743,0.999996781,0.58075726,0.316432774,-0.513569593,0.999989212,0.586475194,0.316858351,-0.513591766,0.99999,0.59090817,0.317147136,-0.513627,0.999990523,0.562067866,0.316070646,-0.515465319,0.999985337,0.555261075,0.316233903,-0.515497327,0.999985218,0.549568474,0.316331565,-0.515482903,0.999984205,0.598862588,0.323791325,-0.303407043,0.999982119,0.539723933,0.323275775,-0.314805329,0.999965549,0.584706783,0.33480072,-0.463290125,0.999995649,0.559751689,0.334002405,-0.466602921,0.999992728,0.656784773,0.386635184,-0.149873599,0.999992073,0.487623155,0.386214942,-0.161230117,0.999967873,0.669953704,0.462310225,-0.0459485203,0.991775095,0.475799292,0.462462902,-0.0672281086,0.978409529,0.686517537,0.529927969,-0.231441095,0.986858487,0.453569204,0.526422679,-0.230694413,0.96415478,0.699413598,0.549658477,-0.285986543,0.968946695,0.444806516,0.546156,-0.284971058,0.933670759,0.69052279,0.550288916,-0.351530612,0.972136497,0.451693863,0.546398282,-0.356367111,0.939026356,0.683180153,0.543876708,-0.261625528,0.965796173,0.457063437,0.540288,-0.262859106,0.928578079,0.616084516,0.516611755,0.00215651211,0.999805331,0.521268845,0.514940679,-0.00231312052,0.999692798,0.609276,0.63924557,-0.0575594082,0.942417,0.519718409,0.635072649,-0.0484139733,0.925059736,0.586894691,0.746960759,0.196233153,0.949565828,0.532005966,0.743722498,0.209279969,0.914233625,0.580434561,0.755874932,0.206690088,0.669054449,0.537266791,0.75460279,0.220798954,0.524825394,0.591110051,0.781653941,-0.0455837511,0.940341532,0.528269947,0.778476596,-0.0302015338,0.913570285
416.6666666666668,0.572864354,0.324000359,-0.539113224,0.999996722,0.580787,0.316441476,-0.508465,0.999989033,0.586476922,0.316865087,-0.508487403,0.999989808,0.590902805,0.317155957,-0.508526385,0.999990344,0.562129319,0.316085964,-0.510581,0.999985039,0.555322886,0.316247,-0.510611951,0.99998486,0.549623907,0.316351265,-0.510596216,0.999983847,0.598824,0.323789239,-0.297667116,0.999981701,0.539731145,0.323280871,-0.309825659,0.999964714,0.584731102,0.334865689,-0.458233446,0.999995589,0.559829295,0.334108859,-0.461765558,0.999992609,0.656777084,0.386595696,-0.144781083,0.999992132,0.487464666,0.386215091,-0.156895131,0.999967575,0.66992867,0.462292224,-0.0435683243,0.991739452,0.475726485,0.462391585,-0.0628671348,0.978253603,0.687091827,0.529977441,-0.23138696,0.986942828,0.453499168,0.526390672,-0.224429235,0.963977814,0.701083,0.549822,-0.286042899,0.969163239,0.444594532,0.546130598,-0.278836697,0.933368,0.691590905,0.550525725,-0.351608366,0.97233367,0.45150879,0.546353042,-0.349992543,0.938748419,0.683679223,0.544023693,-0.261592358,0.966025293,0.456924468,0.54025048,-0.256518066,0.928309083,0.616058767,0.516642034,0.00222334079,0.999806404,0.521328807,0.514984429,-0.00237618899,0.999693036,0.609118581,0.63943,-0.0567006133,0.941565692,0.519805193,0.635503709,-0.0484878272,0.923949242,0.586974263,0.746968031,0.200906888,0.948749781,0.532317758,0.744159818,0.211818755,0.912929475,0.580503285,0.755876601,0.211801484,0.66740793,0.537264,0.754946768,0.223795503,0.521999598,0.591256678,0.781639755,-0.041145876,0.939421415,0.528319478,0.778630435,-0.0277562272,0.912389
433.3333333333335,0.573011279,0.324069232,-0.54050225,0.999996662,0.580862,0.316454679,-0.509752274,0.999988914,0.586491704,0.316875398,-0.50977087,0.999989688,0.590895832,0.3171691,-0.509811819,0.999990225,0.562252223,0.316105217,-0.512078524,0.999984801,0.555422366,0.316265643,-0.512110472,0.999984562,0.549713254,0.316379428,-0.512093723,0.999983549,0.598822057,0.323788851,-0.298467875,0.999981403,0.539744735,0.323310792,-0.311547697,0.999964058,0.584817648,0.334943503,-0.459454954,0.99999553,0.559979856,0.334213346,-0.463233054,0.99999249,0.656794906,0.386578679,-0.14381294,0.999992251,0.487419963,0.386214823,-0.158869982,0.999967277,0.66993922,0.462288469,-0.0421013795,0.99176383,0.475681961,0.462319195,-0.0640915632,0.978099048,0.687698603,0.53005594,-0.230958462,0.987112463,0.453428,0.526343942,-0.224034578,0.963818848,0.702545106,0.549981713,-0.285920471,0.969533622,0.443789661,0.546178102,-0.278404534,0.93308121,0.692443192,0.550840557,-0.351530373,0.972676337,0.45128414,0.546384752,-0.349325329,0.93848753,0.684070826,0.544251144,-0.261283576,0.966443717,0.456861824,0.540250242,-0.255957276,0.928033,0.616034567,0.51664871,0.00333160977,0.999808252,0.521330476,0.514993906,-0.00348341791,0.999694169,0.608859062,0.639530301,-0.0567401126,0.940898418,0.519802153,0.635505736,-0.0515927821,0.923163831,0.586901963,0.746891797,0.204969049,0.947955251,0.532192528,0.744023144,0.211569175,0.911960483,0.580248415,0.755779684,0.216466144,0.665753305,0.536980569,0.754858553,0.22362785,0.519195735,0.591338277,0.78157413,-0.0368152522,0.938488603,0.528301775,0.778635442,-0.0282078851,0.911508441
450.00000000000017,0.573023319,0.324139208,-0.541374385,0.999996603,0.580873132,0.316487819,-0.510699868,0.999988735,0.586494446,0.316909015,-0.510719061,0.99998951,0.590889275,0.317216694,-0.510763764,0.999990106,0.562266111,0.316131711,-0.512807846,0.999984503,0.555437,0.316288054,-0.512839675,0.999984205,0.549726844,0.316406816,-0.512825429,0.999983132,0.598825753,0.323803872,-0.299223721,0.999981046,0.539743364,0.323328555,-0.311102033,0.999963164,0.584825099,0.335015804,-0.460219651,0.99999541,0.559991181,0.334272802,-0.463689834,0.999992311,0.656796217,0.386536419,-0.144026771,0.999992251,0.48735413,0.386214674,-0.156931818,0.999966621,0.669938,0.462284863,-0.0430574417,0.991717637,0.475516587,0.462168306,-0.0621112697,0.977627933,0.687971413,0.530166268,-0.233449072,0.987109721,0.453362674,0.526001096,-0.222384036,0.963071823,0.703424811,0.550123334,-0.28987059,0.969532371,0.442716658,0.546180904,-0.276893377,0.931848288,0.693027675,0.551105917,-0.355753452,0.972679079,0.450821757,0.546389163,-0.3481628,0.937354565,0.684277594,0.54444176,-0.26413992,0.966436803,0.456705362,0.540221393,-0.254507035,0.926801264,0.615911067,0.516553819,0.00333356508,0.99980855,0.521203756,0.514942,-0.00348400534,0.999694407,0.608643472,0.63952738,-0.0568024293,0.940491676,0.5197,0.635514,-0.0515725799,0.922670543,0.586862862,0.746911705,0.20401299,0.947627902,0.531828463,0.744025171,0.210501477,0.911579967,0.580233753,0.755789816,0.215364859,0.664582491,0.536702752,0.754872262,0.222310051,0.517689168,0.591293097,0.781605482,-0.039331004,0.938083529,0.527948856,0.778854,-0.0324467942,0.911113381
466.66666666666686,0.573193669,0.324235946,-0.534713328,0.999996483,0.58101815,0.316543788,-0.503443062,0.999988556,0.586539745,0.316961765,-0.503466904,0.999989331,0.59091717,0.317291707,-0.503516078,0.99999,0.562428534,0.316166788,-0.505922675,0.999984205,0.55556649,0.316313088,-0.505952179,0.999983847,0.549830914,0.316434473,-0.505937159,0.999982774,0.598835647,0.323827535,-0.290112615,0.999980748,0.539750934,0.323334873,-0.303992838,0.99996233,0.584889829,0.335101277,-0.452966779,0.999995291,0.560068,0.334347069,-0.456981033,0.999992132,0.656788588,0.386526495,-0.136185557,0.999992251,0.487234265,0.386195272,-0.151051104,0.999965906,0.669949412,0.462263048,-0.0398357138,0.991677403,0.475267768,0.461955398,-0.0590858273,0.977226615,0.688129,0.530281603,-0.233447552,0.987162709,0.453175843,0.525795758,-0.2205071,0.962284923,0.704137564,0.550263762,-0.290049046,0.969652116,0.440958261,0.546224,-0.275434077,0.930550396,0.693332434,0.551400185,-0.355985194,0.972796,0.449819237,0.546435058,-0.346460044,0.936174333,0.68433857,0.54466337,-0.264149606,0.96657145,0.456286252,0.540216863,-0.252615273,0.925521433,0.615747511,0.516504467,0.00387821859,0.999808729,0.521151185,0.514935911,-0.00401721708,0.999693871,0.608155906,0.639539599,-0.0568518229,0.939835191,0.519664228,0.635617852,-0.0538849495,0.922055364,0.586830497,0.746950388,0.203088135,0.946942806,0.531783938,0.744143069,0.208280697,0.911060512,0.5801633,0.755865812,0.214237526,0.663935781,0.536533535,0.755037844,0.220087424,0.516131639,0.591353416,0.781623483,-0.0405120552,0.937341,0.527950585,0.779011488,-0.0362434685,0.910472691
483.33333333333354,0.573271215,0.324270904,-0.530085921,0.999996305,0.581154823,0.316582382,-0.498354197,0.999988079,0.586599827,0.317008078,-0.498377979,0.999988914,0.590991378,0.317374796,-0.498429477,0.999989629,0.562543213,0.316177577,-0.50121361,0.999983549,0.555663943,0.316316962,-0.501245081,0.999983072,0.549903214,0.31643644,-0.501238167,0.999982,0.59894532,0.323906958,-0.285062015,0.99998,0.539758801,0.323336422,-0.300785869,0.999960661,0.584932327,0.335143626,-0.448563099,0.999995053,0.560077667,0.334361881,-0.453118145,0.999991775,0.656736434,0.38651669,-0.132664308,0.999992073,0.487166911,0.386193156,-0.149918839,0.999964654,0.669903934,0.46226564,-0.0383027904,0.991526127,0.474782974,0.46166566,-0.0595729202,0.976636291,0.688329458,0.530282676,-0.233277977,0.987068474,0.453166604,0.52547121,-0.2195393,0.961044908,0.704570889,0.550331652,-0.290022016,0.969500422,0.440117925,0.546224952,-0.274170488,0.928559899,0.693465233,0.551613,-0.355942756,0.972660601,0.449531943,0.546432078,-0.344709098,0.93433553,0.684390187,0.544832587,-0.264079303,0.966395319,0.456252664,0.540151894,-0.251470804,0.923545361,0.615755737,0.516408384,0.00454796245,0.999805927,0.521136343,0.514936566,-0.00467475411,0.999690831,0.608148694,0.639643729,-0.057532277,0.939330757,0.519429386,0.635633886,-0.0564164817,0.921467662,0.586776495,0.747001648,0.200076371,0.946133554,0.53169322,0.744181335,0.199110359,0.910384178,0.580163062,0.755913138,0.210992202,0.662284493,0.536485255,0.755084217,0.209986672,0.513924658,0.591356277,0.781633437,-0.0443119742,0.93642652,0.527799964,0.779157221,-0.0465974696,0.909549057
500.0000000000002,0.573277891,0.324282706,-0.525865436,0.999996126,0.581180811,0.316599935,-0.49385795,0.999987602,0.586615682,0.317032695,-0.493884,0.999988496,0.591006935,0.317422658,-0.493939549,0.999989271,0.562552929,0.316181302,-0.496856421,0.999982893,0.555673838,0.316317767,-0.496888608,0.999982297,0.549915493,0.316437364,-0.496884257,0.999981225,0.599047482,0.323947489,-0.28054446,0.999979258,0.539760113,0.323334664,-0.297028691,0.999959,0.584940374,0.33515498,-0.444435805,0.999994814,0.560025573,0.334364,-0.449211359,0.999991357,0.65664655,0.38651073,-0.128672451,0.999991834,0.487112075,0.386169851,-0.147008404,0.999962926,0.669878304,0.462264508,-0.0373480842,0.991422296,0.474243283,0.461441964,-0.0593119226,0.97598654,0.688607395,0.530305564,-0.233393535,0.987064481,0.453082979,0.524805963,-0.218673021,0.959714413,0.705291271,0.550433159,-0.290530056,0.969507039,0.438798577,0.546100795,-0.273087889,0.926384807,0.693908334,0.551863372,-0.356530756,0.972667694,0.449228823,0.54627341,-0.342936367,0.932323694,0.684585214,0.545053124,-0.264312714,0.966381311,0.456237733,0.539834082,-0.250325561,0.9213503,0.615692794,0.516056657,0.00509948609,0.999801278,0.520884037,0.51480186,-0.00521270791,0.999685764,0.608139,0.639532208,-0.0584055968,0.938669443,0.519006729,0.635614812,-0.0588985868,0.920779,0.586773932,0.747032881,0.1867311,0.94514066,0.531553805,0.744312942,0.182916641,0.909395158,0.580281377,0.755952716,0.196180224,0.660326898,0.536394179,0.755353093,0.19223313,0.510781169,0.591384,0.781623304,-0.0590223446,0.935300052,0.527682662,0.779235482,-0.0646255389,0.908103168
516.6666666666669,0.573252857,0.324272305,-0.526753962,0.999995887,0.581199,0.316600263,-0.494639069,0.999986947,0.586631715,0.317034423,-0.494663835,0.9999879,0.591025949,0.317428201,-0.494719714,0.999988735,0.562566459,0.316166729,-0.497964352,0.99998194,0.555685341,0.31629476,-0.497995734,0.999981225,0.54991287,0.316405952,-0.497990459,0.999980092,0.599139512,0.32395345,-0.281006873,0.999978125,0.539726794,0.323290288,-0.299025267,0.999956489,0.584941685,0.3351399,-0.445238799,0.999994457,0.559832573,0.334283471,-0.450447679,0.999990761,0.656589568,0.386486977,-0.127914295,0.999991596,0.487008452,0.386047751,-0.149204463,0.999960899,0.669852316,0.462259501,-0.0355724581,0.99133575,0.473918498,0.461085707,-0.0599383116,0.97526449,0.688821197,0.530280352,-0.231986165,0.987051785,0.45307374,0.523727477,-0.219230458,0.958144426,0.705812693,0.550460637,-0.289328724,0.969451487,0.438297242,0.545630753,-0.273211569,0.923838139,0.694250941,0.551921904,-0.355294764,0.972623944,0.449043334,0.545752943,-0.343006462,0.929959297,0.684677422,0.545081913,-0.263028562,0.966326594,0.456231475,0.539144874,-0.250817269,0.918778837,0.615773618,0.515378594,0.0068552657,0.999796569,0.520849288,0.514520407,-0.00695646508,0.999679506,0.60871,0.639217,-0.0584241971,0.937262237,0.519037485,0.635167897,-0.0616800524,0.91900152,0.586867213,0.747030079,0.183620319,0.943389297,0.531548619,0.744062841,0.178258926,0.90719974,0.580707192,0.755907893,0.192820311,0.657197237,0.536412,0.755142927,0.187604278,0.505202353,0.591381729,0.781526625,-0.0615945868,0.933340549,0.527695239,0.778938115,-0.0688910559,0.905568182
533.3333333333335,0.573257864,0.324266136,-0.526597261,0.999995649,0.581269562,0.316603452,-0.494333506,0.999986351,0.586671054,0.317041427,-0.494359672,0.999987364,0.591067791,0.317455232,-0.494418234,0.999988258,0.562578738,0.316165298,-0.497675687,0.999981046,0.555694878,0.316290885,-0.497706085,0.999980211,0.549924493,0.316403985,-0.497700334,0.99997896,0.599198699,0.323967457,-0.281202555,0.999977112,0.539723516,0.323289663,-0.299322039,0.999953866,0.584973514,0.335138,-0.445344388,0.999994099,0.559808433,0.334245,-0.450579941,0.999990106,0.656567693,0.386479914,-0.129276961,0.999991417,0.486906379,0.386006147,-0.150172979,0.999958515,0.669740379,0.462257326,-0.0363168344,0.991317391,0.473704427,0.460913867,-0.0601118095,0.974338055,0.689164102,0.530181,-0.236505687,0.987143636,0.453157961,0.523205817,-0.219123855,0.956440032,0.706362545,0.55045718,-0.294602752,0.969624758,0.438080668,0.545291245,-0.272784948,0.921087861,0.694760919,0.551920354,-0.360392332,0.972785056,0.448903412,0.545362055,-0.342190683,0.927396953,0.684993744,0.545078516,-0.267653257,0.966521621,0.456227571,0.538728178,-0.250556082,0.916030049,0.615967214,0.514736,0.00742901256,0.999792039,0.520846605,0.514278769,-0.00752598885,0.99967283,0.609197497,0.638934076,-0.0585845672,0.935555398,0.51929754,0.634901941,-0.0622178949,0.91679889,0.586948276,0.746943176,0.181849718,0.941405296,0.531618953,0.743906677,0.176085755,0.904826641,0.581065059,0.755742192,0.191081554,0.653156,0.536474049,0.755039036,0.185404167,0.499568403,0.591432571,0.781444132,-0.0623502247,0.931147516,0.527846,0.778799176,-0.0701354444,0.902790904
550.0000000000001,0.573238671,0.324239314,-0.51050812,0.99999547,0.581285596,0.316604465,-0.477471411,0.999985814,0.586685836,0.317043036,-0.477500409,0.999986887,0.591085,0.3174707,-0.477553248,0.999987841,0.562592447,0.316155255,-0.481095,0.999980211,0.555707157,0.316275537,-0.481118441,0.999979258,0.549935,0.3163912,-0.481105387,0.999977887,0.599262357,0.323989958,-0.26449576,0.999976158,0.539723158,0.323281884,-0.284356177,0.999951243,0.584979773,0.335129052,-0.429712325,0.999993801,0.559711,0.334191948,-0.435443848,0.999989569,0.656520247,0.386467874,-0.117598116,0.999991298,0.486898243,0.385980129,-0.141119689,0.99995631,0.66967541,0.462250501,-0.0301416647,0.991339207,0.473519653,0.460542887,-0.0564509928,0.973447144,0.689770103,0.530126512,-0.229352057,0.987303555,0.453709692,0.522795558,-0.211694583,0.955041468,0.706887722,0.550485432,-0.287946761,0.9699561,0.438110918,0.544681787,-0.26585409,0.918921,0.695122361,0.551952779,-0.353138387,0.973084509,0.448933899,0.544755757,-0.33474049,0.925371349,0.685389698,0.54508853,-0.26036182,0.966874182,0.456410348,0.53824842,-0.242977619,0.913856566,0.615989625,0.514748037,0.00778417336,0.99979037,0.52086246,0.514454126,-0.00787508301,0.999668837,0.609272957,0.638894737,-0.0562204607,0.933837414,0.519977212,0.634902537,-0.0618372969,0.914750934,0.587014258,0.746837318,0.182304487,0.939704657,0.532101452,0.743765593,0.179553792,0.903092921,0.581601,0.755663812,0.191257581,0.650464594,0.536877513,0.754832,0.189277455,0.496274,0.591555953,0.781440735,-0.0601058528,0.929320395,0.527907133,0.778761148,-0.0657576174,0.900835276
566.6666666666667,0.573251069,0.324230582,-0.495463789,0.999995232,0.581324339,0.316604584,-0.461993843,0.999985218,0.586711705,0.317044795,-0.462025523,0.999986291,0.591118,0.317476302,-0.462081939,0.999987364,0.562600851,0.316146433,-0.465996563,0.999979198,0.555715859,0.316262811,-0.466018915,0.999978125,0.549943805,0.316381514,-0.466006309,0.999976635,0.599321,0.323994964,-0.247873262,0.999975085,0.539719403,0.323279589,-0.269530028,0.999948621,0.585021734,0.335128576,-0.414252967,0.999993443,0.559711456,0.334181428,-0.420489818,0.999989,0.656456888,0.386444271,-0.101561531,0.999991238,0.486885965,0.385961145,-0.129637375,0.999954164,0.669596791,0.462170154,-0.018191006,0.991263747,0.473349,0.459866852,-0.0500680543,0.972673655,0.69020468,0.529826045,-0.220392033,0.987416267,0.454314142,0.522106528,-0.204588056,0.953647435,0.707390487,0.550424159,-0.279718876,0.970238209,0.438153654,0.543793499,-0.259365916,0.916739285,0.69563961,0.551916,-0.34505,0.973340571,0.449006379,0.543901563,-0.327551246,0.923321128,0.685845613,0.545025051,-0.251685619,0.967158079,0.456680715,0.537578344,-0.235635161,0.911652446,0.615969598,0.51475513,0.00852183904,0.999789059,0.520852804,0.514496088,-0.00859561749,0.999665618,0.60924232,0.638897538,-0.055817049,0.932375789,0.520438612,0.634937406,-0.0636450201,0.912998,0.587014616,0.746836782,0.183093593,0.938175678,0.532216,0.743733108,0.179182693,0.901587903,0.581665814,0.755666494,0.192262873,0.648156583,0.537010491,0.754813612,0.189065188,0.493259102,0.591672063,0.781444192,-0.0598189756,0.927580655,0.527899444,0.778721511,-0.0652721599,0.899034798
583.3333333333334,0.573312879,0.324230492,-0.497813523,0.999995053,0.581418693,0.316607177,-0.464277476,0.99998486,0.586768031,0.31705007,-0.464307606,0.999985933,0.591192067,0.317495197,-0.46435985,0.999987066,0.562651873,0.316145629,-0.468649745,0.999978542,0.555753529,0.316259861,-0.468672961,0.99997735,0.549952507,0.316379368,-0.468659282,0.999975741,0.599392772,0.324011594,-0.248142809,0.99997437,0.53971225,0.323277473,-0.271821171,0.999947,0.585085571,0.335129708,-0.415716976,0.999993205,0.559735119,0.334180385,-0.422501773,0.999988616,0.656409502,0.386436909,-0.0980501696,0.999991238,0.486876607,0.385889828,-0.131322652,0.999952793,0.669499636,0.462163776,-0.010956239,0.991200745,0.473138601,0.459264189,-0.0519530959,0.972313941,0.690690756,0.529696047,-0.214673907,0.987612247,0.455066144,0.52189827,-0.20732446,0.953136,0.70800513,0.55037719,-0.274036765,0.970699906,0.438257933,0.543199122,-0.261311561,0.915894032,0.696314633,0.551887631,-0.340297848,0.973764956,0.449097425,0.543322146,-0.330687851,0.922499299,0.686495662,0.544987917,-0.246340826,0.967644811,0.457046688,0.53712666,-0.238646895,0.9107126,0.615968,0.51477015,0.00950720534,0.999788523,0.520990074,0.514605582,-0.00956744794,0.999662399,0.60903126,0.638919711,-0.0547641255,0.929919243,0.521589696,0.634888411,-0.0646599531,0.909901679,0.586986959,0.746768653,0.189843073,0.935689628,0.53271395,0.743547142,0.180170462,0.89889431,0.58166039,0.755631268,0.199739963,0.644578397,0.537219524,0.75465256,0.189703688,0.489188641,0.591686666,0.781373739,-0.0513104573,0.924938679,0.528562367,0.778459609,-0.0644074753,0.896293283
600.0,0.57363075,0.324249238,-0.51390028,0.999995,0.58165884,0.316627771,-0.47965619,0.999984741,0.586905777,0.317070544,-0.479679644,0.999985814,0.591387689,0.317534029,-0.479724616,0.999986887,0.562927186,0.316159159,-0.486076683,0.999978244,0.556021,0.316269398,-0.486106038,0.999977052,0.550141931,0.316393942,-0.48609212,0.999975324,0.599530458,0.324018747,-0.252453238,0.999973893,0.539757192,0.323282242,-0.288617313,0.999946415,0.585328519,0.33514896,-0.428114921,0.999993086,0.56010294,0.334204525,-0.437833279,0.999988496,0.656365871,0.386431515,-0.105469,0.999991238,0.486842126,0.3858715,-0.146203846,0.999952078,0.669011831,0.462118745,-0.0143127339,0.991114199,0.472914308,0.459119648,-0.06936685,0.972547054,0.690947771,0.529614687,-0.216662616,0.987764418,0.455480158,0.521582544,-0.231155545,0.953307748,0.708381176,0.550367773,-0.275397956,0.971035957,0.438321412,0.542743266,-0.287791848,0.916049361,0.696892858,0.55188334,-0.341800243,0.974085391,0.449141145,0.542783678,-0.354747772,0.922623396,0.687054157,0.54497242,-0.248281151,0.968004704,0.45721668,0.536647201,-0.261327446,0.91069293,0.615898907,0.514776945,0.0120786699,0.999786258,0.521013319,0.514620662,-0.012137997,0.999657691,0.608923316,0.638956964,-0.0514781401,0.928815901,0.521578074,0.634925842,-0.0673965886,0.909032762,0.58697778,0.746768832,0.200098872,0.934619486,0.531920493,0.743474782,0.181336984,0.898134112,0.581526756,0.755643547,0.210699484,0.644506097,0.536118329,0.754532754,0.191035479,0.486883461,0.591687143,0.781372428,-0.041499272,0.923969,0.528725743,0.778374612,-0.0635380074,0.895362735
616.6666666666666,0.574141324,0.324290305,-0.507859707,0.999994814,0.581978202,0.316672534,-0.473990411,0.999984443,0.587093472,0.317115396,-0.474013299,0.999985516,0.591658473,0.317600518,-0.474060327,0.999986589,0.563264489,0.316187441,-0.480018377,0.999977708,0.556309164,0.316294789,-0.480043977,0.999976456,0.550337672,0.316427886,-0.480026364,0.999974608,0.599691927,0.324032336,-0.251613587,0.999973178,0.539797723,0.323295474,-0.283253551,0.999945104,0.585722208,0.335196316,-0.423053533,0.999992847,0.560563147,0.334263474,-0.432023942,0.999988139,0.656351864,0.386342555,-0.0969972163,0.999991238,0.486831933,0.385773957,-0.142706588,0.999950767,0.668500185,0.4618,-0.00655142544,0.990947068,0.472870469,0.458660454,-0.0687169,0.972490668,0.691025674,0.529120862,-0.211531,0.98785919,0.456938148,0.520083666,-0.229712889,0.953069389,0.708465815,0.550181806,-0.270553678,0.971290827,0.439816564,0.541322172,-0.286242694,0.91559124,0.697003841,0.55172956,-0.337757379,0.974325716,0.450822383,0.541130722,-0.353320271,0.922146678,0.687201679,0.544686377,-0.243547082,0.968255281,0.459524035,0.535180688,-0.26008293,0.909974694,0.615904,0.514691949,0.0132373357,0.99978447,0.521188617,0.514607668,-0.0132875871,0.999654114,0.608938813,0.638952553,-0.0508920811,0.92811352,0.521988451,0.634933531,-0.0696454942,0.908484,0.586970866,0.746764,0.19981426,0.934057951,0.531475425,0.743456662,0.179279953,0.898344517,0.581383705,0.755645514,0.210284263,0.645089626,0.535058618,0.754456,0.189421818,0.486742288,0.591690183,0.78137356,-0.0416958965,0.923432291,0.529251456,0.778367341,-0.0662210956,0.89526695
633.3333333333333,0.574625194,0.324315608,-0.500889897,0.999994695,0.582304776,0.316719204,-0.467211396,0.999984264,0.587291718,0.317165852,-0.467232674,0.999985337,0.591931641,0.317676812,-0.467282057,0.99998647,0.563633204,0.316214532,-0.473191977,0.99997741,0.556622267,0.316320837,-0.47321564,0.999976099,0.550538123,0.31645897,-0.473194927,0.999974191,0.599879861,0.324068964,-0.247523859,0.999972761,0.539835811,0.323309273,-0.278475553,0.999944508,0.586090446,0.335229337,-0.416947365,0.999992669,0.560976684,0.334299862,-0.425834805,0.9999879,0.656331,0.386237592,-0.092657,0.999991298,0.486806124,0.385601699,-0.13928844,0.999950051,0.668215454,0.461498767,-0.0048176758,0.990853906,0.472852707,0.45825392,-0.0683078468,0.972569406,0.691013,0.528638482,-0.211723149,0.988063693,0.458503604,0.519273937,-0.22882995,0.953168452,0.70844233,0.549861789,-0.271109283,0.971782923,0.441438794,0.540625572,-0.285041541,0.91566509,0.696770072,0.551403821,-0.338146836,0.974772155,0.452263981,0.540341496,-0.353237152,0.922157586,0.686986864,0.544273317,-0.243699536,0.968755066,0.461547673,0.534320295,-0.259797335,0.90981847,0.615921676,0.514424741,0.0136971381,0.999784291,0.521321476,0.514430344,-0.0137428734,0.99965322,0.608929098,0.63889,-0.051128421,0.927092493,0.522264183,0.634933233,-0.0711697,0.907329321,0.58669138,0.746763468,0.196671426,0.933000624,0.53138566,0.743404686,0.173239827,0.89763695,0.580850661,0.755648315,0.206714451,0.643978775,0.534791291,0.754323184,0.183250979,0.484744847,0.591492414,0.781371057,-0.043175552,0.922336,0.529370248,0.778251469,-0.0713603795,0.89430517
649.9999999999999,0.574945,0.324362934,-0.503809273,0.999994636,0.582562506,0.316813082,-0.470523387,0.999984145,0.587444723,0.317270279,-0.470543951,0.999985218,0.592117071,0.317815334,-0.470594227,0.999986351,0.563991785,0.316265,-0.476018429,0.999977231,0.556910098,0.316377342,-0.476043195,0.99997586,0.550699,0.316532284,-0.47602421,0.999973953,0.600046575,0.32414791,-0.25231269,0.999972463,0.539873,0.323367029,-0.279337019,0.99994427,0.586302519,0.335275263,-0.420355946,0.99999243,0.561283588,0.334368438,-0.428625315,0.999987662,0.656248868,0.386183,-0.0964913741,0.999991238,0.486730158,0.385401517,-0.139808118,0.999949455,0.668011308,0.461168379,-0.00673402799,0.99074477,0.472808629,0.457528174,-0.0711923763,0.972682774,0.690999508,0.528347313,-0.212058991,0.988180459,0.459888279,0.518380284,-0.23134844,0.953305781,0.708411813,0.549656332,-0.271116197,0.972046793,0.443382382,0.539873958,-0.287927091,0.915730119,0.696660519,0.551115274,-0.338248402,0.975013256,0.454386,0.53956008,-0.353203386,0.92213881,0.686915219,0.543975413,-0.244011879,0.969007909,0.46410653,0.533428311,-0.260792226,0.909562647,0.615842402,0.5137676,0.013631667,0.999782562,0.521322191,0.513599873,-0.0136789167,0.999653,0.609292,0.638183475,-0.0513018519,0.926734746,0.522809803,0.634451687,-0.070772633,0.907017,0.586808205,0.746699452,0.185044825,0.932499051,0.531214,0.743402183,0.163253888,0.897737324,0.580886602,0.755609393,0.193725,0.642436564,0.534520149,0.754324794,0.1720597,0.4833996,0.591542363,0.781309,-0.0552324317,0.921756923,0.52939111,0.778176427,-0.0818360895,0.893962383
666.6666666666665,0.574993491,0.324375898,-0.502051532,0.999994636,0.582675159,0.316860944,-0.468897074,0.999984205,0.587527394,0.317327172,-0.468914062,0.999985278,0.592230678,0.317899168,-0.468966812,0.99998641,0.564095914,0.316276073,-0.474348098,0.99997735,0.556969881,0.316384256,-0.474369407,0.999976,0.550718486,0.316539794,-0.474344313,0.999974072,0.600189209,0.324185342,-0.251868159,0.999972463,0.539874613,0.32336992,-0.279587477,0.999944568,0.58634156,0.335278094,-0.419041395,0.999992311,0.561287463,0.334373534,-0.427310228,0.999987543,0.656104,0.386009246,-0.0967718512,0.999991119,0.486719936,0.385241628,-0.138519555,0.99994874,0.66794765,0.460886925,-0.00699970592,0.990671456,0.472729295,0.456898749,-0.0708265,0.972608745,0.690999866,0.528251946,-0.211066157,0.988274932,0.46116,0.51752454,-0.230646595,0.953226745,0.708326876,0.54958421,-0.269963503,0.97226429,0.445132673,0.539319,-0.287261695,0.915476561,0.696623325,0.550905406,-0.337159097,0.97521019,0.456004024,0.538884223,-0.352940798,0.921815634,0.68691051,0.543753684,-0.24295564,0.969209611,0.465892345,0.532728732,-0.260181814,0.90897274,0.615657032,0.513436139,0.0133981826,0.999781132,0.521321416,0.513233304,-0.0134410746,0.999653399,0.609671,0.637904704,-0.0513216667,0.926826656,0.523127735,0.634447813,-0.0704814419,0.907431722,0.5868994,0.746664584,0.181519583,0.932652414,0.531125247,0.743568778,0.161960796,0.899011731,0.580890417,0.755590618,0.189893141,0.64256382,0.534509242,0.754893,0.17056188,0.485051215,0.591540933,0.781302273,-0.0583846308,0.921881258,0.529346764,0.778245687,-0.0822836906,0.894739568
683.3333333333331,0.575036585,0.324283,-0.478328496,0.999994636,0.582831,0.316853,-0.444106549,0.999984384,0.587659657,0.317326814,-0.4441275,0.999985397,0.592444062,0.317904472,-0.444178075,0.999986529,0.56429553,0.31622988,-0.449484497,0.999977589,0.557086527,0.316336066,-0.449493051,0.999976158,0.55077523,0.316496849,-0.449458,0.99997437,0.600404263,0.324189186,-0.227405891,0.999972582,0.539895475,0.323359311,-0.256141931,0.999945104,0.586364448,0.335174978,-0.396054804,0.999992192,0.561279178,0.334255844,-0.404357523,0.999987543,0.655914545,0.385864824,-0.0797661915,0.999991059,0.486751527,0.385101825,-0.118440732,0.999947906,0.667753875,0.46079,-0.000560815737,0.990534127,0.47263208,0.456008345,-0.0562590919,0.972563088,0.690785527,0.527833283,-0.211180836,0.988359511,0.462680966,0.515992463,-0.222200587,0.95314306,0.707789779,0.549195111,-0.270639718,0.972491741,0.446962804,0.538121581,-0.280908048,0.915195525,0.69631511,0.550439119,-0.337750226,0.97540617,0.4581545,0.537515759,-0.341868341,0.921453416,0.686745882,0.543237925,-0.243191674,0.969394684,0.468275249,0.531454861,-0.249901131,0.908367634,0.615474582,0.513225853,0.0132648842,0.999781251,0.521346569,0.513034403,-0.0132993702,0.999656081,0.609825194,0.637818038,-0.0506261699,0.927204728,0.523144245,0.634497046,-0.0701099038,0.908428609,0.586987376,0.746585548,0.180100635,0.933195353,0.53042227,0.743839145,0.160031557,0.900997043,0.580809176,0.755560517,0.188325495,0.644257307,0.534341633,0.755846918,0.168371499,0.488076419,0.59161365,0.781352341,-0.0603008978,0.922529638,0.527829826,0.778627336,-0.0849152431,0.896165729
699.9999999999998,0.574930549,0.323932678,-0.479756892,0.999994755,0.582867682,0.316724837,-0.445422828,0.999984741,0.587722421,0.317248285,-0.445435524,0.999985695,0.592556715,0.317878455,-0.445479929,0.999986827,0.564373255,0.315978169,-0.450204134,0.999978065,0.557149649,0.316067398,-0.450212121,0.999976635,0.550825119,0.316208869,-0.450175792,0.999974906,0.600597322,0.324184358,-0.229907259,0.999973059,0.540071726,0.323225945,-0.256367445,0.999945879,0.586274803,0.334833264,-0.398301244,0.999992251,0.561006606,0.333774507,-0.405945092,0.999987721,0.6557,0.385794044,-0.0850890577,0.999991,0.486890435,0.384694,-0.117738724,0.999947071,0.667594194,0.460739523,-0.00182141643,0.990546584,0.472433209,0.454617321,-0.0552094951,0.972520113,0.690456331,0.527570724,-0.213866457,0.988544881,0.464235127,0.514323413,-0.221463323,0.952887893,0.707166731,0.548771501,-0.274738848,0.972877085,0.449371189,0.536779284,-0.280479282,0.914501369,0.695731878,0.549875081,-0.342113584,0.975744784,0.460896969,0.535966754,-0.340319186,0.920703113,0.686454475,0.542824924,-0.246042833,0.969742477,0.470777959,0.52996105,-0.248855427,0.907381654,0.615448236,0.512830198,0.011316482,0.999781,0.521435142,0.512774408,-0.0113594448,0.999658585,0.610262632,0.637275815,-0.0504864156,0.927447259,0.523343503,0.634516537,-0.0665687174,0.909010291,0.587419212,0.746328413,0.178395092,0.933621347,0.529991627,0.744024336,0.161818624,0.902499318,0.58089155,0.755436301,0.186569318,0.643778503,0.534252048,0.756157815,0.170152813,0.49009344,0.591919422,0.781294048,-0.0637799,0.923257113,0.52753818,0.77893585,-0.0834616721,0.897303045
716.6666666666664,0.574698031,0.323771626,-0.452198237,0.999994755,0.582888901,0.316680372,-0.41737929,0.999984801,0.587783277,0.317233294,-0.417390883,0.999985754,0.592673659,0.317881107,-0.417427242,0.999986887,0.564407,0.315846622,-0.421681911,0.999978185,0.557183921,0.315927476,-0.421679944,0.999976695,0.550862432,0.316064239,-0.421640217,0.999975,0.600930572,0.32418856,-0.204279512,0.999972939,0.540333688,0.323158354,-0.228784055,0.99994576,0.586131811,0.334654957,-0.372225106,0.999992192,0.560650289,0.333544433,-0.379265547,0.999987721,0.655609965,0.385754853,-0.067937769,0.99999094,0.487134188,0.384441495,-0.0977029,0.999946237,0.66740644,0.46072191,0.00503703,0.990432441,0.472151458,0.454173714,-0.0393173806,0.972458363,0.689845741,0.527371824,-0.207978249,0.988600075,0.466273069,0.513461,-0.204689354,0.95249635,0.706225812,0.548416078,-0.269829601,0.973035,0.452496052,0.53590107,-0.26414758,0.913680911,0.694731355,0.549526,-0.336283,0.975868702,0.463874638,0.534940064,-0.321842313,0.919817269,0.685717106,0.54253763,-0.239938661,0.969833612,0.4732728,0.529092431,-0.231380343,0.906256497,0.615435421,0.512810469,0.0110938856,0.999782,0.521498799,0.512724638,-0.0111368662,0.999661505,0.610384285,0.637173355,-0.0505240411,0.92782855,0.523331642,0.634652138,-0.0669527,0.910049498,0.587747157,0.746324539,0.177675962,0.934236169,0.529153168,0.744068325,0.160810113,0.904092371,0.581067801,0.755434215,0.185932636,0.643907547,0.533889651,0.756158292,0.169215545,0.491493195,0.592093408,0.781411409,-0.0647674501,0.924110174,0.525987566,0.779091,-0.0839673653,0.898580909
733.333333333333,0.57447505,0.323692471,-0.410064906,0.999994755,0.582906604,0.316673219,-0.374755979,0.999984801,0.587839961,0.317234218,-0.374775201,0.999985695,0.592786312,0.31789127,-0.374806434,0.999986827,0.564432859,0.315792263,-0.378671199,0.999978185,0.557212353,0.315864086,-0.378661215,0.999976575,0.550894201,0.315996379,-0.378621519,0.999975,0.601291776,0.324202836,-0.164107025,0.999972463,0.540545285,0.323132873,-0.186885029,0.999945343,0.586032748,0.334547311,-0.331428111,0.999992073,0.560382128,0.333411157,-0.337939411,0.999987662,0.655546,0.385665834,-0.0369922295,0.99999088,0.487370819,0.384134442,-0.0648429245,0.9999457,0.667315066,0.460628122,0.0220812894,0.990266,0.471877396,0.453516304,-0.0130376015,0.972535789,0.689218163,0.526873469,-0.198483035,0.988665581,0.468117148,0.511742294,-0.179131538,0.952468038,0.705038965,0.547628045,-0.262185,0.973268867,0.455187231,0.534656823,-0.239217088,0.913485587,0.693827093,0.548647106,-0.327134162,0.976052403,0.466893077,0.533483326,-0.295177311,0.919522643,0.685120761,0.541780889,-0.230167866,0.969982803,0.476130724,0.527594745,-0.205242515,0.905819595,0.615437925,0.512813449,0.0109544517,0.999784231,0.521669328,0.512706101,-0.0109921526,0.999666274,0.610426962,0.637120783,-0.0519046597,0.928113163,0.523333132,0.634841621,-0.0720157251,0.91114676,0.587775767,0.746323168,0.173140928,0.934763432,0.528677285,0.744168282,0.153281763,0.905772686,0.581069112,0.755417764,0.181415677,0.6443488,0.533448756,0.756371677,0.161658451,0.493330121,0.592111349,0.78148824,-0.067759335,0.924896896,0.524967492,0.779166579,-0.0893365443,0.899896204
749.9999999999997,0.574330449,0.323651463,-0.405268639,0.999994755,0.58291465,0.316670984,-0.369729847,0.999984801,0.587868512,0.317235112,-0.369749635,0.999985635,0.592841804,0.31789723,-0.369784176,0.999986768,0.564440727,0.315775603,-0.374087393,0.999978185,0.557220221,0.315847307,-0.374078512,0.999976516,0.550901592,0.315984458,-0.374038547,0.999975085,0.601513147,0.324207127,-0.15778093,0.999972165,0.540665388,0.323132366,-0.18255578,0.999945283,0.586001217,0.334477127,-0.326022655,0.999991953,0.56025219,0.333355337,-0.333103865,0.999987662,0.655531466,0.385540664,-0.0284097027,0.999990761,0.487581879,0.383938372,-0.0615360327,0.999945164,0.667261362,0.460327655,0.0309541039,0.990042567,0.471448,0.452932447,-0.0115863355,0.972686768,0.688427627,0.526650488,-0.190585971,0.988683701,0.470120639,0.510457516,-0.178829774,0.952501535,0.703878701,0.547239125,-0.254627615,0.973408401,0.457899541,0.53362745,-0.239221111,0.913340211,0.692729831,0.548335433,-0.319640845,0.976152718,0.469872892,0.532325804,-0.294416845,0.919256,0.68417269,0.541548669,-0.222420201,0.970032871,0.478991657,0.526429951,-0.204531059,0.905390859,0.615480542,0.512596667,0.0109323515,0.99978447,0.522044063,0.51260674,-0.0109722242,0.999669135,0.610530198,0.636814058,-0.05281974,0.928465605,0.523331881,0.635251939,-0.0757035,0.912027836,0.587908864,0.74631387,0.173016056,0.9350003,0.528585315,0.744384229,0.149058327,0.907190621,0.581086,0.755403638,0.181500688,0.644065917,0.533346891,0.756735921,0.157368585,0.494896114,0.592371166,0.781345129,-0.0672848448,0.925273538,0.524543047,0.779193699,-0.0943736061,0.9008075
766.6666666666663,0.574310303,0.323623061,-0.367767721,0.999994636,0.582945943,0.316670626,-0.331855714,0.999984562,0.58791846,0.317238152,-0.331883371,0.999985337,0.59291929,0.317908287,-0.331915736,0.999986529,0.564495802,0.315761298,-0.335932314,0.999977827,0.557273,0.315832317,-0.335917771,0.999976039,0.550944209,0.315972805,-0.335882276,0.999974728,0.601706922,0.324216336,-0.124919638,0.99997133,0.540796,0.323131919,-0.148380622,0.99994427,0.586001,0.334441096,-0.290950686,0.999991715,0.560238421,0.333318293,-0.297639728,0.999987423,0.655514717,0.385485858,-0.00869013742,0.999990642,0.487798721,0.383779109,-0.0353528075,0.999943912,0.667180121,0.460245103,0.0381921344,0.989764452,0.471205294,0.45255056,0.00949224085,0.972540677,0.687663496,0.526185751,-0.186766729,0.988675773,0.472134352,0.509640813,-0.154805496,0.952192247,0.702962339,0.546600699,-0.251824647,0.973555505,0.460839242,0.532976806,-0.214567959,0.912794054,0.691533625,0.547587216,-0.315029263,0.976245582,0.473327726,0.531469703,-0.268222421,0.918607473,0.683129489,0.5409621,-0.217985362,0.970071912,0.482301772,0.525520504,-0.179919168,0.904632926,0.615801,0.512598753,0.0101883374,0.999784291,0.522759318,0.512608349,-0.0102101555,0.999670684,0.610656857,0.63679564,-0.0564642251,0.928395033,0.523321509,0.635586143,-0.0781625956,0.911968648,0.587907374,0.746322334,0.163959011,0.934789062,0.528464735,0.744573832,0.142701983,0.907578409,0.581023216,0.755430877,0.172037333,0.641442776,0.533210218,0.756999254,0.150697276,0.494290441,0.592374921,0.781357825,-0.073724404,0.925108075,0.524249613,0.779238582,-0.0977024511,0.900725186
783.3333333333329,0.574335456,0.32358709,-0.340074569,0.999994576,0.583075047,0.316666156,-0.302913398,0.999984503,0.588085473,0.317239016,-0.302957535,0.999985278,0.593161106,0.317912221,-0.302996725,0.99998647,0.564618051,0.31573233,-0.307837903,0.999977767,0.557371736,0.315797061,-0.30782038,0.99997586,0.551007748,0.315932244,-0.307781965,0.999974608,0.601979792,0.324218661,-0.0937163457,0.999971032,0.540868,0.32312,-0.121310145,0.999944389,0.586045384,0.334406883,-0.262735903,0.999991596,0.560242176,0.333272099,-0.270585924,0.999987423,0.655471623,0.385411769,0.0180823542,0.999990642,0.487848341,0.383639485,-0.0154177193,0.99994272,0.667171121,0.460207134,0.0515343,0.989459753,0.471036524,0.452029437,0.00701810187,0.972439229,0.686660111,0.526046872,-0.184842303,0.988751888,0.474394739,0.508304715,-0.168989927,0.952185,0.701693237,0.546304703,-0.252432078,0.973893344,0.464342833,0.531938612,-0.2184,0.912977695,0.689575076,0.547369778,-0.315118253,0.976513445,0.478821129,0.529963672,-0.285583466,0.918607533,0.681424916,0.540804565,-0.21602644,0.970299363,0.487023801,0.524098217,-0.19637993,0.904474497,0.616473258,0.51271975,0.0101784617,0.999786139,0.523669899,0.512769282,-0.0102000069,0.999673903,0.610945046,0.637215614,-0.0577397384,0.928968787,0.523003161,0.636283278,-0.0808727443,0.912261128,0.587892652,0.746497571,0.163269177,0.934912682,0.528377414,0.74493,0.142078534,0.908271492,0.580779,0.755799,0.171389267,0.642017961,0.533106923,0.757331729,0.150182754,0.494573385,0.592589796,0.781395793,-0.074122116,0.925228059,0.523959816,0.779244781,-0.0984175,0.900844276
799.9999999999995,0.574347734,0.323583,-0.363813162,0.999994397,0.583115697,0.316672921,-0.32748875,0.999984086,0.588115811,0.317262292,-0.32753247,0.99998486,0.593185127,0.317954719,-0.327578574,0.999986172,0.564689279,0.31572023,-0.331969947,0.999977112,0.557427645,0.315777123,-0.3319543,0.999974966,0.551041245,0.315908313,-0.331926256,0.999973774,0.602003455,0.324243754,-0.118928581,0.999970436,0.540877759,0.323102087,-0.143908441,0.999942422,0.58604604,0.334402084,-0.286359608,0.999991357,0.560241,0.333261758,-0.29352051,0.999987125,0.655347049,0.385325402,-0.00522517087,0.999990463,0.487856269,0.3832421,-0.0285501163,0.999938607,0.667162716,0.46018061,0.0406067073,0.989225388,0.471028864,0.45130825,0.00258634053,0.971885443,0.686215937,0.525863886,-0.198689073,0.988752484,0.477254,0.507643938,-0.176462948,0.950944185,0.700727761,0.545924306,-0.270529777,0.97403729,0.468108535,0.53075254,-0.230194673,0.911104,0.688068688,0.547047913,-0.332191437,0.976598144,0.482924283,0.528861284,-0.29336375,0.9166587,0.680309296,0.54056263,-0.229509085,0.970278263,0.490476251,0.523269415,-0.2032011,0.902223229,0.617039144,0.512744963,0.00523819029,0.999780357,0.524451673,0.512769103,-0.00520493742,0.999665,0.611579776,0.637022078,-0.0722098425,0.929247499,0.522604108,0.636691689,-0.0807861686,0.910885632,0.588023067,0.746603251,0.153433681,0.934174716,0.528525651,0.745531678,0.144325539,0.907314301,0.581158578,0.755903423,0.16176793,0.636135697,0.533451259,0.757675767,0.152284607,0.493094027,0.592709482,0.781398416,-0.0872629583,0.924377084,0.523997188,0.779253304,-0.0976056606,0.899385214
816.6666666666662,0.574338853,0.323577493,-0.355716556,0.99999404,0.583126426,0.316678703,-0.319304049,0.999983251,0.588127077,0.317286104,-0.319352567,0.999984,0.593197942,0.318001807,-0.319403738,0.999985456,0.564709604,0.315703422,-0.323538214,0.99997586,0.557440281,0.315750122,-0.323525965,0.999973416,0.551048875,0.315876275,-0.323505491,0.999972343,0.602022588,0.324284017,-0.11244043,0.999968946,0.54088521,0.323088914,-0.136202261,0.999939,0.586025596,0.334399849,-0.279127508,0.999990821,0.560208321,0.333250195,-0.285949141,0.99998641,0.655119658,0.385228455,-0.00264547835,0.999989927,0.487871796,0.382986128,-0.0255019646,0.999933422,0.667090774,0.45992884,0.0355144329,0.988853097,0.471023262,0.451006413,0.000221078924,0.971225858,0.684891582,0.525734544,-0.199072614,0.988595307,0.479527235,0.50661397,-0.178411081,0.949689746,0.698739886,0.545608222,-0.27077195,0.973863721,0.470937908,0.529438853,-0.23433882,0.909324169,0.685932755,0.546748877,-0.332342297,0.976386189,0.48575896,0.527740717,-0.2970303,0.914804518,0.678587139,0.540373147,-0.229561806,0.969901,0.493072569,0.522236407,-0.206462413,0.90005,0.61706686,0.512794614,0.00448376127,0.999771118,0.524715722,0.512755513,-0.00444188574,0.999653459,0.612332821,0.636637509,-0.0771048665,0.928246856,0.522500217,0.636692464,-0.0811638832,0.908445656,0.588034451,0.7465505,0.148725063,0.931866229,0.528789818,0.745526612,0.139488488,0.905063152,0.581826866,0.756187201,0.15726532,0.628760695,0.53378135,0.757598281,0.147098929,0.489381254,0.59285295,0.780659378,-0.0903141126,0.921836078,0.525278807,0.778966248,-0.102892898,0.896314561
833.3333333333328,0.574320674,0.323553175,-0.319720477,0.999993384,0.58313483,0.316677898,-0.283499539,0.999981642,0.588143528,0.317292,-0.283556879,0.999982536,0.593231738,0.318025798,-0.283614367,0.999984205,0.564721763,0.315658629,-0.287135959,0.999973536,0.557455361,0.315688044,-0.287121803,0.999970555,0.551063657,0.31580627,-0.287109077,0.999969661,0.602121294,0.324313581,-0.0824839771,0.999966323,0.540892,0.323056787,-0.103525758,0.999932587,0.586019695,0.334389329,-0.245571226,0.999989748,0.560157955,0.333220631,-0.251596451,0.99998486,0.655034363,0.385159403,0.0138769401,0.999989331,0.487872541,0.382772714,-0.000658615434,0.999925613,0.667082429,0.45964396,0.0334684961,0.988365,0.471009701,0.45072791,0.00865593459,0.969705,0.683619618,0.525025427,-0.201510519,0.988420188,0.48202759,0.505488515,-0.181342378,0.947323143,0.696715176,0.545167863,-0.273870885,0.973721087,0.474402696,0.528619587,-0.237462133,0.906221509,0.683416426,0.546194196,-0.333127379,0.976191521,0.489542,0.526832879,-0.298221022,0.911667943,0.67642,0.539869308,-0.230885908,0.969517052,0.496703416,0.521198571,-0.208270714,0.896524727,0.617111862,0.512800395,0.00208227499,0.999761641,0.52480644,0.512592077,-0.00202265312,0.999639869,0.612423837,0.635409594,-0.0873008221,0.926973522,0.52185,0.636689126,-0.0813248679,0.904782534,0.587592602,0.746549487,0.122998148,0.929323792,0.52875185,0.745452523,0.126823157,0.901510954,0.581726849,0.756087661,0.130180269,0.619452059,0.533807814,0.757512331,0.133126751,0.483272493,0.592626929,0.780431867,-0.114579558,0.918915093,0.525191665,0.778642356,-0.112660967,0.891860902
849.9999999999994,0.574133456,0.323534697,-0.322493136,0.999992728,0.583138525,0.316677481,-0.28626132,0.999980092,0.588155508,0.317296833,-0.286317945,0.999981046,0.59324044,0.318043858,-0.286375135,0.999983,0.564712465,0.315621257,-0.289816797,0.999971211,0.557448804,0.315631539,-0.289803624,0.999967754,0.551070035,0.315740466,-0.289789587,0.999967,0.602156222,0.324335843,-0.084540993,0.99996388,0.540900528,0.323020428,-0.105266042,0.999925911,0.585922956,0.334379733,-0.248052835,0.999988735,0.559988141,0.333183,-0.254010379,0.99998343,0.654870868,0.385080248,0.0117536839,0.999988735,0.487873673,0.382683545,-0.00139289245,0.999917626,0.667078376,0.459337056,0.0326763391,0.987967789,0.471037507,0.450742811,0.00643695658,0.968145847,0.68215549,0.52434516,-0.208644569,0.988271296,0.484516621,0.505200744,-0.186890438,0.945255578,0.694115222,0.544800699,-0.281080097,0.973589182,0.47682178,0.528213203,-0.249224678,0.90364629,0.681341052,0.545697629,-0.338556021,0.976007581,0.491749585,0.526497185,-0.301040322,0.909053266,0.674833,0.539379954,-0.237324923,0.969165146,0.498974144,0.520798624,-0.211644217,0.893529892,0.617108464,0.512801409,0.000422663958,0.999753118,0.524822354,0.512376428,-0.00035855046,0.999626577,0.612479329,0.634682953,-0.089967452,0.925475597,0.521420956,0.636141956,-0.0808872283,0.901069939,0.587324917,0.74633956,0.125304654,0.92640245,0.528954327,0.745007217,0.129397392,0.897902429,0.581953108,0.756184459,0.133159503,0.609992266,0.534209669,0.75699228,0.136173233,0.477672368,0.592572629,0.780065,-0.111917906,0.915683389,0.526596248,0.778171837,-0.110189311,0.88744247
866.6666666666661,0.574106,0.323532611,-0.319092065,0.999992,0.583149612,0.316685,-0.282456756,0.999978662,0.588166833,0.317325264,-0.282514125,0.999979615,0.593249202,0.318094224,-0.282571793,0.999981821,0.56472069,0.315606445,-0.286272645,0.999968946,0.557457149,0.315603554,-0.286261231,0.999965,0.551075816,0.315702856,-0.286247432,0.999964416,0.602177501,0.324369699,-0.0787201896,0.999961555,0.540912,0.323002636,-0.100266941,0.999919772,0.585903704,0.3343786,-0.243943527,0.999987781,0.559978068,0.333171725,-0.250137985,0.999982119,0.65477407,0.385037571,0.0186845921,0.999988079,0.487869263,0.382574588,0.00042489011,0.999910831,0.667068899,0.459109336,0.0321834721,0.987392306,0.47104758,0.450660378,0.00326311053,0.967044652,0.680677056,0.523609698,-0.220651805,0.98799932,0.485864818,0.504523516,-0.212017119,0.943780959,0.691613853,0.543904722,-0.293548316,0.973254561,0.478268027,0.527284265,-0.279349446,0.901924491,0.6793136,0.544780791,-0.350702286,0.975650072,0.49353531,0.525589228,-0.325354844,0.907289803,0.673178,0.538567245,-0.249645397,0.968583584,0.500663519,0.519804537,-0.235209316,0.891360641,0.616865098,0.512754679,0.000676953234,0.999745727,0.524650037,0.512005389,-0.00061688252,0.999616861,0.612547874,0.633590043,-0.0944711491,0.925056756,0.520989418,0.635502696,-0.0854228139,0.899237931,0.587300837,0.745794296,0.125508502,0.924796581,0.528899491,0.74462086,0.124977931,0.895965934,0.582000554,0.755816162,0.1339214,0.603021741,0.534176767,0.755984962,0.131814465,0.473109037,0.592459559,0.779710948,-0.112472385,0.913833261,0.527354,0.777958095,-0.116787381,0.8846668
883.3333333333327,0.573948741,0.323513716,-0.302216798,0.999991298,0.583149672,0.316686422,-0.264928699,0.999977231,0.588177204,0.317341894,-0.264988661,0.999978185,0.593256593,0.318132937,-0.265039921,0.999980628,0.564707816,0.315570444,-0.268520772,0.9999668,0.557459414,0.31553942,-0.26850754,0.999962389,0.551085114,0.315617383,-0.26849103,0.999962032,0.602261245,0.324399173,-0.0611741245,0.99995923,0.540970922,0.322951823,-0.0815973505,0.999914289,0.585841894,0.334370911,-0.227457866,0.999986887,0.559885323,0.333122134,-0.233328804,0.999980927,0.654730558,0.385020196,0.0285520479,0.999987304,0.487867296,0.382548809,0.0126287136,0.999904394,0.667064548,0.458957732,0.0272114687,0.986740768,0.471024722,0.450336456,0.00100968208,0.966205359,0.678875446,0.523018956,-0.233453646,0.98764056,0.487344593,0.503790379,-0.222971618,0.942808092,0.689222872,0.543281555,-0.307795852,0.972770751,0.480303943,0.52636224,-0.292429119,0.900889337,0.677389383,0.543955207,-0.363631368,0.975132644,0.496069044,0.524640203,-0.336725742,0.906175792,0.671428561,0.53778255,-0.262317717,0.967820048,0.502810955,0.518730402,-0.245821014,0.889979541,0.616905868,0.512821734,0.000102768987,0.999738038,0.524638474,0.512004077,-3.25550063e-005,0.999607325,0.612630963,0.633270383,-0.0916875154,0.925270736,0.520345688,0.635412097,-0.0846480057,0.898388743,0.587303162,0.745732903,0.128644899,0.923695326,0.528832197,0.744530916,0.127825692,0.89478147,0.582723081,0.755805552,0.137061447,0.597640932,0.534168243,0.755912781,0.134812683,0.470558584,0.592431,0.779582918,-0.10956452,0.912643552,0.527917385,0.777914941,-0.113914095,0.882786632
899.9999999999993,0.573777556,0.32349,-0.303758413,0.999990821,0.583140671,0.31668514,-0.267109513,0.999976218,0.588183343,0.317344695,-0.267163128,0.999977231,0.593264043,0.318145961,-0.267215669,0.999979854,0.564687669,0.31553027,-0.270787865,0.999965191,0.557458818,0.31547609,-0.270775884,0.999960423,0.551093221,0.31553632,-0.270751774,0.999960244,0.602309287,0.324415296,-0.0644550174,0.9999578,0.541041613,0.322904617,-0.0852110311,0.999910355,0.585778892,0.334359974,-0.229182124,0.999986231,0.559786618,0.333061188,-0.235158965,0.99998,0.654645085,0.385002524,0.0271845497,0.999986887,0.487847954,0.382507652,0.00922629889,0.999899864,0.667059124,0.458724052,0.024853548,0.986179,0.471035659,0.450124383,-0.00147521601,0.965131283,0.677831471,0.522778094,-0.232520893,0.987265,0.4886204,0.503194,-0.229455411,0.941234529,0.687622726,0.542996109,-0.305493891,0.97224015,0.481906682,0.525776,-0.298917174,0.899051368,0.676170349,0.543542266,-0.361838222,0.974582613,0.498047113,0.52398026,-0.342943728,0.904316425,0.670355,0.537412584,-0.261491984,0.967040718,0.504545,0.517891586,-0.252295256,0.887811303,0.616857052,0.512794077,0.000225036769,0.999734,0.524378359,0.511936843,-0.000159799762,0.999601185,0.612585306,0.633022368,-0.0892038792,0.925597966,0.519836307,0.635205,-0.0841303617,0.897784889,0.587365508,0.745526552,0.128408954,0.923313677,0.52878511,0.744284034,0.127767816,0.89365077,0.583585322,0.755813658,0.136442557,0.591217,0.534171,0.755194962,0.134627268,0.466451943,0.59244889,0.779547334,-0.111868627,0.912086904,0.528664529,0.777877808,-0.113911428,0.88117516
916.666666666666,0.573650777,0.323483109,-0.314300805,0.999990582,0.583140492,0.316692919,-0.277908742,0.999975801,0.588190377,0.317374229,-0.27795592,0.999976814,0.593270242,0.318196118,-0.278002679,0.999979496,0.564683,0.315517813,-0.281559795,0.999964476,0.557463527,0.315449566,-0.281547278,0.999959528,0.551100433,0.315495849,-0.281521648,0.999959528,0.602365315,0.324462146,-0.0756436,0.999957263,0.541117787,0.322867364,-0.0964474529,0.999908447,0.585698783,0.334354281,-0.239808172,0.999985933,0.559698045,0.333009928,-0.245800078,0.999979615,0.654587626,0.384976596,0.0195244569,0.999986649,0.487848282,0.382430404,0.00245284452,0.999896824,0.66705507,0.45868513,0.0206537042,0.985888124,0.471040159,0.450005949,-0.00335351541,0.964651704,0.677088618,0.522733033,-0.231728375,0.987092793,0.489225537,0.503118813,-0.229253218,0.940655887,0.686718822,0.5429672,-0.303849697,0.972036064,0.482615441,0.52544415,-0.29786709,0.898454905,0.675346,0.543389082,-0.360521466,0.974340379,0.49875617,0.523697555,-0.342383742,0.903637648,0.669464469,0.537224233,-0.260637075,0.966654778,0.50517416,0.517626047,-0.252068043,0.886938214,0.616775215,0.512713909,-0.000601673324,0.999730289,0.524360716,0.511849582,0.000654975418,0.999595106,0.612581372,0.632300317,-0.09072119,0.925299346,0.519794405,0.634727836,-0.0839246958,0.896037638,0.587437093,0.744924307,0.127185866,0.922166169,0.528851628,0.743802428,0.128568068,0.891555786,0.583663285,0.753769457,0.135333702,0.582435429,0.534487367,0.75430733,0.135511652,0.461887836,0.592439115,0.779310524,-0.113269195,0.910873652,0.529244542,0.777774036,-0.112674765,0.878875375
933.3333333333326,0.573624492,0.323480457,-0.321479619,0.999990344,0.583144426,0.31671828,-0.284610301,0.999975204,0.588195562,0.317422092,-0.28466478,0.999976277,0.593275368,0.318253428,-0.28471294,0.999979079,0.564689219,0.315514117,-0.288309783,0.999963522,0.557480514,0.315444171,-0.288295478,0.999958396,0.551123798,0.315490931,-0.288267672,0.999958515,0.602386236,0.324519724,-0.0793847218,0.999956489,0.541198552,0.322863162,-0.100224696,0.999905407,0.585675359,0.334352523,-0.244439155,0.999985516,0.559679925,0.332996726,-0.250469565,0.99997896,0.654506624,0.38493,0.00528290682,0.999986529,0.487854689,0.382429928,-0.00311280717,0.999893188,0.667051,0.458561063,0.00594173931,0.98579663,0.471252143,0.450039387,-0.0106420638,0.964014113,0.676230788,0.522607744,-0.23969,0.987107635,0.490116268,0.503237784,-0.226157293,0.940000236,0.685896754,0.542780757,-0.311261535,0.97214216,0.483397305,0.525640428,-0.293328136,0.897733271,0.674177945,0.543122232,-0.367656022,0.974397779,0.499351382,0.523906648,-0.33932671,0.902870059,0.668089211,0.536930144,-0.268165171,0.966643751,0.505622327,0.517912388,-0.249259636,0.885977805,0.616747081,0.512411833,-0.00144552439,0.999727249,0.524356961,0.511787295,0.00147902395,0.999589384,0.612544596,0.632233262,-0.0912526101,0.924242914,0.519814312,0.634474695,-0.0823946521,0.892990351,0.587397456,0.744616449,0.124434561,0.920594156,0.529178798,0.743264496,0.129386678,0.888747871,0.584325731,0.753834486,0.132377714,0.573177934,0.534806073,0.753511846,0.136395827,0.456881225,0.592109144,0.779048741,-0.1156324,0.909131587,0.530378342,0.777354658,-0.112411752,0.875995755
949.9999999999992,0.573636591,0.323483497,-0.304246962,0.999989808,0.583162725,0.316755712,-0.267965078,0.999973834,0.588211536,0.317458451,-0.26801461,0.999975085,0.593286216,0.318275958,-0.268059939,0.999978065,0.564709783,0.315544188,-0.271422952,0.999961317,0.557507157,0.31547448,-0.271409452,0.999955893,0.55114764,0.315526485,-0.27139926,0.999956,0.60242337,0.324531764,-0.0695433542,0.999954641,0.541285396,0.322890341,-0.0893007442,0.999898612,0.585707784,0.334350944,-0.231075,0.999984741,0.559739351,0.332994163,-0.236766309,0.999977589,0.654500365,0.384803414,0.0108543979,0.99998647,0.487956136,0.3824085,0.00653798273,0.999887347,0.667048395,0.458395034,0.00526032923,0.98568964,0.471657246,0.450053066,-0.0061982437,0.962811887,0.675350189,0.522467852,-0.242291689,0.9872334,0.491343677,0.50342077,-0.223181963,0.938791811,0.684776902,0.542494118,-0.315433681,0.972515225,0.484433502,0.525755286,-0.290909439,0.896438479,0.672708631,0.542772233,-0.370014101,0.974704325,0.500295699,0.524030507,-0.335236847,0.901578307,0.666511178,0.536577582,-0.270132273,0.966926873,0.506456,0.518071055,-0.245902985,0.884549677,0.617272913,0.512228429,-0.00285706017,0.999725163,0.524947345,0.511749566,0.00289213657,0.999584317,0.613416374,0.631686747,-0.0995061249,0.923424,0.520408213,0.634314477,-0.0822085291,0.889092386,0.587887585,0.744288445,0.113524571,0.918921,0.529888153,0.742980659,0.12735787,0.885424137,0.585579634,0.753886104,0.121349178,0.564669371,0.535525,0.752947807,0.134174183,0.451504976,0.59212327,0.778948486,-0.124607027,0.90727222,0.531218886,0.777290106,-0.111698762,0.872543335
966.6666666666658,0.573614955,0.323486507,-0.312105983,0.999989212,0.583147466,0.316772431,-0.275222749,0.999972343,0.588208795,0.317476541,-0.27527386,0.999973714,0.593274295,0.318288535,-0.2753205,0.999976933,0.564678907,0.315551102,-0.279252619,0.999958813,0.557473183,0.315482289,-0.279235512,0.999953,0.551133275,0.315546662,-0.279210031,0.999953151,0.602435172,0.324548185,-0.0721023753,0.999952495,0.541283,0.322929054,-0.0960668251,0.999891281,0.585709393,0.33435,-0.237625405,0.999983966,0.559736609,0.332995117,-0.24421975,0.999976218,0.654487491,0.384723127,0.00683991378,0.999986351,0.488023162,0.382392943,0.00389737915,0.999882638,0.667076945,0.458221585,0.000833933649,0.985503495,0.472365677,0.450067431,-0.00743296742,0.962046683,0.673948526,0.522407413,-0.247523978,0.987226427,0.492556751,0.503451467,-0.221663326,0.937994,0.683189273,0.542271912,-0.320820123,0.972624898,0.485239595,0.525876,-0.288870335,0.895614088,0.671102285,0.542529,-0.376403332,0.974767447,0.501101673,0.52416122,-0.334833205,0.900760531,0.664777517,0.536298692,-0.275720149,0.966914415,0.507197678,0.518216372,-0.244857907,0.883652449,0.617609382,0.512139,-0.0029933441,0.999721289,0.525331438,0.511748612,0.00302613014,0.99957782,0.61397016,0.631607592,-0.100494727,0.922431,0.521443605,0.633919835,-0.0820859149,0.885585189,0.588127494,0.744043469,0.117896013,0.917019546,0.531898677,0.742781103,0.128530517,0.882182598,0.586485267,0.753865778,0.125833124,0.555903554,0.53707695,0.75242579,0.135799408,0.446556091,0.592282951,0.778662622,-0.120778941,0.905225396,0.532541633,0.777071118,-0.109458014,0.869371772
983.3333333333325,0.573611319,0.323563367,-0.31535694,0.999988437,0.58315,0.316939354,-0.277169913,0.999970496,0.588214099,0.317666948,-0.27722156,0.999972,0.593280375,0.318445027,-0.277261615,0.999975502,0.564668238,0.315639138,-0.281455785,0.999955952,0.557468414,0.315556705,-0.281433135,0.999949694,0.551136,0.315628678,-0.281391442,0.99995,0.602459908,0.324617118,-0.0770794451,0.999949694,0.5412907,0.32297051,-0.0983619764,0.999882817,0.585716069,0.334386,-0.239724055,0.999982893,0.559741855,0.333026826,-0.246726736,0.999974489,0.654474854,0.384617597,0.00302721211,0.999986,0.488083452,0.382381618,0.00258417474,0.999877,0.667115,0.457924724,0.00139700784,0.985239,0.473308742,0.450221747,-0.00748244487,0.961219311,0.673170269,0.522349238,-0.243832141,0.987137198,0.493475,0.503789365,-0.220851764,0.937219083,0.682220042,0.542167842,-0.316251695,0.972548,0.486046851,0.52594775,-0.287586123,0.894854546,0.670334756,0.542432606,-0.372463018,0.974657476,0.501903176,0.52424556,-0.333415121,0.899999142,0.664018691,0.536155641,-0.272229522,0.966695309,0.507854223,0.518266559,-0.243810043,0.882743657,0.617625594,0.51208812,-0.0032590644,0.99971503,0.525405824,0.511721969,0.0032912998,0.999567568,0.613966882,0.631554186,-0.103677906,0.920392752,0.521442354,0.633605719,-0.0821123645,0.880689681,0.588117242,0.743616939,0.116886385,0.913743436,0.532375336,0.742408454,0.128706113,0.877547741,0.586569846,0.753544688,0.12541084,0.546394527,0.537602603,0.751831353,0.136035442,0.440375566,0.592178524,0.778285086,-0.120317109,0.901868701,0.532582402,0.776842952,-0.109364308,0.86468643
999.9999999999991,0.573606074,0.323587626,-0.31696254,0.999987662,0.583146572,0.316977084,-0.280063748,0.999968767,0.58821851,0.317714334,-0.280117154,0.999970257,0.593284607,0.318483889,-0.280164897,0.999974072,0.564648926,0.315658361,-0.28415674,0.999953032,0.557461739,0.315578341,-0.284142405,0.999946237,0.551134288,0.315663785,-0.28412196,0.999946713,0.602472425,0.324641258,-0.0780330524,0.999946594,0.54129374,0.323014855,-0.0995296761,0.999876142,0.585721552,0.334397107,-0.241511315,0.999982119,0.559753239,0.333057821,-0.248041734,0.999973178,0.654444218,0.384602696,0.0122328801,0.999985754,0.488231,0.382385105,-0.000678067212,0.999874234,0.667143762,0.457802922,0.00391144538,0.984643638,0.474178612,0.450324655,-0.00757193146,0.960989058,0.672539592,0.52234596,-0.243788034,0.986770332,0.494061112,0.504405439,-0.219882071,0.936763465,0.681695282,0.542182088,-0.317006886,0.972032428,0.486710966,0.526176453,-0.287184179,0.894457936,0.669796,0.542461157,-0.373226583,0.974138796,0.502364874,0.524552,-0.333220541,0.899569213,0.663306,0.536161602,-0.272483081,0.96603179,0.508273602,0.518778682,-0.242715031,0.882266939,0.617633402,0.512444854,-0.00145339651,0.999715149,0.525627553,0.512021482,0.00149207306,0.999564648,0.613180399,0.633368373,-0.103190556,0.917718172,0.521273136,0.633856893,-0.0844162479,0.877312779,0.587179482,0.743913591,0.135665491,0.910072,0.532347798,0.742412925,0.135838524,0.873273,0.585895658,0.754552901,0.146255493,0.538598895,0.537529528,0.751885414,0.144998506,0.433590919,0.592017353,0.778383374,-0.100350089,0.898157239,0.53240943,0.776768625,-0.101949647,0.860418618
1016.6666666666657,0.573522925,0.323651761,-0.314428121,0.999987125,0.583105087,0.317075819,-0.278640598,0.999967396,0.588209033,0.317810088,-0.278693706,0.999968946,0.593271315,0.318551064,-0.278744638,0.999973,0.564566433,0.315768391,-0.282431275,0.999950826,0.557406843,0.31569615,-0.282420546,0.999943614,0.55110383,0.315810233,-0.282407373,0.99994421,0.602479458,0.324670345,-0.0778690204,0.999944031,0.541298807,0.323101342,-0.0984376892,0.999871075,0.585713565,0.334413618,-0.23972854,0.999981523,0.559751,0.33310926,-0.245753825,0.999972165,0.654427767,0.384572119,0.0146658402,0.999985695,0.488285363,0.382411391,-0.00182781252,0.999872923,0.667172074,0.457709372,0.00399149908,0.984331369,0.475225091,0.450662345,-0.00672937371,0.960781574,0.672249198,0.52234304,-0.243249491,0.986640692,0.494605631,0.505499,-0.214592025,0.936769128,0.681277394,0.542188585,-0.316333622,0.971927941,0.487414658,0.526964068,-0.282159299,0.894821763,0.669213474,0.542483926,-0.372294962,0.974005461,0.502939701,0.52547127,-0.32823953,0.899873257,0.662656605,0.536156714,-0.271851689,0.965855598,0.508687139,0.519906342,-0.237462789,0.882577658,0.617606819,0.512770176,-0.000608346,0.999716938,0.525627196,0.512241721,0.000639856,0.999564469,0.612239182,0.635578752,-0.0983689651,0.916678,0.520639658,0.633996129,-0.0848615244,0.876383543,0.586604416,0.74416995,0.140059099,0.908624,0.532262266,0.742415845,0.137769252,0.871602356,0.585088551,0.756108522,0.150362372,0.534586668,0.537262559,0.751934052,0.14719674,0.42963177,0.591911256,0.778629839,-0.0949735865,0.896483362,0.531707644,0.776767552,-0.0981517211,0.85856992
1033.3333333333323,0.573447824,0.323765874,-0.331284255,0.999986589,0.583052576,0.31720683,-0.297266394,0.999965966,0.58818841,0.317911029,-0.297319055,0.999967575,0.593227684,0.318604916,-0.297376096,0.999971867,0.564471602,0.316006273,-0.300461411,0.999948502,0.557333231,0.315968066,-0.30045563,0.999940932,0.551066339,0.31613791,-0.300452203,0.999941587,0.602491856,0.324680239,-0.0964670777,0.999941766,0.541301727,0.323278636,-0.113910578,0.99986577,0.585715532,0.334454566,-0.255886734,0.999981,0.559758961,0.333235711,-0.260951161,0.999971211,0.654417574,0.384526879,0.00481934426,0.999985576,0.488405079,0.38243255,-0.0132208606,0.99987191,0.667255521,0.457696915,0.00180012838,0.984076619,0.476051778,0.450913131,-0.00983028486,0.960840404,0.672159135,0.522349775,-0.247929215,0.986481845,0.494881928,0.50633204,-0.214819565,0.936807692,0.681045,0.542262912,-0.320834577,0.971735,0.487983257,0.527755082,-0.282174498,0.895049334,0.669110417,0.542506397,-0.377552599,0.973800361,0.503389835,0.52636826,-0.328975648,0.900052607,0.662614,0.53616792,-0.276736856,0.965584099,0.50895828,0.520911694,-0.237892941,0.882725477,0.617605567,0.512891054,-0.000579081767,0.999716341,0.525648296,0.51237607,0.00061001064,0.999561787,0.612188518,0.636267304,-0.0977368876,0.915948629,0.520488799,0.634125113,-0.0847311243,0.875848711,0.586596668,0.744446158,0.140725225,0.907556832,0.532258213,0.742443502,0.140040755,0.870540261,0.58486253,0.756580591,0.150923014,0.531025767,0.537240922,0.751952946,0.149488539,0.427469939,0.591917157,0.778781533,-0.0952255875,0.895307422,0.531371653,0.776741385,-0.0962550268,0.85744518
1049.999999999999,0.5734514,0.323932201,-0.369032681,0.999986112,0.583052397,0.317394644,-0.33531183,0.999964654,0.588189721,0.318050295,-0.335355341,0.999966383,0.593220294,0.31867969,-0.335416496,0.999970794,0.564463,0.316329628,-0.33945629,0.999946475,0.557321191,0.316325,-0.33945784,0.999938726,0.551062405,0.316525966,-0.339450121,0.999939382,0.60250026,0.324688375,-0.13094677,0.99994,0.541295,0.323478281,-0.152556762,0.999861419,0.585789859,0.33455044,-0.29191184,0.999980509,0.559888601,0.333428562,-0.298157573,0.999970317,0.654408336,0.384486288,-0.0185971558,0.999985456,0.488448143,0.38250345,-0.0409914516,0.99987042,0.667287052,0.457621634,-0.000318190549,0.983861268,0.476568103,0.451326251,-0.0223432649,0.960929,0.672060966,0.522353828,-0.24734509,0.986247599,0.495115429,0.506998122,-0.218662441,0.936665893,0.680815637,0.542353332,-0.31963098,0.971323073,0.488324434,0.528575659,-0.284998,0.894875348,0.669007063,0.542574525,-0.37676245,0.973404169,0.503734946,0.527168155,-0.334020376,0.899857044,0.662577093,0.536196828,-0.275894582,0.965085328,0.509206831,0.52172482,-0.2423563,0.882397652,0.617616355,0.51289016,-0.00060773216,0.9997136,0.525740087,0.512420356,0.000638787693,0.99955523,0.612185359,0.636280954,-0.0970621854,0.914984703,0.520484269,0.634129703,-0.0833859295,0.874096,0.58660835,0.744573236,0.140169248,0.906240642,0.532336,0.742433846,0.142952546,0.868717432,0.584856629,0.756583214,0.150145382,0.526239932,0.537250459,0.751978934,0.152183324,0.425119787,0.591848671,0.778832316,-0.0962215886,0.893895,0.531355321,0.776665628,-0.0946307182,0.855948389
1066.6666666666658,0.573468387,0.324098796,-0.372297734,0.999985933,0.583052695,0.31760636,-0.338970393,0.999964237,0.588191092,0.318203896,-0.339010358,0.999965966,0.593215287,0.318760455,-0.339068413,0.999970376,0.564457178,0.316724926,-0.343432277,0.999945819,0.557314515,0.316768169,-0.343435287,0.99993813,0.551060915,0.317001641,-0.343420655,0.999938786,0.60250324,0.32471,-0.135773167,0.999939501,0.541297674,0.323735416,-0.159063503,0.999861121,0.585887313,0.334652871,-0.295531422,0.99998033,0.560079455,0.333661973,-0.302230865,0.999970078,0.654402733,0.384474277,-0.0228782743,0.999985397,0.488492727,0.382564485,-0.0505127311,0.999871373,0.667310834,0.45758006,-0.00606604479,0.983579934,0.476578385,0.45160231,-0.0409866199,0.961409926,0.671935,0.522356927,-0.250393748,0.986029267,0.495190829,0.507540941,-0.244504794,0.937399864,0.680478275,0.542410612,-0.32165134,0.970974386,0.488380045,0.529342771,-0.311424971,0.896037817,0.668749392,0.542600572,-0.37900874,0.973067,0.503890395,0.527805,-0.358974785,0.900904596,0.662356257,0.536206543,-0.27911672,0.964670956,0.509342551,0.522309422,-0.267571241,0.883377731,0.617544711,0.512802899,-0.000398228323,0.999713242,0.525675595,0.512410641,0.000426018814,0.999553263,0.612137437,0.636213839,-0.096857436,0.914461434,0.519958138,0.634134233,-0.0832046419,0.87366116,0.586649835,0.74460429,0.140068591,0.905594409,0.531986,0.742428184,0.142747462,0.867996871,0.584678054,0.756632864,0.150010809,0.523879945,0.536807358,0.751992881,0.151844069,0.423484504,0.591861546,0.778892517,-0.0968,0.893277347,0.53110832,0.776665568,-0.0950935408,0.855371833
1083.3333333333326,0.573465884,0.324322224,-0.366991282,0.999985218,0.583046138,0.317892879,-0.333283514,0.999962747,0.588190377,0.31842798,-0.333331406,0.999964595,0.59320116,0.318894595,-0.333394915,0.999969125,0.564402699,0.317153454,-0.337935716,0.999943376,0.557240307,0.317208022,-0.337936103,0.999935389,0.551023424,0.317444265,-0.337923706,0.999936,0.602489948,0.324739665,-0.130056933,0.999937594,0.541248322,0.323966354,-0.153996736,0.999857187,0.585940301,0.334818929,-0.290339619,0.999979675,0.560161352,0.333930075,-0.29720363,0.999968946,0.654409289,0.384465039,-0.0195615645,0.999985278,0.488497466,0.382739484,-0.0486175902,0.999870062,0.667315781,0.457582742,-0.00681987312,0.983128965,0.47655493,0.452131957,-0.0415717252,0.961401105,0.671629667,0.522411823,-0.253379911,0.985667229,0.495424896,0.508206248,-0.242700502,0.937300682,0.680193543,0.542643666,-0.325270623,0.97043407,0.4885571,0.53022635,-0.309657216,0.896016181,0.668591,0.542783,-0.382582873,0.972547531,0.50428611,0.528613389,-0.358150631,0.900823414,0.662186563,0.536277592,-0.282391,0.964050829,0.509756,0.523084104,-0.266211241,0.883204222,0.617561877,0.512843132,-0.000274679624,0.999712706,0.525780261,0.512593091,0.000307562615,0.999548316,0.612129,0.636681497,-0.0926839933,0.913252413,0.520064473,0.634204626,-0.0799702331,0.871811152,0.586626887,0.745099127,0.13971357,0.904117465,0.532674491,0.74244082,0.144900322,0.865687966,0.584681511,0.757704198,0.14942953,0.519854903,0.537310958,0.752003,0.153841451,0.420877725,0.59181869,0.779070616,-0.0974476337,0.891409934,0.531096339,0.776642561,-0.0916483328,0.85334909
1099.9999999999993,0.573487699,0.324422151,-0.366559952,0.999984741,0.583055198,0.31798479,-0.332728118,0.999961853,0.588197172,0.318492979,-0.332780212,0.999963701,0.593200803,0.31892556,-0.332844734,0.99996835,0.564391792,0.317296207,-0.337402,0.999941885,0.557216465,0.317357898,-0.337403089,0.99993372,0.551012158,0.317599297,-0.33739239,0.999934316,0.602489293,0.324749023,-0.129269585,0.999936402,0.541217864,0.324066192,-0.153262958,0.999854922,0.586049199,0.334900677,-0.289887458,0.999979258,0.560305476,0.33406657,-0.296780825,0.999968231,0.654435873,0.384456694,-0.0198889039,0.999985099,0.488503337,0.382871211,-0.0486856624,0.99986887,0.667326927,0.457581878,-0.0118323322,0.982802629,0.476539,0.452652603,-0.0440970063,0.961539328,0.671386421,0.522439063,-0.262378544,0.985373318,0.495587677,0.509035,-0.24594447,0.937278509,0.68001771,0.542706728,-0.335456103,0.969977438,0.488807619,0.531053245,-0.313074827,0.896033108,0.668490529,0.542809069,-0.39206475,0.972106516,0.504797041,0.529350817,-0.361586452,0.90079087,0.66207546,0.536282599,-0.291284502,0.963508964,0.510181367,0.52382338,-0.269453973,0.883062065,0.617567062,0.512874,-0.000266869116,0.999710441,0.525852561,0.512796342,0.000299492938,0.9995417,0.611978352,0.636651933,-0.0920155719,0.911325395,0.52026552,0.634218633,-0.0783191249,0.868934095,0.586612642,0.745201528,0.13936618,0.901748896,0.532985151,0.74250263,0.144743681,0.862169504,0.584700763,0.757962048,0.148875922,0.515313387,0.537530661,0.752142966,0.153538138,0.41672191,0.591789365,0.779074848,-0.0977188274,0.888952255,0.531072736,0.776600242,-0.0916820839,0.850038409
1116.666666666666,0.573447943,0.324477315,-0.377519369,0.999984622,0.583043456,0.318062127,-0.343964815,0.999961674,0.588197052,0.318564683,-0.344011277,0.999963522,0.593194544,0.318973362,-0.344074219,0.999968171,0.564276576,0.317359179,-0.34820348,0.999941647,0.55709517,0.317409903,-0.348205894,0.999933541,0.550942063,0.317641616,-0.3481915,0.999934256,0.602487266,0.324754179,-0.140749842,0.999936342,0.541174948,0.32409364,-0.16278854,0.999855161,0.586052239,0.334953755,-0.300942034,0.999979198,0.560304284,0.334114,-0.307278365,0.999968231,0.65443331,0.384461313,-0.0297037121,0.999985,0.488500923,0.383068621,-0.0543843694,0.999868631,0.667339921,0.457608104,-0.0187995154,0.982578158,0.476520896,0.453046799,-0.048265066,0.961719513,0.671332777,0.522485912,-0.266581267,0.985052407,0.495738626,0.509621,-0.253081024,0.937364757,0.680012345,0.542841315,-0.339399278,0.969421089,0.489287198,0.531578481,-0.320202768,0.896183133,0.668473303,0.54289335,-0.395793647,0.971567631,0.505588174,0.529805,-0.368239373,0.900874078,0.662023544,0.53630662,-0.295237094,0.96283263,0.510781169,0.524307489,-0.276358753,0.882983923,0.617535472,0.512844503,-0.000583391346,0.999708533,0.525864542,0.512808,0.000614041928,0.999536633,0.611967802,0.636608243,-0.0945855454,0.910078704,0.520271361,0.634172261,-0.0775667727,0.866691172,0.586734176,0.74520278,0.134565279,0.900094926,0.532976031,0.742517054,0.144436955,0.8594594,0.584939659,0.757947385,0.143869728,0.510745823,0.537524223,0.752238393,0.153153881,0.413409382,0.591795146,0.779064178,-0.103515051,0.887317836,0.530582428,0.776570439,-0.0921101272,0.847599208
1133.3333333333328,0.573274732,0.324489951,-0.378736854,0.999984562,0.582936585,0.3180677,-0.345301211,0.999961615,0.588156402,0.318568408,-0.345346034,0.999963403,0.593129456,0.31898278,-0.34540543,0.999968052,0.563973,0.317361295,-0.34916839,0.999941647,0.556786835,0.317409456,-0.349171221,0.9999336,0.550747216,0.317640662,-0.349156559,0.999934375,0.602460623,0.324754328,-0.143118992,0.999936461,0.541047096,0.324101359,-0.163374066,0.999855697,0.586033344,0.334957629,-0.302655816,0.999979258,0.560235322,0.334123611,-0.308471411,0.99996835,0.654437959,0.384456486,-0.0327848159,0.99998486,0.488498658,0.383254558,-0.0561322272,0.999868929,0.667366445,0.457662106,-0.0217940323,0.982455194,0.476506203,0.453481,-0.050882645,0.961960554,0.671349645,0.522607386,-0.267432392,0.984838963,0.49608466,0.510004,-0.257760078,0.93770051,0.680046141,0.542979956,-0.339898974,0.969056189,0.490190357,0.5318712,-0.325133532,0.896735787,0.668448031,0.542947769,-0.396323323,0.971208215,0.506424367,0.5300228,-0.372818977,0.901342571,0.661986768,0.536327541,-0.295980603,0.962390065,0.511386275,0.524502575,-0.280953974,0.883357942,0.617639244,0.512910604,-0.000775078312,0.999707103,0.525881588,0.513015151,0.000804436917,0.999533892,0.612031639,0.636647046,-0.0945187286,0.909239233,0.520264328,0.634183705,-0.0765716806,0.86546,0.586828053,0.74524039,0.132903546,0.898966253,0.532884,0.742519915,0.144260824,0.857718825,0.584974766,0.757917047,0.141982049,0.507761419,0.537474394,0.752378881,0.152899876,0.411237627,0.59179616,0.779066443,-0.10503681,0.886319935,0.52954185,0.776550949,-0.0921552554,0.846090198
1149.9999999999995,0.572975695,0.324504495,-0.406829208,0.999984622,0.582714438,0.318079591,-0.373883456,0.999961793,0.588050187,0.318576694,-0.373921722,0.999963522,0.592979729,0.318987638,-0.373982966,0.999968171,0.563559771,0.317369401,-0.377196908,0.999942,0.556406379,0.317415416,-0.377203941,0.999934,0.55049479,0.317648321,-0.377190083,0.999934852,0.602355957,0.324757248,-0.171598524,0.999936938,0.540829599,0.324119687,-0.189322487,0.999856472,0.585960567,0.334976673,-0.330579638,0.999979377,0.560062289,0.334145367,-0.335657895,0.999968469,0.654432893,0.384461522,-0.0551303849,0.999984682,0.488497406,0.383389026,-0.0735652447,0.999868751,0.667411864,0.457736492,-0.0308417249,0.982488811,0.476575732,0.453742892,-0.0548212975,0.962209582,0.671309888,0.522696435,-0.269309789,0.984646499,0.496626049,0.510240853,-0.25463438,0.937862635,0.679841,0.543084741,-0.340732336,0.968633,0.491544038,0.532002568,-0.321145266,0.896869183,0.668210328,0.542955339,-0.397958934,0.970792413,0.507701218,0.530085623,-0.369453251,0.901416659,0.661754251,0.536337554,-0.297862232,0.96187067,0.512301147,0.524551094,-0.277935207,0.883281171,0.617639244,0.512770772,-0.00165279023,0.999703705,0.525878608,0.512969732,0.00167089608,0.999528527,0.612106681,0.636372805,-0.097171165,0.907137215,0.520231605,0.634126782,-0.0740959272,0.862484276,0.586869895,0.745119929,0.126508832,0.896678507,0.532788575,0.742543161,0.14413625,0.854598463,0.585124791,0.757403791,0.135229066,0.502762139,0.537468493,0.752536058,0.152498,0.408307701,0.591756701,0.778616905,-0.112588666,0.88424468,0.528674781,0.776508,-0.0925258622,0.843194306
1166.6666666666663,0.572792232,0.324510068,-0.394054025,0.999984741,0.582618296,0.318098158,-0.360614032,0.99996227,0.588014305,0.318602353,-0.360659301,0.999964,0.5929389,0.319014281,-0.360720545,0.999968588,0.563318074,0.317370087,-0.364332139,0.999942839,0.556202,0.317413956,-0.364334285,0.999935031,0.550342083,0.317646325,-0.36432752,0.999935925,0.602335691,0.324761689,-0.157651573,0.999938071,0.540716469,0.324121088,-0.177153304,0.999858916,0.585904896,0.334981978,-0.317648679,0.999979556,0.559894562,0.334148616,-0.323253751,0.999968767,0.654420495,0.384460509,-0.0450434908,0.999984741,0.488466501,0.383482456,-0.0652952716,0.999868572,0.66764158,0.457736671,-0.0263352543,0.982641876,0.47656697,0.453736126,-0.0590064302,0.962338567,0.671145,0.522772908,-0.267275661,0.984701216,0.496733308,0.510206461,-0.276963145,0.938354254,0.679166377,0.543228328,-0.338700175,0.968669534,0.492456168,0.531982,-0.346047133,0.897659361,0.667443812,0.542962253,-0.396872669,0.970808864,0.508661091,0.52987051,-0.390981257,0.902092397,0.660905123,0.53634727,-0.29646045,0.961850882,0.512872338,0.52412343,-0.299302399,0.883797526,0.617576063,0.512567341,-0.00181352731,0.999704778,0.525529802,0.512937069,0.0018285939,0.999528944,0.612102509,0.636105597,-0.0972800627,0.906641901,0.520312726,0.633683145,-0.0737148598,0.860672355,0.587112904,0.745121658,0.118293695,0.896239161,0.532218397,0.742589295,0.139079422,0.852862656,0.585059881,0.756462753,0.12597163,0.499929577,0.537227,0.752839744,0.146362901,0.405425042,0.591735542,0.778641522,-0.122218877,0.883708417,0.527727544,0.776515722,-0.0977954492,0.841466
1183.333333333333,0.57271421,0.324511021,-0.391830713,0.999985,0.582583606,0.318101227,-0.357708395,0.999963105,0.5880059,0.318606496,-0.357745618,0.999964714,0.592935622,0.319023877,-0.357805073,0.999969244,0.563208699,0.317365319,-0.361717314,0.999944091,0.556107819,0.317408413,-0.361724555,0.999936461,0.55026716,0.317643583,-0.361711234,0.999937415,0.602333605,0.324765652,-0.154664,0.999939561,0.540614188,0.324124455,-0.176098883,0.999862194,0.585895658,0.334984928,-0.315705955,0.999979913,0.559819341,0.334149778,-0.321864069,0.999969363,0.654387355,0.384471267,-0.04490624,0.999984801,0.488464922,0.383577049,-0.0659117401,0.999868333,0.667929709,0.457736,-0.0334368311,0.982779086,0.476532787,0.45382452,-0.0689901188,0.962519467,0.669531465,0.522748888,-0.27659443,0.984789431,0.498616129,0.510177135,-0.285032809,0.938868761,0.677171707,0.54324019,-0.349931091,0.968787909,0.497603565,0.531953454,-0.354043394,0.898391306,0.665582359,0.542948484,-0.405088156,0.970900655,0.513498,0.529739738,-0.397906721,0.902706087,0.658337712,0.536287308,-0.304339349,0.96191287,0.516556203,0.523867726,-0.306662321,0.884253681,0.617394567,0.512141883,-0.00229979283,0.999706447,0.525339484,0.512556,0.00230985,0.999530435,0.612130702,0.635929763,-0.100591734,0.904182196,0.52044791,0.633626938,-0.0737407506,0.855295777,0.587226927,0.744979799,0.113976441,0.893833816,0.532186,0.742663085,0.136887953,0.848506868,0.585105,0.754747808,0.121831283,0.494625837,0.537239432,0.753033876,0.144030631,0.400613487,0.591726601,0.778466642,-0.125853717,0.881260753,0.527480125,0.776582301,-0.0999519601,0.837266922
1199.9999999999998,0.572677255,0.324251771,-0.450500369,0.999985397,0.582441628,0.317625523,-0.417429,0.999964237,0.587896049,0.318122894,-0.417448848,0.999965787,0.592834711,0.318637341,-0.417507201,0.999970198,0.563085735,0.316922247,-0.421217889,0.999945939,0.556018829,0.31702137,-0.421247482,0.999938607,0.550168812,0.317366749,-0.421242952,0.999939442,0.602297485,0.32459718,-0.213600114,0.999941528,0.540521085,0.324103534,-0.234466657,0.999866605,0.585898817,0.334828109,-0.373602629,0.999980509,0.559770942,0.334075272,-0.379619867,0.999970198,0.654411912,0.384427547,-0.0913035944,0.999984801,0.488774955,0.383607775,-0.113761581,0.999867797,0.668263078,0.457844317,-0.061263375,0.983299553,0.475592,0.453844368,-0.102978967,0.963485,0.666889489,0.52280587,-0.293626398,0.985226452,0.501114964,0.509846568,-0.308795661,0.940196574,0.674060822,0.543361127,-0.365011394,0.969488502,0.503703177,0.531315,-0.376051158,0.900103033,0.662629545,0.542960763,-0.421313673,0.971543193,0.518775821,0.528395355,-0.41904515,0.904200792,0.654750109,0.536292315,-0.32072559,0.962668359,0.520601392,0.52212733,-0.329215318,0.885618,0.617303491,0.512143,-0.0031761555,0.999701738,0.525283933,0.51254493,0.00317015243,0.999523759,0.612310648,0.63549161,-0.100172967,0.901863754,0.519262433,0.63317734,-0.0670369714,0.852119446,0.587662101,0.744684577,0.115425684,0.89166075,0.532135069,0.742618859,0.13871707,0.845761597,0.585586846,0.75477314,0.123346016,0.494288832,0.537275434,0.753042519,0.145690054,0.399856389,0.591852903,0.77821511,-0.123459868,0.87905705,0.5271945,0.77660346,-0.0967310518,0.834454715
1216.6666666666665,0.572589338,0.323985755,-0.490217358,0.999985874,0.58228457,0.317274,-0.458311737,0.999965429,0.587792099,0.317818195,-0.458317131,0.99996686,0.592743814,0.318420947,-0.458377838,0.999971092,0.562836051,0.316467077,-0.461960346,0.999948084,0.55575043,0.316584051,-0.462011606,0.999941111,0.549863219,0.316989303,-0.462015718,0.999941945,0.602292061,0.32449773,-0.249817938,0.999943197,0.540196657,0.324028105,-0.270963848,0.999872565,0.585897744,0.334711105,-0.410620213,0.999981105,0.559525907,0.334002167,-0.416697383,0.999971271,0.654439151,0.384191513,-0.112390667,0.999984741,0.48878783,0.383609921,-0.141502902,0.999870777,0.669003487,0.457326084,-0.0752699748,0.983771801,0.473277241,0.454068035,-0.129968092,0.96471715,0.663615942,0.52258271,-0.30673337,0.985553563,0.505093932,0.507395387,-0.338204831,0.942010164,0.670800626,0.543194413,-0.378212124,0.969926655,0.510885954,0.528483331,-0.405909836,0.902535796,0.659061432,0.542542398,-0.434349,0.971945167,0.525462329,0.523987412,-0.448705733,0.906412363,0.650461316,0.535725176,-0.333548039,0.963124037,0.526282728,0.517000377,-0.358052522,0.887752056,0.617564797,0.512143672,-0.00316096283,0.999698699,0.525255263,0.512543559,0.00315617071,0.99952203,0.612429738,0.636121511,-0.090401,0.898398519,0.518305838,0.633200765,-0.0609753132,0.847659469,0.587680519,0.744725883,0.11671821,0.889506876,0.531862915,0.742703855,0.142059579,0.842198908,0.585906446,0.756696343,0.124515057,0.497309178,0.537179768,0.753979504,0.148875237,0.398516297,0.592365861,0.778044343,-0.122273512,0.877005816,0.527199864,0.776874602,-0.09517093,0.830688298
1233.3333333333333,0.572584152,0.323891461,-0.451098502,0.999985814,0.582251191,0.317144841,-0.418730229,0.99996537,0.587771297,0.317722648,-0.4187482,0.999966621,0.592722595,0.31835711,-0.418807954,0.999970853,0.562785923,0.316297233,-0.422508568,0.999948561,0.555654109,0.316446751,-0.422544539,0.999941707,0.549761295,0.316897959,-0.422546118,0.99994266,0.602328181,0.324483782,-0.214222074,0.999942422,0.540045,0.324022502,-0.235696256,0.999875128,0.585915387,0.334675491,-0.37337175,0.999981,0.559473336,0.333985776,-0.379486382,0.999971509,0.65444,0.383921057,-0.0879927352,0.999984503,0.489147395,0.383562267,-0.11595431,0.999872625,0.669488311,0.456710249,-0.0615114197,0.984060407,0.470736533,0.454318106,-0.107766,0.96591419,0.65941745,0.520134151,-0.288493156,0.985885262,0.509818733,0.503618956,-0.312656969,0.94430846,0.665615559,0.541587,-0.359861821,0.970448494,0.519762218,0.523969948,-0.380010307,0.905901849,0.652337313,0.539683044,-0.411446422,0.972407818,0.533172846,0.516885817,-0.423636287,0.909526289,0.643292844,0.532622695,-0.312172204,0.963650167,0.53308183,0.510382533,-0.333046585,0.890989542,0.619453549,0.512144566,-0.00311859441,0.999692082,0.52545172,0.512565374,0.00311539578,0.999516249,0.613694489,0.636960804,-0.0879636407,0.895615816,0.517981589,0.633505225,-0.0622762181,0.842408597,0.588375032,0.745214045,0.106541276,0.887395501,0.531781495,0.743162751,0.134837195,0.83825165,0.586403191,0.759129763,0.112295397,0.501110911,0.5370574,0.755033076,0.140927896,0.39642182,0.593193591,0.778047442,-0.127949938,0.874809802,0.527548671,0.777145088,-0.0992194638,0.826372743
1250.0,0.572602749,0.323731482,-0.417547315,0.999984741,0.582269371,0.317021281,-0.38277325,0.999963045,0.587780416,0.317638218,-0.382792622,0.999964058,0.592725217,0.3183029,-0.38282913,0.999968588,0.562790871,0.316114128,-0.386838049,0.999946117,0.555645764,0.31627968,-0.386878818,0.999939144,0.5497545,0.316739589,-0.386918902,0.999940395,0.602423668,0.324470103,-0.174058735,0.999936879,0.540011942,0.323991746,-0.197707668,0.999871373,0.58595717,0.334609598,-0.338703901,0.999979794,0.5594697,0.333924979,-0.34536919,0.999970555,0.654487669,0.383780777,-0.0621852092,0.999984086,0.489127219,0.383473933,-0.0895291343,0.999872506,0.669817686,0.455965728,-0.0589476041,0.984242678,0.468874574,0.454620361,-0.105098113,0.966774285,0.654143572,0.516572773,-0.285383672,0.986120164,0.519420862,0.499919295,-0.297202975,0.946330905,0.656758428,0.538980126,-0.357977092,0.970894277,0.532973588,0.52083081,-0.367012,0.908951879,0.641666532,0.535464823,-0.409673154,0.972784936,0.546419203,0.51290971,-0.400852561,0.912301779,0.635074675,0.528694034,-0.311317146,0.964034319,0.545691907,0.506697595,-0.311921149,0.89368546,0.621329427,0.514141381,-0.0031513737,0.9996894,0.525814295,0.514189303,0.00316019682,0.999512434,0.613883197,0.638524115,-0.0883293822,0.89492029,0.517877936,0.635155141,-0.0629197583,0.839488268,0.588335693,0.745735466,0.108406045,0.887441576,0.531693935,0.743682742,0.140458,0.837250531,0.586408257,0.761194825,0.114782371,0.51134479,0.537053287,0.755907655,0.147534698,0.399473816,0.593202949,0.778085053,-0.12710616,0.875005662,0.527551591,0.777277529,-0.0882188678,0.825404525
1266.6666666666667,0.572806418,0.323606372,-0.407915324,0.999983,0.582398713,0.316857278,-0.370988071,0.999959946,0.587821364,0.317523628,-0.371012449,0.999960721,0.592766404,0.318239599,-0.371052176,0.999965489,0.562931299,0.31591171,-0.376322359,0.999942422,0.555660188,0.316107094,-0.376360118,0.999935389,0.549755812,0.316585809,-0.376388043,0.999936938,0.602581084,0.324463725,-0.154384077,0.999930501,0.54000777,0.323954403,-0.183737308,0.99986732,0.586152077,0.334592193,-0.325998247,0.999977708,0.559545636,0.333920807,-0.334371328,0.999968708,0.654593,0.383695483,-0.0392475389,0.99998343,0.489149243,0.383395165,-0.0797180459,0.999869347,0.670448422,0.455129951,-0.0265128147,0.984008849,0.466351241,0.454556018,-0.0960356668,0.967663765,0.645704091,0.512413144,-0.249715507,0.98573041,0.528393328,0.491865814,-0.294240832,0.947827101,0.644508898,0.533092141,-0.328020632,0.970135033,0.547126234,0.51167655,-0.364473224,0.911061168,0.628880322,0.528845608,-0.373576403,0.971984,0.560982466,0.502784193,-0.399559498,0.914093614,0.624408066,0.522757173,-0.272562027,0.9629758,0.558373451,0.497451097,-0.31015572,0.895058155,0.621635,0.515630066,-0.00277810986,0.999688,0.526902854,0.515663087,0.00282821269,0.999506891,0.613882542,0.638968289,-0.0866941437,0.89125526,0.518659055,0.635489643,-0.0624988712,0.831343234,0.588333607,0.745687485,0.109031796,0.884596229,0.532429457,0.743734479,0.147915348,0.832176924,0.586889923,0.761395454,0.115222439,0.517098367,0.537840307,0.755883813,0.156212419,0.398121,0.593204618,0.777771413,-0.121114366,0.872287273,0.529394686,0.77736181,-0.0800754502,0.820642173
1283.3333333333335,0.57311672,0.32332769,-0.391575664,0.999978364,0.582489371,0.316695869,-0.353026241,0.999950349,0.587844133,0.317419559,-0.353078276,0.999950588,0.592789531,0.318195224,-0.353127748,0.999956429,0.56322366,0.315688938,-0.357382387,0.999929726,0.555840909,0.315915227,-0.357405394,0.999921501,0.549845874,0.316416353,-0.3574422,0.999924123,0.602660179,0.324468136,-0.136808351,0.999910772,0.54007858,0.323923081,-0.161592096,0.99984324,0.586283088,0.334553599,-0.310452431,0.99997139,0.559755445,0.333851784,-0.317601293,0.999961555,0.654590547,0.383644164,-0.0315457694,0.999981046,0.489141107,0.383355796,-0.0636965,0.999851108,0.671149194,0.454348773,-0.0206209458,0.983581424,0.464475095,0.454517305,-0.0872194618,0.967611313,0.634736776,0.506190956,-0.231776148,0.984666824,0.541258633,0.483296245,-0.256420612,0.94742173,0.626545727,0.525987089,-0.310171366,0.968064189,0.566503942,0.498579204,-0.323768139,0.910149336,0.612710476,0.520562708,-0.349469036,0.969871938,0.578235805,0.491002381,-0.351732761,0.912843347,0.610922456,0.513980806,-0.251805723,0.960431397,0.57437849,0.486849517,-0.268715203,0.892740428,0.620379567,0.517254,-0.00294036907,0.99968195,0.526268423,0.516968846,0.00301344227,0.999486,0.610393882,0.639603853,-0.0934783518,0.882315814,0.518605471,0.636062205,-0.0617999099,0.819015861,0.584979892,0.745501459,0.112233199,0.877901,0.5330832,0.743720055,0.159340575,0.824048519,0.584693134,0.761256635,0.121015534,0.521233499,0.538145185,0.7551651,0.169697061,0.395895779,0.591629565,0.776919901,-0.106531262,0.865965486,0.529475331,0.77718842,-0.0629496649,0.812492728
1300.0000000000002,0.574192405,0.323259145,-0.349609405,0.999973774,0.582918763,0.316697776,-0.309803307,0.999942362,0.588081658,0.317426622,-0.309872895,0.999941885,0.593059897,0.318206131,-0.309905618,0.999948,0.563892901,0.31569019,-0.315035194,0.999919,0.556325376,0.315916657,-0.315040231,0.999909699,0.550077498,0.316416115,-0.315049767,0.999912918,0.602706254,0.324476242,-0.0875228271,0.999897361,0.540185392,0.3239218,-0.115196481,0.999830604,0.586803854,0.334553063,-0.2664361,0.999966502,0.560813487,0.333851367,-0.274285734,0.999956965,0.65460521,0.383161485,0.0154106561,0.999979198,0.489341289,0.383232206,-0.0325013548,0.99984163,0.672542214,0.452717423,-0.00599447405,0.982954264,0.464137435,0.454384387,-0.0916659385,0.968603432,0.627450764,0.498314023,-0.235364214,0.983460903,0.557129204,0.473001808,-0.293767124,0.948039174,0.61173749,0.517641187,-0.315770209,0.965736508,0.583535969,0.485424727,-0.36757189,0.910733342,0.601124823,0.511301339,-0.351581603,0.967481196,0.591933548,0.476272911,-0.383686423,0.913019,0.602461,0.504204571,-0.254642069,0.957506835,0.587229073,0.472694606,-0.302254349,0.89195013,0.617724776,0.519078135,0.00299359602,0.999675274,0.524653196,0.517778575,-0.00282121613,0.999463081,0.607852817,0.639757395,-0.0934504792,0.878326237,0.518584251,0.636340082,-0.0636329725,0.818854749,0.582383573,0.74485904,0.130309984,0.875199735,0.533074498,0.743714452,0.157796562,0.823412597,0.579224586,0.761284471,0.141247287,0.531408429,0.537739873,0.75485009,0.167900711,0.401426047,0.591069281,0.776509881,-0.0882739574,0.864129961,0.53466922,0.777362585,-0.0679940581,0.81116873
1316.666666666667,0.574844837,0.323330969,-0.347440541,0.999965131,0.583358586,0.317038596,-0.308707446,0.999926925,0.588406265,0.317848861,-0.308779359,0.999924719,0.59343791,0.318659395,-0.308823198,0.999932706,0.564290166,0.315832198,-0.315215051,0.999900043,0.556673,0.316024482,-0.315212876,0.999887884,0.550252497,0.316476017,-0.315215081,0.999892533,0.602893531,0.324897081,-0.0873842388,0.999869943,0.540230691,0.323948056,-0.121164732,0.999806225,0.587178767,0.334770411,-0.2641837,0.999955952,0.561348498,0.333938509,-0.273811281,0.999947429,0.654458821,0.382238716,0.021796789,0.999976,0.489340842,0.383133292,-0.0381087773,0.999829233,0.672513068,0.450552583,-0.0051005045,0.982203841,0.463659763,0.453508914,-0.104378872,0.969762504,0.618664384,0.486607224,-0.23801744,0.981955409,0.562688947,0.463534802,-0.302219629,0.947528183,0.597395241,0.506224394,-0.318125874,0.962671518,0.589155138,0.472941518,-0.372775406,0.909077227,0.586981714,0.498470485,-0.345658213,0.964342475,0.594018698,0.464571685,-0.387028217,0.910835087,0.5912714,0.49114722,-0.254512221,0.953609407,0.588208854,0.462164909,-0.309545547,0.888316095,0.616241515,0.518847644,0.0130106695,0.999642968,0.522766709,0.517650247,-0.0128090475,0.99938947,0.607125,0.639731228,-0.0849767104,0.862222075,0.518448055,0.636770129,-0.0707664,0.810108423,0.582133174,0.745359659,0.111229733,0.862609446,0.532075,0.744598806,0.115917407,0.812903,0.573082447,0.764002204,0.118483976,0.531381488,0.534115076,0.755778372,0.122482233,0.39834848,0.591234505,0.77631706,-0.103991918,0.854675114,0.537018657,0.777465224,-0.112242326,0.799740911
1333.3333333333337,0.576402724,0.323387444,-0.303271294,0.999955356,0.584202528,0.317239881,-0.263326108,0.999909699,0.588957131,0.31809026,-0.263424188,0.99990654,0.594113,0.318930656,-0.263483584,0.999916077,0.565405965,0.315929025,-0.269942224,0.999879241,0.557699442,0.31610617,-0.269929826,0.999864459,0.550823212,0.316529721,-0.269921035,0.999870777,0.603189349,0.325052917,-0.0405177958,0.999848187,0.540379643,0.323952883,-0.0736226737,0.999781,0.588044286,0.334898621,-0.219411284,0.99994421,0.562908947,0.334048659,-0.228947371,0.999934733,0.654806912,0.380967766,0.0493450202,0.999972939,0.489311844,0.382974654,0.00991815,0.999809146,0.672468126,0.449320883,-0.0068163746,0.981384754,0.463768512,0.453148752,-0.0994921103,0.970285296,0.607328475,0.477570146,-0.240450174,0.979955137,0.572547197,0.455735564,-0.306587726,0.946073472,0.585069358,0.495055705,-0.325607657,0.958684325,0.600299,0.459490359,-0.37871033,0.905986786,0.571227908,0.489094645,-0.350371897,0.960205674,0.605205119,0.45110032,-0.387657464,0.90705657,0.575276434,0.482913017,-0.260384709,0.948338747,0.597549796,0.450095147,-0.31247139,0.882418513,0.619006038,0.519901216,0.0120334029,0.999605894,0.522813499,0.518722534,-0.0119416332,0.999309659,0.607306182,0.640892625,-0.0911988914,0.853512585,0.518069863,0.637262702,-0.0730821565,0.806996882,0.582257688,0.746750176,0.111750528,0.853658915,0.532656848,0.745607913,0.122896396,0.805719078,0.573772371,0.768097818,0.119534016,0.530841827,0.53470391,0.756720364,0.129833624,0.398623765,0.590867341,0.777591944,-0.104313143,0.847456694,0.53685385,0.77875638,-0.110726476,0.790791154
1350.0000000000005,0.577516139,0.323932946,-0.304065257,0.999942899,0.58499819,0.317943245,-0.263356745,0.999888241,0.589471161,0.318744,-0.263444811,0.99988389,0.594743133,0.31956321,-0.263514161,0.999895513,0.566385269,0.316470236,-0.269545764,0.999853373,0.558679938,0.316518098,-0.269539297,0.999835491,0.551458299,0.316793829,-0.269518048,0.999845,0.603444159,0.325295836,-0.0356139913,0.999828756,0.540707,0.323952615,-0.0660608187,0.999750435,0.588671446,0.335378647,-0.218249559,0.999932468,0.564150035,0.334383965,-0.227066621,0.99992007,0.654805243,0.379514247,0.0505948775,0.99997133,0.489328235,0.38296777,0.0318631753,0.999785185,0.672456384,0.448285639,-0.00910396501,0.981385112,0.463950157,0.451663911,-0.0979168266,0.970496,0.594400585,0.470380843,-0.242069945,0.978858352,0.573651552,0.446833,-0.357679516,0.945344448,0.572860241,0.485086322,-0.327084273,0.955655217,0.604654,0.448429585,-0.436900854,0.903742373,0.559503138,0.478912443,-0.34708,0.956889927,0.60820806,0.43862614,-0.437213212,0.903984,0.562534332,0.473547965,-0.261129975,0.94374156,0.599457681,0.437440723,-0.361792237,0.877099812,0.620847166,0.519844949,0.00418539951,0.999579787,0.522836804,0.518554151,-0.003908101,0.999253869,0.608014166,0.640914261,-0.101846427,0.857973635,0.516967237,0.63732,-0.0743776336,0.812639475,0.582387567,0.747370899,0.126716942,0.85520786,0.533142567,0.745578527,0.1528043,0.806721151,0.574344814,0.764192939,0.138122827,0.534441531,0.537069619,0.756673217,0.164351,0.403740525,0.589223683,0.778578,-0.104739696,0.847695768,0.53659308,0.778736889,-0.0818375871,0.789815485
1366.6666666666672,0.578819633,0.324571192,-0.277960837,0.999922097,0.585735738,0.318457663,-0.238264039,0.999846816,0.590007186,0.319219053,-0.23835732,0.999840856,0.595430732,0.320027709,-0.238427311,0.999855816,0.56741488,0.316854089,-0.24420777,0.999805748,0.559739828,0.316806048,-0.244197592,0.999782324,0.552220404,0.316999406,-0.244165018,0.999796033,0.603633463,0.325402766,-0.0154044703,0.999789655,0.540924,0.323950678,-0.0443794914,0.999678433,0.589520812,0.335882306,-0.193588883,0.999910116,0.565440953,0.334823459,-0.202006102,0.99988991,0.654367,0.377801269,0.0643245056,0.999968767,0.489318222,0.382943451,0.0550909452,0.999751329,0.672445655,0.446245044,-0.00757284183,0.981675684,0.464662105,0.450426102,-0.0965349749,0.970654309,0.583248913,0.464260638,-0.231579512,0.978159964,0.576157153,0.434326231,-0.373990923,0.945001841,0.560462832,0.47756204,-0.308692724,0.952875257,0.609250724,0.434467286,-0.451058447,0.90174824,0.550039351,0.468369275,-0.311080426,0.953751862,0.611338496,0.424766153,-0.444783837,0.900959253,0.554285884,0.463813096,-0.237650499,0.939265907,0.601276815,0.423281342,-0.375624359,0.871729195,0.621489584,0.518979847,0.000794889347,0.999530494,0.522862256,0.518430233,-0.000455876696,0.999159455,0.608041286,0.640317559,-0.110882744,0.859797895,0.516395807,0.637296736,-0.0782385692,0.815624416,0.582473099,0.747455657,0.121369779,0.853250504,0.53333807,0.745562732,0.152705848,0.804398119,0.574462175,0.761084616,0.133536741,0.534485877,0.538192451,0.756657779,0.16302751,0.406145304,0.588768,0.778567612,-0.11320398,0.844910443,0.535422087,0.778662264,-0.0823055,0.785348594
1383.333333333334,0.579388,0.324676096,-0.230903164,0.999897599,0.58612293,0.318612039,-0.191088662,0.999796093,0.590344489,0.319384754,-0.191179946,0.999791265,0.595853209,0.320193201,-0.191240609,0.999812543,0.567822337,0.316967279,-0.196931496,0.999743164,0.560145438,0.316907138,-0.196906984,0.999711,0.55251658,0.317082971,-0.196852818,0.999728382,0.603704274,0.325425714,0.0252697319,0.999747157,0.540946305,0.323954612,-0.00264045806,0.99955225,0.59010303,0.335939974,-0.149374768,0.999880373,0.565852404,0.334866583,-0.157501906,0.999839425,0.654052913,0.37689656,0.0888228863,0.999967396,0.488657564,0.382941425,0.0910924599,0.999702036,0.672136247,0.44454816,2.92756831e-005,0.982362688,0.467894286,0.449066669,-0.0721467957,0.969827354,0.576665163,0.456282109,-0.211288169,0.978565037,0.578221262,0.428728193,-0.3499614,0.943696916,0.548876524,0.467674285,-0.284552127,0.952504754,0.6140517,0.426901549,-0.424651891,0.898411095,0.53972733,0.456783712,-0.278857619,0.953064,0.616034,0.417537838,-0.436923832,0.896416306,0.544474363,0.453563362,-0.211724728,0.937910795,0.604405582,0.417040497,-0.355696797,0.864744246,0.621543825,0.517954826,-0.000657063967,0.999494255,0.522698939,0.518396676,0.00100804353,0.999069333,0.608049393,0.639696121,-0.108440392,0.862279654,0.516383588,0.63724649,-0.0767776072,0.818074107,0.583129525,0.747341454,0.117293485,0.852542162,0.533274591,0.745538056,0.151433349,0.801789761,0.574918568,0.76126343,0.128625035,0.531107903,0.538307846,0.756623864,0.16147314,0.405257106,0.588633776,0.778535,-0.120363578,0.843824863,0.53357172,0.778625369,-0.0823228434,0.782179475
1400.0000000000007,0.579793096,0.324680805,-0.199609056,0.999865592,0.586443305,0.318717301,-0.15935497,0.999745,0.590672433,0.319503099,-0.159480259,0.999745548,0.596322179,0.32031557,-0.159594879,0.999777377,0.568112612,0.317056477,-0.163950473,0.999655783,0.5603984,0.31699428,-0.163908631,0.999603212,0.552662551,0.317171484,-0.16380547,0.999614954,0.603815317,0.325453281,0.0572978593,0.999723077,0.540948153,0.323988914,0.034191113,0.999307334,0.590490937,0.335931778,-0.118563391,0.999850333,0.566117942,0.334864706,-0.125290453,0.999757767,0.65325439,0.376373172,0.10453032,0.999967217,0.488585591,0.382650971,0.143741116,0.999535,0.671054304,0.443757743,0.016415799,0.982894,0.473742843,0.446382523,0.00320150517,0.957408309,0.567520857,0.449080199,-0.170874715,0.978854,0.579238236,0.427158535,-0.272016376,0.926179528,0.537690222,0.458350837,-0.243297324,0.952077687,0.614135206,0.423361123,-0.343859583,0.875793815,0.530529,0.449360669,-0.239532307,0.95244962,0.615927041,0.415562332,-0.339918673,0.872071087,0.535827637,0.446355343,-0.171316132,0.936549664,0.604575217,0.415749192,-0.276425898,0.837016881,0.621518373,0.517553508,-0.0038404623,0.999477625,0.522684574,0.518262684,0.00427855598,0.998969316,0.608123899,0.638965249,-0.107031934,0.864869535,0.516488612,0.637235463,-0.0615978315,0.81811744,0.584219337,0.747314215,0.125939175,0.851972342,0.533182,0.745528042,0.170874745,0.798901916,0.575563133,0.761240602,0.138173923,0.528585613,0.538304925,0.756615639,0.181325763,0.404270321,0.588646889,0.778524935,-0.113420926,0.842666924,0.532568395,0.778513372,-0.0605734847,0.778841853
1416.6666666666674,0.580023885,0.324673742,-0.148327634,0.999801,0.586584926,0.318749279,-0.108657703,0.999631166,0.590839624,0.319556773,-0.108775176,0.999641061,0.596564829,0.320385367,-0.108889654,0.999697328,0.568297,0.31708011,-0.114698283,0.999492228,0.560607374,0.317023158,-0.11466594,0.999407768,0.552761793,0.317210943,-0.114578262,0.999423385,0.603877664,0.325520813,0.100451723,0.999639511,0.540945292,0.324042499,0.0717576,0.998912215,0.590713441,0.335884631,-0.0697971955,0.999762714,0.566274047,0.334863573,-0.0781685561,0.999566793,0.65274471,0.375959098,0.137649938,0.999964535,0.488477021,0.382474899,0.160303608,0.999379694,0.669455171,0.441721529,0.0303443372,0.982916951,0.479102284,0.443496883,0.0389391221,0.947372675,0.560341895,0.441720843,-0.140983686,0.978563368,0.59036988,0.427973449,-0.16307354,0.910824955,0.528278351,0.448673159,-0.209321812,0.950489819,0.626136243,0.423532665,-0.222413331,0.855491519,0.523206592,0.440912396,-0.197622046,0.950629711,0.62623173,0.416568756,-0.216351032,0.85016495,0.529203117,0.438096583,-0.138644487,0.933791757,0.615609348,0.416927934,-0.164546236,0.812538266,0.621342421,0.517523646,-0.00511880592,0.999448776,0.522317171,0.518182635,0.00557967694,0.998853,0.608053625,0.638720751,-0.0930479318,0.863197327,0.516713381,0.637241304,-0.0474400744,0.811469197,0.584370315,0.747139037,0.113464832,0.847350717,0.532981396,0.74559772,0.165584043,0.78880322,0.575889826,0.761232495,0.122631542,0.517423272,0.538140893,0.756930411,0.176469669,0.395016044,0.588750601,0.778372169,-0.120285049,0.838338375,0.529338717,0.778363228,-0.064202562,0.77049005
1433.3333333333342,0.580111802,0.324653476,-0.175197691,0.999773264,0.586625814,0.318747461,-0.136287838,0.999583125,0.590889931,0.319556147,-0.13637884,0.999597251,0.596679091,0.320388466,-0.136451378,0.999659538,0.568359852,0.317082,-0.142540336,0.999422789,0.560680091,0.317035496,-0.142518207,0.999325812,0.55277878,0.317251146,-0.142433137,0.999335,0.603970766,0.325530827,0.0782403275,0.999604166,0.540943325,0.32417497,0.0489143245,0.998757,0.590874434,0.335836798,-0.0937608,0.999723852,0.566457331,0.334862739,-0.102347285,0.999487877,0.652760506,0.375823438,0.12720187,0.999962151,0.488684803,0.382393211,0.134632051,0.999312043,0.669084311,0.440911621,0.00898358691,0.983374417,0.4824498,0.441045374,-0.00365077332,0.945613086,0.554492891,0.436003983,-0.143149108,0.979130387,0.595255792,0.420897275,-0.218191549,0.907363355,0.523787081,0.442238867,-0.227165475,0.951047421,0.630459249,0.419211835,-0.290433705,0.848388493,0.518664,0.435394615,-0.251447827,0.951009452,0.630969048,0.412340045,-0.301000059,0.841733932,0.524931848,0.432883292,-0.176225811,0.933896482,0.620995641,0.412248045,-0.231599748,0.801975608,0.621167362,0.517503321,-0.00512573915,0.999434,0.521838844,0.51811564,0.00556509569,0.998786807,0.608094454,0.638775527,-0.0738747716,0.865416169,0.516826928,0.637537301,-0.0353138074,0.812896669,0.584391832,0.747121453,0.114016175,0.84851867,0.531919897,0.74595964,0.163145721,0.786701918,0.576160431,0.761600554,0.123025723,0.515153766,0.537319422,0.758174121,0.17271091,0.393483609,0.588761866,0.778362036,-0.120088391,0.839512527,0.527447939,0.778348565,-0.0647797585,0.769287765
1450.000000000001,0.58008,0.324623942,-0.167504206,0.999763608,0.586623609,0.318740636,-0.126947537,0.999566615,0.590889692,0.319554597,-0.127028987,0.999583,0.59668237,0.320386946,-0.127082199,0.999646664,0.568348467,0.317082256,-0.132254556,0.999394655,0.560670078,0.317041695,-0.132242158,0.999295473,0.55277276,0.317277968,-0.132176131,0.999296188,0.603987753,0.32553634,0.0906253606,0.999595582,0.540915906,0.324289888,0.065124996,0.998691618,0.590895,0.335791051,-0.0857146531,0.99970907,0.56645596,0.334868312,-0.0932633951,0.99945122,0.652698934,0.375822246,0.125906542,0.999960303,0.489065766,0.382150948,0.136449292,0.999256313,0.6684677,0.439229637,-0.0668094754,0.984076,0.486681283,0.4323847,-0.0520026721,0.943974912,0.552658796,0.431392968,-0.317566365,0.980052352,0.59514159,0.419708282,-0.330533534,0.904557168,0.522077739,0.438102841,-0.400942892,0.952565134,0.630867243,0.417983651,-0.404676765,0.843118,0.516091764,0.431519896,-0.383000672,0.95242095,0.631959617,0.411738485,-0.397340506,0.835616708,0.522291183,0.429013461,-0.317149073,0.935459554,0.620943129,0.411840051,-0.334397614,0.794229,0.621132135,0.51827389,-0.0056654443,0.999436915,0.521635532,0.518256843,0.00606003543,0.998764038,0.608099759,0.639536262,-0.0775096193,0.868198514,0.517181039,0.638143718,-0.0335309915,0.816349208,0.584369719,0.747153342,0.120945327,0.849803,0.530777335,0.746599615,0.167873174,0.787241876,0.576620936,0.762023211,0.130054072,0.515951,0.535768688,0.75930506,0.17630063,0.394926161,0.588897824,0.778355241,-0.110984042,0.841224372,0.526216388,0.778385758,-0.0587903783,0.770332873
1466.6666666666677,0.580054522,0.32462272,-0.155107424,0.999752343,0.586624742,0.318769485,-0.115016624,0.999547243,0.590894043,0.319576055,-0.11509189,0.999565482,0.596705556,0.320399851,-0.115139075,0.999632299,0.568339348,0.317197978,-0.119450785,0.999360859,0.560655653,0.317215353,-0.119434133,0.999257147,0.552740037,0.317532629,-0.119369306,0.999248505,0.60404104,0.325542808,0.0979070812,0.99958688,0.540848374,0.324564248,0.0757276788,0.998603761,0.590937,0.335766733,-0.075348258,0.99969238,0.566448212,0.3349199,-0.0819691047,0.999405265,0.652413309,0.375646144,0.12019936,0.999958575,0.490115017,0.381607234,0.143965587,0.999173403,0.66693306,0.43706423,-0.0967072174,0.984796166,0.494967371,0.427366287,-0.0679393411,0.939369142,0.549376369,0.428168893,-0.346644402,0.981012106,0.593807042,0.417378783,-0.350107342,0.897815108,0.518004894,0.435210884,-0.428088725,0.954250395,0.628867209,0.418115765,-0.422435552,0.833226,0.512437046,0.427764148,-0.406576335,0.954010963,0.629908621,0.412184983,-0.414997667,0.824806333,0.519344091,0.42534,-0.343049288,0.937313855,0.618159771,0.411949039,-0.353694499,0.781814039,0.620980263,0.518339813,-0.00777803874,0.999442279,0.52149725,0.518194497,0.00810726918,0.998743,0.608063579,0.639676809,-0.0796074197,0.87087357,0.517310143,0.638423324,-0.0332417302,0.81894666,0.584203184,0.747159302,0.120253101,0.850793779,0.52984935,0.746831119,0.166545331,0.787699401,0.577207327,0.761999249,0.129162535,0.513879955,0.534570217,0.759331703,0.174590304,0.395547926,0.58892113,0.778327405,-0.111021653,0.842564583,0.525690198,0.778457761,-0.0585219786,0.771449089
1483.3333333333344,0.579887688,0.324620068,-0.122256666,0.999743819,0.586562455,0.318776429,-0.0826708302,0.999534726,0.590841949,0.319581777,-0.0827455223,0.999554753,0.596653819,0.320402801,-0.0827912,0.999623656,0.568132699,0.317256778,-0.0851342455,0.999336481,0.560379565,0.317324489,-0.085127227,0.999231219,0.552559435,0.317713827,-0.085074231,0.99921453,0.604046345,0.325567335,0.124810338,0.999587357,0.540556312,0.324810326,0.111456193,0.998544157,0.590913475,0.335730582,-0.0447357595,0.999679148,0.566245258,0.334947437,-0.0488821231,0.999362707,0.652187765,0.375418633,0.130471364,0.999956846,0.490329772,0.381056398,0.165905207,0.999097466,0.664682567,0.434516758,-0.110118523,0.985483587,0.494461179,0.424258888,-0.0751622,0.932892203,0.545148075,0.423529238,-0.351362109,0.981854737,0.595481396,0.41529882,-0.362500876,0.88846308,0.514512,0.431116432,-0.433095,0.955661774,0.630477369,0.41675657,-0.436146408,0.820546448,0.507810712,0.423227042,-0.407534212,0.955317795,0.630474746,0.412607819,-0.427788466,0.81101352,0.515409231,0.420691699,-0.346117884,0.938820362,0.617935836,0.411570758,-0.366469532,0.766466141,0.620959342,0.518295348,-0.00968550891,0.999454498,0.521143556,0.518168688,0.00998988748,0.998742878,0.60818243,0.639668047,-0.084892489,0.873818,0.517393053,0.638507962,-0.034289334,0.82215786,0.584215283,0.74719137,0.120270103,0.851305,0.529218256,0.747199178,0.169040948,0.78834337,0.577714562,0.762085736,0.129308283,0.512603164,0.533764482,0.759465635,0.17700839,0.396014452,0.588937938,0.778315306,-0.110256672,0.843403518,0.525071859,0.778603673,-0.0549337044,0.772290885
1500.0000000000011,0.579195201,0.324617416,-0.0858189,0.999743223,0.586327374,0.318799645,-0.0472785607,0.999540806,0.590608656,0.319587052,-0.0473504625,0.999559641,0.596284866,0.320402801,-0.0473936,0.999630272,0.567588627,0.317458659,-0.0477671362,0.999338,0.559727609,0.317628413,-0.0477668531,0.999230683,0.552192867,0.318107337,-0.0477255695,0.999211609,0.604014874,0.325573623,0.153518707,0.999601841,0.540264428,0.325100213,0.148335814,0.998534501,0.590761423,0.335685909,-0.0112967379,0.999676287,0.565791488,0.33498174,-0.0131832696,0.999341547,0.651847482,0.375330925,0.136952132,0.999955595,0.491316229,0.380066693,0.188205972,0.999014437,0.661507845,0.431806087,-0.136505574,0.986014545,0.496725112,0.417619854,-0.0945469812,0.919040084,0.54314959,0.420082033,-0.382056326,0.982633948,0.592526853,0.414179504,-0.422187656,0.870412111,0.514365375,0.427665502,-0.466860145,0.957229435,0.626616061,0.415671915,-0.500732839,0.800440431,0.506608546,0.420430362,-0.440149486,0.956806123,0.628305137,0.412426382,-0.496180505,0.790154099,0.513998628,0.417988092,-0.377007335,0.940640867,0.609578252,0.411285132,-0.430059552,0.745544612,0.620953143,0.518245816,-0.0112093091,0.99947083,0.521048665,0.517903388,0.0114816129,0.998756289,0.608207881,0.63966,-0.0962132141,0.876904488,0.517399848,0.63852942,-0.037116494,0.824455798,0.584686041,0.747182667,0.122937575,0.850689948,0.528412104,0.747364,0.169617251,0.789051294,0.579085,0.762035429,0.133305,0.508332908,0.532793164,0.759425461,0.177830562,0.39612633,0.58899349,0.778306663,-0.104640588,0.843481362,0.524621665,0.778969765,-0.0535040759,0.773316264
1516.6666666666679,0.578836679,0.32463935,-0.0741856322,0.999753773,0.586171627,0.31885618,-0.0368569158,0.999565184,0.590435684,0.319603235,-0.0369230621,0.999582112,0.596040547,0.320406556,-0.0369540974,0.99965024,0.567299426,0.317781597,-0.0363148674,0.999369085,0.559417427,0.3180646,-0.0363339633,0.999265075,0.552011132,0.318610072,-0.0362911895,0.999245346,0.603996754,0.325583071,0.162494823,0.999628484,0.540057302,0.325392067,0.161104128,0.998592198,0.590638757,0.335682064,-0.000134405942,0.999688923,0.565626085,0.335114449,-0.000987452921,0.999355078,0.651678205,0.375114352,0.137533605,0.999955595,0.492866337,0.378822535,0.199851677,0.99896425,0.660472691,0.429699242,-0.156775475,0.986598849,0.497608483,0.408028871,-0.128577515,0.903806269,0.542854607,0.417940587,-0.414925605,0.983551562,0.55601269,0.40649116,-0.526912153,0.854643226,0.513247,0.425745606,-0.502159536,0.959264576,0.565326154,0.410399914,-0.614419043,0.784798443,0.504873455,0.418951035,-0.477061242,0.95880115,0.570063472,0.408221036,-0.61123395,0.774270535,0.512621224,0.416377217,-0.410661221,0.943212032,0.566084921,0.408066541,-0.537967443,0.730463922,0.620879948,0.518194377,-0.0137396352,0.999487519,0.520931244,0.517510951,0.0139604323,0.99878037,0.608238578,0.639639497,-0.106589116,0.879607797,0.517298877,0.638518572,-0.0382300355,0.82552582,0.584720552,0.747187495,0.122284047,0.848454475,0.528199673,0.747735322,0.169497356,0.788962841,0.579546452,0.761910319,0.133106411,0.502353311,0.532712162,0.759496,0.177351132,0.397088349,0.588959277,0.778298259,-0.104874387,0.842528105,0.524487197,0.779185414,-0.0554324053,0.773696303
1533.3333333333346,0.578496397,0.324639112,-0.0768311918,0.999761701,0.585945308,0.31885767,-0.0389390066,0.999586344,0.590217054,0.31959635,-0.0390083753,0.999601,0.595698655,0.320388466,-0.0390484445,0.999667227,0.567008495,0.317915946,-0.0391894467,0.999395788,0.559182525,0.318276256,-0.0392038189,0.999293923,0.551892102,0.318870664,-0.0391648486,0.99927485,0.603940368,0.325584143,0.165831074,0.999651551,0.539893687,0.325570375,0.160772115,0.998649,0.590483963,0.335627586,-0.000306425267,0.999698758,0.565364659,0.335155606,-0.00224321871,0.999367952,0.651285648,0.37501958,0.149459153,0.999954641,0.494428217,0.37770769,0.200511381,0.998924613,0.657354832,0.428536505,-0.138015628,0.986802876,0.499263465,0.407425284,-0.121236451,0.888572276,0.538041532,0.415914744,-0.391422331,0.983933568,0.557314396,0.405182064,-0.498004049,0.837126136,0.508904219,0.423138678,-0.478545189,0.960034072,0.579028368,0.408798039,-0.584046483,0.766864061,0.500198,0.416527689,-0.454828233,0.959502,0.58281523,0.406804651,-0.581561327,0.755951822,0.508522749,0.414421082,-0.387969941,0.944041,0.575797677,0.406639159,-0.508524179,0.712581277,0.620867312,0.518013358,-0.0138349859,0.999508202,0.520932198,0.516958356,0.0140573084,0.998818278,0.60847944,0.639577866,-0.106647432,0.881949186,0.517304242,0.638404191,-0.0393877141,0.827839851,0.584745884,0.747215867,0.12343394,0.847884715,0.52816993,0.747831464,0.169796512,0.791297615,0.579599738,0.762133896,0.134427756,0.500687957,0.532726824,0.759489,0.17787084,0.400500953,0.588955045,0.778399467,-0.103715152,0.843348086,0.523961127,0.779444337,-0.0547167771,0.776845574
1550.0000000000014,0.578349769,0.324521184,-0.0513653457,0.999771833,0.585871041,0.318817139,-0.0137264477,0.999610186,0.590142608,0.319510043,-0.0137778418,0.999622822,0.595580041,0.320274,-0.0138091128,0.999686599,0.566929519,0.317932457,-0.0139557049,0.999426842,0.559137344,0.318318725,-0.0139789637,0.999328732,0.551876485,0.318931788,-0.0139335347,0.99931103,0.603909612,0.325458556,0.186285302,0.999675512,0.539874,0.325579286,0.181289256,0.998712838,0.590408683,0.335299462,0.0229725763,0.999711394,0.565295,0.335050851,0.0210313387,0.999385178,0.651166,0.374689192,0.161184371,0.999954045,0.49604249,0.376724392,0.211600348,0.998883486,0.657132804,0.427890837,-0.139111355,0.987014353,0.499136418,0.40244785,-0.131496653,0.876445532,0.536814451,0.413918793,-0.398806661,0.984495163,0.543318331,0.396296173,-0.536124289,0.825256288,0.508216739,0.421339422,-0.484901428,0.961257041,0.550965428,0.39938581,-0.623978138,0.755021393,0.499397337,0.415519416,-0.460216194,0.960662663,0.555975258,0.398113787,-0.619162142,0.74383074,0.507764876,0.413418382,-0.394928426,0.945450366,0.553750694,0.398712635,-0.547031164,0.701261044,0.620856464,0.517520308,-0.0136120478,0.999525964,0.521017671,0.516001344,0.0138267167,0.998856306,0.609053493,0.639390945,-0.111155517,0.885255396,0.517253876,0.637669683,-0.0437585,0.831176281,0.584754229,0.7471928,0.119254969,0.847909451,0.526979804,0.747360587,0.161675349,0.794065297,0.579454184,0.762063622,0.130115509,0.497597814,0.531926334,0.759124339,0.169099301,0.403173417,0.586778939,0.778688848,-0.107143678,0.844199121,0.523475885,0.77962476,-0.0617699176,0.780288
1566.666666666668,0.578226388,0.324495941,-0.0644334629,0.999776244,0.585753858,0.318817943,-0.0272341743,0.999624848,0.590047419,0.319490612,-0.0272838157,0.999635935,0.595376492,0.320216954,-0.0273128413,0.999698102,0.566777885,0.31806615,-0.0274839159,0.999443471,0.559065104,0.318486959,-0.0275106598,0.999347508,0.551856875,0.31909287,-0.0274592321,0.999329388,0.603730917,0.325283408,0.173257947,0.999694109,0.53983438,0.325593621,0.169001192,0.998750031,0.590304,0.335010201,0.0104127508,0.99971962,0.565245569,0.334963053,0.00873862859,0.99939096,0.651079774,0.374359101,0.153761238,0.99995327,0.497140884,0.376144618,0.197176054,0.998843968,0.657454908,0.427297562,-0.153057262,0.987306714,0.5008412,0.40255177,-0.162095562,0.870213568,0.537272334,0.413966238,-0.411065847,0.985039592,0.54671061,0.39365226,-0.566304684,0.818803,0.50851059,0.421086103,-0.496985197,0.962363362,0.556075335,0.395906121,-0.655198574,0.747983217,0.50023,0.415179789,-0.470630288,0.961709559,0.560356796,0.394599229,-0.646833599,0.736378,0.508630872,0.413157344,-0.406553805,0.946758389,0.557665467,0.395638585,-0.575700223,0.694219768,0.620940328,0.517284751,-0.0134718083,0.999537766,0.521102667,0.515707254,0.0136837419,0.998879194,0.609290421,0.639164567,-0.112689421,0.888352692,0.517253,0.637450516,-0.0451811738,0.834238887,0.584614217,0.747096241,0.120649397,0.847206235,0.526962817,0.74718672,0.161687061,0.795150816,0.579405248,0.76185149,0.132041827,0.494247973,0.531789243,0.758455575,0.169165194,0.403940707,0.585267723,0.778764,-0.10512688,0.843735158,0.52315861,0.779810965,-0.0618241429,0.781338274
1583.3333333333348,0.577800632,0.324447811,-0.082128495,0.999772489,0.585484,0.318812698,-0.0442332178,0.999626577,0.589903772,0.319438636,-0.0442939885,0.999636352,0.595086753,0.320091397,-0.0443358161,0.9997,0.566274583,0.318138897,-0.0443328619,0.99944067,0.558692038,0.318580955,-0.0443496034,0.999341786,0.551647,0.319175541,-0.0442985557,0.999323487,0.603554964,0.324941278,0.158176169,0.999703646,0.539705,0.325594544,0.154618576,0.998745799,0.590097606,0.334665865,-0.00672984542,0.999717236,0.56491971,0.334856123,-0.00822738,0.999376237,0.650835395,0.373920172,0.14636454,0.999951482,0.497397363,0.375548959,0.191958487,0.998772621,0.657674134,0.4266451,-0.152987212,0.987571478,0.503267169,0.404371887,-0.140362486,0.861943,0.535994,0.412601292,-0.393099397,0.985195458,0.552716911,0.393085033,-0.499435484,0.805716515,0.507514119,0.419446081,-0.477035344,0.962353766,0.561325908,0.394402593,-0.58227,0.732882202,0.499667197,0.413206637,-0.451441407,0.961595595,0.573510706,0.393528789,-0.576056421,0.720592797,0.508074939,0.411272496,-0.388350427,0.946509123,0.567964256,0.39360854,-0.507670164,0.678670466,0.62098074,0.517005742,-0.0139163928,0.999548078,0.521294713,0.515439153,0.0141431019,0.998894393,0.609274328,0.638880968,-0.111326739,0.89093703,0.51725167,0.637037396,-0.0423912592,0.837182403,0.58393687,0.746989608,0.12868011,0.84785533,0.526915848,0.747063696,0.170513079,0.796262503,0.579302907,0.761495769,0.140338182,0.493344724,0.531708837,0.758108497,0.178465545,0.404049039,0.584209,0.778764606,-0.100560561,0.844422638,0.523058712,0.779864848,-0.0562885068,0.782017469
1600.0000000000016,0.577287257,0.324848711,-0.0921821445,0.999765933,0.5851717,0.319030613,-0.0549172908,0.999623358,0.589781344,0.319536,-0.0549787097,0.999631524,0.59489435,0.320109159,-0.0550198369,0.999697566,0.565614641,0.318696082,-0.0549503639,0.999429822,0.558140337,0.319177747,-0.0549582802,0.999324441,0.551313818,0.319743305,-0.0548986718,0.999304056,0.603427052,0.324914128,0.148172662,0.999710381,0.539432,0.325896591,0.14406231,0.998723865,0.589880288,0.334696293,-0.0166805368,0.999713778,0.564510107,0.335360229,-0.0178961065,0.999362469,0.650351405,0.373724043,0.132331625,0.999950647,0.497836471,0.375210613,0.184749946,0.998723209,0.657120585,0.424366951,-0.172564104,0.9879,0.506903708,0.40196684,-0.152560607,0.856562436,0.534612417,0.412073612,-0.39956,0.985547,0.575799167,0.393416107,-0.504634917,0.795571625,0.507019222,0.418728411,-0.48307398,0.962870419,0.600454271,0.396323174,-0.586868763,0.720488667,0.499527872,0.41289264,-0.455293238,0.962028801,0.602986574,0.393597811,-0.577214122,0.707382798,0.507885,0.411099434,-0.393860966,0.946983218,0.593588352,0.393629432,-0.511853576,0.665349543,0.620801866,0.516993463,-0.0138022676,0.999563575,0.521434665,0.515437484,0.0140297031,0.998920202,0.609282434,0.638719916,-0.10202115,0.893881321,0.517254174,0.636728823,-0.0359642357,0.842732251,0.583970726,0.746765792,0.14430277,0.850260794,0.52690345,0.74705565,0.184366211,0.80064553,0.579155385,0.760985255,0.156494126,0.496685028,0.531536698,0.758046329,0.193155825,0.40895769,0.584720373,0.77870822,-0.0836389586,0.847088277,0.524813175,0.779477358,-0.0390374176,0.786393
1616.6666666666683,0.575991213,0.325252235,-0.0869579166,0.999755919,0.584457278,0.319257051,-0.0509463511,0.999614298,0.589506865,0.319656581,-0.0510119759,0.99962163,0.594527543,0.32015,-0.0510482304,0.999691904,0.564406753,0.319152236,-0.0490756445,0.999409914,0.55707705,0.319639325,-0.0490787476,0.99929589,0.550529599,0.320157588,-0.0490129068,0.999272048,0.60327208,0.324913979,0.14603816,0.999714553,0.538983703,0.326112837,0.150198936,0.998665571,0.589340925,0.334780663,-0.0138131268,0.999702036,0.563465774,0.335869759,-0.0126519799,0.99932,0.649935,0.373361468,0.11979603,0.999949455,0.497838497,0.375231683,0.187246144,0.998631239,0.656581938,0.421611875,-0.186155081,0.988186181,0.506903887,0.401538163,-0.153782099,0.848006,0.534740686,0.411421984,-0.403687924,0.985794544,0.57491076,0.39444688,-0.513008893,0.782321155,0.507284045,0.418223888,-0.486042559,0.963174105,0.599582314,0.396979034,-0.595703721,0.705770195,0.49969998,0.412670821,-0.457680017,0.962246954,0.609363616,0.39618355,-0.585695803,0.69209379,0.507815242,0.410871923,-0.397571057,0.947288573,0.593128741,0.396004289,-0.520827711,0.650307894,0.620556831,0.516811907,-0.0156811085,0.999572635,0.521560967,0.515285909,0.0159104615,0.998922706,0.609310806,0.637978733,-0.102241889,0.895188093,0.517254531,0.636171579,-0.0314566828,0.845380902,0.58397764,0.746519,0.140607744,0.84949553,0.526887298,0.747044921,0.183887392,0.801143348,0.579200804,0.760193408,0.152281612,0.494350314,0.531432867,0.757964909,0.192339912,0.409727097,0.585195243,0.777422726,-0.0870649,0.846931,0.525102139,0.77900207,-0.0374548137,0.786828816
1633.333333333335,0.574967921,0.325349867,-0.0808601454,0.999749482,0.583878517,0.319335133,-0.0443904325,0.999610662,0.589273036,0.319702,-0.044457607,0.999617338,0.594235957,0.32016331,-0.044497706,0.999690413,0.563452125,0.3192873,-0.042393703,0.999400496,0.556210637,0.319764793,-0.0423903503,0.999281049,0.549813747,0.320252299,-0.0423214659,0.999255836,0.603054,0.324914277,0.150833979,0.999720931,0.53854847,0.32615459,0.156647354,0.99863869,0.588758647,0.334813774,-0.00818434637,0.999692261,0.562466383,0.336007893,-0.00685080327,0.999286711,0.648856223,0.373225361,0.119007647,0.999947429,0.497831225,0.37522611,0.191140607,0.998528898,0.65582186,0.420304835,-0.179216951,0.9883,0.507690668,0.398845822,-0.150010854,0.840627,0.535153925,0.411203474,-0.393514872,0.98563832,0.584562123,0.392768115,-0.499424249,0.768369913,0.507591665,0.417393684,-0.475731969,0.962488711,0.609995425,0.393657267,-0.581143916,0.689653,0.500336945,0.41168794,-0.450779319,0.961435854,0.614604115,0.393856645,-0.570804,0.675267458,0.508469045,0.410155356,-0.388358623,0.946278811,0.603884816,0.394121826,-0.506528318,0.633699656,0.620433092,0.516615689,-0.0189774334,0.999579,0.521821678,0.515210748,0.0192096643,0.998924851,0.609487891,0.637638927,-0.102466919,0.896433115,0.517249644,0.636061609,-0.0263834037,0.847349167,0.584050059,0.746486127,0.134608656,0.84904629,0.527365446,0.747116923,0.182420149,0.801207185,0.580092847,0.760055184,0.145328015,0.490269303,0.531911254,0.75797236,0.190408245,0.409930885,0.585158646,0.777433276,-0.096906215,0.846626699,0.526291,0.778864741,-0.039702,0.786843717
1650.0000000000018,0.574331462,0.325717658,-0.0781833231,0.999736309,0.58353591,0.319522917,-0.0416478924,0.999599755,0.589117825,0.319845617,-0.0417190604,0.999605596,0.594035,0.320251405,-0.0417576656,0.999682605,0.562924922,0.31957075,-0.0407101475,0.999379098,0.55569315,0.32005316,-0.0407039225,0.999252319,0.54933846,0.320539564,-0.0406363,0.999224305,0.60291779,0.324981511,0.154391989,0.999722,0.538046479,0.326408267,0.156035632,0.998595774,0.58830893,0.335010469,-0.00486076158,0.99967128,0.561680496,0.336456418,-0.00487621175,0.999228299,0.648013055,0.373238921,0.118877344,0.999942183,0.497549653,0.375284106,0.188012317,0.998390555,0.654836416,0.417594582,-0.190440416,0.987743,0.508946478,0.397655934,-0.158527985,0.832092285,0.535549283,0.409884661,-0.417873085,0.984578311,0.58721453,0.391880482,-0.49907589,0.751336515,0.508085549,0.415259898,-0.500545502,0.96032393,0.61227262,0.391975015,-0.580053866,0.671857476,0.501000166,0.409855,-0.474087805,0.959124923,0.614861131,0.391699374,-0.570155323,0.657226741,0.50905031,0.408603787,-0.413300246,0.943490088,0.606073618,0.392304033,-0.506537199,0.616282701,0.620435596,0.516581118,-0.0214993898,0.99958241,0.521939695,0.515137851,0.0217355192,0.998919,0.609578669,0.637613356,-0.103684984,0.897631347,0.517189682,0.635812581,-0.0229904652,0.849891901,0.584130883,0.746456802,0.123431168,0.848922908,0.527530968,0.747037113,0.181265,0.8021456,0.58041656,0.760333121,0.132892579,0.486482829,0.53204608,0.757803,0.189032495,0.410710484,0.58494854,0.777445674,-0.110129878,0.846351922,0.526283741,0.778536379,-0.0406863205,0.78749752
1666.6666666666686,0.573684394,0.326026559,-0.0825894,0.999733686,0.583197474,0.319686383,-0.0456636697,0.99959904,0.588933468,0.320000231,-0.0457418412,0.999603689,0.593782067,0.320375741,-0.0457934402,0.999679863,0.562438309,0.319754571,-0.0441570915,0.99938035,0.555182219,0.320227742,-0.0441511869,0.999254405,0.548858285,0.320702344,-0.0440939218,0.999225736,0.602661848,0.32514751,0.151683658,0.999726355,0.537559211,0.326506883,0.153902546,0.9986251,0.587631226,0.335301459,-0.00901495107,0.999666691,0.560752749,0.336765856,-0.00865035132,0.999225616,0.646886,0.37325,0.116311572,0.999938667,0.497088283,0.375152797,0.17141138,0.998405874,0.652741,0.414981961,-0.19187367,0.987266839,0.510066926,0.396243453,-0.171399683,0.838696897,0.535405457,0.408717483,-0.422353894,0.98342,0.600671709,0.389673024,-0.494772464,0.753840089,0.508667052,0.414235115,-0.504376769,0.957796812,0.626320302,0.391249597,-0.570561886,0.671646118,0.501561761,0.408951789,-0.478188455,0.956433237,0.627430618,0.390080631,-0.550806642,0.656565428,0.509525359,0.407681584,-0.418096036,0.940357447,0.6192559,0.390390217,-0.495621979,0.61485678,0.620448112,0.516477,-0.0224356465,0.999589324,0.522111773,0.515134215,0.0226790477,0.998937368,0.609587,0.637646556,-0.104908861,0.897749066,0.517201126,0.635734916,-0.0220310632,0.852140129,0.584210038,0.746347189,0.122376516,0.847618401,0.528795898,0.74701649,0.182709709,0.802558839,0.580667615,0.760638654,0.132194325,0.484191298,0.533303,0.757512629,0.190441936,0.41234377,0.584823072,0.777455628,-0.109363154,0.845247746,0.526329339,0.778293788,-0.0368892066,0.787740529
1683.3333333333353,0.573288262,0.326278895,-0.0819345638,0.999727905,0.582939625,0.319777519,-0.0451167226,0.999600649,0.588766634,0.320070207,-0.0451887548,0.999603868,0.593560219,0.320416152,-0.0452311076,0.999680102,0.562191188,0.319882751,-0.0466586724,0.999382257,0.554930031,0.320356339,-0.0466597117,0.999256134,0.548643708,0.32083112,-0.0466026403,0.999228954,0.602477968,0.325172752,0.15484497,0.999730766,0.537377536,0.326582313,0.152288228,0.998670936,0.587149918,0.335534513,-0.0065921545,0.999661803,0.560295045,0.337052912,-0.0100640142,0.999221861,0.646114647,0.373221517,0.129219547,0.999935865,0.497009724,0.37518689,0.166921452,0.998426616,0.650179744,0.413803,-0.181189537,0.985934,0.512183607,0.398055673,-0.121244967,0.839654505,0.533958912,0.407648414,-0.427077949,0.98111552,0.602200031,0.391080052,-0.33144483,0.744531393,0.507905602,0.412071675,-0.511664927,0.953403354,0.626288235,0.391527504,-0.397789598,0.659372091,0.501736283,0.406721115,-0.485725284,0.951897562,0.626554847,0.389489144,-0.390482575,0.644115329,0.509685516,0.405850977,-0.424325407,0.935042739,0.618810296,0.389907,-0.335744679,0.602675319,0.620532691,0.516453087,-0.0219825208,0.999599,0.522438586,0.51512754,0.0222821664,0.998954713,0.609715164,0.637714446,-0.100318208,0.897809446,0.517203271,0.635546803,-0.0213452652,0.854287803,0.584266603,0.746187866,0.129015282,0.847688794,0.529129326,0.747004867,0.18583411,0.803542256,0.580654085,0.760889411,0.139409408,0.484180778,0.533599675,0.757405221,0.193670958,0.414169282,0.584806085,0.777480721,-0.101292662,0.845868289,0.526334941,0.778255761,-0.0343649164,0.789147854
1700.000000000002,0.573300242,0.326447934,-0.0799326375,0.999717057,0.582936287,0.319859713,-0.042548351,0.999587595,0.588746548,0.320157647,-0.0425979868,0.999588251,0.593524873,0.320490867,-0.0426211208,0.999666,0.56220758,0.319957703,-0.0462669395,0.999370277,0.554936349,0.320430487,-0.0462757163,0.999244034,0.548652053,0.32092163,-0.046231214,0.999222159,0.602353215,0.325366795,0.159234583,0.999719203,0.537279129,0.326678365,0.150000453,0.99868989,0.586993456,0.335736126,-0.00366651872,0.999640644,0.560283542,0.337227046,-0.0095527349,0.999201655,0.645518243,0.37390992,0.138996094,0.999927223,0.496692359,0.375212878,0.15806587,0.99846983,0.646187127,0.412958801,-0.178988293,0.984010696,0.513433278,0.39890638,-0.129982606,0.848053753,0.532563448,0.405793399,-0.422571838,0.978168726,0.607601583,0.39148441,-0.372000486,0.749814093,0.50734359,0.40882498,-0.505981922,0.947805882,0.632723629,0.391486555,-0.4421947,0.661233425,0.501840174,0.403800845,-0.479771256,0.946043789,0.632216,0.388971716,-0.428920031,0.645673156,0.509817123,0.403224647,-0.41975376,0.928256,0.623465598,0.389488757,-0.374176353,0.603289425,0.620567203,0.516446,-0.0211824179,0.99959743,0.5226928,0.515147388,0.0214675,0.998965919,0.609665155,0.637879133,-0.0989231691,0.898110092,0.517273784,0.635548055,-0.0222026799,0.856651783,0.584288597,0.746011317,0.133273616,0.847933233,0.529127419,0.747016907,0.187765807,0.804869652,0.580673397,0.760958612,0.144338295,0.483309865,0.533599257,0.757399,0.196201354,0.414862067,0.584821284,0.77752614,-0.0939764082,0.8463853,0.526340365,0.778290868,-0.030839676,0.790916443
1716.6666666666688,0.573669493,0.326521367,-0.0775995255,0.999684572,0.583,0.319937408,-0.0399071351,0.999549448,0.588738084,0.320245415,-0.0399661884,0.999547839,0.593521178,0.320579559,-0.0399923697,0.99963218,0.562448442,0.320003897,-0.0452938825,0.999307096,0.555108607,0.320465058,-0.0453000404,0.999168277,0.548752129,0.320968479,-0.0452616885,0.99914676,0.602070749,0.325647086,0.164214745,0.999691,0.537160635,0.326740652,0.148613453,0.998605788,0.586994767,0.335860431,-0.00019530968,0.999589384,0.560349941,0.337362766,-0.00816446543,0.999102116,0.644505739,0.374022305,0.144217402,0.999917686,0.496422559,0.375235349,0.152889416,0.998411179,0.644344091,0.41269058,-0.176522523,0.981857121,0.516832054,0.399485201,-0.142401665,0.847798705,0.532326,0.403842539,-0.444010019,0.9755463,0.604595423,0.387077391,-0.392443866,0.744498432,0.506852031,0.407318741,-0.529479921,0.943372726,0.627792239,0.384986609,-0.464135289,0.654683828,0.501736522,0.402018458,-0.501924038,0.941474676,0.624587,0.383335471,-0.455311537,0.639293253,0.509744,0.401065379,-0.441532731,0.923060119,0.618946731,0.384055227,-0.39721933,0.597184598,0.620562,0.516336322,-0.0166758727,0.999599457,0.522894204,0.515128314,0.0169262495,0.998975217,0.609709442,0.637886,-0.0927377865,0.896826446,0.517318189,0.635301173,-0.0223254655,0.856154501,0.584476233,0.74577105,0.143423244,0.846210718,0.52885747,0.746935,0.190067217,0.803493679,0.580741942,0.761011481,0.155268237,0.479764462,0.533227623,0.757134438,0.199181899,0.412505656,0.58487165,0.77756232,-0.0813960657,0.845192492,0.526532233,0.779008806,-0.0286045894,0.789776087
1733.3333333333355,0.573824108,0.326601803,-0.0589248464,0.999677122,0.583073795,0.32011646,-0.0198625028,0.999545,0.588730812,0.320451736,-0.0199199766,0.999541461,0.593530059,0.320822388,-0.0199349746,0.999626637,0.562669,0.320092708,-0.0278108176,0.999299824,0.555227339,0.32053268,-0.0278256536,0.999161899,0.548784494,0.321048349,-0.0278053451,0.999145329,0.601983726,0.326144338,0.188476115,0.999682903,0.536976635,0.326816171,0.15512535,0.998625398,0.586949825,0.336008847,0.0201890115,0.999566,0.560351729,0.337458402,0.00921236817,0.999068201,0.643368959,0.37413615,0.17069985,0.999910414,0.495980144,0.375247687,0.154216066,0.998415351,0.642300427,0.410588801,-0.162775651,0.979632795,0.517080247,0.3999345,-0.14166148,0.851305902,0.529682696,0.399703473,-0.439357251,0.972944736,0.60402745,0.385112792,-0.382127285,0.745904,0.50533849,0.402572721,-0.526213169,0.938920915,0.623065114,0.382493079,-0.453083575,0.654565036,0.500739336,0.398029625,-0.497873038,0.936835289,0.618744195,0.380598873,-0.445971876,0.639279485,0.508781672,0.397339553,-0.437088788,0.917865872,0.614083111,0.381296217,-0.387309909,0.597411811,0.620654404,0.516116858,-0.0117152222,0.999603629,0.52323097,0.515035868,0.0119286533,0.99898988,0.609997869,0.637887,-0.0886527598,0.895420969,0.517325819,0.635054171,-0.0237579346,0.854563653,0.586681068,0.748996615,0.142472029,0.84399116,0.528572381,0.746931374,0.183838412,0.798781455,0.581183493,0.762325108,0.152988017,0.474613607,0.532925665,0.75713408,0.192196652,0.406721503,0.58496213,0.777649343,-0.085979186,0.843646646,0.526723742,0.779520094,-0.0388914235,0.785989642
1750.0000000000023,0.573859751,0.326891959,-0.0539172702,0.999683559,0.583099902,0.320380211,-0.0138581758,0.999556482,0.588712573,0.320741117,-0.0139084281,0.999551415,0.593526661,0.32115528,-0.0139230378,0.999634445,0.562915802,0.320254028,-0.023093814,0.999320328,0.555451393,0.320651919,-0.0231071729,0.999187768,0.548916936,0.321158528,-0.0230868608,0.999176323,0.601836562,0.326541752,0.196353555,0.999685884,0.536946416,0.326849252,0.155906826,0.998693168,0.586699426,0.336342871,0.0259742439,0.999563694,0.560333908,0.337650478,0.013552634,0.999078691,0.641968906,0.37433812,0.187200218,0.999908388,0.495127916,0.375367343,0.155838951,0.998485923,0.641848326,0.409424603,-0.134368688,0.978217065,0.519036293,0.401133627,-0.104724728,0.85915488,0.52731365,0.395339876,-0.426037639,0.97064513,0.602654517,0.384641498,-0.282726705,0.753717184,0.503827691,0.397842318,-0.51267457,0.934244514,0.622110069,0.382408768,-0.346857756,0.660018,0.499871701,0.393800467,-0.479569435,0.931883872,0.61920321,0.380154043,-0.33747229,0.644585609,0.507975399,0.392965674,-0.424127549,0.912439644,0.613808811,0.380585194,-0.28475666,0.602326751,0.620590925,0.516069055,-0.00945245288,0.999616802,0.523449183,0.514980555,0.00968837179,0.999027073,0.609558642,0.638077915,-0.0879412,0.893019855,0.517455816,0.635021746,-0.0239450894,0.852891207,0.586193085,0.748953402,0.13349469,0.841598809,0.528570414,0.746909261,0.17818436,0.795117557,0.581179619,0.762783825,0.142972156,0.471099824,0.532937706,0.757138,0.185913339,0.402848214,0.584622,0.777905822,-0.0954966545,0.842790902,0.5267241,0.779553,-0.0439962521,0.783933103
1766.666666666669,0.57388407,0.326968372,-0.0571673512,0.999687433,0.583098531,0.320484102,-0.0176324621,0.999562502,0.58863157,0.320851445,-0.017667,0.999555767,0.593492746,0.321273208,-0.0176759847,0.999636471,0.563144922,0.3203471,-0.0263556577,0.999335349,0.555774391,0.320731848,-0.0263723973,0.999208868,0.54919064,0.321242958,-0.0263532735,0.999203444,0.601579964,0.32667768,0.190539762,0.999685347,0.536955476,0.326880902,0.153410062,0.998757362,0.586396813,0.336423367,0.0219818428,0.999562621,0.560337901,0.337681383,0.0102554196,0.999096692,0.641518295,0.37447083,0.182980061,0.999905586,0.494893044,0.375382036,0.153752252,0.99857837,0.640210807,0.408213824,-0.135708943,0.976788223,0.519311845,0.402005166,-0.110676385,0.869276822,0.525175512,0.391288906,-0.423559576,0.968568385,0.604044,0.384422362,-0.323439509,0.76781,0.50167644,0.393029869,-0.51014924,0.929909,0.624773681,0.382655591,-0.390044898,0.674004793,0.4988617,0.389376521,-0.477177441,0.927214146,0.622834921,0.37984696,-0.376403809,0.658581853,0.507208943,0.388702273,-0.421495944,0.907317281,0.616863072,0.380064815,-0.324218869,0.615967393,0.620414674,0.516075909,-0.00776304584,0.999626517,0.523567736,0.514973879,0.00798399281,0.999063849,0.609307945,0.638715446,-0.0887881815,0.891974092,0.517444551,0.635104179,-0.0270085242,0.853659,0.585433841,0.748657167,0.130372092,0.840455055,0.528019786,0.746842325,0.174938634,0.793769538,0.580880523,0.762994707,0.14008145,0.469657123,0.532358646,0.757126868,0.182963774,0.400960922,0.58423394,0.778116524,-0.0965611413,0.842661202,0.526702702,0.779596388,-0.0451962203,0.783855379
1783.3333333333358,0.574501753,0.326858401,-0.0542481206,0.999693453,0.58324,0.320475072,-0.0134734344,0.999571204,0.588638067,0.320846021,-0.0135078374,0.999562,0.593548238,0.32127285,-0.0135321179,0.999641836,0.564246655,0.320290655,-0.0243754033,0.99935323,0.557196259,0.320609957,-0.0243888292,0.999231339,0.550433517,0.321045607,-0.0243622866,0.999233723,0.601222575,0.32669729,0.197150394,0.999683559,0.53717792,0.32659772,0.151893899,0.998820364,0.586354673,0.336337715,0.0256606098,0.999560475,0.560718536,0.337315589,0.0112478314,0.999113679,0.639449239,0.374625176,0.199263841,0.999902308,0.494667292,0.37521106,0.154613093,0.998656571,0.640119493,0.408817768,-0.0989068598,0.97527647,0.521994054,0.404723257,-0.0719254166,0.87754041,0.523925066,0.386372954,-0.370869339,0.965651,0.604306102,0.38455832,-0.215177357,0.77833122,0.500110507,0.387366921,-0.451501,0.923780799,0.624079,0.382243335,-0.275615245,0.683293283,0.498235404,0.383442432,-0.42002964,0.920690536,0.622319937,0.379068732,-0.26647085,0.6679461,0.50671941,0.382937551,-0.368130654,0.900393546,0.616324782,0.379334033,-0.216276899,0.625030458,0.620026171,0.515862405,-0.006120821,0.999637961,0.523710966,0.514719307,0.00637724483,0.999098301,0.60933727,0.638745189,-0.0815812349,0.892442942,0.517356396,0.635016561,-0.0281916186,0.854418337,0.585654736,0.74843663,0.13194707,0.841355145,0.52607584,0.746751249,0.173856199,0.793972373,0.581258595,0.763038218,0.141860187,0.468708962,0.531135082,0.757147968,0.181939989,0.398521721,0.584269285,0.778410375,-0.0941927731,0.844097495,0.526256621,0.779608727,-0.0462866463,0.784955561
1800.0000000000025,0.57489562,0.326496661,-0.0578530021,0.999696374,0.583362818,0.32034567,-0.0180964302,0.99957341,0.588713,0.320745081,-0.0181353241,0.999562323,0.593808651,0.321208745,-0.0181566235,0.999641299,0.56490165,0.32001406,-0.0271159112,0.999361217,0.557929397,0.320201516,-0.0271280576,0.999241889,0.551141143,0.320485592,-0.0271013286,0.999250352,0.601211131,0.326689273,0.190672308,0.99968189,0.537308872,0.325972468,0.151631981,0.998861372,0.586348295,0.336041152,0.0210041367,0.999556601,0.56100589,0.336615741,0.00886897,0.999117792,0.639463842,0.373974144,0.189480498,0.999898851,0.494460374,0.374946296,0.162099823,0.998709798,0.638851523,0.409161836,-0.0949471667,0.97491,0.52186048,0.40758124,-0.0660301894,0.881987691,0.521301806,0.385385484,-0.331875384,0.964294732,0.603281379,0.382587254,-0.252223372,0.786628127,0.496968865,0.385570854,-0.408299804,0.920245349,0.623942435,0.379033923,-0.318461776,0.691414773,0.496285677,0.380743206,-0.378353834,0.916844726,0.621040165,0.375467211,-0.308442801,0.676129222,0.504787,0.380350471,-0.32798335,0.896294951,0.613503277,0.375083894,-0.254994869,0.632989824,0.619446158,0.515285373,-0.00721142162,0.999646425,0.523709893,0.514206529,0.00750581268,0.999127567,0.609331071,0.638595045,-0.0772185922,0.895506144,0.515901268,0.634727478,-0.0258035399,0.857766,0.587108612,0.747254968,0.144525394,0.844219327,0.524460077,0.74609834,0.184492379,0.797149241,0.581294954,0.76303035,0.155678555,0.469494224,0.5306741,0.757026315,0.193157256,0.39986521,0.585188687,0.778582692,-0.0808667317,0.846188128,0.520419836,0.779550612,-0.0371302068,0.787648141
1816.6666666666692,0.574932158,0.326486051,-0.0587457232,0.999703705,0.58341229,0.320344,-0.018211348,0.999583602,0.588746548,0.320746213,-0.0182551909,0.999571145,0.593965411,0.321221769,-0.0182895027,0.999648571,0.565166473,0.319995582,-0.0277769603,0.999379873,0.558286428,0.320176542,-0.0277891885,0.999264657,0.551463783,0.320451,-0.0277588218,0.999278247,0.601195514,0.326750845,0.192561954,0.999685347,0.537516236,0.325850636,0.150734171,0.998916388,0.586280465,0.336034864,0.0209201593,0.999559462,0.561063588,0.336522311,0.00804052223,0.999134779,0.638763487,0.37396726,0.196193561,0.999896824,0.494203627,0.374766231,0.164927721,0.998767614,0.639102221,0.409177601,-0.089329116,0.974598169,0.522216,0.407972485,-0.0530434027,0.887510896,0.521092832,0.384220928,-0.334568292,0.963316917,0.602524281,0.381881893,-0.214866713,0.795623124,0.496528953,0.384118676,-0.411628932,0.917526126,0.623110533,0.378057212,-0.277127355,0.700211525,0.49604103,0.379439175,-0.38107723,0.913882732,0.620815575,0.374801755,-0.267748892,0.685089648,0.504581,0.379033,-0.330640018,0.893214,0.613164485,0.375052184,-0.216820315,0.641960084,0.618873119,0.514737487,-0.00779878395,0.999655068,0.523715258,0.513828,0.00811857544,0.999156415,0.608925939,0.638061106,-0.0778317526,0.897054374,0.515056372,0.63426441,-0.0254566725,0.858536899,0.588534951,0.74632144,0.138366178,0.845401168,0.523275554,0.745669544,0.180621758,0.79695344,0.581377089,0.762936413,0.148362488,0.467391789,0.530131519,0.75699836,0.188267827,0.397926033,0.586001277,0.778680384,-0.0890455768,0.84728241,0.517653,0.779548287,-0.0422379859,0.787851274
1833.333333333336,0.574829221,0.326325387,-0.0603163205,0.999708772,0.583347142,0.320193648,-0.0198179036,0.999590516,0.588627458,0.320587367,-0.0198649317,0.999576449,0.593932,0.32105273,-0.0199021343,0.999653041,0.565156281,0.319892198,-0.029016098,0.999391735,0.55828166,0.320086479,-0.0290280897,0.999278426,0.551460087,0.32037431,-0.0289958697,0.999297,0.601112187,0.326708406,0.191568837,0.999686599,0.537562907,0.325756401,0.150645301,0.998955429,0.586091697,0.335842252,0.0192859806,0.999560475,0.561059,0.336251795,0.00691651041,0.99914372,0.638473928,0.373809695,0.197039336,0.999894679,0.494182289,0.37462011,0.164920777,0.998807,0.639104486,0.409027874,-0.0891836956,0.974531531,0.524059236,0.40891096,-0.0477489159,0.891707957,0.521091402,0.382462412,-0.332668573,0.962947726,0.601955175,0.381369,-0.196586043,0.802359223,0.49637723,0.381957471,-0.410068363,0.9159832,0.622752547,0.377373248,-0.2580356,0.706345439,0.495932966,0.377648652,-0.378729403,0.91216594,0.620287716,0.373978645,-0.249956772,0.691306,0.504491,0.377367288,-0.328574836,0.891536117,0.611937404,0.374331921,-0.198889419,0.648295164,0.618714094,0.514735639,-0.00761561934,0.999661565,0.523720264,0.513829,0.00794399437,0.999176323,0.608710647,0.638062298,-0.0784441754,0.896858394,0.514404416,0.634278,-0.0279505663,0.85744071,0.588417292,0.747709155,0.145027623,0.84370774,0.522202075,0.74565959,0.180611104,0.794427,0.58115834,0.76283282,0.156758875,0.463276297,0.529201746,0.757012308,0.188460872,0.394199133,0.586469769,0.778750777,-0.079796277,0.846282,0.517448,0.779621661,-0.0424286686,0.785641849
1850.0000000000027,0.574363708,0.326324433,-0.0607215241,0.999714375,0.583226144,0.320189804,-0.0205992293,0.999595165,0.588503957,0.320587933,-0.0206471849,0.999579072,0.593907475,0.32106179,-0.0206802618,0.999655426,0.565005302,0.319873154,-0.0296423975,0.999403596,0.558140874,0.320071667,-0.0296568982,0.999292374,0.551314056,0.320360571,-0.029622281,0.999316812,0.601094961,0.326740265,0.190005705,0.999684095,0.537566066,0.325693429,0.150041535,0.998988688,0.585522473,0.335845,0.0185823236,0.999557912,0.560677528,0.336224228,0.00632294128,0.999151289,0.638136506,0.373698026,0.191854626,0.999891,0.494132936,0.374439359,0.169405118,0.998853207,0.638896883,0.408743173,-0.0965859517,0.974816442,0.523876607,0.410670817,-0.0555065647,0.896835387,0.520875216,0.380049318,-0.343483686,0.963377357,0.601540148,0.381118089,-0.242649361,0.812698781,0.496232659,0.379535079,-0.42162171,0.916080773,0.622381628,0.378189117,-0.308660209,0.717874408,0.495918095,0.37525019,-0.39016974,0.912111819,0.62014991,0.374316126,-0.298600435,0.703083158,0.50447768,0.375053942,-0.339200169,0.891553819,0.612029374,0.374408513,-0.245063081,0.660062611,0.618510842,0.514487386,-0.00847154669,0.999665737,0.523697615,0.513542891,0.00878915284,0.999195814,0.608711243,0.637640297,-0.0793204606,0.897517085,0.514240682,0.634165108,-0.0280796774,0.857240856,0.588714242,0.746118724,0.143703371,0.84302634,0.521793604,0.745617867,0.180553377,0.793257952,0.581299782,0.762569249,0.155265346,0.458706647,0.528731585,0.756971717,0.188435927,0.391378492,0.586485386,0.778938711,-0.0816828161,0.84614718,0.517797768,0.77973038,-0.0427797623,0.785054386
1866.6666666666695,0.574253082,0.326208413,-0.0605275258,0.999719858,0.58318913,0.320089281,-0.0199931171,0.999599397,0.588472307,0.320518225,-0.0200388916,0.999582231,0.593906581,0.321020752,-0.0200781208,0.999658585,0.564977765,0.319772929,-0.0275939312,0.999414802,0.558111846,0.320004106,-0.0275936425,0.999305964,0.551290691,0.320315719,-0.0275573228,0.999334753,0.60108453,0.326723427,0.188832074,0.999681354,0.537583411,0.325636178,0.15422526,0.999015152,0.58532089,0.335778683,0.0180831011,0.999552369,0.560568869,0.336121738,0.00722471438,0.999156058,0.63813,0.373708755,0.189321876,0.999886155,0.493696809,0.374278367,0.176130295,0.998889804,0.639046907,0.408608586,-0.101421893,0.975094914,0.523372114,0.410513222,-0.0633896664,0.900998652,0.52111733,0.377588362,-0.347156882,0.964024961,0.601309538,0.38140133,-0.254615307,0.821903408,0.496512294,0.377711803,-0.425271124,0.917042,0.62225008,0.378818512,-0.327657163,0.728454173,0.495996594,0.373749584,-0.393892378,0.912981153,0.620401144,0.375059754,-0.312882364,0.713897347,0.504542351,0.373310268,-0.342673928,0.892548,0.612060547,0.374920815,-0.256945759,0.670895696,0.618510127,0.514145374,-0.0103157721,0.999670148,0.523737311,0.51342833,0.0106084663,0.99921304,0.608913064,0.637576401,-0.0799653828,0.899573386,0.514377952,0.634189665,-0.0279777907,0.858625531,0.588739157,0.745741189,0.137820274,0.84457916,0.521841466,0.745575845,0.179954395,0.794541419,0.581304848,0.762565494,0.148754284,0.456897557,0.529033422,0.756979048,0.187868178,0.390864819,0.586533666,0.779359639,-0.0861666203,0.847341776,0.517850399,0.779406309,-0.0426652879,0.786587715
1883.3333333333362,0.574303091,0.326071113,-0.0556576289,0.999720097,0.583253145,0.320034653,-0.0142306127,0.999595404,0.588569105,0.320501983,-0.0142750973,0.999575496,0.594107568,0.321020246,-0.0143249817,0.99965471,0.565151453,0.319597691,-0.02200252,0.999414623,0.558319151,0.319817215,-0.0219966639,0.99930644,0.551546931,0.320117176,-0.0219621286,0.999343634,0.60110271,0.326718748,0.193785101,0.999667764,0.537860394,0.325239778,0.158481762,0.999025881,0.585303426,0.335715,0.0226242505,0.99953562,0.560640395,0.335836291,0.0118280044,0.999145627,0.637975693,0.373682231,0.19399105,0.999879897,0.493093938,0.374076873,0.178185984,0.998919249,0.639126241,0.40867275,-0.0899557918,0.975153387,0.523324251,0.410333902,-0.0566110425,0.905543625,0.5212183,0.377616197,-0.331512928,0.964323461,0.601440132,0.38069582,-0.25531143,0.831519127,0.496504039,0.377478331,-0.408983141,0.917141795,0.623098254,0.378872365,-0.324927628,0.739957094,0.496048421,0.373271912,-0.377253,0.912922144,0.62183845,0.375233471,-0.313328594,0.72575742,0.504562199,0.372986019,-0.326961368,0.892515063,0.614099324,0.37476474,-0.257915556,0.683069408,0.618522763,0.5128389,-0.0103343856,0.999670744,0.524007499,0.512829542,0.0106257303,0.999222934,0.610061049,0.637251139,-0.0778426751,0.90236181,0.514663398,0.634073794,-0.0287597086,0.860978901,0.589156747,0.745346606,0.140561327,0.846660316,0.521889687,0.745540559,0.178599671,0.795927942,0.5813182,0.762185693,0.151737019,0.454470485,0.529048741,0.756978691,0.186756879,0.388069183,0.586596847,0.780059278,-0.0834081098,0.848840296,0.517894149,0.779408574,-0.0435850061,0.787912726
1900.000000000003,0.574156165,0.325013429,-0.0553102419,0.99972415,0.583200753,0.319450796,-0.0133148078,0.99959594,0.588510215,0.320026428,-0.0133573562,0.999573946,0.594096,0.320673883,-0.0134113198,0.999655485,0.565104485,0.318847477,-0.0205271803,0.999420583,0.558269083,0.31903103,-0.0205167178,0.999314427,0.551406503,0.319311202,-0.0204742048,0.999358296,0.601086617,0.326507151,0.194254324,0.999658585,0.537849307,0.324439675,0.161132634,0.999038875,0.585019648,0.33461228,0.0224977229,0.999526083,0.560486376,0.334374696,0.0123015894,0.99914664,0.637566745,0.3736808,0.192087844,0.999874175,0.492331326,0.37406981,0.185276672,0.998932302,0.639421523,0.408723444,-0.0869860724,0.975531518,0.521063149,0.411089778,-0.0505619794,0.909043789,0.521343827,0.377725452,-0.32383427,0.965317428,0.601359129,0.380974,-0.263942808,0.840003431,0.496480078,0.377651662,-0.401554,0.918790758,0.623189449,0.379025429,-0.332927912,0.750325203,0.496079624,0.373317719,-0.37020877,0.914487362,0.622423112,0.375581384,-0.321986347,0.736478806,0.504574239,0.373101234,-0.319153428,0.894289732,0.614360869,0.375084758,-0.266710639,0.694048,0.618766427,0.512015641,-0.0107383467,0.999666393,0.524764895,0.512624621,0.0110259531,0.999218881,0.611594141,0.636924386,-0.0782748908,0.906117737,0.51469,0.633967757,-0.0296756104,0.864582181,0.589856803,0.744833291,0.146452516,0.8494519,0.521819174,0.74553448,0.17845577,0.798668325,0.582375705,0.754997253,0.15842244,0.451867849,0.529004157,0.757017434,0.186724856,0.386057317,0.586727,0.780937135,-0.0772148296,0.850640655,0.518080115,0.779713929,-0.0436255746,0.790024638
1916.6666666666697,0.573069096,0.324484438,-0.0510981865,0.999725699,0.582820714,0.319134891,-0.00864184089,0.999594,0.58818835,0.319775105,-0.00869396329,0.999570489,0.593889,0.320476651,-0.00876343623,0.999655604,0.564399898,0.318515271,-0.0145965079,0.999420404,0.557443202,0.318751156,-0.0145818926,0.99931407,0.550550401,0.319055349,-0.0145290494,0.999364614,0.601039052,0.326340228,0.1978212,0.999649942,0.537772298,0.324174523,0.170049787,0.999029875,0.584248841,0.333915442,0.0259269904,0.99950856,0.559591174,0.333787024,0.0173378345,0.999122679,0.637567878,0.373577118,0.193965659,0.999868631,0.492030561,0.37402004,0.202688098,0.998899698,0.640562057,0.408778518,-0.0748192593,0.976215541,0.519179523,0.412744969,-0.0299765095,0.908983111,0.521835208,0.378164649,-0.294606805,0.966566503,0.596301,0.380777508,-0.26244843,0.845109522,0.496583164,0.378018588,-0.370003849,0.920895576,0.621797502,0.379226714,-0.332633674,0.756452441,0.496114194,0.373510957,-0.337777793,0.916546583,0.62155062,0.375751644,-0.322713822,0.742788613,0.504595,0.373263538,-0.288796395,0.896586955,0.612341225,0.375136375,-0.266242534,0.700338304,0.619133949,0.510822833,-0.0124561628,0.999659479,0.525899,0.51193893,0.0127614252,0.999202788,0.612505138,0.636149287,-0.0790018514,0.908602893,0.51475215,0.63308233,-0.0299310014,0.86658591,0.589860618,0.744667947,0.137931898,0.850427032,0.521833301,0.74543339,0.167285636,0.799431264,0.582272708,0.755292714,0.148801774,0.447519571,0.529012,0.757018745,0.174421757,0.383510858,0.586663246,0.78114742,-0.0857967734,0.850813746,0.518606603,0.779716611,-0.0541799702,0.789997458
1933.3333333333364,0.570646584,0.324596882,-0.0521539859,0.999726534,0.58150959,0.31940946,-0.0090084495,0.999590695,0.587031901,0.3199974,-0.0090609882,0.999565303,0.592704415,0.320607334,-0.0091149,0.999653101,0.562271178,0.318887591,-0.01642791,0.99941957,0.55533433,0.319148332,-0.0164181069,0.999313354,0.548697531,0.319467038,-0.0163721088,0.999369562,0.600572288,0.326316744,0.192527473,0.999644101,0.537532091,0.324220479,0.167558238,0.99903357,0.582593322,0.333955437,0.0256712623,0.999503434,0.55819577,0.334007353,0.0160510875,0.999120235,0.637173,0.373450071,0.192416444,0.999866664,0.491847277,0.373745471,0.201712832,0.998921335,0.641950428,0.408813179,-0.0805766284,0.976866126,0.519141197,0.414257,-0.0256438199,0.910725117,0.522255361,0.378960907,-0.301917374,0.967209697,0.59828335,0.382702082,-0.247415245,0.85031271,0.496662915,0.378839195,-0.376942694,0.921516478,0.625395715,0.382136226,-0.316379547,0.761911213,0.496137768,0.374395937,-0.343404859,0.917047083,0.624691129,0.377572,-0.306997657,0.748256326,0.504608691,0.374130756,-0.295694858,0.897132397,0.614095,0.376276702,-0.251307517,0.70555,0.619365931,0.510822892,-0.0144545762,0.999659419,0.526087582,0.511950552,0.0147834122,0.99919939,0.613232672,0.63616389,-0.0790977329,0.910347819,0.515025377,0.632959425,-0.0274104178,0.868615687,0.590291083,0.744606555,0.138053924,0.851310313,0.521838129,0.745155036,0.171707928,0.800662935,0.58227241,0.756719589,0.149005875,0.44546032,0.528816044,0.756513,0.179202825,0.384005636,0.586574376,0.781393647,-0.0854723081,0.851000607,0.518947,0.779702127,-0.0463101305,0.790900826
1950.0000000000032,0.568819642,0.32460469,-0.0600614697,0.999720812,0.580141068,0.319436759,-0.0194918085,0.999578178,0.585829735,0.320005238,-0.0195477586,0.999551415,0.591395259,0.320605934,-0.0196280889,0.99964422,0.560464561,0.319012493,-0.023993155,0.999400258,0.553652108,0.319318265,-0.0239787921,0.999289393,0.547268152,0.31967181,-0.0239217058,0.99935168,0.600093305,0.326158822,0.182390839,0.999632,0.537288606,0.324237049,0.165469319,0.998999238,0.581353664,0.333969414,0.0171838608,0.999493837,0.557182193,0.334097296,0.0107560754,0.999102116,0.63704896,0.373049,0.189403594,0.999865234,0.491881251,0.372608304,0.203072935,0.998901,0.644181132,0.409216344,-0.0791818351,0.977632,0.51712954,0.414910972,-0.00384716759,0.909464836,0.523135602,0.379163533,-0.294172823,0.968146682,0.598417,0.385179818,-0.211322233,0.850902855,0.49671796,0.379518658,-0.368965626,0.922821224,0.626039565,0.384923369,-0.277672976,0.761405349,0.496151954,0.375075072,-0.335259467,0.918341,0.625316262,0.380100161,-0.271755815,0.747575045,0.504622757,0.374776065,-0.287487775,0.898543298,0.614171445,0.378275663,-0.216134042,0.704320729,0.619550824,0.510846078,-0.0152133396,0.999655306,0.526130676,0.511904776,0.0155717162,0.999177396,0.613522649,0.63615346,-0.0807314962,0.911595523,0.51505506,0.632624745,-0.0277829301,0.869976461,0.590514243,0.744229376,0.148556203,0.851828933,0.521848261,0.744867444,0.179734424,0.801588535,0.582371712,0.753183305,0.161535099,0.445176423,0.528584421,0.755786,0.188683629,0.383925766,0.586599112,0.781403959,-0.0737273,0.850879371,0.519337833,0.779703915,-0.0404336415,0.791171134
1966.66666666667,0.568521559,0.324615061,-0.0745729953,0.999704897,0.579814553,0.319447935,-0.034107253,0.999544382,0.585395575,0.320010692,-0.0341439582,0.999513268,0.590880513,0.320606172,-0.0342017449,0.999614179,0.560291946,0.319027394,-0.0396969914,0.999355137,0.553499818,0.319335,-0.0396951251,0.999239683,0.547122777,0.319684148,-0.039647717,0.999312937,0.599612355,0.326053172,0.173409581,0.999593258,0.537246227,0.324210167,0.149022102,0.998937368,0.580756247,0.333982378,0.00420152443,0.999468684,0.556922734,0.334116668,-0.003612831,0.999070346,0.636871755,0.372864157,0.187660635,0.999861479,0.491747588,0.37154,0.195518628,0.998915,0.646626234,0.409740508,-0.0814535,0.977947474,0.514453113,0.416009545,-0.0128939478,0.911915123,0.52341187,0.381916225,-0.30500406,0.968244255,0.598756194,0.387738287,-0.199799076,0.855450213,0.496765256,0.38110894,-0.380933464,0.922147095,0.626472294,0.388094574,-0.264430135,0.76597029,0.496164382,0.375910163,-0.348464191,0.917514443,0.625466406,0.382191479,-0.257853,0.752163351,0.504653871,0.375822484,-0.299161285,0.897630155,0.614128947,0.380503505,-0.203069419,0.708693624,0.619590461,0.510880828,-0.014657761,0.999649704,0.526107669,0.511871397,0.0150275799,0.999158919,0.613561273,0.636107087,-0.0810520202,0.912801802,0.515051544,0.632191241,-0.0292344578,0.871873617,0.590673745,0.743674517,0.164903849,0.852725625,0.521383107,0.744290292,0.192275494,0.80337733,0.582332075,0.751261055,0.179653302,0.446245372,0.52768296,0.754864573,0.202958271,0.384709597,0.586510897,0.781398416,-0.0572201423,0.851420105,0.51948595,0.779692292,-0.030616343,0.792734146
1983.3333333333367,0.567800283,0.324636042,-0.074763611,0.999702215,0.579148948,0.319502234,-0.0346127972,0.999535143,0.584730446,0.32004723,-0.0346492417,0.999502838,0.590125918,0.32061851,-0.0347062238,0.99960655,0.55976826,0.31911841,-0.0400093906,0.999341071,0.553042471,0.319433689,-0.040004611,0.999224961,0.546772897,0.319776565,-0.0399504937,0.999301732,0.599134266,0.325968146,0.1729801,0.999586105,0.537212968,0.324218273,0.148640543,0.998919666,0.580016732,0.333993047,0.00389874424,0.99947083,0.556382656,0.334161192,-0.00368651678,0.999072492,0.636768222,0.372222275,0.186777979,0.999865711,0.491799235,0.370468,0.196647957,0.998935699,0.649081826,0.410118967,-0.0815718621,0.978778958,0.512857676,0.416284,-0.0113449506,0.913759172,0.524364054,0.385476142,-0.308184057,0.969386339,0.60029906,0.390939981,-0.208695978,0.859938383,0.496852607,0.385275722,-0.385051519,0.923923433,0.628924906,0.391321927,-0.27474916,0.770633161,0.496180058,0.379172,-0.351862758,0.919291615,0.6283198,0.385182053,-0.267406136,0.756734729,0.504674613,0.378842443,-0.301965058,0.899635911,0.617298126,0.383867055,-0.211890578,0.712879241,0.619601846,0.510793328,-0.0148785152,0.999654949,0.526106358,0.511678398,0.0152547043,0.999160945,0.613573849,0.635946333,-0.0812799558,0.91521275,0.515077233,0.631802738,-0.0278065726,0.874914587,0.590757132,0.743477941,0.172197476,0.855219483,0.521245778,0.743984103,0.204386979,0.807100832,0.58228451,0.750747085,0.187326357,0.449263453,0.52749157,0.754339397,0.215680853,0.388200849,0.586120665,0.781393468,-0.0499139838,0.853334,0.519544899,0.779600561,-0.01685532,0.796393931
2000.0000000000034,0.567679584,0.324869,-0.08115042,0.999699712,0.579012156,0.319701314,-0.0416959,0.999531031,0.584560275,0.320205778,-0.0417317338,0.999497652,0.589991629,0.320715964,-0.0417869091,0.999602914,0.559693,0.319328576,-0.0470734462,0.99933207,0.55299753,0.319612175,-0.0470700264,0.999214947,0.546728611,0.319919139,-0.0470110476,0.999292433,0.599018216,0.325949699,0.16688095,0.999587297,0.537210345,0.324224979,0.142047971,0.998912513,0.579770207,0.334382117,-0.00202415022,0.999479115,0.556225836,0.334732682,-0.00960218161,0.999080181,0.636725843,0.372142047,0.179757982,0.999869406,0.491804272,0.369555146,0.195305571,0.998944402,0.651946306,0.410204113,-0.0927534327,0.97959578,0.512882233,0.416207641,-0.0177169051,0.913410962,0.527533948,0.389529616,-0.3230775,0.970389485,0.60032928,0.39139083,-0.220035627,0.86123246,0.498528212,0.391017228,-0.400423169,0.925443769,0.62880528,0.391566366,-0.286932319,0.771362424,0.496831715,0.384869874,-0.366645306,0.920816839,0.628109753,0.385649383,-0.278686881,0.757305145,0.505405188,0.383825392,-0.316223174,0.901418388,0.616587639,0.384334,-0.223223835,0.713271558,0.619734347,0.510807931,-0.0151168667,0.999659836,0.526105046,0.511623919,0.015498437,0.999164283,0.613636494,0.635913,-0.0808849558,0.917586207,0.515076399,0.631811917,-0.024059806,0.878381908,0.591125607,0.743314743,0.168060213,0.857626498,0.520875335,0.743847,0.201592311,0.810898542,0.582845628,0.750499904,0.182063505,0.452893853,0.527394652,0.753928542,0.211822167,0.392599255,0.586272538,0.781364,-0.0552204512,0.855236351,0.519519687,0.779361844,-0.0199196916,0.799906969
2016.6666666666702,0.567479253,0.324831039,-0.0798631161,0.999701262,0.578743577,0.31951955,-0.0401297957,0.999538064,0.584237754,0.319987714,-0.0401670709,0.999506056,0.589613795,0.320476562,-0.0402227901,0.999610901,0.559499383,0.319231659,-0.0453081317,0.99933666,0.552791,0.319541812,-0.0453024246,0.999218702,0.546550572,0.319876611,-0.0452444851,0.999292791,0.59877038,0.325590432,0.168515235,0.999600351,0.537109256,0.324173748,0.142835647,0.9989115,0.579567552,0.334323376,-0.000905443623,0.999493659,0.555943966,0.334742963,-0.00830789749,0.999090374,0.636598825,0.371953398,0.170210436,0.999874651,0.491979033,0.368784755,0.194963083,0.998901606,0.652210236,0.410180658,-0.134895846,0.980567038,0.514397442,0.409536213,-0.0402712896,0.907523274,0.529260814,0.390553027,-0.392119437,0.971950829,0.600189686,0.391004026,-0.281167865,0.856080413,0.500176847,0.394787401,-0.475290298,0.928762257,0.626683056,0.390994936,-0.350630015,0.765618682,0.497192115,0.389024377,-0.442814976,0.924318552,0.626606584,0.38539207,-0.343729317,0.751256526,0.505773604,0.386905611,-0.38610366,0.905320883,0.615728378,0.38422823,-0.286188215,0.706771731,0.620117188,0.51067853,-0.015921168,0.999665678,0.526189208,0.511397,0.0162920244,0.999171555,0.613661408,0.635820568,-0.0846457705,0.920343399,0.515032947,0.631688833,-0.0244417973,0.881176233,0.591223478,0.743172288,0.163911536,0.860953033,0.520516872,0.743841588,0.200607866,0.814845145,0.583079159,0.75011909,0.177066967,0.457006216,0.527285814,0.753904521,0.209456354,0.396036476,0.586274385,0.78135,-0.0693286508,0.858326,0.519559264,0.779340446,-0.0289788172,0.803747
2033.333333333337,0.567094088,0.324819207,-0.0836114362,0.999693632,0.57837975,0.319455832,-0.0444147289,0.999534488,0.583874047,0.319908828,-0.0444564074,0.999503434,0.58918941,0.320383132,-0.0445099883,0.999610662,0.559249103,0.319198698,-0.0496340431,0.999322474,0.552546263,0.319520444,-0.0496265516,0.999201179,0.546359122,0.319868416,-0.0495780781,0.999272466,0.598472416,0.325397551,0.166017056,0.999605954,0.537040532,0.32415992,0.140383795,0.998883188,0.579228461,0.334299266,-0.00384473708,0.999500751,0.555592537,0.334748924,-0.0115070846,0.999086857,0.636263132,0.371474683,0.162804499,0.99987936,0.492124438,0.368255883,0.186852381,0.998846173,0.651995659,0.409715325,-0.151932925,0.981177807,0.514427722,0.40402782,-0.0782828555,0.899430633,0.531223297,0.391103089,-0.424819261,0.973069727,0.596916735,0.390203178,-0.342599958,0.846355081,0.502148211,0.396831393,-0.512682378,0.931339681,0.623425126,0.390855819,-0.415187687,0.755994737,0.497883826,0.391182721,-0.482371628,0.927099049,0.624116242,0.385150284,-0.412184328,0.741496444,0.506400049,0.388601929,-0.420351654,0.908271074,0.613577068,0.384032458,-0.349798679,0.696647,0.620376348,0.510665596,-0.0147422832,0.999668837,0.526213527,0.511354208,0.0150931273,0.999169648,0.613915801,0.635686457,-0.0864784122,0.922499299,0.514832854,0.63144362,-0.030511139,0.883699179,0.591423571,0.743105948,0.157309368,0.864290953,0.52014333,0.743851125,0.190397143,0.818475842,0.583048224,0.749948442,0.168915734,0.462634802,0.526699543,0.753915131,0.198187441,0.399463236,0.586580276,0.781639159,-0.0832604542,0.861599505,0.519578516,0.779365,-0.0444477089,0.807563603
2050.0000000000036,0.566603661,0.324703395,-0.0787886679,0.999691,0.578104258,0.319187522,-0.0396188125,0.999538302,0.583668292,0.319585711,-0.0396672525,0.999508202,0.589019597,0.320034087,-0.0397346318,0.999616742,0.558932126,0.319066674,-0.0443884842,0.999318659,0.552261531,0.319427848,-0.0443772636,0.999193907,0.546139419,0.319807,-0.0443257764,0.999264,0.598436713,0.325091511,0.168850303,0.999614775,0.537034154,0.324077547,0.144948587,0.998872042,0.579004109,0.334137172,-0.000225070296,0.999510527,0.55521667,0.334755898,-0.00746695464,0.999088228,0.636142194,0.3711178,0.164814606,0.999883592,0.492290229,0.368163675,0.190537587,0.998788178,0.652496,0.409337729,-0.146145582,0.981612802,0.514488876,0.404097706,-0.052718062,0.887130201,0.531358123,0.391005129,-0.404295325,0.973918915,0.588912785,0.387527913,-0.293495446,0.83395189,0.50247407,0.395510972,-0.488437295,0.933236301,0.61463,0.387002528,-0.359480977,0.743856132,0.498281568,0.390008509,-0.457054496,0.929131329,0.605144322,0.381996244,-0.371590376,0.729351759,0.506810308,0.387830704,-0.399321944,0.910425067,0.595395684,0.382634968,-0.308042526,0.684864879,0.620416939,0.510597229,-0.0143534169,0.999680161,0.526205361,0.511178136,0.0146960756,0.999186099,0.614568055,0.635656297,-0.0851958841,0.925447166,0.514241397,0.63140583,-0.0307745691,0.887038648,0.591906071,0.74306947,0.158489913,0.869481921,0.51994431,0.743977189,0.191682205,0.823760867,0.583530247,0.750059366,0.170362249,0.469294161,0.526678383,0.754041314,0.19984746,0.403102696,0.587170303,0.782056391,-0.0826953873,0.866452932,0.51993686,0.779621124,-0.0441098884,0.812936902
2066.66666666667,0.565970838,0.324530452,-0.0588945337,0.99968648,0.577720463,0.318907619,-0.0195243377,0.999540508,0.583424687,0.319259673,-0.0195794534,0.999511361,0.588825166,0.319700181,-0.019645175,0.999621034,0.558536768,0.318933755,-0.0239786208,0.999312162,0.551977456,0.319332689,-0.023979852,0.999186158,0.545940161,0.31973505,-0.0239411574,0.999257088,0.598363161,0.32490027,0.182929859,0.999621,0.537029684,0.323987335,0.16146265,0.998856723,0.578595459,0.333889842,0.0168284494,0.999513566,0.554798961,0.334720552,0.010197252,0.999074757,0.636000693,0.370889,0.165160015,0.999885619,0.492487699,0.368111193,0.196942508,0.998697817,0.652746,0.408349037,-0.14470081,0.981763661,0.515254617,0.403958142,-0.0520111583,0.875872731,0.531624317,0.390110642,-0.395789087,0.974509656,0.570130348,0.37585789,-0.28474012,0.826381624,0.502442539,0.394633293,-0.47801888,0.934660256,0.580238402,0.370848268,-0.35160628,0.73754257,0.498454183,0.38938,-0.445266813,0.93062067,0.588740349,0.37406677,-0.354668,0.723149955,0.507091045,0.387163281,-0.39021945,0.912021339,0.572785139,0.373265,-0.294754654,0.679340243,0.620532274,0.510529578,-0.0138991941,0.999687374,0.526162922,0.510925472,0.0142157357,0.999192536,0.615169227,0.635524511,-0.0869121403,0.92787838,0.513443589,0.631322086,-0.0371765345,0.889135718,0.592676818,0.743055642,0.150575146,0.873533368,0.519901276,0.744293213,0.181952104,0.826685965,0.584126,0.750164688,0.161800876,0.472135067,0.526680231,0.754614472,0.18980363,0.403372914,0.587918699,0.782313943,-0.0897419,0.869952261,0.520689845,0.780521274,-0.0518939942,0.815896809
2083.3333333333367,0.565664172,0.324444473,-0.0536707044,0.999680459,0.577576101,0.318711936,-0.0148449317,0.999537528,0.583348334,0.319054246,-0.0148935355,0.999508202,0.588798285,0.319497019,-0.0149579104,0.99962014,0.558294415,0.318819374,-0.0189995263,0.999301314,0.55175966,0.319254,-0.0189979728,0.99917227,0.545759,0.319680542,-0.0189594813,0.999245703,0.598359704,0.324752152,0.1865751,0.999619842,0.537049294,0.323919952,0.166294426,0.99883616,0.5784567,0.333869934,0.0219830703,0.999508,0.554649234,0.334727,0.0156901032,0.999055326,0.635986865,0.37084192,0.169331163,0.999885082,0.493264884,0.368060023,0.200745583,0.998650432,0.652959,0.406731337,-0.139063701,0.981492221,0.514914215,0.403419405,-0.0511488467,0.866855085,0.530513465,0.385527164,-0.38077417,0.974319756,0.574863493,0.37657541,-0.291974604,0.817111313,0.50178951,0.387878299,-0.458660454,0.934322953,0.58682543,0.373450547,-0.360325336,0.728067398,0.498389453,0.383946866,-0.42542,0.930272579,0.590233386,0.372986764,-0.35902968,0.713609338,0.507062674,0.382706463,-0.374754786,0.911501586,0.578466415,0.372288436,-0.300592184,0.670334101,0.620541215,0.51044482,-0.0134613672,0.999696612,0.526146,0.510398209,0.0137545243,0.999208689,0.616268277,0.635188341,-0.0870370641,0.929687321,0.512911081,0.630930603,-0.0380932614,0.891152322,0.592822,0.742977738,0.14400506,0.87714839,0.519537568,0.74423182,0.179017469,0.829805374,0.583880305,0.749948204,0.154731959,0.474631488,0.526428103,0.754399896,0.187028244,0.404027581,0.588370323,0.782576859,-0.0945866,0.873086393,0.520762324,0.780512273,-0.0513541959,0.819157481
2100.000000000003,0.565627396,0.324391276,-0.0463552512,0.999686301,0.577518761,0.318692386,-0.00838596094,0.999546468,0.583340526,0.31903398,-0.00841512252,0.999516845,0.588804305,0.319464356,-0.00846156199,0.999627352,0.558165729,0.318812817,-0.0119144013,0.999314368,0.551674843,0.319252878,-0.0119081056,0.999186754,0.545678318,0.319680691,-0.0118709868,0.999262214,0.598395884,0.324696124,0.191109866,0.999623358,0.537052691,0.323922217,0.173619881,0.998857737,0.578462601,0.33383131,0.0289795958,0.999509633,0.554650962,0.334709942,0.0234690495,0.999062896,0.636024594,0.370749831,0.176844805,0.999883592,0.493477881,0.368008494,0.202383041,0.99867028,0.652569532,0.40531835,-0.132440031,0.980941117,0.513937891,0.401916772,-0.0607382022,0.866872,0.529106855,0.380494177,-0.367594302,0.973810196,0.577546239,0.375213355,-0.318358272,0.81562537,0.501337051,0.381542534,-0.442976683,0.933473229,0.592636287,0.373240411,-0.38937977,0.725678861,0.498362154,0.378715932,-0.410627663,0.929344296,0.594876826,0.370616943,-0.382005423,0.711060882,0.50702554,0.378022,-0.361926347,0.910339952,0.583214223,0.369608492,-0.324663639,0.668102801,0.620795965,0.510332763,-0.0135201979,0.999704897,0.526144862,0.509846449,0.0137995239,0.999231517,0.616949737,0.635065615,-0.087412335,0.931240439,0.51268661,0.630564153,-0.038647227,0.893452048,0.593695641,0.742914796,0.127260551,0.880504966,0.519543767,0.743929863,0.168800145,0.832767189,0.584056735,0.749785,0.13642709,0.475151062,0.526457489,0.753735244,0.176313534,0.404132813,0.588632,0.782877862,-0.112240769,0.876078665,0.521492898,0.780505419,-0.058091186,0.822466552
2116.6666666666697,0.56571418,0.324088871,-0.0481489301,0.999680459,0.577592313,0.318442702,-0.00990742911,0.999535561,0.583453894,0.318821281,-0.00993162766,0.999501467,0.588997662,0.319276,-0.00997301657,0.999616742,0.558282316,0.318497211,-0.0139285177,0.999304473,0.55176729,0.318972468,-0.0139236916,0.999174953,0.545729578,0.319418639,-0.0138971563,0.999260128,0.598509848,0.324576169,0.190684721,0.99960041,0.537237704,0.32377547,0.171209738,0.998850167,0.578573763,0.333611488,0.0276480615,0.999488294,0.554760933,0.334404647,0.021481622,0.99904722,0.635879338,0.370864689,0.180588335,0.999874771,0.493529022,0.368033111,0.197597116,0.998708069,0.651195228,0.403427392,-0.131797716,0.979907513,0.513063252,0.402115434,-0.0815527812,0.86987257,0.527349114,0.374714434,-0.368830711,0.972615659,0.578803241,0.375576288,-0.346390694,0.818392396,0.500950933,0.37475872,-0.445111394,0.931134045,0.595125914,0.373934686,-0.419159532,0.727963746,0.498356789,0.372193366,-0.412155,0.926813,0.597046494,0.370476276,-0.409637511,0.71336,0.507003188,0.372078896,-0.363413632,0.907385468,0.583966613,0.36947909,-0.35163039,0.670474291,0.620806158,0.510332048,-0.0114178145,0.999707401,0.525982499,0.509468913,0.0116126239,0.999247313,0.61735,0.63506639,-0.0865179747,0.931577504,0.512676239,0.630566359,-0.0415379889,0.894417346,0.594241679,0.742989,0.125719205,0.881951034,0.519569457,0.743831336,0.163951352,0.833421707,0.584241,0.749892116,0.13492021,0.473526865,0.526503682,0.753379107,0.171864316,0.401606411,0.588908613,0.783484876,-0.112380497,0.8775388,0.522095382,0.780561864,-0.0615166426,0.8238644
2133.333333333336,0.565726,0.323312759,-0.0471762829,0.999684811,0.577593446,0.317774296,-0.00883963,0.999539196,0.583454311,0.318162888,-0.00885432307,0.999503195,0.589006662,0.318652183,-0.00888010953,0.999618411,0.55828768,0.317863256,-0.0121856267,0.999315917,0.551761687,0.318416029,-0.0121810911,0.999188721,0.545704722,0.318941414,-0.0121638691,0.999279,0.598547757,0.32413131,0.19104366,0.999592185,0.537236154,0.323603421,0.175045863,0.998874426,0.578612804,0.33275643,0.0281690415,0.999481082,0.554765165,0.333510965,0.0229852721,0.999052107,0.635893643,0.370817721,0.181849122,0.999867558,0.493520439,0.368248343,0.195833907,0.998762727,0.649372697,0.402514309,-0.133567989,0.979175091,0.511580527,0.402491212,-0.0917758942,0.875516057,0.526504,0.372409254,-0.394797593,0.971950531,0.580441535,0.37527132,-0.364073902,0.825541377,0.500674307,0.37266317,-0.47476247,0.929933131,0.599537075,0.373949468,-0.439525217,0.735843062,0.498365939,0.369983107,-0.44084096,0.92546761,0.601304114,0.369840413,-0.427529603,0.721420348,0.507003725,0.369731158,-0.389981836,0.905778587,0.591326952,0.368804842,-0.368407279,0.678851,0.620788336,0.51021266,-0.0113887219,0.999710917,0.52565223,0.508839309,0.0115669109,0.999266863,0.617580652,0.635094047,-0.0841201916,0.932048619,0.512543678,0.630571425,-0.0409956425,0.895691276,0.594629109,0.743035197,0.126549736,0.883810818,0.519572496,0.74376595,0.165184334,0.834339797,0.584669411,0.749971211,0.135669053,0.470422715,0.526586473,0.753349185,0.17325221,0.399046481,0.589084864,0.783841848,-0.113827251,0.879493892,0.52222693,0.78059876,-0.061035268,0.825820744
2150.0000000000027,0.565768719,0.322822213,-0.0485872254,0.999686241,0.577604055,0.317436039,-0.0101165846,0.999537885,0.583463311,0.317846984,-0.0101316012,0.999498904,0.589021683,0.318353385,-0.010159391,0.999614596,0.558299,0.317493856,-0.0138168801,0.999320865,0.551764548,0.318064868,-0.0138124991,0.999194145,0.545695901,0.31860128,-0.0137941064,0.999291122,0.598564088,0.323887736,0.190566719,0.999576151,0.537222385,0.323327571,0.173133552,0.998898089,0.578620851,0.332072616,0.0271694213,0.999469817,0.554769516,0.332784176,0.0215714835,0.999059916,0.635749698,0.370823175,0.188305363,0.999858141,0.493549496,0.368278295,0.189795986,0.998826504,0.648341477,0.402591079,-0.132724226,0.978194594,0.510018349,0.40259698,-0.0867713317,0.882635117,0.526814759,0.370710105,-0.396859,0.971174121,0.583955169,0.375384539,-0.341312826,0.834573925,0.501206279,0.37021637,-0.477417,0.928548038,0.605580032,0.37414825,-0.414043367,0.746228516,0.499979764,0.367729753,-0.443667829,0.923949,0.607113719,0.369859517,-0.403349638,0.73212117,0.508554518,0.367282242,-0.392499387,0.904070854,0.59930414,0.368891746,-0.345437258,0.690159,0.620654345,0.510135889,-0.0102038579,0.999713123,0.525453091,0.508592308,0.0103485594,0.999287665,0.617585778,0.63508743,-0.0816021711,0.932437718,0.512679815,0.630634606,-0.0419124253,0.897180378,0.594839454,0.743044674,0.128450498,0.885334909,0.519784629,0.743671,0.165707469,0.835874617,0.585003436,0.749986291,0.138148576,0.469463766,0.526841581,0.753358603,0.174090013,0.398196727,0.589512944,0.783858,-0.110269219,0.881014884,0.522593439,0.780564189,-0.0603945218,0.827897251
2166.6666666666692,0.565729678,0.322833985,-0.048468139,0.999683261,0.577573895,0.317441911,-0.0103789195,0.999530911,0.583456099,0.317851961,-0.0103913983,0.999488235,0.589019895,0.318358541,-0.010421,0.999606,0.558200777,0.317498595,-0.014072679,0.999316812,0.551582456,0.318065912,-0.0140687777,0.999188244,0.545472383,0.318594068,-0.0140579343,0.999293387,0.59855479,0.323864728,0.19046855,0.999557,0.537090302,0.323242098,0.173336476,0.99891156,0.57855159,0.332078099,0.0276834536,0.99945724,0.554631174,0.332810909,0.0222846,0.999061286,0.63562566,0.370819777,0.194075704,0.99985,0.493675113,0.3682971,0.188845232,0.99888742,0.647949,0.402820259,-0.128880352,0.977198184,0.510118127,0.402152061,-0.0823296234,0.888615906,0.527219176,0.369610846,-0.394676119,0.970074832,0.588542223,0.375450313,-0.331228495,0.841805577,0.502054095,0.368733078,-0.474961787,0.926505446,0.611627221,0.374398857,-0.402947187,0.754133582,0.501662791,0.366346836,-0.441013128,0.921749473,0.612684488,0.370077819,-0.394509077,0.740220249,0.510296404,0.36593312,-0.39023149,0.901616335,0.605128706,0.369110644,-0.336197406,0.698637724,0.620636761,0.510129333,-0.00931095891,0.999717057,0.525130033,0.508541524,0.0094429329,0.99930948,0.617576122,0.635120928,-0.0807951167,0.932693839,0.512720942,0.630816638,-0.0427638106,0.898495734,0.595051944,0.743158519,0.136219785,0.886490822,0.519959033,0.743654966,0.167574584,0.837106407,0.585439742,0.75032,0.147152856,0.468605936,0.52701509,0.753363192,0.177283,0.397254,0.589955866,0.783872247,-0.100352369,0.882045,0.522773683,0.780537784,-0.0580065623,0.829503059
2183.3333333333358,0.565689802,0.322857797,-0.0486972928,0.999683261,0.577514589,0.317492634,-0.0106148794,0.99952811,0.583403528,0.317891806,-0.0106270062,0.999483228,0.588951647,0.318371207,-0.0106583284,0.999601781,0.558119774,0.317551613,-0.0145179695,0.999316573,0.551455796,0.318098426,-0.0145141827,0.999187768,0.545311511,0.318608463,-0.0145035572,0.999297857,0.598450065,0.323858887,0.191045314,0.999547184,0.536768079,0.323205352,0.172942489,0.998926103,0.578408718,0.332088,0.0279673673,0.999452472,0.554527402,0.33284539,0.0222530589,0.999067485,0.635474801,0.370787,0.196179315,0.999846697,0.493632466,0.3683182,0.188057676,0.998939335,0.647893,0.402985245,-0.125058845,0.976622105,0.510177195,0.40198943,-0.0835934207,0.893826723,0.527227938,0.370516,-0.391907603,0.969437778,0.591277361,0.375258386,-0.331587285,0.848269045,0.502189755,0.37017855,-0.472205639,0.925275326,0.613703609,0.374359161,-0.404027253,0.761530459,0.501930654,0.367530197,-0.438433796,0.920428097,0.614400446,0.369977593,-0.393345147,0.74788028,0.510567665,0.367049605,-0.387352198,0.900166929,0.606655,0.369023949,-0.335527,0.706641436,0.620636761,0.510126412,-0.00895691197,0.999720037,0.524922967,0.508552313,0.00908786897,0.999326646,0.617568851,0.635176599,-0.0809099674,0.933452725,0.512771,0.631128848,-0.043346744,0.89997375,0.595176041,0.743366182,0.138278082,0.887926817,0.52019614,0.743691385,0.167993113,0.83858788,0.585822523,0.750768244,0.149682045,0.468668461,0.527201891,0.753528714,0.178265423,0.396920055,0.59036094,0.783914804,-0.097465992,0.883323193,0.522915542,0.780538261,-0.0574252084,0.831232429
2200.0000000000023,0.56543088,0.322839946,-0.0532062612,0.999679565,0.57735008,0.317485183,-0.0157241467,0.999516785,0.583288848,0.317889541,-0.0157437027,0.999470294,0.588828206,0.318363726,-0.0157836564,0.999591708,0.557701,0.317523,-0.0186555013,0.999303579,0.550918043,0.318053722,-0.0186487958,0.999171734,0.544794738,0.318554729,-0.0186308473,0.999286532,0.598320425,0.323830515,0.184187815,0.999532,0.536288381,0.323100477,0.170349807,0.998903394,0.578260183,0.33207497,0.0228539295,0.999438047,0.554190457,0.332864553,0.0184381772,0.999048889,0.635273159,0.370747507,0.187322393,0.999844551,0.493426293,0.368492782,0.188110888,0.998965204,0.647894144,0.40308398,-0.124243237,0.976843059,0.510001898,0.402166307,-0.0814536437,0.896617055,0.526935339,0.37133503,-0.374694288,0.969668567,0.591073692,0.375370353,-0.335294753,0.852760375,0.501306832,0.371207595,-0.45254305,0.925507665,0.61365366,0.374520451,-0.408960342,0.766609371,0.500990808,0.368322104,-0.418751091,0.920642436,0.614315,0.370061398,-0.397803,0.753089488,0.509766757,0.367740214,-0.369220287,0.900463104,0.606363475,0.369083285,-0.339484364,0.711995423,0.61952728,0.510122776,-0.00944931339,0.999720275,0.524127245,0.508559823,0.009585483,0.999332547,0.617274523,0.635194421,-0.0771608129,0.934090614,0.512968838,0.631134748,-0.0362736546,0.900877953,0.595161557,0.743395,0.147448465,0.888903737,0.520200193,0.743654,0.181666017,0.839606404,0.585954845,0.750899732,0.159375265,0.46919331,0.527107716,0.753473222,0.192122683,0.397768617,0.590403736,0.783136964,-0.0822786242,0.884220719,0.52292484,0.780348361,-0.0379254185,0.832391143
2216.666666666669,0.565239549,0.322836876,-0.058592692,0.999683917,0.577146828,0.317482859,-0.0206820071,0.999518335,0.583099067,0.317890227,-0.0206973068,0.999471724,0.588566899,0.318358868,-0.0207321532,0.999592245,0.557414114,0.317507148,-0.0241088755,0.999309599,0.550550759,0.318029553,-0.0240995511,0.99917984,0.54446125,0.318528742,-0.0240707193,0.999295294,0.598015368,0.323756546,0.181370541,0.999530733,0.536062241,0.323038042,0.165484667,0.998918295,0.578116,0.332082272,0.0183495823,0.999442637,0.55400461,0.332882106,0.0133435177,0.999063909,0.635184228,0.370678,0.185321167,0.999847949,0.493074089,0.368506581,0.187820792,0.999010384,0.647265,0.40336892,-0.118475504,0.977312,0.509600401,0.402851015,-0.0801159814,0.901947,0.52598387,0.372080296,-0.366552114,0.970328331,0.59235841,0.376993865,-0.331680775,0.859961867,0.500005126,0.372865766,-0.445332855,0.926539361,0.616762161,0.376668304,-0.404619336,0.775194049,0.499882787,0.369971395,-0.4117814,0.921694934,0.617561758,0.371357858,-0.394576758,0.761834145,0.508715451,0.369240671,-0.361025602,0.901693583,0.608309388,0.370251566,-0.336301267,0.720921338,0.618513584,0.510068119,-0.00973224826,0.999722719,0.523534179,0.508566,0.00987716112,0.99934274,0.616804898,0.635226309,-0.0742824897,0.935322285,0.512984633,0.63117826,-0.0310855377,0.902544439,0.595127583,0.743397176,0.156252176,0.890766323,0.520202696,0.743669,0.192499757,0.841402829,0.586012602,0.750921309,0.168475956,0.472009271,0.526986897,0.753479183,0.203161493,0.399649352,0.590480804,0.78255856,-0.0740657821,0.886011481,0.522877634,0.780246854,-0.0278905071,0.834591925
2233.3333333333353,0.565002322,0.322938859,-0.0593717434,0.999681,0.576895058,0.317575425,-0.0217567813,0.999511123,0.582882524,0.317974389,-0.0217759144,0.999466181,0.588266253,0.318411767,-0.0218188297,0.999587655,0.557082236,0.317608356,-0.0248304643,0.999296844,0.550287604,0.318112373,-0.02482168,0.999166727,0.544238687,0.318595141,-0.0247842222,0.99928236,0.597841442,0.323721558,0.179295912,0.999531686,0.535928965,0.323043257,0.165245786,0.998898923,0.577979326,0.33223781,0.017278472,0.999443233,0.553870857,0.333228678,0.0127842221,0.999054,0.635235429,0.370206445,0.180932045,0.999852896,0.49295333,0.368556589,0.192178279,0.999020755,0.64726311,0.403395057,-0.114934504,0.97791779,0.509593964,0.403617173,-0.079929553,0.902790844,0.525032103,0.374131829,-0.340432078,0.970673561,0.592326939,0.377076209,-0.33198902,0.860545933,0.498908728,0.376028895,-0.416106492,0.926563263,0.616598129,0.376737595,-0.404925197,0.774514914,0.498041511,0.373069555,-0.381465226,0.92166853,0.617496789,0.37158519,-0.394069314,0.760761857,0.506924391,0.372155666,-0.333489,0.901602507,0.6082142,0.370459497,-0.336417705,0.719362915,0.618146896,0.509923518,-0.0105499811,0.999726057,0.523195684,0.508552909,0.010722205,0.99934721,0.616681039,0.63509357,-0.0747524574,0.936885059,0.512962043,0.631127238,-0.0287318751,0.904535949,0.595136583,0.743300378,0.154603183,0.893215835,0.520187,0.743644118,0.192808837,0.84365952,0.586036,0.750802875,0.166520014,0.474824041,0.526958466,0.753435373,0.20287852,0.401874751,0.590529799,0.78263694,-0.076452747,0.887926638,0.522867,0.780241728,-0.0287676621,0.836864471
2250.000000000002,0.564732313,0.322942644,-0.0527224094,0.999671221,0.576657474,0.317574888,-0.0155501086,0.999498725,0.58268249,0.317969531,-0.0155809065,0.999456048,0.588022709,0.318400294,-0.0156350695,0.999580562,0.556811213,0.317609578,-0.0185145,0.99926883,0.550098181,0.318110734,-0.0185111873,0.999134183,0.544095457,0.318590581,-0.018466467,0.999248803,0.597797275,0.323600411,0.182883307,0.999529779,0.535866916,0.323003262,0.169030949,0.998840451,0.577837348,0.332254499,0.0226612985,0.9994362,0.553741872,0.333356529,0.0182116199,0.999016047,0.635494,0.369953096,0.180841357,0.999857545,0.492999732,0.368567377,0.199474677,0.998976111,0.647720277,0.403944552,-0.115005627,0.978268743,0.509835839,0.403639942,-0.0749945268,0.895825326,0.52505374,0.378196865,-0.342257649,0.971040189,0.588617325,0.377129495,-0.331632853,0.851983249,0.498898268,0.381373793,-0.418626517,0.927102327,0.600790322,0.376431614,-0.404293418,0.764641762,0.497835,0.377625555,-0.384767,0.922289312,0.601709902,0.371586025,-0.395516723,0.750580788,0.506700516,0.376209527,-0.335667759,0.902282476,0.593711138,0.370535195,-0.337267518,0.709127188,0.617857575,0.509906411,-0.0105606895,0.999730766,0.522534251,0.508548,0.0107346633,0.999348462,0.616579354,0.635095,-0.0750792548,0.937822759,0.512895465,0.631109178,-0.0288226884,0.905311823,0.595147908,0.743197083,0.15371488,0.895015359,0.520104051,0.743620455,0.191222489,0.844743371,0.586081862,0.750533879,0.165585548,0.476208359,0.526704729,0.753354311,0.201087,0.401566237,0.590530097,0.782671928,-0.0771881789,0.889185369,0.522790611,0.780200779,-0.0309595466,0.838029444
2266.6666666666683,0.564352632,0.322963268,-0.0501556583,0.999651134,0.576278627,0.317577243,-0.0130816614,0.999472678,0.582389176,0.317972213,-0.0131253144,0.999432206,0.587647557,0.318399787,-0.0131835565,0.999564111,0.55641067,0.317623824,-0.0160500631,0.999214649,0.549738705,0.318125457,-0.0160415415,0.999067545,0.543826103,0.31860435,-0.0160049312,0.999180794,0.597704232,0.323547,0.183945358,0.999519527,0.535736,0.323002726,0.170081943,0.998719394,0.577712595,0.332305849,0.0245964117,0.999412298,0.55359751,0.333552569,0.020083027,0.998922944,0.635667682,0.369870365,0.17501834,0.999859869,0.493264705,0.368582636,0.19938457,0.998858213,0.649892151,0.404067129,-0.138103336,0.978624523,0.513549268,0.401431054,-0.0901605,0.885107398,0.525770962,0.380990654,-0.380525678,0.971529543,0.581732929,0.376189083,-0.384928197,0.841396749,0.499457479,0.385969579,-0.459185,0.928018332,0.592957318,0.375031441,-0.46071282,0.753967881,0.497897893,0.382626653,-0.42465502,0.923306048,0.593909085,0.371071279,-0.45688808,0.739922166,0.506704271,0.380653322,-0.373657197,0.90352,0.58660233,0.370310754,-0.394256115,0.698577,0.617548645,0.509934247,-0.0110394219,0.999732494,0.521905184,0.508588493,0.011189728,0.99934113,0.616529524,0.635240912,-0.0753308237,0.938075721,0.512755,0.631422937,-0.0282444842,0.904659867,0.595193923,0.743233502,0.140052259,0.896052301,0.519999564,0.743611097,0.189877465,0.844274938,0.586226821,0.75058049,0.149153948,0.475669563,0.526656806,0.753329396,0.198514327,0.399553806,0.590597153,0.782811522,-0.0970789865,0.889832854,0.522601247,0.780196965,-0.0316372253,0.838062346
2283.333333333335,0.564010262,0.322986424,-0.0506862663,0.999652624,0.575941324,0.317579746,-0.0135595733,0.999475598,0.582119226,0.317970723,-0.0136022698,0.999436915,0.587285638,0.318389326,-0.0136593627,0.999568,0.556037903,0.317632616,-0.0175850336,0.999211907,0.549377203,0.31813249,-0.0175737813,0.999064267,0.543527782,0.31860891,-0.0175298695,0.999175251,0.597544909,0.323440343,0.183817044,0.999524474,0.535367846,0.322975188,0.164980054,0.998714626,0.577502251,0.332346886,0.0242306404,0.99941951,0.553419888,0.333683342,0.0185905769,0.998921216,0.635686398,0.369684577,0.178386867,0.999864578,0.493254423,0.368591309,0.191697448,0.998851538,0.651800454,0.404740661,-0.122827873,0.978862464,0.515798867,0.401588887,-0.0613668226,0.883728862,0.527383626,0.381233901,-0.360259563,0.97173214,0.583985448,0.375953525,-0.26275149,0.837988615,0.500251114,0.385546803,-0.436354518,0.928016245,0.599466383,0.374948889,-0.327542335,0.748775,0.498292208,0.382102579,-0.401622981,0.923317552,0.599199772,0.371095,-0.323217571,0.734406114,0.507161677,0.380312294,-0.353607148,0.903631389,0.590821207,0.370335191,-0.268630743,0.692951322,0.617249191,0.509918809,-0.00973459613,0.99973923,0.521474,0.508595765,0.00990131591,0.999349415,0.61635828,0.63525784,-0.0679485202,0.938520193,0.512680054,0.63148576,-0.0273567848,0.905746162,0.595193863,0.743288636,0.145772532,0.897952914,0.519961715,0.743446052,0.190850258,0.845677614,0.586243927,0.750591516,0.15510568,0.478297293,0.526592672,0.752984345,0.19973217,0.400019735,0.590617657,0.782699704,-0.0915570334,0.891738236,0.522577405,0.780135155,-0.0309179202,0.840111852
2300.0000000000014,0.563848078,0.323071957,-0.050820224,0.99965024,0.57581377,0.317675978,-0.0136303809,0.999469757,0.582003117,0.318060458,-0.013671739,0.999432147,0.587132156,0.318448097,-0.0137263639,0.99956435,0.555875838,0.317730039,-0.0177174434,0.999201894,0.549189746,0.318216652,-0.0177071132,0.999053776,0.543336928,0.318677634,-0.0176660381,0.99916625,0.597399116,0.323438644,0.183523208,0.999522924,0.535093069,0.322991222,0.165120751,0.998700798,0.577328682,0.332456291,0.0240658317,0.999416411,0.553285897,0.333793521,0.0185009222,0.998908877,0.635692537,0.369683892,0.178542241,0.999865949,0.493168175,0.369218946,0.193695351,0.998853683,0.651793897,0.404783189,-0.11654789,0.979081154,0.516011298,0.403373718,-0.0558300726,0.884685695,0.526660562,0.380638272,-0.341149,0.971529186,0.586485326,0.375808984,-0.279900759,0.838858724,0.499717087,0.384317547,-0.415370435,0.927016199,0.604233742,0.374806911,-0.348613054,0.748350799,0.497689933,0.38122794,-0.37998271,0.922200501,0.603986204,0.37101993,-0.341323107,0.733683586,0.506651163,0.379833698,-0.334156334,0.902408183,0.595710456,0.370250732,-0.285385609,0.691842854,0.617188632,0.509910524,-0.010388026,0.999741435,0.521403074,0.508635581,0.0105715692,0.999350488,0.616364717,0.635263443,-0.0683389604,0.939211488,0.512674093,0.631624103,-0.0252122656,0.906886518,0.595296681,0.74328196,0.146944538,0.899309814,0.519961715,0.743326426,0.191941604,0.846743286,0.586374342,0.75057739,0.156500414,0.478570431,0.526641309,0.752862632,0.200929105,0.401083797,0.590621829,0.782879114,-0.0904450566,0.892583966,0.522370636,0.780132651,-0.0294506121,0.841298401
2316.666666666668,0.563928664,0.323211461,-0.055919338,0.999648631,0.575823247,0.317820609,-0.0190382525,0.999463141,0.581998706,0.318203717,-0.0190708,0.999425232,0.58712095,0.318549305,-0.0191197935,0.99955833,0.555905342,0.317832768,-0.0234091934,0.999194086,0.549228668,0.318285376,-0.0233946778,0.999045312,0.543340385,0.31872496,-0.0233601779,0.999161,0.597282,0.323457718,0.179929823,0.999512255,0.534877598,0.322990149,0.161170185,0.998698,0.577316821,0.332710326,0.0201544687,0.999411523,0.553296864,0.333964139,0.0143902991,0.998904109,0.635592937,0.369688362,0.178912967,0.999866247,0.492865831,0.369317412,0.183724239,0.998893797,0.651756704,0.405490518,-0.118640915,0.978922606,0.517025113,0.403386891,-0.068648845,0.889294565,0.526884258,0.378837734,-0.369267285,0.971052647,0.591918409,0.375461578,-0.284694403,0.843742371,0.499993205,0.380929738,-0.445900798,0.92578876,0.612810254,0.374516,-0.354310602,0.753170788,0.498119503,0.378054559,-0.410718232,0.920878,0.611112416,0.370697498,-0.350753218,0.738518834,0.507257044,0.377043903,-0.363398284,0.90091747,0.603472888,0.369949698,-0.292776644,0.696468174,0.617177784,0.509933829,-0.00982374139,0.999743223,0.521386802,0.508695364,0.00999630429,0.999358237,0.61636,0.635303259,-0.0677072853,0.939448655,0.512625039,0.631843507,-0.0256141163,0.907747686,0.595339119,0.743281,0.15095067,0.900216281,0.519933343,0.743184268,0.192190722,0.847355962,0.586442053,0.750589252,0.161386013,0.479034573,0.526604593,0.752651036,0.201594621,0.400776058,0.590631068,0.782953084,-0.0860004723,0.893425286,0.522368371,0.780128658,-0.0296490919,0.842295766
2333.3333333333344,0.563967705,0.323267132,-0.0581524856,0.999648,0.575815678,0.317852318,-0.0209556688,0.999457061,0.581972063,0.318232,-0.0209844988,0.999418497,0.587082,0.318561912,-0.0210305881,0.999552608,0.555915713,0.31786865,-0.0258680936,0.999187887,0.549241,0.318310469,-0.0258508697,0.999038339,0.54333812,0.318742067,-0.0258229151,0.999157965,0.597083271,0.323456168,0.179753125,0.999497354,0.534638941,0.322976857,0.159283623,0.998694897,0.577263415,0.332760811,0.0189257599,0.999403894,0.553294241,0.333991557,0.0125195058,0.998899639,0.6353755,0.369655341,0.183545291,0.999866,0.492348343,0.369178981,0.178617373,0.998933554,0.651738703,0.406095594,-0.117145464,0.978694201,0.517089903,0.403390855,-0.0716953948,0.894239664,0.526923895,0.376329273,-0.376954049,0.970925748,0.594357371,0.374933034,-0.293209821,0.850054264,0.5000512,0.376724452,-0.45563364,0.925577939,0.615610838,0.373728901,-0.362967134,0.760570288,0.498241067,0.374039471,-0.421689212,0.920630932,0.614134729,0.369712859,-0.358182847,0.746167779,0.507449329,0.373400152,-0.371905506,0.900597632,0.607128918,0.369086713,-0.300525337,0.704251289,0.617605507,0.509749055,-0.00886325,0.999744236,0.521552801,0.508691251,0.00902417395,0.999366343,0.616902769,0.635305,-0.0662984625,0.940028846,0.512352467,0.632021844,-0.0262023304,0.908484,0.595562041,0.743253589,0.157188147,0.901436329,0.519914806,0.743119657,0.193034723,0.848263502,0.586542904,0.750526965,0.168497279,0.47956109,0.526625276,0.752471149,0.20293276,0.40013814,0.590866804,0.783075571,-0.0794365257,0.894649923,0.522314668,0.780155599,-0.0296704043,0.843537569
2350.000000000001,0.563966036,0.323315471,-0.0588471629,0.99965167,0.575813651,0.317905873,-0.0214205589,0.999458194,0.581964493,0.318288893,-0.0214480255,0.999418199,0.587078691,0.318603814,-0.0214943793,0.99955219,0.55593133,0.317897797,-0.0263816454,0.999192536,0.549268126,0.318321556,-0.026364062,0.999043167,0.543344617,0.318744034,-0.0263409168,0.999166071,0.597029924,0.323495775,0.17981942,0.999488294,0.53462261,0.322920144,0.159441814,0.998709917,0.577153504,0.332811177,0.0187140293,0.999405503,0.553236902,0.333999902,0.0121703614,0.998914719,0.634943068,0.369645625,0.189632282,0.999864042,0.492141217,0.368367821,0.17828916,0.998975515,0.651649535,0.407155663,-0.111058228,0.978498816,0.518587112,0.402759463,-0.0692093223,0.898729265,0.527176142,0.374235183,-0.375413448,0.970752239,0.596615076,0.374253809,-0.289966941,0.855793834,0.500778735,0.373696029,-0.454009444,0.925283611,0.617580831,0.372789055,-0.360701799,0.76735878,0.499274641,0.370613366,-0.420265168,0.920332789,0.615977943,0.3686032,-0.352765143,0.753310382,0.508499801,0.370117664,-0.370302796,0.900273204,0.609337389,0.368026942,-0.294985563,0.711693227,0.617883503,0.509631157,-0.0079045929,0.999745309,0.521758914,0.508678,0.00805425551,0.999376178,0.617018342,0.635303199,-0.0659310445,0.940578341,0.512349963,0.632432878,-0.0299824141,0.909438074,0.595649183,0.743252158,0.168494821,0.902411103,0.519908786,0.743173599,0.194781929,0.849532843,0.58669591,0.750533938,0.181375548,0.479709297,0.526625633,0.752653956,0.20547466,0.39970535,0.590991497,0.783107042,-0.0655953437,0.895590723,0.522137642,0.780158162,-0.0292818323,0.844844878
2366.6666666666674,0.563971043,0.32331714,-0.0587946475,0.999658585,0.57581526,0.317908406,-0.0213482287,0.999465108,0.581959605,0.31829077,-0.0213759746,0.999424696,0.58707726,0.318603843,-0.0214225128,0.999557436,0.555949807,0.317897201,-0.0263171829,0.999204695,0.549287498,0.318313479,-0.0263011511,0.999056578,0.54334569,0.318728179,-0.0262746159,0.999181211,0.597013414,0.323492885,0.180582538,0.999486506,0.534605742,0.322798043,0.16121006,0.998732924,0.577133894,0.332817137,0.018848395,0.999411583,0.553232491,0.33391726,0.0124480808,0.998937845,0.634696662,0.369563133,0.194518894,0.999865115,0.492120296,0.367212832,0.178999737,0.999018073,0.651614964,0.408460051,-0.103393488,0.978739262,0.517094731,0.402768612,-0.0647371858,0.903424323,0.527731657,0.373751134,-0.374706805,0.971494794,0.597158074,0.374293864,-0.29374674,0.862405181,0.500985622,0.372708589,-0.453141212,0.927051663,0.619106174,0.372859478,-0.365233392,0.775690079,0.499835253,0.369487703,-0.41910997,0.922203362,0.618193,0.36866945,-0.356565386,0.761998594,0.509127855,0.369089723,-0.370155334,0.902377,0.611330569,0.368054271,-0.298267156,0.720851362,0.617928326,0.508968651,-0.00786521658,0.999745905,0.521975875,0.508248568,0.00801785942,0.999384701,0.617064953,0.635044,-0.0658864826,0.940889835,0.512403905,0.632432222,-0.0324717388,0.909949839,0.595650315,0.743252,0.167101368,0.902866,0.519917309,0.743208945,0.194258451,0.850063562,0.586711705,0.750550807,0.179543868,0.478526562,0.526647687,0.752797067,0.205330223,0.398658812,0.59106034,0.783135951,-0.0674550682,0.896127224,0.522118151,0.780153215,-0.0310592148,0.845620215
2383.333333333334,0.563973546,0.322867513,-0.0593884513,0.99966526,0.575826347,0.317679405,-0.0218375735,0.999471903,0.581956685,0.318118453,-0.0218643583,0.999430716,0.58708328,0.318477929,-0.0219119098,0.999562621,0.555956602,0.317577422,-0.0264016856,0.999216795,0.54927963,0.318015456,-0.0263843779,0.999070227,0.543310285,0.318466246,-0.0263607185,0.999197,0.597025633,0.323392451,0.180402264,0.999483228,0.534559727,0.322525233,0.161399841,0.998757064,0.577129483,0.332358807,0.0183026,0.999419391,0.553218603,0.333242625,0.0122767873,0.99896276,0.634472549,0.369511604,0.194736391,0.999866247,0.492113352,0.367121488,0.181271657,0.999059439,0.651555598,0.409040123,-0.0978652164,0.979005039,0.512364924,0.404691964,-0.0514276773,0.907639,0.527737677,0.37299931,-0.367494017,0.97223717,0.596972287,0.374409944,-0.281818092,0.868575156,0.500912249,0.37157467,-0.44736433,0.928720951,0.620059192,0.373452574,-0.354328454,0.783444881,0.49982,0.368215919,-0.413594484,0.923951447,0.619465053,0.368991762,-0.344745368,0.770037055,0.509124637,0.368013263,-0.362811267,0.904334605,0.612188458,0.368192852,-0.285659283,0.729202628,0.617938519,0.508699954,-0.00781676359,0.99974817,0.522256434,0.508035958,0.00797105674,0.999392,0.617079735,0.63504,-0.0640744492,0.941037059,0.512376428,0.632459641,-0.0324690677,0.910618,0.595653713,0.743371,0.172946379,0.903513074,0.51990509,0.743293762,0.198345,0.850748122,0.586856663,0.750899255,0.185868,0.478484452,0.526681,0.753039658,0.20997186,0.398230255,0.591163099,0.783293486,-0.0614251532,0.896928549,0.522074103,0.780201077,-0.0264673214,0.846536517
2400.0000000000005,0.56419754,0.32226041,-0.0596043393,0.999673724,0.575939417,0.31723544,-0.0218605679,0.999482691,0.581988871,0.317774892,-0.021886779,0.999441504,0.58715415,0.31822288,-0.0219348222,0.999571562,0.55606389,0.316954762,-0.0263351668,0.99923408,0.549305797,0.317417592,-0.0263177622,0.999089777,0.543308556,0.317926049,-0.026294155,0.999216616,0.597051859,0.323154449,0.180451944,0.999487221,0.534552753,0.322131783,0.161451831,0.998789191,0.577252746,0.331653565,0.0180391353,0.999431729,0.553288758,0.332328141,0.0121175479,0.998991668,0.634465337,0.369412601,0.194979101,0.999868095,0.492130876,0.367148191,0.181916803,0.999098182,0.651431918,0.409526467,-0.0941040516,0.979498625,0.509594381,0.406168789,-0.0458699279,0.912271321,0.527739525,0.372804672,-0.358082682,0.973255515,0.597277164,0.374503791,-0.271630228,0.875251412,0.500689,0.371413499,-0.438192964,0.931005061,0.623101,0.374564528,-0.343575,0.79216212,0.49967432,0.367791712,-0.403998315,0.926350653,0.623145521,0.369817525,-0.33402279,0.779132605,0.509038508,0.367595643,-0.352809459,0.90709734,0.61489296,0.368611068,-0.275280267,0.7389,0.618052363,0.508476734,-0.00782595202,0.999749,0.522553,0.507984936,0.00798010733,0.999396324,0.617065609,0.635041118,-0.0630143583,0.941339,0.512369394,0.632462323,-0.0319912098,0.911117136,0.595697105,0.743548036,0.174594,0.903951943,0.519639492,0.743304551,0.201153412,0.850806594,0.587345302,0.751570165,0.187483862,0.478469849,0.526686072,0.753150105,0.212766737,0.397289217,0.591205478,0.783298373,-0.0586160757,0.897266567,0.521706522,0.780200303,-0.0227595493,0.846696
2416.666666666667,0.564228952,0.321879685,-0.0594107658,0.999681473,0.575951815,0.316973686,-0.0217950847,0.999494076,0.581990421,0.317532957,-0.0218227599,0.999453,0.587178588,0.318000108,-0.0218734089,0.999581218,0.556068897,0.316668779,-0.0258493815,0.999252498,0.54930681,0.317152172,-0.0258307178,0.999109626,0.543298781,0.317682534,-0.0258055851,0.999236286,0.597059131,0.32286036,0.180488169,0.999496102,0.534546614,0.321906865,0.163832873,0.998824894,0.577308238,0.331080586,0.0181513689,0.999444962,0.553306282,0.331738502,0.0127999606,0.999020517,0.634465873,0.369093835,0.195938498,0.999870658,0.492409885,0.36711964,0.189484641,0.999136508,0.650106728,0.409835815,-0.0849048421,0.979827583,0.507930875,0.408435255,-0.0363560282,0.915287256,0.527383208,0.37261942,-0.336656958,0.973824084,0.597426772,0.377083927,-0.264666468,0.879171669,0.500270545,0.371640325,-0.415909916,0.932199657,0.625218749,0.377671629,-0.336928219,0.796535373,0.499255717,0.367946297,-0.382224798,0.927609801,0.62483567,0.371845186,-0.32772091,0.783563912,0.508627832,0.367658883,-0.33123073,0.908457398,0.615779102,0.370269597,-0.268678248,0.743274331,0.618014038,0.508446753,-0.00783476699,0.999752343,0.522585034,0.507954419,0.00799197,0.999404669,0.61701566,0.635065377,-0.0586132854,0.941340148,0.512372851,0.632524192,-0.0283175651,0.911661804,0.595217884,0.744414091,0.177178517,0.904261529,0.519637942,0.743433893,0.206215367,0.85090965,0.587246716,0.753361464,0.189754009,0.479096532,0.527005672,0.75374341,0.217827246,0.396967173,0.59089005,0.783477724,-0.0569862686,0.897535,0.521526635,0.780204535,-0.0173910148,0.847098708
2433.3333333333335,0.564089596,0.321305335,-0.0599752776,0.999680519,0.57585007,0.316494346,-0.0226549897,0.999489129,0.581898749,0.317107886,-0.0226857718,0.999447703,0.587097704,0.317609489,-0.0227386374,0.999577165,0.555995286,0.31611073,-0.0260108989,0.999248087,0.549238145,0.316595554,-0.0259938408,0.999105096,0.543230534,0.317134112,-0.0259705633,0.999235272,0.59705621,0.322460324,0.178346127,0.999489307,0.534559727,0.321381778,0.164234132,0.998828351,0.577218831,0.330423027,0.0172028262,0.999444366,0.55318594,0.330973178,0.0126722353,0.999025226,0.6348297,0.368368953,0.19587861,0.999871492,0.492897362,0.367047578,0.192048267,0.999168038,0.649187922,0.410016686,-0.0845396444,0.980049133,0.506700814,0.410670757,-0.0379636064,0.917618215,0.526566148,0.372726589,-0.329909295,0.974110663,0.597448826,0.377882689,-0.271956742,0.882907808,0.499556869,0.371698,-0.408175051,0.932764,0.624850273,0.378225923,-0.344193161,0.801130772,0.498638511,0.368156,-0.37405917,0.928188503,0.624468863,0.372303545,-0.3349334,0.788288713,0.507938921,0.367848188,-0.323990196,0.908994198,0.615309656,0.370644569,-0.27609995,0.748097479,0.618080914,0.508446,-0.00818960834,0.999751866,0.522693157,0.507934749,0.00835652649,0.999404728,0.616905868,0.635082185,-0.0590706393,0.941892564,0.512378275,0.63252604,-0.0263824295,0.91261518,0.595218956,0.744778752,0.175620839,0.905157566,0.520250082,0.743690133,0.207255214,0.851195395,0.587337732,0.753885567,0.187998667,0.479022354,0.528610349,0.754143894,0.218726352,0.396623969,0.590894878,0.783684194,-0.0592442565,0.898002088,0.521627247,0.780350327,-0.0168770775,0.847396
2450.0,0.563872516,0.321229756,-0.060295064,0.999682546,0.575651526,0.316322893,-0.0231437199,0.999491036,0.581721842,0.316913307,-0.0231796298,0.999450803,0.586883903,0.317358524,-0.0232366547,0.999579966,0.55575192,0.316003323,-0.0262047742,0.999249935,0.54902029,0.31647861,-0.0261883605,0.99910593,0.542989373,0.316988558,-0.0261616856,0.999236166,0.596989751,0.322056949,0.177884609,0.999494851,0.534287155,0.321138352,0.164456636,0.998834252,0.577050686,0.330356032,0.0169163328,0.999451816,0.553019524,0.330971926,0.0126398606,0.999031603,0.635043919,0.367503136,0.195496485,0.999875605,0.492899984,0.367069036,0.194115907,0.999194741,0.649187267,0.410855383,-0.0795965865,0.980598509,0.507092774,0.410910755,-0.038549453,0.91936332,0.526492953,0.373486459,-0.319223315,0.974799454,0.597388148,0.377865225,-0.275400698,0.885940075,0.499151,0.373211801,-0.396921515,0.93408668,0.624563456,0.378103763,-0.346525759,0.804672778,0.498061,0.369439,-0.363743633,0.929599,0.624055743,0.372306406,-0.336829871,0.79188782,0.507440269,0.368958026,-0.31330958,0.910568178,0.615041077,0.370662659,-0.279346317,0.751695037,0.617903352,0.508362055,-0.00820765179,0.999753535,0.52265054,0.507932723,0.00837993156,0.999408185,0.615802824,0.635385096,-0.0553092025,0.941911,0.512328386,0.632909477,-0.0235491041,0.912967503,0.593773603,0.745381415,0.1747161,0.905563653,0.520247519,0.744585574,0.206704542,0.850730121,0.58643645,0.754501343,0.186807498,0.480205,0.528641284,0.755870402,0.217765316,0.395550102,0.590900421,0.783979356,-0.0606026389,0.898405671,0.521823943,0.780603051,-0.0178979021,0.847164
2466.6666666666665,0.563864112,0.321204484,-0.0399705917,0.999687314,0.575437427,0.316209137,-0.00326457107,0.999499619,0.581496179,0.316689759,-0.00332682068,0.999462962,0.586582839,0.316997975,-0.00342107867,0.999591231,0.555610538,0.315997571,-0.00498256506,0.999257743,0.548898101,0.316473931,-0.00496950746,0.99911356,0.542889953,0.316973239,-0.00490974868,0.999240577,0.596747816,0.321396977,0.191602409,0.999512911,0.534067452,0.321103692,0.18379797,0.998826802,0.577044845,0.330213577,0.0343327038,0.999459445,0.553024888,0.331004441,0.0317164958,0.999021888,0.635294199,0.36661154,0.198773414,0.999880552,0.493177742,0.367425531,0.221609712,0.999162912,0.649261117,0.411100447,-0.0506485,0.981287539,0.509198904,0.411141,-0.0236874782,0.914254487,0.525729835,0.376452327,-0.239461944,0.975690305,0.59562844,0.377494,-0.282328397,0.882179618,0.49778381,0.377524376,-0.310444146,0.935857892,0.620807648,0.376819611,-0.356609404,0.800316393,0.496205032,0.373272061,-0.278661191,0.93152678,0.619872391,0.371919543,-0.349877596,0.787359178,0.505646467,0.372454613,-0.232052132,0.912775874,0.610285938,0.370363891,-0.289505869,0.746835828,0.61774981,0.507766902,-0.00882697478,0.999753594,0.522575259,0.507824719,0.00903468672,0.999404788,0.615538776,0.635145843,-0.0531180874,0.942885876,0.512327492,0.632968903,-0.0228224061,0.913838089,0.59318167,0.74539417,0.161426365,0.906714916,0.521027327,0.746605098,0.188356802,0.851120055,0.585519254,0.7546345,0.171008423,0.480708,0.52901417,0.758667111,0.196338519,0.393403292,0.591121078,0.783971,-0.0738996714,0.899304628,0.523447216,0.78146708,-0.0357472934,0.847024918
2483.333333333333,0.563860297,0.320754617,-0.0355038345,0.999688148,0.575341702,0.315736502,0.00105782133,0.999501944,0.581407249,0.316097081,0.000986932078,0.999468267,0.586472809,0.316297442,0.000882699,0.999597967,0.555524,0.315671116,-0.000347016496,0.999254942,0.548798919,0.316155881,-0.000327582413,0.999107242,0.542789817,0.316640526,-0.000256377709,0.999232173,0.596638143,0.320577919,0.195010453,0.999524951,0.533866942,0.320739567,0.188008279,0.998790324,0.577042758,0.329631776,0.0382611044,0.999455273,0.55304,0.330760598,0.035878256,0.998987496,0.63549161,0.366001695,0.198588595,0.999883413,0.493842572,0.367469728,0.23702243,0.999073,0.649441183,0.411119103,-0.046971295,0.981880307,0.509947062,0.410986036,-0.00344544067,0.904804409,0.525419831,0.377962381,-0.230067164,0.976594,0.593933463,0.377483,-0.279213667,0.874998,0.497464895,0.38062048,-0.2997711,0.937768519,0.618023157,0.37679854,-0.352436662,0.79237771,0.495562136,0.376421183,-0.268155515,0.933569193,0.61293143,0.371801347,-0.347170383,0.779163,0.504818439,0.375224799,-0.222403958,0.915182233,0.604188859,0.370402366,-0.287080377,0.738275,0.617686152,0.507358372,-0.0115627488,0.999746799,0.522582948,0.507570684,0.0118442569,0.999377608,0.615382195,0.635087311,-0.0542584546,0.943348646,0.512239158,0.632968545,-0.0230070986,0.913966,0.592730701,0.745717168,0.132244453,0.906891048,0.521131814,0.748005629,0.161676943,0.850747049,0.584630132,0.755481303,0.139522061,0.479259074,0.529030681,0.760524,0.16723451,0.391474605,0.591610849,0.784022331,-0.101360641,0.899240673,0.523474514,0.782148659,-0.0610386245,0.845920861
2499.9999999999995,0.563848317,0.32050693,-0.0386079028,0.999693155,0.575286269,0.31550929,-0.00187857833,0.999510109,0.581370771,0.315873176,-0.00194051489,0.999478638,0.586433589,0.31603387,-0.0020329156,0.999606371,0.555433571,0.315379739,-0.00380243547,0.999267519,0.548621833,0.315839559,-0.00378426746,0.999123514,0.542560577,0.316283524,-0.00372610311,0.999246061,0.59656471,0.320216179,0.193604156,0.999539554,0.533336341,0.320429355,0.18510969,0.998808,0.577034593,0.329486,0.0358841456,0.999464571,0.553019285,0.33056879,0.032864,0.99899739,0.635579944,0.365341067,0.198269039,0.99988687,0.493762821,0.367477328,0.229140371,0.999072373,0.649438083,0.411150128,-0.0534760915,0.982333839,0.510564148,0.410863519,-0.013902951,0.905082285,0.525179744,0.379178137,-0.254505545,0.977064133,0.594697773,0.377459228,-0.280182064,0.876015961,0.497317791,0.382132024,-0.326774865,0.938500702,0.618471503,0.376634479,-0.353308767,0.792897701,0.495173067,0.377677649,-0.294226557,0.934333324,0.613932908,0.371792614,-0.346615285,0.779416263,0.504158914,0.37640661,-0.247201145,0.916027963,0.60539633,0.370438278,-0.287342042,0.738007486,0.617674172,0.50720793,-0.013076704,0.999743104,0.522534907,0.507515311,0.0133699849,0.999366641,0.615374863,0.635181308,-0.0630744547,0.943682313,0.512142539,0.632978,-0.0232091937,0.913943648,0.592357159,0.74647373,0.135883942,0.906943,0.520935893,0.748561,0.168582723,0.85015,0.584627,0.756451845,0.144689932,0.477869123,0.528650761,0.760758579,0.175608546,0.39069286,0.591345251,0.78436321,-0.100287519,0.899,0.523367584,0.78247571,-0.0556158088,0.845162868
2516.666666666666,0.564195216,0.320425957,-0.0399001576,0.99970144,0.57534796,0.315442502,-0.00327741564,0.999521494,0.58137542,0.315807045,-0.00333934091,0.999491274,0.586435378,0.315941453,-0.00343074836,0.999616265,0.555616856,0.315277427,-0.00521639641,0.999286473,0.548755646,0.315702021,-0.00519973692,0.999147058,0.542610109,0.316131681,-0.0051521631,0.999267638,0.59653151,0.320075065,0.192695975,0.99955225,0.533262134,0.320278198,0.183792964,0.998841107,0.577123821,0.329412788,0.0347322226,0.999476671,0.553245306,0.330403417,0.0316808522,0.99902159,0.635709822,0.365111291,0.198209047,0.999890208,0.493448734,0.367483407,0.224011973,0.999098778,0.649429858,0.411190599,-0.0561718754,0.982734323,0.510708272,0.410749555,-0.0188913606,0.908492744,0.525166333,0.379643798,-0.270204872,0.977672696,0.595887303,0.377439559,-0.280176312,0.880997956,0.497322321,0.38227579,-0.344416082,0.939734638,0.619659662,0.376636505,-0.353170753,0.799364805,0.495181888,0.377890527,-0.311845452,0.935613453,0.616791725,0.371781528,-0.344853967,0.786045492,0.504126966,0.376676977,-0.263457537,0.917526662,0.608334064,0.37044248,-0.286031872,0.744912088,0.617657661,0.507125139,-0.0136303073,0.999739945,0.522507966,0.507467,0.0139191747,0.99936074,0.615121067,0.635475755,-0.0631141588,0.944460154,0.512106121,0.632968128,-0.0224648193,0.914738119,0.592075884,0.747059286,0.140009597,0.907689035,0.520760715,0.748431563,0.172609,0.850643814,0.584639,0.757079184,0.149315238,0.4776811,0.528606653,0.760451555,0.180434242,0.391546816,0.591021836,0.785342872,-0.0964762121,0.899489522,0.522871256,0.782593668,-0.0516205654,0.845820308
2533.3333333333326,0.565152407,0.320347667,-0.0414738432,0.999709547,0.575780034,0.31533438,-0.00457337871,0.999532104,0.581533313,0.315677226,-0.00462793093,0.99950254,0.586607337,0.31577915,-0.00471089501,0.999624789,0.556394815,0.315129787,-0.00676723802,0.999306202,0.549399316,0.315503508,-0.00675072428,0.999171,0.542939425,0.315916151,-0.00670361333,0.999290764,0.59654057,0.319759756,0.193132952,0.999561429,0.533257306,0.319960028,0.183103353,0.998880684,0.57749027,0.329358906,0.0336679295,0.999485612,0.553901,0.330270141,0.0302625801,0.999047458,0.635857,0.365034,0.202417508,0.999892712,0.493200451,0.367451936,0.222156376,0.99913913,0.649354279,0.411633313,-0.0517124422,0.982955754,0.51044929,0.410673201,-0.0208111424,0.914045393,0.525162101,0.380236208,-0.276220649,0.978179872,0.599019706,0.377245396,-0.262025535,0.888112426,0.497294843,0.382291108,-0.35140875,0.940860808,0.623065591,0.376349896,-0.333184332,0.809143782,0.495182842,0.377828211,-0.319125563,0.936769426,0.621347249,0.371274024,-0.321508706,0.796250463,0.504127383,0.376729041,-0.269965351,0.918906033,0.613509417,0.370100826,-0.264698029,0.755990148,0.617630422,0.507121,-0.0138039803,0.999735236,0.522510827,0.507453442,0.0140905036,0.999357283,0.614598095,0.635979116,-0.0631092116,0.944659948,0.512102365,0.632985651,-0.0222286,0.914993584,0.591403961,0.747681,0.142392427,0.907307625,0.520762,0.748356879,0.174949691,0.850150764,0.584530294,0.757723,0.152011573,0.475541055,0.528777599,0.76029551,0.1830865,0.391533107,0.590598524,0.785378635,-0.0940548256,0.899050593,0.522597849,0.782586336,-0.0494894534,0.845661879
2549.999999999999,0.565453529,0.320352077,-0.0424367189,0.999717653,0.576031685,0.315329403,-0.0054244753,0.999542654,0.581656933,0.315670133,-0.00547663542,0.999513626,0.586806655,0.315767437,-0.00555682229,0.999633312,0.556667209,0.315109134,-0.00778218545,0.999325752,0.549598634,0.315458626,-0.00776562933,0.999193847,0.543031,0.315857708,-0.00771844666,0.999312341,0.596703112,0.319748282,0.192604065,0.999570608,0.533274949,0.319864094,0.182343751,0.998911619,0.577631772,0.329363644,0.0328958035,0.999492049,0.554085851,0.330272,0.0293663349,0.999065697,0.636257708,0.365020126,0.201895714,0.9998945,0.493193179,0.367509425,0.22016573,0.999170899,0.649107516,0.412110388,-0.049362205,0.983228,0.510303676,0.410949349,-0.021684356,0.918036163,0.52509892,0.380525619,-0.265395701,0.978720427,0.600000441,0.376712769,-0.269342184,0.89361918,0.497245669,0.382406294,-0.338692814,0.942068636,0.623509526,0.375123173,-0.340543687,0.816657126,0.495126694,0.377945244,-0.307004482,0.938028514,0.622310936,0.370284528,-0.322647452,0.804060519,0.504048824,0.376900703,-0.258891016,0.92036742,0.61488,0.369529217,-0.26950115,0.764388502,0.617608666,0.507125914,-0.0141205993,0.999728799,0.522523761,0.507448137,0.0143991327,0.999351621,0.614598572,0.63633436,-0.0615840629,0.9446854,0.512142599,0.632964313,-0.020168826,0.914816499,0.590990603,0.747893393,0.142604426,0.906679153,0.520740926,0.748289108,0.175268918,0.849174142,0.5845052,0.757969439,0.152055785,0.473718584,0.528774679,0.760154784,0.183227226,0.391119123,0.590363085,0.785375476,-0.0924170166,0.898517966,0.522521079,0.782577455,-0.0479438938,0.844797373
2566.6666666666656,0.565918,0.320352525,-0.0470130891,0.999723613,0.57631582,0.315302104,-0.0103353243,0.99955076,0.581850469,0.315628648,-0.0103925047,0.999522269,0.587151468,0.315709651,-0.0104714753,0.99963963,0.556946337,0.315075099,-0.0125327772,0.999340653,0.549818,0.315406024,-0.012512343,0.999210835,0.543142259,0.315796971,-0.0124519728,0.999328196,0.59701246,0.319628388,0.188726306,0.999578178,0.533326149,0.31977886,0.179064646,0.998936713,0.577984035,0.329371095,0.0291383658,0.999495,0.554500759,0.330265015,0.0258843377,0.999078155,0.636827707,0.364856124,0.201625988,0.999895573,0.493202478,0.367455065,0.219510406,0.999195218,0.649096131,0.412380099,-0.0510160848,0.983414114,0.509646297,0.412150264,-0.0229574703,0.921750247,0.524924576,0.380792111,-0.269817263,0.979169548,0.599900305,0.376723409,-0.272746146,0.898786783,0.497192,0.382969,-0.344281644,0.943065524,0.623523891,0.375090271,-0.345342785,0.823766589,0.495034724,0.378675461,-0.312735677,0.939057887,0.622638285,0.37009272,-0.325925,0.811468601,0.503771961,0.377488941,-0.263605058,0.921580553,0.615307629,0.369460315,-0.271982729,0.77232188,0.617596269,0.507262766,-0.0143640423,0.99972266,0.522453785,0.507457554,0.0146458494,0.999342322,0.614500761,0.636897147,-0.0612566918,0.944133222,0.512081504,0.633029163,-0.0181434043,0.914364815,0.589917839,0.748441815,0.142356962,0.905133903,0.520775735,0.748477638,0.175758243,0.847607076,0.583526075,0.758903563,0.151658833,0.47199735,0.528875649,0.760448575,0.183622301,0.390488565,0.590221465,0.785369456,-0.0917306244,0.897035897,0.522511363,0.782582462,-0.0472374521,0.843099356
2583.333333333332,0.566001,0.320453376,-0.0352363661,0.999722779,0.576474905,0.315359622,0.000647207606,0.999545515,0.581937551,0.315681428,0.000598269,0.999516,0.587308,0.315766513,0.000524595904,0.999635816,0.557106435,0.315093219,-0.000412570836,0.999339879,0.549904525,0.315407306,-0.000395807147,0.999209702,0.543185353,0.315791965,-0.00034163185,0.99933219,0.597367465,0.319661975,0.19511731,0.999569356,0.533501625,0.319740891,0.189942524,0.998927176,0.578064859,0.329538554,0.0393595062,0.999473631,0.554553151,0.330278367,0.0375139229,0.999053717,0.637387395,0.364851207,0.206517309,0.999893129,0.492996395,0.367556036,0.227751568,0.99921,0.649100125,0.412567735,-0.0293047577,0.983203769,0.507715,0.414363027,-0.0165012702,0.923507452,0.524737477,0.381428868,-0.21901232,0.97901392,0.599837601,0.376680315,-0.273591161,0.902452707,0.497073203,0.38319397,-0.287820578,0.942604661,0.623478234,0.374712974,-0.346019417,0.828849256,0.494922489,0.378951669,-0.256588519,0.938501298,0.622589707,0.369682193,-0.328954,0.816714466,0.503523946,0.377908111,-0.211919755,0.920861244,0.615198672,0.369236737,-0.274107218,0.777905941,0.617565036,0.50721848,-0.0147952102,0.999713123,0.5222857,0.507373273,0.0150698693,0.999331415,0.614597261,0.636853158,-0.0604510047,0.943989098,0.51205343,0.632864654,-0.0178322587,0.914486885,0.589921653,0.748422,0.134215832,0.904585123,0.52077508,0.748446643,0.168839678,0.847022176,0.583539188,0.758809268,0.142436028,0.469370693,0.528962,0.760358036,0.175962836,0.38947016,0.590067446,0.785330415,-0.098165527,0.896463394,0.522426307,0.782577872,-0.0514230505,0.842319667
2599.9999999999986,0.567257047,0.320513308,-0.0347391292,0.999730349,0.577340543,0.315437198,0.00250812364,0.999556541,0.58260417,0.31573832,0.00245503453,0.999527454,0.588366151,0.315832466,0.00237909285,0.999644876,0.558057368,0.315129697,0.000505942095,0.999357641,0.550696492,0.315417558,0.000525346783,0.999230325,0.543611109,0.315794051,0.000589548959,0.999351561,0.597950637,0.319759697,0.200493231,0.999578655,0.533659697,0.319746017,0.190599248,0.998948216,0.579052,0.329618514,0.040697176,0.999474823,0.555632055,0.330288917,0.0376549475,0.999062181,0.637788117,0.364799887,0.207578987,0.999895215,0.492789835,0.36784178,0.230559662,0.999211311,0.649198,0.412677914,-0.0335950255,0.983645,0.506990731,0.4162682,-0.0172043182,0.925888598,0.524435341,0.381961,-0.23579967,0.979884565,0.598030865,0.376784235,-0.285817981,0.906860173,0.496717662,0.383867562,-0.308509886,0.944597423,0.622271419,0.374699891,-0.361159116,0.835246086,0.494288743,0.379543185,-0.27734229,0.940579891,0.62177217,0.369641513,-0.345414639,0.823408365,0.502501965,0.378463,-0.229148462,0.923363507,0.614525378,0.369239211,-0.287427545,0.78523916,0.617623508,0.507425725,-0.0150965834,0.999706626,0.522282124,0.50753808,0.0153797027,0.999315679,0.614597321,0.637137592,-0.0605994537,0.94337213,0.512037456,0.63286978,-0.0180653799,0.912936091,0.589933038,0.748411238,0.134637147,0.901527643,0.520734429,0.748608947,0.166239187,0.843054891,0.583617628,0.758732796,0.143213183,0.463507533,0.528804541,0.760595381,0.173362941,0.385170072,0.590177476,0.785347044,-0.0973129,0.893565297,0.522405624,0.782573,-0.0549099036,0.838041186
2616.666666666665,0.567836,0.32052663,-0.035683427,0.999733567,0.577875316,0.315494865,0.0022838437,0.999560356,0.582958341,0.315784603,0.00223212573,0.999531567,0.5889,0.31589,0.00215887721,0.999648392,0.558615923,0.315148771,-0.000393492577,0.999365747,0.551065385,0.315420657,-0.000374927913,0.999240518,0.54375571,0.31579414,-0.000313143,0.999362111,0.598181665,0.319827527,0.203048527,0.999580085,0.533665359,0.319743067,0.189682215,0.998956919,0.579396605,0.32964614,0.0403879918,0.999470651,0.555847406,0.330279827,0.0366048887,0.99906069,0.638017952,0.364807606,0.211705178,0.999896288,0.492223054,0.368213117,0.228331938,0.999219835,0.649241567,0.412876606,-0.0352284312,0.983903766,0.507331133,0.417443842,-0.0178041514,0.928985536,0.524722219,0.382622868,-0.245877385,0.980383158,0.598439932,0.376781315,-0.285703331,0.911231816,0.49680075,0.384124935,-0.318567693,0.945636392,0.622725427,0.374287248,-0.36078003,0.841398716,0.494311243,0.379634559,-0.287037224,0.941642165,0.622074246,0.369469,-0.345492572,0.829819,0.502512455,0.37856251,-0.239275813,0.924601197,0.614694893,0.369180113,-0.287420243,0.792150736,0.617627621,0.507440746,-0.0147552295,0.999699712,0.522250175,0.507570505,0.0150424251,0.999301791,0.614594162,0.637190282,-0.0606989264,0.942403138,0.512032092,0.632873654,-0.0196983423,0.911324561,0.589873254,0.7483778,0.135727644,0.898727417,0.520651698,0.748609781,0.167424724,0.839331567,0.583587706,0.758718073,0.144465417,0.45846805,0.52859205,0.760706544,0.174837813,0.381147981,0.590138137,0.785471201,-0.0963944644,0.890875816,0.522349298,0.782568932,-0.0549745895,0.834423423
2633.3333333333317,0.568684042,0.320530534,-0.033482559,0.999735,0.578587532,0.315515935,0.0052646324,0.999561,0.583626866,0.315797597,0.00521991542,0.999532104,0.589856803,0.315907091,0.00515126204,0.999649,0.55933708,0.315151244,0.00142502191,0.999370515,0.55167073,0.315420777,0.00143916823,0.999247551,0.544068933,0.315786034,0.00150333624,0.999370694,0.598526776,0.319864392,0.207486734,0.999578774,0.533750415,0.319735,0.189680979,0.998968124,0.57995528,0.329655111,0.043241486,0.999465942,0.55633378,0.330268264,0.0379832201,0.999062955,0.63810432,0.364808768,0.218311816,0.999897122,0.491526067,0.36848703,0.228268892,0.999234796,0.649164677,0.413132668,-0.0184177868,0.983870268,0.507769167,0.418230653,-0.00450996123,0.932136774,0.524731755,0.383593529,-0.226284593,0.980472326,0.599156,0.378752679,-0.245492131,0.915059388,0.496805549,0.385136694,-0.299509585,0.945636809,0.624513328,0.376541525,-0.31635192,0.84653461,0.494288981,0.380275071,-0.268538266,0.941595852,0.623440862,0.370750606,-0.301971167,0.83512038,0.502468228,0.379206955,-0.220061243,0.924533069,0.615672767,0.370381057,-0.246458665,0.797738492,0.617780864,0.507430613,-0.0141679198,0.999693334,0.522249579,0.507573128,0.0144692184,0.999289334,0.614502251,0.637197554,-0.0616133101,0.942359507,0.511892676,0.632916093,-0.0222386662,0.911588371,0.589935243,0.748355,0.137646541,0.897549391,0.520376086,0.748719454,0.168259174,0.838169277,0.583685756,0.758695364,0.147079289,0.456374615,0.52828151,0.761020482,0.175874501,0.378992081,0.590321481,0.785498619,-0.0943111703,0.889520943,0.522072613,0.782574832,-0.0546870083,0.832879961
2649.999999999998,0.568722665,0.320561051,-0.0293859933,0.999734461,0.578726888,0.315556496,0.00907553732,0.99955672,0.583751321,0.315827876,0.00903731585,0.999527216,0.590075791,0.315934598,0.00896826945,0.999646187,0.559399247,0.315175205,0.00544397952,0.999368906,0.551688731,0.315429956,0.00545782549,0.999246061,0.544081032,0.31578812,0.00552711403,0.999372661,0.598712325,0.319898099,0.208790317,0.999572515,0.533829927,0.319735199,0.19213523,0.998959541,0.580038846,0.329672366,0.0464695245,0.999454379,0.556329787,0.330272883,0.0414677337,0.999050617,0.638155341,0.364806801,0.220228389,0.999897182,0.491003424,0.368557811,0.229501948,0.999242604,0.649255157,0.413759023,-0.00692158099,0.983972609,0.507813871,0.419902921,-0.00158802536,0.934248507,0.524787,0.384487718,-0.194885463,0.980585635,0.599716783,0.380421698,-0.241764575,0.917852521,0.496812284,0.386037856,-0.26399675,0.945532501,0.625939965,0.378559113,-0.311793059,0.849963605,0.494233072,0.380700886,-0.231305271,0.941425,0.624408305,0.372187704,-0.295675844,0.838575542,0.502401531,0.379610807,-0.187250271,0.924325407,0.616255105,0.37160477,-0.242220476,0.801296,0.617612958,0.507465899,-0.0131341284,0.999687254,0.522154212,0.507591784,0.0134237753,0.999278069,0.613720417,0.637191534,-0.0608864054,0.9416399,0.511898279,0.633077443,-0.0235282108,0.910659194,0.590052605,0.74833709,0.141334891,0.895790517,0.520137608,0.748963296,0.168816969,0.835927904,0.583949924,0.758664906,0.151401818,0.451485038,0.527951241,0.761349142,0.176578686,0.37533316,0.590557575,0.785499692,-0.088381283,0.887813926,0.522108614,0.782609046,-0.0542291366,0.830758095
2666.6666666666647,0.568854153,0.32060948,-0.0305004939,0.999733865,0.578875,0.31560123,0.00788437,0.999551713,0.583856821,0.315863073,0.00784285925,0.999521673,0.590229452,0.315970957,0.00777054252,0.999642432,0.559530675,0.31519413,0.00452841399,0.999365747,0.551784098,0.315433323,0.00454362296,0.999243379,0.544141889,0.315787405,0.00460986141,0.99937284,0.59879005,0.319963098,0.207695693,0.999561369,0.533898056,0.319732815,0.191532627,0.998951077,0.580171883,0.329739362,0.0454333313,0.999443829,0.556348681,0.330282539,0.040708,0.999044657,0.638418674,0.364807755,0.219615892,0.999897182,0.4904176,0.368824095,0.228759572,0.999259531,0.649314344,0.414595544,-0.0077113132,0.983928859,0.507067382,0.422425359,-0.00154511305,0.936985195,0.525465965,0.385015547,-0.205077156,0.980711579,0.600560069,0.381855667,-0.2371528,0.921124697,0.497372895,0.386560977,-0.276278,0.94562459,0.627537668,0.380227566,-0.306845576,0.854314268,0.494402617,0.380901664,-0.244264171,0.941500187,0.625613093,0.373803347,-0.291956097,0.843046248,0.502547562,0.379727781,-0.198171183,0.924376,0.61717248,0.373056352,-0.237809554,0.806057632,0.6176278,0.507780135,-0.00954987761,0.999682665,0.522151887,0.507762969,0.00982045,0.99926877,0.613111138,0.637232482,-0.0536103174,0.940714359,0.511927128,0.633245647,-0.0236571133,0.910446584,0.590062,0.748391151,0.149944127,0.89471519,0.520132899,0.749074936,0.169682145,0.834435701,0.583760321,0.758872747,0.160106689,0.450011283,0.527895153,0.761495352,0.17784901,0.373087674,0.590818048,0.785917938,-0.0793946832,0.887117326,0.522232354,0.782738268,-0.0523273833,0.829564512
2683.333333333331,0.568955719,0.320705891,-0.0275985803,0.999732494,0.578995049,0.315673649,0.00984192174,0.999545038,0.583959579,0.315926015,0.00980382692,0.99951458,0.590388358,0.316038758,0.00973728299,0.999637842,0.559614778,0.315237075,0.00642881449,0.999358892,0.551838875,0.315448105,0.00644510379,0.999235,0.544178545,0.315789044,0.00651572924,0.999368429,0.598873138,0.320041656,0.207504034,0.999550223,0.533901334,0.319717586,0.191858694,0.998930097,0.580262482,0.329820782,0.0477242246,0.999429584,0.556346357,0.330306143,0.0431226455,0.999026477,0.638615429,0.364726901,0.22374478,0.999898314,0.489906758,0.368958145,0.229335949,0.999272943,0.649349153,0.415130258,0.00660369592,0.983905613,0.505968928,0.42572251,0.0158946626,0.938878775,0.526250303,0.385419399,-0.179577246,0.980805278,0.600736141,0.384052336,-0.205057323,0.923367381,0.497648239,0.386700839,-0.248114809,0.94558537,0.628291488,0.382419467,-0.272349745,0.85681206,0.49459517,0.380883276,-0.21567516,0.941436,0.626182,0.376034111,-0.257818311,0.845532119,0.502740741,0.379708737,-0.172216758,0.924271762,0.617447436,0.375027061,-0.205547035,0.808561206,0.617598832,0.507944822,-0.00746579096,0.99968183,0.521971,0.507846057,0.00772748236,0.999264,0.612734675,0.637191355,-0.0505235568,0.939160883,0.511937,0.633247077,-0.0236876,0.909432232,0.59007448,0.748374403,0.152961552,0.893135,0.519661844,0.749070823,0.17028594,0.832561433,0.58350271,0.758892119,0.16334331,0.446586668,0.526915789,0.761487424,0.178904325,0.370744854,0.590903163,0.786106944,-0.0747931078,0.886077523,0.522279501,0.782812297,-0.0484254919,0.828272402
2699.9999999999977,0.568916261,0.320747077,-0.0331342518,0.999726713,0.578994036,0.315729111,0.002916564,0.999529064,0.58395648,0.315987974,0.00287933904,0.999497652,0.590382695,0.31611231,0.00281338417,0.999625087,0.559582055,0.315258533,0.000463966,0.999339759,0.551764131,0.31545347,0.000485916447,0.999212384,0.544139862,0.315789104,0.000562545378,0.999351084,0.598880708,0.320129097,0.196588695,0.999530554,0.53385359,0.319711298,0.185370699,0.998884857,0.580254674,0.329854876,0.0409275666,0.999408245,0.556106687,0.330308884,0.0375401266,0.998998523,0.638914645,0.364728421,0.214880884,0.99989742,0.489789277,0.368992716,0.226773158,0.999274254,0.649354815,0.41582641,-0.00314081786,0.983904719,0.505283535,0.425848335,0.00976590253,0.940027237,0.526655853,0.385629117,-0.18839632,0.980908096,0.600727916,0.384032458,-0.222677082,0.92506808,0.497785598,0.38684842,-0.256272048,0.945607066,0.628186822,0.382607162,-0.292486906,0.85876447,0.494612753,0.380958647,-0.223763824,0.941433072,0.626148164,0.376433641,-0.278892308,0.847435057,0.502747416,0.379758686,-0.180669188,0.924220383,0.617400765,0.375342757,-0.224275187,0.810394049,0.617584109,0.508243859,-0.00741657661,0.999676645,0.521848619,0.507918119,0.00767614646,0.999252439,0.612758696,0.637054563,-0.0498416238,0.938535929,0.511930048,0.633257866,-0.0236865226,0.909332395,0.590150833,0.74835819,0.155153587,0.892701387,0.519652486,0.749066234,0.172106192,0.832546175,0.583365381,0.758869886,0.165638477,0.445329309,0.526898861,0.761469543,0.181055725,0.370282918,0.591025293,0.786367655,-0.071787715,0.885829687,0.52232337,0.782960534,-0.0445897765,0.828191876
2716.6666666666642,0.568732262,0.320798457,-0.0363451764,0.999723434,0.578943372,0.315802038,-0.000477502792,0.999516666,0.583881199,0.316075325,-0.000506912067,0.999484599,0.590218186,0.316225648,-0.000567175273,0.999615252,0.559498727,0.315295249,-0.00265896786,0.999324918,0.551656485,0.315466702,-0.00262878,0.999195039,0.544104695,0.315790355,-0.00254158489,0.999338031,0.598817468,0.320274085,0.192157596,0.999513686,0.533850968,0.319689751,0.182435557,0.998845279,0.580196083,0.329905719,0.0371852554,0.999392569,0.555790186,0.330311596,0.0342827,0.998976648,0.639038384,0.364729941,0.209738821,0.999896348,0.489341348,0.369313866,0.223000973,0.99927479,0.649356842,0.416356742,-0.00743647153,0.983712792,0.505272388,0.426277608,0.0066604442,0.940857649,0.527178109,0.385628164,-0.183610678,0.980540454,0.600717127,0.384001046,-0.212832719,0.925627708,0.498143226,0.386775,-0.248979613,0.944403052,0.628105342,0.382465422,-0.279717326,0.858407,0.494709939,0.380927652,-0.216000244,0.940083206,0.626099,0.376496434,-0.263838977,0.846801102,0.502913117,0.379731655,-0.175537586,0.922580421,0.617376924,0.375430316,-0.213233232,0.809373915,0.617588043,0.508817554,-0.00749201421,0.999677,0.521724701,0.508282125,0.00774906809,0.999251,0.612903297,0.637066305,-0.0495285876,0.939391,0.511892319,0.633305669,-0.0224157125,0.911304,0.590589881,0.748317957,0.16084075,0.89517957,0.51959753,0.749032,0.183311656,0.836537957,0.583528042,0.758696139,0.171809033,0.448655218,0.526878655,0.761257,0.193053141,0.374670982,0.591083288,0.786943853,-0.0680382177,0.888266265,0.52230984,0.784208417,-0.0324561633,0.832043231
2733.3333333333308,0.568583,0.320912153,-0.0612718314,0.999723315,0.578897178,0.315886915,-0.0251843333,0.999512672,0.583851278,0.316169202,-0.025227081,0.999481201,0.590189219,0.31633538,-0.0252934489,0.999612451,0.559325755,0.315353662,-0.0266452152,0.999316573,0.55149442,0.315504253,-0.0266081225,0.999184608,0.544057786,0.315808117,-0.0265131183,0.999325812,0.598826468,0.320456415,0.170599386,0.99951148,0.533852041,0.31969741,0.163749054,0.998808742,0.580189943,0.330063254,0.0133398669,0.999395192,0.555652678,0.330379575,0.0111396164,0.998972416,0.639162958,0.36474064,0.185498819,0.999897361,0.489447713,0.369400442,0.214798257,0.999250531,0.649406433,0.416841626,-0.0409671552,0.984065592,0.505375624,0.426127851,-0.00804621819,0.938805938,0.52809,0.386456043,-0.222233698,0.980911553,0.598773539,0.384486735,-0.257384717,0.923673451,0.498283148,0.387080044,-0.289236963,0.945080101,0.627080619,0.382669538,-0.327977091,0.855033755,0.494843274,0.381146967,-0.254703403,0.940781593,0.624566913,0.376841038,-0.315074682,0.843019962,0.503063142,0.379974037,-0.213141739,0.923310161,0.615337133,0.375766695,-0.260323077,0.804764211,0.617597401,0.509350896,-0.00797942746,0.999677479,0.521550477,0.508686662,0.00823621545,0.999241829,0.613129914,0.637039304,-0.0496643633,0.940722048,0.511793852,0.633296847,-0.0197645966,0.913591266,0.591033578,0.748089492,0.166551456,0.898118556,0.519717097,0.748579919,0.193917394,0.841227472,0.583552778,0.758207858,0.177771434,0.455864668,0.527012527,0.760172307,0.203666121,0.381691784,0.591270745,0.786994398,-0.0637296289,0.891286,0.522542059,0.784190714,-0.0238480959,0.836397767
2749.9999999999973,0.568367064,0.321018666,-0.0711914077,0.999722898,0.578796268,0.315961778,-0.0338915922,0.999508,0.58378911,0.316245973,-0.0339330956,0.999477327,0.590087116,0.316423148,-0.0339878052,0.999608219,0.558959723,0.315421939,-0.0358725302,0.999307156,0.551120222,0.315561444,-0.0358447954,0.999174356,0.543875575,0.315845042,-0.0357699096,0.999313653,0.598826885,0.320581,0.166288361,0.999503791,0.533849478,0.319732845,0.157540232,0.998778403,0.580176,0.330224514,0.00487020845,0.99939847,0.555553436,0.330504239,0.00208951,0.998975933,0.639527798,0.364926,0.183861628,0.999898493,0.489672065,0.36952883,0.201463938,0.999249578,0.649526,0.417474329,-0.0594491474,0.984407783,0.505153358,0.427138507,-0.0290583856,0.939999819,0.528686106,0.387215197,-0.276295602,0.981486738,0.596557438,0.384658247,-0.281883836,0.925096095,0.498507351,0.387546897,-0.351495445,0.946422577,0.625422299,0.382705,-0.355692685,0.856841445,0.494994372,0.381703407,-0.318413556,0.942231357,0.623544574,0.376981169,-0.343953,0.844847,0.503139317,0.380559772,-0.269169927,0.92495507,0.614121139,0.375970662,-0.28507188,0.806550086,0.617700934,0.51031,-0.00690481905,0.999678433,0.521456599,0.509529829,0.00715677394,0.999240696,0.613198638,0.637207925,-0.0499700904,0.941723287,0.51179111,0.633366227,-0.0212350897,0.915680707,0.59109962,0.747630298,0.1850449,0.900275469,0.519964278,0.748508036,0.20325096,0.844975829,0.583461106,0.757451177,0.198412299,0.464123815,0.527062595,0.759813666,0.214325011,0.386797875,0.591316,0.786251724,-0.0443091,0.893623888,0.523173571,0.784117699,-0.0183011964,0.839820266
2766.666666666664,0.568188429,0.321252137,-0.0747521892,0.999718785,0.57873559,0.316143036,-0.0364499129,0.999498844,0.583758295,0.316426724,-0.0364946,0.999468625,0.590039551,0.316620797,-0.0365519859,0.999599576,0.558613896,0.315571636,-0.0395229235,0.99929,0.550726235,0.315678388,-0.0395015404,0.999153435,0.543637872,0.315918088,-0.039429564,0.999291778,0.598825157,0.320840389,0.167276382,0.999495327,0.533728898,0.319794625,0.15416193,0.998744726,0.580155849,0.330560267,0.00275610946,0.999397,0.555391312,0.330783397,-0.00136448315,0.998970807,0.639641285,0.365480244,0.18614006,0.99989897,0.489594817,0.370001644,0.194993794,0.999244511,0.649540126,0.417956173,-0.0638139844,0.984656036,0.504903674,0.428013206,-0.0330741368,0.941247702,0.528814495,0.387804031,-0.293252945,0.981889486,0.594929576,0.384670407,-0.278882712,0.926376104,0.498561502,0.387974441,-0.370508194,0.947395444,0.623095691,0.382596374,-0.352337897,0.858470619,0.495042294,0.382246763,-0.337856829,0.943291128,0.62158221,0.376932919,-0.341095537,0.846616864,0.503195703,0.381169796,-0.286914557,0.926205,0.612222552,0.375982851,-0.282005042,0.808470964,0.617776215,0.511105478,-0.00677335355,0.99967587,0.521277666,0.510498405,0.00703165773,0.999229372,0.613067329,0.637747705,-0.0547393449,0.94127363,0.511789799,0.634004056,-0.0238568615,0.915318191,0.590833664,0.747579873,0.185731873,0.899317,0.519959211,0.748511434,0.20486398,0.844424307,0.582728207,0.757393181,0.199607462,0.464746177,0.526972175,0.759769499,0.216166064,0.386747122,0.591296494,0.786215961,-0.0431083404,0.892718434,0.523190796,0.784048676,-0.0185198076,0.838913262
2783.3333333333303,0.567495,0.32142368,-0.070638895,0.999709487,0.578494668,0.316371381,-0.0327555537,0.999479413,0.583657324,0.316643357,-0.0328005143,0.999449313,0.58991617,0.316821486,-0.0328627378,0.999583602,0.557645857,0.315782875,-0.0350921936,0.999262214,0.549772799,0.315865308,-0.0350725465,0.999121428,0.542948246,0.316045851,-0.0350052305,0.999262393,0.59882319,0.321089596,0.16794391,0.999479055,0.533427477,0.319913179,0.157682836,0.998680711,0.58003974,0.33074978,0.00555458199,0.999383092,0.554819882,0.331022531,0.00240709959,0.998940587,0.639898896,0.366177231,0.181446522,0.999899209,0.4895522,0.370702177,0.198500127,0.999222517,0.649775386,0.418661952,-0.0633502752,0.985054,0.503390789,0.428492427,-0.0389710851,0.940816402,0.528782666,0.389054686,-0.274710178,0.982435763,0.594172359,0.385151863,-0.306125432,0.926552,0.498537242,0.389266044,-0.348838061,0.94866,0.623095632,0.383077115,-0.381237537,0.858575106,0.495041579,0.383442909,-0.315923214,0.944635451,0.621555686,0.377718806,-0.366701573,0.846639872,0.503186643,0.382563263,-0.267487109,0.927756786,0.611996,0.376860201,-0.308469981,0.80829376,0.61796391,0.511501968,-0.00831352547,0.999668241,0.520863712,0.511178613,0.00857791305,0.999208152,0.61304611,0.63781637,-0.0626879111,0.94060266,0.511777759,0.634367943,-0.0249476582,0.913227558,0.59078306,0.747573316,0.184147179,0.897480428,0.519959,0.748517931,0.201464072,0.84137547,0.582732797,0.761570632,0.198538512,0.461591065,0.526978076,0.759779155,0.212163582,0.383816928,0.590844572,0.786201596,-0.0434699543,0.89070338,0.523291171,0.784356296,-0.0210817438,0.83561945
2799.999999999997,0.567747891,0.321566701,-0.0720921233,0.999700367,0.578516,0.316562057,-0.0340604074,0.999460518,0.58367455,0.316808254,-0.0341023803,0.999430537,0.589938,0.316962421,-0.0341625661,0.999567509,0.557677627,0.316022277,-0.0367509648,0.999229491,0.549799144,0.316097528,-0.0367342047,0.999083042,0.542975962,0.31627804,-0.0366558731,0.999223113,0.598815084,0.321268022,0.166799471,0.999468803,0.533452749,0.320288509,0.154511,0.998609662,0.580295682,0.330859154,0.00388789829,0.999379814,0.555225432,0.331174314,0.000174156172,0.998921871,0.640157282,0.366464615,0.17935513,0.999901831,0.489756048,0.371084064,0.19960162,0.999210596,0.650388479,0.418995053,-0.0600536913,0.985445499,0.503424764,0.428147,-0.0347821191,0.939984739,0.52884227,0.391609043,-0.266340435,0.982929647,0.59388715,0.386616349,-0.292805701,0.926236451,0.498521775,0.391986817,-0.339659154,0.949764907,0.622484803,0.384711117,-0.366348416,0.857889295,0.495042145,0.385705501,-0.306991696,0.945838928,0.621455073,0.379344255,-0.352280974,0.845840096,0.503186643,0.384804577,-0.259049445,0.929241061,0.611890674,0.378601402,-0.295021862,0.807324886,0.617964387,0.512054861,-0.00829040166,0.999670863,0.52062583,0.511586249,0.00855828822,0.999205589,0.613066,0.638384,-0.0686498806,0.939642489,0.512359679,0.634851336,-0.029168522,0.911715269,0.590820909,0.747477531,0.179998055,0.89552623,0.519822717,0.748361349,0.201172084,0.840111375,0.582292855,0.76282239,0.193692282,0.460211813,0.526560843,0.759686649,0.212232143,0.383757502,0.59079951,0.785973966,-0.046279531,0.888726175,0.523291707,0.78413856,-0.0190791283,0.834249616
2816.6666666666633,0.570227325,0.321320623,-0.0704079345,0.999692321,0.579351664,0.316467136,-0.0323340558,0.999444604,0.584625959,0.316744864,-0.0323769823,0.999415219,0.591107428,0.31692189,-0.0324372202,0.999554,0.559044421,0.31592229,-0.0352560803,0.999203742,0.551276743,0.31602779,-0.0352377519,0.999056518,0.543995857,0.316246599,-0.035154514,0.999194443,0.599103391,0.321256638,0.166740417,0.99946177,0.533848,0.320309609,0.152126864,0.998550475,0.581796348,0.330676764,0.00464148959,0.9993729,0.557799399,0.331055164,0.000351903174,0.998897731,0.641000569,0.36661914,0.171544865,0.999903738,0.489832163,0.371345848,0.200776756,0.999176264,0.65174365,0.419307768,-0.0621058941,0.985692501,0.503517032,0.427256882,-0.0364320502,0.937758148,0.529287875,0.393790096,-0.26211518,0.983270824,0.592082798,0.387058854,-0.300393403,0.925305367,0.498535424,0.395001441,-0.335861832,0.950573266,0.620211184,0.385092586,-0.371978492,0.856779754,0.495070726,0.388280094,-0.302748978,0.946703732,0.620476484,0.380053312,-0.359249979,0.844603598,0.503224134,0.387183398,-0.254854649,0.930309832,0.610501111,0.379167408,-0.303382635,0.80584687,0.617999554,0.512191057,-0.01043054,0.999671757,0.52012974,0.511861444,0.0107066547,0.999195218,0.613820732,0.638345063,-0.0746587664,0.940490544,0.512370706,0.634860158,-0.0289405528,0.912086308,0.593026,0.746818364,0.160146683,0.896068752,0.519005239,0.746477783,0.197950438,0.841472089,0.585027933,0.758410811,0.172281519,0.460343301,0.526242495,0.757234514,0.208443493,0.386824638,0.591294587,0.785589457,-0.0623860955,0.888526917,0.521834254,0.783081,-0.020428475,0.835155129
2833.33333333333,0.571128309,0.320972383,-0.0699881911,0.999682307,0.579783678,0.316269428,-0.0306644011,0.999429703,0.585154355,0.316630274,-0.0307076201,0.999400675,0.591776073,0.31686154,-0.0307608321,0.999542296,0.559625924,0.315655857,-0.0341909193,0.999179721,0.551970899,0.315842301,-0.0341759808,0.999031544,0.544495,0.316155,-0.0340901688,0.999168336,0.599353135,0.321260363,0.168972045,0.999455571,0.534175813,0.320430189,0.153388202,0.998489559,0.582573414,0.330449224,0.00582930865,0.99936527,0.558642,0.330834329,0.00198856345,0.998872221,0.642100453,0.367600918,0.172535524,0.999904215,0.490029842,0.372083187,0.200889766,0.999122918,0.651791,0.419708073,-0.0690113753,0.985704839,0.503562629,0.424244583,-0.0394093543,0.934775531,0.52938056,0.395873576,-0.272005945,0.983275652,0.591413856,0.38864091,-0.300674826,0.921917856,0.498589694,0.398283571,-0.344627678,0.950641811,0.619544,0.387915462,-0.371887952,0.851609,0.495074451,0.391727865,-0.313284457,0.946819425,0.620161295,0.382400393,-0.359536141,0.839070082,0.50323,0.390507,-0.265016466,0.930398,0.610194564,0.381402016,-0.303806901,0.799690843,0.618218839,0.512190163,-0.0118541392,0.999672413,0.519571245,0.511877298,0.0121339783,0.999185503,0.614316046,0.638275504,-0.085701704,0.94079572,0.512435257,0.634857714,-0.0329331532,0.911610723,0.59331727,0.746441722,0.155923218,0.896249831,0.519000351,0.746229351,0.19465372,0.842610359,0.584827423,0.760676,0.168587491,0.459963262,0.526243329,0.757092535,0.205282465,0.38921079,0.590966165,0.785133481,-0.0679338947,0.888055384,0.521528423,0.78275454,-0.0221213102,0.835891128
2849.9999999999964,0.57105577,0.320887297,-0.0567012765,0.999671,0.579776943,0.316242248,-0.0176348,0.999414086,0.585146725,0.316627026,-0.0176929794,0.999387264,0.591757357,0.316865,-0.0177549291,0.999533176,0.559605718,0.31562525,-0.0184877813,0.999150217,0.551933,0.315839469,-0.0184781812,0.999000847,0.54447031,0.316162646,-0.0184049774,0.999133408,0.599382401,0.321326375,0.17460604,0.999454558,0.534177244,0.320696652,0.169084474,0.998381674,0.582550466,0.330388725,0.0143804876,0.99935478,0.558501,0.330810249,0.0129370978,0.998812735,0.642623901,0.368545383,0.164351061,0.999905288,0.490217477,0.372706026,0.218448475,0.998989403,0.652291894,0.420262,-0.0970022604,0.985936105,0.503654361,0.421114564,-0.0466471203,0.923094809,0.530209601,0.398948848,-0.304365873,0.983591,0.582876623,0.388721615,-0.356120944,0.912452579,0.499706119,0.403856754,-0.376959562,0.951653063,0.603053272,0.387606442,-0.430838168,0.840712965,0.495363981,0.397234708,-0.345897287,0.947945,0.604913116,0.38214305,-0.42065677,0.827755928,0.503586352,0.395500451,-0.296746165,0.9316715,0.596252322,0.381611437,-0.362125754,0.787664354,0.61850518,0.512170553,-0.017159231,0.999670744,0.519306302,0.511900842,0.0174163058,0.999161243,0.614330411,0.638231695,-0.105178766,0.940341651,0.512475073,0.634824812,-0.0379958786,0.909093738,0.593814,0.746236563,0.116951495,0.894776642,0.519058704,0.745845735,0.170066699,0.84123981,0.585917115,0.756752,0.127304912,0.455475688,0.526385963,0.756584108,0.178393677,0.389543563,0.590907872,0.784939647,-0.108764499,0.885708392,0.521483779,0.782163322,-0.0427634306,0.834057689
2866.666666666663,0.570968211,0.320928127,-0.0545399301,0.999664783,0.57977581,0.316385448,-0.0156413559,0.999407351,0.585154,0.316810101,-0.0157017782,0.999382257,0.591799378,0.317097038,-0.0157672018,0.999530196,0.55959779,0.315725535,-0.015281342,0.999136746,0.551921368,0.315974742,-0.0152744278,0.9989869,0.54447484,0.316328406,-0.0152055295,0.999115229,0.599649191,0.321645945,0.175816193,0.999460459,0.53439492,0.321192384,0.17639856,0.998318851,0.582531929,0.330520272,0.0159352962,0.999355793,0.558467031,0.330972,0.0159203559,0.998787522,0.644473135,0.369876027,0.162616655,0.999906182,0.490352213,0.373663276,0.23190473,0.998889863,0.652912855,0.421113491,-0.0974154845,0.986246943,0.503543198,0.420346588,-0.0461562239,0.913627326,0.530428886,0.401869595,-0.306578428,0.983970344,0.583670735,0.392170131,-0.343754798,0.904038429,0.499995708,0.406636596,-0.379840851,0.952783644,0.602968693,0.38878569,-0.417866,0.830482602,0.495467335,0.400214821,-0.349122852,0.949192941,0.605640411,0.384106845,-0.406492919,0.816965044,0.503783047,0.398809701,-0.298886091,0.933035612,0.59681195,0.383996516,-0.348856598,0.775922656,0.618723392,0.512156427,-0.0207406338,0.99966681,0.519301057,0.511905134,0.0210204329,0.999138832,0.614188612,0.638327599,-0.114362925,0.939262331,0.512472272,0.634800851,-0.0414964557,0.906585813,0.593731701,0.746099651,0.113195486,0.892181158,0.519084394,0.745878637,0.163834468,0.839217842,0.585246861,0.759723306,0.124287158,0.452333897,0.526409864,0.75666225,0.171979979,0.389681131,0.590544045,0.784524739,-0.111850366,0.882392108,0.521342337,0.782154083,-0.051907,0.831081867
2883.3333333333294,0.570946574,0.320932537,-0.0548633523,0.999666691,0.579797089,0.316454381,-0.0156967603,0.999414861,0.585169554,0.316926211,-0.0157615878,0.999391735,0.591824591,0.317275435,-0.0158248749,0.999538064,0.559590578,0.315751016,-0.015861202,0.999144614,0.55191195,0.316018462,-0.0158525184,0.998997927,0.544467449,0.316401511,-0.0157830957,0.999119,0.599758446,0.322030276,0.17591773,0.999474823,0.534464836,0.321504146,0.176884115,0.998293936,0.582527518,0.330542147,0.0155438278,0.999366,0.558403552,0.331018329,0.0158894043,0.998781145,0.644802153,0.371212512,0.157804385,0.999907732,0.490493894,0.374490589,0.229378968,0.998786271,0.653755367,0.422455,-0.117575891,0.98667556,0.503560364,0.418486,-0.0646932349,0.90425843,0.532483,0.404835016,-0.351566046,0.984605312,0.584001064,0.395935923,-0.407022476,0.897153318,0.503023207,0.41087535,-0.42967853,0.95463,0.602923155,0.393128,-0.486838222,0.82305795,0.496987462,0.40494442,-0.399839491,0.9512043,0.605333328,0.38762483,-0.475242883,0.80907774,0.505440414,0.403311878,-0.344593972,0.935387909,0.596289456,0.38810873,-0.412807763,0.767022192,0.61886847,0.512252748,-0.02279987,0.999663949,0.519302368,0.512114465,0.0230642892,0.999118328,0.614172697,0.638786197,-0.114361465,0.93868494,0.512444437,0.634880722,-0.0406467952,0.905003,0.593166,0.746303499,0.108051121,0.890697539,0.519107,0.74634552,0.161078781,0.839059174,0.584971905,0.762320101,0.118125834,0.452278823,0.526450872,0.75740242,0.168669656,0.392554343,0.589982867,0.7845186,-0.119810164,0.880723536,0.521193445,0.782424688,-0.0569650717,0.830372334
2899.999999999996,0.570503354,0.320932299,-0.0356708802,0.999673963,0.579741716,0.316455394,0.00279098656,0.999435604,0.585123181,0.316928029,0.00272165402,0.999415696,0.591772735,0.317287534,0.00265151868,0.999556363,0.559304655,0.315753639,0.00508366339,0.999169,0.55140388,0.316035807,0.00510380091,0.999028087,0.544175386,0.316462189,0.00513599161,0.999139071,0.599781215,0.322091073,0.190842435,0.999502599,0.534472108,0.32181868,0.200331211,0.998314,0.582517147,0.330529302,0.0332672894,0.999385118,0.558103621,0.331025034,0.0356624201,0.998784959,0.646012604,0.372175515,0.159960896,0.999909103,0.490936905,0.375323594,0.235120922,0.998644769,0.654819846,0.424542,-0.133479312,0.98693043,0.504102707,0.413558692,-0.0896163955,0.887075365,0.534020424,0.407233059,-0.373441,0.98499614,0.561055779,0.394839764,-0.462954313,0.882448375,0.505359113,0.415414542,-0.452752233,0.95596838,0.572112203,0.392126709,-0.546465337,0.808397591,0.497642189,0.4092094,-0.423032433,0.952710569,0.576974332,0.387766361,-0.536403596,0.793893337,0.506082237,0.406870246,-0.366662204,0.937129855,0.568692803,0.388539106,-0.471115112,0.751281559,0.618911862,0.51296854,-0.0241079703,0.99966222,0.519017756,0.512826622,0.0243306812,0.999102294,0.613829374,0.639672041,-0.122486763,0.938764691,0.511943519,0.635859728,-0.0401467644,0.904008269,0.592148602,0.747191668,0.106277294,0.889750242,0.519260764,0.747090042,0.163004756,0.839983404,0.584952295,0.764229,0.11687047,0.453703821,0.527182758,0.758708179,0.170874238,0.395873725,0.589421451,0.784520566,-0.121554,0.879095852,0.520042717,0.782579303,-0.0559793822,0.829956532
2916.6666666666624,0.569734871,0.320933223,-0.0292016137,0.999686182,0.579716802,0.316458672,0.00805952214,0.999461889,0.585114658,0.316937447,0.0079981517,0.999444067,0.591766536,0.317315459,0.00793772936,0.999578238,0.559079945,0.315765,0.0121858986,0.999205887,0.551029861,0.316071332,0.0122122839,0.9990713,0.543985963,0.316541851,0.0122393714,0.999173462,0.600172341,0.322275,0.191735804,0.999531686,0.534578,0.322125822,0.207324177,0.998356462,0.582508326,0.330531269,0.0377524234,0.999410629,0.557560682,0.331036031,0.0419078805,0.998814166,0.647059917,0.373395592,0.145319089,0.999911129,0.491823375,0.375714839,0.243339345,0.998539805,0.65583086,0.425332755,-0.1635236,0.987487733,0.504080296,0.411338866,-0.0886996835,0.872208357,0.533961,0.409234345,-0.405934423,0.985761106,0.54706192,0.397069842,-0.46800223,0.870305717,0.505626738,0.417515635,-0.485558808,0.958235562,0.555710316,0.396349758,-0.551396668,0.796162128,0.497634768,0.411993355,-0.45611012,0.95516181,0.571480572,0.393042892,-0.539979577,0.781231403,0.506052077,0.409766644,-0.398794174,0.940108299,0.55542618,0.39468357,-0.475903094,0.738362849,0.619032204,0.513687968,-0.029897362,0.999658763,0.518912554,0.513201654,0.0300598573,0.999080241,0.613823891,0.640130043,-0.128736153,0.939303696,0.51160419,0.636073,-0.0351088494,0.902935088,0.591801882,0.747639954,0.0972786769,0.88855207,0.521006286,0.747674048,0.164056569,0.840411484,0.585426867,0.764754117,0.107897773,0.455144942,0.530042231,0.759552717,0.171612874,0.400484741,0.589315951,0.784122825,-0.126419738,0.877491474,0.52020067,0.782576919,-0.0534403957,0.828919
2933.333333333329,0.568050385,0.320945472,-0.015443828,0.999694884,0.579210162,0.316487908,0.0227785781,0.999482691,0.58489424,0.316975027,0.0227079559,0.999467313,0.591271877,0.317389697,0.0226396471,0.999597073,0.558146298,0.315804213,0.0271129292,0.999232769,0.550164878,0.316146016,0.0271377023,0.999103069,0.543541491,0.316671044,0.0271685012,0.9991979,0.600286484,0.322557807,0.204418108,0.999556899,0.534629405,0.322549403,0.221892744,0.998371661,0.58225143,0.33060509,0.0504265763,0.999427378,0.556284785,0.331080586,0.0549355075,0.998814106,0.647815943,0.374285042,0.150701925,0.999912083,0.491959184,0.377424419,0.254676551,0.998343289,0.657483757,0.427785724,-0.148709089,0.987840056,0.505573511,0.412347883,-0.077812314,0.852936506,0.533979952,0.411479503,-0.380240709,0.986207,0.55119437,0.397966087,-0.438582778,0.852832,0.506202221,0.420083612,-0.457233429,0.959575,0.561998844,0.396843553,-0.518973291,0.778077126,0.497785896,0.414867103,-0.425959587,0.956620932,0.570396066,0.393563956,-0.506983638,0.762481868,0.50611347,0.412385732,-0.372275501,0.941775262,0.558779776,0.395391524,-0.445897371,0.71917516,0.619235098,0.51437211,-0.0307315607,0.999652624,0.518707812,0.513807,0.0308903586,0.999044776,0.613755822,0.640340865,-0.133028433,0.939071715,0.511597157,0.636431,-0.0350462608,0.900886893,0.592149734,0.747875869,0.0921624899,0.886253953,0.521024704,0.747820914,0.160981804,0.838922262,0.585983872,0.76484412,0.102731451,0.453025848,0.530032456,0.759558856,0.168175384,0.40095064,0.589306235,0.783994377,-0.133425981,0.874463737,0.520206332,0.78274864,-0.0560895465,0.826140881
2949.9999999999955,0.567464828,0.320947379,-0.0165941622,0.999689341,0.579022527,0.316432089,0.0194060132,0.999478459,0.58482939,0.31695509,0.0194070712,0.999469,0.591032505,0.317392975,0.019411318,0.999600112,0.557582319,0.315750182,0.0204890799,0.999218524,0.549660861,0.316120893,0.0205051154,0.999087274,0.543294489,0.31666702,0.0205240622,0.999172926,0.600318193,0.322680384,0.1976192,0.999569416,0.534628391,0.32266596,0.214117169,0.998291552,0.582186,0.330632508,0.0447117537,0.99942559,0.555626512,0.331082851,0.0530536,0.998760045,0.648621559,0.374633968,0.145497873,0.999913514,0.491226077,0.379087955,0.251554936,0.998040438,0.659004569,0.43018055,-0.137612551,0.988082349,0.507842541,0.416098624,-0.0232935734,0.832562506,0.534596741,0.414747894,-0.321919858,0.986232638,0.574055851,0.403819084,-0.319332957,0.830985725,0.506763399,0.423098624,-0.389250427,0.959682703,0.596492887,0.396961838,-0.388138711,0.754686654,0.498147428,0.417004198,-0.357986808,0.956739366,0.585341632,0.394916058,-0.374184817,0.738210738,0.506408632,0.414280117,-0.311771125,0.941606641,0.576274335,0.396887422,-0.323963642,0.694174707,0.619403124,0.514623344,-0.0326409601,0.999643087,0.518625796,0.514516771,0.0328759849,0.998984337,0.613815367,0.640235305,-0.126628101,0.939937294,0.511598289,0.636619,-0.0262359362,0.901026,0.593112111,0.747957,0.0967149064,0.886997342,0.522378087,0.747795939,0.164721414,0.840133727,0.587119579,0.764842331,0.107248239,0.452893317,0.53184253,0.759287536,0.17105794,0.405155689,0.589445114,0.78388238,-0.130141184,0.874059379,0.520599306,0.782756686,-0.0496223457,0.826007128
2966.666666666662,0.567341387,0.320995212,-0.0337400846,0.999672174,0.578970969,0.316411674,0.00454338267,0.999458075,0.584806859,0.316943049,0.00444512162,0.999456167,0.59091723,0.3173953,0.00433552684,0.999593,0.557263196,0.315752238,0.00727372803,0.999174953,0.54932,0.316132933,0.00729907909,0.999034703,0.543101132,0.316709638,0.00733739417,0.99910897,0.600344837,0.322713047,0.183655843,0.999573708,0.534629762,0.322824299,0.199593052,0.998145461,0.582192183,0.330696523,0.0290112793,0.999415219,0.555503368,0.331155598,0.0349776447,0.998678505,0.649108589,0.375207424,0.13759391,0.999915361,0.490969449,0.379954189,0.248085722,0.997686625,0.660896242,0.431731075,-0.129696235,0.988333881,0.508323193,0.417455405,-0.00413809065,0.804045677,0.535529733,0.417373776,-0.322139323,0.986367,0.574068964,0.409326285,-0.298012704,0.801281214,0.507719755,0.425331324,-0.390915692,0.960201561,0.598412931,0.402645051,-0.366204679,0.725759625,0.498868078,0.418829709,-0.359448254,0.957332253,0.590190232,0.403855443,-0.357165605,0.708937,0.507074773,0.416095555,-0.312362611,0.942000091,0.57538116,0.40544039,-0.304558575,0.665119648,0.619674623,0.514714122,-0.0323833525,0.999629557,0.518638551,0.514915109,0.0326480083,0.998908,0.614019454,0.640022874,-0.125507787,0.940743804,0.511702657,0.636687636,-0.026260389,0.899874449,0.593725681,0.747891307,0.10169223,0.887420952,0.523501337,0.747764051,0.169706091,0.840325713,0.587341368,0.764710605,0.11248453,0.452660739,0.532905042,0.75894624,0.176544368,0.40763095,0.589569807,0.783655,-0.125055581,0.872804701,0.520816445,0.782604635,-0.0453704335,0.82449156
2983.3333333333285,0.567353129,0.320987523,-0.0451303907,0.999646842,0.578967094,0.316183716,-0.00600931421,0.999419749,0.584799767,0.316719979,-0.00614088215,0.999428749,0.590889573,0.317189187,-0.00628687581,0.999574244,0.557255387,0.315624624,-0.00455026096,0.9991,0.54930681,0.316033,-0.00451848516,0.998948,0.543098807,0.316622615,-0.00445747469,0.999005318,0.600351155,0.322688282,0.172866821,0.999568224,0.534689665,0.322859794,0.179044843,0.997920394,0.582287788,0.33066988,0.0185169466,0.999390602,0.55562675,0.331099033,0.0208099745,0.998554826,0.64928,0.37559706,0.13174057,0.999917626,0.49033159,0.380859,0.246742189,0.997237444,0.661059141,0.434604824,-0.0999674499,0.988594592,0.507878542,0.427930325,0.0117179444,0.779422939,0.535547733,0.420616806,-0.260519236,0.98657763,0.57268393,0.407416493,-0.250361025,0.77370584,0.507779241,0.428475946,-0.326160461,0.960853636,0.613218725,0.408864558,-0.314044476,0.698284268,0.499038577,0.421572745,-0.298880756,0.958074749,0.598617,0.408772141,-0.304858267,0.681066155,0.507249713,0.418838948,-0.251433909,0.942687571,0.58740145,0.410793811,-0.255766898,0.637475967,0.620088458,0.514768422,-0.0320073813,0.999613166,0.51870805,0.515424609,0.0322969742,0.998818457,0.61476475,0.639793158,-0.12278153,0.94209069,0.51221776,0.636745453,-0.0236526988,0.899677157,0.595400691,0.747422338,0.102652669,0.88923645,0.524128437,0.747725844,0.17018649,0.841766477,0.589119792,0.7578848,0.113421239,0.454751283,0.533171058,0.758654535,0.176772624,0.411394417,0.590242267,0.783512831,-0.12259376,0.872758627,0.521030307,0.782585263,-0.0414914824,0.823850453
2999.999999999995,0.567376077,0.321010679,-0.0653641298,0.999634,0.578963339,0.316077083,-0.0262790322,0.999388754,0.584788203,0.316606492,-0.0263871066,0.999403656,0.590782046,0.317078769,-0.0265022274,0.999555349,0.55725,0.315619737,-0.0269145835,0.999053478,0.549296081,0.316034406,-0.026867412,0.998895645,0.543097913,0.316631377,-0.0268013291,0.998947382,0.600350201,0.322686315,0.158130601,0.999549568,0.534738302,0.32301873,0.153897256,0.99780339,0.582400084,0.330685109,0.00200364203,0.999374807,0.555796564,0.331133455,0.00071117573,0.998518586,0.649932086,0.376164734,0.133296579,0.999919832,0.490062445,0.381698579,0.22636795,0.997182965,0.660940766,0.436907172,-0.0613525026,0.988878906,0.505619109,0.430375725,0.0232636351,0.777531683,0.535737753,0.423789173,-0.230384231,0.986907423,0.592242956,0.420755118,-0.213557556,0.765895069,0.507941484,0.431153178,-0.297833204,0.961790144,0.631440759,0.422036,-0.276303828,0.687625825,0.499503702,0.424101382,-0.271906734,0.959114134,0.628392756,0.416822225,-0.267120332,0.67002362,0.507652879,0.421506852,-0.222131222,0.943816423,0.615399241,0.416718423,-0.216698915,0.625157356,0.620266318,0.515064418,-0.0318707451,0.999594212,0.518707097,0.516061604,0.0321543477,0.998746872,0.61546427,0.639794111,-0.105404533,0.943533361,0.512223363,0.636822283,-0.0203412604,0.901466489,0.597365916,0.747122407,0.108267441,0.892297924,0.523837447,0.747548044,0.172601312,0.845033407,0.590565622,0.755561,0.118248738,0.4599379,0.53309834,0.758332193,0.179595515,0.416818827,0.590874791,0.783453941,-0.1154247,0.87476033,0.520891428,0.782597125,-0.0363771,0.82589668
3016.6666666666615,0.567895472,0.321044475,-0.0640705,0.999607146,0.579293728,0.316056907,-0.0247587394,0.99932915,0.584952772,0.316598862,-0.0248609502,0.999351442,0.590997458,0.31708011,-0.0249711927,0.999516547,0.557806134,0.315605253,-0.025887806,0.998968661,0.549684584,0.316021264,-0.0258447826,0.998800695,0.543346882,0.316613942,-0.0257838871,0.9988482,0.600529373,0.322790891,0.16042006,0.999507308,0.535053849,0.323112637,0.152505666,0.997600436,0.582693875,0.330842614,0.00376500608,0.999331057,0.556343794,0.331138194,0.00144059723,0.998416722,0.650795698,0.376962036,0.136413306,0.999920249,0.489617646,0.382413268,0.217271522,0.997132897,0.661377132,0.438558161,-0.0387461968,0.989035487,0.504156291,0.430842072,0.030797435,0.77485,0.536847353,0.426385134,-0.195235088,0.986984134,0.591090679,0.42125684,-0.185280353,0.756873906,0.508690596,0.433189601,-0.260148734,0.96198076,0.634749472,0.424902469,-0.245047823,0.676446497,0.500173807,0.42667675,-0.232731268,0.959364474,0.633791089,0.419735074,-0.236071676,0.658553123,0.508459,0.424222648,-0.186109483,0.943984568,0.619653344,0.419867069,-0.187797323,0.612891674,0.620466948,0.515539289,-0.0292921122,0.999571383,0.518735945,0.516656518,0.0295783281,0.998674929,0.616021872,0.639854848,-0.0940518826,0.942888319,0.51278168,0.636890531,-0.0187069904,0.900114417,0.59847331,0.746988595,0.108583413,0.891543329,0.523143589,0.747298241,0.172639713,0.843684435,0.591015577,0.754641,0.118700169,0.459196776,0.532734275,0.758150816,0.179713368,0.415450215,0.591712594,0.78319037,-0.110049978,0.872697592,0.520093858,0.782632,-0.03480969,0.823279381
3033.333333333328,0.568146,0.320981979,-0.0682773888,0.999573052,0.57934624,0.315722913,-0.028361883,0.999257684,0.584968626,0.316229612,-0.0284673888,0.999288082,0.59099865,0.316722542,-0.0285790823,0.999470055,0.558132231,0.315365404,-0.0302634072,0.99886924,0.550085783,0.315803051,-0.0302214101,0.998688579,0.543645322,0.316385627,-0.0301720332,0.998733819,0.600537062,0.322751313,0.157510281,0.999448359,0.535331368,0.323137283,0.146737918,0.997325242,0.582821727,0.330823123,-0.000324160181,0.999265552,0.556796491,0.330989838,-0.00363784493,0.998261511,0.651062548,0.377287596,0.138416708,0.999918878,0.489563316,0.382996768,0.206084937,0.997004688,0.662498355,0.44029513,-0.0324355178,0.989161968,0.500619054,0.431635588,0.0222762823,0.772233188,0.539735258,0.427973658,-0.195826724,0.987075865,0.591160119,0.426373303,-0.203175589,0.747956455,0.510882437,0.435223162,-0.262023121,0.962225676,0.633005,0.426704854,-0.264755666,0.665386736,0.502023757,0.428984851,-0.235330552,0.959687889,0.632064879,0.422217697,-0.257027388,0.647282422,0.510168731,0.426248282,-0.187284037,0.944229305,0.617192,0.422840476,-0.206357047,0.600893199,0.620559037,0.51593864,-0.0267251693,0.999537,0.518848777,0.51703012,0.0270034354,0.998577118,0.616157889,0.639831901,-0.0920491517,0.94122237,0.513564706,0.63702184,-0.0194194764,0.896029115,0.598384559,0.746879339,0.105111398,0.889215648,0.521907568,0.747250378,0.165386677,0.839268,0.590945423,0.754362285,0.114014171,0.455769241,0.531010151,0.758192062,0.17205368,0.410779208,0.591907144,0.782862484,-0.112897836,0.868952215,0.518824756,0.78265518,-0.0404936746,0.817425072
3049.9999999999945,0.568216681,0.320875257,-0.082095392,0.999550283,0.579522669,0.315473586,-0.0413129032,0.999204695,0.585116327,0.315968841,-0.0414343178,0.999239743,0.591205716,0.316495776,-0.04157,0.99943608,0.558668256,0.315051049,-0.0448125079,0.998798966,0.550735652,0.315399855,-0.0447591729,0.998609185,0.544059932,0.3158485,-0.0446913578,0.998658061,0.600756586,0.322716057,0.14946647,0.999403119,0.535787463,0.322917283,0.131932199,0.997146964,0.582852542,0.330817163,-0.0121050822,0.999236286,0.556855202,0.3305794,-0.017408859,0.998195,0.651029885,0.377621502,0.13903743,0.999919057,0.489174128,0.383643538,0.202209726,0.996946931,0.664405286,0.442502499,0.00798378885,0.989071131,0.498329043,0.439158827,0.0487157814,0.769696355,0.541202545,0.433197677,-0.14254716,0.986724317,0.591377,0.429777771,-0.164387226,0.73790437,0.511962295,0.440121293,-0.207026646,0.961258411,0.631361842,0.428927779,-0.224492908,0.653795421,0.503550172,0.434066415,-0.184034452,0.958757043,0.630646765,0.423754156,-0.219467029,0.635505736,0.511547923,0.431285769,-0.135094762,0.942919195,0.616921306,0.424591959,-0.16805923,0.588251412,0.620968163,0.516389847,-0.0220708568,0.99950093,0.519055903,0.517502904,0.0223549046,0.998457611,0.61603713,0.640485168,-0.0901951,0.938607156,0.514111817,0.63777709,-0.0198972337,0.890703261,0.597393751,0.7473194,0.114167988,0.885701358,0.521428943,0.747252762,0.166785806,0.833422899,0.589898765,0.754797041,0.124102756,0.450549543,0.530564845,0.758263946,0.174176887,0.403878182,0.591655433,0.783037364,-0.103019714,0.864484608,0.518175542,0.782841146,-0.039442,0.811159909
3066.666666666661,0.568300426,0.320306778,-0.0935747325,0.999525666,0.579685867,0.315220445,-0.0530069359,0.999140859,0.585280061,0.315718263,-0.0531264283,0.99918139,0.591433585,0.316271722,-0.0532526933,0.999390543,0.559030831,0.314569026,-0.0565866604,0.998725712,0.551132381,0.31478861,-0.0565414913,0.998535156,0.544288278,0.31511721,-0.0564805381,0.998591363,0.600929797,0.322602272,0.138411105,0.999346077,0.536001384,0.32242617,0.120701186,0.996994376,0.582905352,0.330497265,-0.0232365858,0.999202192,0.556885839,0.329668701,-0.0285744555,0.998140275,0.651028037,0.377930462,0.138783693,0.999917388,0.48836568,0.383663774,0.193615749,0.99695766,0.664486587,0.444592595,0.0173624624,0.98874104,0.494779617,0.441196889,0.0437387489,0.772754252,0.541005552,0.436642349,-0.128387555,0.985902965,0.594282627,0.431539536,-0.172939599,0.734154582,0.512148559,0.444069773,-0.191858739,0.959212601,0.632133901,0.42950967,-0.234539047,0.64819324,0.50366044,0.438483924,-0.171647504,0.956712127,0.631496608,0.424955726,-0.22820431,0.629646122,0.511544406,0.435798436,-0.121893592,0.940198123,0.620806634,0.425969601,-0.175955474,0.581210196,0.621718466,0.516803145,-0.0207852758,0.999452233,0.519357443,0.517958939,0.0210705288,0.998331487,0.616039157,0.640700758,-0.0887583941,0.937959909,0.51448065,0.638886333,-0.020326091,0.888900638,0.597372055,0.747600436,0.120983139,0.885203838,0.521425962,0.74744606,0.170442402,0.831331372,0.589879453,0.75512284,0.13117218,0.448090941,0.530553818,0.758344,0.178448305,0.400419176,0.591692328,0.783290327,-0.0998576358,0.863012433,0.517941117,0.78320694,-0.0379083455,0.808723867
3083.3333333333276,0.56959343,0.320135,-0.117398225,0.999510944,0.580452621,0.315172136,-0.0743514523,0.99911195,0.585967243,0.315659732,-0.0744818747,0.999157071,0.592153072,0.316220105,-0.0746259317,0.99937284,0.560516953,0.314423293,-0.0790282041,0.99869,0.552756608,0.314579,-0.0789740458,0.998498619,0.545349956,0.314850837,-0.0788936764,0.998556674,0.601008713,0.322535843,0.12775062,0.999322355,0.53641361,0.322188169,0.105076633,0.996907771,0.58336693,0.330385089,-0.0435947962,0.999199092,0.557491064,0.329266608,-0.0504113175,0.99814105,0.65111208,0.378245026,0.138415605,0.999917448,0.487791568,0.383920789,0.184914723,0.996955574,0.664952636,0.446484685,0.0366460606,0.98822695,0.493663758,0.445570409,0.0474220738,0.773178816,0.545517147,0.444179416,-0.11236161,0.984604299,0.593179286,0.431360096,-0.176827475,0.724550188,0.517318845,0.452493876,-0.179647714,0.956078291,0.630406797,0.433440238,-0.242233396,0.637701154,0.508963287,0.446093172,-0.166990042,0.953600585,0.630144656,0.427419394,-0.24010168,0.619081557,0.515938342,0.443637967,-0.109326392,0.936144769,0.61853224,0.428588599,-0.18207483,0.569473922,0.622171044,0.516836405,-0.0165374447,0.999419928,0.519947886,0.517938793,0.0168775544,0.998251081,0.616122305,0.640917659,-0.0885009095,0.937341928,0.514984667,0.639729321,-0.0229018461,0.88766396,0.596942425,0.747786164,0.133088961,0.884908378,0.52140075,0.747731328,0.179443181,0.829833448,0.589507103,0.755298674,0.144301325,0.449051,0.530371785,0.758996546,0.188507944,0.395696789,0.591748178,0.783415,-0.0965559334,0.862243712,0.517775,0.783528507,-0.0378806293,0.806851923
3099.999999999994,0.570852458,0.32013756,-0.112801187,0.999526322,0.580800056,0.315168053,-0.0700491443,0.99914217,0.586214304,0.315638751,-0.0701807,0.999186754,0.592338681,0.316178054,-0.0703293234,0.999395549,0.561341941,0.314425439,-0.0740906671,0.998736322,0.553713202,0.314584792,-0.0740365,0.998552561,0.546158433,0.314862907,-0.0739438087,0.998609722,0.600926518,0.32235527,0.130997583,0.99934566,0.536557257,0.322184503,0.110912152,0.997006357,0.583950043,0.330390126,-0.0395739563,0.999233663,0.558392107,0.329284936,-0.0455975719,0.998219967,0.651363313,0.378615916,0.138853699,0.999919951,0.486765712,0.384232521,0.191393912,0.996988714,0.664968967,0.447918475,0.0491477,0.987922788,0.488643795,0.450663209,0.052984,0.771382749,0.551716268,0.448299408,-0.0953321755,0.983981609,0.585691929,0.436484635,-0.194795206,0.716822863,0.522044778,0.457433373,-0.162150383,0.954684734,0.624615729,0.436263442,-0.262481689,0.629995048,0.51382947,0.449699908,-0.152514294,0.952264428,0.623656392,0.429755241,-0.25924024,0.611297488,0.520592034,0.447001845,-0.0930347741,0.934280276,0.611730218,0.430358797,-0.200745583,0.560418546,0.622541547,0.516566932,-0.0158047359,0.999410152,0.520249367,0.517809689,0.016156977,0.998236954,0.615969718,0.640902162,-0.0896521285,0.937608838,0.514980674,0.639677584,-0.0320802405,0.888025403,0.59581548,0.747726381,0.132240757,0.886048317,0.521523833,0.748035431,0.179019168,0.830644071,0.588214874,0.755455554,0.143384814,0.452519864,0.530455351,0.75951004,0.188355014,0.393283039,0.591812432,0.783227265,-0.0976046845,0.863146305,0.517952859,0.783569515,-0.0421615019,0.806968331
3116.6666666666606,0.57241267,0.320161372,-0.117473215,0.999549747,0.581303954,0.315167278,-0.0743167326,0.999185383,0.586660624,0.315629125,-0.0744498,0.999227107,0.59278667,0.316158026,-0.0745989531,0.999426365,0.562349856,0.314428866,-0.078834191,0.998802543,0.554869592,0.314588964,-0.0787776858,0.998627603,0.547147691,0.314869672,-0.0786878318,0.99868381,0.600931108,0.322245777,0.126968712,0.999373615,0.536827266,0.322185665,0.104289837,0.997156143,0.584777772,0.330459,-0.0445355885,0.999275506,0.559903264,0.329367489,-0.0512639284,0.998321533,0.651763082,0.379269958,0.138928011,0.999922395,0.485923141,0.384652406,0.185702235,0.9970451,0.665492,0.450005829,0.0521596335,0.987694442,0.484819263,0.454709411,0.0622571111,0.767827153,0.558290362,0.452287197,-0.103495538,0.983376861,0.584645212,0.443353236,-0.175690681,0.704614282,0.526722372,0.462175369,-0.17169027,0.953501225,0.619505584,0.442187428,-0.243586138,0.618514597,0.518321455,0.454486638,-0.162393779,0.951187909,0.623447299,0.433807522,-0.247001559,0.600215256,0.525142312,0.451521218,-0.101620503,0.932769537,0.611433387,0.434681475,-0.183426902,0.54863441,0.623084843,0.516394436,-0.0149358641,0.999401033,0.520682216,0.517772436,0.0152728064,0.998227239,0.615239,0.640935123,-0.0899004936,0.936150789,0.515071929,0.639980674,-0.0436291061,0.886065483,0.594023347,0.747875392,0.125137851,0.885906041,0.522740126,0.748775125,0.165950447,0.829703212,0.586835,0.755720735,0.13560544,0.454161197,0.530882835,0.759887397,0.175198093,0.389856666,0.591761,0.783681035,-0.107349224,0.863025188,0.519231677,0.783682108,-0.0546014681,0.804934561
3133.333333333327,0.572355568,0.320043683,-0.120901614,0.999580622,0.581301868,0.31510371,-0.0779091418,0.999239862,0.586647689,0.315561891,-0.0780226141,0.999278188,0.592769623,0.316085815,-0.0781427249,0.999464,0.562338233,0.314362,-0.0822788775,0.998888075,0.554876626,0.314521343,-0.0822335258,0.9987275,0.547214031,0.314819336,-0.0821683779,0.998782575,0.600803673,0.322119147,0.1211164,0.999407768,0.536955833,0.322003216,0.0991154313,0.997368753,0.584769845,0.330363214,-0.0489044413,0.99932456,0.559868813,0.329280078,-0.0554024689,0.998448133,0.651919484,0.379819453,0.139264181,0.999924242,0.485054582,0.384635299,0.167450055,0.99721843,0.665919483,0.45091933,0.0529343821,0.987365246,0.478935808,0.454986483,0.0517710075,0.777293682,0.565636575,0.459134966,-0.115114152,0.98240751,0.583254218,0.448586136,-0.188330665,0.708492517,0.534968436,0.470071018,-0.184488922,0.951638937,0.616969645,0.448634475,-0.256683856,0.622166455,0.5260306,0.460835755,-0.176074907,0.949385941,0.621851385,0.441575587,-0.257119387,0.604198635,0.53287828,0.457192838,-0.114166096,0.930443048,0.610590816,0.441231281,-0.194512293,0.551336586,0.623186648,0.515059769,-0.0130099393,0.999393523,0.520699203,0.517160594,0.0132815279,0.998244107,0.614858806,0.640812874,-0.0977094918,0.932926357,0.514976,0.639968693,-0.0656961724,0.883238912,0.592545,0.747982085,0.0967984,0.884275258,0.523128211,0.749290705,0.126952574,0.825822234,0.584747374,0.756067,0.105145343,0.450588524,0.530905068,0.760401845,0.134922519,0.383013964,0.591188312,0.784077406,-0.137955248,0.861497283,0.521348119,0.784734726,-0.0946397483,0.800205529
3149.9999999999936,0.572327316,0.319894761,-0.139287114,0.999609947,0.581290483,0.314984,-0.0977819189,0.999291,0.586585104,0.315450281,-0.0978680551,0.999325514,0.592665434,0.315972418,-0.0979567617,0.99949789,0.562327087,0.314250529,-0.10156703,0.998968899,0.554896474,0.314417481,-0.101541109,0.998822153,0.547312737,0.314741135,-0.101502612,0.998876095,0.600526,0.321970493,0.100068986,0.999437332,0.537147939,0.321813047,0.0802339315,0.997573316,0.584749341,0.330225587,-0.0672707185,0.999372363,0.559853494,0.329186082,-0.0730597228,0.998573184,0.652114391,0.379995674,0.13117741,0.999926567,0.484868586,0.384588838,0.141555473,0.997427464,0.666815877,0.451359242,0.0393336639,0.98709029,0.473291,0.454934984,0.0178332645,0.790564775,0.571305335,0.466313362,-0.129985526,0.981519759,0.57964772,0.452461541,-0.229679167,0.719963729,0.542669475,0.478403449,-0.18912068,0.950055957,0.610506713,0.453163415,-0.303233713,0.634293079,0.533930123,0.469140023,-0.202034518,0.947893858,0.616811752,0.446451813,-0.305644661,0.616953433,0.539910734,0.465191841,-0.115704268,0.928508282,0.60616827,0.446487,-0.235172763,0.563203,0.623189688,0.514347792,-0.00908548851,0.99939543,0.520699263,0.516775846,0.00927521102,0.998295128,0.613432348,0.640805364,-0.0994817466,0.930142,0.514497876,0.640270948,-0.0726213157,0.880983829,0.591153741,0.748021245,0.100257181,0.883371949,0.52306205,0.749882042,0.125075832,0.823769689,0.582813084,0.75608319,0.109353088,0.45271647,0.530575812,0.761020958,0.133416861,0.378997654,0.590748072,0.784122825,-0.130797371,0.860834062,0.522250056,0.784729838,-0.0961648747,0.796838
3166.66666666666,0.572304428,0.319667727,-0.207710639,0.999627173,0.581190884,0.314810216,-0.165506706,0.999319494,0.586426318,0.315298766,-0.165583685,0.99935,0.592376769,0.315814137,-0.165658325,0.999512732,0.562317312,0.314064354,-0.17062968,0.999019206,0.55486834,0.314241767,-0.17060554,0.998883128,0.547342,0.314597249,-0.170574516,0.998937845,0.600128591,0.321815521,0.0433522947,0.999440491,0.537344515,0.321606755,0.0174225289,0.997722387,0.584658742,0.330037415,-0.131279066,0.999409258,0.559833586,0.329070479,-0.138751045,0.99868,0.652259409,0.380184323,0.0991051272,0.999926925,0.484840631,0.384561867,0.0812050253,0.997615278,0.66760385,0.452154696,0.0300511178,0.986440301,0.470809281,0.455253929,-0.0333301537,0.804853,0.576112866,0.472417086,-0.161809504,0.979543328,0.579790711,0.456061751,-0.253863811,0.730982125,0.550132036,0.486740142,-0.235119,0.946190476,0.610592365,0.456424862,-0.326317102,0.644796908,0.540255785,0.478553295,-0.245147571,0.944068789,0.617791057,0.449052155,-0.329162031,0.62789166,0.545403242,0.473796248,-0.164431736,0.923911214,0.607473433,0.449001282,-0.25853774,0.57307905,0.622960031,0.514360666,-0.001069805,0.999380648,0.520772278,0.516768038,0.00126898685,0.998303413,0.611615777,0.640903115,-0.0919478759,0.925736547,0.514470696,0.640503705,-0.064839147,0.877846062,0.589429498,0.747918785,0.128791958,0.880984247,0.522866,0.749920726,0.130095825,0.821506441,0.580725074,0.756151855,0.139726371,0.458121151,0.529930234,0.761161625,0.137268707,0.377285749,0.590157449,0.783218622,-0.0993484929,0.858900547,0.523164809,0.784612596,-0.0841992795,0.793691576
3183.3333333333267,0.572230458,0.319470257,-0.246768415,0.999638498,0.581072927,0.314650655,-0.205201849,0.99933517,0.586313426,0.315150559,-0.205279276,0.999360621,0.592196286,0.315650344,-0.205349103,0.999515772,0.562180817,0.313894153,-0.211101726,0.99905777,0.554786444,0.314078689,-0.211097956,0.998931885,0.547326684,0.314455,-0.211097732,0.998988688,0.599953,0.321594387,0.00465058768,0.99942,0.537360549,0.321377933,-0.0247098766,0.997853637,0.58456,0.329856068,-0.169629455,0.999433696,0.559729576,0.328990072,-0.178086802,0.998770177,0.65237236,0.380167663,0.0727546,0.99992007,0.484800845,0.384460866,0.0362371765,0.997777104,0.668175459,0.452502072,0.0263433214,0.984745681,0.470755398,0.456071824,-0.0735427,0.8191275,0.581857204,0.477797508,-0.176851183,0.975945652,0.579611242,0.458724707,-0.287278146,0.743406415,0.560290515,0.497098893,-0.250139326,0.939990759,0.610415637,0.462762743,-0.358995438,0.657416046,0.549201906,0.488387942,-0.261686206,0.937948,0.617421329,0.456828237,-0.363012105,0.641140223,0.553012669,0.482683361,-0.184652522,0.916763425,0.607136428,0.456374228,-0.291970432,0.585909963,0.622900307,0.514667928,0.00294640847,0.999320388,0.52077055,0.516747296,-0.0027428777,0.998273194,0.611049712,0.640825868,-0.0857468694,0.918231964,0.514177322,0.640487611,-0.0727615431,0.873644114,0.585790396,0.747930408,0.126907513,0.875469565,0.52207309,0.750353754,0.122061945,0.818288326,0.578657568,0.756187379,0.137617454,0.461364836,0.528572559,0.762736261,0.129021809,0.376122892,0.589637,0.782253087,-0.100113377,0.854230106,0.523328543,0.784602761,-0.10577628,0.788699925
3199.999999999993,0.572008729,0.319306195,-0.238044992,0.999660611,0.58089751,0.314531416,-0.198082194,0.999374211,0.586178064,0.315065116,-0.19816117,0.999395847,0.591997504,0.315563351,-0.198226541,0.999539495,0.561887741,0.313695967,-0.203981653,0.999117613,0.554534674,0.313888252,-0.203975573,0.999001563,0.547191918,0.314281195,-0.203964531,0.99905628,0.59983474,0.321530521,0.00810569,0.999433398,0.537365,0.321247369,-0.0217252243,0.998012543,0.584393263,0.329740584,-0.162054181,0.999471903,0.559449,0.328937382,-0.1705129,0.998871267,0.652393341,0.380200744,0.0806070566,0.999920189,0.484797627,0.384391248,0.0322401151,0.997956812,0.668576062,0.45246166,0.0244013369,0.983127534,0.468707681,0.457295269,-0.068451412,0.833129704,0.601544142,0.483715951,-0.196281031,0.974383473,0.572690904,0.467118561,-0.287531108,0.760440469,0.577655256,0.506723225,-0.27369526,0.938384,0.595513642,0.476045758,-0.360070646,0.677889705,0.564832151,0.49806568,-0.293296665,0.936614513,0.60384959,0.469290644,-0.370215774,0.662889481,0.569793105,0.490200549,-0.209304437,0.915568531,0.597073674,0.467000067,-0.294718921,0.609026,0.620443761,0.516046584,0.00725504477,0.999317229,0.520149052,0.517385185,-0.00706576835,0.998322129,0.608130515,0.641067505,-0.0865207091,0.909454286,0.513858795,0.640549839,-0.0763983428,0.867187321,0.58405596,0.747757,0.12056376,0.869262397,0.520587921,0.750192523,0.115053624,0.814965,0.576972425,0.756243289,0.129926711,0.465393454,0.526328564,0.762700915,0.121998481,0.374518037,0.589644492,0.781722128,-0.100132056,0.849722862,0.523396611,0.784361184,-0.107689738,0.785173118
3216.6666666666597,0.571454644,0.319187164,-0.247379333,0.999687612,0.580560923,0.314411134,-0.208204478,0.999423802,0.585934,0.314986378,-0.208298951,0.999443054,0.591667712,0.315484196,-0.20837751,0.999574065,0.56144315,0.313506,-0.212398261,0.999188,0.554192603,0.313700974,-0.21238111,0.999081612,0.547016561,0.314102,-0.212352484,0.999131501,0.599768162,0.321404546,-0.00294236257,0.999468327,0.537370265,0.321085721,-0.0256514456,0.998178,0.5840289,0.329640567,-0.171823651,0.999515891,0.558871686,0.328885168,-0.178143054,0.998972237,0.652531385,0.380433202,0.0765135735,0.999923646,0.484804451,0.384334624,0.0381508,0.998128116,0.669578612,0.452287883,0.0295302123,0.982623458,0.468860894,0.458322406,-0.0455624089,0.844686389,0.613707781,0.492189139,-0.198449805,0.974450111,0.564862192,0.476157039,-0.272321045,0.776206553,0.590736449,0.514657259,-0.278674275,0.939584076,0.584459126,0.489658386,-0.35455206,0.697475433,0.579278052,0.505372643,-0.305039197,0.938104391,0.59250617,0.481427222,-0.348420262,0.683792,0.584529817,0.496744215,-0.214075714,0.917724133,0.588061512,0.477046967,-0.289898,0.631662309,0.616372168,0.516350448,0.00613069395,0.999345,0.519601226,0.518153906,-0.00592859741,0.998412848,0.606955588,0.641398609,-0.0866627246,0.900919557,0.513731062,0.640681565,-0.0735422447,0.858717084,0.584267199,0.747455657,0.115865014,0.86362046,0.520561159,0.749538124,0.123474732,0.811079621,0.576727748,0.756286681,0.124666527,0.472615451,0.52638042,0.762324154,0.130968273,0.373413861,0.589775205,0.781250179,-0.100584298,0.84461,0.523375869,0.784140706,-0.0983112,0.781367481
3233.333333333326,0.5709638,0.319124281,-0.3092044,0.999708354,0.580277801,0.3143453,-0.268482894,0.999458969,0.585733235,0.314951509,-0.268579215,0.999476135,0.591396391,0.315446287,-0.268645585,0.999596417,0.56118691,0.313377768,-0.273413897,0.999238253,0.553979576,0.313557476,-0.273412,0.999140441,0.546917498,0.31394586,-0.273415387,0.999186635,0.599690497,0.321347654,-0.0566183738,0.999475598,0.537374914,0.321031421,-0.0816495568,0.998302937,0.583657503,0.329611391,-0.231490955,0.999550223,0.55832392,0.328878015,-0.238335416,0.999057591,0.652512133,0.380734444,0.0400908217,0.999925077,0.484757304,0.384315223,-0.0225073434,0.998279095,0.669652343,0.453234226,0.0268032886,0.981636465,0.469902217,0.460337669,-0.0605115481,0.857138574,0.621574521,0.502539754,-0.194782749,0.973665774,0.565372646,0.486865133,-0.249402866,0.792626083,0.603299916,0.521410704,-0.274879098,0.939028502,0.585703552,0.504858553,-0.325448751,0.717523396,0.59313345,0.514118791,-0.306508332,0.937926054,0.592800379,0.495771974,-0.340154499,0.705037832,0.595746696,0.507088602,-0.212004036,0.918196321,0.588849902,0.490311593,-0.268994212,0.654912829,0.610268295,0.519051433,0.0119910371,0.999370039,0.517387569,0.519530594,-0.0118105384,0.998494089,0.606174,0.642372787,-0.0844741315,0.886893749,0.513728559,0.641063392,-0.0747653469,0.846517265,0.584505856,0.747037947,0.135738984,0.854445934,0.520023882,0.749083817,0.142972767,0.801616848,0.576937139,0.756255746,0.146254808,0.479175597,0.525920212,0.762301326,0.153855786,0.367528111,0.591088474,0.780400276,-0.0750699043,0.836830735,0.523295403,0.783708692,-0.082715854,0.773384273
3249.9999999999927,0.569905162,0.319043428,-0.434888631,0.999731719,0.579608262,0.314034671,-0.394331664,0.999499142,0.585294664,0.314771533,-0.394374371,0.999514818,0.590815246,0.31534341,-0.394426376,0.999624312,0.560240805,0.312891781,-0.400246203,0.999295115,0.552872,0.313075602,-0.400269508,0.999207139,0.546285391,0.313475102,-0.400286406,0.99924916,0.599499464,0.321336329,-0.172666281,0.999496222,0.536839128,0.320958108,-0.202246785,0.998437762,0.58297354,0.329587907,-0.352849483,0.999587178,0.556797504,0.328873724,-0.361107826,0.99914223,0.652492702,0.381094813,-0.0433902256,0.999927402,0.484401852,0.384463966,-0.122089513,0.998420596,0.669559479,0.454260558,-0.00256349333,0.980891466,0.470586717,0.461618394,-0.120549947,0.869342387,0.626885593,0.511211097,-0.202166542,0.972492874,0.564096153,0.49626103,-0.256731331,0.807334423,0.614873409,0.530243874,-0.279163152,0.937268794,0.585301697,0.516130507,-0.326907873,0.734442532,0.60269165,0.524183631,-0.319715768,0.93656975,0.592002571,0.506289899,-0.353093892,0.723001957,0.602754772,0.51753,-0.223515406,0.917239428,0.588232934,0.500127673,-0.27161,0.674687624,0.611137748,0.519702911,0.0142166764,0.999395072,0.517780781,0.51972115,-0.0140815955,0.998572588,0.608225524,0.642434359,-0.0802634731,0.879057825,0.515996277,0.641069531,-0.0730136111,0.838195443,0.584540904,0.746923208,0.154089108,0.851883233,0.520993829,0.748532176,0.164424226,0.797863245,0.577079,0.756154358,0.164617017,0.488045514,0.525936902,0.76121521,0.176046386,0.365345091,0.591950119,0.780422568,-0.0698470697,0.834714,0.529600143,0.783515334,-0.0715067759,0.771731257
3266.6666666666592,0.569215,0.319043607,-0.512569249,0.999756515,0.579364955,0.313982219,-0.473664612,0.999544203,0.585126162,0.314761251,-0.473670155,0.99955821,0.590594113,0.315341562,-0.473712653,0.999657154,0.559787929,0.31271109,-0.482004911,0.99935919,0.552346885,0.312825888,-0.48205483,0.999279916,0.545990586,0.313121438,-0.482087702,0.999317944,0.599465191,0.321348637,-0.248566717,0.999533355,0.53665,0.320844,-0.289871961,0.998582423,0.582270205,0.329605788,-0.4282884,0.999625802,0.555393934,0.328879237,-0.440032452,0.999224901,0.652280569,0.381661832,-0.0942884684,0.999931514,0.483677715,0.38452813,-0.195055813,0.998564959,0.669400275,0.456300199,-0.0281657036,0.980986059,0.470858455,0.463007748,-0.178723365,0.881112337,0.639291763,0.51860255,-0.23816593,0.973134816,0.551336646,0.505575359,-0.323370516,0.823274136,0.636096,0.541472793,-0.311145306,0.938901365,0.570631206,0.523534596,-0.392496586,0.754232585,0.621897757,0.536795378,-0.364046097,0.938528597,0.580898941,0.515174806,-0.427155852,0.74386543,0.617829382,0.529039323,-0.264077932,0.919967055,0.578446329,0.509337306,-0.337414801,0.698084712,0.611483872,0.51984638,0.0177147202,0.99942404,0.518753827,0.519780934,-0.0176744182,0.998664498,0.60928458,0.64299953,-0.0583462827,0.87912333,0.516396284,0.641453087,-0.0725376382,0.838187873,0.584746,0.746926308,0.196447924,0.855411291,0.521657765,0.748566687,0.189746171,0.802399158,0.577217,0.756170332,0.208191216,0.50486815,0.525974751,0.761217892,0.2023478,0.370283067,0.592070043,0.78036809,-0.0330166593,0.838931739,0.52943188,0.783503771,-0.0515875146,0.778090715
3283.3333333333258,0.56865108,0.319135338,-0.575877428,0.999780059,0.579215407,0.313962758,-0.53982681,0.999587655,0.585038126,0.314757377,-0.53982079,0.999600291,0.59049958,0.3153418,-0.539871812,0.999689519,0.559469283,0.312651247,-0.547144651,0.999420285,0.55204308,0.312729686,-0.547204494,0.999348879,0.545780659,0.312976867,-0.547218621,0.999383,0.599447191,0.321377784,-0.316216439,0.999575436,0.536450446,0.320788562,-0.353583336,0.998717725,0.581605256,0.329783261,-0.491250724,0.999662161,0.554496646,0.329022765,-0.502029598,0.999300897,0.652267396,0.382647604,-0.155998453,0.999936521,0.483475357,0.384563386,-0.22899805,0.998696387,0.669354916,0.458771706,-0.0783291683,0.981680334,0.470852494,0.462975442,-0.208780795,0.891362369,0.654687226,0.52456373,-0.294915766,0.974685907,0.531448722,0.509905398,-0.407112181,0.837846935,0.655963838,0.548781633,-0.365082711,0.942352295,0.545250297,0.52731812,-0.47903645,0.773076236,0.640633225,0.545895,-0.425956398,0.942200065,0.558271408,0.519568205,-0.521730661,0.763816595,0.634045362,0.537271738,-0.323125422,0.924714088,0.557120681,0.513843715,-0.42580843,0.720735431,0.613788545,0.51982969,0.0155256903,0.999453962,0.52011919,0.520015,-0.0153972553,0.998751462,0.611789644,0.643955588,-0.0638056,0.883513391,0.51685971,0.641574264,-0.0605303459,0.843044221,0.585419416,0.747163594,0.199331194,0.861563504,0.523786366,0.748500943,0.209417105,0.810421705,0.578513503,0.756375253,0.211683527,0.520530522,0.528692484,0.76089555,0.222053602,0.380256832,0.592184,0.7804932,-0.035019435,0.845838308,0.529596925,0.783439755,-0.0321271494,0.78780061
3299.9999999999923,0.567775965,0.319162,-0.703786075,0.999801755,0.578800857,0.313821316,-0.673112214,0.999628,0.584741175,0.314627171,-0.673058033,0.999639452,0.590189755,0.315279096,-0.673116922,0.999719799,0.558990955,0.312511742,-0.678173,0.999477088,0.551685691,0.312559932,-0.678272367,0.999412894,0.54551965,0.312773228,-0.678279102,0.999443531,0.599308848,0.321376652,-0.458246559,0.999616146,0.536287248,0.32067591,-0.485866,0.998843431,0.580780804,0.329856098,-0.620838583,0.99969548,0.55354,0.329086632,-0.628952503,0.999370158,0.652073681,0.382710814,-0.277238548,0.99994123,0.483266294,0.384897172,-0.323216766,0.998818099,0.669329047,0.459766954,-0.171138197,0.982757807,0.471106023,0.463044256,-0.257601708,0.901102245,0.667198241,0.527762115,-0.37414673,0.976446867,0.51992625,0.515515924,-0.43263635,0.851697862,0.673621356,0.551070929,-0.437946022,0.946117342,0.530497074,0.535208941,-0.498450905,0.790881395,0.66184479,0.549780905,-0.506249666,0.94613421,0.543676257,0.529408872,-0.546104968,0.782679856,0.654609501,0.541807592,-0.404507,0.929791749,0.54338944,0.523246169,-0.45279792,0.742500484,0.613907516,0.514895558,0.00620278111,0.99947381,0.521516621,0.515954375,-0.00641407305,0.998827159,0.612445652,0.642326951,-0.0673035309,0.889356136,0.516826391,0.639965117,-0.0403444767,0.850637,0.585553229,0.747139871,0.180646434,0.868825316,0.524227202,0.747738719,0.195789471,0.820704937,0.580364048,0.756290436,0.191467687,0.530386567,0.530805409,0.759330809,0.205747619,0.394226909,0.590370893,0.780572057,-0.0374349095,0.853427,0.527240098,0.7833184,-0.040585883,0.799054563
3316.666666666659,0.566918075,0.319314063,-0.631257772,0.999821365,0.578219891,0.313883811,-0.597977042,0.999664426,0.584310353,0.314702451,-0.597950816,0.999674797,0.5897668,0.315351933,-0.5979774,0.999747097,0.558311582,0.312550694,-0.603504956,0.999528348,0.551139,0.312579662,-0.603568316,0.999470592,0.54512012,0.312783092,-0.603565931,0.999498069,0.59898448,0.321413159,-0.38441062,0.999652863,0.536080301,0.320672214,-0.414179951,0.99895674,0.579906821,0.329980046,-0.550426424,0.999725521,0.552711606,0.329209685,-0.559057653,0.999432564,0.651958048,0.383079529,-0.223228961,0.9999457,0.482842177,0.38540715,-0.26548481,0.998928726,0.669304192,0.460722238,-0.130828708,0.983774066,0.471291423,0.462853879,-0.201667979,0.909921587,0.678098083,0.529576361,-0.34451285,0.978076458,0.50749743,0.521128893,-0.373783141,0.864234,0.689051032,0.551835,-0.410039425,0.94962889,0.514542162,0.541895211,-0.438892096,0.806928039,0.676456571,0.5513134,-0.476667225,0.949801922,0.526065648,0.536169,-0.484470785,0.799702227,0.668366194,0.543856561,-0.375150084,0.93457675,0.526562035,0.530033767,-0.393590927,0.762335718,0.615223825,0.51495856,0.00309025706,0.999493599,0.522897542,0.516033351,-0.00335744047,0.998897254,0.613430321,0.641743481,-0.063895613,0.894604921,0.518252,0.639835596,-0.0362035967,0.857984602,0.585585475,0.747045636,0.187975511,0.875407636,0.528817177,0.746753752,0.197407827,0.830179513,0.581814229,0.756028712,0.198044822,0.542390227,0.536325157,0.756908417,0.206424788,0.408170164,0.590228796,0.780614,-0.0471526049,0.860752881,0.527201593,0.782302678,-0.0441451818,0.809851825
3333.3333333333253,0.566653967,0.319493502,-0.588620245,0.999839,0.577981293,0.313970506,-0.555272102,0.999697208,0.584094346,0.314790368,-0.555253863,0.999706566,0.589515865,0.315430373,-0.555266798,0.999771655,0.558154,0.31263715,-0.560378492,0.999574482,0.551056385,0.312648,-0.560423613,0.999522507,0.545061529,0.312834859,-0.560410798,0.999547124,0.598652124,0.321454853,-0.345942318,0.999686,0.536070704,0.320669949,-0.374461234,0.999058664,0.579473495,0.330106288,-0.509767592,0.999752581,0.5525105,0.329358101,-0.518005908,0.999488771,0.65185,0.383228481,-0.196885169,0.999949932,0.482429892,0.385501593,-0.227365226,0.999029815,0.669156134,0.461008906,-0.108836241,0.98480767,0.471396625,0.463319629,-0.170802981,0.917757154,0.689595938,0.53009516,-0.32056573,0.979652405,0.496797055,0.524799347,-0.345063239,0.875337124,0.703913748,0.551681459,-0.384870529,0.953054368,0.496622652,0.5465976,-0.395688564,0.821012855,0.691124201,0.55240804,-0.450390369,0.953356504,0.509702623,0.542939842,-0.465016603,0.814714253,0.682032704,0.545124,-0.350994796,0.939248145,0.512083888,0.535862148,-0.391293228,0.780034304,0.616229951,0.514938474,0.000678298296,0.999509752,0.524156272,0.516064286,-0.000933265372,0.998959541,0.613790274,0.639965951,-0.0659303,0.899369955,0.520088851,0.638724744,-0.0398269109,0.864884555,0.585485399,0.747023761,0.180984512,0.880900383,0.530546248,0.746344924,0.196226507,0.838456392,0.582130671,0.756010652,0.190806106,0.55195564,0.537452579,0.756275773,0.203033105,0.42014727,0.589775562,0.78060329,-0.0536358096,0.866869271,0.526787221,0.780863166,-0.0544434041,0.819120109
3349.999999999992,0.566594362,0.319639,-0.564502776,0.999854863,0.57779032,0.31399408,-0.531517088,0.999726593,0.583841383,0.314807892,-0.531497717,0.999735057,0.589172482,0.315448344,-0.531504095,0.999793708,0.55811286,0.312690586,-0.535681427,0.999615848,0.551049829,0.312707514,-0.535717368,0.999569118,0.545056,0.312898368,-0.53570056,0.999591172,0.59827584,0.321464449,-0.324987173,0.999715567,0.536063612,0.320673406,-0.349904597,0.999149919,0.579310715,0.330199629,-0.486803979,0.9997769,0.552517176,0.329514563,-0.49402386,0.999539256,0.651844382,0.383448154,-0.179908618,0.999953806,0.482221544,0.385513574,-0.202156305,0.999121368,0.669133306,0.460944176,-0.0918729901,0.985747278,0.47098881,0.46326527,-0.138485,0.924486101,0.696941435,0.529148936,-0.301897734,0.981059432,0.484094173,0.525448799,-0.290553153,0.885097325,0.713212729,0.55068785,-0.376820683,0.956112146,0.482059896,0.548215032,-0.343568355,0.833385885,0.701161683,0.551410496,-0.420609891,0.956545,0.49489972,0.546161056,-0.408361644,0.827990234,0.691706657,0.544305861,-0.325350821,0.943471074,0.499376714,0.538609147,-0.322842747,0.795784712,0.617425,0.514635384,6.12767908e-005,0.999526,0.525429904,0.515857279,-0.000315583777,0.999016404,0.613772571,0.6393013,-0.0648155883,0.903679132,0.524840832,0.638112,-0.0411276855,0.871387601,0.585335433,0.746928215,0.183878079,0.88620764,0.531202197,0.746371269,0.190305725,0.846040487,0.58234334,0.755954385,0.193738639,0.559612036,0.537537873,0.756428182,0.196279436,0.429149628,0.589644909,0.780618489,-0.0511525944,0.872496188,0.526759863,0.780622184,-0.0611512512,0.827625155
3366.6666666666583,0.566594362,0.319736958,-0.613026,0.999869168,0.577733815,0.314018697,-0.581214368,0.999753177,0.583744407,0.31482628,-0.581187546,0.999760866,0.589034438,0.315466851,-0.581203163,0.999813616,0.55811131,0.312736601,-0.584395409,0.99965322,0.551057518,0.312757671,-0.584448814,0.999611259,0.545057952,0.31294468,-0.584439456,0.999631,0.5980829,0.321466625,-0.373126745,0.999742448,0.536064088,0.320673168,-0.394102573,0.999232471,0.579251707,0.330235869,-0.5341537,0.999798834,0.552540362,0.329606831,-0.540275633,0.999584794,0.651843786,0.383704156,-0.217415512,0.999957502,0.48168996,0.385735869,-0.229653105,0.999205,0.669464409,0.460592628,-0.102313817,0.986736178,0.470331103,0.463283271,-0.138381302,0.930786967,0.704701543,0.528816521,-0.295864075,0.982409298,0.469912022,0.527346253,-0.28674686,0.894294143,0.723401785,0.549402356,-0.364040256,0.958999336,0.467655301,0.550349951,-0.338046461,0.845179379,0.712584436,0.550065339,-0.417754591,0.959552944,0.479866713,0.548417,-0.402040422,0.840613067,0.702829063,0.543050528,-0.324254364,0.94748348,0.484388351,0.540742517,-0.315917104,0.810834289,0.61791414,0.513999224,-0.00144761126,0.99954021,0.525399625,0.515675843,0.00118051516,0.999064326,0.612951577,0.639191687,-0.0738930702,0.905273199,0.524458647,0.63791436,-0.0443938933,0.873814702,0.585394084,0.746908724,0.179856062,0.887737274,0.531197131,0.746321738,0.187794894,0.847931743,0.583228111,0.755955,0.189821854,0.560299337,0.537372887,0.756526172,0.194328055,0.429557651,0.589516,0.780621529,-0.0541902855,0.87421751,0.526732862,0.780348241,-0.0621511303,0.830738366
3383.333333333325,0.566481769,0.319763333,-0.619615912,0.999881923,0.577571869,0.314018577,-0.586928248,0.999776781,0.583557069,0.3148247,-0.586910665,0.999783814,0.588795185,0.315466523,-0.586945057,0.999831319,0.558063924,0.31273964,-0.591053188,0.99968648,0.55104965,0.312760025,-0.591116786,0.99964875,0.545054138,0.312948585,-0.59111619,0.999666333,0.59788233,0.321457446,-0.373881131,0.999766,0.536079526,0.320657521,-0.399024457,0.999305785,0.579022765,0.330237925,-0.538796604,0.999818444,0.552488804,0.329633027,-0.546075284,0.999625504,0.651935875,0.384325027,-0.210076779,0.999960661,0.481539309,0.386251032,-0.236773461,0.999279916,0.670970559,0.460434496,-0.0942780674,0.987501442,0.470202357,0.463662624,-0.138073832,0.936075211,0.712650716,0.528522849,-0.288059741,0.983384907,0.459943146,0.528622448,-0.282140464,0.901849,0.732478261,0.549054921,-0.338662654,0.960993171,0.452872425,0.550678849,-0.331252843,0.854567766,0.72432524,0.549787283,-0.416099131,0.961744189,0.4628,0.549727738,-0.397940785,0.85088706,0.713817477,0.542819619,-0.320562392,0.950537741,0.468375444,0.542462885,-0.311528385,0.823215,0.618023932,0.513890684,0.000930668146,0.99955529,0.525217891,0.515374422,-0.00120633643,0.999109685,0.611735046,0.639206231,-0.0842649415,0.903926611,0.5241099,0.63700366,-0.0611841343,0.873078704,0.58499527,0.746890306,0.177895054,0.886740863,0.53096813,0.746177554,0.18010658,0.84661752,0.58328408,0.755957484,0.188803121,0.560628355,0.537045896,0.756606698,0.188080892,0.425724894,0.589373589,0.780539811,-0.0566459186,0.873451769,0.526778698,0.779842257,-0.0707336664,0.830656111
3399.9999999999914,0.566197574,0.319824129,-0.603427231,0.999893486,0.577348888,0.314033598,-0.570322871,0.999798238,0.583337724,0.314834625,-0.570322275,0.999804616,0.588552,0.315476418,-0.570354462,0.999847412,0.557899714,0.312760353,-0.574341536,0.99971664,0.550936818,0.312773913,-0.574387133,0.999682724,0.54497081,0.312955707,-0.57437712,0.999698341,0.597749174,0.321452707,-0.358356357,0.999787629,0.536075354,0.320655972,-0.383166254,0.999372065,0.578742325,0.330259532,-0.523358047,0.999836147,0.552340627,0.32967785,-0.530571878,0.99966222,0.65199554,0.384827673,-0.203387246,0.999963701,0.481178343,0.386454523,-0.224004403,0.999348164,0.67502445,0.460272402,-0.0930171907,0.988208115,0.469506204,0.463555515,-0.123540059,0.940332055,0.722161055,0.528604329,-0.256847322,0.984299958,0.4491539,0.52868706,-0.262678742,0.907805443,0.741068482,0.548929811,-0.302928239,0.962916195,0.438494951,0.551218092,-0.309083462,0.861792862,0.734683633,0.549896061,-0.378484756,0.96384114,0.446990043,0.551017165,-0.381010801,0.859057248,0.726061463,0.543101668,-0.290611655,0.953428686,0.453520268,0.543891609,-0.294549257,0.8333565,0.618645608,0.514089286,0.000876336824,0.999570072,0.525172651,0.515742838,-0.0011461291,0.99915272,0.610364,0.639291048,-0.0694281,0.900605738,0.523889124,0.637058675,-0.0524577126,0.870168924,0.584649742,0.746863186,0.176144794,0.884140313,0.532223105,0.745718658,0.183037162,0.841868639,0.583280444,0.756016672,0.187066421,0.557753325,0.537181497,0.756111801,0.191262737,0.419366717,0.589155674,0.780487239,-0.0578708053,0.871863484,0.527893305,0.779175043,-0.0609044,0.828293
3416.666666666658,0.565956891,0.319889486,-0.616947651,0.999904,0.577243805,0.314080894,-0.585071743,0.999817789,0.583248734,0.314895302,-0.585072875,0.99982357,0.588478506,0.315549463,-0.585103691,0.999862134,0.557782829,0.31277135,-0.588853359,0.999744177,0.550840437,0.312776625,-0.588895619,0.999713659,0.544895113,0.31295827,-0.588872254,0.999727547,0.597715437,0.32150349,-0.374136627,0.999807656,0.536078155,0.320644826,-0.397686511,0.999432802,0.578445613,0.330320328,-0.536770165,0.99985224,0.552066386,0.329704016,-0.543643236,0.99969548,0.651992738,0.385053,-0.213119179,0.999966681,0.481036037,0.386868477,-0.234890297,0.999410689,0.678995669,0.459834695,-0.0892851353,0.988959,0.467903614,0.463448,-0.124720626,0.94460088,0.728955686,0.527933538,-0.251855552,0.985293329,0.441721022,0.529717326,-0.269794911,0.913872898,0.746423721,0.547724962,-0.297802657,0.965038538,0.428013116,0.551556766,-0.317346573,0.869451702,0.740901,0.548631728,-0.372041613,0.966078,0.436144054,0.551624477,-0.3867158,0.86750716,0.733263433,0.542258,-0.285224,0.956442416,0.443689167,0.544715762,-0.300289512,0.843691349,0.618664682,0.514797628,0.00125334517,0.999584079,0.524369717,0.516427696,-0.00151846826,0.99919349,0.609242,0.63938719,-0.0537529029,0.898484886,0.523805857,0.637645483,-0.0466634817,0.870187,0.584591687,0.746679306,0.175142571,0.882605,0.532689154,0.745604,0.182859957,0.83915174,0.584305525,0.757706761,0.1866339,0.555818617,0.537029147,0.756024,0.19034715,0.415046811,0.589628041,0.780302942,-0.058669176,0.871252596,0.529332101,0.778865635,-0.0609209426,0.827336192
3433.3333333333244,0.565495312,0.320022553,-0.613659918,0.999913394,0.577001,0.314229429,-0.581498682,0.999835312,0.583039522,0.315043867,-0.581510842,0.999840558,0.588253677,0.315689862,-0.581550241,0.999875307,0.557493269,0.312873214,-0.58489567,0.999768853,0.550609231,0.31284669,-0.584935129,0.999741375,0.544742882,0.312999815,-0.584913909,0.999753714,0.597619474,0.321576595,-0.369749546,0.999825597,0.536076725,0.320643485,-0.39087069,0.999487102,0.578053892,0.330433726,-0.533238113,0.999866664,0.551657677,0.329763532,-0.539419353,0.999725342,0.652025461,0.385350913,-0.209999323,0.999969304,0.480994493,0.387150794,-0.228493288,0.999466479,0.682798386,0.459313065,-0.0881412178,0.989653289,0.46563229,0.463361293,-0.120571092,0.948270738,0.73271066,0.526842,-0.248302236,0.986186743,0.435562164,0.529425263,-0.266543955,0.919238627,0.750386298,0.54665947,-0.295034498,0.966944158,0.419396847,0.550850451,-0.314002723,0.876160622,0.744159698,0.547507644,-0.368598312,0.968083262,0.426555902,0.551050603,-0.38641572,0.874954641,0.736854494,0.541287,-0.281383842,0.959133863,0.435025603,0.544297457,-0.298743546,0.852799296,0.618333697,0.515684843,0.00111016526,0.999595642,0.521295607,0.517244577,-0.00136720727,0.999228299,0.608412325,0.639440179,-0.0442087464,0.897751451,0.523599744,0.638360858,-0.0366082191,0.870556951,0.584179759,0.746676445,0.175152764,0.882489204,0.533193648,0.745636344,0.185900435,0.837181807,0.584953308,0.75937295,0.18544887,0.55416882,0.537148118,0.756088555,0.193303138,0.411933333,0.589518666,0.780195355,-0.0591867492,0.871602118,0.530424476,0.778799713,-0.0556349047,0.826983333
3449.999999999991,0.56462276,0.320038795,-0.626750946,0.999921858,0.576472104,0.314230323,-0.594656527,0.999851167,0.582564831,0.315044105,-0.594674468,0.999855936,0.587747514,0.315692633,-0.594723046,0.999887228,0.556967139,0.312874913,-0.597470522,0.999791086,0.550159752,0.312846,-0.597507536,0.99976629,0.544430554,0.312996119,-0.597481728,0.999777257,0.597412,0.321582377,-0.380630225,0.999841928,0.53602165,0.320621133,-0.399182826,0.999535859,0.577399611,0.330446035,-0.545343459,0.999879658,0.550954,0.329767793,-0.550768,0.999752223,0.651909769,0.38536042,-0.217536554,0.999971747,0.480990201,0.387251019,-0.230790183,0.999516189,0.686404,0.458777428,-0.0887531638,0.990375459,0.463159412,0.463311404,-0.120194077,0.95142597,0.736577153,0.526056051,-0.249684393,0.987121,0.428912818,0.528238475,-0.270130545,0.924094379,0.755863309,0.545931518,-0.302154958,0.968934834,0.413521349,0.549410045,-0.318463385,0.882199645,0.74875021,0.546667516,-0.371579707,0.970135927,0.419944137,0.549682558,-0.388774693,0.881681681,0.741134107,0.540393412,-0.284291685,0.961849689,0.428448141,0.543308377,-0.301633596,0.860998869,0.617163,0.515736639,0.000917971774,0.999606669,0.518077374,0.517302215,-0.00116800936,0.999257863,0.607760847,0.639387667,-0.045375254,0.895802498,0.523293555,0.638567328,-0.0339186266,0.8693524,0.583255,0.746905863,0.174893022,0.881347895,0.533271432,0.745673358,0.18724139,0.834221661,0.584518254,0.76111877,0.184237212,0.552710056,0.537317514,0.756107032,0.194646791,0.408589,0.589208,0.780172944,-0.062626794,0.870887578,0.530364692,0.778664827,-0.0551014952,0.825493038
3466.6666666666574,0.564547062,0.320242822,-0.661509871,0.999929488,0.576415539,0.314493179,-0.630941331,0.999865353,0.582496583,0.31528914,-0.630957544,0.999869764,0.587633073,0.315904886,-0.631008,0.999897957,0.556893587,0.313117623,-0.63345027,0.999811113,0.550077856,0.313057274,-0.633498728,0.999788761,0.544368446,0.313165694,-0.633480966,0.999798417,0.597340345,0.321635753,-0.417732567,0.999856651,0.536010206,0.320635855,-0.434677333,0.999579906,0.577330887,0.330631524,-0.579729259,0.999891341,0.550873876,0.329906136,-0.584720671,0.999776363,0.651812911,0.385388494,-0.248414531,0.999973893,0.48088187,0.387243629,-0.25591141,0.99956131,0.688936234,0.457709223,-0.110786229,0.991073608,0.460569561,0.462889463,-0.13478303,0.954695523,0.741237104,0.525698066,-0.277877867,0.988023698,0.4227494,0.527664,-0.28319031,0.929137,0.761129737,0.545744479,-0.324837416,0.970881104,0.408746868,0.548657537,-0.324851364,0.888694704,0.753614902,0.546052277,-0.401503146,0.97212249,0.41431284,0.549015701,-0.408508807,0.888721645,0.745926201,0.539656878,-0.312441021,0.964460075,0.422208667,0.542739093,-0.319333136,0.869480431,0.616877735,0.515634477,-0.000824530667,0.999609411,0.516654789,0.517211854,0.000600032334,0.999277532,0.607755244,0.638882816,-0.0454300046,0.895385325,0.522897661,0.638755441,-0.0268449262,0.869254827,0.580713749,0.746957183,0.164128706,0.881158769,0.533262312,0.74551934,0.186377823,0.832160056,0.583242297,0.761581063,0.169877693,0.552578807,0.537827313,0.756005943,0.194199,0.407357931,0.588032365,0.780019641,-0.0767181218,0.870861232,0.530200541,0.778159797,-0.0561712757,0.8244946
3483.333333333324,0.564536154,0.320430189,-0.677951813,0.999936342,0.576401234,0.314710826,-0.647311449,0.999878109,0.582474351,0.315493137,-0.64732784,0.999882162,0.587587714,0.316082805,-0.647377551,0.999907553,0.556861579,0.313328892,-0.650054932,0.999829054,0.550036967,0.313255817,-0.650107384,0.999808908,0.544329822,0.313343048,-0.650090218,0.999817371,0.597318411,0.321685493,-0.430369467,0.999869883,0.535990596,0.320672512,-0.448474973,0.999619424,0.577321768,0.330807477,-0.594499588,0.999901891,0.550865591,0.330054939,-0.599815905,0.999798119,0.651740611,0.385376275,-0.257448286,0.99997592,0.480828136,0.387173623,-0.266272843,0.999602079,0.690522075,0.456318,-0.120586567,0.99171859,0.457996815,0.461554378,-0.145886317,0.957812965,0.744335413,0.525082171,-0.296750396,0.98887223,0.418384165,0.526752174,-0.299299538,0.934020638,0.765893042,0.54469806,-0.344878703,0.972719431,0.404962838,0.547579706,-0.342615306,0.895140469,0.759020925,0.545954943,-0.422022969,0.973987639,0.411129475,0.547887385,-0.426184535,0.89562124,0.750384,0.539509237,-0.331015587,0.966900468,0.418889701,0.541669786,-0.335537195,0.877707362,0.616488338,0.515571237,-0.00189633563,0.999611676,0.515474141,0.51719749,0.00169207295,0.999294043,0.607520521,0.638295352,-0.0472990312,0.892706931,0.522749,0.638890624,-0.0260068309,0.866309941,0.582044,0.747447312,0.163172439,0.878363609,0.533322692,0.745343089,0.188683152,0.826811314,0.581659496,0.761779189,0.169018045,0.549780846,0.538108647,0.755888,0.195956677,0.403891206,0.586617053,0.779749095,-0.0781731457,0.868725121,0.530144274,0.777598202,-0.0557152666,0.82066834
3499.9999999999905,0.564536452,0.320548236,-0.69457674,0.999942541,0.576388896,0.314837962,-0.664242148,0.999889612,0.582452655,0.315623343,-0.664254904,0.999893367,0.587552667,0.316212654,-0.664302886,0.999916196,0.556846797,0.313435763,-0.667308867,0.999845266,0.550022244,0.31335628,-0.667370379,0.999827087,0.544315279,0.313435018,-0.667351305,0.999834478,0.597286046,0.32174179,-0.446738631,0.999881804,0.535972714,0.32070002,-0.466424942,0.999655247,0.577322483,0.330937505,-0.610745,0.999911368,0.550869226,0.330144942,-0.61649394,0.999817729,0.651725054,0.385398924,-0.269580185,0.999977767,0.480806142,0.387140423,-0.282792777,0.999639,0.69203496,0.455512434,-0.133473352,0.992326498,0.456081182,0.460729897,-0.166468069,0.960899174,0.748021245,0.524352968,-0.314230561,0.989695668,0.415229499,0.526094496,-0.324734271,0.938842714,0.769954383,0.543965459,-0.363736838,0.97452575,0.401408166,0.546821535,-0.371418536,0.901700079,0.763713419,0.545795739,-0.440611094,0.975800276,0.408072054,0.547031581,-0.451878339,0.902529836,0.754595399,0.539400041,-0.348530114,0.969258547,0.415836215,0.540876806,-0.360120624,0.885904849,0.616507828,0.51539737,-0.00203650515,0.999613404,0.515280247,0.517099559,0.00184078992,0.999307036,0.607501447,0.637901604,-0.0457966402,0.891121,0.522664845,0.638872,-0.0257512555,0.864396274,0.583822131,0.747601628,0.163123548,0.876422763,0.533887744,0.744902372,0.188757434,0.821894,0.581347346,0.761762261,0.168950766,0.547580481,0.540057182,0.755350947,0.195808232,0.399683625,0.585950077,0.779665112,-0.0789779946,0.867017567,0.530326724,0.777270377,-0.0559630021,0.816910386
3516.666666666657,0.564480722,0.320617229,-0.687633038,0.999948144,0.576327085,0.314910531,-0.657589614,0.9999,0.582392275,0.315699726,-0.657606721,0.99990344,0.58748132,0.316291,-0.657652557,0.999924,0.556768119,0.313488513,-0.66031158,0.999859869,0.549934804,0.313402355,-0.660369277,0.999843478,0.544235528,0.313474953,-0.660348,0.999849916,0.59724468,0.321792692,-0.440785289,0.999892592,0.535908163,0.320709914,-0.459033638,0.999687552,0.577289581,0.331005961,-0.604017794,0.999919891,0.550843835,0.33018598,-0.609348953,0.999835432,0.651577353,0.385394305,-0.264786631,0.999979436,0.480832309,0.387128383,-0.276612222,0.999672472,0.692112267,0.455022782,-0.129329413,0.992852211,0.455473,0.460360259,-0.161549687,0.963621438,0.749050379,0.523341119,-0.309565097,0.990404367,0.412403435,0.525676727,-0.320517451,0.943124771,0.771637917,0.54259038,-0.359117687,0.976068616,0.398146242,0.546377063,-0.367899299,0.90755862,0.765905619,0.544805408,-0.435058266,0.977363169,0.404099971,0.546675742,-0.446665585,0.908721268,0.756727695,0.538750768,-0.343538433,0.971304536,0.411804527,0.540630877,-0.355374962,0.893261313,0.616442919,0.515408933,-0.00208982243,0.999616146,0.515398383,0.517105877,0.00190107268,0.999320209,0.607512057,0.637870252,-0.0463189743,0.889313221,0.522595,0.638875425,-0.0270588975,0.862825572,0.586280167,0.748025179,0.162613,0.874144673,0.534065783,0.744793177,0.188740253,0.817127764,0.581406415,0.762108684,0.168429688,0.546209037,0.54053843,0.755253673,0.195789,0.39582181,0.585894883,0.779650509,-0.079607293,0.865089357,0.530342162,0.777155101,-0.0561486334,0.813165665
3533.3333333333235,0.564429224,0.320706517,-0.70028007,0.999953151,0.57629,0.315061957,-0.67114085,0.999909341,0.582358778,0.315857559,-0.671158373,0.9999125,0.587443352,0.316444,-0.671212614,0.999931037,0.556726575,0.313599735,-0.673300862,0.999872923,0.549899042,0.313496411,-0.673363149,0.999858201,0.544207156,0.313552111,-0.673345387,0.999863744,0.597234786,0.321872801,-0.452953666,0.999902308,0.535905242,0.320726335,-0.468552202,0.999716461,0.577249765,0.331069857,-0.615544498,0.99992758,0.550829113,0.330230027,-0.620125353,0.999851286,0.65149796,0.385222048,-0.272083759,0.999981,0.480947644,0.387054652,-0.279031932,0.999702573,0.692183912,0.454550117,-0.136027798,0.993336,0.454700798,0.459714502,-0.160417125,0.966077745,0.749337316,0.521710694,-0.321515083,0.991052091,0.409282237,0.525410235,-0.321569115,0.946995199,0.771722496,0.540259242,-0.371749073,0.97747463,0.394770712,0.546123147,-0.368983865,0.912830949,0.766022,0.542109549,-0.448804647,0.978784323,0.400765777,0.546532571,-0.448447496,0.914304256,0.756966,0.536843121,-0.355916262,0.973157525,0.408828497,0.540552199,-0.356715769,0.899876118,0.616164088,0.51539129,-0.00225009443,0.999617398,0.515182614,0.516953409,0.0020677133,0.999331,0.607525,0.637784541,-0.0478830449,0.886695683,0.522526562,0.638913333,-0.0281660557,0.860313475,0.587603271,0.748226941,0.161168978,0.870921135,0.534057379,0.744815946,0.188605368,0.811441362,0.581484616,0.762191832,0.167277187,0.543001771,0.540249288,0.755272448,0.195742548,0.391208589,0.585870564,0.779613912,-0.0828318521,0.86215049,0.530393362,0.777171552,-0.0573889,0.808344722
3549.99999999999,0.564423561,0.320761263,-0.691343129,0.999957621,0.576274216,0.315161079,-0.661978245,0.999917626,0.582343638,0.31595248,-0.661998689,0.999920607,0.587426364,0.316529572,-0.662048578,0.999937236,0.556698382,0.313694119,-0.663791895,0.999884605,0.549875557,0.313587964,-0.663853049,0.999871314,0.544191957,0.313639075,-0.663835108,0.999876082,0.59722507,0.321897805,-0.446579307,0.999910891,0.535903871,0.320771575,-0.460401654,0.999742091,0.577251375,0.33111766,-0.608052,0.999934435,0.55083251,0.330278695,-0.612107098,0.999865532,0.651509285,0.385149628,-0.269560486,0.999982297,0.48127532,0.38704583,-0.275003046,0.999729216,0.692673266,0.454449564,-0.138109744,0.99377948,0.453665763,0.459456,-0.158592507,0.968347907,0.749881506,0.520466,-0.324652463,0.991652429,0.406180173,0.525225,-0.320890665,0.950600207,0.772188187,0.538575053,-0.375112772,0.978787661,0.391046405,0.545959532,-0.368767887,0.917808533,0.766217351,0.540073037,-0.451364845,0.980103195,0.397455484,0.546213388,-0.447067171,0.919534624,0.757287681,0.535308599,-0.358787119,0.974875,0.405783474,0.540240109,-0.355691671,0.906063318,0.615804076,0.515399098,-0.00231693592,0.999615133,0.515037417,0.516851723,0.00213831803,0.999335945,0.607515693,0.637607336,-0.0480950698,0.885340512,0.522490084,0.638847,-0.0282448251,0.85965395,0.588158,0.748089135,0.16115281,0.86881876,0.5339939,0.744823754,0.18816179,0.807657123,0.581497,0.761953,0.167457178,0.540441334,0.539594531,0.755281091,0.195271417,0.387230396,0.585904241,0.779526532,-0.0820491314,0.860175729,0.530400157,0.777190566,-0.0597168,0.804890633
3566.6666666666565,0.564371467,0.320783973,-0.696073711,0.999961615,0.576232672,0.315199733,-0.66718781,0.999925077,0.582313597,0.315992147,-0.667205155,0.999927878,0.587403595,0.3165721,-0.667256951,0.999942839,0.556656361,0.313742191,-0.668870211,0.999895036,0.549847901,0.313639283,-0.668934584,0.999883056,0.544172943,0.313695818,-0.668920279,0.999887109,0.597230375,0.321920097,-0.451248556,0.99991858,0.535915,0.320810497,-0.46436283,0.999765098,0.577242076,0.331131518,-0.612324536,0.999940634,0.550831318,0.330298573,-0.6161623,0.999878287,0.65155,0.38510254,-0.270587802,0.99998349,0.481966376,0.386972487,-0.277356952,0.999753237,0.693022311,0.454393208,-0.140185803,0.99417448,0.453420222,0.458715141,-0.160042942,0.970378578,0.750191748,0.519370615,-0.331347,0.992203116,0.404710352,0.525010645,-0.324110061,0.953778207,0.771519601,0.537137032,-0.382654876,0.980002,0.388877124,0.545840204,-0.372495383,0.922145128,0.766296208,0.538246751,-0.459904313,0.981319129,0.39478898,0.546033621,-0.451481342,0.924115717,0.757919192,0.533805668,-0.366045535,0.976446211,0.403318107,0.540023923,-0.359278142,0.911496699,0.615791559,0.515337527,-0.00198536692,0.999614775,0.515071571,0.516559184,0.00181109994,0.99934268,0.607517421,0.63744694,-0.0485596657,0.885230422,0.522348464,0.638671875,-0.0294962544,0.860564709,0.588152349,0.748132706,0.16261743,0.868432522,0.533618331,0.744993746,0.187831491,0.805989325,0.581190884,0.761897862,0.168977901,0.539269924,0.53821516,0.755313337,0.194921285,0.384057224,0.585877299,0.779520869,-0.0814035907,0.859804273,0.530363798,0.777370393,-0.0630188,0.803395092
3583.333333333323,0.564372778,0.320789695,-0.662127078,0.999965191,0.576220334,0.315202594,-0.633434,0.999931693,0.582301259,0.315994143,-0.633463085,0.999934316,0.587394834,0.316574931,-0.633504093,0.999947786,0.556650519,0.313772082,-0.634555638,0.999904335,0.549840868,0.313686669,-0.634611428,0.999893546,0.544163108,0.313765258,-0.634599149,0.999896944,0.59722954,0.321923316,-0.421150982,0.999925256,0.535926342,0.320865035,-0.431490332,0.999785542,0.577291071,0.331139177,-0.579929292,0.999946117,0.550888479,0.330330163,-0.582983196,0.999889731,0.651657522,0.385098487,-0.244857222,0.999984503,0.482799172,0.386838943,-0.252945304,0.999774814,0.693153441,0.454337418,-0.119421527,0.994473279,0.453025699,0.458060175,-0.13950035,0.972127,0.749824822,0.51831013,-0.315942705,0.992643297,0.403880835,0.524127305,-0.306782395,0.956531048,0.770335078,0.536162615,-0.366718829,0.980972528,0.387664229,0.545122683,-0.355446339,0.925917745,0.765580714,0.537004054,-0.446174681,0.982306719,0.392929196,0.545572042,-0.435403317,0.928112805,0.757507443,0.53257668,-0.352132261,0.977734089,0.401283741,0.539699376,-0.342758507,0.916244268,0.615821779,0.515394449,-0.0009993118,0.999615848,0.515271366,0.516555,0.000841454254,0.999349654,0.607578814,0.637456357,-0.0489234738,0.886053443,0.522334456,0.638644934,-0.0356735252,0.862605453,0.585382819,0.748176575,0.162551016,0.868911207,0.533166111,0.745118082,0.180837557,0.805713,0.580431581,0.762059808,0.168946624,0.538883328,0.536938727,0.755351722,0.187920988,0.381546706,0.585847318,0.779621542,-0.081504181,0.860289335,0.530290782,0.777479351,-0.0695634261,0.803218603
3599.9999999999895,0.564221263,0.320794672,-0.676915705,0.999968469,0.576119,0.31521669,-0.64845711,0.999937654,0.582247436,0.316007465,-0.648472488,0.999940157,0.587373912,0.316590309,-0.648516476,0.999952257,0.556525648,0.313794523,-0.649250925,0.999912739,0.549723327,0.313711822,-0.649311125,0.999903,0.544086099,0.31379357,-0.649296582,0.999905825,0.597295642,0.321949601,-0.4354,0.999931395,0.535935,0.320912898,-0.443655,0.999803901,0.577271163,0.331144184,-0.594341099,0.999951124,0.5508672,0.330336571,-0.596783936,0.999900043,0.65179497,0.38513577,-0.25672695,0.999985456,0.483698815,0.386918634,-0.258986443,0.999794245,0.693303227,0.45434925,-0.125485405,0.994761586,0.452650219,0.45809418,-0.139880538,0.973680317,0.74985,0.51824683,-0.315907061,0.993006766,0.403010726,0.523796499,-0.308223337,0.958893418,0.770243406,0.536217272,-0.366352141,0.981738806,0.386893868,0.54470253,-0.35668394,0.929057479,0.765690446,0.537030935,-0.444068044,0.983105659,0.391554832,0.545300424,-0.437135756,0.931495607,0.757678449,0.532473862,-0.351046979,0.978788137,0.399294436,0.539612353,-0.344505429,0.920270324,0.615826309,0.515402138,-0.00115611404,0.999617159,0.515378594,0.516554296,0.000997983618,0.999356687,0.607978761,0.637345314,-0.0546791591,0.887216628,0.522055686,0.638582826,-0.0358963124,0.86438638,0.585333467,0.7482723,0.160961509,0.870045066,0.533129811,0.745271504,0.180863932,0.805725694,0.580485344,0.762180507,0.167593032,0.536181033,0.536752045,0.755366,0.187959507,0.379669458,0.58583647,0.779911816,-0.0878131315,0.861302,0.530283391,0.777680695,-0.0694366843,0.803690135
3616.666666666656,0.564055622,0.320799202,-0.682766855,0.99997139,0.575977147,0.315220326,-0.653846323,0.999942958,0.58215,0.316009611,-0.65386,0.999945283,0.587302387,0.31659317,-0.653906,0.999956191,0.556343853,0.313819766,-0.654842377,0.99992013,0.549530566,0.313747019,-0.654905796,0.999911368,0.543952465,0.313839644,-0.654894233,0.999913633,0.597310364,0.321953803,-0.439143658,0.9999367,0.535928726,0.320962042,-0.448158503,0.999820054,0.577247083,0.331145257,-0.599731565,0.999955535,0.550836921,0.330342025,-0.602383912,0.999909222,0.651875615,0.385155559,-0.261034459,0.999986231,0.48430118,0.386961758,-0.262846142,0.999811351,0.693295062,0.454332352,-0.132125214,0.994986773,0.452381641,0.458114296,-0.143169239,0.975068927,0.749070346,0.518014252,-0.32209897,0.99328208,0.402418584,0.523670733,-0.312955022,0.960865259,0.769190431,0.536173522,-0.373098016,0.982284844,0.386125475,0.544437468,-0.361744136,0.931567132,0.764747918,0.536968946,-0.449966818,0.983699322,0.390755445,0.545187354,-0.442167073,0.934256494,0.756810606,0.532278597,-0.356874704,0.979588807,0.398407876,0.539544344,-0.349301815,0.923592865,0.615832,0.51542443,-0.00115388515,0.999614954,0.515411556,0.5165537,0.00099608,0.999358535,0.608012199,0.63735038,-0.0581683777,0.888601124,0.521686196,0.638528705,-0.037359491,0.866409421,0.585272133,0.748351097,0.162747666,0.871330202,0.532854736,0.745477915,0.182509795,0.806191146,0.58044678,0.762207627,0.170144662,0.534976065,0.536223114,0.755455911,0.189974397,0.377741873,0.585969567,0.780118823,-0.0867718831,0.862579286,0.530274928,0.777847946,-0.0690108612,0.804367483
3633.3333333333226,0.563766658,0.320804954,-0.68172878,0.999974,0.575777233,0.315275371,-0.652852476,0.999947786,0.582015812,0.316055089,-0.652865589,0.999949932,0.587163329,0.316634953,-0.652911067,0.999959767,0.556090057,0.313882679,-0.653651,0.999926865,0.5492962,0.313804179,-0.653713584,0.999919,0.543817699,0.313888192,-0.653700113,0.999920845,0.597307205,0.321979702,-0.439423025,0.999941587,0.535937667,0.320986658,-0.447437257,0.999834895,0.577147305,0.331148148,-0.599242926,0.999959588,0.550708354,0.330347687,-0.60163027,0.999917567,0.651976764,0.385156,-0.263543934,0.999986887,0.484598279,0.387045205,-0.26296261,0.999826968,0.693259597,0.454337507,-0.13675639,0.995181084,0.451962799,0.458260328,-0.143406376,0.976335645,0.748533964,0.517950177,-0.324899137,0.993487775,0.401687473,0.523537,-0.31409502,0.96272856,0.76832968,0.536147296,-0.375671476,0.982665837,0.385638416,0.544190109,-0.363043696,0.934011042,0.763871372,0.536900222,-0.451844156,0.984136522,0.390013486,0.544937,-0.442674875,0.936906,0.756088674,0.53212446,-0.359333158,0.980209,0.397198558,0.539439,-0.350177318,0.926758111,0.615842164,0.51545614,-0.00132756983,0.999615133,0.515448868,0.516567469,0.00116863684,0.999363184,0.60822475,0.637367308,-0.062375918,0.891294301,0.521355569,0.638481319,-0.0382823907,0.869921148,0.585272849,0.748421371,0.162921801,0.874253,0.532271802,0.745747864,0.183463275,0.809313238,0.581388175,0.75983578,0.170599,0.536773622,0.535542905,0.75568974,0.191183671,0.378971189,0.586064517,0.780368626,-0.0861837566,0.865452647,0.530075,0.77815336,-0.0689249635,0.807461202
3649.999999999989,0.563455582,0.32081455,-0.678844213,0.999976397,0.57554549,0.315310389,-0.649957,0.999952137,0.581873059,0.316083461,-0.649974585,0.999954164,0.58702594,0.316659182,-0.650019526,0.999963045,0.555692494,0.313916981,-0.649975896,0.999932945,0.548946917,0.313833892,-0.650032878,0.999925911,0.543570757,0.313915342,-0.650012374,0.999927282,0.597299397,0.321995407,-0.437724262,0.999946058,0.535913944,0.321013421,-0.442068726,0.999848187,0.57706,0.33115086,-0.596910834,0.999963224,0.550590217,0.330354542,-0.598176837,0.999925077,0.652016103,0.385166645,-0.263181359,0.999987543,0.484900028,0.387102306,-0.257053554,0.999840558,0.693179488,0.45434311,-0.135945216,0.995367169,0.451946974,0.458269984,-0.138458952,0.97729969,0.74813509,0.517927468,-0.323569447,0.993695617,0.402354121,0.523413539,-0.308993518,0.964079559,0.767671764,0.536200881,-0.374716967,0.983068109,0.386126727,0.543894768,-0.35817343,0.935615599,0.763041079,0.536934316,-0.449993223,0.984581172,0.390861392,0.54472518,-0.437800914,0.938756108,0.755294263,0.53207916,-0.357512325,0.980820298,0.398432791,0.539362609,-0.345250428,0.92904526,0.615829587,0.515458822,-0.00157427392,0.999615133,0.515464723,0.516568,0.00142020849,0.999366403,0.60834384,0.63736707,-0.0624120794,0.893342912,0.521341,0.638369918,-0.038385313,0.872574747,0.585275829,0.74842447,0.162041649,0.876304269,0.53204,0.745777249,0.182591647,0.811343372,0.582245708,0.758592844,0.169597372,0.536092162,0.535257936,0.75572753,0.190044239,0.379093885,0.586070716,0.780444682,-0.0883302391,0.867424488,0.529794693,0.778297782,-0.0704260692,0.809499562
3666.6666666666556,0.563158512,0.320819944,-0.647382319,0.999978483,0.575284779,0.315331072,-0.617155731,0.999956,0.58170408,0.316099137,-0.617178142,0.999957919,0.586877108,0.316674322,-0.617218554,0.999965966,0.555283785,0.313936651,-0.6175583,0.999938309,0.548602641,0.313851804,-0.617604136,0.999932,0.543316066,0.313932598,-0.617581964,0.999932945,0.597297132,0.322004735,-0.40523845,0.99995,0.535887,0.321031064,-0.411152631,0.999859691,0.576956809,0.331153303,-0.566239417,0.999966443,0.550453186,0.330357641,-0.567992747,0.999931753,0.652093232,0.385173321,-0.240193173,0.999988079,0.485281318,0.387123585,-0.233116955,0.999852479,0.693121672,0.454364181,-0.119550675,0.995503306,0.452032298,0.458166629,-0.118917182,0.977962255,0.747830749,0.517852485,-0.305911213,0.993839204,0.403514981,0.522662759,-0.288357705,0.964982271,0.767015457,0.536233,-0.356801093,0.983345866,0.387084454,0.543258369,-0.337937713,0.936568379,0.762803316,0.536971748,-0.431752086,0.984902382,0.392342955,0.543942332,-0.416149855,0.939964414,0.754889905,0.532047689,-0.339862049,0.981267512,0.4002316,0.538659632,-0.324199,0.930595338,0.615839183,0.515538037,-0.00203657127,0.999616385,0.515498,0.516618609,0.00189330243,0.999370515,0.608492136,0.637337863,-0.0633403957,0.895734608,0.521318316,0.638326764,-0.0387482233,0.875588953,0.585278094,0.748433292,0.16104196,0.878991902,0.531906605,0.745819867,0.18178761,0.814382374,0.582798421,0.757833123,0.168604285,0.536730111,0.535130203,0.755774379,0.189112008,0.380588293,0.586134136,0.780491948,-0.0897931084,0.870147228,0.529556513,0.778356969,-0.0709131733,0.81254214
3683.333333333322,0.562764645,0.320878655,-0.62625277,0.99998033,0.574921131,0.315405786,-0.59595567,0.999959409,0.581451118,0.31614095,-0.59597683,0.999961197,0.586631358,0.316698343,-0.596020222,0.999968529,0.554908812,0.314067632,-0.596115649,0.999943078,0.548333168,0.313983113,-0.596164525,0.999937356,0.543143034,0.314068973,-0.596149862,0.999938071,0.597278595,0.322009683,-0.384735644,0.999953389,0.53590703,0.321094513,-0.389393121,0.999870062,0.576733649,0.331180841,-0.545441389,0.999969304,0.550276399,0.330413789,-0.546847403,0.999937713,0.652223051,0.385203451,-0.220669314,0.999988496,0.485829741,0.387158871,-0.216601074,0.999863565,0.693097591,0.454457313,-0.103056751,0.995577395,0.452271193,0.458064109,-0.106944181,0.978638709,0.746965587,0.517975867,-0.288548023,0.993884921,0.404274821,0.522546947,-0.276484,0.965863228,0.764786899,0.53674525,-0.339464664,0.983391762,0.387901664,0.54314512,-0.32672742,0.937498689,0.760673046,0.537427247,-0.413840562,0.98501265,0.393423945,0.543797433,-0.403865814,0.941112041,0.753633201,0.532190144,-0.322436631,0.981457829,0.401364982,0.538498878,-0.311873406,0.932051361,0.615899503,0.515542865,-0.0022429165,0.999617517,0.51559937,0.516622126,0.00210847333,0.99937731,0.608499229,0.637336433,-0.0664897189,0.897264719,0.52123642,0.638228059,-0.0420207866,0.877625763,0.585109293,0.748489738,0.158256754,0.880519211,0.53189677,0.745973,0.177718088,0.816021502,0.58295238,0.75761503,0.165934756,0.535539627,0.535131574,0.755868614,0.184934437,0.380601048,0.58608371,0.780500293,-0.0929159373,0.871628344,0.529497862,0.778410912,-0.0750989169,0.81414175
3699.9999999999886,0.562118828,0.320885539,-0.618275046,0.999982,0.574267089,0.315410256,-0.588215292,0.999962509,0.580991328,0.31613785,-0.588233948,0.999964178,0.586221874,0.316692889,-0.588275075,0.999970853,0.55421412,0.314077437,-0.588085711,0.999947429,0.54788214,0.313999683,-0.588133454,0.999942303,0.542797863,0.314096749,-0.588116169,0.99994278,0.597178936,0.321996897,-0.378634036,0.999956489,0.535906076,0.321139187,-0.381831765,0.999879599,0.576365113,0.331183404,-0.538106382,0.999971926,0.549972,0.330428749,-0.539089918,0.999943137,0.652419746,0.385272533,-0.215162277,0.999988914,0.486303926,0.387262046,-0.210504174,0.999873757,0.692862928,0.454630375,-0.0957726166,0.995628774,0.452412277,0.458234102,-0.101040334,0.979228199,0.743960321,0.518177152,-0.275562495,0.993873537,0.404667616,0.522603929,-0.268640608,0.966648817,0.761464357,0.537386835,-0.325313121,0.983303547,0.388566166,0.543171525,-0.318344802,0.938310564,0.757112145,0.538161695,-0.398737371,0.98500067,0.394145399,0.543804765,-0.394697458,0.942109942,0.750641644,0.532623351,-0.308924556,0.98150146,0.40203622,0.538451791,-0.303651661,0.933301508,0.61593461,0.515546143,-0.00257295,0.999622881,0.515826762,0.516655326,0.00244041416,0.999388874,0.60852474,0.637422919,-0.0683876649,0.899611175,0.521222115,0.638185143,-0.0427181572,0.880482614,0.58509481,0.748736084,0.151481852,0.883652806,0.53189,0.746060908,0.175708771,0.819401741,0.583043039,0.757632792,0.158551767,0.537325203,0.535191655,0.755941331,0.182787746,0.382781923,0.58598,0.780717731,-0.100565359,0.87467885,0.529099345,0.77865994,-0.0758358613,0.817641
3716.666666666655,0.561343908,0.320876181,-0.621464968,0.999983549,0.573473513,0.315333813,-0.591714203,0.99996537,0.580406249,0.316024035,-0.59172982,0.999967,0.585767865,0.31657806,-0.591770411,0.999973,0.553382874,0.31405285,-0.591508448,0.999951541,0.547388792,0.313991874,-0.591556549,0.999946892,0.542387903,0.314099133,-0.591538548,0.99994719,0.59708631,0.321950018,-0.38281095,0.999959409,0.535905123,0.321163744,-0.38563627,0.999888659,0.575834572,0.331154644,-0.541465461,0.99997431,0.549624,0.330429763,-0.542333245,0.999948084,0.652531207,0.385409862,-0.218152389,0.999989271,0.486511678,0.387485445,-0.213509724,0.999883294,0.692243457,0.455152452,-0.0957009718,0.995641828,0.452516884,0.459124714,-0.101653688,0.979771852,0.740226388,0.518654,-0.270781845,0.993759,0.404985547,0.523198962,-0.266368181,0.96729809,0.75733453,0.538325548,-0.319587976,0.982973337,0.389000148,0.543747306,-0.315402597,0.938921094,0.75278163,0.53898865,-0.392462343,0.984769046,0.394634247,0.544272363,-0.391428,0.942881286,0.746509373,0.533216655,-0.303711772,0.981289208,0.402528614,0.538716078,-0.301069289,0.934279263,0.615973771,0.515561521,-0.00282829581,0.999630511,0.515975,0.516667068,0.0026901206,0.999404371,0.608623505,0.637605,-0.0678666607,0.90207082,0.521131754,0.638151228,-0.0417658836,0.883492887,0.585157871,0.748955429,0.15235357,0.88718003,0.531834841,0.74619931,0.178217635,0.823505759,0.583105266,0.757726967,0.159494609,0.540287316,0.535186708,0.756152,0.185559899,0.386167437,0.585945606,0.78120327,-0.0986526906,0.878067672,0.528569639,0.779061079,-0.0707203373,0.821965694
3733.3333333333217,0.560682476,0.32072261,-0.641556501,0.99998492,0.572857916,0.315039754,-0.612287462,0.999967873,0.57995224,0.315689713,-0.612300575,0.999969423,0.585417449,0.316257179,-0.612349033,0.999974906,0.552683413,0.313866556,-0.611060858,0.999955118,0.546970785,0.313856304,-0.611117721,0.999950886,0.542033851,0.313995212,-0.611114442,0.999951,0.596956849,0.321778208,-0.404736817,0.999962,0.535909474,0.321169019,-0.402329922,0.999896467,0.575368941,0.330917418,-0.562152445,0.999976397,0.549297631,0.33030206,-0.561606,0.999952435,0.65270263,0.385462642,-0.237511128,0.99998939,0.486905128,0.387648642,-0.227119,0.999891281,0.691646099,0.456075191,-0.108406663,0.995651126,0.453165323,0.459711522,-0.106274955,0.980191886,0.737345099,0.520132482,-0.272905231,0.993626177,0.405153662,0.523735762,-0.271279186,0.967734456,0.754113138,0.539992,-0.324858636,0.982595682,0.390146792,0.544265151,-0.32127443,0.939164519,0.749337852,0.540650129,-0.398544133,0.98448503,0.395850301,0.544658303,-0.397581935,0.943292737,0.743000746,0.534664512,-0.306905836,0.981019616,0.403221756,0.538978398,-0.306179941,0.934848368,0.615972459,0.515477657,-0.00324890343,0.999631107,0.515999258,0.516524315,0.00309804501,0.999410212,0.608758092,0.637607694,-0.0689380318,0.901812196,0.521093607,0.638149202,-0.0409966521,0.883263886,0.585164487,0.748956323,0.152291879,0.887488067,0.531829298,0.746227801,0.178708106,0.822969496,0.583295286,0.757800162,0.159523189,0.537436664,0.535182059,0.756392777,0.186095566,0.384661436,0.5858742,0.781223416,-0.098539874,0.878227472,0.528484046,0.779074073,-0.0703542754,0.821797729
3749.999999999988,0.559085786,0.320554823,-0.63956672,0.999986172,0.571798742,0.314607501,-0.610613942,0.999970198,0.579068661,0.315277666,-0.610627115,0.999971688,0.584839106,0.315880835,-0.610672116,0.999976635,0.551824212,0.313496083,-0.608922422,0.999958396,0.546493173,0.313520551,-0.608975172,0.999954581,0.54161185,0.313656628,-0.608971238,0.999954522,0.596828878,0.321633846,-0.404658616,0.999964237,0.536220551,0.321034968,-0.401381135,0.99990356,0.573881805,0.330733359,-0.561012268,0.999978304,0.548346341,0.330137193,-0.560007632,0.999956429,0.652778089,0.385466754,-0.238941699,0.99998945,0.487451971,0.387663186,-0.227284223,0.999898732,0.690886259,0.456544071,-0.11009565,0.995625257,0.454725385,0.460010588,-0.107295074,0.980396509,0.734858811,0.521002471,-0.27800104,0.993456781,0.406938016,0.524128199,-0.268574238,0.968086421,0.750725329,0.541081131,-0.328249753,0.982160687,0.393834919,0.544505179,-0.316762745,0.939491391,0.745249331,0.541941524,-0.40139541,0.984137416,0.399139345,0.544846594,-0.391877472,0.943735,0.73915,0.535708606,-0.311362505,0.980676591,0.405673623,0.539130092,-0.302677423,0.935411394,0.615981519,0.515497625,-0.00361410598,0.999634862,0.516073525,0.516539872,0.0034450423,0.999419868,0.60892719,0.63814,-0.068405427,0.901456118,0.521084,0.638325572,-0.0378973782,0.883869827,0.585155487,0.748981476,0.160461083,0.887814164,0.531775534,0.746239781,0.189266279,0.823482752,0.583314419,0.757869482,0.168892935,0.536904097,0.53504467,0.756680131,0.197981954,0.384240776,0.585533738,0.781296134,-0.084883,0.878465,0.528063476,0.779116452,-0.0547102913,0.822544873
3766.6666666666547,0.557961285,0.320243716,-0.639943719,0.999987245,0.571069598,0.314104676,-0.611385107,0.999972224,0.578499794,0.314787775,-0.611397326,0.999973655,0.584489524,0.315421134,-0.611443341,0.999978185,0.551223934,0.313070983,-0.609306276,0.999961197,0.546148598,0.313128,-0.609361112,0.9999578,0.541275561,0.313248515,-0.609354258,0.999957561,0.596796036,0.321471,-0.407139659,0.999966204,0.53654182,0.320880949,-0.402703106,0.99990958,0.572964907,0.330399871,-0.562205791,0.999980032,0.547639191,0.329800308,-0.560146332,0.999959946,0.653003693,0.385441363,-0.243456781,0.99998945,0.488119453,0.387674272,-0.22822386,0.999904871,0.689844489,0.457185388,-0.116001435,0.99552685,0.456796914,0.460214734,-0.10952162,0.980398238,0.732054055,0.521868885,-0.278217912,0.993167222,0.410211027,0.524373233,-0.271250635,0.967936933,0.746413708,0.542449534,-0.329099536,0.981460392,0.397927254,0.544523835,-0.319696784,0.938983142,0.740824878,0.543459117,-0.403515846,0.983547807,0.402630121,0.544905066,-0.394506603,0.94339788,0.735022247,0.536986232,-0.312569082,0.980051279,0.408860892,0.539218128,-0.305217117,0.93514508,0.616180956,0.515520096,-0.00384777691,0.999639571,0.516374,0.516548216,0.00366261345,0.999427378,0.608935833,0.639006376,-0.0681115761,0.902633488,0.521070719,0.638508797,-0.0349261388,0.88549751,0.585321724,0.748938441,0.186927155,0.889550507,0.531631649,0.746230304,0.212540478,0.825787306,0.583554268,0.757722437,0.198351324,0.537730634,0.534745932,0.756761253,0.223598883,0.385121197,0.585154355,0.781414926,-0.0560633652,0.87989074,0.527743161,0.779221177,-0.0303945262,0.824942052
3783.333333333321,0.557027936,0.31971404,-0.640157044,0.999988198,0.570423782,0.313208044,-0.611447,0.999974,0.577965498,0.313854516,-0.6114586,0.999975383,0.584159315,0.314470768,-0.61150378,0.999979496,0.550694644,0.312458396,-0.609620333,0.999963701,0.545802295,0.312584341,-0.609673083,0.999960661,0.540856421,0.312747061,-0.609666467,0.999960244,0.596775591,0.321172208,-0.407116234,0.999967873,0.536602139,0.320731223,-0.403215677,0.999914825,0.572267473,0.329829305,-0.562201619,0.999981582,0.54708308,0.329306573,-0.56057626,0.999963105,0.653210938,0.385437071,-0.243195847,0.99998939,0.488588452,0.38767615,-0.228550971,0.999910355,0.688336074,0.45858863,-0.115331717,0.99541384,0.459077239,0.460275769,-0.111067846,0.98028,0.729516566,0.523217916,-0.276704073,0.992863595,0.413554043,0.524444938,-0.272286326,0.967481375,0.742903829,0.54426831,-0.325275213,0.980737567,0.401640058,0.544543207,-0.3205356,0.938000202,0.737700462,0.545181513,-0.397816747,0.982938826,0.406520635,0.544934392,-0.395020753,0.942598939,0.732111156,0.538521111,-0.309455901,0.979392707,0.412857711,0.539246142,-0.306061655,0.934356034,0.616313875,0.515527785,-0.00382600538,0.999644578,0.516690671,0.516544521,0.00363634457,0.999435782,0.609427,0.63935411,-0.0659942403,0.90336585,0.52106297,0.638661385,-0.0333472416,0.886589825,0.585488677,0.74883759,0.188690171,0.891017199,0.53155762,0.746150672,0.213569626,0.827370167,0.583604813,0.757563,0.199370772,0.538366199,0.534470558,0.756762326,0.224205181,0.385133952,0.585051298,0.781502485,-0.0548588634,0.881124616,0.527686656,0.779265583,-0.0293149818,0.82682693
3799.9999999999877,0.556126535,0.319161415,-0.640451312,0.999989092,0.569485307,0.312342733,-0.611631513,0.999975562,0.577057958,0.312880635,-0.611644685,0.999976933,0.583537757,0.313339919,-0.611688793,0.999980688,0.550047874,0.311978608,-0.610088944,0.999965906,0.545310557,0.312195301,-0.610141397,0.999963164,0.540239394,0.312464535,-0.610133946,0.999962568,0.596495688,0.320631832,-0.407771468,0.999969423,0.536589682,0.320679635,-0.403726429,0.999919415,0.571599483,0.329149097,-0.56245625,0.999982953,0.546573162,0.328883529,-0.560913146,0.999965847,0.653252423,0.385441929,-0.244837269,0.999989331,0.489109248,0.387697071,-0.229095608,0.999914646,0.686394,0.459279388,-0.115966439,0.99530679,0.461431831,0.460286081,-0.111665279,0.979890466,0.726137757,0.523806572,-0.2778804,0.992572784,0.416977584,0.524410129,-0.270654827,0.966664553,0.738336,0.544948339,-0.325633466,0.980060518,0.404720932,0.544478,-0.318391085,0.936424315,0.733469069,0.545715332,-0.397896498,0.982367933,0.410076916,0.544847131,-0.39222753,0.941242218,0.727756,0.538898408,-0.310212374,0.978766,0.416779339,0.539188087,-0.304131657,0.932955921,0.616743863,0.514885306,-0.00431313599,0.999648154,0.517655194,0.515742838,0.00410986599,0.999442756,0.609435,0.63950038,-0.069648236,0.903634489,0.520927429,0.638527155,-0.0333905891,0.886891127,0.585642517,0.748335302,0.183831424,0.892160833,0.531425,0.74605763,0.209073827,0.828711212,0.583645642,0.756808639,0.193694457,0.537297189,0.534431934,0.756776154,0.219072387,0.385008067,0.584963679,0.781499565,-0.0609884821,0.881964445,0.527446747,0.779353201,-0.0348670408,0.828332603
3816.6666666666542,0.554647267,0.318850964,-0.632687747,0.999989808,0.567960322,0.31189239,-0.603904128,0.999976754,0.575611234,0.312384903,-0.603915036,0.999978125,0.582537413,0.312794328,-0.603968084,0.999981582,0.54908663,0.311677784,-0.600867569,0.999967515,0.544545293,0.311918169,-0.60092175,0.999965072,0.539434373,0.312237382,-0.600924253,0.999964356,0.596006632,0.320314199,-0.402319729,0.999970436,0.536587119,0.320643574,-0.391491294,0.999922454,0.569992244,0.328859448,-0.55587846,0.999984,0.545486,0.328686088,-0.552730143,0.999968112,0.653277338,0.385443,-0.244296968,0.999989,0.489559382,0.387786806,-0.218788698,0.999917626,0.684577942,0.459570408,-0.117190808,0.995110512,0.464142531,0.460511953,-0.0998741,0.978977799,0.721664,0.524276733,-0.279336303,0.992006898,0.420335531,0.524476707,-0.255333424,0.965075612,0.732802153,0.545442581,-0.32732296,0.978794575,0.408015311,0.544477522,-0.302885264,0.933648467,0.72788763,0.545955896,-0.399469256,0.981261075,0.41347912,0.544849753,-0.375736207,0.93876344,0.721641839,0.538987815,-0.311624557,0.977529407,0.420432895,0.539190054,-0.288463742,0.930372596,0.616978824,0.514378846,-0.00543441623,0.999649525,0.518177211,0.515264,0.00522072334,0.99944663,0.609439135,0.639493406,-0.0785482898,0.903012395,0.5205127,0.638485849,-0.0353115,0.886093318,0.585413575,0.748287797,0.181392327,0.892443717,0.531361282,0.746064365,0.206881672,0.829375386,0.583548903,0.756781936,0.190742359,0.534463286,0.53438586,0.757026553,0.21684438,0.384561747,0.584190905,0.781507313,-0.0640156642,0.881765723,0.527186036,0.77944535,-0.037480358,0.828973293
3833.3333333333208,0.553151369,0.318618149,-0.600590348,0.999990463,0.566282153,0.311630756,-0.572125852,0.999977887,0.574061811,0.31207934,-0.572141767,0.999979198,0.58145076,0.312457293,-0.572189093,0.999982417,0.547962189,0.311486542,-0.567027688,0.999969125,0.543527365,0.311731905,-0.567071259,0.999966919,0.538469732,0.312082916,-0.567075,0.999966145,0.595435381,0.31998843,-0.377353966,0.99997133,0.536591411,0.32058081,-0.357451051,0.999925375,0.568411171,0.328641295,-0.526950359,0.999985039,0.544424355,0.328541905,-0.521261811,0.999970198,0.653569,0.385418147,-0.234180778,0.999988556,0.489958346,0.387931317,-0.190094531,0.999920547,0.68358314,0.459716588,-0.117143013,0.994928,0.466185093,0.46094045,-0.0751235262,0.977831423,0.71871531,0.524659574,-0.278340459,0.991429567,0.423642874,0.524816334,-0.231645465,0.963444,0.72937423,0.545915306,-0.326205224,0.977544606,0.410461754,0.544810116,-0.278782547,0.930950522,0.723730326,0.546480954,-0.396257162,0.980147302,0.41626668,0.545210719,-0.349274337,0.936279178,0.717255354,0.539334357,-0.309544742,0.976293385,0.423725128,0.53951,-0.263911724,0.927696049,0.617526114,0.514406681,-0.00818662159,0.999652922,0.518650174,0.515274704,0.00796109252,0.999453127,0.610088527,0.639750481,-0.0860570893,0.903867722,0.520098805,0.638467669,-0.0353858098,0.887436807,0.585420907,0.748285949,0.179955557,0.893984377,0.531305194,0.746121168,0.207664907,0.832647741,0.583550572,0.756808639,0.189080238,0.535055637,0.534366727,0.757446885,0.21805878,0.388004899,0.584149957,0.781525493,-0.0651676133,0.883139,0.526765764,0.779630959,-0.0327541344,0.831970096
3849.9999999999873,0.552432239,0.318627447,-0.599073708,0.999991059,0.565250278,0.311661929,-0.570606232,0.9999789,0.573071837,0.312103182,-0.570619285,0.999980152,0.580696821,0.312479705,-0.570661962,0.999983191,0.547234952,0.311497957,-0.565842867,0.999970555,0.542776048,0.31173867,-0.565885186,0.999968588,0.537659168,0.312113702,-0.565887868,0.999967754,0.59480083,0.319895089,-0.374655724,0.999972105,0.536510468,0.320588619,-0.356253833,0.999927819,0.567724407,0.328641236,-0.524869442,0.999985933,0.543756187,0.328546852,-0.519655406,0.999972045,0.653784811,0.385358334,-0.230213031,0.999988139,0.490129769,0.388035655,-0.190119162,0.99992317,0.682407498,0.459798902,-0.116313688,0.994735,0.468037844,0.461301893,-0.0760322213,0.976838,0.716519475,0.524986267,-0.275378376,0.990871608,0.427240551,0.525068164,-0.232735917,0.961867154,0.727111161,0.546138227,-0.322675169,0.976340115,0.413407475,0.545027494,-0.280202806,0.928373575,0.721111417,0.546872556,-0.391912907,0.979076087,0.419752777,0.545429051,-0.350651443,0.933908582,0.714680731,0.539657,-0.30600366,0.975077808,0.42754963,0.539659381,-0.264960319,0.925133467,0.618011236,0.514511049,-0.00914752949,0.999655306,0.519024193,0.515344203,0.00891550165,0.999458969,0.610743046,0.639804423,-0.0859465823,0.904433548,0.520016253,0.638465643,-0.0354690813,0.888637125,0.585639834,0.748284042,0.178358167,0.895479262,0.531282127,0.746264219,0.206449077,0.835750639,0.58363235,0.75683409,0.188650891,0.535793245,0.534362853,0.757922,0.216616288,0.391266584,0.584177673,0.781543672,-0.0659442097,0.884611249,0.526700199,0.77983737,-0.0344393142,0.834871054
3866.666666666654,0.550657809,0.318770468,-0.568036556,0.999991596,0.563077688,0.311810553,-0.54028666,0.999979675,0.571087241,0.312209159,-0.540299356,0.999980927,0.579133749,0.312550902,-0.540335,0.999983728,0.545840323,0.311710924,-0.534056485,0.999971747,0.541250169,0.311949372,-0.53409487,0.999969959,0.536390781,0.312353432,-0.534098506,0.999969125,0.593922675,0.319897294,-0.350111336,0.999972582,0.536440849,0.32064268,-0.325391203,0.999929786,0.565868556,0.328769833,-0.4962717,0.999986708,0.542249739,0.32873252,-0.48922351,0.999973714,0.653885365,0.385327399,-0.213537693,0.999987662,0.490167737,0.388123333,-0.164672866,0.99992609,0.681386828,0.460004359,-0.107173279,0.994582176,0.469001293,0.461523741,-0.0534974784,0.975677788,0.714496076,0.525232255,-0.262853324,0.990394652,0.430288166,0.525128782,-0.209703714,0.960638106,0.724910617,0.546383321,-0.309832364,0.975340247,0.415605098,0.545078695,-0.257228911,0.926454425,0.71862042,0.547248244,-0.377351522,0.978169441,0.42227596,0.545523,-0.326109618,0.932104886,0.712065756,0.539979,-0.29260084,0.974051,0.430349767,0.539690793,-0.241445586,0.923168361,0.618233,0.514712811,-0.0111112427,0.999658108,0.519451141,0.515604,0.0108832149,0.999467194,0.610812068,0.639868498,-0.0848647431,0.904922545,0.519895554,0.638469875,-0.0354454108,0.889883,0.585610569,0.748322725,0.176378563,0.89650774,0.5313012,0.7464661,0.205714509,0.838734388,0.583640695,0.75686574,0.187464625,0.536155105,0.534525275,0.758338094,0.215788454,0.395394444,0.58411628,0.7815485,-0.0668443888,0.885541081,0.526570201,0.779960513,-0.0325743221,0.837556303
3883.3333333333203,0.549240589,0.31920445,-0.559049249,0.999992,0.561431,0.312476695,-0.531591415,0.999980271,0.569518387,0.31277144,-0.531601965,0.999981523,0.577773631,0.313016,-0.531634212,0.999984145,0.54471,0.312447369,-0.524785876,0.999972641,0.53999722,0.312676817,-0.524826944,0.999971032,0.535399616,0.313045949,-0.52483654,0.999970198,0.593009949,0.319904238,-0.342950284,0.999972761,0.536430478,0.320783079,-0.315490156,0.999931,0.564551592,0.329125732,-0.487896621,0.999987364,0.541143835,0.329194218,-0.480064124,0.999975085,0.654126,0.385326505,-0.207976058,0.999987066,0.490296483,0.388166219,-0.157183766,0.999928534,0.680745065,0.460437477,-0.105359159,0.994416595,0.47101289,0.461657077,-0.0480189733,0.974573,0.712304771,0.525567055,-0.262046039,0.989930332,0.432858109,0.525279105,-0.20429337,0.959657967,0.722827554,0.54688412,-0.309319109,0.974387705,0.418537,0.545267463,-0.252286404,0.924966156,0.716259897,0.547867656,-0.376660407,0.977297306,0.425669432,0.545681775,-0.320475906,0.930690467,0.709498584,0.540493846,-0.291719973,0.973053873,0.433555514,0.539727807,-0.235768348,0.921591699,0.618531048,0.514915228,-0.0126770027,0.999659896,0.519761503,0.515770137,0.0124508264,0.999474704,0.61087513,0.639861882,-0.085614875,0.905684471,0.519746542,0.638462603,-0.0354783349,0.891491592,0.585602283,0.748344064,0.173161745,0.897809207,0.531312227,0.746768355,0.205201238,0.842235386,0.583731711,0.756922901,0.184779018,0.537537336,0.534739852,0.7589342,0.215184525,0.40065521,0.584122837,0.781552494,-0.0672275424,0.886828244,0.526266754,0.780114174,-0.0323983505,0.840645254
3899.999999999987,0.547331631,0.319694817,-0.551765919,0.99999243,0.559330761,0.313048452,-0.525487065,0.999980927,0.567420363,0.313273638,-0.525495291,0.999982178,0.57587266,0.313468248,-0.525520086,0.999984622,0.543303,0.313066959,-0.517470539,0.999973655,0.538629115,0.313276976,-0.51751256,0.999972224,0.534528077,0.313601375,-0.517521441,0.99997139,0.592040598,0.319939166,-0.34162125,0.999973238,0.536429822,0.320898443,-0.308856,0.999932528,0.562749505,0.329557478,-0.482443,0.999988,0.539837301,0.329646021,-0.473021537,0.999976456,0.65433526,0.385316342,-0.209373057,0.999986649,0.49053055,0.388276309,-0.151378304,0.999930799,0.680225074,0.460686088,-0.105440393,0.994329274,0.472821385,0.462014258,-0.0439026,0.973499119,0.711092949,0.525943816,-0.263952762,0.989676833,0.435143471,0.525341392,-0.200909853,0.959056199,0.721208394,0.547336817,-0.311065108,0.973905921,0.420632,0.545338452,-0.248613209,0.924139082,0.714410543,0.548351645,-0.378373325,0.976838529,0.427827597,0.545750618,-0.315913826,0.929880738,0.707752943,0.540983558,-0.293578535,0.972521305,0.435678482,0.539735198,-0.232087463,0.920661688,0.618711889,0.515032887,-0.01549586,0.999660969,0.520324945,0.515916109,0.0152677055,0.999481,0.611016095,0.639843166,-0.0903686583,0.90687573,0.519661,0.63846004,-0.0355068147,0.893824339,0.585525,0.748341203,0.161178216,0.899331212,0.531604409,0.74690789,0.199662104,0.846385419,0.583743215,0.756941199,0.172300577,0.539005876,0.535432637,0.759087,0.209257275,0.407506,0.583833933,0.781553924,-0.0748308897,0.888282835,0.526130676,0.780143082,-0.0331536978,0.844240963
3916.6666666666533,0.545304656,0.320331395,-0.538853526,0.999992788,0.557286084,0.313807636,-0.513132215,0.999981523,0.565093458,0.313968867,-0.513140559,0.999982715,0.573572,0.314108551,-0.513168156,0.999985039,0.541807592,0.313892424,-0.504032075,0.999974549,0.537306368,0.314092726,-0.504074633,0.999973238,0.53374213,0.314350396,-0.504084587,0.999972463,0.590658963,0.320031017,-0.332098424,0.999973774,0.53643328,0.321145356,-0.293982387,0.999933958,0.56089586,0.330119,-0.470488578,0.999988616,0.538528442,0.330261081,-0.459582835,0.999977648,0.654368639,0.385416895,-0.204192147,0.999986053,0.490861565,0.388458312,-0.13512224,0.999932468,0.679634511,0.461064279,-0.106071614,0.994213402,0.475276679,0.462272674,-0.0298728831,0.971831858,0.709896266,0.526286,-0.264608592,0.989348412,0.437898815,0.525443733,-0.191473573,0.958043635,0.719813466,0.547634363,-0.311898917,0.973291755,0.423228949,0.545424283,-0.239961326,0.922762215,0.713264525,0.548661649,-0.379119575,0.976251,0.429672748,0.545813799,-0.306899518,0.928561866,0.706607342,0.541386,-0.294198334,0.971835673,0.437459856,0.539766908,-0.2228349,0.91919744,0.618751407,0.515040815,-0.0192101859,0.999657929,0.521194816,0.515922,0.0190041885,0.999484599,0.611105621,0.639656603,-0.0952173,0.908753693,0.519196093,0.638412774,-0.0356269628,0.896766543,0.58569634,0.748276711,0.149413988,0.901284218,0.531600356,0.74736321,0.187746719,0.85141474,0.584133267,0.75681752,0.159681723,0.540315032,0.535606921,0.759804606,0.196014598,0.416585505,0.583792031,0.781544685,-0.087216422,0.890062928,0.525230408,0.78035742,-0.0434915498,0.848443925
3933.33333333332,0.543711424,0.320900828,-0.531776488,0.999993145,0.555969238,0.314381808,-0.507643044,0.999982178,0.563570201,0.314469069,-0.507656,0.999983311,0.571931,0.314550191,-0.50769037,0.999985516,0.5407511,0.314562619,-0.497071445,0.999975502,0.536422193,0.314767331,-0.497110218,0.99997431,0.533219755,0.314982295,-0.497114837,0.999973536,0.589770555,0.320077479,-0.331647754,0.999974489,0.536496103,0.321377486,-0.28728959,0.999935687,0.559433818,0.330650181,-0.465178668,0.999989212,0.537416935,0.330924332,-0.452369243,0.999978781,0.654468536,0.385436833,-0.205671892,0.999985695,0.491065532,0.388746172,-0.126104116,0.999933839,0.679312229,0.461143404,-0.11022678,0.994117081,0.476500094,0.46268335,-0.0189366806,0.969824195,0.709105074,0.526595,-0.265188098,0.989017725,0.439556181,0.525622249,-0.179970235,0.95653826,0.719094694,0.547903776,-0.312452137,0.972624123,0.425566316,0.545555651,-0.227585256,0.920618355,0.712631166,0.548971117,-0.38078931,0.975616217,0.431363374,0.545960248,-0.294379354,0.92652005,0.705928743,0.541703761,-0.295417935,0.971099317,0.438976556,0.539898455,-0.211340114,0.916903734,0.618763268,0.515047371,-0.0219187457,0.999659359,0.521718144,0.51592809,0.021721838,0.999490798,0.61132586,0.639647365,-0.099933058,0.91105026,0.51906085,0.638395,-0.0353621766,0.89995265,0.585871339,0.748276651,0.148271546,0.904010296,0.531596363,0.74755913,0.188943848,0.856953859,0.584250093,0.756827354,0.158908978,0.545134246,0.535638154,0.760069966,0.197511911,0.426911622,0.583791077,0.781576216,-0.0882406,0.892625451,0.524894118,0.780444384,-0.0427250229,0.853241682
3949.9999999999864,0.542135775,0.321228921,-0.536380351,0.999993443,0.554753184,0.314685613,-0.5132792,0.999982655,0.562124848,0.314719647,-0.51329,0.999983788,0.570453286,0.314759284,-0.513323903,0.999985874,0.539787769,0.314947277,-0.502102494,0.999976218,0.535697222,0.315168858,-0.502144396,0.999975145,0.532832086,0.31537658,-0.502155185,0.99997443,0.589134514,0.320096105,-0.338945985,0.999974966,0.536650717,0.32153818,-0.29368028,0.999936938,0.557874262,0.331023902,-0.470782399,0.999989688,0.536446035,0.331323028,-0.457294405,0.999979734,0.654509962,0.385467559,-0.208436102,0.999985158,0.491505891,0.389090955,-0.130315349,0.999934554,0.679044247,0.461301774,-0.122542702,0.993994713,0.477261186,0.463401377,-0.021902591,0.967704475,0.708906293,0.526917636,-0.272353649,0.988638759,0.441179752,0.526154816,-0.18136318,0.95488131,0.718773663,0.548187852,-0.319234908,0.971845388,0.427796483,0.545873225,-0.227739453,0.918206394,0.712446511,0.549312651,-0.38523075,0.974884331,0.43325448,0.546308815,-0.294425428,0.924223781,0.705857933,0.542072475,-0.301237315,0.970270932,0.440648258,0.540349364,-0.212564453,0.914330423,0.618893743,0.515054524,-0.0240945183,0.999655724,0.5227198,0.515952766,0.0238969084,0.999490619,0.611615181,0.639607668,-0.103674121,0.912767529,0.519026101,0.63843292,-0.0348407,0.902288616,0.585919619,0.748258471,0.146774605,0.905984163,0.531595886,0.747852921,0.189495832,0.861331,0.584357619,0.756782234,0.157594,0.548202395,0.535668194,0.760226548,0.198185652,0.434999079,0.583754301,0.781601369,-0.0896468237,0.894401371,0.524850786,0.780638754,-0.0425795913,0.856910408
3966.666666666653,0.540546477,0.321327507,-0.54649663,0.999993622,0.553551495,0.314723819,-0.522960305,0.999982893,0.560886681,0.314756066,-0.522971392,0.999984,0.569214225,0.314789802,-0.523006916,0.999986,0.538821936,0.314978689,-0.512903214,0.999976575,0.53507024,0.315197557,-0.512949526,0.999975622,0.532512665,0.315404326,-0.512963355,0.999974906,0.588629544,0.320100814,-0.355318427,0.999975085,0.536997676,0.3215532,-0.305277795,0.999937356,0.55627,0.331134439,-0.4793396,0.99999,0.535594761,0.331421763,-0.467706144,0.99998033,0.65454787,0.38555935,-0.2324128,0.999984264,0.491876721,0.389326304,-0.141383961,0.999934196,0.679023564,0.46145761,-0.145284787,0.993896782,0.478095561,0.463840365,-0.0316109024,0.965765357,0.708723247,0.527120888,-0.292227447,0.988323092,0.441762179,0.526609242,-0.189073086,0.953085661,0.718378246,0.548471749,-0.33870095,0.97113651,0.428362519,0.546268642,-0.234399304,0.915506661,0.71232456,0.549642861,-0.404081494,0.974220216,0.433927029,0.546749234,-0.30148834,0.921666324,0.705780923,0.542381406,-0.320475638,0.969536126,0.441388428,0.540787458,-0.22029911,0.911488116,0.618898273,0.514989316,-0.0247114785,0.999645114,0.523171782,0.515909195,0.0245116036,0.999482751,0.611575842,0.639662087,-0.109619416,0.91272682,0.518813074,0.638505936,-0.0348525755,0.903151035,0.585606754,0.748409,0.142706171,0.905772209,0.53158015,0.748150766,0.187896073,0.863271177,0.58426553,0.757226825,0.153803572,0.548972249,0.535644174,0.760342181,0.196552485,0.438704073,0.583413184,0.781614363,-0.0915949941,0.893841088,0.524838448,0.780695677,-0.0432527959,0.857876301
3983.3333333333194,0.539527893,0.321431786,-0.551735342,0.999993742,0.552884459,0.314824194,-0.524076283,0.999983072,0.560187221,0.314858,-0.524083257,0.999984205,0.568401754,0.31489405,-0.52409637,0.999986112,0.538222,0.315064728,-0.518196464,0.999976814,0.534662783,0.31528,-0.518241048,0.999976,0.532289743,0.315477043,-0.518249929,0.999975204,0.588158667,0.320135176,-0.372397095,0.999975204,0.53723228,0.321605235,-0.309172869,0.999937475,0.555195034,0.331286937,-0.481693119,0.999990225,0.534949303,0.331528395,-0.472771704,0.999980807,0.654557705,0.385728687,-0.249896973,0.99998343,0.492008507,0.38965407,-0.146463498,0.999933302,0.679024,0.461594194,-0.162876889,0.993836284,0.478750944,0.464326918,-0.0356951244,0.963758,0.708577096,0.527413607,-0.311748981,0.988060653,0.442350477,0.52698,-0.191782877,0.951249599,0.718206465,0.548812509,-0.359090567,0.970510364,0.428957015,0.546548247,-0.236122206,0.912685394,0.712341785,0.550010324,-0.424490631,0.973629475,0.43467176,0.54711163,-0.303271353,0.918994963,0.705837429,0.542734265,-0.339975983,0.968889952,0.442073524,0.541243732,-0.222963527,0.908531725,0.618793428,0.514878,-0.0257087871,0.999632418,0.523442745,0.515824199,0.0255103707,0.999471843,0.611507833,0.639688909,-0.115588531,0.911689341,0.518664062,0.638509214,-0.0348822623,0.902841091,0.585332215,0.748409,0.141829282,0.904139102,0.531576872,0.748156488,0.188238442,0.863583088,0.582012534,0.759444177,0.153399318,0.54739213,0.53564465,0.760316789,0.197035879,0.440524429,0.582866371,0.781573832,-0.0912616178,0.891794,0.524828136,0.780675769,-0.0430345908,0.857253671
3999.999999999986,0.53910315,0.321703017,-0.554589272,0.999993801,0.552329898,0.31504029,-0.524448335,0.999983,0.559553385,0.315039307,-0.52445668,0.999984145,0.567664564,0.315059394,-0.524459541,0.999986,0.537803173,0.315355361,-0.521115184,0.999976754,0.534379661,0.315584391,-0.521159351,0.999976039,0.532125175,0.315778434,-0.521166801,0.999975204,0.587812424,0.320166707,-0.377580076,0.999974966,0.537334085,0.321752489,-0.311872929,0.9999367,0.554938316,0.33160463,-0.483210415,0.999990284,0.534723938,0.33182916,-0.475653142,0.999980927,0.65472877,0.385744423,-0.251876831,0.999982595,0.492356151,0.389735132,-0.149088442,0.999933,0.679079056,0.461593509,-0.161683291,0.993705511,0.479285389,0.464508712,-0.0379611067,0.961712241,0.70873,0.527397513,-0.309079,0.98765,0.442822903,0.527347505,-0.192659467,0.94979,0.718566954,0.548841119,-0.355668038,0.969634473,0.429665536,0.546787441,-0.236055404,0.910568178,0.712746441,0.550068915,-0.421096534,0.972822249,0.435496479,0.547406614,-0.303651094,0.916981339,0.706255794,0.542764366,-0.337342709,0.968020141,0.442644954,0.541585267,-0.223894224,0.906353593,0.618834317,0.514429212,-0.027317049,0.999625,0.52418071,0.51549226,0.0271121673,0.999465585,0.611428082,0.639676452,-0.118704379,0.908834696,0.51860106,0.637873113,-0.0329282731,0.900385141,0.584741473,0.748375,0.130063951,0.901427567,0.53200537,0.747929394,0.188345283,0.861991525,0.580814838,0.760695755,0.140883356,0.543749452,0.53625077,0.759609282,0.197155058,0.440971643,0.581761301,0.781526327,-0.100885093,0.888699293,0.524688244,0.780500412,-0.0413063876,0.855290294
4016.6666666666524,0.538798749,0.321882874,-0.555704892,0.99999392,0.551989138,0.31521672,-0.527372956,0.999983132,0.559156299,0.315196574,-0.527380884,0.999984264,0.567189217,0.315214962,-0.527391434,0.999986053,0.537505865,0.315558821,-0.522433043,0.999976933,0.53418231,0.315784574,-0.522479653,0.999976277,0.532007158,0.315969288,-0.52249217,0.999975383,0.587551713,0.320201904,-0.379249066,0.999975,0.537411571,0.321871758,-0.314339668,0.999936342,0.554702461,0.331809193,-0.484612316,0.999990463,0.534537494,0.332034886,-0.476932377,0.999981225,0.654758453,0.385731,-0.256632596,0.999982238,0.49252975,0.389842659,-0.149809763,0.999932706,0.67922008,0.461531758,-0.167420685,0.993731201,0.479618371,0.464654624,-0.0349945948,0.959848821,0.708885252,0.527379453,-0.313494474,0.987588465,0.443230808,0.52760452,-0.186439842,0.948561668,0.718772113,0.54888612,-0.360293835,0.969449162,0.430175751,0.546965659,-0.228089482,0.908715189,0.712945938,0.550114095,-0.424928695,0.972640097,0.435930669,0.547628522,-0.296460837,0.915213943,0.706460714,0.542767406,-0.341274083,0.967827439,0.443015486,0.541855,-0.217866421,0.904423952,0.618890285,0.514357507,-0.029278364,0.999619484,0.524825811,0.515444577,0.0290830079,0.99946034,0.611443281,0.639666736,-0.120636739,0.905731261,0.518616319,0.637716532,-0.0298215058,0.897309244,0.584417582,0.748174,0.127256304,0.89835149,0.532669187,0.747632325,0.189950436,0.860065699,0.580163896,0.76109463,0.138101116,0.541439295,0.536732614,0.75897187,0.198754162,0.442070067,0.581200123,0.78142,-0.102376044,0.885752141,0.524778247,0.780296922,-0.0351360366,0.853180289
4033.333333333319,0.53870374,0.322308421,-0.556373477,0.999994099,0.551880956,0.315699,-0.528885424,0.99998337,0.559006214,0.315624595,-0.528892636,0.999984503,0.566974223,0.315643221,-0.528904319,0.999986231,0.537378192,0.316079825,-0.523247898,0.999977231,0.53407836,0.316281825,-0.523295701,0.999976635,0.531925619,0.316421658,-0.523310184,0.999975681,0.587353647,0.320347518,-0.380710185,0.999975324,0.537465274,0.322153717,-0.315803528,0.999936581,0.554696739,0.332230419,-0.485373557,0.999990702,0.534448504,0.332492232,-0.477591634,0.999981642,0.654783607,0.385722,-0.258345187,0.999982059,0.492632955,0.389999866,-0.149148494,0.999933124,0.679346144,0.461409509,-0.169410154,0.993775,0.479720503,0.464778155,-0.0304507036,0.958503,0.708999574,0.527372718,-0.316462576,0.987573385,0.443352222,0.527717531,-0.181744024,0.947864056,0.718969941,0.54888171,-0.363740861,0.969356537,0.430201024,0.547024608,-0.223185375,0.907646179,0.71306169,0.550086856,-0.428325295,0.972537518,0.435944468,0.547699094,-0.292102724,0.914198697,0.706511497,0.542744398,-0.344207019,0.967704535,0.443055719,0.541945159,-0.213420764,0.9033,0.618881583,0.514256954,-0.0302025937,0.999614716,0.52488178,0.515416324,0.0300108772,0.999457181,0.611428797,0.639636278,-0.121483386,0.903184772,0.518659,0.637718141,-0.0289571788,0.894923151,0.584062,0.748057067,0.125453681,0.895762384,0.533053756,0.747508228,0.190151647,0.858411491,0.57976371,0.761364937,0.136268511,0.539269149,0.537038386,0.758719504,0.198921517,0.443051577,0.580515265,0.781323612,-0.104707882,0.88316685,0.525035441,0.780170679,-0.0343438238,0.851264715
4049.9999999999854,0.538522124,0.322568774,-0.545985579,0.999994278,0.551781178,0.315968543,-0.525112867,0.999983728,0.558915317,0.315887421,-0.525126219,0.999984801,0.566882,0.315924615,-0.525161088,0.99998647,0.537270486,0.316321671,-0.512923,0.999977648,0.534011722,0.316505879,-0.512968659,0.999977112,0.531882346,0.316623747,-0.512981594,0.999976158,0.587257087,0.320481658,-0.377102673,0.999975741,0.537575364,0.322314411,-0.307368428,0.999937415,0.554526746,0.33253327,-0.482508808,0.999991,0.534292638,0.332756937,-0.467362136,0.999982119,0.654805422,0.385705411,-0.254164875,0.999982059,0.492698431,0.390149415,-0.136503771,0.999933839,0.679765284,0.461127847,-0.16416125,0.993858337,0.479905,0.46491918,-0.0140063679,0.95716548,0.709098876,0.527273953,-0.312718838,0.987673,0.443283677,0.52775532,-0.166203961,0.947252274,0.719138384,0.548867226,-0.360290289,0.969505429,0.430013269,0.547029674,-0.207324922,0.906734884,0.713054359,0.550034225,-0.424993515,0.972651303,0.435729891,0.547712207,-0.276261687,0.913325846,0.706329107,0.542647958,-0.340596467,0.967819035,0.442892015,0.541970134,-0.197913721,0.902290583,0.618850589,0.514165699,-0.0305830948,0.999612868,0.524875224,0.515374362,0.0303999186,0.999456882,0.610543609,0.639611,-0.122458801,0.901291311,0.518603563,0.63760972,-0.0291762613,0.893243432,0.583563805,0.748033643,0.121887535,0.893672,0.533049107,0.747501373,0.189433336,0.857122958,0.578780949,0.761908889,0.132501259,0.538671196,0.537034,0.758695483,0.198086083,0.44401592,0.580190063,0.781315207,-0.108600572,0.881022513,0.525048137,0.780161202,-0.0349680148,0.849515438
4066.666666666652,0.538217247,0.322815776,-0.544603884,0.999994457,0.551656127,0.316184878,-0.525576,0.999984,0.558801532,0.316105068,-0.525590658,0.999985099,0.566772759,0.316163868,-0.52563405,0.999986708,0.537161171,0.316490352,-0.51151967,0.999978065,0.533954918,0.316651344,-0.511565149,0.999977529,0.531847715,0.316745698,-0.511576474,0.999976575,0.587175488,0.320620328,-0.376424491,0.999976218,0.537747502,0.32241562,-0.306223243,0.999938309,0.55409205,0.332851976,-0.483149379,0.999991298,0.534081638,0.332999438,-0.465894848,0.999982655,0.654828727,0.385701776,-0.253912508,0.999982297,0.492826909,0.390222579,-0.133157685,0.999934733,0.680818558,0.460969716,-0.165384173,0.993987441,0.480138093,0.464988172,-0.0105498256,0.955715775,0.709933162,0.527317226,-0.312302828,0.987850964,0.443183184,0.52782023,-0.163303658,0.946555,0.720102072,0.548947275,-0.360262454,0.969824731,0.429867446,0.547064722,-0.203845605,0.90569371,0.713332713,0.550010562,-0.424294323,0.972924471,0.435723394,0.547761,-0.273074836,0.912308753,0.70645529,0.542630136,-0.339814842,0.968129098,0.442900628,0.542043746,-0.195028901,0.901125491,0.618751824,0.514128566,-0.0319473743,0.999611,0.524913847,0.51537025,0.031775184,0.999453783,0.60937053,0.639618933,-0.12528117,0.898131907,0.518605292,0.637632549,-0.028959075,0.889698803,0.583197474,0.74792248,0.124060638,0.890163958,0.533085167,0.747273445,0.193863764,0.853824,0.578309,0.762119889,0.13503252,0.536478758,0.537085712,0.758266211,0.203197479,0.443577498,0.57953316,0.781291187,-0.106386863,0.877321422,0.525159419,0.780035317,-0.0290373,0.84605664
4083.3333333333185,0.537800908,0.322850049,-0.534082949,0.999994576,0.551469088,0.316208631,-0.517609656,0.999984205,0.558575153,0.31613782,-0.517629743,0.999985278,0.566483,0.316208,-0.517682314,0.999986887,0.537058115,0.316489875,-0.501098692,0.999978304,0.533910513,0.316648096,-0.501140893,0.999977767,0.531825423,0.316742927,-0.501147628,0.999976814,0.587023377,0.320674837,-0.373663723,0.999976635,0.53812784,0.32242915,-0.298122734,0.999938846,0.553390145,0.332893938,-0.476456374,0.999991536,0.53383863,0.33300963,-0.456185758,0.999983,0.654837608,0.38566789,-0.254431784,0.999982536,0.492937952,0.390331417,-0.125243261,0.99993521,0.681346774,0.460913092,-0.168924049,0.994131684,0.480315357,0.465142578,-0.00290538929,0.95365119,0.710957766,0.527455688,-0.311984718,0.988049209,0.443099111,0.527851701,-0.153535813,0.945213079,0.721919298,0.549017072,-0.359989613,0.97016,0.429704159,0.547090292,-0.192479521,0.903658,0.714504063,0.550001502,-0.423244894,0.973212183,0.435572386,0.547814608,-0.262077361,0.910363495,0.707281828,0.542650938,-0.339050025,0.968460321,0.442778111,0.542134285,-0.185403079,0.898955941,0.618370354,0.514132679,-0.0336825885,0.99960947,0.524913907,0.515374124,0.0335258618,0.999450326,0.607523501,0.639621854,-0.126442313,0.894306839,0.518680692,0.637657225,-0.0270144902,0.885081112,0.58288759,0.747793138,0.123627372,0.886088669,0.533310294,0.746821284,0.199748471,0.849249661,0.578047156,0.762234867,0.134791672,0.534772456,0.537366331,0.757621527,0.209558755,0.442320108,0.578864515,0.781184196,-0.105084755,0.873021066,0.525434494,0.77972734,-0.0205313731,0.841475189
4099.999999999985,0.537213385,0.322933465,-0.52718842,0.999994636,0.55111897,0.316277534,-0.51344794,0.999984324,0.558167219,0.316206753,-0.513467729,0.999985397,0.565972388,0.31628,-0.513524115,0.999987,0.536905646,0.316526085,-0.495110393,0.999978423,0.53385818,0.316671848,-0.495151103,0.999977946,0.531807244,0.316758931,-0.495154709,0.999976933,0.58686465,0.320745617,-0.373726666,0.999977,0.538719535,0.322457105,-0.295308113,0.999939322,0.552364349,0.332981616,-0.472945392,0.999991715,0.533577502,0.333043426,-0.450255305,0.999983311,0.654848576,0.385662973,-0.260477751,0.999982774,0.49303475,0.390469193,-0.124309935,0.999935448,0.681941926,0.460771829,-0.177402422,0.994271,0.480416536,0.465172172,-0.000539432,0.951572299,0.711891592,0.527486622,-0.31342718,0.988221645,0.443015516,0.527822077,-0.147115871,0.943578959,0.724359393,0.549008727,-0.360710233,0.970410347,0.429611534,0.547059238,-0.1847222,0.901106954,0.716371238,0.549962223,-0.423073143,0.973421633,0.435478777,0.547803819,-0.25386712,0.907944918,0.708438337,0.542641521,-0.339816481,0.968705297,0.442686588,0.542129159,-0.178811848,0.896220148,0.617521822,0.514154136,-0.0341381431,0.999607623,0.524522483,0.515405238,0.0339789577,0.999446392,0.606640697,0.639623582,-0.124833822,0.893412173,0.518683136,0.637860119,-0.0236304197,0.883928478,0.582881,0.747719347,0.123950072,0.885287642,0.533281,0.746639311,0.20742327,0.84794277,0.577755272,0.762330651,0.135394871,0.537163854,0.537355304,0.757356346,0.217723787,0.443410039,0.578774273,0.781178892,-0.100019962,0.871830106,0.525478721,0.779693902,-0.0109790834,0.839986444
4116.666666666652,0.536890388,0.32294032,-0.511533618,0.999994755,0.550949335,0.316281706,-0.497695118,0.999984622,0.557972908,0.316210747,-0.49771592,0.999985695,0.565691411,0.316283256,-0.49777317,0.999987245,0.536798775,0.316527873,-0.47928071,0.999978721,0.533823192,0.316672355,-0.479317337,0.999978364,0.531797707,0.316760331,-0.479312122,0.999977291,0.586767495,0.320750862,-0.360902458,0.999977589,0.539098084,0.322461784,-0.28024593,0.999940455,0.551939964,0.332987398,-0.457845211,0.999991953,0.533425212,0.333042324,-0.434932411,0.999983668,0.654851556,0.38557905,-0.256075621,0.999983132,0.49307704,0.390592635,-0.110252902,0.999935389,0.682566285,0.460508,-0.174743488,0.994402,0.480467737,0.465181559,0.0140951602,0.948703885,0.714072764,0.527477086,-0.304133326,0.988340259,0.442933708,0.527762651,-0.132780477,0.941163242,0.72772032,0.548631489,-0.350276798,0.970554292,0.429530561,0.546956837,-0.170359,0.89755708,0.719708145,0.54944706,-0.411433488,0.973541737,0.435396791,0.547713399,-0.239511386,0.904604733,0.711183786,0.542392612,-0.329955727,0.968852639,0.442605495,0.542086959,-0.164692685,0.892491519,0.61736691,0.51414448,-0.0350306258,0.999609411,0.524257064,0.515406251,0.0348787718,0.999445736,0.606702685,0.639469326,-0.123920299,0.89509058,0.518566191,0.637842536,-0.0216298606,0.884944618,0.583688319,0.747708261,0.122976094,0.887339115,0.532961488,0.746604383,0.206137747,0.849535465,0.581309736,0.7598418,0.133902386,0.54164511,0.537348747,0.757325768,0.216073588,0.447408617,0.578965545,0.781186342,-0.104016036,0.873505712,0.524954081,0.779806316,-0.0143679576,0.841353238
4133.333333333319,0.536639,0.322947711,-0.491925836,0.999994874,0.550830245,0.316288263,-0.478505105,0.99998486,0.557824135,0.316218823,-0.478527874,0.999985933,0.56545049,0.316291511,-0.478581339,0.999987423,0.53674686,0.316527903,-0.459794819,0.99997896,0.533814311,0.316670448,-0.459828645,0.999978721,0.531797707,0.316758335,-0.459821522,0.999977589,0.586680233,0.320772141,-0.345531464,0.999978125,0.539661,0.322467446,-0.264001161,0.999941587,0.551529109,0.332992345,-0.440000087,0.999992132,0.533314645,0.333040267,-0.416697681,0.999983966,0.654856563,0.385568529,-0.24483858,0.99998337,0.493105114,0.390743345,-0.099431783,0.999935269,0.683439553,0.460365802,-0.167815715,0.994516373,0.480512708,0.465185344,0.0232518949,0.946042299,0.715968907,0.527496576,-0.291356146,0.988456786,0.442887306,0.527499855,-0.12159548,0.938915789,0.731035709,0.548508465,-0.336310804,0.970704556,0.429481268,0.546717823,-0.158813462,0.89427036,0.723048687,0.549324811,-0.39730227,0.973667204,0.435337454,0.547495425,-0.227309287,0.901523471,0.71417731,0.542381048,-0.317176,0.969022691,0.4425506,0.541895807,-0.153369293,0.889035165,0.617291689,0.514356077,-0.0349465273,0.99961096,0.523900509,0.515545428,0.0347974487,0.99944663,0.606737494,0.639468253,-0.123083979,0.897907853,0.518383086,0.637900114,-0.0205511022,0.887733519,0.584509611,0.747705758,0.124102786,0.890485883,0.532576,0.746640146,0.205221534,0.852855146,0.582865238,0.758815646,0.135003775,0.549555182,0.537314832,0.757415473,0.215031967,0.453575909,0.579991758,0.781185389,-0.103540607,0.876421273,0.524604917,0.779896319,-0.0159532689,0.844264686
4149.999999999986,0.536589742,0.322954446,-0.496762663,0.999995,0.550804675,0.316296,-0.483727753,0.999985099,0.55776751,0.316229641,-0.483749628,0.999986231,0.565308,0.316303343,-0.483799249,0.999987602,0.536741495,0.3165299,-0.46464625,0.999979317,0.533816934,0.316672325,-0.464681894,0.999979138,0.531804323,0.316761106,-0.464678198,0.999977946,0.586575747,0.32080549,-0.349171221,0.999978662,0.540007889,0.322485447,-0.268005937,0.999942958,0.551381767,0.332994,-0.444894582,0.999992371,0.533278525,0.333038926,-0.421146095,0.999984384,0.654863298,0.385580271,-0.245660961,0.999983609,0.493151188,0.390935898,-0.102286905,0.999936044,0.684250951,0.460321,-0.167535812,0.994650781,0.480562747,0.465184,0.0220577195,0.94453454,0.717067599,0.527513087,-0.291934669,0.988629818,0.442830354,0.527233,-0.122538067,0.938021302,0.732826054,0.54834789,-0.337667912,0.970999,0.42940852,0.546507,-0.159662992,0.89277041,0.725003064,0.549166381,-0.399811924,0.973923683,0.435281,0.547281,-0.228681788,0.900141895,0.716010928,0.542340279,-0.318423688,0.969331741,0.442496479,0.541669667,-0.154473782,0.887453079,0.617068,0.514643,-0.0355835557,0.999613464,0.52380085,0.515990376,0.0354396589,0.999450743,0.606552839,0.639577866,-0.122572847,0.899552107,0.518399417,0.638083339,-0.0168975238,0.889200091,0.584628105,0.747906744,0.124508254,0.892588794,0.532670259,0.746889293,0.208475456,0.855025768,0.58342582,0.758702338,0.135446966,0.556210935,0.538345516,0.75762713,0.218006641,0.459531903,0.580354214,0.781208,-0.102759443,0.878568649,0.524606586,0.780079901,-0.0110424533,0.846370876
4166.666666666653,0.536617339,0.322932422,-0.502684,0.999995172,0.550821424,0.31627813,-0.488771439,0.999985456,0.55778265,0.316225022,-0.488792598,0.999986589,0.565306306,0.316303581,-0.488841027,0.9999879,0.536746264,0.316487789,-0.470337152,0.999979854,0.533824563,0.316632837,-0.470372647,0.999979675,0.531821728,0.316730201,-0.47036621,0.999978483,0.586533129,0.320827335,-0.351036966,0.999979317,0.54012686,0.322488815,-0.271942645,0.999944627,0.551409721,0.332972527,-0.44938305,0.999992609,0.533273518,0.333001,-0.426448524,0.99998492,0.654869199,0.385581911,-0.245668113,0.999983907,0.493185699,0.39101696,-0.104760632,0.999937,0.684718966,0.460351199,-0.166604131,0.994770408,0.480550528,0.465180367,0.0198226366,0.94332552,0.717791557,0.527511299,-0.292852938,0.988791943,0.442804337,0.526875913,-0.126756385,0.937290072,0.733751893,0.547749162,-0.338810027,0.971290886,0.429227173,0.546222687,-0.164937839,0.891559064,0.726166129,0.548674524,-0.401273847,0.974184275,0.435228825,0.547007,-0.234218761,0.899033844,0.716987133,0.542081,-0.319475353,0.969639063,0.442478269,0.541394055,-0.158899561,0.886198938,0.616890073,0.514958441,-0.0356182419,0.999617696,0.523490608,0.516324,0.0354750752,0.999456823,0.606490374,0.639613152,-0.114966281,0.9019925,0.518423498,0.638291299,-0.0136070084,0.891736627,0.584792137,0.74811691,0.126469851,0.895729899,0.532669902,0.747145355,0.210388318,0.858358204,0.583675385,0.758725584,0.136773244,0.563486755,0.538607061,0.758065522,0.219536424,0.466189474,0.580845714,0.781241596,-0.102482423,0.881761909,0.52452749,0.78035748,-0.0105599323,0.849628568
4183.33333333332,0.536632955,0.322821975,-0.505642593,0.999995232,0.550862074,0.316139668,-0.491333514,0.999985635,0.557802439,0.316150457,-0.49135685,0.999986768,0.565315187,0.316261172,-0.491409034,0.999988,0.536788225,0.316281229,-0.473086327,0.999980032,0.533865571,0.31644085,-0.473120898,0.999979854,0.531867743,0.316578418,-0.473114341,0.999978602,0.58653,0.320831776,-0.352183372,0.999979734,0.540186226,0.322480649,-0.2738249,0.999945283,0.551422656,0.332876712,-0.451825559,0.999992788,0.53327632,0.332880884,-0.429148972,0.999985218,0.654866159,0.385565877,-0.245865941,0.999984086,0.493195087,0.391057551,-0.105821311,0.999937117,0.685263038,0.460362136,-0.166052133,0.994873524,0.480541945,0.465157866,0.0197236612,0.941791177,0.718569636,0.527509332,-0.293224454,0.988907218,0.442786932,0.526611,-0.126800939,0.935889304,0.734731376,0.547428489,-0.339049608,0.971469,0.42907539,0.546037376,-0.164874583,0.889387429,0.727232456,0.548409879,-0.401545316,0.974346042,0.435158938,0.546838403,-0.234480947,0.897039294,0.718039691,0.541917503,-0.319716394,0.969836771,0.442454875,0.541220307,-0.159131557,0.884026527,0.616784096,0.515096128,-0.0355881713,0.999620378,0.523259342,0.516465485,0.0354479626,0.999459863,0.606409252,0.639678121,-0.115526237,0.902841151,0.518404603,0.638600886,-0.0146249924,0.89246726,0.584886849,0.748307765,0.128511,0.896917105,0.532669485,0.747249305,0.21144253,0.859721422,0.583957553,0.758749366,0.139425248,0.567190707,0.53883791,0.758191466,0.220833868,0.469854712,0.581167758,0.781232595,-0.100354232,0.883027852,0.52448231,0.780413926,-0.0104899658,0.850815892
4199.999999999987,0.536645,0.322786152,-0.512764156,0.999995291,0.550873935,0.316052288,-0.499028474,0.999985754,0.557817,0.316107363,-0.499063104,0.999986947,0.565345645,0.31623888,-0.499131829,0.999988139,0.536806583,0.316136658,-0.480195671,0.999980152,0.533892453,0.316295356,-0.480228722,0.99998,0.531906605,0.316452533,-0.480217308,0.999978662,0.586556911,0.320836663,-0.359113336,0.999980152,0.540195048,0.322476923,-0.278226048,0.999945641,0.551440477,0.332859665,-0.458583653,0.999992907,0.533279538,0.332857728,-0.435048461,0.999985397,0.654867291,0.38551113,-0.251136422,0.999984205,0.493202776,0.391056538,-0.106244974,0.999936938,0.685404956,0.46035856,-0.171829373,0.994966567,0.480410248,0.464922041,0.0164276809,0.940338,0.718941569,0.527491,-0.307414949,0.988985181,0.442753255,0.526358664,-0.13083382,0.934299946,0.735181093,0.547082305,-0.354709029,0.971568942,0.429003865,0.545937777,-0.16937989,0.886914194,0.727786541,0.548125267,-0.417779982,0.974432707,0.435069174,0.546738,-0.238537237,0.894779384,0.718536913,0.541700184,-0.334466308,0.969937146,0.442427099,0.541062653,-0.16289176,0.881652117,0.616304815,0.515086472,-0.035727039,0.99961704,0.522665799,0.51644969,0.0355934799,0.999456823,0.606010675,0.639461339,-0.115760855,0.902171373,0.518395603,0.638593137,-0.0152771352,0.89141041,0.585024655,0.748492539,0.127224028,0.896394312,0.532937169,0.747448087,0.210662484,0.858870089,0.584237635,0.758776307,0.137884915,0.567059457,0.539526582,0.758378267,0.219645649,0.47105369,0.581573546,0.781003892,-0.1039306,0.882393301,0.524725676,0.780409276,-0.0144794974,0.849621117
4216.666666666654,0.536667764,0.32277447,-0.520277679,0.999995351,0.550887942,0.316005856,-0.507362545,0.999985874,0.55783236,0.316090256,-0.50740391,0.999987066,0.56536144,0.316233605,-0.507481694,0.999988198,0.536811948,0.316033155,-0.487533689,0.999980271,0.533905208,0.316182137,-0.487562567,0.99998,0.53192997,0.31634292,-0.487548023,0.999978602,0.586560369,0.320857078,-0.369048238,0.99998045,0.540232778,0.32247296,-0.284070432,0.999945879,0.551452458,0.332858026,-0.466671586,0.999993,0.533275485,0.332852513,-0.441852421,0.999985635,0.654801548,0.385440499,-0.262251437,0.999984443,0.493207753,0.391058803,-0.107069723,0.999937236,0.685526073,0.460216641,-0.185483843,0.995068312,0.480288178,0.46477887,0.014669368,0.938999772,0.7189008,0.52749449,-0.324120373,0.989147127,0.442691088,0.526192546,-0.132503539,0.933336377,0.735244393,0.546967387,-0.372687846,0.97187233,0.428976089,0.545874774,-0.170846686,0.885341763,0.728090107,0.548075795,-0.434875518,0.974700153,0.435031205,0.546700656,-0.24055247,0.893344462,0.718740761,0.541672826,-0.350799799,0.970240235,0.442399383,0.54099834,-0.164755315,0.880146742,0.615830243,0.51508671,-0.0364772119,0.9996171,0.522499,0.516450167,0.0363574661,0.999458432,0.605684161,0.639451206,-0.116761364,0.899005115,0.518559,0.638589323,-0.0149655202,0.887700796,0.584841609,0.748490572,0.127373278,0.893647373,0.534358203,0.747476935,0.213377669,0.855737388,0.584109545,0.760300279,0.138304621,0.566232085,0.540893734,0.758353114,0.222869664,0.470681936,0.582478285,0.780305326,-0.102207974,0.8798787,0.525267541,0.780340254,-0.0105152819,0.846414447
4233.333333333321,0.536708057,0.322723329,-0.523549,0.999995351,0.550921619,0.315902144,-0.511358,0.999985933,0.557860076,0.316029906,-0.5114007,0.999987125,0.565387964,0.316195607,-0.511478961,0.999988258,0.536862493,0.315884739,-0.491198,0.999980271,0.53395772,0.31602636,-0.49122569,0.99998,0.53198117,0.316195428,-0.491213322,0.999978483,0.586578906,0.320863068,-0.375273347,0.999980688,0.540264606,0.322458446,-0.288830578,0.999945939,0.551467121,0.332821429,-0.470621109,0.999993145,0.533281,0.332814097,-0.445339,0.999985814,0.654788673,0.385279477,-0.269622445,0.999984682,0.493204474,0.391055584,-0.109072611,0.999937356,0.685524,0.46023351,-0.193539798,0.995162666,0.480139226,0.464643955,0.0137976836,0.937725902,0.718857527,0.527510643,-0.332440138,0.989320338,0.442658097,0.526026726,-0.133909747,0.932501256,0.735168517,0.546898425,-0.381263882,0.97223103,0.428948015,0.545815229,-0.172235265,0.883994102,0.728128374,0.548036873,-0.443246663,0.975020528,0.434993416,0.546654,-0.242063954,0.89211005,0.718737602,0.541653752,-0.359012723,0.970603466,0.442364782,0.540926039,-0.166168556,0.878832,0.615770161,0.515091121,-0.0371162929,0.999618351,0.522432506,0.516455233,0.0370013081,0.999459863,0.60568738,0.639543831,-0.11676953,0.898601472,0.51873666,0.638687909,-0.0121284602,0.886608541,0.584842682,0.748514593,0.13110958,0.89367497,0.535067,0.747479498,0.219322413,0.855587423,0.584217191,0.759754896,0.142639294,0.569036722,0.541671813,0.758208632,0.22928834,0.473374546,0.583106875,0.780075729,-0.0963850468,0.87995863,0.525587678,0.780336618,-0.0022464036,0.846169
4249.999999999988,0.536875606,0.322550833,-0.530557215,0.99999547,0.551035762,0.31570676,-0.517383,0.999986231,0.557969451,0.315911829,-0.517423868,0.999987364,0.565516472,0.316118926,-0.517500103,0.999988496,0.53697145,0.315606147,-0.497923791,0.999980569,0.534050524,0.315735489,-0.4979496,0.999980271,0.532060385,0.315919,-0.4979361,0.999978781,0.586598516,0.320868492,-0.378248334,0.999981105,0.540268421,0.322425932,-0.294692785,0.999946773,0.551566362,0.332720429,-0.476560354,0.999993324,0.533311367,0.332689792,-0.452215612,0.999986231,0.654786587,0.385269463,-0.270707279,0.999985039,0.493128389,0.391071439,-0.116399497,0.999938309,0.68548286,0.460537314,-0.193035156,0.995251179,0.479804873,0.464642435,0.00859923847,0.937653124,0.718722582,0.527931631,-0.334033,0.98949635,0.442406565,0.526037335,-0.137728065,0.932521105,0.735053062,0.546982527,-0.383232325,0.972596,0.428787589,0.545845866,-0.17612046,0.883825779,0.72810787,0.548112273,-0.445391566,0.975346506,0.434972554,0.546685398,-0.246121183,0.891959846,0.71871084,0.541763425,-0.360688806,0.970963895,0.442351222,0.540933073,-0.170005724,0.878650784,0.61530453,0.515267968,-0.0370489098,0.999623597,0.522055149,0.516585231,0.0369320512,0.999467194,0.604892313,0.639888704,-0.114551947,0.897508,0.519011796,0.639094889,-0.0107761435,0.885329247,0.584742129,0.748510122,0.144376099,0.893336117,0.535323381,0.747436464,0.229871228,0.855200887,0.58420372,0.760715842,0.15703024,0.57176286,0.541784286,0.757850349,0.241021305,0.475279599,0.583164811,0.779976249,-0.0808856264,0.879812598,0.5277,0.780302107,0.00940093491,0.845915854
4266.666666666655,0.537172794,0.322350293,-0.532105803,0.999995589,0.551336,0.315522015,-0.518473804,0.99998647,0.55827558,0.315808326,-0.518510401,0.999987602,0.565854847,0.316063106,-0.518581808,0.999988735,0.537225544,0.315282017,-0.499285102,0.999980867,0.534258604,0.315381348,-0.499311477,0.999980569,0.532235205,0.315561891,-0.49929595,0.999979079,0.586652875,0.320879847,-0.378609836,0.999981523,0.540343225,0.322368741,-0.296057105,0.999947548,0.551787615,0.332657129,-0.477977961,0.999993503,0.533393264,0.33254993,-0.453965604,0.999986589,0.654854655,0.385301143,-0.269948,0.999985337,0.493160456,0.391131,-0.120441087,0.999938905,0.685274541,0.460964501,-0.191360682,0.995338321,0.479669362,0.464650065,0.00564359222,0.937986434,0.717540383,0.528511703,-0.332285702,0.989668071,0.442324251,0.526038527,-0.14002125,0.932701588,0.734790802,0.54721421,-0.38138321,0.972937167,0.428754747,0.545845211,-0.178902343,0.883810878,0.72796911,0.548252881,-0.443570882,0.975649059,0.434984326,0.546685636,-0.248436481,0.89195478,0.718227863,0.541938245,-0.358924687,0.971290827,0.442346603,0.540931463,-0.17212306,0.878600478,0.615001,0.515600085,-0.0366958752,0.999627709,0.521876872,0.516682923,0.0365752168,0.999473035,0.604270399,0.640150905,-0.113093279,0.897150397,0.519248962,0.639249802,-0.0112312678,0.884912968,0.584694,0.748485506,0.152545571,0.893359184,0.53534025,0.747381628,0.231702477,0.855250597,0.584303677,0.759604633,0.165737212,0.573878467,0.541761816,0.757565379,0.243189409,0.476317108,0.583378,0.779823899,-0.0732449442,0.879925907,0.527672,0.780248404,0.00976069737,0.84599936
4283.333333333322,0.537523091,0.32221514,-0.534950614,0.999995649,0.55173552,0.315220952,-0.519685626,0.999986768,0.558693826,0.315532982,-0.519724369,0.9999879,0.566330492,0.315787464,-0.519795656,0.999989,0.537430823,0.314999044,-0.501520693,0.999981165,0.534427226,0.315104336,-0.501545608,0.999980807,0.532372832,0.315308034,-0.501525879,0.999979317,0.58680284,0.320872664,-0.377663463,0.999982,0.540347636,0.322283596,-0.29646185,0.999948144,0.552338,0.33260116,-0.478998363,0.999993682,0.533544779,0.332461089,-0.456248701,0.999986947,0.654900789,0.385301143,-0.269140512,0.999985695,0.493163675,0.391137332,-0.121072598,0.999939,0.685225606,0.461008132,-0.189602256,0.995429873,0.47951588,0.46466583,0.00493486924,0.938089609,0.716718256,0.528547049,-0.336986601,0.989863575,0.442298859,0.526090562,-0.143561155,0.932761371,0.734633863,0.547242224,-0.387864321,0.973367095,0.428713202,0.545869887,-0.184613079,0.883827925,0.727870882,0.548298776,-0.450835407,0.976031363,0.434986144,0.546711147,-0.254269183,0.8919999,0.717965126,0.541973889,-0.364179462,0.971701682,0.442330629,0.540956736,-0.175890416,0.878617465,0.614617407,0.515873373,-0.0358611979,0.999632299,0.521443963,0.516779,0.0357397124,0.999477208,0.604189754,0.64024663,-0.112835355,0.898328483,0.519262254,0.639270365,-0.0134499958,0.886392951,0.585080683,0.748440683,0.155527458,0.894753814,0.535334587,0.747374892,0.2294067,0.857124865,0.585094213,0.758645654,0.168760538,0.576523185,0.541700065,0.757461131,0.240604937,0.479047924,0.584273756,0.779821038,-0.0738066584,0.881244659,0.52812773,0.780273,0.00635409215,0.847603917
4299.999999999989,0.538201451,0.322069705,-0.533493936,0.999995708,0.552300096,0.31502378,-0.515254557,0.999987,0.559232771,0.315373927,-0.515296817,0.999988139,0.566886365,0.315647,-0.515366793,0.999989152,0.537726402,0.31476891,-0.498873442,0.999981403,0.534626365,0.314868033,-0.498892933,0.999981,0.532515,0.315081567,-0.498867065,0.999979496,0.58694315,0.320877641,-0.360178739,0.999982297,0.540320814,0.322222829,-0.289962381,0.999948442,0.553138733,0.332524717,-0.474256784,0.999993861,0.533798575,0.332345933,-0.453813791,0.999987304,0.65491432,0.385295093,-0.249603957,0.999986053,0.493167073,0.391149253,-0.115919895,0.999939263,0.6847561,0.461005539,-0.175570816,0.995490909,0.479268402,0.464679688,0.00737839844,0.938303947,0.714452326,0.528569102,-0.336623549,0.990044296,0.442265511,0.526100278,-0.143546835,0.933158219,0.733530104,0.547245383,-0.384614289,0.973794758,0.428717107,0.545877516,-0.184951603,0.884450793,0.727001369,0.548329055,-0.447334617,0.976409853,0.43509981,0.546731651,-0.254364,0.892583311,0.716652215,0.541988552,-0.363496512,0.972108,0.442396581,0.540975213,-0.175849393,0.879246,0.614229858,0.516077042,-0.034762159,0.999637,0.52114,0.516787112,0.0346370824,0.999480486,0.604178,0.640253365,-0.112880439,0.898082912,0.519262552,0.63914144,-0.0190712847,0.886227608,0.585063,0.748393476,0.156400636,0.894431055,0.535326421,0.747359097,0.227568194,0.857051134,0.585053086,0.759132206,0.169811949,0.575885296,0.541607499,0.757364154,0.238552794,0.479156405,0.584266305,0.779658139,-0.0731954873,0.880751252,0.528398216,0.780219138,0.00527392142,0.847412288
4316.666666666656,0.538862407,0.321932048,-0.536903322,0.999995828,0.552776694,0.31489104,-0.516832948,0.999987304,0.559701085,0.31526798,-0.516873658,0.999988377,0.56742692,0.315553755,-0.516941845,0.99998939,0.537951648,0.314601064,-0.501735568,0.999981761,0.534773171,0.314689249,-0.501753926,0.999981284,0.532612503,0.314899504,-0.50172776,0.999979734,0.587127507,0.320881516,-0.35767737,0.999982715,0.540237188,0.322172225,-0.290607929,0.9999488,0.553884804,0.332400471,-0.475385755,0.99999404,0.534046948,0.332196265,-0.456619352,0.999987662,0.654878855,0.385261804,-0.246424273,0.99998647,0.493168741,0.391154021,-0.115518525,0.999939501,0.684033453,0.461047709,-0.170091525,0.995571,0.479259193,0.46472767,0.00836676452,0.937800944,0.712774158,0.528620303,-0.336303741,0.990241468,0.442301,0.52619493,-0.143643379,0.932941258,0.731795192,0.547316551,-0.382322252,0.974267185,0.428970337,0.545936227,-0.18529655,0.884294093,0.725102484,0.54845655,-0.444967508,0.976835132,0.435530603,0.546798,-0.254930705,0.89241159,0.714782894,0.542066395,-0.362784088,0.972567,0.442655027,0.541056931,-0.175967187,0.879118,0.614217341,0.516081572,-0.0346288346,0.999644279,0.52113694,0.516766,0.0345025174,0.999485373,0.604087889,0.64024806,-0.113552392,0.897530675,0.519330144,0.639108777,-0.0203458928,0.884964764,0.58508724,0.748213,0.155147552,0.894093633,0.535345793,0.74734658,0.227467701,0.856498241,0.584798336,0.759374,0.168374434,0.574561477,0.541597903,0.757367194,0.238704845,0.478956312,0.584457576,0.779374361,-0.0748018697,0.880221725,0.528851569,0.780106664,0.00372042297,0.846938848
4333.333333333323,0.539457381,0.321739823,-0.542349339,0.999995947,0.553082108,0.31471166,-0.521602333,0.999987602,0.56006074,0.315118879,-0.521643,0.999988616,0.567811608,0.31542626,-0.521709919,0.999989629,0.538094223,0.314381272,-0.506996572,0.999982119,0.534873664,0.314467818,-0.50701797,0.999981582,0.532683253,0.314677238,-0.506998897,0.999980032,0.58723557,0.320878804,-0.358404219,0.999983132,0.539993584,0.322102576,-0.294968307,0.999949455,0.5544433,0.332235694,-0.47995922,0.999994218,0.534268618,0.332023233,-0.461985707,0.99998796,0.654881954,0.385227025,-0.247576311,0.999986708,0.49316439,0.391154826,-0.117082842,0.999940038,0.682131767,0.461209744,-0.170605958,0.995603,0.479197741,0.464731395,0.00762157887,0.937618494,0.710646152,0.528677642,-0.333404541,0.99037528,0.442446589,0.526305377,-0.145785049,0.933140755,0.728985369,0.547356963,-0.3809084,0.974629521,0.429479152,0.54600203,-0.18755573,0.88477689,0.722164154,0.548506796,-0.443658799,0.977151215,0.436223954,0.546821475,-0.257083654,0.892824292,0.712223172,0.542100132,-0.360073507,0.972895384,0.443100721,0.541090608,-0.177913785,0.879663706,0.614431739,0.516052127,-0.0346043371,0.999647915,0.521217525,0.516719878,0.0344775282,0.999488056,0.604084194,0.640245557,-0.113593735,0.895428479,0.519425333,0.639138103,-0.0206281971,0.882562,0.584853292,0.748163939,0.15127638,0.892271757,0.536176622,0.747321069,0.224402845,0.854052544,0.584559143,0.759456336,0.163840637,0.572432578,0.542009354,0.75736022,0.235456422,0.476902723,0.584518194,0.779052496,-0.0784653,0.878189,0.529494703,0.779792666,0.000111462425,0.844484031
4349.99999999999,0.540752411,0.32157743,-0.563857555,0.999996,0.55369544,0.314498037,-0.541865647,0.999987781,0.560837865,0.314886242,-0.541904092,0.999988794,0.568662703,0.315171927,-0.541973114,0.999989808,0.538360059,0.314249337,-0.5284639,0.999982297,0.535008371,0.314359576,-0.528496385,0.999981701,0.532755077,0.314591348,-0.528493762,0.999980152,0.587493598,0.320793152,-0.369543314,0.99998337,0.539545059,0.322060764,-0.313228667,0.999949396,0.555918455,0.332007468,-0.498538822,0.999994338,0.534840465,0.331874549,-0.482141793,0.999988198,0.65490973,0.385219663,-0.251277119,0.999986887,0.493061781,0.39115715,-0.130950332,0.999940157,0.680353224,0.461695135,-0.172060475,0.995598614,0.479183614,0.464823604,-0.0051928591,0.938160241,0.708586872,0.528793693,-0.339404374,0.990464747,0.442528069,0.526421309,-0.162143379,0.933818,0.726879239,0.547660589,-0.390981257,0.974914968,0.429674417,0.546185553,-0.205088824,0.885929525,0.719498694,0.548816621,-0.455537379,0.977410138,0.436630338,0.546951652,-0.275112569,0.893887162,0.709782064,0.542361677,-0.36720556,0.973147929,0.443445325,0.541171134,-0.194271684,0.880890906,0.614597261,0.516015,-0.0344472714,0.999648452,0.521275342,0.516677558,0.034319777,0.999487817,0.603696942,0.640270293,-0.114518017,0.893538058,0.519519448,0.639133751,-0.0220662188,0.880514264,0.584542632,0.748161077,0.151239753,0.890449405,0.536541343,0.747371078,0.224041224,0.852243841,0.584141254,0.759659946,0.163948745,0.569876134,0.542129219,0.757476449,0.235043645,0.475220382,0.584540606,0.778771698,-0.078885451,0.876237,0.530050755,0.779677153,-0.00132396666,0.842585325
4366.666666666657,0.542994142,0.321526259,-0.573018,0.999996066,0.555074155,0.314435154,-0.549102306,0.999988,0.562559843,0.314807236,-0.549137056,0.999989033,0.570435584,0.315100193,-0.549197674,0.999990046,0.539032876,0.314214885,-0.537556767,0.999982655,0.535285413,0.314336628,-0.537589133,0.999982,0.532879829,0.314581186,-0.537589788,0.999980509,0.588105381,0.320762157,-0.370399,0.999983668,0.538979948,0.322056979,-0.321158737,0.999949872,0.558465421,0.331895471,-0.504940033,0.999994516,0.535802364,0.331815839,-0.490940869,0.999988496,0.654908836,0.385208279,-0.250493318,0.999987,0.49299711,0.391144454,-0.138404906,0.999940574,0.678015172,0.462055683,-0.166298687,0.995557487,0.479046732,0.46509552,-0.0145540163,0.939047,0.705940664,0.528853059,-0.338178962,0.990510702,0.442662895,0.526638865,-0.173950583,0.934883356,0.723969936,0.547874391,-0.388644308,0.975133,0.430035025,0.54636991,-0.218067616,0.88776195,0.715815306,0.549033105,-0.452181131,0.977606058,0.437059224,0.547067881,-0.287567675,0.895569265,0.706416726,0.542558491,-0.365147918,0.97332871,0.443776757,0.541262627,-0.205786347,0.882756412,0.614946365,0.516013741,-0.0333863124,0.999651909,0.52139461,0.516667664,0.0332408175,0.999491036,0.603694558,0.640305936,-0.114119358,0.894661427,0.519508302,0.638983488,-0.023650378,0.881805718,0.58458811,0.748153567,0.153560802,0.891754746,0.536603808,0.747450769,0.222858757,0.854270577,0.583908796,0.759914815,0.166344196,0.571019411,0.542130947,0.757605135,0.233975172,0.477623403,0.584668279,0.778731883,-0.0780520812,0.877457142,0.530215681,0.77965492,-0.00581092574,0.844427586
4383.333333333324,0.546112418,0.321506,-0.567934155,0.999996126,0.557266057,0.314403802,-0.543730855,0.999988079,0.565024257,0.314761221,-0.543766558,0.999989092,0.572939813,0.315065265,-0.543825567,0.999990106,0.540437281,0.31420818,-0.532692492,0.999982774,0.535963356,0.31433475,-0.532723129,0.999982059,0.533164918,0.314583153,-0.532721698,0.999980569,0.589204133,0.320751756,-0.360248834,0.999983668,0.538434446,0.322058797,-0.317685962,0.999949634,0.561650276,0.331781775,-0.50002414,0.999994576,0.537493169,0.331757486,-0.486404479,0.999988675,0.654915214,0.385205358,-0.234849393,0.999987125,0.492838025,0.391138107,-0.137892574,0.999940932,0.675995588,0.462364763,-0.147997841,0.995445788,0.478898466,0.465442449,-0.0160797592,0.940062523,0.702622354,0.528842211,-0.325831473,0.990429342,0.442834467,0.527009726,-0.175319046,0.935884774,0.720592678,0.547911048,-0.378703892,0.975089371,0.430502176,0.546641171,-0.2203134,0.889510572,0.712252736,0.549088717,-0.443902165,0.977565527,0.437372625,0.547255754,-0.290163219,0.897198,0.703140616,0.542640388,-0.354417801,0.973242879,0.44399792,0.541458,-0.207311139,0.884627342,0.615020752,0.516068101,-0.0307661984,0.999655724,0.521375477,0.516675889,0.0306039844,0.999494076,0.603509486,0.640306294,-0.111308813,0.894434094,0.519491196,0.638883889,-0.0264706947,0.881135285,0.584566712,0.748120606,0.156778559,0.891810298,0.536615849,0.747490287,0.221970975,0.854068935,0.583561838,0.760144413,0.169484094,0.569528461,0.542125702,0.757652342,0.233272642,0.476771504,0.58481586,0.778668463,-0.0762604848,0.877370894,0.530275583,0.779615939,-0.00882098917,0.844466865
4399.999999999991,0.549375,0.321434647,-0.563735127,0.999996126,0.560147285,0.314266533,-0.54169482,0.999988139,0.567920804,0.31459111,-0.541734874,0.999989152,0.575570822,0.314937621,-0.541807711,0.999990106,0.54266125,0.314159811,-0.528881788,0.999982834,0.537398636,0.314311951,-0.528913,0.999982119,0.533761084,0.314580381,-0.528911591,0.999980569,0.590079725,0.320748925,-0.342743635,0.99998337,0.537905693,0.322061211,-0.315651178,0.999949396,0.564370573,0.331608295,-0.499214619,0.999994576,0.539619267,0.331638128,-0.482958019,0.999988735,0.654796124,0.38515681,-0.209297284,0.999987066,0.49175036,0.391109079,-0.141188979,0.999941111,0.674043179,0.462359548,-0.116662942,0.995261192,0.478520244,0.465492219,-0.0229894184,0.94181335,0.698529243,0.528806388,-0.299069852,0.990286589,0.442930222,0.527047098,-0.182303444,0.937274694,0.715975821,0.547939599,-0.352723181,0.974892199,0.430834323,0.546684146,-0.22951965,0.891809106,0.707158208,0.549129784,-0.419520259,0.977396488,0.437718809,0.547294557,-0.299601555,0.899379492,0.697941899,0.542679667,-0.328968853,0.973004103,0.444223583,0.541471541,-0.214268208,0.887018323,0.61519134,0.516194642,-0.022348864,0.999660671,0.521351695,0.516677797,0.0221660566,0.999502,0.603444397,0.640367866,-0.106299296,0.895099044,0.519430459,0.638850927,-0.0387591,0.881734967,0.584585488,0.748269081,0.161769897,0.892784238,0.536491275,0.747796953,0.210624978,0.855575204,0.583475709,0.759834588,0.174300507,0.570662498,0.54164505,0.758520484,0.221640646,0.476210862,0.58655715,0.778669119,-0.0737743452,0.878538966,0.530300319,0.779612184,-0.0264213029,0.84623909
4416.666666666658,0.552146375,0.321416557,-0.562650084,0.999996126,0.562956,0.314184129,-0.539426208,0.999988079,0.570628941,0.314510375,-0.539464235,0.999989092,0.578061581,0.314880937,-0.539536297,0.999990046,0.544784,0.314125448,-0.528284609,0.999982774,0.539003432,0.314295471,-0.528315425,0.999982059,0.534468889,0.314577162,-0.528315544,0.99998045,0.590992451,0.320745975,-0.339787334,0.999983,0.53750205,0.322058171,-0.317156494,0.999948859,0.566994727,0.331525922,-0.49763009,0.999994516,0.541549623,0.331585199,-0.482744575,0.999988735,0.654722273,0.385152191,-0.206717685,0.999986827,0.491023362,0.391088217,-0.146897197,0.999941,0.67240417,0.462374121,-0.112143971,0.994991302,0.478207916,0.465646744,-0.0316243842,0.943439305,0.695469856,0.528874218,-0.289566278,0.990031242,0.443259418,0.527250826,-0.190683976,0.938553929,0.712655544,0.548055232,-0.341678113,0.974506199,0.431336194,0.546842337,-0.23800315,0.894017398,0.704466462,0.549286425,-0.408771157,0.977045357,0.437963486,0.547451079,-0.308363974,0.901487052,0.695601106,0.542896,-0.319524467,0.972555757,0.444433153,0.541613,-0.222797558,0.889368415,0.615205765,0.516686916,-0.0198800936,0.999662459,0.521300375,0.516851425,0.0196964759,0.99950546,0.603449106,0.640433192,-0.101478517,0.895907342,0.51857692,0.638847053,-0.0394938,0.88256824,0.584649205,0.748701811,0.158694327,0.893821776,0.536487877,0.748304248,0.198457435,0.856826901,0.583427727,0.759783387,0.169140473,0.571410298,0.54161334,0.75923878,0.208059162,0.476205081,0.587692142,0.77877903,-0.08076033,0.879677296,0.530360341,0.779617548,-0.0387157537,0.84766376
4433.333333333325,0.554046452,0.321411043,-0.569974244,0.999996126,0.564878047,0.314126939,-0.542724907,0.999988,0.572390199,0.314456314,-0.542758584,0.999989092,0.579800367,0.314836591,-0.542814434,0.99999,0.546180844,0.314083695,-0.536685586,0.999982715,0.540119648,0.314269125,-0.536717474,0.99998194,0.534976482,0.314568073,-0.536718667,0.999980271,0.591801822,0.320739836,-0.343586206,0.999982715,0.537125051,0.322048575,-0.327804178,0.999948263,0.569086432,0.331505716,-0.498590708,0.999994457,0.543019652,0.331570178,-0.490842581,0.999988675,0.654729247,0.385167658,-0.210943863,0.999986708,0.490873665,0.391067237,-0.15983732,0.999940515,0.671229184,0.462920576,-0.11547713,0.994670033,0.478237182,0.465646863,-0.0478514582,0.944840372,0.692643,0.529272437,-0.289440423,0.989734709,0.444104016,0.527579904,-0.204738602,0.939241767,0.709749877,0.548555911,-0.341059685,0.97403121,0.432278305,0.547057152,-0.252291471,0.895253837,0.701741934,0.550007,-0.40788275,0.976621568,0.438530117,0.547653794,-0.322601885,0.902694881,0.692940235,0.543575406,-0.319243252,0.972027,0.444968492,0.541811,-0.236803353,0.890787065,0.615214527,0.516795039,-0.0173806548,0.999666393,0.521289289,0.516860664,0.0171818137,0.999509811,0.603509784,0.640655637,-0.0962435454,0.897171557,0.518367946,0.638734,-0.0389424749,0.883362472,0.584658,0.748741269,0.161448851,0.89568603,0.536453,0.748314917,0.200836957,0.858433545,0.583054602,0.759588122,0.1722323,0.573217,0.54155314,0.759234309,0.210848719,0.475689143,0.588112891,0.778873801,-0.0775895268,0.881566,0.53040874,0.779632747,-0.0345879942,0.849573791
4449.999999999992,0.555319726,0.32143566,-0.580992818,0.999996066,0.565933228,0.314136475,-0.552395761,0.999987841,0.573417127,0.314464957,-0.55242306,0.999989,0.580800593,0.314844459,-0.552469611,0.999989867,0.547059715,0.31412369,-0.548615754,0.999982476,0.540928364,0.314341933,-0.548652768,0.999981701,0.535379,0.314679086,-0.548659384,0.999979913,0.592333555,0.320748597,-0.348287046,0.999982178,0.536844,0.322105348,-0.340925902,0.99994725,0.570671499,0.331509262,-0.506381512,0.999994338,0.544289,0.331582755,-0.502127707,0.999988437,0.654813826,0.385258883,-0.21528554,0.99998641,0.490878582,0.391074747,-0.174856648,0.999940276,0.670105,0.463778466,-0.116941437,0.994288325,0.478339195,0.465654165,-0.0628317446,0.946419775,0.691059291,0.529708922,-0.287208885,0.989310741,0.445029736,0.528251469,-0.216420323,0.939988792,0.70824635,0.549006701,-0.337574393,0.97329855,0.433190197,0.547328,-0.263673902,0.896497309,0.700454,0.550767183,-0.404767603,0.975967467,0.43897742,0.547921598,-0.334191352,0.903918,0.691715479,0.544261813,-0.317115456,0.971232414,0.445375234,0.542151034,-0.248504385,0.892237186,0.615208209,0.5169186,-0.0153087722,0.999667525,0.521273,0.516879,0.0150955468,0.999512553,0.603495777,0.640666723,-0.090229772,0.898252606,0.518206418,0.638711274,-0.0381987914,0.884013057,0.584666193,0.748739,0.164371461,0.897322297,0.536335945,0.748322606,0.202044129,0.859562933,0.582832456,0.75918895,0.17517662,0.574074447,0.541465521,0.75922668,0.212207422,0.474287957,0.588274896,0.778931558,-0.0745469853,0.883223891,0.530228794,0.779664218,-0.0333463289,0.851053715
4466.666666666659,0.556190372,0.321489066,-0.583206594,0.999996,0.566742778,0.314168632,-0.554510415,0.999987543,0.57423532,0.314496785,-0.554533541,0.999988735,0.581585288,0.314870209,-0.554572105,0.999989629,0.547758,0.314160973,-0.551399767,0.999982059,0.541651368,0.314392239,-0.55144012,0.999981284,0.535779476,0.314744055,-0.551454246,0.999979436,0.592887044,0.320750117,-0.348859936,0.999981284,0.536703408,0.322118312,-0.344526976,0.999945879,0.571721375,0.331515,-0.507682323,0.999994159,0.545296431,0.331593841,-0.504455626,0.999988198,0.654928386,0.385268629,-0.212079301,0.999986112,0.490896106,0.391052723,-0.182333738,0.999940574,0.669543803,0.464476556,-0.108998187,0.993888676,0.478404909,0.465840966,-0.0711006895,0.948343635,0.68972069,0.530401766,-0.281432,0.988919795,0.446131319,0.528845072,-0.224249616,0.94125,0.707106471,0.549621761,-0.331636459,0.972628951,0.434179127,0.547623754,-0.271962702,0.898550868,0.699558496,0.551568449,-0.399281561,0.975382686,0.439531326,0.548177719,-0.342720658,0.905894101,0.690865099,0.545155823,-0.311642498,0.970519125,0.445899308,0.542494237,-0.256252617,0.8944152,0.61528331,0.517378747,-0.010639172,0.999669969,0.521281421,0.517097831,0.0104044518,0.999517322,0.604613304,0.641379297,-0.0858966336,0.899723113,0.517797172,0.638733268,-0.0419209115,0.885370791,0.584652603,0.749168932,0.170507208,0.899406433,0.534285724,0.748472929,0.202281386,0.861298084,0.582122386,0.759192169,0.18157509,0.577506661,0.539366663,0.759481072,0.212690607,0.472663671,0.588459253,0.779340148,-0.0683078468,0.885437906,0.529278874,0.779896557,-0.0344928429,0.853223562
4483.333333333326,0.556712627,0.321534157,-0.590052485,0.999995947,0.56741637,0.314232081,-0.561312735,0.999987364,0.574945271,0.314588845,-0.561332464,0.999988556,0.582252622,0.314977825,-0.561371386,0.99998945,0.548340678,0.314173847,-0.558646739,0.999981761,0.542324,0.314400882,-0.558689058,0.999981,0.536190212,0.314749748,-0.558705866,0.999979079,0.593386471,0.320810437,-0.355796069,0.999980569,0.536632955,0.322117746,-0.352042198,0.999944866,0.572118163,0.331522286,-0.513636708,0.999994,0.545865357,0.331590861,-0.511218,0.999988,0.654942513,0.385267764,-0.214085624,0.999985874,0.49087435,0.391010791,-0.188039839,0.999940872,0.669298172,0.464931339,-0.110538632,0.993550122,0.4784621,0.466082305,-0.0747966915,0.950001597,0.68921,0.530733645,-0.283541828,0.988603,0.447008967,0.529246032,-0.227202311,0.942281127,0.706534266,0.549895525,-0.334032983,0.972072661,0.434837669,0.547853649,-0.274568111,0.90023315,0.698920906,0.551928699,-0.401692629,0.974899352,0.439932853,0.548384905,-0.345861226,0.907518387,0.690251946,0.545558691,-0.313743651,0.969923,0.446324438,0.542759478,-0.259325176,0.896214,0.615285635,0.517375886,-0.00903203525,0.999672532,0.521280944,0.51709789,0.00879547466,0.999522567,0.605034173,0.641526818,-0.0862906277,0.900228262,0.517714143,0.638768137,-0.0445830971,0.885656118,0.584561169,0.749361336,0.16851373,0.900616169,0.533194125,0.748851061,0.198304713,0.862114847,0.581528246,0.759184182,0.179781064,0.579726338,0.538093209,0.760000348,0.208519399,0.470225334,0.588515341,0.779541612,-0.0689027756,0.886778414,0.52765429,0.780149221,-0.0409477539,0.854447365
4499.999999999993,0.558018386,0.321540743,-0.586736381,0.999995947,0.568787754,0.314299583,-0.558039904,0.999987304,0.576229334,0.31469968,-0.558061182,0.999988496,0.583224416,0.315125465,-0.558100402,0.99998939,0.549482,0.314178556,-0.555001497,0.999981701,0.543661118,0.314405054,-0.555041492,0.999980927,0.537092686,0.314752251,-0.555052578,0.99997896,0.593865931,0.320922107,-0.354851365,0.999980211,0.536586,0.322118312,-0.348460615,0.999944568,0.573227823,0.331520647,-0.510973632,0.99999392,0.546841562,0.331569582,-0.508074641,0.99998796,0.654945433,0.385261357,-0.210002705,0.999985874,0.490809619,0.391013145,-0.184463531,0.999941289,0.669190109,0.465224653,-0.106469631,0.993326664,0.478562534,0.466392606,-0.0718794763,0.951542735,0.689482689,0.531045616,-0.282214463,0.98839426,0.447610676,0.529683888,-0.225932404,0.943201423,0.706629515,0.550392747,-0.333400488,0.971707165,0.435256392,0.548136175,-0.273935914,0.901725233,0.698719144,0.552495718,-0.401104033,0.974588156,0.440329939,0.548595,-0.345796376,0.908978343,0.690105438,0.546043515,-0.312595636,0.969535708,0.446760833,0.543037593,-0.2584261,0.897856116,0.615296483,0.517387748,-0.00853126869,0.999677122,0.521287918,0.517101943,0.00830944255,0.999530077,0.605206609,0.641681433,-0.0861276463,0.901100039,0.517688,0.638806462,-0.0458091237,0.886387706,0.584515572,0.749465406,0.167698383,0.902095556,0.532715321,0.748952806,0.197113737,0.863716781,0.581266701,0.759156942,0.178828686,0.58287,0.537514389,0.760130286,0.207224771,0.469868362,0.588585794,0.77970314,-0.0696717203,0.888564408,0.526860833,0.780214965,-0.0423255451,0.85648936
4516.66666666666,0.55931294,0.321525276,-0.585228086,0.999995947,0.569902539,0.314299583,-0.556122243,0.999987304,0.577207148,0.3147102,-0.556142926,0.999988556,0.583899319,0.315157503,-0.556183636,0.99998939,0.550536215,0.314131945,-0.55356282,0.999981701,0.544788,0.314356595,-0.553602099,0.999981,0.537918627,0.31469211,-0.553607464,0.99997896,0.594036698,0.320988625,-0.351790577,0.99998,0.536438704,0.322093129,-0.347603112,0.999944508,0.574215472,0.331487328,-0.509298563,0.99999392,0.547687769,0.331483692,-0.506853223,0.99998796,0.654878736,0.385256678,-0.202887863,0.999986,0.490550727,0.391059697,-0.185208783,0.999941349,0.669162095,0.465274334,-0.0990002677,0.993169665,0.478609949,0.466727287,-0.0735617951,0.952914774,0.689982355,0.531214774,-0.2781519,0.988283575,0.448063493,0.530592561,-0.227005064,0.943584383,0.707136929,0.550811529,-0.330491602,0.971477032,0.43560493,0.548844159,-0.275582165,0.902315855,0.699094176,0.552887738,-0.398127615,0.974409819,0.440593868,0.549190342,-0.348044664,0.909601271,0.690475166,0.546396792,-0.308786273,0.969297051,0.4470236,0.543724477,-0.259726465,0.89857918,0.615279377,0.517316401,-0.00523036346,0.999682784,0.521287084,0.516985416,0.00501132896,0.999537706,0.605982184,0.64179796,-0.0868471041,0.902691901,0.517715275,0.638806641,-0.0518426336,0.887229443,0.584908962,0.74943912,0.170618743,0.903879,0.531790853,0.748991549,0.195798174,0.865252078,0.58125931,0.758931339,0.181944609,0.585502565,0.535891473,0.760249674,0.206090108,0.467264146,0.589419,0.779772937,-0.0688848943,0.890519857,0.527102053,0.780266345,-0.0468565524,0.8584916
4533.333333333327,0.560341299,0.321498752,-0.583402097,0.999995947,0.570687592,0.314299554,-0.555957615,0.999987245,0.577945352,0.314717561,-0.555972636,0.999988496,0.584436119,0.315184236,-0.556008339,0.999989331,0.551301301,0.314095587,-0.551403582,0.999981642,0.54560554,0.314321965,-0.551441908,0.999981,0.53857255,0.314653516,-0.551446736,0.99997896,0.594168127,0.3210513,-0.345799148,0.999979675,0.536255419,0.322089195,-0.344992399,0.999944508,0.575071633,0.331442535,-0.508153439,0.999993861,0.548441887,0.33140859,-0.504801631,0.99998796,0.654877543,0.385250509,-0.195395559,0.999986053,0.490386337,0.391165614,-0.183156013,0.999941707,0.669263303,0.465250164,-0.090924494,0.992986202,0.478636891,0.467086047,-0.0725423545,0.954342246,0.690374076,0.531326056,-0.272084445,0.988081455,0.448215693,0.531138062,-0.226688549,0.944034,0.707531452,0.550931513,-0.324723959,0.971056759,0.435697615,0.549455464,-0.275407791,0.902946174,0.69949013,0.552948654,-0.392365336,0.974059224,0.440653682,0.549695432,-0.347933412,0.910249174,0.6908288,0.546468139,-0.30288285,0.96886611,0.447083,0.544218957,-0.25942,0.899305761,0.615348935,0.51731658,-0.00355424825,0.999686241,0.521324,0.516984224,0.00334535679,0.999543309,0.606343389,0.641796172,-0.0876298398,0.903449297,0.517777503,0.638925791,-0.0563056059,0.887293577,0.58497256,0.749441385,0.170894891,0.904598,0.530960917,0.749262094,0.192588478,0.865559161,0.58116883,0.758866847,0.182270616,0.58638221,0.534499705,0.760615408,0.202875,0.46332863,0.589711308,0.780183852,-0.0690817907,0.891506374,0.526705623,0.780373871,-0.0524196811,0.859284
4549.999999999994,0.561364949,0.321489781,-0.582615495,0.999995947,0.571591139,0.314301848,-0.553979516,0.999987245,0.578719437,0.314730763,-0.553993702,0.999988496,0.584913194,0.315218121,-0.554024637,0.999989331,0.552213,0.314083785,-0.550257802,0.999981642,0.546511829,0.314314425,-0.550295532,0.999981046,0.539421082,0.314647198,-0.550300837,0.99997896,0.594277918,0.321120858,-0.341797858,0.999979377,0.536185086,0.32209003,-0.343652278,0.999944687,0.575934112,0.331434518,-0.506141782,0.999993861,0.549276233,0.331393331,-0.503569841,0.999988,0.654873312,0.385240972,-0.191651493,0.999986231,0.490255624,0.391312569,-0.184384853,0.999942183,0.66933924,0.464836061,-0.0868685544,0.992889225,0.478661895,0.467540234,-0.0740956441,0.955903292,0.690548658,0.531431,-0.269504,0.988002241,0.448448658,0.531638682,-0.225815654,0.944795966,0.707823098,0.55101943,-0.322265834,0.970865309,0.435984761,0.549894869,-0.274580598,0.903988183,0.699693441,0.552982092,-0.389977157,0.973913729,0.44076246,0.550106168,-0.346810788,0.911263168,0.690962732,0.546535671,-0.300394356,0.96870774,0.447170734,0.54464,-0.258381903,0.900453448,0.615396619,0.517461061,-0.00097646116,0.999690771,0.52143997,0.517111599,0.000765570789,0.999548614,0.606463432,0.642103374,-0.0821527913,0.903685,0.518170714,0.639114916,-0.0567814186,0.887222886,0.585370123,0.749410391,0.181940913,0.904932618,0.530706346,0.749268174,0.193429589,0.865419209,0.581168294,0.758775711,0.193757698,0.587342322,0.533937,0.760618865,0.203402787,0.458966732,0.590802073,0.780479431,-0.0577849038,0.89209348,0.527092,0.780401528,-0.0491965823,0.859683216
4566.666666666661,0.562114298,0.321495861,-0.581659317,0.999995947,0.572390318,0.31431821,-0.553683877,0.999987245,0.579414427,0.314773262,-0.553697765,0.999988496,0.58534348,0.315297902,-0.553726315,0.999989331,0.552886307,0.314074397,-0.549312949,0.999981642,0.547138393,0.314304382,-0.549350619,0.999981105,0.540026546,0.314633906,-0.549355328,0.99997896,0.594479382,0.321255386,-0.340901583,0.999979198,0.536111772,0.322089374,-0.343259394,0.999944925,0.576388478,0.331444949,-0.505684078,0.999993861,0.549736559,0.331391275,-0.502809525,0.999988079,0.654863775,0.385203838,-0.191589892,0.99998641,0.489900559,0.391377658,-0.184366241,0.999942541,0.669436753,0.464491069,-0.0875372216,0.992869198,0.478663355,0.467766345,-0.0730781928,0.957307279,0.690929055,0.531413853,-0.271300018,0.988007486,0.448783547,0.531637311,-0.224836126,0.945602715,0.708664298,0.550984681,-0.32432732,0.970850825,0.436162412,0.550060511,-0.27378419,0.905126929,0.700070798,0.552904844,-0.392015874,0.973919153,0.440969318,0.550269842,-0.346189737,0.912369847,0.691051602,0.54646337,-0.302182049,0.968724251,0.447418153,0.544741869,-0.257447749,0.901704192,0.615588844,0.517502606,-0.000815970241,0.999692917,0.52145189,0.51723069,0.000614814751,0.999551475,0.606740713,0.642204702,-0.0801645517,0.904013515,0.51863879,0.639046907,-0.0555613115,0.886880577,0.586563468,0.749251544,0.183861375,0.904738128,0.530858696,0.749258161,0.194153979,0.864575267,0.581607521,0.758632243,0.195609659,0.586447597,0.534015238,0.760616541,0.204141557,0.454556555,0.592008233,0.780387878,-0.0560597181,0.89198488,0.527497828,0.780430377,-0.0475455411,0.859283686
4583.333333333328,0.563196361,0.321543366,-0.584724665,0.999995947,0.573372424,0.314346522,-0.554855764,0.999987245,0.580197752,0.314813495,-0.554873645,0.999988496,0.585799575,0.315356791,-0.554907262,0.999989331,0.553807795,0.314078629,-0.553087711,0.999981701,0.547938108,0.31431362,-0.553128898,0.999981225,0.540923357,0.314649671,-0.553129315,0.999979,0.594754159,0.321374267,-0.341357857,0.999979198,0.536084294,0.322129101,-0.34872812,0.999945402,0.577317297,0.331535608,-0.507269323,0.99999392,0.550699055,0.331464857,-0.506875694,0.999988198,0.654873788,0.385180801,-0.194651604,0.999986589,0.489788085,0.391530216,-0.188203022,0.999942958,0.669872046,0.464107662,-0.0908117071,0.992932141,0.47870484,0.468058854,-0.0750656798,0.958720326,0.692409933,0.53072685,-0.273276836,0.988117814,0.449083835,0.53171289,-0.22712779,0.94657135,0.710606217,0.550576031,-0.325984448,0.971029,0.43640402,0.550306261,-0.276155323,0.906471,0.701533794,0.552401245,-0.393375605,0.974098265,0.441283792,0.550507843,-0.349166214,0.913665652,0.692286372,0.545796692,-0.303951979,0.968934834,0.447788864,0.544863,-0.259967834,0.903150916,0.616214335,0.517481685,-0.00160124747,0.999693155,0.521514297,0.517371237,0.00140668626,0.999552369,0.606748462,0.642119825,-0.0791507885,0.904292941,0.518845081,0.638788521,-0.055032894,0.886369,0.587448835,0.748901665,0.181870982,0.904296696,0.530876219,0.749167323,0.19442521,0.863379896,0.582550883,0.758428276,0.193401217,0.585784078,0.534266472,0.760587037,0.204605967,0.451175869,0.59301579,0.780017197,-0.0577540733,0.891694069,0.52752,0.780398965,-0.0464592613,0.858462632
4599.9999999999945,0.564003,0.321639627,-0.587370276,0.999996,0.574054837,0.314411432,-0.556230903,0.999987364,0.580695331,0.314872324,-0.556249857,0.999988616,0.586108267,0.315412,-0.556286037,0.99998939,0.554564595,0.314138025,-0.555545688,0.99998188,0.548591197,0.314388305,-0.555586874,0.999981463,0.541772,0.314751476,-0.555582941,0.999979258,0.594895244,0.321466237,-0.342598975,0.999979377,0.536079943,0.322219312,-0.350930661,0.999946237,0.578097105,0.331651419,-0.50924474,0.99999404,0.551757932,0.331579775,-0.509801388,0.999988377,0.65506494,0.385213166,-0.196109444,0.999986827,0.48977688,0.391613156,-0.188345581,0.999943376,0.670583367,0.464007825,-0.0923001096,0.992997,0.478750378,0.468192935,-0.0745236576,0.959919393,0.695444405,0.53071934,-0.273836762,0.988174438,0.449257016,0.532184601,-0.228293806,0.947289169,0.713391483,0.550571,-0.326547056,0.971114278,0.437126189,0.550965667,-0.277771801,0.907386303,0.704555809,0.552349448,-0.394225299,0.974196196,0.441979349,0.551065385,-0.350590676,0.914559305,0.695328653,0.545711279,-0.304614276,0.969052792,0.448332936,0.5453071,-0.261170328,0.904168367,0.617509544,0.517504871,-0.00182352925,0.999694288,0.522227705,0.517527938,0.00161914423,0.999554336,0.606892586,0.642047584,-0.0766392,0.905816793,0.519523323,0.638701558,-0.0491068587,0.88688004,0.589872718,0.748655617,0.188733831,0.905050933,0.530904,0.748854041,0.205379173,0.863542199,0.586071253,0.758247554,0.200545,0.583645284,0.53464365,0.760470629,0.215994433,0.449534059,0.593081534,0.779965639,-0.0523466431,0.892535508,0.527233064,0.7803123,-0.0377885923,0.858994663
