time,X_LEFT_WRIST,Y_LEFT_WRIST,Z_LEFT_WRIST,X_LEFT_THUMB_CMC,Y_LEFT_THUMB_CMC,Z_LEFT_THUMB_CMC,X_LEFT_THUMB_MCP,Y_LEFT_THUMB_MCP,Z_LEFT_THUMB_MCP,X_LEFT_THUMB_IP,Y_LEFT_THUMB_IP,Z_LEFT_THUMB_IP,X_LEFT_THUMB_TIP,Y_LEFT_THUMB_TIP,Z_LEFT_THUMB_TIP,X_LEFT_INDEX_FINGER_MCP,Y_LEFT_INDEX_FINGER_MCP,Z_LEFT_INDEX_FINGER_MCP,X_LEFT_INDEX_FINGER_PIP,Y_LEFT_INDEX_FINGER_PIP,Z_LEFT_INDEX_FINGER_PIP,X_LEFT_INDEX_FINGER_DIP,Y_LEFT_INDEX_FINGER_DIP,Z_LEFT_INDEX_FINGER_DIP,X_LEFT_INDEX_FINGER_TIP,Y_LEFT_INDEX_FINGER_TIP,Z_LEFT_INDEX_FINGER_TIP,X_LEFT_MIDDLE_FINGER_MCP,Y_LEFT_MIDDLE_FINGER_MCP,Z_LEFT_MIDDLE_FINGER_MCP,X_LEFT_MIDDLE_FINGER_PIP,Y_LEFT_MIDDLE_FINGER_PIP,Z_LEFT_MIDDLE_FINGER_PIP,X_LEFT_MIDDLE_FINGER_DIP,Y_LEFT_MIDDLE_FINGER_DIP,Z_LEFT_MIDDLE_FINGER_DIP,X_LEFT_MIDDLE_FINGER_TIP,Y_LEFT_MIDDLE_FINGER_TIP,Z_LEFT_MIDDLE_FINGER_TIP,X_LEFT_RING_FINGER_MCP,Y_LEFT_RING_FINGER_MCP,Z_LEFT_RING_FINGER_MCP,X_LEFT_RING_FINGER_PIP,Y_LEFT_RING_FINGER_PIP,Z_LEFT_RING_FINGER_PIP,X_LEFT_RING_FINGER_DIP,Y_LEFT_RING_FINGER_DIP,Z_LEFT_RING_FINGER_DIP,X_LEFT_RING_FINGER_TIP,Y_LEFT_RING_FINGER_TIP,Z_LEFT_RING_FINGER_TIP,X_LEFT_PINKY_FINGER_MCP,Y_LEFT_PINKY_FINGER_MCP,Z_LEFT_PINKY_FINGER_MCP,X_LEFT_PINKY_FINGER_PIP,Y_LEFT_PINKY_FINGER_PIP,Z_LEFT_PINKY_FINGER_PIP,X_LEFT_PINKY_FINGER_DIP,Y_LEFT_PINKY_FINGER_DIP,Z_LEFT_PINKY_FINGER_DIP,X_LEFT_PINKY_FINGER_TIP,Y_LEFT_PINKY_FINGER_TIP,Z_LEFT_PINKY_FINGER_TIP,X_RIGHT_WRIST,Y_RIGHT_WRIST,Z_RIGHT_WRIST,X_RIGHT_THUMB_CMC,Y_RIGHT_THUMB_CMC,Z_RIGHT_THUMB_CMC,X_RIGHT_THUMB_MCP,Y_RIGHT_THUMB_MCP,Z_RIGHT_THUMB_MCP,X_RIGHT_THUMB_IP,Y_RIGHT_THUMB_IP,Z_RIGHT_THUMB_IP,X_RIGHT_THUMB_TIP,Y_RIGHT_THUMB_TIP,Z_RIGHT_THUMB_TIP,X_RIGHT_INDEX_FINGER_MCP,Y_RIGHT_INDEX_FINGER_MCP,Z_RIGHT_INDEX_FINGER_MCP,X_RIGHT_INDEX_FINGER_PIP,Y_RIGHT_INDEX_FINGER_PIP,Z_RIGHT_INDEX_FINGER_PIP,X_RIGHT_INDEX_FINGER_DIP,Y_RIGHT_INDEX_FINGER_DIP,Z_RIGHT_INDEX_FINGER_DIP,X_RIGHT_INDEX_FINGER_TIP,Y_RIGHT_INDEX_FINGER_TIP,Z_RIGHT_INDEX_FINGER_TIP,X_RIGHT_MIDDLE_FINGER_MCP,Y_RIGHT_MIDDLE_FINGER_MCP,Z_RIGHT_MIDDLE_FINGER_MCP,X_RIGHT_MIDDLE_FINGER_PIP,Y_RIGHT_MIDDLE_FINGER_PIP,Z_RIGHT_MIDDLE_FINGER_PIP,X_RIGHT_MIDDLE_FINGER_DIP,Y_RIGHT_MIDDLE_FINGER_DIP,Z_RIGHT_MIDDLE_FINGER_DIP,X_RIGHT_MIDDLE_FINGER_TIP,Y_RIGHT_MIDDLE_FINGER_TIP,Z_RIGHT_MIDDLE_FINGER_TIP,X_RIGHT_RING_FINGER_MCP,Y_RIGHT_RING_FINGER_MCP,Z_RIGHT_RING_FINGER_MCP,X_RIGHT_RING_FINGER_PIP,Y_RIGHT_RING_FINGER_PIP,Z_RIGHT_RING_FINGER_PIP,X_RIGHT_RING_FINGER_DIP,Y_RIGHT_RING_FINGER_DIP,Z_RIGHT_RING_FINGER_DIP,X_RIGHT_RING_FINGER_TIP,Y_RIGHT_RING_FINGER_TIP,Z_RIGHT_RING_FINGER_TIP,X_RIGHT_PINKY_FINGER_MCP,Y_RIGHT_PINKY_FINGER_MCP,Z_RIGHT_PINKY_FINGER_MCP,X_RIGHT_PINKY_FINGER_PIP,Y_RIGHT_PINKY_FINGER_PIP,Z_RIGHT_PINKY_FINGER_PIP,X_RIGHT_PINKY_FINGER_DIP,Y_RIGHT_PINKY_FINGER_DIP,Z_RIGHT_PINKY_FINGER_DIP,X_RIGHT_PINKY_FINGER_TIP,Y_RIGHT_PINKY_FINGER_TIP,Z_RIGHT_PINKY_FINGER_TIP
0,0.710165143,0.508648157,-1.07922027e-008,0.693490803,0.517840147,-0.00698114466,0.687467813,0.529123306,-0.00832757354,0.685476422,0.538954377,-0.00862951204,0.685022891,0.546294093,-0.00721887499,0.709887087,0.537789524,-0.001727717,0.696551204,0.547162414,-0.0041063549,0.690022051,0.543462,-0.00645862892,0.689302623,0.539628,-0.00754160248,0.716865361,0.537574351,0.00149208028,0.702826798,0.546028733,0.000326569832,0.696008444,0.543146133,-0.00118035136,0.695353091,0.53947717,-0.00217746967,0.719470143,0.536146283,0.00396273052,0.705976844,0.544081628,0.00303751719,0.699808,0.541508377,0.0037174602,0.699234068,0.537693,0.00437510433,0.719018877,0.534694552,0.00570133887,0.708840609,0.541526616,0.00534783211,0.703024,0.540309072,0.00679736864,0.701182663,0.537538171,0.00836311374
0,0.465862811,0.50690943,-8.34346068e-008,0.480210036,0.51779151,-0.00057736563,0.484040469,0.528829396,-6.07704605e-005,0.485812396,0.538023591,0.000363491068,0.487503886,0.544838607,0.00164306606,0.461941093,0.533411086,0.00149042392,0.468843818,0.545484662,0.000470135972,0.478242517,0.549697042,-0.000433294394,0.486008257,0.551861227,-0.000510704296,0.456262052,0.533686936,0.00172925135,0.464652628,0.54644227,0.00053429231,0.474941105,0.55114758,-0.000527300697,0.484137058,0.553376079,-0.00106844283,0.455068,0.533243775,0.00172892783,0.464821666,0.54507792,0.000370336493,0.475680679,0.549244285,-0.000395463023,0.485561341,0.550601602,-0.000459322648,0.457926571,0.532506108,0.00176340633,0.465280324,0.54204756,0.00178524037,0.473934203,0.546011508,0.00240029837,0.483109117,0.547423542,0.00310216192
16.666666666666668,0.710724652,0.509850085,-5.92944147e-008,0.693600237,0.517805636,-0.00570247741,0.686682403,0.528735101,-0.00759063335,0.6844154,0.538519204,-0.00889720488,0.683691502,0.546267211,-0.00866405,0.709321618,0.537870824,-0.0020222771,0.694177866,0.547093809,-0.00665002549,0.689021111,0.541622519,-0.010735441,0.691586912,0.536240637,-0.0126997195,0.71645087,0.538184643,-0.000287947711,0.700484633,0.546374381,-0.00376030034,0.695165098,0.541751862,-0.00635871105,0.697950184,0.536801577,-0.00763200037,0.719041407,0.537469089,0.000762806099,0.704378903,0.545390189,-0.00119906571,0.699670613,0.541451573,-9.10821254e-005,0.701696455,0.537041962,0.00100545771,0.719188392,0.53647542,0.00117093266,0.707517564,0.543420255,0.000607309106,0.703261912,0.540688932,0.00269154715,0.704038322,0.537078083,0.00472708652
16.666666666666668,0.465744227,0.508974314,-7.76892577e-008,0.479614705,0.516826391,-0.0067425305,0.484419703,0.527171195,-0.00835377257,0.486736566,0.53693831,-0.00851618126,0.488502473,0.544437528,-0.00736897578,0.463474274,0.533522666,-0.00547994906,0.470307857,0.545426488,-0.00736806355,0.479780078,0.548808217,-0.0082279928,0.487685084,0.550289631,-0.00817567296,0.456906617,0.534447,-0.00202266173,0.465361118,0.546899855,-0.00392118143,0.475704223,0.551386416,-0.00476220669,0.484956861,0.553383648,-0.00506527117,0.455098927,0.534376562,0.00095695979,0.464273334,0.545629203,-0.00140776346,0.474321306,0.549305618,-0.00244764402,0.483631849,0.550819874,-0.00263392786,0.456386477,0.533937454,0.00355092622,0.463502377,0.542895377,0.00156887854,0.472100377,0.546123147,0.00104378723,0.480430663,0.547611713,0.00120736915
33.333333333333336,0.709060311,0.510379851,-2.7315874e-008,0.69197917,0.517828107,-0.00557568483,0.685128808,0.528121769,-0.00718793506,0.683069646,0.537820697,-0.0082232384,0.682049513,0.545486152,-0.00775225367,0.707812071,0.536974788,-0.000904197572,0.694396853,0.546448708,-0.00467381068,0.688221514,0.542422,-0.00814417098,0.68926096,0.537944555,-0.00973020867,0.715123713,0.537283182,0.000940151745,0.700888038,0.545668125,-0.00171174214,0.694395304,0.542197406,-0.00408254564,0.695740223,0.537983239,-0.00525227422,0.718196154,0.536460519,0.00208781403,0.704981923,0.544354796,0.000371160684,0.699088037,0.541361392,0.00119766255,0.699861288,0.537453413,0.00220495765,0.718725383,0.535576463,0.00262432476,0.708078623,0.542707264,0.00189547415,0.702966,0.540875,0.00373455323,0.702672422,0.53768152,0.00573739829
33.333333333333336,0.464971632,0.509875,-8.18964665e-008,0.479126632,0.517119646,-0.00689457171,0.483466268,0.527248263,-0.00864077546,0.485566199,0.536875725,-0.00871626846,0.48691231,0.544097066,-0.00730040902,0.463028044,0.533186615,-0.00758459279,0.468652159,0.545624495,-0.00927397516,0.478092313,0.548740566,-0.00888724625,0.485943764,0.5494048,-0.00781604834,0.456070185,0.534033954,-0.00399639923,0.463450909,0.546949923,-0.0061233663,0.474072248,0.551143885,-0.00623334246,0.483363509,0.552615762,-0.0058256858,0.453888148,0.533980846,-0.000703009777,0.462279052,0.545541942,-0.00315954327,0.472557694,0.549100935,-0.00368083571,0.481856167,0.550376594,-0.0034053647,0.455167323,0.533453286,0.00226312317,0.461625934,0.542706251,0.000293275487,0.470512539,0.546056867,-3.32143318e-005,0.479151607,0.547367573,0.000324020279
50.0,0.708792806,0.510501206,-3.37785657e-008,0.691742361,0.516745687,-0.00570363086,0.684341073,0.526875615,-0.00750618428,0.682407558,0.536863267,-0.0086053,0.681490719,0.544588327,-0.00817536097,0.706428111,0.536812842,-0.00162419945,0.691456,0.546286345,-0.00516275177,0.686377883,0.541165,-0.0083647836,0.688889444,0.53645736,-0.00990217738,0.714127719,0.537241518,0.00023986923,0.698705,0.545908153,-0.00201641908,0.693045795,0.541954756,-0.00384931033,0.695116282,0.53768754,-0.00477274321,0.717534721,0.536276102,0.00144226686,0.703510106,0.544389188,0.000176262867,0.698102713,0.541174889,0.00141742313,0.699554503,0.537288129,0.00250603305,0.718519926,0.53515166,0.00204124185,0.707473695,0.542370141,0.00188714336,0.70275861,0.540394306,0.00409474224,0.703086793,0.537258148,0.00615051761
50.0,0.464222699,0.509402752,-7.76716504e-008,0.478913456,0.516836405,-0.00572411716,0.483492494,0.527294636,-0.00689492142,0.485370129,0.536792576,-0.00677383132,0.486681223,0.543979764,-0.00536969164,0.463583142,0.532739818,-0.00522956625,0.469253778,0.544745505,-0.00704550929,0.478298038,0.548312,-0.00763380527,0.486157924,0.549606562,-0.00734179234,0.456553072,0.533564746,-0.00240174122,0.463479429,0.545877755,-0.00421032915,0.473207802,0.550850213,-0.00483165961,0.482305229,0.553135455,-0.00495092664,0.454185933,0.533585072,3.332911e-005,0.462338805,0.544770658,-0.0022783496,0.47186631,0.548983634,-0.00325093558,0.480921954,0.550910175,-0.00335843419,0.455132484,0.53328,0.00218521315,0.46163255,0.542324424,0.000331675226,0.469716161,0.545890868,-4.92271174e-005,0.477893621,0.547518671,0.000200500363
66.66666666666667,0.708647668,0.510646701,-3.69744591e-008,0.691399872,0.517424643,-0.00531812245,0.683900476,0.527608752,-0.00681083556,0.681465924,0.537240863,-0.00765426364,0.680853188,0.544617653,-0.00695507275,0.706259608,0.536905169,-0.00106065231,0.691145241,0.545938849,-0.0045898729,0.686270833,0.540817738,-0.00793034583,0.688936472,0.536132,-0.00955434702,0.713799953,0.537300587,0.000724314305,0.697999656,0.545504451,-0.0016242743,0.692699134,0.5414083,-0.00366939767,0.695310891,0.537182689,-0.00471109804,0.716987491,0.536362827,0.00186540012,0.702513337,0.544065118,0.000653292693,0.697449923,0.540657103,0.00181558041,0.699288666,0.536822438,0.00284368079,0.717726707,0.535216,0.00241020019,0.706160069,0.541937292,0.00232903729,0.701814,0.539672554,0.00446583144,0.702583551,0.536504686,0.00645031827
66.66666666666667,0.464474589,0.509915233,-7.71876643e-008,0.478527397,0.516888857,-0.00614323327,0.482958138,0.527189791,-0.00780759938,0.485182732,0.536368132,-0.00805183407,0.486585319,0.543484867,-0.00696537877,0.462776214,0.532763779,-0.00711248163,0.468711764,0.54476589,-0.00944999,0.478212595,0.548089,-0.00987245049,0.48621279,0.548969626,-0.00935946405,0.455965459,0.533546627,-0.00435226411,0.463081688,0.546150565,-0.00706850644,0.473468721,0.550893068,-0.0077128862,0.482783586,0.552950859,-0.00761884125,0.453855664,0.533472061,-0.00191023038,0.461937726,0.545163155,-0.00492160674,0.472009718,0.549472213,-0.0058066817,0.481363386,0.551550269,-0.00570282061,0.455151916,0.533001065,0.000281591812,0.462108344,0.542669356,-0.00212630583,0.470632941,0.546519756,-0.00251058722,0.478941798,0.548426628,-0.00215733517
83.33333333333334,0.708816826,0.510574,-4.29929692e-008,0.691425323,0.51677078,-0.00489637116,0.683596194,0.526895225,-0.00612172391,0.681838155,0.536340475,-0.00689392351,0.681003749,0.543628871,-0.00618323637,0.704827905,0.536675572,-6.64486288e-005,0.690683663,0.545359969,-0.00347415241,0.686486244,0.54034555,-0.00678803725,0.68954587,0.535903692,-0.00849430636,0.712542295,0.536858499,0.0013096265,0.698065758,0.544995844,-0.00113850355,0.693234444,0.541099131,-0.00324213412,0.695811212,0.537047625,-0.00431058276,0.716109872,0.535791099,0.00201025582,0.702819765,0.54341352,0.00062913564,0.698081791,0.540126681,0.00179792161,0.699982107,0.536410332,0.00286168186,0.717303693,0.534524143,0.00212966069,0.706522822,0.541455626,0.00201522256,0.702210963,0.539433241,0.0042290641,0.702823877,0.536411,0.00625241408
83.33333333333334,0.463745445,0.509796381,-8.00474425e-008,0.477630138,0.516629696,-0.00606501382,0.48232463,0.526541233,-0.00766340876,0.484295905,0.535764813,-0.0080182,0.485766411,0.542973518,-0.00712493295,0.46247825,0.53202796,-0.00589142228,0.468004644,0.543919504,-0.00862720702,0.477325588,0.547818184,-0.00979322754,0.48544544,0.549293101,-0.00982191227,0.455850631,0.532965779,-0.00341246626,0.461911529,0.545544147,-0.00621318445,0.472058862,0.550447,-0.00722924434,0.481444,0.552497745,-0.00734728,0.453794867,0.533125281,-0.00139608153,0.460537136,0.544621289,-0.00445003528,0.470220536,0.549200177,-0.00555410422,0.479511321,0.551533103,-0.0055545317,0.454935074,0.532893121,0.000315850746,0.460511893,0.542345822,-0.00214861566,0.46833995,0.546525717,-0.00266329292,0.476382285,0.548794508,-0.00236117374
100.00000000000001,0.708259642,0.510269105,-4.55772344e-008,0.690849,0.516223311,-0.00558481691,0.683248401,0.526243389,-0.00724922912,0.681003094,0.535852134,-0.00827815663,0.680034697,0.543294609,-0.00781205669,0.704786599,0.53641969,-0.00132042542,0.689599872,0.544802964,-0.00504709827,0.68573308,0.539521873,-0.00850019883,0.689224541,0.535189867,-0.0103384964,0.712307155,0.536786914,0.000320108171,0.696389735,0.544478893,-0.00252178335,0.692018807,0.540070772,-0.00466849189,0.695253909,0.535856366,-0.00573117891,0.715710223,0.535826504,0.00128204504,0.701346576,0.543043375,-0.000316015678,0.697063446,0.539368212,0.000963716535,0.699394047,0.535556614,0.00211210386,0.716848195,0.534602702,0.00160867791,0.705191314,0.541166484,0.00132298865,0.701268,0.538760662,0.00353408419,0.702367306,0.535577357,0.00555873709
100.00000000000001,0.462210923,0.509919941,-8.58050484e-008,0.476791978,0.516847372,-0.0057932823,0.481518596,0.526907,-0.00738556916,0.483250916,0.536089182,-0.00761757419,0.484550148,0.543077528,-0.00660090195,0.461102456,0.532229662,-0.00706427824,0.467261285,0.543984711,-0.00957014598,0.476626873,0.54748863,-0.010163351,0.484641343,0.548558354,-0.0098128356,0.453978509,0.533157468,-0.00463361945,0.461548924,0.545790315,-0.00743963057,0.471838564,0.550326705,-0.00806401484,0.481081635,0.552059352,-0.00792178512,0.451615751,0.53328979,-0.00250021764,0.460230112,0.544941962,-0.00561452191,0.470410705,0.549068749,-0.00649270229,0.479804337,0.550869107,-0.0063519855,0.452713788,0.532957852,-0.000595629739,0.459995836,0.542489,-0.00320141297,0.468576938,0.546183825,-0.00364775187,0.477026969,0.547835171,-0.00327674486
116.66666666666669,0.707716882,0.509955168,-4.72998956e-008,0.690410733,0.515887856,-0.00516988896,0.682715952,0.526210308,-0.00652779,0.680216253,0.535678446,-0.00728728808,0.679502308,0.542962074,-0.00655642431,0.704263031,0.535773635,-0.00130268233,0.688678861,0.544293761,-0.00500667561,0.68504566,0.53903079,-0.00827872753,0.688492537,0.534552157,-0.00992344599,0.711791515,0.536335468,0.000190189196,0.695855677,0.544198513,-0.0025789123,0.691601336,0.539731622,-0.00442428235,0.694512,0.535410583,-0.00519925402,0.71510452,0.535533,0.0010338648,0.70071882,0.542781711,-0.000429696724,0.696265757,0.539078295,0.000993239926,0.698245287,0.535260499,0.00224588276,0.716094255,0.534374,0.0012726041,0.704441667,0.540742576,0.0011726009,0.700460553,0.538309157,0.00344162853,0.70137459,0.535220504,0.00545989862
116.66666666666669,0.462067425,0.509485483,-7.36585406e-008,0.476493567,0.516176462,-0.00733990595,0.48082611,0.526319325,-0.00931705628,0.482804865,0.535803199,-0.00948852,0.48417154,0.54307431,-0.00836138334,0.460160911,0.531950235,-0.00817836076,0.465940535,0.544087291,-0.0105655231,0.475652158,0.547585964,-0.0111952648,0.483976096,0.548660576,-0.0108169047,0.453287393,0.532720923,-0.00452240976,0.460266709,0.545564592,-0.00712349219,0.47062397,0.550281346,-0.00778709864,0.479975432,0.552205741,-0.00770108169,0.451399028,0.532598317,-0.00122501457,0.459117532,0.544229031,-0.00427011959,0.469109893,0.548603356,-0.00536470721,0.478445321,0.55067879,-0.00533212256,0.452865511,0.532143116,0.00177377474,0.459436089,0.54160732,-0.000748655,0.467612863,0.545468092,-0.00138346944,0.475601822,0.547434,-0.00115048559
133.33333333333334,0.708141,0.509810328,-4.88632601e-008,0.690095544,0.516022384,-0.00519255176,0.682355165,0.525903463,-0.00670915656,0.67937392,0.535078049,-0.00771845505,0.678879082,0.542472661,-0.0072439923,0.703829646,0.53561,-0.000868752075,0.68844831,0.543779075,-0.00467377668,0.6852265,0.538213909,-0.0082203038,0.689052463,0.533774614,-0.0101124374,0.71162343,0.535912812,0.000541265588,0.695582,0.543807685,-0.00261264201,0.691582143,0.539041758,-0.00480880216,0.694844782,0.534546673,-0.00577366445,0.715316296,0.534889,0.00126776285,0.700638235,0.542287052,-0.000381373888,0.696432531,0.538389444,0.000922478212,0.698836088,0.534414351,0.00211885804,0.716479,0.533556163,0.00137601129,0.704457462,0.54003197,0.00117572793,0.700895905,0.53736937,0.00338698155,0.702461183,0.534042239,0.0053503071
133.33333333333334,0.461265951,0.509391129,-7.72582425e-008,0.47605297,0.515842199,-0.00763578713,0.480205685,0.526083052,-0.00956631079,0.481484741,0.535663247,-0.00959140435,0.482732266,0.542741179,-0.00822880585,0.45927918,0.531883955,-0.00899838936,0.464787036,0.544389606,-0.0111822234,0.474509954,0.547697604,-0.0112710362,0.482509166,0.548327386,-0.0105020441,0.452688903,0.532568097,-0.00516014174,0.45973593,0.5454638,-0.00739631243,0.470164865,0.55010885,-0.00750733213,0.479143918,0.551881313,-0.00716415,0.450918853,0.532444715,-0.00168869901,0.458924681,0.544090152,-0.0044975779,0.469128966,0.54794,-0.00516058,0.478044033,0.549441695,-0.00496503199,0.452255875,0.531869411,0.00142253248,0.458659619,0.541174,-0.00120100426,0.467378557,0.544479787,-0.00177317823,0.475527316,0.545847178,-0.00151889853
150.0,0.707944274,0.509412169,-4.60496672e-008,0.689937413,0.515646875,-0.00550202187,0.681728,0.52538377,-0.00736569799,0.678946912,0.53477633,-0.00861651637,0.677852929,0.542279,-0.00838306826,0.703271687,0.535240948,-0.00173882407,0.686756074,0.543527365,-0.00575872744,0.683449864,0.537738,-0.00927976239,0.687321484,0.533238828,-0.0111244982,0.711249769,0.53575927,-0.000212761894,0.694262385,0.543351,-0.00325833517,0.690308213,0.538381636,-0.00524622202,0.693776906,0.53401804,-0.00615504477,0.715016,0.534757733,0.000627111469,0.699858189,0.541662037,-0.00102946092,0.695809484,0.537680387,0.000363428699,0.698338091,0.533796132,0.00156555884,0.71634239,0.533323824,0.000840616121,0.704252243,0.539337099,0.000515526743,0.700797081,0.536597669,0.00268879067,0.702533,0.53334254,0.00465143
150.0,0.460449755,0.508945167,-8.6317975e-008,0.474661291,0.515054107,-0.00758337229,0.479308307,0.525465548,-0.00957566686,0.481606483,0.534828603,-0.00984846521,0.48322171,0.541829348,-0.00871915091,0.45890671,0.531879127,-0.00874846615,0.464839131,0.544200659,-0.0115010804,0.474909395,0.547498584,-0.0119769843,0.483041197,0.547870696,-0.0114213713,0.452241242,0.532823145,-0.00533053325,0.459610522,0.545645177,-0.00831013173,0.470401943,0.550097048,-0.00898011401,0.479562163,0.551448822,-0.00883732457,0.450168878,0.532897413,-0.0023371526,0.458422184,0.544541061,-0.00585664948,0.469007552,0.548169374,-0.00704769557,0.478169888,0.549317896,-0.00700361049,0.451331586,0.532461822,0.000321257976,0.458427727,0.542122602,-0.00284388917,0.467298418,0.545558453,-0.00371498172,0.475743532,0.546754479,-0.00350976409
166.66666666666666,0.708380818,0.509615302,-4.39972538e-008,0.690189719,0.51539886,-0.00521232281,0.681541324,0.524950266,-0.00694498187,0.678439558,0.534348726,-0.00814344734,0.677507162,0.541861236,-0.00781702623,0.70327723,0.534647465,-0.00135886471,0.686690807,0.543271422,-0.00546406442,0.683203,0.537675083,-0.00907649659,0.687362373,0.533100247,-0.0109384218,0.711095273,0.53543216,-4.81664356e-005,0.693860531,0.543369949,-0.00301862648,0.689640045,0.538659394,-0.00508198235,0.693362236,0.534447849,-0.00608908944,0.714644969,0.534752131,0.000579279847,0.699067295,0.542102933,-0.000950269634,0.69483,0.538232565,0.000511854712,0.697749615,0.534488142,0.00170457189,0.715801,0.533705294,0.000588839117,0.703317761,0.540207565,0.000450257648,0.699657679,0.537526369,0.00280100387,0.701577485,0.53422904,0.00483992277
166.66666666666666,0.4586896,0.507964,-7.92610351e-008,0.473231286,0.514230132,-0.00739661511,0.478247643,0.524741948,-0.0092780618,0.480234653,0.534498215,-0.00943508,0.481561393,0.541875243,-0.00803591218,0.458460599,0.53207,-0.00670491,0.463565588,0.544405103,-0.00877031,0.47325781,0.547583461,-0.00927574746,0.481464505,0.548181415,-0.00879532099,0.451079935,0.532706439,-0.00300203706,0.45819056,0.545328,-0.00468332227,0.46862489,0.549885,-0.00513781933,0.477939367,0.551602602,-0.00506746257,0.448501468,0.5323807,0.000202164665,0.456519037,0.543702662,-0.00198854809,0.466675341,0.547786176,-0.00274918973,0.476088911,0.54945296,-0.00269112363,0.449083239,0.531607032,0.00300202984,0.455433249,0.540877938,0.00102595438,0.463945389,0.544627905,0.000605633657,0.472401857,0.546365738,0.000937834848
183.33333333333331,0.707998633,0.509596109,-3.53344838e-008,0.690008938,0.515018046,-0.00592656061,0.681483448,0.524466515,-0.00792746712,0.67844075,0.534106314,-0.00926519558,0.677518249,0.541733921,-0.00906643923,0.702740312,0.534807801,-0.0016941363,0.686759412,0.543304384,-0.00584373809,0.682919443,0.537750363,-0.00946656335,0.68643558,0.533075213,-0.011281441,0.710542798,0.535283566,8.66895643e-005,0.693885803,0.542999566,-0.00301929354,0.689279318,0.538435817,-0.00523881475,0.692489505,0.534270406,-0.00634040777,0.714270592,0.534381688,0.00110899413,0.698740602,0.541603267,-0.000840103,0.694394112,0.537823617,0.00030656025,0.696991324,0.534081459,0.00140117924,0.7154544,0.533287227,0.0015056663,0.702777863,0.539736509,0.00087853038,0.69893,0.537155509,0.00289405487,0.700407386,0.533932567,0.00480149873
183.33333333333331,0.459096283,0.507768214,-7.2746829e-008,0.473411918,0.5148018,-0.00721123349,0.47785756,0.525304198,-0.00895796716,0.479456365,0.53482306,-0.00885671191,0.480548263,0.541965663,-0.00731957657,0.456303596,0.531342864,-0.00790678337,0.462618649,0.543759942,-0.00974436942,0.472435057,0.547179759,-0.00982395373,0.480394542,0.548125505,-0.00906413607,0.449389488,0.532135665,-0.00413915,0.456822485,0.545183957,-0.00608511036,0.467334867,0.549708486,-0.00622029649,0.476492584,0.551358342,-0.00579437288,0.447513908,0.531993747,-0.000696936913,0.455795199,0.543550849,-0.0029244069,0.46592018,0.547638834,-0.00349573093,0.475036174,0.549349427,-0.0032375562,0.449013025,0.531381309,0.00237560063,0.455363572,0.540576577,0.000473617663,0.463643461,0.544237852,0.000117860029,0.471674979,0.546014845,0.000496072113
199.99999999999997,0.70830971,0.508711636,-4.66601833e-008,0.689504921,0.514556408,-0.0048623709,0.680967867,0.524406672,-0.00617123,0.678201318,0.53365165,-0.00693452172,0.676656961,0.540948689,-0.00627110666,0.702452302,0.534778833,-0.000374494848,0.686304748,0.542348266,-0.0037178502,0.682814,0.536747515,-0.00709770294,0.686926067,0.532402158,-0.0089744553,0.710366845,0.535235524,0.000995201059,0.693807781,0.542497277,-0.00144111854,0.689511836,0.537825465,-0.0034836235,0.69311434,0.533563495,-0.00456814049,0.714166522,0.534206092,0.00172470184,0.699083507,0.540944874,0.000432316709,0.69475317,0.5370754,0.00166603306,0.697527885,0.533188105,0.00268796668,0.715602756,0.532846391,0.00188674766,0.70334512,0.538897395,0.00175861304,0.699576437,0.536189675,0.00396712637,0.701305,0.532802403,0.00591568789
199.99999999999997,0.457199782,0.5079391,-8.41526e-008,0.472073138,0.514721334,-0.00694630062,0.477270663,0.5246557,-0.00896683801,0.479150355,0.534239292,-0.00946583226,0.480231792,0.541561544,-0.00856673252,0.455947727,0.531692266,-0.00662685558,0.462211877,0.543387353,-0.00895652268,0.471633583,0.546856463,-0.00989897922,0.479638278,0.548181474,-0.00989561621,0.448812634,0.532570302,-0.00346097583,0.455628693,0.544912398,-0.00598527,0.465806097,0.549649239,-0.00681465445,0.474981368,0.551683247,-0.00694447197,0.446625382,0.532514751,-0.000736586284,0.453996062,0.543975055,-0.00352679635,0.463526964,0.548379362,-0.00431183632,0.472453505,0.550488949,-0.00421064952,0.447894901,0.531960368,0.00157813856,0.453899801,0.541452467,-0.000665748375,0.46172604,0.54547739,-0.00103672862,0.469533563,0.54758054,-0.000683623948
216.66666666666663,0.708121061,0.508929193,-4.20163708e-008,0.688797653,0.514826715,-0.00424072286,0.680816352,0.524506569,-0.00514897844,0.678936422,0.533870816,-0.00572567666,0.67718941,0.54097718,-0.00496107386,0.701329768,0.534890652,0.000896401412,0.686396182,0.54262656,-0.0021312742,0.682909727,0.537372947,-0.0054070875,0.686813176,0.533094823,-0.00722780311,0.709619403,0.535146713,0.00196952885,0.69435221,0.54251343,-6.30692593e-005,0.690033,0.53829658,-0.00213219225,0.693524599,0.534190178,-0.00327726873,0.713853896,0.533902287,0.00240428536,0.700064361,0.540872753,0.00125110382,0.695639253,0.537483275,0.00237462833,0.698225439,0.533771574,0.00333858025,0.715865135,0.532291,0.00232976722,0.704931736,0.538634181,0.00218666461,0.700844049,0.536450386,0.0044275648,0.702029109,0.533235431,0.00645171618
216.66666666666663,0.456743509,0.508143067,-8.25893949e-008,0.471547931,0.514472067,-0.00766758574,0.476046592,0.524528086,-0.00981216505,0.4781093,0.534194827,-0.0101325037,0.479518801,0.541485071,-0.00900134444,0.454313785,0.531557679,-0.00816581864,0.460433841,0.543573558,-0.0104714641,0.470294654,0.546775818,-0.0108859828,0.478473037,0.547418952,-0.0103599224,0.44775188,0.532380164,-0.00444657356,0.45519641,0.545108676,-0.00707927952,0.466056108,0.549539506,-0.00771036372,0.475460678,0.551052809,-0.00757956505,0.44611907,0.532219827,-0.00112847739,0.454390585,0.543874264,-0.00429923553,0.464854211,0.547789872,-0.00527447928,0.474151194,0.549227476,-0.00510690454,0.447889388,0.531561434,0.00183594483,0.454805642,0.541135609,-0.000817625667,0.463436037,0.544793606,-0.00145017903,0.471670181,0.546319783,-0.00114563282
233.3333333333333,0.706556261,0.508768797,-3.6353061e-008,0.688497782,0.514668286,-0.00458218949,0.680710316,0.52461946,-0.005524,0.678651631,0.533885062,-0.00601735199,0.677254915,0.540991545,-0.00516170217,0.700727642,0.534896612,0.00069615955,0.686783552,0.542401373,-0.00213530893,0.683172822,0.537403047,-0.00534728263,0.686881602,0.533384085,-0.00714097591,0.708984137,0.53506583,0.00204875809,0.694714189,0.542220473,0.000280635722,0.690016747,0.538364,-0.00185020734,0.693086565,0.53459537,-0.00312323472,0.713391364,0.533781409,0.00276156445,0.700285614,0.540708721,0.001687921,0.695424,0.537551522,0.00259353453,0.697566271,0.53409189,0.00340116373,0.715529263,0.532262146,0.00296444516,0.704880655,0.538690746,0.00282313628,0.700519741,0.536769331,0.00494749798,0.701408803,0.533853471,0.00689958408
233.3333333333333,0.455680251,0.50805831,-7.94765356e-008,0.470285892,0.514248967,-0.00868993346,0.475179285,0.524386525,-0.0113044847,0.476934522,0.534121335,-0.0119027263,0.478228897,0.54148674,-0.0110236872,0.454038382,0.531362772,-0.00956194475,0.459751636,0.543784797,-0.0123441,0.469785422,0.546989322,-0.0130968476,0.478235424,0.547706306,-0.0127776153,0.447056,0.532212675,-0.00540279,0.453953326,0.545268536,-0.00838983618,0.464950621,0.549622595,-0.00911992695,0.47462365,0.55085963,-0.00900594704,0.445055872,0.532108366,-0.00170051388,0.452713579,0.543917239,-0.00497437082,0.463321805,0.547705173,-0.00600726437,0.472876668,0.548894346,-0.00589152,0.446243584,0.531539857,0.00154146762,0.452708334,0.540998399,-0.0013261562,0.461086422,0.544655085,-0.00219836505,0.469115406,0.546208441,-0.00204488379
249.99999999999994,0.706488788,0.508518815,-2.8452245e-008,0.688489139,0.513908207,-0.00481897127,0.680512607,0.523669958,-0.00608180417,0.678509831,0.533389747,-0.00682265917,0.676914573,0.540831625,-0.00621485244,0.700186908,0.534105718,0.000266443152,0.686313689,0.542065561,-0.00268539763,0.682592511,0.537247896,-0.00573062478,0.68588531,0.533264279,-0.00737978099,0.708652437,0.53455317,0.00167354452,0.694439769,0.542160809,1.31800398e-005,0.689669669,0.538483918,-0.00171593297,0.692311704,0.534707427,-0.00272846804,0.713430643,0.533385098,0.00238673785,0.700609803,0.540508032,0.00129315781,0.695613682,0.537520468,0.00238250918,0.697361588,0.533999145,0.003297786,0.716080725,0.531921804,0.00256657274,0.705845892,0.538441896,0.00226628152,0.701345921,0.536658168,0.00433433242,0.701889753,0.533729732,0.00626476295
249.99999999999994,0.454314917,0.507172465,-8.094446e-008,0.469309777,0.513922393,-0.00770806754,0.47422,0.524464369,-0.00979378819,0.475898862,0.534177423,-0.00999203,0.476946026,0.541447222,-0.00876164064,0.452187061,0.530617952,-0.00846586935,0.458691835,0.543368876,-0.0108508049,0.468860477,0.546757102,-0.0115037207,0.477222472,0.547795177,-0.0111687435,0.445209026,0.531300128,-0.00458836788,0.452104539,0.544741571,-0.00730816,0.463255674,0.549317956,-0.00781931169,0.473027647,0.550921559,-0.00753898965,0.443420768,0.531163633,-0.00107275648,0.450499117,0.54333055,-0.00389575376,0.4610039,0.547611415,-0.00451988308,0.470520109,0.549334884,-0.00414998457,0.44489947,0.530589223,0.00204662862,0.450577825,0.540359199,-0.000194383669,0.458765686,0.54446435,-0.000564143353,0.46674946,0.546450615,-0.000116857096
266.66666666666663,0.706835508,0.508499682,-3.32789689e-008,0.688880146,0.514262676,-0.00466096634,0.680835247,0.524205744,-0.0057408982,0.678529322,0.533688,-0.00631991122,0.677226424,0.540927052,-0.00548996963,0.701768458,0.53389895,-0.00014411661,0.686795,0.542182803,-0.00328130974,0.68300879,0.537098169,-0.00630675629,0.686356843,0.532835066,-0.00783571228,0.709992707,0.534280419,0.00124659261,0.694774806,0.542107224,-0.000896074343,0.690231144,0.537970483,-0.00269332947,0.693224967,0.533887088,-0.003541118,0.714181483,0.533234835,0.00201079948,0.700489,0.540430546,0.000934464,0.695853651,0.537085354,0.00221039215,0.697884142,0.533421874,0.00331359869,0.716003299,0.531953216,0.00223656488,0.705105424,0.538336933,0.00223618746,0.700966537,0.536231518,0.00445910497,0.701751232,0.533195794,0.00646894844
266.66666666666663,0.451814651,0.506296098,-8.63776179e-008,0.46716705,0.512860298,-0.00714938482,0.472913861,0.523925722,-0.00905479304,0.475164801,0.533956,-0.00921321381,0.476476789,0.541319251,-0.00791274942,0.451270819,0.530811191,-0.0077862,0.458042502,0.543398499,-0.00998139847,0.468182832,0.546762288,-0.0105606522,0.476713806,0.547872126,-0.0102354037,0.444266319,0.531649768,-0.00432439754,0.451556951,0.544775724,-0.00669755694,0.462901443,0.549360096,-0.00718224933,0.472855,0.551105618,-0.00702624721,0.442224205,0.531517327,-0.00121137348,0.449420601,0.543595433,-0.0039028246,0.46011281,0.547766387,-0.00462710112,0.469961584,0.549367487,-0.00445915572,0.443422645,0.530898571,0.00152663188,0.448905706,0.540581703,-0.000715175353,0.457202941,0.54457581,-0.0011524295,0.465348393,0.546462953,-0.000825439638
283.3333333333333,0.70645684,0.508527517,-2.7125834e-008,0.688720942,0.514495432,-0.00554049527,0.681187034,0.524282634,-0.00715690712,0.678870142,0.533818245,-0.0081603,0.677406,0.541206181,-0.00767354527,0.702446342,0.533838272,-0.000744702353,0.686865151,0.54225266,-0.00426388439,0.683000624,0.537073,-0.00750971539,0.686425745,0.532736123,-0.00919893943,0.710297763,0.534159362,0.000919675513,0.694556117,0.542374372,-0.00164086523,0.689903677,0.538318276,-0.00356124272,0.692980051,0.534222841,-0.00449646171,0.714238882,0.533129394,0.00183674868,0.700126708,0.540822208,0.000301820197,0.69542557,0.537611723,0.00147793931,0.697600603,0.533892632,0.00258386298,0.715890467,0.531875372,0.00214691879,0.704871714,0.538707316,0.00174642878,0.700549185,0.536810398,0.00379683427,0.70135051,0.533760846,0.0057251472
283.3333333333333,0.451590389,0.506745458,-8.11156653e-008,0.466589332,0.513321102,-0.00732485112,0.471889108,0.523616791,-0.00961214583,0.473960876,0.533455908,-0.0101971375,0.47531721,0.540870905,-0.00928255357,0.449969262,0.530641377,-0.00833796896,0.456545979,0.543312311,-0.0110277543,0.467011184,0.546693206,-0.0117184557,0.475644261,0.547582209,-0.0113446964,0.443271905,0.531801581,-0.00493551139,0.450409055,0.54510057,-0.00786027,0.461889088,0.549732566,-0.00852102879,0.471929729,0.551373422,-0.00835242402,0.44148609,0.531930447,-0.00190182764,0.44898212,0.544132888,-0.00483940681,0.459923953,0.548562348,-0.0056365463,0.470030814,0.550354719,-0.00545787625,0.443008244,0.531489849,0.000729978259,0.448898,0.541324615,-0.00153509423,0.457559,0.545477152,-0.00203618,0.466194838,0.547472656,-0.00174507836
300.0,0.706505775,0.508171499,-3.49990614e-008,0.688612819,0.514211237,-0.00485239411,0.681206763,0.524076641,-0.00612281403,0.679629266,0.533443034,-0.00693706563,0.677851796,0.540658653,-0.00632121414,0.702181756,0.533727109,2.05204306e-005,0.687460721,0.542164326,-0.00330861658,0.68347019,0.537263334,-0.00651315646,0.686732829,0.532966793,-0.00822253898,0.710245848,0.53406167,0.00131117797,0.6955055,0.542275965,-0.00109899684,0.690678716,0.538458884,-0.00311993924,0.693430662,0.534372211,-0.00412221858,0.714214504,0.533042312,0.00190172589,0.701253474,0.540719151,0.000478299917,0.696416378,0.537754059,0.00144307991,0.698311806,0.534142673,0.00239792583,0.715845287,0.531690896,0.00194339699,0.705605328,0.538643241,0.00161785458,0.701246917,0.536912441,0.00359709701,0.701821,0.533931434,0.00547191128
300.0,0.449489027,0.505951762,-8.15204757e-008,0.464982,0.512453794,-0.00766956294,0.470838308,0.52292943,-0.00982451346,0.473090619,0.53306061,-0.0102348933,0.474538594,0.540758312,-0.00917230453,0.449310124,0.530587375,-0.00700797141,0.45540598,0.543203831,-0.00958471373,0.465561837,0.546873212,-0.0108846324,0.474415123,0.548191905,-0.0110171353,0.442249864,0.531503499,-0.00329983328,0.449705809,0.544634,-0.00569972955,0.460709631,0.549558878,-0.00675073406,0.470881611,0.55147779,-0.00702825654,0.440341413,0.531365454,-0.000101870268,0.448282063,0.543345928,-0.00274793128,0.458740413,0.547976255,-0.00388270314,0.468899608,0.549929857,-0.00400801376,0.441707879,0.530811906,0.0026431568,0.448142439,0.540458083,0.000417977339,0.45645237,0.544761419,-0.000311369426,0.464937687,0.5469262,-0.000200497321
316.6666666666667,0.705710173,0.507944405,-3.8032919e-008,0.688016415,0.514214516,-0.00492566079,0.681060433,0.524406672,-0.00604480878,0.679589808,0.533756375,-0.00666169,0.678375185,0.540884554,-0.0058470224,0.701821208,0.534250379,0.000214469648,0.687189698,0.542193651,-0.00279222918,0.683477402,0.537003458,-0.00592164788,0.686942697,0.532789886,-0.00769506628,0.709955394,0.53443557,0.00162030617,0.69497925,0.542244077,-0.00058695476,0.690474033,0.538261712,-0.00257534045,0.693499863,0.534147501,-0.00360893831,0.714065433,0.533200204,0.00233297795,0.700786948,0.540634274,0.00104653626,0.696175,0.537543,0.00203337334,0.698289514,0.533887148,0.00295898505,0.715776205,0.531663418,0.00248763151,0.705336213,0.538432658,0.00223531039,0.701215088,0.536654055,0.004253319,0.702018738,0.533744454,0.00612905668
316.6666666666667,0.448994964,0.506607771,-8.5217664e-008,0.464637369,0.513308704,-0.00689164083,0.470082641,0.52356565,-0.00891849864,0.47202757,0.533517599,-0.00935404096,0.473474622,0.540874898,-0.0082878219,0.448162287,0.53112179,-0.00693217712,0.454944789,0.543661654,-0.00922996085,0.465480059,0.54659009,-0.0100289946,0.473985553,0.547093272,-0.00976005197,0.440987527,0.532088637,-0.00351018505,0.449260116,0.545021117,-0.00554852188,0.460660487,0.549527764,-0.00612339,0.470588773,0.551154435,-0.00613130396,0.438867867,0.531929,-0.000486823847,0.44784,0.54374671,-0.00264580292,0.458747596,0.548149586,-0.00327098975,0.468799621,0.549904168,-0.0031906513,0.440120906,0.531252801,0.00212975685,0.447225213,0.540722728,0.000406508683,0.456140101,0.544853449,5.78282488e-005,0.464855105,0.546903253,0.000347893481
333.33333333333337,0.705231547,0.5073331,-3.96081674e-008,0.687764525,0.513898492,-0.00521825114,0.681141,0.524354,-0.00643330906,0.679712832,0.533812106,-0.00711380225,0.678345919,0.541008234,-0.00632983353,0.702971816,0.533975065,5.3767395e-005,0.687546194,0.541900635,-0.00322456774,0.683547,0.53671664,-0.00653551053,0.686886072,0.532518208,-0.00841864664,0.71053952,0.53411746,0.00153201714,0.69476527,0.541922331,-0.00116394204,0.690202177,0.537780225,-0.00333930179,0.693157732,0.533579648,-0.00438766042,0.713983536,0.5329445,0.00228268141,0.699920952,0.54036808,0.000634888536,0.695308805,0.537035763,0.00165787432,0.697362185,0.533277512,0.00271250727,0.715038359,0.531450272,0.00243923138,0.703794599,0.538118362,0.00199115882,0.699656606,0.5360201,0.00402633473,0.700452626,0.532911837,0.00596482866
333.33333333333337,0.448823929,0.506716788,-9.27622281e-008,0.464600474,0.514174342,-0.00538944919,0.469813764,0.52487874,-0.00677205203,0.471260905,0.534394443,-0.0071092397,0.47235626,0.541496158,-0.00615482265,0.447749138,0.531361639,-0.00466372445,0.453376085,0.543856442,-0.007570663,0.463884979,0.547261477,-0.00924140308,0.473026127,0.548085809,-0.00953294616,0.44052726,0.532219827,-0.00249047368,0.448191553,0.545139,-0.0052442,0.459812582,0.549601138,-0.00660433201,0.470302135,0.551116049,-0.00694068428,0.438397229,0.532088459,-0.000777751731,0.447234601,0.544088423,-0.0037765319,0.458346128,0.548074245,-0.00499076117,0.468699306,0.549612045,-0.00502727553,0.439967901,0.531503379,0.000672603142,0.447604388,0.541342795,-0.00155221007,0.456679344,0.545130789,-0.00187343708,0.465647906,0.546766,-0.00139714603
350.00000000000006,0.705841601,0.507357,-3.74037157e-008,0.688598275,0.514347196,-0.00555742672,0.681223452,0.524570942,-0.00688550854,0.679347157,0.534293592,-0.00760900741,0.678000331,0.541579902,-0.00680501945,0.703133702,0.534091771,0.000671544811,0.687683761,0.542179465,-0.00223067845,0.683636665,0.536806524,-0.00556822401,0.686952591,0.532470644,-0.00750009203,0.71071893,0.534125388,0.00252759294,0.695088625,0.541853964,0.00027065858,0.690395653,0.537620425,-0.00217726594,0.693239808,0.533415616,-0.00349487271,0.713954031,0.532856286,0.00362578477,0.700050771,0.540190279,0.00236369739,0.695409417,0.536889255,0.00305661373,0.697445,0.533110857,0.00383340078,0.714766145,0.531324446,0.00410632882,0.70378387,0.537938237,0.0040231212,0.699863613,0.535779893,0.00595515454,0.700728953,0.532628417,0.00778739247
350.00000000000006,0.448787272,0.507594228,-9.25624448e-008,0.464448869,0.514788866,-0.0064012222,0.469311595,0.524939775,-0.00828112848,0.470328271,0.534519792,-0.00877317,0.471338391,0.541673064,-0.00791692641,0.446368665,0.531445444,-0.00631252723,0.452841967,0.543588281,-0.00894792192,0.463150978,0.546956062,-0.0100771,0.471965373,0.54805994,-0.010054661,0.439104795,0.53229022,-0.00351255783,0.446712673,0.54510653,-0.00634385645,0.458215952,0.549582362,-0.00732707279,0.468497276,0.551360846,-0.00741242571,0.437011808,0.532249868,-0.00112352637,0.445363969,0.544045866,-0.00420739083,0.456207752,0.548179805,-0.00504337484,0.466189206,0.5500319,-0.00481087,0.438515037,0.531753719,0.000928533089,0.44533661,0.541403413,-0.001362385,0.454112649,0.545351,-0.00163144199,0.462682426,0.547393918,-0.00113028428
366.66666666666674,0.704446554,0.507563531,-4.41268106e-008,0.687716484,0.514294803,-0.00576837407,0.680779636,0.524400711,-0.0075253346,0.678819776,0.53402859,-0.00862248242,0.67785567,0.541511238,-0.00816281885,0.703003109,0.533815086,-0.000925688597,0.687061071,0.541790187,-0.00463751145,0.683756471,0.536316812,-0.00820573792,0.687523544,0.532010853,-0.0102371071,0.710285842,0.534206033,0.00077627768,0.69375962,0.541831434,-0.00228339667,0.689808369,0.537288487,-0.00457498664,0.693158209,0.533032358,-0.00571321696,0.713240921,0.533304691,0.00174000952,0.698365569,0.540534139,-3.5590936e-005,0.694252,0.536804199,0.00108231476,0.696710765,0.532995462,0.00214755791,0.713755727,0.532098472,0.00205443497,0.701841533,0.538451374,0.00167903805,0.698257744,0.535917521,0.00370720425,0.699665248,0.532759428,0.00557264313
366.66666666666674,0.446920097,0.507608652,-9.05776858e-008,0.462683111,0.513820648,-0.00846003462,0.468239874,0.523943663,-0.0115186879,0.469937295,0.533793032,-0.0127449054,0.470935076,0.541294098,-0.0125627602,0.445572466,0.531035304,-0.0097105708,0.451596588,0.543668032,-0.0132907797,0.462156296,0.547083497,-0.0148114674,0.471102297,0.548163533,-0.0150074912,0.437996358,0.531987607,-0.00608206168,0.445578188,0.54522419,-0.00971223786,0.457315832,0.549870849,-0.0107766241,0.467567205,0.55170548,-0.0109097045,0.435821444,0.531995058,-0.00293286308,0.444134682,0.544195652,-0.00672891084,0.455245942,0.548318386,-0.00765439309,0.465268254,0.55007112,-0.0074590263,0.437226057,0.531510472,-0.000246754586,0.444607645,0.541449428,-0.00340920337,0.453516394,0.545265079,-0.00404691836,0.462058634,0.547112823,-0.00371091254
383.3333333333334,0.703871906,0.507536888,-4.29465921e-008,0.686920822,0.51428175,-0.00518953754,0.680230677,0.524410963,-0.00662419293,0.678554237,0.533993065,-0.00761765381,0.677696466,0.541417181,-0.0071185194,0.702360332,0.533352494,0.000274665974,0.687098265,0.541735291,-0.00333113805,0.683489501,0.53642869,-0.00686252443,0.686853349,0.53199178,-0.0088384049,0.709871411,0.533548951,0.00162735907,0.694335103,0.541517079,-0.00128201733,0.690087676,0.537204504,-0.00360834599,0.692947805,0.532953382,-0.0047935117,0.713214457,0.532599807,0.00219698227,0.699163556,0.54018,0.000474084809,0.694960833,0.536634803,0.00152792188,0.697164893,0.532779,0.00253313407,0.714122176,0.531531036,0.00214810041,0.702944636,0.538287699,0.00180107658,0.699195445,0.53586638,0.00386013719,0.700248718,0.532611787,0.00572590064
383.3333333333334,0.446957886,0.507716954,-9.0265992e-008,0.462926567,0.514222443,-0.00814971048,0.468045235,0.524574816,-0.0110390401,0.469180107,0.534404397,-0.0121275578,0.470074683,0.54166466,-0.0118781421,0.445170701,0.531306744,-0.00940201618,0.450896978,0.54390806,-0.0130420411,0.461532384,0.547365,-0.01482087,0.470790714,0.5484128,-0.0151709318,0.437583685,0.532034,-0.00586261787,0.444922686,0.545020223,-0.00933545,0.456637412,0.549871445,-0.0105349524,0.467170864,0.551791728,-0.0108830044,0.435252815,0.531794786,-0.00278691784,0.443392128,0.543818593,-0.00653769914,0.454649299,0.548133433,-0.00766503904,0.465040088,0.549887657,-0.00767264701,0.436376244,0.531130433,-0.00013699937,0.443518877,0.540924072,-0.00331499358,0.452562,0.544709504,-0.00403497834,0.461285472,0.546466,-0.00380362174
400.0000000000001,0.703948,0.507698894,-4.28685496e-008,0.687232673,0.514611304,-0.00621226104,0.679487824,0.524696529,-0.00793566462,0.677209,0.534279585,-0.00876105484,0.677003682,0.541633189,-0.00803347491,0.702016115,0.533649087,-0.00185230852,0.686369896,0.541944,-0.00504726032,0.682523966,0.536468804,-0.00815705582,0.685794473,0.532210112,-0.00987326074,0.709409595,0.533911049,0.00045672484,0.693292081,0.541334629,-0.00182854256,0.689069629,0.536649406,-0.00376360607,0.692242205,0.532457829,-0.0047729956,0.712243676,0.532785177,0.00211388757,0.698133409,0.539559722,0.000923770422,0.693766952,0.535824776,0.00205301773,0.695852,0.532035,0.00302091497,0.712766,0.531346142,0.00311538531,0.701758385,0.537180543,0.00303410902,0.698278606,0.534708202,0.00500743184,0.69965,0.531685054,0.00682104751
400.0000000000001,0.445996672,0.507675469,-8.22424298e-008,0.461551309,0.514004827,-0.0088854786,0.466768324,0.524245858,-0.0116966255,0.468447983,0.534388363,-0.0124329571,0.469923,0.541821897,-0.0116241872,0.444300264,0.531223655,-0.00951182842,0.450136811,0.544229686,-0.0122049721,0.460668474,0.547707319,-0.0130919106,0.469902933,0.548557758,-0.0128194923,0.437240154,0.53189522,-0.00508062309,0.445058793,0.545087695,-0.00770649221,0.456551373,0.549890518,-0.00853043795,0.466738045,0.551768601,-0.00870437548,0.435291082,0.531671107,-0.00109696656,0.44348371,0.543665111,-0.00412132,0.454475462,0.547890186,-0.00514958333,0.464533657,0.549471378,-0.00517011341,0.436538815,0.531068444,0.00242436,0.443308622,0.540782332,-0.00036161294,0.452372,0.544713497,-0.00115429179,0.460957944,0.546488583,-0.000981264748
416.6666666666668,0.702098131,0.508137107,-3.37480799e-008,0.685712576,0.514845312,-0.00590784894,0.679143786,0.52438885,-0.00783577282,0.67685163,0.533631682,-0.00915236305,0.675610125,0.5409863,-0.00888162386,0.701230049,0.533153892,-0.00122007227,0.685183,0.54176259,-0.00530134467,0.681485236,0.536609888,-0.00888075307,0.685119033,0.532248855,-0.0107532395,0.708189428,0.533555627,0.0005143077,0.692183614,0.541688561,-0.00277060899,0.687902212,0.537435353,-0.00492898934,0.691213,0.533331752,-0.00591505645,0.711181581,0.532798,0.001446223,0.696911931,0.540414453,-0.000592194963,0.692451417,0.536946535,0.00057280669,0.694848895,0.533189178,0.00177392364,0.711942,0.531826854,0.0017239775,0.700910628,0.538555562,0.00105036,0.696930707,0.536397517,0.00303633395,0.698148906,0.533319473,0.00498002069
416.6666666666668,0.445278168,0.507691324,-8.64748e-008,0.460402548,0.513892949,-0.00811759103,0.465924442,0.524217963,-0.0107589392,0.467932343,0.534325421,-0.011560455,0.469262213,0.541905224,-0.0109144216,0.443553478,0.530505717,-0.00935745519,0.449672371,0.543486774,-0.0127728656,0.460438609,0.547174931,-0.0141433682,0.469733655,0.548214674,-0.0141457794,0.436733752,0.531658113,-0.0056965882,0.444120228,0.545231938,-0.0090178065,0.455918908,0.550020337,-0.00991119724,0.466300488,0.551847339,-0.00991883315,0.435006231,0.531842768,-0.00248462148,0.442782134,0.544156909,-0.00602463,0.453962147,0.548448205,-0.00693790615,0.464221716,0.550180435,-0.00672542118,0.436577916,0.5315063,0.000307028531,0.443091422,0.541429758,-0.00265254243,0.45214358,0.545421898,-0.00324747851,0.460972548,0.547210217,-0.0028808557
433.3333333333335,0.702178717,0.507990301,-4.37814975e-008,0.684808433,0.514265239,-0.00583755085,0.677644,0.524366617,-0.00742758159,0.675494969,0.533742964,-0.00831751153,0.675205708,0.541047275,-0.00763837714,0.700755358,0.533360898,-0.00105088495,0.685047626,0.541995525,-0.0045657088,0.681074202,0.536451519,-0.00788727775,0.684577525,0.531897128,-0.00966630597,0.708118439,0.533524573,0.000820881629,0.692327142,0.541834414,-0.00197514729,0.687749207,0.537300527,-0.00402590726,0.690806091,0.532975,-0.0049812831,0.711154,0.532553554,0.00195565517,0.696936548,0.540259,0.000366591354,0.692336,0.53658849,0.00153883896,0.694557309,0.532715142,0.00263869623,0.711698,0.53142029,0.00245374511,0.700502098,0.538238764,0.00223758142,0.69691658,0.535783529,0.00430503,0.698320866,0.532553852,0.00614645
433.3333333333335,0.445061654,0.507874191,-9.06347495e-008,0.460181803,0.514201224,-0.00824470166,0.465965509,0.524494767,-0.0113074277,0.467854351,0.534462333,-0.0124165472,0.468848377,0.541956961,-0.012053105,0.443059087,0.530850768,-0.0109702153,0.450223386,0.543669522,-0.0142170936,0.460889339,0.546995103,-0.0149553176,0.469745308,0.547825873,-0.0145618534,0.435771137,0.531858087,-0.00733435666,0.443580419,0.545410097,-0.0110552907,0.455546468,0.55008328,-0.0116976136,0.465996563,0.551758766,-0.0114863301,0.433591723,0.532038033,-0.00399581203,0.440995753,0.544629633,-0.00760986237,0.452172846,0.549057126,-0.0082531888,0.462570786,0.550844491,-0.00790081825,0.434725404,0.531682,-0.0010764905,0.440668911,0.54191637,-0.00405586092,0.449296445,0.546147883,-0.0046378253,0.457820296,0.548310161,-0.00429880945
450.00000000000017,0.700022876,0.507844806,-4.18072297e-008,0.683209777,0.514322042,-0.00555185881,0.676497221,0.524350882,-0.00697663426,0.674836338,0.53370136,-0.00774729066,0.673905313,0.540858388,-0.00698588882,0.699236274,0.533573627,-0.000453364773,0.683874547,0.541910172,-0.00378876855,0.679624498,0.536733329,-0.00710685831,0.68279016,0.532323956,-0.00893145893,0.706383169,0.53376478,0.00135448738,0.690945745,0.541861415,-0.00133788818,0.686106086,0.537597835,-0.0034810747,0.688862801,0.533342719,-0.00449253,0.709264576,0.532796621,0.00243728445,0.695502,0.540384,0.000816436,0.690688491,0.536914706,0.0018083828,0.69259268,0.533150792,0.00284480164,0.709842086,0.531540096,0.00291204615,0.698923886,0.538293242,0.0025567743,0.694928467,0.53604573,0.00447248155,0.695817232,0.532969892,0.00628149509
450.00000000000017,0.444474608,0.508380771,-9.14604783e-008,0.460326374,0.514764309,-0.007928201,0.466139793,0.525020778,-0.0105719268,0.467740655,0.534965098,-0.0113164289,0.468333155,0.542254627,-0.0105693191,0.443073153,0.531343579,-0.00982079376,0.449529678,0.544237137,-0.0124209933,0.460336804,0.547449648,-0.0128729865,0.469231218,0.548121214,-0.0123372367,0.435670823,0.532311916,-0.0060631847,0.443278372,0.545866191,-0.00893534813,0.455252737,0.550379157,-0.00926045,0.465311885,0.551844299,-0.00896419678,0.433406591,0.532296777,-0.00260255788,0.440716833,0.544778,-0.00558473403,0.451946706,0.548962831,-0.00601899717,0.461967736,0.550484359,-0.00564990146,0.434552133,0.531756461,0.000442287972,0.440167964,0.541800201,-0.00217387779,0.449038595,0.545869291,-0.00261107041,0.457480848,0.547723234,-0.00223222445
466.66666666666686,0.699238777,0.507851243,-4.08609679e-008,0.682611942,0.514126122,-0.00601339201,0.675692618,0.524167418,-0.00762576237,0.673602462,0.53358084,-0.00846048724,0.672386289,0.540866137,-0.00771649787,0.698466539,0.533588111,-0.00106690906,0.682728589,0.541998804,-0.00435688905,0.67844522,0.536933661,-0.0076227989,0.681907058,0.53255564,-0.0094235437,0.705430806,0.533733,0.00101936981,0.689597845,0.54167974,-0.00149596576,0.684533954,0.53747946,-0.00354903657,0.687399,0.533281386,-0.00461934321,0.707955718,0.532680392,0.00238320325,0.693600237,0.540313482,0.00084049697,0.688515186,0.536835968,0.001896873,0.690533936,0.533031285,0.00289805909,0.708064854,0.531419516,0.00310486695,0.696635067,0.538255274,0.00271903048,0.692437232,0.536122084,0.00460067252,0.693447113,0.533040822,0.00636817189
466.66666666666686,0.443644196,0.508254707,-8.07846945e-008,0.459420949,0.514661252,-0.00801613834,0.465261847,0.524780393,-0.010722518,0.467195481,0.534543514,-0.0115381246,0.468009979,0.54190433,-0.0108397137,0.442774087,0.531713188,-0.0091108745,0.449474514,0.544564486,-0.0116791558,0.460145682,0.5477193,-0.0124874124,0.468814969,0.548576534,-0.012178815,0.435253739,0.532289207,-0.00521490118,0.442136049,0.545895,-0.00793475285,0.453865,0.550511718,-0.0083319908,0.463713884,0.552175641,-0.00802990235,0.432865679,0.53190589,-0.00166481,0.439339489,0.544395268,-0.00446496485,0.450380147,0.548719823,-0.00475468673,0.46009016,0.550281942,-0.00418670941,0.433681071,0.531133473,0.00144359202,0.438578725,0.541356146,-0.000792805222,0.447183609,0.545660436,-0.000896024809,0.455394953,0.547623,-0.00025164106
483.33333333333354,0.698199928,0.50814569,-5.0839315e-008,0.681325197,0.514335215,-0.00603147,0.674194157,0.524204373,-0.0079484554,0.671900809,0.53367573,-0.00908941869,0.67118746,0.540955663,-0.00863870513,0.696555495,0.533787072,-0.00217338558,0.679491341,0.542122,-0.00610630494,0.676145494,0.536303282,-0.00959765725,0.680428088,0.531798303,-0.0115958666,0.703722537,0.534255326,-0.000355200638,0.686187804,0.542053282,-0.00343950116,0.682278931,0.537170291,-0.00539184315,0.686203182,0.533012748,-0.00640487112,0.706511497,0.533413231,0.000743461365,0.690504253,0.540777862,-0.00118471112,0.686421037,0.536795437,0.000115583796,0.689525068,0.533061266,0.00120940106,0.706892788,0.532252789,0.00119841087,0.694123745,0.538680196,0.000592936703,0.690463,0.535917103,0.00261184736,0.692478716,0.532684505,0.00441546319
483.33333333333354,0.443029255,0.507864892,-7.8440884e-008,0.458172381,0.51381731,-0.00905749388,0.464266658,0.524042785,-0.0122785652,0.466428488,0.534097493,-0.0134616746,0.467456192,0.541748047,-0.0130598349,0.442464858,0.531722605,-0.00986137334,0.448473155,0.544727385,-0.0132547505,0.459202111,0.54789573,-0.0146814082,0.468265533,0.548432,-0.0147035168,0.435202271,0.532691717,-0.00563767552,0.442383289,0.546094537,-0.00882632378,0.453938335,0.550769389,-0.00976322498,0.464185476,0.552358687,-0.00981116481,0.433061,0.532580614,-0.00192823622,0.44085291,0.544670105,-0.00516018737,0.451812327,0.548923075,-0.00601130491,0.461911947,0.550553322,-0.00583005231,0.434119642,0.531952322,0.00125788595,0.440905184,0.541775763,-0.00156208826,0.449762642,0.54581666,-0.00217874045,0.45833832,0.547751129,-0.00181799685
500.0000000000002,0.697382629,0.508613825,-4.48156072e-008,0.680289268,0.514364123,-0.00608128123,0.672599256,0.523974478,-0.008207798,0.670358,0.533407509,-0.0095065916,0.669745505,0.54085,-0.00921802316,0.694647074,0.533461332,-0.00274367956,0.677971423,0.541972399,-0.00662730215,0.674499512,0.53615123,-0.00986287184,0.678513229,0.531603694,-0.0116018821,0.702147186,0.534224451,-0.000885488291,0.684688389,0.542327,-0.00369507819,0.680559218,0.53744024,-0.00527023943,0.684191227,0.533149481,-0.00601338409,0.7052809,0.533441663,0.000296496146,0.689445078,0.541064918,-0.0013678025,0.685013473,0.537052512,0.000278679916,0.687797368,0.533187091,0.00158662419,0.705999494,0.532288,0.000848139287,0.693166375,0.538930178,0.000499422953,0.689213872,0.536252379,0.00281154411,0.691040456,0.533025503,0.00481282128
500.0000000000002,0.443340063,0.508033574,-8.32713e-008,0.45872739,0.51460582,-0.00806087069,0.464184225,0.524863422,-0.0107564796,0.465807378,0.534723401,-0.0115955649,0.466782808,0.542129517,-0.0109516745,0.44192183,0.5315938,-0.00909954682,0.448435903,0.544401169,-0.012176469,0.459281862,0.547653615,-0.0133366641,0.468343705,0.548426628,-0.0132187568,0.434565961,0.532585919,-0.0053468328,0.442027658,0.546016634,-0.00839508697,0.453710377,0.550648272,-0.00909593422,0.463796,0.552478075,-0.0089853527,0.432451785,0.532541394,-0.00201033708,0.440698087,0.544651866,-0.005102864,0.451693177,0.548866034,-0.00562814297,0.461418897,0.550711036,-0.00523424149,0.433774829,0.531944633,0.000873288198,0.440634757,0.541749656,-0.00156863348,0.449658424,0.545554042,-0.0017268504,0.458212376,0.547348082,-0.00111513934
516.6666666666669,0.69553256,0.508514881,-3.2040127e-008,0.678359866,0.513798177,-0.00614541024,0.670795202,0.523392439,-0.00836946908,0.668740332,0.533076286,-0.00977303274,0.667668939,0.54058665,-0.00966080558,0.691891193,0.533418536,-0.00241716346,0.676959038,0.542233,-0.00634401292,0.672859967,0.536902368,-0.00965076,0.676253557,0.532345474,-0.0112824636,0.699831903,0.534043252,-0.000469228806,0.683912456,0.542366803,-0.00301726884,0.679005265,0.538091123,-0.0046304767,0.68193531,0.53395015,-0.00537650846,0.703659594,0.533173859,0.000756309775,0.689076,0.540796101,-0.000822885137,0.684157,0.537367105,0.000621798739,0.686323404,0.533616245,0.00185905746,0.705224872,0.532046378,0.00134569453,0.693513632,0.538776636,0.000858885644,0.689029634,0.536548,0.00302664749,0.690046489,0.533418119,0.00506009348
516.6666666666669,0.442625403,0.508279383,-8.6048459e-008,0.457758278,0.514682353,-0.00819672551,0.463868767,0.52466,-0.0113344779,0.465828151,0.534453,-0.0127081843,0.466789961,0.542026758,-0.0127041219,0.441332698,0.531735539,-0.00947193056,0.448612601,0.544425666,-0.0129309688,0.459446192,0.547605157,-0.0145764276,0.468145579,0.548375368,-0.0148573108,0.43421489,0.532793343,-0.00593698071,0.44161126,0.546153188,-0.00948882755,0.453422725,0.550897,-0.0106956316,0.463568091,0.552606642,-0.0109520378,0.432392925,0.53278935,-0.00281887967,0.439526,0.545247257,-0.00632969849,0.450297445,0.549798787,-0.00733302906,0.460037261,0.551737309,-0.00727762934,0.434032589,0.532350719,-0.000150432345,0.440431565,0.542499959,-0.00308758602,0.44899404,0.546714425,-0.0037011255,0.457057446,0.548878431,-0.00341520179
533.3333333333335,0.694481671,0.507776082,-5.41979e-008,0.6767326,0.513235807,-0.00564005692,0.668761611,0.523301184,-0.00744008878,0.66738832,0.532932758,-0.00861499924,0.665987968,0.540386379,-0.00821661763,0.690704167,0.533563793,-0.00102835917,0.674815655,0.541934669,-0.00502502965,0.671346128,0.535955906,-0.00859278813,0.675587773,0.531312227,-0.0105101038,0.69847405,0.534194291,0.000460017676,0.681724668,0.542298675,-0.00268100481,0.677460432,0.537379444,-0.00473168259,0.6810835,0.533021569,-0.00562902819,0.701946914,0.533438265,0.00118718075,0.686659098,0.5410465,-0.000671942602,0.682332933,0.537033141,0.000785562,0.685177326,0.533132195,0.00210539158,0.703204572,0.532325268,0.0012743728,0.690693915,0.539167821,0.000893795048,0.686801374,0.536399066,0.00321388943,0.688535094,0.53306073,0.00530313561
533.3333333333335,0.443022758,0.508360922,-8.01023461e-008,0.458049983,0.515061677,-0.00854876824,0.463554263,0.525322556,-0.011528302,0.46571663,0.53499794,-0.0124892471,0.467046916,0.542264283,-0.0119179711,0.44131273,0.532101154,-0.00990137085,0.447685182,0.544826329,-0.0126911672,0.458542645,0.547966599,-0.0134780919,0.4677338,0.548571289,-0.0131945265,0.434373319,0.532844,-0.00590754673,0.441526473,0.545991,-0.00893918704,0.453062445,0.550716937,-0.00976883899,0.463465124,0.552512527,-0.00987071265,0.432683259,0.532622814,-0.00229559024,0.440744668,0.544707119,-0.00547769899,0.451482147,0.549002886,-0.00638296828,0.461399257,0.550808,-0.00636554137,0.434363663,0.531966865,0.000878824794,0.441586167,0.541850746,-0.00196995656,0.450437456,0.545689464,-0.00257462356,0.4589279,0.547540307,-0.00232561096
550.0000000000001,0.693248928,0.507463276,-4.56015812e-008,0.675580859,0.513482869,-0.00612359308,0.667391062,0.523291,-0.00820970442,0.665325463,0.5327847,-0.00956486817,0.664000213,0.540341377,-0.00929524377,0.689426601,0.533558667,-0.00138761767,0.673073,0.541633129,-0.00571808172,0.669498,0.535977423,-0.00965821836,0.673706532,0.53134644,-0.011777224,0.697030544,0.534300864,0.00031034142,0.679901958,0.542161345,-0.00308381557,0.675385535,0.537492692,-0.00548483618,0.678965807,0.533151031,-0.00662281364,0.700285792,0.533612907,0.00119148067,0.6847018,0.540983379,-0.000873155077,0.680158436,0.537178636,0.00029174774,0.682857215,0.533319414,0.00146895973,0.701236188,0.532530248,0.00138550729,0.688621938,0.539143801,0.000799544679,0.684673071,0.536606848,0.00286121736,0.686332226,0.533425331,0.00482905516
550.0000000000001,0.442130715,0.507997632,-8.15848082e-008,0.457404792,0.514281154,-0.00846546888,0.463236243,0.524830222,-0.0111967735,0.465289295,0.534862,-0.0120054204,0.466531962,0.54225558,-0.0113468645,0.440814197,0.53158623,-0.0090291,0.447389901,0.544606626,-0.0124676507,0.458535552,0.54789412,-0.0141315032,0.467566103,0.54857415,-0.0143306749,0.43412137,0.532517791,-0.0050351792,0.441241473,0.545939505,-0.0080449,0.452894777,0.550678909,-0.00900953729,0.462961257,0.552386224,-0.00914325938,0.432627559,0.532567263,-0.00156886654,0.440517545,0.544608951,-0.00470944867,0.451500297,0.548979163,-0.0056965379,0.461428225,0.550720334,-0.00564082,0.434248954,0.532074213,0.00140949327,0.441180646,0.541715,-0.00123251276,0.450121939,0.54568249,-0.00187899417,0.458623677,0.547587693,-0.00161965925
566.6666666666667,0.691917419,0.507573366,-5.23956523e-008,0.673899412,0.513531625,-0.00635947473,0.665659308,0.522871614,-0.00867542904,0.663362861,0.532320678,-0.0102686686,0.662471652,0.539888501,-0.0102351019,0.687799513,0.533480883,-0.00170122145,0.671618879,0.541495621,-0.00609240215,0.668561041,0.535572171,-0.0100796651,0.673186,0.531092525,-0.0123128071,0.69559449,0.53408742,7.04734703e-005,0.678818226,0.541756451,-0.00340560358,0.674868226,0.53680414,-0.0058634365,0.678894937,0.532615066,-0.00715125492,0.698917627,0.533229768,0.00101820426,0.683522403,0.540406644,-0.00127501087,0.679476619,0.536355674,-0.000231997517,0.682745039,0.532583594,0.000800518668,0.699687719,0.531994164,0.00128574099,0.68714875,0.538393378,0.000443362747,0.683825731,0.535481751,0.00239934912,0.686229169,0.532192,0.00423884438
566.6666666666667,0.442190409,0.507959545,-8.10226553e-008,0.457018912,0.514202595,-0.00915402453,0.463057607,0.524627924,-0.0123609463,0.465281814,0.534618795,-0.0135242268,0.466448367,0.542072892,-0.0131783746,0.440319926,0.531677961,-0.0101453792,0.447260052,0.544563115,-0.0136711346,0.45832938,0.547848761,-0.0152125116,0.467527658,0.548582733,-0.0153710153,0.433894187,0.532686114,-0.005985233,0.44128862,0.546046078,-0.00943473633,0.453282952,0.550603569,-0.0105842026,0.463657826,0.552226722,-0.0108183539,0.432558209,0.532674,-0.00232741865,0.440199405,0.544845521,-0.00592503464,0.451462209,0.548934639,-0.00694495626,0.461535484,0.550480187,-0.00685474323,0.434288681,0.53208,0.000822292,0.44064334,0.542053163,-0.00230329717,0.449661791,0.545855045,-0.00298663857,0.458310485,0.547535062,-0.00268440251
583.3333333333334,0.690187573,0.507480383,-2.45864804e-008,0.673013508,0.513169408,-0.00585112209,0.664640546,0.522355676,-0.00817243,0.6615749,0.531841576,-0.00982774328,0.660077333,0.539501965,-0.00991443824,0.685634,0.532130241,-0.00198835111,0.670814514,0.541274786,-0.00649733888,0.666482627,0.536316633,-0.0101620918,0.669567585,0.531741917,-0.011838791,0.693326771,0.533132911,-0.000413128582,0.677987,0.541898906,-0.00352584454,0.672931,0.537818909,-0.00545985065,0.675680637,0.533647239,-0.00621907366,0.697254241,0.532653749,0.000396479474,0.683110595,0.540383697,-0.00143047213,0.678087294,0.537068,-4.64888617e-005,0.680091441,0.533331275,0.00130393461,0.698898792,0.531801522,0.000555877283,0.687295616,0.538496,-4.99186099e-005,0.682566047,0.536366403,0.00215046597,0.683265924,0.533247292,0.00433702674
583.3333333333334,0.442395777,0.50798589,-8.36769232e-008,0.457008064,0.514384687,-0.0088612074,0.462994933,0.524614632,-0.0120563591,0.465305746,0.534616709,-0.0132718701,0.466480792,0.542145431,-0.0129995225,0.440148622,0.531323195,-0.00996941794,0.446906656,0.544288874,-0.0135565232,0.457905352,0.5477494,-0.0151072405,0.467150122,0.548577905,-0.0152935963,0.433820724,0.532373428,-0.00602871133,0.441407442,0.545753419,-0.00954767223,0.453177959,0.550580204,-0.0107319932,0.463728577,0.552331,-0.0110314041,0.432663947,0.532562256,-0.00259943819,0.440954059,0.54487,-0.00629245304,0.451927274,0.549221218,-0.00743963383,0.462154567,0.550961494,-0.00747301662,0.43466866,0.532237828,0.000351935421,0.4418419,0.542236745,-0.00293806545,0.450746149,0.546068907,-0.00378529495,0.459383875,0.547830045,-0.00362070045
600.0,0.68854624,0.507504165,-2.71539857e-008,0.670781314,0.513357699,-0.00602001091,0.662403166,0.52247262,-0.00845051184,0.659921229,0.531921446,-0.0101671536,0.658202529,0.5393911,-0.0103122341,0.684277296,0.532351315,-0.00263266987,0.669207573,0.541546941,-0.00692629442,0.664549053,0.536181152,-0.010328521,0.667805076,0.531539798,-0.0118932677,0.692616,0.532998085,-0.000996318,0.676671207,0.541738331,-0.00386678,0.671361,0.537408769,-0.00552929612,0.674455404,0.533211112,-0.00626042159,0.696826816,0.532181919,-9.26327266e-005,0.682220578,0.540164471,-0.00195400883,0.677122474,0.536672533,-0.000420640747,0.679425836,0.532788336,0.000953118666,0.698715925,0.531066,0.000172755972,0.687078178,0.538087964,-0.000697495532,0.682476759,0.53581661,0.00149447692,0.683609307,0.532520831,0.00366147631
600.0,0.441949427,0.508231401,-8.88358187e-008,0.457087189,0.514357686,-0.00841301586,0.463097662,0.524470866,-0.0114556439,0.465167224,0.534271955,-0.012670733,0.466336489,0.541740894,-0.01241122,0.440355718,0.530948639,-0.0101336269,0.447055608,0.54410094,-0.0139173483,0.457930684,0.547492266,-0.0152655765,0.466922402,0.548080325,-0.0152250333,0.43353489,0.53208524,-0.00672449311,0.440679222,0.545796633,-0.0107064797,0.45265007,0.550474226,-0.0118227703,0.463007092,0.551997125,-0.0118875736,0.431725502,0.532477796,-0.0038051419,0.439020663,0.545225441,-0.00781674311,0.450222135,0.549477339,-0.00890592951,0.460414797,0.5511356,-0.00879272632,0.433213443,0.532342553,-0.0013372117,0.439450383,0.542719126,-0.00474217,0.448069751,0.54662472,-0.00553804683,0.456428617,0.548423529,-0.00529786
616.6666666666666,0.688307166,0.507081,-4.47392665e-008,0.669848442,0.512772202,-0.00586331077,0.66117,0.522183061,-0.00814597216,0.658633232,0.531601906,-0.00983945932,0.657209694,0.539064348,-0.00991358235,0.683182776,0.532004595,-0.00192042405,0.667232692,0.541155756,-0.00675230334,0.663556159,0.53531146,-0.010686879,0.667732418,0.530477226,-0.0126729235,0.691612,0.532665312,-0.000591085409,0.674731135,0.541499138,-0.00427747704,0.670320749,0.536756516,-0.0064365752,0.67417115,0.532480896,-0.00739553943,0.695861697,0.531970799,-8.72626842e-005,0.680266,0.540068865,-0.00246703112,0.675884187,0.53625536,-0.00105145213,0.679029,0.53241539,0.000288138544,0.697793543,0.530913472,-0.000244081064,0.684943676,0.538008571,-0.00122306333,0.680866778,0.535306513,0.000959875062,0.682890713,0.53187114,0.00304378639
616.6666666666666,0.441919357,0.507988632,-9.12882072e-008,0.457675874,0.514382839,-0.007917054,0.463393182,0.52472645,-0.0105449,0.46540004,0.534639955,-0.0113394782,0.466612637,0.542076707,-0.0106697744,0.440381825,0.531070054,-0.00920427591,0.447182685,0.544011831,-0.0119634597,0.458228141,0.547273755,-0.012695116,0.467575252,0.54802978,-0.0123790251,0.43312782,0.531984687,-0.00562954694,0.440686494,0.545549929,-0.00880784076,0.452892929,0.550197065,-0.00957519934,0.463327497,0.551847279,-0.00960863195,0.431110799,0.532065868,-0.00243517524,0.438277304,0.544768691,-0.00590047194,0.449509621,0.549049675,-0.00681702048,0.459701836,0.550689697,-0.00672970852,0.432506055,0.531749427,0.000369223242,0.43833518,0.542038858,-0.00263201329,0.447085768,0.546008766,-0.00332072633,0.455440193,0.547834635,-0.00312759704
633.3333333333333,0.688381553,0.50619626,-4.25791811e-008,0.669685245,0.511119962,-0.00631384691,0.660562456,0.520588338,-0.00885864533,0.657378674,0.530347,-0.0107478667,0.655856133,0.538354158,-0.0110120652,0.681246758,0.531247675,-0.0020819148,0.666472852,0.540551364,-0.00702050189,0.662894428,0.534922242,-0.0110105621,0.666962147,0.530123234,-0.0129589867,0.690159559,0.532099783,-0.000590412936,0.674607694,0.54109484,-0.00425950857,0.670017302,0.536498845,-0.00650856737,0.673806906,0.532231867,-0.00749449152,0.695139706,0.531357229,4.50123189e-005,0.680539966,0.539715052,-0.00255231722,0.675717473,0.53592,-0.00113037205,0.678706527,0.53207618,0.000308918534,0.697597742,0.530171275,6.88727368e-006,0.685209155,0.537672281,-0.00136557571,0.68073833,0.535089791,0.000835040642,0.68268007,0.531682491,0.00305804075
633.3333333333333,0.441832423,0.507796168,-9.79611841e-008,0.457674772,0.513879955,-0.0078327246,0.463835657,0.524084926,-0.0107822474,0.465807945,0.534008563,-0.012043044,0.466763526,0.541528046,-0.0120134121,0.441188544,0.530294,-0.0100516882,0.447794586,0.543052256,-0.0137963137,0.458597094,0.546431959,-0.0154219735,0.467727602,0.547347724,-0.0156896859,0.433537602,0.531474531,-0.00689856382,0.441067398,0.54491657,-0.0106890975,0.452883661,0.549776435,-0.0117710903,0.463110417,0.551591694,-0.0120242117,0.431025475,0.531731188,-0.00413549179,0.438375503,0.544413269,-0.00804396439,0.449423194,0.548858702,-0.00895818,0.459498823,0.550608516,-0.00882527418,0.43217656,0.531509,-0.00177988177,0.438646078,0.541885316,-0.00505592627,0.447357595,0.545964956,-0.00571471546,0.455708,0.547735512,-0.00546502369
649.9999999999999,0.687867,0.505251884,-3.53291583e-008,0.668818712,0.510578513,-0.00560066802,0.659187436,0.520489752,-0.00778298127,0.656444252,0.530414701,-0.00931058731,0.654550374,0.538235307,-0.00937879644,0.679719925,0.53106153,-0.00224327669,0.665232956,0.540269852,-0.00636439444,0.661401331,0.534761846,-0.00974935293,0.665520847,0.53026104,-0.0113957869,0.689373553,0.531635046,-0.000918110891,0.673909187,0.540852904,-0.0037263711,0.66893214,0.536407709,-0.00557843456,0.672745,0.532187402,-0.00647131819,0.695017755,0.530593574,-0.000238747903,0.680743396,0.5390172,-0.00209399499,0.675771058,0.535348237,-0.000561151362,0.678748965,0.531485498,0.000730651547,0.698227346,0.529148221,-0.000133486887,0.686399579,0.536672056,-0.00103357818,0.681726217,0.534152389,0.00133080676,0.683320463,0.530756712,0.00357238203
649.9999999999999,0.441885978,0.507415473,-9.4985829e-008,0.457820833,0.513339818,-0.00810873695,0.46381852,0.523509622,-0.0111413496,0.465840369,0.533337295,-0.0123767992,0.467000067,0.540745199,-0.0122888871,0.441180944,0.530160666,-0.0104189133,0.447838515,0.542846,-0.0143152317,0.458854169,0.546269655,-0.0159922037,0.468256891,0.547180176,-0.016249422,0.433815569,0.531172,-0.00711370446,0.441148102,0.544559181,-0.0111314226,0.453272045,0.549381375,-0.012254145,0.463812947,0.551182687,-0.0124081811,0.431620836,0.531294942,-0.0042144875,0.438978523,0.54384321,-0.00825548265,0.45022434,0.5483253,-0.00922817551,0.460473865,0.550193727,-0.00904735271,0.432932556,0.530904472,-0.00172926136,0.439647555,0.541185617,-0.00513072172,0.448504448,0.545421422,-0.00584544661,0.457000941,0.547475159,-0.00555999205
666.6666666666665,0.686790824,0.504778922,-3.19645572e-008,0.667462528,0.510850966,-0.00527902134,0.658450127,0.520497,-0.00763462344,0.65621227,0.530012727,-0.00937657617,0.654631257,0.537581623,-0.00961943716,0.679262936,0.530215919,-0.00326928706,0.664761782,0.539735198,-0.00784699153,0.660986125,0.53422612,-0.0111658,0.664594948,0.529615581,-0.0126293115,0.689132869,0.530870438,-0.00216676365,0.673529267,0.54052341,-0.00528774038,0.668899417,0.536126614,-0.00673302449,0.6725173,0.531781316,-0.00724101206,0.694972932,0.529973924,-0.0016514163,0.6806,0.538512349,-0.00349577493,0.675885379,0.534980059,-0.00162792741,0.678644836,0.531098485,-0.000107663298,0.698180854,0.52865839,-0.00169427623,0.686439037,0.535931945,-0.00245068828,0.681859493,0.533551693,7.0771639e-005,0.683373451,0.530265868,0.00241799722
666.6666666666665,0.441972166,0.506677508,-1.01097108e-007,0.45794934,0.512709796,-0.00753682293,0.463987589,0.523250401,-0.0100971516,0.466209,0.532995701,-0.0109358551,0.467358917,0.540230572,-0.0104862079,0.441065878,0.529739797,-0.00962796248,0.447913319,0.542291,-0.0133210085,0.458940268,0.545732439,-0.0148913581,0.468612462,0.546555,-0.0150685245,0.434077889,0.530783057,-0.00652587879,0.441857606,0.544028044,-0.0104364594,0.454073,0.548898637,-0.0116147501,0.464946151,0.550678849,-0.0117996866,0.432134181,0.531045079,-0.00381538365,0.439742178,0.543516815,-0.00763085717,0.450977862,0.547973692,-0.00870372,0.461504966,0.54973948,-0.00862282701,0.433704793,0.530723095,-0.00149123336,0.440523714,0.540951073,-0.00458013173,0.449305445,0.545042276,-0.00524210325,0.457918972,0.546870291,-0.00496115722
683.3333333333331,0.687336,0.504614413,-1.93870946e-008,0.667657375,0.510325789,-0.00550160697,0.658337414,0.519701302,-0.00757422624,0.656144738,0.529413819,-0.00902760495,0.654499531,0.537065744,-0.00906347949,0.679380655,0.529754341,-0.00233571767,0.665993214,0.539366901,-0.00628979085,0.660760701,0.534676,-0.00938814785,0.663258672,0.530371308,-0.0107537368,0.689265251,0.530303895,-0.000926039356,0.675028324,0.540231228,-0.00346516911,0.668761253,0.536546886,-0.00497587817,0.671083212,0.532134771,-0.00554673141,0.695068955,0.529246867,-0.000168819795,0.682166755,0.538071334,-0.00195113488,0.67603159,0.535231173,-0.000601772277,0.677629888,0.531323493,0.000676074298,0.698336303,0.527762949,4.64471814e-005,0.68761009,0.535395384,-0.00102770876,0.682174385,0.53365016,0.00105360791,0.682766318,0.530359209,0.00321077253
683.3333333333331,0.442459017,0.505993307,-9.45350536e-008,0.458199173,0.51210767,-0.00793811,0.46404922,0.522418559,-0.0105988672,0.466129601,0.532279432,-0.0115613732,0.467304707,0.539619386,-0.0112058036,0.441703439,0.529028356,-0.00882463809,0.448344976,0.54156518,-0.0127560375,0.459172,0.545035422,-0.0148818763,0.468594223,0.545958579,-0.015412489,0.434589177,0.530115426,-0.00544664124,0.442579597,0.543176293,-0.00912014488,0.454528451,0.548214853,-0.0105090756,0.465184301,0.550163329,-0.0109231956,0.432501286,0.530314386,-0.00260985224,0.440672874,0.542445362,-0.00630915398,0.451819479,0.546964,-0.00748066092,0.46222955,0.548769772,-0.0074942275,0.433807194,0.529956579,-0.000240567053,0.440727472,0.53974551,-0.00332725327,0.449400216,0.543838561,-0.00411366625,0.45789358,0.545754731,-0.00391762285
699.9999999999998,0.687089145,0.504332781,-3.31631362e-008,0.667344272,0.51024437,-0.00495965,0.658120751,0.519647121,-0.00695637939,0.655962288,0.529094517,-0.00848899409,0.654373944,0.536515534,-0.00855427422,0.67906183,0.529914916,-0.0016230261,0.664708912,0.539083123,-0.00594698824,0.660899341,0.533737957,-0.00946487393,0.664597809,0.529053807,-0.0111176772,0.689113498,0.530490637,-0.000646602362,0.67402494,0.540017426,-0.0035583491,0.66903919,0.535860419,-0.00528828939,0.672372103,0.531488478,-0.00601981813,0.695002615,0.529497147,-0.000350128073,0.681043684,0.538213432,-0.00227985065,0.676056802,0.534933746,-0.000797223591,0.67864269,0.531068861,0.000539644272,0.698274553,0.528093755,-0.000571577926,0.68686384,0.535856783,-0.00143520581,0.682335,0.533593833,0.000925272354,0.683845043,0.5302338,0.00317674619
699.9999999999998,0.442465544,0.505336642,-9.53711705e-008,0.458360463,0.511695743,-0.00788805075,0.464165181,0.522228241,-0.0101924902,0.466468424,0.531879723,-0.0106811477,0.467790514,0.538928807,-0.00985445175,0.441222638,0.528589666,-0.00880956091,0.448827624,0.541267812,-0.012146851,0.459907949,0.54471159,-0.0138519108,0.469412357,0.545563102,-0.0141650317,0.434268445,0.529619455,-0.00517603662,0.443241417,0.542628467,-0.00833324809,0.455223918,0.547600389,-0.00952931121,0.465923041,0.549600601,-0.00991481822,0.432538927,0.529769301,-0.00201297645,0.442228,0.541698456,-0.00543605257,0.453665286,0.545797348,-0.00667513954,0.464136183,0.547350347,-0.00679967599,0.434293658,0.52933383,0.00074565,0.442813545,0.538951576,-0.00219899486,0.452149063,0.542409062,-0.00287804916,0.461049467,0.543725431,-0.00262441835
716.6666666666664,0.687783659,0.503236473,-3.90958057e-008,0.668033063,0.508830547,-0.00466561504,0.658095181,0.518254101,-0.00668807654,0.655479074,0.528061628,-0.00831408333,0.65368408,0.535892785,-0.00852139574,0.677262247,0.529450357,-0.000773458392,0.663706779,0.538457096,-0.00496579846,0.660176933,0.53291887,-0.00852992758,0.663948059,0.528215885,-0.0102739111,0.687722862,0.530291796,4.05215033e-005,0.67295289,0.539282918,-0.00250370079,0.66838038,0.534872,-0.00419979077,0.671941459,0.530571878,-0.00504364865,0.694482565,0.529340208,0.000152902547,0.68044,0.537483752,-0.00148891029,0.675964296,0.534003675,7.91306229e-005,0.67894119,0.530166149,0.00133560458,0.69882977,0.52780658,-0.000252043392,0.687238038,0.535174668,-0.000930102367,0.682861865,0.532770157,0.00156011258,0.684636891,0.529476762,0.00388164283
716.6666666666664,0.442818522,0.504277229,-8.76452759e-008,0.458322018,0.510322571,-0.00896950904,0.464339256,0.520532429,-0.0120640118,0.466706395,0.53028512,-0.0131434761,0.468143731,0.537539244,-0.0128677068,0.441464216,0.527305841,-0.010226557,0.449140102,0.540040135,-0.0140022496,0.460153908,0.543509424,-0.0159557872,0.469568282,0.544537961,-0.0164303239,0.434738755,0.528440654,-0.00614435505,0.443411529,0.541778564,-0.00971193891,0.455264509,0.546871722,-0.0110766366,0.465712309,0.548921525,-0.0115727559,0.433181494,0.528669417,-0.0025637974,0.442137182,0.540781677,-0.00610742206,0.453461707,0.545337915,-0.00740658306,0.463873774,0.547125816,-0.00762589648,0.434907705,0.528298676,0.000498853,0.442849666,0.53788054,-0.0026959125,0.452063084,0.541828036,-0.00368163176,0.460807621,0.543634057,-0.00364299282
733.333333333333,0.687707961,0.502420545,-2.64492446e-008,0.667805672,0.508165,-0.00484252721,0.657789,0.517581224,-0.00681636,0.654983342,0.527503669,-0.00829965528,0.653384924,0.535105526,-0.00842255075,0.677965045,0.529221,-0.000726021826,0.663205266,0.537370801,-0.00415417273,0.659554362,0.532036126,-0.00743661728,0.663178921,0.527972758,-0.00922939647,0.688196,0.530148327,0.000251182501,0.672393382,0.538647771,-0.00188054552,0.667639673,0.534413576,-0.00366908219,0.671117425,0.530237675,-0.00464648474,0.69483,0.529229462,0.000610901392,0.6802333,0.537026644,-0.000737743918,0.675421417,0.533620894,0.000584482157,0.678130865,0.529764831,0.00163956382,0.699071884,0.527769744,0.000455546193,0.687287271,0.534747124,-0.000126394894,0.682685256,0.53249532,0.00219907379,0.684040785,0.529274821,0.00440256763
733.333333333333,0.443206668,0.503518641,-8.66295835e-008,0.458805799,0.509658098,-0.00867215917,0.464671016,0.519684255,-0.011679966,0.466951907,0.52926445,-0.0127868308,0.468357325,0.536381602,-0.0125517305,0.442232907,0.52650708,-0.00986475218,0.449600607,0.539161,-0.0136892777,0.460419148,0.542650878,-0.0156772919,0.469718307,0.543533,-0.0161217935,0.435534239,0.527576804,-0.00595020689,0.444094658,0.54074651,-0.00963500328,0.45568198,0.545819104,-0.0110483021,0.466061592,0.54777807,-0.0115199685,0.433841377,0.527732074,-0.00253347959,0.443069398,0.539730787,-0.00636952324,0.454396397,0.543798089,-0.00766199362,0.464692235,0.545132637,-0.00771317771,0.435465217,0.527297139,0.000414735958,0.443744361,0.536903799,-0.00289862091,0.453064829,0.540508747,-0.00376030197,0.461892515,0.541910589,-0.0035513402
749.9999999999997,0.688810349,0.500962496,-3.83820264e-008,0.668201447,0.506952822,-0.00455640024,0.658150077,0.516438901,-0.00648766849,0.655408204,0.526400387,-0.0081188418,0.652702689,0.534170449,-0.00834262464,0.678022206,0.527947843,3.26438967e-005,0.663299084,0.536756516,-0.00391572621,0.65974915,0.531074822,-0.00754463673,0.663865447,0.52651155,-0.00942882337,0.688435435,0.52880621,0.000767849095,0.672831118,0.537726,-0.00157660223,0.668057084,0.533127725,-0.00345734623,0.672004521,0.528815508,-0.0045073824,0.695076108,0.527854741,0.000788409088,0.680716813,0.536094427,-0.000719992095,0.676045239,0.532437623,0.000755073794,0.679262936,0.528410196,0.0019306388,0.69944191,0.526316643,0.000290518452,0.687853158,0.533773303,-0.000315787387,0.683354735,0.531326175,0.00218144897,0.685200512,0.527829409,0.00449698837
749.9999999999997,0.443105072,0.502843797,-9.87105722e-008,0.459587812,0.509049654,-0.00798159931,0.465370655,0.51906842,-0.0108113047,0.467073917,0.528603911,-0.0118072024,0.468584538,0.53559953,-0.0114859734,0.44228062,0.524727345,-0.0107568437,0.449211299,0.537820935,-0.0149652865,0.460200489,0.541514456,-0.0166707784,0.470097154,0.54234767,-0.0167853422,0.435423344,0.526000798,-0.00740993815,0.444274575,0.539742,-0.0116328653,0.456406653,0.544750869,-0.0128164766,0.467155,0.546605229,-0.0129753817,0.433593124,0.526555181,-0.00446214853,0.443086773,0.539138913,-0.00868561864,0.454825133,0.543170094,-0.00980983395,0.465476394,0.544526041,-0.00966257788,0.435280323,0.526435554,-0.00190157443,0.444083184,0.536407232,-0.0053903982,0.453942925,0.539950252,-0.0061583519,0.463276327,0.54122591,-0.00585201522
766.6666666666663,0.689131856,0.499656111,-3.95123934e-008,0.668430865,0.505497456,-0.00516540976,0.6582008,0.514959,-0.007588,0.655078351,0.525136888,-0.00952838082,0.652077913,0.533122241,-0.0100503014,0.677626133,0.527101934,-0.00139064621,0.662190437,0.535664797,-0.00567632774,0.658855677,0.529918313,-0.00946012419,0.662961245,0.52537328,-0.0114384685,0.688183725,0.528097749,-0.000449364015,0.671740174,0.536595523,-0.00311229983,0.667268753,0.531913102,-0.00499608,0.67134738,0.527522683,-0.00603894284,0.695053577,0.52715379,-0.000204334588,0.679994941,0.535111189,-0.00190982863,0.675450623,0.531384766,-0.000329770148,0.678555667,0.527294,0.00092228537,0.699602425,0.525568306,-0.000522399205,0.687476,0.532884657,-0.00132219365,0.682957828,0.530389607,0.00117600313,0.684750736,0.526907861,0.00353998807
766.6666666666663,0.443310142,0.501829505,-9.97316363e-008,0.459872454,0.507708549,-0.00806138944,0.465907,0.517551,-0.010982573,0.468063295,0.526857,-0.0122558577,0.469661474,0.533758104,-0.0123006618,0.442721039,0.524511516,-0.0092798369,0.449588925,0.536761343,-0.014040689,0.460887372,0.540565968,-0.0168781374,0.470879436,0.541553319,-0.0178561378,0.436480939,0.525720119,-0.00623790687,0.445405096,0.538578928,-0.0107733523,0.45754692,0.543718398,-0.01276349,0.468364775,0.545832157,-0.0135455085,0.434874713,0.526089728,-0.00380479,0.444277525,0.538098216,-0.00849765446,0.456211537,0.54222548,-0.0102098528,0.467107028,0.543747246,-0.0104184216,0.436643958,0.525724947,-0.00182168558,0.445504695,0.535454,-0.00576221803,0.45541203,0.539018929,-0.00689752866,0.464840651,0.540288866,-0.00680767745
783.3333333333329,0.689827,0.498615533,-3.27625891e-008,0.668508887,0.504249811,-0.00461160764,0.657871425,0.513537288,-0.0067028976,0.654884815,0.523738682,-0.00856546,0.651397,0.531710148,-0.00909080915,0.676781416,0.525511682,0.000111971276,0.662163138,0.53440547,-0.0040242821,0.65849942,0.528991,-0.00782264303,0.662538,0.524493933,-0.00977574848,0.687629879,0.526459157,0.000736995775,0.672081709,0.535487056,-0.00174574344,0.667129219,0.531214952,-0.00386119634,0.67109561,0.526946723,-0.00506302901,0.694983721,0.525495946,0.000619626138,0.680737853,0.533875167,-0.00106118037,0.675651133,0.530472457,0.00024886927,0.678664863,0.526500225,0.00136855396,0.700157523,0.523999214,-5.94401035e-006,0.688521445,0.531826496,-0.00075658306,0.683486938,0.529679954,0.00173936458,0.685014069,0.52621,0.00412321789
783.3333333333329,0.44230482,0.500014901,-9.06715201e-008,0.458684,0.505382,-0.00907278806,0.465661228,0.515483856,-0.0123796137,0.468326479,0.525346637,-0.0136231892,0.470027596,0.532608688,-0.0135386875,0.443239838,0.521842718,-0.0119116623,0.449967206,0.535029829,-0.0168355238,0.461166114,0.538992,-0.0191645399,0.47128436,0.540058374,-0.0196724664,0.436413497,0.523314416,-0.00812928844,0.444757372,0.53711164,-0.0127856424,0.45706898,0.542339087,-0.0142042078,0.468085408,0.544440627,-0.0144891078,0.434635907,0.523976386,-0.00484713819,0.443512082,0.536420107,-0.00925069,0.45537129,0.541117311,-0.0105072083,0.466411591,0.543167293,-0.0104883583,0.436151296,0.523881853,-0.00205913,0.444381267,0.533756495,-0.00574544957,0.453895926,0.537802577,-0.00670066895,0.463001907,0.539777,-0.00652391603
799.9999999999995,0.690818429,0.497092783,-1.77854602e-008,0.6696527,0.502103031,-0.00543871382,0.658359945,0.511311,-0.00823122542,0.654995859,0.521627545,-0.0104513969,0.651391089,0.529780149,-0.0112705482,0.677191198,0.522747099,-0.00308101717,0.662729442,0.532602787,-0.00781278312,0.65804112,0.527771592,-0.0111944797,0.661098242,0.523435891,-0.0126594268,0.688072681,0.52425921,-0.0020795851,0.671927929,0.533985734,-0.00491208304,0.666167498,0.52987963,-0.00656638667,0.669564962,0.52570188,-0.0074321758,0.695523679,0.523834229,-0.00172126608,0.680288,0.532612,-0.00368565973,0.67462486,0.529278,-0.00223000813,0.677403271,0.525386751,-0.00105562189,0.700743437,0.522767544,-0.00186877337,0.688136756,0.530391037,-0.00300709531,0.682859,0.528212,-0.000729316496,0.684532344,0.524839222,0.00150792312
799.9999999999995,0.443356723,0.49942854,-8.56944382e-008,0.459953398,0.504517198,-0.0090590287,0.46629554,0.514157,-0.0123413047,0.468417406,0.523881197,-0.0135672428,0.47027424,0.531059325,-0.0134980772,0.444537491,0.520837426,-0.0120135779,0.451162159,0.533725262,-0.016538145,0.462382674,0.537344873,-0.0185778346,0.472251356,0.538135171,-0.0189902931,0.437442124,0.522544742,-0.00820671488,0.446148813,0.536274135,-0.0128314113,0.458246,0.541382134,-0.0141860982,0.468996972,0.543204308,-0.0144359572,0.435399532,0.523190141,-0.00485642534,0.44533056,0.535543919,-0.00945940148,0.457418889,0.539754868,-0.0108547015,0.468300551,0.54126215,-0.010879714,0.436989546,0.523020089,-0.00196397142,0.446338803,0.532657743,-0.00592821743,0.456728578,0.536213517,-0.00708493171,0.466282278,0.53758508,-0.0070312079
816.6666666666662,0.691744626,0.495721757,-2.68275322e-008,0.669961691,0.500463128,-0.00519680884,0.658427894,0.509219229,-0.00800535176,0.654850602,0.519319236,-0.0104453955,0.651168525,0.52751708,-0.0114756301,0.675671041,0.521319091,-0.00208563707,0.661668062,0.530991733,-0.00713770371,0.657246292,0.525675476,-0.0110648023,0.660765827,0.520889521,-0.0128242979,0.686725855,0.522831678,-0.00127166219,0.671245217,0.532164395,-0.00416437536,0.665570617,0.527788758,-0.00613733381,0.66918081,0.523484826,-0.00724727614,0.694598258,0.522306502,-0.00118354289,0.680009484,0.531002402,-0.00336399069,0.674303114,0.527474761,-0.00196514698,0.677185833,0.523394644,-0.000751257816,0.700261712,0.521129608,-0.00159510085,0.687621593,0.528887,-0.00284146,0.682318091,0.526574731,-0.000445807527,0.684199274,0.522938192,0.00194242666
816.6666666666662,0.443143427,0.496948928,-9.07572115e-008,0.460136592,0.502115846,-0.00890871,0.46675235,0.512138486,-0.0120365601,0.469177067,0.521705568,-0.0131041193,0.471180677,0.528624058,-0.0128652314,0.444591463,0.519163311,-0.011866264,0.451598704,0.532023072,-0.0167408921,0.463014156,0.535865664,-0.0190378167,0.473004609,0.536719,-0.0195346083,0.438075691,0.520723879,-0.00817771535,0.447205216,0.53428632,-0.0129170595,0.45927909,0.539388835,-0.0143470354,0.469925463,0.541167,-0.0145965954,0.436420381,0.521351933,-0.0049984525,0.446986,0.533425927,-0.00962830801,0.459014326,0.537498415,-0.011036939,0.469623297,0.538881898,-0.0110432617,0.438242316,0.521089613,-0.00229670154,0.447470427,0.530561566,-0.00615641521,0.45743984,0.533946097,-0.00725103263,0.466709465,0.535155058,-0.00714371726
833.3333333333328,0.691962481,0.49431777,-3.10828625e-008,0.669820666,0.498254299,-0.00478565553,0.658138573,0.506681323,-0.00731720915,0.654654264,0.516945124,-0.0095493421,0.651261628,0.52499783,-0.0103920409,0.674364805,0.519484878,-0.00189665682,0.660619199,0.529250145,-0.006770771,0.656935394,0.523598313,-0.0104921535,0.660687089,0.518615127,-0.0120541444,0.686090112,0.521154463,-0.00114863808,0.670619607,0.530380905,-0.00385089102,0.665474176,0.525558352,-0.00562003534,0.6693784,0.521088541,-0.00652871607,0.69454819,0.520600796,-0.0010667583,0.67992574,0.529333889,-0.00303208758,0.674722672,0.525588274,-0.00148801925,0.677887917,0.521351695,-0.00015233575,0.700652301,0.51931715,-0.00144314067,0.688298762,0.527234852,-0.00253606471,0.683358312,0.524885774,-4.466272e-005,0.685316086,0.52127111,0.00242291251
833.3333333333328,0.442916721,0.4945243,-9.09972897e-008,0.459903091,0.499730945,-0.00862755,0.4673509,0.509642541,-0.011842275,0.470152706,0.519337296,-0.0130226761,0.472591579,0.526512,-0.0129336882,0.444751412,0.516819954,-0.0120899277,0.453488857,0.529296398,-0.0165246036,0.464947313,0.532847464,-0.0184500925,0.474784017,0.533632278,-0.018833613,0.438308179,0.518720329,-0.00852207467,0.448370725,0.532245457,-0.0129203964,0.460114151,0.537297428,-0.0142760091,0.470678478,0.539184809,-0.0146477204,0.43679288,0.519416153,-0.0053366893,0.448435515,0.531389058,-0.00959318876,0.460188895,0.535744607,-0.0110224299,0.470927626,0.537373543,-0.0112869358,0.43882823,0.519116819,-0.00258894591,0.448970973,0.528365076,-0.00624186266,0.459006637,0.531815648,-0.00733857555,0.468516022,0.533154249,-0.00738678919
849.9999999999994,0.692923307,0.491855145,-3.77160596e-008,0.670283139,0.495934069,-0.00467796577,0.658361614,0.504238,-0.00718123792,0.654803813,0.514276147,-0.00942248292,0.651501834,0.522243321,-0.0102200238,0.674509466,0.517254233,-0.00200712983,0.660405517,0.526795924,-0.0069402745,0.657537878,0.520671189,-0.010711153,0.662047088,0.515561879,-0.0123541,0.686625838,0.51884532,-0.00137394876,0.671090722,0.527638912,-0.00392172439,0.666607499,0.522626638,-0.0055607534,0.671027184,0.518306,-0.00653944351,0.695409358,0.518125892,-0.0014142195,0.680892527,0.526471078,-0.00326345325,0.676425099,0.522560656,-0.00156227464,0.680131078,0.518527329,-0.000240860943,0.701700926,0.516579866,-0.00191254145,0.68925786,0.524404883,-0.00276907207,0.6847893,0.521914601,-2.02185529e-005,0.687186837,0.518408716,0.00251895026
849.9999999999994,0.443732321,0.492085367,-9.64343201e-008,0.460865617,0.497590184,-0.00725173531,0.467799187,0.507035136,-0.0102767507,0.47072494,0.516169488,-0.0118142841,0.473621309,0.523143172,-0.0122688012,0.445215434,0.513721049,-0.0106888209,0.454339,0.526131868,-0.015748702,0.465969115,0.530083597,-0.0183564909,0.475683749,0.531183839,-0.0191664658,0.439172596,0.515651524,-0.00833611749,0.449359953,0.529301405,-0.013510271,0.46159777,0.534566164,-0.015492918,0.472563,0.536621869,-0.0161588714,0.437800884,0.516483843,-0.00636329269,0.44957608,0.52893579,-0.0114145968,0.461858273,0.533264,-0.0131897992,0.472874373,0.534876,-0.0134573542,0.44019118,0.516386151,-0.00471351156,0.450862169,0.526187,-0.00873831,0.461297214,0.529720426,-0.00984983332,0.471176118,0.530900121,-0.00982790813
866.6666666666661,0.693905473,0.488691896,-3.73324944e-008,0.671461165,0.492271602,-0.00479133939,0.659071922,0.501157343,-0.00741215935,0.654955685,0.511388779,-0.00958072208,0.650983453,0.519375861,-0.0102651296,0.674750447,0.514006317,-0.00338410889,0.660465777,0.524047613,-0.00846287608,0.657331347,0.518038154,-0.0119741401,0.661787331,0.512877285,-0.0132890576,0.686792195,0.515764773,-0.00266676396,0.670598269,0.525256217,-0.00528089143,0.665816903,0.520186186,-0.00647328515,0.670305,0.515823841,-0.00702372892,0.695610404,0.515291393,-0.00253477274,0.680342913,0.524128556,-0.00426998967,0.675686419,0.520027876,-0.00205863453,0.679510295,0.516007423,-0.000387275621,0.70201546,0.513950467,-0.00286604301,0.689040244,0.522085965,-0.00360019412,0.684585,0.519417644,-0.000568598043,0.687259316,0.515968204,0.00215056515
866.6666666666661,0.445310473,0.488918215,-1.13383756e-007,0.461551785,0.494784892,-0.00514878705,0.468516558,0.504497588,-0.007431495,0.471445173,0.513229847,-0.00876029301,0.47389245,0.519703567,-0.00922158,0.445517093,0.510551393,-0.00916698,0.454538584,0.522545338,-0.0145380702,0.466436356,0.5260849,-0.0174647477,0.476534605,0.526726723,-0.0184834283,0.440315962,0.512466133,-0.00827991776,0.450451076,0.525915623,-0.0138677312,0.463174403,0.530914307,-0.0160096288,0.474661052,0.532790542,-0.0166560598,0.439705342,0.513185322,-0.00768646831,0.451341301,0.525770307,-0.0130797531,0.463839,0.529825747,-0.0148947388,0.475192636,0.53127569,-0.0151201636,0.442785978,0.51286155,-0.00725183589,0.453508735,0.522576511,-0.0115349675,0.46415633,0.525854468,-0.0125339804,0.474327087,0.526818395,-0.0123872533
883.3333333333327,0.694300652,0.485583931,-4.30299032e-008,0.671680748,0.489195704,-0.00463825604,0.659070909,0.497929335,-0.00715898396,0.654938877,0.508051753,-0.00932267401,0.650861144,0.515880406,-0.00993090589,0.674455523,0.510693491,-0.00285724737,0.660957,0.521017849,-0.00793097,0.657624185,0.515102148,-0.0114442268,0.661596656,0.50990653,-0.0127284173,0.686492145,0.51259166,-0.0021257482,0.671284437,0.522217572,-0.00480324775,0.666504145,0.517141581,-0.00602661632,0.670597732,0.51265651,-0.00656817155,0.695344269,0.512382925,-0.00201231497,0.680725,0.521540582,-0.00395195,0.676157176,0.517367423,-0.00178129564,0.679810703,0.513192534,-5.58256943e-005,0.701785,0.511288,-0.00234816968,0.688870966,0.519335,-0.00320011,0.684665203,0.516593158,-0.000246191281,0.687499404,0.513062656,0.00245086499
883.3333333333327,0.445704609,0.4849433,-1.28626e-007,0.461872041,0.489941716,-0.00719482359,0.469562918,0.49968034,-0.0101213818,0.472661108,0.508893192,-0.0114254942,0.47447741,0.515380383,-0.0117181651,0.446891069,0.505357921,-0.0129072452,0.456494629,0.517764211,-0.0189272482,0.468012601,0.521458924,-0.0216629356,0.477889925,0.52224195,-0.0224198829,0.44059,0.508085489,-0.0108533446,0.451806635,0.521656394,-0.0173505545,0.465018958,0.526563823,-0.0193641465,0.476792902,0.528105378,-0.0197316054,0.439096302,0.509660602,-0.00908329431,0.451090604,0.522244215,-0.0151085462,0.464185923,0.526424229,-0.0170042682,0.47612977,0.527892113,-0.0171122849,0.441340208,0.510038912,-0.00757455407,0.451947063,0.519826889,-0.0121886916,0.462268025,0.523440719,-0.0134660797,0.472088635,0.524829268,-0.013430302
899.9999999999993,0.695140839,0.482360661,-4.23074837e-008,0.672303915,0.486030459,-0.00434771972,0.659423947,0.494339228,-0.00685973279,0.654782891,0.504436851,-0.00907021,0.65072608,0.512236536,-0.00976290833,0.674903214,0.50680238,-0.00305233034,0.661123693,0.51726,-0.00807551946,0.657708943,0.511353195,-0.0114587992,0.661504745,0.506109595,-0.0126355877,0.687006652,0.508869171,-0.00242432253,0.671416819,0.518524587,-0.00499560963,0.666650712,0.513484359,-0.00606972491,0.67071569,0.509001076,-0.00655454071,0.695906,0.508833706,-0.00236176793,0.680788577,0.517941356,-0.0041648089,0.676225901,0.513816833,-0.00193026895,0.679818749,0.509643257,-0.000218961432,0.702227712,0.507895768,-0.00271621626,0.689022481,0.515982389,-0.00345269707,0.684840262,0.513288736,-0.00044971297,0.687676,0.509720445,0.0022386557
899.9999999999993,0.445782751,0.480481148,-1.43995749e-007,0.462301731,0.485482126,-0.00671166647,0.469961673,0.494792104,-0.00954413507,0.472610742,0.50393182,-0.0108856363,0.474553108,0.510400712,-0.0113160722,0.447279453,0.500285804,-0.012494145,0.457035959,0.5126369,-0.0190446638,0.469080091,0.516139805,-0.0223956909,0.479149133,0.516767323,-0.0235434528,0.441130757,0.503302217,-0.0108053377,0.453342408,0.516848326,-0.0174588859,0.466682911,0.521429062,-0.0196468849,0.478059918,0.522672832,-0.0201806538,0.43995595,0.505146086,-0.00944818556,0.452754945,0.517807424,-0.0155542828,0.465651661,0.521751106,-0.0175217222,0.477321237,0.523013175,-0.0177376699,0.442521155,0.505735576,-0.00833924115,0.453924567,0.515353,-0.0130199324,0.464469045,0.518738329,-0.0143542727,0.474485308,0.519925594,-0.0143929441
916.666666666666,0.696372747,0.478202581,-4.79034377e-008,0.674234867,0.481149912,-0.00439087767,0.660234272,0.489540964,-0.00704576494,0.655084431,0.49950844,-0.00915708113,0.650606871,0.507182539,-0.00972493459,0.674653113,0.501501083,-0.00504855951,0.660567701,0.512266636,-0.0101179415,0.657445192,0.506584585,-0.0129921613,0.661460757,0.501643717,-0.0137746604,0.686708689,0.504018,-0.00441683736,0.671164393,0.514335632,-0.00689504,0.666763484,0.509554923,-0.00727272825,0.67089504,0.5052405,-0.00731056882,0.695849359,0.504570127,-0.00421233755,0.680921078,0.514199197,-0.00591092464,0.676674247,0.510013342,-0.00328257307,0.680365622,0.505934656,-0.00140697893,0.702492476,0.504098594,-0.00438606879,0.689468503,0.512290299,-0.0050495835,0.685554922,0.509480655,-0.00189588615,0.688537955,0.506009698,0.000802745752
916.666666666666,0.445438981,0.476268739,-1.49194207e-007,0.462290555,0.480038524,-0.00914877653,0.470786035,0.488259286,-0.0134644937,0.473620474,0.497422218,-0.0158677474,0.475409925,0.504013,-0.0173410606,0.447443306,0.493222892,-0.0166889988,0.458501905,0.505201697,-0.0243408643,0.470492333,0.509224117,-0.0282076746,0.480608225,0.5107463,-0.029729519,0.44075945,0.497150809,-0.0142595,0.45357433,0.510569453,-0.0220175069,0.467419893,0.515182793,-0.0245875157,0.479008108,0.516590238,-0.0253568869,0.439057738,0.499766529,-0.0121585503,0.451921731,0.512182653,-0.0192930046,0.465091169,0.5165416,-0.0216344055,0.476721585,0.51824528,-0.0219814703,0.44118908,0.501105607,-0.010445,0.451914817,0.511036,-0.0158927068,0.461980879,0.515265703,-0.0175500587,0.471285015,0.517299,-0.0177815743
933.3333333333326,0.696014524,0.474121422,-4.71663455e-008,0.67366749,0.477328748,-0.00452654855,0.659933686,0.485010237,-0.0077869771,0.6541664,0.494794816,-0.0105641456,0.649733126,0.502696037,-0.0118596079,0.674393415,0.495826423,-0.00613625254,0.660281301,0.507085562,-0.0119562801,0.657328427,0.501484811,-0.0151586467,0.661512613,0.496517628,-0.016025953,0.686344326,0.498527527,-0.0056387987,0.670424938,0.509306133,-0.00872291531,0.666366398,0.504491091,-0.00921526086,0.670868337,0.500234723,-0.00933521,0.695593238,0.499359637,-0.005587311,0.680034518,0.509515345,-0.00773841748,0.676014662,0.505287409,-0.00499199331,0.679998338,0.501206756,-0.00305038225,0.702376485,0.499187052,-0.00590812601,0.688766837,0.507460058,-0.00692385808,0.685204208,0.504505575,-0.00374038797,0.688819349,0.501014,-0.0010620706
933.3333333333326,0.444945306,0.471636832,-1.50812397e-007,0.462604463,0.47396183,-0.00953930896,0.472236484,0.481347471,-0.0143569903,0.475459427,0.490010947,-0.0171977077,0.476724774,0.49644351,-0.0189019702,0.449582636,0.486574471,-0.0184458643,0.459834397,0.498131335,-0.0258921627,0.471972734,0.501756191,-0.0286128372,0.481550306,0.502741575,-0.0292967893,0.441645175,0.490940541,-0.0158530455,0.454446882,0.504044294,-0.0238913428,0.469276369,0.50862354,-0.0256403945,0.480734915,0.509459734,-0.0257700458,0.43889752,0.494181752,-0.0135272946,0.451721221,0.506643653,-0.0208509918,0.465625226,0.511002839,-0.0226922687,0.477168113,0.512196481,-0.0225960482,0.440145284,0.496187419,-0.0116079804,0.450164348,0.506439269,-0.0170243103,0.460523635,0.51078105,-0.0185518768,0.469552398,0.512551,-0.0186833628
949.9999999999992,0.696935296,0.469407439,-4.84708416e-008,0.67498374,0.471752554,-0.00484973751,0.660281479,0.479211897,-0.0082479,0.653963804,0.488969535,-0.0110366205,0.648852468,0.497027755,-0.0123144696,0.673689,0.490480095,-0.00647467235,0.659162402,0.501438,-0.0121752024,0.656728685,0.495767534,-0.0150924791,0.661306858,0.490896732,-0.0158066954,0.685216725,0.493481457,-0.00586459367,0.668898165,0.504095495,-0.00888416078,0.665232062,0.499328732,-0.00928781927,0.669914544,0.495168626,-0.00935874879,0.694451749,0.494645715,-0.00571015198,0.678437591,0.504589796,-0.00786538422,0.674771607,0.500365794,-0.00524654472,0.679129362,0.496415555,-0.00342491339,0.701565,0.494764119,-0.00593397953,0.687526822,0.50278914,-0.00702131819,0.684120417,0.499757886,-0.00398401963,0.687969387,0.496377558,-0.00143186667
949.9999999999992,0.449166209,0.467766315,-1.51705919e-007,0.465170234,0.468789697,-0.0113567365,0.47436133,0.475079596,-0.0176098142,0.47644493,0.483423769,-0.0213804394,0.476754904,0.48957777,-0.0241742,0.449985832,0.478102088,-0.023706099,0.459928572,0.489291817,-0.032783404,0.472621828,0.493271589,-0.0363277495,0.48276332,0.494889408,-0.0376017243,0.443072975,0.483388811,-0.0206937,0.455919,0.496133238,-0.0296408888,0.471717089,0.500311911,-0.03123625,0.483501,0.500894248,-0.0315934159,0.4410429,0.487488389,-0.0179158226,0.452730954,0.499812961,-0.0258619934,0.466934264,0.503582358,-0.027240457,0.478299499,0.504239798,-0.0271178149,0.442659438,0.490193337,-0.0156712532,0.452306628,0.500029325,-0.0216427781,0.462746918,0.503754914,-0.0231102761,0.471568167,0.504968,-0.023403367
966.6666666666658,0.698763669,0.46441555,-4.93124652e-008,0.676324368,0.466073811,-0.00465460727,0.660399139,0.473291188,-0.0079363687,0.65348351,0.482958019,-0.0104367705,0.647713661,0.490679264,-0.0114827389,0.673874319,0.484076589,-0.00779358344,0.658321738,0.495152354,-0.0134207215,0.655580759,0.489776313,-0.0158511791,0.660308897,0.485010624,-0.0161375012,0.685339451,0.487515152,-0.00708201854,0.667977452,0.498459369,-0.0102752438,0.664117455,0.493674934,-0.0103675155,0.668931901,0.4893713,-0.0100576412,0.69454056,0.489141,-0.00665806932,0.677981794,0.499131829,-0.0087070493,0.674081445,0.494956285,-0.00601833686,0.678383052,0.490949303,-0.00409193803,0.701740801,0.489554077,-0.00655004568,0.687492967,0.497349888,-0.00748689333,0.683894,0.494465977,-0.0045389072,0.68746084,0.49119857,-0.00206200033
966.6666666666658,0.446719319,0.462682426,-1.76092172e-007,0.464008391,0.462002844,-0.0128601799,0.474978149,0.467564046,-0.020462459,0.478120416,0.475795984,-0.0249877628,0.477814674,0.481782019,-0.0286492277,0.451359808,0.470282674,-0.0284526274,0.461819589,0.481411725,-0.0384495184,0.474621117,0.485089,-0.0422053374,0.484505951,0.48653388,-0.0436136909,0.443664402,0.476411849,-0.0246243291,0.457376271,0.488342911,-0.0338677764,0.473657876,0.491884828,-0.0353802927,0.485348225,0.492331,-0.0359386504,0.441084862,0.481180519,-0.0208835676,0.454541534,0.492202938,-0.0294075459,0.469034255,0.495232046,-0.031239748,0.480132341,0.495646626,-0.0316861384,0.441809326,0.484592021,-0.0176028423,0.453327924,0.49310413,-0.0241996236,0.464414567,0.495514721,-0.0259691533,0.473210663,0.49578476,-0.0266025066
983.3333333333325,0.698992491,0.45966363,-5.99923879e-008,0.676849306,0.461015344,-0.0040497412,0.661095917,0.467695236,-0.00745341508,0.65372926,0.476777583,-0.0101497946,0.647822857,0.484075636,-0.0113578392,0.673986137,0.477520317,-0.00919226743,0.657443106,0.489135861,-0.0151654314,0.655827582,0.483494192,-0.0172810685,0.661201239,0.478792816,-0.0172406323,0.685338616,0.481385469,-0.00876351446,0.666897357,0.492588431,-0.0122222733,0.664117455,0.487316877,-0.0115403347,0.669597089,0.483226299,-0.0106925499,0.694363177,0.483543545,-0.00848016143,0.676648,0.493944079,-0.0106753027,0.673927963,0.489224,-0.00703597162,0.678987563,0.485266447,-0.00445896108,0.701175094,0.484452099,-0.00844695605,0.686336756,0.492720038,-0.00936732255,0.683613241,0.489377767,-0.00582156423,0.688023329,0.485964775,-0.00297159911
983.3333333333325,0.449890465,0.457843602,-1.65839737e-007,0.464155287,0.455765069,-0.0129348803,0.474134564,0.459326625,-0.0214246903,0.478646457,0.46640718,-0.0268729124,0.479367226,0.472301215,-0.0314815901,0.451487213,0.462819189,-0.030617265,0.46293211,0.473217458,-0.0416113138,0.476440519,0.476554215,-0.045839671,0.486513466,0.477626592,-0.0474342443,0.444991112,0.469606429,-0.0271444712,0.458978355,0.480867237,-0.0371893421,0.475784838,0.483611852,-0.0385717191,0.487436384,0.483180434,-0.039003592,0.443380296,0.474638641,-0.0237164255,0.455015779,0.485358983,-0.0330468304,0.469819963,0.487939507,-0.0348840617,0.480977267,0.48789084,-0.0352012888,0.445005298,0.478056192,-0.020658059,0.455365837,0.486154318,-0.0278265215,0.466390938,0.488399178,-0.0296488609,0.475072682,0.488324642,-0.0302441847
999.9999999999991,0.700383604,0.455090284,-5.93734875e-008,0.678311884,0.456230074,-0.00415574713,0.662014365,0.461617053,-0.00783249922,0.653278828,0.469781756,-0.0110089593,0.647731423,0.477203786,-0.0126223564,0.674795449,0.472460061,-0.00791130587,0.657278895,0.482836455,-0.0141381165,0.657141387,0.477236629,-0.0168105494,0.663357675,0.472793251,-0.0171371344,0.685396731,0.476518661,-0.00765455887,0.666116834,0.486802131,-0.0116043016,0.664764047,0.481699407,-0.0114211924,0.670836926,0.477851838,-0.0108000087,0.693950236,0.479011625,-0.00769077335,0.67514658,0.488520265,-0.0102011412,0.673847258,0.48401618,-0.00679402426,0.679809093,0.480255544,-0.00421345,0.700535834,0.480309904,-0.00804084912,0.684226155,0.48819387,-0.00889362115,0.682278395,0.484943569,-0.0053171576,0.687405944,0.481662095,-0.00237839832
999.9999999999991,0.444568783,0.448976129,-4.85153215e-008,0.460870743,0.448176593,-0.00963319652,0.473873049,0.452177227,-0.0161280259,0.479655117,0.45912683,-0.0202596653,0.481647909,0.465063155,-0.0235679429,0.451511681,0.455759883,-0.0260153543,0.463494033,0.464515239,-0.0351070873,0.476149797,0.468255579,-0.0379432626,0.486127228,0.469999313,-0.0388023034,0.444938153,0.461790562,-0.0240142532,0.460764945,0.472031742,-0.0339543149,0.477165729,0.475537926,-0.0350690484,0.488853216,0.476291537,-0.0349582061,0.443265021,0.466999412,-0.02187391,0.45732224,0.477171,-0.0303143132,0.472541869,0.480346352,-0.0312754065,0.484103143,0.480612129,-0.0304005034,0.445226729,0.470278591,-0.0200940352,0.45563677,0.479154438,-0.0260744989,0.467659265,0.482594848,-0.0274871401,0.478085726,0.482822835,-0.0275854431
1016.6666666666657,0.701646626,0.45173,-5.66746365e-008,0.679677367,0.451733291,-0.00457048183,0.662913501,0.455588311,-0.00903193,0.653477311,0.4633784,-0.0127743194,0.647799432,0.470760971,-0.0149039617,0.675361931,0.465100437,-0.0111546824,0.656390607,0.475709647,-0.0179902762,0.65678966,0.47059828,-0.0202354547,0.663248241,0.466387123,-0.020086972,0.685509443,0.470099866,-0.0108297272,0.664301872,0.480370939,-0.0153379664,0.663828552,0.475710183,-0.014560191,0.670294523,0.472043037,-0.0134745101,0.693646252,0.473736882,-0.0106475921,0.672865331,0.482886076,-0.0131555414,0.672502697,0.478715539,-0.00926719,0.678792298,0.475224584,-0.00647082692,0.699822843,0.476124,-0.0107949823,0.682056248,0.483478814,-0.0115000037,0.68070209,0.480184972,-0.00780680263,0.685972393,0.476951718,-0.0048892335
1016.6666666666657,0.448791742,0.447181106,-1.45968741e-007,0.461689949,0.443938851,-0.0120787164,0.472253799,0.445843756,-0.0204853527,0.477668792,0.450530857,-0.0261811316,0.477580935,0.454815745,-0.0311807934,0.451567441,0.448663443,-0.0312344283,0.464180946,0.457076967,-0.0428088792,0.477436632,0.460172772,-0.047256,0.487724423,0.461236179,-0.0490729511,0.446605414,0.456247121,-0.0283435211,0.461736351,0.464436233,-0.0390500911,0.478504807,0.467074424,-0.0405542478,0.490095735,0.4666816,-0.0413559265,0.445826948,0.462264776,-0.0254535954,0.458462954,0.470260054,-0.035315495,0.473911405,0.472647578,-0.0374097936,0.485511959,0.472428292,-0.0379434042,0.447977573,0.466535866,-0.0229373388,0.458201706,0.473119199,-0.0304077603,0.469433397,0.475161076,-0.032611642,0.47846356,0.474783391,-0.0336120464
1033.3333333333323,0.702812791,0.448247194,-4.68109107e-008,0.681253195,0.44694522,-0.00472292909,0.664146423,0.450333476,-0.00921732187,0.653863072,0.457304716,-0.0128584495,0.64766407,0.464320153,-0.0149152325,0.676395059,0.459884882,-0.0121581545,0.656123042,0.46999675,-0.0191585347,0.656827033,0.465167969,-0.0212586038,0.663910329,0.461229056,-0.0208392572,0.685917258,0.465135187,-0.0116050774,0.663629532,0.474832714,-0.0161211,0.663434744,0.4704054,-0.0151693821,0.670396507,0.467094392,-0.0139386412,0.693494201,0.469074041,-0.0111401612,0.671855152,0.477695674,-0.0135554029,0.671910644,0.473608941,-0.00955015514,0.678737581,0.470387191,-0.00668456778,0.699089587,0.471754402,-0.0110012116,0.680811524,0.478768885,-0.0117300693,0.679864645,0.475592524,-0.00807651225,0.685557246,0.472638726,-0.0052084364
1033.3333333333323,0.447060257,0.443626374,-4.84031837e-008,0.459914982,0.439067483,-0.00981752481,0.470724851,0.439461082,-0.0165995937,0.477835178,0.443137139,-0.0212526862,0.482311398,0.447457433,-0.0254143067,0.452739328,0.44170782,-0.0274497457,0.465291619,0.447993517,-0.0368947461,0.478269279,0.451344937,-0.0401831977,0.488443136,0.453372717,-0.0416430943,0.44734171,0.448751688,-0.0259020198,0.462607831,0.45572874,-0.0359492116,0.479711562,0.4585177,-0.0375033505,0.491413146,0.459129035,-0.0383004658,0.446358979,0.454990149,-0.024199862,0.460918546,0.461875379,-0.0330261812,0.47707203,0.463958621,-0.034470465,0.488863319,0.463617265,-0.0343081653,0.448604226,0.45941928,-0.0229023118,0.460285872,0.465778261,-0.0294072852,0.472947091,0.468247324,-0.0313355103,0.483147591,0.468140602,-0.0321732499
1049.999999999999,0.703033745,0.445469439,-3.63876929e-008,0.683026075,0.443246424,-0.00489871763,0.666175,0.445462883,-0.0098546762,0.655107498,0.451651275,-0.0138628995,0.648265481,0.458300442,-0.0164058674,0.676843643,0.45465222,-0.0140802069,0.655579448,0.464141637,-0.021317916,0.656568289,0.459931642,-0.0231729969,0.663740575,0.456357211,-0.0225247759,0.68574661,0.460304052,-0.0135365529,0.662295938,0.469415188,-0.0183946472,0.662368953,0.465568781,-0.0172241069,0.669560969,0.462507844,-0.0157985948,0.692944,0.46467793,-0.0129879108,0.670289516,0.472804368,-0.0154971369,0.67053169,0.469205081,-0.0114577357,0.677434385,0.466302723,-0.00860328693,0.69818294,0.467744887,-0.0127418749,0.679559767,0.474341035,-0.0134632224,0.678769052,0.471446276,-0.00986442,0.684426904,0.468729287,-0.00708114402
1049.999999999999,0.449813932,0.442149699,-1.40809206e-007,0.459810346,0.435605407,-0.0105352085,0.469855815,0.433692724,-0.0183172245,0.476503789,0.435629427,-0.0241058581,0.479378,0.438543409,-0.0296750534,0.453000396,0.43610087,-0.0277853161,0.466812819,0.442006081,-0.0383938886,0.479398817,0.44444707,-0.0427804664,0.48854354,0.445342571,-0.0447282,0.449013114,0.443764865,-0.0257968493,0.465413064,0.449432671,-0.0347030386,0.481672406,0.451360166,-0.0360148661,0.492299,0.451257288,-0.0371974222,0.448342472,0.450035721,-0.0238355473,0.463236928,0.455423623,-0.0326822624,0.478865623,0.456660062,-0.034577284,0.489848852,0.456296474,-0.0353034958,0.44990927,0.454976976,-0.0222078729,0.463200837,0.459267884,-0.0290454309,0.475260735,0.460006446,-0.030768849,0.484119087,0.459224761,-0.0316310711
1066.6666666666658,0.705582857,0.442473382,-4.80874469e-008,0.685372,0.439624,-0.00461752899,0.667822719,0.441377193,-0.00906809885,0.65633595,0.446674287,-0.0126197422,0.649461806,0.452957451,-0.0145810461,0.678347409,0.450945675,-0.0127268713,0.655828297,0.45920974,-0.0198211186,0.658318698,0.454588383,-0.0218078196,0.666368604,0.451143026,-0.0212251879,0.686212122,0.456793249,-0.0121257752,0.661919534,0.464688808,-0.0167715978,0.663653672,0.460500568,-0.0155888563,0.671381176,0.457484424,-0.0140543561,0.692427456,0.461451918,-0.0115785617,0.669395387,0.468491882,-0.0138607817,0.671185195,0.464654744,-0.00979163684,0.678684652,0.461768329,-0.00682666712,0.696846545,0.464764863,-0.0113599589,0.678221405,0.47060284,-0.0118647749,0.678747654,0.467623204,-0.00826640148,0.684952557,0.464984179,-0.00544399116
1066.6666666666658,0.470354527,0.443254262,1.21086154e-008,0.476649314,0.436719209,-0.00712387823,0.477603704,0.430856526,-0.0152499937,0.480175853,0.429662436,-0.0220277142,0.482801408,0.432264775,-0.0288725309,0.457522213,0.430237174,-0.0247924477,0.467233181,0.433536649,-0.0337922759,0.478994757,0.436184168,-0.0386138707,0.487691641,0.438208073,-0.0413528085,0.451147109,0.436937839,-0.0252456758,0.463664979,0.441128761,-0.0338832214,0.479934067,0.443502516,-0.0363967158,0.490928531,0.444641143,-0.0387451462,0.450425088,0.443769068,-0.0252434164,0.462964296,0.447598159,-0.0335960574,0.478597194,0.449546486,-0.0348437391,0.48942098,0.449785501,-0.0351134837,0.453571409,0.450176239,-0.025420472,0.464197218,0.453128636,-0.0317895487,0.475631833,0.453878492,-0.032400813,0.484501064,0.453009278,-0.0326376483
1083.3333333333326,0.70698452,0.439709425,-3.4919605e-008,0.687333107,0.436402529,-0.00425347174,0.669832528,0.437510848,-0.0090163,0.657387555,0.441744387,-0.0129487477,0.649965227,0.447683811,-0.0153438086,0.679271102,0.446840137,-0.0139117697,0.655704141,0.45458594,-0.0212091878,0.658049703,0.450352252,-0.0229679234,0.666351,0.447143912,-0.0220876224,0.686672747,0.452898949,-0.0135857137,0.661152542,0.460399777,-0.0182913598,0.662783444,0.45641017,-0.0168190561,0.670871198,0.45358035,-0.0151032535,0.692624271,0.457961649,-0.0132143172,0.668182433,0.464774162,-0.0153483758,0.669957817,0.460927576,-0.0109645072,0.677819967,0.458172739,-0.00788100436,0.696736693,0.461726606,-0.0131350327,0.677196205,0.467167407,-0.0135457274,0.677753329,0.464169115,-0.00982123,0.684227526,0.461812288,-0.00696676644
1099.9999999999993,0.707216442,0.43813926,-4.16799431e-008,0.687576354,0.434285104,-0.0035776603,0.670358956,0.434473455,-0.00815339107,0.657688618,0.437850207,-0.012052088,0.651021957,0.443601787,-0.014423199,0.679677784,0.443257064,-0.0139764398,0.655656695,0.451043,-0.0213765912,0.659149885,0.447001815,-0.023039462,0.667974472,0.444102436,-0.022028625,0.687019,0.449449897,-0.0140135419,0.661103845,0.457060337,-0.0191946886,0.664016366,0.453214765,-0.0176353641,0.67262876,0.450632036,-0.0156798158,0.692583621,0.454785615,-0.0139191,0.667640209,0.461318672,-0.0161454137,0.670626879,0.457689971,-0.0113307415,0.678804874,0.455254138,-0.00781694241,0.696125686,0.458846182,-0.0140880365,0.676209509,0.464046299,-0.0140114781,0.677744,0.461179107,-0.00977596547,0.684682846,0.458942771,-0.00661344267
1099.9999999999993,0.459957927,0.434040219,2.94257916e-008,0.462935477,0.435198367,-0.0013160063,0.468635559,0.436224192,-0.00187902164,0.473123729,0.43682459,-0.00233629346,0.47644788,0.437172174,-0.00284408662,0.470144451,0.43587935,-0.00226633274,0.475618362,0.436416894,-0.00429999223,0.479958594,0.436706662,-0.00584641146,0.483648628,0.436831206,-0.00682312949,0.469940275,0.435440779,-0.00258217053,0.475484699,0.436103821,-0.00437859539,0.47993803,0.436361045,-0.00571825961,0.483943701,0.436492443,-0.00657002162,0.469475836,0.434960157,-0.00296888663,0.47474426,0.435665727,-0.00445772475,0.478818208,0.435976237,-0.00494393567,0.482388258,0.43617028,-0.00513674645,0.468764365,0.434330553,-0.00349465711,0.473122239,0.434757233,-0.00465895515,0.476409405,0.435130894,-0.00479104184,0.47910586,0.435526282,-0.00472479966
1116.666666666666,0.706106663,0.436817437,-3.49981484e-008,0.687240124,0.432355553,-0.00396965211,0.669863,0.432178736,-0.00856674,0.657569766,0.435333967,-0.0122598,0.651882946,0.440907985,-0.0144452294,0.68027395,0.440331101,-0.0151406946,0.655459344,0.447566956,-0.0226851478,0.659483492,0.443749279,-0.0243568607,0.668530822,0.441114277,-0.0233362317,0.687426805,0.446748614,-0.0149388956,0.660459876,0.454001,-0.0203656591,0.663973749,0.450332284,-0.0187768247,0.673011243,0.447848886,-0.0167274233,0.692304194,0.45237413,-0.0145691624,0.666611075,0.458662599,-0.0168900024,0.670225382,0.455109268,-0.0119920429,0.678676188,0.452734649,-0.00841297768,0.694940627,0.456727087,-0.014500848,0.67502594,0.461457103,-0.014648499,0.677175879,0.458709598,-0.0105921058,0.684202254,0.456694782,-0.00756994681
1133.3333333333328,0.705853045,0.435077578,-4.10833749e-008,0.687943399,0.430474788,-0.00383236841,0.670690119,0.430343419,-0.008437071,0.658053637,0.433008462,-0.012098901,0.652279794,0.438424259,-0.0143380621,0.679407835,0.437945455,-0.0157263409,0.654857099,0.445180565,-0.023163747,0.659671605,0.441598237,-0.0245774258,0.669168651,0.43915987,-0.0233909637,0.686281264,0.444316626,-0.0155887315,0.659519,0.451587558,-0.0211933497,0.663993895,0.447966337,-0.0194936935,0.673624277,0.445571899,-0.0172494538,0.69114387,0.449975938,-0.0151940212,0.66546458,0.456520796,-0.0175991561,0.669737756,0.452953666,-0.0126104811,0.67865181,0.450639784,-0.00889744423,0.694041491,0.454372823,-0.0150444331,0.674503922,0.459329784,-0.0152961351,0.677162766,0.456711262,-0.0111854812,0.684509516,0.454735458,-0.00808321219
1149.9999999999995,0.70629245,0.433459252,-4.34946301e-008,0.688005865,0.428848863,-0.00318440236,0.670018,0.428878725,-0.00738695264,0.657580256,0.431548953,-0.0107061043,0.650801241,0.436484456,-0.0126837296,0.679532766,0.436164677,-0.0152871395,0.654133439,0.443470299,-0.0226187892,0.659044325,0.439754695,-0.0240949206,0.668793917,0.437116206,-0.0228805169,0.686819673,0.442463815,-0.0153498361,0.659077883,0.449999541,-0.0206142701,0.663411,0.446357489,-0.0189348124,0.673587084,0.443841517,-0.0167403296,0.691883385,0.448018163,-0.0151081067,0.665975511,0.45480594,-0.0171993,0.669946373,0.45125258,-0.0122899944,0.678948581,0.448860496,-0.00865946,0.694832504,0.452327281,-0.0150458887,0.675067544,0.457631767,-0.0152352471,0.677390277,0.455021292,-0.0111596575,0.684681177,0.452993155,-0.00808101334
1166.6666666666663,0.706138432,0.432140946,-4.70461892e-008,0.688144,0.427611291,-0.0028220634,0.670363903,0.427605599,-0.00667219283,0.657188237,0.430144817,-0.00987778697,0.649334192,0.435048729,-0.0117895566,0.677030444,0.4348315,-0.0131383501,0.653662324,0.442134887,-0.0202124119,0.659169555,0.438814163,-0.0219944976,0.668771505,0.436225861,-0.0210748911,0.684260964,0.441223741,-0.0134398835,0.658557713,0.44870317,-0.0184865892,0.663478851,0.445407629,-0.0172371473,0.673082829,0.442893118,-0.0153102549,0.689718604,0.446965098,-0.0135337114,0.665718,0.453395963,-0.0154467886,0.669850171,0.450225174,-0.0108155021,0.678133428,0.447936147,-0.00734475954,0.69325757,0.451568663,-0.0138222035,0.673843,0.456289858,-0.013742392,0.676371217,0.453937501,-0.00961171743,0.683424592,0.452115,-0.00644748798
1166.6666666666663,0.483672619,0.418547869,-8.08310574e-008,0.481459409,0.416278601,-0.00457587326,0.479405,0.412571669,-0.00778319407,0.476146191,0.408185214,-0.0103458641,0.473560095,0.404532403,-0.0132793952,0.482622743,0.415259451,-0.0108463848,0.47122404,0.410194039,-0.0173143037,0.461923122,0.407814592,-0.0214140173,0.456525654,0.407250881,-0.0235576127,0.48310554,0.41579181,-0.0109118083,0.470756412,0.411188751,-0.0167960823,0.459822178,0.40942353,-0.0197693482,0.454032272,0.40881592,-0.0219288487,0.483400285,0.416236818,-0.0111805303,0.472248882,0.412673235,-0.0167618785,0.461687565,0.410385281,-0.0186050124,0.456357807,0.409704536,-0.0195155069,0.483430296,0.416298,-0.0115764169,0.474404335,0.413082421,-0.0161016062,0.465105265,0.410348088,-0.017340092,0.458920479,0.409046024,-0.0178886931
1183.333333333333,0.705028832,0.43144089,-4.28314344e-008,0.687386334,0.426835388,-0.00274099666,0.669374526,0.426633626,-0.00680729235,0.656222641,0.428891838,-0.0102479486,0.648186207,0.433730185,-0.0124895601,0.676348746,0.433151662,-0.0139776077,0.652548611,0.44090572,-0.0214078,0.657595813,0.437599301,-0.0233528744,0.667122364,0.434827,-0.0223586746,0.684105158,0.439434588,-0.01436806,0.657607079,0.447559536,-0.0196110774,0.66197139,0.444140881,-0.0185340643,0.671753824,0.441299826,-0.0166928843,0.68987143,0.445132583,-0.0144798364,0.6653561,0.452394634,-0.0165707339,0.668937385,0.449114025,-0.0120233893,0.677280962,0.446442306,-0.00852827728,0.69372642,0.449818373,-0.0147529673,0.674079835,0.455501616,-0.0148714883,0.675963581,0.453081369,-0.010814799,0.682874858,0.450791508,-0.00764850061
1183.333333333333,0.471910506,0.418037564,9.81109682e-009,0.477489769,0.410814345,-0.00270249718,0.480703801,0.404848337,-0.0064611244,0.480407596,0.400964916,-0.0100382939,0.477583766,0.399048209,-0.0136053944,0.474117458,0.405061692,-0.0102208527,0.475672692,0.400838941,-0.0165985674,0.472189337,0.400601774,-0.0201167092,0.467918307,0.402037084,-0.0219004657,0.471904308,0.40961653,-0.0118673258,0.473038912,0.406890541,-0.0175902918,0.467782557,0.405958444,-0.0191326756,0.46286723,0.406162053,-0.0201181676,0.471331418,0.414683491,-0.0134960888,0.475053132,0.413218856,-0.0181766041,0.473616809,0.412080795,-0.0171199534,0.47219047,0.411802649,-0.0161529817,0.47263968,0.419465423,-0.0152769946,0.475413889,0.418690771,-0.018729236,0.474440604,0.41705668,-0.0177465808,0.472861141,0.415774345,-0.0166130159
1199.9999999999998,0.705452,0.430803299,-4.20708837e-008,0.687554419,0.425625682,-0.00302582234,0.66899842,0.425388902,-0.00696632825,0.655756772,0.427934885,-0.0101202121,0.647180736,0.432776302,-0.0120160589,0.676516712,0.431735426,-0.0140946032,0.652527511,0.43928495,-0.0215020087,0.657683,0.436008364,-0.0233841855,0.667568505,0.433003932,-0.0223240759,0.68386507,0.438313872,-0.0142428214,0.657017648,0.446248353,-0.0192798022,0.661490083,0.442813039,-0.0181530137,0.67143929,0.439909458,-0.0163497739,0.689299703,0.444207072,-0.0141430795,0.664760411,0.451042324,-0.0161352511,0.668503582,0.447752327,-0.0116092963,0.676934481,0.44520703,-0.00820714235,0.692981064,0.449051082,-0.0142207453,0.673133194,0.454306096,-0.0142961964,0.675250769,0.451805264,-0.0102648344,0.682228386,0.449664503,-0.00719546666
1199.9999999999998,0.470771194,0.415536761,2.05139417e-009,0.475563556,0.408370525,-0.00174466067,0.478304416,0.402296662,-0.00460554613,0.478007346,0.398228943,-0.00732382853,0.477270186,0.394412428,-0.0101739941,0.472849578,0.401639909,-0.00948403869,0.47233054,0.39796555,-0.0151824746,0.468504965,0.397984058,-0.0181689076,0.464556545,0.39947176,-0.0196503084,0.470961273,0.406506151,-0.0116027026,0.469268888,0.403571486,-0.0168017987,0.464184076,0.403170645,-0.0181064233,0.459532887,0.403735638,-0.0188665371,0.470165402,0.412095159,-0.0135569796,0.471384257,0.410609037,-0.0184856467,0.470270246,0.409986317,-0.0169111919,0.469848573,0.409689188,-0.0153939892,0.471246362,0.417637616,-0.0155267846,0.473369032,0.4170129,-0.0195613317,0.474063545,0.415638566,-0.0183853209,0.474842548,0.414453417,-0.0168601256
1216.6666666666665,0.705285668,0.429428518,-4.14417194e-008,0.687597334,0.424568832,-0.00252536708,0.668676257,0.424573272,-0.00627108337,0.655094683,0.426947,-0.00940093584,0.646338344,0.431684434,-0.0114565222,0.674817681,0.431035191,-0.0136055881,0.65096581,0.438624144,-0.0210163761,0.656754434,0.435588926,-0.0231297519,0.666555882,0.432555795,-0.0222533084,0.682680309,0.437606454,-0.014097726,0.655657411,0.445473403,-0.0191460494,0.660779297,0.442186475,-0.0180770494,0.670605063,0.439199865,-0.0162825547,0.688594699,0.443355322,-0.0143184019,0.663982749,0.450184196,-0.0164799187,0.668145597,0.446961343,-0.011952647,0.676466703,0.444225818,-0.00846661162,0.692733467,0.44793281,-0.0146676479,0.672659755,0.453280091,-0.0150161954,0.67503494,0.45087567,-0.0109044919,0.682075381,0.448631,-0.00765574584
1216.6666666666665,0.456246883,0.414678484,7.43694812e-008,0.464408427,0.407271057,-0.00211431389,0.471941292,0.400191158,-0.00508999033,0.476024657,0.395714253,-0.00780261355,0.478941858,0.391977131,-0.0102185449,0.461880565,0.398820311,-0.0108734583,0.468282342,0.394876033,-0.0170183964,0.478873193,0.39672333,-0.0194735285,0.48483023,0.399616748,-0.0204137,0.460014164,0.403815925,-0.01285,0.468544811,0.401270688,-0.0185487177,0.481161922,0.403283089,-0.0188358575,0.487420917,0.405160725,-0.0189247932,0.46015802,0.409806073,-0.014761447,0.470930606,0.408376336,-0.0207330249,0.482694894,0.409313321,-0.0193192195,0.489118934,0.410799831,-0.0178091098,0.463072121,0.415963978,-0.016627,0.473230034,0.414957732,-0.0210382808,0.482968599,0.414810658,-0.0199435782,0.488957286,0.415337712,-0.0185872745
1233.3333333333333,0.703120649,0.429051846,-4.48718964e-008,0.685099185,0.424206913,-0.00223272061,0.666405261,0.424075484,-0.00618821755,0.653579235,0.426334739,-0.00955379941,0.645075619,0.430673242,-0.0118271951,0.67376852,0.429091036,-0.0147648947,0.649844348,0.43798697,-0.0227395296,0.655337512,0.434966177,-0.0248372387,0.665274262,0.431723684,-0.0237522535,0.682040572,0.43561089,-0.0154573666,0.654443622,0.444828689,-0.0214973725,0.659675777,0.441445142,-0.0203881394,0.669788301,0.438082784,-0.0182995554,0.68798393,0.441633224,-0.0157840364,0.662670374,0.449556649,-0.0185958184,0.667059898,0.446268,-0.0136932302,0.67546922,0.443281263,-0.00973045,0.692019343,0.446683377,-0.016190907,0.671567619,0.452670306,-0.0167130623,0.674358964,0.450122088,-0.012318233,0.68167,0.447545141,-0.00882120337
1233.3333333333333,0.454642236,0.412520319,1.43324726e-007,0.461296231,0.405329138,-0.00338735455,0.468685627,0.398316175,-0.00781454518,0.475361735,0.394051135,-0.0120920977,0.47932139,0.38986358,-0.0162290223,0.457044363,0.3962892,-0.0143979741,0.470169514,0.392722338,-0.0230720937,0.483234,0.394188493,-0.0274948087,0.490797222,0.396683782,-0.0295504145,0.455716223,0.401732266,-0.0168716665,0.471625298,0.399840295,-0.0256591905,0.485958159,0.401390076,-0.0278595667,0.49398002,0.403087765,-0.0287223887,0.456790715,0.408034265,-0.0193176288,0.472742856,0.406508714,-0.0271985084,0.486132264,0.407073349,-0.027090447,0.494220257,0.407917231,-0.0260381009,0.460061461,0.414235711,-0.0219230987,0.474108309,0.413251549,-0.0279059559,0.485417366,0.412801594,-0.0277919434,0.493358135,0.413018733,-0.0267596338
1250.0,0.702679455,0.428443581,-3.59192676e-008,0.684593081,0.423471093,-0.0021060009,0.66575247,0.423526525,-0.00588071812,0.652927697,0.425797284,-0.00911983,0.644258678,0.430141658,-0.0114093283,0.673273206,0.42906782,-0.0142388698,0.648580432,0.437319249,-0.021941768,0.653223753,0.434217125,-0.024191143,0.662685037,0.431143522,-0.0233707204,0.681038141,0.435591131,-0.0150025822,0.653351188,0.443936646,-0.0201483183,0.658069968,0.440419406,-0.019109834,0.668043733,0.437415093,-0.0174504481,0.686874747,0.441369832,-0.0154164201,0.661384463,0.448661298,-0.0176013634,0.665398538,0.445149422,-0.0129536269,0.673885047,0.442367315,-0.00951439,0.690918088,0.446088761,-0.0159260724,0.671150446,0.451777607,-0.016466571,0.673175097,0.449063241,-0.0124639906,0.680000663,0.446700305,-0.00938241836
1250.0,0.458882719,0.412171096,1.22340211e-007,0.466491103,0.404438049,-0.00295052049,0.472434282,0.397160739,-0.0074358345,0.476826966,0.392595589,-0.0119090462,0.479459763,0.387572676,-0.0163549203,0.458443165,0.394178033,-0.0143319583,0.469985157,0.390589178,-0.0239540599,0.483561277,0.392708719,-0.0294359308,0.491988361,0.395260483,-0.0322103538,0.455988735,0.399728775,-0.0173849687,0.471172422,0.397910982,-0.0270725694,0.48650831,0.399701089,-0.0299142767,0.495020241,0.401581973,-0.0311286263,0.456374377,0.406520873,-0.0204185266,0.471501,0.405021161,-0.0293773394,0.485877693,0.405679524,-0.0294508226,0.49459517,0.406616509,-0.0283396803,0.459110796,0.41330421,-0.0235109366,0.472249687,0.412321866,-0.0301897489,0.483946532,0.41159007,-0.0300170016,0.492186338,0.411659688,-0.0288175754
1266.6666666666667,0.70111,0.427872658,-3.91794437e-008,0.683344543,0.422783405,-0.00241316622,0.664678276,0.422689795,-0.00635216292,0.651619077,0.424915016,-0.00971219875,0.642954,0.429300278,-0.0120128142,0.671648681,0.428684056,-0.0144573711,0.646659434,0.436445534,-0.0223138537,0.651906073,0.433148652,-0.0245173089,0.661763489,0.430282742,-0.0236498676,0.679235399,0.435329139,-0.0150995599,0.65152961,0.443023086,-0.0205093157,0.656694472,0.439386219,-0.0193341821,0.666921198,0.436653674,-0.0175220706,0.684934378,0.441200644,-0.0154525647,0.659290612,0.448039025,-0.0178297032,0.663769543,0.444397897,-0.0129325455,0.672611177,0.441835552,-0.00925400108,0.68895942,0.445965439,-0.015931813,0.668801248,0.451424062,-0.0164201539,0.67112869,0.448658019,-0.0121874269,0.678133488,0.44642967,-0.0089209
1266.6666666666667,0.461079925,0.411979944,9.08781246e-008,0.46804288,0.403256357,-0.00148481433,0.47333771,0.395419657,-0.00533866277,0.477296,0.390478373,-0.00970743783,0.479501,0.385507911,-0.0142860534,0.458701909,0.393356949,-0.0118459491,0.470167309,0.388899654,-0.0215890631,0.483971834,0.390887618,-0.0272953194,0.492825091,0.393685699,-0.0301263519,0.455935299,0.399164855,-0.0157315694,0.470892,0.396510631,-0.0250959825,0.487370759,0.398016125,-0.0279576853,0.496594161,0.399864227,-0.0292671975,0.456411153,0.406199813,-0.019658,0.47040385,0.403960556,-0.0286278371,0.485893875,0.404462785,-0.0285740662,0.495424598,0.405586,-0.0274085142,0.459754586,0.413203806,-0.0235128514,0.471518755,0.4121916,-0.0297888219,0.483169,0.411607027,-0.0290722828,0.491238356,0.412063092,-0.0276016071
1283.3333333333335,0.701378047,0.427728862,-3.81670873e-008,0.683526576,0.422588885,-0.00204264303,0.664935112,0.422269464,-0.00571694179,0.651588738,0.424289316,-0.00896956865,0.642184138,0.428367645,-0.0112367254,0.670180798,0.428414702,-0.0132663082,0.645740628,0.435896784,-0.0206159111,0.651230812,0.432877183,-0.0226657167,0.661071837,0.430006802,-0.0217542686,0.677666545,0.434912592,-0.0139632896,0.650688171,0.442518055,-0.0189592019,0.655387461,0.439252138,-0.0179781243,0.665134549,0.436407804,-0.0163096208,0.683527827,0.440734595,-0.0143651469,0.65833807,0.447575331,-0.0165418386,0.662465274,0.44426015,-0.0120534422,0.67097491,0.441596627,-0.00863420777,0.687788,0.445362121,-0.0148349041,0.667644322,0.450515807,-0.0153076416,0.669950962,0.448022634,-0.0112900427,0.67700541,0.445816398,-0.00809875
1283.3333333333335,0.463950187,0.407303691,9.67210951e-008,0.471506447,0.400832981,-0.00286203111,0.477651179,0.393861681,-0.00613916107,0.479708463,0.388942778,-0.00924960244,0.479593098,0.384542167,-0.0120853595,0.465529293,0.391707927,-0.00993820466,0.476226866,0.389235079,-0.0165894721,0.483510941,0.390685558,-0.020046534,0.486121595,0.392669618,-0.0217820648,0.463241339,0.396574467,-0.0116595533,0.47592023,0.396416068,-0.0173757803,0.485928237,0.398597568,-0.0189536307,0.491873056,0.400108099,-0.0200700946,0.463208,0.402477145,-0.0134159587,0.477223843,0.402345031,-0.0192680564,0.486841768,0.40364036,-0.0189256612,0.493003398,0.404315293,-0.0182418469,0.465256035,0.40839678,-0.0152532859,0.478220016,0.408782274,-0.0199854393,0.487295568,0.40899241,-0.0197445601,0.493629426,0.408821017,-0.0189922713
1300.0000000000002,0.7000646,0.427348167,-2.38611371e-008,0.681981921,0.422045261,-0.0020408,0.663254738,0.42189908,-0.00553468568,0.649618,0.423945874,-0.0086342562,0.640432119,0.427775979,-0.0110485898,0.668315232,0.427864254,-0.012848218,0.645253778,0.435346216,-0.0199432764,0.64854759,0.432727844,-0.0224924199,0.657173097,0.429599285,-0.0221392605,0.675643504,0.43463707,-0.0134918168,0.650180161,0.441947609,-0.0180121157,0.653372824,0.439032435,-0.0176237058,0.662565768,0.436194301,-0.0167055372,0.681721091,0.44052881,-0.0138085792,0.657281876,0.447292447,-0.0158556849,0.660435557,0.444161952,-0.0120980134,0.668845415,0.441346079,-0.00936371647,0.686367095,0.44513759,-0.0141919181,0.667308867,0.450288683,-0.0150346821,0.66863656,0.447895288,-0.0116923125,0.675077,0.445495576,-0.00899757538
1300.0000000000002,0.459418237,0.407520831,1.05880993e-007,0.465018183,0.400189936,-0.00289848866,0.470549136,0.392527103,-0.00666653737,0.476010501,0.387888879,-0.0105048418,0.479954302,0.383206964,-0.0142171839,0.457586527,0.390899777,-0.0119572533,0.469689429,0.386469185,-0.0211387202,0.483627498,0.388872445,-0.0263975132,0.492203504,0.391593039,-0.029065853,0.456795454,0.39631331,-0.0147227859,0.472528666,0.394317836,-0.0232826974,0.487771451,0.396322072,-0.0255686902,0.496057093,0.397813678,-0.0267107617,0.458466053,0.402895838,-0.0177182332,0.473955393,0.401643842,-0.0258158911,0.48788622,0.402198941,-0.0255388822,0.496623814,0.402865857,-0.024488477,0.46255073,0.409336835,-0.0208327882,0.475086957,0.408611059,-0.0267062336,0.486351967,0.408296973,-0.0260660592,0.494477272,0.408630699,-0.0247571431
1316.666666666667,0.70057404,0.426695704,-4.14457979e-008,0.683045268,0.421591938,-0.00209324597,0.663629,0.42151776,-0.00556714367,0.649365425,0.423562735,-0.00860475656,0.639430165,0.42729789,-0.0108954487,0.667350888,0.427781522,-0.0126096681,0.644255042,0.434715748,-0.0198497586,0.649455845,0.431802392,-0.0222979859,0.658982098,0.428929031,-0.0218065158,0.674561501,0.434316,-0.0133117875,0.648882926,0.441447943,-0.0181208719,0.653750777,0.438225061,-0.0175706092,0.663524508,0.435420513,-0.0162959956,0.68065089,0.439966053,-0.0137329781,0.65708524,0.446580678,-0.0160157867,0.660955429,0.443255931,-0.0121153239,0.669274449,0.440447062,-0.00909727439,0.685457647,0.44451791,-0.0142061012,0.666593313,0.449777603,-0.0152183631,0.668479204,0.447189361,-0.0117279673,0.675057232,0.444798023,-0.00878419448
1316.666666666667,0.464105666,0.409024864,1.04512452e-007,0.469051242,0.400150865,-0.00254417653,0.473082304,0.392322898,-0.00666617416,0.47721234,0.38740021,-0.0112426495,0.480134,0.38249591,-0.0161270779,0.459154338,0.391150445,-0.0125561692,0.470500708,0.386421919,-0.0226480011,0.483850151,0.387732297,-0.0288922656,0.493084848,0.390174687,-0.0321873687,0.456889629,0.397318304,-0.0162610356,0.471517444,0.394398332,-0.0264373459,0.487917,0.395665973,-0.0301024802,0.498006523,0.397589594,-0.031704884,0.457936,0.404466301,-0.0200856663,0.471741199,0.402704775,-0.0294837356,0.486877114,0.40311569,-0.0301304292,0.496207297,0.403950125,-0.0292908587,0.460994154,0.411389351,-0.0239653848,0.471924484,0.411776751,-0.0303542726,0.482780397,0.411414444,-0.0299968496,0.490300357,0.411754102,-0.0287490077
1333.3333333333337,0.700611591,0.426190019,-3.9288679e-008,0.682576656,0.420761853,-0.00204204954,0.663749456,0.420873255,-0.00555532845,0.649495125,0.422895283,-0.00869979057,0.639145255,0.426633298,-0.0110203959,0.666835606,0.427621186,-0.0124055995,0.643227816,0.43434298,-0.0196493361,0.648320556,0.431462407,-0.022156477,0.657865524,0.428817779,-0.0217528548,0.673811257,0.434315115,-0.0131661138,0.647704482,0.441092968,-0.0181109216,0.652679324,0.43783772,-0.0174889341,0.66254735,0.435203284,-0.0161326714,0.679700196,0.44001469,-0.0136552174,0.655468941,0.446056575,-0.0161178652,0.659740686,0.442735523,-0.0119409459,0.668366432,0.44015196,-0.00866881385,0.684401035,0.44439882,-0.0142022651,0.664842665,0.449200958,-0.0151504055,0.667100251,0.446616,-0.0113484329,0.673956215,0.444313943,-0.00817118492
1333.3333333333337,0.476932019,0.412017643,3.33518173e-008,0.481882632,0.402891487,-0.00126486993,0.481278896,0.393290192,-0.00381359365,0.480310768,0.386871338,-0.00684331032,0.480545551,0.38127321,-0.00979768205,0.461773247,0.389102519,-0.00854993,0.47360462,0.385703862,-0.0176705047,0.487345695,0.38806048,-0.0226646401,0.496276557,0.390900493,-0.0249142759,0.457718432,0.394658625,-0.0119503941,0.473741978,0.392330974,-0.0214614775,0.489496201,0.394428968,-0.0245428029,0.498951226,0.396756917,-0.0254517458,0.457779646,0.401547819,-0.015511388,0.472940564,0.399681211,-0.025666764,0.488057166,0.400926679,-0.0265853386,0.497720271,0.402317494,-0.025261309,0.460664451,0.408509463,-0.0188967977,0.474363506,0.407076538,-0.0267967377,0.486620158,0.406488061,-0.0274576079,0.495474339,0.406280637,-0.0262746699
1350.0000000000005,0.700103521,0.426663905,-5.33678026e-008,0.681544304,0.421401381,-0.00111006468,0.662561297,0.421254665,-0.00410836143,0.64822042,0.42298758,-0.00704389,0.637969613,0.426197737,-0.00923587568,0.66473794,0.427992,-0.0102234809,0.641863048,0.434068561,-0.0169607196,0.648163259,0.431407392,-0.0193552095,0.657792807,0.428998262,-0.0190341678,0.67176652,0.434553564,-0.0114881303,0.646719635,0.440904826,-0.0163221043,0.652574301,0.437749356,-0.0158832073,0.662334919,0.435117394,-0.0145474523,0.678022146,0.440109789,-0.0124857603,0.654878497,0.445896894,-0.0147559149,0.659410655,0.442699581,-0.0106712338,0.667651057,0.440170705,-0.0074075344,0.683147252,0.444309384,-0.0134800281,0.664251566,0.44880262,-0.0139348712,0.666649818,0.446331084,-0.00988190435,0.673252165,0.444160223,-0.00655677263
1350.0000000000005,0.469280571,0.410359263,1.35697221e-007,0.476247281,0.401229084,-0.00352033298,0.480463088,0.39296487,-0.00839088298,0.482134491,0.387047172,-0.0130173294,0.482729,0.382120579,-0.017421281,0.466124088,0.389973432,-0.0151148541,0.476900369,0.386406869,-0.0245228019,0.487547606,0.387410045,-0.0292521976,0.493929207,0.389535755,-0.0316769071,0.463336885,0.394950479,-0.0177606698,0.476335347,0.392817795,-0.0273724552,0.489765018,0.394377142,-0.0303590428,0.498391777,0.396110624,-0.0319021605,0.463225603,0.401156843,-0.0203393847,0.476456791,0.398838788,-0.029782651,0.489928722,0.399808,-0.0308885258,0.499240667,0.400704294,-0.0306157954,0.464840829,0.407614768,-0.0229216386,0.477405906,0.406104,-0.0308392644,0.488862097,0.406047791,-0.0321765468,0.49763453,0.406187475,-0.032097511
1366.6666666666672,0.700137615,0.426204979,-5.08091311e-008,0.68227,0.420785308,-0.0013806374,0.663170278,0.420714527,-0.00440107798,0.648522,0.422437489,-0.00730193174,0.637569547,0.425369829,-0.00939632952,0.665095866,0.427229732,-0.0103394128,0.641617239,0.433624804,-0.017214762,0.647942603,0.431385219,-0.0196276978,0.657728,0.428984761,-0.0192713328,0.67180258,0.43390733,-0.0114288051,0.646338344,0.440462828,-0.0161899142,0.652481258,0.437636167,-0.015662346,0.66228503,0.435067326,-0.0143190511,0.677765906,0.439751178,-0.0123007521,0.654359937,0.445372939,-0.0144696105,0.659514725,0.442400694,-0.0101846801,0.667971969,0.439980716,-0.00686453329,0.682643,0.444385,-0.0132225975,0.663773715,0.44849,-0.0136218416,0.666531205,0.446192116,-0.00956133567,0.673182547,0.444243819,-0.00628698
1366.6666666666672,0.472762644,0.408627629,8.13746652e-008,0.478295475,0.399763554,-0.00197566487,0.480750054,0.391493887,-0.005221467,0.482034743,0.386072427,-0.00893250853,0.482782483,0.380922377,-0.0126376906,0.462741315,0.388963282,-0.0106060961,0.473506212,0.385137856,-0.0204455089,0.487355858,0.387460172,-0.0258314945,0.496770144,0.390402824,-0.0282699391,0.458953291,0.394428,-0.014151332,0.473923743,0.392084032,-0.0237569362,0.490533143,0.393650144,-0.0267629717,0.500766,0.395519584,-0.0278231893,0.459277,0.401346654,-0.017897414,0.474407852,0.399878144,-0.0280693267,0.490195096,0.400847822,-0.0288360845,0.499920189,0.401762754,-0.0277027898,0.462305665,0.408331811,-0.0215233788,0.476023316,0.408043504,-0.0290650465,0.488279969,0.407550216,-0.0292989891,0.49691996,0.407625467,-0.0280846376
1383.333333333334,0.700413287,0.426324129,-4.72419259e-008,0.682010055,0.420798182,-0.0010946478,0.662449,0.420729399,-0.00366660347,0.647661626,0.422552973,-0.00612830324,0.636949956,0.425334275,-0.00795741472,0.663360238,0.427247673,-0.00937740784,0.641696453,0.433564216,-0.0155855706,0.646716893,0.431303889,-0.0178924091,0.655708432,0.428755373,-0.0176275484,0.670000851,0.4338817,-0.010377069,0.646187484,0.440304607,-0.0145318275,0.651064694,0.437469631,-0.0142170507,0.660458148,0.434896976,-0.0131752519,0.676126063,0.43960163,-0.0111088427,0.653969467,0.445309371,-0.0130523043,0.657924294,0.442240864,-0.00940454286,0.666027069,0.439709723,-0.00656692917,0.681339145,0.444117904,-0.0118312947,0.663544953,0.448452652,-0.0125234956,0.665502906,0.445992112,-0.00899867434,0.671779752,0.443836957,-0.00601053564
1383.333333333334,0.470224,0.410872102,1.5392871e-007,0.477178872,0.402164787,-0.0039838003,0.48107475,0.393475533,-0.00873528,0.482958019,0.387287199,-0.0132168243,0.483205885,0.381488323,-0.0174314547,0.465102285,0.389849603,-0.0151368203,0.476109356,0.385692984,-0.0249983463,0.488042831,0.386796057,-0.0300028548,0.49512887,0.389213592,-0.0323747285,0.462503642,0.395069748,-0.0175916888,0.477079064,0.392587751,-0.0275071282,0.49154377,0.394207865,-0.0305517539,0.500954926,0.39610064,-0.0319591574,0.463154793,0.40172255,-0.0200743433,0.477878809,0.398819894,-0.0296751,0.491810948,0.39985165,-0.0303798467,0.501089215,0.400942832,-0.0296928547,0.465641946,0.408370018,-0.0226469636,0.479045689,0.406356603,-0.0307300035,0.491111219,0.405940026,-0.0317479409,0.500252903,0.4059771,-0.0312533826
1400.0000000000007,0.700724065,0.425627857,-4.18842738e-008,0.682106197,0.420457929,-0.00118176953,0.662283421,0.420415163,-0.00430734269,0.648010373,0.422237694,-0.00725749275,0.637182951,0.424968302,-0.0094522126,0.665808856,0.426473141,-0.0114545422,0.641688049,0.433065027,-0.0188127216,0.64711988,0.430192977,-0.0215048511,0.657066464,0.42760396,-0.0211565,0.672948599,0.433270425,-0.0126407938,0.646168172,0.439692229,-0.0176130142,0.651347876,0.436418176,-0.0171550009,0.661518633,0.433910251,-0.0159103889,0.678952396,0.439108819,-0.0135254078,0.654194593,0.444744259,-0.0157202519,0.658881,0.441304475,-0.0113177104,0.667607725,0.438827425,-0.00797724724,0.683623612,0.443653643,-0.0144394673,0.664123833,0.447881043,-0.0148676261,0.666503072,0.445078492,-0.0107279103,0.673212528,0.442920208,-0.00743757
1400.0000000000007,0.477874488,0.411012322,6.73094149e-008,0.48296,0.401591688,-0.00173349504,0.483755589,0.392536908,-0.0048326184,0.483712524,0.386572331,-0.00825789105,0.483954728,0.381079197,-0.0116562992,0.464434534,0.389142573,-0.0103662806,0.477314174,0.385580838,-0.019703811,0.490773112,0.387797087,-0.0250968318,0.49964577,0.390691638,-0.0277196281,0.460660577,0.394929647,-0.0138123631,0.477330416,0.39269802,-0.0225963034,0.493111253,0.393943757,-0.0256663151,0.503023922,0.395761251,-0.0270776618,0.461313874,0.402200282,-0.0173759311,0.47747919,0.400350839,-0.0263788514,0.492101729,0.401049,-0.0270636342,0.501272559,0.402067661,-0.0262046214,0.464836121,0.409476608,-0.0208703242,0.479314804,0.408667594,-0.027326826,0.490374923,0.408000469,-0.0273492206,0.498107195,0.40792954,-0.0262103919
1416.6666666666674,0.700365603,0.426081926,-4.64110066e-008,0.681804359,0.420962572,-0.00068608165,0.662275434,0.420650542,-0.00372172962,0.647899628,0.421988249,-0.00673951441,0.637444198,0.424608707,-0.00900796335,0.665605724,0.426281393,-0.010963304,0.641714752,0.433311731,-0.0179664046,0.64715451,0.430979192,-0.0203005802,0.656698942,0.428396225,-0.0198126901,0.672671616,0.432912916,-0.0124476599,0.646289349,0.43952477,-0.0174763724,0.651861727,0.436547309,-0.0168211851,0.661877453,0.434004664,-0.0153859491,0.678642511,0.438852936,-0.0135884471,0.653654754,0.44463858,-0.0157824382,0.658537388,0.441455185,-0.0111537734,0.667278707,0.438978672,-0.00762267597,0.683404446,0.44365418,-0.0147277331,0.663514376,0.44784987,-0.0151050901,0.66609329,0.445351332,-0.0108317183,0.673001468,0.443304449,-0.00743658282
1416.6666666666674,0.468911171,0.408847809,1.07247352e-007,0.47529757,0.400657803,-0.00280552777,0.481726706,0.391861588,-0.00642831,0.484405696,0.385915339,-0.00979224686,0.484221458,0.380997926,-0.0129204029,0.469865412,0.388913482,-0.0121752582,0.481298864,0.386096269,-0.0194069315,0.490764409,0.387210578,-0.0228143279,0.495976269,0.388901114,-0.024525715,0.467009664,0.394109756,-0.0143202944,0.480822444,0.392298371,-0.020884892,0.491897434,0.393616825,-0.0224742536,0.498635381,0.394994736,-0.0235109963,0.466780186,0.400413841,-0.0163598936,0.481574029,0.398667932,-0.0230956711,0.492425293,0.399708509,-0.0231413152,0.499992669,0.40038535,-0.0226464979,0.46850121,0.406860918,-0.0184041541,0.48230204,0.406019777,-0.0242499355,0.492390454,0.405903488,-0.0247696228,0.500119627,0.40558058,-0.0244560614
1433.3333333333342,0.700832844,0.425615042,-5.28969331e-008,0.682818234,0.420501798,-0.000487251644,0.663177609,0.420484036,-0.00340496912,0.649086475,0.421823442,-0.00641463557,0.638439,0.424070716,-0.00866387226,0.666044891,0.426208049,-0.0102044605,0.642499804,0.433102101,-0.0174844861,0.648846388,0.430727959,-0.0200421289,0.658792853,0.428077489,-0.0196588542,0.673099935,0.432695031,-0.0119538913,0.64623642,0.439323634,-0.0173651818,0.652873,0.436265439,-0.0167925265,0.663310289,0.43360731,-0.015223152,0.67899549,0.438529521,-0.0134258159,0.654067457,0.444135904,-0.0160890631,0.65978539,0.440923303,-0.0113969333,0.668701589,0.438449174,-0.00762106106,0.683724,0.443330139,-0.014882124,0.663719535,0.447545886,-0.0155280186,0.667138755,0.444961607,-0.0111053539,0.674402833,0.442862242,-0.00752052898
1433.3333333333342,0.474120855,0.409317136,1.0043594e-007,0.479289562,0.400816798,-0.00142424961,0.482174,0.392023772,-0.00455045467,0.484276772,0.386341482,-0.00807698444,0.485829473,0.380844355,-0.0116315819,0.466787428,0.389334649,-0.0103812125,0.478240848,0.38544023,-0.0193704721,0.491768122,0.38708657,-0.0244755466,0.500094235,0.389440209,-0.0269819312,0.464101493,0.39466083,-0.0137810623,0.4794375,0.39182049,-0.0220830459,0.494917393,0.392939419,-0.024923617,0.503863573,0.39460519,-0.0263030902,0.464572251,0.401309103,-0.0172096603,0.480228871,0.398961633,-0.0255814344,0.495018482,0.399293363,-0.0260891803,0.50399828,0.400096744,-0.0252743177,0.467365533,0.408142805,-0.0205406565,0.481263816,0.406061381,-0.0269424357,0.493310362,0.4050771,-0.0269724019,0.501755595,0.405045211,-0.0259126741
1450.000000000001,0.701409578,0.42597276,-5.04658892e-008,0.683294773,0.420521319,-0.000377228,0.663862228,0.420231223,-0.00316220871,0.64921546,0.421535194,-0.00601038942,0.638130426,0.423599362,-0.00813951716,0.667032421,0.425779969,-0.00983184855,0.643329263,0.432608604,-0.0166465826,0.648807347,0.43066293,-0.0189995095,0.65872097,0.428129375,-0.0185185205,0.673609376,0.432382792,-0.0113334516,0.647378087,0.439209223,-0.0160299763,0.652389586,0.436549693,-0.0155104436,0.662249923,0.433977693,-0.0142155802,0.679107428,0.438368946,-0.0125147719,0.654584229,0.444334328,-0.0147100855,0.659049,0.44140318,-0.0104624433,0.667687178,0.438947976,-0.00714401063,0.683366776,0.44328931,-0.0136406319,0.663888514,0.447735459,-0.0141608436,0.666421175,0.44529745,-0.0100740902,0.673489511,0.443160355,-0.00676394533
1450.000000000001,0.470175445,0.412898868,1.50491815e-007,0.476279944,0.403308719,-0.00343751791,0.482140511,0.393465698,-0.00822155736,0.485117078,0.386592805,-0.0127805267,0.485737622,0.380523294,-0.0170601383,0.47016865,0.389243782,-0.0151386634,0.481087595,0.385596126,-0.0252310839,0.493439436,0.38648054,-0.030695308,0.501591086,0.388601214,-0.0333968289,0.466988713,0.39465943,-0.0177801419,0.479463696,0.391396493,-0.0281685386,0.494186491,0.392549217,-0.0315716974,0.503671706,0.39434275,-0.033013314,0.466904849,0.401360929,-0.0203736182,0.480604023,0.397962362,-0.0300868563,0.494636238,0.398937702,-0.0312087703,0.50415194,0.399864197,-0.0305744167,0.468999952,0.408364296,-0.023000773,0.482731938,0.405869931,-0.0308610965,0.494705051,0.405286461,-0.0322662555,0.503983736,0.40494284,-0.032031633
1466.6666666666677,0.700656593,0.426678389,-4.4476792e-008,0.683490217,0.420910656,-0.000551047269,0.664887428,0.420171648,-0.00376190152,0.650662601,0.421090275,-0.0071405028,0.639723659,0.423033655,-0.00995372422,0.666744828,0.425821424,-0.0103212856,0.643734038,0.432586491,-0.0173942782,0.648976326,0.430558741,-0.0200709552,0.65843457,0.428053111,-0.0198821444,0.673289955,0.432235837,-0.0121216243,0.647392035,0.43870613,-0.016997302,0.652772367,0.43593809,-0.0167232677,0.662897766,0.433578968,-0.0156915113,0.679227591,0.438054234,-0.0135987448,0.654789805,0.443831384,-0.0160409454,0.65973562,0.440793306,-0.0117632113,0.668565154,0.438490629,-0.00851262081,0.684188,0.442990363,-0.0150213074,0.664606,0.447297364,-0.01588016,0.667555809,0.444868475,-0.0117606288,0.674790323,0.442869782,-0.00846216641
1466.6666666666677,0.483409286,0.412467748,9.33145e-008,0.489899427,0.402169853,-0.00281109079,0.489398032,0.392509073,-0.00617445074,0.486581802,0.386120915,-0.0097376965,0.485055,0.379812956,-0.0130150542,0.469027221,0.388498932,-0.00990445819,0.479744,0.384436309,-0.0192751028,0.493183136,0.386285,-0.024933299,0.501850426,0.388912469,-0.0278748423,0.465199113,0.393634796,-0.0125610568,0.482089877,0.391636848,-0.0214764457,0.496960074,0.393070817,-0.0248247236,0.505339444,0.394946933,-0.0266213082,0.4652825,0.400415957,-0.0155677991,0.482593894,0.398826897,-0.0248611514,0.496349066,0.399338216,-0.0259921402,0.504529774,0.400165915,-0.0254678186,0.468036234,0.407463253,-0.0186205264,0.483339459,0.405801147,-0.026005052,0.494988084,0.404826432,-0.0269091055,0.502978623,0.40430513,-0.0263436846
1483.3333333333344,0.70206213,0.425633043,-3.52381555e-008,0.685432374,0.420282304,-0.00104088325,0.666122615,0.4200221,-0.00457010139,0.651747286,0.421193838,-0.00790572446,0.640473306,0.423345596,-0.0107089877,0.669695735,0.425253868,-0.0131335985,0.645163596,0.432231903,-0.0206608828,0.649291098,0.429732591,-0.0232321564,0.659082115,0.42708528,-0.0227680095,0.676296711,0.43176645,-0.0144339027,0.648320735,0.43869,-0.0195282977,0.652782381,0.43548134,-0.0189407896,0.663240135,0.433036447,-0.0177103709,0.681718767,0.437580645,-0.0152622787,0.65551,0.443868399,-0.0177219473,0.660042584,0.44047159,-0.0133106522,0.669231355,0.438017577,-0.00999685191,0.685907364,0.442310601,-0.0160289723,0.665575266,0.447192907,-0.0171888433,0.667761564,0.444609135,-0.0134036569,0.674826,0.442479253,-0.0103059784
1483.3333333333344,0.472796381,0.411279708,1.44462703e-007,0.480373681,0.402074128,-0.00341346045,0.48511979,0.39217034,-0.00820780452,0.486611068,0.385278851,-0.012854238,0.486176878,0.379122555,-0.0171834584,0.468681246,0.388144255,-0.0158347674,0.483888149,0.384485602,-0.025988305,0.496411175,0.386642605,-0.0309604313,0.502930462,0.38947311,-0.0331369899,0.465401769,0.393540591,-0.0184831657,0.482872188,0.390486479,-0.0281851012,0.497470617,0.392640173,-0.0305738952,0.505120218,0.394946337,-0.03156358,0.46565333,0.400325507,-0.0211432148,0.483621985,0.397216797,-0.0303590205,0.497605681,0.398635238,-0.0308798719,0.50520581,0.399796516,-0.030137429,0.468548983,0.407175481,-0.0238064136,0.485387266,0.404976875,-0.0312560908,0.497625083,0.404991448,-0.0322279781,0.505360186,0.405186087,-0.0318925381
1500.0000000000011,0.702776253,0.425789416,-5.6194569e-008,0.685746789,0.419892222,-0.00102209777,0.666581571,0.419272363,-0.00434842566,0.652128577,0.420345962,-0.00748959091,0.641061783,0.422362626,-0.00992319919,0.669478118,0.42486766,-0.0123521285,0.644980609,0.43186152,-0.0197120216,0.65081352,0.429609179,-0.021994479,0.660968602,0.427273124,-0.0213843808,0.675944149,0.43153888,-0.0136027904,0.648953557,0.438522279,-0.018940147,0.654705405,0.435401976,-0.0181582719,0.665132344,0.432869852,-0.0165747236,0.681204915,0.437493026,-0.0144646848,0.6560691,0.443598628,-0.0170433894,0.661082864,0.440274268,-0.0124521414,0.670090675,0.437875926,-0.00884662941,0.685251832,0.442303509,-0.0152892685,0.665842,0.446876764,-0.0161826126,0.668502748,0.444271088,-0.01213843,0.675527,0.442204475,-0.00881874654
1500.0000000000011,0.483977377,0.409874856,6.84311203e-008,0.488447845,0.400065899,-0.00200719852,0.488270551,0.390731394,-0.00512038637,0.486999542,0.384742677,-0.00847611,0.486459464,0.378723741,-0.0116103962,0.467918605,0.387754112,-0.0101202,0.479423136,0.384266406,-0.0188907273,0.493088096,0.386146456,-0.0236284826,0.50185883,0.388457328,-0.0259024482,0.465248972,0.393394291,-0.0131004853,0.482524484,0.391164958,-0.021499224,0.497441113,0.392303407,-0.0242693499,0.506060123,0.393919557,-0.0256663393,0.466601491,0.400208,-0.0162465144,0.483383298,0.398489952,-0.0251877327,0.496872425,0.39882803,-0.0262244605,0.504874408,0.399479806,-0.0256806575,0.470376849,0.406854182,-0.0193148572,0.48481524,0.405165941,-0.0262017567,0.496141911,0.404313147,-0.0268485025,0.504098535,0.404098153,-0.0261721872
1516.6666666666679,0.702007174,0.42591691,-4.41771491e-008,0.685038,0.420150757,-0.000645447,0.666241944,0.419430345,-0.00403414527,0.652247369,0.420288622,-0.00730461907,0.641582,0.42184779,-0.00991863105,0.669965446,0.424870819,-0.0125212185,0.645399809,0.431690335,-0.0197266843,0.650793791,0.429399073,-0.0219240356,0.660445213,0.427093953,-0.0213082582,0.676436067,0.431426644,-0.0140119987,0.648999,0.437903315,-0.0191065,0.654517949,0.434865326,-0.0181926508,0.664750755,0.432568491,-0.0166356228,0.681657791,0.437396049,-0.0150326416,0.656212747,0.442957222,-0.0172744449,0.660924196,0.439728588,-0.0125458287,0.66959542,0.437554687,-0.00900382083,0.685642421,0.442439795,-0.0159904156,0.665851533,0.446637481,-0.01658413,0.668457568,0.443992794,-0.0123754339,0.675347149,0.442095101,-0.00905072317
1516.6666666666679,0.473541588,0.413102776,1.0557045e-007,0.47956866,0.402949691,-0.0027117033,0.485428482,0.39236182,-0.00676709367,0.487618476,0.385046124,-0.0106289247,0.486175925,0.379075646,-0.0141851027,0.474883318,0.387695283,-0.0135493651,0.481590807,0.383710891,-0.0222818702,0.492665768,0.385554135,-0.0266609173,0.500703216,0.388122618,-0.0287787337,0.471849978,0.393283248,-0.0162465405,0.481016,0.390093803,-0.0247968212,0.495199561,0.391682982,-0.0272237584,0.504816532,0.393534601,-0.028466,0.471331924,0.4002074,-0.0188803189,0.482284784,0.396811455,-0.0272635762,0.495533764,0.397799611,-0.0279830173,0.504852533,0.398769796,-0.0274506696,0.472880483,0.407670528,-0.0215102769,0.48492083,0.404234439,-0.0281979013,0.495846182,0.403869122,-0.0289877802,0.504374146,0.403928131,-0.0285840333
1533.3333333333346,0.703584611,0.425541192,-4.80833258e-008,0.687037408,0.419814795,-0.000944154104,0.667952716,0.419112206,-0.00432893494,0.653712451,0.419863224,-0.007600802,0.642634,0.421563745,-0.01016274,0.670498908,0.424816072,-0.0120716747,0.645839095,0.431208163,-0.0195511524,0.651988626,0.428872943,-0.0220239237,0.66230756,0.426527321,-0.0215371922,0.676672399,0.431356758,-0.0135481963,0.64917028,0.437729985,-0.0187362526,0.655454695,0.434796,-0.0179580115,0.666000366,0.432532817,-0.0164313447,0.68193388,0.437272131,-0.0146812107,0.656611741,0.442784071,-0.0171904452,0.662098706,0.439680904,-0.0125129484,0.671100557,0.437516302,-0.00892232265,0.686142087,0.442225516,-0.015785031,0.666266441,0.446366161,-0.0165479537,0.669292033,0.443917811,-0.0123452162,0.676248789,0.442120612,-0.00899101
1533.3333333333346,0.482324123,0.413976043,9.03668251e-008,0.491006881,0.40224269,-0.00180679117,0.490570903,0.391899854,-0.00509809097,0.487444282,0.384853363,-0.0088977553,0.485550553,0.378331184,-0.0123745799,0.468607038,0.388269603,-0.00955324434,0.482370585,0.384012491,-0.0188574065,0.495491,0.386153102,-0.024455972,0.503100634,0.38859427,-0.0274657775,0.465723604,0.393456161,-0.0127198836,0.483807474,0.390107632,-0.021285791,0.498804867,0.391332179,-0.0246007778,0.507071733,0.393292278,-0.0266373083,0.466856927,0.400062472,-0.0160994399,0.484708548,0.396503925,-0.0250170417,0.499371529,0.396975547,-0.0260231141,0.507284939,0.398478925,-0.0256414935,0.470396727,0.406866968,-0.0194611605,0.486747712,0.403637677,-0.0265800618,0.497959197,0.403122336,-0.027382886,0.504849553,0.403694093,-0.0268898755
1550.0000000000014,0.704663157,0.425470263,-4.51609417e-008,0.688402355,0.419588089,-0.000782921154,0.669505179,0.418850213,-0.00434906501,0.654892862,0.419562072,-0.00780958449,0.64332664,0.420925379,-0.0106340982,0.671739876,0.424380422,-0.0124383643,0.646694362,0.431040794,-0.019983599,0.651566088,0.428892583,-0.0224019475,0.661348224,0.426612437,-0.021852294,0.677773058,0.430840701,-0.0139969252,0.649746299,0.437462837,-0.01946407,0.655206442,0.434529185,-0.0187063552,0.665533483,0.432283521,-0.0171284433,0.682852745,0.436770052,-0.0151269417,0.656853139,0.4425174,-0.0178804733,0.661754,0.439416826,-0.0131475544,0.670611441,0.437317222,-0.00943784881,0.686864376,0.441835254,-0.0161679052,0.666357934,0.446186543,-0.0171023905,0.669392347,0.443650454,-0.0127647454,0.67668587,0.441757202,-0.00923794601
1550.0000000000014,0.473543942,0.411912978,4.15524504e-010,0.473062307,0.400502652,-0.00359147158,0.478273124,0.390534788,-0.00691536861,0.483160704,0.383960754,-0.010130682,0.484978765,0.378653288,-0.0130874803,0.491225749,0.38754651,-0.00819423329,0.482263833,0.383835703,-0.0167551134,0.4836891,0.385199398,-0.0229167566,0.488008201,0.387069106,-0.0264994744,0.490281314,0.393006355,-0.0103301238,0.482138127,0.389676839,-0.0185886919,0.488154083,0.390979081,-0.0225360133,0.494471192,0.393028408,-0.0249165613,0.48807916,0.399386972,-0.0129309082,0.482982695,0.396199882,-0.0210823119,0.488563865,0.39736709,-0.022366371,0.494394094,0.398779094,-0.022237977,0.484794348,0.406402826,-0.0158141162,0.486235619,0.403460234,-0.022276368,0.492380887,0.403293461,-0.0234131347,0.499362975,0.403564483,-0.0232630074
1566.666666666668,0.705150068,0.425643623,-4.16752215e-008,0.688563466,0.419687748,-0.000858413114,0.669836223,0.418813407,-0.00442452775,0.655534208,0.419568837,-0.00798829179,0.644150734,0.420796275,-0.0109001081,0.671644807,0.424479038,-0.0119107971,0.646946192,0.431111664,-0.0193948671,0.65204066,0.428631186,-0.0220508669,0.661783278,0.426254839,-0.0217086244,0.677678943,0.430985153,-0.0135127166,0.650218666,0.437159538,-0.0186012592,0.655600429,0.434179574,-0.0180819966,0.665994525,0.43209666,-0.0168364029,0.682966948,0.436885059,-0.0147426473,0.657496,0.442157418,-0.0171357561,0.662282,0.439089209,-0.0126801189,0.671188593,0.437102169,-0.0093111014,0.687249601,0.441942096,-0.0159407686,0.666953206,0.445955127,-0.0165923163,0.669705033,0.443443179,-0.0123941973,0.676873326,0.441664934,-0.00907842815
1566.666666666668,0.475378931,0.41190505,2.55877399e-008,0.475334316,0.400968432,-0.00405311165,0.479901403,0.390698493,-0.00720207626,0.483676344,0.383938253,-0.0102974102,0.48474741,0.378367692,-0.0129196187,0.49330318,0.386710733,-0.00601613,0.482783616,0.383863866,-0.0149186077,0.486691773,0.385511935,-0.0213798564,0.493483305,0.387343615,-0.024979569,0.49220559,0.392328382,-0.00797537,0.481328875,0.389279902,-0.0165900942,0.489399701,0.39126125,-0.0204270259,0.497747898,0.39322269,-0.02242193,0.489544153,0.398882866,-0.0107394457,0.481745601,0.395739317,-0.0197665188,0.489940107,0.397659928,-0.0208936818,0.498304069,0.399313688,-0.0201993752,0.485964179,0.406333357,-0.013836382,0.485131502,0.403164238,-0.0206659064,0.491586417,0.403490394,-0.0216097,0.499038547,0.40419364,-0.0210131612
1583.3333333333348,0.705500245,0.425056934,-4.15213819e-008,0.688863516,0.419525623,-0.000305757712,0.669735253,0.418757558,-0.00355091342,0.65540278,0.41923824,-0.00689566601,0.64411658,0.420197725,-0.0096765561,0.671568215,0.424321,-0.0109692644,0.647422135,0.430696309,-0.0182673465,0.652101278,0.428622544,-0.0208949465,0.661724508,0.426336706,-0.0205464456,0.677675128,0.430761576,-0.0128291845,0.650283277,0.437021017,-0.0181222521,0.65574497,0.434172571,-0.017679669,0.66612,0.431970626,-0.0163248535,0.683009207,0.436667085,-0.014287292,0.657465756,0.442155451,-0.0169594195,0.662335157,0.43909806,-0.0125269983,0.671329081,0.436955482,-0.00899824873,0.687460542,0.441702,-0.015647551,0.666933119,0.445875466,-0.0165386181,0.66986835,0.443348914,-0.0122875189,0.677221477,0.441419125,-0.00880135782
1583.3333333333348,0.475878209,0.411667079,8.04796656e-008,0.476665139,0.400945842,-0.00332664256,0.48074013,0.390836895,-0.00716452859,0.484422475,0.383879,-0.01091656,0.486144513,0.378192455,-0.0146397604,0.483992279,0.387355566,-0.0107048238,0.483606666,0.384047896,-0.0201582946,0.489914507,0.384773076,-0.0264770798,0.495757252,0.385911852,-0.0300947838,0.482153177,0.392634,-0.013383355,0.483351141,0.389415711,-0.0225273278,0.492884696,0.390544593,-0.0263786167,0.500306785,0.39209798,-0.0286129285,0.480422407,0.399195701,-0.0163601954,0.483518183,0.395900577,-0.0254437514,0.493029416,0.397074163,-0.0267974809,0.500937462,0.398395747,-0.0266083274,0.478602797,0.406326622,-0.0194787942,0.485067129,0.403255165,-0.0268034656,0.494029611,0.402959853,-0.0281717367,0.502415419,0.403260291,-0.0281439889
1600.0000000000016,0.704938054,0.425080955,-4.78487046e-008,0.688321352,0.419380784,-0.000671044691,0.669156849,0.418693811,-0.00410548411,0.654893517,0.419354022,-0.00739822397,0.643936157,0.420046747,-0.0100082103,0.672573507,0.424152195,-0.0127213476,0.647173345,0.430407971,-0.0200319,0.652684689,0.428558767,-0.0221644491,0.66259861,0.426400036,-0.0214529522,0.678735852,0.430679858,-0.0141602298,0.650542736,0.437029213,-0.0195034463,0.656350493,0.434365362,-0.0185159724,0.666677296,0.432069182,-0.0167713277,0.683677137,0.436627328,-0.0151119838,0.658133507,0.442215711,-0.0175411,0.66301012,0.439303398,-0.0127764372,0.671702743,0.43713063,-0.00907989126,0.687491179,0.441633463,-0.0159843527,0.667125225,0.445937663,-0.0164975952,0.669979036,0.443515748,-0.0121400589,0.677213371,0.441559851,-0.00868197903
1600.0000000000016,0.479360044,0.413506716,1.07437927e-007,0.487355858,0.403081208,-0.00255374471,0.488756508,0.392405421,-0.00579308392,0.487160504,0.38488552,-0.00926403701,0.485554844,0.378534436,-0.0123288417,0.470505029,0.38773185,-0.00843853131,0.482216328,0.383818895,-0.0173624437,0.493866026,0.385751814,-0.0228738,0.501250565,0.388358146,-0.0257960148,0.467573285,0.392449737,-0.0108253369,0.482814,0.38974151,-0.0187973958,0.49705115,0.391554803,-0.0217553135,0.505772054,0.393472105,-0.0235123,0.468023956,0.398699731,-0.0136091989,0.484013706,0.395674467,-0.0220805593,0.497790873,0.396779895,-0.0229721963,0.506306112,0.39807421,-0.022527311,0.470678359,0.405431896,-0.0164378099,0.485549212,0.40279904,-0.0232512653,0.496194392,0.402690709,-0.024102,0.50315994,0.40307653,-0.0236617662
1616.6666666666683,0.706185,0.425175518,-5.49922454e-008,0.689492822,0.419135213,-0.000320426043,0.670092702,0.418633074,-0.0033150448,0.655351341,0.419486731,-0.00633503031,0.643934369,0.420063704,-0.00865960773,0.672071457,0.424177021,-0.0110846832,0.647244215,0.430433691,-0.0181362983,0.653471887,0.428185344,-0.0202731453,0.663900614,0.425978035,-0.0196411405,0.678047895,0.430658519,-0.0127355345,0.650831461,0.43698135,-0.0177840479,0.656963289,0.434064835,-0.0169042088,0.667316139,0.431840271,-0.0152740199,0.683245242,0.436573356,-0.0139999054,0.658398509,0.442049265,-0.016416518,0.663507342,0.43897444,-0.011836621,0.672250867,0.436836272,-0.00825463329,0.687508941,0.441587,-0.0151579902,0.667815924,0.445785195,-0.0157321822,0.670719862,0.443318069,-0.0114844749,0.677704036,0.441420227,-0.00807970576
1616.6666666666683,0.49022159,0.412164,2.88768991e-008,0.49586454,0.401776195,-0.00200451445,0.493213207,0.390988886,-0.00382813159,0.488812685,0.383950174,-0.00598683488,0.485757113,0.377782404,-0.00774025591,0.469994694,0.387089461,-0.00586749334,0.482739598,0.383009166,-0.0136572262,0.495411366,0.385620475,-0.0179559551,0.503190815,0.388002,-0.0199926384,0.465959847,0.392327487,-0.00830666721,0.483626425,0.389351934,-0.0156656429,0.497568518,0.391316473,-0.0179806128,0.505710363,0.39311257,-0.0189189631,0.466198266,0.398962408,-0.0112677133,0.483674735,0.396526456,-0.0197875425,0.497425646,0.397369504,-0.02100976,0.50590086,0.398182601,-0.0204007,0.469612777,0.405750632,-0.0141956769,0.48389253,0.403487206,-0.0208992977,0.495077044,0.403301388,-0.0218984056,0.502963305,0.40338695,-0.0213359036
1633.333333333335,0.709582329,0.425449073,-5.86760542e-008,0.692722678,0.419262111,-0.000122267549,0.672402561,0.418644786,-0.00268507074,0.656697929,0.419151664,-0.00537220528,0.644516289,0.419394642,-0.00749181258,0.672351956,0.424280554,-0.00950427726,0.648381,0.430130035,-0.0159436427,0.654538512,0.427956641,-0.0180396549,0.664559245,0.425767452,-0.0175567847,0.678083062,0.43077144,-0.0111508695,0.651801109,0.436480194,-0.0157064609,0.657891273,0.433747381,-0.0150912395,0.667916179,0.431735575,-0.0137313902,0.683458865,0.436635107,-0.0124441981,0.659381807,0.441588163,-0.0146519216,0.664570212,0.438722432,-0.0105249,0.673257172,0.436720461,-0.00729448721,0.687974691,0.441502631,-0.0136159491,0.668687224,0.445307672,-0.0142051475,0.671805739,0.442913055,-0.0102159753,0.678790808,0.44108218,-0.00697029615
1633.333333333335,0.478069127,0.414003968,1.0500537e-007,0.483773589,0.403418303,-0.00388565217,0.486345708,0.392400146,-0.00815110467,0.485660434,0.384710312,-0.0120782619,0.484822303,0.378302515,-0.0156121701,0.478060246,0.387119502,-0.0122278817,0.482834935,0.383932114,-0.0212165155,0.493741632,0.385662138,-0.0264102258,0.501965344,0.388206154,-0.029171804,0.47514528,0.39198029,-0.0142386667,0.481070191,0.389154673,-0.0230536237,0.494656503,0.391242623,-0.0260621551,0.50352478,0.393539578,-0.0277220104,0.4741157,0.398376584,-0.0164560732,0.481845528,0.395343304,-0.025249036,0.495267242,0.397119403,-0.0261790827,0.504099071,0.398693919,-0.0257420763,0.474553287,0.405590236,-0.0188005939,0.483969182,0.402807802,-0.0259046275,0.49390617,0.40315032,-0.0268635079,0.500966251,0.403803319,-0.0265082531
1650.0000000000018,0.709803045,0.424915016,-5.4920914e-008,0.693443477,0.419140577,-0.000353227777,0.673685849,0.418372869,-0.00367622497,0.65797925,0.41866833,-0.00702533545,0.645340443,0.419231623,-0.00981816091,0.673567891,0.423756957,-0.0116374083,0.648585141,0.429882228,-0.0189448241,0.654362738,0.427434891,-0.02139185,0.664860606,0.425239,-0.0209447294,0.67920047,0.430134803,-0.0133132804,0.652054906,0.436282963,-0.0186074339,0.657858372,0.433323085,-0.0179723017,0.668258607,0.431218803,-0.0165684093,0.684478939,0.435924947,-0.0145665249,0.659525931,0.441431135,-0.0172240585,0.664307654,0.438369513,-0.0128072174,0.672946513,0.436265141,-0.0093242852,0.689010084,0.440777034,-0.0156725701,0.668961,0.445138305,-0.0164923556,0.671802282,0.442587048,-0.0122662559,0.67895782,0.440562636,-0.00879414566
1650.0000000000018,0.48482573,0.414830863,8.2642039e-008,0.492847741,0.402990669,-0.00195276365,0.491240948,0.392357886,-0.00443439279,0.487145215,0.385371655,-0.00745464535,0.484097391,0.378780752,-0.010094583,0.469308376,0.388639271,-0.0072600767,0.480173171,0.384054095,-0.0166008454,0.492964387,0.385877609,-0.0226953756,0.501168072,0.388198942,-0.0259724054,0.465567917,0.393619359,-0.0101104202,0.481272489,0.390174985,-0.0188070554,0.496125281,0.391215026,-0.0226701032,0.504702,0.392900199,-0.0249100477,0.465889,0.400008053,-0.0134131685,0.48184377,0.39677611,-0.0227071699,0.496497571,0.397078812,-0.0244555771,0.505069733,0.398301244,-0.0243519861,0.468934625,0.40670979,-0.0167556331,0.484075785,0.403555483,-0.0242989268,0.495672166,0.403114349,-0.025705548,0.503493607,0.403639346,-0.0254956894
1666.6666666666686,0.709633708,0.424805045,-6.158443e-008,0.693101764,0.418711245,-0.000386297237,0.673440397,0.418203175,-0.00358605781,0.6579808,0.418837428,-0.00684822397,0.64572072,0.419141173,-0.00946216285,0.67364949,0.423381448,-0.0112143476,0.64848578,0.42956239,-0.0184716675,0.655236661,0.427034348,-0.0209234841,0.666017473,0.42492789,-0.0205273628,0.679480553,0.429943442,-0.0128731299,0.652030051,0.436048508,-0.0181782097,0.658782899,0.433041275,-0.0174884014,0.669594049,0.431022018,-0.0159997158,0.684747398,0.435843617,-0.014144537,0.659884214,0.441104621,-0.0166993774,0.665476322,0.438019,-0.0120884012,0.674444556,0.436012447,-0.00850260165,0.689148247,0.440712839,-0.0153186014,0.669402,0.444579333,-0.0159667209,0.672705412,0.442002773,-0.0116418544,0.679923296,0.44010675,-0.00817903597
1666.6666666666686,0.477522224,0.414053768,1.05268818e-007,0.482992232,0.403539598,-0.00275191828,0.485546649,0.392635524,-0.00608613528,0.484932065,0.385263741,-0.0094783511,0.483626,0.379083931,-0.0125909,0.474810243,0.38732022,-0.00845006295,0.482416302,0.384708881,-0.0169923119,0.493044138,0.386067957,-0.0227811392,0.500644565,0.388134539,-0.0260625146,0.471797049,0.392202377,-0.0106909052,0.48150897,0.389949918,-0.0184961632,0.494398415,0.391758353,-0.0217671171,0.502584815,0.393708318,-0.0237694904,0.470890224,0.398579329,-0.0132676018,0.481861442,0.396085739,-0.0213834625,0.494656235,0.397590667,-0.022669442,0.502861202,0.398966432,-0.0225386899,0.47141552,0.405649036,-0.0159219727,0.483079195,0.403184384,-0.0224862602,0.493202239,0.403304547,-0.0236263573,0.500333607,0.403811723,-0.0234904774
1683.3333333333353,0.708127379,0.424999446,-6.47254907e-008,0.691365898,0.418786824,-0.000321270432,0.671705365,0.417805076,-0.00340870302,0.656586051,0.418170542,-0.00648970436,0.64485,0.418670774,-0.00891610794,0.6734007,0.42312634,-0.0117360679,0.648440957,0.429127663,-0.018852992,0.655174792,0.426657975,-0.0211251304,0.665685177,0.42462793,-0.0206678305,0.679004669,0.429720104,-0.0133760953,0.652134061,0.435453027,-0.0184654947,0.659053504,0.432511687,-0.0174731724,0.669589579,0.430581957,-0.0159272067,0.683858335,0.435699075,-0.0146035,0.659162402,0.440582514,-0.0168762393,0.665086746,0.437562823,-0.0120359799,0.674005568,0.435655296,-0.00846522208,0.687880218,0.440670788,-0.0157570783,0.668489456,0.444180369,-0.0162003301,0.672104657,0.441686928,-0.0118488139,0.679351211,0.439975351,-0.00850149337
1683.3333333333353,0.487197071,0.413824707,6.31331289e-008,0.492665,0.402979791,-0.00283690472,0.490245253,0.392290682,-0.0053582266,0.485884279,0.385327369,-0.00811629556,0.482575446,0.37883383,-0.0103229359,0.468522906,0.388306916,-0.00717939949,0.481095314,0.383721054,-0.0161015131,0.493881702,0.386521816,-0.0214588363,0.501461267,0.389536619,-0.0241153762,0.464416951,0.393363267,-0.00942304824,0.481203049,0.390233099,-0.0175223444,0.49529624,0.39211902,-0.0205780864,0.503053069,0.394191682,-0.022185497,0.46438995,0.399949849,-0.0122839762,0.481412858,0.397302032,-0.0209272411,0.495263547,0.398063213,-0.0221966151,0.503390193,0.399219811,-0.0218101777,0.467465132,0.406868607,-0.0152589418,0.482426494,0.404435575,-0.0219743196,0.493550748,0.404127955,-0.0230625942,0.500927567,0.404320061,-0.0227313936
1700.000000000002,0.708117843,0.424198478,-6.61559e-008,0.691371202,0.418597639,0.000244630122,0.671399474,0.417789221,-0.00295075472,0.656462431,0.418105543,-0.00636693602,0.644578159,0.417975783,-0.00930655934,0.674090445,0.42201823,-0.0113396551,0.649044454,0.42892912,-0.0188065078,0.655352533,0.426879048,-0.0213697609,0.666024923,0.424601704,-0.0209680535,0.680402458,0.428232789,-0.0134687889,0.652922153,0.435256362,-0.0190583318,0.659760356,0.432627112,-0.0185122173,0.670553,0.430356979,-0.0170949,0.685665309,0.433982909,-0.0151337348,0.660662949,0.440290302,-0.0178379957,0.66659826,0.437468618,-0.0131556336,0.675617337,0.435223192,-0.00951844174,0.689783931,0.438922584,-0.0166444965,0.669844627,0.443777233,-0.0173619296,0.673665762,0.441485196,-0.0129376808,0.681171894,0.439452589,-0.00944265258
1700.000000000002,0.475848734,0.415356427,1.04567917e-007,0.483232856,0.405064315,-0.00337972306,0.485976845,0.393934,-0.00726670399,0.484596878,0.386126757,-0.0111111561,0.482343644,0.379532069,-0.0146655794,0.473922938,0.38818711,-0.010124404,0.479274333,0.385160089,-0.0193609968,0.489436686,0.386834681,-0.025552908,0.4970195,0.389122754,-0.029047424,0.470303416,0.393039256,-0.0123887612,0.478921592,0.390515894,-0.0209011417,0.492310613,0.392612964,-0.0244522933,0.500882,0.394890159,-0.026564844,0.469476491,0.399542928,-0.0149648273,0.47972846,0.396556795,-0.023794787,0.49299109,0.398386,-0.0248509347,0.50118,0.400036216,-0.0244081058,0.470571071,0.406715333,-0.0176444426,0.482378185,0.403782129,-0.024584936,0.492144763,0.404388756,-0.0252136365,0.498487592,0.40531826,-0.0246130954
1716.6666666666688,0.708815515,0.424051106,-6.76906922e-008,0.692032,0.418108225,0.000297128456,0.672112465,0.416947752,-0.00249057123,0.656826794,0.41719836,-0.0054821372,0.644720912,0.417426,-0.0080494117,0.673162162,0.42152831,-0.0108507415,0.649369538,0.42819941,-0.0179313738,0.65529114,0.426023602,-0.0203068927,0.665524423,0.423639804,-0.0199030656,0.679419398,0.427886963,-0.0128796855,0.65313369,0.434545159,-0.0183036663,0.659313202,0.431818068,-0.0177512374,0.669522583,0.429641038,-0.0163895469,0.684892952,0.433657348,-0.0144603765,0.660909891,0.439706385,-0.0173756089,0.666413724,0.436835796,-0.0130145587,0.675170243,0.434505016,-0.00950530078,0.689468145,0.438457817,-0.0158684794,0.670231342,0.443294406,-0.0170000494,0.673587322,0.440931231,-0.0130143082,0.680815816,0.438664526,-0.00970535
1716.6666666666688,0.484351456,0.415648788,7.5220413e-008,0.491824776,0.403645188,-0.00166231242,0.489313424,0.39304021,-0.00410708087,0.484224439,0.386012465,-0.00714904675,0.480695158,0.379314631,-0.00990433712,0.467346966,0.389636159,-0.00755978236,0.47723648,0.38515842,-0.0165546089,0.49028644,0.387007952,-0.0220488235,0.499272853,0.389327526,-0.0250240564,0.463133961,0.394780487,-0.0105778165,0.478729576,0.391434,-0.0189163033,0.493786156,0.392440647,-0.0222825203,0.502692163,0.394150198,-0.0243790839,0.463249683,0.401371568,-0.0139928432,0.479062587,0.398082048,-0.0232016593,0.493778288,0.398455143,-0.0246406719,0.502617538,0.399827778,-0.024454575,0.46628949,0.408281416,-0.017387474,0.48098743,0.405121088,-0.0249155927,0.492638052,0.404681861,-0.0262449551,0.500640392,0.405193955,-0.0260747671
1733.3333333333355,0.709014118,0.423976421,-6.85694488e-008,0.692303658,0.417742521,0.000497290748,0.672260702,0.416727662,-0.00193971384,0.656913221,0.417058825,-0.00458950503,0.644852698,0.41666612,-0.00675550243,0.673588932,0.421084344,-0.00975619256,0.649520397,0.427451342,-0.0164618865,0.65559411,0.42555061,-0.018673,0.665823221,0.423400193,-0.0182175525,0.679215729,0.427595466,-0.0116802426,0.653041482,0.434074372,-0.0165811852,0.659540772,0.431591094,-0.0158867314,0.669543445,0.429458171,-0.0144708594,0.684255362,0.433507085,-0.0131806275,0.660647333,0.439150602,-0.0155925844,0.666287303,0.436519265,-0.0112514142,0.674686372,0.434344649,-0.0078609474,0.68846637,0.43842119,-0.0145124877,0.669829071,0.4428249,-0.015185195,0.673152387,0.440581471,-0.0111752516,0.679990828,0.438520491,-0.00793964136
1733.3333333333355,0.472967654,0.412347496,1.07384857e-007,0.477481127,0.4032498,-0.00309420144,0.480900049,0.393623263,-0.00694821356,0.481982559,0.386777043,-0.0107597169,0.481543094,0.380738318,-0.0142804077,0.466223598,0.389533222,-0.0111801755,0.480454922,0.386352271,-0.0202928707,0.490341574,0.388362974,-0.0256057,0.494504213,0.39034465,-0.0283724833,0.463666558,0.394326776,-0.0133094657,0.482824415,0.392522305,-0.0206448827,0.493572086,0.394667774,-0.0227077119,0.498460412,0.396288514,-0.0242440719,0.464360565,0.400660872,-0.0157074723,0.483722597,0.39863807,-0.0230525807,0.493965238,0.40024507,-0.0228859298,0.499012738,0.401537418,-0.0223046523,0.466626644,0.407202333,-0.0182397012,0.482938617,0.405380964,-0.0243205279,0.492730051,0.40554893,-0.0247070175,0.498803616,0.405832559,-0.0243492238
1750.0000000000023,0.709291875,0.423720211,-6.42732871e-008,0.692678154,0.417759657,0.000330262905,0.67260325,0.416491568,-0.00276221079,0.657339334,0.416487,-0.00608105538,0.645003378,0.415930182,-0.00894251745,0.674535632,0.420623511,-0.0110877044,0.649998546,0.427120835,-0.0185651947,0.656249046,0.424912751,-0.0211074948,0.666869164,0.422517478,-0.0207160041,0.680468798,0.427017629,-0.0132409688,0.653080642,0.433443189,-0.0191049688,0.659715891,0.430773348,-0.0185888726,0.670307755,0.428533077,-0.0171358846,0.685483217,0.432842672,-0.0149566829,0.660192192,0.438593447,-0.0181435086,0.666227,0.43580389,-0.0135613726,0.67517215,0.43346265,-0.0097924415,0.689578712,0.437788814,-0.0165055562,0.669385,0.442358851,-0.0176851656,0.673123658,0.439988315,-0.0135204634,0.680637538,0.437727243,-0.0100490749
1750.0000000000023,0.486949056,0.410144985,4.62647805e-008,0.490038455,0.401108921,-0.00181162637,0.487556636,0.391465127,-0.00334294722,0.483985841,0.385599822,-0.00528522255,0.481162608,0.380020052,-0.00692329742,0.466630191,0.388958156,-0.00529125053,0.477238119,0.385129452,-0.0126399146,0.489317805,0.387664288,-0.0168856233,0.496434301,0.390286893,-0.0187962782,0.4624933,0.393892199,-0.00753396749,0.477716565,0.391896933,-0.0140478713,0.491112351,0.39344734,-0.0163249318,0.498796791,0.395190835,-0.0173259955,0.46230039,0.400301307,-0.01021914,0.477514148,0.399050683,-0.0177707877,0.491149217,0.399877608,-0.0186240766,0.499496132,0.40084359,-0.0179331433,0.464827627,0.40696919,-0.0128872,0.478376895,0.405941665,-0.0189157277,0.489594221,0.405736804,-0.0194485132,0.497358024,0.405960381,-0.0185884479
1766.666666666669,0.709524751,0.423715979,-7.48123341e-008,0.692786813,0.417449236,0.000505682372,0.672820091,0.415969312,-0.00234939018,0.657782137,0.415988773,-0.00544543657,0.645717204,0.415727,-0.00809964631,0.674717069,0.420249611,-0.0105328672,0.650217,0.426125228,-0.0177407,0.657015383,0.424153924,-0.0202162,0.667757094,0.422100514,-0.0198721103,0.680442035,0.426680207,-0.0126396194,0.653477252,0.432865232,-0.018129142,0.660557926,0.430357,-0.0176202171,0.6714589,0.428263932,-0.0162437502,0.685330808,0.432400316,-0.0142963286,0.661167622,0.43819651,-0.0171000212,0.667273462,0.435419321,-0.0126847271,0.676350117,0.433113158,-0.00915482733,0.689335823,0.437103152,-0.0157872792,0.670649111,0.4418163,-0.0168124475,0.674277246,0.439443916,-0.0128596267,0.681436479,0.437219203,-0.00959589053
1766.666666666669,0.477775335,0.410089105,1.80027389e-008,0.476983488,0.401688218,-0.00159434217,0.479014069,0.392833382,-0.00425290829,0.48075825,0.386455923,-0.00671930704,0.480650872,0.38063097,-0.00928749423,0.478541315,0.392277449,-0.00969826151,0.478442609,0.387392968,-0.0152094262,0.478288978,0.388414115,-0.0181405637,0.477379382,0.390094876,-0.0197523553,0.478086501,0.397558153,-0.0119122211,0.482520819,0.393774956,-0.0159892701,0.484975904,0.395013124,-0.0166592058,0.485270679,0.396510959,-0.0176489297,0.478241563,0.403596371,-0.0139267575,0.483781248,0.400098234,-0.0175683778,0.486061811,0.401222855,-0.0155861853,0.486801147,0.402308941,-0.0145065626,0.47843492,0.409478456,-0.0159737058,0.483701944,0.405935973,-0.0190223288,0.486874819,0.406108737,-0.017323399,0.488938719,0.406553775,-0.0159542933
1783.3333333333358,0.70861721,0.423454493,-7.16942949e-008,0.691810668,0.417298615,0.000835114624,0.671950877,0.415601313,-0.00208932115,0.657351315,0.41548866,-0.00524528138,0.645559728,0.414958328,-0.00806789659,0.67438972,0.418935806,-0.0113670174,0.650260389,0.425525218,-0.0185107309,0.65639919,0.423840046,-0.0208607223,0.666916251,0.421655715,-0.0204626787,0.680590093,0.425277889,-0.0137637602,0.65354377,0.432347894,-0.0192744043,0.659930587,0.429978579,-0.0186599344,0.67047888,0.427737623,-0.0173274223,0.685689628,0.431114793,-0.0155917257,0.660913289,0.437541902,-0.0185061395,0.666846335,0.43491,-0.0139711285,0.675837696,0.432521611,-0.0104294261,0.689827621,0.436087757,-0.0171896927,0.670760155,0.441297323,-0.0184194278,0.674532235,0.439037114,-0.014411862,0.681859851,0.436697334,-0.0111510074
1783.3333333333358,0.473354757,0.411710441,8.27263449e-008,0.478431135,0.402714759,-0.00181242684,0.48107478,0.393430263,-0.0048012794,0.481706,0.387508,-0.00800668914,0.480298489,0.382021904,-0.0112100095,0.463102192,0.391548455,-0.010355562,0.474898547,0.387437165,-0.0180216599,0.485845864,0.389451563,-0.0221822616,0.491023332,0.391585916,-0.0242812131,0.461934894,0.396884948,-0.0130541548,0.477584034,0.393674105,-0.0191130489,0.490781218,0.395175844,-0.0206820276,0.497855633,0.396663487,-0.0220196303,0.463744104,0.403376818,-0.0157948434,0.478648603,0.40007022,-0.0222988613,0.491571486,0.400886863,-0.0220314395,0.49897,0.402127713,-0.0214683693,0.467263758,0.410070568,-0.0185005143,0.479483038,0.407294542,-0.0239496548,0.490234733,0.406485438,-0.0238754191,0.497744739,0.406689256,-0.0232464783
1800.0000000000025,0.707027793,0.423066884,-6.02792198e-008,0.690720499,0.417130917,0.000782068877,0.67140162,0.41528672,-0.00192493771,0.657143414,0.415339172,-0.00486655626,0.645557284,0.415235609,-0.00742492452,0.673727512,0.419143915,-0.0107879303,0.649890065,0.425354421,-0.0176210701,0.655840218,0.423506767,-0.0199505817,0.66639781,0.421392918,-0.0195572525,0.679627895,0.425658345,-0.0130200377,0.653022885,0.431977034,-0.0182639696,0.658917904,0.429564625,-0.01766661,0.669484258,0.42751056,-0.0164121874,0.684577048,0.431547493,-0.0147107067,0.660204649,0.437241077,-0.0174294561,0.665447891,0.434623748,-0.0130679421,0.674428344,0.432317793,-0.00963393878,0.688661098,0.436605394,-0.0162183885,0.669348,0.441231638,-0.01738864,0.672287226,0.438907,-0.0135444757,0.679726481,0.43667388,-0.0103325937
1800.0000000000025,0.483117133,0.410454839,3.28187291e-008,0.485972285,0.401982605,-0.00222726772,0.484094083,0.392884314,-0.00455817,0.480721295,0.387034,-0.0071129133,0.477717042,0.381559819,-0.00979208201,0.464220375,0.390622795,-0.00793447718,0.474062413,0.387355328,-0.0158663653,0.486070096,0.389362872,-0.0204726737,0.494579464,0.39195168,-0.0225542262,0.460023224,0.396283567,-0.0104295705,0.474478483,0.394183815,-0.0177008901,0.488633811,0.395586491,-0.0203093514,0.498154,0.397219956,-0.0213593561,0.460237056,0.403360277,-0.0132017694,0.474902093,0.401830971,-0.0215029158,0.488958955,0.402503371,-0.0223799534,0.498298287,0.403360546,-0.021598218,0.463511467,0.410555214,-0.0158836991,0.47582072,0.409549266,-0.0219968744,0.486474156,0.409077436,-0.0220383834,0.494219184,0.409002364,-0.0208587497
1816.6666666666692,0.708432138,0.422213078,-6.289401e-008,0.692263424,0.416246623,0.0006212999,0.672724903,0.414702117,-0.00226459675,0.657865,0.414543629,-0.00535674905,0.645723283,0.414069176,-0.00812162459,0.675240576,0.418046474,-0.0110766515,0.651711583,0.424361557,-0.0180441793,0.657252789,0.422283739,-0.0204141457,0.667481303,0.420018,-0.0200556982,0.681070328,0.424424022,-0.0133281592,0.654245794,0.431043446,-0.0184113402,0.659957886,0.428326577,-0.0176941101,0.67038,0.426212251,-0.0164365266,0.685994565,0.430236608,-0.0150608355,0.661583543,0.436070442,-0.0178261083,0.666833,0.433187872,-0.0133048492,0.675665379,0.430947244,-0.00982532185,0.689867198,0.435297668,-0.0166073181,0.670219243,0.439922869,-0.017756477,0.673514783,0.437399745,-0.0136184013,0.681122959,0.435282707,-0.0102746943
1816.6666666666692,0.475466162,0.414208055,1.00664842e-007,0.479555845,0.405020267,-0.0029773803,0.481178552,0.39540562,-0.00629738811,0.480428547,0.388925284,-0.00940044,0.478577942,0.382994205,-0.0123076746,0.463327259,0.39253211,-0.0110045886,0.473636895,0.389015555,-0.0190203935,0.482542574,0.390501529,-0.023649063,0.486142337,0.392255932,-0.0261524729,0.460693628,0.397467613,-0.0130119594,0.475786716,0.39489162,-0.0192036144,0.487221539,0.396196961,-0.0209131576,0.493458539,0.397474378,-0.0224389099,0.461378396,0.403871357,-0.0151760196,0.476602674,0.401146799,-0.0219810475,0.488261789,0.401991069,-0.021905696,0.495230347,0.403068841,-0.0215028822,0.463780165,0.410699785,-0.0174020305,0.476548016,0.408050269,-0.0235777106,0.486803144,0.407553822,-0.0239749327,0.494083583,0.407752186,-0.0235594455
1833.333333333336,0.708637536,0.421218604,-8.1481069e-008,0.692334473,0.415577799,0.000948263216,0.672565103,0.413851738,-0.00153961487,0.657717347,0.413520604,-0.00443437742,0.646054327,0.412454963,-0.00716717355,0.675645292,0.415932596,-0.00964867231,0.653420627,0.422549099,-0.0162183959,0.659422696,0.421446174,-0.0186820198,0.669402838,0.419227719,-0.0186522137,0.682015777,0.422020733,-0.0121925669,0.657180965,0.429244787,-0.0171538386,0.663413405,0.427442372,-0.0168427341,0.673355043,0.425054401,-0.0160239972,0.687323809,0.427716821,-0.0142717082,0.664308965,0.434206754,-0.0173629,0.670047283,0.432246447,-0.0133988978,0.678759515,0.429822147,-0.0103312181,0.69147408,0.432958096,-0.0161371641,0.672808886,0.43816328,-0.0178619958,0.676758826,0.436381906,-0.014277529,0.684649885,0.434203267,-0.0113297869
1833.333333333336,0.484857142,0.41199258,1.17301191e-008,0.487658978,0.404047221,-0.0019938217,0.483971983,0.394719511,-0.00385982916,0.479302198,0.388620347,-0.00609303499,0.476214737,0.383200049,-0.00820495281,0.462738961,0.391173065,-0.00508393534,0.473108381,0.387725472,-0.0125551494,0.485167027,0.390278846,-0.016960483,0.493234724,0.392779708,-0.0189084858,0.458087057,0.39617759,-0.00738715334,0.472480714,0.394104242,-0.0143491914,0.485987544,0.395959854,-0.0166273303,0.494989425,0.397484183,-0.0172338933,0.457487702,0.402760476,-0.0101742418,0.471349657,0.401140958,-0.0183101017,0.485107869,0.402329504,-0.0188669953,0.494514883,0.40324837,-0.0175696407,0.460085541,0.409611881,-0.0129232137,0.471150428,0.408137262,-0.0189986061,0.482109219,0.407977521,-0.018960217,0.490287662,0.408050984,-0.017451698
1850.0000000000027,0.708167493,0.420449764,-8.62210854e-008,0.692660034,0.414814144,0.00108073105,0.673848867,0.412574112,-0.00157388474,0.658966124,0.412698507,-0.00467586285,0.647815466,0.41073513,-0.00799729861,0.677092314,0.411564827,-0.0110257184,0.65502125,0.419812143,-0.0174751971,0.659533143,0.420332849,-0.0197520033,0.668318331,0.418100566,-0.019874068,0.684412479,0.417452455,-0.0138733964,0.659622908,0.426153868,-0.0186810642,0.663812876,0.426335514,-0.0183445867,0.672222495,0.424014241,-0.0179601107,0.690379202,0.423413754,-0.016176194,0.665717125,0.431098431,-0.0201095622,0.669254601,0.431120664,-0.0168524347,0.677262902,0.428908318,-0.014248101,0.694853604,0.429374307,-0.0181164891,0.674823225,0.435259074,-0.0210801736,0.676254272,0.434488684,-0.0184450578,0.682829559,0.432260752,-0.0160583463
1850.0000000000027,0.477234572,0.413785517,-6.4240254e-008,0.476612031,0.405119538,-0.00170888205,0.477243781,0.395695925,-0.00354713923,0.476984322,0.389377713,-0.00543000409,0.473981023,0.383884728,-0.00741233397,0.483913898,0.392900676,-0.00674701715,0.474087924,0.389342815,-0.011537537,0.471098,0.392474741,-0.0140701234,0.471263826,0.394516438,-0.0154720228,0.483825833,0.398273975,-0.00869447179,0.473769426,0.395354,-0.0120889023,0.473352849,0.39779976,-0.0127699804,0.47455442,0.399659753,-0.0136547768,0.482411116,0.404414922,-0.0106823798,0.472548217,0.401770771,-0.0143162431,0.472939968,0.404136389,-0.0126963481,0.474750161,0.40593192,-0.0116534783,0.479882121,0.41075027,-0.0126937404,0.471870273,0.407881,-0.015903946,0.47277531,0.409160823,-0.0143237617,0.475699931,0.410578728,-0.0127312914
1866.6666666666695,0.705376208,0.418481082,-4.69116905e-008,0.68972,0.41345498,5.13357518e-005,0.672206104,0.410729915,-0.00338772358,0.658480823,0.409363925,-0.00667331973,0.648733616,0.406904459,-0.0105698053,0.678582907,0.407414079,-0.0144079318,0.657221317,0.414031655,-0.0207126476,0.652942657,0.416242152,-0.0229066592,0.654775918,0.416556954,-0.0232839081,0.685922444,0.413109124,-0.0171169341,0.662861228,0.420516729,-0.0215224419,0.657308161,0.422080696,-0.0209581926,0.658961535,0.421422,-0.020933006,0.691708744,0.419174522,-0.019272726,0.669454813,0.425842285,-0.0228493437,0.662292123,0.427317083,-0.0205935165,0.661997199,0.426450551,-0.0191297233,0.695659637,0.425075591,-0.0211293586,0.676433384,0.430225521,-0.0240549631,0.669314325,0.430940956,-0.0224994663,0.667458236,0.430014879,-0.0211422257
1866.6666666666695,0.473822773,0.413263202,-1.09524642e-007,0.472659141,0.403851628,-0.00303815631,0.474096715,0.394435287,-0.0052207862,0.473808289,0.38808471,-0.00731830392,0.470605791,0.38254723,-0.00941532757,0.486879021,0.392019749,-0.00755799189,0.470738977,0.387742251,-0.0137869939,0.464059323,0.390485704,-0.0171301737,0.464501172,0.39272067,-0.01882983,0.487254381,0.397823364,-0.00937931612,0.468079895,0.395323366,-0.0143175302,0.464120299,0.397948444,-0.015177452,0.46655497,0.39992258,-0.0157270264,0.484971106,0.404687613,-0.0115201902,0.465452671,0.402891815,-0.0164409243,0.462305784,0.404986709,-0.0149713447,0.465397418,0.406546712,-0.0136907017,0.481104404,0.411702812,-0.0138769709,0.464243561,0.410110712,-0.0180497989,0.461567104,0.410916775,-0.0169434957,0.464592,0.412167966,-0.0153596634
1883.3333333333362,0.706244826,0.417578131,-6.59112516e-008,0.686791718,0.413739532,0.00109488203,0.669987679,0.409472853,-0.000964072417,0.658783317,0.406147569,-0.00363282114,0.650964797,0.402106076,-0.00706372829,0.679658473,0.402236253,-0.00629410427,0.669259369,0.403205901,-0.0114895785,0.66337949,0.405018955,-0.014855871,0.659118712,0.406078,-0.0171553716,0.687068224,0.406463832,-0.0102115991,0.669961512,0.41086185,-0.0143630831,0.663765371,0.413709462,-0.015886195,0.661108434,0.415211827,-0.0175602268,0.693329,0.412356138,-0.013906382,0.675847232,0.417551726,-0.0182987917,0.668873549,0.419907182,-0.0174176861,0.6648826,0.420472264,-0.01687916,0.698268,0.418786824,-0.017318001,0.683252,0.422638893,-0.0210799463,0.675786436,0.423890859,-0.0203798506,0.670581162,0.423838794,-0.0196635444
1883.3333333333362,0.47257328,0.410380751,-1.29187768e-007,0.468638211,0.401357144,-0.00285876519,0.469699174,0.392425209,-0.00465158047,0.469709247,0.386306733,-0.00647206558,0.467521697,0.380928576,-0.00853263773,0.486151338,0.389630288,-0.00520336162,0.472871572,0.384494483,-0.0109144542,0.461526692,0.385075539,-0.0154042169,0.455452323,0.386985391,-0.0180999991,0.487238258,0.394704282,-0.00686968025,0.471179634,0.390547365,-0.0110162226,0.45884794,0.390774846,-0.0134400921,0.452156216,0.392147064,-0.0153470552,0.485689968,0.401010901,-0.00893456768,0.470013946,0.397497386,-0.0135261277,0.459146321,0.397411764,-0.0140769919,0.453916222,0.398418427,-0.014346946,0.482169449,0.407782227,-0.0111658145,0.469366223,0.405323535,-0.0158638768,0.462046981,0.40480125,-0.0159929525,0.459059477,0.405447602,-0.0153785506
1900.000000000003,0.699705899,0.414684564,-1.63858203e-007,0.681576669,0.40827927,0.000302543398,0.668458939,0.401012748,-0.00172423059,0.659958661,0.39715153,-0.00424032891,0.653111875,0.393556923,-0.0071224682,0.682499886,0.39209047,-0.00553240394,0.667519391,0.396684617,-0.010735102,0.663650274,0.400922,-0.0143535668,0.6628564,0.402348399,-0.0168599561,0.689425647,0.397065312,-0.00937834941,0.66848731,0.403223425,-0.0142961983,0.665660441,0.405688077,-0.0161878895,0.666935325,0.405680925,-0.0180264469,0.694231033,0.403489918,-0.0130924545,0.672528923,0.409689128,-0.0185056236,0.670832217,0.411027938,-0.017847551,0.672520339,0.409826249,-0.0172826834,0.696806192,0.410800755,-0.0165856928,0.679020107,0.415363073,-0.0210989583,0.676288366,0.415461689,-0.0204053037,0.676996827,0.41319716,-0.0195065849
1900.000000000003,0.48782438,0.408225626,-1.16969838e-008,0.491791308,0.398300141,-0.00208922592,0.485473424,0.387395531,-0.00286258687,0.476165563,0.380405,-0.00451848609,0.468678504,0.374997139,-0.00586185,0.471503228,0.384065539,-0.00207471289,0.45938161,0.378488868,-0.00964413676,0.467020631,0.380207717,-0.0146896886,0.475801319,0.382580131,-0.0171950273,0.465215951,0.389087081,-0.00424854131,0.455360115,0.384772807,-0.0113640688,0.466693372,0.386218339,-0.0140105737,0.476269275,0.387805164,-0.0150667801,0.461192727,0.395324081,-0.00732285948,0.453197271,0.390951425,-0.0149263106,0.464663744,0.392066836,-0.0152981021,0.47442466,0.393589526,-0.0142310234,0.459091723,0.402472258,-0.0106286751,0.456071675,0.399564117,-0.0171324573,0.46522963,0.399099588,-0.0181673653,0.473927826,0.399230242,-0.0177023765
1916.6666666666697,0.693229914,0.41075781,-2.16111e-007,0.674907863,0.403020918,-0.00174419919,0.665017605,0.394538701,-0.00453933468,0.65933609,0.389129251,-0.00770494947,0.654978573,0.384364486,-0.0106668398,0.682733834,0.382691979,-0.0059263,0.66631186,0.385736585,-0.0129956938,0.661856413,0.391606152,-0.0173811335,0.662625253,0.394093901,-0.0199282803,0.69030714,0.386802256,-0.00881228596,0.668349,0.393366098,-0.0149228461,0.664479494,0.398153484,-0.0168646239,0.66538918,0.399279445,-0.018380031,0.6957739,0.392878592,-0.0120727895,0.673507094,0.399615586,-0.0183981378,0.670245469,0.402985573,-0.0172252171,0.671147287,0.403040767,-0.0160553362,0.699237466,0.399984956,-0.0154461404,0.681464434,0.404050142,-0.0203835927,0.677484214,0.405792177,-0.0194987822,0.677726746,0.405197442,-0.018048713
1916.6666666666697,0.488262683,0.401930094,2.38775151e-008,0.491328984,0.392288625,-0.00311593292,0.486007541,0.381814539,-0.00464232406,0.479623884,0.374512464,-0.00704424642,0.472942263,0.369497329,-0.00910515152,0.46701926,0.37859863,-0.000745565107,0.457329184,0.371432483,-0.00840430707,0.465472639,0.37131539,-0.0142682679,0.47355935,0.373907119,-0.0166940186,0.460456043,0.383376479,-0.00238708872,0.45208323,0.376269877,-0.00961857475,0.463979721,0.376685977,-0.0134075237,0.473007083,0.379387796,-0.0142774601,0.456666648,0.389253974,-0.00504178368,0.446757495,0.382814288,-0.0105777308,0.45727694,0.382538259,-0.0104996227,0.465595394,0.384111792,-0.00900772307,0.454948455,0.39628768,-0.00820284616,0.449336767,0.392306447,-0.0117440391,0.455606759,0.391212821,-0.0109090796,0.460960329,0.391642213,-0.0091479
1933.3333333333364,0.6834535,0.405146599,-1.78394416e-007,0.666005492,0.397239506,-0.00157840108,0.658968925,0.387800872,-0.00357987429,0.657384098,0.380728662,-0.00651300838,0.657898,0.37488991,-0.00884407,0.678296089,0.376438469,-0.00128668617,0.683867812,0.36981824,-0.00885339268,0.675019741,0.373895377,-0.0143793849,0.667103708,0.378713161,-0.017423436,0.68752104,0.379240274,-0.00442073354,0.684710383,0.376671702,-0.010296965,0.672640324,0.382334113,-0.0127599603,0.665592253,0.386865,-0.014072543,0.694879413,0.384286433,-0.00843542349,0.690181851,0.382421881,-0.0135859773,0.679250717,0.386963338,-0.0128582297,0.672875106,0.390973806,-0.0118002873,0.701211274,0.3907471,-0.0128140347,0.695808351,0.389942259,-0.0164848641,0.687344134,0.391964912,-0.0154544208,0.681932,0.393941164,-0.0138940578
1933.3333333333364,0.48305434,0.398549914,3.44318742e-008,0.489841878,0.389286816,-0.00305704912,0.486537397,0.3775855,-0.00454413518,0.48168835,0.369689792,-0.0067866547,0.476442546,0.363643348,-0.00871519279,0.467239082,0.372655094,0.000311045267,0.457267761,0.363937527,-0.00620439788,0.462841839,0.361771375,-0.0113754626,0.469542563,0.363307267,-0.0133902151,0.460154891,0.376187176,-0.00104552286,0.450067401,0.366922021,-0.0064352476,0.457419932,0.365071088,-0.0102148112,0.464856207,0.367003798,-0.0114551838,0.455076277,0.381048113,-0.0033833331,0.444779783,0.373017162,-0.00773343537,0.45178619,0.370878667,-0.00832895841,0.458859,0.371681,-0.00757136382,0.451479465,0.387354106,-0.00616054423,0.444095165,0.381070197,-0.00934581179,0.448604316,0.377853364,-0.00886382442,0.453903526,0.376964122,-0.00742841745
1950.0000000000032,0.679987848,0.396911472,-1.24204462e-007,0.666833222,0.389430195,-0.0022210232,0.65954119,0.378931582,-0.00452342164,0.657976508,0.371530712,-0.00778156659,0.658475757,0.365825683,-0.0101160686,0.679399908,0.369367123,-0.00234803953,0.686494827,0.358449072,-0.0107136201,0.678125203,0.359770626,-0.015832,0.671941817,0.363700747,-0.0178726837,0.688234508,0.372352749,-0.00519265747,0.692894161,0.363089532,-0.0125707518,0.681399703,0.366238594,-0.0146944,0.67605716,0.37053436,-0.0146104405,0.696004629,0.376800448,-0.00905583333,0.702172,0.368626446,-0.0145667456,0.691268802,0.370747983,-0.0138449296,0.684884727,0.374376684,-0.0122266896,0.702887118,0.382504433,-0.0133711956,0.708020866,0.37662375,-0.016548,0.700334489,0.376664758,-0.0154356435,0.694495499,0.378446639,-0.0137071339
1950.0000000000032,0.482875407,0.393757224,7.11763235e-008,0.490836769,0.383930355,-0.00369434315,0.488751918,0.372440755,-0.00531423,0.48389858,0.364781886,-0.00761366636,0.480908334,0.35792172,-0.00989734661,0.467192173,0.365973562,0.000847144751,0.457662761,0.357884228,-0.00494694104,0.459809124,0.353815794,-0.010445945,0.465050519,0.352733195,-0.0132363532,0.459651947,0.369063616,-0.000374431576,0.449933499,0.360323101,-0.00548008084,0.454119384,0.356953919,-0.0101995347,0.461065978,0.35695526,-0.0125050023,0.454257816,0.373427153,-0.00260334346,0.444661766,0.365540117,-0.00676406827,0.448748797,0.362386554,-0.00900524482,0.455371141,0.36219576,-0.00970587507,0.450463802,0.379290968,-0.00536552211,0.440344393,0.373174369,-0.00854477566,0.442198575,0.369829744,-0.00911631528,0.447182715,0.368583769,-0.0086595593
1966.66666666667,0.683142722,0.391539693,1.45580188e-008,0.668456137,0.382912308,-0.00339769875,0.66102016,0.371683,-0.0061656856,0.658882082,0.363629907,-0.00940721575,0.659661293,0.356651723,-0.012107837,0.68151778,0.361898243,-0.000376001408,0.688132226,0.352708906,-0.00726518501,0.685710073,0.349221736,-0.0137359183,0.679921508,0.348680019,-0.0173619967,0.690550804,0.3644526,-0.00256823446,0.697252572,0.354914606,-0.00841755606,0.693358,0.351088166,-0.0133349225,0.685968339,0.350488186,-0.0161297638,0.698309302,0.368538678,-0.00590166543,0.706549227,0.359745592,-0.0104034143,0.703734457,0.356160909,-0.012708731,0.696900666,0.355244,-0.0138602052,0.705144167,0.374267,-0.00978848338,0.714205503,0.367364228,-0.0135182198,0.713708341,0.363547117,-0.0147602055,0.70889771,0.361407161,-0.0150773078
1966.66666666667,0.481243968,0.389517128,8.23732e-008,0.49135229,0.380102,-0.00414513936,0.49089244,0.368342817,-0.00557614537,0.486917108,0.360207111,-0.00753178494,0.48403886,0.353216201,-0.00935763121,0.46831277,0.359925687,0.00120394106,0.46104458,0.3515715,-0.00430852082,0.46177268,0.346982092,-0.00958817452,0.465515316,0.344951421,-0.0123872869,0.459401667,0.362554193,0.000126501429,0.451218843,0.353556544,-0.00407512393,0.453331262,0.349360675,-0.00840026606,0.458793521,0.348017484,-0.0106873717,0.453166246,0.366745085,-0.002093249,0.4450019,0.358824223,-0.00572888739,0.446087837,0.354932159,-0.00813326333,0.450474,0.353123307,-0.00924447738,0.449031174,0.372718513,-0.00494470028,0.438965082,0.367458373,-0.00795277674,0.437581331,0.36357829,-0.00896031223,0.439632893,0.360646456,-0.00898235478
1983.3333333333367,0.685244381,0.385609716,6.9988225e-008,0.670051157,0.377558023,-0.00449309,0.662698686,0.366139442,-0.00662277918,0.660927117,0.357855,-0.00877152476,0.662077188,0.350816071,-0.0104701621,0.684522271,0.35422492,-3.07329065e-005,0.689744651,0.345270485,-0.0053381538,0.689168453,0.340742707,-0.0108820023,0.685211539,0.338083029,-0.0145475985,0.694549084,0.356212437,-0.00175162731,0.700920939,0.346588612,-0.00598092331,0.69977504,0.341165543,-0.0103939539,0.694984376,0.337842017,-0.013300566,0.703030825,0.360315919,-0.00476733036,0.710343957,0.351056874,-0.00883326121,0.709689617,0.345643908,-0.0118472995,0.705832779,0.341492,-0.0139685962,0.709945261,0.366430044,-0.00838251784,0.719571352,0.360306263,-0.0123187089,0.722517371,0.355785668,-0.0143008046,0.722601473,0.351528645,-0.0154934581
1983.3333333333367,0.478571326,0.386826783,8.64164917e-008,0.490795881,0.377490401,-0.00359353935,0.492565662,0.365341961,-0.00419787783,0.489747196,0.356959462,-0.00517828297,0.48783803,0.35010919,-0.00601632893,0.470078379,0.355533838,0.00208805315,0.465901405,0.346649,-0.00154798164,0.466573089,0.341564119,-0.00552344788,0.468447208,0.337688535,-0.00812837575,0.460815579,0.357618749,0.000730217842,0.455328822,0.348077953,-0.00194077962,0.456743658,0.342840165,-0.00538791297,0.459646732,0.339087158,-0.00769228628,0.453700393,0.361355722,-0.00172182545,0.446991891,0.352608442,-0.00464448333,0.447885066,0.347741097,-0.00682632858,0.451058447,0.34410733,-0.00824448466,0.44799298,0.367086858,-0.00479560811,0.438268244,0.360917866,-0.00734823756,0.435993463,0.356214255,-0.00820644852,0.436468691,0.351897687,-0.00858385116
2000.0000000000034,0.688771784,0.380970776,8.58433751e-008,0.672613621,0.373376489,-0.005751119,0.665180445,0.36219421,-0.00799420383,0.664282262,0.353666365,-0.00998962391,0.665772498,0.346370757,-0.0115003325,0.686962843,0.349764824,-0.000352588075,0.69035691,0.340222776,-0.00476231612,0.689825654,0.334644496,-0.00951423682,0.687542737,0.330271035,-0.0128592206,0.697924852,0.350993454,-0.00137114199,0.702646554,0.340482384,-0.00454718852,0.702964783,0.333860368,-0.00843383279,0.701476455,0.328516722,-0.0111894906,0.707146347,0.354438365,-0.00374546717,0.713254035,0.344647706,-0.00742839929,0.713935673,0.338518947,-0.0101688653,0.713011682,0.333087415,-0.0120750219,0.714955211,0.359819859,-0.00686374726,0.723787904,0.352881879,-0.0104091726,0.727595389,0.348044366,-0.0118086515,0.729583144,0.343364567,-0.0125472154
2000.0000000000034,0.476992667,0.384500504,9.71447847e-008,0.490244418,0.375979125,-0.00455570873,0.493784785,0.364043206,-0.00580891408,0.492171,0.355056018,-0.00718489196,0.49105984,0.347797185,-0.00832773745,0.473143399,0.353084594,-0.000257426756,0.469639093,0.343031496,-0.00444405293,0.470195442,0.337595403,-0.00842396077,0.471936852,0.333162278,-0.0110197784,0.462913662,0.354691833,-0.00141875,0.457319111,0.344304293,-0.00441804389,0.457611412,0.338023573,-0.00769619131,0.459323049,0.333020836,-0.0100797666,0.454738677,0.358162373,-0.00372674852,0.447910458,0.348753184,-0.00720162177,0.448488444,0.34296149,-0.00976536,0.451125741,0.338153243,-0.0115285348,0.447767526,0.363544822,-0.00668369047,0.437713027,0.356573135,-0.00974440295,0.434539378,0.351450682,-0.0110525535,0.433883905,0.346584082,-0.0118756657
2016.6666666666702,0.691171408,0.378959864,8.03540132e-008,0.674839556,0.371863067,-0.00507401116,0.666563809,0.360495329,-0.00728950556,0.665948927,0.351773858,-0.00931582,0.667336,0.344831,-0.0109862229,0.688339651,0.347687274,-0.00203353423,0.691014707,0.336916804,-0.00673035625,0.690378726,0.330472559,-0.0113086989,0.688548505,0.325382978,-0.0145919947,0.699651837,0.348554462,-0.00358898705,0.704034,0.336675048,-0.00716251647,0.704891503,0.328998476,-0.0110794585,0.704433,0.32272929,-0.013938508,0.709102035,0.351671129,-0.006259521,0.715525687,0.340619087,-0.0104270373,0.716596425,0.33345744,-0.0137303565,0.716249883,0.327290028,-0.0161019471,0.717097342,0.356844574,-0.00953575,0.726384461,0.349260747,-0.0136678275,0.730520844,0.343714625,-0.0156189632,0.732946873,0.338493854,-0.0167951602
2016.6666666666702,0.476051569,0.384485066,1.08356026e-007,0.490053117,0.37618959,-0.00581728294,0.495464265,0.364079744,-0.00730475597,0.494694352,0.354795933,-0.0086593274,0.493670195,0.347477317,-0.00967245828,0.474776894,0.352795094,-0.000566899776,0.4725914,0.342111915,-0.00470835762,0.47309804,0.336054683,-0.00882290304,0.47440818,0.330931306,-0.011592702,0.464220047,0.353919685,-0.00121401215,0.459609628,0.342885584,-0.00413416093,0.459293425,0.335784733,-0.00758107286,0.459957778,0.330021054,-0.0101562906,0.455432653,0.356972665,-0.00316985813,0.449579507,0.347115487,-0.0066100196,0.449548215,0.340628088,-0.00943982508,0.451012,0.335097104,-0.0113990009,0.447583586,0.361999154,-0.00591081195,0.438650846,0.35463497,-0.00932842214,0.43452543,0.349234223,-0.0109558431,0.431850255,0.344042778,-0.0119638415
2033.333333333337,0.694080114,0.379731148,7.9159328e-008,0.677567601,0.373021394,-0.00598790543,0.667557061,0.361698121,-0.00859970227,0.666061938,0.352680594,-0.0109272432,0.668100893,0.345586956,-0.0128772911,0.688088894,0.347960353,-0.00295522902,0.688898623,0.336538047,-0.00799811818,0.688563466,0.329621822,-0.0127143115,0.68812716,0.323792398,-0.0162600689,0.700016916,0.348234147,-0.0043930104,0.703731477,0.335511029,-0.00854429509,0.705213726,0.327527791,-0.0126545858,0.705885768,0.321035236,-0.0156732127,0.7103706,0.350839347,-0.00703098113,0.716105461,0.339180946,-0.0117193423,0.717807233,0.331818819,-0.015073345,0.718333542,0.325508505,-0.0174710825,0.719542086,0.35558027,-0.0103722485,0.728377581,0.347563714,-0.0147916395,0.732745647,0.34199214,-0.0167490523,0.735481143,0.33681947,-0.0179713387
2033.333333333337,0.474985272,0.385565907,1.1168801e-007,0.489358753,0.377150059,-0.00559174875,0.496099204,0.3653422,-0.00703656627,0.496582,0.356202185,-0.0084284069,0.495212317,0.348951727,-0.00953743,0.475595027,0.353510678,-0.00105635449,0.47458452,0.342463285,-0.00559938652,0.475488275,0.336005658,-0.00996948127,0.476842552,0.330587149,-0.012895409,0.464585,0.354377151,-0.00202854141,0.460415781,0.342823654,-0.00537558412,0.45983234,0.335230589,-0.00913310051,0.459865779,0.329028547,-0.0119004361,0.455364257,0.357360303,-0.00423332024,0.449833572,0.347058296,-0.00802204385,0.449506879,0.340087593,-0.011223116,0.450454801,0.334052175,-0.0134146651,0.447224587,0.362457931,-0.00717601972,0.438284,0.35504511,-0.0110754939,0.433894,0.349631935,-0.0129631143,0.430853784,0.344441265,-0.0140677486
2050.0000000000036,0.696808159,0.38231,7.66747945e-008,0.678519249,0.375540197,-0.00560936518,0.667776704,0.364137262,-0.00777429203,0.666061282,0.355192482,-0.00980127789,0.66686058,0.347918302,-0.0115357758,0.687975883,0.349607199,-0.00207274454,0.687941551,0.337817907,-0.00673704548,0.687411666,0.330714375,-0.0112567544,0.686873376,0.325085431,-0.014657042,0.700142145,0.34978804,-0.00384416198,0.703080416,0.3365843,-0.0076479069,0.703944743,0.328480899,-0.0118021872,0.704289854,0.322069556,-0.0148559278,0.710946918,0.352355123,-0.0068345624,0.715869129,0.339858055,-0.0114566339,0.717429459,0.332413465,-0.0149889253,0.718170881,0.326156169,-0.017546773,0.720642686,0.357152,-0.0104962476,0.729094386,0.348752052,-0.0149339829,0.733430803,0.34318161,-0.0168662481,0.736353278,0.338147104,-0.018103309
2050.0000000000036,0.472697824,0.388273031,9.80781252e-008,0.488141179,0.380081683,-0.00565721374,0.495898336,0.368644029,-0.00727825332,0.497130424,0.359312832,-0.00880888943,0.497034252,0.352032363,-0.0101982011,0.476472139,0.356508225,-0.00242666132,0.476725638,0.344863027,-0.00702317664,0.477378,0.338148475,-0.0113415755,0.477938265,0.332520217,-0.014312231,0.464970708,0.356978387,-0.00351613667,0.461602241,0.344562769,-0.00691837,0.460613191,0.336785227,-0.0108075831,0.459924281,0.330443859,-0.0137963993,0.455248207,0.359705627,-0.00567265693,0.450933158,0.348558724,-0.00954092108,0.450524807,0.341276854,-0.0131034218,0.451062232,0.335140854,-0.0156964827,0.446487457,0.364783704,-0.00849435478,0.437125891,0.357074976,-0.012751285,0.432240963,0.351546854,-0.0149395987,0.428738803,0.346442282,-0.0162825249
2066.66666666667,0.700038552,0.387438178,8.13927343e-008,0.681164861,0.380657732,-0.00704798708,0.669230461,0.369785279,-0.0102629,0.666408539,0.360807925,-0.0130906105,0.666921079,0.353063762,-0.0156097505,0.688671231,0.35458231,-0.00394771667,0.687746048,0.342457265,-0.0094274953,0.687227607,0.334906399,-0.0145569807,0.687103629,0.328771025,-0.0183990672,0.700973153,0.354335159,-0.0053819539,0.70323658,0.340676486,-0.0099314535,0.704153776,0.332140088,-0.0145123797,0.704914689,0.32541573,-0.0178798046,0.71173352,0.356707543,-0.00811984856,0.716010749,0.344220102,-0.0133315399,0.717348933,0.336425751,-0.017079493,0.718138516,0.329907358,-0.0197643396,0.721577168,0.361453742,-0.011653767,0.729462862,0.352725834,-0.0165436361,0.733584642,0.346900553,-0.0185341481,0.736442566,0.34172231,-0.019783359
2066.66666666667,0.471316725,0.393153608,9.56016e-008,0.487715364,0.384784102,-0.00605996,0.495723665,0.373488814,-0.00812843163,0.497081548,0.364189088,-0.0101037137,0.498209,0.356911778,-0.0120200627,0.476866841,0.361433119,-0.0037232684,0.477951467,0.349665403,-0.00874267053,0.478815407,0.34269619,-0.013364573,0.479473948,0.336655915,-0.0166275334,0.464885861,0.361801356,-0.00493579824,0.461546957,0.349056572,-0.00872942246,0.460229605,0.34107849,-0.012957165,0.459347,0.334523439,-0.0162464939,0.454649597,0.36456427,-0.007140161,0.450525,0.353028834,-0.0113618588,0.449484825,0.345479608,-0.0150581105,0.449462891,0.339123726,-0.0178119484,0.445401341,0.369733959,-0.0100176483,0.435683519,0.361740261,-0.0146059953,0.43056339,0.356057584,-0.0167852547,0.426989913,0.350847185,-0.0181286968
2083.3333333333367,0.702458799,0.394271404,7.09395351e-008,0.68281883,0.387844384,-0.0069632153,0.670244575,0.376708984,-0.00982116256,0.666784585,0.367403835,-0.0123375561,0.665962875,0.359576374,-0.0146223642,0.689950943,0.361510247,-0.00339066563,0.688448489,0.34937939,-0.00859773904,0.687876403,0.341796488,-0.013729509,0.687707841,0.335444957,-0.0176530275,0.702208281,0.361208439,-0.00478479546,0.704194248,0.347358435,-0.00903162919,0.705545604,0.338927,-0.0135105168,0.70685941,0.332185149,-0.0168899912,0.712949455,0.363445461,-0.00751303788,0.716922402,0.350650489,-0.0126162637,0.71815145,0.342823625,-0.0162518229,0.718884826,0.33627364,-0.0188605357,0.723083317,0.367934108,-0.0110692093,0.7307567,0.358819962,-0.01601924,0.735004485,0.352726638,-0.0180796143,0.738049626,0.347308755,-0.0193923227
2083.3333333333367,0.468015581,0.399974018,8.40218917e-008,0.485111982,0.392028093,-0.00602106703,0.494663686,0.380855411,-0.00791823491,0.496409088,0.371523708,-0.00975933205,0.497763574,0.364220411,-0.0115009779,0.476859033,0.367971182,-0.00282712071,0.478372306,0.356190383,-0.00771218445,0.479583293,0.349087536,-0.0123286247,0.480635077,0.343166053,-0.0156071922,0.464601904,0.368263811,-0.00408647954,0.461182535,0.355483204,-0.00793844927,0.459743,0.34758684,-0.0123791145,0.459045112,0.341272742,-0.0157565251,0.454076827,0.371019393,-0.00638807751,0.449658483,0.359121323,-0.0109113203,0.448307395,0.351531118,-0.0147274081,0.448425472,0.345246851,-0.0174685176,0.444415599,0.376284897,-0.00936152693,0.434389442,0.368246824,-0.0145415775,0.428602,0.362659425,-0.0169736128,0.424518585,0.357382029,-0.0183495432
2100.000000000003,0.704323828,0.402215391,7.59833441e-008,0.68465817,0.396174133,-0.0073880069,0.671454966,0.385467619,-0.0107981181,0.6672315,0.37618795,-0.0137267746,0.665574312,0.368472785,-0.0164200887,0.691088378,0.370278537,-0.00538265333,0.689509749,0.357915103,-0.011050255,0.689306855,0.350243658,-0.0161230825,0.689411223,0.343844533,-0.0199655183,0.703650117,0.369920164,-0.00670420937,0.706614137,0.355668128,-0.0112016015,0.708863199,0.347412,-0.0153516745,0.710856318,0.34077242,-0.0185141619,0.714637458,0.372264683,-0.00929039344,0.718747139,0.359270871,-0.0145426905,0.720353603,0.351343155,-0.0178927593,0.721432269,0.344684839,-0.0203861613,0.725124478,0.3769238,-0.0127028422,0.733096123,0.367832452,-0.0177181307,0.737367,0.361759067,-0.0195570607,0.740368187,0.356313199,-0.0207745098
2100.000000000003,0.465376109,0.407798469,6.45761631e-008,0.482869089,0.400490642,-0.00613919226,0.492847323,0.389451176,-0.00780805,0.495249838,0.380230635,-0.00928135589,0.496662825,0.37340486,-0.010627348,0.475566059,0.377322257,-0.00399088254,0.477654,0.365492284,-0.00859942567,0.478768438,0.358323365,-0.0126808248,0.479231954,0.35239011,-0.0156357251,0.462825209,0.377259,-0.00512623927,0.459740371,0.364196032,-0.00878105126,0.458300143,0.356402636,-0.0125277843,0.457074851,0.350227565,-0.0154294111,0.451702356,0.379633039,-0.00726845395,0.447820514,0.367467821,-0.0116642248,0.446454495,0.360046595,-0.0152800772,0.446023,0.354019433,-0.0178748202,0.441707373,0.384441674,-0.010080683,0.431652606,0.376344472,-0.0152733689,0.425712228,0.370951653,-0.0177920889,0.421148598,0.366041869,-0.0192604624
2116.6666666666697,0.708025694,0.41068244,7.4288792e-008,0.688268,0.405845284,-0.00849613361,0.673957825,0.396491736,-0.0129503943,0.669042826,0.387726158,-0.0166797563,0.666971087,0.380327016,-0.0202138294,0.693323791,0.381166458,-0.0089956224,0.691299677,0.368632644,-0.0155135114,0.690924704,0.361312151,-0.0206185151,0.691228807,0.354917258,-0.0243898015,0.70609206,0.380562574,-0.0100671006,0.709055841,0.366122693,-0.0153243532,0.711260676,0.358174,-0.0193228107,0.713408113,0.351624131,-0.0223906878,0.717233717,0.382664621,-0.0123379547,0.721364081,0.369596213,-0.018286461,0.722816348,0.361991525,-0.0214225166,0.72385186,0.355607808,-0.0237240344,0.727909088,0.38699159,-0.0154517554,0.735496223,0.377863556,-0.0209899563,0.739791512,0.371985912,-0.0227964744,0.743076682,0.366700709,-0.0239682924
2116.6666666666697,0.46145311,0.41670531,6.26654426e-008,0.479419827,0.410421073,-0.00735717313,0.490301,0.400282949,-0.00984442607,0.493088901,0.391491234,-0.0117017822,0.495640665,0.38530454,-0.0134489639,0.472659796,0.387959659,-0.00720190443,0.475628614,0.376220047,-0.0119856549,0.476940632,0.36945346,-0.0157543067,0.477249652,0.363747686,-0.0185615,0.45914194,0.387815,-0.00775292609,0.457086325,0.374704599,-0.0116493376,0.455749929,0.367345661,-0.0150705697,0.454409331,0.361585587,-0.0178436842,0.447557598,0.390227497,-0.00921798684,0.444010228,0.378298342,-0.0138155641,0.443049252,0.371089458,-0.0175146926,0.442752272,0.365398139,-0.02023126,0.437202632,0.394983649,-0.0113693513,0.427858472,0.386754274,-0.0166557692,0.422358245,0.38138327,-0.0194436815,0.417994618,0.376446128,-0.0212145187
2133.333333333336,0.710361362,0.420171797,7.48198303e-008,0.691415191,0.417051673,-0.00989346672,0.676890075,0.408781379,-0.0152989654,0.670400858,0.400731117,-0.0196661986,0.667890668,0.393055081,-0.0239706542,0.696208239,0.393881023,-0.0121097453,0.69394213,0.381200105,-0.0192639623,0.693601966,0.37408483,-0.0243010372,0.694023371,0.367851317,-0.0278760139,0.709123373,0.392942935,-0.0125940172,0.711647868,0.378226429,-0.018403288,0.713755488,0.370258838,-0.0224357862,0.716087818,0.363922447,-0.0254838,0.72063911,0.394812554,-0.014242976,0.724273682,0.381546378,-0.0208097603,0.725509346,0.373983592,-0.0241801124,0.726576209,0.367694288,-0.0265584532,0.731649399,0.398881078,-0.0167219825,0.738937259,0.389740586,-0.0227083862,0.743195176,0.383990079,-0.0247285943,0.746541858,0.378858805,-0.0260350257
2133.333333333336,0.457379222,0.425741673,6.63824054e-008,0.474656552,0.421326458,-0.00967923366,0.486107379,0.412697166,-0.0140415477,0.489247561,0.404442161,-0.017358426,0.493239373,0.398105294,-0.0207158383,0.467744261,0.400452554,-0.0120333219,0.471114278,0.389112324,-0.0181465019,0.472498119,0.382796705,-0.0224446636,0.472496212,0.377206981,-0.0255575553,0.454061329,0.40024069,-0.0119512919,0.452365041,0.387627423,-0.0170900319,0.450979114,0.380758524,-0.0211023577,0.449527204,0.375135541,-0.0243863389,0.442422658,0.402588785,-0.0127445767,0.439490587,0.391325176,-0.0185747258,0.438703686,0.384444714,-0.0226395465,0.438255757,0.378753722,-0.0256049726,0.431783319,0.407110035,-0.0142753962,0.422531784,0.39911586,-0.0203631725,0.417001694,0.39384076,-0.0233024471,0.412530512,0.388775885,-0.025227122
2150.0000000000027,0.716316462,0.428059161,6.17089e-008,0.697860062,0.427462667,-0.0107483184,0.682594836,0.421639532,-0.0173651949,0.674682319,0.415005505,-0.0226823296,0.669416904,0.408513486,-0.027992418,0.701129317,0.408186078,-0.0160783697,0.696820319,0.396047831,-0.0235482194,0.695673406,0.389611691,-0.0283367876,0.69532907,0.383966476,-0.0315271504,0.713732719,0.406615108,-0.0158862397,0.714761138,0.392041862,-0.0215782188,0.716016233,0.384259969,-0.0250562876,0.717619359,0.378224403,-0.0277631,0.725162327,0.407712549,-0.0166350063,0.727141917,0.395018667,-0.0229319148,0.727857351,0.387825102,-0.0262418427,0.728488624,0.381948054,-0.0285052694,0.736477673,0.410875887,-0.0181984864,0.743062496,0.401992202,-0.0239418633,0.746935308,0.396281213,-0.0260443036,0.749958038,0.391300768,-0.0273440313
2150.0000000000027,0.450398028,0.433486462,6.72050362e-008,0.467769802,0.431459576,-0.00971867,0.478860706,0.425239831,-0.0142403962,0.483598977,0.418555737,-0.0176517051,0.48790884,0.412906349,-0.0211992078,0.462025672,0.414005339,-0.0129982373,0.46499446,0.404104799,-0.0183694325,0.466408372,0.398718834,-0.0217931625,0.46621111,0.393887,-0.0242157318,0.44777903,0.41357398,-0.0125442129,0.445720255,0.402514607,-0.0166250467,0.444441527,0.396227,-0.0196173433,0.443181574,0.39104113,-0.0224007927,0.435727686,0.415478945,-0.0129385833,0.433357358,0.40564844,-0.0179180671,0.432527959,0.399430454,-0.0216697603,0.432168,0.394242078,-0.0245387685,0.425486267,0.419200033,-0.0140683604,0.416417629,0.412077278,-0.0196325555,0.410482883,0.407542616,-0.0225212723,0.405872732,0.403164446,-0.0245217625
2166.6666666666692,0.719453931,0.434894651,3.31383312e-008,0.703881204,0.437176,-0.0106541822,0.688360691,0.434294373,-0.0175790619,0.679542065,0.430126876,-0.0231324825,0.6720258,0.425342709,-0.0290920548,0.705802143,0.422563583,-0.0183312446,0.701035917,0.412720889,-0.0255198553,0.699450612,0.407121718,-0.0301594976,0.698861957,0.401841581,-0.033631,0.71934551,0.420195818,-0.0182368141,0.719016433,0.40825057,-0.0234840009,0.719173968,0.401288182,-0.0272133239,0.720554888,0.395203352,-0.0307702553,0.731912434,0.42054829,-0.0187338721,0.732838273,0.41001156,-0.0250937473,0.732781708,0.403431475,-0.0286958721,0.733161509,0.397288173,-0.0317002,0.743907869,0.422834635,-0.0198442824,0.74935019,0.416089952,-0.0260976478,0.752210438,0.411572427,-0.028157087,0.754265785,0.407236218,-0.0297306813
2166.6666666666692,0.443126559,0.447233707,8.66841958e-008,0.459185839,0.447265565,-0.0111745149,0.471477658,0.442058563,-0.0171472896,0.477624506,0.436473817,-0.0216496699,0.482836813,0.431631863,-0.0265286919,0.456489891,0.432501674,-0.0177055523,0.458570749,0.424137294,-0.0252212696,0.459473729,0.418600529,-0.0300161112,0.459215105,0.413722605,-0.0334160812,0.442746133,0.430868685,-0.0166973919,0.44180426,0.421139657,-0.0231266897,0.440470904,0.415261239,-0.0269901119,0.438520491,0.410435885,-0.0301524382,0.430569261,0.431903809,-0.0164400507,0.427794695,0.422362268,-0.0229875017,0.42658329,0.416289449,-0.0268786605,0.425223053,0.411461025,-0.0296985935,0.420112699,0.434705496,-0.0169203877,0.411996365,0.427300394,-0.0236023199,0.406142205,0.422727853,-0.0269422084,0.400936425,0.418735653,-0.0291934237
2183.3333333333358,0.733960927,0.449228287,2.33192821e-007,0.716755688,0.449852347,-0.00927884,0.702215552,0.448774219,-0.0148558207,0.691287816,0.447091073,-0.0191586539,0.680841148,0.444682896,-0.0236505345,0.709651172,0.445939571,-0.0176188052,0.704146206,0.441501766,-0.0270103235,0.701728225,0.436361104,-0.0329792835,0.700362,0.430915922,-0.0369497091,0.722176552,0.443265438,-0.0178121161,0.720609903,0.432385713,-0.0266172253,0.721697211,0.423963934,-0.0310191438,0.722438037,0.416625291,-0.0341613553,0.734597266,0.441592783,-0.0185485296,0.734235585,0.4316504,-0.0289025623,0.734288931,0.423215598,-0.0326676965,0.735311031,0.416240573,-0.0344531462,0.744653344,0.441954464,-0.0195830967,0.749452591,0.435018063,-0.029345816,0.751937509,0.429955035,-0.032037314,0.754710436,0.425719,-0.0330663659
2200.0000000000023,0.730231285,0.461457908,-1.41485179e-008,0.719032824,0.46284166,-0.0086196484,0.706191659,0.461446613,-0.0158313606,0.693512082,0.459355563,-0.0222997051,0.682248,0.458395362,-0.0299172606,0.719456,0.45566836,-0.0225023311,0.718832731,0.447385341,-0.0335974768,0.715867162,0.442323655,-0.0415441841,0.712782919,0.437212169,-0.0461782515,0.733746469,0.45316416,-0.0232306905,0.734813154,0.442625254,-0.0345009603,0.737163603,0.436492622,-0.0385316,0.738917291,0.431460649,-0.0413728431,0.745154738,0.452150911,-0.0238140784,0.748378575,0.441871345,-0.0361671224,0.752861738,0.436328709,-0.0361971,0.755259514,0.432240486,-0.0348122641,0.754348218,0.452232033,-0.0249420181,0.759567499,0.443826497,-0.0351787396,0.764147043,0.438857675,-0.0346251912,0.7664,0.435178578,-0.0330504812
2216.666666666669,0.738909304,0.436336249,-3.41708741e-008,0.724128902,0.44614011,-0.00316702784,0.712054253,0.457992196,-0.00626814039,0.700197637,0.465935498,-0.00920669734,0.686837077,0.468610078,-0.0129654538,0.720062375,0.454851389,-0.00896070804,0.7243343,0.463888586,-0.0151526267,0.726672411,0.464040488,-0.0197954308,0.728131533,0.461973608,-0.0221872106,0.733146727,0.453816861,-0.00913037,0.737828314,0.462122619,-0.0125772599,0.739959776,0.46111843,-0.0150954518,0.741697192,0.458058059,-0.0173776448,0.744698465,0.452430725,-0.00925043691,0.749228239,0.459827632,-0.0121921143,0.751578152,0.458121032,-0.0126166698,0.75368309,0.454535037,-0.013258473,0.754094,0.450855285,-0.00950839929,0.758989036,0.455396652,-0.0121744499,0.761654079,0.452995867,-0.0116931498,0.76445049,0.449427575,-0.0110599389
2216.666666666669,0.431175947,0.460769445,-1.60510378e-008,0.442267984,0.464942634,-0.00464753387,0.451322734,0.469311208,-0.00782963913,0.459540069,0.471070051,-0.0111700939,0.46799159,0.47046724,-0.0147647895,0.441271245,0.46594879,-0.00848921668,0.440842658,0.467071146,-0.0126193324,0.437103957,0.467065781,-0.0158498753,0.43255356,0.466443419,-0.0179455578,0.429398179,0.464668661,-0.00918414537,0.424065262,0.464463562,-0.0146303801,0.41763109,0.46307233,-0.0182015318,0.413089603,0.460456043,-0.0203147214,0.419686973,0.463943571,-0.00975671317,0.412182659,0.463395804,-0.0162111167,0.405918866,0.461787224,-0.0189299155,0.401835442,0.459116578,-0.0196135156,0.412941098,0.463343143,-0.0104943244,0.404617548,0.463252425,-0.0148478476,0.39910844,0.461604446,-0.0153783029,0.394670844,0.459051549,-0.0152149796
2233.3333333333353,0.731498,0.446157336,-5.29864552e-009,0.718197,0.456214368,-0.00467458507,0.707067966,0.466066837,-0.00858942699,0.695280492,0.47175315,-0.0126767233,0.683029175,0.473544359,-0.0180616044,0.715482175,0.464397818,-0.0101140756,0.722844183,0.469044566,-0.0177485812,0.727268159,0.470189124,-0.0244894251,0.73026377,0.469608486,-0.0284713376,0.728467822,0.463332087,-0.0103255985,0.738925576,0.46707648,-0.0171064977,0.745586455,0.466662556,-0.0228809826,0.750656247,0.463583231,-0.0269694123,0.739818037,0.46164754,-0.0106506152,0.750623,0.464855015,-0.0167977866,0.760231793,0.463286728,-0.0206241142,0.76685226,0.459533542,-0.0228561852,0.748359,0.459231138,-0.0112268897,0.758847833,0.461897373,-0.01566156,0.766708,0.460317582,-0.0172770321,0.772107899,0.457335562,-0.0181067195
2233.3333333333353,0.429754436,0.457875967,3.08591765e-008,0.44329077,0.464690268,-0.00380803109,0.451754868,0.471490771,-0.0061387145,0.45701915,0.475404829,-0.00906779896,0.46410495,0.475854099,-0.0123163536,0.435802788,0.471550286,-0.00371216494,0.431745619,0.472186267,-0.00753752328,0.425773829,0.470567435,-0.0112017561,0.418961853,0.469050109,-0.0136395153,0.424132645,0.470132887,-0.00490824925,0.414966792,0.470451772,-0.00924172625,0.405710161,0.469335735,-0.0132923266,0.397060931,0.467184752,-0.015943734,0.414803743,0.469098032,-0.00639471039,0.403015971,0.468943477,-0.0119070122,0.394249797,0.467738152,-0.0158500951,0.386612445,0.465922803,-0.0175471622,0.408223093,0.467938513,-0.00812687725,0.396228611,0.467733175,-0.0116500529,0.388819903,0.466497362,-0.0127266878,0.381477892,0.46512723,-0.012996532
2250.000000000002,0.725679576,0.453457922,-1.47592321e-008,0.713483751,0.46065855,-0.00540348375,0.703621686,0.468248188,-0.0100813378,0.693517387,0.472162575,-0.0145853218,0.681753397,0.472148508,-0.0202420782,0.712539,0.467117816,-0.014026816,0.718012869,0.469476581,-0.0211140849,0.722560108,0.469662338,-0.0265614092,0.727774501,0.469777763,-0.0297610331,0.726079822,0.465881467,-0.0141412513,0.735652089,0.468039691,-0.0200580843,0.742203414,0.468739212,-0.0252161287,0.748915434,0.467992306,-0.0295143723,0.738117874,0.46466285,-0.0139921699,0.750740707,0.466282815,-0.0203800928,0.762419105,0.465465128,-0.0249534696,0.771528542,0.463854492,-0.028121002,0.74779129,0.463089764,-0.0139398286,0.759740293,0.464578062,-0.0181308985,0.769664943,0.462948233,-0.019679606,0.777295768,0.460912943,-0.0210487973
2250.000000000002,0.432022184,0.462361664,4.14130952e-008,0.442918539,0.467659473,-0.00509214262,0.451304108,0.472815692,-0.00940074865,0.457007051,0.47573337,-0.0137799773,0.462196261,0.476317972,-0.0184601899,0.437415302,0.472734243,-0.00930604432,0.433768779,0.474713147,-0.0145053146,0.429647744,0.47345534,-0.0183188692,0.425250679,0.471412212,-0.0207385793,0.426953107,0.471111774,-0.0101706432,0.41743952,0.471186519,-0.0150965117,0.408116758,0.470234901,-0.0187294111,0.399535507,0.46839565,-0.0216264315,0.418498755,0.469883829,-0.0113033932,0.406946719,0.469311804,-0.0171531159,0.397802472,0.468575954,-0.0208210312,0.389419705,0.467344612,-0.0229762793,0.41250959,0.468718022,-0.0126987528,0.401910841,0.468428642,-0.0169300605,0.394696772,0.467930526,-0.0183388647,0.386981815,0.467108637,-0.019240642
2266.6666666666683,0.721197844,0.454754353,-2.21984955e-008,0.709775686,0.459358275,-0.0037238861,0.70032233,0.465740114,-0.00785905868,0.691666782,0.468637943,-0.0119238906,0.681033,0.468222886,-0.0169206,0.708607614,0.465577602,-0.0132423081,0.709558904,0.466454208,-0.0194117669,0.709919035,0.466788501,-0.0239118543,0.710131705,0.466974378,-0.0269196406,0.721071661,0.465256095,-0.0141152702,0.72468853,0.467129916,-0.0185576808,0.728472,0.4686822,-0.021216765,0.732098758,0.469240934,-0.0241945386,0.732616782,0.464474261,-0.0147982519,0.738212764,0.467480242,-0.0198106095,0.744078577,0.468566865,-0.0226143505,0.74899137,0.46892646,-0.0251940731,0.742407382,0.462713659,-0.0155075509,0.752769172,0.464283526,-0.0202817228,0.76104939,0.463730693,-0.0223944113,0.767549217,0.463114321,-0.0242093634
2266.6666666666683,0.431871414,0.460060328,2.862493e-008,0.444563538,0.465832829,-0.00593994837,0.45281598,0.471036166,-0.00971112866,0.45582965,0.473708451,-0.0139172599,0.458900601,0.474614769,-0.0185036622,0.433552623,0.472444504,-0.00658702059,0.427239567,0.471972466,-0.0122627961,0.419328392,0.469298899,-0.017624313,0.411564112,0.467134386,-0.0213369559,0.422642618,0.471306056,-0.00760043832,0.411938787,0.470235378,-0.0132322228,0.401699126,0.468125552,-0.0183160845,0.392882317,0.465479165,-0.0220466983,0.413858,0.470454693,-0.00921669602,0.401300579,0.469520479,-0.0156732444,0.392041534,0.467833519,-0.0198867191,0.384242,0.465464741,-0.0220246911,0.407802522,0.469398975,-0.0113762133,0.395178348,0.469112873,-0.0157807376,0.38799116,0.467746,-0.0169343501,0.381150752,0.466014802,-0.0173718687
2283.333333333335,0.719594598,0.449065953,1.76216073e-008,0.708471,0.453433067,-0.00359279034,0.698525071,0.460220158,-0.00741519965,0.689396203,0.463519394,-0.010735698,0.679104805,0.463724524,-0.0148491934,0.707315087,0.458229512,-0.0146939009,0.707266092,0.462001801,-0.0193277691,0.704639316,0.46396482,-0.021928288,0.700830936,0.4650518,-0.0239079446,0.718414783,0.457852274,-0.0151466448,0.720069885,0.461808205,-0.0188053548,0.720331788,0.464300781,-0.0201207921,0.719910204,0.46502918,-0.0220604446,0.728825152,0.457206607,-0.0152227432,0.732024074,0.461977124,-0.0190756284,0.734057,0.464651406,-0.0208141748,0.734824061,0.465865105,-0.0228134058,0.737746,0.455983967,-0.0152818775,0.747269034,0.45872575,-0.019624956,0.753311396,0.459636688,-0.0218411423,0.757197142,0.459795952,-0.0237455294
2283.333333333335,0.433574677,0.458273083,1.74440657e-008,0.445905834,0.46412915,-0.00656276755,0.454750836,0.469516158,-0.011863254,0.458614588,0.470996499,-0.0175432,0.461110979,0.46985212,-0.0236798842,0.436091572,0.468800932,-0.00971069094,0.428668588,0.467848271,-0.0164237674,0.421203375,0.464279503,-0.0219274256,0.414726913,0.460874826,-0.025568191,0.425080866,0.467786312,-0.0105317989,0.414530605,0.46612978,-0.0168181304,0.405688435,0.462944716,-0.0212328862,0.398727119,0.459156871,-0.0245324913,0.416244924,0.466948539,-0.0119005507,0.404076338,0.465487808,-0.0186222829,0.39695093,0.462472349,-0.0218257606,0.391530752,0.458849072,-0.023240868,0.409898043,0.465915531,-0.0138852373,0.397776216,0.465345114,-0.0179354511,0.390468299,0.46399945,-0.0185590293,0.383939743,0.461819112,-0.0187772214
2300.0000000000014,0.723497,0.44784826,-1.08648329e-007,0.710856497,0.450315952,-0.00702551333,0.700509191,0.456361115,-0.0115065612,0.690836251,0.458075762,-0.0156331658,0.680454552,0.457902342,-0.0210201722,0.70938158,0.456351966,-0.0146472864,0.717381477,0.457740724,-0.0222141817,0.722385645,0.456154287,-0.0276208334,0.726549745,0.454140097,-0.0304555949,0.722165406,0.45733875,-0.013744846,0.734807551,0.458247781,-0.0201419517,0.745151103,0.456147194,-0.024975257,0.754290879,0.452661097,-0.0283343252,0.732682884,0.457793653,-0.012827374,0.745890915,0.458178431,-0.0191301368,0.756121099,0.454857707,-0.023224676,0.763275862,0.451170534,-0.0255250297,0.741061747,0.457403839,-0.0121727493,0.75150156,0.457706749,-0.0161822941,0.759313285,0.454491794,-0.0172128323,0.764597654,0.451153457,-0.0178809855
2300.0000000000014,0.442274481,0.465173453,1.29872916e-007,0.424099237,0.462482929,-0.00302016176,0.407102138,0.459745824,-0.00632298831,0.39495483,0.457713813,-0.00948177744,0.383655816,0.456130087,-0.0134522729,0.410315335,0.462820947,-0.0130739734,0.400436878,0.458986372,-0.0216539986,0.392879397,0.456341892,-0.0272888206,0.385985613,0.453534722,-0.0313169509,0.418896,0.462535,-0.0168798752,0.409882784,0.457515299,-0.0237452611,0.403758615,0.453992754,-0.027826434,0.397651911,0.450272173,-0.031579785,0.430477917,0.462525815,-0.0207808316,0.425163448,0.458717495,-0.0278756339,0.420861244,0.455114424,-0.0304357782,0.415398061,0.451194406,-0.0328936614,0.44324261,0.462935328,-0.0247966144,0.444698721,0.462564439,-0.0315066,0.442928582,0.461726367,-0.0334267281,0.4402982,0.460257351,-0.0351333171
2316.666666666668,0.723202467,0.448139429,-3.61745514e-008,0.708237648,0.449723899,-0.00841157325,0.695220113,0.452529639,-0.014292689,0.684068143,0.453235686,-0.019838322,0.672653854,0.451556981,-0.0269059781,0.708612144,0.450650305,-0.0177324433,0.712691367,0.451541573,-0.0263766237,0.716103733,0.450838923,-0.0338658951,0.71828711,0.449248701,-0.0387188718,0.723469555,0.450148642,-0.017358778,0.729383767,0.451238245,-0.0236209929,0.734172583,0.451073647,-0.0293434337,0.738451064,0.448691159,-0.0349303,0.735383809,0.449499935,-0.0170662794,0.742831767,0.449636042,-0.0238770712,0.751393,0.447348267,-0.0285774805,0.757918179,0.443484277,-0.0325855464,0.744425833,0.448226243,-0.0173649136,0.753378868,0.447390854,-0.0224414915,0.761477709,0.444631249,-0.024305243,0.7681759,0.440969557,-0.0265464168
2316.666666666668,0.444341809,0.464128375,1.11800233e-007,0.428849816,0.461464524,-0.00356803439,0.412718236,0.456091732,-0.00694039371,0.403253525,0.44970113,-0.0101969056,0.396578163,0.444199,-0.014090999,0.410323441,0.458223283,-0.0119541725,0.397985816,0.452742308,-0.0185739826,0.389142215,0.449448764,-0.0228222422,0.381168157,0.446616322,-0.0262884013,0.419123679,0.457692295,-0.0147717297,0.411045343,0.450388551,-0.0208344888,0.40687573,0.445688665,-0.0241497718,0.40270251,0.441217899,-0.0272789821,0.430269301,0.457310796,-0.0176908839,0.425961107,0.451164544,-0.0237376466,0.423310906,0.447318,-0.0256510507,0.419761837,0.443674415,-0.0275936238,0.441751301,0.457092017,-0.0208550822,0.440612286,0.453143746,-0.0259944815,0.438347608,0.450923026,-0.027302593,0.435317487,0.448995531,-0.0287040416
2333.3333333333344,0.734790385,0.438696414,-2.14340456e-008,0.72363919,0.4378317,-0.00513633,0.712508082,0.438523889,-0.00844232179,0.70388031,0.440794319,-0.0112363342,0.697224796,0.443408459,-0.0142253637,0.714773238,0.444032371,-0.0122734085,0.714986503,0.443534046,-0.0193165913,0.71454823,0.442466646,-0.0235726442,0.713687,0.441115618,-0.0261574015,0.724660099,0.446606815,-0.0126903914,0.729159951,0.44000861,-0.0192264561,0.731319904,0.436255634,-0.0204281919,0.732368708,0.43430385,-0.0212319549,0.734482884,0.447306663,-0.0133908186,0.738356411,0.440273583,-0.0197700076,0.739631832,0.436773837,-0.0181498,0.740050793,0.434974074,-0.0167330392,0.743701458,0.446816504,-0.0145816393,0.74705559,0.441282213,-0.02013685,0.748633265,0.437990248,-0.0193536598,0.748925686,0.436020851,-0.0180263259
2333.3333333333344,0.439452201,0.460799485,1.43320307e-007,0.451843858,0.458627433,-0.0134503096,0.458982468,0.454270333,-0.0235260036,0.465593785,0.450030953,-0.0317967311,0.470666111,0.446037889,-0.0400337651,0.437080681,0.451237172,-0.0224602204,0.435635865,0.443066448,-0.0308350138,0.43556571,0.439313143,-0.0357977487,0.432180882,0.435835212,-0.0390696898,0.425955325,0.451398611,-0.0199314896,0.421017826,0.441527694,-0.0266419854,0.417241693,0.436088979,-0.0294098258,0.41200158,0.430672914,-0.0318623036,0.417378932,0.45201984,-0.0181551892,0.409507722,0.443623334,-0.024351852,0.404266357,0.438482195,-0.0271102246,0.398046225,0.433504075,-0.0289387777,0.410401851,0.45302093,-0.0173560847,0.399584472,0.446995407,-0.0211387929,0.392228901,0.442988,-0.0226351842,0.38496992,0.439118773,-0.0240781046
2350.000000000001,0.441683501,0.451711059,1.28345405e-007,0.456496835,0.451041192,-0.0157777946,0.464190304,0.445929646,-0.0251907222,0.46870175,0.440121174,-0.0324813202,0.471735775,0.435447276,-0.0396226868,0.442250967,0.440107495,-0.0230236743,0.439332843,0.432284057,-0.032010071,0.437286943,0.427668214,-0.0372705758,0.433987796,0.422934771,-0.0408707447,0.429381371,0.439724505,-0.0202661864,0.423581362,0.430918187,-0.0277842358,0.41876328,0.42517519,-0.032002531,0.413737178,0.419436276,-0.0355169587,0.4203915,0.441260397,-0.0186334085,0.412154108,0.432750881,-0.0264495444,0.407170147,0.427212179,-0.0315350518,0.402046233,0.422370136,-0.0348379537,0.413708061,0.443598866,-0.0181486048,0.401237637,0.437582374,-0.0247530285,0.392143965,0.433895499,-0.0288234577,0.383747697,0.43062222,-0.0318375826
2366.6666666666674,0.707273364,0.431577057,1.35197155e-007,0.715428531,0.43069911,-0.00697931368,0.724938,0.427809,-0.0134085007,0.731829643,0.423879087,-0.0191621445,0.738366,0.420180321,-0.0249328855,0.726088762,0.4337686,-0.0160469785,0.733174622,0.429764837,-0.024219133,0.736397147,0.426028579,-0.0293730162,0.739019871,0.422382951,-0.0320196897,0.719790459,0.434267521,-0.0152819511,0.726320922,0.42624408,-0.0219834652,0.730146408,0.41999802,-0.0239602104,0.732696235,0.414478,-0.0256300122,0.711750209,0.433353394,-0.0147911059,0.716002882,0.426019639,-0.0207101442,0.71991539,0.420985818,-0.0207791403,0.722691596,0.417085052,-0.0203805156,0.70276475,0.432080865,-0.0148683731,0.703892589,0.426585764,-0.0174644161,0.706151068,0.422767133,-0.0162292458,0.708319247,0.420223862,-0.0154774236
2366.6666666666674,0.445608824,0.447644204,1.52052252e-007,0.460026622,0.44474408,-0.0127825346,0.468981326,0.43872878,-0.0200727601,0.472013235,0.43279171,-0.0257838462,0.475919098,0.427483112,-0.0313600488,0.444524497,0.430902243,-0.0170261227,0.441250652,0.422637522,-0.0246319734,0.438806295,0.417559087,-0.0297970567,0.435406655,0.412856787,-0.0332837068,0.431594759,0.431084752,-0.0152436206,0.424210876,0.421834469,-0.0213456955,0.41911611,0.415872455,-0.0254742336,0.41364029,0.410470754,-0.0288272053,0.421798527,0.43315503,-0.0144453952,0.414098144,0.424325854,-0.0204843581,0.40891853,0.418435723,-0.0247816,0.403855085,0.413629711,-0.0277712084,0.414736271,0.436636925,-0.0146443155,0.402216196,0.430703938,-0.0200319737,0.394190729,0.426873475,-0.0228610225,0.387046576,0.423640579,-0.0248056706
2383.333333333334,0.718029261,0.435376883,1.10573993e-007,0.701913297,0.436381757,-0.0102186287,0.6889323,0.433125883,-0.0169008467,0.680674553,0.429022878,-0.0222307667,0.673697829,0.425765932,-0.0281181186,0.704267263,0.424436897,-0.0176452789,0.703381181,0.417132795,-0.0243205111,0.70471853,0.411908925,-0.0287758373,0.70647043,0.407339931,-0.0320216827,0.717969894,0.423080713,-0.0172990169,0.722422,0.41340977,-0.0220682379,0.726159275,0.40751794,-0.0255330689,0.730870843,0.402278364,-0.0287848227,0.729528368,0.42384702,-0.0174588319,0.734247565,0.414924592,-0.0229447447,0.738151133,0.409602195,-0.0263027884,0.742432475,0.404971421,-0.0290694572,0.73916918,0.426068455,-0.0182597674,0.746422589,0.419854105,-0.0235396326,0.752228558,0.416355789,-0.0252812617,0.757643819,0.413181603,-0.0266280565
2383.333333333334,0.447736681,0.442038238,1.30774637e-007,0.462790042,0.438071787,-0.0107047269,0.471057,0.430552542,-0.0163589772,0.473169744,0.423772722,-0.0208020583,0.476971954,0.418241084,-0.0252926,0.44708389,0.422700644,-0.0138151702,0.44350189,0.414363354,-0.0205074344,0.440580904,0.408934861,-0.0252279565,0.437060624,0.404049426,-0.0285965353,0.43336314,0.423291534,-0.0128787877,0.424934119,0.413833141,-0.0184945818,0.419398874,0.407946199,-0.0224537309,0.413908541,0.402737081,-0.0256403591,0.423204839,0.425857753,-0.0128153441,0.414954334,0.416729689,-0.0189476386,0.410075605,0.41091907,-0.0231010225,0.405697018,0.406202704,-0.0259324219,0.416020036,0.429890454,-0.0135573167,0.403326511,0.424076408,-0.0194111504,0.39482674,0.420541,-0.0223552193,0.387222379,0.417451739,-0.0242910758
2400.0000000000005,0.710704148,0.436662465,1.29802956e-007,0.69114697,0.434134603,-0.00903425366,0.677188635,0.42702198,-0.0136406757,0.670258403,0.4199301,-0.0171449017,0.663032234,0.414088249,-0.0209176522,0.701319933,0.419384,-0.0111907627,0.701471627,0.410610229,-0.0163381957,0.702479184,0.404991716,-0.0202369243,0.704106927,0.399842888,-0.0233431105,0.715562046,0.419202149,-0.0113799889,0.72124356,0.408259332,-0.0152145075,0.725293159,0.401619017,-0.0185409561,0.729441822,0.395715356,-0.0217227042,0.726982296,0.421110064,-0.012416211,0.733350039,0.410887271,-0.0181194469,0.737280488,0.40478,-0.0211138,0.740888178,0.399181664,-0.0234158076,0.736590445,0.424452633,-0.0140154222,0.745027959,0.416991711,-0.0199291948,0.751370192,0.412555188,-0.0214609616,0.756847739,0.408409745,-0.022508679
2400.0000000000005,0.452052027,0.437765777,1.2279834e-007,0.466640562,0.4325414,-0.00945508666,0.473998725,0.424092352,-0.014005702,0.47526902,0.416567504,-0.0174978338,0.478634834,0.410603076,-0.0210784059,0.448732972,0.416294,-0.011460145,0.444973737,0.407200724,-0.0174189452,0.44163081,0.401212811,-0.0218219794,0.437725425,0.396072686,-0.0250996295,0.435364544,0.416902304,-0.0109207202,0.425638139,0.406720459,-0.0160780344,0.419419289,0.400460601,-0.0198677834,0.413487762,0.395295113,-0.0228082966,0.425516933,0.419739366,-0.0112194205,0.415969431,0.410050064,-0.0172103811,0.410284042,0.403760403,-0.0215022825,0.40518406,0.398688138,-0.0243685655,0.418454081,0.424260944,-0.0121923154,0.404848456,0.418449402,-0.0184819363,0.395635158,0.41491887,-0.0217177086,0.387450546,0.411821842,-0.0236690883
2416.666666666667,0.710401416,0.433026165,1.12515117e-007,0.689876616,0.430107117,-0.00852765143,0.675440133,0.422615498,-0.013060635,0.668528378,0.41513437,-0.0167347454,0.661560237,0.409085661,-0.0207789987,0.699139357,0.41430676,-0.0097023407,0.699305654,0.405283928,-0.0147817396,0.700679183,0.399451464,-0.018956285,0.702948034,0.394169182,-0.0223236158,0.712787092,0.414270639,-0.0101897512,0.718626738,0.402983,-0.0138422046,0.722868383,0.396313,-0.0169611815,0.727633417,0.390533894,-0.0200554505,0.724010348,0.416481733,-0.0116571477,0.730401218,0.406137645,-0.0167852063,0.734035492,0.399739563,-0.019475935,0.737894475,0.393918484,-0.0217593275,0.734143853,0.420308411,-0.0138219148,0.742566943,0.412980258,-0.0189932119,0.748706341,0.408235669,-0.0205297433,0.754524112,0.403507859,-0.0218055248
2416.666666666667,0.45448783,0.434842348,1.17010408e-007,0.468662441,0.428672463,-0.00764197344,0.475429654,0.419100881,-0.0110169873,0.476717442,0.411168367,-0.0135911182,0.480218768,0.405136406,-0.0162437446,0.449846655,0.411053181,-0.0086510824,0.446086,0.401383847,-0.0134803532,0.443062216,0.395339489,-0.0172496177,0.439329952,0.390258551,-0.0201304741,0.437013954,0.412027895,-0.00883702189,0.426826298,0.401285619,-0.0131261069,0.420501888,0.394834,-0.0167418327,0.41446355,0.389641941,-0.0195432473,0.42733857,0.415076554,-0.00977103412,0.41725266,0.404947132,-0.0150833745,0.411424756,0.398335934,-0.0195097588,0.406254947,0.393056601,-0.0224853512,0.42006129,0.419793814,-0.0112192072,0.406207174,0.413732529,-0.0170355905,0.396863043,0.41016382,-0.0201724693,0.38864,0.406963944,-0.0220527556
2433.3333333333335,0.704897821,0.430597544,1.23661977e-007,0.686600566,0.427748084,-0.00981646311,0.673864722,0.419950664,-0.0149613321,0.667599678,0.412197769,-0.0189818889,0.661111832,0.405736893,-0.0232576225,0.697303236,0.410765022,-0.0118176024,0.697658241,0.40087384,-0.017699562,0.69873929,0.394654214,-0.0221596062,0.700597048,0.389075965,-0.0256413314,0.710579693,0.410704553,-0.0118852081,0.717181,0.399038225,-0.0163444877,0.721557081,0.392156184,-0.019812379,0.725744963,0.38616693,-0.0230614822,0.720977783,0.412882954,-0.0129955756,0.728947699,0.402247727,-0.0189706925,0.73291862,0.395895779,-0.0218579788,0.736290216,0.390102237,-0.0241691582,0.729826927,0.416664511,-0.0148676559,0.739501655,0.409319818,-0.0208443347,0.746361494,0.404847264,-0.0226316713,0.752243578,0.400579035,-0.0239588153
2433.3333333333335,0.454446912,0.432266831,1.23042255e-007,0.46895057,0.425947964,-0.00841899496,0.476458341,0.41638729,-0.0122737624,0.478033453,0.408161968,-0.0152131589,0.481213242,0.401633233,-0.0181921441,0.450939566,0.407935232,-0.00935493596,0.447455466,0.39764896,-0.0144702205,0.444520891,0.391414821,-0.0183342937,0.440834075,0.386130601,-0.021199869,0.437922835,0.408986479,-0.00914682,0.428576797,0.397870332,-0.013783318,0.422451258,0.391170293,-0.0176119227,0.416513473,0.385685951,-0.0205081198,0.427929163,0.412002474,-0.00974215753,0.418278128,0.401449025,-0.0152334431,0.412441522,0.394636124,-0.0197214801,0.407459855,0.389162064,-0.0226900857,0.420466155,0.416566283,-0.0109173292,0.406691253,0.410096526,-0.016800331,0.397529602,0.406223774,-0.0199681893,0.389609277,0.402696669,-0.0218190216
2450.0,0.705793917,0.43042177,1.16770423e-007,0.686560214,0.426707119,-0.00909675658,0.673351645,0.418287337,-0.0138521502,0.666889369,0.410374433,-0.0175396483,0.660887778,0.403830945,-0.0212525427,0.696289361,0.408099592,-0.0102794589,0.695961714,0.397787541,-0.0158406477,0.696700513,0.391388983,-0.0201264974,0.698284626,0.385886729,-0.0234325156,0.709127367,0.407855928,-0.0104523618,0.714983821,0.395980567,-0.014844046,0.719167292,0.388897806,-0.0183357634,0.723423541,0.382968664,-0.0213302318,0.719686747,0.410030335,-0.0116644511,0.726793468,0.399150521,-0.0171568561,0.730591655,0.392567635,-0.0202417783,0.733988464,0.386802673,-0.0225779563,0.728953183,0.414060175,-0.0136199547,0.73871088,0.406666785,-0.01902394,0.745130897,0.401913762,-0.0209628902,0.750772655,0.397484541,-0.0222794116
2450.0,0.454854876,0.431053162,1.26448796e-007,0.469564766,0.424776852,-0.00956796762,0.477181047,0.415169179,-0.0138538359,0.478843093,0.406632692,-0.0170662068,0.481842607,0.399646759,-0.0202011969,0.451887906,0.405840218,-0.00982308574,0.448848575,0.39543137,-0.0153156659,0.445916772,0.389053673,-0.0195147824,0.442330122,0.38363716,-0.0225633495,0.438813984,0.406931639,-0.00915069133,0.430151761,0.395594984,-0.0141355731,0.424200356,0.388631552,-0.0181410909,0.418498337,0.382923216,-0.0210999846,0.42879352,0.410032183,-0.00944887288,0.419730783,0.399230927,-0.0153086,0.414108,0.392619401,-0.0196781494,0.409377575,0.387316793,-0.0224521272,0.421225697,0.414722979,-0.0104595358,0.407713622,0.40802449,-0.0166996811,0.398617804,0.404178351,-0.019915089,0.39058423,0.400605232,-0.0217108335
2466.6666666666665,0.704571486,0.429882705,1.19297937e-007,0.686006606,0.426463306,-0.00990070775,0.672281086,0.417975366,-0.0148867881,0.665762782,0.409852475,-0.0186258908,0.660012662,0.403097332,-0.0223861691,0.695390761,0.407417655,-0.0115202814,0.694875658,0.396980107,-0.0177877918,0.695534587,0.390389025,-0.0225558467,0.696947694,0.384522766,-0.0261652898,0.708457232,0.406907558,-0.0114546735,0.71367389,0.394773811,-0.016545685,0.717397571,0.387325913,-0.0204124283,0.721023917,0.380947202,-0.023606509,0.719061911,0.408949554,-0.0124807246,0.72564888,0.397970468,-0.0186837576,0.728962421,0.391041517,-0.0220367815,0.731690228,0.384947807,-0.0244370736,0.72845608,0.412975848,-0.0142894471,0.737337887,0.405205727,-0.0202978477,0.743128717,0.400137216,-0.0224815197,0.74797219,0.395426482,-0.0239191484
2466.6666666666665,0.455289751,0.431212604,1.27310869e-007,0.470023066,0.424684763,-0.00976265315,0.47744,0.415026039,-0.0138908606,0.479009449,0.406431466,-0.0169654544,0.482184827,0.399419636,-0.0199010447,0.452183872,0.405617118,-0.00908059813,0.44966805,0.395205528,-0.0144965388,0.446937472,0.388679266,-0.0187801775,0.443226,0.383154869,-0.0219271686,0.439219862,0.406579316,-0.00841265637,0.431168377,0.395132601,-0.0133659886,0.425344378,0.387996644,-0.0174623802,0.419427484,0.382133305,-0.0204370618,0.429084957,0.409660727,-0.00881614722,0.420190752,0.3989878,-0.0146669438,0.41509971,0.392292112,-0.0189998448,0.4104729,0.386742562,-0.0216942579,0.421314597,0.414388686,-0.00998919457,0.408009678,0.407569557,-0.0161442067,0.399271697,0.403567106,-0.0192635804,0.391349971,0.39968425,-0.0210027099
2483.333333333333,0.704626,0.431722224,1.09713682e-007,0.685648799,0.427686542,-0.00891360454,0.672138035,0.418789148,-0.0136277936,0.665748537,0.410769105,-0.0173314642,0.659916878,0.404346615,-0.0210947227,0.694748759,0.407301664,-0.0104986513,0.693687499,0.396740466,-0.0167894289,0.693845093,0.390259475,-0.0216136519,0.694763958,0.384501219,-0.025195688,0.707608342,0.406940669,-0.0110180434,0.712474942,0.394569844,-0.0162706,0.71585077,0.387101114,-0.0203101467,0.719191253,0.380779058,-0.0234222468,0.718377233,0.409120768,-0.0125815272,0.724044442,0.398003131,-0.0187524613,0.727000952,0.390956461,-0.0222599134,0.729514062,0.384766728,-0.0246596187,0.72798568,0.413293064,-0.0148565667,0.736194253,0.405189186,-0.0205820873,0.741542101,0.399939865,-0.0226265714,0.746146262,0.39504081,-0.0239100493
2483.333333333333,0.455265284,0.432484925,1.1529383e-007,0.470516682,0.4259305,-0.00943808164,0.477754712,0.41591984,-0.013124276,0.47874853,0.40735063,-0.015772637,0.481882244,0.400516361,-0.0182892065,0.452338159,0.407066345,-0.00875205081,0.449547827,0.396874636,-0.0139973545,0.446846098,0.390367687,-0.0181399323,0.443314761,0.384842843,-0.0212489273,0.439250201,0.407893866,-0.00824261922,0.431029707,0.396388203,-0.0129973618,0.425263762,0.389449269,-0.0170249548,0.419466197,0.383673519,-0.0199735183,0.429116279,0.41089645,-0.0087552676,0.420158327,0.40023461,-0.0145178186,0.415055037,0.393567681,-0.0188257564,0.410452545,0.387961715,-0.0215273891,0.421226948,0.415634781,-0.0100056184,0.407836676,0.408960193,-0.0160631128,0.399132401,0.404921263,-0.0191002786,0.391363978,0.400956929,-0.0208129
2499.9999999999995,0.703481138,0.433603674,1.00290535e-007,0.68432647,0.42944783,-0.00848084,0.67136538,0.420463115,-0.0130152665,0.665558279,0.412483305,-0.0166242719,0.660232842,0.406142712,-0.0203130636,0.694606423,0.409368098,-0.0103791384,0.693478107,0.398683906,-0.0167271774,0.693512,0.392060667,-0.0215938203,0.694173,0.386338979,-0.0251354985,0.707484782,0.409032643,-0.0111512719,0.711407065,0.396430373,-0.0164266955,0.714345276,0.38878423,-0.0205204599,0.717293,0.382397652,-0.023647761,0.718368173,0.41113016,-0.0128976172,0.723410964,0.399456,-0.0190016609,0.726146102,0.392334104,-0.0223278161,0.728421152,0.386268854,-0.0245477408,0.728126228,0.415196687,-0.0153261712,0.735984266,0.406673491,-0.0209328011,0.74104327,0.401186347,-0.0227889195,0.745375574,0.396272808,-0.0238768216
2499.9999999999995,0.454788357,0.434935808,1.07479423e-007,0.469781339,0.428434253,-0.00988002494,0.47693947,0.418722063,-0.0140188206,0.477702618,0.410446852,-0.0170526206,0.481046975,0.403794497,-0.0199856218,0.451237381,0.40985018,-0.00967904,0.448391229,0.399857402,-0.0154049359,0.445681959,0.393362582,-0.019950293,0.442114711,0.38789475,-0.0233111214,0.438224107,0.410908729,-0.00920361746,0.429319769,0.39944464,-0.0143922558,0.423375875,0.392657369,-0.0186252706,0.417432606,0.387002468,-0.0216755718,0.428300321,0.414034307,-0.00975397229,0.419159234,0.403416395,-0.0158553235,0.413994908,0.39677012,-0.0200073104,0.409145951,0.391194224,-0.0225537494,0.420607984,0.418966115,-0.0110810855,0.407317787,0.412272,-0.0172934439,0.398561746,0.408179194,-0.0200959072,0.390492499,0.404152483,-0.0216100756
2516.666666666666,0.705804884,0.436359763,9.49700194e-008,0.686688364,0.432603449,-0.00941074174,0.67313683,0.424378335,-0.0148035577,0.666578889,0.416531056,-0.0191190895,0.661114573,0.409912914,-0.0234262198,0.694978,0.41361469,-0.0123986434,0.693154216,0.402396142,-0.0192320403,0.693232834,0.395558715,-0.0241908226,0.693926632,0.389724672,-0.0276644044,0.70801115,0.413042456,-0.0127632907,0.711542189,0.400139123,-0.0183442887,0.714291513,0.392387658,-0.0223491341,0.717071235,0.386061311,-0.025383722,0.719213068,0.414910674,-0.0140774259,0.723898768,0.403131247,-0.0201027263,0.726037323,0.395851672,-0.0232732613,0.727859914,0.389790565,-0.0253898911,0.729361951,0.418708801,-0.0161719564,0.736894071,0.410084516,-0.0215889029,0.741306663,0.404270798,-0.0234429706,0.744917929,0.399211615,-0.0245287288
2516.666666666666,0.452659607,0.438463,9.73367662e-008,0.467773795,0.432379812,-0.00965578482,0.475814819,0.423133492,-0.0137605453,0.477304935,0.415289193,-0.0168319289,0.479362816,0.408934414,-0.0198493,0.449518353,0.414650917,-0.0103027411,0.446332663,0.404809892,-0.0158736128,0.443371236,0.398445457,-0.020082172,0.439647257,0.393158227,-0.0231977589,0.436110109,0.415819317,-0.00987324212,0.427579582,0.404803514,-0.0148813073,0.421688318,0.398233473,-0.0188459605,0.415984839,0.39292708,-0.0218520574,0.425914943,0.418900609,-0.0104096131,0.416961312,0.40840587,-0.0162336417,0.411613196,0.402015418,-0.0202284288,0.406839609,0.396837652,-0.0228280425,0.418360382,0.423635721,-0.0117017347,0.404987037,0.417307585,-0.0177990552,0.396040171,0.413314849,-0.0206605848,0.388018727,0.409436405,-0.022296695
2533.3333333333326,0.708005965,0.440488219,9.01681929e-008,0.688388884,0.437309802,-0.00917183142,0.67400533,0.429487258,-0.0142432675,0.667246222,0.421800435,-0.0182646103,0.661474466,0.415153265,-0.0223272406,0.69512707,0.419184327,-0.0117334025,0.693984628,0.408179432,-0.0179226883,0.694314957,0.401402324,-0.0224447343,0.695136249,0.395497054,-0.0257404745,0.708902061,0.418410093,-0.0121798115,0.712577403,0.405613512,-0.0169857796,0.715415537,0.397941232,-0.0207022317,0.718140602,0.391561776,-0.0237379819,0.720609188,0.420155644,-0.0135330129,0.725223839,0.4085581,-0.0191417411,0.727342546,0.401445061,-0.0219695698,0.729234397,0.395479798,-0.0239407644,0.731310487,0.423684835,-0.0156239159,0.738136709,0.414973378,-0.0208495297,0.7423051,0.409175128,-0.0223071948,0.745664835,0.404152572,-0.0231772102
2533.3333333333326,0.452414483,0.443795204,8.41774863e-008,0.467085481,0.43813324,-0.0101343561,0.474937022,0.429107338,-0.0144313695,0.475168228,0.421690553,-0.017597666,0.476941764,0.415793747,-0.020767495,0.44827643,0.421201915,-0.01109262,0.444364607,0.411858469,-0.0166115593,0.441372931,0.405957788,-0.0208807327,0.437744558,0.400827736,-0.0240827352,0.434612721,0.422529399,-0.0104026617,0.425338984,0.411910594,-0.0150455823,0.419068336,0.40566808,-0.0188052095,0.413347751,0.400499314,-0.0218826663,0.424427867,0.425598592,-0.0106960321,0.415403545,0.415349185,-0.0160666183,0.409624815,0.409105,-0.020125974,0.404615909,0.404106677,-0.0229910184,0.417080909,0.430268884,-0.0118194157,0.403730899,0.423957735,-0.0174970068,0.39484033,0.42035,-0.020357009,0.386855632,0.41697672,-0.0221924428
2549.999999999999,0.705186,0.445716053,6.93443667e-008,0.687261164,0.442428917,-0.0088766655,0.674171448,0.434816033,-0.0136267301,0.667581081,0.427681863,-0.0173967518,0.661111,0.421658516,-0.0214045588,0.69720912,0.42562741,-0.0117125697,0.696101606,0.415258616,-0.017566368,0.69637394,0.409020901,-0.0220198166,0.697136879,0.403441221,-0.0254380275,0.711582661,0.425111979,-0.0122040454,0.715716422,0.412840277,-0.0165458024,0.718259,0.405696362,-0.0201404504,0.720586717,0.399536878,-0.0233432595,0.723592043,0.427064031,-0.0135139404,0.728637,0.415831387,-0.0189893413,0.730890274,0.409116745,-0.0215966068,0.732786179,0.403259546,-0.0236512609,0.734199166,0.430745572,-0.015497853,0.741966307,0.422845066,-0.0207897127,0.74692297,0.417821646,-0.0219634399,0.750770032,0.413324744,-0.0227817148
2549.999999999999,0.449466825,0.449932039,8.7064933e-008,0.463805914,0.445194185,-0.0118041048,0.472100049,0.437142879,-0.0173949916,0.473712206,0.430063426,-0.0215465184,0.47521022,0.424280792,-0.0256310925,0.44541,0.428993881,-0.0135362512,0.441239268,0.420509249,-0.0197892897,0.439005047,0.415199906,-0.0246259123,0.435677588,0.410365134,-0.0280642174,0.432059139,0.430251181,-0.0121341487,0.422490686,0.420484662,-0.0169734173,0.416701913,0.414751381,-0.0206894446,0.411107451,0.409790874,-0.0238241106,0.421862125,0.433276892,-0.0117989918,0.412761271,0.423771799,-0.0170007348,0.407372206,0.418021888,-0.0206514504,0.402475685,0.41321665,-0.0233318023,0.414410084,0.437817663,-0.0124770785,0.401182413,0.431589216,-0.0175488461,0.392638147,0.42812562,-0.0198364276,0.384686202,0.424797356,-0.0214399211
2566.6666666666656,0.706996143,0.452125967,3.60233514e-008,0.68907994,0.449294925,-0.00991727598,0.676279902,0.442442596,-0.0159498081,0.669646323,0.435680449,-0.021012105,0.663084626,0.429829895,-0.0262588691,0.699118793,0.434460163,-0.0136042098,0.69802767,0.424550086,-0.0206639711,0.698088467,0.418902099,-0.0258063395,0.698922515,0.413549244,-0.0295756292,0.712695718,0.433849633,-0.0138285849,0.717668474,0.422067106,-0.0191652775,0.720440447,0.415382653,-0.0227049366,0.723296463,0.409507751,-0.0258488394,0.724028766,0.43540132,-0.0150116524,0.729665458,0.424773246,-0.0208408888,0.732201934,0.418482274,-0.0229275078,0.734246194,0.412851244,-0.0246068556,0.734248579,0.438553274,-0.017081745,0.741612,0.431176156,-0.0218945965,0.745880783,0.426182,-0.0227371342,0.749314666,0.421378672,-0.0235131253
2566.6666666666656,0.445984542,0.456820875,8.03195732e-008,0.460146517,0.452893555,-0.0129326554,0.468769729,0.446008563,-0.0198272672,0.470874578,0.439284027,-0.0250678658,0.472891748,0.433773547,-0.0302263256,0.442148358,0.438812375,-0.0172841381,0.438186079,0.430856287,-0.0246523246,0.435773343,0.426065534,-0.0299189724,0.432001531,0.421545535,-0.0336248539,0.428593397,0.439774454,-0.0155378161,0.419122934,0.430532098,-0.0212802216,0.41305095,0.424959838,-0.0252293218,0.406865537,0.420195,-0.0286722,0.418499261,0.442449212,-0.0147475181,0.409335613,0.433446437,-0.0205230173,0.404215276,0.427893639,-0.0243285205,0.399551123,0.423464864,-0.0271943919,0.411225915,0.446432829,-0.0150152277,0.398368657,0.44026956,-0.0204068683,0.390023708,0.436831832,-0.0229689013,0.382424623,0.433838844,-0.0248620361
2583.333333333332,0.717497528,0.455052167,1.55107685e-007,0.706984639,0.454550266,-0.0104304058,0.697828531,0.451264054,-0.0180572402,0.692227781,0.448315412,-0.0240895078,0.686524212,0.446837187,-0.0308704674,0.703948855,0.443674982,-0.021118626,0.702243507,0.435848743,-0.029958332,0.703056514,0.430401742,-0.0354892202,0.704559386,0.425488502,-0.0391293801,0.716758549,0.442710042,-0.0208018553,0.721502781,0.433294117,-0.0281909388,0.726104498,0.427075475,-0.0323466063,0.730713844,0.42170459,-0.0354089104,0.727959037,0.443757504,-0.0209141374,0.733839691,0.43481,-0.0276728347,0.738203883,0.428974748,-0.0307438597,0.742128313,0.42402482,-0.032690689,0.737496138,0.44568038,-0.0216389727,0.743595,0.438725621,-0.0270981696,0.747964621,0.433873862,-0.028753465,0.751827121,0.429721385,-0.0297655761
2583.333333333332,0.439793169,0.463422954,6.22463716e-008,0.455791205,0.461560577,-0.0134411305,0.464834511,0.456134051,-0.0207294896,0.468179107,0.450152606,-0.026238203,0.470527709,0.445498675,-0.031822715,0.441827506,0.449562103,-0.0198591314,0.437974334,0.44231078,-0.0267214719,0.435175508,0.438218892,-0.0311891139,0.430662751,0.434147567,-0.034515623,0.427107334,0.449874282,-0.0177383386,0.418447345,0.441814542,-0.0229057595,0.41214484,0.43700251,-0.0261772256,0.405845076,0.432872057,-0.0295203757,0.416045934,0.451989681,-0.0164304581,0.407319099,0.444022655,-0.0216759592,0.402507722,0.438910127,-0.0253646038,0.397934705,0.434949666,-0.0285050403,0.408283174,0.455252826,-0.0161966532,0.395903081,0.449356437,-0.0212214254,0.387500077,0.446158588,-0.0238290131,0.379761577,0.443461746,-0.0261193067
2599.9999999999986,0.434975356,0.470115393,4.94916961e-008,0.450533867,0.469075233,-0.0135868797,0.459372729,0.464777738,-0.0217418,0.463941574,0.460836262,-0.0282203443,0.468261093,0.45729509,-0.0347749665,0.436904788,0.45920378,-0.0209289119,0.434502661,0.453480661,-0.0289688,0.431536555,0.450309664,-0.0341389701,0.426808894,0.447336,-0.0377177894,0.423260152,0.460107893,-0.0186353363,0.415018797,0.453882068,-0.025016522,0.409026712,0.449344844,-0.0289397277,0.402848691,0.445198804,-0.0327218585,0.413100183,0.461902,-0.0171601065,0.404253036,0.455797374,-0.0237019081,0.39916867,0.451031059,-0.0278407894,0.393960893,0.447054774,-0.031043319,0.406166703,0.464114189,-0.0166960955,0.39406231,0.459168375,-0.0224844906,0.385452718,0.456072718,-0.0256286692,0.377350867,0.453202337,-0.0282685384
2616.666666666665,0.719017208,0.467761606,-9.15628462e-008,0.709484696,0.46554175,-0.00674618315,0.701757669,0.462225169,-0.0134330029,0.696149826,0.46065414,-0.0197215639,0.690772951,0.460281104,-0.0267538242,0.713594258,0.464036971,-0.0184394475,0.720984459,0.454696983,-0.0290093273,0.723985612,0.448667,-0.0366468281,0.726952314,0.443942755,-0.0405619889,0.72535038,0.464370787,-0.0190734416,0.732678711,0.452943981,-0.0282761864,0.73566258,0.44698295,-0.0321219973,0.739099622,0.442171633,-0.0346891098,0.734320402,0.464514643,-0.0196666066,0.742576122,0.453564942,-0.0289362259,0.745467842,0.448182821,-0.0296493806,0.747563541,0.443828553,-0.0291010067,0.74091661,0.464653581,-0.0207406934,0.749582291,0.457467198,-0.027358247,0.755142748,0.453630686,-0.0266272016,0.759396076,0.450513631,-0.0253096633
2616.666666666665,0.436306238,0.472651631,1.07631969e-007,0.419686288,0.471379727,-0.00290737511,0.402638465,0.468878627,-0.00606407784,0.38927573,0.466142833,-0.00884208456,0.378220499,0.464005888,-0.0119626904,0.408579767,0.471218675,-0.0122415954,0.398377359,0.465863496,-0.01996186,0.393131465,0.462141693,-0.0248220023,0.388101876,0.458822936,-0.0282146912,0.416043192,0.470610559,-0.01475746,0.406497866,0.464629859,-0.0223150961,0.400435388,0.460774869,-0.0266145561,0.394785225,0.457360178,-0.0300471392,0.424525738,0.469612569,-0.0171972904,0.416549116,0.464209825,-0.0244389735,0.410656095,0.46072939,-0.0273602065,0.40477851,0.457706243,-0.0295121837,0.433043808,0.468621075,-0.0195909273,0.429139167,0.46541813,-0.0257501453,0.425421953,0.463580459,-0.0278531462,0.421473652,0.461755961,-0.0294188373
2633.3333333333317,0.721054673,0.461858958,-4.81643454e-008,0.705644369,0.466584861,-0.00673640613,0.692854106,0.47102946,-0.0120235728,0.680539727,0.472728074,-0.0174406152,0.668867111,0.471411854,-0.0240949318,0.707594514,0.468711615,-0.0132354992,0.71176511,0.468981922,-0.0221167672,0.714423716,0.468266964,-0.0296707973,0.7163167,0.465999693,-0.0341445766,0.720550179,0.468235046,-0.0132064754,0.72731179,0.468838096,-0.0209422335,0.731314957,0.466632456,-0.0265093464,0.734844923,0.462204278,-0.030604003,0.731314838,0.468136281,-0.0133785829,0.739559,0.467972487,-0.0214845836,0.746916533,0.464085877,-0.0248270556,0.751844466,0.458964556,-0.0264836848,0.739821,0.467656195,-0.0140345711,0.748933733,0.467024773,-0.0196758248,0.756377578,0.463831246,-0.020830825,0.76165694,0.459944904,-0.0215712972
2633.3333333333317,0.433410734,0.474230826,1.9650075e-007,0.444974244,0.474568397,-0.0178954639,0.453195453,0.476093084,-0.0313726924,0.458381891,0.47700265,-0.0420760177,0.462532043,0.476769537,-0.0534051172,0.433635712,0.477682203,-0.0324831158,0.425327748,0.475547493,-0.0441465378,0.418107539,0.472794831,-0.0520641021,0.41038844,0.469370544,-0.057369031,0.421423912,0.478116602,-0.0282414015,0.410211474,0.476432979,-0.0389317274,0.400778234,0.473250747,-0.04439421,0.391439438,0.469179958,-0.0487484075,0.412375152,0.477706611,-0.0245167743,0.399480015,0.476521522,-0.0338694863,0.389779449,0.473524839,-0.038559109,0.38144508,0.469383955,-0.0419127531,0.40621075,0.476850122,-0.0219339635,0.394530118,0.475502163,-0.0281269029,0.385859668,0.473618746,-0.031173734,0.378383815,0.471134394,-0.0339039415
2649.999999999998,0.712937415,0.46365723,-5.03221e-008,0.698213518,0.468328267,-0.00765703665,0.68649,0.47369948,-0.0134325325,0.675604641,0.475405097,-0.0194147564,0.664470494,0.473994076,-0.0266600754,0.701020837,0.475394428,-0.0138330301,0.706014633,0.476485133,-0.0230450556,0.707190275,0.474722177,-0.0306118261,0.707515538,0.472171903,-0.0350470059,0.715877891,0.475660652,-0.013560771,0.72551465,0.475983649,-0.0222819429,0.732699215,0.473193586,-0.0293186028,0.738353848,0.468621969,-0.0342292823,0.727803826,0.475314975,-0.0135868713,0.737668455,0.475018322,-0.0223966297,0.747532427,0.471173495,-0.0287120491,0.754283309,0.466002345,-0.0322901532,0.735824168,0.474152952,-0.0140209151,0.745857298,0.47387743,-0.0202255137,0.753705204,0.470123619,-0.0232566148,0.759485364,0.465506196,-0.0253206976
2649.999999999998,0.436507851,0.467245787,9.65957199e-008,0.444494098,0.470550448,-0.010451504,0.44934845,0.475320518,-0.0168487411,0.451777786,0.478429854,-0.0221008491,0.454319745,0.479888707,-0.027662605,0.435304642,0.479521602,-0.0142071564,0.432461858,0.482466966,-0.0214288272,0.429631472,0.480804384,-0.0272535849,0.425954521,0.478449762,-0.0310435593,0.426332772,0.479349256,-0.0124336006,0.41659838,0.480598032,-0.0193777904,0.407546461,0.479087979,-0.0245398134,0.399074703,0.476393968,-0.0282038059,0.41988951,0.47845903,-0.0114241121,0.407913536,0.478747398,-0.0182372592,0.39838919,0.477800876,-0.0228197444,0.390123695,0.475687921,-0.0255741272,0.415954798,0.476931661,-0.0111433091,0.405103028,0.477025688,-0.0163433868,0.397647858,0.476570159,-0.0187937189,0.390549451,0.475221485,-0.0203691553
2666.6666666666647,0.708339036,0.462482303,-4.65843319e-009,0.697775185,0.465771228,-0.0053179157,0.687907517,0.471896678,-0.0096428059,0.678434551,0.473842174,-0.0133845443,0.667778909,0.472692788,-0.0179878809,0.697635412,0.472332627,-0.0135175008,0.7003631,0.473391414,-0.0184719171,0.702272475,0.474034637,-0.0217582546,0.703243911,0.474840015,-0.0241145138,0.708898485,0.472189665,-0.0128035508,0.712393701,0.472980589,-0.0166399982,0.715226173,0.473970771,-0.019047251,0.717748046,0.474010468,-0.0216120612,0.719051123,0.47162807,-0.0119625879,0.724885821,0.473300457,-0.0165874604,0.731714547,0.473841697,-0.019805111,0.737088799,0.47372821,-0.0223892201,0.727573097,0.470544398,-0.0112129571,0.734915137,0.471854955,-0.0154180788,0.741908789,0.471376508,-0.0178543646,0.747380257,0.470746696,-0.0198443253
2666.6666666666647,0.433811843,0.470729232,1.42523959e-007,0.444195658,0.474681914,-0.00717706559,0.451034456,0.479061693,-0.0120903682,0.456570953,0.480661422,-0.0165893324,0.462989777,0.480281293,-0.0216374584,0.434320718,0.479969949,-0.00982221868,0.422835529,0.481109291,-0.0153899947,0.412723631,0.480005085,-0.0201054364,0.403824419,0.478171051,-0.0233408548,0.425502896,0.479786962,-0.00944313686,0.411183178,0.480659246,-0.0145479823,0.400418222,0.479398966,-0.0184881277,0.391429,0.477241606,-0.0215103198,0.418533623,0.479565203,-0.00964259263,0.404515862,0.480230093,-0.0145061258,0.395654798,0.479226291,-0.0175004043,0.388674647,0.477321029,-0.0193305053,0.413691193,0.479041398,-0.010483861,0.40286091,0.479442984,-0.0139936209,0.396158,0.478820533,-0.0152094141,0.390085071,0.477409124,-0.0160756577
2683.333333333331,0.705136478,0.46018523,-4.26330615e-008,0.716956913,0.463050485,-0.00458697,0.727789342,0.467621595,-0.00881766,0.736952603,0.470071346,-0.0125109414,0.744195759,0.47013256,-0.0162870269,0.717055619,0.468683,-0.0110943085,0.71611613,0.469423503,-0.0160587933,0.716870427,0.470339954,-0.0196821615,0.717567146,0.471151173,-0.0219874419,0.707235217,0.46904,-0.0110212509,0.70590359,0.470196158,-0.0145750409,0.705404818,0.470724642,-0.0159042533,0.704466224,0.470372111,-0.0173355304,0.69807148,0.46941486,-0.0108793862,0.695070148,0.470321894,-0.0148809524,0.694560468,0.469898254,-0.0148417726,0.694220603,0.468900114,-0.0146363964,0.690046787,0.469571203,-0.0110945068,0.686627924,0.471010089,-0.0141426194,0.684735477,0.470699698,-0.0135861468,0.682311654,0.469817728,-0.0129414629
2683.333333333331,0.437497795,0.469574749,5.40887761e-008,0.449686259,0.473599315,-0.00611265143,0.457820565,0.478694201,-0.0107708322,0.462237239,0.480013222,-0.0154661369,0.465656519,0.477645159,-0.0209664125,0.441711158,0.479350179,-0.00975250918,0.436092854,0.481084764,-0.0141669009,0.431931555,0.478881091,-0.0178761,0.427478284,0.476697385,-0.0207115393,0.430120617,0.478627354,-0.0104376944,0.418765038,0.479405969,-0.0143846879,0.409091741,0.478094935,-0.0179682672,0.39988628,0.476005,-0.0213255491,0.421416402,0.478005439,-0.0115185194,0.408457369,0.478614032,-0.016156178,0.398498535,0.477467865,-0.0204227418,0.389181346,0.475560844,-0.0236370265,0.415555626,0.477141619,-0.0130198048,0.404422879,0.477238476,-0.01660618,0.396756649,0.476273239,-0.0183566157,0.388978601,0.474634975,-0.0200134069
2699.9999999999977,0.702083409,0.455740511,-6.46292548e-008,0.710456669,0.45867306,-0.00757996831,0.711106837,0.464744538,-0.0126914559,0.706321955,0.468379736,-0.0165652148,0.700402558,0.468799621,-0.0203778483,0.708871484,0.463838547,-0.0182388779,0.713341832,0.465458155,-0.0251200926,0.716236949,0.465193182,-0.0288911033,0.717728376,0.464486152,-0.0308034606,0.703380644,0.463975877,-0.0165256932,0.70389235,0.464721501,-0.0226665251,0.704698324,0.464260548,-0.0240721777,0.70463115,0.462534636,-0.0250637531,0.69748807,0.464197189,-0.0147569096,0.695849955,0.464678138,-0.0206104405,0.698402226,0.463240236,-0.0207850747,0.699917257,0.461211503,-0.02039597,0.692364275,0.464667499,-0.0135057494,0.689445555,0.465907484,-0.0174991172,0.691331,0.464707464,-0.0175355859,0.691652656,0.463341385,-0.0171993021
2699.9999999999977,0.436896652,0.46590513,2.66285305e-008,0.449257791,0.470758766,-0.0063990159,0.458116472,0.475497097,-0.0110211512,0.462994605,0.477000505,-0.0160191115,0.465901464,0.476477087,-0.0217468981,0.439493179,0.476090938,-0.0081571918,0.433154523,0.476191163,-0.0139972437,0.426826,0.473178923,-0.0194817968,0.420437694,0.470338672,-0.0234464705,0.428502917,0.475778848,-0.00897523481,0.418026954,0.474892914,-0.0145698497,0.408357233,0.472693294,-0.0198151041,0.399223745,0.469692677,-0.0240607113,0.419569224,0.475591213,-0.0103606153,0.407138199,0.474537969,-0.0165255517,0.398606688,0.472520977,-0.0210256111,0.390495896,0.469773352,-0.0238696802,0.413090855,0.475041062,-0.0123247756,0.401482463,0.473926812,-0.0163913742,0.394299954,0.472652644,-0.0178253911,0.386728972,0.470686406,-0.018960515
2716.6666666666642,0.709229112,0.455912709,-1.85635916e-008,0.696477652,0.457095057,-0.0126524214,0.684070349,0.46008265,-0.0206942242,0.672925532,0.460639209,-0.0268415492,0.662558436,0.45925346,-0.0344818272,0.697286189,0.457882524,-0.0272692814,0.700079143,0.4598203,-0.038765233,0.701768339,0.460265219,-0.0471065901,0.703655362,0.459840685,-0.0520950779,0.7096771,0.459115803,-0.0248633139,0.720345914,0.459442168,-0.0356886126,0.728997707,0.45864293,-0.0421702,0.737469435,0.456154943,-0.0468776077,0.719139576,0.459830582,-0.0223948788,0.730861604,0.45874238,-0.0331329,0.739746451,0.456497,-0.0370733365,0.746338904,0.45327878,-0.038979169,0.726150393,0.460112453,-0.0206571519,0.736346126,0.458942205,-0.0287755337,0.744244397,0.456216663,-0.0302936938,0.750129282,0.453153372,-0.0309616681
2716.6666666666642,0.444129825,0.465883881,1.26459767e-007,0.453224063,0.468145102,-0.015988037,0.45801875,0.470635563,-0.0282209031,0.459127963,0.47125873,-0.0377802551,0.45946002,0.470588505,-0.0475886762,0.439775884,0.469164193,-0.030153567,0.43297562,0.467421591,-0.0411911458,0.429015577,0.465416,-0.0483109169,0.424386412,0.463589698,-0.0529936031,0.429845899,0.468201518,-0.0265494771,0.418512046,0.466764838,-0.0364099406,0.411390185,0.464526176,-0.0413239226,0.404814124,0.461955786,-0.0451532975,0.422619551,0.467310429,-0.0233851187,0.410418451,0.466006488,-0.0316889174,0.401721299,0.463730574,-0.0359255373,0.393947393,0.461199194,-0.0390508957,0.417548478,0.466492981,-0.0211822502,0.407346249,0.465233684,-0.0266757123,0.399241447,0.464088112,-0.029480949,0.39210391,0.462626338,-0.0319752879
2733.3333333333308,0.719785511,0.441578895,-5.5359461e-008,0.706583381,0.442348182,-0.00864241552,0.695260286,0.447218269,-0.0141439503,0.686209798,0.452125639,-0.0184632018,0.677004755,0.455231369,-0.0231477655,0.707078,0.452867031,-0.0146390991,0.710102737,0.454494685,-0.0238521099,0.714134812,0.452918977,-0.0306150056,0.717666745,0.450584799,-0.0345163457,0.717421174,0.452204645,-0.0136036761,0.721725702,0.449853569,-0.0214097053,0.725421607,0.447262973,-0.025764,0.72830683,0.445070326,-0.0288808476,0.725621223,0.450085193,-0.0130764861,0.729722083,0.44774729,-0.0203994922,0.733239353,0.445238411,-0.0210448839,0.735601485,0.443174928,-0.0210974757,0.73177892,0.448004395,-0.0132104475,0.73650223,0.446331352,-0.0190652013,0.739705324,0.444013864,-0.0188278891,0.7408427,0.442250758,-0.0179100428
2733.3333333333308,0.445394307,0.467610389,1.04761959e-007,0.431483805,0.462587625,-0.00319589232,0.417178482,0.458485693,-0.00679162052,0.407673448,0.454357833,-0.0102550769,0.399375021,0.451204777,-0.0141274501,0.41296646,0.46445179,-0.0129088387,0.398322,0.461357087,-0.0203507021,0.388807863,0.459058762,-0.0250685103,0.38058424,0.456665784,-0.0285753869,0.420452297,0.464901298,-0.0158603657,0.409646392,0.460220486,-0.0229533762,0.403955489,0.456107855,-0.0263621509,0.399141043,0.451977253,-0.0291072149,0.430995941,0.464759946,-0.0188158695,0.424265057,0.460036486,-0.0257765446,0.420191646,0.456243366,-0.027807802,0.416184455,0.452641159,-0.0294477232,0.442787826,0.464024633,-0.0219372772,0.439920485,0.460499257,-0.028211223,0.436298966,0.457960129,-0.0299079958,0.432450831,0.455462307,-0.0312223621
2749.9999999999973,0.434224874,0.459795386,-1.51033568e-008,0.425523967,0.457642227,-0.00449913507,0.409514785,0.453880221,-0.00672735274,0.397104293,0.450599551,-0.00826634932,0.387108505,0.44800666,-0.00978779234,0.423974127,0.456962764,-0.00901787262,0.42438519,0.452280521,-0.0149357477,0.423167288,0.450006455,-0.0185936354,0.419782311,0.448033512,-0.020462878,0.425193548,0.457184643,-0.00909675,0.419128895,0.450521052,-0.0128237298,0.413268179,0.44571954,-0.0141730923,0.408841878,0.44129321,-0.0158019327,0.424539238,0.457224309,-0.00980471,0.414863735,0.451880068,-0.0138980327,0.408055842,0.44677338,-0.015518833,0.402833402,0.442148298,-0.0165859628,0.422705323,0.45758909,-0.0107960962,0.40974918,0.454385787,-0.0134401266,0.400425225,0.451384872,-0.0141632389,0.39274326,0.44864431,-0.0152058275
2766.666666666664,0.442126095,0.458585531,1.16166e-007,0.432074815,0.459858358,-0.00471473858,0.420498312,0.457972527,-0.00885917805,0.414026082,0.454519123,-0.0122746732,0.410584569,0.450834751,-0.016072413,0.416167736,0.452876061,-0.0132994764,0.402912736,0.448342234,-0.0197474752,0.394213259,0.445336193,-0.0236292835,0.386572421,0.44283855,-0.0262994543,0.422055423,0.449877471,-0.0146569051,0.412932634,0.442740619,-0.0204394571,0.40719983,0.437639356,-0.0233401861,0.402565897,0.433320284,-0.0253366642,0.430096447,0.44822374,-0.0160620734,0.422537655,0.441375673,-0.0216168649,0.417315871,0.436683387,-0.0235878415,0.41282624,0.432722658,-0.0247899313,0.438788831,0.447725594,-0.0176206026,0.434740812,0.441887468,-0.0226641186,0.431445867,0.437663734,-0.0237121675,0.428644031,0.43408671,-0.0241471864
2783.3333333333303,0.445812702,0.453245908,1.35520182e-007,0.435403258,0.45484376,-0.00478791725,0.42416805,0.453086,-0.00910207443,0.41806218,0.449523509,-0.0126256142,0.414600611,0.44587633,-0.0166660231,0.419724613,0.446281195,-0.0135397147,0.40545249,0.441692591,-0.019966837,0.396760106,0.438540667,-0.0239643753,0.388907105,0.435836613,-0.0267496146,0.426327914,0.443246961,-0.015165762,0.416023016,0.435154468,-0.0206067935,0.410138309,0.429564804,-0.0238623321,0.405559182,0.42486304,-0.0261708926,0.435043186,0.442122489,-0.0167940464,0.426800191,0.434278905,-0.0219648071,0.421010584,0.428901315,-0.0245740376,0.416333228,0.424037695,-0.026515156,0.444802,0.4423531,-0.018527789,0.441270173,0.436251044,-0.0237038489,0.438196361,0.431670606,-0.0250706598,0.435296506,0.42764017,-0.0258341152
2799.999999999997,0.700874388,0.437268555,1.58996443e-007,0.680866301,0.4372935,-0.00802428648,0.665845752,0.433888942,-0.0117779281,0.656284571,0.428489387,-0.0148354564,0.647286773,0.42367202,-0.0181472711,0.678302,0.432721823,-0.0105456151,0.677372396,0.432549953,-0.018134376,0.677328944,0.430258691,-0.0242541786,0.678789794,0.426873773,-0.0285787042,0.6950562,0.431199461,-0.0115453703,0.69984597,0.422277391,-0.0184863154,0.703784525,0.414166719,-0.0240135174,0.708082318,0.40710333,-0.0285918899,0.709404469,0.43118313,-0.0133886365,0.715177119,0.422631711,-0.0232729223,0.717396438,0.414949536,-0.0284923818,0.720237732,0.408667982,-0.0314793959,0.719545722,0.433552682,-0.0154438727,0.726498485,0.429038435,-0.0242857765,0.7288481,0.426471084,-0.0268448256,0.731096804,0.424474329,-0.0282557327
2799.999999999997,0.445291758,0.451102227,1.23320348e-007,0.457474858,0.448106647,-0.00967686065,0.462862939,0.443468809,-0.0154791931,0.460591435,0.439906627,-0.0199782643,0.456385255,0.438509792,-0.0243974458,0.445726156,0.434298307,-0.0125170071,0.443174452,0.427041024,-0.0184426326,0.441057265,0.422450334,-0.0226978529,0.438002348,0.418348908,-0.0256439485,0.433236361,0.43468067,-0.0117421374,0.426859587,0.426482141,-0.0161996186,0.42111066,0.421600699,-0.0196100716,0.415673524,0.417338401,-0.0225002784,0.423886687,0.43754369,-0.0118400846,0.415903211,0.429819465,-0.0171876363,0.410579413,0.4245812,-0.0214698594,0.406121194,0.420554608,-0.0243500415,0.41663897,0.441963,-0.0125569329,0.404711217,0.437268406,-0.0179255307,0.395780325,0.434423059,-0.020986177,0.387937725,0.43207553,-0.0230536573
2816.6666666666633,0.697639048,0.43797043,8.5380357e-008,0.678127348,0.43736589,-0.00855309609,0.663531423,0.431031823,-0.0131667508,0.655174911,0.42431128,-0.01682931,0.647364616,0.418710828,-0.0207669716,0.684044778,0.423440218,-0.0116316313,0.683257103,0.415150493,-0.0169368889,0.683291256,0.409607083,-0.0206976011,0.683972239,0.404470623,-0.0237656254,0.698161364,0.422510386,-0.0121547785,0.702268541,0.412207603,-0.0159316659,0.705283046,0.406148255,-0.0190661047,0.709261656,0.400835693,-0.0222011674,0.710047424,0.423886299,-0.0133932354,0.714384675,0.414269,-0.0188379418,0.717543602,0.408937663,-0.0212473646,0.720999062,0.404198915,-0.0232818983,0.720080674,0.426746696,-0.0151991034,0.726815939,0.419939667,-0.0206351038,0.732165,0.41607362,-0.0217030346,0.737000942,0.412421227,-0.0225327443
2816.6666666666633,0.450373113,0.447598219,1.20875697e-007,0.461072892,0.443906844,-0.00829085056,0.467056721,0.438279808,-0.0130492318,0.463848621,0.434995323,-0.0169667285,0.463198304,0.432356775,-0.0208240449,0.449456632,0.428076386,-0.0108146509,0.445598602,0.420598835,-0.0166848134,0.442479074,0.415403426,-0.0212114248,0.438686281,0.410865873,-0.0244466085,0.436198294,0.429272711,-0.0109700812,0.426964194,0.420646,-0.0158825349,0.421088785,0.41552493,-0.0195445772,0.415622592,0.411284178,-0.0221908819,0.426282853,0.432457358,-0.0118316207,0.416718066,0.424041092,-0.0170337372,0.410786539,0.418475837,-0.0209849086,0.405428,0.414194763,-0.0235241242,0.418911457,0.437418371,-0.0132704284,0.405804902,0.43186906,-0.0185219292,0.397177,0.428595483,-0.0209817756,0.389345586,0.425782293,-0.0222921818
2833.33333333333,0.69071877,0.437152237,1.07893797e-007,0.672071099,0.434730858,-0.00984626077,0.658516288,0.426910192,-0.014749608,0.651173174,0.419287294,-0.0185722783,0.643307745,0.413131803,-0.0226926319,0.680652797,0.419994831,-0.012349546,0.680053771,0.411192924,-0.0183945,0.680865765,0.405543119,-0.0227406677,0.682172179,0.400298417,-0.026082864,0.69428134,0.420019239,-0.0122858854,0.69953078,0.409016162,-0.017205907,0.703525245,0.40247795,-0.0205709729,0.707682908,0.396642655,-0.0236738864,0.705350876,0.421884596,-0.0132181691,0.71144408,0.411836475,-0.0198010504,0.715316594,0.40580219,-0.0224918406,0.719162822,0.400330842,-0.0244510397,0.714932084,0.425008833,-0.0148594165,0.723281622,0.41780898,-0.0210232344,0.729719639,0.413414985,-0.0226171035,0.735475719,0.409237385,-0.0237918627
2833.33333333333,0.451824576,0.444629639,1.24043439e-007,0.465674937,0.439879835,-0.010371279,0.472746819,0.431918532,-0.015415566,0.472618341,0.425301909,-0.0191429444,0.473840594,0.419778317,-0.0228856634,0.450778246,0.424018204,-0.0130362809,0.446995169,0.416029036,-0.0200580824,0.443777531,0.41048038,-0.0250811316,0.440058827,0.405781448,-0.0285488926,0.437151164,0.425227016,-0.0122956615,0.427262813,0.415993512,-0.0185609888,0.421318233,0.410390377,-0.0228788946,0.415716708,0.405724972,-0.0258532241,0.427175462,0.428579152,-0.0124484943,0.417534143,0.419715583,-0.0192030929,0.411962897,0.413993359,-0.0237497017,0.40713802,0.409482628,-0.0264796149,0.420444846,0.433520675,-0.0132786222,0.407150894,0.427980036,-0.0199141074,0.398070723,0.424814165,-0.0231467,0.389925927,0.422007024,-0.0248704478
2849.9999999999964,0.688550889,0.435806811,1.02981524e-007,0.670939863,0.432679951,-0.00951715093,0.657928109,0.424529672,-0.0145900631,0.650798917,0.416930556,-0.0185308382,0.64364779,0.410731941,-0.0227198489,0.679530621,0.417020887,-0.0124764638,0.678595185,0.407452554,-0.0184249729,0.679044843,0.401610881,-0.0226219017,0.680122554,0.396345377,-0.025768064,0.6929636,0.417095542,-0.0124500245,0.698555946,0.40562281,-0.0171280392,0.702452362,0.398994088,-0.0202680845,0.706219077,0.393192112,-0.0231049601,0.703846633,0.419213057,-0.0133594386,0.710209906,0.40893209,-0.0193163306,0.713728845,0.402590364,-0.0219877865,0.716875,0.396868855,-0.0239836257,0.713359535,0.422735453,-0.0149638494,0.722053409,0.415116727,-0.0204655044,0.728385627,0.410588026,-0.0219454113,0.733877659,0.406288564,-0.0230469946
2849.9999999999964,0.456241399,0.443838269,1.04882155e-007,0.469718188,0.437760442,-0.008675877,0.475829333,0.428583235,-0.012578452,0.475916326,0.42116791,-0.0154945925,0.477954566,0.41516757,-0.0185072664,0.451513082,0.421149343,-0.0101128649,0.447821498,0.41237554,-0.0155510576,0.444940537,0.406831175,-0.0196152031,0.441328019,0.402011335,-0.0226091389,0.438413471,0.422601759,-0.0097271,0.428787261,0.412850499,-0.0145136937,0.422333,0.407063,-0.0180949029,0.415912956,0.402232677,-0.0208083428,0.428721339,0.425977,-0.0101717496,0.418633193,0.416457444,-0.0157737639,0.412833303,0.410704732,-0.0197646711,0.407582939,0.406053245,-0.0223439317,0.42173183,0.430869728,-0.0112231355,0.407858491,0.424888849,-0.0172858927,0.398568422,0.421636,-0.0203068871,0.390070915,0.418564826,-0.0220177937
2866.666666666663,0.688997567,0.435319126,9.93786813e-008,0.670541763,0.431734324,-0.0090315761,0.65713495,0.423259854,-0.0138882203,0.650057077,0.415539861,-0.0177179296,0.642984867,0.409201801,-0.0217435081,0.678636968,0.415323406,-0.0116060404,0.677449048,0.405667,-0.0177032799,0.67769146,0.399691343,-0.022115197,0.678520381,0.394215673,-0.0254119709,0.691831946,0.415427119,-0.0119327828,0.697149038,0.403769046,-0.0168395694,0.700879693,0.396909803,-0.0202587899,0.704627693,0.390881211,-0.0231692828,0.702653527,0.417629659,-0.0131978234,0.708706915,0.407224536,-0.019275045,0.712168396,0.400590777,-0.0221946929,0.715257585,0.394530654,-0.0242954195,0.712283671,0.421410263,-0.0151278162,0.720927298,0.413852692,-0.0205770563,0.72692,0.409128189,-0.0221159458,0.73206836,0.404558033,-0.0232362822
2866.666666666663,0.456032515,0.443496466,1.03759348e-007,0.469450444,0.437218368,-0.00803796854,0.476122111,0.427790046,-0.0115642995,0.476544917,0.420095533,-0.0142649505,0.478069097,0.413743407,-0.0169572514,0.452346593,0.419416487,-0.00803413708,0.448678523,0.410537481,-0.0131381424,0.44593814,0.40492788,-0.0172768328,0.442385346,0.400019765,-0.0203152597,0.439344555,0.420750588,-0.00800896529,0.430236459,0.410786808,-0.0123484768,0.423949331,0.404849231,-0.016052248,0.417709172,0.399994195,-0.0188988093,0.429478258,0.424134403,-0.0088915769,0.419932514,0.414554268,-0.01408742,0.414203584,0.408723623,-0.0180345923,0.409157902,0.404037893,-0.0206434447,0.421908796,0.429176837,-0.0104032774,0.408661097,0.423125118,-0.0158904959,0.399680287,0.419719577,-0.0186243579,0.391419709,0.416469812,-0.0202433094
2883.3333333333294,0.689340711,0.435817659,9.97381733e-008,0.670745373,0.431970268,-0.00846052449,0.656784117,0.423286229,-0.0129753212,0.649686396,0.415470749,-0.0165816508,0.643209934,0.409060061,-0.0203431211,0.677462,0.414644837,-0.0109106,0.67591995,0.404866785,-0.016977597,0.675877333,0.398893654,-0.0213815235,0.676470041,0.393358588,-0.0246460401,0.690751612,0.414617062,-0.0115164472,0.69557035,0.402794451,-0.0163037,0.699113071,0.395866841,-0.0196454599,0.70264405,0.389833331,-0.0224228334,0.701921701,0.416773,-0.013041079,0.707154512,0.406095833,-0.0189487841,0.710180879,0.399463743,-0.0216550864,0.712927818,0.393523425,-0.0235520713,0.712033331,0.420634627,-0.0152152181,0.719911098,0.412882417,-0.0204790719,0.725523472,0.408027768,-0.0217875876,0.730371118,0.403460324,-0.0226751603
2883.3333333333294,0.457077354,0.443254799,1.0446778e-007,0.469899416,0.436598629,-0.00804230757,0.476059198,0.427235812,-0.0114949252,0.476877332,0.419647753,-0.0141642587,0.478357911,0.413404614,-0.0167590268,0.452432603,0.418642819,-0.00766544743,0.449491203,0.409565568,-0.012654216,0.446785033,0.403953,-0.0167444963,0.443104595,0.399169058,-0.0197037,0.439588368,0.420038819,-0.00764639,0.430925101,0.409904271,-0.0118884128,0.424921542,0.40403825,-0.0154405162,0.418963701,0.399314076,-0.0181141924,0.429721057,0.423504889,-0.00858093426,0.420484304,0.413938522,-0.0135393273,0.415239155,0.408107668,-0.0171855409,0.410635948,0.403412908,-0.0195580684,0.422119349,0.428708285,-0.010189618,0.409084469,0.422477186,-0.0153371561,0.400500029,0.418800712,-0.0177756101,0.392673373,0.415195316,-0.0191783905
2899.999999999996,0.68824178,0.437508136,9.69767058e-008,0.670100033,0.433505714,-0.00843749102,0.656336486,0.424643,-0.0129040834,0.649227917,0.416662812,-0.016509356,0.642737865,0.410105348,-0.020158194,0.67697978,0.414937764,-0.0102248015,0.675342143,0.404903144,-0.0162651855,0.674932361,0.398951,-0.020695556,0.674970865,0.393642455,-0.0238933619,0.6900599,0.414978236,-0.0108915446,0.693988,0.403082758,-0.0156734027,0.697120547,0.396098912,-0.0191961322,0.700232,0.390114248,-0.0220079813,0.701169729,0.417230457,-0.0125352368,0.705755591,0.406474054,-0.0184229743,0.708589137,0.399980456,-0.0211682525,0.710948646,0.394233346,-0.0230042282,0.711358905,0.421111107,-0.014837943,0.718863666,0.413110942,-0.0200771336,0.724186778,0.408144414,-0.0213816203,0.728697658,0.403599203,-0.0221561305
2899.999999999996,0.457323432,0.443919152,1.00963732e-007,0.470669478,0.437547266,-0.00855779368,0.47656098,0.428206503,-0.0121951587,0.477004111,0.420484364,-0.0149340779,0.47867167,0.414131,-0.0176057089,0.452992558,0.41991967,-0.00863954145,0.449987799,0.410927266,-0.0140456874,0.44755429,0.405145735,-0.0183541402,0.444036424,0.400247425,-0.0214381497,0.440138936,0.421239644,-0.00852909591,0.431331366,0.411022842,-0.0131500699,0.425491393,0.405069649,-0.0168638397,0.419634253,0.400199771,-0.0196174849,0.430278748,0.424622416,-0.00938472338,0.420932442,0.41526407,-0.0147022912,0.4158912,0.409231365,-0.0184676051,0.411401182,0.404142708,-0.0208915286,0.422607452,0.429708779,-0.0109450342,0.40930292,0.423631281,-0.0163459331,0.400667191,0.419932723,-0.0188510511,0.39281106,0.416233242,-0.0203048959
2916.6666666666624,0.685623944,0.439459175,8.77364812e-008,0.668653369,0.435320467,-0.0089330487,0.656041086,0.426674575,-0.013888441,0.649257481,0.418838829,-0.0178958438,0.642915845,0.41215688,-0.0219482388,0.676971257,0.41702038,-0.0113811055,0.674655437,0.406837612,-0.0178302936,0.673888862,0.400794685,-0.0224117655,0.673662841,0.395278603,-0.0256684981,0.689878345,0.417027026,-0.0119398814,0.693299234,0.405010223,-0.0171559528,0.695997417,0.397937089,-0.020875074,0.698537409,0.391786158,-0.0237551425,0.700916529,0.419287354,-0.0134522114,0.705244839,0.408562392,-0.0196808,0.707570732,0.402023643,-0.0225976985,0.709310114,0.396160156,-0.0244318601,0.711083233,0.423232287,-0.0156547222,0.718563437,0.415040553,-0.021068234,0.723429441,0.409832448,-0.0225245841,0.727399945,0.405023694,-0.0233505014
2916.6666666666624,0.456534,0.445502788,9.71974075e-008,0.470245153,0.439647853,-0.00894018728,0.476709783,0.430432975,-0.0127423545,0.476876944,0.422896564,-0.0155634154,0.477723151,0.416869342,-0.0183401313,0.453026861,0.421932131,-0.00952012651,0.449637,0.41326651,-0.0151920523,0.447202116,0.407595664,-0.0196959376,0.443713337,0.402653515,-0.0229060799,0.439697146,0.423404962,-0.00933850277,0.430814743,0.41343075,-0.014058969,0.42521143,0.407759964,-0.0177934729,0.419503629,0.402923077,-0.0206208974,0.429591894,0.426938295,-0.0101127597,0.420446306,0.41767323,-0.0154807223,0.415599287,0.411834657,-0.0190113559,0.411085069,0.406806767,-0.0213142,0.421818942,0.432177931,-0.0116330618,0.408703387,0.425945878,-0.0169381406,0.400161743,0.422325045,-0.0191367269,0.392231345,0.418661773,-0.0204171762
2933.333333333329,0.688590705,0.441459149,7.86284176e-008,0.670504212,0.438214839,-0.00953440275,0.656964302,0.430423617,-0.0149892466,0.64983,0.422617525,-0.0193807948,0.643378437,0.415855199,-0.0238389987,0.677003801,0.421281666,-0.0128062703,0.674262345,0.411105901,-0.0195249859,0.673393428,0.404685676,-0.0241910685,0.673472047,0.398867875,-0.0275697913,0.689781964,0.42093733,-0.0130766323,0.692941487,0.408938289,-0.0186771825,0.695466459,0.401841283,-0.0224046633,0.698270798,0.395650059,-0.0253493469,0.700884223,0.422819614,-0.0142393382,0.705277145,0.412201554,-0.0205448754,0.707314849,0.405566752,-0.0233244505,0.709086478,0.399619639,-0.0251281559,0.711186111,0.426377267,-0.0161531828,0.718387067,0.418287665,-0.0214852393,0.722870111,0.413026035,-0.0229070075,0.726535916,0.408142477,-0.0238008574
2933.333333333329,0.454149842,0.448860288,8.43281072e-008,0.468590587,0.443436205,-0.00972516276,0.475929946,0.434350371,-0.01372963,0.475681633,0.427121729,-0.0166963171,0.475588,0.421171,-0.0195870157,0.452048063,0.425724149,-0.0100239124,0.448909491,0.417408794,-0.0158495959,0.446346045,0.411875,-0.0204479825,0.442752719,0.406948417,-0.0237979721,0.4384965,0.427032769,-0.00962600391,0.430072904,0.417341083,-0.0145846913,0.424341559,0.411818951,-0.0184409153,0.418435544,0.407035738,-0.0213350151,0.428486,0.430356,-0.010256106,0.419650435,0.421056449,-0.016039338,0.414320976,0.415421218,-0.0195915271,0.409196049,0.410590947,-0.0218217708,0.421082437,0.43541804,-0.0116997063,0.408039749,0.429466754,-0.0174992643,0.399301291,0.426149756,-0.0197843071,0.39110893,0.422857851,-0.0210190192
2949.9999999999955,0.690347672,0.445879787,7.16475839e-008,0.671777129,0.442551523,-0.00872899871,0.657949448,0.434786171,-0.0134782009,0.650271595,0.427003324,-0.0173557401,0.643184245,0.420583516,-0.0212794784,0.677375257,0.426173747,-0.0106432047,0.674664617,0.41615051,-0.0165523961,0.673769832,0.410062134,-0.0209051855,0.673665047,0.40445286,-0.0241588876,0.690184057,0.425669193,-0.0110290525,0.693338394,0.414021075,-0.015576086,0.69595021,0.407321185,-0.018937679,0.698686063,0.401404917,-0.0218450539,0.701372087,0.427212715,-0.0123273591,0.7059955,0.416856408,-0.017814545,0.708369911,0.410609692,-0.0201860722,0.710329056,0.405161917,-0.0219053403,0.71152842,0.430265188,-0.0143583249,0.718510389,0.422448546,-0.0192882307,0.723295808,0.417688668,-0.0203986391,0.727203429,0.413440436,-0.0211439114
2949.9999999999955,0.453559399,0.452820241,7.25467615e-008,0.467272788,0.447562,-0.00989822112,0.474464566,0.438652426,-0.0140291359,0.474437565,0.431419313,-0.0171523,0.474677891,0.426031709,-0.0203053802,0.451435894,0.431114674,-0.0110827461,0.447435498,0.422839344,-0.017193,0.444509178,0.417427242,-0.0219400078,0.440937757,0.412677705,-0.0254038516,0.437601358,0.432711303,-0.0105995769,0.428822339,0.42355004,-0.0157539751,0.422604382,0.418109983,-0.0198801849,0.416683435,0.413395852,-0.0232070331,0.427248716,0.436031312,-0.0111088576,0.418183506,0.427012026,-0.016683545,0.412679166,0.421519458,-0.0205078088,0.407745898,0.41680041,-0.0232313722,0.419609874,0.440925866,-0.0124762533,0.406465769,0.435061097,-0.018141659,0.397678882,0.431810021,-0.0208264496,0.389578193,0.428534776,-0.0225726012
2966.666666666662,0.688489437,0.450368226,6.36819308e-008,0.670971572,0.44713214,-0.00757383648,0.65765512,0.439409435,-0.0116179511,0.650555372,0.432344288,-0.0149492463,0.643674314,0.426427633,-0.0184792429,0.677919209,0.432293415,-0.0103205806,0.675798595,0.42272681,-0.0156661533,0.675219,0.416883171,-0.0195076596,0.675234735,0.411471844,-0.0225849673,0.691465497,0.432041496,-0.0113506038,0.69490695,0.420885473,-0.0156261809,0.69728744,0.414184421,-0.0189257544,0.699566,0.408056945,-0.0219170209,0.703087568,0.43386218,-0.0131013161,0.707656,0.423933327,-0.0190804731,0.71009618,0.417767078,-0.0216378737,0.712012053,0.41201371,-0.0235556383,0.713753045,0.437244475,-0.0153444717,0.722147942,0.430346459,-0.0211138427,0.727899194,0.426011473,-0.0222913269,0.732389,0.421807408,-0.0231310893
2966.666666666662,0.450583845,0.458741188,6.79164316e-008,0.464179248,0.453317046,-0.0103109861,0.472225696,0.445322424,-0.0153698511,0.473748922,0.437930614,-0.0193362199,0.473873109,0.432357192,-0.0232510716,0.449112445,0.437561035,-0.0122369621,0.445593178,0.429432511,-0.0186832342,0.442755938,0.424801767,-0.0236137584,0.438740194,0.420715511,-0.0270749796,0.435385466,0.439099908,-0.0115057044,0.426551729,0.430250674,-0.0166845899,0.420657754,0.425235361,-0.0205249134,0.414716691,0.420733929,-0.0237193275,0.424810559,0.442351162,-0.0117774252,0.41594696,0.433851242,-0.0170791373,0.410509884,0.428804845,-0.020459801,0.405523837,0.424443305,-0.0229868796,0.417139202,0.44695586,-0.0129574751,0.404666543,0.44138068,-0.0180693846,0.396118343,0.438133687,-0.0203398708,0.388075471,0.434881628,-0.0219038203
2983.3333333333285,0.69526881,0.455055326,2.01602163e-007,0.680828273,0.451401889,-0.00984062813,0.667770088,0.445541054,-0.0145689053,0.659493446,0.440612972,-0.0178260077,0.651840866,0.436200917,-0.0211894754,0.679742,0.439957917,-0.0136539051,0.678221,0.432118893,-0.0207517911,0.677981853,0.426639587,-0.0259879939,0.677954078,0.421539843,-0.0297987703,0.692384243,0.440144628,-0.0129027413,0.695912421,0.430493861,-0.0191529207,0.69968909,0.423478514,-0.0232330132,0.702534854,0.417331398,-0.0264901705,0.703999519,0.442242,-0.0129052149,0.708514,0.433026284,-0.020310713,0.712298393,0.426569164,-0.0228950102,0.715935826,0.421654195,-0.0243139677,0.713021636,0.445721924,-0.0134464167,0.720179498,0.438364327,-0.0206515752,0.724698484,0.432933331,-0.0221317057,0.728882194,0.428634733,-0.0227051657
2983.3333333333285,0.444752812,0.461249739,9.87633e-008,0.458351672,0.458807141,-0.0125136459,0.46716696,0.453615725,-0.0201612692,0.470771194,0.448403597,-0.0262665562,0.472811908,0.444050819,-0.0323264338,0.44717443,0.445829391,-0.0182013456,0.442428112,0.438933671,-0.0258975253,0.439520717,0.435159653,-0.0309365466,0.435965508,0.431788862,-0.034433797,0.433560699,0.446511835,-0.016848037,0.42496556,0.438239634,-0.0233812,0.419142485,0.433158308,-0.0277993884,0.413579762,0.428846091,-0.0314151421,0.423368275,0.449227512,-0.0164482817,0.413772911,0.441203356,-0.0231360979,0.407828599,0.436303407,-0.0281768907,0.402676702,0.432624042,-0.031670671,0.41615203,0.453058779,-0.0168987717,0.40316233,0.447561651,-0.0231572427,0.394149423,0.444722623,-0.026835246,0.386054128,0.442304105,-0.0294753015
2999.999999999995,0.684218466,0.458019644,1.0898767e-007,0.677692115,0.454730123,-0.0102481199,0.676539838,0.449794114,-0.0218192413,0.676882923,0.442742616,-0.0320768058,0.679522,0.43431145,-0.0424798168,0.69189471,0.454569638,-0.0340667218,0.694093287,0.448742092,-0.0508648306,0.694923,0.440780848,-0.0603974611,0.693312,0.432786226,-0.0651499629,0.700330377,0.455798119,-0.035120327,0.705863774,0.446737975,-0.0538716428,0.707584083,0.438508868,-0.0585085414,0.706644773,0.431298345,-0.0600745901,0.703422129,0.456395686,-0.0360417627,0.704445,0.447868884,-0.0520865321,0.701718152,0.441263229,-0.0534442328,0.698660731,0.43591094,-0.0518393628,0.702602267,0.45644778,-0.0375566222,0.699514449,0.449310601,-0.0469330959,0.69488132,0.445126504,-0.0471008383,0.689920068,0.441819668,-0.0461303554
2999.999999999995,0.444543302,0.465913564,1.00103875e-007,0.457692534,0.46378836,-0.013967881,0.465000123,0.459635377,-0.023275448,0.467677,0.456270158,-0.0310374983,0.467201501,0.45322746,-0.0387944058,0.443505466,0.453891277,-0.0206710361,0.441664547,0.447279155,-0.0289031845,0.439497739,0.4438622,-0.0340893455,0.434872717,0.44063133,-0.0377475843,0.430837601,0.454789191,-0.0189870708,0.424289823,0.447667778,-0.0259378608,0.418645084,0.443679065,-0.02976197,0.412544787,0.439742655,-0.033064913,0.421799511,0.457512975,-0.0183455441,0.412309974,0.450511754,-0.0258602649,0.406522751,0.445899278,-0.0300459526,0.400373489,0.441940129,-0.0327961333,0.414760321,0.461086392,-0.0186801758,0.402389258,0.4562186,-0.0246966612,0.393248,0.453258157,-0.0275446828,0.384424686,0.450703114,-0.0297765303
3016.6666666666615,0.699081242,0.462366313,1.27756692e-007,0.687791646,0.462815195,-0.00870987121,0.677002966,0.461431,-0.0165980197,0.668141603,0.458414078,-0.0239372794,0.659672678,0.456191212,-0.0325283296,0.688519,0.463708967,-0.0248386506,0.682371378,0.461866736,-0.0376761109,0.675119638,0.459093481,-0.046956934,0.668813586,0.45512569,-0.0533543117,0.701571107,0.462402135,-0.0270505976,0.696316719,0.456858605,-0.0412467942,0.695305586,0.451385021,-0.0469545685,0.695089161,0.447693586,-0.0510750487,0.712729,0.460866213,-0.0293575116,0.710775495,0.455364704,-0.0417125225,0.710761666,0.4513309,-0.0422404446,0.711708844,0.44892785,-0.042338185,0.72226721,0.459368199,-0.0323855579,0.72492379,0.453968346,-0.0415942147,0.725677848,0.451109,-0.042204842,0.726437092,0.44984746,-0.0426527113
3016.6666666666615,0.447879,0.472886473,9.41160465e-008,0.43113479,0.472381949,-0.00378790684,0.412879407,0.468461096,-0.00656648399,0.399417967,0.464066297,-0.00903371628,0.388538122,0.460987538,-0.0119107,0.416367203,0.468373686,-0.0119065801,0.405007571,0.462639034,-0.0190890525,0.399954081,0.458700985,-0.02320881,0.39449212,0.455683291,-0.0260512605,0.425627,0.466915935,-0.0146566266,0.416281492,0.459703624,-0.0213306025,0.411223888,0.454818934,-0.0242488161,0.406534612,0.451121956,-0.0266310014,0.437266529,0.466262639,-0.0177002177,0.432533443,0.460163921,-0.0253402609,0.429043,0.45552969,-0.027904667,0.424561709,0.451769948,-0.0296528582,0.449781507,0.466383785,-0.0207698084,0.448042184,0.461923599,-0.0278901272,0.446085423,0.458883286,-0.0295455586,0.443475872,0.456478566,-0.0306587629
3033.333333333328,0.705568492,0.458805621,-2.50492671e-009,0.691191,0.462122142,-0.00513018947,0.678839087,0.465312719,-0.0111716874,0.666859865,0.466300637,-0.0168837681,0.656779,0.465088069,-0.0237653702,0.690033436,0.460823148,-0.018550057,0.69181931,0.464708239,-0.0271882545,0.692627251,0.464030325,-0.0331956558,0.693407476,0.461372733,-0.0364560038,0.702653706,0.46042031,-0.0188929476,0.703736246,0.465128452,-0.0251725931,0.705506921,0.463798672,-0.0279216878,0.707964122,0.460298181,-0.0306210518,0.713933766,0.461109728,-0.0188216101,0.716236353,0.465311676,-0.0245210342,0.719956219,0.463060379,-0.0249302182,0.723516762,0.459222525,-0.0255380105,0.72353822,0.462182313,-0.0190144498,0.728829682,0.464380622,-0.0235470198,0.734044552,0.461962938,-0.0234523062,0.738844693,0.458814621,-0.0235647913
3033.333333333328,0.446704358,0.46889168,1.26972466e-007,0.434260666,0.466760278,-0.00542627648,0.420238674,0.465827793,-0.0111787207,0.408710152,0.465170205,-0.0161165856,0.398425639,0.463903576,-0.0215345714,0.425681144,0.471655577,-0.0190763082,0.413836211,0.470390856,-0.0295105781,0.4049806,0.468251407,-0.0355648175,0.39708811,0.465395808,-0.0394440517,0.429283679,0.473446846,-0.0210830253,0.416230291,0.471136153,-0.0315097421,0.409068733,0.467923611,-0.0357854553,0.402229726,0.464554876,-0.0388449505,0.432998359,0.474211484,-0.023233721,0.421289623,0.472321361,-0.0335402377,0.412756443,0.468334556,-0.0368807688,0.404563844,0.464502335,-0.0390595123,0.437786192,0.474188805,-0.025387466,0.431582749,0.472438931,-0.0335427672,0.426837027,0.469942272,-0.0362786688,0.422044694,0.467461526,-0.0383418351
3049.9999999999945,0.706418037,0.456766337,9.51171675e-009,0.693146348,0.462306023,-0.00443886826,0.679903567,0.468019664,-0.00825775322,0.66773,0.471325696,-0.0118865445,0.658576667,0.471974403,-0.0164569207,0.686814606,0.467069507,-0.0135703338,0.685849428,0.472790629,-0.0223704092,0.684307,0.473819345,-0.0288250763,0.681835592,0.473059475,-0.0327133834,0.697199762,0.466894418,-0.0144937411,0.702792525,0.4701536,-0.0231927168,0.706172585,0.469365418,-0.0276528355,0.707820475,0.467661649,-0.0306225196,0.707308531,0.466417521,-0.0152573623,0.714906633,0.46886149,-0.0229626019,0.720831513,0.467948973,-0.0237489585,0.72465831,0.46653989,-0.0235810895,0.71635443,0.466194808,-0.0163136311,0.724148691,0.467788607,-0.0220399331,0.729413331,0.467632651,-0.0222855415,0.732654393,0.467023641,-0.0216469541
3066.666666666661,0.702556074,0.46049729,4.98125843e-008,0.68912822,0.467719883,-0.00430173846,0.677148163,0.474622577,-0.00793330558,0.664865196,0.477393359,-0.0113949496,0.654147625,0.476450205,-0.0160058476,0.684828162,0.473270148,-0.0125859231,0.684770286,0.477961332,-0.0187643413,0.683198869,0.478724241,-0.0234036,0.6804896,0.479135811,-0.026597701,0.695610762,0.472834259,-0.012981154,0.700733542,0.476816,-0.0181853175,0.704478383,0.478976816,-0.0224741828,0.707268238,0.48020041,-0.0264114533,0.70573169,0.47193858,-0.0131139215,0.713259637,0.476031542,-0.0184041914,0.720553875,0.477474183,-0.0213999599,0.726188779,0.477836907,-0.023731159,0.713945091,0.470592737,-0.0134043237,0.720426202,0.473487765,-0.0174349621,0.726263344,0.47427848,-0.0188509412,0.731360614,0.474314243,-0.0199169051
3066.666666666661,0.439279586,0.466727793,6.92453455e-008,0.447567731,0.47239095,-0.00354180881,0.449365497,0.478331864,-0.00527834566,0.448165119,0.482010096,-0.00713754259,0.448047072,0.483214825,-0.00898723,0.437754244,0.481989384,-0.00228535966,0.43061471,0.482741892,-0.00654904079,0.422875613,0.481343985,-0.0108887926,0.4150635,0.479575306,-0.0137975458,0.430904686,0.482226,-0.00274088187,0.420031935,0.482131928,-0.00656163506,0.410364568,0.481216967,-0.0100136241,0.400779486,0.47960794,-0.0124860127,0.425314248,0.481895536,-0.00380667462,0.412308931,0.481488109,-0.00825268123,0.403208315,0.48085779,-0.0110030435,0.395141125,0.479672045,-0.0123674162,0.420897096,0.480956376,-0.0052813,0.409294814,0.480616897,-0.00838937517,0.402577728,0.480160594,-0.00916469097,0.395871103,0.479376256,-0.0092844544
3083.3333333333276,0.697747886,0.466148973,1.03368247e-008,0.685766399,0.470388,-0.00331253069,0.674780309,0.476445198,-0.00638417667,0.664346635,0.478354603,-0.00924839731,0.654367149,0.477310091,-0.0131517574,0.683554709,0.476285845,-0.012358401,0.685284078,0.477700323,-0.0167590436,0.685792923,0.477932394,-0.0196224116,0.685678899,0.478205502,-0.0215862971,0.695308506,0.476524055,-0.0127618965,0.700517893,0.478689253,-0.0157807693,0.70444864,0.480514497,-0.0182334483,0.708424568,0.480925,-0.0212234985,0.706199408,0.476382583,-0.0127724223,0.714383245,0.478967726,-0.0170486979,0.723360956,0.480210692,-0.020154817,0.730134487,0.480324149,-0.0229300447,0.715704143,0.475535482,-0.0127073796,0.725157559,0.477956116,-0.0166601092,0.73350215,0.478284687,-0.0187176149,0.739855289,0.478006124,-0.0206166971
3083.3333333333276,0.444153398,0.472633541,1.53573225e-007,0.434144944,0.473292261,-0.00765277585,0.42373988,0.475496143,-0.0125632994,0.416232675,0.477196306,-0.0168141965,0.409884363,0.478595704,-0.0212098658,0.425127387,0.483682066,-0.010022562,0.413489521,0.483705074,-0.0177116375,0.403938174,0.482607305,-0.0241066851,0.394965291,0.481084347,-0.028252691,0.431253582,0.485950172,-0.0096546486,0.418016911,0.484707,-0.0160860196,0.40725556,0.483726084,-0.0202586,0.397344083,0.48231259,-0.0232567228,0.437960893,0.486172736,-0.0101115406,0.425997317,0.485375881,-0.0160147566,0.416165829,0.484558851,-0.0178946648,0.407180399,0.483386159,-0.0190133173,0.445047289,0.485140443,-0.0113392239,0.436445206,0.485000461,-0.0159376524,0.429896265,0.484298021,-0.0166030601,0.423644423,0.483363539,-0.0166869
3099.999999999994,0.69820714,0.466469169,-2.3474044e-008,0.68528533,0.470268071,-0.0045350017,0.674551189,0.475821257,-0.00932068843,0.664327621,0.477343976,-0.0140372273,0.6536901,0.475396246,-0.0198422577,0.685251653,0.47810027,-0.0137786288,0.690592825,0.478918612,-0.0199517831,0.694633543,0.479080766,-0.0241615102,0.698484898,0.479919672,-0.0269348584,0.698533356,0.478374869,-0.0141957132,0.706273496,0.48007682,-0.0188910458,0.712080061,0.481398463,-0.0223665405,0.717406154,0.481876791,-0.0258994,0.709989369,0.478100151,-0.0143542765,0.720813155,0.480277926,-0.0201242212,0.731989,0.481096983,-0.0244187228,0.740276575,0.481460899,-0.0278163385,0.718869627,0.476878464,-0.0145008676,0.730248868,0.479065686,-0.0189876612,0.74044311,0.479252219,-0.0216791891,0.747996211,0.479398936,-0.0241535194
3099.999999999994,0.440990329,0.474226087,9.70951177e-008,0.432007074,0.475203454,-0.00693354709,0.421976775,0.478368253,-0.0111085363,0.413193911,0.480596155,-0.0142337978,0.405107558,0.481185347,-0.0176845156,0.426416695,0.483744532,-0.0110271582,0.420331717,0.483133107,-0.0176126342,0.414483577,0.482421279,-0.0228880104,0.408811808,0.481307,-0.026452003,0.432058156,0.48502931,-0.0101257674,0.424608678,0.48381412,-0.015457253,0.418084711,0.482971966,-0.0185107794,0.412011057,0.481731027,-0.0210247133,0.437978864,0.484881073,-0.00980349351,0.431450576,0.483869225,-0.0146720111,0.425895125,0.482993215,-0.015684966,0.420416713,0.481936574,-0.0165190808,0.444126308,0.483862817,-0.0100744646,0.440374792,0.483256489,-0.0140438899,0.437868595,0.482210964,-0.0145678557,0.435272664,0.481142372,-0.0148424748
3116.6666666666606,0.696342111,0.469591111,-8.30303382e-009,0.684550166,0.471528828,-0.00320646469,0.674409,0.47473821,-0.0071545043,0.665343404,0.474947423,-0.0110740531,0.655599236,0.472728938,-0.0160585288,0.683944821,0.473083705,-0.0128610833,0.685657322,0.47366035,-0.017386606,0.685720146,0.474656433,-0.0207147412,0.684921324,0.475646108,-0.0233445838,0.696085,0.473525763,-0.0135998186,0.698022127,0.475374758,-0.0167294946,0.699553668,0.477083802,-0.0183867943,0.700869858,0.477630049,-0.0209400486,0.707263231,0.474203825,-0.0139681604,0.712046266,0.477054954,-0.0177776236,0.717417955,0.479023039,-0.0197841376,0.721366882,0.480045378,-0.022085052,0.716902733,0.474321574,-0.0143744526,0.725748122,0.476416051,-0.0179801434,0.732965827,0.476990759,-0.0195621103,0.738413393,0.477119207,-0.0213498827
3116.6666666666606,0.438542724,0.475221,-2.28843811e-009,0.43042016,0.475562841,-0.00392744131,0.419943839,0.478050232,-0.00667204428,0.411547184,0.479177,-0.00897195935,0.404725969,0.47890529,-0.0115970895,0.425700247,0.479227453,-0.00873187184,0.424929768,0.47895962,-0.0132039273,0.424792677,0.478195131,-0.0164679587,0.42367059,0.477582,-0.0186909884,0.432743311,0.480144471,-0.00859479792,0.432072788,0.47983405,-0.0118112555,0.432081372,0.479095906,-0.013247231,0.431481779,0.478324294,-0.0148667367,0.439359069,0.480612725,-0.0085861152,0.438886791,0.480647743,-0.0116827674,0.439215481,0.479964048,-0.0114704063,0.439252943,0.479206979,-0.0116312662,0.445721269,0.480775714,-0.00887740683,0.445199251,0.481393278,-0.0111792479,0.445672721,0.48062554,-0.0106243407,0.44592312,0.479891211,-0.010346544
3133.333333333327,0.696565688,0.463646591,-8.11214775e-008,0.684133589,0.466599822,-0.00500736618,0.673662245,0.47059229,-0.0100288084,0.663601935,0.470829457,-0.0154193686,0.653850198,0.468582034,-0.0218646806,0.683876693,0.473305702,-0.0125711951,0.690049529,0.473756522,-0.0200014,0.695362151,0.472500026,-0.0251127873,0.700228035,0.471628129,-0.028048018,0.696579933,0.47360459,-0.013188554,0.708668947,0.475308359,-0.0197269972,0.718891561,0.47483474,-0.0246627219,0.727418423,0.473475426,-0.0284878463,0.707318723,0.473588556,-0.0136861531,0.721154213,0.475077331,-0.0204173122,0.733813703,0.474036634,-0.0255287141,0.743285894,0.472676575,-0.0288175419,0.715571463,0.472905964,-0.0142239891,0.727884352,0.474298239,-0.0185772758,0.737659454,0.473174781,-0.0206733663,0.744889855,0.472215861,-0.0223866794
3149.9999999999936,0.694202,0.459487587,-1.49983336e-007,0.7035712,0.462842226,-0.0062278863,0.710221887,0.467188835,-0.0114395199,0.71296,0.470050663,-0.0160381962,0.713940203,0.471696526,-0.0209073313,0.701886833,0.468268037,-0.0158587,0.714955389,0.470317632,-0.0239888802,0.724298716,0.469036192,-0.0289404355,0.731789172,0.467336029,-0.0312277824,0.695438683,0.468692,-0.0152078886,0.707876325,0.470119178,-0.0220452175,0.716808379,0.468146414,-0.0250847433,0.723609447,0.465052694,-0.0269586872,0.688399851,0.468768924,-0.0145279607,0.698063314,0.469769806,-0.0212207194,0.705406904,0.467331648,-0.0235610325,0.710752189,0.464047372,-0.024453517,0.681794,0.468391597,-0.0140716564,0.68472749,0.469117314,-0.0192090608,0.687875807,0.467029124,-0.0203114394,0.689684033,0.464737862,-0.0204466973
3149.9999999999936,0.443540782,0.462985843,9.16151421e-008,0.454459339,0.469184488,-0.00558031304,0.461336195,0.474786341,-0.0102705983,0.466485828,0.476006389,-0.0149964131,0.470408618,0.473260403,-0.020089956,0.445959926,0.474431455,-0.00815420318,0.440015584,0.474851787,-0.0134487711,0.434033632,0.472086847,-0.0179632623,0.428130448,0.46884805,-0.0211110562,0.435469985,0.473861933,-0.00855298,0.425082356,0.473306268,-0.0128661729,0.415742934,0.47143653,-0.0162320212,0.406425655,0.468772411,-0.0191449989,0.427196145,0.473654211,-0.00951596722,0.415782213,0.473090768,-0.0143161518,0.406678677,0.471301854,-0.01780973,0.397941113,0.469037384,-0.0200814921,0.421125114,0.473313272,-0.0109758032,0.411250591,0.47227481,-0.0144250942,0.404192597,0.470853567,-0.0158124734,0.396737456,0.468957156,-0.0168372411
3166.66666666666,0.700360417,0.458829433,-4.76933408e-008,0.693663776,0.458359361,-0.00800883677,0.689342439,0.460691363,-0.0124657927,0.686883867,0.46355933,-0.0161750708,0.68338,0.465774477,-0.0198484492,0.695677459,0.467396766,-0.00801632926,0.700118244,0.468783855,-0.0144558093,0.705753,0.467214435,-0.0195225291,0.709813297,0.46516791,-0.0225616675,0.702484965,0.468135387,-0.00637392653,0.709300518,0.46877259,-0.0120476205,0.714682102,0.467026323,-0.0162548646,0.718473852,0.465185732,-0.0188847166,0.707552075,0.467774808,-0.00559985312,0.71418494,0.468426645,-0.0116469,0.719293952,0.467147857,-0.0148059102,0.722765744,0.465793192,-0.0162317,0.711198032,0.46653828,-0.00530225178,0.717093706,0.467352301,-0.010242804,0.721348166,0.466706276,-0.0121333729,0.724579573,0.466178775,-0.0128676882
3166.66666666666,0.441881,0.461276203,1.06689431e-008,0.453241616,0.465967238,-0.00473639509,0.461400777,0.47090289,-0.00902073551,0.466160893,0.471872,-0.0138578229,0.470032752,0.469185412,-0.0194301195,0.447355479,0.471819639,-0.00792360213,0.442102164,0.471241534,-0.0132327154,0.437253267,0.467832595,-0.0178138148,0.431665748,0.464375734,-0.0209807884,0.435153067,0.471386224,-0.00951430853,0.424908519,0.469519466,-0.0148549769,0.415963024,0.466611087,-0.0192434117,0.407684475,0.462942958,-0.0224596262,0.425369412,0.471042812,-0.0113725178,0.41355598,0.469449133,-0.0172695052,0.405226469,0.46656841,-0.0212521795,0.397466034,0.46331045,-0.0234148968,0.418013811,0.470558196,-0.0135843232,0.407427579,0.469379067,-0.017243769,0.400256127,0.467291117,-0.0180134866,0.392855108,0.464868844,-0.0184286069
3183.3333333333267,0.445703954,0.471626818,3.4089723e-008,0.434501618,0.469751239,-0.00353187253,0.41941455,0.466079503,-0.00559727335,0.40685153,0.462420642,-0.0073236106,0.397488832,0.460373282,-0.0092892414,0.427576274,0.466071814,-0.00784112792,0.424933791,0.461437762,-0.0137439957,0.421633035,0.458478957,-0.0179785062,0.416101,0.455462337,-0.0209507942,0.428339601,0.466801643,-0.00900741946,0.422821313,0.460907102,-0.0132165933,0.41738081,0.457918614,-0.0152166616,0.41123426,0.454574645,-0.0174759477,0.429811448,0.467561632,-0.0106213233,0.423041791,0.461925715,-0.0150387548,0.416547388,0.458428741,-0.0157201234,0.409727931,0.454997927,-0.0165451635,0.432262897,0.468659639,-0.012589694,0.426198244,0.464513958,-0.0154967448,0.420963913,0.461519659,-0.0152078886,0.415792078,0.458797306,-0.0155436704
3199.999999999993,0.703492224,0.457156748,-9.13989453e-008,0.694288731,0.45468539,-0.00715334946,0.687154531,0.452903956,-0.0133375991,0.681298137,0.452795476,-0.0191211179,0.676689625,0.454151124,-0.0256029833,0.699764967,0.457706392,-0.0145034026,0.706652403,0.453101456,-0.0239904523,0.711621881,0.449017972,-0.0318856351,0.715830445,0.445834726,-0.0363114029,0.708986878,0.457710981,-0.01453654,0.715667903,0.452500105,-0.0221366901,0.719962358,0.448077202,-0.0261580683,0.72371608,0.444048852,-0.0291095097,0.715982854,0.457775027,-0.0149112521,0.723477185,0.452816337,-0.0221565515,0.728269219,0.448889643,-0.0224703588,0.731508791,0.445305526,-0.0223058462,0.721349418,0.458041579,-0.0159689263,0.730303228,0.454622388,-0.0211101267,0.736772299,0.451802075,-0.0202840734,0.741486251,0.449198633,-0.0194173139
3199.999999999993,0.445674896,0.469293594,1.25694825e-007,0.439147055,0.468875706,-0.00758026307,0.427021444,0.465648115,-0.0126648946,0.418242812,0.461790472,-0.0163501985,0.411069363,0.458039224,-0.020485824,0.424455255,0.464363784,-0.0173985977,0.414044768,0.458760083,-0.0258482471,0.407875359,0.45473516,-0.0310276505,0.401918858,0.450773358,-0.0344860703,0.426593482,0.463175654,-0.0174412578,0.416207403,0.456328243,-0.0251828656,0.408865184,0.451959,-0.0292416438,0.40268302,0.447535753,-0.0321432389,0.431017876,0.462414354,-0.017678991,0.421131849,0.456206173,-0.0245485939,0.414207,0.452242047,-0.0271715056,0.408075362,0.448222041,-0.0289350227,0.436406046,0.462209284,-0.0183071494,0.430788904,0.457571387,-0.0242325123,0.426112682,0.453897953,-0.0260947384,0.422184616,0.450348169,-0.0273029432
3216.6666666666597,0.445829451,0.463579744,1.19824932e-007,0.44448182,0.461502314,-0.00723906327,0.43707031,0.458646715,-0.0109779472,0.429232627,0.456242263,-0.0136502814,0.422747463,0.45417881,-0.016168328,0.429742247,0.454159409,-0.00921551697,0.421764165,0.448067307,-0.014949155,0.415385783,0.443916172,-0.0188466143,0.409928948,0.440585971,-0.0212102309,0.426072955,0.45504716,-0.00821411889,0.41820097,0.448613375,-0.0133458227,0.411726952,0.444232643,-0.0161529817,0.406391919,0.440327168,-0.0178770833,0.423231274,0.456825525,-0.00793805346,0.414442778,0.451551586,-0.0124843046,0.408016294,0.447461188,-0.0143694514,0.402700454,0.443731278,-0.0153288189,0.421074122,0.459770083,-0.00827904884,0.412655652,0.455787957,-0.0117909834,0.406741053,0.452844203,-0.0129985,0.401737392,0.450129896,-0.0136559634
3233.333333333326,0.44451493,0.459939152,1.30469502e-007,0.442081124,0.456984073,-0.00731785502,0.43326062,0.452882677,-0.011332131,0.423568,0.449625939,-0.0140447523,0.414786607,0.447503358,-0.0168329738,0.43247515,0.448191553,-0.013534599,0.424215704,0.440847278,-0.0206041802,0.417243361,0.436026484,-0.0249458048,0.410997242,0.432257354,-0.027508935,0.428673476,0.449900687,-0.0128306029,0.4203237,0.44263041,-0.0191752277,0.412749022,0.437529802,-0.0225043334,0.406341106,0.433070302,-0.0246603806,0.425355166,0.452702314,-0.0125062941,0.415854394,0.447339445,-0.0182090532,0.407999814,0.442758828,-0.0208626,0.401519716,0.438477278,-0.0224324614,0.422657192,0.456681,-0.0126067027,0.413843215,0.453219354,-0.0172963887,0.407385707,0.450218379,-0.0191134829,0.402026892,0.447427213,-0.0202258471
3249.9999999999927,0.450579882,0.452956796,9.14374141e-008,0.440482527,0.455570906,-0.00451706024,0.428369612,0.454689384,-0.0074967551,0.420826435,0.45199281,-0.00989271607,0.417143106,0.448781818,-0.0123745184,0.420530856,0.448543608,-0.00837858953,0.406968087,0.444706023,-0.0136799263,0.397904366,0.441730559,-0.0174655858,0.390169859,0.439199805,-0.0200246572,0.425790429,0.444788337,-0.00931793544,0.416281968,0.438777089,-0.0134594059,0.410187811,0.434185266,-0.0165385343,0.405796468,0.430312574,-0.0185902175,0.433304578,0.44267562,-0.0105005847,0.425616294,0.436558902,-0.0148160374,0.419956625,0.432069331,-0.0173532721,0.4156,0.427842975,-0.0190388225,0.442321837,0.442063898,-0.0118711265,0.438593298,0.437191695,-0.0161986258,0.435574979,0.433624059,-0.0171439964,0.432967693,0.430272758,-0.0173615627
3266.6666666666592,0.682615817,0.443325847,7.84648346e-009,0.682416618,0.438964099,-0.00670136604,0.684878469,0.434019029,-0.0125167323,0.686858118,0.429091424,-0.0178075321,0.689910889,0.423952401,-0.0230244156,0.69930166,0.440703571,-0.0164713878,0.705888,0.439440578,-0.0249710809,0.709874511,0.437379897,-0.0295503065,0.711654544,0.434266776,-0.0315766968,0.701185644,0.444538206,-0.0161164105,0.709951878,0.443608671,-0.0247819405,0.714590073,0.440946877,-0.0266608149,0.716222823,0.437538743,-0.0274928771,0.698733807,0.447037607,-0.0159446336,0.705556095,0.444581389,-0.0248554908,0.709527194,0.440410703,-0.0247563347,0.710813046,0.436689407,-0.0231052116,0.693029404,0.448769689,-0.0161711462,0.69499433,0.445677042,-0.0216200221,0.695353806,0.441783696,-0.0206508879,0.694972217,0.438506156,-0.019094253
3266.6666666666592,0.448831946,0.452977926,1.27034696e-007,0.458778769,0.450543046,-0.00849054661,0.463311225,0.445708841,-0.0146654723,0.464737833,0.442104191,-0.0201404169,0.466337979,0.439469069,-0.025729483,0.445542455,0.437901855,-0.0106585482,0.443731815,0.43104893,-0.0166796595,0.442387909,0.426449239,-0.0214141477,0.439371645,0.422023028,-0.0247217193,0.434558123,0.438444257,-0.010595764,0.428408921,0.430219829,-0.0154787162,0.422771394,0.425405264,-0.0192683861,0.416667432,0.420844674,-0.0224070214,0.426040053,0.44115597,-0.0114007583,0.417485565,0.433861256,-0.0170855317,0.412312567,0.428694963,-0.0211342908,0.407255977,0.424432606,-0.0235971697,0.418714345,0.445374906,-0.0127676139,0.407197326,0.44043681,-0.0173105579,0.398848116,0.437667072,-0.0196451191,0.391297311,0.435429156,-0.0213396829
3283.3333333333258,0.687715292,0.441079617,7.70874067e-008,0.688476264,0.436487079,-0.00639101,0.68837887,0.43123576,-0.0117498804,0.687921,0.425682873,-0.0163118578,0.689650893,0.420525908,-0.0210091434,0.696689606,0.440181226,-0.0163540803,0.696524203,0.439240128,-0.0252443291,0.694116712,0.435027391,-0.0310349148,0.691799521,0.430393696,-0.0341327377,0.694173634,0.443432122,-0.0158316791,0.692809463,0.441186875,-0.0229738802,0.68766892,0.437693089,-0.0252212062,0.683426321,0.434138566,-0.0269175973,0.688774049,0.445275217,-0.0154603915,0.683808,0.442652375,-0.0219005924,0.677659452,0.43840605,-0.0216495972,0.672744393,0.434697807,-0.0208010487,0.682452142,0.446439892,-0.0155822868,0.675441802,0.444244772,-0.0194124151,0.669169247,0.440688372,-0.0185203124,0.664727867,0.437583596,-0.0176518932
3283.3333333333258,0.448274165,0.451400161,1.31895547e-007,0.460035503,0.44911781,-0.0110394331,0.467484653,0.444561899,-0.017766783,0.467418045,0.440804541,-0.0231065862,0.468919724,0.437568039,-0.0283922032,0.449950874,0.434249252,-0.0161284339,0.446745783,0.426348776,-0.0233296379,0.443365693,0.421195209,-0.0284128916,0.438732386,0.416674852,-0.0320917293,0.436597824,0.434934825,-0.0152211506,0.427401036,0.426408857,-0.0214473717,0.421020091,0.421351641,-0.0257711709,0.414623618,0.417185724,-0.0290879346,0.426747471,0.437666178,-0.015033015,0.417389661,0.429758221,-0.0212284122,0.411224335,0.424446464,-0.0257949103,0.405331463,0.420467675,-0.0288886428,0.419576645,0.441761434,-0.0156049198,0.40656054,0.436658651,-0.021629354,0.39761731,0.433490157,-0.0249253716,0.389601052,0.430841118,-0.0270015597
3299.9999999999923,0.703891754,0.444076657,2.06375688e-007,0.690641761,0.444496661,-0.00706621632,0.677475274,0.442504555,-0.0122961262,0.669171274,0.439400911,-0.0164635256,0.663492501,0.435659021,-0.0209786911,0.678597808,0.439838737,-0.0185797121,0.66464138,0.436095774,-0.0279176533,0.658210933,0.431672662,-0.0340069905,0.654260039,0.426686138,-0.0384293608,0.689202309,0.437567204,-0.0201092,0.687416375,0.43039903,-0.030309137,0.687837839,0.424540132,-0.0347676873,0.689067662,0.419460773,-0.0375812389,0.70122838,0.437441558,-0.0217613503,0.704933,0.431712538,-0.0320406444,0.706453681,0.429026693,-0.0341726169,0.707220256,0.426870435,-0.035037417,0.712754548,0.438395441,-0.0236457642,0.720558941,0.434424847,-0.0337609425,0.72424221,0.432266,-0.035777159,0.72650063,0.430505872,-0.0362564698
3299.9999999999923,0.454385161,0.450319022,1.06726439e-007,0.468396157,0.445382595,-0.0103926063,0.475438356,0.437371105,-0.0153262215,0.475237221,0.430850238,-0.0191094354,0.477690458,0.425199121,-0.0228637569,0.450917035,0.43038252,-0.0118674906,0.446969897,0.422590673,-0.0180416014,0.444032669,0.417514086,-0.0225224942,0.440236777,0.413176209,-0.0258325059,0.437749565,0.431975,-0.0108614918,0.428181142,0.423431396,-0.0165574569,0.42154181,0.418286949,-0.0207466483,0.414698303,0.413790554,-0.0239328872,0.428104728,0.435420781,-0.0108217783,0.418484837,0.426812,-0.0172137693,0.412243813,0.421594471,-0.0216651354,0.406093657,0.417353779,-0.0245247222,0.421364874,0.440131247,-0.0114929127,0.407660127,0.434542358,-0.0182195939,0.398512959,0.43163231,-0.0217800904,0.389943421,0.429071218,-0.023833314
3316.666666666659,0.695208311,0.440741569,1.28654705e-007,0.689871967,0.437116176,-0.00757099455,0.682973683,0.432676047,-0.012560904,0.682883382,0.427891523,-0.0166094787,0.684663296,0.422935575,-0.0206287634,0.680989742,0.438101023,-0.0155495424,0.669122636,0.433185786,-0.0229821689,0.663749218,0.427954912,-0.0271077584,0.661075592,0.422745049,-0.029813258,0.686733902,0.439041734,-0.0154015617,0.688680291,0.432717025,-0.0246003345,0.691071,0.429198444,-0.0270272736,0.692278922,0.425783724,-0.028033739,0.691904545,0.440091729,-0.0156214889,0.695412815,0.433229804,-0.0249060187,0.697203219,0.429748744,-0.0246777814,0.697519481,0.427120954,-0.0231900271,0.695844591,0.441168368,-0.0162526,0.696926117,0.435390502,-0.0232669339,0.697534919,0.432483464,-0.0229249429,0.697064042,0.43044579,-0.0217755176
3316.666666666659,0.457002729,0.449556142,1.01641156e-007,0.470455438,0.444272965,-0.0103873294,0.47672385,0.435787022,-0.0154425306,0.476985902,0.428613752,-0.0193953905,0.477994204,0.422497898,-0.0233073868,0.45200786,0.428603232,-0.0116835972,0.447030127,0.42078808,-0.0182137713,0.443464547,0.415733457,-0.0230253749,0.439201504,0.411114931,-0.0263904706,0.438690156,0.430232435,-0.0107745649,0.428670704,0.421356171,-0.0163914841,0.422030509,0.415958822,-0.0203496646,0.415310413,0.411214262,-0.0233398639,0.428823709,0.433647215,-0.0109028742,0.418269932,0.425077438,-0.016955778,0.412450582,0.419720113,-0.0207560956,0.407117695,0.41521126,-0.0231639072,0.421759039,0.43831414,-0.0118612191,0.40811339,0.432628036,-0.0176423956,0.399076939,0.429711252,-0.020294372,0.390652239,0.426903248,-0.0218889918
3333.3333333333253,0.45722425,0.449208081,1.01175246e-007,0.470627427,0.443758726,-0.00990375318,0.476604342,0.435061395,-0.0145401033,0.477138281,0.427969337,-0.0180830192,0.478477627,0.421972334,-0.0216231775,0.451845944,0.427954823,-0.0112685319,0.447441071,0.419866115,-0.0173265915,0.444099754,0.414775372,-0.0218432862,0.439730436,0.410259485,-0.0249993037,0.438626885,0.429660231,-0.0104941046,0.428703219,0.420326769,-0.0154741434,0.42223829,0.414828867,-0.0191268567,0.4157902,0.410185426,-0.0219729953,0.428818524,0.433104515,-0.010708428,0.418394893,0.424246609,-0.0162306111,0.412654698,0.418780327,-0.0199403595,0.407312781,0.414196432,-0.022378156,0.421677947,0.437808096,-0.0117232744,0.407960504,0.431848705,-0.0171380397,0.399224579,0.428751856,-0.0196424481,0.391084254,0.42576924,-0.0211984124
3349.999999999992,0.699379146,0.447618,1.80654254e-007,0.682808697,0.444730461,-0.0110593345,0.668555379,0.437839091,-0.0152592948,0.660092,0.431948066,-0.0177774262,0.651863158,0.426649958,-0.0205457974,0.685810745,0.432242423,-0.0132239554,0.685651243,0.424592048,-0.0200985279,0.686871529,0.419085354,-0.0253398791,0.687952399,0.413845479,-0.0293141361,0.699524403,0.432175606,-0.0118023492,0.704536796,0.422847271,-0.0176178347,0.709417641,0.416008532,-0.0223517697,0.71317929,0.4104954,-0.0263609011,0.710843384,0.434561253,-0.0112874862,0.715700567,0.426297098,-0.0182512682,0.719824493,0.41967231,-0.0217050184,0.723311901,0.414707541,-0.0240288544,0.718536794,0.438548118,-0.0113681033,0.724889338,0.432959825,-0.0178616419,0.727760494,0.428971529,-0.0194934085,0.729984522,0.425906956,-0.0206195172
3349.999999999992,0.456248581,0.449845463,9.97307623e-008,0.470642984,0.444765657,-0.01053809,0.477191597,0.435781538,-0.015167444,0.477193475,0.428511143,-0.0185851026,0.478672057,0.422440201,-0.0218963549,0.451649427,0.428351939,-0.0113878129,0.447317511,0.420298368,-0.0174400974,0.444129407,0.415011853,-0.0219493639,0.440073371,0.410343558,-0.0251573864,0.438273519,0.429981411,-0.010329823,0.428441972,0.42080757,-0.0154339615,0.422017127,0.415257961,-0.0192538798,0.415621608,0.410505593,-0.0222426653,0.428574353,0.433395326,-0.0103217885,0.418391198,0.424905,-0.0159400888,0.412770957,0.419549853,-0.0197067689,0.407415688,0.414844334,-0.0222205836,0.421283036,0.438250512,-0.0111901918,0.407942802,0.43245247,-0.0165615324,0.399355888,0.429361045,-0.0190923158,0.391222894,0.426230311,-0.0207316894
3366.6666666666583,0.699623168,0.450819,1.77345044e-007,0.68357569,0.447306931,-0.0108981235,0.669981897,0.439988673,-0.0154770417,0.661136806,0.43397662,-0.0182482842,0.652874291,0.428919375,-0.0212786887,0.687823415,0.434780329,-0.0149189383,0.686582327,0.426860154,-0.0221728534,0.687530696,0.421493381,-0.0275222789,0.688621938,0.416300893,-0.0314228088,0.701129496,0.434407324,-0.0132669546,0.705624342,0.424568594,-0.0195343848,0.710315466,0.417824984,-0.0244465936,0.714095652,0.412413269,-0.0284863245,0.712043,0.436332375,-0.0122579634,0.716678,0.42730853,-0.0189970527,0.721184492,0.420963615,-0.0220792331,0.725199699,0.416303962,-0.0240795482,0.719341218,0.439807594,-0.0117747681,0.725115776,0.432895333,-0.017484637,0.728353858,0.427917808,-0.0185828377,0.731405,0.424080342,-0.0193166938
3366.6666666666583,0.455913901,0.451599807,9.03980322e-008,0.469762772,0.446648329,-0.0111572538,0.476896495,0.437629282,-0.0161682367,0.477098674,0.430162936,-0.0199045558,0.478320509,0.424004555,-0.023528453,0.451125741,0.430412441,-0.0121190855,0.447098553,0.422535539,-0.0186888482,0.443916857,0.417264402,-0.0236297026,0.43993628,0.412535906,-0.0271763187,0.437684417,0.431919396,-0.0111169126,0.42805317,0.422909319,-0.0167138,0.421843,0.417629361,-0.0207548067,0.415457129,0.412945211,-0.0238857605,0.427978933,0.435211539,-0.0112243323,0.418036938,0.426615,-0.0173229966,0.412465841,0.421337515,-0.0209134221,0.406986237,0.416494101,-0.0233056694,0.420784235,0.440054893,-0.0122900335,0.407758623,0.434241652,-0.0180713143,0.399111211,0.431171328,-0.020437371,0.390768647,0.428039074,-0.0219334308
3383.333333333325,0.705967486,0.450157702,1.63703604e-007,0.688855708,0.44843474,-0.00990192499,0.673769593,0.442729264,-0.0135034351,0.664438426,0.437619835,-0.0159948058,0.655476868,0.433056712,-0.0186232254,0.689153492,0.436601073,-0.0102866646,0.688343108,0.430153877,-0.0168026183,0.689264357,0.42502144,-0.0220204927,0.690217,0.419985563,-0.0258666985,0.702466965,0.43634367,-0.00956457946,0.707307398,0.427995,-0.0151511328,0.711842835,0.421738565,-0.0195904877,0.715514123,0.416347414,-0.0232810657,0.71389693,0.438373476,-0.00988840871,0.718596816,0.430611908,-0.0169200692,0.722431183,0.424454063,-0.0196410324,0.726549327,0.419579953,-0.0211297888,0.722266495,0.44183144,-0.0108593237,0.728185296,0.435474217,-0.0172416233,0.731456339,0.430548519,-0.0183598548,0.734697878,0.426394135,-0.0187933
3383.333333333325,0.454985321,0.454485446,8.38768131e-008,0.468685269,0.44914034,-0.0100809382,0.475961506,0.440414876,-0.0148831559,0.477005,0.433207244,-0.0187488012,0.477851957,0.42736882,-0.0225516967,0.450029194,0.433477461,-0.010825702,0.446366489,0.425690323,-0.0173392147,0.443328768,0.420698822,-0.0224884246,0.439322948,0.41610685,-0.0261644293,0.436628491,0.435168326,-0.0104070781,0.427182734,0.426438034,-0.0158264674,0.420821518,0.421298057,-0.0199253466,0.414260894,0.416599,-0.0231270827,0.426709324,0.438488394,-0.0110439332,0.416872501,0.430048347,-0.0167129263,0.410818219,0.424892962,-0.0199783295,0.404871345,0.420204937,-0.0222086031,0.419543743,0.443154454,-0.0126068573,0.406740278,0.437508613,-0.0179178193,0.397979587,0.434276372,-0.019825913,0.389478594,0.431048959,-0.0209893733
3399.9999999999914,0.690983832,0.446787179,1.73832319e-007,0.689282298,0.441549569,-0.00721400371,0.690010905,0.436803639,-0.0129600549,0.690439165,0.431652337,-0.0184029024,0.691093,0.426199168,-0.0239077546,0.705189288,0.445438653,-0.0154688042,0.711367309,0.437974215,-0.026570918,0.714490473,0.431090742,-0.0329871438,0.715816259,0.424430758,-0.0360081047,0.705598295,0.448954642,-0.0156852417,0.711501241,0.438880235,-0.02570761,0.712639093,0.430726618,-0.0283496324,0.711957157,0.423546761,-0.0299358349,0.701918364,0.450803757,-0.0166268237,0.703110576,0.440992743,-0.0264998414,0.70229888,0.433026671,-0.0269149747,0.701106429,0.426100224,-0.0257783793,0.695422,0.451960713,-0.018119663,0.696319878,0.444625258,-0.0242763255,0.695018053,0.437772065,-0.0240442455,0.694118202,0.431945145,-0.0232362933
3399.9999999999914,0.453829527,0.457830191,7.77081581e-008,0.467118472,0.453060865,-0.0112496261,0.474739134,0.445610583,-0.0172082074,0.476103276,0.43880114,-0.0220538955,0.47634536,0.432870477,-0.026854625,0.448738813,0.438262641,-0.0135980034,0.444331259,0.430285394,-0.020746069,0.441141874,0.425776273,-0.0261005387,0.43698433,0.421701431,-0.0297951549,0.435410768,0.43983674,-0.0127768787,0.425768971,0.43125391,-0.0186330061,0.419238925,0.426209629,-0.0229702685,0.412720501,0.421731144,-0.0264796969,0.425614595,0.44296062,-0.0129948733,0.415812045,0.434691966,-0.0188911352,0.409728467,0.429413646,-0.0224092454,0.40414542,0.424849242,-0.0249625891,0.41879648,0.447315902,-0.014196232,0.405664474,0.441954792,-0.0196745265,0.39665544,0.438583374,-0.021850165,0.388204038,0.435337096,-0.0233181324
3416.666666666658,0.705570459,0.448371321,5.91612128e-008,0.69838196,0.444912255,-0.00431792578,0.694369,0.441086918,-0.00834759325,0.693149507,0.436793506,-0.0120391669,0.693108857,0.432259142,-0.0159737673,0.695269763,0.44694075,-0.0107119307,0.694414556,0.445809245,-0.0169831291,0.694541097,0.442863673,-0.0217895657,0.696085393,0.440040529,-0.0250237621,0.702851713,0.448285162,-0.0117451856,0.702391148,0.447769195,-0.0165356211,0.703349292,0.444603533,-0.0190883223,0.704257369,0.441750348,-0.0215730425,0.71038264,0.449143201,-0.0128832851,0.712262034,0.448257685,-0.0179060251,0.714410305,0.445349067,-0.0178984012,0.716113567,0.442713,-0.0180620737,0.717481911,0.449562073,-0.0144149205,0.721685588,0.449267805,-0.0184008479,0.723275483,0.447950691,-0.017791504,0.724221408,0.446855187,-0.0173634812
3416.666666666658,0.445905387,0.458689451,1.21355541e-007,0.458791584,0.457181692,-0.0132502513,0.466737062,0.453573912,-0.0216469821,0.468945116,0.450516045,-0.0283245407,0.46870628,0.447740346,-0.0349529125,0.446287453,0.444586366,-0.0194558986,0.443385184,0.43715328,-0.0269978587,0.441170275,0.43297562,-0.0319809243,0.437401265,0.428823531,-0.0355280638,0.432727158,0.444853485,-0.0177601613,0.425183713,0.436351568,-0.0238068979,0.419276059,0.431614816,-0.0278700981,0.413452059,0.427275509,-0.0312248487,0.423011243,0.447431356,-0.0169683192,0.413179606,0.439762056,-0.0233719908,0.40751338,0.435002059,-0.0280894544,0.402112782,0.43120569,-0.0312813967,0.416620672,0.451182693,-0.0170784649,0.403225243,0.446131349,-0.0231392141,0.394019365,0.443374336,-0.0265456885,0.385558486,0.441075653,-0.0289018769
3433.3333333333244,0.707884967,0.451510251,8.5449372e-008,0.699558794,0.448479,-0.00412005838,0.697098494,0.445383728,-0.00827312842,0.69686681,0.441473722,-0.0122441202,0.698734343,0.438024402,-0.0163606126,0.699786246,0.451495439,-0.00983740482,0.704686522,0.443262786,-0.0158818103,0.707935631,0.438812375,-0.0202970561,0.710251033,0.436104119,-0.0230165664,0.709580541,0.451590151,-0.0105262194,0.715275705,0.442587882,-0.0148826409,0.718658924,0.43735227,-0.0164787602,0.720615625,0.433927357,-0.0182804912,0.717516363,0.451051444,-0.0113461502,0.722653091,0.442338824,-0.016261423,0.72468245,0.437645316,-0.0155897457,0.726814449,0.434663624,-0.0148383472,0.723774135,0.449986398,-0.0124789234,0.728554547,0.443322748,-0.0159924943,0.729957223,0.439504713,-0.0146725364,0.731067598,0.437083066,-0.0134051209
3433.3333333333244,0.446845502,0.464096099,7.85598289e-008,0.461099625,0.461948723,-0.014076856,0.469483554,0.456151,-0.0213703625,0.472100139,0.450537115,-0.0267329458,0.47292155,0.446064085,-0.0321020149,0.445620626,0.450198174,-0.0194527842,0.442554832,0.444179296,-0.0270918813,0.43966949,0.440100461,-0.0323128179,0.435518712,0.436188459,-0.036001619,0.431855053,0.451122403,-0.0170379374,0.422682345,0.443772,-0.0232306514,0.416367888,0.439476639,-0.0270764884,0.409934461,0.435597271,-0.0303036962,0.421952575,0.453747422,-0.0155573022,0.412285775,0.446556896,-0.0218077563,0.406422496,0.442299575,-0.0255275089,0.400715619,0.438744605,-0.0281791296,0.415412456,0.45753628,-0.0151727255,0.402638942,0.452448815,-0.0210038945,0.393773288,0.449685127,-0.0237687398,0.385388,0.447147101,-0.0257373545
3449.999999999991,0.443854332,0.469247371,7.17936288e-008,0.458759248,0.46809423,-0.0154577345,0.46714595,0.462869316,-0.0241069645,0.47008872,0.457804531,-0.0307605043,0.470687866,0.453373045,-0.0374333486,0.444105864,0.456952095,-0.0227389988,0.440152079,0.451497793,-0.0316300727,0.437368155,0.447819144,-0.0375499465,0.433457464,0.44409582,-0.041621618,0.429972768,0.457985938,-0.0197866391,0.421583951,0.451815933,-0.0268508866,0.414676756,0.447610766,-0.0314217843,0.407530338,0.443645388,-0.0355838872,0.41981554,0.460260183,-0.0177720673,0.411032856,0.45417738,-0.0244645756,0.404906452,0.450039506,-0.0286790803,0.398973376,0.446472287,-0.0320024192,0.412855148,0.46341145,-0.016980527,0.401023924,0.45830673,-0.0228076801,0.392261446,0.455699474,-0.0259149242,0.384178102,0.453631669,-0.0284831505
3466.6666666666574,0.718720853,0.449223489,-6.71334348e-008,0.70422864,0.453449667,-0.00852347538,0.691897154,0.459514111,-0.0129298596,0.681953,0.462791651,-0.0166838728,0.671480894,0.463879943,-0.0211235378,0.703770161,0.465026498,-0.00833522435,0.712812483,0.464654148,-0.0166855436,0.717471898,0.460259527,-0.0246161968,0.721048295,0.454746842,-0.0287423469,0.714568317,0.465138823,-0.00669224747,0.724170923,0.461825728,-0.0146177132,0.7285375,0.456407905,-0.0214127321,0.731913745,0.450461119,-0.0252186116,0.723373592,0.464325428,-0.00585818244,0.731690466,0.461467862,-0.0142694172,0.736974835,0.456807226,-0.0180790666,0.740357,0.451442927,-0.0189847108,0.730788708,0.463495076,-0.00560168596,0.739176631,0.462710112,-0.011981301,0.746334434,0.459853709,-0.0130557781,0.751163304,0.456992954,-0.0124528762
3466.6666666666574,0.447368681,0.47302258,7.98672417e-008,0.430322558,0.472058,-0.00387196383,0.41047132,0.467951536,-0.00610202923,0.395999134,0.463338166,-0.00792401936,0.384195,0.460316837,-0.0100408914,0.417135477,0.468794376,-0.00910011306,0.408117,0.463093579,-0.0153881693,0.40374738,0.459335297,-0.0192148965,0.398353308,0.456348419,-0.0219524745,0.426108748,0.467488468,-0.0111490702,0.416127861,0.460415214,-0.0165325124,0.41045481,0.456135541,-0.0191551354,0.404823214,0.452535778,-0.0214307103,0.436994642,0.466371864,-0.0136412615,0.427925438,0.459820658,-0.0201505423,0.421400458,0.455614865,-0.0222810078,0.414521426,0.451951563,-0.0237435084,0.448641479,0.465410531,-0.0162301753,0.443501621,0.460192353,-0.022624461,0.439030915,0.456352,-0.0242269617,0.434019238,0.453007072,-0.0252803136
3483.333333333324,0.71189487,0.45961684,3.253313e-008,0.696366847,0.462987244,-0.0072618,0.683023393,0.466187716,-0.0122479806,0.671556234,0.467241764,-0.017089732,0.661065817,0.465885699,-0.0232389029,0.695610762,0.463128805,-0.0144319357,0.697634876,0.465032846,-0.0224052146,0.699610829,0.466,-0.0287016798,0.700663149,0.465722233,-0.0323690809,0.709887862,0.463927209,-0.0137096336,0.713948,0.466900229,-0.0207779855,0.717087805,0.466558456,-0.0260778908,0.71955651,0.46384418,-0.0300286673,0.721537232,0.464807451,-0.0131020918,0.728102803,0.466944575,-0.0207002386,0.736877143,0.46486932,-0.0252584033,0.743228078,0.461039841,-0.027861502,0.730222881,0.465165794,-0.0128296912,0.738464713,0.466338724,-0.0180927645,0.746181428,0.46413511,-0.0201171674,0.751940966,0.460798562,-0.0216006506
3483.333333333324,0.44339636,0.469031,9.55880282e-008,0.437438369,0.467004418,-0.00613943394,0.427466303,0.465261847,-0.0117427,0.417335391,0.463335335,-0.0160593204,0.408949822,0.46128583,-0.0204647444,0.430542052,0.470693558,-0.0199057274,0.420741051,0.468732446,-0.0287463516,0.414178848,0.465871572,-0.0333261862,0.407654107,0.462917835,-0.0361562185,0.427450091,0.471603483,-0.0206704903,0.414329022,0.468977511,-0.0285960454,0.40736118,0.465389937,-0.0312799811,0.401269495,0.461825252,-0.0334758572,0.42567718,0.471851587,-0.0214139875,0.414055049,0.469018042,-0.0291701593,0.407015055,0.465053529,-0.0315276422,0.40060395,0.461587727,-0.0333544388,0.425581962,0.471580148,-0.0222900584,0.418711305,0.469679922,-0.0277610626,0.41519469,0.468007654,-0.0292897448,0.411994308,0.466391504,-0.0308263805
3499.9999999999905,0.702382863,0.467430264,-6.54596093e-008,0.687676311,0.469381601,-0.00728998659,0.676631212,0.470723242,-0.0133994743,0.667599678,0.46968928,-0.0197300743,0.659102201,0.467018425,-0.0274438299,0.691304088,0.470866323,-0.0158237461,0.695327461,0.471807361,-0.0262640174,0.698828578,0.470398068,-0.0349376351,0.702592134,0.46766904,-0.0398761,0.705988348,0.471732318,-0.0160051789,0.715763628,0.47077328,-0.0254429188,0.724113286,0.467503816,-0.0316757709,0.731590748,0.462634683,-0.0360269174,0.717843354,0.472411335,-0.0164140351,0.728455544,0.470752984,-0.0250062868,0.737769663,0.467211634,-0.0285026189,0.744708717,0.46233815,-0.0302518699,0.726886868,0.472562581,-0.0174236465,0.738274634,0.471250147,-0.0227760673,0.746587038,0.46816203,-0.0234837215,0.753121436,0.464510143,-0.0239567608
3516.666666666657,0.701540351,0.462425917,2.89950961e-008,0.689534068,0.466341108,-0.00464146258,0.679009259,0.469712555,-0.00885298848,0.669569135,0.469861865,-0.0130793331,0.65997231,0.467483431,-0.01827248,0.688111901,0.469200402,-0.0132987713,0.688648701,0.470779091,-0.0188487396,0.686298072,0.470453322,-0.0229234025,0.682299793,0.469904095,-0.0260788705,0.698826075,0.468566746,-0.0139174061,0.699777365,0.469493598,-0.0181579497,0.700369656,0.469901681,-0.0210987274,0.700550795,0.469641358,-0.0245247725,0.708821118,0.467816532,-0.0143654794,0.712636411,0.469691545,-0.0189644843,0.717874825,0.470091194,-0.0211607572,0.721980214,0.469814956,-0.0234098863,0.717767775,0.467019856,-0.0150804156,0.72476691,0.468469143,-0.018681068,0.730833709,0.468447566,-0.0198629517,0.735848486,0.468200296,-0.0212950557
3516.666666666657,0.436681211,0.47327736,1.03550938e-007,0.448644608,0.474605,-0.0125950789,0.458105683,0.476524979,-0.0239983946,0.463856637,0.476830661,-0.0335792191,0.468013406,0.475015312,-0.0438273884,0.440794647,0.47872749,-0.0264464375,0.439038843,0.476585358,-0.036415156,0.437681943,0.473711044,-0.0432755798,0.433986217,0.470444858,-0.0479253195,0.428066015,0.47905153,-0.0246320702,0.421202838,0.477006167,-0.0329956785,0.415512472,0.474378079,-0.0374389552,0.407740623,0.470479459,-0.0415105112,0.418319434,0.478467703,-0.0229379553,0.406630576,0.477508932,-0.0312712602,0.397454709,0.474974751,-0.0359395593,0.388429642,0.470868915,-0.0394788086,0.410962909,0.477435827,-0.0218217745,0.400133699,0.476256311,-0.0276726335,0.391961217,0.474663138,-0.0301598068,0.383848518,0.472366393,-0.0324969739
3533.3333333333235,0.704096794,0.465704024,-6.3256941e-008,0.690220237,0.466750294,-0.00772023713,0.678270459,0.469153076,-0.0133688813,0.669031918,0.468327284,-0.0183930863,0.659786701,0.465009183,-0.0250373613,0.691151142,0.469069541,-0.0181927439,0.694624,0.469703287,-0.0262769926,0.697878242,0.468603641,-0.0325042382,0.701955378,0.467468202,-0.036211092,0.704087496,0.470480442,-0.0174256843,0.715263128,0.469004273,-0.0243695248,0.72564882,0.467103541,-0.0295173936,0.73528707,0.46440497,-0.0335764959,0.714511275,0.471036,-0.0164597351,0.725777924,0.46964404,-0.0232016314,0.735791445,0.467162371,-0.0270927828,0.743441343,0.464258462,-0.0295524411,0.721476853,0.470955789,-0.0158591121,0.7307024,0.470233917,-0.0202625096,0.738470912,0.467628539,-0.0208924022,0.74433583,0.465079963,-0.0214253236
3533.3333333333235,0.43525964,0.471768588,6.13505264e-008,0.449373543,0.474588633,-0.0122880051,0.458447546,0.477425843,-0.0212196652,0.463492423,0.477675647,-0.0290771034,0.468913257,0.474673718,-0.037416406,0.440903306,0.478232026,-0.0181729291,0.436071664,0.476780623,-0.0274159145,0.433106899,0.474011958,-0.034783069,0.429019928,0.471251965,-0.0398844704,0.426319808,0.478795707,-0.0165221207,0.418682158,0.475603729,-0.0244094823,0.413953453,0.473191291,-0.0294729695,0.407688111,0.470590621,-0.0335892066,0.414165884,0.478810161,-0.0156730022,0.404234469,0.477073044,-0.0233469736,0.39830327,0.475239038,-0.0268218908,0.391940206,0.472662836,-0.0289724898,0.40480575,0.478674084,-0.0158729013,0.394248128,0.477262557,-0.0208405945,0.387548983,0.475981504,-0.0219735485,0.380666345,0.474117607,-0.0228064191
3549.99999999999,0.704212368,0.457999468,-7.19743765e-010,0.693930566,0.460473478,-0.0112573775,0.684069,0.465129316,-0.0186184589,0.67485857,0.467081487,-0.0245711841,0.664986491,0.465818882,-0.0316408686,0.691169739,0.465997636,-0.0240471866,0.694181085,0.468174428,-0.0349720791,0.694105208,0.466403902,-0.042030327,0.692462146,0.464380562,-0.0462100729,0.702846944,0.466763824,-0.0220235307,0.710652649,0.467445,-0.0325382091,0.716431081,0.46485576,-0.03750984,0.720791817,0.461322874,-0.0408883691,0.71314007,0.467038184,-0.0202473216,0.723574877,0.467122465,-0.0312685706,0.733074903,0.464111537,-0.0348352,0.739761,0.460438,-0.0361568257,0.722163618,0.467118412,-0.018967675,0.731081724,0.467588216,-0.0269860476,0.738713682,0.46489355,-0.0288644601,0.744098246,0.462213576,-0.0296746902
3549.99999999999,0.442987233,0.46681416,6.65093438e-008,0.452764839,0.470438719,-0.0102420757,0.459963381,0.474859238,-0.0194959845,0.465662271,0.475886315,-0.0276197158,0.470491737,0.473311841,-0.0362021439,0.442582309,0.47486046,-0.019481983,0.438482255,0.474273562,-0.0272446033,0.437008321,0.472435057,-0.033038307,0.434102505,0.470108092,-0.037169829,0.430213273,0.473412633,-0.018298341,0.423167318,0.473332673,-0.0252024978,0.418586642,0.47202298,-0.0294985194,0.412347078,0.469479024,-0.0331902504,0.420925319,0.472217798,-0.0173744503,0.409485072,0.473191231,-0.0241450034,0.400565654,0.472084731,-0.028665388,0.392235816,0.469421178,-0.0319459289,0.414560676,0.471404344,-0.0169240944,0.403811842,0.471624881,-0.0216488708,0.396018296,0.470655054,-0.0237494633,0.388837367,0.468664646,-0.0256259013
3566.6666666666565,0.706352055,0.456730545,3.32957271e-008,0.692295969,0.458090395,-0.0107215131,0.680648267,0.462158233,-0.0176448766,0.670954645,0.46296978,-0.0234508775,0.661201537,0.461380631,-0.0304194055,0.691832125,0.461580426,-0.0233071838,0.69235146,0.463357061,-0.0321058817,0.692092478,0.463380277,-0.0378546081,0.691427886,0.463690788,-0.0415678285,0.705403388,0.462591916,-0.0214383584,0.709411,0.464334488,-0.0292661265,0.711297274,0.464490682,-0.0339396931,0.713067532,0.463396311,-0.0382260717,0.716911733,0.46277526,-0.0195934493,0.725891709,0.46375069,-0.0281442944,0.734906852,0.461465269,-0.0330790877,0.741230309,0.458208501,-0.036517933,0.726008,0.46204862,-0.0182055347,0.735595524,0.462882966,-0.0243395474,0.743836105,0.460588366,-0.0272522084,0.749705493,0.457758605,-0.0298954546
3566.6666666666565,0.435020268,0.469481289,7.10405401e-010,0.440991879,0.473422259,-0.0087288022,0.443059772,0.47516343,-0.0156504195,0.441360891,0.474630505,-0.0217041317,0.441084355,0.47141245,-0.0278069619,0.439897358,0.471274674,-0.0177665409,0.438121736,0.470917106,-0.0258189049,0.437181115,0.469020963,-0.0319103,0.435802937,0.466994792,-0.0358170196,0.432816386,0.471371472,-0.0165725779,0.427306145,0.470221847,-0.0234737247,0.423362672,0.469043136,-0.0270471089,0.418624908,0.467088819,-0.0301683638,0.425103933,0.471853137,-0.0155461952,0.416253477,0.471091717,-0.0224382691,0.410205394,0.470264584,-0.0249571726,0.404763818,0.468038738,-0.0265723839,0.419101954,0.472882807,-0.0151326349,0.410323828,0.471657693,-0.0195920654,0.403656751,0.470928878,-0.0204574279,0.396780342,0.469222844,-0.0212717801
3583.333333333323,0.700796127,0.462545365,-1.44327839e-009,0.685028672,0.462914407,-0.00714572147,0.672832072,0.461566538,-0.0141552072,0.662636042,0.458125353,-0.0211489107,0.6528126,0.453810334,-0.029808756,0.688165545,0.457086921,-0.020034859,0.691055238,0.45655182,-0.0288510025,0.692644894,0.456649721,-0.0357913449,0.692956448,0.456579179,-0.0404110774,0.702636063,0.45709008,-0.020419782,0.706722319,0.458455741,-0.0268909056,0.709659,0.459301829,-0.0314021111,0.711506605,0.458901644,-0.0363440029,0.714572608,0.457766086,-0.0204740576,0.723526239,0.459301114,-0.0274990499,0.732785463,0.458204299,-0.031124657,0.739034653,0.456039548,-0.0344913565,0.723817885,0.458177567,-0.0209010299,0.734363556,0.45799613,-0.0251287483,0.742001057,0.456059,-0.0258270111,0.747122049,0.45343402,-0.0275682677
3583.333333333323,0.447574914,0.473580569,1.17954897e-007,0.453095168,0.470291436,-0.0117810769,0.45334208,0.467937171,-0.0219089314,0.450876862,0.466351837,-0.0299113337,0.446933538,0.465700477,-0.0380629115,0.443750352,0.469736427,-0.0270964243,0.438255519,0.4660981,-0.0377639458,0.433568299,0.46329844,-0.0439302772,0.427776545,0.460670263,-0.0478605516,0.434569389,0.471548259,-0.0255244616,0.423223585,0.466819227,-0.0337033272,0.415762901,0.463655502,-0.0369462781,0.408804953,0.460576177,-0.0399497636,0.427647442,0.472947955,-0.0241582859,0.415543348,0.468690097,-0.0311349258,0.407634348,0.465370953,-0.0339384042,0.400189638,0.462169051,-0.0363211147,0.423045099,0.473761976,-0.0235046428,0.412672341,0.471456409,-0.0282951649,0.404788285,0.469225556,-0.0305043943,0.397593379,0.466887265,-0.0326828063
3599.9999999999895,0.704612732,0.459158868,-3.70436624e-008,0.693631649,0.460278869,-0.00747049646,0.682846904,0.458868116,-0.0143658612,0.672221601,0.457591683,-0.0205405299,0.662784815,0.455856234,-0.0280080102,0.699582517,0.454148084,-0.0217690375,0.701195478,0.453510225,-0.0296635255,0.702347636,0.454049975,-0.0356870256,0.704705298,0.45396179,-0.0395883843,0.710818231,0.452566594,-0.0216876287,0.717230558,0.450567305,-0.0294937044,0.720303953,0.44909367,-0.0334263034,0.724364758,0.446790516,-0.03701986,0.719411492,0.452368647,-0.0210823771,0.727242053,0.450915515,-0.0285460744,0.730484545,0.449226052,-0.0293233991,0.733767629,0.446813345,-0.0299530644,0.725944698,0.453127891,-0.0209581424,0.735126436,0.452239,-0.0268021133,0.74057,0.451132059,-0.0267212503,0.745186627,0.449389517,-0.0267808251
3599.9999999999895,0.446423113,0.475531578,1.55392925e-007,0.433775187,0.474179476,-0.00494442042,0.420609176,0.470748454,-0.0098564541,0.411424845,0.466611117,-0.0138784787,0.403459,0.463429481,-0.0185182784,0.420104712,0.471714586,-0.0174010042,0.410687983,0.466996402,-0.0269363225,0.403188705,0.463651717,-0.0333662257,0.396021187,0.460917175,-0.037832126,0.426695198,0.470552564,-0.0196998566,0.417342931,0.464938402,-0.0295659602,0.409376,0.461193234,-0.0352325626,0.401976675,0.457883716,-0.0392285,0.435544103,0.469194472,-0.021704305,0.427519768,0.463841736,-0.0307446625,0.421330422,0.460185409,-0.0338482745,0.414776564,0.456813842,-0.0358094051,0.445322394,0.467835724,-0.0237703547,0.442671686,0.463404924,-0.031870503,0.438887745,0.460468292,-0.0341188572,0.434436321,0.457642913,-0.0353659689
3616.666666666656,0.445703298,0.472720772,1.31663427e-007,0.433649093,0.472006172,-0.00488307048,0.419575095,0.468425512,-0.00884609763,0.409560531,0.464300781,-0.0120157078,0.400783,0.461359024,-0.01577764,0.420736492,0.467763156,-0.0158690382,0.410099715,0.462948948,-0.0244296324,0.402424842,0.459644347,-0.0300579183,0.395039797,0.456954181,-0.0339076258,0.427768528,0.466439217,-0.0177134443,0.417943418,0.460684597,-0.0258638393,0.410501093,0.456977963,-0.0302741509,0.40357098,0.453559846,-0.0333983973,0.437036037,0.465384692,-0.0193953868,0.42937243,0.459908485,-0.0272080339,0.424094856,0.456576675,-0.0297917705,0.418531448,0.453529984,-0.031353835,0.447306544,0.464534551,-0.0211997367,0.444238424,0.459650218,-0.0286808331,0.440543085,0.456288248,-0.0307861026,0.436502278,0.453178644,-0.0318308696
3633.3333333333226,0.445929,0.468713194,1.26729361e-007,0.435691208,0.46690473,-0.00503444811,0.423100054,0.462564737,-0.00899503659,0.414539397,0.45771575,-0.0121570928,0.406690717,0.454479188,-0.0155817624,0.42016989,0.464508593,-0.0142537681,0.407797217,0.460543036,-0.0214068461,0.399064302,0.457834601,-0.0259960201,0.391068429,0.455547094,-0.029137522,0.427088171,0.46295324,-0.0156555325,0.415939569,0.457204908,-0.0220461059,0.408472925,0.453399837,-0.0253197625,0.40234828,0.449895591,-0.0276773889,0.437126964,0.461478442,-0.0169972051,0.429491192,0.455877572,-0.0232838504,0.423818022,0.452820629,-0.0252583828,0.418618619,0.44986096,-0.0265062526,0.448459268,0.459851325,-0.0185404364,0.446051687,0.454700381,-0.0244779419,0.442480832,0.451283664,-0.0259277187,0.438725084,0.447909325,-0.0265979506
3649.999999999989,0.450205714,0.466009349,1.07746438e-007,0.438306391,0.466125637,-0.00361718191,0.423906028,0.46262747,-0.00645688595,0.414214075,0.457932889,-0.00871735532,0.406403869,0.454410851,-0.0115565425,0.423115045,0.46146816,-0.0117787374,0.409955,0.457074314,-0.0180388428,0.400835276,0.454175293,-0.0219130293,0.392419845,0.451864064,-0.0247207098,0.429819196,0.459176689,-0.0137174763,0.418307424,0.45262292,-0.0191245563,0.411116719,0.448251128,-0.0222835522,0.405043781,0.444446385,-0.0246320125,0.43922022,0.457703561,-0.0156241814,0.42958945,0.451026082,-0.0210098,0.422620922,0.446542084,-0.0237725079,0.415964872,0.442578852,-0.0258373469,0.449811935,0.456742465,-0.0175509825,0.445630133,0.451402038,-0.0234490428,0.441509366,0.447479784,-0.0256576687,0.437437952,0.443944782,-0.0269963033
3666.6666666666556,0.44892928,0.461898655,8.99389789e-008,0.447245508,0.463101447,-0.0080966372,0.438600451,0.461608797,-0.0131151648,0.430239171,0.45939669,-0.0166997407,0.424115062,0.456092328,-0.0201914907,0.436381131,0.454697788,-0.0136134047,0.433816224,0.448889375,-0.0197120328,0.43243593,0.445451736,-0.0236729495,0.429624736,0.441420525,-0.0263388548,0.432134688,0.453342468,-0.0125880605,0.424326509,0.446351528,-0.0179543681,0.418236107,0.442202032,-0.0206378177,0.412898898,0.437873,-0.0225398,0.429588825,0.453539878,-0.0120314946,0.41943717,0.447478682,-0.0176557973,0.412684292,0.443134964,-0.0204619113,0.406766564,0.438984,-0.0220540352,0.42831856,0.454823643,-0.0118510257,0.419714957,0.449869066,-0.0163790695,0.414315,0.446224809,-0.0181286186,0.409947723,0.44313094,-0.0192724615
3683.333333333322,0.450376272,0.458743751,1.15354595e-007,0.441474378,0.461408913,-0.00706289196,0.429495722,0.459736854,-0.0115289055,0.421946019,0.456365883,-0.0149929486,0.417353719,0.452593118,-0.0188735425,0.425439894,0.454147667,-0.01354877,0.411882132,0.449994594,-0.019940326,0.40285334,0.446962893,-0.0237705242,0.39528507,0.444234371,-0.0264588129,0.430874705,0.450463831,-0.0141606573,0.418900698,0.444327205,-0.0204507187,0.410859585,0.439826459,-0.0246174634,0.404746622,0.43565321,-0.027356321,0.439375371,0.448242486,-0.0150437169,0.429275274,0.441611439,-0.0222827289,0.422625124,0.437223345,-0.0266903061,0.417089134,0.433008522,-0.0292656012,0.449518263,0.446857959,-0.0160612222,0.445672482,0.441157222,-0.0233743191,0.44240129,0.437146872,-0.026497595,0.439185798,0.433318377,-0.0281091537
3699.9999999999886,0.689832747,0.44400093,-9.97400385e-010,0.687615573,0.440452248,-0.00543989567,0.68772918,0.435400844,-0.0098573193,0.68805176,0.430036724,-0.014040228,0.690271378,0.425410777,-0.0184267424,0.698726416,0.439984,-0.0105239395,0.708764255,0.436396211,-0.017241247,0.714606,0.433968544,-0.0221745539,0.718408167,0.43158108,-0.0248312727,0.703308463,0.443234116,-0.0104606338,0.711871445,0.439609528,-0.0166305322,0.716503561,0.437058181,-0.0189918894,0.718612134,0.43487373,-0.020771591,0.703287065,0.446243614,-0.0106761958,0.706195951,0.443484664,-0.0169008486,0.707879841,0.441310793,-0.0159963463,0.708356798,0.440130651,-0.0144012561,0.699627399,0.449067324,-0.0112783788,0.698038876,0.446857452,-0.0144288335,0.695438623,0.445002615,-0.0121495044,0.69283,0.444165498,-0.0101025896
3699.9999999999886,0.448245823,0.45742774,1.1515985e-007,0.455113828,0.454512268,-0.00825830176,0.454777151,0.449683428,-0.013081843,0.450055242,0.446259648,-0.0167595595,0.444153458,0.444088191,-0.0204684865,0.441346288,0.444963545,-0.0119550545,0.434443951,0.438530296,-0.0171640422,0.430410177,0.434799939,-0.0205447711,0.426180452,0.431386948,-0.022816414,0.434067518,0.445552528,-0.0110806795,0.42563653,0.438060492,-0.0160242468,0.419513315,0.43357566,-0.0194758233,0.414022982,0.429611862,-0.0219634045,0.428501487,0.447609186,-0.0107361032,0.419854701,0.440803498,-0.0158305354,0.413619876,0.436264455,-0.0193735585,0.408367127,0.432611853,-0.0215270445,0.423627198,0.450666934,-0.0108641693,0.412712038,0.446277559,-0.0154201211,0.40488255,0.443434477,-0.0180915724,0.398674369,0.440952539,-0.0197880864
3716.666666666655,0.684466362,0.442008,-1.02175113e-009,0.683276,0.438104928,-0.00731037511,0.68554461,0.433186,-0.0141672064,0.687591732,0.42774567,-0.0204137433,0.6899997,0.422798097,-0.0264720693,0.699828088,0.43924439,-0.0190920234,0.709839225,0.437500656,-0.0296905264,0.71512723,0.434974432,-0.0359084,0.71754235,0.431941181,-0.0386979096,0.702882826,0.442798704,-0.0188026652,0.713596106,0.440351039,-0.0286000129,0.718180716,0.437531918,-0.0304793511,0.719287634,0.434490293,-0.031401258,0.700481653,0.445189238,-0.0187174678,0.706069767,0.441286296,-0.0278045088,0.708679736,0.437608868,-0.0261324607,0.708801627,0.434978813,-0.0234426968,0.694164038,0.447181016,-0.0191805605,0.693469167,0.443024665,-0.0236356594,0.691292405,0.439314097,-0.0210537538,0.688640952,0.4366301,-0.0185042266
3716.666666666655,0.449454069,0.456323147,1.10395369e-007,0.458897084,0.452958405,-0.00743779121,0.461889774,0.447790533,-0.0121171363,0.458654225,0.443991691,-0.0157228317,0.456178576,0.441347748,-0.0193591472,0.451211691,0.440943927,-0.0129356449,0.447188824,0.434330732,-0.0194293261,0.443313926,0.429376066,-0.0236867778,0.439183295,0.425102204,-0.0267548375,0.438626081,0.442136079,-0.0129131153,0.429296315,0.434921205,-0.0185051039,0.422428876,0.430363655,-0.021985786,0.416236699,0.426735193,-0.0246792454,0.42872414,0.445314884,-0.0133472029,0.418944985,0.43797484,-0.0192275867,0.412080079,0.432881355,-0.0234317444,0.406090468,0.429039866,-0.0261511784,0.421070427,0.449390829,-0.0141212111,0.409437299,0.444038391,-0.0202038176,0.400542259,0.440798283,-0.0238841064,0.392653972,0.438307136,-0.0261762589
3733.3333333333217,0.684237599,0.443691254,1.68644476e-008,0.685213208,0.438637644,-0.00465152925,0.68832022,0.432543844,-0.0102356011,0.68950671,0.427052557,-0.0158188641,0.691313386,0.420970738,-0.0215563532,0.705483735,0.44061622,-0.0152086336,0.714034617,0.437919945,-0.023981696,0.715990126,0.434515476,-0.0296176039,0.715355873,0.430715412,-0.0325372294,0.7042014,0.444225192,-0.0161954258,0.709723,0.441153347,-0.023514865,0.71007216,0.437657923,-0.0254373085,0.707980275,0.43413797,-0.0271798205,0.697973907,0.44661954,-0.0171889942,0.700392604,0.442674309,-0.0246314574,0.700167477,0.43875885,-0.0241383761,0.69888109,0.436079413,-0.0230996236,0.689337134,0.448202491,-0.0185679514,0.686708,0.444634289,-0.0224583242,0.683439195,0.441065848,-0.0207688,0.680827737,0.4385885,-0.0195131879
3733.3333333333217,0.448209018,0.457298398,1.11606887e-007,0.459522933,0.455148757,-0.00968911592,0.466233343,0.450743705,-0.0154208606,0.464098036,0.447549134,-0.0199818406,0.461863697,0.444922924,-0.024547549,0.45206368,0.439317703,-0.0137855643,0.448642135,0.431714207,-0.0205151178,0.444599628,0.426793933,-0.0254691634,0.439339072,0.422638386,-0.0290165208,0.43866992,0.440021962,-0.0132779041,0.429406196,0.431731552,-0.0192947388,0.422388047,0.426921725,-0.0238329191,0.415415317,0.423068672,-0.0271119643,0.428543061,0.442866653,-0.0133920824,0.419122934,0.434917361,-0.0193671454,0.412465,0.429920048,-0.0237205271,0.406162053,0.426219612,-0.0264952295,0.421143472,0.447075754,-0.014146748,0.409172565,0.441444,-0.0200885311,0.400513113,0.438298643,-0.0230446886,0.392697841,0.435717702,-0.0246502776
3749.999999999988,0.68328625,0.441788763,2.51521506e-008,0.685581326,0.437442422,-0.00538574904,0.688930392,0.431941688,-0.0117657837,0.689753354,0.425899,-0.0179375373,0.691723,0.419909447,-0.0240324177,0.703666747,0.441987514,-0.0176942553,0.710980892,0.43923682,-0.0286014,0.711830199,0.434409559,-0.0352217443,0.709780574,0.42941317,-0.0385101028,0.700618505,0.44472006,-0.0186739918,0.707679749,0.44093737,-0.0290508606,0.708118796,0.438049167,-0.0310386233,0.705617428,0.435159266,-0.0320853889,0.692632675,0.445962876,-0.0198509134,0.693139315,0.440824807,-0.0292085055,0.690374076,0.43705523,-0.0280628446,0.686817467,0.434536129,-0.0261076353,0.682598829,0.446345598,-0.0215100702,0.676947474,0.442408115,-0.0264523588,0.672406793,0.438702345,-0.0247079711,0.66914624,0.435849726,-0.0231171697
3749.999999999988,0.452923775,0.45612663,1.04038229e-007,0.466101766,0.452571481,-0.0111012226,0.473881334,0.446051896,-0.0165409371,0.471941829,0.441168368,-0.0206811111,0.472564787,0.437121451,-0.0247686766,0.451949656,0.437664628,-0.0139636947,0.4481709,0.430113375,-0.0210391432,0.444326192,0.42507425,-0.0260251798,0.439564675,0.4207699,-0.0295702349,0.437968194,0.438710272,-0.0127177816,0.428376526,0.430307895,-0.0191600695,0.421517968,0.425391465,-0.0235887449,0.41473332,0.421202779,-0.0266449768,0.42817992,0.441638261,-0.0123378662,0.418160379,0.433531582,-0.0189237706,0.411891937,0.428774178,-0.0229973514,0.405848652,0.424883664,-0.0253861398,0.421798915,0.445933461,-0.0127673168,0.409234345,0.44005838,-0.0193101354,0.400628746,0.437016904,-0.02245396,0.392599434,0.434291482,-0.0240515843
3766.6666666666547,0.683822632,0.441980213,2.81747248e-008,0.683832943,0.437630594,-0.00679168897,0.686351657,0.431842715,-0.0143385231,0.687831521,0.425532162,-0.0209520459,0.692252517,0.419714689,-0.0274830256,0.705891848,0.440781772,-0.023457963,0.712078571,0.437263191,-0.0346807167,0.712175846,0.433221221,-0.0412542745,0.709441662,0.429140449,-0.0443942882,0.704353094,0.444333851,-0.0234575775,0.709038079,0.440374315,-0.0328444205,0.707011402,0.437509418,-0.0337329656,0.702529967,0.435069889,-0.0344514847,0.69710815,0.446567774,-0.0232577957,0.693905,0.441127181,-0.0310721658,0.689005375,0.437165022,-0.0286584385,0.684246361,0.434939,-0.0262508299,0.687139928,0.447530031,-0.0236174725,0.67969662,0.44278419,-0.0271487515,0.674062252,0.438652843,-0.0241935384,0.670058131,0.436038882,-0.0219556447
3766.6666666666547,0.454314858,0.456652582,9.56243511e-008,0.468602747,0.452432096,-0.0127623817,0.476012528,0.444049716,-0.0187631082,0.476038933,0.43654716,-0.0230107922,0.476428032,0.430303097,-0.027098516,0.45231986,0.437101126,-0.0158252884,0.446888149,0.429489762,-0.0236264262,0.44290477,0.424536824,-0.0288779456,0.438021481,0.420307964,-0.0324546359,0.438301325,0.438437343,-0.0138463415,0.428097099,0.42988196,-0.0208901875,0.42086634,0.424882114,-0.0253907461,0.413602948,0.420727909,-0.0285010263,0.428242892,0.441574156,-0.0129338866,0.418428749,0.433311403,-0.0200371277,0.412218332,0.428283364,-0.0242192056,0.406272322,0.424221814,-0.026652718,0.42157504,0.445838869,-0.0129699819,0.408995062,0.439721197,-0.0196586195,0.400262207,0.436460584,-0.0229424145,0.392174184,0.43360126,-0.0247362405
3783.333333333321,0.683095574,0.4431656,3.79774079e-008,0.685991287,0.438435793,-0.00695582107,0.68994087,0.432674259,-0.0146295661,0.690679669,0.426698,-0.0215335134,0.69339484,0.421107054,-0.0279032923,0.709829152,0.441467226,-0.021612348,0.720736563,0.436996251,-0.0337657519,0.724268138,0.432405651,-0.0402033702,0.723301411,0.427745134,-0.043067392,0.704986513,0.445423752,-0.021850545,0.716268,0.440943182,-0.0324590765,0.717034936,0.437026441,-0.0328273922,0.713012218,0.433285326,-0.0328918956,0.695385873,0.447887272,-0.0223292951,0.696926057,0.443033427,-0.0314347,0.693209231,0.437655389,-0.0287627187,0.687121034,0.43325454,-0.0259995181,0.683371425,0.44886288,-0.0234651249,0.679607451,0.444869757,-0.0281232484,0.676221073,0.440994173,-0.0253214203,0.672519505,0.438083559,-0.0229696259
3783.333333333321,0.454449415,0.458041131,7.99950755e-008,0.468712151,0.453354985,-0.0128042605,0.475928158,0.445003182,-0.019269418,0.475941509,0.43745181,-0.0240914468,0.476705581,0.430958271,-0.0286791865,0.451544583,0.437461138,-0.015917195,0.446880609,0.429670781,-0.0238003526,0.442442298,0.42487812,-0.0292190891,0.437051803,0.420499653,-0.0330612883,0.437612772,0.438707411,-0.0141502675,0.427568048,0.430591196,-0.021115385,0.420300514,0.425984979,-0.0255332645,0.412745893,0.421865582,-0.0288795196,0.427624106,0.441788673,-0.0134516489,0.417779207,0.433777034,-0.0203607436,0.411476463,0.429171294,-0.0238804687,0.405064255,0.425140142,-0.0261661317,0.420525551,0.446210593,-0.0137857106,0.4083727,0.440297425,-0.0201348122,0.399795294,0.43704614,-0.022781441,0.391550541,0.433974206,-0.0243336949
3799.9999999999877,0.688230276,0.4453834,7.76227864e-008,0.691143632,0.440587938,-0.00590626,0.692976713,0.434709102,-0.0121247126,0.69218,0.428697526,-0.017609749,0.693294227,0.423501134,-0.0230540521,0.714085042,0.444322377,-0.0192064736,0.720784605,0.440306574,-0.0307444,0.721205115,0.435806662,-0.0378945097,0.719244659,0.43179214,-0.0414292924,0.70783,0.448169917,-0.0196776073,0.7073071,0.444097459,-0.0295841396,0.700303197,0.440548927,-0.0323999226,0.693002462,0.437774599,-0.0343244597,0.696792,0.450161219,-0.0201371089,0.685851276,0.446824104,-0.0290603414,0.675906897,0.441684276,-0.0294410698,0.667058766,0.437869906,-0.0288831238,0.684025526,0.450933754,-0.0208065026,0.67567867,0.447405934,-0.0257212464,0.669602811,0.443090856,-0.0243600197,0.665041864,0.439623863,-0.0232642014
3799.9999999999877,0.456416637,0.459805071,7.25314067e-008,0.469543666,0.454324186,-0.0108769583,0.475157529,0.445076108,-0.0153415669,0.473758,0.437252253,-0.0185413305,0.474204808,0.431174129,-0.0214600693,0.450184286,0.438998371,-0.0111135812,0.445014209,0.431257725,-0.0171559323,0.440772414,0.426366866,-0.0215277094,0.435792863,0.422098219,-0.024738932,0.436823726,0.440486103,-0.00969973,0.426254213,0.432378083,-0.0151566183,0.419486225,0.427488804,-0.0190054514,0.412605762,0.423294216,-0.0219115112,0.427158743,0.443482965,-0.00937143434,0.416605473,0.435636252,-0.015227423,0.410340637,0.430736363,-0.0186900925,0.40415889,0.426583081,-0.0208971594,0.420433879,0.447683394,-0.0099787619,0.407554835,0.441907465,-0.0156134469,0.398869663,0.438717276,-0.0181441493,0.390622437,0.435896307,-0.0196315832
3816.6666666666542,0.688991249,0.44753179,4.92173626e-008,0.692724586,0.44245407,-0.00646031741,0.695488393,0.438120544,-0.0130151408,0.696732461,0.432688028,-0.0185869876,0.700478375,0.427655846,-0.0240773521,0.710736513,0.448219597,-0.0192498732,0.718531728,0.446285546,-0.0293146651,0.721575499,0.443104982,-0.0353167765,0.720686734,0.438702345,-0.0383193977,0.704844117,0.451734245,-0.0188692492,0.711311638,0.447828025,-0.0267806295,0.710604906,0.44556126,-0.0274739843,0.70713973,0.44212988,-0.0280738473,0.694917321,0.453470558,-0.0184934065,0.691518188,0.448566675,-0.0253604148,0.686379254,0.444111705,-0.0232591629,0.680664361,0.439804763,-0.0213112645,0.683627605,0.453832865,-0.018587932,0.676202953,0.449603707,-0.0217924472,0.670931,0.444921851,-0.0189816896,0.667328596,0.440736949,-0.0168693867
3816.6666666666542,0.453609288,0.461483032,7.72999655e-008,0.467344463,0.45714736,-0.0112492815,0.474200368,0.449861318,-0.0167300757,0.470379293,0.445106626,-0.0208846908,0.468257308,0.441094339,-0.0247998,0.449495,0.441630453,-0.0134794712,0.444345087,0.43426,-0.0201434772,0.440189242,0.42961359,-0.0250033103,0.435069323,0.425259,-0.0285295304,0.435765892,0.442915916,-0.0122592915,0.425325751,0.435123473,-0.0179246701,0.418170184,0.430547297,-0.0220738892,0.410999805,0.42634511,-0.0253606439,0.426039636,0.445810318,-0.0119975526,0.415469021,0.4383623,-0.01780851,0.408915937,0.433683127,-0.0215930771,0.402500153,0.429699302,-0.0241859239,0.419285595,0.45004946,-0.0126854209,0.406423032,0.444315106,-0.0181764849,0.397634566,0.441236109,-0.0207690075,0.389232099,0.438417435,-0.0224456321
3833.3333333333208,0.449401438,0.462763548,8.67290879e-008,0.463720918,0.459299028,-0.0128708212,0.47194159,0.451796979,-0.0192542057,0.472267628,0.445334285,-0.02400616,0.47148785,0.439908296,-0.0286158659,0.44673717,0.4446854,-0.016356742,0.441884726,0.437504977,-0.024278868,0.4381679,0.433025807,-0.0296763685,0.433642834,0.428922117,-0.0333655104,0.433149,0.4461568,-0.0144017171,0.423309773,0.438789308,-0.02135754,0.416408122,0.43440634,-0.0259295758,0.409219712,0.430354774,-0.0293577556,0.42343539,0.449210942,-0.013491462,0.413672417,0.441854924,-0.0203612167,0.407226384,0.437665254,-0.0242757313,0.400684655,0.434070677,-0.0267471541,0.417032421,0.453286886,-0.0136020733,0.404713,0.447631091,-0.0199118387,0.396354735,0.444816291,-0.0228895415,0.388353825,0.442297131,-0.024655031
3849.9999999999873,0.448619962,0.466081262,6.74458605e-008,0.4631778,0.462827653,-0.0132485377,0.471243024,0.455922335,-0.019628711,0.470941097,0.45030582,-0.0243575592,0.468132317,0.445778698,-0.0289933849,0.444896728,0.449388921,-0.0168384667,0.440499127,0.442707479,-0.0243974049,0.436901838,0.438534975,-0.0298606548,0.432118118,0.434630245,-0.033712402,0.431252569,0.45058772,-0.0145424232,0.421524405,0.443645746,-0.020819217,0.414713383,0.439467102,-0.0252964459,0.407602549,0.435659647,-0.0289959479,0.421516836,0.453243047,-0.0132183265,0.411842376,0.446587563,-0.0194214694,0.405739278,0.442416728,-0.0230761152,0.399702817,0.438858598,-0.0256832913,0.414936841,0.456940502,-0.0129891774,0.403029144,0.451651573,-0.0187388845,0.39479062,0.449094355,-0.0213172454,0.386960208,0.446898133,-0.0230598934
3866.666666666654,0.445063293,0.469399631,7.56719558e-008,0.459496975,0.467456311,-0.0150072034,0.467379,0.461363226,-0.0227829162,0.467862636,0.456108123,-0.0285519399,0.466693,0.451685518,-0.0341892019,0.442631572,0.455023676,-0.0202507712,0.438708901,0.449288607,-0.0290097129,0.435319901,0.445406854,-0.0351995714,0.430364221,0.441599399,-0.0394757874,0.428738505,0.456077963,-0.0172563512,0.420177907,0.449606538,-0.0243048314,0.413011938,0.445540667,-0.029042514,0.405087888,0.441784382,-0.0330075398,0.418869108,0.458296865,-0.0152696986,0.410015702,0.451966763,-0.0218024477,0.403514177,0.447827786,-0.0256637465,0.396742105,0.444242448,-0.0284760073,0.412344217,0.461533695,-0.0145373857,0.401038468,0.456125587,-0.02020799,0.392973661,0.453578979,-0.022879526,0.385353923,0.451562852,-0.0248178691
3883.3333333333203,0.726345599,0.448738217,-3.16022515e-008,0.714429736,0.451302379,-0.00705000944,0.704530537,0.455998182,-0.0111563141,0.698115528,0.460439652,-0.0145446705,0.692188621,0.463891059,-0.018386187,0.715231597,0.459662646,-0.0108003411,0.717702448,0.462104589,-0.0191920288,0.721013784,0.461035937,-0.0258046929,0.724414825,0.459305882,-0.0296424646,0.72425729,0.458857745,-0.0103472359,0.728846133,0.459615,-0.0182629582,0.73309052,0.457376063,-0.0232923478,0.736483753,0.455039203,-0.0263898093,0.731141925,0.457182258,-0.010422729,0.735723,0.457715869,-0.0184793044,0.739696503,0.455210745,-0.0200968347,0.742555082,0.45280236,-0.0201904587,0.736204922,0.455243707,-0.0109194797,0.740392566,0.455736369,-0.0171059724,0.743884146,0.453856766,-0.0171636473,0.746207833,0.45212248,-0.0162758268
3883.3333333333203,0.442970514,0.470665395,1.98208383e-008,0.446092665,0.466274,-0.00760734454,0.440818429,0.458708525,-0.0124477409,0.431339085,0.45317179,-0.0164716,0.423355937,0.44945547,-0.0206833053,0.434562236,0.459494919,-0.0140940594,0.432614326,0.454123169,-0.0211130735,0.430963695,0.451537937,-0.0253817271,0.426840425,0.448979,-0.0281730983,0.426807702,0.462174475,-0.0137817673,0.421890795,0.455895811,-0.0194785688,0.418330133,0.453488499,-0.021403186,0.415030897,0.451045841,-0.0232480988,0.420628309,0.465074301,-0.0140885944,0.411296934,0.459452182,-0.0196460895,0.404169768,0.456394225,-0.0207382143,0.398005038,0.453524798,-0.0214595832,0.415486425,0.468294293,-0.0150001058,0.404019624,0.463301837,-0.019056201,0.39534384,0.459913373,-0.0198748875,0.388142496,0.457051933,-0.0206071828
3899.999999999987,0.447718561,0.472656459,1.18941315e-007,0.433164448,0.470815957,-0.00427083811,0.415713221,0.466983527,-0.00767465075,0.40334034,0.462097347,-0.010725121,0.393400699,0.458380133,-0.0140704485,0.421068966,0.470906138,-0.0110243289,0.40940237,0.466236442,-0.0185229424,0.400342,0.462405384,-0.0231524594,0.391766846,0.458651572,-0.0264574941,0.426368475,0.470227629,-0.0129094701,0.414974391,0.464987516,-0.0192861687,0.407766789,0.461935043,-0.0220349822,0.400355965,0.458797365,-0.0245581307,0.433945864,0.468848526,-0.0151947727,0.425047874,0.463982463,-0.0216602236,0.419786185,0.461492598,-0.0223535728,0.414170086,0.458998978,-0.0230539944,0.442698538,0.466862053,-0.0178586524,0.437296361,0.462471157,-0.0231886674,0.432410449,0.459492087,-0.0239924304,0.426807165,0.456871837,-0.0248818696
3916.6666666666533,0.712374926,0.461840779,-1.00106501e-008,0.702737808,0.464611262,-0.00707324594,0.694306612,0.469455153,-0.0119479261,0.686890721,0.471552819,-0.0160861835,0.680809855,0.471420079,-0.0208722316,0.703071833,0.470838517,-0.0148421079,0.704718,0.473385185,-0.0207027141,0.703482866,0.472471356,-0.024437964,0.701296508,0.471900553,-0.027049439,0.71390748,0.470876962,-0.0136501789,0.718238354,0.473448843,-0.0188220292,0.721057951,0.472614765,-0.0216289181,0.723453939,0.470734417,-0.0241904873,0.72342217,0.47053346,-0.0125089493,0.731007457,0.472881585,-0.0186971948,0.737823844,0.471516609,-0.0213093013,0.743064642,0.469263285,-0.0230575632,0.730790734,0.469721586,-0.0115875714,0.738644719,0.471109,-0.0166996457,0.74517858,0.469508916,-0.0184732508,0.750133455,0.467584103,-0.019796079
3916.6666666666533,0.441822648,0.478646219,1.21824968e-007,0.451874495,0.476418495,-0.014098892,0.456171811,0.474009126,-0.0249959417,0.458794266,0.472417921,-0.0338103771,0.459992737,0.470565766,-0.0428022593,0.43821913,0.471555829,-0.0263305549,0.432044774,0.467351794,-0.0365863517,0.427774757,0.464911163,-0.0427033901,0.422055274,0.462546885,-0.0466086417,0.427383,0.472910821,-0.0236567054,0.417437971,0.468080342,-0.0320793167,0.410730243,0.465715796,-0.0358789079,0.403939068,0.463259,-0.0388059206,0.419257253,0.474360824,-0.0213909987,0.407043666,0.470113635,-0.0282353964,0.398909807,0.46763128,-0.0309014563,0.390909642,0.465080172,-0.0326670967,0.413858086,0.475836,-0.0201081187,0.402241915,0.472604185,-0.0243199151,0.393943787,0.470176935,-0.025760293,0.386572,0.467821866,-0.026943231
3933.33333333332,0.710132658,0.463980287,-1.86158289e-008,0.699353874,0.46726802,-0.00555779366,0.689757407,0.471889019,-0.0105022574,0.680279672,0.472197652,-0.0153272329,0.670254171,0.470163524,-0.0210275017,0.701918185,0.472971559,-0.0145670418,0.70699352,0.473202735,-0.0206358861,0.709464192,0.472531289,-0.0242991187,0.711766601,0.472789943,-0.0265423525,0.71365577,0.472453713,-0.0145412227,0.726339757,0.474734217,-0.0208702069,0.735692,0.474884242,-0.0247294735,0.74350965,0.474001,-0.0275412314,0.723530591,0.47210288,-0.0142617775,0.73680681,0.474662304,-0.0205292013,0.748169422,0.474277377,-0.0248417482,0.756512,0.473168135,-0.0273388568,0.730449259,0.471197039,-0.0140395658,0.741948903,0.473320574,-0.0183369741,0.750990868,0.472833276,-0.020407293,0.757875621,0.472152889,-0.0218580049
3933.33333333332,0.436258197,0.473371089,1.10264963e-007,0.448143095,0.474799961,-0.0155375982,0.45628494,0.476646,-0.0281488188,0.459110975,0.47662,-0.0385992341,0.459391028,0.473310322,-0.0489121489,0.434378862,0.475406528,-0.0272312686,0.428609818,0.471726507,-0.0375759229,0.424039036,0.470045507,-0.0444648,0.418377697,0.46934697,-0.0493266396,0.422035307,0.475711524,-0.02452139,0.414189726,0.472410113,-0.0327620283,0.407461464,0.470424652,-0.036663685,0.400067389,0.468608409,-0.0403541289,0.413168848,0.475864649,-0.0224418696,0.401400447,0.473936856,-0.0297199208,0.392808944,0.47199288,-0.032417994,0.384387136,0.469823897,-0.0346778519,0.406661749,0.475921035,-0.0215383377,0.395287454,0.475065768,-0.0261844732,0.386798561,0.473875225,-0.0275132917,0.37913236,0.472438455,-0.0290074982
3949.9999999999864,0.711086273,0.46356,-1.19298056e-008,0.700501084,0.466595352,-0.00555572519,0.691344261,0.472153336,-0.010387362,0.682329834,0.473481297,-0.0146979541,0.672353923,0.471772939,-0.0198722072,0.698461294,0.472575933,-0.0159835834,0.701515079,0.474965751,-0.0222605281,0.702852607,0.474744171,-0.0259910077,0.704183936,0.474978954,-0.0283599943,0.709623873,0.472461671,-0.0158761125,0.715363204,0.475346297,-0.0212572869,0.720439672,0.47625041,-0.0240459144,0.7254498,0.47623086,-0.026704248,0.719779074,0.47211656,-0.0155789098,0.728642344,0.47573331,-0.0213724505,0.737332106,0.476459831,-0.0244543087,0.744122684,0.476681203,-0.0268265512,0.728529036,0.471235394,-0.0153217455,0.73871094,0.473837048,-0.0198568963,0.746974111,0.473748088,-0.021867523,0.753188372,0.473666877,-0.0236046035
3949.9999999999864,0.436827242,0.476598859,1.10607168e-007,0.447957516,0.476473629,-0.0152683537,0.455738455,0.477548867,-0.0271663349,0.458795846,0.478238702,-0.0369073488,0.459548682,0.476893932,-0.0464324281,0.435046345,0.477374196,-0.0270026159,0.42736581,0.474145651,-0.0370717943,0.421976715,0.47261551,-0.0435232,0.415833056,0.471890807,-0.0479912572,0.422566861,0.477816641,-0.0244780406,0.411467761,0.475011408,-0.03231325,0.402457714,0.473072976,-0.0358529799,0.393681616,0.471318275,-0.0392456241,0.413382113,0.478229016,-0.0225814227,0.400735199,0.476254404,-0.0292866826,0.391195118,0.474510938,-0.0315306485,0.381746233,0.472705692,-0.0335608199,0.406606495,0.478479892,-0.0219076667,0.395089924,0.477176607,-0.0260044448,0.386181504,0.476088911,-0.0268931128,0.378008872,0.474899113,-0.0281492639
3966.666666666653,0.709622,0.463175535,3.38220341e-010,0.698155642,0.466233939,-0.00302574527,0.688458741,0.470683873,-0.00679796282,0.67954421,0.471573949,-0.0104965512,0.670170426,0.469659954,-0.0150453821,0.695660532,0.468452066,-0.0128891319,0.696848691,0.471471101,-0.0172705241,0.696208358,0.472673208,-0.0198299419,0.694865763,0.473847747,-0.0217527915,0.70656687,0.468355894,-0.0137380483,0.708277106,0.471961319,-0.0173047,0.710480571,0.473683447,-0.0187462214,0.712957323,0.474450976,-0.0206482504,0.717043936,0.468472421,-0.0141808512,0.721421421,0.473671526,-0.0183521956,0.727628469,0.47597152,-0.0202893689,0.733124,0.477403611,-0.0221381895,0.726410747,0.468418896,-0.0145195052,0.735721529,0.472101688,-0.0181239843,0.74355185,0.47302717,-0.0195892267,0.750075817,0.473645061,-0.0210433193
3966.666666666653,0.437049329,0.478695065,1.11853645e-007,0.447594076,0.477531642,-0.0143769281,0.455741584,0.477641582,-0.0261282772,0.45895642,0.477529734,-0.0360738635,0.45911786,0.474926889,-0.0455436967,0.433867365,0.476395309,-0.0247502066,0.426125646,0.473453283,-0.0344907939,0.419888407,0.47168389,-0.0406685,0.412438273,0.470661253,-0.0449320413,0.422123015,0.477543116,-0.0227246284,0.411647677,0.474450588,-0.0301972311,0.401967168,0.472322673,-0.033435788,0.392032564,0.470554829,-0.0364829674,0.413182139,0.478693753,-0.0213823728,0.401545644,0.476082444,-0.027523268,0.392061621,0.474162459,-0.0292767771,0.382373661,0.472406298,-0.030805001,0.406536162,0.479604304,-0.0213135015,0.395661891,0.47798723,-0.0250767507,0.38706696,0.476537049,-0.0256435331,0.378931701,0.474980593,-0.0264602788
3983.3333333333194,0.70991838,0.45993185,-4.85382401e-008,0.697719812,0.463509679,-0.0049510817,0.687461853,0.469038665,-0.00906495843,0.679345548,0.469264656,-0.012999271,0.671421766,0.465990663,-0.0183825605,0.697262704,0.470236123,-0.0142998509,0.70070821,0.472791791,-0.01955235,0.701813638,0.472199708,-0.0230870675,0.702225089,0.47205,-0.0256010666,0.709391475,0.470824301,-0.0143655166,0.720537424,0.472842306,-0.0190563332,0.729888141,0.472894192,-0.0227565169,0.73763907,0.472377509,-0.0262447204,0.720002055,0.470671862,-0.0140295718,0.732691228,0.472974271,-0.0192518923,0.744074464,0.472631902,-0.0232257731,0.751930594,0.47181952,-0.0262932591,0.728125334,0.469634026,-0.0137000866,0.739934206,0.471476912,-0.0173792914,0.749208927,0.47102344,-0.0190139823,0.755566418,0.470683753,-0.0205807295
3983.3333333333194,0.436878055,0.480477452,8.77550477e-008,0.448895335,0.477915376,-0.0145131582,0.457214117,0.476493448,-0.0260071401,0.459808707,0.475458205,-0.0355994143,0.459223062,0.473026633,-0.0449512973,0.434022039,0.47532326,-0.0256983154,0.427921653,0.471629888,-0.0351301581,0.422453701,0.469579786,-0.0410921,0.415033817,0.467864752,-0.0453484654,0.421925157,0.47606948,-0.0233719088,0.412240863,0.472084403,-0.0307852551,0.403641,0.470164299,-0.0345095,0.394202709,0.468579262,-0.0379605889,0.412588775,0.476971656,-0.0214435086,0.401195616,0.473913819,-0.0277504046,0.392481565,0.472207218,-0.0301199816,0.383470625,0.470650852,-0.0321606323,0.405916125,0.477847099,-0.0206255931,0.395271,0.47566694,-0.0245995913,0.387219548,0.474468797,-0.0253398642,0.379735589,0.473498076,-0.0263133645
3999.999999999986,0.710186899,0.45740509,-1.30373735e-007,0.705863774,0.460790575,-0.0035487127,0.703070819,0.465697318,-0.00663478393,0.702805459,0.469042569,-0.00950149447,0.704010487,0.471224785,-0.0127620557,0.710697,0.468367845,-0.00924415234,0.723494887,0.469356716,-0.0153125143,0.73351413,0.46830079,-0.0199352056,0.741201,0.467266172,-0.0223840009,0.714339614,0.468561262,-0.00912646297,0.726001859,0.469539374,-0.0133672552,0.735157788,0.468770146,-0.0165850986,0.742610633,0.466912061,-0.0192378704,0.716137528,0.468535811,-0.00887260865,0.725996196,0.469576865,-0.0131503846,0.73394841,0.4681651,-0.0153759448,0.739938319,0.465971142,-0.0168818031,0.716666698,0.467927039,-0.00875427481,0.722184062,0.469227612,-0.0119023193,0.72819531,0.467847675,-0.0124807432,0.733141541,0.466029078,-0.012830779
3999.999999999986,0.433410287,0.47067821,8.59301608e-008,0.446752518,0.470840812,-0.0145080518,0.457003593,0.472203612,-0.0269192345,0.460803211,0.473556578,-0.0372030549,0.459875435,0.473370552,-0.0473884866,0.436329156,0.47240296,-0.0284293443,0.430526614,0.46910426,-0.0389786698,0.425866365,0.466985971,-0.045620054,0.420604616,0.465380341,-0.0502370261,0.422555566,0.473166972,-0.0262820348,0.415930182,0.46949622,-0.0345161,0.40967688,0.466965973,-0.0383108519,0.402666718,0.464934319,-0.0420769,0.412272513,0.473161817,-0.0245558191,0.40222,0.47035563,-0.0318768248,0.393741637,0.467877805,-0.0348338261,0.385195702,0.465613127,-0.0375615209,0.404328,0.47246,-0.0238640048,0.39404878,0.471468,-0.0287699774,0.385730267,0.470338196,-0.030351324,0.378078818,0.469110101,-0.0321877562
4016.6666666666524,0.439619929,0.467925727,4.55680045e-008,0.454509586,0.46864593,-0.0175434295,0.463394374,0.469656795,-0.0304161683,0.464347064,0.470343113,-0.0406097807,0.459710717,0.470544517,-0.0504466444,0.439405024,0.469631642,-0.0313315131,0.433116019,0.465388209,-0.0435921364,0.428616405,0.461919636,-0.0514914766,0.423177242,0.458886594,-0.0567933209,0.42508316,0.470538855,-0.0279104225,0.419119328,0.465637267,-0.0380347408,0.413564086,0.462080508,-0.0429854244,0.406829625,0.458751708,-0.0473953262,0.414168298,0.47057578,-0.025155386,0.404905051,0.467018366,-0.0344876163,0.397201449,0.464056015,-0.0380660333,0.38914749,0.460752338,-0.0408514515,0.405815572,0.470145494,-0.0237016,0.395539045,0.468302518,-0.0302133504,0.387237608,0.466801524,-0.0324529447,0.379163861,0.465171695,-0.0344800204
4033.333333333319,0.712858737,0.451886475,-1.23197267e-007,0.723498821,0.455254167,-0.0104586408,0.728934228,0.45991075,-0.0184724778,0.729283035,0.463227361,-0.0250525549,0.727886319,0.462638289,-0.03192598,0.71988225,0.4601551,-0.0214399099,0.727235913,0.46356672,-0.0313330255,0.734483182,0.462851107,-0.0375952758,0.741129458,0.460716158,-0.0408495814,0.711397886,0.459681511,-0.0194929298,0.72238934,0.460397393,-0.0294017661,0.732064784,0.458609462,-0.0334421881,0.739423692,0.455706924,-0.035434328,0.703379035,0.458359241,-0.0177510735,0.711444855,0.458668858,-0.0265366472,0.718847275,0.45697087,-0.0280454513,0.724102557,0.454014301,-0.0277445763,0.696100295,0.457147241,-0.0166227072,0.699178457,0.458363146,-0.0226552449,0.703268826,0.457249224,-0.0227810238,0.705483675,0.455531627,-0.021899676
4033.333333333319,0.44052273,0.468430191,8.65973107e-008,0.454144388,0.467098862,-0.0147954114,0.464045,0.465255439,-0.0268132221,0.467716038,0.464090645,-0.036954511,0.467153043,0.461996764,-0.0469523259,0.441208303,0.466170728,-0.0263880715,0.434855163,0.460637271,-0.0365059674,0.42973116,0.45665434,-0.043119505,0.423789829,0.453168273,-0.0477308035,0.427535594,0.467362374,-0.0242997073,0.418899417,0.461255789,-0.0315891802,0.411574185,0.457053661,-0.0353293493,0.403864413,0.453478873,-0.0393674,0.417460442,0.468290359,-0.022790648,0.406582355,0.463152051,-0.0295255762,0.398445606,0.459475309,-0.0322618932,0.390091419,0.456131071,-0.0348764621,0.409749866,0.469243467,-0.0225014314,0.398554057,0.466103882,-0.0267461389,0.389962077,0.463624,-0.027881721,0.381773382,0.46130541,-0.0295017771
4049.9999999999854,0.728506446,0.446855724,-2.00002059e-008,0.716881871,0.444479078,-0.0103420774,0.704263449,0.448367327,-0.0146859009,0.696443856,0.452857792,-0.0175321978,0.691033781,0.456557453,-0.0199927259,0.707782447,0.458394885,-0.00997983,0.702263594,0.459564894,-0.0172821768,0.700728297,0.456914306,-0.0216619764,0.69762665,0.455989063,-0.0243732333,0.716664,0.460671514,-0.00751879159,0.715580165,0.460326761,-0.0140318936,0.717232049,0.456375182,-0.0160974655,0.717075288,0.455543637,-0.0169817396,0.72526294,0.460906535,-0.00634429418,0.725742698,0.460250556,-0.013065191,0.72849977,0.456237674,-0.0125421993,0.729666233,0.455141664,-0.0114321494,0.732143,0.459881395,-0.00599146588,0.734607399,0.458563358,-0.0111597683,0.736982346,0.454739779,-0.0107299769,0.737738729,0.453263402,-0.00951867
4049.9999999999854,0.4490574,0.468645126,1.19424428e-007,0.4393318,0.46680972,-0.00540547585,0.423215389,0.462760687,-0.00951028708,0.412033617,0.457974553,-0.0128052421,0.403611302,0.453936934,-0.0164664965,0.422925562,0.465127945,-0.014170886,0.41005981,0.459873766,-0.0219086315,0.401936442,0.455984801,-0.0264726058,0.393957525,0.452349097,-0.0294248052,0.42651,0.46464628,-0.0155770984,0.413050652,0.458161175,-0.0221971739,0.40365544,0.454149306,-0.0253941305,0.395030081,0.450197726,-0.0278628115,0.432282358,0.463819653,-0.0172192529,0.419505924,0.457562059,-0.0235463586,0.41061458,0.453649372,-0.025305504,0.402398407,0.450088501,-0.0264089573,0.439070284,0.462911665,-0.0191968232,0.429975,0.458211,-0.0243640635,0.42357254,0.454817444,-0.0252646208,0.418025166,0.451882064,-0.025883805
4066.666666666652,0.444373786,0.467340112,1.59337162e-007,0.449219793,0.463489443,-0.00987232942,0.447366178,0.458302081,-0.0169913471,0.442591518,0.454303443,-0.0224104039,0.438640922,0.451118648,-0.0277541168,0.439139128,0.459299803,-0.0191818681,0.432296395,0.452551067,-0.0276224837,0.427061319,0.447633684,-0.0326204,0.421091706,0.443068385,-0.0355516672,0.431373805,0.460993111,-0.017465584,0.420050532,0.452686846,-0.0248147845,0.410634488,0.447575927,-0.0281560775,0.401714653,0.442771524,-0.0305631757,0.424667567,0.462808251,-0.0160338171,0.412911505,0.455578983,-0.022241829,0.404216,0.450644016,-0.0246015787,0.396442741,0.44633615,-0.025900716,0.418347985,0.464997411,-0.0151839964,0.40735063,0.459743053,-0.0191199239,0.399647623,0.456253171,-0.0205943938,0.39305225,0.453027099,-0.0217138194
4083.3333333333185,0.441474319,0.463632703,1.30510386e-007,0.449761868,0.461611152,-0.0099994028,0.452087045,0.457629472,-0.0163090192,0.449103534,0.454780161,-0.0213833656,0.44698593,0.452678,-0.0264372174,0.442270309,0.450492173,-0.0158166252,0.437424302,0.444726765,-0.0239817481,0.433032602,0.440983564,-0.0291602109,0.428551525,0.437718213,-0.0325518101,0.431798,0.452029824,-0.014967165,0.423684686,0.445599347,-0.0219743624,0.415744066,0.44180727,-0.0259818938,0.408643275,0.438381821,-0.0288594067,0.423501343,0.455231607,-0.0147954253,0.413632393,0.450030863,-0.0214930829,0.406002343,0.446744919,-0.0249193907,0.399610341,0.443880737,-0.0269402433,0.417108029,0.459363878,-0.0153113287,0.408548921,0.454890281,-0.02100043,0.401494086,0.452415645,-0.0235980805,0.395114481,0.450157583,-0.0251744594
4099.999999999985,0.444176823,0.459542245,1.10015989e-007,0.450923294,0.457652271,-0.00897414,0.453275889,0.453736216,-0.0137778539,0.450427413,0.450994492,-0.0174856074,0.447872818,0.449099451,-0.0211170036,0.443205804,0.44530198,-0.0121079152,0.439159632,0.439752936,-0.0182938222,0.434577644,0.435708284,-0.0225856528,0.429615676,0.432522029,-0.025575744,0.431270033,0.447014511,-0.0111190006,0.42330572,0.441443324,-0.0166764855,0.416143,0.437829822,-0.020148186,0.410065591,0.434842348,-0.0225382354,0.422207117,0.450274378,-0.0108291348,0.413144112,0.44486174,-0.0162072852,0.405662596,0.441087186,-0.0194691587,0.399306744,0.438078225,-0.0213740058,0.415527791,0.454412162,-0.0112050623,0.40560481,0.4502258,-0.0166501738,0.397529453,0.447436959,-0.0195330679,0.390546292,0.445001364,-0.0210253336
4116.666666666652,0.444324583,0.457613945,1.05635316e-007,0.451645613,0.45532015,-0.00876421202,0.452210605,0.450743139,-0.0133416615,0.447227299,0.447052926,-0.0166804492,0.442973375,0.444428295,-0.0198624749,0.444865704,0.44282797,-0.012855106,0.440927267,0.436423302,-0.0190683044,0.435853541,0.432012737,-0.0231910534,0.43030569,0.428591281,-0.0261192638,0.432905525,0.44404608,-0.0120258955,0.424547195,0.43744272,-0.0175107047,0.416588753,0.43326658,-0.0207226072,0.409518689,0.430012494,-0.0229963511,0.423336,0.447165906,-0.0118046626,0.413705736,0.440847337,-0.0171945933,0.405825377,0.43691361,-0.0203956552,0.399105668,0.433979273,-0.0223357528,0.4158113,0.451480657,-0.0121942218,0.405296206,0.447143376,-0.0175936986,0.397066951,0.444367588,-0.0203591269,0.390122592,0.442069173,-0.0218584929
4133.333333333319,0.444643766,0.456904709,1.01228451e-007,0.454312831,0.454003036,-0.00646678172,0.458122432,0.449251622,-0.0103299674,0.45520252,0.445806384,-0.0135197714,0.452063382,0.443044633,-0.0168246403,0.444936931,0.441061,-0.0105874659,0.440724134,0.43415606,-0.0159109756,0.436222941,0.429437488,-0.0195941087,0.430955231,0.425773919,-0.0222501,0.432435185,0.44199878,-0.0109450603,0.422762364,0.434626579,-0.0154998098,0.41541642,0.430221617,-0.0187976956,0.408352882,0.426994592,-0.0213073343,0.422537893,0.444954306,-0.0116371866,0.412304848,0.437815219,-0.0160706546,0.405244678,0.433384091,-0.0193900168,0.398637891,0.430324405,-0.0216091685,0.415047228,0.449121535,-0.0127046015,0.403514743,0.443788499,-0.0173151903,0.39538458,0.4405348,-0.0196934193,0.388268799,0.438150406,-0.020983588
4149.999999999986,0.443397611,0.457518369,1.10951603e-007,0.454865634,0.455623358,-0.0104739144,0.461085,0.451681584,-0.0166155454,0.459121406,0.448697597,-0.0214428939,0.457063377,0.446254879,-0.0262550414,0.445530146,0.439791411,-0.0149374241,0.441194981,0.432284385,-0.0218998101,0.436697602,0.427417338,-0.0269595105,0.431405485,0.423433304,-0.0305469781,0.432201207,0.44051823,-0.0139532872,0.422268957,0.432659149,-0.0201287828,0.414893508,0.428136289,-0.024574006,0.407865793,0.424532235,-0.0277237725,0.422330558,0.44341597,-0.0136435479,0.412017226,0.435825169,-0.0196893178,0.405154645,0.431144774,-0.0239551477,0.39871031,0.42773211,-0.0265870225,0.415462524,0.447649688,-0.0140343942,0.4035483,0.442140073,-0.0200725514,0.395027518,0.439082563,-0.0230697989,0.387352675,0.436687469,-0.0246188808
4166.666666666653,0.687151134,0.445347279,1.52691282e-008,0.689390957,0.440911263,-0.00329883466,0.693445,0.435864091,-0.00750054093,0.694676399,0.431296945,-0.0117645729,0.697311878,0.426179707,-0.0159910806,0.706101775,0.441693068,-0.00909663551,0.715558231,0.439902484,-0.0154866809,0.718323112,0.437739968,-0.0198129974,0.7186867,0.43482098,-0.0220176224,0.702403247,0.445474952,-0.0096554067,0.71038419,0.443263769,-0.0148878396,0.711771429,0.441443026,-0.0157062616,0.71051091,0.439312428,-0.0164515246,0.695476413,0.448293656,-0.0103583056,0.697727799,0.445594966,-0.0151689779,0.697543085,0.442684978,-0.0130767012,0.695673525,0.440385,-0.0111143589,0.686844468,0.450338781,-0.011437675,0.684879541,0.447132319,-0.0132378461,0.681659043,0.443846017,-0.0104145575,0.678532183,0.441526175,-0.00825124513
4166.666666666653,0.444953591,0.457522601,1.0423318e-007,0.457694858,0.455468118,-0.0119434725,0.464954764,0.450779945,-0.0185443982,0.461960286,0.447357237,-0.023709368,0.460387,0.443677157,-0.0288351458,0.446559787,0.439087242,-0.0157181155,0.44211778,0.431728691,-0.0235245526,0.437515616,0.426989585,-0.0291403309,0.432038307,0.422988802,-0.0330296233,0.432443053,0.440001607,-0.01426051,0.422708184,0.431964666,-0.021360334,0.415172189,0.427300841,-0.0263005737,0.407902598,0.423402,-0.0296687856,0.422244698,0.443008572,-0.0136788404,0.412083924,0.435076118,-0.0207105894,0.40525648,0.43061161,-0.0250198767,0.398863643,0.427140146,-0.0275045112,0.415278226,0.447351575,-0.0139392242,0.403187,0.441541016,-0.0207896121,0.394545376,0.438634068,-0.0240232013,0.386716455,0.436166614,-0.0256114621
4183.33333333332,0.689667702,0.445085347,2.7600974e-008,0.690849662,0.44015646,-0.00388666056,0.693795919,0.435950041,-0.00791469123,0.695130229,0.431586325,-0.0118345916,0.698589623,0.426388383,-0.0156826042,0.705725372,0.442929566,-0.00874301605,0.711244702,0.441533178,-0.0150695881,0.712404788,0.439431518,-0.019338863,0.712571263,0.437193304,-0.0213177055,0.704337,0.44686681,-0.00893701,0.70957917,0.444937348,-0.0136055676,0.710154057,0.442610204,-0.0146763641,0.708735824,0.440468967,-0.015636757,0.699512541,0.449397326,-0.00933040306,0.701053619,0.446861774,-0.0134847285,0.701617718,0.44364664,-0.0113205463,0.7006253,0.441297591,-0.0093352478,0.692328393,0.451103956,-0.0101948623,0.690155864,0.448117077,-0.0114904279,0.687236428,0.444889963,-0.00839019287,0.684077322,0.442775667,-0.00598668
4183.33333333332,0.447179019,0.458275706,8.93518219e-008,0.459791601,0.455005944,-0.0121623073,0.466255754,0.448018521,-0.0182067826,0.46552074,0.442184746,-0.0226956569,0.466099471,0.437248498,-0.0271070134,0.446129292,0.439489,-0.0155112864,0.441586912,0.43212682,-0.0232727602,0.437239408,0.427413583,-0.0287828166,0.431924611,0.423355073,-0.0326640196,0.432200938,0.440664053,-0.0139601482,0.421843618,0.43249169,-0.0211284123,0.414350212,0.427737951,-0.025828151,0.407008648,0.423793048,-0.0290365499,0.422331184,0.443773,-0.013367868,0.411580056,0.435738444,-0.0206876043,0.404735,0.431353331,-0.0248694625,0.398204744,0.427944779,-0.0272538979,0.415968478,0.448128313,-0.0136668039,0.403134495,0.44211185,-0.0207468383,0.394074112,0.439162105,-0.0240746569,0.385765493,0.436611235,-0.0258093923
4199.999999999987,0.690824151,0.445659488,4.90521117e-008,0.691088855,0.441120118,-0.00615676865,0.695135176,0.436267108,-0.0115811545,0.696866155,0.43236053,-0.0166307725,0.698579669,0.427778602,-0.0214360952,0.706124961,0.441933662,-0.0149705643,0.715090752,0.436288387,-0.0237102192,0.721219182,0.43229574,-0.0285923015,0.725034177,0.428430706,-0.0306405537,0.707075655,0.446634,-0.0150351264,0.7185449,0.440379143,-0.0225567259,0.724142194,0.435494125,-0.0235402118,0.725639164,0.431422383,-0.0240955669,0.705165386,0.449939162,-0.0153897,0.713375568,0.443648338,-0.0229443796,0.718349278,0.438114345,-0.0210191496,0.719775259,0.434304237,-0.018556023,0.700048089,0.452236474,-0.016290104,0.703526616,0.447250128,-0.020427119,0.703477502,0.443231612,-0.0177782364,0.702183962,0.440558314,-0.0152391922
4199.999999999987,0.446425796,0.460559636,9.62543041e-008,0.459049731,0.457759529,-0.0127151776,0.466293752,0.452184647,-0.019659562,0.462869525,0.448755831,-0.0251416769,0.458785743,0.445815206,-0.0305068325,0.444832951,0.44112283,-0.0163310133,0.440345943,0.433513701,-0.0244584437,0.436106712,0.428804755,-0.0304276329,0.430701554,0.424572647,-0.034514349,0.431050122,0.442357093,-0.0147194918,0.421728939,0.434333533,-0.0218035337,0.414133877,0.429881334,-0.0268224776,0.406288534,0.42608735,-0.0304772854,0.421178341,0.445376962,-0.0141082341,0.411555171,0.437730163,-0.0206970032,0.404862076,0.433556229,-0.0247012936,0.398231685,0.430219233,-0.0272779427,0.414201647,0.449734151,-0.0145589123,0.402315557,0.443882734,-0.0204754043,0.393800229,0.440943927,-0.0231802147,0.385813117,0.438367903,-0.0247774944
4216.666666666654,0.693744242,0.447016925,1.44822385e-008,0.694096565,0.44355008,-0.0053155194,0.696585894,0.439956367,-0.00968433451,0.697571158,0.436271667,-0.0139387297,0.697698,0.432520241,-0.0182344634,0.701705337,0.446459591,-0.0113355247,0.705193162,0.445681,-0.0179305337,0.706237,0.4429726,-0.0220611244,0.707247853,0.439888388,-0.024225438,0.704384685,0.449261934,-0.0116011659,0.709811091,0.449978262,-0.0183931887,0.713511944,0.447898567,-0.0203392711,0.715588868,0.445465535,-0.0212594122,0.70461446,0.450535774,-0.0120984,0.710994959,0.450231433,-0.019410979,0.71518904,0.447545648,-0.0189472176,0.717674494,0.445142627,-0.0172795504,0.703080237,0.450540721,-0.0130362744,0.706833124,0.448714405,-0.0175959803,0.709039807,0.446332455,-0.0163021944,0.710236847,0.444650322,-0.0145765906
4216.666666666654,0.444707662,0.462204099,9.2786145e-008,0.458391547,0.458994597,-0.0137103284,0.466528147,0.451890737,-0.0206472389,0.466494262,0.445716828,-0.0257553533,0.465535671,0.440398365,-0.0306832455,0.4434928,0.444221169,-0.0177134704,0.439348042,0.437046736,-0.0262365732,0.434861749,0.432459861,-0.0320199169,0.42955187,0.428443909,-0.036017511,0.429421246,0.445469081,-0.015547269,0.419693559,0.437666506,-0.0231925417,0.412507594,0.433335692,-0.027894102,0.405100673,0.429675132,-0.0312407091,0.41952315,0.448501289,-0.0144552095,0.409686744,0.440980881,-0.0217803344,0.403223217,0.436869383,-0.025560312,0.396727622,0.433467269,-0.0278506391,0.412949026,0.452633858,-0.0144482404,0.401188463,0.446920812,-0.0211664,0.392984301,0.444088608,-0.0242169071,0.385121822,0.441640973,-0.0259485394
4233.333333333321,0.705084264,0.451005548,8.43164472e-008,0.6990996,0.447787017,-0.00464284886,0.698580742,0.444393277,-0.00973196,0.69910717,0.440536082,-0.0144474152,0.699393,0.436537832,-0.0194908157,0.703557909,0.451186687,-0.0137011511,0.709304214,0.442759126,-0.0205380823,0.711794794,0.438745201,-0.0255475175,0.713514388,0.436696917,-0.0288042706,0.712431431,0.451733083,-0.0145991175,0.719470739,0.442637682,-0.0193542112,0.721601367,0.438067406,-0.0209802166,0.723032176,0.435308486,-0.02326997,0.71918267,0.451165497,-0.0154287936,0.72557354,0.442818969,-0.0202760883,0.727218509,0.438874185,-0.0191310886,0.728541791,0.43678996,-0.0186759,0.724012792,0.45018509,-0.016658606,0.730228543,0.443691045,-0.0203692168,0.731657803,0.440558225,-0.0186745469,0.732477188,0.438995898,-0.0175139531
4233.333333333321,0.447067708,0.466300309,5.52036035e-008,0.460380793,0.462097138,-0.0118297469,0.466815293,0.454504043,-0.0173491,0.465051174,0.448866427,-0.0214357711,0.463793427,0.443954408,-0.0254126862,0.441763312,0.447591573,-0.0143236592,0.436524242,0.440671176,-0.0214006398,0.432243645,0.436803877,-0.0264821481,0.427328,0.433512419,-0.0299665369,0.428227663,0.449454904,-0.0125415158,0.417935878,0.442430794,-0.0186262354,0.410783529,0.438570529,-0.0229155403,0.403873414,0.435139269,-0.0262581017,0.418575823,0.452593237,-0.0117675867,0.408293843,0.445610762,-0.0178260654,0.401847839,0.441666335,-0.0213792827,0.395731628,0.438384295,-0.0237692632,0.412117243,0.456758797,-0.0119625693,0.399943024,0.451055229,-0.0175600871,0.391457111,0.44823429,-0.0201439708,0.383394033,0.44565621,-0.0217805859
4249.999999999988,0.719123125,0.437773496,-3.00438643e-008,0.709605157,0.439968556,-0.00160701282,0.703033209,0.444485337,-0.00369613105,0.701888561,0.44962734,-0.00566852558,0.70432508,0.453796834,-0.00839923415,0.705511153,0.443798,-0.00566369,0.706541419,0.450080395,-0.00874905474,0.708176613,0.453306258,-0.0115903104,0.708880723,0.455431223,-0.0136719029,0.713623941,0.444030374,-0.00656235777,0.715837777,0.449724764,-0.00882331934,0.717254758,0.452359796,-0.0106964521,0.717865646,0.453969151,-0.0127413375,0.721211493,0.444116026,-0.00734243169,0.723593,0.449272931,-0.00943015423,0.724764,0.452001363,-0.00971356872,0.725052178,0.45381102,-0.0104161976,0.727785289,0.444209665,-0.00810769573,0.729523063,0.448884308,-0.00998484,0.730749428,0.451176018,-0.00945198815,0.731408358,0.452849299,-0.00922052283
4249.999999999988,0.444931,0.469465703,6.55142358e-008,0.458573163,0.466084093,-0.0138679622,0.465231478,0.459584,-0.0208347645,0.463793308,0.454249293,-0.0259581786,0.46175617,0.449574351,-0.0308708884,0.439523757,0.453231901,-0.0175040886,0.435121,0.447207242,-0.0253532529,0.431306303,0.443698049,-0.0310236849,0.425895184,0.44050011,-0.0349014662,0.425956786,0.454672664,-0.0148516335,0.416625351,0.448262066,-0.0212729461,0.409470946,0.444743395,-0.0256479923,0.401731282,0.441656798,-0.0291199461,0.416291624,0.457363904,-0.013235623,0.406724125,0.451137573,-0.0192661807,0.400107205,0.447541386,-0.0227641519,0.393337101,0.444614917,-0.0251631495,0.410044283,0.461034656,-0.012787478,0.398198396,0.455733269,-0.0181358606,0.389983594,0.453182787,-0.0205381289,0.38229683,0.451147109,-0.0220869333
4266.666666666655,0.71851182,0.447135359,-3.23276126e-008,0.703698456,0.452913582,-0.00690712593,0.68928504,0.460110515,-0.0113795577,0.675345123,0.463256031,-0.0156230293,0.663307846,0.462805748,-0.0210853983,0.699366629,0.459229171,-0.0111075444,0.703003109,0.463994205,-0.0188796706,0.7072438,0.46521464,-0.0254962724,0.711620271,0.464629829,-0.0292218532,0.711505353,0.459070891,-0.0105493795,0.719604909,0.462342769,-0.0177123919,0.726352453,0.461150765,-0.0232341867,0.732476413,0.458103478,-0.0266640354,0.722008348,0.458552539,-0.0103670042,0.729910195,0.461138189,-0.017371079,0.737314582,0.458729476,-0.0204758961,0.742610276,0.454955727,-0.0215658937,0.729826748,0.457501292,-0.0106099471,0.737695217,0.460190564,-0.0155779365,0.743930638,0.458382279,-0.0163174588,0.748169541,0.455476344,-0.0161197204
4266.666666666655,0.438714266,0.471686214,9.37866318e-008,0.451271147,0.47063303,-0.0140835773,0.456602901,0.466489226,-0.0236804169,0.457961082,0.464191854,-0.0316506028,0.458225667,0.463172525,-0.0399324596,0.437949151,0.460780293,-0.0232518557,0.433810681,0.454910278,-0.0321942568,0.430122852,0.45231697,-0.037559554,0.423980474,0.450067371,-0.0414208,0.424367338,0.462224483,-0.02118361,0.417099863,0.454778314,-0.0284644142,0.411200017,0.451912135,-0.0320097059,0.405024827,0.449274778,-0.0352443047,0.414785624,0.464831084,-0.0199110135,0.405052841,0.457577616,-0.0269120857,0.398392022,0.454534382,-0.0303609092,0.391330957,0.451972246,-0.0328522064,0.407906264,0.468140423,-0.0197009519,0.396304637,0.462591201,-0.0251708198,0.387951195,0.459664494,-0.0278277826,0.380484343,0.457316071,-0.0300258715
4283.333333333322,0.714628816,0.451415,5.69307446e-009,0.698905945,0.458747655,-0.00623615785,0.685238779,0.466883808,-0.0112914052,0.672971189,0.470206946,-0.0161292106,0.662696481,0.4699305,-0.0222830586,0.69442457,0.466203868,-0.016659243,0.6993801,0.471262962,-0.0263557527,0.701505959,0.471231878,-0.0335067809,0.702872872,0.469100863,-0.0375631675,0.707568824,0.465524435,-0.0170636233,0.714660943,0.470794827,-0.0266133957,0.720348,0.469872177,-0.0326916836,0.725722849,0.465997279,-0.0365617797,0.719133914,0.464328,-0.0174065456,0.727067351,0.469126076,-0.0262717791,0.735065162,0.467466801,-0.0300379731,0.740855396,0.463863701,-0.0316785239,0.728940189,0.462797701,-0.017939806,0.737155676,0.466608375,-0.0243144222,0.743841887,0.465764821,-0.0261679664,0.748271883,0.463523954,-0.026935041
4283.333333333322,0.443310738,0.469596773,5.45151728e-008,0.450682789,0.468994081,-0.0130993277,0.451147348,0.468319237,-0.0236949772,0.44711262,0.468725353,-0.0320242345,0.440514296,0.468714833,-0.0400014967,0.437595,0.467778146,-0.0272179767,0.431839585,0.464286566,-0.0379208848,0.428338945,0.461386502,-0.044334814,0.423267275,0.458837658,-0.0485940725,0.426968664,0.469843745,-0.0251857527,0.418951601,0.464577258,-0.0343425572,0.414487541,0.461675137,-0.0382428467,0.408709019,0.459056854,-0.0417221673,0.418314189,0.471474648,-0.0234486759,0.406663388,0.467140704,-0.0318907537,0.398959309,0.463738799,-0.0347523503,0.391765386,0.460401952,-0.0370256454,0.411954641,0.473159373,-0.0225128625,0.400160521,0.470032305,-0.0283880439,0.39174062,0.467506409,-0.0303673204,0.38382864,0.465209216,-0.0322059244
4299.999999999989,0.711694539,0.458700567,-1.73908887e-008,0.696588814,0.465173095,-0.00692335237,0.683662355,0.473808348,-0.0113351066,0.670891523,0.47732231,-0.015357052,0.65924257,0.476645321,-0.0204871092,0.696382165,0.474528879,-0.0153278206,0.69859612,0.477365524,-0.0246360898,0.701233208,0.477539241,-0.0316061191,0.705274642,0.476544797,-0.0353788063,0.709581,0.475191593,-0.0148449438,0.717107475,0.477443516,-0.0240199808,0.724118114,0.476303846,-0.0299574565,0.731530607,0.472502708,-0.0334645808,0.720470309,0.474926561,-0.0144848656,0.72815913,0.476769775,-0.0229071192,0.737021923,0.474670708,-0.0272937249,0.744218051,0.470771909,-0.029024031,0.728954196,0.473910272,-0.0144959763,0.736734927,0.47585237,-0.0206158832,0.744081736,0.473921061,-0.022951819,0.749860346,0.470848382,-0.0238465574
4299.999999999989,0.441773385,0.461136729,9.33649389e-008,0.430409819,0.464909,-0.00636892114,0.416870773,0.468996644,-0.01017249,0.405541837,0.471609563,-0.0131393112,0.397832096,0.471987188,-0.0162529275,0.420845032,0.469404787,-0.0114079919,0.413634777,0.470672101,-0.018242931,0.407103956,0.469998538,-0.023459848,0.400457799,0.468770921,-0.0267749783,0.428394556,0.470813215,-0.0105425585,0.420256853,0.472605079,-0.0156874377,0.414390385,0.472376645,-0.0179844,0.408348382,0.471018225,-0.020159414,0.435376823,0.47228089,-0.0102023585,0.428084075,0.473972,-0.0147804078,0.423202425,0.473772913,-0.0146682085,0.418418318,0.472439408,-0.0147374859,0.442441911,0.473962754,-0.0104901362,0.436935782,0.475396097,-0.0133880833,0.433713347,0.475307852,-0.0130077684,0.430596203,0.474663317,-0.012884507
4316.666666666656,0.708582938,0.465026885,-3.32683285e-008,0.69641,0.469923168,-0.00457686186,0.685773075,0.4777188,-0.008617769,0.674381375,0.480982304,-0.0126259737,0.662508249,0.480944932,-0.017592635,0.698760748,0.478458047,-0.012091469,0.704532802,0.481779963,-0.0182124451,0.70793426,0.482917398,-0.0224870201,0.710541129,0.483878791,-0.0252960753,0.710991561,0.477903068,-0.01238517,0.720951676,0.48130998,-0.0184453186,0.728448093,0.482132763,-0.0232546069,0.735004425,0.481827319,-0.0269454103,0.721244931,0.476867646,-0.012477777,0.731672704,0.480417,-0.0185090955,0.741158366,0.48042357,-0.0233691335,0.748837829,0.479462,-0.0265522972,0.72888726,0.475161672,-0.0125613697,0.73780793,0.478062063,-0.0170188844,0.745863855,0.478178024,-0.0199856833,0.752509654,0.477839112,-0.0222063307
4333.333333333323,0.709562063,0.468249917,3.64593644e-009,0.695759892,0.474243611,-0.00400569197,0.684569418,0.481894761,-0.00835188851,0.673347,0.484787732,-0.0127555691,0.661780596,0.483267874,-0.0180236101,0.698847413,0.481117815,-0.0128758084,0.701700151,0.483745813,-0.0189754348,0.70397979,0.484246403,-0.0228206776,0.706499577,0.485479861,-0.0252545942,0.711954296,0.480561942,-0.0132114487,0.716813684,0.484206736,-0.0182276797,0.721280396,0.484863102,-0.0209503,0.725481868,0.484892875,-0.0233992301,0.722955525,0.479943573,-0.013275668,0.729572594,0.483594477,-0.0181952473,0.737712145,0.483619839,-0.0211445503,0.744831085,0.48317045,-0.0233504232,0.73115164,0.478951722,-0.0134215718,0.739489913,0.481632352,-0.0165605918,0.747432828,0.481070548,-0.0181892831,0.754263222,0.480584472,-0.0197652895
4333.333333333323,0.438768238,0.471823335,1.58089208e-007,0.429297477,0.4745709,-0.00503594615,0.420621693,0.478196323,-0.00787546858,0.415406317,0.480703831,-0.0106804408,0.412088692,0.48236534,-0.0137666212,0.420793444,0.478517354,-0.00767888,0.408919245,0.479887933,-0.0141897472,0.398761153,0.479320556,-0.0195398349,0.389502168,0.478212088,-0.0229981728,0.426373959,0.480409503,-0.00813306123,0.41255638,0.480924815,-0.0130829401,0.400813639,0.480566144,-0.0162295606,0.390391827,0.479300082,-0.0189155452,0.43291977,0.481396645,-0.00923260394,0.419413835,0.48179549,-0.01389468,0.408296913,0.481576353,-0.0152886454,0.398679465,0.480424702,-0.0163364839,0.440465719,0.482029915,-0.0109308381,0.430778593,0.481918424,-0.0143015319,0.424494207,0.481285,-0.0145462677,0.418985069,0.479845583,-0.0147559103
4349.99999999999,0.708795965,0.469230324,-5.25154675e-009,0.69534421,0.474694967,-0.00423360383,0.684168,0.482403845,-0.00893507898,0.673103511,0.485579461,-0.0135363238,0.661199808,0.483920187,-0.0190606322,0.698583782,0.482189834,-0.0148204817,0.701311767,0.484339237,-0.0205976032,0.702640057,0.485111237,-0.0240519978,0.703512788,0.486546606,-0.0264164321,0.711987078,0.482012421,-0.0151117509,0.715665877,0.484658182,-0.0198654477,0.718104243,0.485517055,-0.021862803,0.719814539,0.485487431,-0.0240400527,0.723432899,0.481525719,-0.01501517,0.728974,0.484649807,-0.0197749138,0.735766947,0.485002875,-0.022327913,0.740830421,0.484697849,-0.024499625,0.732255518,0.480501533,-0.0150388628,0.74039495,0.483360618,-0.0183690116,0.748608887,0.482962549,-0.0200393405,0.755230486,0.48237893,-0.0217494462
4366.666666666657,0.70913285,0.468478262,-2.43368863e-008,0.695593834,0.474528491,-0.00369943678,0.684665501,0.481962651,-0.00850270875,0.672397375,0.484400451,-0.0136125814,0.658929408,0.482635528,-0.0196377151,0.698168,0.481653452,-0.0126793291,0.701679528,0.483307391,-0.0187899098,0.704706371,0.484189957,-0.0230871439,0.707846463,0.485959738,-0.0261715613,0.711542189,0.481337756,-0.0135837356,0.71710068,0.483531475,-0.0187010951,0.722687602,0.484426975,-0.0219001304,0.727967739,0.48489958,-0.0250101648,0.722855866,0.480831414,-0.0141459461,0.729486942,0.483656406,-0.0191170946,0.738130093,0.483967453,-0.0221869107,0.745698,0.483917236,-0.0246514082,0.731440902,0.479954302,-0.0148321036,0.739655912,0.482551157,-0.0181663986,0.747980237,0.482406199,-0.0198017638,0.755215764,0.482030928,-0.0214136727
4366.666666666657,0.433432,0.471589744,8.27759834e-008,0.443832368,0.475861818,-0.00798826478,0.45024702,0.480580062,-0.012765,0.4525235,0.483474106,-0.0169766881,0.455392331,0.484701425,-0.0215710923,0.435792029,0.480545402,-0.0112370532,0.428448111,0.482102305,-0.0177923571,0.420698375,0.481213033,-0.0233407449,0.412472427,0.480000734,-0.0270824507,0.42690742,0.480574369,-0.0104651535,0.416458309,0.481374562,-0.016130602,0.406739533,0.48124826,-0.0206994265,0.397119939,0.480073214,-0.0244306475,0.420055896,0.480410784,-0.0103130024,0.408358097,0.481193662,-0.016627755,0.399363518,0.481231391,-0.0207865089,0.391489267,0.480032414,-0.0233999211,0.415177941,0.479742497,-0.0107519617,0.404712856,0.480161637,-0.0159432031,0.397953868,0.479840457,-0.0180756524,0.391375571,0.478725612,-0.0194597039
4383.333333333324,0.707194209,0.467460811,-6.82237911e-009,0.694494188,0.471676201,-0.00508764666,0.683758199,0.478068382,-0.00960977469,0.67326951,0.480461597,-0.0137229133,0.661777735,0.479941338,-0.0185707081,0.695642292,0.477985561,-0.0150213027,0.697801948,0.479664892,-0.0211879946,0.699609518,0.480402708,-0.0251590423,0.701193929,0.481637,-0.0279318299,0.708886445,0.477758825,-0.0149449976,0.712724388,0.480632126,-0.0200011674,0.715440512,0.482305259,-0.0228197277,0.717882514,0.482955,-0.025795022,0.720151603,0.477229059,-0.0146920281,0.726705,0.480399102,-0.020083135,0.733919501,0.481224358,-0.0235109646,0.739817619,0.481159449,-0.0263569541,0.728625059,0.475793093,-0.0145450691,0.736784935,0.478495568,-0.0187814347,0.744829476,0.478895456,-0.02141436,0.751337767,0.479053855,-0.0238550175
4383.333333333324,0.432800651,0.471539259,7.42113642e-008,0.443736911,0.475906342,-0.00483801821,0.450077236,0.480933666,-0.00812828634,0.452769637,0.48300302,-0.0117234578,0.456450135,0.482358932,-0.0158490352,0.434833497,0.481775731,-0.00510777952,0.427202344,0.482577264,-0.0097094,0.41942662,0.480928183,-0.0140712308,0.411566108,0.478848696,-0.0172551088,0.425326407,0.481285959,-0.00616708025,0.414261818,0.481748432,-0.00972362235,0.404436797,0.480622917,-0.0130067896,0.395172238,0.478793025,-0.0159576237,0.418079048,0.480400503,-0.00792283658,0.406252027,0.480818719,-0.0123388665,0.397730887,0.47980988,-0.0151112434,0.39003104,0.478124708,-0.0170269199,0.41290468,0.478790641,-0.0101821851,0.402870595,0.478923589,-0.0134615824,0.396231413,0.478244752,-0.0141672119,0.389606953,0.476984054,-0.0147994431
4399.999999999991,0.706637919,0.464865267,-5.34167697e-008,0.693279207,0.46844539,-0.0091443453,0.682367802,0.474658936,-0.0154346162,0.67091924,0.477071822,-0.0212464929,0.660188437,0.476828814,-0.0277339946,0.696461499,0.477078617,-0.0177099835,0.699266553,0.478311896,-0.0265788846,0.700768113,0.477189779,-0.0325305834,0.702863,0.476695031,-0.0360576548,0.709969699,0.477027416,-0.0164551307,0.717620552,0.478746384,-0.0250951219,0.724836528,0.476936132,-0.0303481948,0.731157601,0.474096715,-0.0338948667,0.720969796,0.476556271,-0.0153715266,0.729146183,0.477957875,-0.0229572859,0.738021851,0.475787789,-0.027692277,0.745136321,0.472994417,-0.0304803699,0.729101598,0.475249261,-0.0147995399,0.737100959,0.476645887,-0.0193219911,0.744882226,0.475375533,-0.0217976887,0.751179934,0.473762,-0.0237516593
4399.999999999991,0.430055648,0.471747786,4.75137796e-008,0.440279305,0.476411968,-0.00535056042,0.446727157,0.480059624,-0.00898861326,0.450080901,0.480828017,-0.0129471645,0.453425169,0.479959339,-0.0175359156,0.430810094,0.479011923,-0.00626906473,0.424923837,0.478620052,-0.0115938112,0.418182254,0.476286381,-0.016721582,0.411207557,0.473876059,-0.0204757955,0.42096895,0.478694499,-0.00706436485,0.411585689,0.478338748,-0.0120168282,0.402758151,0.476722598,-0.0164479446,0.3941769,0.474554032,-0.0200293921,0.41275686,0.47849974,-0.00841624662,0.402155459,0.477585793,-0.0140837803,0.394189477,0.47613129,-0.0175173171,0.386870354,0.474257797,-0.0195443723,0.406635344,0.477662116,-0.0102918632,0.397461087,0.47624886,-0.0139576523,0.391273111,0.475073189,-0.0147213694,0.384845108,0.473584056,-0.0152919237
4416.666666666658,0.711013198,0.457833409,-4.60433895e-008,0.698604345,0.46208027,-0.00805485621,0.688359916,0.469382733,-0.0132815409,0.677312255,0.472391278,-0.0181009527,0.665071726,0.472525209,-0.0236960333,0.69915241,0.470262319,-0.0137339802,0.705304503,0.473630667,-0.0223633032,0.708793819,0.47355032,-0.0288805235,0.711693406,0.472096533,-0.0325156115,0.71028465,0.47032094,-0.0127505139,0.719626904,0.473313123,-0.0210499801,0.726258695,0.471507519,-0.0263826642,0.73153162,0.467799217,-0.0295973588,0.719418526,0.469917506,-0.0122873569,0.728180826,0.473004758,-0.0199862923,0.73526758,0.470726192,-0.0238317307,0.740082622,0.467078298,-0.0255145375,0.726372659,0.468868315,-0.0123129319,0.733751,0.471898794,-0.0177655779,0.740223587,0.470353067,-0.019731462,0.744900227,0.467980057,-0.0207358673
4416.666666666658,0.429214895,0.473230034,8.2157e-008,0.417889297,0.473400086,-0.00352757215,0.408830136,0.473003209,-0.00609454419,0.403624237,0.473321527,-0.00917136203,0.401023716,0.47330749,-0.013049569,0.416763633,0.472608715,-0.00632454548,0.412339687,0.471437246,-0.0118167298,0.406131387,0.470370173,-0.0172483828,0.400024474,0.468850166,-0.0212710053,0.424633414,0.474662304,-0.00796399545,0.417342544,0.473352253,-0.0114860861,0.40902105,0.472071975,-0.0147785414,0.401046902,0.470285684,-0.0184420589,0.432821423,0.47663945,-0.0099954484,0.428041667,0.475950748,-0.0141324159,0.421626836,0.474492818,-0.0153530966,0.415492445,0.472432017,-0.0169395618,0.441928416,0.478728265,-0.0125102503,0.443336487,0.477313519,-0.0154548334,0.44312495,0.47581321,-0.015163091,0.442528665,0.473701298,-0.0155728441
4433.333333333325,0.711315691,0.456504047,-4.42343051e-008,0.697335482,0.460162073,-0.0083269095,0.685698,0.465853095,-0.01414169,0.674001575,0.467718273,-0.0197183248,0.662004888,0.467412382,-0.0261558834,0.701737702,0.46808672,-0.0147457086,0.706398845,0.470311671,-0.0233171228,0.709891617,0.468951643,-0.0299623571,0.713218451,0.466933131,-0.0338765085,0.713816464,0.466914237,-0.0142257614,0.722208261,0.468235254,-0.0216448326,0.726923764,0.46589157,-0.0266814549,0.730445206,0.462152034,-0.0303874053,0.723502,0.465250432,-0.0141730728,0.732801199,0.466194302,-0.0212652329,0.738444686,0.463386506,-0.0246996284,0.741659939,0.459648162,-0.0267053954,0.731061161,0.462862,-0.0147378743,0.740475357,0.464018553,-0.0196564719,0.747620106,0.462622911,-0.0211528707,0.752435803,0.460735708,-0.0222437643
4449.999999999992,0.717601359,0.443968564,-2.98001446e-008,0.702677131,0.448807806,-0.00408969307,0.689979553,0.45657438,-0.00846485607,0.678593159,0.461628258,-0.0123534454,0.668468475,0.463646263,-0.0170973167,0.700536191,0.455649,-0.0143800238,0.702595055,0.462905228,-0.0208404195,0.704991341,0.462955862,-0.025337318,0.70739466,0.461391389,-0.0282009467,0.712752223,0.454292506,-0.0150876306,0.715631545,0.460835308,-0.0200950932,0.717615783,0.461601824,-0.0235787,0.720255733,0.460241079,-0.0270049926,0.723400235,0.45307824,-0.0155192148,0.726168871,0.459465683,-0.0202750415,0.729299784,0.460404843,-0.0222905576,0.732934117,0.459503621,-0.0243253428,0.731804788,0.452106923,-0.0159065444,0.737077415,0.456641048,-0.0205169823,0.74194324,0.456855446,-0.0215768814,0.746557057,0.455886513,-0.0224289428
4449.999999999992,0.43860361,0.463774979,1.95928718e-009,0.429942608,0.463739,-0.00429999689,0.418848634,0.462540507,-0.00939222053,0.409076512,0.460600942,-0.0138746966,0.402046293,0.458108485,-0.0182889793,0.425799668,0.463743627,-0.0156843867,0.423921406,0.461759746,-0.023790542,0.423969388,0.459551185,-0.0289134,0.422387391,0.457627714,-0.0322033875,0.425483197,0.465084016,-0.0170389209,0.418052316,0.461824626,-0.024608871,0.415849209,0.459830731,-0.0272535365,0.412232488,0.458028555,-0.0294466764,0.42437005,0.466013491,-0.0183768831,0.414399385,0.462448716,-0.0258013,0.408349723,0.459673643,-0.0273614768,0.402640402,0.45744738,-0.0284715127,0.424309403,0.467072219,-0.0197730847,0.415992886,0.463599145,-0.0247191209,0.410837263,0.461420059,-0.0253162105,0.405591,0.45986864,-0.0260444116
4466.666666666659,0.708936274,0.460997,-8.37408791e-008,0.694607437,0.461226612,-0.00951215811,0.68131578,0.460495561,-0.017374,0.668331146,0.458224237,-0.0247826222,0.655888379,0.455018699,-0.0333441943,0.695469141,0.460036069,-0.0191328507,0.698806643,0.454833388,-0.0314045772,0.698438704,0.448545963,-0.0416660607,0.698263466,0.442375481,-0.0471938774,0.709543407,0.459970385,-0.0185731743,0.714511156,0.454189,-0.0286629703,0.717540145,0.44798851,-0.0346791744,0.720583916,0.442029893,-0.038802959,0.720837,0.460174561,-0.0183987394,0.726036847,0.45462364,-0.0277055372,0.728937268,0.449022055,-0.0303327031,0.731395185,0.443682283,-0.0314036608,0.728906393,0.460150659,-0.0190649796,0.73592025,0.455993891,-0.0251776874,0.741912425,0.451406419,-0.0251113381,0.747891128,0.447375327,-0.02489103
4466.666666666659,0.438947886,0.467593282,1.23792844e-007,0.449437231,0.464787483,-0.0120155877,0.454378873,0.461346,-0.021358436,0.456460267,0.460073322,-0.0292868409,0.457768708,0.460151851,-0.0373207927,0.435921341,0.459402263,-0.0207974967,0.431514412,0.45532006,-0.0293621421,0.42790252,0.452145576,-0.0347815938,0.422705919,0.449357,-0.0384177715,0.425257236,0.460984737,-0.0194083489,0.417262137,0.454940349,-0.0263965074,0.410263121,0.451170087,-0.0300678853,0.402809471,0.447844476,-0.0332669877,0.417181969,0.463096946,-0.0186389275,0.407353103,0.457387686,-0.024817789,0.399731785,0.453322649,-0.0278998483,0.391989261,0.449720055,-0.0301320981,0.411007941,0.465521425,-0.0188077614,0.40018791,0.460467368,-0.022530742,0.39159736,0.456913531,-0.0241270959,0.38355273,0.453840017,-0.0257747434
4483.333333333326,0.708932,0.457121074,2.98378247e-008,0.699216187,0.453910589,-0.00426101172,0.694962561,0.448619217,-0.0102066146,0.694752395,0.442890465,-0.0163775794,0.698270082,0.438077688,-0.0234687291,0.702373922,0.453464508,-0.0139059778,0.706775367,0.445135951,-0.0217809677,0.706654131,0.440478414,-0.0283882245,0.706656516,0.436920881,-0.0326256715,0.714126885,0.454305768,-0.0155743519,0.716401815,0.442985803,-0.0219395,0.715297282,0.438029259,-0.0241759848,0.715549,0.435190558,-0.0262592938,0.723540545,0.45445931,-0.0171934124,0.724573493,0.443187535,-0.0221339427,0.722591758,0.439372838,-0.0209371373,0.721803069,0.437539846,-0.0201709382,0.730277658,0.453824192,-0.0194446836,0.730689943,0.444895595,-0.0217268579,0.729083717,0.44247365,-0.0196078,0.72812283,0.441665649,-0.0184284467
4483.333333333326,0.435429394,0.467515707,1.43534379e-007,0.449312747,0.466803223,-0.0150986249,0.458041519,0.462914169,-0.0248432159,0.461200595,0.459089,-0.0326130204,0.462171823,0.45546481,-0.0403374434,0.437969565,0.456830353,-0.0224877223,0.434613883,0.450588971,-0.03197347,0.430846453,0.447016984,-0.0380687825,0.425903112,0.443486243,-0.0423010811,0.42591247,0.457258075,-0.0198383,0.41963762,0.450535506,-0.0282500517,0.413421124,0.446647495,-0.0332865231,0.406892419,0.442915261,-0.0370668583,0.417094737,0.458939224,-0.0180522,0.408913046,0.452700257,-0.0257173795,0.402379036,0.448746324,-0.0298479591,0.39603138,0.445124894,-0.0324718915,0.410606951,0.461411923,-0.0173394214,0.401838958,0.456523329,-0.0235432088,0.394979745,0.45319581,-0.0265052039,0.38901186,0.450054258,-0.0284508057
4499.999999999993,0.70394361,0.450054437,6.55964e-008,0.697791755,0.445954233,-0.0048098,0.695778251,0.441208422,-0.00992070511,0.69598043,0.436273336,-0.0148985339,0.697157323,0.431153566,-0.0205096323,0.70146668,0.447076172,-0.0137645584,0.708129525,0.439034611,-0.0219717473,0.712067783,0.43457213,-0.0280925464,0.715805054,0.431371093,-0.0319063812,0.710954428,0.44932881,-0.0156658813,0.716767371,0.440602928,-0.022952538,0.720147789,0.435835898,-0.0258228648,0.723062277,0.432602,-0.0281293932,0.718548357,0.450606406,-0.0176661219,0.724247813,0.443380266,-0.0248431209,0.727123141,0.439682,-0.0245929155,0.728687346,0.437469542,-0.0240499359,0.724048257,0.451010644,-0.0200539771,0.731949687,0.447393477,-0.0251824278,0.734196305,0.445407808,-0.0240743123,0.735559762,0.444274276,-0.0230979733
4499.999999999993,0.444008321,0.462582737,8.88830272e-008,0.453932703,0.459408402,-0.012195006,0.454296678,0.454639167,-0.0193310827,0.447930843,0.452431411,-0.0248197764,0.439572275,0.451665431,-0.030200623,0.439344198,0.450422764,-0.0175116938,0.436403185,0.445058286,-0.025813289,0.433595,0.442047834,-0.0313505344,0.428767741,0.439220518,-0.034863431,0.427428544,0.452010751,-0.0155755868,0.418767422,0.444286197,-0.0219838824,0.411896288,0.440594882,-0.0254998803,0.40588972,0.437183112,-0.028226601,0.418395966,0.454884291,-0.01460947,0.407564819,0.448019922,-0.02067478,0.400457561,0.443972319,-0.0238890238,0.394354373,0.440452933,-0.0258965697,0.411935359,0.458592951,-0.0145587726,0.400819749,0.45254454,-0.0192312971,0.393129587,0.448572457,-0.0213208012,0.387165248,0.445228577,-0.0227808394
4516.66666666666,0.703649879,0.44566828,6.66051179e-008,0.696986437,0.442323446,-0.00436274428,0.693887651,0.437558442,-0.00954544079,0.694071412,0.432095766,-0.0144417062,0.695276,0.427185446,-0.0197820663,0.697957814,0.444088042,-0.0146267088,0.702061057,0.438519597,-0.0223427806,0.70482713,0.435071826,-0.0275869817,0.708073497,0.432547182,-0.0307596363,0.706868172,0.446259677,-0.0161103364,0.71315,0.438155025,-0.0227607395,0.717002511,0.4340038,-0.0247398894,0.720461547,0.431418151,-0.0265496522,0.714149833,0.447063476,-0.017552169,0.720118344,0.439402342,-0.0235158969,0.722842693,0.435458422,-0.0227306299,0.725140095,0.4330405,-0.0220284369,0.719576955,0.447030455,-0.0193550494,0.725348532,0.441803932,-0.0232140012,0.727634251,0.439093322,-0.0217911024,0.729587436,0.437522173,-0.0207096022
4516.66666666666,0.438214272,0.463173896,1.2819163e-007,0.451088,0.462484926,-0.0133396136,0.457759976,0.458826542,-0.0210873336,0.457367957,0.455619544,-0.0271750391,0.454545945,0.452482581,-0.0330736265,0.440412194,0.449237436,-0.0173921976,0.43811965,0.442676902,-0.0252796188,0.435071111,0.438685894,-0.0307635907,0.430825949,0.434812307,-0.0345844068,0.427555472,0.449336618,-0.0150751499,0.420471668,0.44173193,-0.0218079835,0.414165348,0.437463909,-0.0262646098,0.408030748,0.433740824,-0.0295502283,0.417910755,0.451120049,-0.0137431081,0.409169257,0.444188327,-0.0200464912,0.403424501,0.440022647,-0.0239910092,0.39795959,0.436661184,-0.0264408812,0.410804659,0.45386979,-0.013449667,0.401530176,0.447898746,-0.0187588595,0.395160139,0.44444707,-0.021396162,0.389361322,0.441760689,-0.0230651293
4533.333333333327,0.69406867,0.445795864,8.08829483e-008,0.690968871,0.441599399,-0.0110514015,0.691571891,0.436114162,-0.0204187557,0.69342953,0.428709894,-0.0280988738,0.696769774,0.422140628,-0.0357407853,0.704664648,0.445786566,-0.0274380334,0.707351923,0.444204062,-0.0399167426,0.706753612,0.440489769,-0.0472469442,0.705911756,0.435731024,-0.0508308932,0.710053205,0.447836757,-0.0260751303,0.713366687,0.445154071,-0.039382644,0.713529706,0.4401474,-0.0434230864,0.713128388,0.434575319,-0.0452494957,0.710005045,0.44833836,-0.0247083586,0.707492769,0.444399714,-0.036766436,0.704210162,0.439274251,-0.037767943,0.701393247,0.434787273,-0.0363837816,0.705632,0.448013753,-0.0239545964,0.699887455,0.443732,-0.0303067025,0.693494797,0.439927608,-0.0294570774,0.687838078,0.436537,-0.028087439
4533.333333333327,0.441601753,0.460633278,1.22308322e-007,0.452769518,0.459629953,-0.0133932382,0.45926711,0.455613226,-0.0211159308,0.458727449,0.452282161,-0.0272508636,0.459205717,0.44934684,-0.0333345495,0.443867445,0.445250452,-0.0183193143,0.440634489,0.438919604,-0.0271709487,0.437478602,0.434758574,-0.033360444,0.43311426,0.430996835,-0.0375450067,0.430528194,0.4457995,-0.0164453313,0.42184338,0.438415915,-0.024493441,0.415121138,0.434338629,-0.0297861286,0.408180743,0.430750966,-0.0334909074,0.420290291,0.448173672,-0.0155495033,0.411377072,0.441009104,-0.0229905639,0.405472189,0.436602414,-0.0274089389,0.399491072,0.433163971,-0.0300381,0.412616462,0.451616526,-0.0156567376,0.402494609,0.445277065,-0.0219321959,0.39536503,0.441595018,-0.0249655321,0.388623893,0.438689411,-0.0267560091
4549.999999999994,0.702933729,0.447352737,1.68022197e-007,0.690295696,0.447832495,-0.0107908277,0.679298341,0.445640057,-0.0180712808,0.672280252,0.441433132,-0.023665905,0.668983102,0.436522633,-0.0293427687,0.687185764,0.447449982,-0.0234399643,0.683319271,0.444963247,-0.0350418277,0.682533324,0.441538304,-0.0427578241,0.683052301,0.437075,-0.0473974869,0.699954391,0.446632326,-0.0225877464,0.701336,0.44194892,-0.0343724303,0.701263964,0.436638355,-0.0393892042,0.70175916,0.430706382,-0.0425539576,0.710866451,0.445631266,-0.0219051261,0.716162086,0.440236717,-0.0330761746,0.717746913,0.4357512,-0.0348820947,0.71908617,0.431336522,-0.0350561813,0.719323397,0.445100904,-0.0218982752,0.72707206,0.440920055,-0.030794,0.729806542,0.438001901,-0.0317436382,0.73132056,0.435195535,-0.0314630903
4549.999999999994,0.440176517,0.460374922,1.14514073e-007,0.453945607,0.459418386,-0.012742185,0.461996,0.455358028,-0.0200189054,0.460784793,0.45173052,-0.0256418921,0.460899293,0.448131293,-0.031226065,0.445614427,0.444705695,-0.0181451309,0.443082929,0.437413454,-0.0263119843,0.43968308,0.432650298,-0.0319098309,0.435015589,0.428504765,-0.035759937,0.431725681,0.444750965,-0.0160972923,0.423460513,0.436707944,-0.0233075954,0.416798562,0.432296485,-0.0280738398,0.409952313,0.428725898,-0.0315075703,0.421333373,0.44688341,-0.0148244118,0.412347615,0.439261168,-0.0216109529,0.406400561,0.434884161,-0.0256639495,0.400515974,0.431720674,-0.0281534065,0.413555652,0.450264603,-0.0144592384,0.403725147,0.44371736,-0.0207044948,0.396281689,0.440159202,-0.0237342604,0.389417261,0.437448144,-0.0254351534
4566.666666666661,0.695339561,0.442666,1.39288829e-007,0.681396723,0.443417102,-0.0111703714,0.673953533,0.44280529,-0.0182909779,0.668441355,0.438854963,-0.0241869111,0.664356232,0.43598,-0.0293630343,0.691465139,0.451048166,-0.0196882263,0.690195143,0.451179773,-0.0315302424,0.688967884,0.447493911,-0.0376627706,0.686062932,0.441578507,-0.0397443362,0.705881774,0.4482162,-0.0183012076,0.713680506,0.439608395,-0.0323629864,0.716981888,0.430433482,-0.0364096202,0.717200577,0.422082692,-0.0372555107,0.71403116,0.443649739,-0.0176476445,0.719195366,0.433481216,-0.0325901657,0.720949173,0.424536914,-0.0357090235,0.72276032,0.417811424,-0.0342607945,0.716296315,0.43864736,-0.0175111461,0.718569338,0.42993,-0.026206892,0.719480336,0.424458057,-0.0267583765,0.720346928,0.42026937,-0.0251931772
4566.666666666661,0.446227431,0.45984751,1.23197395e-007,0.458820969,0.458452314,-0.0146685652,0.466278285,0.454096,-0.0240080077,0.467488885,0.450561523,-0.0315924324,0.465079784,0.44773373,-0.0390754826,0.446466327,0.444270641,-0.020609647,0.444087446,0.43687579,-0.0297464635,0.44157967,0.432609677,-0.0358652025,0.437284529,0.428506523,-0.0400409065,0.433136344,0.444748431,-0.0184956361,0.427068442,0.436597735,-0.0263085589,0.420846939,0.431953967,-0.0311235357,0.414280593,0.427659571,-0.0348331705,0.423369616,0.447249919,-0.0174402259,0.414618492,0.439576894,-0.0252222605,0.40930149,0.434772938,-0.029395815,0.403953582,0.430526316,-0.0319530666,0.41601336,0.450969636,-0.0174895655,0.405524403,0.444495291,-0.0237466916,0.397926778,0.440581441,-0.0264556743,0.391248286,0.437307715,-0.0282831732
4583.333333333328,0.689803779,0.446407825,1.48258238e-007,0.688206315,0.441867411,-0.00906860922,0.690815508,0.43649447,-0.0176097881,0.692716837,0.429609835,-0.0247635,0.696016,0.423347175,-0.0317840092,0.707934558,0.447060466,-0.0255489368,0.711835861,0.441132903,-0.0379742198,0.712651968,0.433345377,-0.0451446176,0.711921692,0.425864637,-0.0485078171,0.708632886,0.449561894,-0.0245248023,0.713405192,0.440591931,-0.0357498042,0.713962495,0.43455863,-0.0369221903,0.712799788,0.430259824,-0.0375336483,0.704097748,0.450745881,-0.0235461742,0.701917946,0.441599727,-0.0330506489,0.701432705,0.436458945,-0.0305027775,0.70162946,0.434530944,-0.0275264,0.696384549,0.451388717,-0.0232850034,0.691605866,0.445452243,-0.0279671531,0.688820601,0.441696525,-0.0251832549,0.687040031,0.440175444,-0.0227197502
4583.333333333328,0.446166694,0.462057799,1.00967085e-007,0.460779607,0.459457368,-0.0125089576,0.469531566,0.453075707,-0.0189234745,0.469798177,0.447039306,-0.0237725675,0.469219029,0.441815525,-0.0284531061,0.448510259,0.444681644,-0.015900135,0.445245087,0.437353104,-0.0237542912,0.442344517,0.432794183,-0.0291450974,0.438281566,0.428848267,-0.0327516,0.434739798,0.445099503,-0.0139475483,0.426992148,0.436961025,-0.0207210761,0.420643479,0.43244043,-0.0252030846,0.413931787,0.428728282,-0.0284532346,0.424375564,0.447560251,-0.0129974624,0.41568321,0.439832181,-0.0195124447,0.409998178,0.435395747,-0.0233483557,0.404388696,0.432062685,-0.0256994348,0.416820526,0.451200306,-0.0130179692,0.406390637,0.444756746,-0.0189307034,0.398953378,0.441119254,-0.0217992272,0.392004073,0.43815133,-0.0234636739
4599.9999999999945,0.693150461,0.448131,5.5307698e-008,0.691838324,0.44431895,-0.00737869646,0.691909611,0.439264625,-0.0136493919,0.690854847,0.434434712,-0.0191732142,0.690861404,0.429701507,-0.0247277338,0.709149778,0.445353091,-0.0186928604,0.713071644,0.443121195,-0.0285615679,0.711696386,0.439778268,-0.0344803445,0.70994252,0.436178863,-0.03734928,0.708573818,0.449304253,-0.0182371121,0.714717507,0.44571504,-0.0271186177,0.713749,0.443012744,-0.0287567023,0.710196733,0.440575063,-0.0299201813,0.703754,0.45193246,-0.0180602595,0.705761313,0.447976321,-0.0258673541,0.70327,0.445118666,-0.0242551751,0.699187934,0.443319976,-0.0223682821,0.695597053,0.453814566,-0.0185572319,0.692425668,0.450536,-0.0226209871,0.688420713,0.447614729,-0.0203875564,0.684700966,0.445612073,-0.0185481384
4599.9999999999945,0.446967542,0.465407789,7.40310213e-008,0.461461216,0.461890399,-0.0116374893,0.470455974,0.455247909,-0.0176483095,0.471278429,0.449318886,-0.0223540962,0.469564348,0.44418031,-0.02689589,0.448002547,0.446665674,-0.01439719,0.445702195,0.439692408,-0.0218204446,0.443387777,0.435287982,-0.0270842314,0.439742684,0.431176126,-0.0307371989,0.434682041,0.447238237,-0.0131097138,0.426913887,0.439311743,-0.019778857,0.421147436,0.435094237,-0.0242133141,0.414669275,0.431214809,-0.0275055822,0.424576402,0.449760288,-0.0127958348,0.416308403,0.442401081,-0.0192770176,0.410988867,0.438185215,-0.0225378573,0.405329555,0.434380412,-0.0245714318,0.417102069,0.453561097,-0.0134388162,0.406773955,0.447226942,-0.0190818273,0.399497628,0.44360736,-0.021279661,0.392489642,0.440283716,-0.0225648936
4616.6666666666615,0.7015903,0.449514896,7.95848294e-008,0.697081089,0.445997864,-0.00605755346,0.694324493,0.441438556,-0.0107687348,0.694111228,0.436736137,-0.0151262945,0.694131315,0.432437629,-0.0198870227,0.698729336,0.446854919,-0.013376913,0.698921561,0.442464709,-0.0198574774,0.698258758,0.438504457,-0.0240325741,0.698792815,0.434523702,-0.0266781524,0.703680754,0.449350774,-0.0134266242,0.707698643,0.445805848,-0.019685166,0.710871816,0.44235155,-0.0217348747,0.713097,0.439072758,-0.0234951247,0.707540751,0.450749308,-0.013694169,0.712072492,0.447466671,-0.0199831072,0.714879751,0.445058733,-0.0196749158,0.716688335,0.442965686,-0.019089302,0.70963192,0.451403171,-0.0144796614,0.713131,0.448684573,-0.0187420938,0.714848757,0.44673571,-0.0181003492,0.715913415,0.445372909,-0.0174764656
4616.6666666666615,0.449901462,0.46812591,5.78946313e-008,0.463587373,0.464496315,-0.0110211084,0.471878529,0.457903713,-0.0163298976,0.472664058,0.452064604,-0.0205222424,0.470611513,0.447169662,-0.0246250089,0.448571533,0.450493276,-0.0129027609,0.446195036,0.443395466,-0.0194456205,0.443473101,0.439240724,-0.024297744,0.439483434,0.435388744,-0.0277019087,0.435752749,0.45140332,-0.0117073515,0.427636385,0.443738192,-0.0176125132,0.421574622,0.439517677,-0.0219537392,0.415207952,0.435807317,-0.0253053736,0.426029503,0.453863621,-0.011456483,0.417609841,0.446749479,-0.017247634,0.412281215,0.442491621,-0.020477837,0.406794697,0.438767612,-0.0226161946,0.418939143,0.457508296,-0.012164358,0.408507705,0.451270938,-0.017301688,0.401073813,0.447496593,-0.0193829648,0.394001,0.443988532,-0.0206914172
4633.3333333333285,0.710534,0.450024426,7.47497069e-008,0.705131948,0.446860075,-0.00253072404,0.701493561,0.443093449,-0.00542317238,0.700096667,0.439135015,-0.00801727548,0.699118853,0.435480446,-0.0107961111,0.702985644,0.446734428,-0.00879611,0.705078244,0.441949636,-0.013070887,0.707330763,0.438490421,-0.0156045817,0.709850729,0.43571353,-0.0171878487,0.70898968,0.448105246,-0.00946957897,0.712495208,0.44213745,-0.013131205,0.715706766,0.438627511,-0.0139522422,0.71799612,0.435977638,-0.0149067454,0.714217782,0.448787868,-0.0100439172,0.718130469,0.443115979,-0.0137315886,0.720304608,0.439865083,-0.0128822122,0.721754134,0.437410265,-0.0122169415,0.718595743,0.448953092,-0.01075284,0.72175914,0.444239289,-0.0135150924,0.723263443,0.441221058,-0.012630905,0.724262834,0.438998222,-0.0118143437
4633.3333333333285,0.442602903,0.467476875,7.04489054e-008,0.453702509,0.466282278,-0.0120894015,0.460643023,0.461885184,-0.020163957,0.464280665,0.458655715,-0.026997311,0.466053158,0.456193537,-0.0338177234,0.44444415,0.45533365,-0.0188976731,0.443457335,0.449559689,-0.0269595459,0.442188591,0.446764678,-0.0320412815,0.438916266,0.443964869,-0.0354984663,0.432229578,0.455813944,-0.0175343417,0.427734554,0.448643804,-0.0240465589,0.423305809,0.445155978,-0.0274078194,0.418835253,0.442018241,-0.0302985515,0.422517,0.457880586,-0.0170527492,0.415456891,0.450763434,-0.0234218091,0.411298335,0.447026044,-0.0265916865,0.407075763,0.443842739,-0.0287153162,0.414718837,0.460916132,-0.0175130572,0.40531683,0.45494175,-0.0223048385,0.398752421,0.451575607,-0.0242458805,0.392676532,0.448643088,-0.0258324258
4649.999999999995,0.444312841,0.472803295,5.19241325e-008,0.456549704,0.47238788,-0.0144229615,0.464691788,0.468567729,-0.023213245,0.46810329,0.464502454,-0.0303023644,0.468644619,0.460739255,-0.0372515284,0.445970625,0.460007697,-0.020715205,0.44375211,0.454691797,-0.0309075601,0.440840513,0.452980697,-0.037825726,0.436683208,0.452090859,-0.0420511141,0.432727337,0.460680068,-0.018407451,0.425367653,0.454839677,-0.0262404364,0.419810593,0.451796681,-0.0310613308,0.414139718,0.449223369,-0.0349443,0.422948271,0.463126332,-0.0173056759,0.414774835,0.457542807,-0.0243263971,0.409157,0.454206675,-0.0284051951,0.403843582,0.451453477,-0.031340275,0.416040152,0.466612607,-0.0173510071,0.406463802,0.461311281,-0.0232273135,0.399243236,0.45840165,-0.0263477378,0.392465889,0.455943674,-0.0286763348
4666.666666666662,0.71746707,0.454833716,-9.79976207e-008,0.707873,0.456341952,-0.00926545821,0.700302243,0.460696757,-0.0146050341,0.694761634,0.463924885,-0.0191046037,0.688087821,0.465208411,-0.0237683,0.707409859,0.468415588,-0.0120215146,0.712424,0.465161502,-0.0213150587,0.714322627,0.458314747,-0.0287185032,0.714852691,0.451767057,-0.0324953683,0.718134284,0.468252152,-0.0102828695,0.72360605,0.463575214,-0.0180254132,0.726356745,0.456914902,-0.0220402125,0.728104413,0.450624317,-0.0242013503,0.727261901,0.466939569,-0.00953496248,0.733476877,0.463078678,-0.0175713766,0.735800683,0.457317978,-0.018757036,0.736758292,0.451741874,-0.0184296016,0.73484087,0.465369,-0.00946509,0.742477119,0.463697821,-0.0154499141,0.747747362,0.460033,-0.0155008268,0.751292467,0.456916124,-0.0146178193
4666.666666666662,0.448632658,0.465115875,1.19625014e-007,0.448900163,0.466992795,-0.0070501063,0.446999133,0.469097376,-0.0125912847,0.445410281,0.469119191,-0.0176908188,0.444552839,0.468294799,-0.022881601,0.429920077,0.472248405,-0.00826094113,0.420756936,0.469578981,-0.0141550489,0.413201392,0.46690467,-0.0193564314,0.406211972,0.464125574,-0.0230237413,0.424283415,0.471218914,-0.00823073555,0.414059103,0.468085706,-0.0130915912,0.406374514,0.464984238,-0.0167149603,0.399157465,0.461972952,-0.0195491519,0.42082876,0.469912052,-0.00905999634,0.410542101,0.467488647,-0.0139184073,0.403586328,0.464566976,-0.0162714552,0.397312075,0.461733609,-0.0177668538,0.419289917,0.468414932,-0.0106100477,0.410951823,0.466628879,-0.0137683656,0.405262053,0.464437604,-0.014571039,0.399995506,0.462412804,-0.0151784299
4683.333333333329,0.722218037,0.452140927,-3.56734979e-008,0.709213078,0.455778658,-0.00312177674,0.701015651,0.462656707,-0.00461148843,0.694779038,0.468149,-0.00639718259,0.689262033,0.471441031,-0.00821152609,0.711965263,0.465972185,-0.00227020076,0.714650571,0.472988605,-0.00640273327,0.718000114,0.472933471,-0.00972917,0.720447779,0.470081717,-0.011166174,0.72148782,0.465632528,-0.00193355395,0.726528525,0.471872658,-0.00536763249,0.729557,0.470791668,-0.00825564191,0.731714,0.467168689,-0.00984576251,0.729756773,0.465138733,-0.0021279864,0.735490382,0.470949769,-0.00568693504,0.739620149,0.469240695,-0.00739767216,0.74252063,0.46548143,-0.00795327779,0.736422896,0.464497626,-0.00243327906,0.742681086,0.469236314,-0.0048871832,0.747716606,0.468036085,-0.00530566555,0.75137639,0.465309739,-0.00513127912
4683.333333333329,0.441207439,0.466514,5.35108384e-008,0.447360754,0.471349925,-0.00573437475,0.44975543,0.475051016,-0.00859460514,0.450876266,0.477417767,-0.0114669884,0.453951299,0.478786677,-0.014356832,0.433204859,0.472650111,-0.00543493638,0.424361676,0.471657723,-0.0108667295,0.416787,0.470315695,-0.016137993,0.409762532,0.468588203,-0.0197336413,0.430823237,0.472968549,-0.00547517184,0.420600653,0.472175121,-0.00973812304,0.413036495,0.471176744,-0.0128878206,0.406438887,0.469365329,-0.0156088909,0.429872841,0.473586529,-0.00633018324,0.42091462,0.47345522,-0.0107824504,0.414726496,0.472593725,-0.0120239295,0.409439564,0.470947087,-0.0126341218,0.430625707,0.474413633,-0.00793972,0.423916429,0.47394073,-0.0108705303,0.420205623,0.473013,-0.0104629127,0.416624397,0.47148931,-0.0100689353
4699.999999999996,0.718066752,0.45432964,-4.09236236e-008,0.706665576,0.460431576,-0.00309830788,0.699129462,0.468411416,-0.00581064401,0.692517638,0.474389106,-0.00900691282,0.685660779,0.47767356,-0.0128136491,0.708360791,0.471434653,-0.00589788146,0.715254486,0.477662712,-0.0132333925,0.723005652,0.478273839,-0.018786205,0.729681849,0.476313353,-0.0214330088,0.717724562,0.471629918,-0.00652491581,0.725872576,0.477942109,-0.0131567307,0.731689155,0.477085531,-0.017550068,0.736174881,0.473291039,-0.0197016243,0.726100504,0.471396416,-0.00754042435,0.734262407,0.477324426,-0.0131159946,0.740553677,0.475838721,-0.0156334694,0.745412827,0.472016662,-0.0163146704,0.73272562,0.470631629,-0.00866422895,0.740431488,0.475468129,-0.0121916924,0.745957851,0.474912554,-0.0130637633,0.750004,0.472821951,-0.0130132064
4699.999999999996,0.441627562,0.467998296,7.11793788e-008,0.445130706,0.473645359,-0.00444709649,0.44690451,0.479200482,-0.00599264819,0.447546601,0.483221918,-0.0077954256,0.450023085,0.48577103,-0.00926799234,0.433996975,0.479841471,-0.000525712559,0.423204929,0.480730295,-0.00548795704,0.413980603,0.479416102,-0.010388298,0.406193256,0.477639318,-0.0133255767,0.432139486,0.480622292,-0.000447438622,0.41850087,0.481651157,-0.00448878529,0.408620268,0.480729669,-0.00778981065,0.400916576,0.478974313,-0.00995818,0.431400776,0.481259614,-0.00137487589,0.417434454,0.482290596,-0.00536651304,0.408970833,0.481618136,-0.00725506106,0.402764559,0.480078131,-0.00777476374,0.431846201,0.481504798,-0.00294297375,0.420239121,0.482768804,-0.00530223595,0.413702071,0.48261258,-0.00562202604,0.407989711,0.481720388,-0.00538325449
4716.666666666663,0.71463275,0.459154606,8.64342553e-008,0.702673435,0.466711611,-0.00266117,0.693783343,0.475710422,-0.00534100272,0.68523705,0.481195271,-0.00820772722,0.675913572,0.48303467,-0.0116395382,0.702884495,0.474523425,-0.00956259668,0.701051593,0.480200708,-0.0151279625,0.696078658,0.482473522,-0.0189578626,0.690177381,0.484276354,-0.0214094985,0.713448405,0.473853767,-0.0103709763,0.717187226,0.480124533,-0.0156299118,0.718328714,0.483562052,-0.0192906056,0.719520152,0.485803783,-0.0219639,0.72231549,0.473344207,-0.010990764,0.728541255,0.479551226,-0.0157555807,0.733744442,0.481708109,-0.0187969021,0.738614678,0.482797772,-0.0206668843,0.728846848,0.472613722,-0.0116344662,0.736211956,0.477855027,-0.0149936387,0.742569625,0.479624599,-0.0167888645,0.748225152,0.480595618,-0.0180114415
4733.33333333333,0.713491142,0.475236,-2.3678183e-008,0.700574756,0.479421556,-0.00472608907,0.690235257,0.48554939,-0.00920341909,0.68032372,0.487946391,-0.0136371143,0.669387281,0.487158775,-0.0189306159,0.703948557,0.485905141,-0.0129797133,0.707269132,0.487600505,-0.0185238961,0.709907293,0.488146305,-0.0223742388,0.71223712,0.489542812,-0.0250958838,0.717099488,0.485557377,-0.0129276356,0.724779129,0.488338053,-0.0183529165,0.73137784,0.488834679,-0.022171922,0.737136,0.48844716,-0.0253862552,0.728034854,0.484988064,-0.0125182671,0.736837,0.487855136,-0.017936077,0.746085048,0.487460166,-0.0222419929,0.753604412,0.486123621,-0.0252807159,0.735743701,0.483804554,-0.0121132657,0.74473393,0.48588,-0.0157188512,0.753492,0.485671937,-0.0182095356,0.760473728,0.484846711,-0.0203623362
4733.33333333333,0.440014273,0.479780823,8.76031052e-008,0.428941429,0.481486619,-0.00517922733,0.419298291,0.483848751,-0.00860676728,0.412911922,0.485761344,-0.0121914325,0.409269422,0.487640351,-0.0156822987,0.422637105,0.489525229,-0.00583431404,0.413717747,0.490847647,-0.0118627306,0.405939043,0.489719272,-0.0170694385,0.398342907,0.488590807,-0.0203501917,0.431576937,0.491570473,-0.00608200673,0.421082199,0.491791755,-0.0106918663,0.411947101,0.49092561,-0.0136816939,0.4034684,0.489637822,-0.0160127301,0.441401333,0.49261421,-0.00707917707,0.431889117,0.49293679,-0.0113950614,0.423999,0.491945177,-0.0121110165,0.416991174,0.4905909,-0.012341057,0.45245564,0.492871016,-0.0087549733,0.447480112,0.494140655,-0.0114083467,0.443273395,0.493125707,-0.0109462915,0.439044505,0.491660237,-0.0103403125
4749.999999999997,0.715311408,0.476165593,-9.68369296e-009,0.702096462,0.481122166,-0.00498239603,0.691246331,0.487896591,-0.0102799153,0.680649936,0.490974039,-0.0155445216,0.66875577,0.49003306,-0.0216770656,0.705352128,0.488874465,-0.0140688708,0.709040821,0.49015972,-0.0207508393,0.710882723,0.490430355,-0.0253484827,0.712159157,0.491441309,-0.0284046121,0.718734205,0.48860997,-0.0142440731,0.724145055,0.49149707,-0.019823283,0.729392409,0.491838425,-0.0229419637,0.733755708,0.491327345,-0.0257354304,0.730203927,0.487945139,-0.0141967712,0.736728907,0.491348445,-0.0194821283,0.744965494,0.49095276,-0.0225927699,0.751744568,0.489920676,-0.0249367096,0.738926053,0.48659718,-0.0143284304,0.746993,0.489127249,-0.0178463608,0.754876375,0.488332301,-0.0195861235,0.761627,0.48741132,-0.0211951975
4749.999999999997,0.435041308,0.48326382,9.71892575e-008,0.447059602,0.485687912,-0.00803907495,0.454186767,0.490550131,-0.0131758843,0.457532555,0.493846238,-0.0173125695,0.46136713,0.496227086,-0.0218186285,0.439437091,0.491494656,-0.0121320644,0.434571087,0.494222611,-0.0170107782,0.429508537,0.494894296,-0.0207916237,0.423119128,0.495288223,-0.0235272907,0.429240108,0.490259647,-0.0114010731,0.419490963,0.492844969,-0.0162220448,0.410259515,0.493701518,-0.0198400114,0.400704116,0.493729413,-0.0228674076,0.421658069,0.489418954,-0.0111027509,0.411043853,0.491685361,-0.0166407172,0.402163267,0.49213174,-0.0201914907,0.393604,0.491950601,-0.022576008,0.416233331,0.488551974,-0.0112620769,0.407631695,0.490279108,-0.0155553836,0.400939018,0.490795434,-0.0173825081,0.394226909,0.490806252,-0.0189125054
4766.666666666664,0.714798093,0.478351116,-9.12906639e-009,0.700947,0.48346442,-0.00345750432,0.690277696,0.489501059,-0.00823334698,0.680503607,0.492230892,-0.0132628605,0.669567883,0.491674334,-0.0191229545,0.7053774,0.490720958,-0.0124011077,0.707835436,0.492308,-0.0179852583,0.708071411,0.492243737,-0.0216467343,0.70823741,0.49271965,-0.0241882689,0.718735397,0.490304649,-0.0133176716,0.721464396,0.492750198,-0.0174918361,0.722920597,0.493315399,-0.0193895716,0.724135518,0.492806703,-0.0216755345,0.730392873,0.489427716,-0.013991856,0.735902429,0.492560416,-0.0184531137,0.741883576,0.49278447,-0.0207016058,0.746370137,0.492407024,-0.0228105932,0.739375472,0.488055706,-0.014776893,0.748589396,0.490427583,-0.0184446238,0.757088602,0.490030438,-0.0200978816,0.763984859,0.489689469,-0.0217428915
4766.666666666664,0.436049581,0.483605206,9.87830617e-008,0.448678315,0.486990422,-0.00738678267,0.455072701,0.492343783,-0.011905509,0.457459897,0.495354503,-0.0155902794,0.460857,0.496965677,-0.0196849927,0.438563973,0.492507875,-0.0115178311,0.432322472,0.495499521,-0.0156465154,0.427401453,0.496450186,-0.0188662428,0.420923412,0.497311592,-0.0213825405,0.426682025,0.491339386,-0.0110683227,0.415236,0.493753493,-0.0150780128,0.405539632,0.494851232,-0.0186822154,0.39495647,0.49539274,-0.022010738,0.418507069,0.490582407,-0.0109038716,0.40588817,0.492782414,-0.0160191711,0.396229416,0.493409634,-0.0201354306,0.386686862,0.49352169,-0.0231357384,0.413241744,0.489834934,-0.0110911606,0.402514696,0.491346568,-0.0150689827,0.394763172,0.49190861,-0.0171323307,0.386912644,0.492178261,-0.0189979561
4783.333333333331,0.71511209,0.479636669,-2.77084204e-008,0.701647878,0.484755874,-0.00400349172,0.691351,0.490811288,-0.00906539895,0.68073678,0.492967874,-0.0144431591,0.66874063,0.491626263,-0.0205735266,0.705792785,0.49209553,-0.0128696952,0.707949817,0.492454,-0.0195175111,0.708729446,0.491872311,-0.0238806661,0.709924221,0.491927773,-0.0267053302,0.719404042,0.492010057,-0.0137222968,0.722265124,0.49357295,-0.0189165305,0.724122167,0.493583739,-0.0211676136,0.725997686,0.492737889,-0.0234475899,0.731089115,0.491202861,-0.0144549608,0.736856461,0.493455052,-0.0195270125,0.742467403,0.493098378,-0.0217730757,0.747035861,0.492578238,-0.0236701407,0.740040898,0.489691824,-0.0153977433,0.748774409,0.491842717,-0.0193063244,0.756768882,0.491192043,-0.0209009163,0.763679147,0.490774304,-0.0224330742
4783.333333333331,0.436793745,0.484273076,1.29040131e-007,0.449173778,0.4880279,-0.00934686419,0.455658168,0.49348554,-0.0151749477,0.457125634,0.496284246,-0.0198460761,0.459159523,0.497300446,-0.0247779787,0.436356515,0.494051367,-0.0130447876,0.42948,0.496532917,-0.0183809828,0.423963755,0.497205943,-0.0224151593,0.416955441,0.49767229,-0.025292512,0.42473942,0.492444,-0.0119860768,0.411550015,0.494802147,-0.0173304919,0.400531739,0.495723665,-0.0212061238,0.388729542,0.495898157,-0.0243677944,0.417352885,0.491650909,-0.0115417941,0.40373075,0.493887484,-0.0178069882,0.392865807,0.49421522,-0.0222728606,0.381977737,0.493936837,-0.0250821672,0.413171262,0.491064876,-0.0115944501,0.401446521,0.492416531,-0.0160582624,0.392581969,0.49314189,-0.0182729028,0.383592546,0.493689924,-0.0200528838
4799.999999999998,0.713571131,0.47854194,-2.74912466e-008,0.70101887,0.483226478,-0.00306601799,0.690952122,0.490126729,-0.00668864092,0.68135047,0.493153453,-0.0104692662,0.6704126,0.492118061,-0.0151973553,0.702456713,0.49116829,-0.0105607,0.706483305,0.493652672,-0.0157154053,0.710116088,0.494291127,-0.0193096846,0.713290095,0.494728476,-0.0216792393,0.715590775,0.490683943,-0.0114167016,0.721634448,0.493948251,-0.0156991798,0.727061272,0.495055318,-0.0186555479,0.73205924,0.495040834,-0.0214552023,0.727113307,0.489713162,-0.0120689301,0.735158682,0.493153721,-0.016777223,0.744064689,0.493775308,-0.020222744,0.751152337,0.493411094,-0.0229098629,0.736454964,0.48793,-0.0126422122,0.745925546,0.490778595,-0.016211655,0.754795909,0.491333,-0.0183999855,0.761893153,0.491546,-0.0203575306
4799.999999999998,0.437185168,0.483413517,9.61667581e-008,0.44933334,0.487626195,-0.00834776461,0.455239236,0.492565364,-0.0133202188,0.457514375,0.495414913,-0.0175277069,0.459342,0.496563613,-0.0221617017,0.43836686,0.493529618,-0.0124542639,0.431378186,0.496137351,-0.0180144,0.424942136,0.496785223,-0.0223044343,0.417049319,0.497372776,-0.0253289025,0.426478833,0.493064135,-0.0116257323,0.412788,0.494413197,-0.0174992159,0.402134359,0.494935662,-0.0223399345,0.390789449,0.4950248,-0.0260835774,0.418133855,0.492795378,-0.0111722946,0.403393894,0.49402523,-0.0179317836,0.393092215,0.494608074,-0.0231692716,0.38289,0.494686753,-0.0264199339,0.412825257,0.492122531,-0.0111487824,0.400417179,0.492985696,-0.0162488781,0.39184159,0.493472129,-0.0190340895,0.38306576,0.493595421,-0.0210492611
4816.666666666665,0.71439451,0.478417754,-1.91590335e-008,0.701144099,0.483672976,-0.00477563916,0.690663517,0.489950746,-0.0100100394,0.679881,0.492412448,-0.0152216181,0.668050408,0.491786718,-0.0212181453,0.704332471,0.490887642,-0.0146756181,0.707239032,0.492355883,-0.0214843825,0.708404541,0.492546201,-0.026054401,0.709207177,0.493225217,-0.0290064402,0.717641711,0.490441978,-0.0149386544,0.722184479,0.49323073,-0.0203212108,0.726318121,0.493922561,-0.0233725347,0.729495,0.493446857,-0.0263503958,0.728848636,0.489682853,-0.0149344793,0.734819591,0.492748022,-0.0200787261,0.742328286,0.492611676,-0.02324594,0.747868657,0.491746455,-0.0258389562,0.737359464,0.488228321,-0.0150853824,0.746393621,0.490592331,-0.0184608307,0.754844129,0.490489125,-0.0203128699,0.76135391,0.490110815,-0.022198597
4816.666666666665,0.436323375,0.483867854,1.17175041e-007,0.448831916,0.487299,-0.0100078331,0.454938114,0.492477775,-0.0161035433,0.456451863,0.495194972,-0.0209491812,0.460132688,0.495428,-0.0261599924,0.436011761,0.492583841,-0.0141595853,0.430304825,0.49449873,-0.0198531598,0.424278498,0.495058119,-0.0241134148,0.416426927,0.49525556,-0.0271996558,0.423867166,0.491590232,-0.0127355466,0.410910577,0.493354,-0.0180957317,0.400270879,0.494378984,-0.0220498834,0.388695538,0.494503379,-0.0255301669,0.415982246,0.491244316,-0.0119284596,0.401726,0.492917269,-0.0181616656,0.391289,0.493555665,-0.0229247175,0.380669057,0.493475527,-0.0261578225,0.41159451,0.490969807,-0.0117036123,0.399091929,0.491981387,-0.0161794312,0.390143543,0.49278909,-0.0188364107,0.380991668,0.493253559,-0.0211298931
4833.333333333332,0.714209497,0.479195923,-1.63925531e-008,0.701011777,0.483340085,-0.00696351239,0.690043747,0.488802642,-0.0134976283,0.678398728,0.490803272,-0.0197669417,0.666861415,0.490134239,-0.0267115366,0.704199255,0.490321517,-0.0185180847,0.705811858,0.491598368,-0.027074581,0.705138,0.490640044,-0.0326280929,0.705192804,0.490427852,-0.0359884128,0.717610419,0.490068555,-0.0181229487,0.721306801,0.492787212,-0.0248185,0.724066556,0.49275431,-0.028407665,0.726605833,0.491619825,-0.0316860937,0.728930295,0.4894,-0.0175728742,0.734926641,0.492229611,-0.0237280261,0.741289496,0.491440088,-0.0272794962,0.74649632,0.489889413,-0.0300118327,0.737520814,0.487894684,-0.0173445418,0.746475697,0.490497887,-0.0210896712,0.754244864,0.490268767,-0.0230537411,0.76046145,0.489581436,-0.0250769649
4833.333333333332,0.435500383,0.483642578,1.06020359e-007,0.448182851,0.487165868,-0.00937190838,0.455013365,0.492216378,-0.0151240183,0.457887858,0.494672269,-0.0195215158,0.461353153,0.495104074,-0.0239342526,0.436113268,0.491906911,-0.0134005379,0.42981407,0.493240386,-0.0182785653,0.424236685,0.494016349,-0.0218405854,0.417190135,0.49480179,-0.0244237669,0.424759984,0.490956157,-0.0119056394,0.413113296,0.492372572,-0.0163554698,0.403149694,0.493334472,-0.0190244578,0.392350107,0.493513286,-0.0214445014,0.417372108,0.490871966,-0.0110204723,0.404919744,0.492359966,-0.0163240824,0.394836754,0.492814183,-0.0198783707,0.384431332,0.492649734,-0.0221569315,0.413187623,0.491013557,-0.0107456725,0.401650399,0.492082924,-0.0147111071,0.392669261,0.49267292,-0.0167833399,0.383611441,0.492980778,-0.0185027886
4849.999999999999,0.713710487,0.479427099,-3.75721783e-008,0.701090276,0.48317042,-0.00790781341,0.690377355,0.488698453,-0.014443906,0.678586245,0.490341842,-0.0208701529,0.666462123,0.488915652,-0.0277574118,0.704191804,0.490519315,-0.0163344909,0.705147207,0.491576463,-0.0255887341,0.706551313,0.490135133,-0.0320363604,0.708802,0.488719404,-0.0357279517,0.717905402,0.490492821,-0.0156220486,0.72158438,0.492900938,-0.0230362508,0.725353658,0.491894841,-0.0271331202,0.728711486,0.489684016,-0.0303412657,0.729614496,0.489970148,-0.0151772657,0.735132217,0.492558062,-0.0214450285,0.741158426,0.490957141,-0.0251013339,0.746180892,0.488527924,-0.0275901631,0.738627911,0.488395751,-0.0152843948,0.746531487,0.490863502,-0.0186122805,0.7537449,0.490365505,-0.0205761567,0.759888768,0.48934719,-0.0225358102
4849.999999999999,0.436933696,0.482151031,9.75737251e-008,0.448788971,0.486590475,-0.00846495386,0.455252141,0.491925597,-0.0137418974,0.458359361,0.493880481,-0.0182817578,0.462156296,0.493479252,-0.022931464,0.437819362,0.49099341,-0.010188519,0.430615902,0.49158591,-0.0153151453,0.424417824,0.491983145,-0.0194524098,0.41726619,0.492830455,-0.0225418787,0.42652148,0.49023816,-0.0095043676,0.416864336,0.491036981,-0.0139563987,0.408423215,0.491910756,-0.0168805607,0.399195552,0.492601037,-0.0195765402,0.418290645,0.489849031,-0.00970920827,0.407256246,0.490792632,-0.0146199446,0.399472952,0.491360545,-0.0173793659,0.391420424,0.491593421,-0.0191626884,0.413007945,0.489482135,-0.0107018473,0.401204854,0.490572453,-0.0137413731,0.392877281,0.491520405,-0.0149914548,0.384562939,0.492236257,-0.016288504
4866.666666666666,0.715062082,0.48224476,-7.74226478e-008,0.70040679,0.485261589,-0.00737390388,0.688441813,0.489788026,-0.0137840491,0.677256227,0.48981449,-0.0202278905,0.666840732,0.487498313,-0.0270791911,0.703087926,0.492350847,-0.0153639391,0.704077244,0.491639614,-0.0253862794,0.706317663,0.488602847,-0.0326351039,0.709376693,0.485211313,-0.0364217497,0.717551887,0.492892623,-0.0147359604,0.721657813,0.492448092,-0.0222640261,0.726222813,0.48995623,-0.0269793607,0.730112791,0.486338943,-0.03055178,0.729547083,0.492813498,-0.0144032231,0.735012233,0.492784,-0.0204321891,0.740790665,0.490140259,-0.0243712477,0.745376468,0.48687911,-0.0269746426,0.738838136,0.491881549,-0.014604154,0.746885061,0.492584378,-0.0173976496,0.753825,0.491392195,-0.0189580638,0.759310484,0.489757478,-0.0205548424
4866.666666666666,0.438382626,0.48405391,1.14823173e-007,0.449347824,0.488484025,-0.00906158146,0.45514223,0.492557317,-0.0150536783,0.458060622,0.493682861,-0.0205286983,0.462206483,0.492528,-0.0263154041,0.435906,0.489369512,-0.0111312466,0.424386919,0.489002496,-0.0178537685,0.414974,0.489547,-0.0230235383,0.406469822,0.490216434,-0.0267565735,0.42483151,0.48942098,-0.0106766773,0.41317746,0.489596635,-0.0163868628,0.404316247,0.490417838,-0.0197882168,0.395970553,0.490834951,-0.0228277016,0.416506797,0.489604801,-0.0112292171,0.40462932,0.490710258,-0.0170033053,0.396716774,0.491664618,-0.0194058046,0.389150321,0.492074579,-0.0209697336,0.411263227,0.489831507,-0.0127124265,0.400160104,0.490692735,-0.0165446941,0.392860532,0.491700441,-0.0175885838,0.385527343,0.492391437,-0.0186418593
4883.333333333333,0.715083718,0.488076061,-4.31645937e-008,0.702064931,0.489635706,-0.0056917388,0.691836178,0.491258204,-0.0113172131,0.682962179,0.490661353,-0.017105097,0.674093843,0.48906365,-0.0236618556,0.70435226,0.490725905,-0.0128852967,0.707549453,0.490942627,-0.0204479024,0.710557,0.49036175,-0.0259412639,0.713880241,0.489988476,-0.0290775839,0.715689421,0.490834743,-0.012681013,0.722960413,0.491927624,-0.0193620753,0.729082286,0.490900069,-0.0234161671,0.734500706,0.489375353,-0.0263977088,0.725221,0.491507173,-0.0125596328,0.733024299,0.492886692,-0.0188600663,0.740738,0.491626501,-0.0220585987,0.74689734,0.49006477,-0.0238728169,0.732586086,0.492107868,-0.0126730958,0.7406708,0.493445367,-0.0162548535,0.747919321,0.493004352,-0.0175170861,0.753775716,0.492325306,-0.0186180901
4883.333333333333,0.441135406,0.487100273,1.00794772e-007,0.443445653,0.490362734,-0.0129511477,0.441002905,0.491742343,-0.0218250267,0.437006742,0.492158264,-0.0288526,0.436082065,0.492530227,-0.0359805636,0.430086315,0.489162743,-0.0232002698,0.420628577,0.488587826,-0.0329944603,0.4130238,0.489262104,-0.0394449532,0.406418145,0.490907192,-0.0440724753,0.425028116,0.48978138,-0.0210360568,0.415090203,0.48835966,-0.0307958033,0.407997966,0.488251507,-0.0351603776,0.400964826,0.48914215,-0.038530577,0.421966046,0.489939511,-0.0194718782,0.411336958,0.488731056,-0.0281855464,0.403936267,0.488907248,-0.0306425057,0.397083342,0.48999396,-0.0322106928,0.42077437,0.490013897,-0.0189517047,0.410859227,0.488682866,-0.0252867918,0.404419392,0.488848388,-0.0273672268,0.398321927,0.489314914,-0.029082479
4900.0,0.716371894,0.492109925,-6.5910335e-008,0.701372862,0.492945582,-0.00485407608,0.690127671,0.493384123,-0.010317497,0.679849386,0.49138996,-0.0162323508,0.670456827,0.488864124,-0.0228460915,0.704812944,0.492513329,-0.0125929341,0.707057476,0.492211,-0.0202483069,0.709797859,0.490392566,-0.0259864386,0.712669253,0.488885939,-0.0292718317,0.717286706,0.492762864,-0.0129162977,0.721851528,0.492715269,-0.0185808893,0.727166116,0.491344839,-0.0222840533,0.731290221,0.489785492,-0.0256368835,0.727472782,0.493665844,-0.0132338656,0.732326865,0.494032294,-0.0186248571,0.739081502,0.492672205,-0.0217244104,0.744262636,0.491330177,-0.0240082275,0.735417,0.49451682,-0.0138139399,0.741680384,0.495141268,-0.0165332425,0.748654306,0.494680345,-0.0173951257,0.75437367,0.494208187,-0.018634608
4916.666666666667,0.717132092,0.488787919,-5.93763296e-008,0.702627778,0.491993189,-0.000516195,0.690162718,0.494616032,-0.00420998968,0.678548217,0.494031876,-0.00885960553,0.668207467,0.491207689,-0.0141227273,0.699541271,0.491919309,-0.00760422088,0.701945484,0.494502097,-0.0139187593,0.704245031,0.493668497,-0.0183453411,0.705711424,0.491437256,-0.0204555765,0.7119326,0.491342962,-0.00928765349,0.715286553,0.495985597,-0.0137293478,0.717958152,0.495632231,-0.0156693645,0.719865859,0.493377954,-0.0172752235,0.72355932,0.491611272,-0.0107515072,0.728504658,0.496243656,-0.0137669612,0.733401537,0.496397197,-0.015134857,0.736945927,0.495208234,-0.0162637681,0.733655035,0.492157102,-0.0121832471,0.740522921,0.495517552,-0.0132708484,0.7469365,0.496483564,-0.0135262236,0.752242744,0.496630698,-0.0143204611
4916.666666666667,0.439295202,0.489396602,2.87431234e-008,0.425086349,0.491631538,-0.00770084746,0.410949618,0.49285984,-0.0115337,0.400727808,0.495103151,-0.0146552352,0.394589722,0.498652697,-0.0189344138,0.420808315,0.491723359,-0.0148451691,0.419714659,0.489531,-0.0218884628,0.416917533,0.488801271,-0.0277535599,0.412677258,0.488464534,-0.0322568156,0.432827324,0.492716223,-0.0147903366,0.436299175,0.490246356,-0.0221380647,0.440608382,0.488652855,-0.0267305933,0.443197,0.487654775,-0.0307769142,0.443978339,0.493424058,-0.01486855,0.450142175,0.49251613,-0.0229191873,0.457921922,0.491295755,-0.0239420552,0.462622166,0.489940971,-0.0245454647,0.45364058,0.49386543,-0.0155670531,0.460890144,0.493340731,-0.0219249707,0.466681212,0.492213577,-0.0221814793,0.470075488,0.490925282,-0.0222924203
4933.333333333334,0.716003716,0.494360507,-2.67900226e-008,0.702383161,0.496219158,-0.00430648401,0.691215813,0.498154104,-0.00935730524,0.681783199,0.49754563,-0.0146289468,0.673080087,0.496041626,-0.0201438833,0.701769412,0.498408735,-0.0135196382,0.701856554,0.498085678,-0.020308204,0.700101137,0.49600172,-0.0252011064,0.698239565,0.494365185,-0.0283460077,0.713438928,0.498571634,-0.0140007269,0.713447213,0.497855961,-0.0189299062,0.711976588,0.496388823,-0.0210971776,0.710307419,0.494532973,-0.0236308966,0.724430382,0.499086082,-0.014384781,0.726802289,0.498898268,-0.018408427,0.726706564,0.497767389,-0.0192832928,0.726077914,0.496345401,-0.0205173753,0.7348755,0.499566346,-0.0151797207,0.740157604,0.500117362,-0.0174559243,0.74298054,0.49951008,-0.0177949518,0.744561374,0.498711646,-0.0186751876
4933.333333333334,0.436369777,0.496998578,2.16543e-008,0.42201069,0.498942614,-0.00645016646,0.410441,0.497330368,-0.0101820417,0.40217948,0.498165131,-0.0136961369,0.398996532,0.501437485,-0.0181574021,0.42337954,0.492223859,-0.0130887851,0.420209765,0.489231437,-0.0202493202,0.417306304,0.490261436,-0.0267700218,0.414746225,0.491719842,-0.0318279564,0.435369492,0.492634535,-0.014578348,0.434987396,0.487097144,-0.0224699937,0.436976135,0.487100482,-0.0273471233,0.437428832,0.488139182,-0.0317675881,0.446628213,0.493978292,-0.0161050372,0.449529797,0.490662247,-0.0245177019,0.455307,0.489698708,-0.0249403697,0.457768977,0.489590287,-0.0252256058,0.456962824,0.496518284,-0.0183286723,0.464033812,0.493824303,-0.0248217322,0.46877557,0.493016541,-0.0243861023,0.471128345,0.492668927,-0.0241306946
4950.000000000001,0.715400159,0.500297546,-1.93969587e-008,0.702340841,0.501416266,-0.00317204674,0.691038847,0.50214237,-0.00731912674,0.680439413,0.502075136,-0.0116519965,0.670141935,0.499851435,-0.0168942772,0.704674423,0.499667078,-0.012194409,0.706361,0.500133157,-0.0169176739,0.705363214,0.499454886,-0.0209370647,0.703779697,0.498650312,-0.0238169432,0.717249334,0.50031805,-0.0128771868,0.721284032,0.50012815,-0.0152181024,0.721707284,0.500556707,-0.0171950739,0.721579969,0.500392079,-0.0205175821,0.727617502,0.501392305,-0.0131425858,0.732301474,0.502096117,-0.0152537106,0.734163761,0.502782881,-0.0159882121,0.73462528,0.502966225,-0.0180139989,0.735504448,0.502511263,-0.0137025621,0.742194057,0.503694952,-0.0148171568,0.746650457,0.504774392,-0.0143778827,0.749754429,0.50552237,-0.0152419265
4950.000000000001,0.439532,0.498681128,3.20512683e-008,0.424496084,0.499284536,-0.00653445674,0.413506448,0.497736812,-0.0107290912,0.405904919,0.500534952,-0.0144326044,0.403565943,0.505734682,-0.0189908147,0.426214814,0.49313578,-0.0156335011,0.421975017,0.491043597,-0.0227356795,0.41857183,0.492240906,-0.0284823682,0.415307283,0.494687051,-0.0325751156,0.438315839,0.49403289,-0.0156352594,0.437504143,0.490178138,-0.0217074435,0.438340753,0.489917338,-0.0246778186,0.438918352,0.490966,-0.0280779563,0.449261665,0.495606184,-0.0155146876,0.451486915,0.492795676,-0.021653777,0.45511207,0.491838902,-0.0213305242,0.457605302,0.491689175,-0.0216845479,0.458427608,0.497715145,-0.0160388555,0.464395851,0.494509399,-0.0206174664,0.468909144,0.493463814,-0.0201231167,0.472223103,0.493176132,-0.0200978573
4966.666666666668,0.716183305,0.501978338,-4.464904e-009,0.703026474,0.503095865,-0.00314453221,0.691738844,0.503995836,-0.00805319939,0.682334125,0.504297554,-0.0134420013,0.671528,0.503092825,-0.0196305458,0.706539094,0.498940349,-0.0122184949,0.706322432,0.501264,-0.0176906697,0.705434322,0.503641427,-0.0217985325,0.704043865,0.506527185,-0.0248736236,0.719011426,0.498729289,-0.0134009765,0.720238924,0.502386808,-0.0170602389,0.721106,0.505682886,-0.0188518558,0.722323418,0.509164453,-0.0216970965,0.728881538,0.5003196,-0.0143247209,0.731551707,0.504685342,-0.0177116673,0.733435333,0.508170784,-0.0183218718,0.735391319,0.511577964,-0.0198058188,0.735630691,0.502348959,-0.0155856367,0.741171777,0.506269693,-0.0173860155,0.744730532,0.509026468,-0.0168857519,0.748094797,0.511390328,-0.0176511854
4966.666666666668,0.440806985,0.492561758,6.46731735e-008,0.452142864,0.494332016,-0.00736094126,0.46039027,0.496247292,-0.0129780034,0.466518909,0.497147173,-0.0177423544,0.472502321,0.497606,-0.0227409229,0.446667373,0.492651016,-0.0146128442,0.441988438,0.494870335,-0.0195883214,0.440026402,0.497212529,-0.0228441805,0.438817978,0.500816464,-0.0251254719,0.436329305,0.492362,-0.0141590936,0.426646382,0.495331049,-0.0181239676,0.422182053,0.498572707,-0.0199876819,0.418721557,0.50225544,-0.0222138781,0.428343922,0.493390292,-0.0138739375,0.418307066,0.496626854,-0.0190255214,0.414108127,0.500171661,-0.0204325207,0.41134426,0.504146636,-0.0213823,0.422929704,0.495232135,-0.0139693441,0.414114833,0.498776793,-0.0174535587,0.410044461,0.502935469,-0.017590683,0.406952679,0.50759089,-0.0181468315
4983.333333333335,0.718917906,0.49570781,3.06480636e-008,0.705158,0.498659939,-0.00652967952,0.692681193,0.50434649,-0.0115978625,0.682070374,0.507864594,-0.0161210131,0.671178102,0.507486701,-0.020932829,0.708734572,0.506105,-0.0130582517,0.705795288,0.512004614,-0.0180861708,0.705277681,0.515600801,-0.0211771671,0.705156267,0.519097865,-0.0234800857,0.720987,0.507021427,-0.0124687152,0.72229892,0.513906,-0.0163099617,0.72454,0.518441319,-0.0177082475,0.726882637,0.522307396,-0.0194223449,0.730272412,0.507381201,-0.011975226,0.732437134,0.51480931,-0.0152555062,0.734060824,0.518368602,-0.0161581486,0.735501528,0.521130443,-0.0171175916,0.736542583,0.507097,-0.0120485006,0.742665112,0.51259762,-0.0143832201,0.746387661,0.51625514,-0.0148760239,0.749255717,0.519201577,-0.01555009
4983.333333333335,0.447376817,0.486578912,6.07600441e-008,0.459599495,0.491686285,-0.00342985243,0.467111856,0.497281104,-0.00698468694,0.471083462,0.500066876,-0.0102169616,0.473124176,0.501340032,-0.0135762114,0.449987024,0.496179879,-0.00937324669,0.439164549,0.501550138,-0.0119422944,0.436105937,0.505560338,-0.0128720254,0.4345842,0.509887815,-0.0136498855,0.441123903,0.49520871,-0.0102045452,0.430701226,0.500782728,-0.0135481246,0.427886814,0.505850255,-0.0147384852,0.426989883,0.510663271,-0.0160284229,0.434520662,0.495593548,-0.0110131139,0.421474069,0.502088606,-0.015623563,0.416717678,0.508496881,-0.0176393278,0.414453655,0.514215469,-0.0187659208,0.430662394,0.496858478,-0.0117110992,0.418881,0.503116965,-0.0158056114,0.413173229,0.508915722,-0.0171741471,0.4090873,0.514541924,-0.0181450155
5000.000000000002,0.720287859,0.49817,1.12254945e-007,0.705426455,0.502106428,-0.00523741776,0.69287616,0.50804925,-0.00927055534,0.681735218,0.511725426,-0.0128771067,0.671010613,0.512265,-0.0168213602,0.708728909,0.512923062,-0.0105927363,0.706429839,0.520128846,-0.014917206,0.706167698,0.525176883,-0.0178468078,0.706502438,0.529810786,-0.0200335588,0.720527589,0.513917446,-0.0104896482,0.722253442,0.52226156,-0.01419889,0.724556088,0.528190136,-0.0162621737,0.726875603,0.53340435,-0.0181516223,0.729672492,0.51382792,-0.0104413023,0.731904209,0.521920681,-0.0136745647,0.734093785,0.527420163,-0.015514899,0.736116946,0.532129169,-0.0168649666,0.736324668,0.512709141,-0.0108163618,0.742026567,0.519474387,-0.0137550915,0.745764196,0.524323106,-0.0149740689,0.748593569,0.528366446,-0.0157477576
5000.000000000002,0.446173549,0.489443749,1.16406589e-007,0.458218068,0.492850065,-0.0100441128,0.466075063,0.498218328,-0.01656886,0.470006645,0.503237188,-0.0208504293,0.47101739,0.507912517,-0.0247665364,0.449183285,0.499210149,-0.0204574447,0.442130625,0.506791592,-0.0267691743,0.440312922,0.512917876,-0.0294557512,0.439663708,0.518179655,-0.0307077225,0.436915219,0.498823971,-0.0182048623,0.42651698,0.508328378,-0.0241525918,0.42354086,0.516498,-0.0263680089,0.422307879,0.522894,-0.0278947949,0.429650933,0.499413222,-0.0159955621,0.418939292,0.508171916,-0.021717703,0.415828317,0.515760124,-0.0245892908,0.41457358,0.52195549,-0.0260584839,0.426926613,0.500600159,-0.0141099552,0.417509437,0.507166803,-0.0189388227,0.413615912,0.513061047,-0.0210474581,0.411976159,0.518172145,-0.0221183784
5016.666666666669,0.719703436,0.500525653,1.52472751e-007,0.704960227,0.505298674,-0.00567871099,0.692536652,0.51084435,-0.0101835867,0.681961715,0.514786422,-0.0144605907,0.671162367,0.51558584,-0.018825978,0.708432198,0.520975173,-0.00753690721,0.706553221,0.529871643,-0.0119972872,0.70600903,0.535670519,-0.0155895688,0.705741644,0.54046762,-0.0182411578,0.720503092,0.521755636,-0.00780201145,0.723319709,0.531671107,-0.011764965,0.725124717,0.538159609,-0.0147740692,0.72665441,0.543512106,-0.0170532074,0.729904413,0.520918906,-0.00847961381,0.732674241,0.530406773,-0.0121810474,0.733816803,0.536604285,-0.0148478579,0.734682202,0.541704178,-0.0165388416,0.736980855,0.519046843,-0.0096497247,0.741755724,0.526710749,-0.0131676132,0.744600356,0.531942129,-0.0148145435,0.746800601,0.536441088,-0.0155616933
5016.666666666669,0.444669276,0.494342089,1.06914072e-007,0.457293272,0.498217314,-0.0105430186,0.466380626,0.503715932,-0.0172573719,0.471113294,0.508725405,-0.0216170903,0.472092688,0.513174057,-0.0256328192,0.448631525,0.504877567,-0.0213716719,0.443606138,0.513604641,-0.0283669345,0.442050636,0.52055943,-0.0315142944,0.441344678,0.526246786,-0.0329591744,0.436663508,0.504449904,-0.0187293962,0.428892225,0.513910949,-0.0251597464,0.426982373,0.522075891,-0.0275218543,0.426585793,0.528426468,-0.028905239,0.429618895,0.504873335,-0.0161322262,0.422593713,0.513658,-0.0219248142,0.420198053,0.521136403,-0.0245870966,0.419394761,0.526991785,-0.0257041026,0.427171767,0.505928874,-0.0139518818,0.421364486,0.513305068,-0.0188956521,0.418906152,0.519351363,-0.0209010541,0.418030739,0.524329841,-0.0216258857
5033.333333333336,0.720564127,0.504536152,1.63909434e-007,0.704825521,0.507953227,-0.00736244675,0.692192852,0.513127804,-0.0129142767,0.681883514,0.517540276,-0.0177611317,0.67228204,0.519207299,-0.022576781,0.707752526,0.525103033,-0.0114624947,0.706044436,0.53540045,-0.0173945352,0.705928087,0.542036593,-0.0215628501,0.7059111,0.547644556,-0.0243444722,0.719668269,0.526555657,-0.011313241,0.722617745,0.538070619,-0.0164482165,0.724634647,0.54575,-0.0198768079,0.726011395,0.551921427,-0.0222545024,0.728994191,0.52622056,-0.0115134129,0.731833041,0.537031651,-0.0160285924,0.73286593,0.544400334,-0.0191529188,0.733372331,0.55021441,-0.0210297294,0.735916197,0.524435639,-0.0122620398,0.740107358,0.532948256,-0.0163258929,0.742402315,0.538898289,-0.018122036,0.743695,0.543833137,-0.0188577231
5033.333333333336,0.445488662,0.497814387,1.06902412e-007,0.460577786,0.501621306,-0.0105745951,0.469400465,0.507733107,-0.0168198589,0.471758842,0.513785481,-0.0207112692,0.471850127,0.519480228,-0.0241983011,0.449714303,0.510868251,-0.0187328402,0.444974482,0.520741,-0.0251125284,0.443346411,0.527528882,-0.0283640642,0.442480594,0.533012033,-0.0299286265,0.437793672,0.510416448,-0.0159364715,0.432102,0.520786226,-0.0215633549,0.430757791,0.528315485,-0.0239800811,0.43020016,0.534239352,-0.0253593847,0.430553317,0.510350704,-0.0133429309,0.424891204,0.51970315,-0.0184177849,0.42348823,0.526720405,-0.0206397884,0.422984749,0.53220588,-0.02151745,0.427675366,0.510696054,-0.0112519423,0.42307952,0.518393874,-0.0155966543,0.42161414,0.524249852,-0.017091589,0.421153873,0.529020369,-0.0174125172
5050.000000000003,0.719785571,0.508060396,1.76835556e-007,0.702395618,0.511130035,-0.00784058683,0.690109193,0.515953958,-0.0138681708,0.681168854,0.520740628,-0.0189929772,0.672335565,0.522509575,-0.0240657292,0.705928683,0.529476047,-0.012308971,0.705132663,0.540770292,-0.0182780027,0.705275655,0.5477373,-0.0224585738,0.705344856,0.553435624,-0.0251781158,0.718485475,0.530570567,-0.0117842052,0.72143805,0.543327451,-0.0171960797,0.72317344,0.551888883,-0.0210506618,0.724170268,0.558621705,-0.0236664917,0.728190839,0.530148268,-0.0114805521,0.730314672,0.542215586,-0.0161328092,0.730981588,0.550168097,-0.0197115317,0.731135,0.556249321,-0.0218615308,0.734956,0.528488,-0.0116737308,0.737916887,0.538004577,-0.0158748087,0.739623845,0.544260919,-0.0178940985,0.740306616,0.54934454,-0.0187206045
5050.000000000003,0.448009849,0.497544885,4.39955343e-008,0.464019597,0.504330635,-0.00534945587,0.472555,0.512328744,-0.00901612546,0.474891931,0.519868135,-0.0116561279,0.474944592,0.52581203,-0.0136593133,0.450438678,0.518345177,-0.0090601258,0.446018934,0.53018409,-0.0130443946,0.445951819,0.537287831,-0.0149130095,0.446679115,0.542412817,-0.0156079438,0.43878597,0.519105911,-0.00878594536,0.434051901,0.533283949,-0.0123826731,0.43405965,0.541894376,-0.0135559766,0.435007066,0.548104703,-0.0142699145,0.431422293,0.519414485,-0.00882252306,0.426828474,0.532911181,-0.0123960236,0.426790804,0.540926635,-0.0134528801,0.428098261,0.546835184,-0.0136615261,0.427849591,0.51928854,-0.00914013851,0.424558789,0.529989719,-0.011538093,0.424356341,0.536551714,-0.0115392786,0.425543785,0.541481555,-0.0111079933
5066.66666666667,0.720345438,0.509569108,1.56024754e-007,0.702426434,0.512399316,-0.00702418201,0.689974189,0.517910779,-0.0122722257,0.680863559,0.523169518,-0.0166941546,0.67214483,0.524937153,-0.0210387111,0.704395175,0.532067657,-0.0113606332,0.703393698,0.544328272,-0.016755607,0.703534722,0.551743627,-0.0204914119,0.703854442,0.557610035,-0.0229934528,0.716861308,0.533328235,-0.0110682519,0.719772935,0.546769083,-0.0164290015,0.721265554,0.555600762,-0.0201185495,0.722285688,0.562536776,-0.0225439481,0.72644639,0.533113778,-0.0109362509,0.727797,0.545552492,-0.0153965186,0.727874458,0.553726256,-0.0186913367,0.72766149,0.560086548,-0.0206093136,0.733060122,0.531698883,-0.0112735964,0.734389246,0.541633,-0.0150222993,0.734994531,0.547964036,-0.0167099126,0.734929383,0.553022623,-0.0173496809
5066.66666666667,0.44655332,0.502373338,7.32500283e-008,0.465034127,0.50775373,-0.0067266305,0.473934829,0.515960395,-0.0105197933,0.475579202,0.524144828,-0.0126882493,0.476407439,0.530596375,-0.0143281063,0.453316331,0.520943463,-0.0138589144,0.449306548,0.534666061,-0.0183578879,0.449311107,0.542851865,-0.0195879377,0.45031786,0.548859,-0.0195832234,0.440676212,0.521498561,-0.0126695558,0.436845094,0.536808848,-0.0171025228,0.437443703,0.546233892,-0.0180320498,0.439027786,0.55302757,-0.0181841254,0.432759404,0.521873295,-0.0115128374,0.429264575,0.536207497,-0.0158459656,0.430079192,0.544923306,-0.0173953734,0.431920111,0.551314771,-0.0176429581,0.429453313,0.522263169,-0.0105499234,0.427385181,0.533837616,-0.0139676975,0.428108841,0.540932357,-0.0147627071,0.43013531,0.546221793,-0.0145503245
5083.333333333337,0.719255865,0.509510577,1.46811033e-007,0.701216578,0.512581646,-0.00626626704,0.689041495,0.518870771,-0.0105919624,0.680403948,0.524457097,-0.0139851542,0.672611952,0.526848137,-0.0171559248,0.703136742,0.531737626,-0.0119316848,0.701493323,0.54548949,-0.0169107988,0.701229155,0.553621531,-0.0195997618,0.701264322,0.559851587,-0.021142723,0.71527487,0.533255696,-0.0113491155,0.716534436,0.548026562,-0.016228741,0.717104793,0.557302356,-0.01870941,0.71765542,0.564381,-0.0200521406,0.724350452,0.533389866,-0.0107239597,0.724929214,0.546463788,-0.0143859154,0.724076748,0.554145098,-0.0162264667,0.723301291,0.560049295,-0.0170594156,0.73035264,0.532456338,-0.0105381589,0.730710328,0.542734,-0.0134820323,0.730083942,0.548959672,-0.0143113201,0.729159951,0.553828537,-0.0142586231
5083.333333333337,0.447347164,0.50581634,1.02214976e-007,0.466812402,0.509824753,-0.00854171906,0.475993693,0.518374741,-0.0128909675,0.477538377,0.527243555,-0.0151843801,0.479945272,0.534105,-0.0168693215,0.455319524,0.525600076,-0.0144738927,0.452162683,0.539298415,-0.0193865485,0.453043401,0.547513902,-0.0212193169,0.454839766,0.553517938,-0.0215348508,0.442838967,0.526303649,-0.0123164775,0.439990163,0.541437328,-0.0171349626,0.44125846,0.550962865,-0.0186619591,0.443288684,0.557865858,-0.0189859662,0.43532145,0.526709497,-0.0103582172,0.433491766,0.540948331,-0.0149929654,0.434913218,0.549806535,-0.0169600733,0.436994076,0.55642581,-0.0173262767,0.432421237,0.526999533,-0.0087233549,0.431704789,0.538524926,-0.0124912914,0.432812035,0.545924067,-0.0135751143,0.4349204,0.551638782,-0.0133677572
5100.000000000004,0.71826005,0.511378586,1.62419852e-007,0.70057559,0.51375103,-0.00783743337,0.689245641,0.519702435,-0.0120109487,0.680363655,0.525372565,-0.0149207404,0.672692418,0.528315723,-0.0172223113,0.701268613,0.535460591,-0.0101169115,0.69879061,0.548563421,-0.0141950194,0.698079467,0.556288362,-0.0167482253,0.697899401,0.562282,-0.0182076525,0.712668598,0.537002683,-0.00831033,0.712031186,0.550749302,-0.0123934355,0.711613834,0.559711576,-0.0145991957,0.711532712,0.566518605,-0.0157044865,0.721192896,0.536821544,-0.00681410357,0.719884276,0.548450887,-0.0098567931,0.718205392,0.554643154,-0.0112314345,0.716960311,0.559350312,-0.0115626883,0.726679564,0.535621762,-0.00602703402,0.724914,0.544948936,-0.00787202362,0.723507702,0.550310493,-0.00804780237,0.722020864,0.55438745,-0.00752137462
5100.000000000004,0.449680895,0.508388281,8.95722962e-008,0.468921304,0.511951327,-0.00750240497,0.478256971,0.520357728,-0.0111207832,0.480959892,0.528999031,-0.0128981145,0.484075576,0.535841167,-0.0141480323,0.458563566,0.529440403,-0.0124285044,0.455776513,0.543111563,-0.016636081,0.456837714,0.551171482,-0.0182199534,0.458935946,0.557005882,-0.0184671432,0.44638145,0.530149281,-0.0106040295,0.44490391,0.54505229,-0.0148489559,0.447094262,0.554248214,-0.0162792802,0.449982643,0.560885251,-0.0166484863,0.438943565,0.530271471,-0.00899431854,0.437898219,0.544529617,-0.0133643616,0.440124393,0.553126097,-0.0153600685,0.443050802,0.559362948,-0.0157800168,0.435940892,0.5302881,-0.0076456652,0.435693264,0.54191345,-0.0112418085,0.437207252,0.549225688,-0.012443359,0.43976146,0.554756701,-0.01238734
5116.666666666671,0.716756701,0.511866629,1.43283359e-007,0.699233532,0.514414966,-0.00753290905,0.687921166,0.520870924,-0.0108532766,0.679717541,0.526863754,-0.012637441,0.672306657,0.530023098,-0.0137211932,0.699671566,0.536517739,-0.00939944386,0.696924329,0.549868047,-0.0126535622,0.695286036,0.557436764,-0.0145668155,0.694238126,0.563269436,-0.0155754173,0.710555136,0.537769318,-0.0070058126,0.707778633,0.551376522,-0.00991133,0.705440402,0.559778035,-0.0113341566,0.703494549,0.566023886,-0.0120495968,0.718451619,0.537484109,-0.00492986338,0.715311885,0.549149811,-0.0069227973,0.712,0.555926144,-0.00818127487,0.708972692,0.56122148,-0.00876575056,0.723683834,0.536246955,-0.00352202239,0.720698297,0.545533717,-0.00498419,0.718500316,0.551055312,-0.005393303,0.716206,0.555416346,-0.00521445
5116.666666666671,0.452283055,0.508977234,8.65698766e-008,0.470637858,0.51317507,-0.00674376031,0.480660945,0.521764815,-0.010442391,0.48460868,0.530076861,-0.0125158345,0.48835662,0.536965,-0.0141385188,0.462274969,0.531012356,-0.012271774,0.460054874,0.545245349,-0.0168623179,0.460896701,0.553482473,-0.0186342057,0.462498337,0.559535742,-0.0190044809,0.450533807,0.531312704,-0.0111721549,0.450181335,0.546720088,-0.0157303233,0.452582031,0.555932105,-0.0173373073,0.455719382,0.56270647,-0.0177917872,0.442961752,0.530990422,-0.0102000823,0.443193704,0.545769691,-0.014685913,0.445540339,0.554495513,-0.0162441172,0.448575705,0.560874522,-0.0163450409,0.439390182,0.530429542,-0.00945201889,0.440559059,0.542517424,-0.0130593078,0.442231745,0.549939632,-0.0137870759,0.444810867,0.555572271,-0.0133477412
5133.333333333338,0.71590662,0.513767183,1.43493594e-007,0.698797345,0.516091049,-0.00649614958,0.687649429,0.521869361,-0.00975736231,0.679802179,0.527607799,-0.0118831089,0.67317,0.531444848,-0.0133312503,0.697757363,0.537493646,-0.00751004135,0.693953514,0.550484955,-0.010981502,0.691557109,0.557865,-0.0131492643,0.689768672,0.563567817,-0.0143193509,0.708132505,0.538865268,-0.00574634457,0.704526126,0.551754475,-0.0092635341,0.700938106,0.559707284,-0.0111096585,0.697832406,0.565847278,-0.0120867305,0.715571761,0.538713217,-0.00433706725,0.711854458,0.549836278,-0.00698035723,0.708036661,0.556348,-0.00825201,0.704566956,0.561509848,-0.00876567233,0.720240295,0.5376966,-0.00352337467,0.716011465,0.54653281,-0.00540305208,0.712901592,0.55177772,-0.00576160196,0.709833145,0.555911899,-0.00549495406
5133.333333333338,0.452713,0.510763049,9.37476372e-008,0.47242111,0.514296651,-0.00822066702,0.483043134,0.522463083,-0.0123737752,0.487347722,0.530766845,-0.0146326479,0.491546333,0.537663877,-0.016206339,0.465060472,0.533112168,-0.0127348881,0.463941664,0.547890425,-0.0172152575,0.464953274,0.556338966,-0.0189072527,0.466659516,0.56237793,-0.0190569963,0.453398257,0.533740222,-0.0104999533,0.454213321,0.548909426,-0.0144217266,0.457843095,0.557581544,-0.0153449886,0.461859971,0.563591659,-0.0152480714,0.446271628,0.533700764,-0.00857638102,0.447866231,0.547822773,-0.0122638326,0.4513973,0.555672884,-0.0130256917,0.455169678,0.56111604,-0.0125570251,0.443330288,0.533526301,-0.00712829595,0.445596129,0.545440257,-0.00998194,0.448161751,0.552261233,-0.0101290746,0.451482922,0.557189524,-0.00921463594
5150.000000000005,0.714662373,0.515374,1.23485478e-007,0.69752425,0.517022371,-0.00542415259,0.686631918,0.522956,-0.00792252738,0.679805577,0.528909266,-0.0094622653,0.673779964,0.532885909,-0.0103467908,0.695542753,0.537689626,-0.00602335576,0.691517651,0.549961507,-0.00910088606,0.688940883,0.557027638,-0.0109757911,0.687101305,0.562459409,-0.0119896373,0.705116868,0.539346814,-0.00455161231,0.699650586,0.551252484,-0.00784156844,0.695112,0.55830574,-0.00942299608,0.691223323,0.564018965,-0.0101564387,0.711872101,0.539615452,-0.0033472979,0.706104875,0.549899042,-0.00558608631,0.701161206,0.555819392,-0.00614413805,0.696876645,0.560593,-0.00618059048,0.716398358,0.538883924,-0.00269634556,0.710750878,0.547035694,-0.00391286332,0.706555307,0.551833451,-0.00361039652,0.702770054,0.555475533,-0.0029086282
5150.000000000005,0.454185605,0.511430562,8.37446805e-008,0.473334163,0.514748573,-0.00835997146,0.484424293,0.523429871,-0.0116723906,0.489251852,0.531834543,-0.0132865887,0.494379878,0.538454533,-0.0141830919,0.467833906,0.535022557,-0.0090142116,0.468481809,0.548735142,-0.0123431822,0.46985358,0.5566,-0.0142319528,0.471526057,0.562336266,-0.0148977041,0.45743522,0.535636187,-0.00639865454,0.459589213,0.548821032,-0.00867075,0.463102579,0.556475878,-0.00979261,0.466409743,0.561744511,-0.0102528939,0.450913072,0.535395801,-0.00436879043,0.454177052,0.547565222,-0.00671973778,0.457755029,0.554383576,-0.00732108811,0.461053491,0.559179604,-0.00713668391,0.447666138,0.535005689,-0.00301180943,0.4512043,0.545399,-0.00509309955,0.454039395,0.551334441,-0.00511672627,0.457121879,0.555587649,-0.00437111268
5166.6666666666715,0.712813616,0.515402734,1.32123205e-007,0.696359813,0.516589701,-0.00702079525,0.685468912,0.522997379,-0.00996311195,0.679013669,0.529251814,-0.0116128363,0.673618913,0.533767223,-0.0125826066,0.69418323,0.537970781,-0.00754589215,0.68881619,0.550259352,-0.0107862139,0.685517,0.55742538,-0.0127471508,0.683227301,0.56289053,-0.0137025053,0.702795148,0.539390445,-0.00512854382,0.696343899,0.551131785,-0.00854152907,0.690952837,0.557990611,-0.0101916697,0.686576307,0.56336683,-0.0108017353,0.708631337,0.539531708,-0.00304064201,0.702198863,0.54965,-0.0052256831,0.696615,0.555548549,-0.0057346141,0.691957355,0.560146153,-0.00562210102,0.712586462,0.538716674,-0.0016272096,0.706259787,0.546800137,-0.00259436667,0.701558232,0.551542342,-0.00210116594,0.697598,0.554931045,-0.0011946637
5166.6666666666715,0.455398083,0.511080205,6.7188445e-008,0.47355333,0.515306711,-0.00649974402,0.484765977,0.524475694,-0.00875748135,0.490402,0.532763541,-0.0097967824,0.495053709,0.538945436,-0.0101333233,0.469594568,0.53550148,-0.00623737043,0.471661568,0.548442721,-0.00976709,0.473538369,0.55625546,-0.0120507888,0.475474834,0.561931849,-0.013054234,0.459593952,0.535887599,-0.00483163027,0.463524669,0.548343718,-0.00766465301,0.467791051,0.555991054,-0.0093351081,0.471867412,0.561636627,-0.0101000443,0.453183472,0.535523117,-0.00401035603,0.457953304,0.547087371,-0.00692722062,0.462275028,0.553982139,-0.00760007603,0.466121644,0.558941483,-0.00730043044,0.450164109,0.534932,-0.00374319241,0.455541104,0.544925928,-0.00635359576,0.459422767,0.551096797,-0.00644723279,0.463146061,0.555540442,-0.0056339833
5183.3333333333385,0.710320771,0.516868949,1.28527518e-007,0.693372428,0.517739117,-0.00704822736,0.683284819,0.523751915,-0.0097420793,0.67842114,0.530147195,-0.010885126,0.674099445,0.534829915,-0.0112150107,0.692808,0.538354516,-0.00831191428,0.686580241,0.5503003,-0.0115041621,0.683055818,0.557199538,-0.0132346982,0.680858612,0.562542856,-0.0140390499,0.701355636,0.540226698,-0.00554663967,0.693868935,0.551699162,-0.00953084417,0.688087225,0.558431268,-0.0110612176,0.683568299,0.563836157,-0.0114072682,0.706407368,0.540815115,-0.00302859186,0.698969364,0.550813854,-0.00581536768,0.692814648,0.556561351,-0.00630193343,0.687852,0.561250031,-0.00593575602,0.708726943,0.540453076,-0.00110335276,0.70081836,0.548372507,-0.00228963862,0.695526242,0.553148806,-0.00183112826,0.69122088,0.556620181,-0.000865980226
5183.3333333333385,0.457392544,0.511174,6.81942e-008,0.473640203,0.516042829,-0.00597256608,0.483043164,0.524973273,-0.00809699669,0.487702042,0.533212662,-0.00940501317,0.491258413,0.539941192,-0.00999581628,0.470873952,0.535895348,-0.00282959,0.474337518,0.547868788,-0.00622805161,0.476988018,0.555215597,-0.00911874231,0.479397595,0.560915411,-0.0107274763,0.463562369,0.536727607,-0.00193019642,0.467698,0.548196375,-0.00472534075,0.471732676,0.555767357,-0.00732539082,0.475531101,0.561798453,-0.00890083704,0.459049821,0.536675155,-0.00184390927,0.463364303,0.547439814,-0.00468613394,0.466920167,0.554303825,-0.00621616561,0.4702591,0.559695959,-0.00670615351,0.456905901,0.53612572,-0.00240390725,0.460784346,0.545560896,-0.00445248,0.463499278,0.551425457,-0.00473162858,0.466283083,0.555896163,-0.00437271036
5200.0000000000055,0.707960784,0.515616834,1.30243478e-007,0.691209614,0.517197907,-0.00663956674,0.683007836,0.524813294,-0.00850953907,0.6793769,0.531289577,-0.00900618918,0.676270187,0.536103666,-0.00872922409,0.692078292,0.538255215,-0.00718520954,0.685220599,0.550129533,-0.010342015,0.680681944,0.557072282,-0.0120111024,0.67767942,0.562239587,-0.012690288,0.700264,0.539461374,-0.00462240586,0.692958772,0.551201761,-0.008828233,0.686403096,0.558145046,-0.0104541872,0.6810835,0.563606143,-0.0106668621,0.705114484,0.539576352,-0.00236956845,0.697916269,0.55004847,-0.00540280296,0.691468894,0.556324601,-0.00612363685,0.686055481,0.561406553,-0.00574828498,0.707326949,0.538773715,-0.000682891463,0.700106859,0.547157109,-0.00227645063,0.69467473,0.552476883,-0.00215265271,0.690120339,0.556352139,-0.00131848606
5200.0000000000055,0.459904432,0.511385679,5.47558408e-008,0.473840177,0.516859114,-0.00451586209,0.481656849,0.526018441,-0.00611411,0.48505792,0.533881,-0.00733403722,0.48729375,0.540319443,-0.00787716359,0.470198393,0.536495686,-0.00121742464,0.473459601,0.547906876,-0.00461262185,0.477060616,0.555299282,-0.00774073647,0.480678141,0.561037064,-0.00975528732,0.464954644,0.537189662,-0.0014702396,0.468926102,0.54819262,-0.00450598774,0.473444,0.555700362,-0.00732328,0.477842689,0.561764538,-0.00914675929,0.461820096,0.536965132,-0.00249207648,0.465722829,0.547445893,-0.00535875885,0.469649106,0.554537952,-0.00675251568,0.473502636,0.560253203,-0.00733023463,0.460544229,0.536071301,-0.00413097348,0.46355474,0.545346618,-0.00644410262,0.466511697,0.551632583,-0.0069002239,0.469948173,0.55658555,-0.00681172498
5216.666666666672,0.70611304,0.514413595,1.2947136e-007,0.689792454,0.516865849,-0.00909741409,0.682578504,0.524746239,-0.0119581828,0.681073904,0.531462431,-0.0130313495,0.679866254,0.537069917,-0.0133517655,0.693765879,0.536803305,-0.010448914,0.687182844,0.548610866,-0.0148954177,0.682004392,0.555876613,-0.0173261724,0.678282559,0.56117177,-0.0183264241,0.700826,0.537846267,-0.00712493155,0.694205463,0.549690485,-0.0123067228,0.687267423,0.557191968,-0.0144640431,0.681441486,0.56282109,-0.0149601866,0.704376459,0.537930667,-0.00424879743,0.697957,0.548445582,-0.00835364591,0.691227555,0.555080295,-0.00943150092,0.685171,0.560337186,-0.00914107729,0.705704808,0.53716594,-0.00213557109,0.699561119,0.545733631,-0.00479988707,0.693665743,0.551358938,-0.00503843091,0.688376963,0.555414855,-0.00435795169
5216.666666666672,0.460314304,0.513260543,4.38291075e-008,0.474279165,0.518251836,-0.00446403585,0.480921686,0.527182639,-0.00540534,0.483436257,0.534677267,-0.00582159,0.485101938,0.540813506,-0.00541018182,0.468589246,0.538236558,0.00012267573,0.471993476,0.549016774,-0.00226197508,0.476228863,0.55595845,-0.00468031364,0.480397075,0.561315477,-0.00625982508,0.463858724,0.538878798,0.000319998537,0.467638224,0.549460828,-0.00218579243,0.472496659,0.556473374,-0.00467614597,0.477317452,0.5622859,-0.00618374487,0.461564839,0.538922966,-0.000306515751,0.465016484,0.549012363,-0.00304624112,0.469425261,0.555563211,-0.00466844393,0.473819375,0.56098783,-0.00525429752,0.461166829,0.538616717,-0.00150856201,0.463956207,0.547639549,-0.00352569902,0.467363119,0.553397536,-0.00404057838,0.471267551,0.557899892,-0.00395488879
5233.333333333339,0.70480752,0.515033782,1.51035621e-007,0.690736055,0.517113566,-0.00975437835,0.684776723,0.524713397,-0.0131261759,0.684340894,0.531803787,-0.0146816457,0.683808565,0.537913084,-0.0154328085,0.696828544,0.537690699,-0.00982757378,0.68829757,0.549290121,-0.0143153565,0.682369769,0.556232452,-0.0171357915,0.678344607,0.561372221,-0.0184556786,0.702332199,0.538863838,-0.00613402855,0.693549693,0.550281823,-0.0113120694,0.686157,0.557294965,-0.0140763735,0.680276394,0.56284678,-0.0150857531,0.704159,0.539161265,-0.00302807,0.695925295,0.549500883,-0.00714735361,0.689212918,0.555877924,-0.00875731744,0.683453202,0.56118,-0.00893233,0.703707635,0.538815856,-0.00072979508,0.696520925,0.547422469,-0.00326354546,0.690957189,0.552929699,-0.00386394351,0.686167,0.55713588,-0.00355144381
5233.333333333339,0.459593803,0.514132857,3.93346653e-008,0.472513109,0.518309236,-0.00713636214,0.478733271,0.527065694,-0.00912665389,0.48108533,0.534840524,-0.0100380676,0.483020306,0.541273296,-0.0100812772,0.466035515,0.538735628,-0.00277626328,0.4696033,0.549601555,-0.00568738,0.474106312,0.556576073,-0.00867357664,0.478981584,0.561959922,-0.0106721194,0.461636752,0.539468884,-0.00120948511,0.465129167,0.549999654,-0.00390468421,0.470509619,0.556990683,-0.00666792365,0.476115346,0.562470496,-0.00844463427,0.459607303,0.539392531,-0.000601801206,0.462970376,0.549488842,-0.00355783757,0.467490315,0.55599165,-0.00548093207,0.472122401,0.561285734,-0.00635479856,0.459600598,0.538966238,-0.000779324386,0.462228686,0.547844,-0.00324219838,0.465576112,0.553469896,-0.00413634628,0.469373167,0.557953477,-0.00431512482
5250.000000000006,0.702308178,0.515297532,1.4647739e-007,0.689511299,0.518104851,-0.00852640066,0.6856305,0.526278913,-0.0116851414,0.685949087,0.533298671,-0.0131655708,0.686252475,0.53900969,-0.01397161,0.697873116,0.538272858,-0.01004274,0.689747155,0.550172746,-0.0146698784,0.68367219,0.557210505,-0.0175196882,0.679347157,0.56234318,-0.0187607203,0.702413261,0.538932502,-0.00687722722,0.693629682,0.550356925,-0.012081882,0.686329424,0.557285964,-0.0147060845,0.68077147,0.56284374,-0.0155941928,0.703577757,0.539304912,-0.00408505416,0.695463896,0.549599528,-0.00795447,0.68882513,0.556191325,-0.009258762,0.683490872,0.561658502,-0.00929111335,0.702511132,0.539199591,-0.00198775087,0.696146667,0.547870696,-0.00418586237,0.691053748,0.553498924,-0.0043692519,0.686729491,0.557830691,-0.00376848457
5250.000000000006,0.457665175,0.514204919,3.9902524e-008,0.470466495,0.518105507,-0.00825989898,0.476733416,0.526849389,-0.0105518978,0.479418725,0.534822226,-0.0114457281,0.481009394,0.541419268,-0.0113008758,0.464234,0.538377404,-0.00350736012,0.46750468,0.549692333,-0.00594962202,0.472162068,0.556746781,-0.00864757691,0.477395594,0.562096715,-0.0104523962,0.459218293,0.539012849,-0.000904532557,0.462910622,0.549642205,-0.00326761766,0.468723029,0.556512296,-0.00602191547,0.474828869,0.56149745,-0.00776129914,0.45702529,0.538933814,0.000776237284,0.460976452,0.549003,-0.0017856753,0.465707064,0.555420518,-0.00360459602,0.470744967,0.560286462,-0.00435400195,0.457044154,0.538655579,0.00163536042,0.460058481,0.547680736,-0.000618507562,0.463919729,0.55338192,-0.00143968291,0.468303949,0.557639539,-0.00144344952
5266.666666666673,0.701153874,0.515286684,1.49461513e-007,0.689941049,0.518397689,-0.0104561718,0.687534,0.526387274,-0.0142337522,0.688474357,0.533685863,-0.0160742775,0.688144147,0.539888561,-0.0170988627,0.699592173,0.538261712,-0.0105740838,0.692246377,0.549915314,-0.0158083,0.685775161,0.556802154,-0.0193136614,0.680602133,0.562,-0.0210251939,0.702633917,0.539207101,-0.00660109427,0.695134699,0.550069094,-0.0118960449,0.687874079,0.556769848,-0.0147942891,0.681806803,0.562207818,-0.0159894973,0.702569366,0.539789498,-0.00333296414,0.696162879,0.549561322,-0.00762162358,0.689374566,0.555960536,-0.00938855764,0.683388531,0.561230838,-0.00975195318,0.700607777,0.539893687,-0.000973166956,0.695821524,0.548253953,-0.00400987,0.690837562,0.553720117,-0.00491101388,0.686325312,0.558049738,-0.0047677746
5266.666666666673,0.459007978,0.513829529,3.05642622e-008,0.470650464,0.51879406,-0.0070474823,0.476319432,0.527658403,-0.00891463086,0.478761673,0.535351872,-0.00961800385,0.479875296,0.541614234,-0.00932722446,0.462299973,0.537838936,-0.00319997105,0.465083212,0.548987091,-0.0063284128,0.469709039,0.556176662,-0.00931175426,0.475025535,0.561580956,-0.0111976964,0.45815745,0.538403153,-0.00139098219,0.460741222,0.549042344,-0.0042781746,0.466050297,0.555998623,-0.00695385644,0.472008079,0.561258316,-0.00853430107,0.4565216,0.538332164,-0.000445944257,0.459572673,0.548227429,-0.00342338835,0.463823587,0.554772854,-0.00508427667,0.46861437,0.559891403,-0.00562588638,0.456773877,0.53799206,-0.000248623546,0.459026843,0.546830297,-0.00280578923,0.462422937,0.552612305,-0.00356334844,0.466540843,0.557074845,-0.00346321426
5283.33333333334,0.699630857,0.51512289,1.46126695e-007,0.689267099,0.518904269,-0.00982055627,0.687937379,0.527630091,-0.0128691066,0.689751387,0.535085738,-0.0141279381,0.689832568,0.541172385,-0.0145395938,0.700329423,0.538378775,-0.00860229786,0.694918,0.549885,-0.0136389723,0.688371241,0.55682075,-0.0171901062,0.682414055,0.561787724,-0.0189118981,0.702489555,0.538928211,-0.00477278372,0.696169615,0.549694717,-0.00969327148,0.688621044,0.556395054,-0.0127061596,0.681749046,0.561612904,-0.014023588,0.701955259,0.539183438,-0.00176952768,0.696526885,0.54903239,-0.0060384972,0.68937695,0.555644333,-0.0083325915,0.682727277,0.560821295,-0.00905468,0.699698389,0.539132178,0.000384020299,0.695717871,0.547581434,-0.00298674358,0.690663934,0.553247333,-0.0044809035,0.685759723,0.557729483,-0.00473425351
5283.33333333334,0.459605753,0.5143435,3.49836107e-008,0.47078076,0.51916492,-0.00810187776,0.47562,0.527701,-0.0105251279,0.477192253,0.535589159,-0.0114907874,0.478453964,0.542060256,-0.0114208823,0.461702317,0.537804663,-0.00432633236,0.463914752,0.548922539,-0.00713121751,0.467967331,0.555929661,-0.00997169688,0.47271806,0.561310947,-0.0117977504,0.457782179,0.538197,-0.00171677431,0.460076541,0.548609197,-0.00409452338,0.464959055,0.555385172,-0.00655603828,0.470465779,0.560442448,-0.00811440405,0.456425309,0.538019061,7.04454351e-006,0.459170341,0.547757626,-0.00255547417,0.463082552,0.554093242,-0.00407854561,0.467574626,0.55904609,-0.00465027429,0.45680809,0.537727058,0.0009336074,0.458982915,0.546342969,-0.00128473202,0.46216616,0.551951587,-0.00192508,0.46600312,0.556308031,-0.00182340352
5300.000000000007,0.700875044,0.514716506,1.50065858e-007,0.690539896,0.518136084,-0.0110421376,0.688837528,0.526752,-0.0147173014,0.69026345,0.534915507,-0.0162239373,0.690172315,0.541602612,-0.0168965422,0.701130629,0.537793815,-0.0102047147,0.695949554,0.549393117,-0.0151385739,0.689292,0.556156099,-0.0184806269,0.683127224,0.560855389,-0.0200427175,0.703527749,0.538588,-0.00549807539,0.697164893,0.549321651,-0.00990752596,0.689699829,0.55575,-0.0125545049,0.682759881,0.560806096,-0.0137388678,0.703143299,0.538876653,-0.00159342436,0.697508216,0.548439801,-0.00526652345,0.690444827,0.554810047,-0.0071652038,0.683707118,0.559826851,-0.00780382194,0.701039195,0.538554966,0.00137250079,0.696968675,0.546888351,-0.00163043127,0.691778123,0.552354634,-0.00287099,0.686584473,0.556547,-0.00297265803
5300.000000000007,0.458755702,0.516042113,3.06431609e-008,0.470134825,0.520139217,-0.00928956,0.474589169,0.527924061,-0.0123999286,0.475536764,0.5357849,-0.0137543865,0.477189898,0.542299747,-0.0139904208,0.46020782,0.538309872,-0.00618592044,0.462926894,0.549514949,-0.0093161827,0.467535973,0.55623287,-0.0121323606,0.472255528,0.561298788,-0.0138521539,0.455896348,0.53879112,-0.00299542397,0.45862481,0.549290717,-0.00574654434,0.463689715,0.555782199,-0.0080157686,0.469025105,0.560516834,-0.00934160594,0.454628021,0.538772285,-0.000739494397,0.457756102,0.548613906,-0.00368335494,0.461740226,0.554679394,-0.00509145809,0.466070086,0.559559584,-0.00551058352,0.455371499,0.538709,0.00065876107,0.457901984,0.547349095,-0.001960441,0.46108,0.552712917,-0.00267977244,0.464713603,0.557025254,-0.00256860349
5316.666666666674,0.700913548,0.514059544,1.33147822e-007,0.690148592,0.518628597,-0.00931654777,0.688889623,0.528136134,-0.0118221473,0.690003932,0.536376417,-0.0125036296,0.689326406,0.542933524,-0.0123454211,0.702534795,0.537249267,-0.00804161746,0.697032809,0.548890233,-0.0122879846,0.690372527,0.555458188,-0.0151024945,0.684558809,0.56007421,-0.0163751114,0.705734134,0.537507474,-0.00399755966,0.699619472,0.548151,-0.00816953182,0.692322731,0.554418,-0.0103424871,0.685643196,0.559306145,-0.0111881336,0.705696821,0.537541449,-0.000694682647,0.700154364,0.54714787,-0.00413000956,0.693341613,0.553527832,-0.00546238152,0.686853111,0.558611393,-0.00565430289,0.703550637,0.537268102,0.00176305976,0.699662745,0.545840621,-0.000845206261,0.694503427,0.551504135,-0.00164005207,0.689214289,0.555832922,-0.00145968283
5316.666666666674,0.460267872,0.515151203,7.21458759e-009,0.471326351,0.519801,-0.00702704024,0.474723548,0.528597713,-0.00851595681,0.475343287,0.536543489,-0.008759127,0.475999892,0.542712569,-0.00800974946,0.459317654,0.537422776,-0.00282187876,0.46187979,0.548595548,-0.00498984894,0.466326,0.555291593,-0.00727761257,0.471008122,0.560112178,-0.00872063916,0.455645084,0.537760496,-0.000433273817,0.458539426,0.548089921,-0.00249832124,0.463634342,0.554451227,-0.00483076507,0.469089955,0.559185,-0.00626891712,0.454636931,0.537617,0.00113240222,0.45782572,0.547244608,-0.00113742694,0.461938053,0.553261101,-0.0026939346,0.466363251,0.557949245,-0.00329434453,0.45550853,0.537459135,0.00201694,0.457493544,0.545896649,8.62556117e-005,0.46081084,0.551243067,-0.000592619414,0.464669973,0.555362761,-0.000549011515
5333.333333333341,0.701191783,0.513753,1.24751509e-007,0.690517,0.518347621,-0.0090582855,0.688835502,0.52803272,-0.0114725567,0.689781487,0.536474884,-0.0122120157,0.689042926,0.543259799,-0.0120882876,0.702809811,0.536821067,-0.00691525592,0.697736204,0.54843384,-0.0107362531,0.691244185,0.55456388,-0.0134359933,0.685534239,0.558789432,-0.014714174,0.705723047,0.537169278,-0.00309426477,0.700136244,0.547930479,-0.00660589105,0.692767084,0.553892136,-0.00863474514,0.68593353,0.558250308,-0.00959393941,0.705588877,0.537264,-8.27177646e-005,0.700217128,0.547017753,-0.00309912744,0.693234921,0.552988589,-0.00435871305,0.686602294,0.557523251,-0.00470952317,0.703522563,0.537140191,0.00208015624,0.700009048,0.54580009,-0.000441388838,0.694741488,0.551092148,-0.00120869267,0.689370751,0.554934502,-0.00110718713
5333.333333333341,0.458439618,0.516150773,4.87972374e-009,0.470268339,0.520876408,-0.00764072081,0.474162936,0.529491365,-0.00933164079,0.474150032,0.537434101,-0.00957834162,0.474924445,0.54339242,-0.00881932303,0.458984822,0.537891269,-0.0038010464,0.46230185,0.548843741,-0.00590015,0.466899484,0.555313051,-0.00801911857,0.471197635,0.560053945,-0.0094022667,0.45505482,0.538215876,-0.00105230755,0.458969265,0.548230946,-0.00318893883,0.464384139,0.554348469,-0.00535235368,0.46989581,0.558852375,-0.00665989285,0.454068482,0.538085461,0.000862287299,0.458102524,0.547517657,-0.00167308503,0.462595403,0.553272188,-0.00330825243,0.467120826,0.557848513,-0.00397957629,0.454829216,0.53807348,0.00208223076,0.457781,0.546239197,-0.000313969445,0.461415619,0.551354587,-0.00124898914,0.46509394,0.555440903,-0.00138131133
5350.000000000008,0.701372087,0.51341784,1.22160799e-007,0.690559,0.518240809,-0.00861501321,0.688555956,0.528165519,-0.0106962314,0.688164592,0.536822557,-0.0111696301,0.68686229,0.543557882,-0.0107683269,0.703617513,0.536168516,-0.00651020091,0.698806465,0.547933757,-0.0101593547,0.692153156,0.554112077,-0.0127839083,0.686382353,0.558340669,-0.0140687553,0.706273556,0.536481321,-0.00282797101,0.701261938,0.547442555,-0.00613913778,0.694333494,0.553524375,-0.0081626121,0.688010097,0.558106065,-0.00920986477,0.705785573,0.536603153,7.50649342e-005,0.70101279,0.546493,-0.0027614776,0.694624662,0.552760482,-0.00407713326,0.688561499,0.557709038,-0.00454971893,0.703303218,0.536557436,0.00216699019,0.700126767,0.545346737,-0.000195366112,0.695465326,0.550881386,-0.000997546827,0.69062072,0.555088162,-0.00100194
5350.000000000008,0.45933035,0.516034663,6.60376465e-009,0.470652133,0.521272,-0.00630044844,0.473981649,0.530238926,-0.00725948904,0.474030614,0.537974775,-0.00708648702,0.47433722,0.543783188,-0.00593793439,0.458951801,0.537892103,-0.00165353366,0.461964786,0.548433721,-0.00332563207,0.466543525,0.554871619,-0.00529395184,0.471183896,0.559681594,-0.00663431128,0.455749273,0.538074076,0.000489479688,0.459327072,0.547695339,-0.00124117709,0.464738697,0.553836107,-0.00354749826,0.470356941,0.558563948,-0.00504338555,0.455000609,0.537892759,0.00184686657,0.45868209,0.547064424,-0.000287459581,0.463429809,0.552787423,-0.00199346058,0.46829316,0.557237387,-0.00274909614,0.455721974,0.537893176,0.00259245303,0.458604336,0.545994401,0.000710769265,0.462309837,0.551149845,-9.23285843e-005,0.46618,0.555167139,-0.000194469481
5366.666666666675,0.701834559,0.513605356,1.26798483e-007,0.690075696,0.518162,-0.00825095,0.68790108,0.528063,-0.0103082452,0.687851846,0.536710382,-0.0108032161,0.686456263,0.543604434,-0.0104284948,0.70372051,0.536171734,-0.00666812388,0.699373186,0.548152089,-0.0104384879,0.692311943,0.55407387,-0.0129009197,0.685925066,0.557909548,-0.0139584104,0.707203627,0.536519825,-0.00313355844,0.702616155,0.547929943,-0.00689324783,0.695065498,0.553858936,-0.00887294393,0.687906146,0.557950139,-0.00966014247,0.707327068,0.536636531,-0.000289661897,0.702608466,0.547010541,-0.00349639799,0.695582092,0.552927315,-0.00480888318,0.688911438,0.557196,-0.00508768857,0.705256641,0.536551476,0.00181697123,0.701864779,0.545628369,-0.00078076747,0.696628332,0.550937116,-0.00157885544,0.691289723,0.554682732,-0.00143024477
5366.666666666675,0.459740311,0.515589416,7.13102333e-009,0.47053355,0.520869434,-0.00605423,0.473514676,0.530035079,-0.00713523151,0.47361362,0.538001359,-0.00716338167,0.47371003,0.544060409,-0.00623588124,0.459646314,0.537409425,-0.00209336821,0.461923718,0.547976077,-0.00419690553,0.46630767,0.554514408,-0.00638833782,0.471108019,0.559329,-0.00782633,0.456436962,0.537649393,-0.000253498845,0.459118694,0.547366738,-0.00229947828,0.464342833,0.553589225,-0.00467977114,0.469980866,0.558390081,-0.00622015493,0.455542356,0.537381,0.000835288374,0.458350629,0.546611905,-0.00147274265,0.462899089,0.552541435,-0.00315513858,0.467721224,0.557076454,-0.00389265828,0.456143945,0.537135661,0.00134810898,0.458492637,0.545284867,-0.000580378401,0.46207276,0.550596476,-0.00131217355,0.465901852,0.554626226,-0.00137760979
5383.333333333342,0.702968121,0.513062418,1.2538456e-007,0.690654755,0.517158806,-0.00915811863,0.687899649,0.527226567,-0.0116256448,0.687691808,0.536310852,-0.0122930454,0.686117768,0.543524861,-0.0120560061,0.703845441,0.535808146,-0.00795833115,0.699549198,0.547970891,-0.0118765756,0.692440689,0.553921223,-0.0143429451,0.685976624,0.557691634,-0.0153555516,0.707329512,0.536114454,-0.00393433822,0.702534437,0.547610521,-0.00779342838,0.694764376,0.553537309,-0.00965105277,0.687374294,0.557610214,-0.010329823,0.707433641,0.536275387,-0.000639168953,0.702158391,0.546622,-0.00391838187,0.694898367,0.552452,-0.00507478649,0.687978566,0.556812823,-0.00522340974,0.705396,0.536269248,0.00185323972,0.701508105,0.54533565,-0.000703233411,0.696007252,0.550460815,-0.00137754355,0.690487504,0.554087877,-0.00113861426
5383.333333333342,0.458260328,0.515705049,8.02704125e-009,0.470139593,0.520747662,-0.00738627138,0.47390309,0.529958189,-0.00885018893,0.473742902,0.538190663,-0.00888992101,0.473904192,0.544615149,-0.00787080079,0.458578795,0.537742794,-0.002903983,0.461013824,0.548482716,-0.00468696142,0.465991676,0.554558873,-0.00673937704,0.471140027,0.558899403,-0.00803110097,0.454314232,0.537871063,-0.000129632055,0.457708836,0.547767758,-0.00147187593,0.463547647,0.553814,-0.00343976403,0.46976909,0.558179915,-0.00478192745,0.453128725,0.53748852,0.00177808525,0.456666112,0.546986878,-6.01094907e-005,0.46162796,0.552563369,-0.00155811291,0.467015594,0.556802452,-0.00226047845,0.453703672,0.53728503,0.0030031933,0.456322,0.545646966,0.00110818143,0.460240752,0.550722182,0.000318872946,0.464591235,0.554598093,0.000219048423
5400.000000000009,0.704051495,0.513500512,1.37224731e-007,0.690774083,0.518019855,-0.0084698936,0.687227428,0.528351367,-0.0103552351,0.686074138,0.537247181,-0.0103933541,0.684643388,0.543988943,-0.00945067,0.704909265,0.536504745,-0.00776112219,0.699576259,0.548790634,-0.0111973565,0.692051053,0.554529428,-0.0131918164,0.685379505,0.55805254,-0.0138696078,0.70921129,0.53675735,-0.00380223081,0.702905476,0.54867667,-0.00763800321,0.694310188,0.554532528,-0.0092744343,0.68651557,0.558377504,-0.00964851,0.709804296,0.536794841,-0.000430894928,0.703178048,0.547554076,-0.00359745137,0.695048511,0.553446293,-0.00481225504,0.687655926,0.557490587,-0.00490687974,0.707984388,0.536637306,0.00223274506,0.702949464,0.545936048,-0.000130313303,0.69690752,0.551238477,-0.000823966577,0.690921,0.55481112,-0.000562367961
5400.000000000009,0.457486361,0.515636504,1.17552927e-008,0.469443828,0.520751417,-0.00861610752,0.473721832,0.529549599,-0.0108465347,0.474533111,0.53795445,-0.0115265725,0.475070208,0.544651866,-0.0110707693,0.458568364,0.537416577,-0.00407727668,0.461242735,0.548379362,-0.00670748064,0.465962499,0.554843664,-0.00928335637,0.470911801,0.559549809,-0.010841473,0.453981817,0.537586629,-0.000991887879,0.457270801,0.547675192,-0.00332567561,0.462660104,0.553945959,-0.00570282061,0.46876505,0.558425307,-0.00711735617,0.45237416,0.537249,0.00110825361,0.455862343,0.546797872,-0.00167977042,0.460350126,0.55279249,-0.00340319076,0.46570617,0.55743289,-0.00398429669,0.452533782,0.537058711,0.0024388032,0.455043226,0.545646369,-0.000232444232,0.458838552,0.550939679,-0.00118941232,0.463438749,0.55499655,-0.00121104135
5416.666666666676,0.705670476,0.512935,1.23275967e-007,0.691718876,0.51762414,-0.00855748449,0.687548637,0.527653098,-0.0107251052,0.686162889,0.536634207,-0.0112305526,0.683681726,0.543562293,-0.0108013209,0.704842567,0.536162615,-0.00687538,0.700298727,0.548335135,-0.0105779283,0.69278568,0.554112554,-0.0129133128,0.686085045,0.55759728,-0.0138064576,0.709448099,0.536452055,-0.00301323808,0.703692,0.548088729,-0.00683712214,0.695392847,0.553399444,-0.00871931762,0.687726378,0.556600451,-0.00930975471,0.710322559,0.536544085,0.000155456743,0.70405978,0.546926379,-0.00310504064,0.696445465,0.552322686,-0.00444331253,0.689215779,0.555930734,-0.00461618882,0.708580434,0.536462128,0.00257499,0.703680634,0.545466483,5.46121591e-005,0.697691858,0.550357342,-0.000744611258,0.691828,0.553486764,-0.000533613958
5416.666666666676,0.457168251,0.515802503,1.35964973e-008,0.46960026,0.520959675,-0.00836129766,0.473720133,0.529995382,-0.0103505226,0.474613696,0.538368,-0.0107303,0.4756338,0.544941604,-0.00995451584,0.457818657,0.537882626,-0.00387697387,0.461050868,0.549091935,-0.00600008527,0.466432512,0.555303574,-0.00821712799,0.471489221,0.559627533,-0.00949341245,0.453098685,0.537866473,-0.000576813938,0.456736684,0.548084795,-0.00223455718,0.462539405,0.554162621,-0.00419355044,0.468546122,0.558490038,-0.00538462494,0.45162484,0.537385702,0.00179600599,0.455452263,0.54685837,-0.00031528977,0.460275471,0.552706361,-0.00170750567,0.465368599,0.557264388,-0.00217137253,0.452047437,0.537131071,0.00343199656,0.454793781,0.545595288,0.00136427698,0.458817452,0.550837,0.000736975286,0.463313,0.554877877,0.000890486757
5433.333333333343,0.705919504,0.513226509,1.26923581e-007,0.691411138,0.517315209,-0.00886737183,0.686567187,0.527764261,-0.0109417122,0.685037255,0.537134051,-0.0110045718,0.682864,0.544262171,-0.0100344447,0.704543,0.536209762,-0.00852591265,0.69962877,0.548591316,-0.0118835429,0.69245851,0.55428642,-0.0135428049,0.686080277,0.557652,-0.0139637925,0.709493935,0.536792517,-0.0042564543,0.703507781,0.548597038,-0.00782107189,0.695035934,0.554218233,-0.00892039295,0.687181175,0.557689071,-0.00893665198,0.710660458,0.536987543,-0.000551350764,0.704139769,0.547475398,-0.00353060756,0.696005,0.552881479,-0.0041584475,0.688492417,0.556493819,-0.00384955504,0.709185123,0.536862254,0.00240583089,0.703778863,0.545975685,0.000171231441,0.697589099,0.55088675,-0.000145240294,0.691594243,0.554065108,0.000437766343
5433.333333333343,0.456554264,0.515160799,5.78243675e-009,0.469401181,0.520403564,-0.00740612624,0.474117935,0.529885888,-0.00902662054,0.475577325,0.53866291,-0.00927725,0.476938844,0.545418322,-0.00843312126,0.45779261,0.537708163,-0.00334801082,0.46044755,0.549297094,-0.00568043673,0.465637892,0.555701673,-0.00787637755,0.470933497,0.560074806,-0.00906649698,0.452676415,0.537784934,-0.000629931514,0.455990434,0.54849577,-0.00257299119,0.462003946,0.554714799,-0.00455223816,0.468537122,0.558971643,-0.00566105,0.451063454,0.53733927,0.00123818323,0.454577416,0.547277153,-0.00101273647,0.459562272,0.553307176,-0.00246311724,0.465203345,0.557780743,-0.00291341054,0.45168826,0.537013412,0.00244459719,0.454173267,0.545715272,0.00034719691,0.458159149,0.551162362,-0.000383259729,0.462997735,0.555194557,-0.000273405749
5450.00000000001,0.706401944,0.513402164,1.33803198e-007,0.692199528,0.517693579,-0.00917859469,0.687177,0.527703881,-0.0117581468,0.684711277,0.537010908,-0.012397713,0.682020545,0.544173956,-0.0119974473,0.704973817,0.536915362,-0.00828508195,0.698637068,0.549151659,-0.0118401162,0.691307962,0.554872274,-0.0138609027,0.685097277,0.558468699,-0.0146081792,0.709959507,0.537450552,-0.00414604321,0.702754557,0.549080074,-0.00796240848,0.694348514,0.554524362,-0.00935560092,0.686841726,0.558060706,-0.00956813619,0.710967,0.537512064,-0.000670784328,0.703345239,0.547926903,-0.00401407899,0.695341825,0.553186834,-0.0048145405,0.688120425,0.55679214,-0.00460056681,0.709112167,0.537311256,0.00200924417,0.703129351,0.546232224,-0.000690748275,0.696891725,0.550856948,-0.00123666646,0.690982223,0.553970695,-0.000787845289
5450.00000000001,0.456870615,0.515690684,6.75022305e-009,0.46963802,0.521145701,-0.00889339857,0.474507123,0.530439615,-0.0110610789,0.476446718,0.539107323,-0.0114536257,0.478133559,0.545847297,-0.0106911603,0.457458586,0.538558066,-0.00495825289,0.46114552,0.549691141,-0.00709379977,0.466334373,0.55591619,-0.00925918855,0.470830828,0.560434639,-0.010626575,0.451743752,0.538714528,-0.0013394322,0.456578612,0.548725128,-0.00304728281,0.462387651,0.554564536,-0.00469771866,0.468005389,0.55862534,-0.00574056,0.449792773,0.538281798,0.00137882307,0.454944074,0.547519088,-0.000805269694,0.459753633,0.553155303,-0.00177046051,0.464434206,0.557492495,-0.00196069386,0.45024693,0.537981689,0.0033025227,0.45378527,0.546280801,0.00102228008,0.458086222,0.551426232,0.000485653494,0.462554276,0.555244327,0.000761482457
5466.666666666677,0.706781507,0.513839,1.36328666e-007,0.691879392,0.51827997,-0.00838802,0.686445534,0.528465033,-0.0105100153,0.683701,0.537691355,-0.0108406069,0.681175411,0.544796,-0.0101634264,0.704851091,0.537176073,-0.00712213246,0.698360503,0.549302518,-0.0101902606,0.690935075,0.5549348,-0.0119784754,0.684805751,0.558587968,-0.0126035223,0.710288763,0.537745774,-0.00328729767,0.703126073,0.549540639,-0.00640280917,0.694536328,0.554952085,-0.00746284146,0.686883628,0.558434546,-0.00754711777,0.711793542,0.537729144,-8.66590708e-005,0.703995109,0.548336565,-0.00287182746,0.695753515,0.553484917,-0.00343842758,0.688492119,0.556932271,-0.00317373849,0.710261,0.537488639,0.0023690972,0.703891873,0.54651773,8.67233e-005,0.697416067,0.551080287,-0.000217216133,0.69136411,0.554053962,0.000344206899
5466.666666666677,0.457204372,0.516399384,-6.32152952e-009,0.470319778,0.521650493,-0.00881238934,0.475511223,0.530726,-0.0111095021,0.477388024,0.539497316,-0.011624882,0.478820205,0.546234667,-0.0110207461,0.457264781,0.538249,-0.00630760938,0.460772574,0.549861908,-0.0087619219,0.466230512,0.556059778,-0.0107932827,0.470918894,0.560342729,-0.0119436765,0.451036036,0.538385689,-0.00276056607,0.456191748,0.548888266,-0.00499770232,0.462704539,0.554702759,-0.0065771169,0.46897617,0.558588684,-0.00743783265,0.449002892,0.538040519,-4.01801162e-006,0.454559594,0.547753215,-0.00278462097,0.460111201,0.553483129,-0.0038668483,0.465529948,0.55764693,-0.00396324834,0.449660927,0.537828267,0.00206184899,0.45364958,0.546438396,-0.00080939912,0.458590299,0.551608622,-0.00148079195,0.463708669,0.555159092,-0.00114744564
5483.333333333344,0.707490265,0.514293551,1.37083362e-007,0.692011237,0.51825583,-0.00881543383,0.685975373,0.528453052,-0.0110611,0.683318377,0.537722766,-0.0113809239,0.680758119,0.544839144,-0.0106786937,0.704401612,0.537609518,-0.00799647719,0.698216915,0.549878061,-0.0112251649,0.690780461,0.55559355,-0.0130015491,0.684517503,0.559232891,-0.0135625182,0.71023,0.538263381,-0.00390270608,0.703217626,0.550281584,-0.0072504282,0.694524944,0.555719197,-0.00833202805,0.686790407,0.559069633,-0.00833168253,0.711961627,0.538262248,-0.000414132635,0.704320312,0.549023628,-0.00331065757,0.696002305,0.554100633,-0.00387267186,0.688692153,0.557364643,-0.00352440844,0.710648417,0.537990689,0.00230928045,0.704361677,0.547164,4.79599403e-005,0.697829425,0.551667213,-0.000194804772,0.691782117,0.554505,0.000444722362
5483.333333333344,0.455288589,0.516542614,-1.13333085e-008,0.470865875,0.521441,-0.00845073443,0.476558357,0.530870557,-0.0103849312,0.477999,0.539800346,-0.0104570854,0.479071707,0.546515107,-0.00942641217,0.45713529,0.538385153,-0.00629065791,0.459433794,0.550171852,-0.00836084504,0.465099901,0.556029916,-0.00994875282,0.470343232,0.559898198,-0.0106220627,0.449712,0.538271725,-0.00256454456,0.452924609,0.549590707,-0.00430173101,0.460118115,0.555320501,-0.00540376455,0.467152596,0.558840573,-0.00580691081,0.447075903,0.537771344,0.000463729637,0.450944096,0.548102498,-0.00191571249,0.45728144,0.553699613,-0.0030788,0.463542074,0.5575068,-0.00319899,0.447549194,0.537490427,0.00290636928,0.450733334,0.546443224,0.000519864727,0.455770075,0.551606119,-0.000185404671,0.461251199,0.555095315,6.23802e-005
