time,X_NOSE,Y_NOSE,Z_NOSE,visibility_NOSE,X_LEFT_EYE_INNER,Y_LEFT_EYE_INNER,Z_LEFT_EYE_INNER,visibility_LEFT_EYE_INNER,X_LEFT_EYE,Y_LEFT_EYE,Z_LEFT_EYE,visibility_LEFT_EYE,X_LEFT_EYE_OUTER,Y_LEFT_EYE_OUTER,Z_LEFT_EYE_OUTER,visibility_LEFT_EYE_OUTER,X_RIGHT_EYE_OUTER,Y_RIGHT_EYE_OUTER,Z_RIGHT_EYE_OUTER,visibility_RIGHT_EYE_OUTER,X_RIGHT_EYE,Y_RIGHT_EYE,Z_RIGHT_EYE,visibility_RIGHT_EYE,X_RIGHT_EYE_OUTER,Y_RIGHT_EYE_OUTER,Z_RIGHT_EYE_OUTER,visibility_RIGHT_EYE_OUTER,X_LEFT_EAR,Y_LEFT_EAR,Z_LEFT_EAR,visibility_LEFT_EAR,X_RIGHT_EAR,Y_RIGHT_EAR,Z_RIGHT_EAR,visibility_RIGHT_EAR,X_MOUTH_LEFT,Y_MOUTH_LEFT,Z_MOUTH_LEFT,visibility_MOUTH_LEFT,X_MOUTH_RIGHT,Y_MOUTH_RIGHT,Z_MOUTH_RIGHT,visibility_MOUTH_RIGHT,X_LEFT_SHOULDER,Y_LEFT_SHOULDER,Z_LEFT_SHOULDER,visibility_LEFT_SHOULDER,X_RIGHT_SHOULDER,Y_RIGHT_SHOULDER,Z_RIGHT_SHOULDER,visibility_RIGHT_SHOULDER,X_LEFT_ELBOW,Y_LEFT_ELBOW,Z_LEFT_ELBOW,visibility_LEFT_ELBOW,X_RIGHT_ELBOW,Y_RIGHT_ELBOW,Z_RIGHT_ELBOW,visibility_RIGHT_ELBOW,X_LEFT_WRIST,Y_LEFT_WRIST,Z_LEFT_WRIST,visibility_LEFT_WRIST,X_RIGHT_WRIST,Y_RIGHT_WRIST,Z_RIGHT_WRIST,visibility_RIGHT_WRIST,X_LEFT_PINKY,Y_LEFT_PINKY,Z_LEFT_PINKY,visibility_LEFT_PINKY,X_RIGHT_PINKY,Y_RIGHT_PINKY,Z_RIGHT_PINKY,visibility_RIGHT_PINKY,X_LEFT_INDEX,Y_LEFT_INDEX,Z_LEFT_INDEX,visibility_LEFT_INDEX,X_RIGHT_INDEX,Y_RIGHT_INDEX,Z_RIGHT_INDEX,visibility_RIGHT_INDEX,X_LEFT_THUMB,Y_LEFT_THUMB,Z_LEFT_THUMB,visibility_LEFT_THUMB,X_RIGHT_THUMB,Y_RIGHT_THUMB,Z_RIGHT_THUMB,visibility_RIGHT_THUMB,X_LEFT_HIP,Y_LEFT_HIP,Z_LEFT_HIP,visibility_LEFT_HIP,X_RIGHT_HIP,Y_RIGHT_HIP,Z_RIGHT_HIP,visibility_RIGHT_HIP,X_LEFT_KNEE,Y_LEFT_KNEE,Z_LEFT_KNEE,visibility_LEFT_KNEE,X_RIGHT_KNEE,Y_RIGHT_KNEE,Z_RIGHT_KNEE,visibility_RIGHT_KNEE,X_LEFT_ANKLE,Y_LEFT_ANKLE,Z_LEFT_ANKLE,visibility_LEFT_ANKLE,X_RIGHT_ANKLE,Y_RIGHT_ANKLE,Z_RIGHT_ANKLE,visibility_RIGHT_ANKLE,X_LEFT_HEEL,Y_LEFT_HEEL,Z_LEFT_HEEL,visibility_LEFT_HEEL,X_RIGHT_HEEL,Y_RIGHT_HEEL,Z_RIGHT_HEEL,visibility_RIGHT_HEEL,X_LEFT_FOOT_INDEX,Y_LEFT_FOOT_INDEX,Z_LEFT_FOOT_INDEX,visibility_LEFT_FOOT_INDEX,X_RIGHT_FOOT_INDEX,Y_RIGHT_FOOT_INDEX,Z_RIGHT_FOOT_INDEX,visibility_RIGHT_FOOT_INDEX
0,-0.00449915044,-0.622725427,-0.25858885,0.999571502,0.00751917809,-0.644523561,-0.251271307,0.998906136,0.00997328,-0.645417809,-0.23987928,0.998918295,0.00862116,-0.645212054,-0.245115131,0.999299288,-0.0113517884,-0.655951262,-0.271948248,0.999167323,-0.0100594778,-0.653649688,-0.284562975,0.999292254,-0.00497613661,-0.641803205,-0.264962494,0.999390244,0.0301234908,-0.63703078,-0.155246213,0.999533415,-0.082905218,-0.590691924,-0.194474474,0.998549759,0.0173013285,-0.61679107,-0.211867824,0.99973923,-0.0122163,-0.581489623,-0.250097811,0.999724567,0.110963538,-0.481021672,-0.0352691673,0.999989271,-0.180162981,-0.519350708,-0.0454904586,0.999953151,0.1765683,-0.284525216,-0.00854162686,0.956467688,-0.229756579,-0.2408012,-0.0962321311,0.975398421,0.139897868,-0.119241446,-0.0338274352,0.973815143,-0.0793698728,-0.137896135,-0.165037736,0.971315622,0.109496363,-0.0738020092,-0.0393418446,0.970427573,-0.00579596916,-0.110097662,-0.213796347,0.964706719,0.0764983445,-0.0855266452,-0.0531515032,0.971693099,0.0372907519,-0.169155449,-0.21924381,0.963851094,0.128046274,-0.0985590294,-0.0390606336,0.960613132,-0.0511309057,-0.15562357,-0.17417039,0.944509447,0.0910874829,-0.00989009067,0.0436922051,0.999980569,-0.0885146186,0.00716333976,-0.0423641205,0.999972,0.162713975,0.395764083,0.0398462489,0.949353814,-0.041858457,0.337361902,-0.0373351872,0.962646127,0.216767386,0.696354508,0.231502369,0.968801856,-0.0544339307,0.716207147,0.151102766,0.980575085,0.203616709,0.728709221,0.254806459,0.818120241,-0.0538463183,0.748887897,0.128661349,0.780831575,0.251771122,0.76093334,0.224267781,0.96179527,-0.048409678,0.785293,0.060466893,0.96571511
16.666666666666668,-0.00516520347,-0.622130871,-0.272380888,0.999572814,0.00673662731,-0.64341706,-0.263290524,0.998896778,0.00914083514,-0.644158363,-0.252023727,0.998895586,0.00774574839,-0.643914759,-0.256850183,0.999280155,-0.0130672883,-0.654246092,-0.284151435,0.999166071,-0.0116043165,-0.652069151,-0.296961695,0.999294221,-0.00627153087,-0.640421271,-0.277036458,0.999397397,0.0300612189,-0.635646045,-0.162320316,0.999500155,-0.0850369558,-0.586998224,-0.202052385,0.998529792,0.0168735292,-0.616125643,-0.223466009,0.999720812,-0.0127608804,-0.580652475,-0.262451559,0.999709129,0.110616311,-0.481029928,-0.0349138454,0.999987602,-0.178137571,-0.518675208,-0.0560636707,0.999952853,0.176175416,-0.290966481,-0.00265935366,0.952105284,-0.217396587,-0.242723584,-0.104303136,0.975608766,0.142799541,-0.134453595,-0.0254277922,0.970645308,-0.072368145,-0.145083442,-0.173789248,0.971794,0.113136843,-0.0917867273,-0.0308469161,0.966867447,-0.00152824284,-0.120893523,-0.224978596,0.964904726,0.0807851702,-0.103463523,-0.0461910069,0.968412638,0.0415137894,-0.180905208,-0.229465827,0.964162946,0.131484702,-0.113793954,-0.0308343209,0.956247389,-0.0442140736,-0.162846312,-0.182493284,0.944748223,0.0899237841,-0.00990563165,0.0470172949,0.999979,-0.0875428915,0.00716203358,-0.0456405953,0.999970913,0.163045958,0.384566724,0.0582452938,0.943149328,-0.0396777466,0.325127453,-0.0365200453,0.960799694,0.216768488,0.690248489,0.246030509,0.966864109,-0.0577109791,0.70814842,0.147499725,0.979935169,0.203619897,0.723653138,0.26897642,0.815397382,-0.0582139641,0.741280556,0.124595657,0.775694847,0.254241586,0.75099206,0.234723538,0.960176945,-0.0483904593,0.772674203,0.0479643457,0.964710891
33.333333333333336,-0.00710411509,-0.622226655,-0.275140882,0.999565959,0.00525155198,-0.643419743,-0.26716736,0.998874187,0.00757217919,-0.644158781,-0.255823433,0.998865724,0.00620621676,-0.643915057,-0.260769427,0.999256372,-0.014928502,-0.654265106,-0.28735742,0.999153912,-0.0133945979,-0.652078092,-0.300094932,0.999287963,-0.00789159164,-0.640436292,-0.28015998,0.999396265,0.0299925841,-0.635393262,-0.168603584,0.999473631,-0.085141167,-0.586888611,-0.204752624,0.998510718,0.0155026326,-0.616163611,-0.22646594,0.9997,-0.0137873525,-0.580741942,-0.264624447,0.999690175,0.110508122,-0.481076777,-0.0384735465,0.999986053,-0.175664216,-0.519229,-0.0566266924,0.999952,0.176182538,-0.29229334,-0.0067976783,0.949426234,-0.211778536,-0.248607233,-0.103947662,0.975645602,0.143882856,-0.134948507,-0.0275747087,0.968399346,-0.0713043958,-0.147580937,-0.1716557,0.97232604,0.114690088,-0.0923845321,-0.0326205716,0.964583,-0.00126555155,-0.123460755,-0.22237055,0.965569317,0.0830964,-0.103319682,-0.0481037386,0.9662714,0.0416404866,-0.182070509,-0.227575243,0.96492,0.133163616,-0.114330538,-0.0328426361,0.953475296,-0.0435391515,-0.164915845,-0.180654719,0.945916474,0.0888917297,-0.00981744565,0.0469601415,0.999978662,-0.0865455121,0.00704449601,-0.045591183,0.999971,0.163233146,0.383972585,0.0570843741,0.942992806,-0.0396937877,0.324471653,-0.0364886075,0.961408675,0.216954261,0.690399289,0.241699949,0.967406809,-0.0582447648,0.707916915,0.145266965,0.980359316,0.203843698,0.723757625,0.264168173,0.818538785,-0.0589413866,0.741097093,0.121986091,0.779622078,0.257755458,0.751306713,0.230366513,0.960935771,-0.0502508841,0.773189962,0.0462872796,0.965549171
50.0,-0.00763316825,-0.622378,-0.273362458,0.999571383,0.00461671641,-0.643452525,-0.2650401,0.998877585,0.00690662768,-0.644190848,-0.25375089,0.998861253,0.00554811489,-0.64393872,-0.258547932,0.999248922,-0.0157094095,-0.654294968,-0.285054088,0.999164164,-0.014101522,-0.652110755,-0.297695339,0.9993,-0.00849777646,-0.640470266,-0.27783972,0.999410093,0.0296674892,-0.635372,-0.166575551,0.999458075,-0.0857364833,-0.586877406,-0.202508107,0.998532295,0.0149541218,-0.616268396,-0.224407569,0.99969,-0.0141706029,-0.580873966,-0.262595087,0.999683917,0.109463491,-0.481129736,-0.0349387974,0.99998492,-0.174376011,-0.519640267,-0.0560783781,0.999952495,0.17471084,-0.292800963,-0.00247190124,0.945720494,-0.207857087,-0.252079844,-0.102236375,0.97597605,0.143753603,-0.135451987,-0.021002965,0.96575278,-0.0707638562,-0.149410129,-0.167840764,0.973234355,0.114628382,-0.0928222388,-0.0247827936,0.961893916,-0.00131371105,-0.124977045,-0.218083173,0.966579735,0.0830084831,-0.103487708,-0.0403860211,0.963785768,0.0415896513,-0.182936609,-0.223223671,0.966032267,0.133107245,-0.114937544,-0.0260931533,0.950248778,-0.043240048,-0.166437522,-0.176663548,0.947541,0.0879563466,-0.00974681228,0.0472534187,0.999977589,-0.0856512263,0.00692847418,-0.0459075831,0.999970257,0.163855553,0.381879091,0.0553563461,0.939639449,-0.0391510576,0.320129067,-0.0389218554,0.959944844,0.217090666,0.690521955,0.233050853,0.96621865,-0.0614271872,0.705276132,0.141453281,0.979579508,0.203937158,0.72383821,0.254884243,0.815648258,-0.0627586693,0.738649189,0.118223883,0.773447812,0.257951,0.751497567,0.220061347,0.960114896,-0.050660044,0.770409703,0.0418670066,0.964665
66.66666666666667,-0.00763029326,-0.622443497,-0.276061833,0.999579191,0.00461321091,-0.643442571,-0.267269,0.998890698,0.00689486507,-0.644171953,-0.256029844,0.99886775,0.00552990939,-0.643912137,-0.260674834,0.999247313,-0.0158787519,-0.654206097,-0.287405103,0.999181032,-0.0142266713,-0.652052641,-0.300091773,0.999317944,-0.00859189499,-0.640431821,-0.280189574,0.999428,0.0297723226,-0.635125399,-0.167488128,0.999450386,-0.0861060321,-0.586059153,-0.204093173,0.998564124,0.0149630075,-0.616275549,-0.226793,0.999688208,-0.0141788973,-0.58087945,-0.265319109,0.999685347,0.109841101,-0.481133252,-0.0350452513,0.999984,-0.174111381,-0.519523,-0.0576664135,0.999953628,0.174720079,-0.294879615,-0.00270226062,0.943424702,-0.207184896,-0.252015412,-0.106844634,0.976530194,0.144311592,-0.141045913,-0.0237561241,0.96336025,-0.0697815865,-0.151286617,-0.185332686,0.974336624,0.115185313,-0.0986358449,-0.0284344703,0.959412277,-0.000934175332,-0.127229884,-0.238364041,0.967837214,0.0838643,-0.110236876,-0.0450100675,0.961525142,0.042344369,-0.185602486,-0.243403539,0.967374265,0.133738637,-0.120739624,-0.0291476,0.947309673,-0.042032253,-0.168335378,-0.19427973,0.949419439,0.0878815204,-0.00971572194,0.0476278253,0.999977171,-0.0856092721,0.00687189167,-0.0462135896,0.999970496,0.164128542,0.380352378,0.0545291081,0.9391675,-0.0379225872,0.318746567,-0.039144814,0.960510433,0.216875806,0.688564301,0.237238228,0.966157317,-0.063799,0.702505946,0.141532555,0.979827344,0.20363462,0.722175181,0.260071188,0.816687,-0.0655585676,0.735738158,0.118417874,0.77371031,0.256689,0.751407743,0.22517699,0.960435748,-0.0514685363,0.76868695,0.0413208418,0.965184748
83.33333333333334,-0.00767082907,-0.6224612,-0.279476732,0.999579549,0.00455373572,-0.643436,-0.270850956,0.998884439,0.00682079233,-0.644155324,-0.259502083,0.998856664,0.00544860493,-0.643894315,-0.264265478,0.999233842,-0.0160913616,-0.654169917,-0.29120037,0.999180317,-0.0143806301,-0.652025759,-0.303979367,0.999320745,-0.00873760879,-0.640418,-0.283950597,0.999431551,0.0297160335,-0.635088801,-0.170759916,0.999435663,-0.0864549577,-0.585861,-0.208225787,0.998565137,0.0148792481,-0.616294801,-0.230059326,0.999677896,-0.0142442463,-0.580893159,-0.268932939,0.999676943,0.109573059,-0.48140654,-0.0369938463,0.999982953,-0.173581123,-0.51953131,-0.0611439459,0.99995327,0.173597261,-0.297898412,-0.0051624258,0.94238776,-0.207172453,-0.252082884,-0.114829428,0.976935446,0.144670844,-0.14313595,-0.0269927066,0.962513149,-0.069218643,-0.151815191,-0.195907205,0.975143135,0.1160338,-0.100111768,-0.0316265,0.958455801,-0.00062814675,-0.127562672,-0.248735666,0.968743324,0.085192278,-0.110811,-0.048729524,0.960698664,0.042985402,-0.185926944,-0.253305078,0.968351424,0.134391457,-0.122224689,-0.0326185,0.946238458,-0.0413338915,-0.16883938,-0.204781845,0.950794518,0.0875109062,-0.0096883364,0.0477339178,0.999976218,-0.0852754116,0.00682374882,-0.0463064052,0.99996984,0.164169788,0.380700171,0.0539800189,0.93851018,-0.0381163172,0.318640858,-0.0394427739,0.960826814,0.216888741,0.68858707,0.236461863,0.966163576,-0.0659212321,0.70283556,0.139222279,0.980014861,0.203636989,0.722192228,0.259090126,0.817022324,-0.0677397102,0.736026585,0.115921512,0.774220586,0.256646305,0.751572728,0.224554136,0.960614145,-0.054939162,0.769031525,0.0392250605,0.96551615
100.00000000000001,-0.00739687961,-0.622245193,-0.281578481,0.999577761,0.00460546976,-0.643076539,-0.272756249,0.998868942,0.00685329409,-0.643755674,-0.261469185,0.998833954,0.00548396446,-0.643479168,-0.266095072,0.999212801,-0.0160814039,-0.653543,-0.293648392,0.999177098,-0.0143601019,-0.651446342,-0.306465477,0.999322653,-0.00870121922,-0.639875233,-0.286436051,0.9994362,0.0295088962,-0.634867,-0.171944052,0.999412656,-0.0869367123,-0.584773302,-0.212005794,0.998563766,0.0149547271,-0.616074443,-0.231857345,0.999668062,-0.0141480295,-0.580564618,-0.271470696,0.999670863,0.109043814,-0.481577128,-0.0369991809,0.999982,-0.173470959,-0.519284904,-0.0657423511,0.999953806,0.17214261,-0.299355477,-0.00429279823,0.9390921,-0.206208944,-0.251954854,-0.118101552,0.977316618,0.144313544,-0.145344183,-0.0263333227,0.959604502,-0.0689655393,-0.152166694,-0.197010309,0.975820899,0.115704052,-0.102617115,-0.0310354251,0.955301642,-0.000621774176,-0.12826845,-0.249630928,0.969399214,0.085002318,-0.113677941,-0.0479913764,0.957810223,0.0429561138,-0.186670065,-0.254120618,0.969087422,0.134081841,-0.124567568,-0.0319507793,0.942464769,-0.0411981866,-0.169241279,-0.205681399,0.951725543,0.0874119103,-0.00967647694,0.0489570946,0.999975145,-0.085209541,0.00678901374,-0.0475067645,0.999969304,0.164508194,0.380243719,0.0572707877,0.935720742,-0.0364475138,0.316966,-0.0394323282,0.960286677,0.216483697,0.687047124,0.245249391,0.964796066,-0.072790347,0.701498926,0.140398711,0.979682744,0.203089222,0.720739603,0.268601388,0.814196408,-0.0757924095,0.734804273,0.117541477,0.76979214,0.255927682,0.750896156,0.233421713,0.959588468,-0.0575618446,0.767909586,0.0398273207,0.965068638
116.66666666666669,-0.0082887169,-0.622254133,-0.285934836,0.99957341,0.00392564293,-0.643017352,-0.277361423,0.998847485,0.00614039693,-0.643671393,-0.266032815,0.998806953,0.00475571398,-0.643400311,-0.270597547,0.999189377,-0.0171299633,-0.65348196,-0.297769845,0.999165118,-0.0153246447,-0.651391804,-0.310634881,0.999316633,-0.00965516828,-0.639836669,-0.290513664,0.999433577,0.0295005701,-0.634306,-0.176534817,0.999386787,-0.0873765647,-0.584484935,-0.214371,0.998538554,0.0143242208,-0.616027415,-0.236227199,0.999653459,-0.0148710739,-0.58055681,-0.275248617,0.999659121,0.109013639,-0.481487453,-0.0412398055,0.999981,-0.173256189,-0.519275606,-0.0666478351,0.99995333,0.17159909,-0.299744874,-0.00912408344,0.938061833,-0.205929577,-0.25297606,-0.118035749,0.976953566,0.144303739,-0.145299628,-0.031197397,0.958318174,-0.068826586,-0.152765885,-0.196334109,0.975650489,0.115818799,-0.102465868,-0.0363261551,0.953797,-0.000584784837,-0.128642857,-0.248890832,0.969120681,0.0850927234,-0.113313198,-0.0535757467,0.956463337,0.0430824086,-0.186972246,-0.253704637,0.968915284,0.134083018,-0.124387786,-0.0368568264,0.940677166,-0.0409211,-0.169759601,-0.205245018,0.951459706,0.0873285308,-0.00966795161,0.0490087196,0.999974489,-0.0851475373,0.00676654838,-0.047550153,0.999969,0.164519802,0.379242837,0.0576202534,0.934084594,-0.036298614,0.315912634,-0.0391368866,0.960116506,0.216339499,0.685761929,0.246030048,0.964414716,-0.0734343901,0.701701045,0.137229666,0.979988575,0.202850506,0.719468415,0.269329,0.812630236,-0.0762662962,0.734915853,0.113743261,0.770144522,0.253788441,0.750623941,0.233461007,0.959438443,-0.0583592691,0.768268406,0.0306298211,0.965613604
133.33333333333334,-0.00893851,-0.622217655,-0.288694322,0.999572,0.00353884045,-0.64274919,-0.279476464,0.998832464,0.00574496249,-0.643345177,-0.268212229,0.998782158,0.00431297254,-0.643077135,-0.272736,0.999170065,-0.0179632828,-0.653209269,-0.299662709,0.999157667,-0.0161295887,-0.651147485,-0.312588781,0.999312043,-0.0104276976,-0.63963747,-0.292426676,0.999431968,0.0297106206,-0.633423924,-0.177468,0.999361813,-0.0880037919,-0.583898,-0.214696765,0.998509347,0.0140443612,-0.615926147,-0.238828436,0.999640942,-0.0155001692,-0.580517352,-0.277508467,0.999648809,0.109038427,-0.481416821,-0.0415497385,0.99998,-0.173245743,-0.519143343,-0.0682140365,0.999953091,0.171551332,-0.30017221,-0.00913758,0.935371101,-0.205998555,-0.253156036,-0.121622577,0.976734161,0.144623011,-0.146170944,-0.0311063956,0.95569545,-0.0684558749,-0.153509438,-0.201703817,0.9754107,0.116235077,-0.103283204,-0.0362360068,0.950912178,-0.000377114193,-0.129307881,-0.254830271,0.968636096,0.0852919295,-0.114043854,-0.05350269,0.953781843,0.0433862954,-0.18775548,-0.259551883,0.968511522,0.134338737,-0.125125527,-0.0367375202,0.937142372,-0.0404640175,-0.170386866,-0.210609972,0.950744092,0.0871741846,-0.00967855,0.0500248149,0.999973476,-0.0850210711,0.0067628012,-0.0485226735,0.99996829,0.164366126,0.377649,0.061522156,0.929209113,-0.0359290801,0.31356737,-0.0391110554,0.958833039,0.215545461,0.685036719,0.252046019,0.962618709,-0.075267151,0.699574053,0.136169448,0.979484558,0.202149138,0.718904197,0.275550425,0.809020519,-0.0781743303,0.732769072,0.112654097,0.765459657,0.253959715,0.748104692,0.239910826,0.957740307,-0.0585283637,0.764866471,0.0297559891,0.964764357
150.0,-0.0100942263,-0.622738,-0.287814379,0.99957484,0.0025808597,-0.642982125,-0.27868259,0.998833835,0.00480161048,-0.643554449,-0.267411262,0.998776853,0.00333423121,-0.643285573,-0.271976203,0.999163866,-0.0193790048,-0.653434455,-0.298907399,0.999162674,-0.0175016429,-0.651385844,-0.311810881,0.999317408,-0.0117766028,-0.639910936,-0.291683614,0.999438465,0.0296440292,-0.633397102,-0.177146301,0.999347627,-0.0893634334,-0.583901465,-0.214523077,0.998508394,0.0132352412,-0.616238773,-0.238090411,0.999632835,-0.0166707858,-0.58088094,-0.276765555,0.999642432,0.109020934,-0.481397092,-0.0412034392,0.9999789,-0.173252463,-0.519157469,-0.067743957,0.999953091,0.171528414,-0.300240368,-0.00912867766,0.932704568,-0.205674782,-0.25347206,-0.120993614,0.976547718,0.14525409,-0.146554485,-0.0316636078,0.953289568,-0.0682981685,-0.154094219,-0.200659275,0.97550106,0.117312707,-0.10382092,-0.0369244255,0.9484694,-0.000348658126,-0.129887864,-0.253597498,0.968741536,0.0865707695,-0.114804313,-0.054225754,0.951558292,0.0434811227,-0.188396454,-0.258475423,0.968692243,0.135114416,-0.125658393,-0.0373529084,0.934327245,-0.04028292,-0.171000391,-0.209629834,0.950975418,0.087053,-0.0096548982,0.0503692888,0.999972582,-0.0849165097,0.00671786256,-0.0488449298,0.999967813,0.162832573,0.377552301,0.0622219481,0.924999893,-0.0358402915,0.313386,-0.0398574248,0.95814,0.212878168,0.685097158,0.252115428,0.960770309,-0.0750745162,0.699788511,0.129600048,0.979206443,0.199390903,0.719012797,0.275552,0.80480212,-0.0778379366,0.733,0.105620638,0.762436926,0.251919,0.748228192,0.241066664,0.956193924,-0.0584625378,0.765236437,0.0235478599,0.964375734
166.66666666666666,-0.0122994892,-0.62339282,-0.279043555,0.99958539,0.000927848101,-0.643306851,-0.270001262,0.998857141,0.00320400321,-0.643913209,-0.258786231,0.998793542,0.00168338104,-0.643635452,-0.263499171,0.999175489,-0.0210673325,-0.65404433,-0.289034486,0.999183595,-0.0192499403,-0.65197885,-0.301650763,0.999334216,-0.0135038765,-0.640498877,-0.281769931,0.999454379,0.0296128,-0.633391857,-0.169558838,0.999349475,-0.0896131322,-0.584282875,-0.202156544,0.998538375,0.0119519169,-0.616764188,-0.229937792,0.999633074,-0.0180955492,-0.581621885,-0.266900063,0.999644637,0.108885646,-0.481373638,-0.0360611416,0.999978304,-0.172756433,-0.519780219,-0.0574515872,0.999953628,0.171538,-0.300167441,-0.00441633724,0.930876195,-0.205140695,-0.254791,-0.113495663,0.976601183,0.145877928,-0.146510631,-0.0230848026,0.95231986,-0.0680675283,-0.154676899,-0.194999561,0.976094842,0.118163824,-0.103812538,-0.0270028096,0.947535813,-0.000265798823,-0.130114451,-0.24706769,0.969477475,0.0873267502,-0.114552669,-0.0435858779,0.950676441,0.0435192883,-0.188316122,-0.252399117,0.969462812,0.135885522,-0.125666767,-0.0283100568,0.933186948,-0.0401579179,-0.171371385,-0.204031721,0.952159703,0.086558871,-0.00957568,0.0503317229,0.999972045,-0.084402591,0.00662782602,-0.0488040671,0.999967456,0.163109899,0.377685,0.0578383841,0.920896351,-0.0355058275,0.312432855,-0.0443648286,0.956432641,0.212982789,0.685739815,0.243909791,0.958926082,-0.0741946474,0.698018193,0.125821501,0.978241682,0.199485749,0.719670653,0.266834229,0.799775779,-0.0769833848,0.73118782,0.101910591,0.757076383,0.253088802,0.748308241,0.234708771,0.954399705,-0.0579439774,0.7625072,0.023526933,0.963104427
183.33333333333331,-0.0135082165,-0.623514295,-0.279507279,0.999597132,0.000236432548,-0.643307567,-0.270174891,0.998885751,0.00252955966,-0.643912196,-0.258965105,0.998820066,0.000947957451,-0.643630445,-0.263653159,0.999190629,-0.0222994424,-0.654044747,-0.289105564,0.999205351,-0.0205267482,-0.651983321,-0.301725715,0.99935329,-0.0147416778,-0.640510321,-0.281838566,0.999470472,0.0302507132,-0.633129537,-0.169042289,0.999356747,-0.0903777853,-0.584186196,-0.200666457,0.998568058,0.0115579478,-0.616808712,-0.2301476,0.999637246,-0.0191414841,-0.581707358,-0.2669864,0.999649465,0.110316962,-0.481353223,-0.0348577909,0.999977887,-0.172812507,-0.519779,-0.0547179,0.999954164,0.17193681,-0.300608963,-0.00262451172,0.931111813,-0.205086753,-0.254731208,-0.109760314,0.976521373,0.14671734,-0.14878197,-0.0231414307,0.952641189,-0.0673680156,-0.154778987,-0.19453311,0.976525843,0.118889041,-0.106075838,-0.0274360385,0.947869241,0.000566915201,-0.130094901,-0.247011676,0.97005,0.0881549194,-0.117168374,-0.04395983,0.951025784,0.0447322913,-0.188460588,-0.252651423,0.970080435,0.136680052,-0.12799263,-0.0284408424,0.933617294,-0.0391068049,-0.171490759,-0.203661099,0.953072965,0.0866572931,-0.00952644367,0.0503228381,0.999971926,-0.0845125169,0.00658610649,-0.0487872399,0.999967515,0.163047582,0.37814188,0.0577269346,0.922184467,-0.0355114453,0.311902344,-0.0434785709,0.957099855,0.212299,0.686848521,0.245982736,0.959644377,-0.0739676952,0.69801712,0.12709032,0.978717744,0.198715866,0.720995963,0.269403338,0.802369952,-0.0766743645,0.731268346,0.103250466,0.760245085,0.25151208,0.751139283,0.236726955,0.955136418,-0.0583639257,0.762768,0.0239380077,0.963803291
199.99999999999997,-0.0143337874,-0.62351042,-0.279683203,0.999599099,-0.000583296351,-0.643239,-0.270379484,0.998884737,0.00171301421,-0.643848717,-0.259160161,0.998815417,0.000104083701,-0.643550932,-0.263860911,0.999184489,-0.0232184753,-0.653991818,-0.289287627,0.999208033,-0.0214539319,-0.651936531,-0.301910222,0.999357045,-0.0156581327,-0.640458047,-0.282015264,0.999474,0.0301117,-0.63308537,-0.16906102,0.999348879,-0.0911205336,-0.584174395,-0.200805843,0.998570323,0.0109317293,-0.616816163,-0.230235502,0.999631941,-0.0198646691,-0.581721306,-0.267081499,0.999645531,0.110306583,-0.481567532,-0.034892384,0.999977291,-0.172910362,-0.519897401,-0.0548149906,0.999954283,0.171815127,-0.300604731,-0.00305719697,0.929784894,-0.204802722,-0.254692823,-0.109807737,0.976642609,0.146999,-0.149820656,-0.0242382698,0.951864362,-0.0673402846,-0.15486604,-0.194323301,0.977017462,0.119419843,-0.107376307,-0.0287256334,0.947215319,0.000566604314,-0.130099922,-0.246700272,0.970700502,0.0889830068,-0.118663765,-0.0453182422,0.950443208,0.0447237045,-0.188503504,-0.252410978,0.970773757,0.137147,-0.129261211,-0.0296142753,0.932898104,-0.0391018875,-0.171607867,-0.203502402,0.954114318,0.0866463408,-0.00947923493,0.0503141098,0.999971509,-0.0845002,0.0065363883,-0.0487769768,0.999967337,0.162356198,0.378139108,0.0558579117,0.922283351,-0.0356647782,0.311706871,-0.0434024706,0.957496,0.210393906,0.686912715,0.244638324,0.960055411,-0.074373737,0.698004961,0.127662033,0.979030669,0.196675614,0.721087694,0.268073946,0.804074883,-0.0770311356,0.731308937,0.103894979,0.762011528,0.249890611,0.751283288,0.235678777,0.955582082,-0.0595260188,0.762910306,0.0245998055,0.964267
216.66666666666663,-0.0151647292,-0.623508453,-0.282497466,0.999603212,-0.00138606934,-0.643160343,-0.273091823,0.998888254,0.000864918693,-0.643761575,-0.261854112,0.998811841,-0.000735370093,-0.643467784,-0.266608536,0.99918,-0.0244147,-0.653903246,-0.291990966,0.999214232,-0.0226097163,-0.651865661,-0.304740936,0.99936223,-0.0168293379,-0.640389681,-0.284750581,0.999479473,0.0300289728,-0.63287437,-0.170804545,0.999336,-0.0922362506,-0.583931923,-0.202216297,0.998569846,0.0103822397,-0.616810501,-0.232583299,0.99962604,-0.0206249543,-0.581719518,-0.269554555,0.99964124,0.110350579,-0.481235385,-0.0363367386,0.999976218,-0.173069462,-0.519907057,-0.0562260523,0.999954,0.171803176,-0.300411463,-0.00901929103,0.928530633,-0.205211177,-0.254647315,-0.115482368,0.976684153,0.147558719,-0.15025492,-0.0366956666,0.951181948,-0.0674969,-0.155619174,-0.208504096,0.97751385,0.1202797,-0.108034283,-0.0434097499,0.946570396,0.000431987311,-0.130951062,-0.263328195,0.971331596,0.0897023603,-0.119523518,-0.0601832494,0.949911237,0.0447551981,-0.189757228,-0.269001842,0.971457779,0.137748867,-0.129826918,-0.0423640423,0.932141066,-0.0391363055,-0.172431454,-0.218111604,0.955040514,0.086610347,-0.00945852883,0.0503468886,0.999969721,-0.0844734237,0.00650228886,-0.0488012023,0.999965787,0.161885619,0.377655506,0.0579110608,0.917181194,-0.0364976265,0.31204316,-0.0417602547,0.95554477,0.209549755,0.687207,0.244354457,0.958562851,-0.0770533085,0.69857645,0.128483266,0.978098,0.195762023,0.721488774,0.267513365,0.799959421,-0.0797728077,0.731858075,0.10462717,0.754794121,0.249560833,0.750691175,0.234206811,0.954254448,-0.0618238747,0.763125479,0.0249357373,0.962839186
233.3333333333333,-0.0158948302,-0.62346822,-0.278273582,0.999607563,-0.00259623607,-0.643044114,-0.269292206,0.998893619,-0.000347212976,-0.643666387,-0.258066565,0.998813331,-0.00191489013,-0.643371224,-0.262936175,0.999180734,-0.0253130049,-0.653838396,-0.288382649,0.99922359,-0.0235780142,-0.651785612,-0.30101,0.999370456,-0.017794596,-0.640289664,-0.28110832,0.999487519,0.0283380374,-0.632837653,-0.167496502,0.999332428,-0.0932704732,-0.583825946,-0.200099975,0.99858588,0.00950318389,-0.616811633,-0.228380471,0.999626219,-0.0212827772,-0.581708908,-0.26555559,0.999643385,0.109268688,-0.481271416,-0.0347214192,0.999976039,-0.173327088,-0.519934773,-0.0537007675,0.9999547,0.171525747,-0.300376415,-0.00754863676,0.927836299,-0.205352113,-0.254289448,-0.112889923,0.977008462,0.147633389,-0.150079653,-0.0342200547,0.951519549,-0.0682732761,-0.155312315,-0.206192881,0.978452384,0.120459318,-0.107825898,-0.0403758585,0.947021,-0.000668593391,-0.130735487,-0.26085043,0.972570598,0.0898828879,-0.119270086,-0.056795422,0.950350404,0.0436493345,-0.18938978,-0.266969144,0.972710192,0.13789466,-0.129637063,-0.0397602431,0.93273896,-0.040155191,-0.172171652,-0.215964034,0.956923068,0.0864864,-0.0093616955,0.050271228,0.999969125,-0.0843409374,0.00639034156,-0.048709318,0.99996537,0.161855772,0.378201157,0.0564323,0.915355146,-0.0366872549,0.312161475,-0.0418843813,0.954922855,0.209087029,0.688618183,0.243610054,0.957594931,-0.0776125789,0.698634446,0.126749381,0.978043258,0.195151895,0.72277391,0.266766965,0.796656609,-0.0804542601,0.73193258,0.102589928,0.754398942,0.248475879,0.751366735,0.234119982,0.953367054,-0.0647147521,0.763162255,0.0242233835,0.962869704
249.99999999999994,-0.0160168484,-0.623349547,-0.286741346,0.999616444,-0.00267000799,-0.642855048,-0.278053463,0.998913586,-0.000430720509,-0.643464863,-0.266670704,0.998833477,-0.00199117488,-0.643151104,-0.271349907,0.999191403,-0.0254204273,-0.653651655,-0.29696092,0.999241054,-0.0236728918,-0.651592612,-0.309668154,0.999386907,-0.0178996157,-0.640101969,-0.289648533,0.999501407,0.0284027029,-0.632485151,-0.174755707,0.999339044,-0.0934594721,-0.583676398,-0.207127,0.998617113,0.00935164653,-0.616589308,-0.236291915,0.999630153,-0.0214746185,-0.58157,-0.273519933,0.999649,0.109457217,-0.481122285,-0.0401566699,0.999975801,-0.17345193,-0.519926429,-0.0557738692,0.999955177,0.171664715,-0.300322354,-0.0103771752,0.928794444,-0.20510973,-0.254288197,-0.112847149,0.977229953,0.147641525,-0.149930969,-0.0351560824,0.951886356,-0.0683103129,-0.155096099,-0.204813689,0.979003727,0.120426014,-0.107679889,-0.0410912186,0.947270751,-0.000757131609,-0.130505055,-0.259068549,0.973240256,0.0898839235,-0.119112,-0.0578293651,0.950654,0.0435597785,-0.189076051,-0.265104473,0.973425686,0.137911096,-0.129489273,-0.0407566,0.933134377,-0.0401749909,-0.17193982,-0.214506596,0.957958579,0.0864909589,-0.00927138049,0.0495823547,0.999968767,-0.0843557119,0.00629464583,-0.0480034202,0.99996525,0.161572948,0.379002035,0.0536518544,0.917289,-0.037404947,0.312181532,-0.0372050218,0.95523715,0.208413228,0.688986063,0.242046237,0.958248556,-0.0789976493,0.699600697,0.135038763,0.978415787,0.194296211,0.723069906,0.265244842,0.797936261,-0.0818795189,0.733164847,0.111202657,0.755892098,0.243859693,0.752007306,0.230266348,0.9541049,-0.0692985803,0.763242662,0.0287296083,0.963484943
266.66666666666663,-0.0161536261,-0.623320103,-0.287904561,0.999614358,-0.0028889922,-0.642812729,-0.279147685,0.998902,-0.000658408739,-0.643397212,-0.267746031,0.99882,-0.00220512203,-0.643081546,-0.272479147,0.999178469,-0.0256086923,-0.653579235,-0.298443526,0.999235511,-0.023857573,-0.651508808,-0.311184555,0.999385238,-0.0180646274,-0.640032709,-0.291116476,0.999500573,0.0280370452,-0.632469535,-0.176086873,0.999327779,-0.0939193666,-0.583632171,-0.209810987,0.998610616,0.00900246203,-0.616585076,-0.23740238,0.999622226,-0.0217199568,-0.581555367,-0.275104702,0.999641716,0.10914892,-0.481515557,-0.0408371761,0.999974906,-0.173612431,-0.519926965,-0.0596252903,0.9999547,0.171662018,-0.30227226,-0.0103179831,0.928611815,-0.205076531,-0.254290849,-0.11369551,0.977568,0.147958323,-0.150253683,-0.0345046781,0.951139092,-0.0682443306,-0.154600427,-0.204194233,0.979403198,0.120868117,-0.107879832,-0.0402857475,0.946330845,-0.000677652,-0.130038112,-0.258158058,0.97372371,0.0904065222,-0.119046584,-0.057151176,0.949787259,0.043762438,-0.188697889,-0.26422298,0.973939836,0.13832432,-0.129651055,-0.0401881,0.932063341,-0.0400530621,-0.171489269,-0.213868231,0.958704829,0.0864477083,-0.00925744,0.0496737063,0.99996835,-0.0843172669,0.00627758028,-0.0481046028,0.999964952,0.158995017,0.378896803,0.0536323264,0.919727147,-0.0386557244,0.312529355,-0.036221832,0.956582725,0.203393936,0.689362109,0.239084929,0.959529161,-0.0819846913,0.7003299,0.134203047,0.97919035,0.189070791,0.723575234,0.261716604,0.802804291,-0.0851573497,0.733974338,0.110000543,0.761745274,0.240992814,0.751922548,0.225453898,0.95540905,-0.073350139,0.763351381,0.0273060091,0.96464467
283.3333333333333,-0.0169524588,-0.62333864,-0.282945573,0.999626517,-0.00366311683,-0.642839789,-0.274697959,0.998934209,-0.00138744921,-0.643431127,-0.263252199,0.998853,-0.00292177801,-0.64311403,-0.268215328,0.999201059,-0.026143644,-0.653675377,-0.293637842,0.999259055,-0.0244010109,-0.65158093,-0.306246191,0.999404311,-0.0186190698,-0.640100181,-0.286297709,0.999516308,0.0276964344,-0.632599413,-0.173410222,0.99934423,-0.0940000936,-0.583965778,-0.205580249,0.998651564,0.00824081153,-0.616672337,-0.232947186,0.999626815,-0.0222668331,-0.58164525,-0.270002484,0.999646068,0.108633891,-0.481765091,-0.0394176431,0.999974847,-0.173394322,-0.520623744,-0.0552728213,0.999955,0.171640947,-0.302039742,-0.00885863416,0.92850107,-0.205116764,-0.255105972,-0.106072292,0.977764726,0.148081496,-0.148845553,-0.0286832396,0.951326132,-0.0684814826,-0.154438943,-0.185867622,0.979750097,0.121078737,-0.106366269,-0.0330084786,0.946595848,-0.00090844417,-0.12955077,-0.237096488,0.974192679,0.0907844603,-0.116664566,-0.049214609,0.950029075,0.0435139276,-0.187785596,-0.243126273,0.974420428,0.13861388,-0.12819396,-0.0340213031,0.932395399,-0.0403745286,-0.171261743,-0.195399314,0.959496,0.0861267522,-0.00916540902,0.0491847545,0.999968588,-0.0839590877,0.00618912792,-0.047642719,0.999965191,0.158850759,0.379830927,0.047273837,0.92140615,-0.0403815098,0.313429356,-0.0383905768,0.957333446,0.202404097,0.692407906,0.223763585,0.960497081,-0.0831520334,0.702365577,0.129010156,0.979638278,0.187886029,0.726649225,0.245383501,0.805880487,-0.0864192396,0.736210942,0.104417555,0.766013205,0.240489662,0.753677785,0.21172215,0.956345797,-0.0785378143,0.765304387,0.0256474316,0.965412796
300.0,-0.0171441678,-0.623391807,-0.28643617,0.999632776,-0.00370325218,-0.642831087,-0.277071208,0.998945355,-0.00142515649,-0.643417478,-0.265743583,0.998860896,-0.00299579673,-0.643091083,-0.270510018,0.999201655,-0.0264167208,-0.653601289,-0.295597523,0.999268115,-0.0246727113,-0.651553869,-0.308303624,0.999413192,-0.0188705567,-0.640085757,-0.288260043,0.999522686,0.0286552925,-0.632547081,-0.173651919,0.99934119,-0.0942407399,-0.583870649,-0.205485076,0.998658955,0.00824327301,-0.616711199,-0.235899046,0.999626517,-0.0224388912,-0.58170265,-0.272457868,0.999646306,0.110230297,-0.482068688,-0.0394015312,0.99997437,-0.173848242,-0.520675898,-0.0550853424,0.99995482,0.171738386,-0.302315086,-0.0092080934,0.927998662,-0.205290303,-0.255110383,-0.106178805,0.977262795,0.148735479,-0.149509043,-0.0340434387,0.950409591,-0.0691124797,-0.15574123,-0.194104731,0.979567707,0.121957585,-0.106844276,-0.0406801812,0.94557029,-0.00161045673,-0.130849645,-0.248369306,0.973842919,0.0916811898,-0.117124036,-0.0576115921,0.949127078,0.0430263206,-0.189830154,-0.255134881,0.974117339,0.139186814,-0.128565371,-0.0398492739,0.931098759,-0.0407661311,-0.17241,-0.204230294,0.958785594,0.0865167677,-0.009169247,0.0491464734,0.999967754,-0.0843850523,0.00619986933,-0.0475621745,0.999964416,0.158874735,0.379408449,0.0480871201,0.921096623,-0.0414877571,0.313472331,-0.0334783718,0.956403732,0.20195137,0.691700339,0.231767878,0.96018213,-0.0876326,0.702291667,0.138428807,0.97912246,0.187483206,0.726078331,0.254783,0.805943549,-0.0910983533,0.73610884,0.114895418,0.762862384,0.239639342,0.753079832,0.219533533,0.955646396,-0.0849343613,0.765044928,0.0354083069,0.964226
316.6666666666667,-0.0169786401,-0.623416901,-0.289578825,0.999637485,-0.00342644565,-0.642842412,-0.279748231,0.998956382,-0.0011730385,-0.643423319,-0.268417597,0.998870373,-0.00276638777,-0.643091679,-0.273091614,0.99920541,-0.0262605492,-0.65359354,-0.298374563,0.999276459,-0.0245139971,-0.651549518,-0.311115593,0.999421,-0.0187109951,-0.640087,-0.291039288,0.999528885,0.0292178541,-0.632546842,-0.175065741,0.999343097,-0.0942270234,-0.583849669,-0.206922561,0.998670697,0.00841602497,-0.616719127,-0.238853738,0.999628484,-0.0223748181,-0.581708133,-0.275589049,0.999648333,0.110823356,-0.482231528,-0.0400299802,0.999974072,-0.173928857,-0.520542204,-0.0560278669,0.999954581,0.172810182,-0.303204894,-0.00916644745,0.928915918,-0.20530194,-0.255070388,-0.107842281,0.977502286,0.150257409,-0.149728388,-0.0333051533,0.950562656,-0.0691206604,-0.155761614,-0.198829651,0.979884,0.123394221,-0.106950834,-0.039729055,0.945471108,-0.00162407814,-0.130956098,-0.254097521,0.974064052,0.0932759345,-0.117139481,-0.0570490509,0.949068308,0.0430221856,-0.189939827,-0.260399699,0.974356532,0.140723139,-0.128624871,-0.03921232,0.931030691,-0.0407515764,-0.172415599,-0.208840951,0.959041178,0.0866935924,-0.00918679,0.0490518101,0.999967158,-0.0845822096,0.0062128054,-0.0474429801,0.99996388,0.158367634,0.379426241,0.0505723134,0.922811866,-0.0422068387,0.314349711,-0.0313320607,0.956857204,0.201350242,0.691954195,0.23539187,0.961060107,-0.0890686139,0.704492,0.1441883,0.979408622,0.186833411,0.726455808,0.258522391,0.808332145,-0.0925415307,0.73849982,0.121043228,0.764617383,0.237264365,0.754560947,0.221429467,0.956304789,-0.0876030773,0.767623961,0.0399568677,0.964462
333.33333333333337,-0.0168789793,-0.623842657,-0.276904881,0.999633968,-0.00340723502,-0.643335342,-0.267918438,0.998939037,-0.00115763408,-0.643975496,-0.256557554,0.998849869,-0.00274147629,-0.643635154,-0.261536896,0.999193549,-0.0260554906,-0.654246271,-0.286704063,0.999266863,-0.024312105,-0.652152181,-0.299216121,0.999412894,-0.0185104925,-0.640634537,-0.27946648,0.999523759,0.0288863946,-0.633284032,-0.16756539,0.999329448,-0.0938080251,-0.584758759,-0.199816465,0.998657286,0.00841696933,-0.617300689,-0.227594465,0.999621928,-0.0222023297,-0.582249165,-0.264369845,0.999642491,0.110544108,-0.482405573,-0.0352216512,0.999973774,-0.173502743,-0.520934105,-0.0527754575,0.999954045,0.173028126,-0.302562147,-0.00397626311,0.929298878,-0.205230489,-0.255575687,-0.105320744,0.977996409,0.150966763,-0.146526977,-0.0218449067,0.951411784,-0.0691543296,-0.155511379,-0.18662636,0.980387,0.124367729,-0.103241317,-0.0256485492,0.946326554,-0.00173066673,-0.130356669,-0.239023611,0.97458446,0.0941009074,-0.112021387,-0.0424814485,0.949884176,0.0429146886,-0.188517049,-0.244331703,0.97487545,0.14159,-0.12519,-0.0273886044,0.932140708,-0.0408457033,-0.171987101,-0.195872203,0.959884822,0.0864619836,-0.00914704334,0.0489095822,0.999966681,-0.0843147859,0.00616656709,-0.0473316126,0.999963105,0.157847703,0.379919231,0.0474719927,0.9219805,-0.0423704758,0.314672559,-0.0350886472,0.955845416,0.200157508,0.694311619,0.22146973,0.960922837,-0.0887551084,0.704804182,0.142888784,0.978873491,0.185393229,0.728740513,0.243031368,0.805741131,-0.0921581611,0.738837898,0.119774647,0.760803699,0.235664755,0.755371034,0.206628948,0.955979824,-0.0865025073,0.767735898,0.0397103876,0.963670552
350.00000000000006,-0.0169288889,-0.623693943,-0.277133346,0.999634326,-0.00352555537,-0.643197834,-0.268171221,0.998933613,-0.00127096544,-0.643823326,-0.256807446,0.998840809,-0.00284518441,-0.643478096,-0.26177898,0.999185741,-0.0261480324,-0.654071152,-0.28692174,0.999266624,-0.0244086869,-0.651979,-0.299449533,0.999414325,-0.0185971837,-0.640479505,-0.279683113,0.999526381,0.0285391584,-0.633266032,-0.167560279,0.999314249,-0.0943491384,-0.584719837,-0.199911833,0.998653948,0.00821912941,-0.617214084,-0.227824584,0.99961406,-0.022389356,-0.582128406,-0.264580578,0.999637,0.109961845,-0.482676119,-0.0338286459,0.999973118,-0.173821375,-0.52088654,-0.0532820933,0.999954104,0.172699809,-0.302869558,4.15296563e-005,0.927414834,-0.205248445,-0.255247891,-0.105325535,0.978245735,0.151099533,-0.146509469,-0.0172522701,0.949829221,-0.069265984,-0.155417487,-0.184684396,0.980627298,0.124697194,-0.103241757,-0.0211104769,0.944498718,-0.0018706331,-0.13038595,-0.237240881,0.974751472,0.0946186781,-0.112018235,-0.0380384848,0.948210776,0.0426017717,-0.188613832,-0.242399082,0.975064099,0.141790509,-0.125145838,-0.0228277761,0.930072308,-0.0410015,-0.171957567,-0.193803847,0.960097611,0.0864505246,-0.00914037,0.0493295528,0.999966085,-0.0843070075,0.00615520682,-0.0477696098,0.999962687,0.157387555,0.379757077,0.0526276827,0.920319557,-0.042470973,0.314657867,-0.0348912366,0.955358267,0.199036971,0.694688261,0.226341218,0.96038729,-0.0921709239,0.704867721,0.142753243,0.978688955,0.184265137,0.729290724,0.247666284,0.804847,-0.0961048827,0.738914788,0.119586162,0.758423328,0.23529093,0.755160213,0.209836736,0.955578148,-0.0871561617,0.767421722,0.0383750685,0.963407755
366.66666666666674,-0.0168910753,-0.623694301,-0.277374297,0.999631822,-0.00356835057,-0.643216491,-0.268388748,0.998924553,-0.00131462957,-0.643841326,-0.257030755,0.99882853,-0.0028705548,-0.643497825,-0.261984885,0.999179065,-0.0261409394,-0.654069304,-0.28711158,0.999260962,-0.0244010836,-0.651975274,-0.29965356,0.999409258,-0.0185897145,-0.64047575,-0.279865175,0.99952364,0.0277800504,-0.633500338,-0.16763705,0.999297678,-0.0944659486,-0.584712386,-0.200780585,0.998637,0.00816418603,-0.617246091,-0.227978185,0.999605417,-0.0223841481,-0.582122624,-0.264813393,0.999628782,0.108704373,-0.4831312,-0.0331445932,0.999972641,-0.173332378,-0.520889044,-0.0544187,0.999953389,0.171980262,-0.303379029,0.0011662289,0.926279724,-0.204997048,-0.25542447,-0.10534814,0.978382885,0.151115388,-0.146321788,-0.0169836283,0.949905336,-0.0694768429,-0.155095086,-0.179408446,0.980659664,0.124853417,-0.102968492,-0.0209717136,0.944531,-0.00225163391,-0.130086914,-0.230588958,0.974687517,0.0948053375,-0.111102171,-0.037767604,0.948279,0.0418554842,-0.18775928,-0.235692263,0.975021601,0.141836271,-0.124756731,-0.0225623604,0.930122256,-0.0414024033,-0.171546221,-0.188318387,0.960032463,0.0862612,-0.00905630738,0.0496143438,0.999965608,-0.0841007531,0.00604925863,-0.0481024273,0.999962032,0.156767175,0.381616205,0.0533679277,0.918275058,-0.0432454906,0.314891428,-0.0368685573,0.954752147,0.195480928,0.697485805,0.227022722,0.960025072,-0.093971692,0.706341684,0.141521275,0.978525817,0.180143774,0.732114494,0.248528749,0.803455412,-0.0980538428,0.740569174,0.118491538,0.755820692,0.232597008,0.756684422,0.211132079,0.955368817,-0.0873275176,0.769052923,0.0375244878,0.963246226
383.3333333333334,-0.0169090275,-0.623782933,-0.277446926,0.999628603,-0.00381082785,-0.64331913,-0.268477827,0.998913765,-0.00157945661,-0.64392674,-0.257129818,0.998819411,-0.00309811276,-0.643590093,-0.262069374,0.999172688,-0.0262021534,-0.654153347,-0.287353963,0.999251544,-0.0244719125,-0.652039528,-0.299907207,0.999402761,-0.0186375361,-0.64052707,-0.280106813,0.999518275,0.0261993855,-0.633734703,-0.167702,0.999294281,-0.0948563665,-0.584741652,-0.201897979,0.998623669,0.00788067747,-0.617395,-0.227977753,0.999599814,-0.0224755351,-0.582221508,-0.265022844,0.999621511,0.106264628,-0.483886302,-0.0331826024,0.999972641,-0.173522756,-0.521063805,-0.056387756,0.999952555,0.170527831,-0.304736972,0.00140823377,0.926639795,-0.205093443,-0.255754113,-0.105402552,0.978251755,0.151066661,-0.146340609,-0.0154713169,0.95045048,-0.0696233809,-0.15485175,-0.174429938,0.980270684,0.124921493,-0.102982312,-0.0191070624,0.944978178,-0.00238693017,-0.129949,-0.224021912,0.97418344,0.094806239,-0.111016765,-0.0354391597,0.948692322,0.0412250906,-0.18745856,-0.229129776,0.974535465,0.141809419,-0.124752447,-0.0209293794,0.930731237,-0.0417424813,-0.171340451,-0.183073014,0.959442,0.0859974176,-0.00904618,0.0501538962,0.999965131,-0.0838346407,0.00603621779,-0.0486957878,0.999961257,0.15474008,0.381289661,0.0563355088,0.918274641,-0.0432271883,0.314921826,-0.0364882536,0.954884768,0.187747732,0.696128309,0.233522356,0.959623933,-0.0968947411,0.706160903,0.141350493,0.978501678,0.171975866,0.730716825,0.255631626,0.80338043,-0.101496994,0.740367115,0.118280493,0.755594254,0.225129589,0.755789816,0.221368343,0.955018938,-0.0878705904,0.768877,0.0381495394,0.963205636
400.0000000000001,-0.017902147,-0.623777449,-0.273880303,0.99963063,-0.0051351022,-0.643280447,-0.264862686,0.998913527,-0.00283932779,-0.643897951,-0.253558844,0.998816133,-0.00433831569,-0.643562496,-0.258661777,0.999172688,-0.0271956,-0.654144585,-0.284232914,0.999253273,-0.0254764408,-0.652026057,-0.296770036,0.999403238,-0.0196650755,-0.640514374,-0.277013034,0.999519289,0.0245493576,-0.63368237,-0.164214864,0.999287248,-0.0958302394,-0.58471936,-0.199313775,0.998620927,0.00663503632,-0.617405415,-0.22435534,0.999597669,-0.0234956257,-0.582228541,-0.261856049,0.999619722,0.104297407,-0.483905405,-0.0301735029,0.999972582,-0.17369552,-0.521058261,-0.0546924844,0.999952495,0.168023705,-0.304491729,0.00358020235,0.926373482,-0.205584973,-0.25573796,-0.103537336,0.978448153,0.150401637,-0.145487294,-0.0143507738,0.951117635,-0.0703940764,-0.154790863,-0.17013365,0.980421245,0.124684766,-0.101723559,-0.0181462411,0.945705712,-0.00304044294,-0.129732504,-0.21920158,0.974304557,0.0944639742,-0.109023631,-0.0342578143,0.949384689,0.0403293036,-0.187053278,-0.224591553,0.974653542,0.141229331,-0.123648196,-0.019771805,0.931655586,-0.0426986068,-0.171264961,-0.178781107,0.959669352,0.0857092515,-0.00902186148,0.0501927584,0.999964893,-0.0835168,0.00600488298,-0.0487410203,0.999960899,0.152851626,0.381462961,0.0571693406,0.914501488,-0.044340346,0.315080732,-0.0394576751,0.953966856,0.185523823,0.696483254,0.234016433,0.958477199,-0.0991282538,0.706303537,0.13096863,0.978213847,0.169847876,0.731080472,0.255981922,0.80049,-0.103870079,0.740483403,0.107070655,0.753659487,0.224393338,0.755441248,0.222183749,0.953720033,-0.0914130881,0.768503249,0.0284870882,0.962711751
416.6666666666668,-0.0179261267,-0.623841643,-0.273849,0.999620855,-0.00520884525,-0.643321395,-0.2648094,0.998881,-0.00292520178,-0.64393,-0.253498703,0.998779356,-0.00441639498,-0.643594682,-0.258586764,0.999147058,-0.027245108,-0.654182553,-0.284274846,0.999232233,-0.0255343579,-0.652052104,-0.296813369,0.999387205,-0.0197023302,-0.640536189,-0.277053952,0.999507666,0.0244423188,-0.63377,-0.164070979,0.999263406,-0.0959205255,-0.584716618,-0.199351788,0.998587489,0.0065849931,-0.617543,-0.224255368,0.999583781,-0.023518702,-0.582309067,-0.261858255,0.999606431,0.104251042,-0.484221369,-0.0297393519,0.999971867,-0.17363061,-0.521138191,-0.054729864,0.999951959,0.168038532,-0.305154324,0.00565988943,0.924560666,-0.205512449,-0.256083399,-0.103611365,0.978369951,0.150468275,-0.145606726,-0.00906764809,0.950214,-0.0701033175,-0.154744714,-0.171079457,0.980474591,0.124789305,-0.101854615,-0.0120222615,0.944762647,-0.00274248794,-0.12968652,-0.220653489,0.974399865,0.0945969224,-0.109083377,-0.0281376969,0.948504567,0.0408717096,-0.187012315,-0.226001397,0.974753559,0.141344592,-0.123746738,-0.014358147,0.930591524,-0.0423811302,-0.171228498,-0.179770157,0.959857285,0.0855535418,-0.00899830088,0.0503491051,0.999964058,-0.0833629295,0.0059772064,-0.0488977693,0.99996,0.151368916,0.38116464,0.0569739304,0.912910163,-0.0445567258,0.315024257,-0.0394405946,0.953136563,0.183349162,0.69585371,0.233940333,0.95756048,-0.0988151804,0.70539,0.131105289,0.977907777,0.167599782,0.730406046,0.255916089,0.798198462,-0.103440173,0.739482462,0.10722895,0.752239704,0.220922425,0.754752338,0.222197622,0.952821136,-0.0911277458,0.766839921,0.0286683366,0.962258577
433.3333333333335,-0.0170637518,-0.623602867,-0.282450676,0.999622405,-0.00459464407,-0.643089,-0.272852808,0.99888438,-0.00236590276,-0.643644929,-0.261632979,0.998783231,-0.00384767191,-0.643312395,-0.266462594,0.999147892,-0.0266484153,-0.653755963,-0.293101609,0.999233425,-0.0249328334,-0.651648402,-0.305824965,0.999389291,-0.0190279726,-0.640139759,-0.285883427,0.999509037,0.0246564522,-0.633747756,-0.170442924,0.999263465,-0.0958294719,-0.584269464,-0.20835951,0.998588681,0.00714363204,-0.617389858,-0.232101426,0.999585748,-0.0229290482,-0.582058668,-0.270809889,0.999607325,0.104602158,-0.484797895,-0.0318884254,0.999971867,-0.173591629,-0.520967305,-0.0644835383,0.999952078,0.169103235,-0.307677805,0.00555677619,0.925311506,-0.205274418,-0.256029665,-0.111331858,0.978783071,0.151490524,-0.147659764,-0.0092300456,0.950725138,-0.0697786808,-0.154714972,-0.178475231,0.980744898,0.125628129,-0.103710361,-0.0123600857,0.945057869,-0.00242535048,-0.129736736,-0.229055151,0.974560916,0.0950566828,-0.11115431,-0.0286243781,0.948804736,0.0410974808,-0.187221706,-0.234021828,0.9749282,0.14208363,-0.125578701,-0.0145831155,0.930965781,-0.0420188569,-0.171211392,-0.186898574,0.960032165,0.0855492,-0.00899984874,0.0512227453,0.999963284,-0.0833683237,0.00596909272,-0.0497959554,0.999959171,0.151209056,0.38019067,0.0635041445,0.913003266,-0.0440712087,0.314988554,-0.0357617065,0.953432083,0.183751807,0.694040239,0.246398434,0.95764792,-0.0998323187,0.705314457,0.140793875,0.97798866,0.168148428,0.72875154,0.269113392,0.800238192,-0.104637392,0.73941493,0.11804492,0.752529442,0.2213763,0.753524065,0.233594462,0.95301795,-0.0909786448,0.766846836,0.0375531837,0.962328553
450.00000000000017,-0.0166213103,-0.623494565,-0.285518169,0.999617696,-0.00441237399,-0.642981,-0.275905132,0.998867273,-0.00221174024,-0.643513262,-0.264675319,0.998762667,-0.00367136067,-0.643195927,-0.269547403,0.999132752,-0.0264735986,-0.653541863,-0.296737194,0.999222279,-0.0247437377,-0.651435792,-0.309594691,0.999380648,-0.0188219342,-0.639933288,-0.289534837,0.99950254,0.0245725531,-0.633745909,-0.173043609,0.999242425,-0.0958768353,-0.583835602,-0.212984577,0.998565376,0.00731184892,-0.617352664,-0.234761029,0.999575496,-0.0226907525,-0.581932604,-0.274221361,0.999597907,0.104508378,-0.48490876,-0.0330682434,0.999971271,-0.173431858,-0.52096343,-0.070296973,0.999951839,0.168356791,-0.307885736,0.00424095942,0.923583031,-0.205251247,-0.256521255,-0.119023785,0.978980124,0.1522021,-0.147844911,-0.012282378,0.950169384,-0.0695056394,-0.154689223,-0.186692938,0.98085475,0.127105638,-0.103965528,-0.0158998258,0.94442445,-0.00223893486,-0.129653648,-0.238333061,0.974599361,0.0968713313,-0.111310214,-0.0326229632,0.948287368,0.0418031402,-0.187075451,-0.24289535,0.974997103,0.143058702,-0.125686556,-0.0178712495,0.930279315,-0.0415757,-0.171135798,-0.195045739,0.960046053,0.0854224,-0.00899153668,0.0519827157,0.999962211,-0.0832590461,0.00595253473,-0.0505807549,0.999958217,0.150277331,0.379980624,0.0696512833,0.909415245,-0.0440684743,0.315470606,-0.0356036127,0.952778101,0.183356121,0.693910182,0.249894321,0.956838429,-0.102204725,0.705788791,0.140711144,0.977799535,0.167832017,0.728652,0.272264779,0.799397886,-0.107394688,0.73987186,0.117931344,0.750700057,0.221572906,0.752406538,0.236428767,0.952520251,-0.0922350585,0.767304182,0.0370139219,0.962151
466.66666666666686,-0.0167420655,-0.623146355,-0.291500121,0.999620259,-0.00449703308,-0.642454445,-0.282194436,0.998874,-0.00231490028,-0.642952323,-0.270962238,0.998769581,-0.00377757754,-0.642644107,-0.275795877,0.999135435,-0.0266438816,-0.652922511,-0.302441627,0.999226928,-0.0249003898,-0.650842786,-0.315360636,0.999384761,-0.0189751759,-0.639344,-0.295228869,0.999504685,0.0246255,-0.633325279,-0.178736463,0.999244094,-0.0959236398,-0.582983434,-0.216590509,0.998573124,0.00729297427,-0.617058575,-0.240691945,0.999579132,-0.0227437876,-0.581616223,-0.279534191,0.999601305,0.10490305,-0.484905243,-0.0373562351,0.999971271,-0.173364729,-0.520855367,-0.0722687319,0.999952078,0.168364361,-0.30784446,-0.00300518633,0.923835814,-0.20524177,-0.256507248,-0.122866891,0.979165673,0.152203172,-0.1491853,-0.026834283,0.950982213,-0.0694284141,-0.154662207,-0.200033352,0.981244445,0.127057,-0.105496019,-0.0322667,0.9453969,-0.00219357223,-0.129549548,-0.253069222,0.975094676,0.0968478322,-0.11350435,-0.0493378,0.949239254,0.042061381,-0.186994404,-0.258535028,0.975504875,0.143056378,-0.12716192,-0.0326442793,0.931448519,-0.041412659,-0.171103895,-0.208888367,0.960756838,0.0854174718,-0.00897347089,0.052010037,0.999961555,-0.0832581893,0.00592983887,-0.050598532,0.999957621,0.150259569,0.379890561,0.0692550093,0.90875113,-0.0441926531,0.315307498,-0.0355392918,0.952970743,0.183500856,0.69254446,0.252574623,0.957126737,-0.101421684,0.704107106,0.141980484,0.97789079,0.167960301,0.727101922,0.275366545,0.801053882,-0.106264532,0.73786217,0.119391456,0.75128144,0.221849903,0.7517097,0.240000188,0.952861845,-0.0909450278,0.76641351,0.0391776636,0.96228987
483.33333333333354,-0.0171497818,-0.623132229,-0.295866489,0.999618292,-0.00482135871,-0.642382443,-0.286517233,0.998868,-0.00267074839,-0.642852843,-0.27524662,0.998764634,-0.00413401658,-0.642553926,-0.280129969,0.999129057,-0.0271506403,-0.652820826,-0.306573,0.999219894,-0.0253854319,-0.650745869,-0.319584578,0.999379933,-0.0194641259,-0.639255762,-0.299350619,0.999499083,0.024623774,-0.633274734,-0.182814658,0.9992401,-0.0962102,-0.582879305,-0.219392419,0.998559475,0.00703818537,-0.617059648,-0.244860262,0.999575734,-0.0230962299,-0.581617773,-0.283531904,0.999596179,0.104950443,-0.485162556,-0.0423893929,0.999970913,-0.173427477,-0.520931363,-0.0742648914,0.999951363,0.168285742,-0.308402151,-0.0106862485,0.92495811,-0.206047624,-0.256532222,-0.124730505,0.979343653,0.152497262,-0.149506956,-0.0366817191,0.951518238,-0.0695381835,-0.154463559,-0.201853991,0.981268942,0.127616942,-0.105704717,-0.0431741364,0.94591558,-0.00222301949,-0.129188582,-0.254671544,0.975091517,0.0973130912,-0.113548256,-0.0600007959,0.949733555,0.0420858078,-0.186728522,-0.260315537,0.975516498,0.143383592,-0.127329528,-0.0425859541,0.932082236,-0.0414328799,-0.17085062,-0.210874259,0.960769892,0.0853849202,-0.00895650405,0.0520360395,0.999961376,-0.083227843,0.0059067,-0.0506208763,0.999957383,0.148620784,0.379884213,0.0693632066,0.911454916,-0.0446724594,0.315674663,-0.0334588401,0.954600692,0.180643171,0.69278264,0.252096176,0.958944619,-0.102064073,0.704631746,0.142120019,0.978737652,0.165236026,0.727478623,0.274916768,0.808204949,-0.106843069,0.73842752,0.119401291,0.758081853,0.220093533,0.752237797,0.239365786,0.954715788,-0.091763638,0.768966913,0.0391483642,0.963568
500.0000000000002,-0.0169188678,-0.623075,-0.297743261,0.999626458,-0.00454667956,-0.642313361,-0.288176864,0.998892844,-0.00243785814,-0.642764628,-0.276911646,0.998792,-0.00390506373,-0.642464042,-0.281673849,0.999146,-0.0270137414,-0.652664602,-0.308204889,0.999236524,-0.0252552237,-0.650615,-0.321208268,0.999394357,-0.019314494,-0.639133513,-0.300985485,0.999509633,0.0249541346,-0.63324213,-0.183831275,0.999259055,-0.0962154865,-0.582659125,-0.220549121,0.998590231,0.00728618773,-0.617004871,-0.246638238,0.999586046,-0.0229531564,-0.581551194,-0.285379857,0.999604702,0.105904326,-0.485231161,-0.0438760221,0.999971092,-0.173691064,-0.520889401,-0.0746930316,0.99995172,0.171074912,-0.308841705,-0.0114920707,0.926577866,-0.20601365,-0.256538302,-0.126741886,0.979672551,0.153245315,-0.149822801,-0.0366328768,0.952094913,-0.0699333325,-0.154405817,-0.211286098,0.981688857,0.127902031,-0.105865709,-0.0430806614,0.946369827,-0.00315737654,-0.129129305,-0.26626882,0.975628078,0.0973286703,-0.113892935,-0.0600677468,0.950159252,0.0415626839,-0.186705887,-0.27201,0.976062477,0.143803358,-0.127622902,-0.0425323695,0.932604849,-0.0417259224,-0.170732781,-0.220704466,0.961527765,0.0854310617,-0.00895186886,0.0520583689,0.999961317,-0.0832905322,0.00589647796,-0.0506320037,0.999957383,0.148422465,0.379413605,0.0691755,0.914380074,-0.0446348414,0.315882,-0.0310557187,0.955958903,0.1796581,0.692687869,0.252468765,0.960428953,-0.101870008,0.704559565,0.14639619,0.979355872,0.164206907,0.727436304,0.275404692,0.814254284,-0.106598534,0.738319814,0.123805672,0.763155,0.21870248,0.752240777,0.239219233,0.956284404,-0.0916580334,0.768952549,0.0427526981,0.964532077
516.6666666666669,-0.0169494711,-0.622938752,-0.29905498,0.999632537,-0.00460460875,-0.64222753,-0.289211959,0.998914897,-0.00249596103,-0.642671764,-0.277948081,0.998813748,-0.0039767297,-0.642366886,-0.282745779,0.999159515,-0.0271265134,-0.652419,-0.309288472,0.999250829,-0.0253595281,-0.650410533,-0.32232222,0.999405682,-0.0194297396,-0.638952374,-0.302074462,0.999517441,0.0249381829,-0.633269489,-0.184125543,0.999270201,-0.0965165347,-0.582254946,-0.220961884,0.998614967,0.0072761178,-0.616941333,-0.247838259,0.999591708,-0.0230025128,-0.581381798,-0.286596179,0.999609172,0.105961427,-0.485904515,-0.0437820926,0.999971032,-0.173695415,-0.520638406,-0.0759602338,0.99995178,0.170814872,-0.30948779,-0.0109871505,0.92600286,-0.206138954,-0.256334811,-0.129673705,0.980044186,0.153142065,-0.150654465,-0.0358410254,0.952190101,-0.0698857158,-0.154470593,-0.213037491,0.981949031,0.127659515,-0.106414169,-0.042095609,0.946608245,-0.00309127383,-0.129131913,-0.267391831,0.975822806,0.0971720815,-0.114340946,-0.059065681,0.950401962,0.041714564,-0.186764687,-0.272717714,0.97624141,0.143682674,-0.128239289,-0.0417181775,0.932880878,-0.041657418,-0.170750946,-0.222180098,0.961660445,0.0854262337,-0.00894488394,0.0522362888,0.999961436,-0.0832903758,0.0058863489,-0.0507817268,0.999957561,0.147818938,0.379384071,0.0713475347,0.915322363,-0.0456427,0.315638542,-0.0309892204,0.956858099,0.177648172,0.691711783,0.255497783,0.961796105,-0.102469206,0.703353822,0.147221789,0.979915857,0.162072584,0.72646,0.278533161,0.82067734,-0.107126422,0.737030566,0.124851294,0.768479884,0.217591941,0.751985371,0.242498651,0.957652271,-0.0928788558,0.7688151,0.0445193723,0.965341747
533.3333333333335,-0.0174839422,-0.622930706,-0.298714399,0.999637306,-0.00503735,-0.642211318,-0.288918734,0.998927653,-0.00287049264,-0.642651498,-0.277655095,0.998827,-0.00436145347,-0.642349601,-0.282436818,0.999169588,-0.0276173837,-0.652400613,-0.309059262,0.999258637,-0.025832599,-0.65038836,-0.322092593,0.999411166,-0.0199266747,-0.638938904,-0.301865816,0.999521613,0.0249530338,-0.633215249,-0.183932424,0.999275446,-0.0967256948,-0.582205832,-0.220073327,0.99862045,0.00699609797,-0.616937757,-0.247539699,0.999594271,-0.0233858768,-0.581374943,-0.286423862,0.999610364,0.10616678,-0.485865951,-0.0436067358,0.999971092,-0.173706949,-0.520616591,-0.0736319,0.999951363,0.17084989,-0.309410751,-0.0106885908,0.927570641,-0.206204101,-0.256325543,-0.124214068,0.980042756,0.153232068,-0.150515676,-0.0352885686,0.953298569,-0.0698856,-0.154342741,-0.203740448,0.981843352,0.127746403,-0.106308408,-0.0413978547,0.94766897,-0.00301934383,-0.128994688,-0.257386148,0.975615859,0.0971916,-0.114159256,-0.0583539791,0.9514063,0.0417607,-0.186618462,-0.263299048,0.976046145,0.143749878,-0.128076017,-0.041149836,0.934157133,-0.0416414514,-0.170624793,-0.213125288,0.961367667,0.0854205564,-0.00891162269,0.0520632751,0.999961257,-0.0832855254,0.00584713649,-0.0506183803,0.999957204,0.147277504,0.380128473,0.0710946694,0.915429592,-0.0467147045,0.315839112,-0.0324802138,0.957284629,0.17685245,0.694132209,0.25377515,0.962067127,-0.102933787,0.70431304,0.138461813,0.980059147,0.161174059,0.729024529,0.276267678,0.821671188,-0.10759493,0.738057,0.115060568,0.769794047,0.216422051,0.75245297,0.240163609,0.957806,-0.096482493,0.76878953,0.0349094681,0.965545595
550.0000000000001,-0.0174795743,-0.622850478,-0.296477705,0.999640703,-0.00504662283,-0.64208585,-0.286676526,0.998934209,-0.00287811039,-0.642541707,-0.275451154,0.998833299,-0.00436675549,-0.642239571,-0.280316472,0.999176085,-0.0276182368,-0.65233022,-0.307049215,0.999264538,-0.0258338675,-0.650309,-0.319993109,0.999415,-0.0199299958,-0.638853371,-0.299846053,0.999524355,0.0248558912,-0.632993698,-0.181753412,0.999276,-0.0968508199,-0.582092047,-0.218873292,0.998621702,0.00697873114,-0.616854131,-0.245192185,0.999596238,-0.0234001465,-0.581294239,-0.284301609,0.999612331,0.106082879,-0.485673189,-0.0424403,0.99997133,-0.173696339,-0.520471096,-0.0725797787,0.999951422,0.170968026,-0.308149934,-0.0104067791,0.928115,-0.20544149,-0.256278127,-0.123011097,0.980122864,0.153257281,-0.149448693,-0.0349467,0.954141319,-0.0698703676,-0.153978974,-0.199679852,0.981979072,0.127769276,-0.105077751,-0.040990591,0.948546708,-0.00302183651,-0.128295302,-0.252429128,0.975796759,0.097170949,-0.113109238,-0.0580144897,0.952243805,0.0417552516,-0.185559019,-0.258566797,0.976244092,0.143758819,-0.127162933,-0.0408251099,0.935247123,-0.0416381136,-0.170155242,-0.209015265,0.9616853,0.0853935182,-0.00887227897,0.0520858243,0.999961078,-0.0832495391,0.00579668861,-0.050643485,0.999956846,0.147284582,0.380656,0.0709150285,0.913093,-0.0463856198,0.315860122,-0.0359860323,0.956715,0.176423818,0.69555527,0.253132015,0.961723149,-0.103027,0.704589427,0.132124379,0.980027616,0.160566047,0.730431676,0.275449425,0.820629418,-0.1077829,0.738364398,0.108407214,0.768547058,0.215547323,0.752857,0.239247784,0.957545221,-0.0963041186,0.768758476,0.0272390079,0.965593219
566.6666666666667,-0.0174121354,-0.622840226,-0.2925767,0.9996472,-0.00506396079,-0.642072916,-0.283040732,0.99895221,-0.00289715896,-0.642528176,-0.271852463,0.998852074,-0.00437829457,-0.642229497,-0.276817232,0.99919045,-0.027612051,-0.652316749,-0.303696513,0.99927789,-0.0258250553,-0.650293648,-0.316594958,0.999424875,-0.0199232083,-0.638838291,-0.296512067,0.99953264,0.0245286711,-0.633026242,-0.179559365,0.999284208,-0.096865125,-0.582011878,-0.217549354,0.998642683,0.00698810443,-0.616856754,-0.241493911,0.999601126,-0.0233172383,-0.581273735,-0.280922,0.999616861,0.105853491,-0.485676974,-0.0408272855,0.999971688,-0.173116058,-0.520439625,-0.072453849,0.999952078,0.170833379,-0.30783096,-0.00980851427,0.927817345,-0.205249205,-0.256163687,-0.122879632,0.980308533,0.153193787,-0.149173796,-0.0346286595,0.954616666,-0.0698385239,-0.153536186,-0.197813541,0.982175171,0.127742216,-0.104788743,-0.0404591635,0.94915837,-0.00300853187,-0.127611414,-0.249580577,0.976086438,0.0970390961,-0.112885281,-0.057107795,0.952820063,0.0417787805,-0.184879199,-0.255274087,0.976534247,0.143690929,-0.127010092,-0.0403488316,0.936019659,-0.0416253656,-0.169760674,-0.206874892,0.962190866,0.0852088705,-0.00878545549,0.0524989627,0.999961078,-0.0830632374,0.00568076177,-0.0510817,0.999956906,0.146788195,0.380600065,0.070722349,0.910292566,-0.0464517288,0.315602571,-0.0396071561,0.956602633,0.174829498,0.695510149,0.252027,0.961293876,-0.105115227,0.70449549,0.124175429,0.980189562,0.158681273,0.73036468,0.274088353,0.819708049,-0.110169411,0.73828131,0.100160539,0.769001245,0.212274745,0.752870142,0.238423303,0.957447529,-0.0961810127,0.768705904,0.0193868484,0.966032147
583.3333333333334,-0.0175583102,-0.622948229,-0.284498662,0.999644,-0.00547072431,-0.642239213,-0.275531739,0.998943031,-0.00329987984,-0.642716765,-0.26428622,0.99884212,-0.00473539717,-0.642441392,-0.269458145,0.999185622,-0.0278076343,-0.652513087,-0.29613328,0.999271512,-0.0260185022,-0.65044713,-0.308902681,0.999418139,-0.0201419294,-0.63896507,-0.28899169,0.99952805,0.0236740503,-0.63351208,-0.173920959,0.99927628,-0.0970382616,-0.582169294,-0.211637139,0.998633444,0.00674416218,-0.61706984,-0.233831391,0.999594867,-0.0234110579,-0.581380963,-0.272926837,0.999610186,0.104842834,-0.485703826,-0.0372432657,0.999971449,-0.172824845,-0.520524,-0.067368336,0.999951243,0.168352738,-0.306910694,-0.00844670553,0.927604437,-0.205259606,-0.256037116,-0.115838073,0.980279148,0.152126461,-0.146266162,-0.0340229347,0.955131948,-0.07005734,-0.152500972,-0.182142138,0.982052565,0.127232015,-0.102025919,-0.0397179648,0.949801266,-0.0032100908,-0.126463071,-0.231474772,0.97595638,0.0967793241,-0.109118581,-0.055976864,0.953428209,0.0412959307,-0.183257,-0.237028047,0.976393878,0.142988876,-0.12404763,-0.0396964662,0.936861217,-0.0420383513,-0.168722883,-0.190937161,0.962105632,0.0850813463,-0.00868476648,0.0524604693,0.999960601,-0.082909286,0.00557296118,-0.0510510132,0.99995631,0.146582618,0.381419688,0.0686223432,0.908698797,-0.0464875028,0.316023082,-0.0415312797,0.956387937,0.173741534,0.695936561,0.244868845,0.960606873,-0.105209097,0.705936432,0.123720296,0.980063736,0.157311156,0.730656266,0.266480565,0.815861,-0.110276334,0.73993367,0.0997772738,0.767376304,0.208587915,0.754002273,0.232723221,0.95669359,-0.0965311229,0.770353556,0.0203607883,0.965832591
600.0,-0.0175866205,-0.622957885,-0.285015672,0.999649763,-0.00549413729,-0.642235398,-0.275831938,0.998958468,-0.0033298349,-0.642710328,-0.264597297,0.998857081,-0.00476915436,-0.642434239,-0.269717246,0.99919492,-0.0278341956,-0.652506232,-0.296434134,0.999283493,-0.0260524619,-0.650440514,-0.309202909,0.999428511,-0.0201651752,-0.638959706,-0.28928715,0.999536574,0.0236673616,-0.633503258,-0.173944369,0.999283254,-0.097189568,-0.58215189,-0.211718842,0.998656511,0.00670533534,-0.617073596,-0.234340608,0.999599874,-0.0234776083,-0.581380308,-0.273416072,0.999615371,0.104827,-0.48581481,-0.0365079381,0.99997133,-0.172857717,-0.520519,-0.0676742643,0.999951601,0.168361068,-0.307810158,-0.00230937614,0.926959,-0.205358103,-0.25606209,-0.115971431,0.980444074,0.152084023,-0.147641927,-0.0225542355,0.954610467,-0.0704359487,-0.15266943,-0.18273516,0.98217243,0.126987606,-0.103498884,-0.027141612,0.949132621,-0.00370223285,-0.126839072,-0.232462227,0.976011634,0.0965866521,-0.110852927,-0.0438239649,0.952812374,0.0406467021,-0.18381092,-0.237806544,0.976438344,0.142907217,-0.12543866,-0.0282114018,0.936086297,-0.0424828157,-0.168893695,-0.19136855,0.962124348,0.0850599557,-0.00867171213,0.0526201054,0.999960423,-0.0828958154,0.00555690471,-0.0512008406,0.99995625,0.146390587,0.381386578,0.0700887293,0.908927917,-0.0470477603,0.315945029,-0.0373562314,0.956328392,0.173365399,0.695234179,0.24854,0.960792124,-0.108123206,0.705808401,0.134386644,0.980106592,0.157015949,0.729965627,0.270502508,0.817868292,-0.113510981,0.739827454,0.111185133,0.76842,0.208750203,0.75314486,0.235649616,0.956861436,-0.100303948,0.76974988,0.0310140885,0.965846121
616.6666666666666,-0.0178045686,-0.623076737,-0.27960214,0.999638438,-0.00585191,-0.642384291,-0.271520227,0.99892658,-0.00373507873,-0.642887414,-0.260252655,0.998823285,-0.00510150334,-0.64265877,-0.265523225,0.999174416,-0.027976742,-0.652913332,-0.291762561,0.99926281,-0.0262303781,-0.65073663,-0.304420739,0.999411106,-0.0203499608,-0.639194667,-0.284617752,0.999523103,0.0232570898,-0.634052,-0.171640739,0.999262393,-0.0970164761,-0.58286351,-0.20829992,0.998627722,0.00644107349,-0.617384076,-0.229262367,0.999588907,-0.0235336069,-0.581629634,-0.26772,0.999605715,0.104453959,-0.485955268,-0.0359170027,0.99997139,-0.172630608,-0.521998,-0.0647551,0.99995172,0.167224079,-0.306753308,-0.00227861176,0.92588377,-0.2062518,-0.256458849,-0.113944829,0.980420232,0.151113927,-0.143194333,-0.0219387487,0.955223203,-0.0710944757,-0.151270032,-0.181065127,0.982450664,0.126421362,-0.0989244729,-0.0262540858,0.950051725,-0.00433270028,-0.125071749,-0.230870992,0.976561069,0.0961403772,-0.105154708,-0.0423859097,0.95365268,0.040280778,-0.181007326,-0.236372232,0.976973116,0.142231166,-0.1211171,-0.027318351,0.937199533,-0.0432766937,-0.167338401,-0.189860061,0.963031113,0.0850280225,-0.00838738866,0.0525734723,0.999959946,-0.0828511119,0.00524686603,-0.051159516,0.999955654,0.144891635,0.385143936,0.0677843913,0.905571,-0.0486362502,0.316878319,-0.0394797437,0.955548763,0.172484085,0.700246394,0.242840409,0.959698498,-0.109249093,0.707026243,0.131474748,0.979869485,0.155924439,0.734754205,0.264416665,0.812820673,-0.114602819,0.741060615,0.108025126,0.766883612,0.205655113,0.759962499,0.231138825,0.956054866,-0.100263439,0.77226764,0.0304310024,0.965829194
633.3333333333333,-0.0183649529,-0.623546481,-0.278333396,0.999625444,-0.00647966051,-0.642820299,-0.270058393,0.998889089,-0.00437166821,-0.643331349,-0.258823544,0.998787,-0.00572807482,-0.643090785,-0.26398313,0.999149382,-0.0284139141,-0.653347611,-0.29011333,0.999234557,-0.0266926158,-0.65114522,-0.302712113,0.999389529,-0.0207911469,-0.639588058,-0.282959938,0.99950546,0.022868583,-0.634381354,-0.170426905,0.999245,-0.0971091613,-0.583101332,-0.206331,0.998585284,0.005955189,-0.617836416,-0.228236079,0.999579251,-0.0238904972,-0.582027376,-0.266463608,0.999594688,0.104146332,-0.486307085,-0.0352480747,0.999971271,-0.172676921,-0.52200228,-0.0625607371,0.999950707,0.166972771,-0.306852371,-0.000485728058,0.925943911,-0.206488177,-0.256393403,-0.108073592,0.98007375,0.150682583,-0.14326632,-0.0182981417,0.955333412,-0.071651049,-0.151150793,-0.171944231,0.981930673,0.126026034,-0.0990211219,-0.0222389475,0.95019716,-0.00478556566,-0.125066966,-0.220788345,0.975964665,0.0957901552,-0.105318964,-0.037944153,0.953756928,0.0390975811,-0.181038514,-0.226558477,0.976372361,0.141830429,-0.121173553,-0.0235017352,0.937405527,-0.0440522432,-0.167283088,-0.180668101,0.962303877,0.0850159,-0.00836534239,0.0525679328,0.999960184,-0.0828386173,0.00522836205,-0.0511528663,0.999955714,0.14449206,0.385078162,0.0656572953,0.907676578,-0.0490362197,0.316681415,-0.0396564864,0.956503272,0.17204003,0.700152218,0.242783695,0.960452557,-0.109718814,0.706870079,0.131999075,0.980263948,0.155540913,0.734657228,0.2644732,0.814554,-0.115021877,0.74092561,0.10875912,0.769397855,0.204985902,0.760426223,0.231126755,0.956714332,-0.100204155,0.772444546,0.0315585174,0.966399193
649.9999999999999,-0.0186019298,-0.623378813,-0.278496087,0.999627173,-0.00667484524,-0.642671824,-0.270432055,0.998900771,-0.00457998319,-0.643172503,-0.259207726,0.998798788,-0.00592166651,-0.642959058,-0.264412761,0.999158859,-0.0285679512,-0.653266907,-0.290403903,0.999241114,-0.0268520694,-0.651041865,-0.302995116,0.999392688,-0.0209556874,-0.639467955,-0.283242375,0.999507785,0.0228762645,-0.634357691,-0.171280116,0.999251842,-0.0970174074,-0.583094656,-0.206542209,0.998596132,0.00582026225,-0.617762744,-0.228402898,0.999579966,-0.0239759218,-0.581944227,-0.266631752,0.999593735,0.104146108,-0.486396968,-0.0356800668,0.999971211,-0.171699584,-0.522121,-0.0628827,0.999950171,0.167155296,-0.306855798,-0.00249449303,0.925558805,-0.206160232,-0.256650478,-0.108275108,0.979936302,0.150670797,-0.142834723,-0.0218618847,0.955246747,-0.0718350857,-0.151125148,-0.172994316,0.981642246,0.126012817,-0.0984782204,-0.025911916,0.950235069,-0.00509238103,-0.125054494,-0.221866176,0.975650489,0.0957670063,-0.104584664,-0.0410971977,0.953752339,0.0383939296,-0.180884749,-0.227652892,0.976043224,0.141819656,-0.120679796,-0.0268964488,0.937440336,-0.0444679968,-0.167220086,-0.181730837,0.961941302,0.0849636942,-0.0082557248,0.0525718927,0.999960363,-0.0827699229,0.00511181401,-0.0511598289,0.999955773,0.144157663,0.385285258,0.0656693876,0.908511102,-0.0490829945,0.317030489,-0.0409162529,0.957489371,0.171751365,0.700799167,0.242611557,0.961174548,-0.109714299,0.706967354,0.131711617,0.980630696,0.155219555,0.735433102,0.264323503,0.816360593,-0.115024209,0.741007,0.108568922,0.772461474,0.204900876,0.762080789,0.231099576,0.957421422,-0.100106075,0.773892,0.031916786,0.96704644
666.6666666666665,-0.0186271109,-0.623437226,-0.277155042,0.999617696,-0.00671847723,-0.642809,-0.269505382,0.998880565,-0.00463712076,-0.643328,-0.258247316,0.998775721,-0.00596324028,-0.643132448,-0.263469636,0.999145508,-0.028568821,-0.653512299,-0.289304912,0.99922806,-0.0268610958,-0.651224852,-0.301858783,0.99938184,-0.0209626444,-0.639613807,-0.282125294,0.999500871,0.02283765,-0.634852409,-0.171080023,0.999239385,-0.0964251757,-0.583584726,-0.205869049,0.998582959,0.0057918611,-0.61792028,-0.22729823,0.999570727,-0.0239534453,-0.582055092,-0.265132815,0.999585032,0.10417515,-0.486647457,-0.0356625952,0.999970853,-0.171271414,-0.523204,-0.0624174438,0.999950111,0.167477369,-0.306546748,-0.00209795684,0.9239254,-0.206046194,-0.258222908,-0.107344605,0.979958057,0.150683492,-0.14056547,-0.0180146955,0.954548955,-0.0724197924,-0.150931016,-0.170286685,0.981828153,0.126021191,-0.0964724422,-0.0211525932,0.949726582,-0.00627272576,-0.124890678,-0.219072223,0.97599411,0.0957610086,-0.102171712,-0.0361422636,0.953218162,0.0370936617,-0.180120215,-0.224985495,0.976370931,0.14184089,-0.118486352,-0.0227671135,0.936814725,-0.0453982688,-0.166875437,-0.179179028,0.962547779,0.0849225372,-0.00809882,0.0524625517,0.999960899,-0.0827202201,0.00495517,-0.0510595813,0.999956429,0.143608391,0.386953503,0.064281188,0.90900743,-0.0492130779,0.317752153,-0.0409463979,0.957951546,0.170455426,0.7017681,0.2419312,0.961305141,-0.109011136,0.707182884,0.1331947,0.98082304,0.153690085,0.736290872,0.263823926,0.816077709,-0.114264257,0.741224706,0.110325359,0.775351048,0.20353505,0.764566481,0.231077284,0.957650363,-0.0993903801,0.775678039,0.0368847139,0.967555046
683.3333333333331,-0.0185900945,-0.623205304,-0.280186564,0.999605954,-0.00654319534,-0.642474651,-0.272081703,0.998843491,-0.00447184918,-0.642964661,-0.26080364,0.998736084,-0.00581804942,-0.642741,-0.265903026,0.999115109,-0.0284861382,-0.65317142,-0.291518122,0.999203146,-0.0267789066,-0.650911033,-0.304114848,0.999363899,-0.0208768845,-0.63930732,-0.284315765,0.999486268,0.0238674339,-0.63438,-0.172461867,0.999215901,-0.0962891877,-0.583395,-0.206537545,0.998546243,0.00593505567,-0.617667496,-0.230288312,0.999557436,-0.0239035059,-0.581895,-0.267751694,0.999572456,0.105885975,-0.486613184,-0.0360177271,0.99997,-0.171227247,-0.52306658,-0.0632143244,0.999949336,0.168310478,-0.306639671,-0.0020925987,0.922916,-0.206027657,-0.25824964,-0.109822489,0.979896963,0.151315153,-0.141266048,-0.0179047231,0.953173339,-0.0724679306,-0.152019933,-0.178984344,0.981738269,0.126389951,-0.0970909297,-0.0210878458,0.948274791,-0.00636700867,-0.126209751,-0.229685903,0.97584796,0.096316345,-0.102989525,-0.0363988,0.951867104,0.0370995402,-0.182150796,-0.234947816,0.97622627,0.14245148,-0.119076386,-0.0227831807,0.935160339,-0.0454047,-0.168026924,-0.187728301,0.962316036,0.0849249363,-0.00808087,0.0524340719,0.999960959,-0.0827259123,0.004934642,-0.0510230772,0.999956548,0.143474191,0.385444701,0.0628528073,0.911123395,-0.0489602424,0.316455543,-0.0399855599,0.958539486,0.170286953,0.699001372,0.240821749,0.962391496,-0.107312903,0.704314411,0.135651648,0.981173635,0.153613791,0.733461082,0.262759417,0.819991708,-0.112338901,0.738231778,0.11280296,0.77836597,0.203676924,0.760473371,0.22828722,0.958630681,-0.0989766195,0.770967364,0.0378381312,0.968012869
699.9999999999998,-0.0184182208,-0.623277247,-0.280267179,0.999620736,-0.00613700459,-0.642504573,-0.271876663,0.9988873,-0.00406508101,-0.642993152,-0.260621905,0.998783827,-0.00544429198,-0.642760813,-0.265633047,0.999147356,-0.0282785632,-0.653189957,-0.291275442,0.999232292,-0.0265759248,-0.65094775,-0.303883761,0.999387622,-0.0206613895,-0.639353335,-0.284079969,0.999504626,0.0250131208,-0.634326935,-0.170761719,0.999246299,-0.0962711796,-0.583404303,-0.204735845,0.998594224,0.00624073856,-0.617677,-0.230297223,0.999573767,-0.0238399133,-0.581935585,-0.267781913,0.999587238,0.1067532,-0.486553341,-0.0340595,0.999970615,-0.171329528,-0.5230124,-0.0612147227,0.999950051,0.170062825,-0.306774467,0.00122016517,0.924573302,-0.205739796,-0.258251816,-0.10977257,0.979899347,0.152671114,-0.141955748,-0.0156028774,0.954072177,-0.0724910274,-0.152915299,-0.183135703,0.981805265,0.127496019,-0.0976507813,-0.019253701,0.949076235,-0.00649385154,-0.127394408,-0.235296041,0.9759323,0.0972142667,-0.103857674,-0.035252545,0.952629507,0.0370144844,-0.183772221,-0.240705296,0.976312816,0.143553048,-0.119683027,-0.0207851492,0.936161816,-0.0454063974,-0.168919161,-0.192040175,0.962432384,0.0849516541,-0.00806660671,0.0524347946,0.999961376,-0.0827599689,0.00492123887,-0.0510165,0.999956906,0.142674804,0.385029078,0.0627975687,0.913343847,-0.0488206297,0.316429168,-0.0379976444,0.95912838,0.16933,0.698810816,0.242148533,0.963007152,-0.107357197,0.704578638,0.138319433,0.981449962,0.152788788,0.733347535,0.264499605,0.82232362,-0.112378389,0.738560498,0.115445696,0.780098319,0.202443585,0.760448039,0.2294586,0.959308088,-0.0989344493,0.770997643,0.038749747,0.968417704
716.6666666666664,-0.0164177902,-0.623477817,-0.280942947,0.999617159,-0.00451598596,-0.642773,-0.272381097,0.998880625,-0.00249765068,-0.643242538,-0.261100531,0.998777151,-0.00386154209,-0.642997742,-0.266061485,0.999141932,-0.0267201271,-0.653329551,-0.292048842,0.999224901,-0.0250246301,-0.651101291,-0.304693401,0.999382555,-0.0190333854,-0.63948679,-0.284878463,0.999500573,0.0255370568,-0.635042,-0.17092,0.999244511,-0.0959653631,-0.58355,-0.206140429,0.998582959,0.007831336,-0.617964566,-0.230761752,0.999569476,-0.0223149937,-0.582105458,-0.268651068,0.999580681,0.107204549,-0.487376302,-0.033804819,0.999970317,-0.170773655,-0.523421705,-0.06327115,0.999949574,0.170368776,-0.308000654,0.00396402925,0.923772335,-0.20508492,-0.259297937,-0.111679845,0.979828894,0.153575718,-0.143811062,-0.0104124872,0.953442812,-0.0726442114,-0.154112816,-0.184755906,0.981686413,0.128359064,-0.0997549,-0.0133147109,0.94832778,-0.00706601236,-0.12886782,-0.23687385,0.975815713,0.0984847099,-0.106384717,-0.0300185792,0.951956034,0.0364226811,-0.185406759,-0.242028669,0.976206183,0.144587,-0.121605106,-0.0158071499,0.935349762,-0.04560351,-0.170187324,-0.193567157,0.962289572,0.084908329,-0.00803099666,0.0528137311,0.999961197,-0.0827237219,0.00488171168,-0.0514125526,0.999956727,0.14216356,0.383902252,0.063899368,0.914529264,-0.0498280339,0.315608114,-0.0350518227,0.959449649,0.165762588,0.697178364,0.243432656,0.963553,-0.107903525,0.704019487,0.142998531,0.981687486,0.149047881,0.731709242,0.265866,0.825009942,-0.112773202,0.7380597,0.120143808,0.781723499,0.200891465,0.759354234,0.230759293,0.959976196,-0.0984528,0.770667553,0.0423687957,0.96876663
733.333333333333,-0.0171661153,-0.62394315,-0.280959845,0.999626517,-0.00468567293,-0.642971396,-0.272052348,0.998908579,-0.00264807371,-0.643433869,-0.260829836,0.998806655,-0.00404637447,-0.643165529,-0.265653104,0.999160945,-0.0271950662,-0.653498173,-0.29127267,0.999242723,-0.025534451,-0.651316881,-0.303912252,0.999397635,-0.0195319597,-0.639739275,-0.284116715,0.999512553,0.0273595564,-0.635029197,-0.168765187,0.999262094,-0.0960434899,-0.583750904,-0.20029296,0.998608947,0.00777786598,-0.618195355,-0.230699688,0.99957937,-0.0228676088,-0.582525969,-0.268173456,0.999589324,0.109473571,-0.487392664,-0.0304973163,0.999970436,-0.170992672,-0.523522317,-0.0561088659,0.999949872,0.172191828,-0.308035284,0.00726026949,0.923862,-0.205045506,-0.259701967,-0.102495812,0.979343414,0.154758543,-0.145153746,-0.0102594784,0.953043401,-0.0732726455,-0.157251194,-0.183140457,0.98131007,0.129390612,-0.101700626,-0.0137438299,0.947836161,-0.00795948785,-0.133125022,-0.236066058,0.97535044,0.0995166302,-0.109001271,-0.0304569695,0.951505601,0.035159111,-0.190837026,-0.241608709,0.975765288,0.145566702,-0.123084173,-0.0157476068,0.934727073,-0.0462057032,-0.173592702,-0.192262888,0.96158272,0.0851097777,-0.00802097656,0.0527900048,0.999961615,-0.0829430521,0.00487622479,-0.0513561703,0.999957263,0.142146081,0.383805126,0.0635109246,0.916741312,-0.0498540737,0.315576971,-0.0316202231,0.959955037,0.165902331,0.697084,0.245631486,0.964146078,-0.109227151,0.703583956,0.147587091,0.981799185,0.149431288,0.731665969,0.268715769,0.827730656,-0.114080407,0.737526,0.124879,0.782231629,0.201727837,0.759153962,0.232060716,0.960524142,-0.0989063233,0.768906832,0.0446044356,0.968821585
749.9999999999997,-0.0177676715,-0.624591947,-0.278692722,0.99962455,-0.0049485527,-0.643561065,-0.270407349,0.998904228,-0.00290814415,-0.644089103,-0.259171724,0.998800874,-0.00429523923,-0.643826485,-0.264113158,0.999159336,-0.0273313429,-0.65455085,-0.28921783,0.999239266,-0.0256892238,-0.652305961,-0.301761478,0.999394059,-0.0197081286,-0.640656292,-0.282035798,0.999509871,0.0273637045,-0.635127187,-0.168530494,0.999259531,-0.0954723358,-0.585020781,-0.199116513,0.998601079,0.00739099178,-0.618660033,-0.228832915,0.999577165,-0.0231193602,-0.583275676,-0.265612304,0.999587178,0.109449692,-0.487364471,-0.030723026,0.999970317,-0.170665488,-0.52465862,-0.0537620373,0.999949157,0.173066154,-0.307822764,0.00512976712,0.924903214,-0.204967961,-0.262458563,-0.101390958,0.979282081,0.156581327,-0.144320875,-0.0120668523,0.954212725,-0.0737571195,-0.158419922,-0.179128498,0.981462955,0.132139534,-0.100799605,-0.0154542904,0.949104,-0.00852873549,-0.133873329,-0.230454877,0.975634217,0.101919673,-0.107098542,-0.0320331641,0.952669561,0.0345111154,-0.190733835,-0.236675888,0.976044238,0.14758724,-0.122016646,-0.0174825545,0.936254919,-0.0467997268,-0.174360514,-0.188459158,0.962113142,0.0850884467,-0.00790569466,0.0521578901,0.999961913,-0.082908228,0.0047665243,-0.050717555,0.999957383,0.142072603,0.385585874,0.0591333807,0.917132556,-0.0510891676,0.316606104,-0.0331811979,0.959907949,0.165945306,0.700288594,0.239788368,0.964267075,-0.10927435,0.70671618,0.143884107,0.981862366,0.149411291,0.734713,0.262456924,0.826367,-0.114112139,0.740875,0.120668799,0.782370031,0.201692209,0.762018919,0.227089539,0.960574508,-0.0995786339,0.772498369,0.0424362682,0.968992949
766.6666666666663,-0.0191552322,-0.624598563,-0.278710127,0.999627769,-0.00595250027,-0.643575132,-0.270452052,0.998914897,-0.00390360481,-0.644103885,-0.259218812,0.99881196,-0.00526529737,-0.643848181,-0.264157176,0.999168396,-0.0281149186,-0.654657602,-0.289270729,0.999247313,-0.0265029445,-0.652382,-0.301813751,0.999401,-0.0205395501,-0.64072144,-0.282081574,0.999516308,0.0273369234,-0.635034919,-0.16972816,0.999269545,-0.0952635631,-0.585190833,-0.199352294,0.998617828,0.00656162,-0.61864841,-0.228895232,0.999581575,-0.0237746704,-0.583288491,-0.265601754,0.999591351,0.10960006,-0.486757845,-0.0330596976,0.999970317,-0.170570076,-0.525200248,-0.053910166,0.999949574,0.174127758,-0.307467818,0.00277781067,0.9258672,-0.20506981,-0.264600068,-0.101758771,0.979247689,0.157241061,-0.144340217,-0.0122368727,0.954893,-0.0749417767,-0.160862684,-0.179217249,0.981761873,0.132846728,-0.100971691,-0.0157163423,0.94980067,-0.00978593528,-0.136733502,-0.23059909,0.976146817,0.102486633,-0.107405417,-0.0322759375,0.953298569,0.0332442559,-0.193176866,-0.236893117,0.976554394,0.148272261,-0.122090638,-0.0176671688,0.937097609,-0.0480512567,-0.177054077,-0.188619152,0.962960541,0.0850753784,-0.00772580318,0.0518565774,0.999961853,-0.0828978568,0.00457161944,-0.0504238456,0.999957442,0.140560478,0.385544,0.0574811101,0.916451395,-0.0512875393,0.316109836,-0.0338471,0.959665,0.162714154,0.700151801,0.238780051,0.963142157,-0.109581053,0.706510186,0.138504758,0.981717229,0.145713821,0.73445,0.261411548,0.822560966,-0.114482313,0.740667641,0.114479221,0.781936765,0.197172597,0.761696339,0.226731375,0.959560513,-0.100047342,0.770961046,0.0367202237,0.968901515
783.3333333333329,-0.0192788038,-0.624614477,-0.277486086,0.999635637,-0.00599048939,-0.643607616,-0.26944685,0.998941123,-0.00393870566,-0.644137681,-0.258190721,0.998840868,-0.00529633556,-0.64388442,-0.263124228,0.999189,-0.0281395521,-0.654732525,-0.287979335,0.999263048,-0.0265238062,-0.652457476,-0.300523132,0.999413729,-0.020560706,-0.64078778,-0.280781865,0.999525905,0.0275575407,-0.635049284,-0.16943942,0.999290526,-0.0947927758,-0.585475743,-0.198465392,0.998642,0.00652988581,-0.618659556,-0.227887928,0.999590337,-0.0237999484,-0.583329916,-0.264342219,0.999597609,0.110168837,-0.486748934,-0.0329942554,0.999970734,-0.169910222,-0.525661588,-0.0532224253,0.999949872,0.176194653,-0.307919264,0.00284926,0.927777588,-0.203035265,-0.265510172,-0.101957604,0.979198277,0.160709515,-0.145386338,-0.0116289482,0.956468761,-0.0748035908,-0.163115352,-0.182649702,0.982082129,0.137161404,-0.101983026,-0.0149654849,0.951405227,-0.00978073571,-0.138940543,-0.234426707,0.97670573,0.106335185,-0.108297564,-0.0316465981,0.954797924,0.0332546979,-0.195434615,-0.240777686,0.977122962,0.151825786,-0.123131946,-0.0170908235,0.939067,-0.047922425,-0.179425284,-0.192222953,0.963870049,0.0850551724,-0.00760644814,0.0518479347,0.999962,-0.0828785896,0.00442936458,-0.0504131094,0.999957383,0.139889628,0.385551959,0.0563741624,0.916405737,-0.0516364835,0.316010654,-0.0341285318,0.959667504,0.161786035,0.70032692,0.235174969,0.962761581,-0.109837279,0.706492364,0.133223042,0.981724918,0.144751072,0.734640121,0.257431626,0.821470559,-0.114661835,0.740646303,0.108400464,0.781696737,0.197056666,0.762130141,0.223225296,0.959392309,-0.0995344743,0.770990729,0.0306351501,0.969010115
799.9999999999995,-0.0203450471,-0.625054061,-0.272646099,0.999642,-0.00689357752,-0.644066095,-0.264922023,0.998959303,-0.00480849715,-0.644651711,-0.253680438,0.998859763,-0.00615429506,-0.644402504,-0.258690268,0.999203622,-0.0288759898,-0.655356228,-0.283092946,0.999274611,-0.0272304546,-0.653088033,-0.295593858,0.999422491,-0.0213145036,-0.641388297,-0.275910556,0.999533057,0.027400488,-0.635192752,-0.166685373,0.99930191,-0.0947869346,-0.586163,-0.194211692,0.998657465,0.0057575847,-0.618974388,-0.223442554,0.999594092,-0.0244715121,-0.583746,-0.259480476,0.9996,0.110141069,-0.486608654,-0.0312669836,0.999970794,-0.169496387,-0.526571,-0.049952779,0.999949694,0.17631723,-0.307751328,0.00334676076,0.928797245,-0.203057721,-0.268192559,-0.100933291,0.97914654,0.161601588,-0.145341694,-0.0112118488,0.957522035,-0.0764219,-0.165870503,-0.180703327,0.982143402,0.138534173,-0.101928852,-0.0145372292,0.952504635,-0.0119647728,-0.141176626,-0.231800497,0.976855516,0.107778437,-0.108134225,-0.0312590897,0.955840826,0.0311534964,-0.196883753,-0.23809956,0.977286935,0.152877688,-0.123090796,-0.0167044811,0.940439045,-0.0496034734,-0.181865826,-0.190218821,0.964218378,0.0849739611,-0.00743602263,0.0517679788,0.999962032,-0.0827894807,0.00424674898,-0.0503360815,0.999957323,0.139281556,0.385539114,0.0542826056,0.915839076,-0.0519759394,0.316037983,-0.0369824208,0.959571481,0.161132589,0.702723205,0.227312207,0.962681234,-0.112891451,0.707627833,0.126550376,0.981761336,0.143972367,0.737296581,0.248800918,0.819912136,-0.118153721,0.74194932,0.1015113,0.780918658,0.196249604,0.764695466,0.213293657,0.959396362,-0.102387123,0.772396505,0.0234049689,0.969162
816.6666666666662,-0.0202374049,-0.625166118,-0.272000581,0.999643743,-0.00679633813,-0.644186735,-0.264374256,0.998964727,-0.00471027335,-0.644786596,-0.253138959,0.998864353,-0.00605080323,-0.64454031,-0.258137614,0.99920845,-0.0286635049,-0.655572772,-0.282758415,0.999279618,-0.0270203128,-0.653292596,-0.295249045,0.999426723,-0.0211132597,-0.641591251,-0.275551558,0.999537468,0.0273913983,-0.635189593,-0.166453272,0.99930495,-0.094307363,-0.586414635,-0.194520563,0.998666,0.0057659084,-0.619020104,-0.222833663,0.999595344,-0.0243962221,-0.583843887,-0.259128571,0.999601364,0.110152438,-0.486472905,-0.0310777426,0.999970734,-0.169214904,-0.526860833,-0.0502378829,0.999950051,0.178568646,-0.307744443,0.00379634416,0.928310931,-0.202866361,-0.268970907,-0.101108477,0.979029417,0.166389421,-0.145549983,-0.00991422217,0.957544923,-0.0771152377,-0.166853905,-0.180926397,0.982367933,0.144105047,-0.102567904,-0.012844326,0.952491403,-0.01323725,-0.142715156,-0.232151389,0.977232158,0.11360158,-0.108886376,-0.029769605,0.955844581,0.0300213173,-0.198238373,-0.238373578,0.977673054,0.157960847,-0.123411037,-0.0154938856,0.940481961,-0.0504068658,-0.182943761,-0.190439284,0.964822,0.0849199146,-0.00734897656,0.0517629832,0.999962032,-0.0827383548,0.00413768226,-0.0503291897,0.999957442,0.138774261,0.385523677,0.0543689616,0.913794875,-0.0531176329,0.316036761,-0.0388688892,0.958955646,0.159756422,0.702645719,0.227987379,0.961315811,-0.114918657,0.707923,0.121846281,0.981519401,0.142335072,0.737242877,0.249586567,0.815645278,-0.120319232,0.74226445,0.0967000201,0.779037178,0.194554672,0.764637768,0.214224741,0.958260298,-0.104474843,0.772481322,0.0181364082,0.968923
833.3333333333328,-0.0193129815,-0.626730442,-0.269007117,0.999646,-0.0061531784,-0.645899773,-0.261541545,0.998970807,-0.00409362232,-0.646598816,-0.250312626,0.998872161,-0.00540248211,-0.646349549,-0.255348295,0.99921459,-0.0277636629,-0.657348096,-0.280316234,0.99928534,-0.0261702184,-0.655005395,-0.292720675,0.999431789,-0.0202531721,-0.643219173,-0.273089588,0.999541759,0.0274048429,-0.636746585,-0.164113194,0.999311,-0.0936171487,-0.587913394,-0.193602264,0.998681426,0.00629481766,-0.620540142,-0.219749629,0.999598384,-0.0236227214,-0.585251391,-0.256395727,0.999604225,0.110278718,-0.486901373,-0.030642001,0.999970853,-0.169146881,-0.52832669,-0.0486086048,0.99995,0.180061355,-0.307994366,0.00380432396,0.929540098,-0.20287472,-0.270399,-0.0985187963,0.97916919,0.169518322,-0.145554811,-0.0099769067,0.958771229,-0.0787458,-0.167709753,-0.175651029,0.982850492,0.148002982,-0.102600925,-0.0129416,0.953812361,-0.0155442031,-0.143818974,-0.226077348,0.977930069,0.117626734,-0.108815819,-0.0298364814,0.957083464,0.0273242798,-0.198748648,-0.232835904,0.97836107,0.16128251,-0.123411439,-0.0155986669,0.942158341,-0.0524462499,-0.18370758,-0.185274407,0.965920687,0.0849391893,-0.00723708095,0.051353544,0.999962,-0.0827465281,0.00403160183,-0.0499332845,0.999957204,0.137903,0.386544108,0.0518876649,0.914811373,-0.0541498102,0.317979872,-0.0391749367,0.959057629,0.157650694,0.70344615,0.225029543,0.961007237,-0.115132414,0.709424436,0.122725554,0.981336534,0.139897332,0.73788017,0.246769682,0.812927425,-0.120492235,0.743734539,0.09780889,0.778064907,0.190351933,0.765452802,0.213109866,0.95790714,-0.106098987,0.774229348,0.0226602238,0.968722224
849.9999999999994,-0.0182424206,-0.627110422,-0.26861161,0.999655485,-0.00521043,-0.646267056,-0.260960668,0.999000072,-0.00316467881,-0.646980166,-0.249692246,0.998906612,-0.00447049132,-0.646703839,-0.254681259,0.999237776,-0.0268427525,-0.657664,-0.279899538,0.999304771,-0.0252801161,-0.655328214,-0.292301625,0.999448061,-0.0193041768,-0.643542528,-0.272658706,0.9995538,0.027627565,-0.637281656,-0.162640125,0.99933666,-0.0934511721,-0.588388622,-0.193379551,0.998719573,0.00707986346,-0.620983303,-0.219150618,0.999612033,-0.0229009,-0.585715115,-0.25605315,0.999616265,0.110869989,-0.487410307,-0.0299725533,0.999971509,-0.169234291,-0.528895915,-0.0477139316,0.999950588,0.180236727,-0.309668481,0.00569954189,0.932616472,-0.202729687,-0.27056092,-0.0985962898,0.979602098,0.172238365,-0.149067938,-0.00789709389,0.961117,-0.0796581507,-0.169545412,-0.179037884,0.98366189,0.151628554,-0.106439188,-0.0108534126,0.956295371,-0.0172850229,-0.145986855,-0.230847746,0.9790501,0.121977665,-0.112295479,-0.0284577329,0.959421337,0.0259284265,-0.20134756,-0.237937436,0.979472756,0.164380461,-0.126726091,-0.0139021622,0.945279598,-0.0533656441,-0.185807571,-0.188885257,0.967643142,0.0850175098,-0.00717884628,0.0511021614,0.999962032,-0.0828212798,0.00397506962,-0.049639076,0.999957,0.137476221,0.386556149,0.0501668677,0.917943835,-0.0550851375,0.317773908,-0.0391442105,0.960060179,0.156003803,0.703132,0.225243554,0.961451948,-0.115877993,0.708248496,0.124124259,0.981582105,0.138140053,0.737518907,0.247197062,0.813809812,-0.121170595,0.742461503,0.0992997512,0.78061235,0.187990904,0.765459895,0.213558525,0.958389521,-0.108461782,0.77303189,0.0262975618,0.969139278
866.6666666666661,-0.0155251231,-0.627773702,-0.262184143,0.999660075,-0.00335349096,-0.647118926,-0.254651099,0.999012053,-0.00129758113,-0.647880733,-0.243382469,0.998919666,-0.00257263053,-0.647618592,-0.248469844,0.999248087,-0.0246181,-0.658388913,-0.274340749,0.999315679,-0.0230682436,-0.656059146,-0.286634833,0.999456763,-0.0171188228,-0.644253373,-0.267094821,0.99956131,0.027677333,-0.638798833,-0.156283543,0.999345779,-0.0925943255,-0.589061379,-0.190199554,0.998743117,0.0088626314,-0.621889412,-0.212571,0.999619544,-0.0206828415,-0.58633405,-0.250348598,0.999623656,0.111177184,-0.488267928,-0.0244192835,0.999971926,-0.16870746,-0.52967453,-0.0438249819,0.999951243,0.181958362,-0.310492307,0.00987378787,0.934144,-0.202731505,-0.270966798,-0.0974182785,0.980016589,0.175430536,-0.149308234,-0.00614983,0.962666333,-0.0809762329,-0.170673609,-0.179096371,0.984394312,0.154699698,-0.106691763,-0.00921025872,0.957909942,-0.0191091057,-0.147288799,-0.23102054,0.98002553,0.125238523,-0.112398252,-0.0270156637,0.960956097,0.024338,-0.202200204,-0.238017246,0.980426073,0.167617992,-0.126921386,-0.0122998962,0.947301388,-0.0548297614,-0.186813295,-0.188926414,0.969072,0.085015811,-0.00706542,0.0508624092,0.999962,-0.0828172341,0.00385406381,-0.0493864156,0.999956906,0.137462825,0.3884224,0.0500070825,0.918430686,-0.0567957535,0.317975819,-0.0409673378,0.960038841,0.15514648,0.70511955,0.224179745,0.961022913,-0.115834497,0.709141552,0.122726917,0.981446564,0.137070432,0.739279151,0.245935246,0.810884178,-0.121109873,0.743428051,0.0977936313,0.779449165,0.186530575,0.765585124,0.212978691,0.958004951,-0.109432593,0.772896469,0.0242601801,0.969040573
883.3333333333327,-0.0144901508,-0.627811909,-0.267724752,0.999676883,-0.00216872,-0.647119164,-0.258857161,0.999061286,-0.000122765065,-0.647877097,-0.247741431,0.998973668,-0.00147174078,-0.647611856,-0.252517521,0.999284267,-0.0239752624,-0.658321261,-0.278896123,0.999349654,-0.0223770365,-0.656031489,-0.291268408,0.999484062,-0.016410986,-0.644239426,-0.271606833,0.999582291,0.0288431272,-0.638749123,-0.156942725,0.999378443,-0.0926012248,-0.588770807,-0.191995069,0.99880141,0.0100522172,-0.621896267,-0.216955304,0.999639809,-0.020098066,-0.586338639,-0.255261093,0.999643266,0.112417303,-0.488354266,-0.0245684795,0.99997288,-0.168917447,-0.529241621,-0.044131,0.999952495,0.183637589,-0.312141508,0.00974650495,0.936437845,-0.203890041,-0.268754452,-0.101259805,0.980291843,0.178969741,-0.155614749,-0.0114691406,0.964550853,-0.0823296309,-0.171423197,-0.20136106,0.985058665,0.158058748,-0.113868304,-0.0163980145,0.959876418,-0.0203339923,-0.14909488,-0.257267624,0.980904639,0.128909767,-0.120996982,-0.0351401716,0.962824941,0.0235272385,-0.205745861,-0.264168143,0.981301427,0.170958877,-0.133401901,-0.0182081498,0.949742436,-0.0557819493,-0.188020915,-0.211327299,0.97033149,0.0852308795,-0.00704177516,0.0509347953,0.999961376,-0.0830432326,0.00382966083,-0.0494185165,0.999956191,0.137657017,0.38839823,0.0509556942,0.9197492,-0.0576302223,0.31800285,-0.0409549,0.960425079,0.15506953,0.705062509,0.230843917,0.961090803,-0.117971741,0.709106207,0.124511,0.981431425,0.137001857,0.739217818,0.253623,0.811405599,-0.123080358,0.743346334,0.100068808,0.778369963,0.185880855,0.765694201,0.220549136,0.958252847,-0.11033608,0.77272886,0.0250130221,0.969049692
899.9999999999993,-0.0109293703,-0.628072381,-0.261424571,0.999683559,2.64244864e-005,-0.647467196,-0.252436608,0.999079049,0.00208253879,-0.648249745,-0.241333842,0.998995,0.000763541844,-0.647970557,-0.246166706,0.999299645,-0.0213095527,-0.65847677,-0.273373067,0.999363184,-0.0197481941,-0.656191587,-0.28562808,0.999495208,-0.0137365982,-0.644384921,-0.266094238,0.999591231,0.0288368016,-0.63997972,-0.150653213,0.999394178,-0.0922041684,-0.588850498,-0.189467743,0.998830259,0.0125094149,-0.622411489,-0.210708722,0.999651074,-0.0172103327,-0.586542845,-0.249957487,0.999653876,0.11247319,-0.489868045,-0.0184536614,0.999973655,-0.168887496,-0.529292524,-0.042674318,0.999953568,0.183868706,-0.313423693,0.0179298129,0.937566102,-0.204665959,-0.268512368,-0.0980739817,0.980745673,0.180986241,-0.157019511,-0.00253909128,0.965980828,-0.08389505,-0.171415269,-0.191774234,0.985707,0.160740107,-0.115708031,-0.00635865,0.961391866,-0.0219337475,-0.149153024,-0.246470079,0.981764555,0.131977111,-0.122694314,-0.0249122083,0.96425879,0.0220514815,-0.205936044,-0.252979219,0.982142925,0.173313349,-0.134990469,-0.00932642,0.951666117,-0.0574370697,-0.188138112,-0.201403484,0.971609354,0.0852406844,-0.0069996533,0.0510052368,0.999961555,-0.0830484405,0.00378441904,-0.0494791903,0.999956369,0.137088135,0.38899684,0.0501979366,0.920878351,-0.0584456027,0.318048328,-0.0419018306,0.96075362,0.150210589,0.705053449,0.229378521,0.9609164,-0.119374037,0.709175289,0.123258717,0.98153615,0.131695062,0.739180923,0.252054304,0.810940146,-0.124476641,0.743440032,0.0987547338,0.779093325,0.180345356,0.766029656,0.220030963,0.958258212,-0.11169365,0.772713959,0.0236497521,0.969280183
916.666666666666,-0.00951875933,-0.629343569,-0.256502062,0.9997015,0.00164307165,-0.648695707,-0.247113079,0.999130964,0.0037140497,-0.649522245,-0.236088216,0.999051452,0.00239674491,-0.64921248,-0.240893915,0.999338925,-0.0198366139,-0.659562647,-0.267728984,0.999399841,-0.0182595327,-0.657335222,-0.279853821,0.999524236,-0.0122312149,-0.645496368,-0.26044181,0.999614596,0.0302542355,-0.640755951,-0.145109192,0.999428272,-0.091174677,-0.589472473,-0.18278785,0.998894691,0.0141091207,-0.623526216,-0.205720052,0.999671,-0.0158091728,-0.587512374,-0.244587362,0.999673188,0.11436832,-0.49017176,-0.014303742,0.999974668,-0.168190539,-0.529318,-0.0363134891,0.999955237,0.190189704,-0.314423591,0.0194773935,0.939644456,-0.204204723,-0.268108636,-0.0938936844,0.981175423,0.190040648,-0.157489225,-0.00249690935,0.967597246,-0.0852941,-0.171363041,-0.190963805,0.986421883,0.171197265,-0.115999825,-0.00638203882,0.963097215,-0.0242199562,-0.149011657,-0.245907143,0.982726157,0.142116979,-0.122579217,-0.0249402598,0.965864897,0.0198261701,-0.20576559,-0.252752781,0.983093381,0.182543889,-0.135373935,-0.00930811092,0.953830779,-0.0589466318,-0.188066065,-0.200831726,0.973072,0.0852420554,-0.00689518079,0.0509563088,0.999962211,-0.0830457881,0.00367246,-0.0494088195,0.999956965,0.136388063,0.391015351,0.0431317165,0.922891259,-0.0581020415,0.319301814,-0.0440544598,0.961189628,0.147629321,0.710866928,0.216593251,0.961013556,-0.119748533,0.71181035,0.119436845,0.981608748,0.129013494,0.7453385,0.238759071,0.810646951,-0.124941871,0.746215045,0.0946167186,0.778845131,0.178229168,0.773896635,0.207807794,0.958633721,-0.111934438,0.775500238,0.0196723621,0.969545722
933.3333333333326,-0.00937761925,-0.629533052,-0.258958131,0.999713898,0.00192636345,-0.648772299,-0.249048308,0.999163628,0.00396260899,-0.64960748,-0.238109067,0.999086142,0.00262702419,-0.649287224,-0.242760926,0.999362469,-0.0197553113,-0.659587204,-0.26957503,0.999425113,-0.0181610957,-0.657380939,-0.281630397,0.999544621,-0.0121490015,-0.645540297,-0.262284487,0.999631047,0.0308081117,-0.640663803,-0.145558044,0.99944818,-0.0911680162,-0.589205325,-0.183097988,0.998939812,0.0145368548,-0.62357384,-0.20767273,0.999686897,-0.0156240081,-0.587553144,-0.246533975,0.999689519,0.116176911,-0.489567339,-0.0147700161,0.999975264,-0.168208733,-0.528753,-0.0369330049,0.999956429,0.195696265,-0.313660175,0.0188014545,0.941079,-0.205433428,-0.266550571,-0.0945280492,0.981472194,0.195365161,-0.15794535,-0.00774354441,0.968853,-0.0913080499,-0.171295106,-0.201505,0.987091482,0.175804302,-0.117063686,-0.012698981,0.964408696,-0.0314308,-0.14888142,-0.257935077,0.983603179,0.146324083,-0.124621786,-0.0318819098,0.967125833,0.0133433305,-0.205614656,-0.265338212,0.983965576,0.187428534,-0.136207432,-0.0149295684,0.955505371,-0.064673245,-0.187999696,-0.211812809,0.974381387,0.0853770822,-0.00679887738,0.0508894771,0.999961257,-0.083177723,0.00356085412,-0.0493032038,0.999956131,0.136274084,0.391826898,0.0428764932,0.92250365,-0.0588672049,0.319381833,-0.0456223153,0.96050787,0.147356644,0.712573588,0.217369482,0.960189,-0.121960007,0.711950481,0.119609728,0.981066823,0.128695786,0.747075558,0.2394481,0.80648011,-0.12715964,0.746301055,0.094957307,0.773047924,0.17561318,0.776185155,0.208490252,0.957898736,-0.113536306,0.775463343,0.0200043842,0.968761742
949.9999999999992,-0.00945582706,-0.631480157,-0.251309276,0.999716938,0.00188241131,-0.65077287,-0.241731063,0.99916631,0.00392083265,-0.651714444,-0.2308276,0.999088824,0.00258424226,-0.651364863,-0.235671416,0.999364614,-0.0198024493,-0.661637485,-0.262110949,0.999429762,-0.0182049684,-0.659481943,-0.274135739,0.999548495,-0.0121977963,-0.647588134,-0.25484547,0.999634504,0.0307999216,-0.641830146,-0.140203223,0.999447703,-0.0911134705,-0.59085995,-0.17621994,0.998946488,0.0144908987,-0.625273883,-0.200526312,0.999688,-0.0156743936,-0.58923769,-0.239031553,0.999691069,0.116206802,-0.489750981,-0.0113456165,0.999975085,-0.168041795,-0.529489696,-0.0306906141,0.999956489,0.196884856,-0.313645214,0.0184018016,0.940281332,-0.20624797,-0.26665023,-0.0885754377,0.980969369,0.199785739,-0.158882141,-0.0114841042,0.968975067,-0.0988157392,-0.170566946,-0.193122223,0.987168312,0.182318226,-0.118811831,-0.0173956808,0.964620948,-0.0404342152,-0.147836775,-0.248656213,0.983882964,0.153599426,-0.126250744,-0.0364450328,0.967374742,0.00517693115,-0.204204544,-0.256871402,0.984264314,0.192678109,-0.137422457,-0.0190697592,0.955913186,-0.0723439753,-0.187174335,-0.204076439,0.974855304,0.0853200182,-0.006678598,0.0508189648,0.999960482,-0.0830982849,0.00342448219,-0.0492189899,0.999955356,0.134424478,0.393991888,0.0403689593,0.919132233,-0.0590732,0.321512699,-0.0480353273,0.95860678,0.145780429,0.717460632,0.209958211,0.957038343,-0.124392927,0.717778,0.106704503,0.979973376,0.127216429,0.751874328,0.231427625,0.796471357,-0.129867941,0.752331,0.080637306,0.7642923,0.175436392,0.778531,0.201253131,0.954944,-0.116818406,0.779383361,0.00544788968,0.967118144
966.6666666666658,-0.00962709729,-0.631927669,-0.252244115,0.999718547,0.00185123913,-0.651300967,-0.24277,0.999168634,0.00389043335,-0.652272403,-0.231829479,0.99909085,0.00255020661,-0.651908457,-0.236691743,0.99936682,-0.0198791325,-0.662273467,-0.262987137,0.999432087,-0.0182866175,-0.660102248,-0.275054455,0.999549389,-0.012287003,-0.648167551,-0.255724281,0.999634564,0.0309779085,-0.642432,-0.141233146,0.999449849,-0.091105938,-0.591884673,-0.176470578,0.998945951,0.0144506926,-0.625783145,-0.201519713,0.999688208,-0.015772678,-0.589822173,-0.239740357,0.999690175,0.116667874,-0.49011308,-0.0117118256,0.999974608,-0.167896837,-0.530549,-0.031343475,0.999955893,0.198671356,-0.313788056,0.0162406936,0.938780069,-0.207869396,-0.267063498,-0.0891181305,0.980370224,0.20374611,-0.164610684,-0.0153387673,0.968788564,-0.108435869,-0.170166776,-0.193032593,0.987122118,0.187129363,-0.126967803,-0.021293994,0.964599729,-0.0523559563,-0.14701131,-0.248239562,0.984035611,0.159151793,-0.135354236,-0.0404862724,0.967399895,-0.00615146,-0.203227729,-0.256357938,0.984438,0.197269887,-0.144310802,-0.0232056901,0.956055164,-0.0825774148,-0.186647087,-0.20396024,0.975158334,0.0852349624,-0.0065299822,0.0508070625,0.999959171,-0.0829818249,0.00327524962,-0.0492046513,0.999953806,0.130555645,0.394130468,0.037599843,0.916123152,-0.0593976602,0.321524858,-0.0485016145,0.95664084,0.138516679,0.717990756,0.203267589,0.955009878,-0.124409325,0.717547655,0.107511044,0.978898,0.119917102,0.752379715,0.224454477,0.791674495,-0.129828975,0.752077699,0.0816712603,0.758610189,0.172610283,0.778527379,0.194973037,0.952873826,-0.116723612,0.779288828,0.0071554333,0.965397477
983.3333333333325,-0.0110321539,-0.632483542,-0.252936423,0.999720633,0.00125399535,-0.651750863,-0.243588775,0.999171615,0.00331891235,-0.652755201,-0.232623294,0.999092817,0.00194587,-0.652351,-0.237485707,0.999367118,-0.0207513161,-0.662803948,-0.263751566,0.999436677,-0.0191455763,-0.660656214,-0.275848716,0.999552846,-0.0131730419,-0.648707569,-0.256490082,0.999636948,0.0311394501,-0.642537653,-0.142022267,0.999447823,-0.0913749337,-0.592593849,-0.176326245,0.998953938,0.0137620782,-0.626130581,-0.20229055,0.9996894,-0.016924601,-0.59039,-0.240464687,0.99969238,0.117032044,-0.490107864,-0.0117642563,0.999973953,-0.168017104,-0.530917406,-0.0309394244,0.999955595,0.198356524,-0.313665867,0.0134062,0.936078787,-0.20968093,-0.267287463,-0.0870147347,0.979777157,0.204101264,-0.168168753,-0.0257224347,0.96833688,-0.114816204,-0.168621525,-0.190535009,0.987164557,0.187919438,-0.131732553,-0.0329585858,0.96444428,-0.0596036203,-0.144111246,-0.245376527,0.984232724,0.160581678,-0.140320942,-0.0525422245,0.967322528,-0.0133743,-0.19968988,-0.254738331,0.984664202,0.197869241,-0.148255,-0.034131065,0.955988288,-0.0890465751,-0.184595793,-0.20189184,0.975521386,0.0853143632,-0.00641713617,0.0506458022,0.999958217,-0.0830301419,0.00316764833,-0.0490297973,0.999952912,0.129041314,0.394094795,0.0349843651,0.914073229,-0.0607361197,0.32150647,-0.0493376218,0.955351532,0.13681142,0.718342662,0.201031461,0.954171956,-0.125154212,0.717367947,0.108466335,0.978201,0.118117921,0.752835751,0.222193316,0.787832677,-0.13048555,0.751869857,0.0827375427,0.753167331,0.170903221,0.779500067,0.1907482,0.951900303,-0.117977485,0.779466093,0.00769203855,0.964204073
999.9999999999991,-0.0111632496,-0.63259995,-0.252360642,0.999720454,0.00122002943,-0.651890934,-0.243042722,0.99916929,0.00328564504,-0.652912438,-0.232104614,0.999091,0.00191171141,-0.652497828,-0.236978397,0.99936676,-0.0207856614,-0.662975192,-0.26288265,0.999435782,-0.0191795304,-0.660821736,-0.274937451,0.999551177,-0.0132084163,-0.648855448,-0.255603254,0.99963522,0.0317426696,-0.642684758,-0.141579792,0.999445,-0.091017805,-0.59300679,-0.174233407,0.998947918,0.0137252649,-0.626236737,-0.201830015,0.99968791,-0.0169559047,-0.590536594,-0.239306629,0.999690533,0.118185796,-0.490124136,-0.0113459388,0.999973714,-0.16783081,-0.531151891,-0.0282660834,0.999954879,0.198938683,-0.313168019,0.0117191952,0.933574617,-0.209856823,-0.267237395,-0.0800533891,0.978529871,0.207161278,-0.169089064,-0.0290436894,0.96796149,-0.117513292,-0.165659934,-0.177069753,0.986612,0.192227736,-0.133695379,-0.0362351835,0.964291573,-0.0626807958,-0.140501916,-0.229814529,0.983808339,0.165920421,-0.142464951,-0.0556493104,0.967232049,-0.0175871942,-0.195566177,-0.240599871,0.984288335,0.201607585,-0.149498403,-0.0375356562,0.955927253,-0.0922571346,-0.181318939,-0.188912719,0.97502017,0.0853826404,-0.00628073514,0.050388962,0.999957681,-0.0830643699,0.00305125676,-0.0487730056,0.999952137,0.128245771,0.394429445,0.030216841,0.9115026,-0.0609123744,0.321495265,-0.0501757227,0.953466833,0.135721281,0.71891439,0.195225254,0.952176034,-0.124631539,0.717333078,0.108006895,0.977061808,0.117046535,0.753272653,0.216182619,0.781387448,-0.129818857,0.751812458,0.0823120251,0.746263921,0.170013204,0.779440522,0.185254887,0.949816585,-0.117871046,0.779505,0.00842288416,0.962420762
1016.6666666666657,-0.0112413382,-0.632551968,-0.251713187,0.99970603,0.00119122886,-0.651835084,-0.241934255,0.999123037,0.00326254335,-0.652864337,-0.231007576,0.999042034,0.00188407383,-0.652443767,-0.235836908,0.999331415,-0.020836357,-0.66289252,-0.261516571,0.999405921,-0.0192315485,-0.66074115,-0.273568302,0.999526799,-0.0132815661,-0.648776889,-0.254264802,0.999614656,0.0328153558,-0.642739892,-0.138536334,0.999415,-0.0910543352,-0.59305352,-0.169931322,0.998895884,0.0137583688,-0.626219809,-0.200913683,0.999672234,-0.0170066468,-0.590526044,-0.237830684,0.999675751,0.119569957,-0.490122855,-0.00763920927,0.999972582,-0.167804778,-0.531320453,-0.0240632929,0.999953389,0.198692784,-0.311739117,0.0119482381,0.928699672,-0.212439716,-0.267101377,-0.0740075558,0.977105498,0.206693053,-0.171609655,-0.0283086877,0.96633935,-0.122324198,-0.163297474,-0.172280312,0.985910535,0.191603199,-0.138071045,-0.0353694595,0.963084102,-0.0678319111,-0.137247473,-0.225289956,0.983234882,0.166145667,-0.148753211,-0.0546467192,0.966202855,-0.022256488,-0.192808598,-0.236238793,0.983764589,0.20133251,-0.153012469,-0.0366816893,0.954706788,-0.0969934911,-0.178895012,-0.184188798,0.974313498,0.0856196806,-0.00612599496,0.0501956679,0.999956131,-0.0832559392,0.00291395746,-0.0485479124,0.999950707,0.128226593,0.394399196,0.0274738465,0.909080505,-0.0619029887,0.319219828,-0.0509770736,0.95205605,0.135989815,0.718726039,0.19383502,0.950628,-0.124613546,0.714054942,0.10784594,0.976224,0.11738459,0.753107846,0.214923918,0.776180923,-0.129748464,0.748355567,0.0822173655,0.741182446,0.169347867,0.779524684,0.18326208,0.947796345,-0.117959961,0.777710676,0.00858260226,0.960768461
1033.3333333333323,-0.0118707335,-0.631972253,-0.25239405,0.999690354,0.000785127166,-0.651391089,-0.242734313,0.999075413,0.00290000136,-0.652432919,-0.231830403,0.998993754,0.00151068717,-0.652024448,-0.236668333,0.9992975,-0.0212370418,-0.662477374,-0.262208283,0.999376059,-0.0196544044,-0.660272717,-0.274257839,0.999502242,-0.0137639157,-0.6483109,-0.254927367,0.99959451,0.0329146348,-0.642712295,-0.139185667,0.999386311,-0.091065526,-0.593037724,-0.170485,0.998850346,0.0135589484,-0.625821531,-0.20148924,0.999657035,-0.0173678547,-0.590151548,-0.238043323,0.999661863,0.120091252,-0.489842743,-0.00901492685,0.999971807,-0.167970076,-0.531492233,-0.0247212909,0.999952495,0.198140502,-0.308828503,0.00448551122,0.924708247,-0.216260597,-0.265546232,-0.0729624182,0.975932,0.205988422,-0.172289461,-0.0383126624,0.965252936,-0.12852636,-0.156501234,-0.16894649,0.985468149,0.190836817,-0.140376136,-0.0461574979,0.962443709,-0.0745327,-0.130362451,-0.221363261,0.982952237,0.165868342,-0.152108744,-0.0648684204,0.965668261,-0.0294899736,-0.185748324,-0.232934549,0.983519197,0.200754717,-0.154473096,-0.0468092375,0.954092205,-0.103636369,-0.172246814,-0.181092,0.974015713,0.0858900324,-0.00582276704,0.0498010181,0.999954581,-0.083471261,0.00263801776,-0.0481676608,0.999949336,0.125575498,0.395240396,0.0271460898,0.907249928,-0.0623345189,0.31904164,-0.0534810945,0.951693356,0.133332163,0.719425738,0.194723204,0.949216127,-0.124580666,0.713540077,0.107157543,0.975624084,0.114772096,0.753692329,0.215947717,0.771508098,-0.129702166,0.747745275,0.0817845836,0.738698781,0.16499272,0.780842,0.184673682,0.946023285,-0.119422816,0.777673423,0.00904190633,0.959672093
1049.999999999999,-0.01184629,-0.632430553,-0.252067357,0.999685824,0.000802932656,-0.651969552,-0.242161945,0.999058604,0.00294316793,-0.653048694,-0.231297702,0.998975813,0.00154202047,-0.652631044,-0.236149117,0.999285042,-0.0212371442,-0.662871718,-0.261880398,0.999369383,-0.0196588524,-0.660658479,-0.273947835,0.999495924,-0.0137807764,-0.648688912,-0.254582882,0.999589503,0.0330333337,-0.643597066,-0.138016447,0.999370337,-0.0911294743,-0.593256533,-0.170217648,0.998840094,0.0137032056,-0.626346827,-0.200984046,0.999651432,-0.0173513182,-0.590494156,-0.237724349,0.999658227,0.120742127,-0.489965349,-0.00798618,0.99997133,-0.168102577,-0.531585574,-0.0248504393,0.999952495,0.198032334,-0.308648705,0.0032157877,0.918787837,-0.218248412,-0.265169412,-0.0734447911,0.975300312,0.208209783,-0.177368954,-0.0452612229,0.963979781,-0.132302359,-0.153259054,-0.168789968,0.985403836,0.193855062,-0.147672385,-0.0540670082,0.961740553,-0.0796427503,-0.126265272,-0.221358597,0.983001947,0.169258624,-0.16034393,-0.0732385293,0.965108156,-0.0338228047,-0.180945575,-0.232840493,0.983596385,0.203355432,-0.160536706,-0.0542511903,0.953403592,-0.10752102,-0.168533027,-0.180934116,0.974126518,0.0860044882,-0.00575784314,0.0497675,0.999953508,-0.0835499614,0.00257626222,-0.0481372401,0.999948621,0.123822413,0.394465178,0.0273027532,0.903970182,-0.0624989346,0.319007218,-0.0562213399,0.950724959,0.130836397,0.719649494,0.194666699,0.947785795,-0.124530807,0.714035809,0.100280285,0.975101829,0.11231789,0.753926456,0.215747,0.767057598,-0.129647747,0.748277128,0.0743984058,0.735625148,0.163965389,0.780515373,0.184582904,0.944570363,-0.120707855,0.777678847,0.00167835457,0.958874166
1066.6666666666658,-0.0117699252,-0.632588327,-0.252398551,0.999690354,0.00111569662,-0.652020395,-0.242425501,0.999066055,0.00332894386,-0.653101921,-0.231541216,0.998981953,0.00188754243,-0.652671754,-0.236407384,0.999286115,-0.0211444162,-0.662867606,-0.262099296,0.999380708,-0.0195503,-0.660667241,-0.274154961,0.999506116,-0.0137098245,-0.648715079,-0.2548033,0.99959743,0.0344560854,-0.643542349,-0.137275577,0.99936682,-0.0912122726,-0.593251765,-0.16985856,0.99886179,0.013987951,-0.626348436,-0.201167077,0.999658465,-0.0173602607,-0.590544105,-0.237831533,0.999668241,0.123606212,-0.489606589,-0.00616705278,0.999971092,-0.169721797,-0.531244278,-0.0237850342,0.999953389,0.201147631,-0.308609635,0.00141266081,0.916745782,-0.219475821,-0.26336664,-0.0726075768,0.975396812,0.212486908,-0.190243632,-0.0625375584,0.964535117,-0.13727273,-0.150178835,-0.170257777,0.985955536,0.198403135,-0.162969157,-0.0758906379,0.962597489,-0.0861988962,-0.122099206,-0.224677607,0.983635902,0.171780899,-0.178780258,-0.0958885849,0.965985239,-0.0400597528,-0.177281737,-0.238262236,0.984248,0.206570387,-0.174689725,-0.0725661144,0.954470217,-0.11218866,-0.164910048,-0.18327269,0.975052,0.0868509561,-0.00572361192,0.0496891625,0.999952316,-0.084396407,0.00254349969,-0.048036065,0.999948144,0.123871654,0.392050713,0.0286577027,0.900033474,-0.0632629469,0.31723845,-0.0556914099,0.949488699,0.130146429,0.719532251,0.19627735,0.946445346,-0.126028985,0.713932812,0.0989282206,0.974580467,0.111402877,0.753848195,0.217045709,0.762759328,-0.131110564,0.748176336,0.0726637319,0.73076278,0.162373215,0.780290067,0.185141951,0.943285048,-0.123306863,0.776595354,-0.00697538909,0.957969666
1083.3333333333326,-0.0122178681,-0.632711,-0.260073423,0.999697387,0.00108741876,-0.652049124,-0.248304173,0.99908179,0.00331444177,-0.653121948,-0.237573355,0.99899596,0.00185981882,-0.652680874,-0.242007941,0.999292254,-0.0214397069,-0.66286397,-0.267896265,0.999397755,-0.0198454894,-0.660675943,-0.280116588,0.999520898,-0.0140287271,-0.648737669,-0.260559142,0.99960959,0.0362020321,-0.643292,-0.139362097,0.99936831,-0.0917691365,-0.59325844,-0.170838296,0.998893,0.0139543647,-0.62631166,-0.207862824,0.99966687,-0.0179728735,-0.590575814,-0.244235083,0.999679923,0.126539156,-0.489067286,-0.00671937782,0.999970555,-0.171949163,-0.530870736,-0.0240167398,0.999954402,0.20392105,-0.308909029,-0.00269687339,0.913951337,-0.221584573,-0.262476057,-0.0724355,0.97552985,0.214683518,-0.200936362,-0.0678610504,0.963864,-0.14404206,-0.147697121,-0.172455281,0.986442268,0.200164571,-0.175203398,-0.0811274052,0.962217569,-0.0941007,-0.119211473,-0.228476465,0.984163702,0.172986314,-0.192474023,-0.101592407,0.965745389,-0.0484152697,-0.174638525,-0.243465304,0.984799504,0.20824559,-0.186143741,-0.0780244842,0.954108357,-0.118997477,-0.162114725,-0.186158106,0.975828052,0.0878148377,-0.00569486571,0.0494907685,0.999951,-0.0853959247,0.00251129828,-0.0478303656,0.999947846,0.124079771,0.389040351,0.0302428938,0.897125959,-0.0636776388,0.315817595,-0.0501171313,0.948197722,0.130323038,0.718371093,0.20140788,0.945013106,-0.127818108,0.711866379,0.104518034,0.97376591,0.111568362,0.752894819,0.222310245,0.759432077,-0.132969797,0.74576968,0.0782708377,0.725089192,0.162721276,0.776573718,0.185642,0.941718698,-0.125644252,0.770569086,-0.00641054288,0.956500888
1099.9999999999993,-0.0123585258,-0.63296479,-0.263610899,0.999689698,0.0011070543,-0.652258098,-0.251126647,0.999053717,0.00334631139,-0.653291583,-0.240458548,0.998959541,0.00187695923,-0.652843058,-0.244728282,0.999256492,-0.0215620957,-0.662913918,-0.271018535,0.999390185,-0.0199513752,-0.660795629,-0.283501536,0.99951756,-0.0141586782,-0.648889899,-0.263731539,0.999607265,0.0373511,-0.643376648,-0.140252218,0.999332726,-0.0921951607,-0.593627274,-0.171615928,0.998893499,0.0139364786,-0.626344919,-0.210704416,0.999658227,-0.0183776356,-0.590779066,-0.247504279,0.999678314,0.128385261,-0.489050627,-0.00692696963,0.999968112,-0.17343244,-0.530971348,-0.0253174603,0.9999547,0.204821751,-0.30950889,-0.0157681704,0.907253265,-0.223058447,-0.261950672,-0.0769355744,0.975543141,0.217755347,-0.20749338,-0.0990848541,0.9612661,-0.150129631,-0.145078972,-0.191387922,0.98692286,0.204329088,-0.182240456,-0.116686746,0.960444868,-0.102547593,-0.115866631,-0.250112265,0.984712124,0.176460132,-0.199625924,-0.137543663,0.964291871,-0.0556306876,-0.170576721,-0.265331954,0.985367417,0.211041868,-0.192521676,-0.110139623,0.952151,-0.125035882,-0.158621028,-0.205720201,0.976606131,0.0886966065,-0.00566893909,0.0494524837,0.999949336,-0.0863351,0.00248243101,-0.0477694795,0.999947667,0.123296782,0.386800706,0.0377357714,0.894964755,-0.0639361367,0.315200269,-0.0465769768,0.948321581,0.129420772,0.717742324,0.212596267,0.944703877,-0.128234208,0.709198058,0.106731959,0.973569036,0.110631935,0.752537787,0.233887076,0.758628964,-0.13333495,0.742510378,0.0805287957,0.722458065,0.161309317,0.775988758,0.192728281,0.94133395,-0.125744864,0.767960906,-0.00509169884,0.955955446
1116.666666666666,-0.0129032228,-0.632676601,-0.270825088,0.999677896,0.00109645596,-0.651795685,-0.257929802,0.99900949,0.00333910855,-0.652743876,-0.247354433,0.998903155,0.0018662638,-0.65227145,-0.251408905,0.999202132,-0.0219436567,-0.66216,-0.277332276,0.999373794,-0.0202801488,-0.66024673,-0.290059626,0.999508858,-0.0145334722,-0.648459196,-0.270103037,0.999600708,0.0398831777,-0.642659485,-0.1446165,0.999277055,-0.0923112,-0.593615234,-0.173046261,0.998880386,0.0138907367,-0.625632703,-0.217205182,0.999644101,-0.019021,-0.590535343,-0.253394186,0.999673426,0.132424638,-0.488424033,-0.00851893052,0.999964893,-0.174301,-0.531014919,-0.0254468173,0.999954581,0.209593967,-0.309024185,-0.0262385719,0.900702477,-0.225138694,-0.259978175,-0.0770333335,0.975127578,0.220772251,-0.208327204,-0.11933852,0.95749253,-0.151635915,-0.137941331,-0.200166106,0.987106621,0.206772625,-0.183931172,-0.14039728,0.957535267,-0.102978863,-0.108048901,-0.261333674,0.984877706,0.178620219,-0.202737927,-0.160604924,0.961838126,-0.0552658252,-0.163103461,-0.276858658,0.985577583,0.213550925,-0.193678096,-0.130523011,0.948757,-0.12581031,-0.150676087,-0.214964852,0.976736426,0.0899221078,-0.00564489095,0.0486858562,0.999947786,-0.0876543298,0.00245483825,-0.0468861647,0.999947727,0.123018004,0.38626492,0.0388882607,0.895311654,-0.0669278353,0.31662941,-0.0388859473,0.948620319,0.12942256,0.717720032,0.214516386,0.945410907,-0.130063578,0.70981288,0.117068887,0.973498166,0.110648669,0.752623498,0.235950887,0.76031518,-0.13494435,0.742954552,0.0914058313,0.720431089,0.160771072,0.776196122,0.192738563,0.94169718,-0.130383521,0.768241704,-0.000831091,0.955411553
1133.3333333333328,-0.0125978356,-0.632530808,-0.26937598,0.999667943,0.00156971125,-0.651694894,-0.256036103,0.998965621,0.00389774912,-0.652634,-0.245579496,0.998851478,0.00239373511,-0.652159393,-0.249592379,0.999157608,-0.0217211656,-0.661868751,-0.275808841,0.999356687,-0.0200248044,-0.660041511,-0.28865549,0.999497294,-0.0143349478,-0.648263,-0.268648595,0.99959141,0.0408255346,-0.642647147,-0.142666742,0.999227583,-0.0923016369,-0.593622863,-0.171709806,0.998860776,0.0144349439,-0.625330269,-0.215453818,0.999630749,-0.0188648067,-0.590376377,-0.251939714,0.999667764,0.133963943,-0.487852365,-0.00833306462,0.999963522,-0.174528629,-0.531024158,-0.0245060958,0.999954581,0.21172525,-0.307270408,-0.034753494,0.896066487,-0.225181565,-0.258419871,-0.0759676099,0.974761605,0.223325163,-0.209891543,-0.136559501,0.956417799,-0.153849661,-0.130016685,-0.197860897,0.98728323,0.210158855,-0.18642661,-0.158786073,0.957165897,-0.106259316,-0.0973194,-0.258837849,0.985052168,0.180422887,-0.205971643,-0.177965671,0.961629629,-0.0589202791,-0.150481567,-0.275319606,0.985799193,0.215621129,-0.195897073,-0.1477025,0.948306382,-0.128457934,-0.14159818,-0.21375452,0.976997614,0.090617761,-0.00560939964,0.0483630225,0.999946594,-0.0883191675,0.00240443787,-0.0465612933,0.999947488,0.122837476,0.386118948,0.0381952412,0.891761899,-0.0680110753,0.317490846,-0.0396600813,0.947616279,0.128804758,0.718494475,0.21306999,0.944357872,-0.133481964,0.710206568,0.113436095,0.972660542,0.109911956,0.753567457,0.234330162,0.756314039,-0.138583377,0.743214667,0.0876183584,0.713311613,0.159810275,0.776867867,0.189648658,0.940453529,-0.134595916,0.768339515,-0.00424395641,0.953861475
1149.9999999999995,-0.0125261368,-0.63253957,-0.25798282,0.999662161,0.00156324264,-0.651734829,-0.245500475,0.998932242,0.00389583223,-0.652694583,-0.235098824,0.998810768,0.00239334558,-0.652222216,-0.239382416,0.999127805,-0.0216920245,-0.661892474,-0.266207784,0.999348283,-0.0199801,-0.66007024,-0.278954417,0.999490321,-0.0143321557,-0.648275137,-0.259163588,0.999586701,0.0400958136,-0.642784715,-0.135713324,0.999185383,-0.0923822224,-0.593888223,-0.167702556,0.998851657,0.0144330496,-0.62532407,-0.204770744,0.999622226,-0.0188478492,-0.59038,-0.242355809,0.999666393,0.132975787,-0.487804502,-0.00568847684,0.999963284,-0.17469044,-0.530831575,-0.023301607,0.999955237,0.211266935,-0.306742489,-0.0356428511,0.887121856,-0.22524561,-0.254574358,-0.0760075748,0.97443217,0.223022,-0.210587338,-0.135970443,0.954511106,-0.157287613,-0.119018152,-0.192202076,0.987416744,0.210657,-0.187428907,-0.15604414,0.956206501,-0.110957466,-0.0841323137,-0.249488592,0.985179901,0.180572405,-0.206042886,-0.174796686,0.960903645,-0.0643005744,-0.135053322,-0.26665476,0.985972822,0.215548813,-0.196897715,-0.146895811,0.947234929,-0.132890821,-0.129926458,-0.207972035,0.977204621,0.090668045,-0.00558773242,0.0483231917,0.999944508,-0.0883464515,0.00237602904,-0.0465278849,0.999946237,0.12185014,0.386369139,0.0269720592,0.876901507,-0.0698896945,0.319284171,-0.0489206687,0.940521061,0.125946268,0.721752167,0.188869342,0.937071,-0.138070956,0.713049769,0.0968034714,0.968622446,0.106617816,0.756623805,0.208349973,0.737508953,-0.143263444,0.745932102,0.070006974,0.691526413,0.154928982,0.777796268,0.162987471,0.933721364,-0.136043876,0.769229412,-0.019996468,0.947965384
1166.6666666666663,-0.0125405965,-0.632520556,-0.26466468,0.999667168,0.00172136782,-0.651712358,-0.251442015,0.998943448,0.004071448,-0.652645111,-0.241168618,0.998817444,0.00254944107,-0.652180612,-0.245234624,0.999125719,-0.0217025373,-0.661790192,-0.272280753,0.999362469,-0.0199871715,-0.660027444,-0.285344601,0.999502242,-0.0143440552,-0.648239672,-0.265267462,0.999596477,0.0414136834,-0.642646551,-0.139863372,0.99917239,-0.0924241692,-0.593962371,-0.170827582,0.998881161,0.0144769745,-0.625056267,-0.211039528,0.999622822,-0.0189407486,-0.590345204,-0.248492524,0.999672353,0.134533316,-0.487323254,-0.00821556151,0.999961495,-0.174995556,-0.530716,-0.0273738205,0.999955833,0.213687494,-0.306957275,-0.0549108163,0.879706323,-0.225522533,-0.251642287,-0.0820766687,0.974063516,0.226628,-0.222231388,-0.177389592,0.951714396,-0.160906091,-0.116105102,-0.202564448,0.987612188,0.21491012,-0.201725885,-0.203464121,0.95456177,-0.115949556,-0.081914857,-0.261291236,0.98536849,0.183768392,-0.22228387,-0.222881913,0.959570885,-0.0689429492,-0.133878559,-0.278481126,0.986201525,0.218598709,-0.209449872,-0.189422011,0.945210695,-0.13654682,-0.126927927,-0.218181431,0.977423668,0.0913147107,-0.00556632038,0.0482858717,0.999943495,-0.0890230685,0.00233498402,-0.0464818105,0.999946415,0.12199039,0.386406034,0.030255178,0.871682882,-0.0718407407,0.319754362,-0.0454009697,0.938443065,0.125911355,0.72162205,0.193110794,0.93517673,-0.139659092,0.71270138,0.102965832,0.96694088,0.106587231,0.756506324,0.212738365,0.733642817,-0.144725233,0.745315492,0.076612249,0.681907892,0.155294374,0.777190328,0.163445055,0.931957543,-0.137813523,0.768449366,-0.0158387627,0.945209622
1183.333333333333,-0.0132950936,-0.631701767,-0.267635643,0.999653339,0.0015246229,-0.650985956,-0.254731268,0.998885155,0.0039226138,-0.65184027,-0.244480208,0.998748481,0.00238876371,-0.651405096,-0.248588338,0.999068677,-0.0220634863,-0.661062777,-0.275291264,0.999336779,-0.0203119181,-0.659382582,-0.288461089,0.999482155,-0.0147431018,-0.647585511,-0.268288493,0.999580503,0.0417467244,-0.641793,-0.144083232,0.999109924,-0.0924504101,-0.593971968,-0.172967106,0.998851657,0.0141202565,-0.623720646,-0.214275777,0.999604762,-0.0196959823,-0.589773536,-0.251215607,0.999663472,0.134926036,-0.486266643,-0.0146523416,0.999959767,-0.175807774,-0.530349314,-0.0294011403,0.999955356,0.213879928,-0.307067811,-0.0748145133,0.877020895,-0.225813374,-0.24896,-0.0824236423,0.973699,0.226953968,-0.226190358,-0.204270393,0.95117265,-0.164799541,-0.107705541,-0.201654539,0.987676561,0.216089085,-0.205482483,-0.231894761,0.954631388,-0.120582543,-0.0709688365,-0.258924156,0.985363841,0.183733419,-0.225130558,-0.250426471,0.959723294,-0.074165836,-0.121370763,-0.277126759,0.986260772,0.218664616,-0.213069424,-0.21633859,0.945228696,-0.140642971,-0.117539316,-0.217492089,0.977472067,0.0919051,-0.00553291058,0.0479535796,0.999941945,-0.0895698,0.00228284486,-0.0461730808,0.999945819,0.121396817,0.386432588,0.0304241627,0.862733364,-0.0720869675,0.320200652,-0.0458404794,0.935903311,0.124964744,0.72145611,0.198698536,0.93027705,-0.141585603,0.713085592,0.103153884,0.964537561,0.105687261,0.756307125,0.219211265,0.720970333,-0.146895587,0.745629191,0.0769446343,0.668262959,0.154687896,0.777157962,0.171077892,0.926722586,-0.14146857,0.768989503,-0.0138607435,0.940987766
1199.9999999999998,-0.0143773519,-0.631088674,-0.265506804,0.999637,0.00107171992,-0.650505483,-0.252639174,0.998817265,0.00354308449,-0.651358366,-0.242364,0.998664796,0.00197406602,-0.650924921,-0.246556,0.998999715,-0.0227062218,-0.660729825,-0.27287972,0.999311626,-0.020930307,-0.659078062,-0.286022693,0.999462783,-0.0155018317,-0.647255599,-0.265900016,0.999566138,0.041910354,-0.641437113,-0.142215237,0.999031603,-0.0926648751,-0.594318867,-0.169613257,0.998829901,0.013469005,-0.622854948,-0.212148964,0.999580383,-0.0208353195,-0.589414418,-0.248531356,0.999653101,0.135054201,-0.485616386,-0.0141813913,0.999957263,-0.176125959,-0.530357659,-0.0270861965,0.999955297,0.214054614,-0.30647558,-0.071889773,0.871092677,-0.226484582,-0.248266906,-0.0795843452,0.973578811,0.226557821,-0.227340877,-0.194772094,0.949121356,-0.170755044,-0.101371169,-0.189695269,0.987834454,0.215595,-0.206981853,-0.220155343,0.953757465,-0.127934068,-0.0620722361,-0.243842795,0.985481918,0.183333486,-0.227211535,-0.238515764,0.959037781,-0.0814132243,-0.110417455,-0.263370901,0.986410439,0.218329504,-0.214784741,-0.206376866,0.944288254,-0.147082746,-0.110112824,-0.205767766,0.97773689,0.0922843516,-0.00545170577,0.0471455306,0.999941766,-0.0899019763,0.00219297362,-0.045373179,0.999946654,0.118802316,0.38671878,0.0282637402,0.859762609,-0.0728480443,0.320488364,-0.0491032749,0.935732901,0.119939022,0.721530795,0.198403984,0.93019563,-0.141337708,0.714779913,0.0991751701,0.964670122,0.100051098,0.756352901,0.218995839,0.716695726,-0.146603361,0.747454286,0.0729468837,0.665641189,0.144619897,0.778945565,0.171895668,0.926064193,-0.142249793,0.772075057,-0.0177357588,0.940706968
1216.6666666666665,-0.0132431034,-0.630933046,-0.272633582,0.999626,0.00300136395,-0.650344193,-0.258894801,0.998777688,0.00541816559,-0.651110828,-0.248632267,0.998617232,0.00376719586,-0.650687873,-0.252646774,0.99895227,-0.0215804074,-0.6603387,-0.279423,0.999294817,-0.0197861958,-0.65882,-0.292849571,0.999451578,-0.0143344151,-0.64702332,-0.272506297,0.999555647,0.0447315238,-0.641088188,-0.146267429,0.998992324,-0.0922169611,-0.594268918,-0.174358681,0.998818219,0.014777136,-0.622337341,-0.218867317,0.99957037,-0.0201714095,-0.5892,-0.255577058,0.999649167,0.138114467,-0.485101968,-0.0176938381,0.999954641,-0.176275581,-0.529903471,-0.0312453378,0.999954283,0.219408348,-0.306643635,-0.0844661742,0.87085408,-0.226427302,-0.244985536,-0.0864088535,0.973501921,0.231657907,-0.234308511,-0.222836569,0.949203193,-0.169552922,-0.098677665,-0.205761686,0.988027275,0.220773,-0.215666577,-0.252689451,0.954206288,-0.126519963,-0.0605117865,-0.263846129,0.985656619,0.187066123,-0.238065,-0.271893144,0.959508657,-0.0795594901,-0.110330373,-0.283275634,0.986612141,0.222485781,-0.222164482,-0.235384807,0.944606066,-0.145565867,-0.107272655,-0.222061,0.977975607,0.0929298922,-0.00543384952,0.0469338112,0.999941289,-0.0905844867,0.00216696248,-0.0451278389,0.999946892,0.118832484,0.386587143,0.0324276648,0.862130344,-0.0735309646,0.320666701,-0.0424855687,0.936827183,0.119640417,0.720062673,0.213088199,0.931898236,-0.141126171,0.713820875,0.113022506,0.965193212,0.0998852253,0.755037725,0.235150173,0.720970035,-0.146408692,0.746228814,0.0876330212,0.668793559,0.145560533,0.77877444,0.186538666,0.927409232,-0.142415628,0.771057785,-0.00438419031,0.941113532
1233.3333333333333,-0.0129633341,-0.630080283,-0.272715122,0.999613166,0.00352133741,-0.649592698,-0.258986115,0.998725772,0.00598674407,-0.650272131,-0.248724505,0.998552203,0.00430399179,-0.649856806,-0.25273785,0.998894691,-0.0212975573,-0.659317732,-0.279470384,0.999276757,-0.0195083264,-0.65789777,-0.29284364,0.999439061,-0.0140771307,-0.646106601,-0.272547752,0.999547184,0.0465668738,-0.640464842,-0.146259427,0.998933077,-0.0920821652,-0.593894958,-0.174315378,0.998810172,0.0154170608,-0.621077955,-0.218918949,0.999557257,-0.0199452061,-0.588208258,-0.255539775,0.999645114,0.140941128,-0.484124482,-0.017604202,0.99995172,-0.176392764,-0.528948843,-0.030962823,0.999954045,0.222431883,-0.306568742,-0.0829288885,0.867159307,-0.226744011,-0.242588952,-0.0825643465,0.973516703,0.233098403,-0.238268092,-0.221096545,0.94787246,-0.173683316,-0.0939075053,-0.198199913,0.988228202,0.222054213,-0.221459299,-0.250407785,0.953599274,-0.131394058,-0.0553537,-0.25590679,0.985805869,0.188018769,-0.245475397,-0.269223869,0.959054589,-0.0847314447,-0.105262235,-0.277653843,0.986784458,0.223650366,-0.227108672,-0.233505368,0.943797648,-0.149790898,-0.102373585,-0.215281188,0.97821337,0.0936388671,-0.00538103282,0.04675721,0.999941111,-0.0913025066,0.00210502697,-0.0449534841,0.999947786,0.11770568,0.386609912,0.033886198,0.861098826,-0.0739667714,0.320685923,-0.0419507287,0.937405407,0.116305947,0.719631314,0.219946,0.93193686,-0.140975133,0.713804662,0.113597631,0.965413392,0.0964810774,0.754555583,0.242320955,0.719616652,-0.146213487,0.746209085,0.0882029384,0.668216169,0.142513186,0.778653622,0.193008408,0.927043557,-0.142895013,0.770647526,-0.00432393607,0.94099158
1250.0,-0.0113261072,-0.629871368,-0.274934113,0.999606133,0.00536484504,-0.649360716,-0.261213481,0.998693526,0.00792571157,-0.650004089,-0.250976563,0.998515189,0.00621716864,-0.649599314,-0.254921228,0.998861253,-0.0194837581,-0.65904,-0.282057434,0.99926734,-0.0176530853,-0.657618,-0.295355,0.999431789,-0.0123494323,-0.645829499,-0.27508238,0.999542236,0.0488395058,-0.63989085,-0.148159102,0.998892367,-0.0909136,-0.593735099,-0.177071527,0.998806417,0.0171398129,-0.620534956,-0.220883667,0.999550045,-0.018589519,-0.587817609,-0.25778684,0.999645,0.142514974,-0.483543873,-0.0189394597,0.999950945,-0.176200181,-0.527750731,-0.0317309834,0.999954045,0.225609526,-0.307443202,-0.0849407241,0.864752829,-0.22638616,-0.23948817,-0.0797639564,0.972898304,0.234443665,-0.246895656,-0.221136197,0.947386384,-0.176807612,-0.0828510746,-0.183546185,0.988029063,0.22315982,-0.231686801,-0.249404371,0.953605,-0.135758862,-0.0422804952,-0.237482488,0.985464633,0.188799202,-0.257169306,-0.268004268,0.959148467,-0.091333583,-0.0903730169,-0.260558277,0.986522198,0.224832401,-0.236861244,-0.233495459,0.943857,-0.153718889,-0.0906789154,-0.200798213,0.97787261,0.0942677855,-0.00536179822,0.0466691889,0.999940217,-0.091898717,0.00208148547,-0.0448875427,0.999947846,0.117756978,0.386628926,0.0362355672,0.855879,-0.0747589394,0.320758224,-0.043185506,0.936506689,0.117914818,0.719590962,0.222405732,0.928990185,-0.141049415,0.715868831,0.107509822,0.964484394,0.0982477367,0.754482806,0.244427323,0.708810151,-0.146166295,0.748445034,0.0816323832,0.660064459,0.143264517,0.77948612,0.196000546,0.923534811,-0.142918184,0.77281177,-0.0124897351,0.938976
1266.6666666666667,-0.0109143434,-0.628878415,-0.281816244,0.999576807,0.00595694128,-0.648240149,-0.268575609,0.998578608,0.00852166209,-0.648762465,-0.258297622,0.998381615,0.00678955298,-0.648367345,-0.262116462,0.998756289,-0.0188561082,-0.657881379,-0.289325982,0.999215782,-0.0170568172,-0.656457305,-0.302559793,0.999391615,-0.0117698694,-0.64463383,-0.282318413,0.999513388,0.0497798957,-0.638225853,-0.155848324,0.998789489,-0.0903882459,-0.592866182,-0.184525758,0.998746753,0.0177045595,-0.618894637,-0.228000373,0.999525607,-0.0181647334,-0.586566448,-0.264651388,0.999632359,0.143903375,-0.481934369,-0.0244540125,0.999949157,-0.176206276,-0.525940299,-0.0359800272,0.99995327,0.230139524,-0.30751726,-0.0916685686,0.86199224,-0.225980416,-0.236955076,-0.0795117393,0.971877515,0.23589766,-0.253685117,-0.22589682,0.946396768,-0.180001169,-0.0778180584,-0.17953524,0.987689495,0.223754048,-0.241161272,-0.253287107,0.952982426,-0.14028579,-0.0376486965,-0.232537344,0.984923124,0.189338207,-0.26772666,-0.271659613,0.958635926,-0.096758917,-0.0847626701,-0.255451739,0.986066043,0.226068884,-0.244573683,-0.237984747,0.94291693,-0.15749374,-0.0851987377,-0.196624532,0.977213204,0.0947110057,-0.00534576783,0.0465893745,0.999938965,-0.0923312306,0.00205816538,-0.0448342562,0.999947608,0.117927276,0.386091322,0.0400362723,0.850251794,-0.0748100877,0.319767833,-0.0424680486,0.934271812,0.118328437,0.716007411,0.231491566,0.926406562,-0.140952677,0.714711547,0.112809464,0.963243484,0.0987280235,0.750356436,0.253737688,0.699247539,-0.146049008,0.747237384,0.0874898732,0.6521703,0.143792868,0.777291656,0.204946578,0.920324087,-0.143433824,0.769702256,-0.00804336835,0.936466753
1283.3333333333335,-0.010533723,-0.627828777,-0.283480048,0.999535561,0.00621249434,-0.647327662,-0.271094233,0.998413324,0.00878709182,-0.647826493,-0.260791242,0.998192906,0.00704116188,-0.647429824,-0.264676511,0.998613179,-0.0182833448,-0.657127,-0.291907072,0.999140501,-0.016487984,-0.65561235,-0.305013567,0.999330699,-0.0112510351,-0.643668473,-0.284885168,0.99947,0.0498907641,-0.637411058,-0.160938188,0.998644114,-0.0895321891,-0.592549801,-0.190180764,0.99866116,0.0180879645,-0.617729783,-0.229941472,0.999487162,-0.017624516,-0.585568428,-0.266688764,0.999610543,0.144127622,-0.481163532,-0.0296245385,0.99994719,-0.175362125,-0.525605559,-0.0403118022,0.999952853,0.230523393,-0.307403028,-0.097746931,0.858359158,-0.225622371,-0.236503825,-0.0795164481,0.971312344,0.236213163,-0.259328336,-0.226335287,0.944361866,-0.186178878,-0.0715309232,-0.171883866,0.987398505,0.224120945,-0.24936609,-0.2511684,0.951408625,-0.148311153,-0.0299146678,-0.221352205,0.984378338,0.190737456,-0.275343746,-0.268695772,0.957226753,-0.106195427,-0.0741763,-0.243075505,0.985610068,0.226971105,-0.251054645,-0.237862766,0.941013873,-0.164817169,-0.0780696273,-0.188195363,0.976650655,0.094754152,-0.00524750771,0.0465643518,0.999935389,-0.0923555121,0.00193098362,-0.0448115,0.999945641,0.117360599,0.386413902,0.0399222299,0.840135634,-0.0747938156,0.319685459,-0.0486403853,0.930403769,0.118277393,0.716448724,0.230013847,0.920349181,-0.140931696,0.714695156,0.112088479,0.959460497,0.098795332,0.750622869,0.252128631,0.683599472,-0.146001324,0.747226179,0.0870967358,0.634781957,0.144188568,0.777386248,0.204765901,0.912730873,-0.143303782,0.769676745,-0.00788239669,0.929479241
1300.0000000000002,-0.00914018136,-0.62635839,-0.283030897,0.999535501,0.00703489315,-0.645959556,-0.270727277,0.998406649,0.00961960945,-0.646482766,-0.260415614,0.998182595,0.00788131543,-0.646086,-0.264367372,0.998609245,-0.0169255547,-0.655983627,-0.291359901,0.999143839,-0.0152181285,-0.65428853,-0.304530174,0.999330282,-0.00999960769,-0.64213866,-0.284342438,0.999472082,0.0501136519,-0.636934161,-0.160301119,0.998633564,-0.0889083818,-0.592163563,-0.189668387,0.998671055,0.0194105227,-0.616461,-0.229338735,0.999488711,-0.0161961671,-0.584209919,-0.266188473,0.999614716,0.144259721,-0.481140882,-0.0287756808,0.999947906,-0.173281118,-0.525565505,-0.0400265455,0.999954,0.231356129,-0.307497472,-0.0950771868,0.855055213,-0.222416803,-0.236844644,-0.0753031299,0.970662713,0.238184363,-0.266114384,-0.222702354,0.943711221,-0.190997884,-0.0692710653,-0.155729547,0.987166464,0.226406619,-0.258924574,-0.240766168,0.950749099,-0.156007484,-0.027139727,-0.202207923,0.983927608,0.196105659,-0.283488423,-0.257156879,0.956607103,-0.115462139,-0.0680835471,-0.222616225,0.985221624,0.230398819,-0.258377552,-0.233258516,0.940186,-0.171220973,-0.0747633874,-0.171049237,0.97625351,0.0947562531,-0.00517308945,0.0465528071,0.99993366,-0.0923423618,0.00185171096,-0.044840686,0.999944866,0.117345273,0.386410207,0.0391449034,0.832838833,-0.0745223761,0.318441451,-0.0490064025,0.925442159,0.116609052,0.716062248,0.227996171,0.915221,-0.141324282,0.714552104,0.113077946,0.95614481,0.0968269855,0.749866605,0.249775797,0.66931349,-0.146486491,0.747152686,0.088168,0.619317055,0.142164931,0.776661098,0.20412904,0.907081306,-0.143540442,0.768167675,-0.00479157688,0.924097776
1316.666666666667,-0.00809260365,-0.626028895,-0.284381717,0.999513626,0.0078463424,-0.645562112,-0.272204757,0.998325229,0.0103832297,-0.646058857,-0.261872947,0.998084724,0.00862938538,-0.645639181,-0.265687674,0.998527229,-0.0160254817,-0.655335188,-0.293039948,0.999111474,-0.0143364593,-0.653696895,-0.306146175,0.99930495,-0.00909377448,-0.641487896,-0.286043793,0.999456048,0.0506681912,-0.636889517,-0.161490202,0.998556674,-0.0885128155,-0.591859758,-0.191438466,0.998651683,0.0205129758,-0.616075754,-0.230414718,0.999473751,-0.0152331088,-0.583755076,-0.267431527,0.99960947,0.145329177,-0.480943531,-0.0288006067,0.999946117,-0.172635064,-0.525617063,-0.0404967107,0.999954224,0.230883226,-0.307228595,-0.0935370699,0.854002416,-0.222033799,-0.237061128,-0.0734994635,0.970882952,0.239584789,-0.272506028,-0.219458506,0.943505,-0.19832924,-0.0673927218,-0.154830903,0.987287045,0.22886093,-0.268018484,-0.240508512,0.950425088,-0.165831715,-0.0246951897,-0.20218268,0.983850896,0.200973615,-0.293152,-0.257686824,0.956312299,-0.124762148,-0.0636856258,-0.223181427,0.985181391,0.232705966,-0.264924049,-0.230625883,0.93969363,-0.178489819,-0.0714378282,-0.170481443,0.976317167,0.0951065049,-0.00508285686,0.0465304255,0.999932349,-0.0926692039,0.00174721994,-0.0448248945,0.999945045,0.117371947,0.386729658,0.0440578088,0.83485055,-0.0756804347,0.318630368,-0.0441633165,0.92643851,0.11606729,0.715991914,0.236862764,0.916518092,-0.145497039,0.714539528,0.126455456,0.956312716,0.0962705165,0.749776542,0.259485722,0.669383466,-0.150770858,0.747153401,0.102573402,0.61639452,0.141218588,0.778171659,0.213613,0.907727063,-0.1469291,0.769833684,0.00863107,0.923670888
1333.3333333333337,-0.00675779814,-0.624971509,-0.288761228,0.999475718,0.0085262442,-0.644527,-0.277012378,0.998186111,0.0110177295,-0.644968,-0.266721696,0.997927785,0.0092781391,-0.644542277,-0.270309329,0.998411357,-0.0150425648,-0.653823376,-0.298361391,0.999044716,-0.0133780194,-0.652213693,-0.311422616,0.999249101,-0.00813648105,-0.639877141,-0.291391045,0.999415874,0.0507215783,-0.636642873,-0.166800424,0.998449326,-0.0881857723,-0.590381682,-0.198716253,0.998568594,0.021772258,-0.615036786,-0.234622791,0.999453247,-0.0139058372,-0.582376122,-0.272223383,0.999596536,0.146371067,-0.480824292,-0.0331500098,0.999946177,-0.171859831,-0.524923623,-0.0444611199,0.999954045,0.233667403,-0.307183444,-0.099365972,0.854220748,-0.220523104,-0.236175224,-0.0739568695,0.970034361,0.241998017,-0.281752586,-0.225216851,0.944160521,-0.202960163,-0.0617944524,-0.156944662,0.986892223,0.230968341,-0.280583501,-0.247754112,0.950667,-0.172383666,-0.0193481017,-0.205067173,0.98312521,0.203358114,-0.307525516,-0.264290273,0.956492782,-0.132518381,-0.0568962544,-0.225816861,0.984566867,0.235326841,-0.275386661,-0.236373082,0.939714551,-0.183894455,-0.0650290847,-0.172546521,0.975524426,0.0952974632,-0.00506400503,0.0465365499,0.999928594,-0.0928363055,0.00170805212,-0.0448748283,0.999942899,0.117168874,0.386731684,0.0478371568,0.828502297,-0.0761882067,0.318647414,-0.0424252823,0.922595263,0.11362832,0.715952456,0.242258176,0.913102567,-0.150294676,0.714539707,0.12788488,0.953668,0.0938446745,0.749684,0.265070081,0.660543919,-0.155784965,0.747160435,0.103881732,0.602651715,0.139617562,0.778529823,0.219331667,0.903623581,-0.149330959,0.770169795,0.00917579606,0.91887325
1350.0000000000005,-0.0053732181,-0.624297917,-0.292610675,0.999451876,0.00957081094,-0.643814802,-0.280732691,0.998100817,0.0119515965,-0.644200206,-0.27046755,0.997828603,0.0102276457,-0.643763,-0.273892909,0.998331428,-0.0138920574,-0.652760923,-0.302469879,0.999010265,-0.0122561948,-0.651230454,-0.315573245,0.999221504,-0.0069938,-0.63885653,-0.295523167,0.999395549,0.0509125702,-0.636378825,-0.170001283,0.998384893,-0.0878875,-0.589473546,-0.203392684,0.998539925,0.0228949096,-0.614228606,-0.238213599,0.999447882,-0.0128177702,-0.581496954,-0.276393056,0.999595761,0.14738892,-0.480740219,-0.0360375345,0.999945939,-0.171631992,-0.524358749,-0.0482434146,0.999954164,0.236696035,-0.307802528,-0.104478672,0.857574761,-0.218958065,-0.23569952,-0.0781809,0.970507681,0.245673448,-0.294398725,-0.233508632,0.946319282,-0.209226921,-0.0606131852,-0.164212435,0.98728925,0.234752938,-0.295368373,-0.257557869,0.952294886,-0.182170361,-0.0186193455,-0.212014645,0.983476043,0.206860781,-0.322899431,-0.2742199,0.957909942,-0.14235644,-0.0548438169,-0.234781608,0.984918475,0.238853142,-0.288424492,-0.244896337,0.941433191,-0.190833703,-0.0630148947,-0.180605188,0.976123333,0.0956873894,-0.00504555274,0.0465458184,0.99992609,-0.0932131,0.00165969366,-0.0449102558,0.999941766,0.1168743,0.386944354,0.0533821657,0.829049647,-0.0786070824,0.318621457,-0.0414116681,0.922897935,0.111477733,0.716950953,0.250453174,0.914388359,-0.154365972,0.714347959,0.130006671,0.953651667,0.0916099846,0.750817716,0.273619235,0.662080765,-0.159810424,0.746959865,0.106135741,0.599468529,0.138173759,0.782255769,0.2261336,0.904586375,-0.151554063,0.77112186,0.0100562014,0.91850549
1366.6666666666672,-0.00335678598,-0.623648047,-0.302072108,0.999440253,0.0110699106,-0.643103719,-0.290053755,0.998065,0.0133316442,-0.643420219,-0.279649,0.997790456,0.0115873469,-0.642948031,-0.282958537,0.998298764,-0.0121863149,-0.651712537,-0.312540054,0.998995662,-0.010630792,-0.650225043,-0.325734347,0.999209,-0.00532026356,-0.637845516,-0.30556041,0.999385059,0.0509671606,-0.635813117,-0.177812338,0.998376369,-0.0877489597,-0.588161945,-0.214812174,0.998535097,0.0243155714,-0.61328727,-0.24717392,0.999454856,-0.0114540784,-0.580551684,-0.286461025,0.999601722,0.147708386,-0.479634017,-0.0426155776,0.999946,-0.171418279,-0.523868799,-0.0549774393,0.999953866,0.238504782,-0.305648506,-0.109340258,0.864771903,-0.217480049,-0.235848844,-0.0833895579,0.971238494,0.24728322,-0.303797394,-0.235460103,0.949736297,-0.215613529,-0.0606912784,-0.168403834,0.98770088,0.235722065,-0.309878439,-0.259229869,0.954957902,-0.191615328,-0.0190059785,-0.215008199,0.983785868,0.208509028,-0.337941289,-0.275103509,0.960208237,-0.152194574,-0.0529279672,-0.238208592,0.985217869,0.240573913,-0.298740238,-0.246481255,0.944342136,-0.197996333,-0.0620413534,-0.184748709,0.976698518,0.0957658887,-0.00502638,0.0464519486,0.9999246,-0.0932820663,0.00163475319,-0.0448518097,0.999941111,0.116473146,0.387128055,0.0566755719,0.836674511,-0.0801405683,0.31851843,-0.0396048,0.925599635,0.106983848,0.716111362,0.261236936,0.918227315,-0.15673323,0.712543488,0.138625279,0.955200374,0.0867109,0.749854863,0.28570798,0.671969116,-0.162670627,0.745104253,0.115741134,0.60835427,0.134917974,0.782699049,0.240351245,0.907979965,-0.160243988,0.77109009,0.0211566947,0.920627892
1383.333333333334,-0.0028536832,-0.622823536,-0.308148116,0.99943161,0.0112993577,-0.642250359,-0.296412587,0.998033702,0.0135250371,-0.642487824,-0.286010504,0.997759938,0.0117850294,-0.64203,-0.289185315,0.998273134,-0.0117766848,-0.650582075,-0.319146723,0.99898392,-0.0102359718,-0.649107516,-0.332410246,0.999199271,-0.00492537301,-0.636715949,-0.312161505,0.999376357,0.0507711954,-0.635299265,-0.184479386,0.998379052,-0.0877399221,-0.586960852,-0.222681582,0.998534143,0.02457265,-0.612318218,-0.253265649,0.999466598,-0.0111213671,-0.579557538,-0.293124855,0.999610722,0.147692129,-0.479026824,-0.0493287295,0.999947,-0.171405107,-0.523525298,-0.0603290386,0.999954224,0.239667699,-0.305633575,-0.116471224,0.872226119,-0.217208102,-0.235997468,-0.0897769928,0.971952915,0.248364136,-0.315976262,-0.241905183,0.953111291,-0.222851,-0.0612622723,-0.178029507,0.988085747,0.236439615,-0.325219363,-0.26559186,0.95761162,-0.201021269,-0.0199558903,-0.224535733,0.984107733,0.209679827,-0.354028821,-0.280865461,0.962506831,-0.162497267,-0.0529067479,-0.247856945,0.985531,0.241822422,-0.311852127,-0.252760082,0.947306097,-0.206030831,-0.0622026511,-0.194527507,0.977269173,0.0958153829,-0.00500886794,0.0464408584,0.999922454,-0.0933294222,0.00160325866,-0.0448579751,0.99994,0.11485669,0.387284279,0.060612496,0.841742218,-0.0811350942,0.318313867,-0.0383364335,0.927570939,0.102169357,0.716082,0.267554194,0.920557737,-0.160605475,0.711535752,0.137173086,0.956213892,0.0819315761,0.749791443,0.292209923,0.67846185,-0.166841,0.743978918,0.113894552,0.612807214,0.131946802,0.782783687,0.246751294,0.909942329,-0.163687348,0.770315,0.0200989973,0.921904624
1400.0000000000007,0.000856445695,-0.622753382,-0.310031176,0.999418199,0.0143979387,-0.642130554,-0.298207283,0.997979,0.0163908713,-0.642325878,-0.287829459,0.997690618,0.0146396039,-0.641883552,-0.290969193,0.998226941,-0.00824267231,-0.650476396,-0.321522474,0.998963,-0.00679746,-0.649021566,-0.334863037,0.999179482,-0.00148366392,-0.636631191,-0.314576447,0.999361038,0.0507983044,-0.634979427,-0.186453149,0.99836427,-0.0866665915,-0.586811066,-0.227957591,0.998512566,0.0267106555,-0.612087786,-0.255270809,0.999476671,-0.00866846368,-0.579455316,-0.296056211,0.99961853,0.147942722,-0.478718728,-0.0537426621,0.999947846,-0.171311632,-0.523532331,-0.0654276386,0.999954283,0.250613,-0.306838155,-0.123658232,0.880052388,-0.216500014,-0.23769033,-0.109171614,0.972397685,0.252694577,-0.334679633,-0.248463973,0.95631057,-0.222863033,-0.0624582022,-0.213496923,0.988318801,0.23847045,-0.348228782,-0.272430688,0.960047483,-0.201270401,-0.0213129502,-0.264554948,0.984218061,0.210858896,-0.37864387,-0.286494821,0.964587152,-0.16128391,-0.0547958948,-0.284716815,0.985639811,0.245474517,-0.331793338,-0.258658409,0.949892819,-0.2057731,-0.0635252073,-0.229280561,0.977452219,0.0957297608,-0.005068067,0.0464351699,0.999919713,-0.0932566896,0.00160610792,-0.0448626727,0.99993819,0.111834228,0.387035578,0.0709303394,0.843251348,-0.0813330337,0.31834811,-0.0358408727,0.926920891,0.093324922,0.715561569,0.287360042,0.920746148,-0.161418647,0.711487293,0.136539161,0.956295192,0.0726760626,0.749153912,0.313185722,0.681277215,-0.16784972,0.743909,0.112890273,0.614770412,0.125632122,0.781708717,0.269132733,0.909525335,-0.166616336,0.768888474,0.0197502319,0.921651244
1416.6666666666674,0.00138102169,-0.622077644,-0.305401474,0.999359,0.0144815138,-0.641467035,-0.294738,0.997714281,0.0165000129,-0.641717434,-0.284426332,0.997385144,0.014722364,-0.64125,-0.287522733,0.99801892,-0.00768653816,-0.650111258,-0.319102049,0.998849452,-0.00625188043,-0.648572,-0.331961453,0.999081671,-0.00102561887,-0.636140227,-0.312035322,0.999289751,0.0496584848,-0.634245276,-0.185737371,0.998201251,-0.0865100622,-0.586578369,-0.224806309,0.998381436,0.0268360302,-0.611421525,-0.251050144,0.999454558,-0.00821630284,-0.578826666,-0.293180764,0.999604583,0.147416577,-0.477542371,-0.0520013273,0.999947965,-0.171145961,-0.523519158,-0.0650594682,0.999954104,0.253289968,-0.306774259,-0.119935326,0.886307538,-0.217829496,-0.239461437,-0.106177151,0.972307146,0.252595,-0.351012498,-0.238782197,0.958771527,-0.238393083,-0.0629797652,-0.211572379,0.988209784,0.238135695,-0.37047419,-0.255712897,0.961607635,-0.21961394,-0.0220916588,-0.257314235,0.983751953,0.211010545,-0.399420977,-0.264830351,0.965795159,-0.180543438,-0.0527405553,-0.273900062,0.985195935,0.245899543,-0.349786401,-0.245826736,0.951330185,-0.222790554,-0.0633791313,-0.227753162,0.977008939,0.0950563326,-0.00502615748,0.0464135893,0.999916255,-0.0924512073,0.00153167336,-0.0448615812,0.999935627,0.106935523,0.387039274,0.0607110336,0.841276705,-0.0824603587,0.317947298,-0.0546317585,0.924891829,0.0888846517,0.716333449,0.278892666,0.919330359,-0.16254203,0.711402535,0.114924788,0.954998,0.0681671351,0.749580562,0.305750102,0.677295566,-0.169176221,0.743825257,0.0910435766,0.609080553,0.122069694,0.781470358,0.267446697,0.90657413,-0.168976814,0.768401384,-0.00149103033,0.91881448
1433.3333333333342,0.00441110367,-0.622094393,-0.305370599,0.999269247,0.0166992582,-0.641452312,-0.294486433,0.997337341,0.0186965913,-0.641698182,-0.284142464,0.996970594,0.0168205462,-0.641216457,-0.28726396,0.997708797,-0.00480174832,-0.65007472,-0.31891191,0.998678625,-0.00344726536,-0.648536265,-0.331711799,0.998946965,0.00179842545,-0.636102438,-0.311796904,0.999189198,0.0496003926,-0.634139597,-0.184930921,0.997996569,-0.0859459043,-0.58642447,-0.227135733,0.998209178,0.0285257921,-0.611402631,-0.250911027,0.99942857,-0.00608064933,-0.578807175,-0.293064237,0.999587953,0.147582233,-0.477497905,-0.0541878045,0.999947548,-0.17221953,-0.523537517,-0.0637251884,0.999952912,0.259065866,-0.310648054,-0.120620839,0.893666089,-0.222431242,-0.24294515,-0.104832008,0.972505212,0.254443973,-0.367194682,-0.236804694,0.961514771,-0.248670965,-0.0633678436,-0.202207759,0.988230586,0.23871,-0.38808158,-0.254955769,0.963579595,-0.230259418,-0.0225023031,-0.24320212,0.98342967,0.21157065,-0.417004198,-0.264665097,0.967423916,-0.191266716,-0.0506978408,-0.261057377,0.984883726,0.247572392,-0.365630388,-0.244501784,0.953312695,-0.23275958,-0.0628489,-0.217380509,0.976740897,0.0950647444,-0.00505764736,0.0460012108,0.999914587,-0.0924548432,0.00153526745,-0.0445606783,0.999934375,0.103584021,0.386946857,0.06021991,0.848457396,-0.0831157193,0.317744493,-0.0542039573,0.926627159,0.0849484056,0.716349721,0.275195897,0.922621727,-0.163558617,0.711376667,0.116528161,0.956600368,0.0640035048,0.749588132,0.301215053,0.684614718,-0.170617193,0.74381876,0.0929477066,0.61943531,0.113001093,0.783086836,0.260187089,0.909175813,-0.177918553,0.768357337,-0.00107071525,0.921001554
1450.000000000001,0.0051644817,-0.621532559,-0.30464223,0.999202132,0.01725935,-0.640831888,-0.293730378,0.997044861,0.0192617849,-0.641075432,-0.283365488,0.99662143,0.0173400212,-0.640534937,-0.286536723,0.997462451,-0.00394993601,-0.649634838,-0.317890882,0.998557687,-0.00266168825,-0.648062706,-0.330671817,0.9988451,0.00257822243,-0.635556579,-0.310766429,0.999119103,0.0495733656,-0.633600414,-0.18427217,0.997817338,-0.0855140612,-0.586279273,-0.226714566,0.998084,0.0290748067,-0.610787749,-0.250228912,0.999402285,-0.00538275,-0.57833,-0.291994423,0.999572873,0.147816777,-0.477371365,-0.0557183959,0.999946535,-0.172222599,-0.523815155,-0.0628691241,0.999952435,0.26166904,-0.314879537,-0.121685892,0.899511039,-0.224490508,-0.247590795,-0.103295736,0.972459853,0.254899204,-0.379479289,-0.23601009,0.963414431,-0.255979031,-0.063770391,-0.200549051,0.988123178,0.238640428,-0.402554244,-0.251908213,0.964594543,-0.238777682,-0.0229981542,-0.238713682,0.98292923,0.21179904,-0.430391103,-0.260192186,0.96813,-0.200012445,-0.049810607,-0.2560215,0.984396517,0.24830009,-0.378177553,-0.242528275,0.954022169,-0.240677625,-0.0630239621,-0.214837685,0.97622025,0.0948477313,-0.00503962,0.0452749543,0.999913692,-0.0922029,0.00150662358,-0.0439514741,0.999933958,0.100193292,0.386950225,0.0564951934,0.852845848,-0.0830938667,0.317702919,-0.0535636283,0.926080704,0.0772855952,0.715707242,0.272094727,0.923596621,-0.163107216,0.711229086,0.118889891,0.956784487,0.0559148975,0.748514354,0.297653258,0.687071264,-0.17036736,0.74370122,0.0955132321,0.622486,0.107007593,0.782480896,0.256779969,0.90878576,-0.177632049,0.767632,0.00209838408,0.920422137
1466.6666666666677,0.00642589107,-0.620623231,-0.317215919,0.999175191,0.0186800752,-0.639717758,-0.306554258,0.996935964,0.0205832906,-0.639814556,-0.296064436,0.99649924,0.0186352767,-0.639292836,-0.298978,0.997367,-0.00246994267,-0.648561299,-0.330775946,0.99850738,-0.00122613891,-0.64701575,-0.343709946,0.998803437,0.00405758945,-0.634480894,-0.323597372,0.999087036,0.0498991348,-0.632407665,-0.196483716,0.997771859,-0.0845325291,-0.585573673,-0.240584463,0.998029768,0.0300439037,-0.609529,-0.26260826,0.999398112,-0.00437348709,-0.577405632,-0.30450049,0.999571,0.147884816,-0.477178693,-0.0694432184,0.999946594,-0.172109827,-0.523822665,-0.0686278194,0.99995178,0.263665795,-0.319240808,-0.135285437,0.906031728,-0.224801213,-0.249888361,-0.106786564,0.972215712,0.256625891,-0.38764295,-0.24138993,0.965663433,-0.257703573,-0.0639540926,-0.199526623,0.987819254,0.239636689,-0.411556095,-0.258559167,0.966149926,-0.241213858,-0.0232372023,-0.239706129,0.982155383,0.213188946,-0.440534294,-0.267012894,0.969394565,-0.203504071,-0.0485222787,-0.258033067,0.983674049,0.250151753,-0.386391819,-0.248335823,0.955537558,-0.242683604,-0.0623232909,-0.214159742,0.975434124,0.0946947113,-0.00513904262,0.0448717959,0.999913,-0.0920540243,0.00155905576,-0.0436078981,0.99993366,0.0994453952,0.386234373,0.0633489564,0.857545078,-0.0830062106,0.317335039,-0.0428841636,0.926433563,0.0762031376,0.710574687,0.287729532,0.924960613,-0.162942067,0.709834397,0.129769415,0.957633913,0.0548466481,0.74291873,0.314582437,0.691995323,-0.170054838,0.742166698,0.106393993,0.630491674,0.103898503,0.782059729,0.275710613,0.909497857,-0.176610112,0.766833544,0.0117819859,0.921393394
1483.3333333333344,0.00561865931,-0.617123842,-0.299254328,0.999119818,0.01760149,-0.636104286,-0.290361851,0.996651709,0.0195749868,-0.636488378,-0.279911608,0.99614048,0.0176099055,-0.635853648,-0.283109844,0.997131765,-0.00290647685,-0.646212876,-0.313951582,0.998406053,-0.0017107781,-0.644398451,-0.326044142,0.998713911,0.00347845419,-0.631752491,-0.306654334,0.999032676,0.0487033203,-0.62964,-0.183707803,0.997551382,-0.0845735148,-0.585247517,-0.226791501,0.997922182,0.0291357357,-0.60653168,-0.245081976,0.999368,-0.00497705443,-0.574909925,-0.285782486,0.999557376,0.146931008,-0.476184,-0.058234442,0.99994576,-0.172304958,-0.523982,-0.0536835752,0.999952376,0.263467193,-0.320262402,-0.118605182,0.909652293,-0.22852,-0.250961035,-0.0933918729,0.972117901,0.256461114,-0.393820971,-0.205995679,0.966900229,-0.268031776,-0.0634475201,-0.171048984,0.987684488,0.239537463,-0.420873,-0.218360692,0.966461658,-0.252069741,-0.0226872116,-0.20766069,0.981549919,0.213680699,-0.446874827,-0.225352526,0.969437361,-0.214827597,-0.0450028293,-0.224219128,0.983083844,0.250391603,-0.393268973,-0.211449176,0.955379605,-0.253970861,-0.0608047545,-0.183665261,0.974812567,0.0940966,-0.00501194783,0.0444338173,0.99991262,-0.0913455263,0.00143480755,-0.043269448,0.99993366,0.0979003,0.386661589,0.0411799327,0.855594456,-0.0813392177,0.317720681,-0.0532422587,0.922884643,0.077417843,0.710756,0.259819567,0.92222321,-0.159696,0.70956403,0.128482834,0.955494761,0.0560703203,0.743061602,0.286083132,0.681533039,-0.167103529,0.741859198,0.105648287,0.621504307,0.103765763,0.780639827,0.248430893,0.905041277,-0.175689101,0.76475805,0.011691235,0.91734314
1500.0000000000011,0.00548536563,-0.61647284,-0.299395561,0.999057,0.0175577626,-0.635244429,-0.290377766,0.996384919,0.0195377395,-0.635606766,-0.279915214,0.995817184,0.0175743178,-0.63492465,-0.283097744,0.996901035,-0.00301686907,-0.645597458,-0.313856244,0.998292,-0.0018119131,-0.643770039,-0.325986296,0.998615682,0.00337937777,-0.63110441,-0.306566834,0.998969257,0.048771739,-0.628227293,-0.183509082,0.997373283,-0.0844053403,-0.585158646,-0.226117283,0.997806,0.0290063769,-0.605481327,-0.245323598,0.999332547,-0.00511133159,-0.574326932,-0.28582564,0.999537051,0.146933421,-0.475243181,-0.0583486333,0.999944448,-0.172458112,-0.524175346,-0.052675657,0.99995172,0.26425606,-0.32237637,-0.119449325,0.913368583,-0.229912639,-0.253558248,-0.0866603255,0.970680416,0.256328464,-0.400046855,-0.207876071,0.968014836,-0.272495568,-0.0636217371,-0.155735031,0.986976504,0.239438847,-0.428456455,-0.2217879,0.96677357,-0.257864028,-0.0228954628,-0.191712916,0.980060518,0.213633254,-0.454029799,-0.22993733,0.969496608,-0.221147016,-0.044818379,-0.209648699,0.981678784,0.250340223,-0.39937973,-0.214004621,0.955123901,-0.258787572,-0.0607499518,-0.168674678,0.97316891,0.093753241,-0.00500010792,0.0432555489,0.999912202,-0.0909638405,0.00142154587,-0.0422198176,0.999933362,0.0962609723,0.386374712,0.0404020585,0.855647326,-0.0770728365,0.3175565,-0.0528883971,0.918506265,0.0760474801,0.708469868,0.259718716,0.920574546,-0.150905967,0.706454754,0.138802946,0.953382373,0.054606162,0.740468919,0.286024898,0.676759243,-0.158326626,0.738540709,0.117541991,0.61832422,0.0975606591,0.780621827,0.24825564,0.901970744,-0.172736138,0.762550175,0.0292003453,0.913456798
1516.6666666666679,0.00489015551,-0.616200209,-0.310303569,0.999068439,0.017470846,-0.634921491,-0.300031,0.996431768,0.0194323529,-0.635198891,-0.289432853,0.995855749,0.0174373761,-0.634520531,-0.292419136,0.996931851,-0.00321599143,-0.645362794,-0.323149741,0.998315454,-0.00205724547,-0.643559694,-0.335498899,0.998628259,0.00316030951,-0.630938292,-0.315776438,0.998979747,0.0490445085,-0.627128482,-0.19060123,0.997393489,-0.0844670087,-0.585069656,-0.231342286,0.997817338,0.0285925,-0.604843259,-0.255992681,0.999336,-0.0058493265,-0.573997319,-0.295864373,0.999540448,0.146721452,-0.474512458,-0.0648200586,0.999943376,-0.17257373,-0.524161041,-0.0559591763,0.999950886,0.266081303,-0.326911569,-0.124306217,0.917926073,-0.231735766,-0.255050749,-0.0913896263,0.969743431,0.257227242,-0.412186533,-0.208668351,0.969451725,-0.274850458,-0.0640685409,-0.162125438,0.986313939,0.239773065,-0.441678911,-0.223868251,0.967512727,-0.26086,-0.023830682,-0.1971277,0.978604734,0.214013949,-0.467771351,-0.233145207,0.969982,-0.223588184,-0.045522891,-0.214039281,0.980297744,0.251244366,-0.411392778,-0.215533331,0.955474079,-0.260891765,-0.0609949604,-0.174886152,0.971557856,0.0934445709,-0.00508746225,0.0428531319,0.999912083,-0.0906512365,0.00149234501,-0.0418437235,0.999933124,0.0936871171,0.386346191,0.0440853462,0.858385921,-0.0761760101,0.316747487,-0.0513427518,0.916730464,0.0727502704,0.70800519,0.264364898,0.921327,-0.145365611,0.702858388,0.143191531,0.952794194,0.0511054434,0.74008888,0.290930659,0.679189,-0.15245536,0.734609127,0.122200482,0.622018158,0.0948676839,0.780794561,0.254032403,0.902005672,-0.169275224,0.760389328,0.0363844819,0.912272453
1533.3333333333346,0.0033981672,-0.616306126,-0.3047418,0.999040544,0.0162985176,-0.634952307,-0.294250965,0.996287644,0.0183312763,-0.635230243,-0.283706158,0.995649815,0.0162789337,-0.634554803,-0.286621183,0.99680227,-0.00407378608,-0.645559311,-0.3174465,0.998268902,-0.00298413099,-0.643726528,-0.329459,0.998581648,0.0022410613,-0.631110609,-0.310010344,0.998957634,0.0484008603,-0.626803517,-0.185327381,0.997226655,-0.084990263,-0.585480869,-0.226209342,0.997752309,0.0270357355,-0.604878962,-0.250779688,0.999306321,-0.00737531064,-0.574106276,-0.290393,0.99952811,0.143973216,-0.47425127,-0.0608254,0.99994123,-0.173874274,-0.524452,-0.0509176813,0.999950469,0.265430868,-0.331815749,-0.114294663,0.918617606,-0.239055082,-0.257406682,-0.079234682,0.967589438,0.257143736,-0.423135668,-0.19310075,0.96947819,-0.284175962,-0.0643839613,-0.137556911,0.984971642,0.239629313,-0.454939604,-0.206846163,0.966614187,-0.26995343,-0.0244007148,-0.171429411,0.97593981,0.213952437,-0.479466587,-0.213809609,0.968863428,-0.233327508,-0.045940306,-0.188446969,0.977782786,0.25111711,-0.422700018,-0.198817492,0.953615427,-0.270613104,-0.0611806959,-0.149872243,0.968539,0.0927457511,-0.00511712488,0.0427647792,0.999911845,-0.089895241,0.00152360962,-0.0417787321,0.999933,0.0921507105,0.386278868,0.0421292484,0.850677252,-0.0736421794,0.316498578,-0.0523136966,0.906483471,0.0702993497,0.706605911,0.262759477,0.914014935,-0.140865743,0.698591352,0.143448398,0.946331739,0.0483864024,0.738383055,0.289648563,0.66508466,-0.147783846,0.72980392,0.122960478,0.606466234,0.0912822038,0.779706597,0.253489733,0.892874777,-0.161083877,0.755628824,0.039086964,0.901956081
1550.0000000000014,0.000832713209,-0.616334379,-0.311926425,0.999100804,0.0146842925,-0.634973347,-0.299898207,0.996533632,0.0165434405,-0.6352368,-0.289320588,0.995925784,0.0144433985,-0.634562433,-0.29217115,0.99700278,-0.0066203489,-0.645557463,-0.323064625,0.998385,-0.00556861749,-0.643743038,-0.335457921,0.998674273,-0.000238496621,-0.631141782,-0.315667421,0.999024928,0.047994256,-0.625986695,-0.187316447,0.997396171,-0.0872591,-0.585325837,-0.227882028,0.997890472,0.0250043515,-0.604786098,-0.256953627,0.999347806,-0.0101817399,-0.574112058,-0.296731532,0.999556541,0.14211382,-0.47392714,-0.0602805056,0.999940455,-0.17570737,-0.524231493,-0.0535135604,0.999950409,0.266227156,-0.336527079,-0.113867678,0.922662437,-0.24299489,-0.25830704,-0.0929191336,0.967774,0.259059906,-0.429335088,-0.193746164,0.97123003,-0.283527523,-0.0690294728,-0.177911714,0.984944344,0.241349891,-0.460537016,-0.209818512,0.968082428,-0.269041389,-0.0311018098,-0.221290663,0.975548327,0.21485959,-0.485917,-0.215374976,0.970142901,-0.230190262,-0.0511919819,-0.237366721,0.97739923,0.252630234,-0.428227395,-0.199928328,0.955165,-0.268947512,-0.0643806532,-0.190759689,0.967990875,0.0924807265,-0.00546018919,0.0427923761,0.999913096,-0.0896822214,0.00184442836,-0.0417758152,0.999933839,0.0907535553,0.385410607,0.0482910164,0.855849504,-0.0718579516,0.316561848,-0.0505582169,0.908040643,0.0700786561,0.703627229,0.269506902,0.916673601,-0.135217771,0.690152347,0.152450979,0.946704149,0.0482706,0.735978961,0.297009051,0.6732077,-0.14194344,0.720142365,0.133279711,0.613958597,0.0922302529,0.779355168,0.259452,0.89578104,-0.15345706,0.750418,0.0523945,0.902743042
1566.666666666668,-0.00270477822,-0.616660178,-0.311444044,0.999163926,0.011712119,-0.6351,-0.299723953,0.996780515,0.0135923512,-0.635349691,-0.289161712,0.99620676,0.0114638228,-0.634653,-0.291928023,0.997208595,-0.00987152848,-0.645759881,-0.322850376,0.998503208,-0.00887712743,-0.644003808,-0.335288852,0.998770237,-0.00336742029,-0.631554663,-0.315483898,0.999096096,0.0463707224,-0.625528812,-0.18581067,0.997563839,-0.0900488198,-0.585433185,-0.226710722,0.998034954,0.0216658842,-0.604807317,-0.256681114,0.999389827,-0.0139225274,-0.574311078,-0.296377182,0.999586165,0.13713035,-0.473627478,-0.0561702475,0.999941,-0.179033667,-0.524396,-0.0517247878,0.999951899,0.265733868,-0.340991408,-0.104684897,0.926109552,-0.249882713,-0.259460092,-0.0871436596,0.967771888,0.258917928,-0.435046881,-0.192009985,0.972711444,-0.289678454,-0.0709188953,-0.170098066,0.984909713,0.241283864,-0.466915309,-0.209975421,0.969243109,-0.274841577,-0.0343698263,-0.212642699,0.975175321,0.21479708,-0.491982192,-0.216340855,0.971133709,-0.236268878,-0.0536228605,-0.229414359,0.977041185,0.252512902,-0.434004247,-0.198233351,0.956341326,-0.274889082,-0.0658886954,-0.182933778,0.967508137,0.0921317413,-0.00557423476,0.0430707596,0.999915421,-0.0893691778,0.00196506316,-0.0419872031,0.999935746,0.0866002962,0.385781407,0.0493854135,0.85939461,-0.0681189224,0.317596525,-0.0511991903,0.90951,0.0625469089,0.703460693,0.274998367,0.916874945,-0.133049384,0.688821673,0.152695358,0.946211636,0.0404946618,0.735929787,0.303493232,0.677475452,-0.140004635,0.718542397,0.134147018,0.615998209,0.0853920206,0.77943033,0.268094629,0.896621585,-0.145525575,0.749809206,0.0532746874,0.902440667
1583.3333333333348,-0.00431862287,-0.616901755,-0.310993582,0.999221504,0.0105580036,-0.635247409,-0.299295813,0.99700892,0.0123981619,-0.635460436,-0.288727939,0.996463776,0.0102642318,-0.634767532,-0.291544408,0.997397721,-0.0112487683,-0.646106958,-0.322379947,0.998611629,-0.0102468198,-0.64442,-0.334842592,0.998857498,-0.00469270162,-0.632112145,-0.315029055,0.999160349,0.045368623,-0.625296474,-0.185456544,0.997719526,-0.0914105698,-0.586035311,-0.226457328,0.998167,0.0196113214,-0.604837894,-0.256229341,0.999427,-0.0160840303,-0.574612916,-0.296059251,0.999612451,0.133238792,-0.473642468,-0.0538836271,0.999940813,-0.180208817,-0.524957061,-0.053750392,0.999952853,0.265473366,-0.346462637,-0.10225369,0.928660572,-0.252511233,-0.261492223,-0.0960919783,0.967694938,0.258920282,-0.444327265,-0.193287238,0.973858118,-0.291883647,-0.077105,-0.181757376,0.984653294,0.241371155,-0.477120131,-0.211816981,0.970081031,-0.277686775,-0.042906113,-0.225484341,0.974519849,0.214742944,-0.502410889,-0.218682334,0.971805871,-0.238701463,-0.062338762,-0.241210341,0.976400673,0.252477676,-0.443544358,-0.199600384,0.957139254,-0.277195483,-0.0720626861,-0.194303259,0.966586,0.0911341608,-0.00590688083,0.0448954627,0.999917805,-0.0884608179,0.00225227722,-0.0436872058,0.999937654,0.0854498297,0.383593589,0.0658313856,0.862049162,-0.0642236844,0.317624778,-0.0498991422,0.911405504,0.0604094118,0.701389313,0.291315,0.918568313,-0.130691737,0.689042,0.151616678,0.947189808,0.0386267379,0.734321117,0.320144862,0.687898695,-0.137479901,0.718889832,0.132576033,0.62185961,0.0869445056,0.776797831,0.286275923,0.899045825,-0.133783787,0.750165105,0.0503265932,0.904000819
1600.0000000000016,-0.00541390199,-0.618638158,-0.314760566,0.999286532,0.00957956724,-0.636515796,-0.301742107,0.997267067,0.011342058,-0.63660562,-0.291290611,0.996763468,0.00919930264,-0.635973096,-0.294003874,0.997617,-0.0125880837,-0.64726764,-0.325157285,0.998731554,-0.0115759643,-0.645761192,-0.338000238,0.998955,-0.00603301963,-0.633693457,-0.317881972,0.999232,0.0449956618,-0.625367045,-0.186382458,0.997906625,-0.0925430283,-0.586642742,-0.227761656,0.998319268,0.0186957642,-0.605769694,-0.259130299,0.999473035,-0.0172267668,-0.575970471,-0.299622953,0.999643683,0.131425753,-0.473977953,-0.0536967441,0.999941587,-0.181620672,-0.525616348,-0.0570706,0.999954045,0.265331179,-0.351328611,-0.102721922,0.931395888,-0.256002188,-0.264429539,-0.0987539515,0.967897773,0.259522349,-0.446801484,-0.207835034,0.975144684,-0.292203754,-0.0791490376,-0.186433092,0.984582186,0.242527738,-0.480666935,-0.23050873,0.971235037,-0.277218252,-0.0455835611,-0.232232198,0.973998,0.215155184,-0.505276442,-0.237386122,0.972826719,-0.237908974,-0.0656846091,-0.248560756,0.975898862,0.252960086,-0.445742071,-0.214606449,0.958307803,-0.276983559,-0.0739939362,-0.19947274,0.965658605,0.0907660872,-0.00624232925,0.0456367731,0.999919593,-0.0881679952,0.00254626805,-0.0443465188,0.999939084,0.0850355104,0.38280952,0.0774904,0.867759,-0.0637869388,0.317851126,-0.037290033,0.914450526,0.0615657307,0.700351238,0.299096525,0.921713769,-0.125880167,0.688826323,0.167587176,0.948338747,0.0398649126,0.733681858,0.327772856,0.699947238,-0.131943852,0.718665719,0.149453938,0.631198,0.0875693038,0.776537716,0.291052729,0.902914,-0.127714232,0.75043118,0.066436395,0.905805826
1616.6666666666683,-0.00703989528,-0.620452,-0.313607395,0.999312818,0.00792539585,-0.637983441,-0.300477892,0.997371197,0.00968718,-0.638042748,-0.290079325,0.996890068,0.00752105424,-0.63733387,-0.292649895,0.99770695,-0.0140198739,-0.648611,-0.323629379,0.998778,-0.0131102093,-0.647143722,-0.336430788,0.998992682,-0.00739748124,-0.635041714,-0.316356778,0.999259114,0.0438151248,-0.625971,-0.186063036,0.997998893,-0.0932865143,-0.587233722,-0.226531669,0.998375833,0.0174993128,-0.607049584,-0.258544385,0.999494314,-0.0182842333,-0.577453375,-0.298729569,0.999657333,0.130909264,-0.474253982,-0.0543110706,0.999941945,-0.183965385,-0.526240528,-0.05417943,0.999953866,0.263628095,-0.35288626,-0.104326934,0.935368478,-0.259250849,-0.267213851,-0.0808070824,0.967907,0.258188635,-0.447383881,-0.207889408,0.976613641,-0.299447656,-0.0833544,-0.153409109,0.984576821,0.241224989,-0.480128556,-0.230319858,0.972588897,-0.284830928,-0.0494323559,-0.194031984,0.973799348,0.213833287,-0.5055902,-0.237120152,0.974037588,-0.247695759,-0.0699702203,-0.213208497,0.975702,0.251614124,-0.446574152,-0.214661509,0.959971547,-0.285008729,-0.0786008313,-0.167052448,0.965604365,0.0907213911,-0.00632009516,0.0453937575,0.999920607,-0.0881227851,0.00264068856,-0.044130411,0.99993968,0.0849911794,0.382653058,0.0752565414,0.873802,-0.058351066,0.315784603,-0.0292749517,0.917063773,0.0610071272,0.698668242,0.301195264,0.923508883,-0.119705215,0.687152267,0.177289352,0.949359953,0.0394594222,0.731919348,0.330610484,0.705822647,-0.125817239,0.71732533,0.159102276,0.638509035,0.0861337,0.776549578,0.297606736,0.904673755,-0.125514701,0.749703944,0.0797464401,0.907138169
1633.333333333335,-0.00807079766,-0.62059325,-0.312249541,0.999353766,0.00696529541,-0.638106704,-0.29899931,0.997531712,0.00874736905,-0.63816756,-0.288720608,0.997075558,0.00659350818,-0.637456357,-0.291138738,0.997843683,-0.0150263915,-0.648717821,-0.321907341,0.99885267,-0.0140774129,-0.647262,-0.334589332,0.999052823,-0.00831545424,-0.635197043,-0.314634681,0.999303341,0.0435593277,-0.625979185,-0.184988141,0.998115182,-0.0935647,-0.587257743,-0.224025324,0.998463809,0.0169015266,-0.607123554,-0.257381111,0.999523282,-0.0188447312,-0.577548623,-0.297155768,0.999676704,0.131046906,-0.474283814,-0.0538318045,0.999943316,-0.184409887,-0.526284,-0.0507393852,0.9999547,0.264098436,-0.353401929,-0.104273297,0.938536167,-0.259785086,-0.267094553,-0.0781764,0.967349529,0.25815627,-0.446529418,-0.206543639,0.977863669,-0.300764084,-0.0836809799,-0.154954582,0.98430109,0.241188169,-0.478691787,-0.228474975,0.973727524,-0.28636384,-0.0498129651,-0.196213067,0.97324717,0.213560954,-0.504832268,-0.235106185,0.97506249,-0.249663979,-0.070697315,-0.215250477,0.975198,0.25157845,-0.445976526,-0.213087603,0.961337388,-0.286576569,-0.0791368857,-0.168668866,0.965033591,0.0906902,-0.00640634727,0.0453773476,0.999921799,-0.0880935341,0.00272477302,-0.0441155,0.999940395,0.0849773,0.383554965,0.0715963244,0.875191331,-0.0561724268,0.315798879,-0.03788637,0.917442501,0.0616265908,0.698813736,0.298695594,0.921944857,-0.115557447,0.686021805,0.175697461,0.947881758,0.0401147567,0.732045352,0.327391624,0.704136252,-0.121275581,0.715912163,0.157741159,0.635455251,0.086808525,0.777724147,0.293169796,0.903547525,-0.116922095,0.749249935,0.0744605809,0.905245066
1650.0000000000018,-0.0107571892,-0.622350752,-0.311901361,0.999384522,0.00431591831,-0.639469147,-0.298469603,0.997651696,0.00619732169,-0.639508665,-0.28828612,0.99721086,0.00402786303,-0.638764858,-0.290625781,0.997945189,-0.017501099,-0.649931133,-0.32128495,0.998909831,-0.0165273435,-0.648501158,-0.333886504,0.999097943,-0.0106693497,-0.636523068,-0.313986123,0.99933815,0.0424993262,-0.626058519,-0.184908122,0.998191655,-0.0944793522,-0.587357283,-0.223038569,0.998527169,0.0149505045,-0.608199298,-0.257255614,0.999545097,-0.0206251834,-0.578627169,-0.296822488,0.999691665,0.13038224,-0.474091083,-0.0537295267,0.999943376,-0.18482174,-0.52615875,-0.0493609,0.999955237,0.263750941,-0.353259027,-0.104300931,0.940263212,-0.261927068,-0.267014027,-0.067779094,0.966396689,0.258018,-0.446212113,-0.206530631,0.978536248,-0.305838108,-0.0842115358,-0.136470869,0.983792663,0.241137043,-0.478675634,-0.228448,0.974113762,-0.291266561,-0.0506599471,-0.175541699,0.972119212,0.213420138,-0.504293084,-0.235011011,0.975348175,-0.25550577,-0.0717922449,-0.195456535,0.974145,0.25136143,-0.4456186,-0.213081613,0.961568534,-0.291801631,-0.0799618885,-0.150250882,0.963719547,0.0905545503,-0.00647152541,0.0454321541,0.999922037,-0.0879568309,0.00278431689,-0.044185251,0.999940693,0.0843789354,0.383559972,0.0711255819,0.872995138,-0.053750325,0.316064656,-0.0380975902,0.915892065,0.0608464554,0.699357,0.296632588,0.917676508,-0.116456315,0.686266482,0.173015878,0.945139349,0.0395234562,0.732770264,0.325152,0.698281527,-0.122476935,0.716070652,0.15419066,0.627673924,0.0865172222,0.778697908,0.290830761,0.899190187,-0.11829935,0.749815762,0.0702092052,0.900831819
1666.6666666666686,-0.0110906847,-0.621794,-0.311644018,0.999412954,0.00372414035,-0.639040768,-0.298260897,0.997754931,0.00562883308,-0.639100552,-0.288058192,0.997326493,0.00351067376,-0.638364553,-0.290435851,0.998032451,-0.0180109087,-0.649370193,-0.321087241,0.998960197,-0.0169709567,-0.647942662,-0.333689362,0.999138057,-0.0111093596,-0.635942101,-0.313792616,0.999368966,0.0416059531,-0.625924349,-0.18483153,0.998249173,-0.0949166343,-0.586637914,-0.223186806,0.998583257,0.0145270275,-0.607838035,-0.257023,0.999562263,-0.0208346397,-0.578011096,-0.296571404,0.999704361,0.130149245,-0.474026471,-0.0535746962,0.99994415,-0.185066,-0.525579751,-0.0499045812,0.999956369,0.263236612,-0.352522641,-0.104435325,0.940976,-0.264195263,-0.266242236,-0.0692856386,0.966435,0.257980973,-0.443439424,-0.206734195,0.979030669,-0.306896597,-0.0840268,-0.140986413,0.983759701,0.241155,-0.475054443,-0.228648826,0.974353313,-0.291949779,-0.0502082743,-0.180961803,0.971916676,0.213431776,-0.500687122,-0.23524873,0.975519,-0.255575478,-0.0714820251,-0.200439796,0.973985612,0.251324981,-0.442756,-0.213311926,0.961718738,-0.292617351,-0.0797833428,-0.154749066,0.963521838,0.0904494897,-0.00652352488,0.0461895615,0.999920785,-0.087844409,0.00281581609,-0.0450398698,0.999939919,0.0841040239,0.384358734,0.0675552636,0.866249382,-0.0474039316,0.318066388,-0.043630328,0.911374509,0.0602902621,0.706556559,0.283765256,0.91300863,-0.116316743,0.690844715,0.160487175,0.941070795,0.0389392748,0.740320921,0.311029762,0.692174256,-0.122669019,0.720756233,0.141719282,0.613119,0.0864069536,0.782455385,0.274031162,0.895791233,-0.111895807,0.754077196,0.0551474765,0.895629168
1683.3333333333353,-0.0117002903,-0.62194258,-0.30890426,0.999445796,0.00318700215,-0.639104,-0.295187175,0.997882962,0.00507289078,-0.639157593,-0.285181671,0.997472,0.00296407146,-0.6384179,-0.287493587,0.99814,-0.0184871908,-0.649488151,-0.318193138,0.999021351,-0.0174631532,-0.648085952,-0.330771059,0.999187827,-0.011554108,-0.636122882,-0.310952127,0.999406517,0.0412385687,-0.625630438,-0.182231307,0.998334587,-0.0950631946,-0.586660922,-0.220855251,0.998659611,0.0139055131,-0.607871056,-0.254420638,0.999584734,-0.0213673152,-0.578130901,-0.294175714,0.999720037,0.129892528,-0.47330609,-0.0487871803,0.999944329,-0.185278207,-0.525611877,-0.0494876243,0.999957442,0.263200104,-0.352240354,-0.0981803,0.942031145,-0.263925105,-0.26609689,-0.0692464262,0.966216385,0.259108305,-0.441583097,-0.200947911,0.979544044,-0.306748,-0.0838604495,-0.141064852,0.983608603,0.242537707,-0.472812712,-0.222672641,0.974664569,-0.292097509,-0.0498751774,-0.181290016,0.971448302,0.21459882,-0.498447984,-0.229015306,0.975753903,-0.255439848,-0.0712260529,-0.200415552,0.973539352,0.252303094,-0.440825492,-0.207325205,0.961931,-0.292413324,-0.0796918869,-0.154572979,0.962914109,0.0902711824,-0.00653774105,0.046950724,0.999922812,-0.0876824707,0.00283300341,-0.0457648598,0.999941587,0.0836539119,0.384405524,0.0693066269,0.868079424,-0.0468162298,0.318350673,-0.0440386571,0.913254738,0.0605156943,0.706184924,0.291401476,0.914057851,-0.116359971,0.687976956,0.161040142,0.941083074,0.0392299891,0.740064085,0.31991604,0.698295414,-0.122899882,0.717385352,0.143042907,0.613861,0.0871137604,0.782031298,0.284404278,0.897398233,-0.111900114,0.751970291,0.0587161817,0.895757675
1700.000000000002,-0.0129592977,-0.621882617,-0.30868268,0.999483,0.0015038366,-0.638961196,-0.294874,0.998029351,0.00335202,-0.639034033,-0.284904122,0.997641802,0.00125998724,-0.638263881,-0.28718102,0.99826473,-0.0200811848,-0.649248242,-0.317872554,0.999090314,-0.0191413518,-0.647892714,-0.330417782,0.999244273,-0.0131151602,-0.635964751,-0.31063658,0.999448597,0.0393913649,-0.624857366,-0.181473106,0.998438835,-0.0969433188,-0.5857777,-0.220231116,0.9987486,0.0128978649,-0.607702494,-0.254078358,0.999611557,-0.0223983303,-0.577972531,-0.293801039,0.999738276,0.12883389,-0.472369522,-0.0461163297,0.999945045,-0.187382519,-0.525228858,-0.0476702824,0.999958634,0.263124853,-0.350776464,-0.0944003165,0.942536771,-0.264861822,-0.265761554,-0.0610076524,0.965936422,0.259082407,-0.436519504,-0.199598372,0.979946554,-0.307233334,-0.0834675357,-0.131893858,0.983776629,0.242523491,-0.468051,-0.221495554,0.974882901,-0.292287469,-0.0496243425,-0.172823817,0.971553266,0.214500159,-0.492738158,-0.22801213,0.975922406,-0.255766034,-0.071036391,-0.192436203,0.973641694,0.252263546,-0.435290843,-0.206037179,0.961872339,-0.292954952,-0.0792428,-0.145598084,0.962900579,0.0902640522,-0.00656130072,0.0469689257,0.999924242,-0.0876778215,0.00286856806,-0.0457715057,0.99994272,0.083805427,0.384452134,0.0684541911,0.870306551,-0.0465958714,0.318748057,-0.044672925,0.913952887,0.0621579103,0.705600083,0.291425228,0.914574325,-0.111330651,0.682273,0.176418141,0.939053237,0.041313637,0.739613235,0.320231646,0.70123744,-0.117805585,0.710962951,0.161943346,0.610740423,0.0895390287,0.781991422,0.28483507,0.898390591,-0.109188773,0.746409,0.0845991671,0.893071055
1716.6666666666688,-0.0130456686,-0.621912718,-0.308671325,0.999503732,0.00110488571,-0.639012933,-0.294900447,0.99810797,0.0029301513,-0.639093161,-0.284947723,0.997732162,0.000882959343,-0.638323784,-0.287225515,0.998333514,-0.0205147695,-0.649240196,-0.318019122,0.999126673,-0.0195491798,-0.647890806,-0.330581754,0.9992733,-0.0135166505,-0.635961235,-0.310819834,0.999470532,0.0380926207,-0.624933422,-0.181483075,0.998489559,-0.0979744717,-0.585345,-0.220847577,0.998786032,0.0127481949,-0.607756734,-0.254002601,0.9996261,-0.0224912036,-0.577961683,-0.293897122,0.999747574,0.128689542,-0.472362936,-0.0461395122,0.999946237,-0.188391805,-0.524915874,-0.0489741564,0.99995923,0.263110727,-0.347049534,-0.0949560478,0.942272842,-0.264737964,-0.265114099,-0.0614206046,0.964838386,0.259090453,-0.423755556,-0.19995904,0.980032086,-0.306672752,-0.0823736116,-0.134474367,0.983078241,0.242515162,-0.452603728,-0.221894473,0.974723697,-0.291776925,-0.0487740152,-0.175652251,0.97029,0.214393288,-0.477831364,-0.228470698,0.975744367,-0.255273521,-0.0702010319,-0.195004687,0.972514749,0.25223273,-0.422314733,-0.20636943,0.961379111,-0.292390436,-0.0781325176,-0.148154736,0.961307347,0.0902581,-0.00663031638,0.047700353,0.999924302,-0.0876727402,0.00293871947,-0.0465169027,0.999942601,0.0838573352,0.384174109,0.0692336261,0.866125584,-0.0430948772,0.318742096,-0.0452061854,0.911679804,0.062225379,0.705207169,0.294149637,0.912402809,-0.111914605,0.682221651,0.174572453,0.936172724,0.0414990932,0.739271224,0.323072046,0.698686898,-0.118513092,0.711054265,0.159365311,0.600196719,0.0898794159,0.781601131,0.286747277,0.897228301,-0.106428452,0.746546626,0.0800561756,0.889492452
1733.3333333333355,-0.0137407891,-0.621798635,-0.30750984,0.999508202,7.67648908e-006,-0.638962746,-0.293929,0.998117745,0.0018566309,-0.63906,-0.28401342,0.997738898,-9.78251337e-005,-0.638282597,-0.286281347,0.99834162,-0.0215953812,-0.649072468,-0.317120165,0.999132335,-0.020635983,-0.647725403,-0.329657674,0.999278,-0.014566496,-0.635764658,-0.309988052,0.999476135,0.0366403237,-0.625167966,-0.180422544,0.998479247,-0.0994140506,-0.585224807,-0.220151991,0.998782,0.0121393381,-0.607755959,-0.252641529,0.999625742,-0.0230494738,-0.577868402,-0.292617708,0.999747515,0.128418699,-0.47284317,-0.0443661176,0.999946296,-0.189513668,-0.524913967,-0.0486846976,0.99995935,0.262512237,-0.345726103,-0.0925875157,0.940530777,-0.264417171,-0.26363945,-0.0607534647,0.964138567,0.259154528,-0.411736608,-0.197512329,0.979639232,-0.30604586,-0.0777072683,-0.130584553,0.982800722,0.242864072,-0.437426805,-0.21914959,0.974066138,-0.291103572,-0.0435171165,-0.171066433,0.969783723,0.214455605,-0.462349534,-0.226555467,0.975139678,-0.25489828,-0.0652917475,-0.191408738,0.972122252,0.252241045,-0.409719616,-0.204323485,0.960371912,-0.291828305,-0.0736481398,-0.144626394,0.960731864,0.0902746841,-0.00664549228,0.0479102135,0.999922633,-0.087689653,0.00295398175,-0.0467488393,0.999941468,0.0840568468,0.383862674,0.0685385913,0.858384728,-0.0423119701,0.318621069,-0.0447933637,0.905832946,0.0623342432,0.70508939,0.292851329,0.906730235,-0.112453111,0.681471109,0.174938738,0.929994702,0.0415794924,0.739170611,0.321543604,0.690133572,-0.119077235,0.710380435,0.159221888,0.582783401,0.0905166939,0.780978858,0.283779234,0.892470777,-0.104888342,0.744695,0.0779551193,0.881216884
1750.0000000000023,-0.0140841464,-0.621508956,-0.305710435,0.999523401,-0.000647637702,-0.638804913,-0.292248428,0.998174071,0.00119524857,-0.638940275,-0.282340258,0.997805953,-0.000679215475,-0.638151944,-0.28460747,0.998389,-0.0222882256,-0.648682415,-0.315663338,0.999159694,-0.0213182196,-0.647321284,-0.328134269,0.999301732,-0.0152615719,-0.63531369,-0.308602124,0.999493897,0.0352046043,-0.625339031,-0.177998275,0.998517215,-0.101123467,-0.58472693,-0.218986407,0.998818278,0.0117121832,-0.607701898,-0.250479966,0.999636948,-0.0234519076,-0.577534,-0.290743411,0.999755442,0.128017128,-0.473159254,-0.0416868515,0.999947131,-0.190727785,-0.523846924,-0.0473522916,0.999959826,0.262143135,-0.342838645,-0.089351505,0.940879464,-0.26421687,-0.257820398,-0.0606599972,0.964750886,0.259123027,-0.401183277,-0.195334464,0.97996217,-0.305554241,-0.072377,-0.131804898,0.983268499,0.242858052,-0.425303489,-0.216752738,0.97429657,-0.290566474,-0.0387456976,-0.172534317,0.970548153,0.214418992,-0.45032084,-0.224896774,0.975374281,-0.254785776,-0.0615019202,-0.192955136,0.972866,0.252173215,-0.398906916,-0.202590108,0.960736156,-0.291362196,-0.0690890476,-0.145942047,0.961744905,0.0903768688,-0.00672828127,0.0479051918,0.999921203,-0.0877845213,0.00302785984,-0.0467453152,0.999940455,0.0865490437,0.383991748,0.0653555244,0.858042717,-0.0424110293,0.320180684,-0.0442409404,0.904135525,0.0660187379,0.706226289,0.288638383,0.904956758,-0.112018012,0.685461223,0.175751403,0.9274351,0.0451136045,0.740361154,0.316886306,0.685217857,-0.118495941,0.714798391,0.159523264,0.572198212,0.0923782811,0.78223151,0.276883096,0.891005039,-0.103329711,0.747618377,0.0765671209,0.877616167
1766.666666666669,-0.0141691389,-0.621529102,-0.305676758,0.999535799,-0.000982820638,-0.638915241,-0.292230576,0.998218417,0.000821537455,-0.639085293,-0.282319218,0.997858882,-0.00100040971,-0.638279915,-0.284592271,0.998427272,-0.022694692,-0.64869827,-0.315704972,0.999181151,-0.0217140764,-0.647341788,-0.328182429,0.999320447,-0.0156696029,-0.635323167,-0.308660716,0.999507308,0.0330186374,-0.625867367,-0.177746862,0.998549819,-0.103199996,-0.584665537,-0.219609812,0.998844206,0.0113440668,-0.6078372,-0.25040096,0.999645531,-0.0237711556,-0.577535391,-0.290749,0.999761283,0.126680434,-0.473932058,-0.0415921211,0.999948144,-0.193044856,-0.523099303,-0.0486184135,0.999959946,0.261329442,-0.340953857,-0.0886945501,0.940939605,-0.263137788,-0.252459764,-0.0668630674,0.965077877,0.259108394,-0.392754465,-0.194682285,0.980175734,-0.303274482,-0.0690803,-0.143785551,0.983543873,0.242919192,-0.414643109,-0.215773806,0.974439442,-0.288343251,-0.0358887203,-0.186164543,0.971055388,0.214400515,-0.439949334,-0.224533185,0.975545704,-0.253648877,-0.0594572499,-0.206546977,0.973386347,0.252151608,-0.390063286,-0.202185705,0.961018622,-0.289589703,-0.0663360506,-0.158190355,0.96240449,0.0904932469,-0.00684400881,0.0480374098,0.999919116,-0.0879101828,0.00313537172,-0.0468632504,0.999938667,0.0868228599,0.384491801,0.0651321411,0.855474532,-0.0427688621,0.320513159,-0.0443154871,0.90029043,0.0662200451,0.706715941,0.28857,0.902016044,-0.112320065,0.685916901,0.175744325,0.923485458,0.0452718362,0.74083,0.316823334,0.679168522,-0.118752249,0.715274215,0.159366444,0.558548689,0.0924581736,0.782575607,0.276775181,0.888604701,-0.103762232,0.747670054,0.0754223466,0.872299135
1783.3333333333358,-0.0144123705,-0.621938825,-0.304902881,0.999531627,-0.00120888208,-0.63937372,-0.29158631,0.99820441,0.000611956057,-0.639597654,-0.28162396,0.997863412,-0.00118515105,-0.638739228,-0.283955753,0.998427689,-0.0228807069,-0.648997307,-0.315000653,0.99916631,-0.0219253283,-0.647638142,-0.327528685,0.999311268,-0.015848862,-0.635561585,-0.307999372,0.999498,0.0327860154,-0.626685321,-0.177471578,0.998566389,-0.103307329,-0.584840775,-0.219288275,0.998821855,0.0111430688,-0.608456075,-0.249825701,0.999644876,-0.0239465386,-0.577959359,-0.290141821,0.999758184,0.126658127,-0.474788457,-0.0419250913,0.999949396,-0.194144279,-0.523035109,-0.0485634953,0.99995923,0.25592345,-0.338704705,-0.0891884044,0.942326248,-0.259495556,-0.25104776,-0.0596349947,0.965366364,0.258419693,-0.377805412,-0.196066201,0.980763197,-0.301408947,-0.0669432506,-0.124162331,0.983745098,0.242909685,-0.394851148,-0.216996044,0.975139201,-0.286418647,-0.0323769972,-0.163501263,0.971479177,0.21438311,-0.420127094,-0.227309957,0.976268888,-0.25343287,-0.0570178963,-0.187283427,0.973844767,0.251542121,-0.374177694,-0.204487279,0.962189674,-0.288484,-0.0646339282,-0.139761224,0.963156521,0.0909285396,-0.00687534781,0.0478017144,0.99991858,-0.0883119628,0.00318891392,-0.0466690399,0.999937594,0.0878133178,0.384113967,0.064501,0.8588112,-0.041717656,0.318459809,-0.0365218855,0.900910795,0.066952005,0.70608747,0.288496494,0.90281707,-0.108096048,0.685972214,0.185416311,0.923023582,0.0462262034,0.740311623,0.31675902,0.679590821,-0.113916099,0.715360284,0.168573201,0.555135,0.0938416943,0.782082,0.276762575,0.889334857,-0.101037487,0.74768889,0.0849070176,0.871221
1800.0000000000025,-0.0151395155,-0.622761846,-0.305098832,0.999518275,-0.00166186527,-0.640328944,-0.292120188,0.998164177,0.000121227473,-0.640601516,-0.282102704,0.99783963,-0.00159706583,-0.639740765,-0.2844944,0.998408794,-0.0231551025,-0.64983058,-0.315330923,0.999135613,-0.0221923925,-0.648472667,-0.327968776,0.999289095,-0.0161013938,-0.636245787,-0.308394819,0.999478459,0.03226576,-0.627803624,-0.180685297,0.998574078,-0.103074305,-0.585383117,-0.220961392,0.998787582,0.0103528863,-0.609354675,-0.250593156,0.999642253,-0.0242711045,-0.578790665,-0.290674597,0.999753535,0.126678973,-0.476090878,-0.0514423549,0.999951,-0.194308534,-0.522954106,-0.0524318032,0.999958754,0.250496179,-0.337277502,-0.107895799,0.943589389,-0.25508517,-0.249254972,-0.0602297373,0.966104686,0.25370416,-0.359896183,-0.220485389,0.981282532,-0.29493,-0.0640070736,-0.126432136,0.984213114,0.239749521,-0.37119329,-0.241522446,0.975874424,-0.279406905,-0.0279651936,-0.166202128,0.972438216,0.210401654,-0.396838099,-0.255453885,0.977041721,-0.248228326,-0.0541629307,-0.188871294,0.974805474,0.246603251,-0.355486333,-0.230737209,0.963448048,-0.282543153,-0.0623057634,-0.141756311,0.964515805,0.0911276042,-0.00689379172,0.046821177,0.999916792,-0.0885117799,0.00320658158,-0.0457992181,0.999935389,0.0890359059,0.384233624,0.0643927157,0.858454347,-0.0406171,0.318113923,-0.0256739017,0.898446321,0.0694289133,0.707248867,0.288268179,0.902821541,-0.104760438,0.688868582,0.192192867,0.921369553,0.0491412319,0.74173665,0.316230208,0.679085255,-0.11003013,0.719127834,0.174363419,0.548930645,0.096065104,0.783168316,0.275248945,0.889721036,-0.0966253728,0.750613511,0.0880076066,0.869200468
1816.6666666666692,-0.0163146816,-0.620311201,-0.303702205,0.999532,-0.00298647722,-0.638238251,-0.291329324,0.998218596,-0.00114555133,-0.638641119,-0.281367421,0.997914493,-0.00269284262,-0.63782841,-0.283760071,0.998463571,-0.0242157932,-0.6473068,-0.314067125,0.999156654,-0.0231478177,-0.645916045,-0.326761812,0.999307692,-0.0170047432,-0.633526802,-0.307232797,0.999490857,0.0319521,-0.627566516,-0.180666178,0.998621643,-0.103032678,-0.583521366,-0.219921917,0.998814166,0.0097727133,-0.607978463,-0.249697819,0.999652326,-0.0245329812,-0.576760471,-0.289114505,0.999759436,0.126833498,-0.476111472,-0.051266361,0.999953806,-0.19387719,-0.521385312,-0.0525540933,0.999960423,0.241275072,-0.328548193,-0.107293196,0.942449272,-0.248029187,-0.244017571,-0.0585726388,0.966938674,0.250886261,-0.330485106,-0.219816387,0.98158592,-0.28794983,-0.0571226552,-0.122004479,0.984894454,0.23900485,-0.336602807,-0.240340471,0.976470768,-0.272515833,-0.0195113011,-0.161362633,0.97373724,0.210101292,-0.360680968,-0.254534721,0.97772491,-0.243179038,-0.0468745157,-0.1865585,0.976076484,0.244356781,-0.324880958,-0.230049193,0.964589179,-0.27644071,-0.0561831072,-0.138245955,0.966269493,0.0916886,-0.00689110951,0.046835836,0.999915898,-0.0890349746,0.0032014735,-0.0458347574,0.999934375,0.093808,0.384405285,0.0583143868,0.847504258,-0.0355575047,0.31814155,-0.0332794562,0.892687142,0.0768612,0.707220197,0.275980413,0.895666778,-0.104236692,0.689001381,0.190848127,0.913437605,0.056904994,0.741679728,0.302525312,0.665838063,-0.109554827,0.719244719,0.172822118,0.527213454,0.102976069,0.782973647,0.261269599,0.885327518,-0.0869302824,0.750877798,0.0871023089,0.861008346
1833.333333333336,-0.0165955145,-0.619355083,-0.299127698,0.99954325,-0.00317910849,-0.637556195,-0.286925167,0.998268,-0.00132997648,-0.638022184,-0.276979089,0.997983098,-0.00282684108,-0.637221038,-0.279526085,0.998511791,-0.0245186277,-0.646254718,-0.308941215,0.999174356,-0.0234326851,-0.64494282,-0.321865976,0.99932313,-0.017260002,-0.632463098,-0.302288651,0.999500453,0.0319793113,-0.627628624,-0.177437484,0.99866432,-0.102940038,-0.582922101,-0.213093504,0.998837,0.00973578263,-0.607589662,-0.245573029,0.999657929,-0.0245549306,-0.576063693,-0.283854306,0.999762,0.127217352,-0.476857305,-0.0502645671,0.999955773,-0.193778485,-0.520280063,-0.0504972227,0.999961436,0.230835333,-0.32698831,-0.110465556,0.940645158,-0.243762389,-0.239288539,-0.0542301945,0.968167663,0.248067409,-0.311231464,-0.234252989,0.981495202,-0.280231148,-0.0504830852,-0.118955426,0.985704124,0.238789514,-0.310882568,-0.256915182,0.976746738,-0.263872415,-0.0104228659,-0.160024852,0.975227058,0.209779307,-0.333058208,-0.274580747,0.978148699,-0.233635634,-0.0392185077,-0.186632216,0.977505147,0.241825804,-0.303195506,-0.246254325,0.965349317,-0.268175215,-0.0496108904,-0.1362461,0.968223572,0.0926094204,-0.00688035553,0.0461821966,0.999915,-0.0899303406,0.00319235073,-0.0451986194,0.999933481,0.0967667475,0.386493385,0.0529789925,0.840275347,-0.034861356,0.320471913,-0.0331767611,0.887966752,0.0817978382,0.710862458,0.264050633,0.891567528,-0.103136159,0.692299664,0.189874843,0.907475233,0.0620537549,0.74568826,0.289401859,0.656005681,-0.108321488,0.722703338,0.171926,0.511181593,0.106719963,0.785134,0.246466786,0.88302809,-0.0862118602,0.753189385,0.0863431618,0.855028
1850.0000000000027,-0.016632583,-0.619378924,-0.299112052,0.999562,-0.00326365465,-0.637678146,-0.286898673,0.99834621,-0.00142017542,-0.638157666,-0.276943594,0.998082459,-0.00286904047,-0.6373716,-0.279522777,0.998584926,-0.0246751625,-0.646253169,-0.308899283,0.999204934,-0.0235765763,-0.64495796,-0.321878016,0.999347746,-0.0173799582,-0.632468164,-0.302268982,0.999516368,0.0319062546,-0.628405333,-0.177532956,0.99872762,-0.102878943,-0.582379878,-0.213040292,0.998871207,0.00975315,-0.607707918,-0.245603949,0.999668181,-0.0244734343,-0.576065242,-0.283860773,0.999766707,0.12719,-0.478612036,-0.0525992475,0.999958038,-0.193674967,-0.518096685,-0.0505801104,0.999961674,0.225799739,-0.327816576,-0.123914987,0.939189911,-0.240962774,-0.23515135,-0.0531229638,0.968699932,0.245778695,-0.296836227,-0.260430247,0.981548965,-0.273447186,-0.0449341051,-0.115698181,0.986230612,0.238584846,-0.289387286,-0.28628096,0.977208853,-0.255805641,-0.00328851887,-0.157694012,0.976311922,0.207346544,-0.308565021,-0.305466294,0.97874248,-0.225514814,-0.0334719084,-0.186098084,0.978589654,0.238585621,-0.285904646,-0.273525089,0.966304779,-0.261094272,-0.0442601256,-0.134055823,0.96966362,0.0929334685,-0.00686694,0.0449079052,0.999914348,-0.0902423486,0.00318180723,-0.0439590849,0.999931753,0.100476362,0.388304442,0.0513628796,0.826694667,-0.0341877602,0.320868075,-0.0274808966,0.875797093,0.0862368047,0.713660121,0.260226399,0.883904696,-0.101183794,0.694241166,0.198101833,0.896201193,0.0666222721,0.748766899,0.285221785,0.642393589,-0.106179871,0.724919677,0.18056044,0.490892291,0.111157313,0.787573695,0.242878228,0.878195643,-0.0846546814,0.755577207,0.0979382917,0.844040692
1866.6666666666695,-0.0172714964,-0.619184375,-0.287126571,0.999559402,-0.00400597416,-0.637638688,-0.276514798,0.998347402,-0.00211442821,-0.638141453,-0.266492814,0.998098433,-0.00344936,-0.637352526,-0.269541115,0.998604476,-0.0249437112,-0.646175385,-0.298227042,0.999196,-0.0238215,-0.644883871,-0.311160296,0.999340117,-0.0176297482,-0.6323511,-0.291649282,0.999509335,0.0303487964,-0.628408432,-0.173674181,0.99875021,-0.101871923,-0.582061827,-0.207215399,0.99885565,0.0090445308,-0.607606411,-0.236301199,0.999669194,-0.0245116223,-0.575807869,-0.273669034,0.999764,0.127205685,-0.479848266,-0.0520429797,0.999960303,-0.193943232,-0.515764832,-0.048053842,0.999961674,0.227835491,-0.329357266,-0.121874943,0.935138047,-0.239916801,-0.231481746,-0.0484628379,0.967963159,0.244246915,-0.282614261,-0.252667218,0.980617583,-0.264841169,-0.0404381938,-0.10513638,0.986148417,0.237008452,-0.269539595,-0.27709496,0.976785898,-0.243437126,0.00219656783,-0.146448359,0.976637959,0.200116143,-0.28810665,-0.294858903,0.978526711,-0.212572694,-0.0288012736,-0.175944656,0.978984892,0.235202819,-0.270753384,-0.264952183,0.966118395,-0.251630574,-0.0402543,-0.123782389,0.970134676,0.0933729,-0.00686426088,0.0440463051,0.999915779,-0.0906503797,0.00318289,-0.0431133807,0.999931514,0.101580061,0.388386786,0.0392964333,0.813050687,-0.0342215784,0.320881695,-0.027891526,0.862815559,0.0883007273,0.713487,0.239093527,0.875569224,-0.0958252847,0.69480592,0.190923393,0.886006534,0.0685626715,0.748540699,0.262391657,0.626005769,-0.100123934,0.72560513,0.171744719,0.471440583,0.111732356,0.78735894,0.219407588,0.871648133,-0.0814914778,0.755680203,0.0911330432,0.832993269
1883.3333333333362,-0.0182195101,-0.619932413,-0.283249259,0.999573886,-0.00423350744,-0.638748527,-0.271875054,0.998414516,-0.0022982622,-0.639236033,-0.261802644,0.998176038,-0.0036131877,-0.638464928,-0.265107095,0.998660088,-0.025528362,-0.647280037,-0.293478698,0.99922204,-0.0243715681,-0.646085083,-0.306453973,0.999360442,-0.0181414764,-0.63350749,-0.286828697,0.999523282,0.0305881221,-0.629713,-0.168192551,0.998788297,-0.101790339,-0.583547354,-0.199283674,0.998883307,0.0083969133,-0.608718514,-0.232160836,0.999668062,-0.0251373909,-0.576827586,-0.26894477,0.999761283,0.126799807,-0.4839001,-0.0463195443,0.99996078,-0.193945691,-0.5156973,-0.0468748473,0.99996078,0.220462799,-0.341569632,-0.11879272,0.927369356,-0.238464817,-0.230738327,-0.0490087,0.967065275,0.243700206,-0.274236917,-0.248048455,0.977619588,-0.259847939,-0.0387898609,-0.10716223,0.985816777,0.237855762,-0.252891779,-0.272413731,0.974489629,-0.237990141,0.00546856038,-0.148342252,0.97644341,0.200379133,-0.261191547,-0.290670961,0.976655304,-0.205740198,-0.0250062197,-0.177082315,0.978892267,0.234459653,-0.256203502,-0.260145545,0.963879585,-0.245567217,-0.0380641557,-0.125423208,0.969974816,0.0938949957,-0.0069415248,0.0443360098,0.999918818,-0.0911239088,0.00328869931,-0.0433500297,0.999933124,0.103703022,0.389595538,0.0397950448,0.806928277,-0.0343168192,0.323500961,-0.0258910842,0.858242571,0.0906502679,0.714470863,0.238343984,0.873200834,-0.0947987959,0.70058912,0.189407349,0.882258952,0.0708083808,0.749693274,0.261227816,0.617313504,-0.0987626,0.731897473,0.16914098,0.458407342,0.117237732,0.788007081,0.219641209,0.869948089,-0.0793955326,0.764953196,0.0902013108,0.827969193
1900.000000000003,-0.019496927,-0.619865656,-0.277190983,0.999599516,-0.00486779353,-0.638729334,-0.265043646,0.998518348,-0.00288683898,-0.639218688,-0.254937261,0.998298049,-0.00415127818,-0.638449669,-0.258335084,0.998748541,-0.0268416256,-0.647224426,-0.285497218,0.999267757,-0.0257419851,-0.646043241,-0.298403233,0.999397755,-0.019431768,-0.633471787,-0.278867811,0.999549568,0.0314832479,-0.630121946,-0.157969549,0.998866379,-0.10177847,-0.583590567,-0.184583113,0.998940945,0.00810733438,-0.608786881,-0.225450873,0.999684632,-0.0258217938,-0.576832294,-0.260756254,0.99977088,0.127794012,-0.485817403,-0.0336663462,0.999962509,-0.193914652,-0.515596688,-0.0335573703,0.999961,0.220662862,-0.343230456,-0.0982047096,0.928266,-0.236659572,-0.22960858,-0.0407079,0.967530668,0.243747413,-0.261492133,-0.232875928,0.978088677,-0.252017617,-0.0396756753,-0.104833603,0.986197829,0.238345504,-0.236880451,-0.260783941,0.975197077,-0.228299424,0.00440659048,-0.147312552,0.977265835,0.200469956,-0.244328678,-0.282949805,0.977402031,-0.194890201,-0.0263062026,-0.17582,0.979669034,0.234291345,-0.241958022,-0.246571526,0.965142667,-0.23634319,-0.0389197692,-0.123036504,0.971020341,0.0947655588,-0.00694684871,0.0443056263,0.999922395,-0.0919615701,0.00330439676,-0.0432687,0.999935269,0.104505748,0.389562368,0.0409074835,0.812293291,-0.0348525904,0.323468685,-0.021865,0.862855434,0.0942474306,0.713475049,0.242339537,0.876416743,-0.0904779434,0.700359166,0.192537561,0.884961426,0.0748430938,0.748941541,0.266056806,0.618847609,-0.0933942944,0.731588185,0.172711954,0.459299505,0.12016011,0.787237763,0.224857256,0.873295546,-0.0754651129,0.764610827,0.0963494927,0.831343591
1916.6666666666697,-0.0196768492,-0.62008661,-0.278012484,0.999621272,-0.00487097306,-0.639029443,-0.265630424,0.998608291,-0.00289002643,-0.639507174,-0.255465537,0.998404622,-0.00415356457,-0.638744235,-0.258851647,0.998824954,-0.0270626657,-0.647518337,-0.286117613,0.999305308,-0.0259614624,-0.646377,-0.299037874,0.999428689,-0.0196365956,-0.633840799,-0.279456556,0.999569833,0.0322266705,-0.630857646,-0.157037511,0.998937,-0.101750471,-0.58447212,-0.184598342,0.998985231,0.00805363618,-0.609492123,-0.225846201,0.999699414,-0.0260103419,-0.577470362,-0.261451751,0.999778807,0.12802279,-0.488342226,-0.0320114233,0.999964237,-0.194206372,-0.515627384,-0.0331686325,0.999960423,0.221694663,-0.344090492,-0.0914041251,0.930625379,-0.233841345,-0.227824256,-0.0451046079,0.967843533,0.244532153,-0.247372016,-0.224716708,0.978923261,-0.237939835,-0.0406093225,-0.123105794,0.986482084,0.241167784,-0.219214201,-0.253031671,0.976197541,-0.211650029,0.00274243159,-0.169567123,0.977958,0.20096229,-0.223963782,-0.277605116,0.978384495,-0.176768959,-0.0265557878,-0.196231231,0.980321,0.234580621,-0.225518748,-0.238964468,0.966712892,-0.220868438,-0.0395708047,-0.141108841,0.971829116,0.09530738,-0.00704565411,0.0443228558,0.999925315,-0.0924924165,0.00344091863,-0.0432623513,0.999936223,0.106071293,0.38933596,0.0411827564,0.819801867,-0.0375094861,0.323597401,-0.0202468578,0.867343128,0.100350551,0.713182271,0.242295668,0.8809551,-0.0900259912,0.700250566,0.192803204,0.888052702,0.0813349038,0.748863876,0.266312271,0.623137057,-0.0925986394,0.731459856,0.173094213,0.461373568,0.126290098,0.787048638,0.223777547,0.877702713,-0.0747754797,0.764599442,0.0970111117,0.835086167
1933.3333333333364,-0.0203492083,-0.620555639,-0.283319831,0.999638438,-0.00530529534,-0.639544308,-0.270484269,0.998683751,-0.00335081713,-0.639958,-0.259991199,0.998494864,-0.00457289396,-0.639238596,-0.263622046,0.998888552,-0.0282417759,-0.647955358,-0.290207595,0.999335,-0.0271020867,-0.646817505,-0.303372264,0.999454081,-0.020839911,-0.634332657,-0.283558697,0.99958533,0.0322451852,-0.631905198,-0.158879161,0.998999119,-0.102686204,-0.585078716,-0.184980571,0.999016285,0.00751103321,-0.6106444,-0.230259165,0.99971205,-0.026900081,-0.578404844,-0.265803695,0.999784708,0.127949119,-0.491124928,-0.0323524177,0.999965727,-0.195056543,-0.515624642,-0.0351638198,0.999959171,0.222095042,-0.344113,-0.0893408284,0.933071256,-0.229638606,-0.224211112,-0.0647666156,0.967821479,0.244570374,-0.232707277,-0.217961267,0.979616225,-0.219107613,-0.04087,-0.158766896,0.986574352,0.241159692,-0.202404246,-0.245732829,0.977024376,-0.189636171,0.00165349583,-0.209091485,0.978453636,0.200376809,-0.205568403,-0.270696312,0.979197502,-0.154202193,-0.0330694616,-0.232985049,0.980784118,0.234450892,-0.209529817,-0.231898189,0.968028367,-0.200953633,-0.0414169021,-0.176365599,0.972289622,0.0954330787,-0.00721976068,0.0444293469,0.999928,-0.092651248,0.00362267089,-0.0432920977,0.999937117,0.106631435,0.388040215,0.0470772907,0.828038,-0.0438333862,0.323170304,-0.00709103839,0.872653723,0.100908898,0.710057,0.243521661,0.886685312,-0.0905652866,0.69943434,0.194936633,0.893251181,0.081969671,0.745908439,0.266965866,0.633316755,-0.0930966511,0.730550766,0.174406275,0.469715714,0.128383026,0.781686306,0.226153255,0.883302867,-0.0734193102,0.762956262,0.0961413607,0.841477334
1950.0000000000032,-0.0197595116,-0.621483386,-0.283700943,0.999661684,-0.00478328578,-0.640422702,-0.27093029,0.998778224,-0.00286932406,-0.640829504,-0.260483652,0.998605549,-0.00405426743,-0.640145719,-0.26404,0.998969138,-0.0280247089,-0.64871484,-0.290897876,0.99937731,-0.0268744119,-0.647557199,-0.304027319,0.999489248,-0.0206125118,-0.635134757,-0.284234494,0.999609768,0.0329335146,-0.633577645,-0.159340844,0.999074757,-0.102424443,-0.585497737,-0.186913624,0.999071419,0.00813499,-0.612661242,-0.230654269,0.999731421,-0.0263293292,-0.579734564,-0.266449332,0.999797,0.128866419,-0.494339943,-0.0307108257,0.999967873,-0.194717988,-0.515669227,-0.0356782414,0.999959707,0.222713545,-0.343906403,-0.0659493357,0.936197877,-0.226896957,-0.22377108,-0.0705147,0.968384862,0.244637579,-0.212848097,-0.176817,0.980656803,-0.204370245,-0.0462176763,-0.170567781,0.986895502,0.241135925,-0.178331733,-0.199820861,0.97818017,-0.172118708,-0.00581700541,-0.221893162,0.979231834,0.200371578,-0.179536387,-0.223421127,0.980284214,-0.134862527,-0.0451669581,-0.243841276,0.981476486,0.234578609,-0.18790938,-0.189427942,0.969748914,-0.184978098,-0.0490490086,-0.187261745,0.97311461,0.0955362096,-0.00736183254,0.0447628945,0.99993217,-0.0927687213,0.00379814883,-0.0434483625,0.999939799,0.110761479,0.387891501,0.048586078,0.839698076,-0.0455368496,0.32305038,-0.008270544,0.880770624,0.106209777,0.703286,0.247494578,0.894202888,-0.0863587484,0.69521904,0.196303144,0.900023937,0.0873793438,0.738570809,0.271752298,0.649475217,-0.0870923623,0.725798965,0.176007226,0.4859249,0.133564055,0.776230454,0.230122536,0.890840054,-0.0646685138,0.760631,0.0977333486,0.850769222
1966.66666666667,-0.018734267,-0.622842491,-0.285653532,0.999688268,-0.00402195938,-0.641965866,-0.272925913,0.998879611,-0.00211344333,-0.642410278,-0.262294471,0.998723745,-0.00328418426,-0.641694129,-0.26594618,0.999056101,-0.0274331663,-0.650083065,-0.292258084,0.999424934,-0.0262920801,-0.64887476,-0.305298269,0.999528706,-0.0200286191,-0.636514723,-0.285518825,0.999638,0.0333991162,-0.636182249,-0.159915388,0.999155223,-0.102026112,-0.586659253,-0.187217444,0.999134719,0.00902354,-0.615107238,-0.232371584,0.999753177,-0.0254142266,-0.581492186,-0.268074125,0.999811769,0.129482925,-0.498001248,-0.0312406179,0.999970376,-0.194642082,-0.516168356,-0.0360275656,0.999960661,0.222880885,-0.342914581,-0.05389487,0.940891325,-0.22334969,-0.224009395,-0.0704130083,0.969374835,0.245254323,-0.192901507,-0.1484074,0.982079268,-0.19195278,-0.052546531,-0.169240549,0.987283468,0.241251618,-0.155022636,-0.167771593,0.979693115,-0.156886712,-0.0141716637,-0.220420733,0.980036855,0.20047465,-0.154094234,-0.191065907,0.981671512,-0.12012659,-0.0561862327,-0.241736472,0.982191622,0.235067531,-0.166295856,-0.160301045,0.971886933,-0.171845302,-0.0572046228,-0.185653925,0.973966658,0.0955758616,-0.00750666484,0.0447580852,0.999936461,-0.0928061754,0.00400388893,-0.0433906876,0.999942303,0.114701204,0.387879699,0.0483748838,0.852653861,-0.045474872,0.323017627,-0.00512833055,0.889417827,0.108548634,0.702537775,0.249113634,0.902039826,-0.0803956762,0.694891393,0.205534726,0.907137513,0.0896663666,0.737740636,0.274309397,0.668267488,-0.0801913887,0.725503802,0.185820609,0.506822109,0.136829391,0.774559915,0.233634546,0.898621202,-0.0606408,0.759967,0.109345548,0.860665798
1983.3333333333367,-0.0166165959,-0.62357,-0.283954501,0.999713361,-0.00193751813,-0.643019736,-0.271109223,0.998974144,-0.00014331103,-0.643487096,-0.26040563,0.998832703,-0.001295908,-0.642793834,-0.264021665,0.999135852,-0.0258176811,-0.651301146,-0.290230393,0.999470651,-0.0246760026,-0.650065958,-0.303132892,0.999566734,-0.0183978137,-0.637803674,-0.283459038,0.999665916,0.0347751826,-0.638116062,-0.156489849,0.999228835,-0.101023987,-0.588516951,-0.186100915,0.999198556,0.0107027721,-0.616539836,-0.230288371,0.999773085,-0.0237996075,-0.582654297,-0.266328782,0.999825776,0.130070686,-0.499562532,-0.0232682452,0.999972522,-0.193022847,-0.517801,-0.0347974189,0.999962032,0.225123227,-0.339602262,-0.0257157311,0.945166111,-0.217123523,-0.224234372,-0.0814236924,0.970879912,0.247917756,-0.178417563,-0.10472443,0.983443797,-0.175759956,-0.0646295398,-0.202364728,0.988103926,0.242605284,-0.139034659,-0.120747007,0.981151044,-0.139849126,-0.0305556729,-0.259395599,0.98141861,0.201878116,-0.13782312,-0.144351915,0.983005822,-0.100064926,-0.0749343,-0.276099384,0.983419776,0.237452492,-0.15124768,-0.115796767,0.973945439,-0.15445067,-0.0709318668,-0.217354417,0.975616336,0.0955550298,-0.00762890279,0.0455040075,0.99993974,-0.092803441,0.00415752036,-0.043856971,0.999944031,0.120046332,0.387380153,0.048255492,0.864115357,-0.0444128327,0.322874457,-0.0062983227,0.897179961,0.113376878,0.699483931,0.249772444,0.908764362,-0.0778363645,0.694207132,0.204396173,0.913651466,0.0939890891,0.734616101,0.27560541,0.684177816,-0.0776078179,0.724905968,0.184772372,0.525989473,0.138847813,0.772527516,0.234970987,0.905514181,-0.0542619973,0.759221613,0.107525177,0.869995713
2000.0000000000034,-0.0104258442,-0.623432338,-0.285204619,0.999733567,0.0035442193,-0.643052459,-0.274043441,0.999054372,0.00533830281,-0.643516123,-0.263109654,0.99892664,0.00432199845,-0.642844439,-0.266935587,0.99920553,-0.0192150567,-0.651455045,-0.293626249,0.999506772,-0.0178742371,-0.65015322,-0.306333303,0.999596834,-0.0115976501,-0.637901962,-0.286667258,0.999687612,0.0362540819,-0.638798892,-0.162966281,0.999292374,-0.093570821,-0.589193463,-0.197398454,0.999245048,0.0146680074,-0.616527379,-0.231867582,0.999788463,-0.0176451504,-0.582631648,-0.268743306,0.999835253,0.13053605,-0.499263793,-0.0242272373,0.999974489,-0.184689447,-0.519804358,-0.0442868657,0.999963105,0.226342097,-0.328292221,-0.0241082516,0.948706567,-0.210634589,-0.225049913,-0.0934604853,0.971927941,0.254037708,-0.153490558,-0.0866064727,0.984552801,-0.161286503,-0.0712806806,-0.198492691,0.98856616,0.248654008,-0.112041794,-0.0981884748,0.98226881,-0.122369133,-0.0381821878,-0.251401186,0.982305646,0.2108372,-0.110513687,-0.121572286,0.984033227,-0.0827602,-0.0825485364,-0.267737865,0.984198213,0.244987786,-0.126263097,-0.0971818045,0.975558,-0.139556676,-0.0787281543,-0.212946415,0.976637959,0.0950855911,-0.00759835867,0.0468599685,0.999943316,-0.0923379138,0.00413161144,-0.0451833084,0.999946177,0.121971957,0.390111029,0.045421727,0.874354422,-0.0434433967,0.322457135,-0.0225790665,0.904479444,0.112447076,0.700299323,0.233821899,0.915354788,-0.0767244473,0.696045041,0.175349221,0.920327723,0.0927960575,0.735168576,0.257673264,0.700783,-0.076908417,0.727514327,0.153918087,0.549528658,0.137973666,0.774570465,0.216173142,0.912588954,-0.0525519736,0.763567567,0.0743426681,0.880064547
2016.6666666666702,-0.0104613928,-0.623934507,-0.285293251,0.999753654,0.00363472686,-0.643918455,-0.274079323,0.999132752,0.00543166371,-0.64446497,-0.263136923,0.999016821,0.00440922193,-0.643864334,-0.2669366,0.999272168,-0.0193684939,-0.65235585,-0.293565691,0.999543726,-0.0180199798,-0.651019394,-0.306298584,0.999627352,-0.0117782783,-0.638920307,-0.286611587,0.999709964,0.0373368077,-0.6400159,-0.162113175,0.999352336,-0.0936429,-0.5900594,-0.195365399,0.99929291,0.0149113452,-0.617346704,-0.231848449,0.999803483,-0.0177154187,-0.583165228,-0.26867485,0.999844909,0.131124094,-0.498986542,-0.022510685,0.999976039,-0.18293646,-0.522200286,-0.0416619703,0.999963284,0.225933269,-0.318991631,-0.0152941858,0.951886714,-0.208559245,-0.234919116,-0.0935058072,0.972541809,0.253498,-0.143199891,-0.0796610117,0.985533953,-0.15664506,-0.0983251631,-0.212272555,0.98885113,0.247674495,-0.1021192,-0.0935664922,0.983294845,-0.117930472,-0.068361938,-0.270595521,0.98297739,0.210742489,-0.100774862,-0.117744856,0.984983,-0.0760245398,-0.114385791,-0.284445316,0.984785557,0.244696453,-0.115681298,-0.0904581323,0.977037907,-0.1339854,-0.106865779,-0.226624981,0.977323413,0.0950043201,-0.00759257283,0.0469045937,0.999946475,-0.0922915339,0.00413285941,-0.045183707,0.999948263,0.125963658,0.392803222,0.0454391167,0.883710504,-0.0432543755,0.322917044,-0.0230510328,0.911391258,0.116428711,0.700845361,0.236685932,0.921178,-0.074680455,0.699859321,0.173632368,0.926594496,0.0959598869,0.735590219,0.260872871,0.714647532,-0.0748114586,0.731871367,0.152155027,0.572572112,0.138012156,0.777098536,0.219260439,0.918705463,-0.0520798564,0.768581927,0.0706873536,0.889331043
2033.333333333337,-0.00625153538,-0.623993039,-0.285368741,0.999770403,0.0077696247,-0.644145668,-0.2741552,0.999198735,0.00949667115,-0.644721925,-0.263223678,0.999093115,0.00844427478,-0.644154906,-0.267003417,0.999328256,-0.0159304291,-0.652748168,-0.293689817,0.999573886,-0.0144610805,-0.65138638,-0.306424409,0.999652684,-0.00834151544,-0.639319718,-0.286737412,0.999728203,0.0401827656,-0.640700459,-0.161970571,0.999403477,-0.0914502442,-0.590887725,-0.195441335,0.999331,0.018536523,-0.617658794,-0.231837302,0.999815524,-0.0143131753,-0.583353877,-0.268791318,0.999852359,0.131957263,-0.498764098,-0.022104213,0.99997735,-0.180127874,-0.52558732,-0.041748289,0.99996388,0.225772217,-0.316055,-0.00758351805,0.954552114,-0.209404185,-0.24313195,-0.10385339,0.973467767,0.253220767,-0.137937561,-0.0635324419,0.986311734,-0.151212946,-0.118777655,-0.233087823,0.989377558,0.246909961,-0.0948828384,-0.0751674846,0.984063506,-0.109801665,-0.0913501158,-0.293531209,0.98393482,0.210621104,-0.093203105,-0.0993388,0.985696554,-0.0653868318,-0.139634669,-0.304820031,0.985629916,0.244597852,-0.109955333,-0.0737020373,0.978185892,-0.127234682,-0.128870085,-0.246574596,0.978420198,0.094729,-0.00757807773,0.0478426181,0.999948502,-0.0920729935,0.0041186288,-0.0459262319,0.999949157,0.129292712,0.39321962,0.0454325713,0.890981257,-0.0417680889,0.322086364,-0.0266647581,0.916663766,0.116947122,0.700989127,0.238153979,0.925566554,-0.07414487,0.700925469,0.167595774,0.931739032,0.0960887745,0.735705256,0.26268822,0.725299954,-0.0743863583,0.733300507,0.145872399,0.589185536,0.138157472,0.777268946,0.221164301,0.923589349,-0.0482850708,0.770506501,0.0628165752,0.897007585
2050.0000000000036,0.00135459565,-0.622793436,-0.286529452,0.999779046,0.01438828,-0.643491,-0.276508361,0.999242783,0.0157462917,-0.644108772,-0.265340954,0.999146819,0.0147772683,-0.643611491,-0.269195229,0.999368,-0.00916129537,-0.65230006,-0.296133161,0.999588609,-0.00764481258,-0.65089,-0.308858305,0.999666035,-0.00160357961,-0.6388,-0.289100289,0.999736071,0.0419786163,-0.640658259,-0.165408701,0.999443173,-0.0866512954,-0.590532303,-0.202900261,0.999342144,0.0243872739,-0.617155731,-0.233264118,0.999821365,-0.00746927597,-0.582481086,-0.270938367,0.999853134,0.132213,-0.498234034,-0.0253784154,0.999978364,-0.175524339,-0.525623083,-0.0488241203,0.999963462,0.224475905,-0.311799377,-0.00826795306,0.956120193,-0.205238536,-0.243180022,-0.130638927,0.973392487,0.252871096,-0.129669219,-0.048478581,0.986621141,-0.131660417,-0.13498804,-0.276043624,0.989628375,0.24612391,-0.0864109248,-0.0556821749,0.984228075,-0.0869356468,-0.114183515,-0.34025076,0.984631479,0.210576594,-0.0848755538,-0.0796577781,0.985864818,-0.0414349139,-0.167522803,-0.347568065,0.986229122,0.24446857,-0.101689249,-0.0578721203,0.978567958,-0.107000098,-0.148611769,-0.288366348,0.979098797,0.0940985605,-0.00756349647,0.0482800044,0.999950349,-0.0915429741,0.00410892628,-0.0462297127,0.999949694,0.134118184,0.393289298,0.0432745665,0.897256434,-0.038369175,0.322048753,-0.028298052,0.920342267,0.119218841,0.69832921,0.236187756,0.929190457,-0.0729211196,0.701332033,0.16869837,0.936177075,0.0978196189,0.732128441,0.261073947,0.732891798,-0.0735008866,0.733947515,0.147176191,0.603658557,0.138404459,0.776949108,0.220843971,0.927741587,-0.0474880561,0.772466302,0.0649274141,0.903731346
2066.66666666667,0.0038051717,-0.621778965,-0.286867619,0.999790311,0.0163851362,-0.642902732,-0.277443171,0.999292612,0.0175916404,-0.643596947,-0.266208738,0.99920547,0.0166049842,-0.643116415,-0.270010829,0.999411583,-0.00711876666,-0.65180552,-0.296678,0.999609232,-0.0056588673,-0.650396168,-0.309360355,0.999683678,0.000295525795,-0.638327122,-0.289617747,0.999748409,0.0432024,-0.640621483,-0.166433886,0.999484837,-0.0845712498,-0.590043604,-0.203690067,0.999365389,0.0268620215,-0.616629779,-0.233760431,0.99983,-0.0049934308,-0.581597626,-0.271366358,0.999857128,0.132224187,-0.498108596,-0.0255203452,0.999979436,-0.173194498,-0.52555126,-0.0485702492,0.999963,0.223745897,-0.311569959,0.00489150872,0.958137274,-0.204248175,-0.242964596,-0.129520223,0.973769,0.251646698,-0.123517312,-0.0207928438,0.986993611,-0.121011183,-0.156359568,-0.280877501,0.989937603,0.243511319,-0.0800972581,-0.0249374099,0.984397113,-0.0723869801,-0.144126624,-0.346528441,0.985282719,0.210449353,-0.0769081265,-0.0484246314,0.986021817,-0.0291680172,-0.20170559,-0.351409316,0.986774087,0.24407053,-0.0946043,-0.0290925391,0.978914678,-0.0963632762,-0.173312187,-0.292192429,0.979652,0.093534708,-0.00754760951,0.0483304895,0.999952137,-0.0910887048,0.00410581892,-0.0462346971,0.99995023,0.13643311,0.393244565,0.0422768444,0.903939962,-0.0381585397,0.322934866,-0.0279125217,0.924831629,0.124166951,0.694505155,0.240366623,0.932786405,-0.0729376748,0.701664329,0.184076145,0.940352082,0.102703877,0.727617323,0.267305,0.74068439,-0.0735557303,0.73433578,0.164764792,0.617511034,0.139827594,0.775269806,0.230373651,0.931574643,-0.0471317023,0.773689687,0.0863145962,0.909857035
2083.3333333333367,0.00598798413,-0.62114495,-0.290533662,0.999796748,0.0184651688,-0.642627597,-0.281946152,0.999331355,0.0196150672,-0.643359125,-0.270543784,0.999251246,0.0185107701,-0.642873108,-0.274234,0.999446,-0.00512547931,-0.6515854,-0.300142288,0.999622345,-0.00372527121,-0.650185943,-0.312820196,0.999695182,0.00207316177,-0.638162553,-0.292964339,0.999756,0.0459474549,-0.640600681,-0.170541927,0.999518871,-0.082168147,-0.589916766,-0.205751538,0.999373555,0.0294305962,-0.616319478,-0.237614796,0.999832749,-0.00269464543,-0.581075907,-0.274566323,0.999854684,0.132422373,-0.497944146,-0.0271047559,0.99998,-0.169736,-0.525496721,-0.0489993282,0.999960721,0.223298624,-0.312024087,0.0152305365,0.959527075,-0.199586987,-0.242728084,-0.134900317,0.974357724,0.250964522,-0.120805949,0.00864028092,0.986999035,-0.104209833,-0.177625522,-0.288363338,0.990303397,0.241798759,-0.0784972832,0.00989845581,0.98403883,-0.0523675121,-0.1748126,-0.354416877,0.985896111,0.210409522,-0.0736664534,-0.0134961829,0.985684216,-0.013074561,-0.236128,-0.356082261,0.98727423,0.243985415,-0.0913387239,0.00134333398,0.978606,-0.0806184486,-0.197852194,-0.298445046,0.98012042,0.0927649066,-0.00754466793,0.0483434424,0.99995327,-0.0904584154,0.00411094213,-0.0462240092,0.999949872,0.140210077,0.391964018,0.0418752804,0.910174847,-0.0380682871,0.323831826,-0.0272673909,0.929042161,0.126079202,0.692570746,0.240911588,0.936663,-0.0706958473,0.70161432,0.193845212,0.944156408,0.104267485,0.725771,0.267475575,0.750916183,-0.0709897205,0.734258592,0.175782129,0.632199347,0.141386628,0.775105834,0.231858298,0.935331702,-0.0446261317,0.774891436,0.101727024,0.915232897
2100.000000000003,0.00629811641,-0.618423402,-0.294737,0.999805391,0.0185810141,-0.640515804,-0.28796643,0.999373734,0.0197753366,-0.641293228,-0.276517808,0.999300897,0.0186466407,-0.640866339,-0.280094147,0.999483287,-0.00476218201,-0.649587154,-0.305302,0.999639452,-0.0033356424,-0.648199797,-0.318072,0.999709606,0.00236364454,-0.636278272,-0.297995478,0.999765873,0.0464168042,-0.640274584,-0.179168537,0.999553919,-0.0803592131,-0.588777781,-0.21136573,0.999390662,0.0300086811,-0.614604533,-0.24284102,0.99983865,-0.00176445476,-0.578932762,-0.278970301,0.999856234,0.132115945,-0.497843415,-0.0330106281,0.999980927,-0.165188566,-0.525085449,-0.052263435,0.999959886,0.217138633,-0.309208,0.0119342124,0.960871637,-0.194709644,-0.241838321,-0.14555946,0.974777877,0.246970981,-0.111072861,0.00240200921,0.98741293,-0.0952480286,-0.196680218,-0.299865782,0.99078083,0.23727265,-0.0684347898,0.00376675185,0.984370649,-0.0426275,-0.199479833,-0.364891,0.986680865,0.209041268,-0.0618731,-0.0188122652,0.985977113,-0.00626210868,-0.262016773,-0.365181684,0.987939775,0.241401896,-0.0807590336,-0.00453956472,0.979107201,-0.0730312243,-0.218865752,-0.309400856,0.980926216,0.0918364376,-0.00755048636,0.0483986288,0.999955356,-0.0896026492,0.00412435,-0.0462363958,0.999951,0.15016003,0.390238553,0.03843683,0.915845811,-0.0390129052,0.323663473,-0.0276376791,0.933234,0.134255633,0.679204702,0.24049437,0.940492272,-0.0694177672,0.699172258,0.193393812,0.948149681,0.112319775,0.710697711,0.267424256,0.762430489,-0.0691606104,0.73167032,0.175107986,0.649332643,0.152406886,0.76107657,0.232155815,0.939349592,-0.0418655463,0.774262309,0.10018909,0.921129584
2116.6666666666697,0.00800331,-0.616463244,-0.294850618,0.999819,0.0196890011,-0.639317572,-0.288270563,0.999424398,0.02088039,-0.640144169,-0.276842326,0.999358773,0.0196849834,-0.63967979,-0.280322701,0.999526143,-0.0034179,-0.648278356,-0.305593818,0.99966538,-0.00203637732,-0.64693594,-0.318397194,0.999730885,0.00359929958,-0.635063887,-0.298288822,0.999782085,0.0470769443,-0.640235782,-0.179801896,0.999592423,-0.0792827159,-0.588011444,-0.212117046,0.999428689,0.0317564756,-0.613231719,-0.243141115,0.999848366,8.9593952e-005,-0.577192605,-0.279180437,0.999862671,0.131798223,-0.497738451,-0.0334947072,0.999982,-0.162057266,-0.524280667,-0.0529443063,0.999959528,0.213336945,-0.30722335,0.0187029373,0.962738,-0.188239351,-0.239682481,-0.149679065,0.975593805,0.24356772,-0.109134808,0.0162371378,0.988013387,-0.0846445039,-0.216441631,-0.299900651,0.991318405,0.233233675,-0.0674551651,0.0199206546,0.984998703,-0.0307211112,-0.22638455,-0.363535,0.987511456,0.207217067,-0.0611304753,-0.00176991173,0.986537278,0.0015632509,-0.290462047,-0.361860156,0.988649964,0.238800764,-0.0792248622,0.00999007467,0.979989469,-0.0641307384,-0.24073863,-0.308339685,0.981886506,0.0913209915,-0.00759705529,0.048456762,0.999957561,-0.0891380385,0.00421341369,-0.0462458,0.999952316,0.160822466,0.386317849,0.0221360214,0.922409,-0.0391434096,0.323715836,-0.0303353928,0.937752604,0.136332944,0.667874634,0.236093372,0.944354,-0.0670924634,0.695571423,0.197176725,0.951869309,0.113684274,0.698779583,0.264741957,0.775225282,-0.0666232333,0.727724612,0.180046186,0.667686939,0.153547212,0.7506845,0.232203439,0.943288565,-0.0410412848,0.771128714,0.112192415,0.926570714
2133.333333333336,0.00954550784,-0.614018202,-0.293810666,0.999831259,0.0209594704,-0.637514889,-0.287937075,0.999471366,0.0222487878,-0.638402581,-0.276486278,0.999411941,0.0209731478,-0.637926102,-0.279850662,0.999565959,-0.00180190615,-0.646771252,-0.305073887,0.999689639,-0.000461105839,-0.645395,-0.31781742,0.999750435,0.00509125786,-0.633564293,-0.29768464,0.999797463,0.0483018868,-0.639648497,-0.179412425,0.999627531,-0.077541925,-0.587151,-0.211875364,0.999462545,0.0333071239,-0.611225545,-0.242516965,0.999856651,0.00175219856,-0.57492286,-0.278271317,0.999867857,0.130809128,-0.497644842,-0.0312814936,0.999982953,-0.157981321,-0.522435308,-0.0527578294,0.999959648,0.208983496,-0.307023674,0.0388300456,0.962741077,-0.18296729,-0.235952318,-0.150994807,0.975935876,0.242562085,-0.107246257,0.053298261,0.98790127,-0.0746441409,-0.231316924,-0.296454906,0.991609156,0.232762665,-0.0670652315,0.0622595288,0.984601676,-0.0182343144,-0.248738,-0.358611882,0.987998068,0.207693294,-0.0595609657,0.040336173,0.986152351,0.00981382746,-0.315031171,-0.355546623,0.98901695,0.238605529,-0.0772510469,0.0475514159,0.979620814,-0.0556468032,-0.258428693,-0.304121017,0.982239306,0.0902182534,-0.00770097,0.049364049,0.999960124,-0.0881168097,0.00437799562,-0.0469116084,0.999954581,0.170122907,0.383325249,0.0123357894,0.927514434,-0.0366183259,0.323963553,-0.0331611559,0.941179335,0.138901293,0.65849638,0.23097986,0.946461,-0.0636642,0.695957124,0.192801148,0.955103278,0.11587733,0.688642323,0.260677487,0.783235192,-0.0632955283,0.728361785,0.175261647,0.682120442,0.159455314,0.743128955,0.232250154,0.945956767,-0.0333547965,0.771661162,0.111059926,0.931440294
2150.0000000000027,0.00927171949,-0.61362946,-0.2909109,0.999841571,0.0207990687,-0.63709271,-0.284384787,0.999511957,0.0220811255,-0.638037384,-0.273112833,0.999458253,0.0207681023,-0.637494445,-0.275997728,0.9996,-0.00209113536,-0.646266937,-0.300582707,0.999710381,-0.000760915456,-0.645004392,-0.313432604,0.999767721,0.00478831865,-0.633213699,-0.293259859,0.999810636,0.0494163595,-0.6393314,-0.173395723,0.999658525,-0.0777966529,-0.586752117,-0.203566253,0.999493122,0.0334416926,-0.610689104,-0.239668131,0.999864042,0.00142264075,-0.574457407,-0.274591506,0.999872684,0.130399093,-0.49760744,-0.0234132353,0.999983668,-0.158640757,-0.520781815,-0.0487229638,0.999958634,0.207147911,-0.306726962,0.0476362742,0.962615,-0.181421548,-0.233792827,-0.151388317,0.976053774,0.238058314,-0.108255558,0.0498587228,0.98767662,-0.0725493,-0.245554969,-0.304510564,0.991803765,0.22761482,-0.0691507906,0.0557645373,0.984219611,-0.0161424391,-0.266783774,-0.367933244,0.988303304,0.203946322,-0.0620821305,0.0348534286,0.985793591,0.00984228496,-0.334146589,-0.362051666,0.989205539,0.234162137,-0.0783725232,0.0440573618,0.979234517,-0.0542483702,-0.272967488,-0.311099559,0.9822402,0.0901274458,-0.00801385194,0.0498990677,0.999961913,-0.0880621746,0.00478890492,-0.0471855514,0.999955893,0.168412626,0.378751725,0.00734562939,0.932421446,-0.0351080596,0.325534731,-0.0313433781,0.944327056,0.139269307,0.645190954,0.236697435,0.947952747,-0.0625330061,0.695772707,0.207601458,0.957590878,0.11638049,0.675052702,0.269988567,0.789274096,-0.0621306151,0.72813344,0.191886082,0.691815138,0.15810366,0.732025325,0.246860519,0.947561264,-0.0297301263,0.771575,0.125940427,0.934752643
2166.6666666666692,0.00936623756,-0.613321,-0.289452016,0.999851,0.0210224278,-0.636771321,-0.282795817,0.999549627,0.0223174058,-0.63776356,-0.271601021,0.999501228,0.0208872,-0.637136877,-0.27422446,0.999631643,-0.00207241904,-0.645925224,-0.298295915,0.999729812,-0.000769393286,-0.644751668,-0.311228,0.999784,0.00474135671,-0.633024514,-0.290960461,0.999823,0.0515347533,-0.639034,-0.17040506,0.999687195,-0.0775203705,-0.586578786,-0.198711649,0.999521196,0.0342020243,-0.610360861,-0.238220915,0.999870777,0.0015605113,-0.574220419,-0.27242434,0.999877214,0.130387872,-0.497946888,-0.0177745763,0.999984324,-0.157305,-0.520400167,-0.0452185497,0.999958,0.2059986,-0.306648612,0.0588511601,0.96195519,-0.177836791,-0.233711079,-0.153577372,0.975925565,0.237580374,-0.108300917,0.0666866675,0.987431288,-0.0647071376,-0.258690387,-0.314694703,0.991960704,0.227325231,-0.0707368851,0.0742981136,0.983895898,-0.00702356268,-0.283798754,-0.380024493,0.98859179,0.203969896,-0.0635409951,0.0538356528,0.985494733,0.0178866796,-0.350678205,-0.371717542,0.989377558,0.233932033,-0.0783085898,0.061284,0.978914917,-0.0466395319,-0.286320388,-0.320840508,0.982214451,0.0899321064,-0.00831490941,0.0505641773,0.999964178,-0.0879197717,0.00521219615,-0.0475224033,0.999958,0.178070739,0.370165855,-0.00635811547,0.937504351,-0.0346572809,0.326140553,-0.0312932208,0.94776094,0.138312325,0.637167633,0.238183558,0.949867368,-0.0583454072,0.695932269,0.207554653,0.960487366,0.115704425,0.667250633,0.273732156,0.797928512,-0.0572422184,0.728386402,0.191559285,0.706424177,0.15718919,0.72588259,0.255039245,0.949621677,-0.0260058176,0.771519065,0.123503685,0.93881321
2183.3333333333358,0.00970345736,-0.613247871,-0.287438154,0.999859214,0.0216708761,-0.636655748,-0.280968487,0.999582469,0.0229821373,-0.637673,-0.26977697,0.999538541,0.0214334317,-0.636993527,-0.272190064,0.999658883,-0.00177634263,-0.645879507,-0.295970559,0.999747574,-0.000511092367,-0.644726753,-0.308960527,0.999799073,0.00492054876,-0.633014917,-0.288633019,0.999834776,0.053745877,-0.638636112,-0.168009907,0.999711931,-0.0771881565,-0.586558104,-0.195481211,0.999548793,0.0349570699,-0.610173225,-0.236401975,0.999875844,0.00177400874,-0.574147761,-0.270056427,0.999881148,0.130497172,-0.497934818,-0.0147607196,0.999984741,-0.156310707,-0.520050645,-0.0430972949,0.999958575,0.204073176,-0.306211531,0.064562574,0.958499551,-0.173384249,-0.234368324,-0.157677382,0.975799143,0.23518227,-0.107295059,0.077866,0.985992491,-0.0604280271,-0.272869885,-0.325628787,0.992330313,0.224601254,-0.0702600628,0.0876131058,0.982409954,-0.00344971474,-0.300819218,-0.392500222,0.989186287,0.202670708,-0.0631438,0.0672255158,0.984160602,0.0219141115,-0.366261095,-0.382711112,0.989875853,0.231919467,-0.0774847716,0.0730887055,0.977286518,-0.0427071601,-0.300649852,-0.331624448,0.982850969,0.0898230448,-0.00855843443,0.0509149097,0.999966264,-0.0878518596,0.00549065368,-0.0476802662,0.999960363,0.180404186,0.368751287,-0.00694307406,0.941247225,-0.0346072353,0.325784236,-0.0311729778,0.950092256,0.13763313,0.626778901,0.246184394,0.950325191,-0.0553466193,0.695657372,0.206436232,0.962961,0.115115553,0.655356586,0.283324122,0.803052604,-0.0536811,0.728163362,0.189963609,0.718150675,0.157000378,0.706393778,0.267571,0.950704932,-0.0231350847,0.767354667,0.121046573,0.942341745
2200.0000000000023,0.0107297152,-0.613001823,-0.2810781,0.999865055,0.0224120654,-0.636389852,-0.274136454,0.999609292,0.0236710571,-0.637473702,-0.263059944,0.999569714,0.0220072977,-0.636696339,-0.265450299,0.999681234,-0.00114528218,-0.645503342,-0.289579898,0.999761462,0.000132133922,-0.644483387,-0.302813113,0.999811411,0.00547458744,-0.632801056,-0.282342851,0.999843836,0.0536636375,-0.638288,-0.161134124,0.999733865,-0.0772182792,-0.585845411,-0.191801533,0.999572396,0.0357527807,-0.609900177,-0.230695188,0.999880493,0.00238333223,-0.573830366,-0.265003681,0.999884605,0.129991427,-0.497902125,-0.00778326765,0.999985,-0.156364471,-0.518696845,-0.0431260653,0.999958575,0.200680465,-0.304570973,0.066536516,0.955191791,-0.172930092,-0.23563531,-0.176175639,0.976365924,0.232055217,-0.10579136,0.0694656149,0.985321581,-0.0621173643,-0.287677556,-0.351424783,0.992844403,0.221065283,-0.068454951,0.0779349208,0.981935501,-0.00638548285,-0.31716761,-0.418589801,0.98993057,0.199015349,-0.0615050383,0.0579329394,0.983754873,0.0194526669,-0.380802512,-0.407476634,0.990533412,0.228400618,-0.0757783279,0.0640673637,0.976825356,-0.0447851345,-0.3145715,-0.356819212,0.983815,0.0896958783,-0.00886963774,0.0519542508,0.999967813,-0.0877512,0.00584550155,-0.0483872332,0.999962032,0.183563754,0.366587728,-0.00825328752,0.944624782,-0.0336792171,0.325485706,-0.0312780142,0.951952517,0.13621892,0.618234515,0.251861095,0.950662136,-0.0519967191,0.692776382,0.209864184,0.964910805,0.112527028,0.646337569,0.28981936,0.808536112,-0.0501588807,0.725245655,0.193621874,0.728087723,0.156638935,0.697940111,0.277453631,0.951396,-0.0235343724,0.762106419,0.125262439,0.944887638
2216.666666666669,0.0138648301,-0.613019049,-0.278748393,0.999871314,0.0248224344,-0.636400163,-0.271350235,0.999634922,0.0258813594,-0.637497783,-0.260232806,0.99959892,0.0241107009,-0.636699915,-0.262553096,0.999701679,0.000936050317,-0.645488679,-0.287442684,0.999776185,0.00221596146,-0.644484878,-0.300777704,0.999824345,0.0074777524,-0.632804632,-0.280262262,0.999853849,0.0538229086,-0.638255239,-0.158146486,0.999753535,-0.0770634338,-0.585213721,-0.191747442,0.999599338,0.0380450897,-0.609886,-0.228292018,0.999884069,0.00449607382,-0.573713243,-0.263538897,0.999887884,0.129495218,-0.497873217,-0.00369206071,0.999984801,-0.153623715,-0.517891228,-0.0472150855,0.999959469,0.198296,-0.303679526,0.0778046101,0.94606787,-0.163836762,-0.240875885,-0.19440417,0.977009058,0.227606013,-0.104006,0.0951479897,0.981769,-0.0554185137,-0.299865127,-0.366819412,0.993358672,0.215286195,-0.0659954175,0.108208753,0.97889781,-0.00199335348,-0.330486149,-0.434433728,0.990673959,0.193625689,-0.0597963706,0.0884337425,0.981057644,0.023847172,-0.392153859,-0.421590537,0.991200507,0.223785728,-0.0743026882,0.0905210301,0.973603129,-0.0391160399,-0.326126844,-0.371483296,0.984847903,0.0895086229,-0.00903131813,0.0537636727,0.999969184,-0.0876163319,0.00596752623,-0.0499020331,0.99996388,0.181222886,0.367043227,-0.0054531442,0.947345912,-0.0318252631,0.327409,-0.032180164,0.953784823,0.132209584,0.619472,0.255670041,0.951203048,-0.0524808727,0.693393826,0.208949417,0.966962099,0.107498012,0.648012102,0.293093145,0.814369738,-0.0509519167,0.725917935,0.192450613,0.739355385,0.152317032,0.700298607,0.28007561,0.952390552,-0.0243619978,0.762578428,0.123187184,0.947767377
2233.3333333333353,0.0151800541,-0.613044262,-0.276590198,0.999874294,0.0258061942,-0.6364218,-0.268855333,0.999653876,0.0268278,-0.637541413,-0.257779,0.999620736,0.0249917917,-0.636714697,-0.260022551,0.99971664,0.00192038598,-0.645489097,-0.285558134,0.999786675,0.00321504916,-0.644502342,-0.298944294,0.99983418,0.00843389239,-0.632829309,-0.278342158,0.999861419,0.0537584685,-0.638039529,-0.15585196,0.999768794,-0.077027306,-0.58472544,-0.19154653,0.999618232,0.0388376787,-0.609867275,-0.226169646,0.999884665,0.00534439599,-0.573673368,-0.262197375,0.999888361,0.128543913,-0.497474343,-0.00164497725,0.999984205,-0.15229772,-0.517372,-0.0491720326,0.999959886,0.194478676,-0.30068627,0.076325655,0.93362236,-0.155701309,-0.24316892,-0.197739407,0.977215588,0.222655699,-0.102228157,0.088984482,0.975872874,-0.0541072451,-0.306749254,-0.370743513,0.993766129,0.210353523,-0.0650310889,0.101063758,0.973626792,-0.00261978828,-0.340040088,-0.438801974,0.991271794,0.189738929,-0.0597052127,0.0810983852,0.976305,0.0217547454,-0.402563512,-0.426557064,0.991726398,0.219078615,-0.0730884448,0.0838736594,0.967824638,-0.0390490256,-0.333948,-0.375785828,0.985608101,0.0892254,-0.0090479292,0.054677166,0.999970436,-0.0874118283,0.00598053494,-0.0506160296,0.999965668,0.180132464,0.369234204,-0.00364666525,0.948761344,-0.0305633377,0.328364313,-0.0324505679,0.954614818,0.125965834,0.619470716,0.26096949,0.948852658,-0.0528716519,0.694309175,0.206001267,0.968335092,0.100425556,0.647586405,0.298272491,0.815423071,-0.0515288636,0.72702843,0.189093441,0.747318804,0.147180736,0.700330555,0.287302911,0.950971901,-0.0249844193,0.762696862,0.117994465,0.949511766
2250.000000000002,0.015885774,-0.612338543,-0.275801957,0.999872088,0.0266857184,-0.635727406,-0.26815322,0.999663949,0.0276887119,-0.636903942,-0.257095337,0.999631047,0.0258212443,-0.636046708,-0.259275705,0.999723077,0.00258456054,-0.644721925,-0.284790099,0.999791861,0.00392638706,-0.643837392,-0.298195124,0.999839902,0.00909393746,-0.632187665,-0.277561,0.999866247,0.0547110699,-0.63756758,-0.155368224,0.999775708,-0.0762246922,-0.583855689,-0.190762118,0.999628425,0.0396184772,-0.609201789,-0.225219727,0.999876618,0.00612496957,-0.572808385,-0.261159718,0.999882162,0.128550917,-0.496788025,0.00108290731,0.999982297,-0.146432012,-0.517276227,-0.0512010232,0.999960244,0.191074342,-0.294313163,0.0778545961,0.903319776,-0.146139383,-0.247625068,-0.201264516,0.97710675,0.217042595,-0.0939093903,0.0930394605,0.957709789,-0.0467246436,-0.314494789,-0.372693866,0.994105458,0.204401776,-0.0581675582,0.106253661,0.958087087,0.00298281293,-0.35041523,-0.442131549,0.991768718,0.18567197,-0.0537986271,0.0861702636,0.962032855,0.0267093349,-0.412624538,-0.429074258,0.992157876,0.214155704,-0.0654901415,0.0882376432,0.95094949,-0.0326180235,-0.342017829,-0.377697229,0.986196876,0.0888954327,-0.00903461687,0.0562454425,0.99997139,-0.0871624798,0.00591098284,-0.0519956,0.999967456,0.183328673,0.374148607,-0.00137999607,0.946756423,-0.0273942556,0.330198973,-0.0355835855,0.954132199,0.125725731,0.622501194,0.26446709,0.944180608,-0.0532136783,0.700597942,0.189966857,0.969307184,0.0998232141,0.651311338,0.301006109,0.810190737,-0.0518368594,0.734060049,0.171525478,0.750880718,0.145196259,0.702486813,0.288842261,0.948300898,-0.0243466888,0.77202642,0.0946875736,0.951041102
2266.6666666666683,0.0157349948,-0.612315059,-0.275370091,0.999847293,0.0265745223,-0.635563493,-0.267469585,0.999630809,0.0275921579,-0.636785746,-0.256393731,0.999591112,0.025749404,-0.635844707,-0.25857529,0.999686241,0.00244797021,-0.644493282,-0.28379637,0.999774098,0.00379946781,-0.643686593,-0.297236592,0.999831498,0.00892370287,-0.632060885,-0.276557207,0.999860168,0.0549115911,-0.636954725,-0.153618753,0.999753058,-0.0765770599,-0.583465099,-0.1881928,0.999609768,0.0395018868,-0.609135449,-0.22448878,0.99984026,0.00598822813,-0.572746575,-0.260227174,0.999856412,0.128528446,-0.496735871,0.00399802066,0.999976218,-0.146922201,-0.517208636,-0.0512956604,0.999959,0.183606088,-0.292439401,0.0802495256,0.854149163,-0.145123452,-0.251941383,-0.202255905,0.976816058,0.204125598,-0.0945987403,0.0951202959,0.912572801,-0.0442167297,-0.326996207,-0.376294434,0.994340837,0.189037293,-0.0596489348,0.109187953,0.919745564,0.00599111151,-0.365744233,-0.446490049,0.992091358,0.17419599,-0.0553229153,0.0889566168,0.925752521,0.0290237237,-0.428063601,-0.432138205,0.992407441,0.202080145,-0.0663281307,0.0900668204,0.91101253,-0.0306080617,-0.354895294,-0.380748779,0.986373425,0.0888810083,-0.00912480708,0.0562507436,0.999972,-0.0871646106,0.00598601,-0.051989805,0.999969065,0.182141691,0.373800814,-0.0022880584,0.946561754,-0.0260643885,0.333066583,-0.0355210789,0.95351851,0.124773815,0.624231696,0.266652316,0.940273821,-0.053136535,0.701068401,0.193027824,0.969703734,0.0988091677,0.653227627,0.303520322,0.805368662,-0.0521106981,0.734455585,0.175111964,0.750708163,0.144496351,0.705318153,0.289884388,0.944405615,-0.026397502,0.771868825,0.096378915,0.951013565
2283.333333333335,0.0158673674,-0.612435639,-0.270684928,0.999812245,0.026990775,-0.635587,-0.262508333,0.999582112,0.027973244,-0.636818528,-0.251481414,0.999531,0.0260876566,-0.635860503,-0.253596,0.999632537,0.00255306787,-0.644508541,-0.278442562,0.999747872,0.00389758288,-0.643728673,-0.291886836,0.99981761,0.00902261306,-0.632096946,-0.271232516,0.99985081,0.0562710352,-0.636912525,-0.148575053,0.999716163,-0.0763590112,-0.583405793,-0.18201685,0.999583364,0.0398581065,-0.609207511,-0.219744489,0.999786556,0.00607817853,-0.572794139,-0.255073369,0.99981916,0.128795847,-0.496508896,0.00990960095,0.999967396,-0.144105539,-0.517262816,-0.0510418415,0.999958217,0.177594334,-0.28851223,0.0840510577,0.795549035,-0.141133681,-0.255644113,-0.200285196,0.976328731,0.194394603,-0.0904144421,0.0988757759,0.853400111,-0.0416529067,-0.333961368,-0.37438187,0.994576812,0.178216755,-0.0561074913,0.113273591,0.86858964,0.00769202877,-0.374062419,-0.444942147,0.992447734,0.165494084,-0.0525566451,0.0934648,0.876140118,0.0308222193,-0.43656522,-0.430425346,0.992700338,0.192848772,-0.0626903623,0.0940561,0.859089911,-0.0285069458,-0.362298191,-0.378843486,0.986704051,0.0888239443,-0.00908852369,0.0566474088,0.999972641,-0.0871454254,0.00590410223,-0.0522738956,0.999970853,0.181873605,0.37394166,-0.00054598,0.94441855,-0.0254245251,0.332980216,-0.0348868966,0.952924788,0.124610208,0.62565,0.275585502,0.935768068,-0.0533098802,0.701016903,0.191298872,0.970556259,0.0986397266,0.65472424,0.312720895,0.800795436,-0.0523928069,0.734388351,0.172745615,0.753778219,0.144476607,0.707057476,0.300270885,0.940799296,-0.0265681371,0.771879077,0.0924574956,0.952021718
2300.0000000000014,0.0164986718,-0.612451851,-0.263934731,0.999791801,0.0277347565,-0.635575771,-0.256145418,0.999558,0.0286673177,-0.636816263,-0.245098129,0.999498487,0.0267924592,-0.635852635,-0.247207627,0.999605834,0.0031253011,-0.644495845,-0.271989316,0.999734759,0.00442986423,-0.643723547,-0.285283655,0.999810576,0.00954211,-0.632080555,-0.264841348,0.999847233,0.0571057796,-0.636886477,-0.143574834,0.999695182,-0.0757402405,-0.583183706,-0.176423743,0.999568939,0.040669702,-0.609204352,-0.213481754,0.999751866,0.00673225848,-0.57275176,-0.248299301,0.999793828,0.128975183,-0.49627614,0.0142273279,0.999961734,-0.141228795,-0.517109871,-0.048557248,0.99995786,0.176608101,-0.286678702,0.0878220946,0.741555393,-0.136954129,-0.256978363,-0.197059155,0.975357771,0.190981641,-0.0894635245,0.104988806,0.798569381,-0.0381792746,-0.33649224,-0.368282408,0.994710147,0.174149781,-0.05553139,0.120392032,0.820212066,0.0111460797,-0.37730214,-0.437877119,0.992669165,0.161626115,-0.0525199696,0.100922137,0.829008102,0.0331348553,-0.440280348,-0.424902081,0.992855549,0.189503402,-0.0622710958,0.100570008,0.809853494,-0.0257662218,-0.365454525,-0.373227358,0.986803,0.0886660889,-0.0090911584,0.0566780753,0.999973416,-0.0870411769,0.00587997818,-0.0522905327,0.999972582,0.18127203,0.376527667,0.00503748469,0.939288676,-0.0254751071,0.333200246,-0.0326347277,0.949508846,0.125365317,0.626761377,0.279120058,0.928654671,-0.0534480847,0.70111239,0.191432416,0.970321894,0.0996009633,0.655943513,0.315468907,0.790702462,-0.0526159033,0.734489381,0.172988549,0.751284778,0.145717666,0.707690716,0.30222851,0.935477734,-0.0266058445,0.771788299,0.0930193439,0.951608837
2316.666666666668,0.016801443,-0.613049388,-0.249363616,0.99977988,0.0278876536,-0.636092782,-0.241139233,0.999547958,0.0287810341,-0.637447655,-0.230159029,0.999483228,0.0269180145,-0.636409581,-0.232156053,0.999593258,0.00324001606,-0.644909,-0.256690502,0.99973,0.0045147147,-0.644183815,-0.269722074,0.999808967,0.00964537077,-0.632461905,-0.249686375,0.999847651,0.0573190041,-0.637510777,-0.128770366,0.999685824,-0.0757045,-0.5831725,-0.161628082,0.999566138,0.0412357971,-0.609750688,-0.199069545,0.999730051,0.00707562314,-0.572958767,-0.233423337,0.999778092,0.128984556,-0.496380568,0.0292739179,0.9999578,-0.1393971,-0.517105,-0.0387863889,0.999958,0.174359709,-0.287070036,0.113017008,0.693156302,-0.133731484,-0.258185625,-0.192931667,0.974654555,0.189118817,-0.0897909477,0.143731505,0.75120014,-0.0358966962,-0.338424295,-0.367020637,0.994814932,0.172207,-0.0560820028,0.163124502,0.778074324,0.012970225,-0.380529642,-0.435473979,0.992834926,0.160994887,-0.052938,0.143455222,0.788086593,0.0340757035,-0.442764103,-0.421521157,0.992957413,0.188224927,-0.0626951456,0.140003085,0.767298877,-0.0239878278,-0.367495596,-0.371498883,0.986829817,0.0886254609,-0.00904177409,0.0571979396,0.999974132,-0.0870263949,0.00580983749,-0.0526924133,0.999974072,0.18209371,0.383063763,0.00558231585,0.935641766,-0.0255298167,0.333878964,-0.0325922295,0.946828187,0.126973435,0.627860367,0.286064804,0.91966784,-0.053565748,0.700662136,0.197957441,0.96936,0.101237349,0.656607628,0.323396146,0.777490854,-0.05279148,0.734023,0.180292472,0.743728757,0.146036193,0.714147806,0.311650723,0.928579867,-0.0238407031,0.771726489,0.100908257,0.950122952
2333.3333333333344,0.0167492609,-0.613167703,-0.241483659,0.999690294,0.027855061,-0.636105061,-0.233737975,0.999396861,0.0287487898,-0.637477398,-0.222827852,0.999284506,0.0268909633,-0.636433959,-0.224943712,0.999442,0.00320257666,-0.644915819,-0.248931751,0.999650061,0.00447633909,-0.644194365,-0.261763871,0.999755383,0.00961184,-0.632458925,-0.24198696,0.999815643,0.0576925538,-0.637727082,-0.12257874,0.999559939,-0.0756454766,-0.583166,-0.152504221,0.999469161,0.0413554,-0.609879911,-0.191493168,0.999601781,0.00708656851,-0.573013902,-0.224897653,0.999688447,0.129247099,-0.496386886,0.0328073613,0.999943674,-0.139180854,-0.51739341,-0.0283791255,0.999955177,0.172542363,-0.287106901,0.107052267,0.638469458,-0.135182798,-0.261380255,-0.175868958,0.973766506,0.180297196,-0.0917689204,0.12825942,0.68998158,-0.0357358679,-0.346901953,-0.343714088,0.994808853,0.160691381,-0.0608994,0.144398868,0.719362855,0.0143741714,-0.389763206,-0.411845,0.992805541,0.150677547,-0.0598089099,0.124993041,0.7294361,0.0344580337,-0.453514934,-0.39613232,0.992852747,0.17915228,-0.0664298,0.124110609,0.708623171,-0.0241207369,-0.376848,-0.346838295,0.98641336,0.0886078104,-0.00901385583,0.0567750931,0.999973893,-0.0870192498,0.0057676048,-0.0522888713,0.999975085,0.181783915,0.384205282,0.00634946581,0.927733,-0.025581,0.333373457,-0.028547246,0.940376222,0.132547319,0.62894094,0.284080625,0.910379767,-0.052763097,0.695099294,0.20776169,0.96643424,0.107947946,0.65724051,0.320819944,0.761220038,-0.0520045832,0.727997601,0.190118268,0.727236331,0.151895195,0.714379489,0.308146626,0.919866562,-0.0215339195,0.765697777,0.10984733,0.945440531
2350.000000000001,0.0167054851,-0.614361644,-0.237368822,0.999641836,0.0277898796,-0.63711822,-0.229512542,0.999325931,0.0286547262,-0.63860327,-0.218513861,0.99919492,0.0268101096,-0.637496889,-0.22066246,0.999373257,0.00313402177,-0.645786107,-0.244637012,0.999607265,0.00437622238,-0.64511466,-0.257427603,0.999726772,0.00952588674,-0.633190393,-0.237753719,0.999797523,0.0576766618,-0.639391303,-0.11899931,0.999510586,-0.0756840333,-0.583626688,-0.148903757,0.999416232,0.0413391814,-0.611142814,-0.187495366,0.99953717,0.00705306744,-0.573874116,-0.220888153,0.999635577,0.129259825,-0.497251302,0.0348831639,0.999936879,-0.138884276,-0.517807305,-0.024654571,0.999952435,0.171599224,-0.287434369,0.110052057,0.59488976,-0.133801848,-0.26273796,-0.171232134,0.972610474,0.179485902,-0.0918621123,0.134385809,0.642405748,-0.0356939,-0.346503526,-0.337732196,0.994746149,0.160318509,-0.0604413934,0.152207211,0.675015867,0.0140357548,-0.389021695,-0.405459553,0.992725909,0.150420293,-0.0587929673,0.132506564,0.685583115,0.0336544812,-0.452065378,-0.389149189,0.992700219,0.178633243,-0.0661886707,0.130257145,0.664093912,-0.0244683716,-0.376201928,-0.340517402,0.985966504,0.0885916129,-0.0088773109,0.0565415,0.999973834,-0.0870131329,0.00560793886,-0.0520403907,0.99997586,0.179134354,0.390292674,0.00677109975,0.925396323,-0.0265535377,0.333326966,-0.0226501971,0.936248302,0.132641405,0.643364191,0.283072621,0.905717313,-0.0545091592,0.693583965,0.22259365,0.964697599,0.108125471,0.672502,0.319461375,0.750032544,-0.0540870689,0.726432264,0.205623716,0.716013312,0.151438981,0.736516714,0.305658877,0.915111125,-0.0237473082,0.765001,0.129848734,0.94261539
2366.6666666666674,0.0151030691,-0.614869893,-0.224115387,0.99953258,0.0259181857,-0.637525201,-0.216147915,0.999156773,0.026823232,-0.639083743,-0.205200166,0.998956323,0.0250929371,-0.638033688,-0.207715482,0.999216855,0.00159039663,-0.646207035,-0.231445491,0.999501944,0.00272890111,-0.645516336,-0.243705288,0.999642551,0.00792957377,-0.633492708,-0.224428639,0.999749422,0.0564778745,-0.641007483,-0.106659,0.999361694,-0.0765989944,-0.584452,-0.134736523,0.999254048,0.0400830172,-0.611935318,-0.174248636,0.999379873,0.00582450349,-0.574389756,-0.207210392,0.999499917,0.128440753,-0.498059273,0.0428029634,0.999924362,-0.13916333,-0.520186305,-0.00978759862,0.999945939,0.170327425,-0.28784883,0.113253981,0.554096222,-0.13510485,-0.267709166,-0.150568932,0.971812487,0.17692855,-0.0920778438,0.138631701,0.594187737,-0.0365046,-0.351874232,-0.307854444,0.994363904,0.157771647,-0.0601514429,0.15641889,0.625776827,0.0134999501,-0.394273937,-0.373630345,0.992028832,0.148857012,-0.0571021251,0.135918498,0.635958374,0.0329043828,-0.458891422,-0.358431518,0.991883278,0.176444218,-0.0659523308,0.134273171,0.614497483,-0.0253002197,-0.382499397,-0.310370654,0.984116614,0.0884563401,-0.00864219572,0.055254031,0.999973357,-0.0869131312,0.00539459893,-0.0508483835,0.999976218,0.167808756,0.397589475,0.00986472424,0.919421613,-0.0298138615,0.333938092,-0.0228460152,0.931159735,0.132680029,0.660751939,0.273333341,0.900508881,-0.0576266609,0.693640292,0.220946,0.961349845,0.108395629,0.690791786,0.306503594,0.734690785,-0.0576368,0.726498604,0.203904271,0.698296428,0.150882885,0.752499282,0.28600961,0.909156382,-0.0270526651,0.765559733,0.127363428,0.937942624
2383.333333333334,0.0108128693,-0.614927,-0.223123491,0.999468505,0.0221864823,-0.637515604,-0.214616209,0.999056041,0.0230428446,-0.639085174,-0.203656256,0.998811543,0.0213864073,-0.638034225,-0.206192777,0.999118567,-0.00260986737,-0.646209598,-0.228955701,0.999441326,-0.00162144017,-0.645522177,-0.241243511,0.999596059,0.00361766131,-0.633493,-0.221954688,0.999723136,0.0561694801,-0.640993357,-0.102880165,0.99926883,-0.0790222809,-0.584566951,-0.127077028,0.999157906,0.0375789404,-0.611981332,-0.172516584,0.99927938,0.0022553103,-0.574459255,-0.204495803,0.999417365,0.128483474,-0.497837901,0.0461665355,0.999913812,-0.140183181,-0.521885574,0.000684532162,0.999941051,0.17034933,-0.285481,0.117610641,0.521480858,-0.135569274,-0.270888239,-0.13838847,0.971245944,0.178346485,-0.0870346278,0.147240818,0.554892063,-0.037289869,-0.351025403,-0.301949441,0.994141936,0.15981622,-0.055200506,0.165383,0.585781872,0.0127285989,-0.392677,-0.368898273,0.991565466,0.150585115,-0.0505198389,0.144549668,0.595973551,0.0326614827,-0.4563829,-0.354531974,0.991339862,0.17789419,-0.0603234731,0.142985523,0.573844075,-0.0256692395,-0.38087827,-0.30493772,0.982850313,0.0884896293,-0.00821646582,0.0536149219,0.999973118,-0.0869904831,0.00504603423,-0.0491494536,0.999976695,0.163000733,0.405950159,0.00989471935,0.919326,-0.031252902,0.335168,-0.0220683571,0.929537356,0.130802736,0.673795164,0.270338386,0.901006281,-0.0625194386,0.693722546,0.226667076,0.960190535,0.10640645,0.704630196,0.303259611,0.729102612,-0.0634435341,0.726658583,0.210376084,0.688644409,0.143242314,0.767086625,0.276960075,0.908303678,-0.0357171819,0.766922593,0.132428586,0.936214268
2400.0000000000005,0.0100016426,-0.614899099,-0.222398475,0.999456227,0.0212542471,-0.637388,-0.214186117,0.999042273,0.022152,-0.63897115,-0.203213081,0.998798847,0.0206051283,-0.637972593,-0.205889866,0.999119878,-0.00323027209,-0.646128237,-0.229030743,0.999415219,-0.00221820432,-0.64543128,-0.241392955,0.999570191,0.00305516785,-0.633376241,-0.222025394,0.999703407,0.0554489791,-0.640962839,-0.104279734,0.999270678,-0.0791255459,-0.584562063,-0.129177511,0.999081671,0.0368866846,-0.611947715,-0.172232941,0.999267817,0.00177484262,-0.574447215,-0.204636544,0.999382913,0.128327653,-0.496984363,0.0433208644,0.999915719,-0.140961617,-0.522567928,0.00155389949,0.999933183,0.17085968,-0.285738647,0.111692272,0.535011,-0.136320859,-0.271477818,-0.135467917,0.969916284,0.179789737,-0.0875444189,0.139564887,0.572333038,-0.0380331948,-0.347667068,-0.294376045,0.993496656,0.161023125,-0.0543027744,0.153643668,0.59809953,0.0120369075,-0.387043923,-0.359314859,0.990641415,0.151803747,-0.0483929291,0.132823542,0.608577073,0.0321645774,-0.450906,-0.347779423,0.990340173,0.179219648,-0.0604165755,0.135057181,0.583532512,-0.0262688249,-0.377340347,-0.298278958,0.980968118,0.0884502083,-0.0079836,0.0525088347,0.999972701,-0.0869449899,0.00483559258,-0.0482322089,0.999975801,0.156246945,0.407920539,0.0109808436,0.917579412,-0.0326436274,0.335499,-0.0235526767,0.9271276,0.129042149,0.678991199,0.253562033,0.900397718,-0.0669035241,0.695793629,0.216265455,0.958243608,0.10487882,0.710068226,0.28400144,0.721591532,-0.0682709143,0.729064345,0.198867172,0.67794764,0.139151514,0.772289217,0.256035805,0.907159209,-0.0384136178,0.773147583,0.126089409,0.93389082
2416.666666666667,0.00998977199,-0.615146637,-0.223881721,0.999469757,0.0209537055,-0.637514412,-0.214879334,0.999066174,0.0218067933,-0.639133096,-0.204004034,0.99883014,0.0202988908,-0.638155401,-0.20665656,0.999145031,-0.00355206826,-0.646159053,-0.230110019,0.999424756,-0.00250793155,-0.645485163,-0.242656693,0.999575734,0.00273717,-0.633420646,-0.223166332,0.999705434,0.0549377,-0.641119063,-0.102571845,0.999292135,-0.0802761,-0.584405601,-0.129857853,0.999080837,0.0368851945,-0.612110376,-0.172991812,0.999287128,0.00168905617,-0.574516833,-0.20616433,0.999390602,0.128215536,-0.496789485,0.0447417758,0.999917865,-0.142381012,-0.522733867,-3.81926693e-005,0.999929309,0.170990244,-0.285910726,0.111029826,0.541886151,-0.136746779,-0.271090299,-0.138752371,0.969734848,0.186536267,-0.0898419768,0.135153309,0.587418,-0.0386151746,-0.345143795,-0.298359454,0.993198276,0.171000734,-0.0571495593,0.14985846,0.609296441,0.0115391994,-0.383701146,-0.363550961,0.990040481,0.160032257,-0.0506922901,0.129358426,0.620552838,0.0317314453,-0.447419703,-0.352385312,0.989673555,0.185820654,-0.0624189563,0.130756184,0.592746317,-0.0267213657,-0.374491155,-0.301689923,0.979459763,0.0884429067,-0.00775142247,0.0525261424,0.999971628,-0.0869523585,0.00464866078,-0.048248779,0.999974608,0.151535556,0.410079151,0.019404782,0.916583717,-0.0325598717,0.336895168,-0.0219445359,0.925326705,0.127062291,0.68391186,0.258606493,0.899199188,-0.0756179169,0.697238684,0.222884923,0.955944538,0.103387035,0.715628,0.288949788,0.71421504,-0.0776637495,0.730725527,0.206257716,0.664168358,0.136346042,0.77318269,0.259065896,0.905255735,-0.0457209,0.773071826,0.129790828,0.930502594
2433.3333333333335,0.00967064,-0.615825772,-0.228756562,0.99948144,0.0204036981,-0.638091207,-0.219321743,0.999086857,0.0212483034,-0.639721692,-0.208369955,0.998864472,0.0197909046,-0.638778269,-0.211177498,0.999171257,-0.00411071209,-0.646531463,-0.235000923,0.999428391,-0.00303016137,-0.645870268,-0.247891799,0.99957788,0.00217559398,-0.633792818,-0.228196844,0.999702632,0.0542680472,-0.64158237,-0.105510518,0.999318361,-0.0812336281,-0.584412098,-0.133510351,0.999070764,0.0366282649,-0.612595439,-0.176958799,0.999310434,0.0013181438,-0.574923158,-0.210971579,0.999399185,0.128164276,-0.496779829,0.0420354418,0.999921203,-0.14538075,-0.522715867,-0.00089046557,0.999924362,0.171371892,-0.287885964,0.105390452,0.561361969,-0.143001512,-0.270602614,-0.139366686,0.969650388,0.192596838,-0.0968353078,0.114113986,0.616303205,-0.0397903919,-0.343710572,-0.300765306,0.993066967,0.18055287,-0.0642651245,0.124318652,0.63523227,0.0114080738,-0.379964441,-0.365922272,0.989821,0.167402774,-0.0580696762,0.103189334,0.646585763,0.0314796232,-0.445109695,-0.356446207,0.989439905,0.191806108,-0.069216907,0.108441368,0.618281305,-0.0271255728,-0.373144925,-0.304662526,0.978928685,0.0884560421,-0.00768753514,0.0525359623,0.999970078,-0.0869756,0.00457788305,-0.0482682101,0.999972403,0.144165128,0.409417748,0.0285649337,0.916177392,-0.0331106372,0.336839855,-0.0141377952,0.924091637,0.123396277,0.687235296,0.262597352,0.900485456,-0.0834196582,0.698825121,0.227327153,0.955382228,0.100420378,0.719320536,0.292434424,0.712129,-0.0858759731,0.732473969,0.210302845,0.65756923,0.134051189,0.77288729,0.261501819,0.906267464,-0.0541430376,0.772987127,0.131914213,0.929718137
2450.0,0.00774108479,-0.616984069,-0.241569236,0.999512911,0.0187315,-0.638800442,-0.231749371,0.99914211,0.0195661,-0.640386283,-0.220771343,0.998939335,0.0181419589,-0.639500439,-0.223644227,0.999225736,-0.00602415064,-0.647206843,-0.246679708,0.999456406,-0.00483521,-0.646574914,-0.259964585,0.999598,0.000298943516,-0.634555876,-0.23992078,0.999712765,0.0541052669,-0.641577,-0.117317297,0.99936682,-0.0818492174,-0.584409237,-0.141602814,0.999102652,0.0356057733,-0.61328572,-0.189611,0.999357939,-9.21906758e-005,-0.575772345,-0.223131448,0.9994331,0.128247768,-0.496303946,0.0287665389,0.999926567,-0.14713721,-0.522606969,-0.00447108597,0.99992156,0.171571136,-0.289398789,0.0911384,0.594161391,-0.149668679,-0.268547297,-0.144177496,0.969188809,0.202435032,-0.0994553,0.091590248,0.651012301,-0.041190017,-0.335216612,-0.316121668,0.992896676,0.19411777,-0.0657566339,0.0994171873,0.66745156,0.0112773636,-0.366163015,-0.381926,0.989630282,0.178421259,-0.0590224341,0.0781108364,0.678146482,0.0312237833,-0.431892604,-0.374300063,0.989244163,0.201464042,-0.0710872188,0.0855737329,0.651325524,-0.0272525605,-0.363703102,-0.321239144,0.978558481,0.0885155201,-0.00762908,0.0525486656,0.999969,-0.0870294645,0.00451464672,-0.0482980646,0.9999699,0.1368182,0.40871793,0.0367249064,0.918090403,-0.0339072496,0.336066902,-0.0129485168,0.925749779,0.120711707,0.686233401,0.270669341,0.90422368,-0.0851188526,0.698954344,0.226449326,0.956273615,0.098626,0.718289137,0.301062375,0.716860831,-0.0870728865,0.732572377,0.209310681,0.658057928,0.132774904,0.77078104,0.265915036,0.909502,-0.0547260866,0.772918046,0.130993515,0.930901587
2466.6666666666665,0.00563068222,-0.617089212,-0.249296248,0.999530852,0.016564358,-0.63882947,-0.23991552,0.999170899,0.0174081177,-0.640408933,-0.228921294,0.998984039,0.0160155948,-0.639528275,-0.231802344,0.999259591,-0.00811207853,-0.647233307,-0.25421384,0.999464154,-0.0068552196,-0.646602,-0.267442554,0.999603152,-0.00174345297,-0.634595156,-0.247385636,0.999711156,0.053547252,-0.641495883,-0.126151428,0.999399424,-0.0823556483,-0.584324598,-0.147381753,0.999092281,0.0343696773,-0.613351643,-0.197401375,0.999391556,-0.00137145515,-0.575872958,-0.230246395,0.999451876,0.128734261,-0.496229947,0.021513585,0.999931276,-0.148967847,-0.522579849,-0.00586397154,0.999917746,0.174639866,-0.291132927,0.0885689706,0.623500884,-0.156511486,-0.26302141,-0.144779369,0.967826068,0.213157415,-0.100710966,0.0923120379,0.681805611,-0.0470008813,-0.316270083,-0.323140681,0.992254376,0.206424922,-0.0665835217,0.100831784,0.69563067,0.00681604957,-0.343813688,-0.390004784,0.988793671,0.189943045,-0.0594286583,0.0794549,0.705806136,0.029156873,-0.409815311,-0.382900715,0.988399565,0.212330073,-0.0718688071,0.0864329636,0.680056334,-0.0309718717,-0.343950182,-0.328942746,0.976930141,0.0885561481,-0.00750416284,0.0525764897,0.99996841,-0.0870706216,0.00440699328,-0.0483349934,0.999968,0.134466857,0.410570979,0.0381027758,0.919831693,-0.0351130329,0.336048096,-0.0132335117,0.926954865,0.119681336,0.688207209,0.272318393,0.907733679,-0.0894740671,0.699751794,0.225697502,0.956974268,0.098077,0.720217168,0.302883327,0.721350312,-0.0912023187,0.733354926,0.208533809,0.657280385,0.133033261,0.771006763,0.26701358,0.912531,-0.0570329688,0.772897124,0.130742505,0.931818485
2483.333333333333,0.00420129113,-0.617144167,-0.26456359,0.999532282,0.0154504059,-0.638870895,-0.255750358,0.999172926,0.0163328554,-0.640430212,-0.24452047,0.998998821,0.0149189718,-0.639567673,-0.247617751,0.999271095,-0.00930796191,-0.647274852,-0.2701841,0.999448538,-0.00799235329,-0.646639,-0.283412188,0.99958986,-0.00293613761,-0.634660304,-0.263157964,0.999693692,0.0532699376,-0.641517401,-0.141390577,0.999416292,-0.0827556103,-0.58447361,-0.162027955,0.999036968,0.0332004502,-0.613455534,-0.21196273,0.999406099,-0.00254317094,-0.576064706,-0.24495855,0.999447763,0.129044294,-0.496698529,0.00845000055,0.999934435,-0.15155381,-0.522646785,-0.0144041972,0.999907732,0.17982915,-0.295552105,0.0757672414,0.650390089,-0.164478555,-0.257252574,-0.150867894,0.96639061,0.225574806,-0.104626618,0.0798075423,0.709192812,-0.0528846271,-0.300609231,-0.333045,0.991294444,0.22067298,-0.0703941882,0.0871620327,0.720434844,0.0022852493,-0.326485217,-0.401306242,0.98749119,0.204159141,-0.0622446574,0.0646501854,0.730175436,0.0266418494,-0.394234478,-0.394308388,0.987086892,0.225340486,-0.0748731196,0.0731901452,0.705240548,-0.0352252573,-0.328546941,-0.339569896,0.974399269,0.088580437,-0.00749794859,0.0524455607,0.999967217,-0.0870932,0.00440054759,-0.0482403263,0.999965131,0.132064298,0.410292,0.0428687334,0.922802389,-0.0409415215,0.33632341,-0.0125621222,0.929478109,0.119724184,0.694272816,0.271541327,0.912966192,-0.0937896818,0.703666329,0.223469496,0.958489299,0.0981048718,0.727525234,0.301465482,0.729712486,-0.095476456,0.737350941,0.205777586,0.662313819,0.133572206,0.778744221,0.262643367,0.916771114,-0.0652668327,0.777821,0.126591966,0.933773577
2499.9999999999995,0.00462317886,-0.617873132,-0.276725799,0.999548197,0.0156937223,-0.63961941,-0.267845601,0.999200225,0.0165905952,-0.641052067,-0.256560951,0.999041557,0.0151585899,-0.640258849,-0.259616107,0.999301434,-0.0089714881,-0.647852838,-0.283448219,0.999457538,-0.00759621896,-0.647203386,-0.296752065,0.999596238,-0.00256219343,-0.635298133,-0.276287675,0.999692678,0.0532544553,-0.641761601,-0.154186636,0.999447703,-0.082569018,-0.584540725,-0.179403141,0.999039173,0.0334079377,-0.614076495,-0.224006206,0.999437869,-0.00214945432,-0.576699436,-0.258568,0.999467492,0.129515693,-0.496974736,-0.00367440167,0.999938548,-0.152471513,-0.522515059,-0.0309461933,0.999904275,0.183460116,-0.299500257,0.0662741587,0.676517606,-0.166697428,-0.249560028,-0.164594203,0.965258598,0.235140026,-0.109989449,0.0708148777,0.734838188,-0.0552036352,-0.284213036,-0.346400917,0.990642846,0.231607333,-0.0756918117,0.078708306,0.744029343,0.000211808612,-0.307743698,-0.414690703,0.986681938,0.215764865,-0.0678248703,0.0556246266,0.753281295,0.02573088,-0.376205474,-0.40781942,0.986282587,0.235546231,-0.0800869167,0.063900426,0.729513347,-0.0368629768,-0.312160105,-0.353240728,0.97279942,0.0886208266,-0.00748603931,0.0525950678,0.999966204,-0.087131381,0.00438673748,-0.0484561883,0.999962449,0.129077479,0.410128832,0.0502810404,0.925951838,-0.0411810391,0.335430175,-0.0127540054,0.932510614,0.118767597,0.693475902,0.273573458,0.917953193,-0.0942544937,0.703841209,0.220300183,0.960209489,0.0975829139,0.726523519,0.30317387,0.739511847,-0.0958200172,0.737477422,0.202382192,0.669200182,0.133752316,0.777164161,0.263109654,0.920972466,-0.0651226863,0.777641535,0.121978335,0.936008811
2516.666666666666,0.00522302743,-0.620479703,-0.278601676,0.999544621,0.0162201244,-0.642509699,-0.269615293,0.999193192,0.0171277542,-0.643724144,-0.258291811,0.999046087,0.0156707503,-0.643070936,-0.261431098,0.999301136,-0.00822524633,-0.650562286,-0.286212087,0.999440968,-0.00680543715,-0.64988023,-0.299490303,0.999585,-0.00173294719,-0.638036132,-0.278975099,0.99967742,0.0530391857,-0.643851519,-0.156403467,0.999457359,-0.082303226,-0.586727679,-0.185306579,0.999005497,0.033469554,-0.616551042,-0.225751877,0.999447763,-0.00182561169,-0.579318225,-0.261518091,0.999464869,0.129671082,-0.498835146,-0.00457965257,0.999940515,-0.152880296,-0.523472488,-0.0409628302,0.999899805,0.18826513,-0.304977626,0.0625965148,0.695951343,-0.168167382,-0.246576518,-0.174228027,0.964702845,0.252610922,-0.115940608,0.0633378923,0.755650222,-0.0580537319,-0.269822806,-0.357285351,0.990171194,0.25325,-0.0821020752,0.0707250312,0.762606442,-0.00341699063,-0.290410221,-0.427690744,0.986132681,0.240310028,-0.0739654079,0.0457462296,0.771696746,0.0247683506,-0.36012727,-0.420537144,0.985750616,0.255033,-0.0857043862,0.0551195331,0.748511732,-0.0388148837,-0.297651678,-0.36441803,0.971620619,0.088514559,-0.00745452801,0.052824568,0.999964952,-0.0870393962,0.00434226403,-0.0487514511,0.999960184,0.122933805,0.407088757,0.057960216,0.929033518,-0.0424424931,0.335417539,-0.00953964423,0.935519755,0.113207899,0.695910633,0.27295953,0.922806561,-0.0970764309,0.705867708,0.21325925,0.962159514,0.0923469737,0.729767561,0.301666945,0.749562323,-0.0987652913,0.739526093,0.193595052,0.679588735,0.131335691,0.779875219,0.26138556,0.925039649,-0.0697951615,0.77770406,0.111799411,0.938642323
2533.3333333333326,0.00628682179,-0.623264849,-0.278727114,0.99956125,0.0170219764,-0.645772219,-0.2697438,0.999219894,0.0179424845,-0.646897733,-0.258401275,0.999083221,0.016472986,-0.646333873,-0.261599064,0.999326527,-0.00705310237,-0.653668106,-0.28734383,0.999456346,-0.00550968526,-0.652939439,-0.300585628,0.999596775,-0.000393423223,-0.641157448,-0.280096263,0.999683321,0.0519207045,-0.646098435,-0.15774554,0.999480128,-0.0820539221,-0.588473,-0.191146612,0.999031901,0.0335452482,-0.619081736,-0.226111442,0.999474525,-0.00119537604,-0.581627786,-0.26300624,0.999486446,0.129515111,-0.499420971,-0.00482676458,0.999943316,-0.152940556,-0.523735,-0.0528756864,0.999901831,0.189701587,-0.305989951,0.0621421114,0.709616542,-0.170321018,-0.245348886,-0.18841289,0.964620233,0.258969516,-0.118017957,0.0630692318,0.77383852,-0.0664933398,-0.256001174,-0.370058358,0.990201592,0.260981232,-0.0838931352,0.0712231845,0.77930814,-0.0154830404,-0.271986365,-0.441123605,0.986293674,0.248547688,-0.0765074268,0.0455566682,0.788363516,0.0182884131,-0.338831812,-0.434044629,0.985949755,0.261967212,-0.0881368145,0.0545527674,0.765783608,-0.0462297499,-0.281965762,-0.37740308,0.971935332,0.0883568674,-0.00743093155,0.0540294908,0.999963939,-0.0868705213,0.00427747,-0.0501361899,0.999958754,0.119662642,0.406695783,0.0624365769,0.928745,-0.0432999916,0.335057616,-0.016472809,0.936804771,0.108436279,0.699409604,0.269141436,0.926080704,-0.101248987,0.707036316,0.192605108,0.96343,0.0874533132,0.733538032,0.29616645,0.755477667,-0.103276819,0.740594506,0.172124594,0.685527205,0.128701106,0.782101691,0.256047934,0.928183258,-0.0727097094,0.778004229,0.0893261656,0.940638363
2549.999999999999,0.00845499057,-0.626122713,-0.280113786,0.999577165,0.018746743,-0.648701,-0.270746201,0.999245524,0.0197018,-0.649721742,-0.259445071,0.999117196,0.0182061195,-0.649268329,-0.262708813,0.999349535,-0.00494650891,-0.656402349,-0.289182127,0.999472499,-0.00331933168,-0.655626953,-0.302350849,0.999608815,0.0018851381,-0.643851638,-0.281849295,0.999690711,0.051779218,-0.64791286,-0.158813015,0.999499857,-0.0813464746,-0.58965528,-0.194885492,0.999061525,0.0343159586,-0.621513724,-0.227274165,0.999500453,0.000319187355,-0.583887219,-0.265146315,0.999509096,0.129619658,-0.499790847,-0.00542740151,0.9999457,-0.152909696,-0.524538219,-0.0582691543,0.999904811,0.192222401,-0.308294833,0.0600796901,0.722960532,-0.170932576,-0.245741308,-0.190104663,0.965223193,0.265196115,-0.123538025,0.0586147681,0.790080786,-0.067387633,-0.246669695,-0.369326591,0.990355,0.267512798,-0.0896106064,0.0666951239,0.79394424,-0.0167701412,-0.258723348,-0.440284342,0.986548901,0.256046176,-0.0829043686,0.0400126949,0.802952707,0.0182036143,-0.324973375,-0.433779955,0.986245632,0.26855284,-0.0940507874,0.0496643409,0.780823529,-0.0467287302,-0.271801531,-0.376674652,0.97240752,0.0882704854,-0.00734763453,0.0549288467,0.999963224,-0.0867850706,0.00415516132,-0.0511874333,0.999958038,0.119248167,0.405538738,0.0718562528,0.930071473,-0.0436615497,0.333807826,-0.0198835023,0.939558685,0.107951283,0.698973954,0.271208614,0.930098891,-0.103924803,0.707093954,0.1871178,0.965175211,0.086913541,0.732957959,0.297531217,0.764011145,-0.106125645,0.740629196,0.166973501,0.694518,0.128634959,0.781469047,0.256293982,0.931865096,-0.0744923577,0.777932346,0.0832144246,0.943294525
2566.6666666666656,0.00837183092,-0.626078069,-0.285424888,0.999594748,0.0187523589,-0.648621261,-0.276562214,0.999270856,0.0197165422,-0.649642587,-0.265161455,0.999148786,0.0182230193,-0.649199307,-0.268736,0.999373913,-0.00493668905,-0.656550884,-0.29582271,0.999488175,-0.0033055481,-0.655681849,-0.308720738,0.999618411,0.00191479875,-0.643867,-0.28838703,0.999697447,0.050997328,-0.647846699,-0.166460663,0.999515176,-0.0813532099,-0.590121031,-0.203696445,0.999081194,0.0338454358,-0.621475577,-0.232396021,0.999520957,0.000153610759,-0.5839293,-0.270595,0.999526143,0.12953046,-0.499420285,-0.0155167617,0.999947786,-0.152904674,-0.52570796,-0.0639571249,0.999907494,0.196472511,-0.309332728,0.0457271971,0.735985339,-0.173834071,-0.248142391,-0.188585371,0.965082824,0.27298218,-0.126079142,0.0492765978,0.803700089,-0.0731195435,-0.228427067,-0.35050565,0.99008733,0.276879042,-0.0920537338,0.0576461107,0.805476844,-0.0225627795,-0.232156903,-0.417302519,0.986316621,0.265061587,-0.0857128501,0.0303302668,0.814635217,0.015938798,-0.294663429,-0.415540636,0.986088693,0.276790202,-0.0971711427,0.0399389751,0.792817593,-0.0509194173,-0.251256049,-0.359161615,0.97225678,0.0881666094,-0.00705051189,0.0549750477,0.999961793,-0.0866361707,0.00377292326,-0.0513651334,0.999956429,0.115454301,0.405407667,0.0682179,0.92796123,-0.047273498,0.32966575,-0.0275901649,0.939506948,0.104856104,0.704102099,0.253189117,0.931702733,-0.108610466,0.706822336,0.170172855,0.965571344,0.0836067498,0.738149583,0.277143329,0.764535546,-0.111456454,0.740385771,0.148872316,0.693523049,0.126576692,0.786982715,0.238038957,0.933558285,-0.079302609,0.778157353,0.0662786,0.944243491
2583.333333333332,0.00921618473,-0.625902176,-0.286487103,0.999604344,0.0196030308,-0.648555577,-0.277537346,0.99927628,0.0206967909,-0.649558067,-0.266181469,0.999160707,0.0192102939,-0.64914149,-0.269769698,0.999382,-0.00373082631,-0.656475306,-0.29731828,0.99949,-0.00203793449,-0.655628383,-0.310096532,0.999618948,0.00328246481,-0.64379847,-0.289852798,0.999695778,0.0507595353,-0.64779067,-0.167273819,0.999521852,-0.0810502842,-0.590231478,-0.206336737,0.999085486,0.033996325,-0.621356845,-0.233228058,0.999536693,0.00062947697,-0.583859861,-0.27189213,0.999539316,0.129542395,-0.499339253,-0.0177817531,0.999949872,-0.153162897,-0.526707947,-0.064465,0.999909639,0.202004522,-0.310708433,0.0391261727,0.750598967,-0.178218827,-0.248505354,-0.185089454,0.964898,0.280476481,-0.130877152,0.0378626846,0.81784147,-0.080308266,-0.207948327,-0.336450487,0.989807248,0.285076469,-0.0975406691,0.0444093831,0.818127,-0.0301529858,-0.206164747,-0.40206793,0.986076355,0.271815,-0.0925607607,0.0171775352,0.827192068,0.0114383874,-0.267201364,-0.402534068,0.985925615,0.283964217,-0.102661237,0.0281120017,0.806038201,-0.0568194948,-0.228955448,-0.345869958,0.972065151,0.0881476775,-0.00678629661,0.0550625585,0.99996,-0.0865894184,0.00347044086,-0.0515773818,0.999954104,0.111478522,0.405230194,0.0668130219,0.928632796,-0.0476102754,0.325848699,-0.0352797396,0.940810621,0.100602269,0.706949,0.246691853,0.934227884,-0.110081382,0.706634045,0.162665725,0.966419816,0.079198882,0.740716696,0.270924151,0.768195748,-0.113279678,0.740246058,0.141605914,0.69540447,0.120963544,0.789857209,0.232649654,0.935822785,-0.0826496482,0.778152525,0.0588408336,0.945532
2599.9999999999986,0.00922226626,-0.627938509,-0.284496605,0.999608755,0.0196808819,-0.650059044,-0.274695188,0.999257,0.0208554268,-0.650971711,-0.263507187,0.999142766,0.0193850528,-0.650635242,-0.267530978,0.99936837,-0.0035873875,-0.658529639,-0.296873093,0.999478877,-0.00185310072,-0.657460451,-0.309317648,0.99960947,0.00355250505,-0.645519137,-0.289309263,0.999687,0.0499458387,-0.648038387,-0.165821731,0.999498725,-0.0810712129,-0.592050552,-0.203203648,0.9990623,0.0337155163,-0.62301451,-0.230769679,0.99954021,0.00055516779,-0.585899532,-0.27153635,0.999543667,0.12920408,-0.498744756,-0.0159009285,0.999951,-0.15388684,-0.5301494,-0.0621792898,0.999912918,0.204044685,-0.314002305,0.0319812819,0.758826137,-0.18858102,-0.25458321,-0.167589098,0.963607132,0.286916614,-0.142247766,0.0128625305,0.82897383,-0.0924944207,-0.191932991,-0.304237247,0.989274621,0.294131756,-0.10847047,0.0134748574,0.828205466,-0.0421589613,-0.180965975,-0.366707772,0.985734761,0.278343081,-0.104848027,-0.0132270278,0.837428749,0.0048343055,-0.239066049,-0.370846152,0.985697091,0.289741158,-0.115086511,0.002064934,0.816695213,-0.0666045099,-0.210348606,-0.314634115,0.971857131,0.0879919231,-0.00635181507,0.0557012483,0.999955475,-0.0863214657,0.00292876619,-0.0525829084,0.999949396,0.102103,0.405085862,0.0661852732,0.916083813,-0.0486831106,0.323766291,-0.0452342182,0.935157478,0.0928683504,0.719712317,0.225849018,0.928829491,-0.115971573,0.708838403,0.127343565,0.963815331,0.0719157457,0.754404902,0.247532934,0.754751265,-0.119909972,0.742638528,0.103187412,0.679392159,0.115478218,0.794910252,0.209306166,0.93225807,-0.0854810849,0.778863,0.0188564714,0.942527294
2616.666666666665,0.00934885629,-0.62918,-0.273118198,0.99963057,0.0203578826,-0.650963843,-0.260962158,0.999287784,0.021634791,-0.651909232,-0.250003189,0.99917978,0.0201627,-0.651535153,-0.254180223,0.99939245,-0.00296570314,-0.659832239,-0.284487545,0.999502838,-0.00121776876,-0.658755779,-0.296811551,0.999628,0.00433279434,-0.646809,-0.277113646,0.999700487,0.0497298911,-0.648216248,-0.147206947,0.999516189,-0.0811799616,-0.594790518,-0.19351162,0.999110281,0.033559721,-0.623838544,-0.218277752,0.999568164,0.000394225208,-0.587523103,-0.260673165,0.999572933,0.129141599,-0.498492479,-0.00179967284,0.999952674,-0.158748552,-0.533259273,-0.0561188497,0.999917805,0.205626503,-0.314741224,0.0359762,0.770874798,-0.195583969,-0.257550567,-0.150315598,0.964451909,0.292721212,-0.151193619,0.00133573764,0.842267692,-0.105292663,-0.175742224,-0.297983408,0.989570558,0.301784575,-0.117872275,-0.00312779122,0.841132104,-0.0573694482,-0.157756016,-0.363600373,0.986273646,0.285531253,-0.11617244,-0.0309548639,0.850051,-0.00504046679,-0.214445248,-0.368575484,0.986295879,0.29535085,-0.124601334,-0.0108593684,0.830397,-0.0776170492,-0.19131346,-0.309049964,0.973062396,0.0881701261,-0.00627531763,0.0563440621,0.999954462,-0.0864300206,0.00284495,-0.0533106104,0.9999488,0.102120653,0.404652297,0.0648562759,0.915883899,-0.049103003,0.323057681,-0.0435473286,0.936358869,0.0923540667,0.719944417,0.23121053,0.930554092,-0.115941592,0.708767593,0.14015469,0.964468062,0.0713764578,0.75483644,0.254902184,0.756752133,-0.119651206,0.742548585,0.117476307,0.67935729,0.114790328,0.795221031,0.217482239,0.934144855,-0.0860916376,0.778835297,0.0333285965,0.943544507
2633.3333333333317,0.0106929671,-0.632078946,-0.263836473,0.999652922,0.0221657176,-0.653327584,-0.250748396,0.999319434,0.0237041656,-0.654224,-0.240003869,0.999216795,0.0222300645,-0.653821588,-0.244163841,0.999418,-0.00102277612,-0.662352443,-0.275172859,0.999529243,0.000660146936,-0.66111517,-0.287150562,0.999648035,0.00651781121,-0.648987591,-0.267743647,0.999716878,0.0498528183,-0.649295628,-0.136617139,0.999531925,-0.0809822455,-0.596629202,-0.187272131,0.999161839,0.0341100693,-0.626209676,-0.208609343,0.999595582,0.0009854401,-0.590025246,-0.251639307,0.999602377,0.130371273,-0.498472899,0.00485297292,0.999954462,-0.159275979,-0.534805298,-0.0498425625,0.999923825,0.213199988,-0.317950219,0.0377465673,0.781098962,-0.196330026,-0.258298755,-0.120877139,0.966275692,0.304893672,-0.16376619,-0.00277276873,0.853217602,-0.112698443,-0.153450757,-0.248625845,0.990162253,0.315308541,-0.132544637,-0.00718485238,0.851505637,-0.0659431443,-0.130494401,-0.308947325,0.987099528,0.298873812,-0.133148819,-0.0349345841,0.860294938,-0.0147916311,-0.182900533,-0.318728834,0.987157404,0.307468474,-0.139107302,-0.0153907454,0.841550946,-0.0855270475,-0.166859493,-0.260756522,0.97482115,0.0883130655,-0.00596346939,0.056799449,0.999953806,-0.0864980072,0.00249168207,-0.0539963841,0.999949396,0.102735274,0.404557198,0.0639506876,0.915330768,-0.0488121174,0.322287351,-0.0430918224,0.937810481,0.0887696072,0.726342,0.232075229,0.930400252,-0.11539609,0.711546779,0.132415026,0.965150952,0.0678031072,0.761750162,0.255625516,0.754867136,-0.11922209,0.745822072,0.108146951,0.679032266,0.113487497,0.798805892,0.219174057,0.934872687,-0.0857545137,0.780483067,0.0219791103,0.944868088
2649.999999999998,0.0130103603,-0.636121869,-0.255949795,0.999679267,0.0242176298,-0.657227397,-0.2411744,0.999364138,0.0260852836,-0.658068955,-0.230644971,0.99926722,0.0245839562,-0.657703698,-0.234902903,0.999455035,0.000958454388,-0.665862918,-0.266854584,0.999562919,0.00267079379,-0.664522529,-0.278862238,0.999672532,0.00861527119,-0.652266085,-0.259457886,0.999736607,0.0500729941,-0.651973903,-0.124814287,0.999554753,-0.0809822381,-0.598097444,-0.179503173,0.999220431,0.0356996357,-0.629723907,-0.199764401,0.999623477,0.00226737885,-0.592995346,-0.243594095,0.999631643,0.130798638,-0.498552531,0.0152271306,0.99995631,-0.159035727,-0.535712481,-0.0470673777,0.999929249,0.21427308,-0.321158946,0.0368769467,0.786655545,-0.19529672,-0.259212,-0.112517089,0.967623889,0.307440281,-0.182338044,-0.0189301,0.863065958,-0.119960092,-0.132395163,-0.21835117,0.990391791,0.318648636,-0.153463289,-0.025371246,0.86129564,-0.0765500069,-0.100950651,-0.27306816,0.987438321,0.301433027,-0.15612939,-0.0526720211,0.869947195,-0.0265381876,-0.147937402,-0.285065949,0.987558365,0.309867084,-0.159640715,-0.0320754163,0.852100194,-0.0940123,-0.142106608,-0.230684653,0.975831747,0.0882979184,-0.00569712836,0.058504153,0.99995333,-0.0864199549,0.0021945606,-0.0561556518,0.99995,0.101869754,0.403359473,0.0641668737,0.907845378,-0.0487746485,0.321460128,-0.0501925573,0.93753618,0.0812521204,0.729014277,0.228917897,0.929223657,-0.117951468,0.715121627,0.102283485,0.965412736,0.0599138699,0.764674306,0.250647783,0.752788067,-0.122295126,0.749823689,0.0758204311,0.677529216,0.111089319,0.798321724,0.214542761,0.934895635,-0.0871473,0.783142388,-0.0113292355,0.945677578
2666.6666666666647,0.0141558154,-0.63755995,-0.248259127,0.999704242,0.0255245212,-0.658445597,-0.23259607,0.999407828,0.0275418479,-0.659315586,-0.22223793,0.999316454,0.0260035172,-0.658892572,-0.226324454,0.999490917,0.00217815395,-0.66683656,-0.2583538,0.999595881,0.00385668944,-0.66557914,-0.270425469,0.999696851,0.00985574,-0.653300762,-0.251037717,0.999756217,0.0503928661,-0.652588725,-0.114478372,0.999579668,-0.080968529,-0.598507881,-0.169270471,0.999279618,0.0366189815,-0.63057071,-0.191919029,0.999652565,0.00289678597,-0.593938291,-0.235475391,0.999661744,0.132486105,-0.498309225,0.023931019,0.999958277,-0.159888044,-0.535634577,-0.038443245,0.999934614,0.217414856,-0.322875112,0.0337533653,0.795768738,-0.198533371,-0.257118851,-0.105344482,0.969321191,0.309722662,-0.203099146,-0.0428299606,0.8737427,-0.135689,-0.112519145,-0.222704709,0.990867078,0.320592582,-0.178132772,-0.0547903627,0.871992946,-0.0959485099,-0.0773518607,-0.279581845,0.988059,0.301624775,-0.185057789,-0.0821263418,0.880279541,-0.0450836681,-0.122205742,-0.292719126,0.988218069,0.31112051,-0.182584405,-0.0569311865,0.863475263,-0.109947972,-0.119784564,-0.2356828,0.977215111,0.0886220932,-0.00550262211,0.0587079786,0.999953687,-0.0866396055,0.00201691757,-0.0563993268,0.999951482,0.10170833,0.402900636,0.0635048449,0.906143427,-0.0476548895,0.321357846,-0.0500329696,0.938813448,0.0768874288,0.72737968,0.230858639,0.929826856,-0.117386401,0.714908957,0.110152274,0.966181755,0.0550288893,0.762774706,0.253552914,0.75395751,-0.121439159,0.74952513,0.0849958882,0.680096567,0.103879116,0.79768616,0.217547,0.936102152,-0.0867569521,0.78249532,-0.0026930403,0.947100341
2683.333333333331,0.014072286,-0.637305439,-0.248531,0.999724865,0.0255200714,-0.658317804,-0.233153775,0.999440849,0.0275533404,-0.659217596,-0.222780585,0.999352276,0.0260136873,-0.65880239,-0.226809129,0.999515951,0.00215399032,-0.66672045,-0.258293718,0.999623,0.00383049319,-0.665475368,-0.270542264,0.999716699,0.009818241,-0.653204143,-0.251044929,0.999772489,0.050885912,-0.652286947,-0.11531689,0.999593,-0.0812591463,-0.598464787,-0.167191491,0.999330044,0.036609035,-0.63033694,-0.192229852,0.999674559,0.00271200668,-0.593782902,-0.235007584,0.99968642,0.133626074,-0.497311532,0.023561107,0.999958754,-0.160864905,-0.53553772,-0.0369340181,0.999939263,0.219128,-0.323612899,0.00911048427,0.798214376,-0.200157419,-0.253760874,-0.101503268,0.970914781,0.308000565,-0.218997642,-0.0930081233,0.881371439,-0.144872695,-0.0950935334,-0.211607546,0.991361141,0.31840691,-0.19810991,-0.10908781,0.88010031,-0.106614895,-0.0575041249,-0.26680541,0.988687515,0.29812187,-0.206987545,-0.135008946,0.888276756,-0.0573563911,-0.100733109,-0.28260994,0.988882184,0.308762103,-0.2004271,-0.107434981,0.872025728,-0.12038184,-0.101013489,-0.225512683,0.978585899,0.0888720676,-0.005327194,0.0587375723,0.999952376,-0.0868106,0.0018250813,-0.0564759076,0.999951959,0.10098774,0.399902433,0.0622675493,0.899309695,-0.0475644283,0.320148736,-0.0493694544,0.937734306,0.0749899745,0.725981653,0.226682484,0.928016782,-0.116796814,0.711941421,0.114846885,0.964903712,0.0530349165,0.761177957,0.248475596,0.750705063,-0.121030018,0.745780468,0.0901326835,0.672684312,0.103561014,0.795483768,0.210985109,0.935125768,-0.0863904431,0.777538836,0.00385930948,0.945503354
2699.9999999999977,0.0141311353,-0.634395778,-0.248645917,0.999728799,0.0260782223,-0.655076146,-0.233716071,0.99941951,0.0282820221,-0.655783236,-0.223374739,0.999325275,0.0267110597,-0.655390084,-0.227378562,0.999493778,0.00261880131,-0.663796782,-0.258181602,0.99962157,0.00431563705,-0.66259867,-0.270586938,0.999713957,0.0102294488,-0.650173724,-0.250998735,0.999771297,0.0538300388,-0.647943437,-0.117363535,0.999560714,-0.0799861476,-0.597375512,-0.165751621,0.999337912,0.036984317,-0.626156,-0.19290705,0.999677122,0.0028647217,-0.591325045,-0.234728947,0.999696612,0.137913346,-0.491392702,0.0175844748,0.999958217,-0.161368757,-0.532843411,-0.0341488533,0.999942362,0.224323168,-0.323357135,-0.0441200361,0.803924739,-0.200691953,-0.244487941,-0.0939456448,0.971768141,0.306033731,-0.231954336,-0.171097606,0.888613045,-0.156553358,-0.0768848285,-0.195843875,0.991603196,0.315994412,-0.212938964,-0.192851469,0.887855768,-0.120310768,-0.0357096083,-0.248053253,0.989001274,0.294588238,-0.223433435,-0.216733113,0.89582628,-0.072944425,-0.0772409216,-0.267048091,0.989258,0.306000441,-0.214606941,-0.185542405,0.880117893,-0.133251771,-0.0815301314,-0.211233333,0.979499817,0.0894124955,-0.00506804045,0.0576652214,0.999951243,-0.0872016698,0.00156022119,-0.0556238852,0.999952078,0.101106904,0.399841905,0.0470633321,0.886544526,-0.0464028232,0.319294095,-0.0507146828,0.933521152,0.0765010789,0.725502,0.219350144,0.921474397,-0.104434721,0.711899,0.106460482,0.961519778,0.0545582585,0.760361195,0.241275653,0.736568213,-0.107243083,0.745649755,0.0806804523,0.655388951,0.106009223,0.793822825,0.204977542,0.929220438,-0.0769163594,0.776079655,-0.00518493075,0.94012177
2716.6666666666642,0.0141196232,-0.632748425,-0.252995253,0.9996714,0.0262123533,-0.652989864,-0.237237751,0.999183178,0.0283990502,-0.653484404,-0.227144688,0.999054372,0.0268331561,-0.653111935,-0.230950654,0.999274909,0.00268355897,-0.661187947,-0.261805564,0.999511838,0.00438213861,-0.660250127,-0.274843663,0.9996292,0.0102795372,-0.647697568,-0.25492698,0.999704063,0.0545224696,-0.645612597,-0.122566052,0.999370277,-0.0797558129,-0.595751345,-0.168171614,0.999219418,0.0370968431,-0.62364167,-0.197883695,0.999622941,0.00288110017,-0.58988,-0.239063248,0.999667,0.139522508,-0.488674611,-0.00208547269,0.999953747,-0.163259923,-0.530434132,-0.0367198735,0.99994123,0.2238947,-0.323909611,-0.087349,0.807112396,-0.20077011,-0.239621297,-0.100644432,0.971783042,0.305642754,-0.254626215,-0.228726655,0.894335,-0.169016197,-0.0717816,-0.212027565,0.991536498,0.314333498,-0.241137728,-0.255545139,0.894357741,-0.138106659,-0.031361036,-0.26691404,0.988901734,0.28631714,-0.255316079,-0.278057158,0.902243912,-0.0932390317,-0.0716766939,-0.283709824,0.9892748,0.302349031,-0.239134371,-0.243633047,0.886764348,-0.147941083,-0.0750877857,-0.226966441,0.979790092,0.0901096538,-0.0050390223,0.0560795963,0.999945462,-0.0878312662,0.00153334264,-0.0541834906,0.999948561,0.0998161361,0.39777106,0.0470312722,0.869304895,-0.0459862798,0.319349229,-0.0438866764,0.924479604,0.0751547664,0.723253548,0.227644056,0.91091162,-0.104240343,0.710372925,0.114023186,0.953630388,0.0536212362,0.757644117,0.250848323,0.716798246,-0.107131377,0.743411601,0.0879317895,0.629169106,0.10568475,0.788689315,0.213066146,0.917889357,-0.077564545,0.773648,0.000848679,0.927202344
2733.3333333333308,0.0143664582,-0.628996432,-0.252367228,0.999681711,0.0265978314,-0.649145246,-0.237229496,0.999189079,0.0288697854,-0.649779737,-0.227105215,0.999059,0.0273192041,-0.649315715,-0.230949625,0.999281764,0.00340481941,-0.657899618,-0.261578798,0.999524653,0.00507054,-0.656697631,-0.274502903,0.999636889,0.0108792847,-0.644029915,-0.254696488,0.999711871,0.0554542728,-0.641539216,-0.123249285,0.99936527,-0.0784326792,-0.592939436,-0.168303773,0.999244,0.0377144143,-0.619222045,-0.197434664,0.999635,0.00344564347,-0.585923433,-0.238259256,0.999682963,0.140495121,-0.484736,-0.001433503,0.999954522,-0.163190782,-0.526583135,-0.0347071327,0.999944687,0.224842429,-0.323913932,-0.0647483394,0.80927676,-0.203374,-0.232293025,-0.0813787133,0.972861,0.302941322,-0.268650711,-0.183659479,0.900412858,-0.180973649,-0.0511217341,-0.169316694,0.991766572,0.310156912,-0.258080244,-0.203442872,0.900990605,-0.149109572,-0.00636994792,-0.217245042,0.989182889,0.280104369,-0.27619198,-0.225935876,0.908674598,-0.106420323,-0.0442360491,-0.23998408,0.989613,0.298631966,-0.256925911,-0.197517559,0.89372021,-0.160880297,-0.0540346727,-0.185761,0.980662584,0.090219453,-0.00469849771,0.0555073284,0.999944687,-0.0878835469,0.0012173329,-0.0537913516,0.999949098,0.0983868763,0.396681,0.034488894,0.854434431,-0.0454928353,0.318014175,-0.0540895164,0.919166565,0.0724485144,0.722804546,0.21474126,0.904371917,-0.102976665,0.708466232,0.111995868,0.949288368,0.051073987,0.75715667,0.236988306,0.703122139,-0.105910845,0.741222918,0.0869803429,0.610717714,0.10543631,0.78830862,0.200065702,0.912394166,-0.0753168613,0.770879924,0.0009135828,0.921054304
2749.9999999999973,0.0143827805,-0.627338469,-0.252521753,0.999677241,0.0266043562,-0.647281647,-0.237622887,0.999146223,0.0288806949,-0.647925794,-0.227466568,0.999012947,0.0273269638,-0.647351563,-0.231282011,0.999246657,0.00353321526,-0.656027377,-0.261821479,0.999512196,0.00516172545,-0.654804707,-0.274726391,0.999626398,0.0109618222,-0.642141879,-0.254918665,0.999704361,0.0553457104,-0.640223861,-0.123764388,0.99933666,-0.078517355,-0.591992557,-0.168529436,0.999239683,0.0377498716,-0.61734885,-0.197602391,0.99963659,0.00344766933,-0.584347129,-0.238418519,0.999690235,0.140404314,-0.484619796,-0.000980161247,0.999954939,-0.164810777,-0.525781333,-0.0338684656,0.999946892,0.227115676,-0.323802799,-0.0587558076,0.813817501,-0.205228597,-0.229284376,-0.071841374,0.973383069,0.300915599,-0.284452856,-0.176999107,0.906451166,-0.195026159,-0.0455432646,-0.154255256,0.991776,0.305821121,-0.280098617,-0.196610823,0.907241464,-0.165930688,-0.00241844635,-0.201139152,0.98914,0.275842816,-0.302664101,-0.217199817,0.914673805,-0.126919106,-0.0393803306,-0.224895298,0.989654422,0.295987874,-0.275434673,-0.19037953,0.900123477,-0.176965132,-0.0481519178,-0.170794711,0.981064439,0.0904474258,-0.00467189774,0.0550657772,0.999943078,-0.0880445838,0.00118758681,-0.0534648262,0.999948859,0.0960715413,0.395066142,0.0353313275,0.850145042,-0.0456076786,0.316797882,-0.0532946587,0.918040752,0.0660563558,0.720635891,0.230071664,0.902476311,-0.105634347,0.703940511,0.117011957,0.947345912,0.0447016545,0.754726112,0.253813744,0.698278129,-0.109097168,0.736267209,0.0932355,0.600740433,0.101788014,0.78745538,0.21834974,0.909648657,-0.0799922124,0.766720891,0.00595818833,0.917229831
2766.666666666664,0.0141579593,-0.62436831,-0.268918,0.999676585,0.0265906174,-0.64355278,-0.253642172,0.999117911,0.0288544986,-0.64395833,-0.243582428,0.998977542,0.0272929333,-0.643294632,-0.24692373,0.99921608,0.00350268115,-0.652295,-0.277664691,0.999506474,0.00510367518,-0.651241064,-0.290866405,0.999620736,0.0109154778,-0.63871628,-0.270971209,0.999700248,0.0558950603,-0.636131167,-0.137050286,0.999307811,-0.0787146613,-0.590290904,-0.180702522,0.999240518,0.0377333388,-0.613669217,-0.212914303,0.999639869,0.00312195579,-0.581805468,-0.253395498,0.99969852,0.140655845,-0.48282516,-0.00858945772,0.999953866,-0.166051537,-0.52437681,-0.038331341,0.999947846,0.233031705,-0.323235452,-0.074995473,0.822196722,-0.204714566,-0.226071045,-0.0778687745,0.973936796,0.299916983,-0.300277472,-0.20671609,0.913011611,-0.201937422,-0.0408848152,-0.167725697,0.991816878,0.302048981,-0.302335888,-0.230611,0.913582921,-0.176112384,0.000172228582,-0.216985404,0.988971114,0.271482229,-0.325867921,-0.248887554,0.920660734,-0.138341889,-0.0347546116,-0.23953642,0.989582419,0.29380402,-0.292268157,-0.219743147,0.906417787,-0.184711,-0.0416648872,-0.183973372,0.981180072,0.0908161178,-0.00472415378,0.0545217358,0.999937356,-0.0883872,0.0012508519,-0.0530032292,0.999945283,0.0941502154,0.393634558,0.0443921909,0.844105601,-0.045593787,0.316773951,-0.0412280448,0.912427902,0.064803347,0.71863538,0.252767444,0.897961,-0.105114885,0.697855651,0.160683885,0.939199865,0.0438605919,0.752892077,0.278265417,0.691099405,-0.108482234,0.729316771,0.140623301,0.580345273,0.101917088,0.784622133,0.238245383,0.903499067,-0.0800135732,0.759355485,0.0538022816,0.903933764
2783.3333333333303,0.0144721624,-0.621821821,-0.275078624,0.999676526,0.02725113,-0.640808,-0.260460258,0.999089241,0.0294509176,-0.641047359,-0.250440389,0.998942196,0.0278560296,-0.640421271,-0.253603935,0.999190211,0.00443610922,-0.64988476,-0.284633487,0.999501169,0.00589744514,-0.648794353,-0.297767341,0.999614716,0.0117232576,-0.636200428,-0.277934074,0.999696076,0.0566625744,-0.632766247,-0.145453095,0.999287426,-0.0781281,-0.588276446,-0.190316647,0.999242067,0.0381188169,-0.610444069,-0.219601527,0.999647617,0.00333004491,-0.579200745,-0.260316879,0.999709547,0.142271355,-0.479915261,-0.017014619,0.999954641,-0.165913329,-0.522345901,-0.0435909033,0.999950111,0.247976899,-0.322223097,-0.0870979503,0.833822608,-0.203637734,-0.226198629,-0.0821380317,0.974957168,0.299504966,-0.318020403,-0.210892,0.920177221,-0.211680457,-0.0374658071,-0.175961316,0.992116034,0.296927571,-0.324384928,-0.231817856,0.920448244,-0.191678673,0.00527575472,-0.224537194,0.989228249,0.266088724,-0.350628763,-0.248883665,0.927010953,-0.15457873,-0.0245835334,-0.246674165,0.989872277,0.292435914,-0.312235266,-0.222541541,0.913454771,-0.19627893,-0.0359705277,-0.191918328,0.9819206,0.0908401385,-0.0047732587,0.0540420972,0.999935746,-0.0883999765,0.00129164965,-0.0526205525,0.999944925,0.0941773504,0.392891854,0.0549535677,0.840309739,-0.0455777124,0.316520661,-0.0396113172,0.910158038,0.0645727888,0.715232,0.28055194,0.896281719,-0.104932398,0.697731853,0.158462539,0.937830508,0.0435870476,0.748882711,0.307554543,0.687862515,-0.108343981,0.729299724,0.137479991,0.574442744,0.101960242,0.781751931,0.271078974,0.900893807,-0.0815336,0.7588557,0.050165534,0.901264191
2799.999999999997,0.0118149575,-0.621907651,-0.291425079,0.999657333,0.025117103,-0.640884161,-0.276717156,0.999004304,0.0270362906,-0.64109683,-0.266433537,0.998846,0.025422141,-0.640463591,-0.269343287,0.999107361,0.00221511954,-0.649849713,-0.300170392,0.999468,0.00349661452,-0.648802936,-0.313757539,0.999589443,0.0093295034,-0.63622123,-0.293626249,0.999676,0.0558922514,-0.632318377,-0.160666645,0.999234855,-0.0804088637,-0.588109374,-0.203571856,0.999215,0.0361303911,-0.610565424,-0.235597029,0.99964565,0.000567670853,-0.579300165,-0.276342571,0.999712706,0.142162,-0.479397923,-0.0291203093,0.999952435,-0.169734433,-0.521747,-0.0517340563,0.999949396,0.247255087,-0.322151124,-0.103974968,0.843745947,-0.204446673,-0.226016909,-0.0833554193,0.975303769,0.288985461,-0.336218834,-0.240668923,0.926264942,-0.227765366,-0.0356027447,-0.182542592,0.992073715,0.282382131,-0.349027157,-0.266415238,0.926218927,-0.210835263,0.00497276383,-0.232601792,0.988883734,0.251796305,-0.37534678,-0.281446755,0.932361364,-0.175527677,-0.0237742458,-0.252845377,0.989629567,0.281188607,-0.331284761,-0.252548903,0.919068336,-0.213474408,-0.0330378,-0.19791469,0.981765628,0.0909416825,-0.0050259619,0.052961234,0.999928772,-0.0885292962,0.00151853042,-0.0515689813,0.999940515,0.0888587683,0.390057325,0.0703352094,0.840314388,-0.0453610793,0.315043181,-0.00556861656,0.905022323,0.0568447672,0.710742295,0.297433138,0.894742727,-0.104504898,0.692105,0.209420159,0.932150066,0.0359128974,0.744544,0.325094968,0.68480438,-0.107952528,0.723310649,0.190120682,0.561557591,0.0927448049,0.779325,0.283481032,0.89718914,-0.0831145421,0.75183,0.100929424,0.890888095
2816.6666666666633,0.0130496994,-0.620250821,-0.288043916,0.999638617,0.0258004293,-0.638631,-0.27359134,0.998893,0.0277198907,-0.638782263,-0.263292462,0.998712242,0.0261067916,-0.638128,-0.266332895,0.999006867,0.00401048316,-0.647731602,-0.297106534,0.999433339,0.00520070037,-0.646577656,-0.310476512,0.999562681,0.0110691851,-0.633992672,-0.290451556,0.999659419,0.0556256808,-0.629788399,-0.158867672,0.999142885,-0.0792867318,-0.586189568,-0.204590723,0.999188423,0.0365275703,-0.608583748,-0.232418627,0.999640286,0.00162258407,-0.57747978,-0.273162276,0.999717057,0.142090142,-0.477071881,-0.0275074244,0.999952912,-0.169567466,-0.520199358,-0.0525202565,0.999951839,0.250256687,-0.321275234,-0.0919720307,0.851992548,-0.204002544,-0.224353462,-0.0853345394,0.976111829,0.287642866,-0.349348754,-0.211901471,0.931761324,-0.228501156,-0.0267164055,-0.170163974,0.992340267,0.279816359,-0.366306156,-0.232904017,0.931246817,-0.212662131,0.0145114847,-0.21472761,0.989037693,0.251013756,-0.39279139,-0.249681324,0.936974883,-0.178158894,-0.0101322401,-0.236833572,0.989814878,0.280278653,-0.346021324,-0.223424748,0.923902,-0.215041637,-0.0229775924,-0.185539439,0.982283771,0.0908238664,-0.00514462776,0.0527353212,0.999926209,-0.088388361,0.00160203525,-0.0514368601,0.99993968,0.0891390815,0.389708847,0.0687217265,0.83277458,-0.0403301641,0.315784127,-0.00965193473,0.896971285,0.0577059686,0.711177409,0.288095832,0.889146745,-0.10390722,0.692583442,0.203486636,0.92617774,0.0364955217,0.744895,0.314752251,0.67468071,-0.107813857,0.723973572,0.182291165,0.547227,0.0918139443,0.779322565,0.274508059,0.891033947,-0.0850270912,0.750564337,0.0972771421,0.882844925
2833.33333333333,0.0138327926,-0.619524181,-0.291253448,0.999555647,0.0262825582,-0.637580335,-0.277629644,0.998543203,0.0281234775,-0.637644231,-0.267244369,0.99830848,0.0265079383,-0.637000501,-0.270223647,0.99868232,0.00484114187,-0.646622717,-0.302266657,0.999291897,0.00600087363,-0.645478189,-0.315680981,0.999456406,0.0118408864,-0.632907689,-0.295566529,0.999580324,0.0552099571,-0.628945351,-0.163961247,0.998905122,-0.0792344436,-0.585522175,-0.21376583,0.999060273,0.0366914123,-0.60781461,-0.235641822,0.999592662,0.0019601013,-0.576892,-0.277977645,0.999694169,0.141918972,-0.476986974,-0.0326576047,0.999949872,-0.170056164,-0.520199656,-0.0600723214,0.999951065,0.250045389,-0.322122186,-0.0975343734,0.858883262,-0.203774586,-0.224881515,-0.0942762122,0.976209283,0.283061028,-0.363658667,-0.215925917,0.936356246,-0.230363309,-0.029837817,-0.174826622,0.992248356,0.273721814,-0.382809579,-0.236622185,0.935415149,-0.215726092,0.0109768528,-0.222262532,0.988625824,0.245721385,-0.409523457,-0.250738591,0.940802813,-0.181277469,-0.0131782116,-0.242914051,0.989487827,0.276133358,-0.36044392,-0.226586938,0.927748799,-0.217285722,-0.0257256217,-0.18992646,0.982011735,0.0908273831,-0.00535688875,0.0524355,0.999919951,-0.0883925706,0.00176522951,-0.0512042083,0.999935806,0.0891733095,0.387859941,0.0760241672,0.828664541,-0.0399055816,0.315647602,-0.0120304506,0.890877843,0.0586618409,0.707847238,0.294128954,0.886684418,-0.102098741,0.691314042,0.192235306,0.921583831,0.0374452472,0.741187274,0.320500404,0.668391228,-0.106165498,0.722565532,0.170830578,0.536395252,0.0921647698,0.776276052,0.279045254,0.886115551,-0.085485056,0.74825722,0.0835950226,0.874493182
2849.9999999999964,0.0169272758,-0.619038,-0.299769461,0.999476373,0.028594112,-0.636865258,-0.28657642,0.998235,0.030211119,-0.636858642,-0.276097238,0.997919917,0.028573975,-0.636199296,-0.279153913,0.998384953,0.00779269356,-0.645971537,-0.312950552,0.999174297,0.00888664927,-0.644851,-0.326450795,0.999363959,0.0146648828,-0.632283032,-0.306182176,0.999517,0.0549884364,-0.628050387,-0.172612861,0.998656571,-0.0785911307,-0.584864497,-0.229314521,0.998951554,0.0378853939,-0.607283652,-0.243571758,0.99954313,0.0038091063,-0.5764575,-0.288283229,0.999672115,0.141599238,-0.477162629,-0.0358081311,0.999944806,-0.169941515,-0.520084,-0.0765431374,0.999950051,0.254205078,-0.33018294,-0.0943932,0.860418379,-0.20367305,-0.225349233,-0.119628981,0.976034462,0.282952935,-0.382201642,-0.209500954,0.939010441,-0.236252964,-0.0300547592,-0.193909034,0.991927862,0.273290783,-0.402932644,-0.229512885,0.937553823,-0.223855644,0.00979594421,-0.238527402,0.987802446,0.245161667,-0.428616762,-0.24332343,0.942728162,-0.189074874,-0.0121367155,-0.25882113,0.988771737,0.276139468,-0.378603071,-0.220003843,0.929034352,-0.223815709,-0.024951309,-0.208687872,0.981080711,0.0904271305,-0.00556059042,0.0527416617,0.999916494,-0.0880235881,0.00191969436,-0.0515216924,0.999934137,0.0889589116,0.387915552,0.0923045054,0.824341357,-0.039667733,0.317734212,-0.0121245878,0.884497285,0.0567651875,0.706570268,0.312226325,0.886479795,-0.102391437,0.691659629,0.19010593,0.919207513,0.0349718779,0.739701092,0.338942021,0.669029236,-0.106836461,0.723004162,0.169257805,0.530804038,0.0911271498,0.775582373,0.298487157,0.884052157,-0.090299,0.749071419,0.0797188208,0.869472504
2866.666666666663,0.0184558854,-0.616220117,-0.302068,0.999382257,0.0296485014,-0.634006381,-0.289628327,0.997868538,0.0312651061,-0.633854806,-0.279241979,0.997473419,0.0296314061,-0.633276343,-0.282216221,0.998064876,0.00954831578,-0.643132269,-0.316426396,0.999020636,0.0106615545,-0.641942799,-0.329862803,0.999237657,0.0163858458,-0.629401326,-0.309630126,0.999428809,0.0548097,-0.626128197,-0.177985,0.998395324,-0.0772303,-0.5827474,-0.234956443,0.998785317,0.0385618918,-0.604656935,-0.246252775,0.999489367,0.00516963471,-0.573813319,-0.291310132,0.99964267,0.141536146,-0.477214485,-0.0410280526,0.99994266,-0.168684646,-0.519338191,-0.0806996524,0.999949515,0.259076357,-0.333117932,-0.100774787,0.864727497,-0.202551931,-0.225626335,-0.121749721,0.975402355,0.281455517,-0.389296979,-0.212417722,0.942263544,-0.240680829,-0.0279397313,-0.194075286,0.991433561,0.269962728,-0.411077708,-0.231716156,0.940218866,-0.230457827,0.0116879316,-0.237891108,0.986791492,0.241376832,-0.437594712,-0.243593201,0.945100546,-0.197764859,-0.00835389178,-0.258499533,0.98789835,0.274434149,-0.3865152,-0.221999601,0.931045055,-0.229604259,-0.0222978,-0.20887658,0.980019629,0.0899687856,-0.00561488187,0.0529952943,0.999911,-0.0875434577,0.00193063717,-0.0518743284,0.999930739,0.088341,0.387646407,0.0964447,0.809551835,-0.0368967801,0.317700535,-0.0133715244,0.876231194,0.0557896607,0.705384493,0.314881206,0.879802883,-0.102432661,0.69186461,0.175464496,0.915395677,0.0339408442,0.73827219,0.34136802,0.661246896,-0.107111134,0.723220468,0.153792739,0.52197212,0.0909340903,0.775045574,0.303677589,0.876355648,-0.0901125148,0.749654174,0.0607783347,0.863119364
2883.3333333333294,0.0191707145,-0.613423526,-0.317017704,0.999348164,0.0306507293,-0.631284893,-0.304644972,0.99774152,0.0321076438,-0.630940199,-0.294135094,0.997297108,0.0304765441,-0.630455554,-0.296933264,0.99792856,0.01041253,-0.640889466,-0.33100906,0.998975694,0.0114702024,-0.639622509,-0.344684392,0.999199092,0.0171172153,-0.627025962,-0.324269205,0.999403238,0.055343885,-0.623830199,-0.190362,0.99827832,-0.0767547712,-0.581799388,-0.246248856,0.998745,0.0391046666,-0.601725578,-0.26020667,0.999463797,0.00557988929,-0.571534872,-0.305015862,0.999633789,0.141689345,-0.476695985,-0.0473121628,0.999937177,-0.167551532,-0.519321322,-0.0903320536,0.999948502,0.262613088,-0.333964616,-0.105624,0.867922783,-0.202470958,-0.226530045,-0.138516441,0.975232661,0.280141234,-0.401260257,-0.213929087,0.944884658,-0.242866457,-0.030416254,-0.214850903,0.991111398,0.266560763,-0.428621262,-0.232615948,0.942269504,-0.233903721,0.00809884351,-0.259124398,0.985982776,0.238467202,-0.454934269,-0.243398473,0.94687295,-0.199774399,-0.0121154496,-0.277523875,0.987188578,0.273157805,-0.399484515,-0.22271432,0.93227005,-0.231742442,-0.024694778,-0.228834689,0.979108751,0.0892810076,-0.00566589134,0.0532208532,0.999903619,-0.0869157,0.00194594031,-0.0521318503,0.999926448,0.0880364403,0.387363553,0.103369191,0.80524832,-0.0355038419,0.317915469,-0.00689400919,0.870278358,0.0556579456,0.701264679,0.322732419,0.879929066,-0.101783261,0.69165206,0.187948614,0.914031446,0.0337719508,0.733543754,0.349595338,0.663679123,-0.106674746,0.722888589,0.166940466,0.520272851,0.0908496231,0.769306839,0.309252948,0.875310659,-0.0900251642,0.748918951,0.0726215392,0.860058963
2899.999999999996,0.0191619117,-0.613426208,-0.318098098,0.999314427,0.0306435525,-0.631267846,-0.305467278,0.997609,0.0321000442,-0.630957127,-0.294981748,0.997124076,0.0304661356,-0.630434155,-0.297769904,0.997795403,0.0103642987,-0.64081043,-0.331517041,0.998925507,0.0114285266,-0.639561415,-0.345121056,0.999158502,0.0170788914,-0.626977205,-0.324805796,0.999376059,0.0552964546,-0.623818219,-0.190432906,0.998158,-0.0769142807,-0.581752479,-0.244685084,0.998690069,0.0391379148,-0.601757824,-0.260977268,0.99943769,0.00558228698,-0.571489334,-0.305438489,0.999622464,0.141645432,-0.476790935,-0.0471171774,0.999931753,-0.168039739,-0.519378841,-0.0878259838,0.999946535,0.262429208,-0.335937,-0.103949152,0.870009542,-0.207838386,-0.227408648,-0.13483423,0.974594653,0.277700037,-0.404313058,-0.213254511,0.946777582,-0.256094605,-0.0315048806,-0.21189107,0.990416765,0.263670832,-0.431140929,-0.232620761,0.943543613,-0.246697828,0.00656497711,-0.254406959,0.984482288,0.235528111,-0.456889451,-0.242763504,0.94797653,-0.213160396,-0.0137256561,-0.273355961,0.985888064,0.270735055,-0.402225912,-0.221973047,0.932540357,-0.244842976,-0.0257801097,-0.225983426,0.977314651,0.0891360864,-0.00571490405,0.0533095635,0.999894917,-0.0867669731,0.00196798448,-0.0522458106,0.999920487,0.0872335583,0.387233317,0.102253862,0.799669623,-0.0339877233,0.317811,-0.00393739529,0.861488879,0.054053925,0.701481581,0.317091674,0.878924608,-0.101687141,0.688304245,0.2012766,0.908791125,0.0323222578,0.733825207,0.343688101,0.663294077,-0.106606178,0.71901834,0.181909591,0.510516286,0.0909407735,0.769572496,0.302746743,0.87327224,-0.0890445039,0.745842338,0.0888624191,0.851609945
2916.6666666666624,0.0191436466,-0.609846115,-0.32025516,0.999285638,0.0306363795,-0.628054,-0.308196127,0.997482955,0.0320961885,-0.627698421,-0.297812343,0.996942937,0.0304633845,-0.627265513,-0.300529629,0.997671247,0.0103405146,-0.63785243,-0.334562629,0.998879075,0.0114191938,-0.636522591,-0.348062307,0.999116898,0.0170559306,-0.623961747,-0.327753663,0.999350309,0.0551222153,-0.621982574,-0.193847731,0.998009741,-0.0768851563,-0.580426693,-0.248668492,0.998626947,0.039084062,-0.598627269,-0.263051957,0.999405682,0.0055705579,-0.56838429,-0.3078,0.999609172,0.141066879,-0.47610718,-0.0482769608,0.99992913,-0.167690113,-0.519286871,-0.092351988,0.99994725,0.261366069,-0.335651428,-0.105476595,0.870030761,-0.208263755,-0.227534,-0.139947176,0.974504709,0.273995847,-0.406666428,-0.213656917,0.948386848,-0.256235808,-0.0318877213,-0.215011582,0.990082741,0.259618521,-0.434858888,-0.232395545,0.944425166,-0.247043252,0.00563490484,-0.257451415,0.983665526,0.23266679,-0.461156636,-0.242222652,0.948645,-0.212707475,-0.0141118858,-0.275871038,0.985191822,0.267689615,-0.405420274,-0.222003564,0.932262123,-0.244907096,-0.026087448,-0.228934675,0.976369321,0.0883206725,-0.00571356528,0.0547040366,0.999887288,-0.0859368294,0.00192486821,-0.0537999198,0.999916196,0.0871752352,0.387663931,0.100527763,0.774069846,-0.027878616,0.317817211,-0.0118434196,0.845964551,0.0537995547,0.705596328,0.314122528,0.868502557,-0.102336302,0.688454449,0.177738592,0.901333034,0.0320182033,0.738116384,0.341310441,0.652532279,-0.107991837,0.719170392,0.156733304,0.496736825,0.0910545141,0.770750046,0.301209956,0.865271449,-0.0866409168,0.746242762,0.0584597699,0.84322542
2933.333333333329,0.0188172441,-0.609153628,-0.313987821,0.999257803,0.0300956145,-0.627581716,-0.304029375,0.997362614,0.0316226743,-0.62736851,-0.293701679,0.996774,0.0300049484,-0.626925111,-0.296425283,0.997579634,0.0101985056,-0.637777627,-0.33123827,0.998832822,0.0112603297,-0.636315405,-0.344037086,0.999069,0.0168740507,-0.623678088,-0.324172497,0.999323547,0.0536234565,-0.621889353,-0.192418143,0.997887075,-0.0768779293,-0.580464125,-0.245462671,0.99855572,0.0385199971,-0.598222792,-0.257642299,0.999377429,0.00536202639,-0.56786263,-0.302549899,0.999595344,0.138770372,-0.476142853,-0.0469884463,0.999929667,-0.166892439,-0.519645631,-0.0910342187,0.999949,0.260572076,-0.336369783,-0.104589589,0.869513035,-0.209435388,-0.230159387,-0.135507196,0.97377044,0.266509891,-0.411047548,-0.194368809,0.949444771,-0.264274925,-0.0327824429,-0.188889638,0.989621937,0.251113802,-0.440205365,-0.205689281,0.94467628,-0.256532729,0.00473976927,-0.224972904,0.982760727,0.225887209,-0.465436608,-0.212722346,0.94858861,-0.22419998,-0.0138619114,-0.242107928,0.984366536,0.261330962,-0.410798937,-0.200171903,0.931353,-0.254790306,-0.0272231605,-0.201324716,0.975506961,0.0868303925,-0.00563203497,0.0548785217,0.999888062,-0.0842816755,0.00182040653,-0.0540796705,0.99991703,0.0864089876,0.387638211,0.0910983607,0.75172776,-0.0267974567,0.317806453,-0.0338468887,0.83201623,0.0507486,0.706024051,0.296421707,0.858518898,-0.102490544,0.688638687,0.156661347,0.895021737,0.0282207914,0.738374114,0.322010517,0.640371323,-0.108591765,0.719401121,0.135773987,0.485440642,0.0876973,0.772058606,0.288836837,0.857300818,-0.0859832391,0.746405602,0.0456719808,0.83691293
2949.9999999999955,0.0175500698,-0.609502196,-0.314574271,0.999248207,0.0292139929,-0.627701938,-0.303453118,0.99733156,0.0306904446,-0.627457678,-0.29309237,0.996710837,0.0290392023,-0.627029061,-0.295800894,0.997532368,0.00914644636,-0.638018429,-0.330077291,0.998826623,0.0101736849,-0.636558771,-0.34307161,0.999060929,0.0157902427,-0.6239627,-0.323090494,0.99932164,0.0533733,-0.622012317,-0.190622941,0.997827,-0.0776603594,-0.580822349,-0.243438348,0.998552799,0.0374365039,-0.598350644,-0.257919222,0.999370277,0.00401065079,-0.568185866,-0.302450061,0.999596179,0.138074696,-0.476190567,-0.0459031835,0.999925256,-0.166967511,-0.520472765,-0.089121,0.999948919,0.260100842,-0.337222219,-0.104162969,0.869556308,-0.211972237,-0.235316738,-0.133786827,0.973455429,0.26329127,-0.414253056,-0.194040626,0.950789511,-0.266353667,-0.0356319398,-0.190039635,0.989384234,0.247026324,-0.444025338,-0.205987915,0.94559294,-0.258586,0.000748372287,-0.227913499,0.982077062,0.220457554,-0.468612432,-0.213686898,0.949259222,-0.224524438,-0.0143509656,-0.245725304,0.983732343,0.257292449,-0.413002163,-0.199858293,0.931275129,-0.255841166,-0.0285155009,-0.202894121,0.974666476,0.0865412727,-0.00564901484,0.0552581921,0.99988693,-0.0840276852,0.00182481215,-0.0544121861,0.99991709,0.0859205425,0.387680262,0.0955824554,0.751212418,-0.026213279,0.317959517,-0.0310689863,0.831578314,0.0507777147,0.704654574,0.306405276,0.859717131,-0.102468245,0.6866678,0.172506273,0.894530475,0.028292045,0.737154722,0.333144069,0.642748713,-0.10859333,0.717031956,0.153966501,0.48519209,0.0867915824,0.772816777,0.297619045,0.85730207,-0.0857326761,0.746590078,0.0672551319,0.835078239
2966.666666666662,0.0152850104,-0.610221744,-0.314580709,0.999249876,0.0270975307,-0.628102183,-0.302950174,0.997332215,0.028661631,-0.627825618,-0.29262957,0.99670577,0.0269905962,-0.627339661,-0.295276374,0.997530043,0.00717410911,-0.638437808,-0.32928139,0.998832822,0.00810228,-0.636971056,-0.342344463,0.99906522,0.0137832314,-0.624412596,-0.322312146,0.999328792,0.0522252694,-0.622125089,-0.189810917,0.997812271,-0.0790491402,-0.581014574,-0.242431268,0.998562932,0.0354453288,-0.598623812,-0.257963091,0.999374151,0.00184089085,-0.568677306,-0.302329421,0.999602,0.136848778,-0.476224691,-0.0459025949,0.9999246,-0.168690369,-0.52077955,-0.0880885199,0.999949872,0.259894133,-0.340643376,-0.102113388,0.872016907,-0.215510488,-0.236180201,-0.114183255,0.972956955,0.259052157,-0.419214696,-0.195845857,0.95233047,-0.270925522,-0.0361693688,-0.164520234,0.9890517,0.242423624,-0.449353,-0.210105434,0.946728826,-0.262379885,0.000298291532,-0.202401817,0.981320143,0.215199664,-0.474650681,-0.216327429,0.950153649,-0.230583295,-0.016061658,-0.222212404,0.983038127,0.252569765,-0.418184429,-0.2016581,0.931699634,-0.260584444,-0.0295152124,-0.178128719,0.973793209,0.0864720345,-0.00564534869,0.0553284809,0.999889493,-0.0839657784,0.00181281345,-0.0544899479,0.999919534,0.0837301388,0.387568414,0.100919895,0.754122555,-0.0254701786,0.317453623,-0.0248367861,0.835380077,0.0471720062,0.704284906,0.32353425,0.861008942,-0.102410592,0.685797274,0.17881608,0.896440625,0.0249120221,0.736929,0.351674914,0.646849573,-0.108584888,0.716144443,0.160508662,0.489343613,0.0831289738,0.773938894,0.318121642,0.857854962,-0.0853489,0.746801615,0.0738708898,0.836692929
2983.3333333333285,0.015078879,-0.609604,-0.318392485,0.999266326,0.0269115753,-0.627547443,-0.306075096,0.997388303,0.0285166968,-0.627234399,-0.295879692,0.996762395,0.0268236063,-0.626743376,-0.298495531,0.997575164,0.00692708138,-0.637797415,-0.332658142,0.998861313,0.00788592454,-0.636345923,-0.345799863,0.999085367,0.0135495942,-0.623909,-0.325637519,0.999345541,0.0521918908,-0.621014535,-0.191557303,0.997829,-0.0793114305,-0.58014518,-0.245049417,0.998592675,0.0352581814,-0.597927451,-0.261085689,0.999383926,0.00157712528,-0.56788379,-0.305892169,0.999611318,0.136435509,-0.475472271,-0.0457617566,0.999923885,-0.168687478,-0.520742834,-0.0882148445,0.999951303,0.25953266,-0.340424865,-0.10074877,0.873094797,-0.220299289,-0.237637684,-0.114365131,0.972926915,0.257456362,-0.417787343,-0.196411923,0.953579247,-0.272455752,-0.0365043245,-0.168365851,0.988760948,0.240703046,-0.447501928,-0.211556733,0.947530091,-0.262699664,-0.000272812,-0.207523882,0.980571389,0.213583708,-0.472887367,-0.216776296,0.950717926,-0.228998214,-0.0171076227,-0.226669043,0.982342958,0.250867039,-0.416589737,-0.202090889,0.931617737,-0.260994434,-0.029993169,-0.181885168,0.972856104,0.0863426551,-0.00562725635,0.0566456243,0.99988991,-0.0838349462,0.00177003455,-0.0558455922,0.999920726,0.083133705,0.387609571,0.105184779,0.750623941,-0.0225156471,0.317029983,-0.0321096815,0.839807272,0.0469295345,0.705234885,0.326447576,0.861644149,-0.103025593,0.685967267,0.161833659,0.899237394,0.0248135775,0.738261819,0.354204774,0.650779784,-0.109770589,0.716341317,0.143099532,0.495345354,0.0833654478,0.776809335,0.319977,0.858724415,-0.0851275325,0.749306262,0.0543460362,0.840444624
2999.999999999995,0.0104388436,-0.608807623,-0.317575127,0.999282777,0.0225697234,-0.626924,-0.30507198,0.997453213,0.0243512578,-0.626644135,-0.294856668,0.99683,0.0226880256,-0.626158297,-0.297531933,0.997633696,0.00285453885,-0.637288213,-0.331519812,0.998890698,0.00385907409,-0.63576895,-0.344708294,0.999104857,0.00951193273,-0.623381615,-0.324541748,0.999362409,0.0490589738,-0.620589554,-0.190597102,0.997858882,-0.0818387568,-0.57990694,-0.243931666,0.998619914,0.0308202263,-0.597280264,-0.260307342,0.999393404,-0.00265076966,-0.567168951,-0.305020243,0.999619126,0.132314652,-0.475470901,-0.0455978401,0.999924719,-0.168750077,-0.520699739,-0.0878738686,0.999952793,0.2552903,-0.341288298,-0.097715,0.873396158,-0.219879806,-0.238294423,-0.112828188,0.972008407,0.251012146,-0.420964032,-0.190650985,0.954915345,-0.273578644,-0.0383513458,-0.167146474,0.988336623,0.234085262,-0.451592565,-0.205616519,0.948489904,-0.265196264,-0.00338553358,-0.205783144,0.979781568,0.207941189,-0.476629853,-0.211253524,0.951456428,-0.233003035,-0.0188588668,-0.224354461,0.981614709,0.244878381,-0.420072377,-0.196335301,0.931979597,-0.263133347,-0.0319352262,-0.180343449,0.971986,0.0857253373,-0.00563881407,0.0568299368,0.999891,-0.0832083151,0.00176799553,-0.0560461506,0.999922097,0.0819188729,0.387739658,0.104446545,0.738747895,-0.0218769368,0.316997498,-0.0364374183,0.837005675,0.0463885516,0.705215752,0.324482352,0.85461,-0.103540421,0.686749279,0.150802597,0.897979,0.0241690017,0.738233745,0.351854384,0.64382112,-0.110804789,0.717207313,0.130903721,0.492163897,0.0815761834,0.777267158,0.318176925,0.853312552,-0.0851567239,0.750801563,0.0424990878,0.839588344
3016.6666666666615,0.00856719073,-0.608890414,-0.316208214,0.999308944,0.0209668465,-0.627006412,-0.303415567,0.997549295,0.0228634365,-0.626733,-0.293335199,0.996934,0.0211360231,-0.62623173,-0.29589802,0.997714639,0.00114142429,-0.637369752,-0.330100209,0.998937249,0.00214523077,-0.635855615,-0.343117654,0.999140739,0.00784565695,-0.623472512,-0.323014677,0.99939096,0.0481419563,-0.620174408,-0.188120589,0.997909665,-0.0833349302,-0.579925537,-0.241758734,0.998673081,0.0290018059,-0.597288966,-0.258657962,0.999412656,-0.00470531,-0.567204,-0.30359897,0.999634206,0.129704937,-0.474909365,-0.039158158,0.999923944,-0.16897212,-0.520751059,-0.0842324,0.99995476,0.253268659,-0.341500551,-0.0865210593,0.874929845,-0.220876336,-0.23921001,-0.105912521,0.972411096,0.248020187,-0.423875034,-0.183292806,0.956386864,-0.274209052,-0.0396624915,-0.159444273,0.988538504,0.230959713,-0.455198,-0.199896693,0.949609756,-0.265254915,-0.00535316346,-0.197782874,0.979957044,0.204724714,-0.479727298,-0.205016047,0.952317834,-0.232127964,-0.0195447542,-0.215757608,0.981745362,0.241609305,-0.422845781,-0.188781992,0.932551205,-0.263172984,-0.0329056159,-0.17212683,0.972246468,0.0853559449,-0.00562563492,0.0581759103,0.999893427,-0.0828441679,0.00174104911,-0.0573335737,0.999924898,0.0816064551,0.388276875,0.105933294,0.737429,-0.0198436119,0.317000687,-0.0410038568,0.842934,0.0450167619,0.705159962,0.332275957,0.853135049,-0.103548117,0.686826587,0.144568443,0.901174903,0.0228554513,0.738210738,0.360692322,0.645333171,-0.110871017,0.717322409,0.124777205,0.499585152,0.081421,0.777440488,0.330025405,0.852533,-0.0828321204,0.751126587,0.0357313938,0.843889058
3033.333333333328,0.00864461064,-0.608968556,-0.313520521,0.999342263,0.0210543275,-0.627086,-0.300158322,0.997673035,0.0229457244,-0.626820505,-0.290162385,0.997074842,0.0212160014,-0.626318812,-0.292661786,0.997821927,0.00116053969,-0.637464881,-0.327294856,0.998993754,0.00216558413,-0.635952771,-0.340175867,0.99918437,0.0078679435,-0.623649597,-0.320182621,0.999423921,0.0481184646,-0.61990124,-0.182837263,0.997988343,-0.0837805048,-0.580084145,-0.238331512,0.99873805,0.0290133227,-0.597378,-0.255241036,0.999437153,-0.00481317518,-0.567262709,-0.300755441,0.999651313,0.128242821,-0.474536151,-0.0317776315,0.999923468,-0.169397533,-0.521367073,-0.079387486,0.999956191,0.2531147,-0.341819048,-0.0758323893,0.876790226,-0.221070424,-0.241454631,-0.102155283,0.972236395,0.247910455,-0.424219608,-0.17566891,0.957821131,-0.27382794,-0.0420599356,-0.15702875,0.988468766,0.231037274,-0.455539614,-0.193293944,0.95072031,-0.264624923,-0.00848334655,-0.19580555,0.979656041,0.204314113,-0.479300648,-0.198221445,0.953198671,-0.231105343,-0.0216567628,-0.213391349,0.981431,0.241346136,-0.422797531,-0.180948183,0.933169365,-0.262501389,-0.0348685458,-0.169441298,0.971828938,0.0851546153,-0.00563023565,0.0591879152,0.999896288,-0.0826393217,0.00174193678,-0.0582745336,0.999927461,0.0815580636,0.388540149,0.109517053,0.741695464,-0.0197046436,0.317940623,-0.043290507,0.849667847,0.0451724492,0.705264866,0.334891528,0.856741726,-0.103347,0.687095404,0.146605507,0.904620528,0.0230072848,0.738467455,0.363376349,0.652493298,-0.110716358,0.717492759,0.126359984,0.50773865,0.0815369114,0.778364122,0.331681,0.856083095,-0.0803517401,0.752834558,0.0366142541,0.848488271
3049.9999999999945,0.0101419296,-0.608853877,-0.305585951,0.999369442,0.0218847319,-0.626983,-0.292588204,0.997769713,0.0237974226,-0.626756191,-0.28252697,0.997182846,0.02208074,-0.626232386,-0.285173267,0.997907817,0.00234924187,-0.637396634,-0.321128905,0.999039173,0.00334612443,-0.635869145,-0.333887696,0.999218464,0.00909868535,-0.623594046,-0.314007,0.999450684,0.0473470874,-0.619778931,-0.176410079,0.998045206,-0.0837538242,-0.579922915,-0.236897871,0.998791873,0.0293965731,-0.597292721,-0.247695595,0.999455273,-0.0040412317,-0.56710434,-0.294584095,0.999664783,0.125982344,-0.474539042,-0.0265450347,0.999924064,-0.169521719,-0.521417379,-0.0786733404,0.99995786,0.249986708,-0.342813581,-0.0687939823,0.874731243,-0.221543118,-0.242933035,-0.102789678,0.972288311,0.246490389,-0.426354975,-0.167601556,0.958572567,-0.272685468,-0.0451270528,-0.156844318,0.988522887,0.229788601,-0.457727104,-0.184325218,0.95122385,-0.263186365,-0.0118371658,-0.195398048,0.979645,0.203058928,-0.481340438,-0.190103143,0.953523099,-0.229453743,-0.0250115786,-0.212442413,0.981389642,0.24007903,-0.424997061,-0.173371524,0.93307358,-0.261320323,-0.0381566472,-0.168896735,0.971820891,0.0847305506,-0.00567617593,0.0596661568,0.999897718,-0.0822005272,0.00177542353,-0.0587671511,0.999929,0.0813088864,0.388459414,0.109294228,0.735521615,-0.0198029913,0.31907016,-0.0483352579,0.848891675,0.0452505276,0.705019653,0.332423687,0.85262084,-0.102185495,0.688249588,0.142819047,0.903558254,0.0231317021,0.738229871,0.360489756,0.648546278,-0.109731078,0.718683302,0.122992352,0.506544352,0.0816867501,0.778326035,0.329367042,0.852816343,-0.0801378563,0.753434896,0.0364407413,0.847373545
3066.666666666661,0.00902474672,-0.608859658,-0.305628896,0.999389052,0.0210317243,-0.626986682,-0.292621851,0.997838914,0.0230100248,-0.626764476,-0.28256014,0.99725914,0.0212745816,-0.626238,-0.285200566,0.997964799,0.00129682652,-0.63742286,-0.321050316,0.999072373,0.00236202218,-0.635898471,-0.33383587,0.999244,0.00806355476,-0.623642683,-0.313931167,0.999470353,0.0466750711,-0.619577587,-0.176421165,0.99807924,-0.0848756954,-0.579945207,-0.23679246,0.998830438,0.0282556787,-0.597233415,-0.247724339,0.999466777,-0.00532304682,-0.567102432,-0.294515371,0.999674797,0.125046596,-0.474217743,-0.0268372986,0.999923527,-0.170713469,-0.521643221,-0.078261964,0.999959052,0.246538535,-0.34275642,-0.0694899261,0.875325,-0.223943144,-0.243841469,-0.103067912,0.972355783,0.243034542,-0.424525142,-0.174250916,0.959656715,-0.272970825,-0.0465148762,-0.158346727,0.988532186,0.226628602,-0.455247909,-0.193117648,0.952158213,-0.263016552,-0.0130382683,-0.197417259,0.979537368,0.199829862,-0.479125,-0.198494345,0.954319596,-0.228777647,-0.026630776,-0.214715153,0.981285,0.236587569,-0.423070341,-0.180175573,0.933697402,-0.261238754,-0.039660804,-0.170624018,0.971684575,0.0846959502,-0.00568448473,0.0598593317,0.999897063,-0.0821699724,0.00177283119,-0.0589561611,0.999929488,0.0812702,0.388469,0.109067276,0.727918684,-0.0173603967,0.319073021,-0.0484189466,0.850002766,0.0453261919,0.705033,0.330590248,0.847294927,-0.102158204,0.689406574,0.133080155,0.903808892,0.0232206658,0.738265216,0.358458072,0.64264369,-0.109735064,0.719923377,0.112281919,0.506397784,0.0813995898,0.778440893,0.326656461,0.848465443,-0.0800287947,0.75363481,0.0227116197,0.847756624
3083.3333333333276,0.00806584582,-0.608627856,-0.302932471,0.999429226,0.0202630218,-0.626825,-0.289789,0.997983813,0.0223755017,-0.626606703,-0.279802024,0.997434199,0.0206038225,-0.626079142,-0.282468468,0.998098552,0.000419569405,-0.637366116,-0.318197519,0.999135673,0.00149890827,-0.635834515,-0.330896914,0.999293625,0.00720367162,-0.623639882,-0.310998,0.999506176,0.0460134111,-0.619102061,-0.17299071,0.998189747,-0.086000748,-0.579934657,-0.232687622,0.998902082,0.0273344,-0.596910775,-0.244930923,0.999496937,-0.00644848077,-0.566844404,-0.291469544,0.999694,0.123216927,-0.473487079,-0.0227853842,0.999925435,-0.170895487,-0.521676958,-0.073553741,0.999961,0.245158195,-0.342600375,-0.0673337877,0.877458811,-0.223999575,-0.244159281,-0.0990200117,0.972332358,0.241597459,-0.423747033,-0.172685727,0.96121192,-0.272732049,-0.047612913,-0.152801856,0.988518178,0.225068048,-0.454284847,-0.191679239,0.953572452,-0.262559384,-0.0141410455,-0.191263452,0.979431748,0.198254511,-0.478136063,-0.197047949,0.955552101,-0.228221983,-0.0277077369,-0.208506659,0.981154323,0.235058323,-0.42225939,-0.178581849,0.93498522,-0.260910809,-0.0408467799,-0.164952859,0.971535146,0.0844479427,-0.00568977743,0.0605907626,0.999899924,-0.0818996,0.00177327928,-0.0596812181,0.999932,0.0809927061,0.388483614,0.109419771,0.72162348,-0.0167784039,0.319102347,-0.0582895167,0.853744,0.043266397,0.704859138,0.331470221,0.842663109,-0.102133393,0.690891862,0.115960576,0.905787647,0.0209379904,0.738119662,0.359318465,0.640290558,-0.10974063,0.721532,0.0948469639,0.511412084,0.0807532072,0.777466,0.329950869,0.845736325,-0.0798717514,0.753905714,0.00599383563,0.850972831
3099.999999999994,0.00770391384,-0.607768238,-0.301385134,0.999465644,0.0195868667,-0.626127362,-0.288063526,0.998117447,0.0217799731,-0.625930905,-0.278119862,0.997595549,0.0200047046,-0.625403464,-0.280810028,0.998221219,-0.000258232962,-0.636601,-0.316760749,0.999194264,0.000884864596,-0.63506,-0.329426289,0.9993397,0.00657912623,-0.623046279,-0.309509426,0.999539375,0.0442896932,-0.618366063,-0.170732811,0.998291969,-0.0873919874,-0.578822196,-0.231324196,0.998970509,0.0267827492,-0.596109748,-0.243070319,0.999525,-0.00691861846,-0.565739036,-0.28992483,0.999711752,0.120023876,-0.472458392,-0.0185464602,0.999927044,-0.17101793,-0.521265924,-0.0729013458,0.999962866,0.241300195,-0.342001498,-0.0614703894,0.876314819,-0.224034771,-0.243674591,-0.0990611687,0.972491205,0.240108237,-0.422826827,-0.166706547,0.962057233,-0.272375047,-0.0474398024,-0.151908532,0.988551378,0.224104688,-0.453255504,-0.185312957,0.95423,-0.262138158,-0.0140565634,-0.189907014,0.979392231,0.197689742,-0.477032304,-0.190515071,0.956056535,-0.227786258,-0.0277251266,-0.207149595,0.981091678,0.233857319,-0.421304315,-0.172542796,0.935198545,-0.260545492,-0.0407528803,-0.16394636,0.97146517,0.0840897337,-0.00564154703,0.0622122101,0.999902248,-0.081516467,0.00169771269,-0.0613004714,0.999934196,0.080172807,0.388768494,0.109188445,0.714215,-0.0164895207,0.31908226,-0.0719751865,0.858506799,0.0418929234,0.705661297,0.331018507,0.839963615,-0.102813303,0.691470563,0.10145168,0.90817064,0.0194346458,0.739209771,0.35887295,0.639405847,-0.110754646,0.722192526,0.0808659121,0.517387569,0.0798190162,0.779525459,0.328289747,0.845255077,-0.0788029,0.75639,-0.007138466,0.855157435
3116.6666666666606,0.00684403628,-0.607570171,-0.302164257,0.999501169,0.0184361413,-0.626057565,-0.288840353,0.99824512,0.0207980368,-0.625863,-0.278882444,0.997754633,0.0190050863,-0.625332296,-0.281571567,0.998340368,-0.00139495544,-0.636459947,-0.317718744,0.999249816,-0.000215241365,-0.634898424,-0.330390155,0.999384046,0.00544535648,-0.622954965,-0.310400099,0.999570906,0.042407427,-0.618287325,-0.170925841,0.998397589,-0.0895682201,-0.578390777,-0.232021838,0.999036372,0.0257504061,-0.595915377,-0.243642375,0.999552906,-0.00803083926,-0.565381765,-0.290685028,0.999729276,0.11764437,-0.472154975,-0.0188315399,0.999929607,-0.172204927,-0.520926356,-0.0724929124,0.999964774,0.236540705,-0.34143576,-0.0622412562,0.878767371,-0.22454834,-0.243281469,-0.0948625952,0.972815692,0.237636641,-0.422159,-0.166932687,0.963514745,-0.272218257,-0.0469529703,-0.142685756,0.988723636,0.222135857,-0.45228532,-0.185798228,0.955610275,-0.2618047,-0.0133862076,-0.179255828,0.979648173,0.196297497,-0.476090074,-0.190974742,0.957303941,-0.227524877,-0.0273138881,-0.197548807,0.981318176,0.231724933,-0.420574576,-0.172838971,0.93667978,-0.260343254,-0.0404744893,-0.155083492,0.971832752,0.0839341059,-0.00564576173,0.0622259565,0.999904037,-0.0813445672,0.00169456657,-0.0613230281,0.999936104,0.0791882128,0.388773471,0.108911909,0.70944494,-0.0136415213,0.319100648,-0.072597973,0.863014936,0.0412328094,0.705725789,0.330837339,0.834209561,-0.101364888,0.694415927,0.0893073156,0.910662,0.0188868064,0.7393,0.358654261,0.636182249,-0.10967017,0.725468099,0.0672699511,0.52469784,0.078974463,0.779629827,0.330245763,0.841739595,-0.0784116238,0.758069754,-0.0222331453,0.859290242
3133.333333333327,0.00639879098,-0.607587576,-0.302102059,0.999527335,0.0179307293,-0.626137316,-0.288815439,0.998339057,0.0203711484,-0.625945568,-0.278857917,0.997870266,0.0185648967,-0.625411,-0.281553566,0.998429596,-0.001775985,-0.6365453,-0.317709893,0.999291062,-0.00057238288,-0.634965956,-0.330381393,0.99941653,0.00508902455,-0.623051226,-0.310392052,0.999594688,0.0410327874,-0.618291259,-0.171034232,0.998471677,-0.0900905132,-0.578392088,-0.23242487,0.999083459,0.0250165313,-0.595932305,-0.243664756,0.999572158,-0.00853215,-0.565389633,-0.290692121,0.999741673,0.116704375,-0.472046018,-0.01907539,0.999931276,-0.172802866,-0.520560086,-0.0726986602,0.999966323,0.236800924,-0.341379136,-0.0631773546,0.879707515,-0.225203902,-0.241920128,-0.0943755731,0.973247111,0.238218397,-0.421359748,-0.167894289,0.964118183,-0.27227062,-0.0463362113,-0.139281735,0.988868773,0.222809479,-0.450713605,-0.186676949,0.956012189,-0.261584133,-0.0127640618,-0.174869955,0.979894936,0.196878538,-0.474921554,-0.192143887,0.957602501,-0.227507666,-0.0272358712,-0.19341594,0.981538415,0.232279241,-0.419940263,-0.173863232,0.936940968,-0.260420024,-0.0402853079,-0.151754245,0.972227454,0.0837510079,-0.0056475969,0.0624985844,0.999904692,-0.0811341703,0.00168769376,-0.0616536625,0.999937177,0.0791929588,0.388773412,0.106983811,0.700768054,-0.0131478766,0.319322169,-0.0755079612,0.864818692,0.039155405,0.706006885,0.327510267,0.826140761,-0.100708261,0.696385741,0.0830094591,0.911265552,0.016613055,0.73960042,0.354984403,0.631480932,-0.109103821,0.727507293,0.0606224053,0.526323199,0.0779325143,0.779557943,0.329676747,0.836372137,-0.0770606548,0.758913159,-0.028371755,0.860719264
3149.9999999999936,0.00636905897,-0.607673228,-0.301015019,0.999549568,0.0177644603,-0.626318336,-0.287803471,0.998424947,0.0201983377,-0.626141071,-0.277795702,0.997974634,0.0184189882,-0.625613153,-0.280568928,0.998511553,-0.00185611576,-0.636791646,-0.317127943,0.999327362,-0.000657960132,-0.635174096,-0.329852045,0.999444306,0.00500638271,-0.623274565,-0.30983597,0.999614835,0.0391095802,-0.618483186,-0.170545265,0.998537958,-0.090700224,-0.57853657,-0.232615292,0.999121785,0.0246717036,-0.596047699,-0.242725074,0.999585867,-0.00868677627,-0.56546396,-0.29019624,0.999750078,0.113243602,-0.472261041,-0.0183372777,0.999932051,-0.172872946,-0.520623267,-0.0752536356,0.999967277,0.23233667,-0.341938049,-0.0602491535,0.875808895,-0.224884465,-0.241800129,-0.0967126414,0.97325325,0.237292245,-0.42086786,-0.162427977,0.96391,-0.27149418,-0.045872543,-0.141120091,0.988588691,0.222547203,-0.450194716,-0.180302367,0.9556458,-0.260803252,-0.0121216243,-0.177207023,0.979424238,0.196691498,-0.474442452,-0.186398789,0.957178175,-0.227244139,-0.0269450825,-0.195434749,0.981097341,0.231635302,-0.419412702,-0.168898746,0.936149716,-0.259947747,-0.0400450677,-0.153545782,0.971695662,0.0830399543,-0.00563873118,0.0639159679,0.999904871,-0.0804184079,0.00165793183,-0.0631594956,0.999937713,0.0793911815,0.388258606,0.113300771,0.682552874,-0.0132717546,0.319242626,-0.0732964426,0.862554,0.0370015055,0.705496192,0.328016639,0.815128326,-0.100636721,0.696372509,0.0901704058,0.909745157,0.0142379543,0.739192665,0.355111718,0.624636,-0.10893815,0.727491736,0.0680254921,0.52500695,0.0779858157,0.777404666,0.329857796,0.828760743,-0.072267063,0.758352637,-0.0203382764,0.859254956
3166.66666666666,0.00637626927,-0.607970059,-0.304499954,0.999571145,0.0177219883,-0.626648128,-0.291180968,0.998506,0.0201328937,-0.626478136,-0.281134695,0.998075068,0.0183711406,-0.625959933,-0.283962816,0.998587728,-0.00192564644,-0.637049139,-0.320780218,0.999361932,-0.000720311771,-0.635447264,-0.333779126,0.999471247,0.00493398914,-0.623561084,-0.313581347,0.999633789,0.0385863595,-0.61865288,-0.173410311,0.998598039,-0.0911413506,-0.578561485,-0.237236515,0.999159813,0.0245955102,-0.596301615,-0.245886609,0.99960053,-0.00873203203,-0.565671086,-0.293894857,0.999759495,0.112435028,-0.472438216,-0.0205431394,0.999933362,-0.173536822,-0.520449936,-0.0816952139,0.999968052,0.22870785,-0.341703832,-0.0650573075,0.873424411,-0.224807248,-0.239541948,-0.103421457,0.973409772,0.237396017,-0.417489409,-0.176826894,0.964262128,-0.270214021,-0.0429202,-0.145329773,0.988374174,0.222894758,-0.44563657,-0.196649894,0.956110477,-0.259006828,-0.0088097658,-0.182028234,0.978975177,0.196938515,-0.469385713,-0.20377329,0.957636714,-0.225646615,-0.0248812474,-0.200469017,0.980705,0.231871575,-0.415613979,-0.18413654,0.936537683,-0.258573413,-0.0375918634,-0.157955021,0.971119404,0.0830008164,-0.00565285189,0.0643933713,0.999905467,-0.0803833157,0.00165989716,-0.0636367351,0.999938369,0.0794269,0.388814181,0.116711192,0.672017932,-0.0137794372,0.319963485,-0.0727545246,0.862455308,0.0368709713,0.706776142,0.331845105,0.810292,-0.101254627,0.697423339,0.0918428525,0.909161091,0.0140969567,0.740766406,0.358870834,0.620363653,-0.109366573,0.728472948,0.0703568384,0.523244739,0.077687718,0.777849853,0.331590056,0.825707853,-0.0719567761,0.758849263,-0.0191884078,0.858832598
3183.3333333333267,0.00680984464,-0.60830152,-0.309463084,0.999594,0.017828187,-0.627082348,-0.295910299,0.998592794,0.0202460401,-0.626899898,-0.285843372,0.998186052,0.0184946377,-0.626405954,-0.288742214,0.998672426,-0.00178792758,-0.637326777,-0.326521337,0.999398351,-0.000564992661,-0.635734499,-0.339730173,0.999499798,0.00505482964,-0.623924732,-0.319291115,0.99965328,0.0376015976,-0.618701,-0.177016094,0.998674154,-0.0916031152,-0.578352213,-0.245113164,0.999199688,0.0246229414,-0.596507728,-0.250410765,0.999620199,-0.00864579435,-0.565756083,-0.299747497,0.999771297,0.110962979,-0.472503483,-0.024220312,0.999936044,-0.174687,-0.518546224,-0.0877149552,0.999968886,0.227936819,-0.341498315,-0.0690116361,0.873623312,-0.224755764,-0.234642625,-0.110570051,0.973309636,0.237627566,-0.414407,-0.184840277,0.965353847,-0.268429071,-0.0382772423,-0.152211338,0.98796767,0.223107979,-0.441442281,-0.205562741,0.9573614,-0.256490082,-0.00403663469,-0.189768463,0.978284061,0.197213516,-0.465347648,-0.212697729,0.958846867,-0.223149508,-0.0209791325,-0.208254308,0.980088234,0.232096434,-0.412135,-0.192460939,0.938034594,-0.256540716,-0.0334596932,-0.165119514,0.97021842,0.082983382,-0.00576348463,0.064971596,0.999906659,-0.0803666785,0.00172840478,-0.064192,0.999939203,0.0795610845,0.389174074,0.123430878,0.662209094,-0.0138386516,0.320047796,-0.0734795555,0.86473757,0.0358353704,0.706798136,0.346440226,0.805102348,-0.101532,0.700261593,0.0842941552,0.911462247,0.0129285129,0.740790606,0.374065191,0.616598964,-0.109588213,0.731556952,0.0619796291,0.529422283,0.0768314,0.777854741,0.347398072,0.822729766,-0.0720214471,0.760096788,-0.0310481843,0.862531304
3199.999999999993,0.00724178273,-0.609241664,-0.308563322,0.999603331,0.0180355273,-0.628112376,-0.295074403,0.998633564,0.0204026401,-0.627980173,-0.284959793,0.998237789,0.0186862871,-0.627480626,-0.287914038,0.998715818,-0.00148056203,-0.638396084,-0.326094836,0.999413788,-0.000274114689,-0.636798739,-0.339351356,0.999510407,0.0053589996,-0.624930382,-0.318902433,0.999660611,0.0365843587,-0.619447112,-0.176759154,0.998707831,-0.0916254893,-0.578740597,-0.244850546,0.999210417,0.0246475749,-0.597429454,-0.249825,0.9996261,-0.00845438614,-0.566571057,-0.299585551,0.999774277,0.110245869,-0.47353518,-0.0243486427,0.999937654,-0.175356746,-0.518354475,-0.0899307206,0.999969184,0.227941617,-0.34204182,-0.0691201091,0.871002614,-0.223289326,-0.232000634,-0.119170815,0.973055065,0.238377586,-0.413316876,-0.184540942,0.965540886,-0.263559103,-0.0367494449,-0.165103883,0.987650871,0.225003764,-0.439036757,-0.205092534,0.957660854,-0.251404494,-0.00243170257,-0.204002559,0.977854,0.198637575,-0.463204443,-0.212180674,0.959159851,-0.218690455,-0.0203681793,-0.221983612,0.979706883,0.233021632,-0.410993189,-0.192124039,0.938407302,-0.252058148,-0.0323860608,-0.178036273,0.969699264,0.0829550847,-0.00590195647,0.0652616546,0.999906957,-0.0803421065,0.00183952495,-0.0644721836,0.999939,0.0805412754,0.388657838,0.122601561,0.651068032,-0.0153825907,0.320045501,-0.0709880665,0.859480262,0.0364516303,0.706315458,0.344736546,0.79942441,-0.100977756,0.700221956,0.0849464387,0.909066439,0.0135724144,0.740323842,0.371315658,0.612065494,-0.108578332,0.731515169,0.0634081736,0.524736345,0.0789068416,0.776531935,0.344158351,0.818764627,-0.0703809783,0.759452939,-0.0292004049,0.859650254
3216.6666666666597,0.00691128,-0.609968066,-0.308420837,0.999603033,0.017521983,-0.628800631,-0.294965535,0.998640776,0.0197952595,-0.6287,-0.284846395,0.998246372,0.0181368832,-0.628209174,-0.28779757,0.998727798,-0.00202264171,-0.638927042,-0.325809836,0.999414504,-0.000787164201,-0.637375176,-0.339051098,0.999508262,0.00482519809,-0.625498533,-0.318624794,0.999658346,0.0349879265,-0.620047,-0.176904768,0.998709142,-0.0923971236,-0.578867555,-0.244612917,0.999201059,0.0241084062,-0.598175883,-0.24975872,0.999625385,-0.00876596756,-0.567185462,-0.299320757,0.999773,0.10997048,-0.474886775,-0.0255577546,0.999938905,-0.176362157,-0.517911077,-0.0911523104,0.999968708,0.228074938,-0.342037201,-0.073852025,0.870119452,-0.219938129,-0.229627758,-0.123700589,0.972582459,0.238506734,-0.406428456,-0.193205744,0.966194749,-0.257218242,-0.0345981307,-0.172786593,0.987249732,0.225783914,-0.429085016,-0.214132488,0.958541274,-0.244789705,0.000334872399,-0.212973833,0.977208,0.198774025,-0.452800423,-0.222886041,0.960077524,-0.212067693,-0.0184287801,-0.231265098,0.979152799,0.233098179,-0.403237075,-0.201546937,0.939562917,-0.245660797,-0.0303075798,-0.185937554,0.968857527,0.0830528736,-0.00604715,0.0652547926,0.999906361,-0.0804568082,0.00195535505,-0.0644616485,0.999938,0.0808975846,0.389133781,0.122270651,0.640953183,-0.0174255241,0.320342749,-0.0686631724,0.854864299,0.0382105857,0.706862092,0.344402462,0.79660356,-0.101293661,0.700281262,0.0919431373,0.907024205,0.0152887888,0.740972042,0.370393366,0.606558,-0.10873922,0.731544197,0.0703728944,0.518516898,0.0789656863,0.777077496,0.338307649,0.816312611,-0.0705118179,0.759490669,-0.0256013945,0.857105613
3233.333333333326,0.00694214646,-0.610025585,-0.308306068,0.999615908,0.017471496,-0.628961802,-0.294876814,0.998690784,0.0197353866,-0.628847659,-0.284754962,0.998309076,0.0180928633,-0.628387451,-0.28769958,0.998775482,-0.00214060443,-0.638943732,-0.325588077,0.999435246,-0.000872193195,-0.637399137,-0.338825,0.999524295,0.00472386321,-0.625536382,-0.318410516,0.999668896,0.034247227,-0.620440841,-0.176809937,0.998749375,-0.0930801928,-0.578602791,-0.244328827,0.999222279,0.0241198782,-0.598321319,-0.24969849,0.999636352,-0.00874761492,-0.567201614,-0.299112469,0.999779403,0.109739468,-0.475257635,-0.0254387166,0.999940515,-0.176485687,-0.516926944,-0.0916245654,0.999969125,0.22750482,-0.340120286,-0.0744074807,0.870994925,-0.216719061,-0.2263868,-0.126632035,0.973285496,0.23968333,-0.390635,-0.197320312,0.967244089,-0.250106633,-0.0307876077,-0.180185229,0.987485349,0.228802174,-0.410185039,-0.21922797,0.95981127,-0.23696135,0.00488278596,-0.222501159,0.97757715,0.20100981,-0.43377018,-0.228898078,0.96137166,-0.202911988,-0.0145580331,-0.24098739,0.9795174,0.234238923,-0.386421174,-0.206175059,0.941346228,-0.237593919,-0.0264264289,-0.193728253,0.969298959,0.0831253082,-0.00613344,0.0657091737,0.999903917,-0.0805509686,0.00199909019,-0.0648873448,0.9999367,0.0837664455,0.389858127,0.126882941,0.627515495,-0.0174971912,0.320673734,-0.0681524575,0.854418635,0.0416168682,0.710096,0.344562471,0.789609313,-0.101154715,0.704972684,0.0868219212,0.906826258,0.0188836,0.744708359,0.37048319,0.598711848,-0.108326808,0.736660779,0.063615419,0.515785336,0.0819443241,0.777383327,0.33746174,0.811163545,-0.0676697865,0.760707915,-0.0361236036,0.857115567
3249.9999999999927,0.0041141822,-0.611759365,-0.308245361,0.999622703,0.0147346212,-0.630532742,-0.294821262,0.99871558,0.0169743057,-0.630483091,-0.284691095,0.998348236,0.0154296914,-0.62998122,-0.287630409,0.998806715,-0.00493079238,-0.64025408,-0.325420469,0.999442637,-0.00364147918,-0.638772,-0.338706493,0.999530256,0.00200556894,-0.626915216,-0.318300337,0.999672353,0.0322110727,-0.621276,-0.176948592,0.998777866,-0.0945858508,-0.579014242,-0.244156405,0.999226093,0.0216852576,-0.599821687,-0.249640778,0.999646366,-0.0109098805,-0.568651438,-0.298982233,0.999784589,0.10968215,-0.475972414,-0.028049035,0.999942958,-0.180988267,-0.516375124,-0.0913829058,0.999969363,0.226134524,-0.338681161,-0.0819681212,0.875990927,-0.217459306,-0.222264439,-0.115771644,0.97403121,0.239763379,-0.373767823,-0.214322194,0.968935,-0.250547022,-0.0265668277,-0.167061567,0.987772048,0.22898224,-0.38873902,-0.238872081,0.961872756,-0.23656483,0.00992176402,-0.209503889,0.978094101,0.201076284,-0.412781477,-0.250472277,0.963432,-0.203097925,-0.0118301772,-0.231317922,0.980037451,0.234184742,-0.368860036,-0.224404871,0.944366574,-0.237907887,-0.0232126471,-0.182008803,0.970044851,0.084000051,-0.00628201757,0.0654537901,0.999903917,-0.0814561,0.00213655038,-0.064636007,0.999936283,0.0851033106,0.39039129,0.126223356,0.62736237,-0.021446351,0.320751488,-0.0619778372,0.856315911,0.0441600718,0.7123878,0.346457839,0.788671255,-0.101240799,0.706303775,0.0979081914,0.907108605,0.0219031554,0.747314453,0.372984111,0.596108437,-0.108302519,0.738027036,0.0750709847,0.511743426,0.0842613131,0.778112769,0.338386685,0.810313642,-0.0677321181,0.761638165,-0.0303698592,0.857182145
3266.6666666666592,2.72744401e-005,-0.612119615,-0.307438463,0.999599397,0.0113351867,-0.630716264,-0.294387221,0.998636246,0.0133850677,-0.630707622,-0.284206867,0.998271286,0.0119436095,-0.63017118,-0.287139565,0.998751,-0.00851576123,-0.640405536,-0.323546261,0.999399424,-0.00732206693,-0.638930202,-0.336901873,0.999496341,-0.00157050521,-0.627026141,-0.316591531,0.999646425,0.0317180082,-0.621562362,-0.177097797,0.998737514,-0.0951998,-0.579185486,-0.240251184,0.999169707,0.0193238165,-0.600292325,-0.249487147,0.999637365,-0.0133046545,-0.56919086,-0.297509521,0.999776959,0.111242533,-0.476669431,-0.0325731598,0.999944627,-0.183433861,-0.516146719,-0.0859295279,0.99996841,0.226106882,-0.336238384,-0.0866901577,0.880728483,-0.216320828,-0.221153945,-0.10392008,0.974000156,0.239840969,-0.359935492,-0.213137388,0.970293,-0.247567117,-0.0234939568,-0.158897817,0.987810612,0.229330748,-0.372942388,-0.236273378,0.963560343,-0.232424438,0.0144014629,-0.201716855,0.97822845,0.201166525,-0.396807075,-0.248385191,0.965157092,-0.200567856,-0.00872945506,-0.225408301,0.980223536,0.234265298,-0.354561269,-0.223196551,0.946949601,-0.235034734,-0.0203897692,-0.174729973,0.970365703,0.0855677202,-0.00653575454,0.0620850585,0.999903679,-0.0830741301,0.00242758403,-0.0612093396,0.99993515,0.0864017606,0.390270859,0.117935635,0.637460649,-0.0249803681,0.320776343,-0.0394245051,0.855667472,0.0521519929,0.711067438,0.342830092,0.793037653,-0.0981497765,0.706151545,0.146414652,0.905854702,0.0303791631,0.745746,0.369630575,0.595093727,-0.103738084,0.737838805,0.125444576,0.504113913,0.0863390788,0.777603328,0.330132574,0.812242866,-0.0678237602,0.761659741,0.0258014426,0.854427397
3283.3333333333258,-0.00126045314,-0.611061454,-0.306888789,0.999587893,0.010317591,-0.629673839,-0.294076145,0.998596251,0.0122936489,-0.629732847,-0.283877283,0.998239875,0.0109042516,-0.629212141,-0.286820829,0.998729289,-0.009779118,-0.639032066,-0.322041273,0.99937427,-0.00849071145,-0.637603343,-0.335497558,0.99947542,-0.00276308064,-0.625642717,-0.315192968,0.999628842,0.0317720883,-0.621038437,-0.177516907,0.998726785,-0.0951499939,-0.577319801,-0.236782029,0.999132514,0.0189384408,-0.599533,-0.249441832,0.999635875,-0.0136373928,-0.568201602,-0.296380371,0.999774,0.114841223,-0.476298392,-0.0385571048,0.99994719,-0.183708623,-0.512572,-0.0835253298,0.999968231,0.225450814,-0.329316527,-0.0992343277,0.884553373,-0.214248791,-0.21675761,-0.10415981,0.974028647,0.239904031,-0.33625865,-0.225024626,0.971476316,-0.238134578,-0.019788608,-0.163910255,0.98789227,0.230146021,-0.344085634,-0.24770166,0.965150476,-0.220929787,0.0197588801,-0.208887503,0.978494346,0.201471046,-0.368258983,-0.262723982,0.966816366,-0.187930986,-0.00527365552,-0.233434752,0.980540514,0.234324738,-0.329868346,-0.236002684,0.949418426,-0.224610552,-0.017076347,-0.180550233,0.970842183,0.0876345709,-0.00680084061,0.0591758117,0.99990356,-0.0851608068,0.00271576177,-0.0582078658,0.999934196,0.0903481245,0.390556484,0.10295359,0.640779436,-0.0249043517,0.32113108,-0.0412059948,0.853649497,0.0673030093,0.711028457,0.326444864,0.794274867,-0.091447331,0.707094133,0.14196308,0.903620422,0.046245791,0.745673895,0.352689445,0.586894453,-0.0958008692,0.738835037,0.120703988,0.493263394,0.0933631659,0.777657688,0.30861181,0.81215924,-0.065795131,0.763253808,0.0220064353,0.851509392
3299.9999999999923,-0.0030720497,-0.610411465,-0.298269212,0.999588549,0.00881594513,-0.629141867,-0.285399824,0.998600662,0.0107888747,-0.629270494,-0.275167495,0.998259485,0.00943548419,-0.628721178,-0.278273374,0.99874,-0.0118069351,-0.638211,-0.310742,0.999372363,-0.010531093,-0.636805,-0.324154139,0.99947542,-0.00475036819,-0.624809206,-0.304076135,0.999627113,0.0319304429,-0.620935261,-0.170881316,0.998746693,-0.0954176,-0.575991869,-0.220490262,0.999133289,0.0185231846,-0.599164546,-0.24242714,0.999639809,-0.014408119,-0.567539096,-0.285687596,0.999774814,0.118472748,-0.476106882,-0.0357872583,0.999949,-0.184103936,-0.510278463,-0.0696752146,0.999968231,0.222653419,-0.323989332,-0.0987983868,0.887037098,-0.212825328,-0.214313,-0.0877323821,0.974483788,0.23987098,-0.315555,-0.221274927,0.972202539,-0.231285498,-0.0189259127,-0.151894733,0.98821795,0.230410784,-0.31852749,-0.243378505,0.966336489,-0.211584821,0.0216184389,-0.197567314,0.979172111,0.201603845,-0.341695577,-0.257281572,0.968109787,-0.17802009,-0.00488894619,-0.223450929,0.981193,0.234222561,-0.30790934,-0.231579199,0.951455057,-0.216862023,-0.0166709945,-0.168901876,0.971819937,0.0899104849,-0.00683175353,0.0570141189,0.999904752,-0.0874487,0.00278428779,-0.0559397,0.999934614,0.0928713381,0.390597314,0.0916475579,0.651839,-0.0253345706,0.320993751,-0.0423317775,0.857089639,0.072096251,0.709380925,0.319222838,0.798270583,-0.0857403,0.705880463,0.145130664,0.903624713,0.0512841642,0.74382484,0.345828,0.58393991,-0.0891985,0.737650275,0.124229394,0.488532454,0.0966757,0.776627481,0.303098917,0.813733459,-0.0642029494,0.762329578,0.0285569616,0.850703716
3316.666666666659,-0.00586331263,-0.610751688,-0.275094151,0.999579489,0.00539054116,-0.629708052,-0.263172328,0.998576939,0.00749136787,-0.630075157,-0.252940834,0.99824959,0.00625854963,-0.629487336,-0.256427109,0.99873811,-0.0150477877,-0.6386531,-0.287507236,0.999352753,-0.013671251,-0.63717258,-0.300631076,0.999458432,-0.00796722528,-0.625092208,-0.280998409,0.99961412,0.0306549799,-0.622465432,-0.153554633,0.998745799,-0.0964486301,-0.576034486,-0.199504316,0.999103427,0.0168773159,-0.599982262,-0.220848262,0.999637246,-0.0159167666,-0.567840636,-0.262338728,0.99977,0.118479401,-0.476565242,-0.0226222165,0.999951184,-0.185017347,-0.509971619,-0.0534239821,0.99996835,0.20910953,-0.321332961,-0.0872741863,0.884738743,-0.213933244,-0.21403,-0.068542026,0.974545598,0.235212445,-0.303073198,-0.216227561,0.972231805,-0.228072271,-0.0192939825,-0.125878632,0.988181233,0.229168847,-0.303531229,-0.237502575,0.966979921,-0.204654455,0.021770034,-0.168912083,0.979386449,0.201264277,-0.324582368,-0.255839825,0.968926609,-0.17085734,-0.00529340655,-0.193629682,0.981447041,0.230837792,-0.295029372,-0.228431538,0.952860594,-0.213081241,-0.0170063339,-0.142092586,0.972267091,0.0907647833,-0.00682407804,0.0564214438,0.999904752,-0.0882275775,0.0027876345,-0.0553895086,0.999933898,0.0940406471,0.390914142,0.0738775879,0.642344713,-0.0257389788,0.320922792,-0.0494292453,0.852199137,0.0727428272,0.709529042,0.2928496,0.786451519,-0.0848376,0.705809176,0.142631084,0.895558059,0.0517601743,0.743848562,0.318579,0.56173104,-0.0880583599,0.737553895,0.121457621,0.467954516,0.0982328802,0.776627362,0.280480772,0.802580476,-0.0586493425,0.762257099,0.0256006476,0.840299487
3333.3333333333253,-0.00903462805,-0.610673964,-0.275526822,0.999593258,0.00333584333,-0.629665315,-0.262916535,0.998630226,0.00546747446,-0.630057216,-0.252739847,0.998322725,0.00421464723,-0.629456699,-0.25617215,0.998790562,-0.0180594977,-0.638567507,-0.286404371,0.999371827,-0.0166942198,-0.637097657,-0.299511045,0.999474466,-0.0109524513,-0.625013351,-0.279869467,0.999624312,0.0310541727,-0.622463584,-0.151437327,0.998799741,-0.0971616283,-0.575784385,-0.192755967,0.999125838,0.0156789199,-0.599974155,-0.221180901,0.999650478,-0.0179153401,-0.567779422,-0.261444807,0.999776423,0.121242449,-0.476547033,-0.0192009211,0.99995327,-0.18623051,-0.508524954,-0.0452629216,0.999968529,0.210496724,-0.318512529,-0.0841665417,0.88327086,-0.216375813,-0.21084401,-0.059734948,0.974466562,0.235419914,-0.284040779,-0.214917824,0.971861184,-0.223031536,-0.0194291491,-0.125369251,0.988247454,0.229343,-0.279168069,-0.237040505,0.967288315,-0.195617989,0.021603087,-0.170053214,0.979751885,0.201214597,-0.300340712,-0.254978985,0.969426692,-0.160354808,-0.00656072283,-0.194607899,0.981807709,0.230877832,-0.27457428,-0.226902843,0.953732371,-0.206559539,-0.0172542725,-0.14174825,0.97274971,0.0921712741,-0.00683142571,0.0548772216,0.99990809,-0.0895759836,0.00280966377,-0.0536858402,0.999935627,0.0969672129,0.392705262,0.0628853291,0.655514717,-0.0259996429,0.321032941,-0.0491704382,0.855801225,0.0775814801,0.709954,0.282791913,0.793489456,-0.077933,0.705039263,0.15441221,0.895919859,0.0570737943,0.744247258,0.308879316,0.562082231,-0.0800199285,0.736716509,0.134772167,0.46274671,0.103992216,0.778423,0.268992662,0.807823896,-0.0538011,0.762332678,0.045016665,0.84029
3349.999999999992,-0.0103103174,-0.611328721,-0.281797588,0.999607384,0.00282135513,-0.63060087,-0.267282337,0.998684704,0.004917596,-0.630958259,-0.257104963,0.998396456,0.00365674659,-0.630329,-0.260638714,0.998838365,-0.0198960062,-0.639044523,-0.288547486,0.999391735,-0.0185545944,-0.637688696,-0.302119821,0.999492645,-0.0127524436,-0.625645816,-0.28229326,0.999634922,0.0325825065,-0.623520613,-0.152467653,0.998850465,-0.0989246815,-0.575922906,-0.197170615,0.999150872,0.0153736081,-0.600797415,-0.22661972,0.99966,-0.0192665495,-0.56847173,-0.264159203,0.999780416,0.123872958,-0.477603763,-0.0193732269,0.999953687,-0.189241514,-0.508231342,-0.0486745723,0.999967217,0.211422265,-0.318792224,-0.088606894,0.88296032,-0.218101501,-0.208922476,-0.0656379834,0.974594,0.23656024,-0.278409779,-0.241125718,0.971693695,-0.213239864,-0.0204289667,-0.136379451,0.988381267,0.231830955,-0.269537657,-0.271223277,0.96789515,-0.182220012,0.0207949467,-0.188774884,0.980256736,0.201361835,-0.289815873,-0.291077465,0.970222473,-0.145146176,-0.0151160061,-0.214808926,0.982300162,0.231066,-0.266872525,-0.254827142,0.954986155,-0.194854587,-0.0206923746,-0.15459767,0.973295212,0.0938841924,-0.00686188648,0.0543203279,0.999910891,-0.0913822576,0.00290298345,-0.0529684052,0.999936938,0.100142546,0.392532855,0.0657404959,0.673378766,-0.0280895401,0.320646882,-0.0377089679,0.862353325,0.083751075,0.708089292,0.288853645,0.803713262,-0.0740211308,0.701437414,0.175935477,0.899131596,0.0642801896,0.742543757,0.314996809,0.572773576,-0.0751235262,0.732767463,0.157109156,0.466166943,0.115520954,0.775746,0.275954366,0.816398442,-0.0492880419,0.76037693,0.0665395483,0.843856037
3366.6666666666583,-0.0115228565,-0.615696073,-0.282252818,0.999608636,0.00211134,-0.634731,-0.26792413,0.998694,0.00417131931,-0.63501215,-0.257713467,0.998416603,0.00294816028,-0.634431899,-0.261288464,0.998845518,-0.021216454,-0.642435908,-0.28992939,0.999388456,-0.0198356975,-0.641353428,-0.303566366,0.999491692,-0.0139451567,-0.629199,-0.283598185,0.999631584,0.0326422714,-0.626505196,-0.153655082,0.998858094,-0.0994427502,-0.577527702,-0.196075469,0.999146819,0.014480182,-0.605115116,-0.227411225,0.999657929,-0.0203504488,-0.572578371,-0.265763164,0.999776,0.124534689,-0.480667502,-0.0219773743,0.999953747,-0.191111907,-0.508160591,-0.0500318781,0.999965668,0.207380399,-0.332635283,-0.106269352,0.881309509,-0.218665287,-0.209098816,-0.069059357,0.97402519,0.236656815,-0.277057648,-0.277585119,0.970216572,-0.205926314,-0.0298955608,-0.138520524,0.988291502,0.234522715,-0.26019302,-0.311764061,0.967333376,-0.173263043,0.013296769,-0.192160398,0.980464935,0.20157142,-0.271551579,-0.332741618,0.969964385,-0.134824544,-0.0269705728,-0.218857422,0.982510865,0.231074035,-0.260510772,-0.29251644,0.954809487,-0.186603785,-0.0322019793,-0.157629207,0.973439872,0.094726719,-0.00700008869,0.0525683239,0.999915361,-0.0922349542,0.00307949679,-0.0511146411,0.999939442,0.101264745,0.392537832,0.0693735853,0.681349814,-0.0304911081,0.321667492,-0.0155996522,0.862562954,0.0884859189,0.707742929,0.289006263,0.808570325,-0.0719874725,0.701741755,0.185091928,0.89890039,0.0697630048,0.742270708,0.314914852,0.572515,-0.0724861,0.73303628,0.164399788,0.461391956,0.124516726,0.774746597,0.274938464,0.819974244,-0.0491507538,0.760834813,0.076694563,0.84253788
3383.333333333325,-0.0135242874,-0.618246138,-0.282289475,0.99963212,0.000963042374,-0.637575269,-0.267603636,0.998776495,0.00305442931,-0.637842059,-0.257439435,0.998520434,0.00185124925,-0.637257,-0.260997772,0.998918533,-0.0234453119,-0.644938171,-0.289540082,0.999422789,-0.02207046,-0.643949389,-0.303153872,0.999521,-0.0161108971,-0.631881356,-0.283150792,0.999650955,0.0336037837,-0.629048169,-0.151983425,0.998932183,-0.100703269,-0.579208136,-0.189574525,0.999189556,0.0135986675,-0.607821703,-0.227452636,0.999677,-0.0221752878,-0.575047255,-0.265719056,0.999786377,0.12677449,-0.481934071,-0.0213601831,0.999955416,-0.192605585,-0.508191884,-0.0442522503,0.999965549,0.207723439,-0.333203048,-0.104594678,0.886262238,-0.220503196,-0.209559038,-0.0673735812,0.974717,0.239437699,-0.263859183,-0.26483205,0.971260548,-0.1994275,-0.0377711058,-0.141931742,0.988760471,0.238530055,-0.243226185,-0.297430754,0.968736887,-0.16411373,0.00452572387,-0.197733119,0.981405258,0.202544212,-0.254329354,-0.317056507,0.971363306,-0.124077462,-0.0393858403,-0.223752871,0.98336643,0.23221083,-0.246133879,-0.278755665,0.956950486,-0.178619623,-0.0419956483,-0.161191374,0.974602461,0.0955288112,-0.00703990553,0.0520071089,0.999919653,-0.093036361,0.00314830663,-0.0504661165,0.999941766,0.104370862,0.392558753,0.0669765696,0.699837327,-0.0309455823,0.321810544,-0.0156475659,0.869576275,0.0903349221,0.707988441,0.285131723,0.819080532,-0.0720463172,0.701730728,0.182452634,0.90298146,0.0716879144,0.742714107,0.31140241,0.585875392,-0.072627,0.733019471,0.161595821,0.468366176,0.131248787,0.774507701,0.269971728,0.829294741,-0.048246678,0.761090398,0.0732776374,0.848021567
3399.9999999999914,-0.013652673,-0.622357,-0.282486826,0.999645174,0.000889012299,-0.642152488,-0.267929554,0.998828769,0.00297719636,-0.642389238,-0.257715613,0.998587966,0.00177590107,-0.641894817,-0.26131767,0.998962939,-0.0237783175,-0.649486184,-0.290223688,0.999440432,-0.0223802272,-0.648557723,-0.303847849,0.999536455,-0.0163864959,-0.636402905,-0.283766866,0.999659419,0.0338127799,-0.63461256,-0.152451456,0.998976111,-0.101194575,-0.583598614,-0.190980464,0.999207258,0.013328026,-0.61280328,-0.227658674,0.999681354,-0.0225303378,-0.579562366,-0.266327202,0.999785721,0.126696423,-0.487059027,-0.0215723645,0.999955833,-0.192465216,-0.511170328,-0.0460074134,0.999964654,0.204729065,-0.338718653,-0.104235262,0.886262596,-0.220082849,-0.214204147,-0.0772229,0.974401712,0.239870787,-0.260286242,-0.257535636,0.970669031,-0.189040303,-0.0558519587,-0.164483964,0.988892674,0.24039802,-0.236477032,-0.287569851,0.968755424,-0.153420106,-0.0153138172,-0.218506709,0.981963336,0.203911334,-0.244247407,-0.305849493,0.971546769,-0.112909228,-0.0599216782,-0.241352364,0.983872473,0.23253046,-0.240656689,-0.270499051,0.957468,-0.168134943,-0.0614675768,-0.181871355,0.975238204,0.0956082791,-0.00705613522,0.0520652086,0.999923,-0.0931217521,0.00317245419,-0.0505254865,0.999943435,0.108091399,0.390532136,0.0679183453,0.710150599,-0.0313337,0.320557356,-0.0154045541,0.873744249,0.0945347473,0.70453459,0.287077278,0.825756311,-0.0714984685,0.700973272,0.177564412,0.906070471,0.075581111,0.739469111,0.31326,0.592733502,-0.0719972625,0.732359767,0.156463057,0.473349392,0.135089889,0.772028506,0.273138314,0.835453451,-0.0457579568,0.761680663,0.0696781054,0.852279127
3416.666666666658,-0.015554877,-0.626083553,-0.28241232,0.999651253,-0.00119459908,-0.645994782,-0.268408626,0.998857737,0.000886705471,-0.646320343,-0.258184612,0.99863416,-0.000249561795,-0.645849586,-0.261775345,0.998994946,-0.0254663583,-0.653396726,-0.290656954,0.999442875,-0.0240017381,-0.652404547,-0.304227293,0.999540567,-0.0179800075,-0.640136778,-0.28412652,0.999658883,0.0331324227,-0.638040185,-0.154775426,0.999014914,-0.101152554,-0.586285651,-0.192579761,0.999200106,0.011654174,-0.616810918,-0.228009671,0.999688566,-0.0233291145,-0.583221316,-0.266726822,0.999786139,0.126625896,-0.489710182,-0.0295781083,0.999957919,-0.192572236,-0.512451887,-0.0467737205,0.999964058,0.205359325,-0.339470118,-0.10252966,0.890349448,-0.220774233,-0.215977162,-0.0785732195,0.973593891,0.240858808,-0.246211872,-0.25551939,0.971388638,-0.179180101,-0.0651468858,-0.173609868,0.988797784,0.241994053,-0.219984412,-0.284051597,0.969700396,-0.139035121,-0.027453389,-0.22682032,0.98223877,0.204530865,-0.225437835,-0.300852954,0.972491324,-0.0985515341,-0.0737724528,-0.248175636,0.984132,0.233217746,-0.225137219,-0.267956,0.95891875,-0.157155514,-0.0724903867,-0.190290421,0.975450933,0.0956976861,-0.00709991297,0.0512706228,0.999926507,-0.0932134539,0.00322908582,-0.0496843122,0.999944746,0.113141574,0.387734324,0.060778521,0.721236229,-0.0318464525,0.318729639,-0.0157424286,0.875888,0.0960199833,0.700636506,0.277778894,0.829996109,-0.0716162249,0.699635088,0.175069794,0.90768373,0.0764421374,0.734984219,0.304202378,0.593747616,-0.0720997527,0.731075704,0.153752774,0.473034024,0.134172663,0.767918944,0.266162783,0.839503527,-0.0453135259,0.76110965,0.0672873,0.854823
3433.3333333333244,-0.0159665532,-0.628756821,-0.276670247,0.999661,-0.00153743196,-0.648163378,-0.263266057,0.998900652,0.000501673378,-0.64861846,-0.252848208,0.998694122,-0.000621737912,-0.648212254,-0.256573081,0.999036849,-0.026041599,-0.655542,-0.284386188,0.999453068,-0.0245884843,-0.654642224,-0.297908813,0.99955076,-0.0185774937,-0.64249,-0.277676344,0.999662817,0.0330779776,-0.639762402,-0.15062961,0.999065459,-0.101246476,-0.587948,-0.184791818,0.999205112,0.0112473816,-0.619581521,-0.223541,0.999701142,-0.0237225965,-0.586010396,-0.26118806,0.999790549,0.127064019,-0.490323126,-0.0287754629,0.99996,-0.194406137,-0.513657093,-0.0371265747,0.999963,0.205604762,-0.339222699,-0.0968318358,0.896406174,-0.22099182,-0.217528775,-0.0787252858,0.972802818,0.240887791,-0.235256121,-0.25341621,0.972873688,-0.171530813,-0.0791528746,-0.19175972,0.988844812,0.241933152,-0.207927331,-0.281211585,0.971357048,-0.13043566,-0.0447544381,-0.24944444,0.982749104,0.204274401,-0.21284394,-0.297001034,0.97405684,-0.0891559646,-0.0934921429,-0.269886851,0.984592319,0.233184457,-0.213372275,-0.26702264,0.96121484,-0.148825735,-0.0878200382,-0.208431125,0.975966394,0.0959643796,-0.0072447774,0.0492598191,0.999930739,-0.0935113057,0.00341774942,-0.0473918617,0.999946833,0.116063803,0.386948049,0.0595889762,0.738967955,-0.0334631316,0.318821818,-0.00777773373,0.881817222,0.101784103,0.698443234,0.277789682,0.839697301,-0.0678644106,0.699653745,0.182930976,0.912470043,0.0822050124,0.732763708,0.304586887,0.604110777,-0.0673045292,0.731103,0.160990626,0.486578733,0.135505468,0.766237915,0.265847355,0.848280132,-0.044958666,0.761140406,0.0760137737,0.861761391
3449.999999999991,-0.014473117,-0.630701721,-0.271033555,0.999664843,-0.000377988908,-0.650378048,-0.257888496,0.998927772,0.00154413807,-0.650905192,-0.247431442,0.998733,0.000420383876,-0.650553644,-0.25120604,0.999063611,-0.0253525767,-0.657651305,-0.279242367,0.999454856,-0.0238485448,-0.656767964,-0.292636186,0.999554396,-0.0177939925,-0.644620895,-0.272461534,0.999662161,0.0334585495,-0.642921,-0.144960612,0.99910152,-0.100666322,-0.589454949,-0.181411579,0.999196768,0.0124860117,-0.62232095,-0.21769166,0.999706388,-0.022286674,-0.588019073,-0.256173104,0.999788642,0.128346682,-0.492005855,-0.0205025189,0.999960899,-0.192791343,-0.517669678,-0.0372018665,0.999961853,0.205997989,-0.339046597,-0.071417667,0.899774134,-0.218618438,-0.22686626,-0.0963533595,0.972546339,0.245352969,-0.228069454,-0.207056478,0.973475277,-0.158947811,-0.100789286,-0.233564168,0.989016,0.246021345,-0.199988723,-0.233949333,0.972117841,-0.117813222,-0.0694291592,-0.294877708,0.983401477,0.209158719,-0.206015408,-0.255563438,0.974834442,-0.0740435421,-0.118480556,-0.311275274,0.985169411,0.237775415,-0.206376508,-0.220661402,0.962476194,-0.135530025,-0.109989919,-0.249014154,0.976676345,0.0958867222,-0.00724687707,0.0497264825,0.999933422,-0.0934605375,0.00342633831,-0.0476919711,0.999947846,0.120310098,0.386879236,0.0584947877,0.754021704,-0.0331173427,0.318843514,-0.00856237113,0.887384713,0.102191515,0.698540211,0.270075619,0.848523557,-0.06808009,0.699643075,0.174144953,0.917105675,0.0821356773,0.732859552,0.296512425,0.617374301,-0.0678476244,0.731100678,0.150529072,0.499026835,0.136370793,0.766257644,0.257082969,0.856913328,-0.0426476,0.76112324,0.0644297153,0.868938327
3466.6666666666574,-0.011440401,-0.632451832,-0.268342286,0.999674857,0.00255330652,-0.652189553,-0.25535956,0.998970568,0.00438012462,-0.652734697,-0.244909585,0.998789251,0.00322371419,-0.652414441,-0.24865675,0.999104381,-0.0226673074,-0.659644365,-0.276965767,0.999467254,-0.0210462138,-0.658725441,-0.29029116,0.999566138,-0.014901964,-0.646663547,-0.270149916,0.999668,0.0346763879,-0.644554257,-0.142930239,0.999148786,-0.0983679742,-0.591029525,-0.181054756,0.999204457,0.0146485977,-0.624448776,-0.215288341,0.999717951,-0.0195570234,-0.589906037,-0.254341692,0.999792874,0.130295023,-0.492690206,-0.0173127688,0.999962509,-0.19081682,-0.520362258,-0.0384377502,0.999961913,0.209968716,-0.33718279,-0.0563598536,0.904453397,-0.21553801,-0.235576853,-0.11316561,0.972728074,0.254035115,-0.213956818,-0.178101808,0.974679351,-0.148747697,-0.121540472,-0.25701645,0.989478111,0.2543661,-0.182272032,-0.203104138,0.973366201,-0.107386902,-0.0926979855,-0.319888145,0.984337,0.217410848,-0.187486306,-0.226495221,0.976019442,-0.0617414489,-0.143431976,-0.334536135,0.986000299,0.246092021,-0.190939084,-0.191415027,0.964287,-0.124687143,-0.131918788,-0.271797329,0.977821946,0.0958170816,-0.00731914816,0.0507270023,0.999936163,-0.0934047848,0.00348767731,-0.0484920852,0.999948919,0.128042594,0.386616826,0.0594366714,0.765734673,-0.0291379467,0.318856299,-0.0202029888,0.892132044,0.107913584,0.698155522,0.270100474,0.854166031,-0.0649798959,0.699929833,0.1528624,0.920827091,0.087558642,0.732484341,0.296534508,0.624929905,-0.064979434,0.73145771,0.128359154,0.5084939,0.144162387,0.764744937,0.258526176,0.863010943,-0.0361710414,0.761751115,0.0424048975,0.875089407
3483.333333333324,-0.00941642653,-0.632673,-0.269271314,0.99967891,0.00459334347,-0.652586043,-0.2562747,0.998998582,0.00632707914,-0.653130293,-0.24584724,0.99883014,0.00510762632,-0.652857482,-0.249564648,0.999132395,-0.0209346712,-0.660314798,-0.27810365,0.999469399,-0.0192028247,-0.659345746,-0.291442454,0.999570787,-0.0131094791,-0.64732796,-0.271295816,0.999666929,0.0354074873,-0.645495892,-0.143742234,0.999190807,-0.0973786935,-0.592457473,-0.182298601,0.999199808,0.0158611834,-0.625050962,-0.216068655,0.999726355,-0.0181516446,-0.590540946,-0.255287915,0.999794602,0.130434379,-0.493811697,-0.0172970407,0.999963939,-0.189419344,-0.524346411,-0.038864512,0.999961615,0.214906737,-0.335919827,-0.0468884557,0.908900499,-0.213582858,-0.244660586,-0.135789886,0.972490489,0.2630741,-0.200825125,-0.152784571,0.975719929,-0.138507336,-0.137677744,-0.296243,0.98992455,0.263006568,-0.167682379,-0.174078152,0.974399209,-0.0962684229,-0.112322308,-0.362923414,0.985257626,0.226559594,-0.171839103,-0.198090643,0.976999283,-0.0492643937,-0.16422908,-0.374586195,0.986817718,0.255368322,-0.176641852,-0.165437475,0.96581763,-0.113904864,-0.149264917,-0.310336351,0.978963435,0.0955996066,-0.0074046026,0.0518655665,0.999937,-0.0932254,0.00354636181,-0.0493656434,0.999948382,0.13577725,0.387823433,0.0588013344,0.775779784,-0.0246462207,0.318758905,-0.0315848254,0.896097302,0.11131154,0.689043283,0.271718323,0.855821908,-0.0597408786,0.701248884,0.134256169,0.924140096,0.0899445266,0.721290886,0.298308194,0.625332296,-0.0595445931,0.733083129,0.109080985,0.516924739,0.142630681,0.758752823,0.258906364,0.865779638,-0.0241380725,0.765291274,0.0218771454,0.880432487
3499.9999999999905,-0.0078098285,-0.632409513,-0.271136671,0.999693871,0.00556343468,-0.65228951,-0.259366035,0.999055743,0.00715635624,-0.652847052,-0.248678312,0.99890238,0.00591425784,-0.65255481,-0.252351463,0.999186218,-0.0196485687,-0.660088658,-0.280615091,0.999491751,-0.0178995077,-0.659091353,-0.293656707,0.999590337,-0.0118533112,-0.64708662,-0.273607612,0.999678969,0.0351078287,-0.645353794,-0.146761492,0.999249101,-0.0970271304,-0.592314303,-0.18787916,0.999221861,0.0165597592,-0.624654472,-0.218361795,0.999742568,-0.0168771558,-0.590225816,-0.257831126,0.999803305,0.129711702,-0.49440968,-0.0173978414,0.999966264,-0.188613713,-0.524142683,-0.0415519,0.999961853,0.218350738,-0.33225292,-0.0195193347,0.913647413,-0.213021338,-0.24396354,-0.14424777,0.97179842,0.267387897,-0.180564418,-0.0879436433,0.97695297,-0.132105395,-0.150629878,-0.312765419,0.990198493,0.265891939,-0.145399958,-0.0997280329,0.975511909,-0.0872464254,-0.132635534,-0.381921083,0.985984743,0.233271554,-0.148660287,-0.124592789,0.978036344,-0.0399326943,-0.189643711,-0.390275687,0.987452328,0.261158049,-0.155527085,-0.0990998819,0.967435122,-0.107027873,-0.165942833,-0.325924933,0.979767323,0.0952235088,-0.00754956622,0.0526011586,0.999938905,-0.0929002166,0.00372058,-0.0498720706,0.999948323,0.14096491,0.390050501,0.0556594506,0.787795722,-0.0247482955,0.318507284,-0.0399458408,0.899647415,0.113447599,0.683503151,0.27178973,0.860681713,-0.0586622916,0.701434135,0.136892542,0.92758,0.0915587619,0.714541852,0.298897356,0.632012486,-0.0580533706,0.733422041,0.112474568,0.526784658,0.141933486,0.755205572,0.260472566,0.87111,-0.0209828261,0.767498,0.0250717141,0.885961175
3516.666666666657,-0.00503282342,-0.629896402,-0.284636468,0.999695241,0.00790389534,-0.650541365,-0.275342375,0.999082863,0.00933789928,-0.651257932,-0.264236301,0.99894613,0.00802127458,-0.650923789,-0.267927319,0.999218583,-0.0169031415,-0.658669889,-0.295721978,0.999490619,-0.0151351904,-0.657601595,-0.308623374,0.999592066,-0.00923634134,-0.645721,-0.288378417,0.99967432,0.0354310125,-0.644873857,-0.162960693,0.999294579,-0.0947185159,-0.591423035,-0.204618067,0.999206543,0.0183769371,-0.623404801,-0.232233241,0.999751389,-0.0143432748,-0.588561237,-0.271489501,0.999803841,0.129675776,-0.494612813,-0.0289690644,0.999968112,-0.187134594,-0.5239591,-0.0488407426,0.999960065,0.219821334,-0.328131109,-0.0220374037,0.918615282,-0.212512642,-0.242948532,-0.153113782,0.970720947,0.270083547,-0.167909682,-0.0833046436,0.977957428,-0.122434989,-0.167821631,-0.326190263,0.990169823,0.267893,-0.132336393,-0.0933439285,0.976329744,-0.0734394714,-0.156434521,-0.395639062,0.986361325,0.238807172,-0.134432316,-0.117719077,0.978791118,-0.0280515682,-0.217845589,-0.401694685,0.987749934,0.265304506,-0.141847089,-0.0940857828,0.968668163,-0.0972991362,-0.186593369,-0.338493645,0.979994237,0.0949975476,-0.0076601929,0.0524159372,0.999941409,-0.0927011296,0.00387772964,-0.0495763235,0.999948859,0.1426889,0.390809596,0.0496902727,0.803389192,-0.0248079952,0.31847471,-0.0446470454,0.906101942,0.116620481,0.67201978,0.272361606,0.868409753,-0.0452413298,0.70127672,0.138241425,0.932397544,0.0945309103,0.701664,0.29997009,0.644404113,-0.042960342,0.733327091,0.113487616,0.547447264,0.14178434,0.74926424,0.268727481,0.877751827,-0.0140105402,0.769930243,0.0308832582,0.893042326
3533.3333333333235,-0.00454326207,-0.627155066,-0.293309778,0.999718189,0.00814822223,-0.648921847,-0.285324186,0.999158561,0.00953124184,-0.649755359,-0.273982704,0.999035537,0.00821257848,-0.649418294,-0.27758339,0.999284863,-0.0165133271,-0.657302678,-0.305022389,0.999528587,-0.0147538511,-0.656155229,-0.317986697,0.999622762,-0.0089221634,-0.644329309,-0.297618955,0.999697,0.0353841931,-0.644650578,-0.173280358,0.999357343,-0.094386518,-0.591081738,-0.213669971,0.999258,0.018648576,-0.621981144,-0.240902394,0.999770164,-0.0138305891,-0.586571336,-0.279599816,0.99981612,0.127352282,-0.495961964,-0.0330484696,0.999970376,-0.183997348,-0.523807049,-0.0560220927,0.999959886,0.218508974,-0.326863,-0.0108161233,0.924120128,-0.2081635,-0.242138445,-0.161886483,0.970784664,0.269260794,-0.156146422,-0.0512068383,0.979419947,-0.113343433,-0.180599511,-0.329184085,0.990429819,0.267143458,-0.118814692,-0.0556304827,0.977717459,-0.0635437444,-0.17470789,-0.397196203,0.986940682,0.239676848,-0.116613321,-0.0803602114,0.980051696,-0.0214612968,-0.236192495,-0.400658756,0.988234103,0.265122503,-0.128325582,-0.0609029867,0.97058028,-0.089454934,-0.20067139,-0.340300471,0.980609238,0.0939458907,-0.00783481542,0.052442655,0.999944031,-0.0917112306,0.00411153352,-0.049620524,0.999949455,0.147242308,0.39068386,0.0481083915,0.81815666,-0.0249646604,0.318406165,-0.0440905094,0.911941588,0.118176095,0.66080147,0.27078715,0.876534343,-0.0450070873,0.700663567,0.156304196,0.936884284,0.0954233333,0.689736962,0.29914555,0.659950852,-0.0429313108,0.732813835,0.135120898,0.568356097,0.141159296,0.738056421,0.269043982,0.885365903,-0.012943604,0.770431757,0.0622505657,0.899959505
3549.99999999999,-0.00240454171,-0.624896526,-0.293779939,0.999742329,0.00963613577,-0.647510469,-0.285890788,0.999234259,0.0108833704,-0.648499906,-0.274656564,0.999123573,0.00953276735,-0.648076415,-0.278010875,0.999349952,-0.0145813562,-0.65573281,-0.305334151,0.999569237,-0.0128448056,-0.654654682,-0.318294168,0.999655664,-0.00710154278,-0.642890394,-0.297985882,0.99972254,0.0356336348,-0.644483745,-0.173762277,0.999417484,-0.0925108,-0.59028095,-0.213731095,0.99931848,0.0203659367,-0.620417416,-0.241489127,0.999790192,-0.0115219839,-0.584454119,-0.279962927,0.9998312,0.126545906,-0.496810436,-0.0326799639,0.999972761,-0.18138659,-0.522668362,-0.0561403483,0.999961555,0.218125373,-0.325346529,0.005136983,0.929457843,-0.204695418,-0.241894946,-0.162140667,0.971883953,0.268577695,-0.148137152,-0.0319213681,0.980964124,-0.10648185,-0.192713156,-0.336748153,0.9910537,0.266340762,-0.109856285,-0.0350675136,0.979277492,-0.0559374057,-0.191498592,-0.405865192,0.987865567,0.239332095,-0.106375515,-0.059926644,0.98146385,-0.0155379623,-0.253185868,-0.407338202,0.989048362,0.264594257,-0.119434878,-0.0410833359,0.97267729,-0.0831443518,-0.213392392,-0.34714666,0.981818557,0.0937131271,-0.00825231522,0.0524657555,0.99994719,-0.0915197432,0.0046135108,-0.049646657,0.999951184,0.163827315,0.385566354,0.0261626672,0.832723677,-0.025703622,0.318416268,-0.0440095179,0.917702913,0.136150852,0.649991333,0.264520764,0.88409853,-0.0451148748,0.697756708,0.175034061,0.941065311,0.112786017,0.678750694,0.295315832,0.674508631,-0.0429340042,0.729505837,0.157187432,0.587043226,0.149020225,0.7307989,0.26799953,0.89274472,-0.00992743205,0.770173073,0.0861824,0.906544
3566.6666666666565,-0.00203217566,-0.616264582,-0.30331,0.999761701,0.00979434792,-0.63975668,-0.298131019,0.999297,0.0110295787,-0.640681088,-0.286935598,0.999198139,0.00969191454,-0.640260458,-0.290086,0.999405146,-0.0141830351,-0.64836061,-0.316745669,0.999601,-0.012398784,-0.647185683,-0.329939038,0.999681652,-0.00670592161,-0.635597408,-0.30939433,0.999741912,0.0356782973,-0.64029938,-0.191981107,0.999469578,-0.0907368362,-0.585740626,-0.227986664,0.999363184,0.0208223332,-0.612867177,-0.252682477,0.999806106,-0.0105823204,-0.576953351,-0.289953619,0.999842,0.12560913,-0.496348113,-0.0467756949,0.999974906,-0.176138923,-0.51949352,-0.0688097253,0.999962449,0.215325445,-0.321305841,-0.00525402883,0.934588194,-0.197826192,-0.238814533,-0.175983801,0.972272575,0.268041909,-0.13898623,-0.0476154201,0.982442737,-0.0950581878,-0.207934067,-0.340192735,0.991635442,0.266135305,-0.100041568,-0.0503250882,0.980808198,-0.0423749387,-0.213643566,-0.406064063,0.988740265,0.239061132,-0.0951620117,-0.0728710443,0.982846558,-0.00555418478,-0.275666654,-0.406438,0.989817739,0.264060885,-0.109659731,-0.0560263358,0.974726856,-0.0728408471,-0.230543643,-0.349778712,0.983016789,0.0934018493,-0.00836168136,0.0527657904,0.999949336,-0.0912153423,0.0047040307,-0.0498935618,0.999951601,0.170519754,0.384208947,0.0236712769,0.842045665,-0.0256020296,0.316777438,-0.0589402579,0.921589255,0.138608515,0.63741976,0.261430591,0.887016535,-0.0396288522,0.690683305,0.169007778,0.94365406,0.115324274,0.664950848,0.292900711,0.681526959,-0.0365379378,0.72188586,0.152775437,0.598518,0.154910311,0.718891621,0.268135548,0.896579087,0.00151766418,0.766372383,0.0808822811,0.91074872
3583.333333333323,-0.00125813391,-0.611031473,-0.303477585,0.999781728,0.0104322601,-0.6349352,-0.29878813,0.999359667,0.0116279479,-0.635948122,-0.287603974,0.999271095,0.0103266584,-0.635436952,-0.290698528,0.999459207,-0.0131949028,-0.643874228,-0.317267597,0.999634683,-0.0113974717,-0.642691612,-0.33051,0.999708831,-0.0057627121,-0.63105303,-0.309985548,0.999763,0.0360118598,-0.637781262,-0.193581611,0.999519229,-0.0888431,-0.583593726,-0.229117155,0.999413669,0.0215581283,-0.607982516,-0.253178716,0.999822378,-0.00949070696,-0.572365701,-0.290150046,0.999854088,0.124878541,-0.496159583,-0.0483203866,0.999977,-0.173301235,-0.517084181,-0.0702543482,0.99996382,0.211255372,-0.31720385,-0.00762342941,0.939215958,-0.193699181,-0.237193272,-0.177195907,0.973224282,0.266514033,-0.132449836,-0.0444009081,0.983831346,-0.0888176486,-0.223410234,-0.338489085,0.992245436,0.265034199,-0.0931968614,-0.0459624492,0.982273519,-0.0348382369,-0.233427048,-0.403206587,0.989617109,0.238427401,-0.0878002048,-0.067895636,0.98416853,0.000441842509,-0.296243697,-0.40254,0.990593851,0.263359398,-0.103013709,-0.0523806,0.976686418,-0.0672907904,-0.247436047,-0.347424239,0.984248102,0.0932954922,-0.00853268709,0.0527253412,0.999952257,-0.0911194235,0.00490122,-0.0498019718,0.999953389,0.176704124,0.38337329,0.00337128644,0.852953732,-0.0269909855,0.317600161,-0.0580394566,0.925763,0.139255136,0.628445268,0.252368718,0.890478194,-0.0370861664,0.689485967,0.171098128,0.946677923,0.115330309,0.655035257,0.285675257,0.68911171,-0.0335427634,0.720494151,0.15452753,0.612881422,0.15372856,0.713937,0.267332494,0.900924444,0.00283693802,0.766326129,0.0868619159,0.915633559
3599.9999999999895,-0.000863086374,-0.6112625,-0.303072065,0.999798,0.0111288438,-0.635027707,-0.297934532,0.999411881,0.0122993346,-0.636050642,-0.286786109,0.999332905,0.0108242035,-0.635424137,-0.290280133,0.999503732,-0.0127933891,-0.643831551,-0.315682143,0.999662638,-0.0109777767,-0.642777681,-0.329165787,0.999732375,-0.00542464806,-0.631182253,-0.308480144,0.999780715,0.0381308235,-0.637298822,-0.193063289,0.999562204,-0.0882915556,-0.58352083,-0.224285454,0.99945724,0.022467548,-0.607857168,-0.252493858,0.99983567,-0.00908837374,-0.572366416,-0.289034277,0.999864101,0.12496537,-0.496378869,-0.0405900963,0.999978542,-0.171820164,-0.515123308,-0.0693842843,0.999965,0.211359575,-0.31454733,0.0113078309,0.941223323,-0.189498872,-0.232135639,-0.185581028,0.973424,0.266229928,-0.132156014,-0.0257344674,0.984629154,-0.0836757943,-0.232915103,-0.370304525,0.992827177,0.264676601,-0.0944194347,-0.0260824189,0.983247578,-0.0294126738,-0.247458205,-0.43914333,0.990454,0.237936363,-0.0915611535,-0.0467444919,0.98507148,0.0055686906,-0.310808212,-0.434138179,0.991334319,0.262929261,-0.103509486,-0.0331990048,0.978055298,-0.062487755,-0.256841093,-0.378429979,0.985407054,0.0932708159,-0.00927029643,0.0531870835,0.999954343,-0.0910934806,0.00570910238,-0.0500056334,0.999954641,0.182897925,0.37073192,-0.0132504785,0.863095045,-0.0251205545,0.317584634,-0.0584833398,0.92903626,0.141520932,0.614883184,0.254080206,0.892994165,-0.0315568,0.68544805,0.180768505,0.949337661,0.11761228,0.641997039,0.286438167,0.697405219,-0.027591126,0.715945184,0.165510207,0.626455,0.155872509,0.701359689,0.273459911,0.903838098,0.00625777384,0.760629475,0.0984599,0.919226348
3616.666666666656,-0.000433459762,-0.611605167,-0.295584232,0.999813139,0.0114836786,-0.635236382,-0.29105702,0.999460757,0.0126043158,-0.636232,-0.279720366,0.999390244,0.0110718459,-0.635622203,-0.2826626,0.999545693,-0.0123604741,-0.64399296,-0.307151616,0.999688804,-0.0106268069,-0.642925143,-0.320613891,0.999754071,-0.00510949036,-0.631307304,-0.300006479,0.999797463,0.0386755653,-0.63750422,-0.186074466,0.999601781,-0.0878179,-0.583908,-0.21549131,0.999497354,0.0230925772,-0.608013928,-0.245996118,0.999847233,-0.00862765312,-0.572561264,-0.281108558,0.999872267,0.124343462,-0.498152703,-0.0287149213,0.999979913,-0.169738322,-0.51503408,-0.0664353743,0.999965608,0.208640471,-0.314709038,0.046802368,0.942765772,-0.184407547,-0.231057882,-0.183353201,0.97372818,0.265549421,-0.133498117,0.0461450592,0.985123515,-0.0791229233,-0.243869826,-0.361066252,0.993267596,0.264010817,-0.0963044316,0.0542589203,0.983777285,-0.0251235832,-0.263241708,-0.428950638,0.99110043,0.237777144,-0.0915709287,0.0327274241,0.985573113,0.00751059176,-0.328016132,-0.423193216,0.99189,0.262597859,-0.104468167,0.0398129672,0.978920937,-0.0590182357,-0.269528985,-0.368644267,0.986246824,0.092810519,-0.00962708239,0.0539040752,0.999956846,-0.0907175913,0.00615499262,-0.0505040288,0.999956369,0.183205262,0.364748299,-0.00499523105,0.873510063,-0.0251602512,0.31814611,-0.0496134646,0.932922,0.139927223,0.611664176,0.254586667,0.898114562,-0.0330586545,0.684797704,0.202837259,0.952445328,0.116078503,0.639497936,0.288761377,0.710628271,-0.0294520017,0.715461969,0.187607586,0.643830955,0.155474484,0.696365058,0.278901845,0.908653617,0.00443950808,0.758618355,0.121727481,0.923718452
3633.3333333333226,0.000699712546,-0.61106652,-0.290677458,0.999827147,0.012556171,-0.634987772,-0.28671971,0.999505818,0.0136519587,-0.636050284,-0.275193751,0.999442577,0.0120999152,-0.635363519,-0.277951449,0.999584615,-0.0110740373,-0.643861532,-0.302247107,0.999712825,-0.0095025,-0.642806411,-0.315529734,0.999773502,-0.0040294081,-0.631140888,-0.295046,0.999812663,0.0397336446,-0.637516379,-0.181876153,0.999637663,-0.0866652578,-0.583927,-0.210938811,0.999532282,0.0243676472,-0.607657969,-0.241630673,0.999857485,-0.00745625328,-0.572078168,-0.275924027,0.999879181,0.124297872,-0.498417407,-0.026206499,0.999981165,-0.167541414,-0.514816225,-0.0623903871,0.999965668,0.20731461,-0.314350367,0.0492402948,0.944745302,-0.178876698,-0.231263071,-0.180429101,0.97400403,0.263262391,-0.127324507,0.058040835,0.985644102,-0.0757225603,-0.25495702,-0.35111,0.993586838,0.260855794,-0.0894284248,0.0673252,0.984238446,-0.022638211,-0.275226772,-0.417532057,0.991582811,0.23712188,-0.0833292,0.0449560098,0.985998273,0.00816303305,-0.339329451,-0.414267063,0.992289662,0.261255711,-0.0977815762,0.0516656674,0.979667068,-0.0567579493,-0.281012118,-0.359155118,0.986839473,0.0923216492,-0.00983411726,0.0537476391,0.999959528,-0.0902851894,0.00644682953,-0.0502741374,0.999958396,0.182641193,0.365726829,-0.00800538901,0.883006752,-0.0245593768,0.318734258,-0.0410955586,0.935887218,0.140820578,0.61148411,0.252799869,0.902379572,-0.0319649763,0.685135901,0.203358591,0.955337703,0.11673528,0.63878274,0.287508726,0.720414162,-0.0288800895,0.71585232,0.186685503,0.660162628,0.155148014,0.696537316,0.278297633,0.9128685,0.00298293564,0.75874567,0.121699378,0.928223073
3649.999999999989,0.000680877944,-0.611282,-0.284413218,0.999839306,0.0123856813,-0.635092616,-0.279913336,0.999546,0.0134971887,-0.636113703,-0.268443704,0.999489069,0.0119288182,-0.635441363,-0.271000326,0.999619424,-0.0111585837,-0.643969536,-0.295495331,0.999734163,-0.00961540639,-0.642914,-0.308573872,0.999790728,-0.0041757077,-0.631248772,-0.288234085,0.999826312,0.0395622961,-0.63784951,-0.17344299,0.999669611,-0.0867945328,-0.58389622,-0.203251138,0.999562442,0.0243748706,-0.607738912,-0.235388011,0.999866605,-0.00748235593,-0.572164774,-0.269539863,0.999885201,0.12315011,-0.498620421,-0.0204436313,0.999982297,-0.167740673,-0.514423072,-0.0543831512,0.999965489,0.202762321,-0.312921822,0.0552217253,0.944999158,-0.179387912,-0.231495425,-0.178748831,0.973938942,0.255459,-0.122150593,0.0618528165,0.98541069,-0.0761617,-0.264480859,-0.345908433,0.993627071,0.251620531,-0.0850533471,0.0704078823,0.983783066,-0.0224139653,-0.287612021,-0.412205577,0.991685629,0.231341988,-0.0785409436,0.0480183735,0.985596895,0.0059162667,-0.35313791,-0.411295801,0.992307961,0.254324883,-0.0926542804,0.0552830324,0.979297578,-0.0579803772,-0.29186222,-0.35579294,0.986714184,0.091885291,-0.010024881,0.0536610149,0.999962151,-0.0899187177,0.0067245583,-0.050120905,0.999960601,0.182397172,0.366676241,-0.00639131898,0.890964627,-0.0244725887,0.321302444,-0.0350122973,0.938429,0.140635028,0.612512589,0.253540486,0.904279172,-0.0327172279,0.687535763,0.203414157,0.957559168,0.116550565,0.639606118,0.288219482,0.725290239,-0.0298242699,0.718926191,0.186237067,0.671295643,0.154834181,0.697180629,0.280364066,0.915057302,0.00203473703,0.761460125,0.119927801,0.931630254
3666.6666666666556,0.00170734117,-0.611390769,-0.273737341,0.999851525,0.0128688216,-0.635317206,-0.268189341,0.999584675,0.0140055474,-0.636412144,-0.256986916,0.999533474,0.0124169402,-0.635689318,-0.259367138,0.999652624,-0.0104191825,-0.644162178,-0.284704506,0.999755204,-0.00897547696,-0.643135607,-0.297644347,0.999807537,-0.00352171296,-0.631432712,-0.277483463,0.999839842,0.0395884886,-0.638431966,-0.160479128,0.999699652,-0.0866954178,-0.584001482,-0.193835258,0.999593556,0.0252872668,-0.607913435,-0.224583626,0.999876,-0.00664101355,-0.572245419,-0.259561926,0.999891877,0.121569134,-0.499071151,-0.0095548695,0.99998337,-0.167045534,-0.514422178,-0.0476872,0.999965787,0.19919996,-0.312353164,0.066015929,0.945897639,-0.177865088,-0.232290983,-0.178313747,0.974408269,0.248866528,-0.119712383,0.0715882853,0.985502243,-0.0735967457,-0.274461269,-0.344160438,0.993789256,0.243943155,-0.0824467167,0.0804166496,0.983706176,-0.0191720761,-0.300314605,-0.408760637,0.991924763,0.224601865,-0.075548023,0.0587797835,0.985515594,0.00638495712,-0.366309494,-0.400108844,0.992464483,0.247665361,-0.0901573673,0.0652758703,0.97933054,-0.0565133765,-0.302594692,-0.350666106,0.98686254,0.0909825116,-0.0101306038,0.0539532,0.999964714,-0.0890871733,0.00690417457,-0.0503319353,0.999962807,0.183673456,0.366237313,-0.00602010265,0.899285138,-0.0236553978,0.321908116,-0.0304508191,0.941645205,0.13988471,0.610941052,0.253952831,0.907793105,-0.0336900093,0.687674463,0.20582369,0.960073233,0.115900628,0.638249815,0.289362043,0.735229909,-0.031135764,0.719023287,0.188380256,0.685296297,0.155736953,0.695398152,0.28351891,0.918635488,0.00138523092,0.760776401,0.12191584,0.935504556
3683.333333333322,0.0011947793,-0.61159426,-0.264535367,0.999860406,0.0121359164,-0.635635138,-0.257929593,0.999614775,0.0132525917,-0.636854053,-0.246789113,0.99956882,0.0116049163,-0.635985851,-0.249124944,0.999678433,-0.0114052044,-0.644346416,-0.273910016,0.999771476,-0.0100861937,-0.643392265,-0.286807299,0.999821365,-0.00465716561,-0.63171494,-0.266771674,0.99985069,0.0393144973,-0.638627291,-0.146752536,0.999724567,-0.0883627385,-0.583922505,-0.179712921,0.99961859,0.0251337755,-0.60820508,-0.215004891,0.99988246,-0.00720420713,-0.572312355,-0.249458358,0.999896407,0.120997719,-0.499324322,0.00283453474,0.999984,-0.167235091,-0.513537109,-0.0344832204,0.999966145,0.198011756,-0.310970247,0.0851025805,0.943628,-0.177917629,-0.232505053,-0.175697893,0.974503875,0.244684786,-0.113538638,0.098798193,0.984517872,-0.0741873085,-0.2798118,-0.342403799,0.994077921,0.238123134,-0.0755218342,0.109256707,0.982696891,-0.0202059578,-0.307670623,-0.408114254,0.99234283,0.218951613,-0.0684466437,0.0885686204,0.984631836,0.00608624099,-0.371604383,-0.399216503,0.992811739,0.243042484,-0.0835603699,0.0932251364,0.978371799,-0.0569692329,-0.307100296,-0.348844141,0.987371922,0.0908957124,-0.010381056,0.053936623,0.999967039,-0.0890301168,0.00724683516,-0.0502161682,0.999965131,0.184436157,0.366774648,-0.0120401811,0.907042563,-0.0236877259,0.32650885,-0.0293172449,0.944635272,0.138896048,0.607401967,0.260164857,0.911073923,-0.0344924927,0.691491187,0.207692146,0.96270138,0.114374772,0.634299874,0.298612922,0.744321525,-0.0322160348,0.723562658,0.190227866,0.700305164,0.154724821,0.692047656,0.292697,0.921716154,-0.00454780459,0.76270926,0.120429881,0.939437211
3699.9999999999886,0.00116568827,-0.61219,-0.255219609,0.999868751,0.0119777974,-0.636310041,-0.248404756,0.99964273,0.0130983712,-0.63766104,-0.237336844,0.999601424,0.0114377392,-0.636706352,-0.239619598,0.999702513,-0.0115230978,-0.644968152,-0.265037268,0.999786377,-0.0102337161,-0.644087434,-0.277915031,0.999833763,-0.00480349129,-0.632381,-0.257950425,0.999860525,0.0385726653,-0.639488518,-0.137881503,0.999747336,-0.0889561474,-0.584201396,-0.173130572,0.999641299,0.0250662789,-0.608935833,-0.205815628,0.999888241,-0.00730474852,-0.572715163,-0.240916118,0.999900281,0.117735773,-0.499620289,0.00776848709,0.999984622,-0.167229131,-0.513795674,-0.0292570274,0.999966145,0.19267793,-0.309606314,0.084878847,0.942314923,-0.176886171,-0.237225071,-0.171975031,0.974610627,0.237745091,-0.111942194,0.0960490257,0.983927488,-0.0738938749,-0.29042694,-0.339934111,0.994318902,0.230776146,-0.0740657076,0.10587582,0.982074797,-0.0205101762,-0.319126099,-0.405012876,0.992693126,0.21110259,-0.0673144534,0.0853329077,0.984079,0.00515619479,-0.382196605,-0.392791152,0.993097961,0.235784575,-0.082226716,0.0904780924,0.977805078,-0.0572321378,-0.317726701,-0.344661504,0.987806499,0.0905872881,-0.0104988674,0.0539433658,0.999968946,-0.0887481719,0.00739582255,-0.0502065681,0.999966919,0.18551971,0.368105203,-0.0126306089,0.913756192,-0.0237058159,0.327773422,-0.029344501,0.947101176,0.138597071,0.608312368,0.260846585,0.913550198,-0.0360466428,0.693343461,0.205836371,0.964877784,0.114053942,0.635079801,0.299744278,0.751038969,-0.0344503634,0.725748181,0.188209757,0.712260187,0.153839245,0.693316281,0.294114023,0.924222946,-0.00693794247,0.764822245,0.118433349,0.942765057
3716.666666666655,-0.000257210137,-0.612922728,-0.254565597,0.999876082,0.0105091194,-0.636875868,-0.24724856,0.999667227,0.0116182175,-0.638326883,-0.236240506,0.999630153,0.00994050596,-0.637303531,-0.23859334,0.999723613,-0.0133144539,-0.645443857,-0.264092356,0.999799371,-0.0120031685,-0.64464438,-0.27710554,0.999844611,-0.00664945506,-0.632959783,-0.257077783,0.99986887,0.0374165662,-0.639522,-0.136508,0.999767601,-0.0912985727,-0.584184229,-0.17165418,0.999660969,0.0238792971,-0.609389126,-0.205114737,0.999893665,-0.00894634333,-0.573010445,-0.240407452,0.999903858,0.115689896,-0.499249,0.00734539097,0.999985158,-0.168232799,-0.51313144,-0.0294239726,0.999965787,0.189694211,-0.307041168,0.076569207,0.941281796,-0.177435428,-0.239765868,-0.171233222,0.974770248,0.230311617,-0.109635778,0.0770400539,0.983675241,-0.0750028,-0.300667018,-0.339264184,0.994589627,0.222547308,-0.0707765892,0.0847378224,0.981926084,-0.0216084551,-0.330288976,-0.404088199,0.99306792,0.200346366,-0.064342007,0.0643387064,0.983965397,0.00417769607,-0.393402964,-0.392898619,0.993418157,0.227007121,-0.0800214112,0.0711081475,0.977738321,-0.0582801253,-0.328086942,-0.344303489,0.988310754,0.0905354097,-0.0107060773,0.0539487042,0.999970078,-0.0887016654,0.00760254636,-0.0502007939,0.999967813,0.184964254,0.36836189,-0.0123206992,0.918037951,-0.0237457473,0.327729642,-0.0300764199,0.947868288,0.1382671,0.606530607,0.261028171,0.913213432,-0.0371696167,0.693226457,0.204706579,0.965916455,0.11378783,0.633106709,0.299779385,0.751617134,-0.0358630419,0.725584924,0.187185436,0.716816604,0.152287439,0.690065265,0.293363214,0.924542248,-0.00797647145,0.764462769,0.117786303,0.944279909
3733.3333333333217,-0.00358376605,-0.613685548,-0.256576538,0.999875128,0.00734676747,-0.63714689,-0.249255121,0.999674797,0.0084559368,-0.638646245,-0.238246456,0.999641955,0.00664675934,-0.637565911,-0.240670905,0.999731481,-0.0171240736,-0.645585954,-0.266216487,0.99979955,-0.0156648178,-0.64490217,-0.279297978,0.999846637,-0.0104390178,-0.63327527,-0.259195387,0.999868572,0.0364885181,-0.639327586,-0.138497829,0.99977982,-0.0935958326,-0.583870828,-0.172482684,0.999657094,0.0217282586,-0.609881461,-0.206923291,0.999893308,-0.0118462108,-0.57346493,-0.242420033,0.999901056,0.115452826,-0.498724073,0.00528020179,0.999985278,-0.168943554,-0.513064742,-0.0302527118,0.999963522,0.188625231,-0.303845257,0.0740332678,0.940380037,-0.177231491,-0.242330164,-0.174790427,0.974117756,0.227124587,-0.108761549,0.0657907352,0.983366191,-0.0714989,-0.307789147,-0.354732752,0.994707406,0.218819395,-0.0702923,0.0723493621,0.981707633,-0.0166891012,-0.338110894,-0.421064168,0.993244588,0.195620984,-0.0645413697,0.0553005,0.983796299,0.00770770852,-0.401286215,-0.410837322,0.993539333,0.22316806,-0.0791677684,0.0608373769,0.977494419,-0.0549456887,-0.334856659,-0.360212713,0.988391757,0.0905120596,-0.0107887797,0.0538910367,0.999970436,-0.0886779651,0.00769327627,-0.0500717536,0.999967754,0.184613824,0.369505256,-0.0119475489,0.92083025,-0.0236230437,0.328558832,-0.0303418059,0.947982907,0.138027355,0.607449114,0.275243133,0.91042155,-0.0374556966,0.693437159,0.205398411,0.966057062,0.113568887,0.634211361,0.314808488,0.747953355,-0.0360921398,0.725750387,0.188325569,0.715931654,0.152176946,0.690014541,0.307162821,0.921861529,-0.00846350566,0.764303327,0.118309811,0.943852484
3749.999999999988,-0.00599887036,-0.614125967,-0.257883847,0.999873757,0.00519749522,-0.637277424,-0.250052333,0.999680042,0.00626070285,-0.638803542,-0.239121705,0.999651074,0.00437194854,-0.637674689,-0.24139525,0.999736667,-0.0199562926,-0.645636857,-0.266963452,0.999799192,-0.0184248593,-0.645010173,-0.279891282,0.999848425,-0.0132670216,-0.633404732,-0.259896964,0.999868333,0.0362598188,-0.639177084,-0.139540911,0.999789953,-0.0955390334,-0.583568215,-0.173764661,0.999655,0.0203028712,-0.610179126,-0.208010018,0.999892116,-0.0140192807,-0.573726475,-0.242709354,0.999897957,0.115507513,-0.498486191,0.00451761531,0.999985158,-0.169696733,-0.51302284,-0.0310859028,0.999961436,0.186586708,-0.302067429,0.0734507218,0.938700259,-0.17684646,-0.244536042,-0.177103236,0.973398149,0.225226223,-0.107873373,0.0601693504,0.982515275,-0.0711794198,-0.311206162,-0.361542672,0.994793773,0.217185572,-0.0697690174,0.0675205812,0.980987668,-0.0165807903,-0.341680467,-0.428146094,0.99338305,0.194625929,-0.064032644,0.0515703633,0.983192682,0.00771755073,-0.404446632,-0.418560565,0.993628144,0.221457079,-0.0781559497,0.0558771901,0.976726234,-0.0546570309,-0.337945729,-0.367295295,0.988431513,0.0906406939,-0.0108416872,0.0537569188,0.999971032,-0.0888329595,0.00776249636,-0.0498391,0.999968171,0.183800846,0.372798026,-0.0108064534,0.925195098,-0.0238365941,0.329712391,-0.0296674259,0.949490786,0.138576254,0.606989801,0.282817662,0.911326647,-0.0380961709,0.694835901,0.211300239,0.967220366,0.114661619,0.633477688,0.323112,0.750069737,-0.036656525,0.727220893,0.195072144,0.719293356,0.152553082,0.688519418,0.313408405,0.922239959,-0.0103065083,0.765931487,0.122397199,0.945082486
3766.6666666666547,-0.00877823215,-0.615756691,-0.258950323,0.999849677,0.00265346235,-0.638289213,-0.251262218,0.999637902,0.00366073358,-0.639864326,-0.240324512,0.999608338,0.00166357087,-0.638594031,-0.242656291,0.999698758,-0.0231763348,-0.646525383,-0.268154174,0.999772,-0.0216817297,-0.646059,-0.281176478,0.999833763,-0.0166138988,-0.634521604,-0.261094302,0.999855042,0.0357894413,-0.639117301,-0.140293449,0.999773,-0.0982170254,-0.58344692,-0.172573417,0.999618173,0.0184186567,-0.611323476,-0.209035128,0.99986732,-0.0167014208,-0.574731231,-0.243995056,0.999875903,0.115527719,-0.49793911,0.00509430515,0.999982059,-0.169749931,-0.512983561,-0.0315771475,0.999958932,0.182788953,-0.297686905,0.071291469,0.913571656,-0.176577449,-0.245392963,-0.179843247,0.971692681,0.220916167,-0.104027666,0.0636164248,0.965649962,-0.0719035268,-0.313402,-0.37078622,0.994759,0.211580381,-0.0676034838,0.072544381,0.966806054,-0.0177687034,-0.346683174,-0.439716,0.99336791,0.192467898,-0.0626243427,0.0544159375,0.970408797,0.0070782532,-0.409212559,-0.428367704,0.993547916,0.218265414,-0.0749508962,0.058630731,0.961429179,-0.0553490594,-0.340374172,-0.376223922,0.98809731,0.0905945376,-0.0108354716,0.0537417978,0.99997139,-0.0888158455,0.0077588954,-0.0497622564,0.999969184,0.181806907,0.376917481,-0.00195621024,0.926387906,-0.0233514532,0.330067456,-0.0281083751,0.949312925,0.136202767,0.607751966,0.300948054,0.908937871,-0.0379235744,0.69521147,0.212304205,0.967891932,0.112727143,0.634344339,0.341170698,0.74792403,-0.0363188758,0.727711678,0.195736587,0.721856236,0.152481392,0.687577844,0.329910487,0.91902113,-0.011231387,0.764419,0.121337824,0.945224464
3783.333333333321,-0.00868869666,-0.616820812,-0.259621829,0.999848902,0.00272971415,-0.639404237,-0.252030611,0.999645174,0.00374031486,-0.641001344,-0.241097033,0.999617577,0.00175944646,-0.639712512,-0.243471235,0.999704957,-0.0230388716,-0.647496879,-0.268958509,0.999774,-0.0215352271,-0.647126853,-0.281984717,0.999836385,-0.0164577849,-0.635613263,-0.261895835,0.999856412,0.0357135236,-0.639396846,-0.141039878,0.999781311,-0.098313272,-0.58349967,-0.173401386,0.999618769,0.0183796808,-0.612172067,-0.209672332,0.999864519,-0.0166838896,-0.57538271,-0.244673043,0.999871373,0.115272939,-0.497922242,0.00438530231,0.999981463,-0.169218823,-0.512915671,-0.0331768692,0.999957144,0.182145149,-0.297738194,0.068322733,0.904853582,-0.171378,-0.245835423,-0.187747598,0.97029835,0.219918951,-0.103681,0.0603947826,0.961725593,-0.0702867359,-0.314807266,-0.37619859,0.994696081,0.210922912,-0.0668211803,0.0689731166,0.963355601,-0.0174345542,-0.348433405,-0.444517493,0.993339121,0.191689089,-0.0616884753,0.0498531461,0.967376113,0.00693755457,-0.410884827,-0.433031321,0.993464708,0.217367679,-0.0744897276,0.0550193749,0.957590103,-0.0544851869,-0.342001855,-0.381601542,0.987834036,0.0904582292,-0.0108600697,0.0539733879,0.999972,-0.0887140185,0.00777888857,-0.0499229878,0.9999699,0.181216225,0.38038379,0.00673132064,0.927240551,-0.0233565476,0.330313951,-0.0282849893,0.949157298,0.13627398,0.60815382,0.301401913,0.906746328,-0.0383008793,0.696418405,0.211559,0.968420386,0.112891421,0.634841323,0.340557873,0.745300829,-0.0366153233,0.729040146,0.194900051,0.723459184,0.152881071,0.687744319,0.329892367,0.917361438,-0.0112124179,0.76555115,0.121146262,0.945702195
3799.9999999999877,-0.00895108096,-0.616863132,-0.255546421,0.999842346,0.00239630579,-0.639437377,-0.248117179,0.999643207,0.00341647957,-0.641034842,-0.237079665,0.999614596,0.00151896826,-0.639756083,-0.239598051,0.999705195,-0.0231193639,-0.64754194,-0.264472753,0.999769151,-0.02165417,-0.647164464,-0.27745527,0.999832571,-0.0165508837,-0.635639548,-0.257434636,0.999853909,0.0352433175,-0.639392555,-0.138059944,0.999783337,-0.0983203724,-0.583394945,-0.168808922,0.999604166,0.0179539267,-0.612209141,-0.206072986,0.999855638,-0.0168693401,-0.575419307,-0.240410984,0.999859929,0.114294656,-0.497503847,0.00603137771,0.999980628,-0.169051409,-0.512642622,-0.0296549127,0.999954462,0.179221556,-0.296563089,0.0715236887,0.892793536,-0.16967383,-0.246890932,-0.178449705,0.969163477,0.213789538,-0.0984654501,0.0764828175,0.954841673,-0.069964081,-0.318817,-0.351814687,0.994554,0.204309106,-0.0606400557,0.0877251,0.95633167,-0.017551925,-0.35376665,-0.416827559,0.993156254,0.185451418,-0.0535616726,0.0681849793,0.960899115,0.00676274858,-0.416868,-0.405113459,0.993222952,0.211373448,-0.068873249,0.0714768693,0.949599087,-0.0547587723,-0.347097248,-0.35655275,0.987307787,0.0901514739,-0.010874684,0.0536521412,0.99997282,-0.0884342119,0.00778840529,-0.0496048704,0.999970853,0.179321587,0.383966297,0.00783067383,0.926131308,-0.0238369796,0.330208391,-0.0282613914,0.946761131,0.135314897,0.61387229,0.296631098,0.90415442,-0.0384338237,0.695569336,0.210980505,0.967872858,0.111769259,0.640816391,0.333912015,0.740031838,-0.0367382914,0.728179932,0.194356769,0.719682634,0.152120456,0.695843935,0.320966363,0.915268302,-0.0104946522,0.765541375,0.120467551,0.94501543
3816.6666666666542,-0.00889112242,-0.617467821,-0.255340874,0.999832809,0.00242661126,-0.640037,-0.247618303,0.999633074,0.0034448693,-0.641683936,-0.236575067,0.999603748,0.00156394788,-0.640402377,-0.239085928,0.999697149,-0.0230097789,-0.648034573,-0.264040828,0.999760211,-0.0215465687,-0.647684872,-0.277099669,0.999827,-0.0164323598,-0.636124909,-0.25701794,0.999849498,0.0344921462,-0.639882207,-0.137154564,0.99978143,-0.0984524414,-0.583441854,-0.168801174,0.999588668,0.017893726,-0.612825394,-0.205668867,0.999845684,-0.0168316308,-0.575806737,-0.240388051,0.999849141,0.112853073,-0.497534692,0.00708745932,0.999979615,-0.169082075,-0.512641072,-0.0300414097,0.999952376,0.175356507,-0.296410859,0.0731582642,0.880016327,-0.169094622,-0.247795731,-0.178165972,0.968596458,0.209825307,-0.0975619331,0.0785688311,0.946959734,-0.070220463,-0.319155842,-0.351638168,0.994490087,0.200239256,-0.0598856,0.0901060104,0.948686957,-0.0179921146,-0.354158074,-0.416745782,0.993043244,0.182588294,-0.0528297424,0.069896251,0.953948855,0.0062089772,-0.416922241,-0.405112058,0.993061483,0.207904369,-0.0678934678,0.073291406,0.941074848,-0.0550524257,-0.347288728,-0.356468588,0.986879349,0.0900625959,-0.0108907819,0.0536490865,0.999973178,-0.0883720666,0.00780091109,-0.0495941564,0.999971449,0.176309481,0.387250215,0.012370063,0.92680043,-0.0236723684,0.330334067,-0.027658958,0.946282566,0.135523811,0.618940234,0.29779613,0.902668,-0.0392230898,0.695655942,0.212641358,0.96786803,0.112139709,0.646305859,0.33509931,0.735664189,-0.0377085209,0.728283942,0.196100593,0.716765106,0.152094722,0.702534914,0.321520269,0.913707137,-0.01058356,0.765807688,0.121560767,0.944792747
3833.3333333333208,-0.00653865281,-0.61766237,-0.247580841,0.999815345,0.00404214207,-0.640277445,-0.238533854,0.99960804,0.00494735455,-0.641964912,-0.227640018,0.999575,0.00317973015,-0.640674531,-0.23017849,0.999673724,-0.0209550988,-0.648150861,-0.255489767,0.999743819,-0.0195832234,-0.647863269,-0.268570751,0.999817073,-0.0144111179,-0.636265635,-0.24856469,0.999842167,0.0344919562,-0.640527308,-0.125682473,0.999769,-0.0981497839,-0.583572388,-0.161257431,0.999568,0.0188594833,-0.613078356,-0.197112486,0.999830127,-0.0155376745,-0.575933039,-0.233183622,0.999834895,0.112737812,-0.497527897,0.0180746615,0.999977469,-0.169113711,-0.512799084,-0.0248962734,0.99995029,0.175491184,-0.294658214,0.0787628889,0.865278184,-0.165773019,-0.24769108,-0.175300121,0.969332755,0.208226904,-0.0923891962,0.0770167112,0.936039805,-0.0703651235,-0.317827821,-0.351558059,0.994665086,0.197698176,-0.0547372177,0.0871779695,0.937620223,-0.0181301292,-0.353631645,-0.417251319,0.993189037,0.180707917,-0.0475396924,0.0668239594,0.943694,0.00437149918,-0.416536629,-0.405546069,0.993169606,0.20621115,-0.0624717772,0.0713280961,0.92850703,-0.0552560687,-0.345764905,-0.356438667,0.986878097,0.0900634,-0.0107313236,0.0533990376,0.999973297,-0.0884032175,0.00764634321,-0.0492747091,0.999971926,0.171611205,0.393563271,0.017585827,0.929179609,-0.0239171851,0.33370769,-0.0194329768,0.946963489,0.136282608,0.634953082,0.29949078,0.903721869,-0.0393205807,0.697980046,0.228417918,0.968001187,0.113348015,0.663959146,0.336474866,0.735099614,-0.0377632156,0.730877697,0.212369844,0.714858,0.152086332,0.717799,0.320427358,0.913723409,-0.0116532287,0.766697645,0.134778634,0.944555283
3849.9999999999873,-0.00579739688,-0.617851257,-0.243409917,0.999810576,0.00450614933,-0.64051497,-0.233574644,0.999604404,0.00536380569,-0.642245471,-0.222730324,0.999570489,0.00362900249,-0.64092648,-0.225265488,0.999669433,-0.0203134604,-0.648356616,-0.250723779,0.999740601,-0.0189976916,-0.648100078,-0.263765663,0.999815881,-0.0137683814,-0.636473179,-0.243842423,0.999841571,0.0343986,-0.640881479,-0.118998647,0.999769568,-0.0981449708,-0.58377713,-0.156470373,0.999565601,0.0190766267,-0.613278,-0.192432255,0.999824524,-0.0153149217,-0.576085925,-0.228959829,0.99982959,0.11183466,-0.497638166,0.0259868912,0.999976277,-0.169554397,-0.512946784,-0.0220720191,0.999948859,0.175127372,-0.294882953,0.0916595,0.858123899,-0.165488556,-0.247752145,-0.17204079,0.970344961,0.208783269,-0.0934512764,0.0931872949,0.931155503,-0.0698023438,-0.317373753,-0.348925889,0.994809508,0.19847171,-0.0559188873,0.10429281,0.932022214,-0.0180499945,-0.353184164,-0.414963394,0.993286,0.18161346,-0.0485755056,0.0833969861,0.938517749,0.00418499717,-0.416437179,-0.402663827,0.99323076,0.206862018,-0.0634793714,0.0872423202,0.922239304,-0.055090677,-0.34538123,-0.35319072,0.986848533,0.0900474638,-0.0106953569,0.05340489,0.999973595,-0.0883983821,0.00762839476,-0.0492692292,0.999972403,0.169856369,0.394935071,0.0171240624,0.932540715,-0.023963552,0.335151702,-0.0170528386,0.94832,0.137107134,0.638053477,0.300318509,0.904957,-0.0415025949,0.698285878,0.235972106,0.968340158,0.114467844,0.66741389,0.337790072,0.735915482,-0.0401497111,0.731256366,0.22052528,0.713992059,0.152557492,0.72436583,0.321107298,0.913761437,-0.0134390183,0.767299414,0.143976554,0.944556653
3866.666666666654,-0.00578214368,-0.618996322,-0.243335336,0.999813497,0.00450498424,-0.641406238,-0.233072519,0.999616563,0.00536884833,-0.643174887,-0.222297281,0.99958241,0.00364389387,-0.641941,-0.224918827,0.9996804,-0.0202833414,-0.649340332,-0.250320405,0.999745667,-0.0189694185,-0.649072051,-0.263287067,0.999818385,-0.0137338359,-0.637395561,-0.243388057,0.999844074,0.0342866406,-0.641539514,-0.117464796,0.999777734,-0.0983936638,-0.584240258,-0.154349923,0.999566078,0.0190779418,-0.614303052,-0.191884607,0.999826849,-0.0153272208,-0.577072203,-0.228465974,0.999829113,0.111331232,-0.497700781,0.0280963983,0.999976218,-0.1703154,-0.514303565,-0.0189993847,0.999946177,0.175312072,-0.295507193,0.0921509936,0.860417843,-0.165613338,-0.24939464,-0.166842416,0.971233308,0.209704071,-0.094564043,0.0910212472,0.932593703,-0.0694552287,-0.318904,-0.342206448,0.99472791,0.199505985,-0.0574621297,0.101004779,0.932029486,-0.0174411461,-0.35427931,-0.407754,0.992996156,0.182310373,-0.0494996645,0.0799395517,0.93844521,0.00405405,-0.418680549,-0.396377355,0.992889881,0.207686067,-0.0645685717,0.0849728584,0.921809137,-0.0549706705,-0.347364515,-0.346293837,0.986001134,0.0898726732,-0.0104617644,0.0534411669,0.999973476,-0.0882672817,0.0074522635,-0.0493020974,0.999972,0.163532019,0.399495721,0.0278552826,0.934780478,-0.025443064,0.335149884,-0.0161202289,0.949420273,0.135518238,0.652875245,0.300943464,0.906941354,-0.0496542826,0.698722899,0.234525427,0.968187869,0.113172971,0.683570147,0.337713718,0.737428069,-0.0487100035,0.731839538,0.218869269,0.710136771,0.151592582,0.737973213,0.320409447,0.914808571,-0.0171155687,0.767956853,0.143016264,0.94421345
3883.3333333333203,-0.00592692476,-0.619014859,-0.240724057,0.999823213,0.0043776813,-0.641367257,-0.230026022,0.999638259,0.00523122121,-0.643148541,-0.219351619,0.999605417,0.00354330475,-0.641927838,-0.22202915,0.999698758,-0.0204623733,-0.649329126,-0.246736929,0.99975872,-0.0191569217,-0.649068534,-0.259688437,0.999827206,-0.0139178885,-0.637388,-0.239899933,0.999851644,0.034377072,-0.641386449,-0.112800568,0.99979049,-0.0986517146,-0.584116817,-0.147042319,0.999582589,0.0190629978,-0.614293,-0.188785464,0.999834359,-0.0155250747,-0.577080607,-0.22465539,0.999835193,0.111347944,-0.497152627,0.0313140489,0.999976873,-0.17104134,-0.514329731,-0.00925752,0.999945462,0.175617769,-0.295488358,0.0924883932,0.86592865,-0.166741073,-0.249322981,-0.156804919,0.971799731,0.210349232,-0.095455721,0.0881252661,0.935945,-0.0695695058,-0.317414373,-0.337734073,0.994652092,0.200258464,-0.0583657287,0.0971626937,0.934511185,-0.0174327232,-0.351970106,-0.403465837,0.992772758,0.182776421,-0.0505859293,0.0762613416,0.940718174,0.0040392396,-0.416062355,-0.392819077,0.992630661,0.208226427,-0.0655542091,0.082150273,0.924316823,-0.0550218746,-0.345644981,-0.34190473,0.985363603,0.0898708403,-0.0102935368,0.0532734655,0.999973774,-0.0882815644,0.00735782553,-0.0491023958,0.999971926,0.160144851,0.406282634,0.0265798774,0.937181652,-0.0252769347,0.335078359,-0.0165096559,0.949922323,0.135478035,0.656845629,0.30034402,0.908509672,-0.050527934,0.696462631,0.239160344,0.967440546,0.113159254,0.687103748,0.337112546,0.737942278,-0.049655363,0.729347944,0.22444278,0.702592552,0.151061028,0.739307523,0.319396079,0.915661514,-0.0173138548,0.765428722,0.148819,0.943098843
3899.999999999987,-0.00607458269,-0.619505882,-0.241716847,0.999813616,0.00415928289,-0.64169842,-0.231244937,0.999625325,0.00501074828,-0.643482864,-0.220538512,0.999588609,0.00335136754,-0.642315,-0.223211646,0.999688625,-0.0206470247,-0.649624109,-0.247957081,0.999747217,-0.0193375424,-0.649360836,-0.260931373,0.99981755,-0.0141086141,-0.637691915,-0.241094559,0.999844611,0.0343322493,-0.641575634,-0.114616178,0.999783397,-0.0987240672,-0.584131718,-0.148522913,0.999554634,0.0190048199,-0.614735961,-0.189920649,0.999825,-0.0155968545,-0.577423,-0.225744635,0.999823451,0.111396722,-0.497125089,0.0296499394,0.99997586,-0.171590105,-0.514448047,-0.0101592466,0.999941885,0.175881833,-0.295600504,0.0907145515,0.862335443,-0.169307798,-0.248874351,-0.156392604,0.971620381,0.210827887,-0.0969487503,0.0865521729,0.932682872,-0.0712074786,-0.31608516,-0.337955266,0.99423939,0.200847536,-0.0608936474,0.0953659266,0.929539084,-0.0190094803,-0.350603759,-0.403770089,0.992037773,0.182954326,-0.053367611,0.0742938668,0.936091,0.00199860544,-0.41532591,-0.393199891,0.991835952,0.208600447,-0.0673411638,0.0804911852,0.918338239,-0.056683775,-0.344804674,-0.342264682,0.983598351,0.0898575708,-0.0102135837,0.0531397387,0.999973774,-0.0882769302,0.00729879458,-0.0489683412,0.999971867,0.15600659,0.406385243,0.0334412716,0.938731492,-0.024937477,0.335174114,-0.0167791657,0.95081836,0.13691932,0.664275348,0.299880445,0.911764681,-0.0507508181,0.696984351,0.237459242,0.967722416,0.115576565,0.695376098,0.336689234,0.741318107,-0.0499296971,0.729959786,0.222525522,0.700530708,0.154763594,0.745806634,0.313320875,0.917730391,-0.0176973622,0.766245961,0.145623952,0.9434
3916.6666666666533,-0.00880741235,-0.619643807,-0.242377773,0.999803722,0.00145357533,-0.641731203,-0.232072279,0.999610543,0.00229794905,-0.643509626,-0.221346423,0.999572754,0.000763335498,-0.642371058,-0.224029347,0.999679387,-0.0233479049,-0.649646342,-0.248614028,0.999730468,-0.0220063161,-0.649381936,-0.26160866,0.999803364,-0.0167287271,-0.637709081,-0.241758972,0.99983263,0.0339824259,-0.64187,-0.115795635,0.999777734,-0.0991637632,-0.58409965,-0.148106471,0.999513566,0.0177278463,-0.615030468,-0.19069007,0.999817491,-0.0169655196,-0.577606142,-0.226200655,0.999810636,0.112282023,-0.497099787,0.0291837435,0.999975622,-0.172326788,-0.514836669,-0.00761169707,0.999936461,0.176107526,-0.294832259,0.0820289478,0.865993202,-0.17621702,-0.24835968,-0.148215488,0.971117318,0.210951045,-0.0973307565,0.0678168908,0.934823096,-0.0727953315,-0.309553117,-0.332010418,0.993665457,0.201295912,-0.0611761324,0.07185857,0.930875838,-0.0194301903,-0.340589,-0.39880991,0.991157293,0.183680594,-0.0539888069,0.0510952249,0.937324524,0.0018143151,-0.407958537,-0.390041381,0.990915596,0.208906189,-0.0675631464,0.0611805,0.919423163,-0.0575721264,-0.338359445,-0.337335974,0.981711388,0.0898647234,-0.010118098,0.0522039607,0.99997288,-0.0882926732,0.00721168658,-0.0481001399,0.999970198,0.151266739,0.40615353,0.0329627655,0.939852118,-0.0257221907,0.335935891,-0.0146807916,0.950649738,0.136780202,0.679893076,0.291243643,0.914473653,-0.0543625951,0.698541701,0.23687458,0.966874897,0.115525849,0.712638,0.325331897,0.742205083,-0.0538683757,0.73151,0.221557021,0.693495035,0.154663831,0.762163281,0.293086946,0.919287562,-0.0230461564,0.768622875,0.144902736,0.942090213
3933.33333333332,-0.0099408282,-0.619666398,-0.242813393,0.999806941,-4.26148881e-006,-0.641754687,-0.232675448,0.999619961,0.000912803749,-0.643529832,-0.221934125,0.999582529,-0.000530217,-0.642397463,-0.224621132,0.999689281,-0.024361819,-0.649665892,-0.249203116,0.99973321,-0.0229933709,-0.649392903,-0.262204528,0.999803662,-0.0176595282,-0.637713194,-0.24233909,0.999833405,0.0322476141,-0.64201057,-0.116738766,0.999783933,-0.0993678719,-0.584007442,-0.148842171,0.99950856,0.0166982692,-0.615066528,-0.191258132,0.999820352,-0.0174833294,-0.577631474,-0.226719379,0.999809861,0.112214223,-0.496501625,0.0262954049,0.999976158,-0.172843412,-0.514837146,-0.00864494313,0.999934435,0.176280454,-0.292886525,0.0792560726,0.871459305,-0.17988874,-0.24581866,-0.146717116,0.971077442,0.213761806,-0.0960902348,0.067565091,0.9379282,-0.0743486434,-0.300314277,-0.324103743,0.993268609,0.205895692,-0.0596744418,0.0719525367,0.933234394,-0.0202235803,-0.328956,-0.389943212,0.990540802,0.188221514,-0.0524602123,0.0510036498,0.939464033,0.00123725273,-0.397861928,-0.382243097,0.990268111,0.212127641,-0.0665272474,0.0609240755,0.921853304,-0.0586995855,-0.329603165,-0.329879433,0.980464,0.0896152481,-0.010052138,0.0520299561,0.999972761,-0.0880573392,0.00714257034,-0.0479953364,0.999969482,0.14890632,0.405947626,0.0366201811,0.939641297,-0.0279186163,0.335747,-0.0148939705,0.950094223,0.136385888,0.680197954,0.285534024,0.915907562,-0.057036411,0.698898375,0.231473565,0.966071069,0.115331739,0.712486267,0.317736119,0.742344677,-0.0566641428,0.731881499,0.215287238,0.688511193,0.154680759,0.760456085,0.286103308,0.920393,-0.0243696757,0.769011855,0.140278071,0.941312432
3949.9999999999864,-0.00987689663,-0.619686723,-0.251809776,0.999811709,2.88606607e-005,-0.641803443,-0.242816076,0.999633253,0.000957266777,-0.643553078,-0.231974572,0.999597728,-0.00048596345,-0.642463207,-0.234939843,0.999702275,-0.0243159253,-0.649679065,-0.259676188,0.999738276,-0.0229171757,-0.649395227,-0.272675,0.999805927,-0.0175700299,-0.637711,-0.25265,0.999834895,0.031976033,-0.642622,-0.131476939,0.999792874,-0.0988862589,-0.583954036,-0.161746383,0.999508321,0.0167422537,-0.615178883,-0.200665221,0.999826252,-0.0170925446,-0.577654719,-0.236345902,0.999812245,0.112688564,-0.496806264,0.0138164405,0.999977112,-0.172849059,-0.514871359,-0.0180871747,0.999932647,0.177338555,-0.293797582,0.0665714666,0.878852129,-0.180483982,-0.243078023,-0.148692772,0.971292436,0.21879743,-0.098856777,0.0519141592,0.942295551,-0.0748086646,-0.292406052,-0.32522431,0.992967546,0.212755114,-0.0626450852,0.0559278503,0.937337518,-0.0204666015,-0.319229275,-0.391179144,0.990052462,0.19491446,-0.0554350279,0.0338094868,0.943205714,0.00111123733,-0.389876485,-0.383109301,0.989772499,0.217529133,-0.0693341643,0.0447851829,0.926400781,-0.0589498542,-0.322200358,-0.330886483,0.979401171,0.0894919336,-0.00994287245,0.0520416275,0.999972701,-0.0879382938,0.00702232169,-0.0480432622,0.999968588,0.146887794,0.406289,0.0406211391,0.940579891,-0.0316941366,0.335002244,-0.0150604043,0.95107758,0.136261329,0.678943574,0.282914072,0.918752909,-0.0599115901,0.699196517,0.224203363,0.9662534,0.115285747,0.710695446,0.314380974,0.746694803,-0.059118785,0.732203662,0.20745039,0.688266516,0.155405,0.75833261,0.283928782,0.923001051,-0.0250095651,0.769988656,0.134021744,0.941959441
3966.666666666653,-0.0104452455,-0.619964063,-0.253157765,0.999813259,-0.000532494276,-0.642167,-0.244070426,0.999638498,0.000416260766,-0.643844426,-0.233238101,0.999603391,-0.00103274407,-0.642817855,-0.236266866,0.999707103,-0.0248548891,-0.64991504,-0.260543376,0.999739289,-0.0234289952,-0.649609864,-0.273522079,0.999806046,-0.018035518,-0.63791585,-0.25352326,0.999834895,0.031967897,-0.643181503,-0.132984966,0.999796689,-0.0988795608,-0.583976924,-0.161857918,0.999507,0.0165577754,-0.615622878,-0.202077,0.999828756,-0.0172441341,-0.577923119,-0.237214357,0.999812782,0.114224114,-0.497055054,0.0134106372,0.99997741,-0.172707707,-0.515054524,-0.0187306143,0.999932706,0.178774893,-0.294388175,0.0669008195,0.882375,-0.183654666,-0.24073489,-0.149221659,0.971477449,0.225481942,-0.0998149738,0.0531951748,0.944654942,-0.0782434568,-0.278340906,-0.328824282,0.992837489,0.220550627,-0.0636010692,0.0577181727,0.939246714,-0.0240460802,-0.301552027,-0.396153659,0.989851534,0.204439312,-0.0563370734,0.0359528475,0.944974899,0.000234033,-0.371049106,-0.388776749,0.989566505,0.225117654,-0.070218578,0.0462460592,0.928459585,-0.0610811263,-0.306716591,-0.33494097,0.978918135,0.0894404501,-0.00976336934,0.0521490909,0.999972641,-0.0878987089,0.00685216812,-0.048162546,0.99996835,0.144738868,0.406063259,0.0429569893,0.941786349,-0.0330076851,0.333833635,-0.0152372038,0.952421784,0.135561585,0.676659286,0.286901176,0.921487,-0.0621556826,0.698439121,0.223961428,0.966933966,0.114975072,0.708165705,0.318684161,0.751723588,-0.0611458682,0.731386125,0.207235426,0.690941215,0.1557125,0.756463647,0.287790239,0.925261796,-0.0261895265,0.769493401,0.133421019,0.943065763
3983.3333333333194,-0.0108274221,-0.620146513,-0.26068759,0.999810874,-0.000902756059,-0.642376781,-0.251901865,0.99963516,6.028399e-005,-0.643965185,-0.24092935,0.999600291,-0.00141294254,-0.643002927,-0.244150743,0.999705,-0.0252398681,-0.650046289,-0.268087387,0.999732912,-0.0237851255,-0.649702251,-0.281138718,0.999800563,-0.0183402374,-0.637998402,-0.261001915,0.99982971,0.0319503509,-0.643599749,-0.142329305,0.999795496,-0.098853834,-0.583983421,-0.168688968,0.999492526,0.0164287388,-0.61604476,-0.209698319,0.999824584,-0.017292928,-0.578206062,-0.24425827,0.999804735,0.115295224,-0.497529238,0.00607579481,0.999977052,-0.171529293,-0.515782118,-0.0281271134,0.999930501,0.18077828,-0.295945734,0.0609216169,0.885286868,-0.183911607,-0.240591079,-0.154961914,0.97123909,0.235469326,-0.102926604,0.051584959,0.946412861,-0.0781704113,-0.271123052,-0.329748482,0.992572188,0.232784778,-0.0667212158,0.0569390021,0.940617204,-0.023894297,-0.29158774,-0.397185683,0.989507139,0.217085645,-0.0593715,0.0345527567,0.9462502,0.00195030647,-0.360986412,-0.39022091,0.989219487,0.236021146,-0.0732882693,0.044494614,0.930033147,-0.0605968647,-0.298876584,-0.336122066,0.978288889,0.0890525579,-0.00967936218,0.0523810126,0.999971747,-0.0875198171,0.00674781343,-0.0484866872,0.999966919,0.141934931,0.404317886,0.0479027778,0.942517698,-0.0335664675,0.332320213,-0.0154106934,0.953186274,0.131855145,0.676045537,0.283091664,0.92492348,-0.0637168959,0.697992444,0.216996178,0.967523336,0.111412562,0.707774699,0.313711375,0.759323,-0.0629473552,0.730899394,0.199448973,0.695639372,0.154657945,0.755904377,0.283756405,0.928024411,-0.028741274,0.769381404,0.127322108,0.943999827
3999.999999999986,-0.0108697433,-0.621584177,-0.267609656,0.999813259,-0.000907078444,-0.643632472,-0.257912725,0.999640286,5.65482478e-005,-0.645039,-0.246880487,0.999605775,-0.00142751762,-0.644176722,-0.250255436,0.999708652,-0.0253059324,-0.651176095,-0.274305403,0.999734759,-0.0238361154,-0.650806546,-0.28747651,0.999801517,-0.0183812771,-0.63910991,-0.267190248,0.999829531,0.0320154,-0.644046,-0.14635314,0.999798775,-0.0988817737,-0.584271193,-0.173575446,0.999492347,0.0164205097,-0.617412508,-0.215885848,0.999826729,-0.0173233543,-0.579575241,-0.250919193,0.999805152,0.116439678,-0.497734278,0.00302732736,0.999977052,-0.171517059,-0.516576886,-0.0340066366,0.999929607,0.18534562,-0.297711492,0.0577433519,0.889276,-0.183983088,-0.240463719,-0.165208772,0.971287072,0.243341237,-0.105457768,0.0463212132,0.948676467,-0.0785097107,-0.261494488,-0.346696615,0.992439032,0.240715235,-0.0685205534,0.0514215417,0.942549586,-0.0245963428,-0.277769029,-0.415507674,0.989319324,0.224473119,-0.0611461923,0.0278056916,0.948058128,0.00205231202,-0.345375627,-0.409601718,0.989036918,0.243693,-0.0755199641,0.038682159,0.932222724,-0.0606158562,-0.287376016,-0.353817,0.977839231,0.0889578387,-0.00956761558,0.0526210777,0.999970853,-0.0874363333,0.0066295159,-0.0487644337,0.999965429,0.139544949,0.403480589,0.0560030788,0.943553865,-0.0337947272,0.328722626,-0.0140426503,0.95411551,0.13153109,0.678726852,0.284407765,0.928374,-0.0636644736,0.695943356,0.216718346,0.968191147,0.11133676,0.711283743,0.314318061,0.767055452,-0.0627902,0.728796601,0.198992953,0.699951947,0.156484842,0.756585062,0.284975439,0.930721819,-0.029526731,0.766248465,0.125989795,0.944906771
4016.6666666666524,-0.0105606141,-0.624752223,-0.274758667,0.999818802,-0.00076828507,-0.647295415,-0.26556772,0.999652386,0.000209368271,-0.648486733,-0.25437358,0.999619663,-0.00127735455,-0.647801816,-0.257793546,0.999718666,-0.0250590537,-0.654430449,-0.28338787,0.999742627,-0.0235280171,-0.653879821,-0.296624154,0.999807298,-0.0180419572,-0.642205954,-0.276173413,0.999833643,0.0312192924,-0.646747053,-0.155516103,0.999805808,-0.0988303125,-0.585520148,-0.188265741,0.999505937,0.0164316315,-0.620512784,-0.223114163,0.999832392,-0.0170348361,-0.582238376,-0.259907782,0.999810278,0.116431758,-0.499201596,-0.0032965031,0.999977529,-0.17109412,-0.51723659,-0.0503633209,0.999930918,0.186738983,-0.300517917,0.0528141148,0.890670478,-0.183657214,-0.240095049,-0.179729864,0.971134365,0.24921988,-0.112181753,0.0397608168,0.950472713,-0.0788447186,-0.250332505,-0.358747929,0.992384255,0.24784486,-0.0755130649,0.0454064049,0.94439441,-0.0261432715,-0.26376906,-0.428134173,0.989363551,0.232640132,-0.0694699511,0.0204553939,0.949816585,0.00201320625,-0.330839396,-0.422708899,0.989105701,0.250395566,-0.0829555839,0.0315039046,0.934399784,-0.0607395247,-0.275916278,-0.366378784,0.977953374,0.0885553211,-0.00948123634,0.0535328873,0.999970734,-0.0870373845,0.00647437945,-0.0498218276,0.999965072,0.137697801,0.403353333,0.0607112423,0.943496227,-0.0368191563,0.324829519,-0.0192630086,0.955010355,0.128729329,0.680383444,0.283398,0.931232631,-0.0660856068,0.69508034,0.199050456,0.969107211,0.108606376,0.712865114,0.312768221,0.773679495,-0.0649794117,0.727787,0.180023596,0.706970692,0.156394407,0.757007718,0.283708394,0.933518887,-0.0310591,0.76440531,0.106022835,0.946671784
4033.333333333319,-0.0103479484,-0.628345847,-0.28044948,0.999820471,-0.000735198031,-0.651105881,-0.270643651,0.999657,0.000242255788,-0.652120411,-0.259316474,0.99962306,-0.00122683577,-0.651664197,-0.262946665,0.999721169,-0.0250209235,-0.657749116,-0.290100485,0.999746561,-0.0234668162,-0.657043695,-0.303424895,0.999809802,-0.0179684367,-0.64538461,-0.282843,0.99983573,0.0294610653,-0.649243951,-0.159309238,0.999805391,-0.0994283557,-0.586237907,-0.197361499,0.999512553,0.0163646154,-0.623728752,-0.227920011,0.999833465,-0.0170026328,-0.584865153,-0.266649246,0.999811471,0.116108127,-0.499445587,-0.0058337925,0.999976933,-0.170901954,-0.517863929,-0.0622653402,0.999932289,0.186712787,-0.301646441,0.0481998287,0.886551261,-0.183473274,-0.240498304,-0.191534668,0.971433401,0.252051413,-0.115698904,0.0318620317,0.949677229,-0.0801436603,-0.238403469,-0.370623499,0.992437601,0.252279133,-0.0787620619,0.0365662426,0.94342196,-0.0301380921,-0.246579543,-0.441839963,0.989529908,0.237667352,-0.072940968,0.0101004578,0.949060678,0.0017351585,-0.311656147,-0.437594622,0.98930794,0.253771633,-0.0866374597,0.0226372238,0.933379829,-0.0613236,-0.262303233,-0.379073292,0.978291154,0.0881189853,-0.0092366524,0.0548541956,0.99996984,-0.086628437,0.00604731264,-0.051327318,0.999964476,0.135036573,0.403272718,0.0797341168,0.939355552,-0.0372551493,0.321743041,-0.0223159455,0.95487,0.124074005,0.686365,0.283488095,0.933046401,-0.0700272098,0.695087731,0.17751579,0.969797552,0.103896558,0.719721913,0.312319249,0.778113,-0.0691426247,0.727800667,0.156134307,0.712800086,0.156361803,0.759385288,0.280566394,0.935457706,-0.0323769711,0.763730943,0.0742925555,0.948169649
4049.9999999999854,-0.0110426787,-0.628591418,-0.287799537,0.999824524,-0.00116993382,-0.651179552,-0.277553111,0.99966222,-0.000161094096,-0.652184486,-0.266266108,0.999628365,-0.00162459444,-0.651740193,-0.269832909,0.999724388,-0.0256734956,-0.657874227,-0.296402514,0.999751151,-0.0240905024,-0.657144845,-0.30956319,0.999813437,-0.018530922,-0.645496488,-0.289023668,0.99983871,0.0293956678,-0.649209321,-0.163805604,0.999806106,-0.10010545,-0.586250186,-0.199426934,0.999521494,0.0157755967,-0.623831153,-0.234422803,0.999837935,-0.0176375955,-0.585113227,-0.272458375,0.999817073,0.117423266,-0.498604774,-0.00990876183,0.999977,-0.172042891,-0.518613875,-0.0598767959,0.999934614,0.191328466,-0.301616728,0.0429574959,0.889698505,-0.187160417,-0.241012484,-0.190906987,0.972102225,0.258454889,-0.117513254,0.0227762442,0.951983631,-0.0869550779,-0.220841482,-0.367498,0.992698669,0.258981615,-0.081049487,0.0252418667,0.945694745,-0.0380518362,-0.223281607,-0.437943488,0.989934087,0.242501408,-0.0763576105,-0.001976436,0.951211751,-0.000632138,-0.287044615,-0.434129477,0.989758611,0.259473,-0.0889162123,0.0131504489,0.936049759,-0.065476872,-0.242718086,-0.375504583,0.979149461,0.0881933868,-0.00901352055,0.0549617894,0.99996835,-0.0867100209,0.00574855553,-0.051470574,0.999963164,0.133065522,0.403219849,0.0752537251,0.938467145,-0.0375099704,0.321783751,-0.0229426678,0.955328,0.123790458,0.69328481,0.280624926,0.935471237,-0.0731768832,0.697260797,0.178866163,0.970476747,0.10367652,0.726985812,0.308264256,0.782222092,-0.0726501644,0.730144203,0.158106595,0.716068923,0.15582931,0.764797032,0.270650029,0.937872708,-0.0365037136,0.764416039,0.0733130947,0.949562371
4066.666666666652,-0.0110336337,-0.62939328,-0.290659904,0.999819696,-0.00112634606,-0.65178,-0.2806831,0.999645472,-9.50444373e-005,-0.652731597,-0.269303381,0.999609232,-0.0015393279,-0.652345717,-0.273040444,0.999710619,-0.025572,-0.658799648,-0.300160587,0.99974072,-0.023966983,-0.65790838,-0.313213468,0.999805391,-0.0183981899,-0.646249533,-0.292801321,0.999832213,0.0292149615,-0.649171352,-0.167965204,0.999792,-0.100093566,-0.586505413,-0.205402702,0.999502718,0.0154839773,-0.624179125,-0.23753041,0.999833941,-0.0176887773,-0.585713089,-0.276057959,0.99981457,0.117440723,-0.497555494,-0.0162195396,0.999976575,-0.172201768,-0.518819928,-0.0621587895,0.999936,0.193336919,-0.303572178,0.0353861265,0.89124459,-0.194252461,-0.242221609,-0.190511644,0.972050667,0.261742562,-0.121619552,0.016799245,0.953440785,-0.0941467807,-0.205821678,-0.358546853,0.992696881,0.262563288,-0.0844748095,0.0187725611,0.947022676,-0.0447092094,-0.203089505,-0.428917766,0.990038097,0.244872198,-0.0799429417,-0.00843135,0.952516437,-0.00282277074,-0.264479429,-0.429367095,0.989913404,0.262437373,-0.0931200311,0.00695495214,0.937707424,-0.070438616,-0.226250499,-0.368506849,0.979514599,0.0881666765,-0.00877302,0.0549707189,0.999966,-0.0866732895,0.00538968341,-0.0515173785,0.999960899,0.131362021,0.403235167,0.0736407414,0.93266654,-0.0376315825,0.317458242,-0.0265194103,0.95242393,0.123598889,0.697257519,0.272488415,0.93489486,-0.0740509406,0.697538495,0.162669912,0.970078945,0.10346663,0.730749547,0.297779769,0.777133048,-0.0737977326,0.73055923,0.140057534,0.71278578,0.154036462,0.768241882,0.257153571,0.937559664,-0.0398549251,0.763589501,0.0512949,0.949369729
4083.3333333333185,-0.0112867588,-0.630347371,-0.289836556,0.999815166,-0.00117725204,-0.652426243,-0.279583663,0.999625325,-0.000112962349,-0.653293729,-0.26824376,0.999584317,-0.001552267,-0.652962148,-0.27200821,0.999691606,-0.0256879907,-0.659747064,-0.299287677,0.999729335,-0.0240603648,-0.658738077,-0.312246799,0.999796629,-0.0184514299,-0.647017598,-0.291935652,0.999825239,0.0289234463,-0.649142683,-0.166653022,0.999771595,-0.100874335,-0.587162733,-0.2047216,0.999481559,0.014773001,-0.624932587,-0.236531883,0.999826372,-0.0183122,-0.586732686,-0.275218636,0.999809,0.117398478,-0.497066259,-0.0180064254,0.999975622,-0.172719598,-0.521173239,-0.0617496632,0.999937534,0.196472,-0.305983514,0.0279589724,0.890514612,-0.197584286,-0.248265669,-0.185389236,0.971139,0.266789675,-0.123489045,0.00814362057,0.952775061,-0.101616122,-0.190917447,-0.342977822,0.992460489,0.269011736,-0.0851229,0.00847443193,0.945993483,-0.0533749163,-0.180586725,-0.411149055,0.98994118,0.248862177,-0.0803614706,-0.0184647683,0.951712966,-0.00716313394,-0.238615721,-0.415474862,0.989884138,0.266816765,-0.0947655216,-0.00189886813,0.936868787,-0.0763452426,-0.208735153,-0.354447246,0.979583502,0.0880662054,-0.00853344,0.0552786849,0.999963403,-0.0865242183,0.00505227363,-0.0519867763,0.999958694,0.126611337,0.403160602,0.0724547505,0.924898148,-0.0376745686,0.317041397,-0.0305385534,0.949090898,0.11765632,0.702510297,0.264497191,0.932936132,-0.0783356056,0.702030957,0.143235669,0.969492257,0.0973705649,0.736402512,0.28852585,0.771070361,-0.0790209472,0.735572457,0.118935816,0.70727706,0.148197278,0.772075832,0.248877853,0.936313212,-0.0427642837,0.767486095,0.0290668663,0.948888361
4099.999999999985,-0.0120704072,-0.631793082,-0.288635224,0.999806464,-0.00165339361,-0.653597176,-0.277965575,0.999586642,-0.0004872024,-0.654409051,-0.266566068,0.999539,-0.00189016247,-0.654131114,-0.270728916,0.99966073,-0.0260515865,-0.661417782,-0.29878214,0.99970448,-0.0243754052,-0.660220265,-0.311444104,0.999776542,-0.0186754242,-0.64837873,-0.291411459,0.999809265,0.0280145165,-0.649313331,-0.165995628,0.999735653,-0.101274565,-0.588612378,-0.20276244,0.999427497,0.0135101806,-0.626213849,-0.235397279,0.999811769,-0.0191382822,-0.588203371,-0.274804264,0.999795556,0.11726357,-0.496688098,-0.0175381768,0.999975145,-0.172815517,-0.52343154,-0.0603760071,0.999938667,0.201534018,-0.308982521,0.0286445078,0.890602887,-0.201066822,-0.253193289,-0.169483796,0.968973935,0.277192086,-0.125086799,0.0123487962,0.953111589,-0.10752897,-0.174384892,-0.307482719,0.991706371,0.281964093,-0.0855557472,0.0137742655,0.945962965,-0.0592690259,-0.157347485,-0.370712191,0.989287674,0.259718537,-0.0803153,-0.0125776548,0.951839268,-0.0101498,-0.212933749,-0.376057476,0.989336669,0.277026981,-0.0961502567,0.00274374057,0.937202275,-0.0810006931,-0.190231785,-0.318855375,0.978848159,0.0878028572,-0.00835909788,0.055742,0.999959946,-0.0861474127,0.00482109422,-0.0527644716,0.999954581,0.121820055,0.402996212,0.0711213648,0.906223238,-0.0377732,0.316433519,-0.0360340402,0.937604189,0.113738544,0.708478034,0.244127423,0.925152063,-0.0826348513,0.7050125,0.134788662,0.965420365,0.093541719,0.742593467,0.26590091,0.753248036,-0.0840115696,0.738893569,0.110185042,0.686421514,0.144740582,0.774742484,0.226108074,0.930673,-0.0448895432,0.769892514,0.0223263651,0.944041729
4116.666666666652,-0.0119753918,-0.635031641,-0.287422448,0.999816656,-0.00140823354,-0.6565274,-0.277125627,0.999603331,-0.000157782822,-0.657340288,-0.265729368,0.999556243,-0.00159041607,-0.657004356,-0.269772917,0.999672294,-0.0259383768,-0.664141536,-0.297347784,0.999718726,-0.0242453888,-0.662978,-0.310124367,0.999787569,-0.0184960105,-0.651241958,-0.290042222,0.999818802,0.0282139964,-0.649882078,-0.163931042,0.999741137,-0.101496771,-0.589860797,-0.202060744,0.999454141,0.0135662174,-0.628492,-0.234498516,0.99982065,-0.0191315897,-0.59053123,-0.273408234,0.999806643,0.118564039,-0.496652961,-0.0138410442,0.999975383,-0.17397128,-0.523975313,-0.0595591329,0.999942124,0.210668221,-0.312585473,0.0303316396,0.892372072,-0.203687638,-0.252857894,-0.153528064,0.969410777,0.285281122,-0.134139076,0.0136209549,0.954356,-0.114365123,-0.156378731,-0.305089802,0.991841435,0.2898224,-0.0951977745,0.0136388494,0.947102,-0.0668831691,-0.137042761,-0.3717767,0.989515781,0.267717123,-0.0917049497,-0.0137601271,0.953006089,-0.0148450676,-0.19323884,-0.376978785,0.989620924,0.284884,-0.105996639,0.00349190063,0.938719571,-0.0864130333,-0.171123967,-0.31691888,0.979414165,0.0879614726,-0.00820158236,0.0561753325,0.999958217,-0.086289078,0.0046403585,-0.053254351,0.99995333,0.120112278,0.402857542,0.0701614,0.901337683,-0.0377558582,0.316606551,-0.0364372469,0.935506344,0.113509156,0.715120912,0.244801655,0.923793912,-0.0847309157,0.710469425,0.13800317,0.964895129,0.0934286788,0.750173092,0.267698884,0.747249186,-0.0860261843,0.74483043,0.114155799,0.680900156,0.14298223,0.781890154,0.225397825,0.93019563,-0.0482980274,0.771883667,0.0225978438,0.943637609
4133.333333333319,-0.0116102584,-0.636232376,-0.2716057,0.999824345,-0.00117756519,-0.657728493,-0.260232538,0.999612689,0.000170343119,-0.658529222,-0.249084175,0.999565959,-0.00120353862,-0.658233464,-0.253469408,0.999680161,-0.0253746361,-0.665511847,-0.282942355,0.999727666,-0.0236858968,-0.664129198,-0.29518351,0.99979347,-0.0177444033,-0.652177274,-0.275717288,0.999824524,0.0276711471,-0.651506424,-0.149716288,0.999742866,-0.101496905,-0.591565311,-0.195249602,0.999471962,0.0136002386,-0.630086184,-0.218291208,0.99982655,-0.018934356,-0.591886163,-0.259006828,0.999814451,0.118422717,-0.496655345,-0.00917701889,0.999976,-0.173984468,-0.52685225,-0.0566991866,0.999945462,0.209475443,-0.312886238,0.0295630805,0.894168675,-0.205697715,-0.256757945,-0.132796898,0.970191777,0.28505677,-0.138281956,0.00262204581,0.956029415,-0.12425378,-0.13853316,-0.251352161,0.99190408,0.290648162,-0.0998113081,0.0003001281,0.948944926,-0.0790832266,-0.110439219,-0.307990551,0.989682317,0.268668443,-0.0965691432,-0.027091857,0.954746962,-0.0279110335,-0.158037663,-0.317729,0.989836156,0.284896135,-0.111199908,-0.00875933189,0.941054881,-0.0975530297,-0.149350062,-0.263557047,0.980076313,0.0879432559,-0.00796486,0.0564827733,0.999956489,-0.086208567,0.00438852794,-0.0537982248,0.999951959,0.11839629,0.402832419,0.0534730442,0.895536363,-0.0379868783,0.316662639,-0.0450549051,0.93171823,0.111199751,0.722724319,0.218148261,0.918327332,-0.0884194076,0.712206483,0.124987461,0.962425828,0.0912000313,0.757834315,0.23989141,0.734582901,-0.0908349827,0.746651888,0.10016419,0.667418659,0.141421288,0.788934231,0.205062941,0.926963389,-0.0545040667,0.775193155,0.0174754355,0.941356421
4149.999999999986,-0.0116005633,-0.637385607,-0.270198703,0.999836147,-0.00108779536,-0.65886265,-0.257805645,0.999634624,0.000362053514,-0.659610033,-0.246780038,0.999589264,-0.000998291,-0.659341097,-0.251142,0.999697804,-0.0252751354,-0.666851461,-0.28083989,0.999744296,-0.0235711038,-0.665362656,-0.293008268,0.999805272,-0.0175811015,-0.65326333,-0.273607045,0.999834895,0.0279436763,-0.652258277,-0.14541252,0.999752223,-0.101590022,-0.593236268,-0.191844359,0.999501348,0.0136022763,-0.631070554,-0.216165394,0.999835312,-0.01896674,-0.592995226,-0.256910443,0.99982506,0.118470348,-0.496373415,-0.00516755832,0.999976575,-0.173742473,-0.527831376,-0.0564311184,0.9999488,0.208951026,-0.313982278,0.0273217373,0.896665871,-0.20551084,-0.256871641,-0.12711142,0.971295178,0.289385617,-0.14571619,-0.00930597074,0.9582811,-0.13180019,-0.1176567,-0.233807713,0.992007554,0.297940165,-0.107715249,-0.0130348699,0.951381,-0.0897028819,-0.0830161199,-0.287163168,0.989781857,0.274855465,-0.103884622,-0.0412934348,0.957013369,-0.0392771289,-0.126498371,-0.298413545,0.989998162,0.289370984,-0.118931085,-0.0216342434,0.944032311,-0.105671532,-0.125199556,-0.24625881,0.980647147,0.0878883377,-0.00765926437,0.0579789095,0.999954,-0.0860627294,0.0040367269,-0.0557105727,0.999949813,0.116865203,0.402671158,0.0492859259,0.880978286,-0.0360793769,0.31641084,-0.0509457,0.924739897,0.10827142,0.72797358,0.203955904,0.909751713,-0.0890396908,0.715928495,0.103730313,0.959003389,0.0884072334,0.763475239,0.224143133,0.717987597,-0.0917129815,0.750782,0.0770049244,0.650122881,0.139660746,0.792710781,0.186412349,0.922065139,-0.053520225,0.778197229,-0.00830518361,0.938041627
4166.666666666653,-0.0133169517,-0.638673306,-0.269581378,0.999847054,-0.00199240656,-0.659633219,-0.256155252,0.999655724,-0.00029915644,-0.660336,-0.245286226,0.999612153,-0.001731931,-0.660003781,-0.24953647,0.999713838,-0.0264426563,-0.667540669,-0.279050678,0.999760628,-0.024702711,-0.666114807,-0.291248828,0.999817491,-0.0186262634,-0.654055774,-0.271771699,0.999845266,0.0280027892,-0.652356267,-0.141599402,0.999763072,-0.103059128,-0.594190955,-0.185222954,0.999533176,0.0125351716,-0.631866515,-0.21507296,0.999845326,-0.0207991954,-0.594194889,-0.255484968,0.999836743,0.118949711,-0.496402293,-0.000755178509,0.999977112,-0.176005632,-0.528153181,-0.0516710505,0.999952,0.209133446,-0.31813544,0.023396451,0.899531066,-0.207034022,-0.255826563,-0.112298787,0.972457707,0.288747251,-0.168575823,-0.0337395817,0.960205615,-0.13833338,-0.104686119,-0.22021006,0.992164493,0.29679817,-0.134243578,-0.0421123058,0.953623831,-0.0962426066,-0.0683536,-0.274493933,0.989934385,0.273625523,-0.134467393,-0.0698483139,0.959087729,-0.0471811146,-0.113288783,-0.288523,0.990198851,0.288403332,-0.14391841,-0.0468288288,0.946726,-0.112305209,-0.111722007,-0.233670473,0.981214046,0.0883781686,-0.00752374483,0.058204338,0.999954164,-0.0864312,0.0039116228,-0.0560204573,0.999950707,0.115751803,0.398194104,0.0502954237,0.882417083,-0.036617808,0.314332813,-0.0505713969,0.927343547,0.107026808,0.724501073,0.214048341,0.912945032,-0.0901002437,0.714598179,0.113345407,0.960341394,0.0874403939,0.759697735,0.235880271,0.723640382,-0.0924633518,0.749389708,0.0877604559,0.654319763,0.139310479,0.790569365,0.197114557,0.924907863,-0.0541649684,0.777258933,0.000738505682,0.939980865
4183.33333333332,-0.0135638621,-0.640455484,-0.263743699,0.999852777,-0.00209122221,-0.661086619,-0.24903205,0.999662519,-0.000330705458,-0.661797464,-0.238286093,0.999617875,-0.001783896,-0.661307335,-0.242465407,0.999717236,-0.0264825337,-0.668946803,-0.272576571,0.999769568,-0.0247669183,-0.667504,-0.284601271,0.999824107,-0.0186584108,-0.655424833,-0.26520586,0.999851584,0.0279310159,-0.653061152,-0.132476315,0.999760807,-0.103959605,-0.595648706,-0.177969292,0.99955374,0.0121484017,-0.633198142,-0.208534852,0.999849617,-0.021378886,-0.595734596,-0.249261305,0.999844074,0.119057044,-0.497549683,0.00974080153,0.999976814,-0.177952677,-0.528207541,-0.0460833907,0.999954939,0.208874524,-0.3268812,0.0252252184,0.896222234,-0.207578,-0.253227413,-0.095697321,0.97357,0.289397836,-0.191395834,-0.0261451025,0.959667623,-0.143497229,-0.0910899639,-0.191076979,0.992278337,0.297771394,-0.160551399,-0.0328342058,0.953287721,-0.102289423,-0.0529231839,-0.24304305,0.990003,0.276002467,-0.162776887,-0.0605152361,0.958947122,-0.0543235242,-0.0959294662,-0.258092165,0.990313411,0.289503574,-0.168226495,-0.0390380733,0.946822643,-0.118161201,-0.09721867,-0.204519033,0.981644332,0.088848725,-0.00744643575,0.0583655722,0.999954641,-0.0867983699,0.00384909613,-0.0562353134,0.999952197,0.114396974,0.396891832,0.0504341461,0.882700145,-0.0369073711,0.313887179,-0.0502818376,0.928734958,0.101452433,0.723188519,0.219606549,0.914374352,-0.0915850401,0.714311182,0.117475525,0.961184442,0.0816733539,0.758619964,0.242275104,0.724688,-0.0941362381,0.749184787,0.0921193361,0.656338096,0.133850381,0.789566457,0.203711316,0.926132739,-0.0599625669,0.775437832,0.00418344466,0.94117862
4199.999999999987,-0.0135907335,-0.641447484,-0.260283142,0.99986124,-0.00202594697,-0.661782,-0.244709402,0.999678791,-0.000214369051,-0.662506461,-0.234127,0.99963516,-0.00169517205,-0.661883831,-0.238126487,0.999729097,-0.0264217332,-0.669715762,-0.268070698,0.999783397,-0.0247390307,-0.668304801,-0.280043632,0.999834597,-0.0185974948,-0.656231523,-0.260748476,0.999860764,0.02855362,-0.653276205,-0.125966668,0.999768794,-0.104234308,-0.596926153,-0.171000302,0.999583185,0.0121303545,-0.633812606,-0.20445852,0.999857903,-0.0216248035,-0.596772194,-0.244843617,0.999854386,0.119353831,-0.499669105,0.0186968111,0.999977,-0.179865867,-0.528176248,-0.038518358,0.999958,0.208611235,-0.336763024,0.0283478666,0.894059896,-0.208864778,-0.247353405,-0.0822544,0.974858,0.288359374,-0.211654648,-0.0262590125,0.959807,-0.154679373,-0.0768391,-0.180092633,0.992538333,0.296220452,-0.183602646,-0.0337293707,0.95379889,-0.115776405,-0.0380519629,-0.232761949,0.990265906,0.275363535,-0.186164081,-0.0612252578,0.959515154,-0.0692177042,-0.079302,-0.248715967,0.990606785,0.288607121,-0.189121202,-0.0393715315,0.947707832,-0.130522236,-0.0819741637,-0.19370088,0.982323825,0.089415811,-0.00741483318,0.0584629886,0.999956131,-0.0872674957,0.00383462873,-0.0563430637,0.999954522,0.111885771,0.396419168,0.0523882695,0.887908459,-0.0367971137,0.313953966,-0.0472146347,0.932385266,0.0948952809,0.722078621,0.239969939,0.918540597,-0.0919047445,0.712132335,0.136692807,0.962832034,0.0750934854,0.757212162,0.264395207,0.733631313,-0.0945464224,0.746602237,0.113938585,0.662504733,0.130222797,0.789078891,0.226825282,0.929522216,-0.0614487,0.773501277,0.025823012,0.94341737
4216.666666666654,-0.0133499699,-0.641307235,-0.260557652,0.999864638,-0.00106383779,-0.661389709,-0.245506018,0.999679387,0.000876962498,-0.662038207,-0.234866738,0.999632359,-0.000644841872,-0.661387563,-0.238846719,0.999723315,-0.0259093083,-0.669288814,-0.268529922,0.999789715,-0.0243184231,-0.667963743,-0.280521363,0.999839544,-0.0181120653,-0.655861855,-0.261201292,0.99986577,0.0321106575,-0.653014481,-0.127032682,0.999756753,-0.104224518,-0.597216785,-0.170387104,0.999601543,0.0126487659,-0.633390903,-0.205115423,0.999857366,-0.0215958338,-0.596706927,-0.245295092,0.999858797,0.122778773,-0.499811143,0.0174423251,0.999974608,-0.18061243,-0.528430045,-0.0351011455,0.999959886,0.21037662,-0.338315725,0.00272361189,0.889710724,-0.208000034,-0.242728978,-0.0764958337,0.97571224,0.289468765,-0.225533307,-0.0996723846,0.958527207,-0.162108853,-0.0637078211,-0.174847692,0.992805123,0.298229724,-0.201696083,-0.117278554,0.953191698,-0.127069727,-0.022950707,-0.227763206,0.990530431,0.275732934,-0.205285057,-0.143719986,0.959160268,-0.0830554962,-0.0615071207,-0.24671112,0.990907609,0.289120883,-0.203915671,-0.114154436,0.947264,-0.139574111,-0.0664895549,-0.189994439,0.982979417,0.0904307887,-0.00737946713,0.0575854108,0.999956,-0.088255696,0.00381242856,-0.0555362627,0.999955833,0.110770553,0.396146744,0.059899509,0.88969779,-0.0367825888,0.314851642,-0.0228966344,0.933600962,0.0936069414,0.721143663,0.24698095,0.921052694,-0.0880430713,0.711946785,0.162736073,0.962863326,0.0736429766,0.756416798,0.270680964,0.737419367,-0.0902067646,0.746488094,0.13993147,0.660930336,0.128199726,0.788239479,0.229652718,0.931077898,-0.0606859364,0.772179306,0.0503411368,0.942834735
4233.333333333321,-0.0104693091,-0.636043906,-0.260958463,0.999868751,0.00240965094,-0.656167388,-0.246066377,0.999682903,0.00451741,-0.656629,-0.235435441,0.999632478,0.00306725432,-0.656042814,-0.239380077,0.999721885,-0.0223941095,-0.663970351,-0.268927664,0.999797642,-0.0208486691,-0.662778616,-0.280951768,0.999845266,-0.0145580554,-0.650560081,-0.261591822,0.999871671,0.0355302915,-0.649262,-0.127760589,0.99974674,-0.102205619,-0.594936311,-0.170912802,0.999621809,0.0150994631,-0.627739,-0.205441177,0.999858856,-0.0195287969,-0.592121243,-0.245594323,0.999864817,0.12490356,-0.497339517,0.0165388137,0.999973118,-0.179983243,-0.525782168,-0.0352705307,0.99996233,0.211038515,-0.336704075,-0.0165606868,0.880933166,-0.20529364,-0.231641933,-0.083137542,0.976875126,0.291101664,-0.234877408,-0.13354376,0.956636608,-0.163359195,-0.0443226919,-0.180803746,0.993138969,0.300865144,-0.215603292,-0.152848691,0.95220232,-0.130180389,-0.00224572606,-0.233444199,0.9908939,0.277478218,-0.222276986,-0.178548694,0.958450735,-0.0864607543,-0.0379917957,-0.2530213,0.991296053,0.290502042,-0.215573579,-0.148229435,0.94632262,-0.141621724,-0.0456539579,-0.196103916,0.9837749,0.0907535553,-0.00726133306,0.0575962439,0.999956071,-0.0885412768,0.00367971277,-0.0555666797,0.999957442,0.110597186,0.396511018,0.0602501631,0.885236442,-0.0333878845,0.318123519,-0.0248035789,0.933573723,0.0934741125,0.721742,0.24862282,0.920211315,-0.0872769579,0.712779522,0.158269569,0.962121546,0.073344551,0.757021,0.272119284,0.734620452,-0.089924261,0.746898174,0.135265738,0.6528,0.128202051,0.787549794,0.230531231,0.930764854,-0.0602078587,0.77240169,0.0418793149,0.941969335
4249.999999999988,-0.0100069949,-0.631556153,-0.259605855,0.999839425,0.00335000828,-0.650976241,-0.244544,0.999566734,0.00541720074,-0.651326954,-0.234128252,0.999486446,0.00403777836,-0.65084815,-0.237901926,0.999607682,-0.0214540362,-0.658103347,-0.266714871,0.999749,-0.0199080892,-0.65733093,-0.279295176,0.999805927,-0.0136725064,-0.644989967,-0.25974378,0.99984479,0.0389057845,-0.643425584,-0.128027812,0.999624,-0.0990994424,-0.590314209,-0.166046694,0.999568045,0.0163075216,-0.621785164,-0.204782501,0.999827862,-0.0186012164,-0.587558627,-0.243581891,0.999849141,0.129956663,-0.489822328,0.00778812,0.999969,-0.180014491,-0.518684089,-0.030373564,0.999961913,0.211602658,-0.336158454,-0.0743608102,0.875660956,-0.20532167,-0.221587062,-0.0766132623,0.976759732,0.281731069,-0.25216037,-0.226491421,0.954990327,-0.175128043,-0.0375859849,-0.176972434,0.993058562,0.289860278,-0.236685395,-0.257223517,0.951653957,-0.144609585,0.00570026459,-0.230810717,0.990656316,0.256328017,-0.246789053,-0.278852314,0.95807904,-0.100972608,-0.0312234722,-0.253449172,0.99115926,0.276485354,-0.234986857,-0.241005212,0.945361137,-0.154082865,-0.038251657,-0.193866804,0.98371172,0.0919272751,-0.00723319361,0.0536994822,0.999954164,-0.0896992683,0.0036559233,-0.051836513,0.999957204,0.10959243,0.396515429,0.055429928,0.867122591,-0.0324218,0.320089966,-0.019975245,0.921895146,0.0941907838,0.721367478,0.24875614,0.910044551,-0.0813472271,0.709861636,0.169316709,0.952303946,0.0740505829,0.756356478,0.272457153,0.710573316,-0.0835917369,0.742698431,0.146971583,0.622762561,0.127501667,0.786781371,0.22983703,0.920223296,-0.0583943091,0.768763185,0.054566,0.927776039
4266.666666666655,-0.0100200381,-0.627174,-0.262181,0.999830723,0.00356904254,-0.646698892,-0.246747747,0.99952513,0.00562702445,-0.646962821,-0.236534551,0.999431849,0.00427584443,-0.646572709,-0.240019798,0.999563873,-0.0212969556,-0.654023826,-0.268492609,0.999735117,-0.0197674,-0.653303385,-0.281447679,0.999794126,-0.0135621093,-0.640838504,-0.261755317,0.999837,0.041577,-0.639804482,-0.13069959,0.999576151,-0.0982587337,-0.588539302,-0.166661456,0.999555826,0.0165488049,-0.616783202,-0.207320869,0.999815166,-0.0185838398,-0.583708644,-0.245071799,0.999845147,0.131963,-0.486344397,-0.00121047185,0.999966204,-0.179955453,-0.516881704,-0.0308153834,0.99996227,0.213151187,-0.33565864,-0.0873152763,0.874345124,-0.204140186,-0.220128641,-0.0780593678,0.977335572,0.274865,-0.267603308,-0.231271967,0.955310524,-0.18836619,-0.0350642353,-0.176899195,0.993246496,0.280468673,-0.256236434,-0.259469867,0.952727377,-0.163164109,0.00874819141,-0.229790434,0.990820944,0.244679034,-0.271271497,-0.281173587,0.95910728,-0.123632222,-0.0265224464,-0.254641,0.991378427,0.268064559,-0.253609627,-0.245546,0.946477294,-0.170224279,-0.0350460671,-0.194716647,0.984261811,0.0924083665,-0.0072022262,0.0523588099,0.999950886,-0.0901827216,0.00360762049,-0.0506289601,0.999956131,0.108384229,0.395706981,0.0550344959,0.851292372,-0.0314845182,0.320104361,-0.0177025534,0.913029194,0.0917030647,0.720709562,0.249404669,0.901074529,-0.0812013373,0.70780617,0.169953912,0.944400549,0.0714060888,0.755486429,0.273172468,0.691967845,-0.0835010856,0.739985,0.147209272,0.597098708,0.123166077,0.78558445,0.229690686,0.911689758,-0.0576020256,0.766269326,0.0545151196,0.916487396
4283.333333333322,-0.0106447758,-0.621647358,-0.264852732,0.999827,0.00340030342,-0.641786754,-0.249564946,0.999503791,0.00546250073,-0.642139792,-0.23946628,0.999405801,0.00411414495,-0.641770542,-0.242809519,0.999545,-0.021386018,-0.649842381,-0.270968944,0.999728262,-0.0198886991,-0.648959756,-0.284067839,0.999787,-0.0137283225,-0.636434078,-0.264358073,0.999831438,0.0417126864,-0.636458158,-0.133641094,0.999559164,-0.0982123464,-0.586486161,-0.167564183,0.999550343,0.0164511632,-0.611646116,-0.209863663,0.999810517,-0.0189402588,-0.57908088,-0.246941969,0.999844551,0.131891325,-0.483504951,-0.00519747101,0.999965549,-0.179612473,-0.515756488,-0.0311089233,0.999962926,0.214644402,-0.330945492,-0.0816180408,0.877094269,-0.203832179,-0.217708871,-0.0813952163,0.978016376,0.272746623,-0.283645391,-0.207733527,0.957761347,-0.201374039,-0.0303068887,-0.181294188,0.993414283,0.276562,-0.279561043,-0.23007834,0.955526233,-0.180354372,0.0135543933,-0.232951298,0.990984917,0.243700847,-0.299806565,-0.251294047,0.961567223,-0.14319019,-0.0199021362,-0.257543504,0.991588891,0.266872644,-0.273554891,-0.220929936,0.949541628,-0.185667038,-0.0298839081,-0.198800907,0.98483783,0.0924101546,-0.00715777511,0.0520268418,0.99994874,-0.0901774615,0.00357243954,-0.0503519773,0.999955297,0.105294719,0.394826263,0.054974582,0.842779219,-0.031170059,0.320102245,-0.0281148627,0.911228061,0.0869657546,0.717591107,0.257565707,0.899129212,-0.0812121928,0.704643369,0.169032961,0.942204714,0.0664496347,0.751716077,0.282457948,0.685830116,-0.083569482,0.736158133,0.146748453,0.585843384,0.119199991,0.782320082,0.24033913,0.909628272,-0.0572982915,0.764816046,0.0539084151,0.913250089
4299.999999999989,-0.012183072,-0.62185353,-0.26904577,0.999824941,0.00235006772,-0.641857862,-0.253384769,0.999486506,0.00440177415,-0.642175734,-0.243389681,0.999383569,0.00300987414,-0.641742885,-0.246508881,0.999525,-0.0223855712,-0.649876833,-0.275072813,0.999725401,-0.0210512616,-0.649004161,-0.288314641,0.999784648,-0.0148507524,-0.63655287,-0.268524677,0.999830127,0.0415696464,-0.636001825,-0.136449501,0.999541044,-0.0994401425,-0.586390078,-0.170421734,0.999553,0.0155486101,-0.61173439,-0.213608861,0.999807298,-0.0206405316,-0.579138935,-0.250904262,0.999845505,0.131698936,-0.48354134,-0.00652053254,0.99996376,-0.180461541,-0.515780807,-0.0314403735,0.999963582,0.218920678,-0.33074984,-0.0763712376,0.878528297,-0.204464316,-0.218614385,-0.0765164047,0.978463471,0.27180931,-0.301409423,-0.203014761,0.959037662,-0.221238509,-0.0278745443,-0.167943269,0.993502,0.273854,-0.300124854,-0.226258233,0.956985533,-0.203594431,0.0157359336,-0.217493251,0.990956664,0.242210165,-0.321704477,-0.24625054,0.962855279,-0.168317169,-0.0151422154,-0.243706688,0.991619051,0.265945196,-0.292137891,-0.216081306,0.950973094,-0.206682742,-0.0261003822,-0.185792699,0.985093296,0.0925272107,-0.00718341814,0.0518860184,0.999946773,-0.090285629,0.00360921281,-0.0502319448,0.999955118,0.10041298,0.391881764,0.0700494573,0.83860296,-0.0313939601,0.320308298,-0.0225976277,0.910700142,0.079513371,0.712437689,0.290064096,0.897272408,-0.0837026909,0.702787399,0.174915239,0.940278113,0.0593527444,0.746886432,0.316539735,0.683229268,-0.0866676345,0.734061778,0.153242677,0.577734,0.115095295,0.777155161,0.274338216,0.90688169,-0.0620083399,0.762352824,0.0603288785,0.909523368
4316.666666666656,-0.0131300697,-0.619545281,-0.274850756,0.999811947,0.00128057331,-0.639452815,-0.259778559,0.999423563,0.00335955597,-0.639695942,-0.249887645,0.999305129,0.00194120326,-0.639219165,-0.252782345,0.999465704,-0.0229264013,-0.647559464,-0.282197803,0.999702692,-0.0216161814,-0.646621823,-0.295380622,0.999766111,-0.0154263536,-0.634186447,-0.275633574,0.999817252,0.0401819311,-0.633424699,-0.144106343,0.999481738,-0.10017173,-0.584669471,-0.181034029,0.999528527,0.0144247673,-0.60916853,-0.219353586,0.999795675,-0.0216348674,-0.576765776,-0.257688016,0.999841154,0.131133452,-0.481141061,-0.0121007292,0.999962568,-0.180948094,-0.514518201,-0.0382122695,0.999964356,0.223045364,-0.327052385,-0.0828518346,0.881257415,-0.20463,-0.216958553,-0.0786781833,0.979064524,0.269951016,-0.310631961,-0.208428577,0.960850954,-0.229894355,-0.0233529601,-0.170348629,0.993649304,0.269525826,-0.31544742,-0.230096623,0.958756387,-0.214276358,0.0184354261,-0.218362227,0.990998924,0.239684448,-0.338547021,-0.248501524,0.964369118,-0.180520222,-0.0102604209,-0.243547156,0.99170959,0.264348209,-0.303489596,-0.220800832,0.952660799,-0.21665436,-0.0210691318,-0.187643468,0.98541975,0.092520453,-0.00717406208,0.051919207,0.999940574,-0.0902704522,0.00359523203,-0.0503289364,0.999951839,0.0978223309,0.391903549,0.0695379376,0.821387112,-0.0313683748,0.32055524,-0.0301295612,0.901685059,0.0734053254,0.712918878,0.28476873,0.885406,-0.0863062,0.702624321,0.168806553,0.931420147,0.052795615,0.747266352,0.31075123,0.666630566,-0.0900107548,0.733833075,0.147675067,0.554747581,0.108962275,0.776684582,0.268461674,0.896145046,-0.063182056,0.759349465,0.0511921719,0.897571921
4333.333333333323,-0.013131869,-0.617377639,-0.280119091,0.999805212,0.00109419704,-0.637187183,-0.26587224,0.999390423,0.00321371504,-0.637276,-0.25603494,0.999266267,0.00180008297,-0.636853278,-0.25878039,0.999435067,-0.0229008291,-0.645444691,-0.290094256,0.999692619,-0.0215925258,-0.644345224,-0.303327978,0.999758422,-0.0154059799,-0.632076144,-0.283423483,0.999811947,0.0379245616,-0.631405354,-0.150981933,0.999454141,-0.100455329,-0.583170533,-0.195292369,0.999522746,0.0139733627,-0.606951892,-0.224073052,0.99979192,-0.0218080617,-0.574640334,-0.264952332,0.99984175,0.127689704,-0.479788721,-0.0136824911,0.999962509,-0.180979803,-0.514292359,-0.0489993803,0.999965906,0.222605154,-0.325694233,-0.0786607191,0.885141313,-0.204478398,-0.216721043,-0.0797664076,0.979818821,0.263669401,-0.336394429,-0.201584622,0.963200033,-0.233244032,-0.0185698681,-0.164587528,0.993806481,0.260502547,-0.348915279,-0.222837731,0.961035132,-0.219246835,0.0231342185,-0.209007859,0.991070747,0.233803585,-0.374098897,-0.238987908,0.966285825,-0.187228203,-0.00242898054,-0.233848602,0.991814,0.258924246,-0.331966966,-0.213026226,0.954919398,-0.220978409,-0.0154524781,-0.181210846,0.985772967,0.0920901597,-0.00716126291,0.0537644923,0.999937654,-0.089811489,0.00357094617,-0.0525136553,0.999951124,0.0953974128,0.391395062,0.0863065347,0.807739139,-0.0284352452,0.320079058,-0.0378506072,0.901410043,0.0675176531,0.712923,0.307869643,0.878062308,-0.0899726227,0.702647,0.139630392,0.930422366,0.0468994975,0.747294784,0.334203839,0.660593152,-0.0948112831,0.733876169,0.116634205,0.549307644,0.107831322,0.776067,0.294733763,0.890596211,-0.0630111918,0.75873667,0.0155671053,0.896260381
4349.99999999999,-0.012461,-0.615074277,-0.292361677,0.999768138,0.00150747679,-0.634566069,-0.27908653,0.999245524,0.00355890184,-0.634535134,-0.269004673,0.999080062,0.00212145387,-0.634117484,-0.271772146,0.999296248,-0.0217892807,-0.643265188,-0.304049969,0.999635398,-0.0205355659,-0.642079592,-0.317190677,0.999711812,-0.0143600535,-0.629798949,-0.297211051,0.999779761,0.0374482758,-0.628666937,-0.164916664,0.999318719,-0.100091979,-0.581458271,-0.213373095,0.999457538,0.0139965732,-0.60456264,-0.236247271,0.999760628,-0.021513436,-0.572483838,-0.278544962,0.999825656,0.127349272,-0.477997214,-0.0229629762,0.99995935,-0.180105478,-0.513642251,-0.0654102489,0.999966,0.231850743,-0.325559556,-0.0820921287,0.88632369,-0.202913627,-0.216673926,-0.106864318,0.97999239,0.263887256,-0.360686094,-0.194645748,0.964541674,-0.237267748,-0.0197875295,-0.183460757,0.993806,0.261088431,-0.379928946,-0.213365197,0.962027669,-0.227182984,0.0198829658,-0.223347142,0.990843832,0.234984502,-0.406285822,-0.229459524,0.967003047,-0.195387602,-0.00390373077,-0.247159362,0.991639853,0.259281486,-0.35794884,-0.205487385,0.955446243,-0.226284742,-0.0158674046,-0.199157178,0.985695899,0.0911988392,-0.00716742966,0.0542632155,0.999931693,-0.0889010057,0.00355646876,-0.0531096943,0.999948084,0.093199715,0.391246468,0.0887644738,0.790023208,-0.0284935851,0.319890648,-0.0401765369,0.891808331,0.0654743612,0.712848723,0.30507496,0.870969415,-0.0909727514,0.700962365,0.13987866,0.925007284,0.0443205647,0.747151434,0.330783904,0.652546,-0.0961962491,0.732067585,0.117158793,0.53744638,0.103905387,0.776019871,0.290058911,0.883993864,-0.0664670095,0.756460428,0.0184888858,0.889204323
4366.666666666657,-0.0111118807,-0.615499,-0.318364978,0.999755919,0.00264257938,-0.634921,-0.304951221,0.999198,0.00461721374,-0.634857595,-0.294724047,0.999024689,0.00311419531,-0.634451,-0.297319442,0.999249578,-0.0203484427,-0.643533885,-0.329728514,0.999618,-0.0191028,-0.642389894,-0.343389481,0.999698162,-0.0130866654,-0.630142093,-0.322845787,0.999769568,0.037651062,-0.627949,-0.188168123,0.999285102,-0.099601,-0.581202924,-0.235432774,0.999441504,0.0145827336,-0.604872882,-0.261254936,0.999756515,-0.0208303183,-0.572813749,-0.304178596,0.999825537,0.127487168,-0.477453321,-0.0475572124,0.999958217,-0.180853844,-0.51352644,-0.0746538,0.999965787,0.23753199,-0.325616479,-0.115067229,0.891867042,-0.207125753,-0.217053369,-0.110982351,0.979708612,0.26413551,-0.370808303,-0.242703691,0.96640861,-0.249961734,-0.020833075,-0.190352336,0.993455589,0.259338498,-0.392909765,-0.266217947,0.963692427,-0.239296913,0.0176209491,-0.230898067,0.990033507,0.23323223,-0.419531673,-0.278453261,0.96834451,-0.207868263,-0.00647734478,-0.256221861,0.990944803,0.259541124,-0.367969275,-0.25273183,0.956803918,-0.238444686,-0.0168273374,-0.207125217,0.984775722,0.0911413208,-0.00731303869,0.0539097264,0.999930203,-0.0888584629,0.00363801536,-0.0527781136,0.999947786,0.0927419811,0.391214967,0.106863432,0.79302305,-0.0284542814,0.318526983,-0.0258614048,0.893583775,0.0665978342,0.711122394,0.339307696,0.873212576,-0.088628836,0.699097276,0.152116537,0.926453888,0.045767691,0.745077729,0.367329121,0.657646716,-0.0934110135,0.730014324,0.129760489,0.541932225,0.104669787,0.774947703,0.326553822,0.884436429,-0.066118978,0.75388819,0.0270694196,0.889865696
4383.333333333324,-0.0097330967,-0.615818202,-0.320529699,0.999697149,0.0034179322,-0.635201693,-0.307242155,0.998983622,0.00533627532,-0.635123253,-0.296965301,0.998763204,0.00377283827,-0.634695888,-0.299699843,0.999047816,-0.0189912673,-0.643789768,-0.332622528,0.999529958,-0.0178238545,-0.642655,-0.346196979,0.999628305,-0.0118586821,-0.630419254,-0.325746268,0.999720097,0.0374446698,-0.627825081,-0.190769702,0.999115944,-0.0994928256,-0.581217229,-0.240974724,0.999347627,0.0149400905,-0.605219364,-0.263275623,0.999718,-0.0202296078,-0.57308954,-0.306971639,0.999804497,0.127255112,-0.477691084,-0.0486670583,0.999953866,-0.181073263,-0.513634861,-0.0794526488,0.999964058,0.241597876,-0.330815136,-0.108540177,0.894442379,-0.209224343,-0.218460664,-0.110937066,0.978911936,0.263907731,-0.390155435,-0.22765483,0.967298567,-0.257004529,-0.0220705122,-0.185896948,0.992846727,0.256605774,-0.414396912,-0.249129608,0.964144826,-0.246826634,0.016220402,-0.225880742,0.988735735,0.230479747,-0.439341098,-0.261281401,0.968529642,-0.215660974,-0.00577133,-0.249426678,0.989791,0.259134442,-0.387196332,-0.237290934,0.956545591,-0.245771512,-0.0174239632,-0.201924026,0.983225644,0.090790756,-0.00735709537,0.0539987758,0.999926,-0.088505052,0.00365026086,-0.0529089868,0.999945581,0.0916962549,0.391055018,0.11782597,0.791276276,-0.0284083076,0.318466544,-0.0206013303,0.893166542,0.063221626,0.707862377,0.354527116,0.873760581,-0.0900985375,0.697606742,0.163941219,0.926761925,0.04231463,0.741465867,0.383320063,0.661198258,-0.0952582359,0.728453517,0.143130317,0.543051839,0.102654405,0.773571312,0.34602055,0.882572532,-0.0710683614,0.753750861,0.0436621644,0.888175786
4399.999999999991,-0.00935200602,-0.615993381,-0.328135818,0.999663651,0.00391492061,-0.63505137,-0.315090328,0.99886471,0.00576049229,-0.634899437,-0.304717332,0.998619616,0.00414508814,-0.634459734,-0.307415396,0.998938203,-0.0183808748,-0.643678308,-0.339294553,0.999478936,-0.0172352251,-0.642583132,-0.352919132,0.999586463,-0.0113268606,-0.630362511,-0.332406133,0.999690235,0.0380126163,-0.62641108,-0.19936502,0.999031186,-0.098557882,-0.580773294,-0.244674206,0.999285936,0.0153033193,-0.604963362,-0.271385074,0.999701202,-0.0198415704,-0.5731197,-0.313742608,0.99979496,0.128709331,-0.476894528,-0.0585282966,0.999951541,-0.181203723,-0.51332134,-0.0800116,0.999962568,0.250975221,-0.331540465,-0.121425495,0.899003446,-0.211450353,-0.218652427,-0.110895544,0.977682352,0.264112085,-0.394763231,-0.240414128,0.96855396,-0.262191415,-0.0232004207,-0.186149925,0.992019773,0.255962551,-0.420616299,-0.262337714,0.965022326,-0.251731485,0.0146132549,-0.227346018,0.987066925,0.229465768,-0.446667314,-0.27241534,0.969128847,-0.220560923,-0.00758635532,-0.25033778,0.98830092,0.259415,-0.392420709,-0.249250755,0.956808448,-0.250697792,-0.0184621457,-0.202350467,0.98119539,0.090723373,-0.00750949699,0.0533041283,0.999924362,-0.088446185,0.00376690365,-0.0522482172,0.999944746,0.0911803246,0.390905917,0.117493838,0.792260408,-0.0284326468,0.318484515,-0.00914456882,0.89163959,0.0632856041,0.705668747,0.353721261,0.875213504,-0.0889603123,0.697128177,0.183006,0.926767111,0.0425097048,0.739010096,0.382496625,0.663589895,-0.0939829499,0.727958143,0.162842035,0.544302523,0.101909861,0.773452401,0.343191534,0.881781638,-0.0716265738,0.753883481,0.0652116239,0.886383295
4416.666666666658,-0.00848091766,-0.616149843,-0.326287478,0.999652326,0.00488145603,-0.635194659,-0.313039094,0.998827517,0.00664320635,-0.635035932,-0.302650422,0.998565853,0.00497366395,-0.634592414,-0.305378824,0.998898268,-0.0172341745,-0.643839777,-0.337201118,0.999466,-0.0161283575,-0.642749786,-0.350851387,0.999573946,-0.0102799283,-0.630532622,-0.330356836,0.999682605,0.0385255255,-0.626064181,-0.197046414,0.998992264,-0.0976998508,-0.580875,-0.242471084,0.999272823,0.0158335455,-0.60513109,-0.269564569,0.999697208,-0.0192425735,-0.573239744,-0.311817974,0.999794722,0.129130334,-0.476643026,-0.0551201701,0.999949,-0.181285068,-0.514200151,-0.0795303732,0.999961913,0.253139764,-0.332578808,-0.118365735,0.900607228,-0.21385102,-0.224475205,-0.112014249,0.976349056,0.26352942,-0.404284358,-0.240583733,0.969223082,-0.262066096,-0.024483107,-0.18763274,0.991220951,0.252631396,-0.433683187,-0.263062954,0.965379715,-0.251146555,0.013675713,-0.228592247,0.985446393,0.225583091,-0.458899975,-0.272310257,0.969234765,-0.218528062,-0.0106807128,-0.251026571,0.986821473,0.258354783,-0.402485043,-0.249077469,0.956225395,-0.250153542,-0.0208245311,-0.203552216,0.97899437,0.0903759599,-0.00757288793,0.0531885847,0.999922693,-0.0881191716,0.00380325364,-0.0521403551,0.999943912,0.0908684656,0.390528888,0.118198052,0.790454209,-0.0281449165,0.318583935,-0.00186290231,0.887171447,0.0641061738,0.702803254,0.348534465,0.874758363,-0.0847613737,0.695771933,0.198782057,0.924232244,0.0433944911,0.735840678,0.376796842,0.663374901,-0.0892097801,0.726385653,0.179303423,0.540891,0.10243205,0.771036,0.337931097,0.879420578,-0.0714228824,0.752096415,0.0870790854,0.880990446
4433.333333333325,-0.00620814366,-0.616084576,-0.324717194,0.999636,0.00684462301,-0.635175467,-0.310833424,0.998765051,0.00875996239,-0.634997845,-0.300389,0.998480856,0.0070344517,-0.634568095,-0.303244561,0.998842895,-0.0145209348,-0.643949866,-0.333633751,0.999441564,-0.0133804968,-0.642828822,-0.347328126,0.999551475,-0.00754531613,-0.630616963,-0.326841623,0.999669,0.0385543667,-0.626113117,-0.19403781,0.998940229,-0.096497573,-0.580912828,-0.238937721,0.999245048,0.0167368446,-0.604885519,-0.268208474,0.99968487,-0.0178325046,-0.573107541,-0.308618516,0.999789298,0.128771603,-0.476536423,-0.0545036,0.999947548,-0.17953293,-0.514438,-0.0784711614,0.999962628,0.253910065,-0.335899025,-0.115628265,0.902784765,-0.214222103,-0.227228731,-0.11213886,0.976253748,0.263257176,-0.415571094,-0.222274706,0.970266044,-0.261832625,-0.0248335209,-0.183320761,0.991025865,0.250766724,-0.44422105,-0.24002634,0.966076,-0.251202255,0.0132444091,-0.222094744,0.985035598,0.224236026,-0.470896393,-0.244690031,0.969634831,-0.218491152,-0.0125346445,-0.242339879,0.986432314,0.257950723,-0.415016413,-0.228345782,0.956523716,-0.250255525,-0.0220805351,-0.19781962,0.978668571,0.0891146958,-0.00755978655,0.0546050146,0.999920368,-0.0867909119,0.00375271752,-0.0537539311,0.999943137,0.0906256959,0.390236497,0.114811502,0.778286397,-0.024393145,0.31854111,-0.0261634905,0.884480178,0.0613826811,0.702557206,0.341767937,0.867150486,-0.0847770199,0.697721958,0.138409168,0.924460649,0.0400841683,0.735453367,0.3695575,0.657373,-0.089470014,0.728777766,0.114980675,0.541849494,0.10009294,0.771073222,0.332414329,0.872805774,-0.0707171783,0.75473839,0.0200477131,0.881101489
4449.999999999992,-0.00560991606,-0.6155864,-0.32657057,0.999633,0.00712056365,-0.63447684,-0.312983483,0.998758,0.00908622332,-0.634172261,-0.302770406,0.998463273,0.00733927405,-0.633767426,-0.30550769,0.998834193,-0.0140487151,-0.643324077,-0.338063419,0.999442,-0.0128885768,-0.642190516,-0.351647168,0.999549508,-0.00706319651,-0.630079,-0.331056446,0.999669731,0.0384837352,-0.625005186,-0.196384653,0.998921931,-0.0963958874,-0.580201864,-0.246197954,0.999245,0.0169295929,-0.603910506,-0.26931721,0.999684036,-0.0174878389,-0.572357476,-0.3123478,0.999791145,0.127620697,-0.475464523,-0.0521298498,0.999946654,-0.178824127,-0.514469385,-0.0843252242,0.999963641,0.252333701,-0.336556613,-0.110946372,0.904315412,-0.214257732,-0.228598252,-0.112248749,0.976355314,0.261482447,-0.415393919,-0.222011626,0.971278906,-0.263032526,-0.026009826,-0.178106442,0.990955889,0.248331353,-0.444484442,-0.241572618,0.966799378,-0.253052652,0.0122636426,-0.216627166,0.984685838,0.221896529,-0.470305204,-0.246900812,0.970088065,-0.220006332,-0.012949463,-0.2370563,0.986102581,0.25594309,-0.414093018,-0.228728741,0.956728637,-0.251202613,-0.023188509,-0.19247748,0.97823596,0.0886179,-0.00744060054,0.0566824786,0.999919474,-0.0863045827,0.00354051939,-0.0558827221,0.999943614,0.0907435268,0.390268415,0.128391057,0.767358184,-0.0224581268,0.318796128,-0.0285546053,0.886641443,0.059461318,0.702607095,0.361686438,0.862940967,-0.0898194835,0.698722959,0.129185036,0.926624298,0.0382485576,0.735552907,0.390351236,0.656493068,-0.0955480561,0.729862869,0.106009,0.549307764,0.0996492729,0.77290082,0.358493537,0.869298041,-0.0708432272,0.756313741,0.00823092833,0.883702397
4466.666666666659,-0.00465116045,-0.616210759,-0.31946528,0.999623418,0.00753538543,-0.634819508,-0.306206614,0.998721302,0.00959955435,-0.634522498,-0.296153337,0.998409212,0.0078266887,-0.634059787,-0.298783958,0.998801172,-0.0130243674,-0.643886447,-0.333862364,0.9994331,-0.0119511783,-0.642670095,-0.346994549,0.999540925,-0.006056807,-0.630629599,-0.326605916,0.999667525,0.0377416238,-0.625111639,-0.190425187,0.998874724,-0.0963080376,-0.580358386,-0.243586034,0.999236703,0.0171173383,-0.604151964,-0.262118489,0.999678612,-0.0169864912,-0.572681665,-0.307982,0.999791205,0.124680623,-0.475417107,-0.0434573852,0.999945402,-0.178789765,-0.514840245,-0.0812320858,0.999964714,0.251258373,-0.339834064,-0.0866755471,0.903890431,-0.215607703,-0.230037868,-0.0952687934,0.975905359,0.257126957,-0.425646961,-0.188991755,0.97181046,-0.268267453,-0.0274171755,-0.144516706,0.990834415,0.242645085,-0.456898749,-0.207470208,0.966917098,-0.259028405,0.0090930108,-0.179847389,0.984321058,0.217112124,-0.481812507,-0.211375594,0.969956577,-0.227965564,-0.0136832623,-0.199825719,0.985745609,0.251566231,-0.424597919,-0.195035681,0.956187665,-0.257439345,-0.0237569157,-0.157782495,0.977825463,0.0878915861,-0.00738284411,0.0573133864,0.999919772,-0.0855344087,0.00345531432,-0.0565494373,0.999944687,0.0896891207,0.390826344,0.125931531,0.760047317,-0.0208207406,0.31908378,-0.0334725864,0.887120426,0.0568965413,0.702515602,0.366171,0.855731308,-0.0903059691,0.699160933,0.128493667,0.927546442,0.0355163068,0.735429406,0.39568308,0.65075779,-0.096567966,0.730402887,0.106112853,0.552970469,0.0978630856,0.772851825,0.369273901,0.86250037,-0.0735449493,0.756341517,0.0111544365,0.884553671
4483.333333333326,-0.00503374683,-0.617146969,-0.316844016,0.999616146,0.00729201036,-0.635171413,-0.303488433,0.998683691,0.00938380696,-0.634903,-0.293574154,0.99835664,0.00757683115,-0.634345829,-0.295984685,0.998766661,-0.0132053411,-0.64444989,-0.330608219,0.999422371,-0.0121630235,-0.643237889,-0.343353748,0.999531209,-0.00621828,-0.631234586,-0.323257297,0.999663711,0.0377354585,-0.625063181,-0.188246369,0.998828769,-0.0963164568,-0.580817819,-0.239560634,0.999220312,0.0169803593,-0.604493,-0.259810805,0.999675274,-0.0171761848,-0.573412716,-0.305002362,0.999791145,0.124682888,-0.474906892,-0.0429219641,0.999944389,-0.179822341,-0.51535207,-0.0705635324,0.999965191,0.250334501,-0.34008038,-0.0863219872,0.905512,-0.218978658,-0.232140169,-0.075628005,0.974474549,0.254650921,-0.426593602,-0.18988423,0.972343,-0.275777042,-0.0305930842,-0.126005158,0.990297556,0.239828914,-0.458128422,-0.20861204,0.967039168,-0.265892833,0.0050594327,-0.161153853,0.983197153,0.214180395,-0.483352512,-0.214062348,0.969867527,-0.236086264,-0.0150883039,-0.183111608,0.98470211,0.248823985,-0.42576164,-0.196416125,0.955655456,-0.265049964,-0.0259791315,-0.140124261,0.9764328,0.0878869295,-0.0073806257,0.0572167449,0.999921203,-0.0855246112,0.00345685054,-0.056452971,0.999945819,0.0894232616,0.39083159,0.11788407,0.758907318,-0.0190515872,0.318869323,-0.0333177298,0.88541162,0.0574305318,0.702564716,0.363796532,0.852457225,-0.0895049274,0.695334315,0.14465417,0.924656093,0.0361852,0.735512793,0.391475558,0.647487283,-0.0959764123,0.72614,0.125898868,0.54481405,0.0981034338,0.773165643,0.360383958,0.858605,-0.0733490959,0.754913,0.0379215814,0.879511178
4499.999999999993,-0.00650639646,-0.618373632,-0.31361255,0.999636531,0.00618578773,-0.636098742,-0.299789846,0.998754203,0.00833881274,-0.635829389,-0.289980143,0.99843955,0.0064937789,-0.635222137,-0.292250752,0.998829603,-0.0143864173,-0.645670831,-0.32648024,0.999455333,-0.0133896954,-0.64441973,-0.339018017,0.999557078,-0.00736804074,-0.632496357,-0.319023073,0.999683261,0.0376966856,-0.625139177,-0.184153125,0.998877466,-0.0967379436,-0.581961453,-0.233318135,0.999261856,0.0160588734,-0.605213225,-0.256428123,0.999690235,-0.0182875041,-0.574431181,-0.300931543,0.999801874,0.124052159,-0.474756777,-0.0364920795,0.999944329,-0.179752678,-0.516559,-0.0654701218,0.999966621,0.250115782,-0.341578752,-0.078653276,0.907645106,-0.219990313,-0.234295458,-0.0735375062,0.974534929,0.253118962,-0.430686712,-0.183287561,0.973363519,-0.278448284,-0.0341121666,-0.127050325,0.990385711,0.238531917,-0.463004529,-0.202636883,0.967886448,-0.269519925,0.000281473389,-0.16361396,0.983142376,0.213188797,-0.487314612,-0.207998827,0.970495403,-0.239400163,-0.0176855307,-0.184645444,0.984630883,0.247427523,-0.429878771,-0.18967168,0.956293762,-0.267854065,-0.0288379956,-0.140932426,0.97641468,0.0875077546,-0.00729309767,0.0573437437,0.999922931,-0.0851366669,0.00336990412,-0.0565619878,0.999947429,0.0887366682,0.391285062,0.116939113,0.761624038,-0.0175011568,0.319430679,-0.0337883718,0.887728512,0.055511523,0.703035235,0.363067746,0.852852941,-0.08963231,0.695462286,0.145892233,0.925356269,0.0340666138,0.736134171,0.390079439,0.649891734,-0.0962116048,0.726247489,0.127816632,0.54807359,0.0943332687,0.774032,0.355317,0.859215,-0.0732147545,0.755005896,0.0415016823,0.880499959
4516.66666666666,-0.00704148179,-0.618415475,-0.313355893,0.999649823,0.00569966529,-0.63615644,-0.29956612,0.998798966,0.00784454122,-0.635889888,-0.289700717,0.998486578,0.00596857956,-0.635283113,-0.292059302,0.998867,-0.0149578601,-0.645708323,-0.32598716,0.999477625,-0.0139775248,-0.644461155,-0.338614643,0.999573648,-0.00795386359,-0.632542789,-0.318586797,0.999696434,0.037429031,-0.624869883,-0.183715791,0.998896897,-0.0972347185,-0.581988275,-0.232823282,0.999287188,0.0155637264,-0.605283439,-0.256147832,0.999698281,-0.0188777056,-0.574486136,-0.300381064,0.99980855,0.122602977,-0.474416763,-0.0361803025,0.999943435,-0.17971234,-0.516736746,-0.0658443943,0.999967575,0.249235749,-0.341745406,-0.07807336,0.908149779,-0.221043229,-0.235401809,-0.0752319098,0.974069178,0.25105679,-0.433240026,-0.182964012,0.973870337,-0.276627243,-0.0375765413,-0.134427726,0.990157783,0.236208171,-0.46643284,-0.202335164,0.968062103,-0.266863227,-0.00387029606,-0.172671214,0.982493401,0.211417794,-0.49003768,-0.207637474,0.970456183,-0.235374823,-0.0204189513,-0.193428457,0.983998537,0.245565265,-0.432156026,-0.189131215,0.955816507,-0.265350759,-0.0317093506,-0.148585916,0.975526094,0.087046966,-0.00728743803,0.0578311868,0.999923885,-0.0846758559,0.00336152292,-0.0570104681,0.999948561,0.0882062539,0.391285032,0.120950796,0.755883694,-0.0171093,0.318833232,-0.0356598124,0.887844622,0.0558980294,0.703028858,0.36303255,0.851025879,-0.089994289,0.693788409,0.146444947,0.925323308,0.0345449261,0.736185908,0.391486406,0.649933815,-0.0967061073,0.724491894,0.127942592,0.549392104,0.0945512652,0.774027,0.360011935,0.857435286,-0.073019959,0.754001737,0.0419421978,0.880272448
4533.333333333327,-0.00819128752,-0.619008958,-0.311974645,0.999662399,0.00485162344,-0.636543751,-0.298182726,0.998837054,0.00700140698,-0.636304617,-0.288358539,0.998529851,0.00511162,-0.635654151,-0.290608644,0.998898566,-0.0159970652,-0.646111488,-0.323865175,0.999497592,-0.0150238713,-0.644850731,-0.336386085,0.999589622,-0.00895812,-0.632949293,-0.316481292,0.999709249,0.037424352,-0.624960482,-0.182466686,0.998915553,-0.0974354818,-0.582389772,-0.228792056,0.999314249,0.0150310993,-0.605676472,-0.254931867,0.999708235,-0.0195561256,-0.574982524,-0.298290044,0.999816418,0.123137578,-0.474297315,-0.0360714197,0.999943316,-0.180757448,-0.517160416,-0.0600390173,0.999968708,0.248684034,-0.341659307,-0.079786323,0.910123587,-0.224828228,-0.236870319,-0.0687735677,0.974161148,0.25010094,-0.42893824,-0.187345013,0.974450111,-0.277190477,-0.0387474,-0.128254056,0.990308762,0.235125124,-0.461189419,-0.207721367,0.96846348,-0.266407549,-0.0047825356,-0.166436732,0.982596099,0.210091278,-0.484955549,-0.212311491,0.9706918,-0.234249964,-0.0213926714,-0.187389374,0.984085858,0.244469255,-0.427767754,-0.193137601,0.955860913,-0.26529035,-0.0327956267,-0.142261401,0.975685,0.0871296823,-0.0072870166,0.0570593141,0.999925256,-0.0847549215,0.00336034759,-0.0562303,0.999949872,0.0871983916,0.391281843,0.104386151,0.762445509,-0.0178884212,0.319116771,-0.0354409702,0.889689445,0.056149479,0.703981817,0.33919239,0.853568077,-0.090337418,0.693702519,0.154867172,0.925150216,0.0348197632,0.737266302,0.368023723,0.652722538,-0.0970918238,0.724337876,0.137343392,0.548377633,0.0941463113,0.775467455,0.334309846,0.859263837,-0.07533966,0.75406462,0.0518021658,0.879844368
4549.999999999994,-0.00836885348,-0.619049251,-0.3052544,0.999662817,0.00447614165,-0.636587203,-0.291388452,0.998835504,0.0066107749,-0.636354268,-0.281612903,0.998525262,0.00475035049,-0.635700583,-0.283897489,0.998895526,-0.0162240472,-0.646154165,-0.317590326,0.999500573,-0.0152672241,-0.644893527,-0.330111474,0.999592304,-0.00916860625,-0.63299191,-0.310294777,0.999712408,0.0360080637,-0.624969244,-0.176008582,0.998907387,-0.097929731,-0.582407296,-0.225427315,0.99932164,0.0145727685,-0.605740488,-0.248281524,0.999709725,-0.0198112614,-0.575028479,-0.292430639,0.999818802,0.121009581,-0.474158734,-0.0294032451,0.999942422,-0.181302443,-0.517259359,-0.0590184256,0.999969363,0.245057434,-0.341513157,-0.0731779486,0.909451187,-0.225683436,-0.236794099,-0.0705615357,0.974266291,0.246574476,-0.427910686,-0.181085199,0.974793077,-0.277638435,-0.0391932428,-0.129812539,0.990401864,0.231531903,-0.460059613,-0.201245919,0.968674362,-0.267112881,-0.0056493436,-0.168005764,0.982696652,0.206797436,-0.484364033,-0.206063733,0.97075057,-0.235222965,-0.0222579632,-0.188570574,0.984163642,0.241088897,-0.427031219,-0.18711403,0.955709755,-0.2660653,-0.033306092,-0.143557519,0.975830317,0.086788483,-0.0072059487,0.0574137,0.99992609,-0.0844004303,0.00327159907,-0.0565665849,0.999950767,0.0854624063,0.391252697,0.104263045,0.766257048,-0.017763352,0.319121599,-0.035707,0.892517507,0.0549514033,0.704848349,0.336520582,0.856976926,-0.0928145796,0.693137825,0.15505375,0.926629424,0.0337815061,0.738444567,0.365191549,0.659603,-0.10010241,0.723725617,0.137453496,0.553075373,0.0938476,0.775866807,0.331767172,0.862543523,-0.0756875202,0.753606796,0.0514924899,0.881992459
4566.666666666661,-0.00519855507,-0.62033385,-0.291915983,0.999654651,0.00617813738,-0.637605667,-0.277800322,0.998808265,0.0084727332,-0.637426376,-0.268063486,0.998481154,0.00659545558,-0.636696935,-0.270614684,0.998872161,-0.0135842236,-0.64713794,-0.306248754,0.99949342,-0.012613439,-0.645828545,-0.318566918,0.999584615,-0.00641319435,-0.634046912,-0.298839778,0.999710619,0.0353705026,-0.625156581,-0.163394451,0.998861194,-0.0974078849,-0.582489789,-0.221169129,0.999310911,0.0158234872,-0.606863,-0.235030174,0.999705255,-0.0175443478,-0.575838089,-0.281578541,0.999817729,0.118513398,-0.474160045,-0.0165207945,0.999941587,-0.180779919,-0.517511666,-0.0567939542,0.99997,0.243611917,-0.341892302,-0.0513309464,0.906241119,-0.225460097,-0.237064794,-0.0647916719,0.973503053,0.2462596,-0.426920831,-0.154749125,0.974384189,-0.276447296,-0.039237868,-0.107322276,0.990098238,0.231408909,-0.458670586,-0.173777461,0.967796743,-0.265714616,-0.00564565463,-0.141416639,0.982014358,0.206352651,-0.48225224,-0.178054675,0.969714344,-0.233885452,-0.0220220704,-0.161014616,0.983484447,0.240661219,-0.425696164,-0.160720617,0.953945339,-0.264834851,-0.0333895572,-0.119829476,0.974888384,0.0860787928,-0.00709948037,0.0586545654,0.999927521,-0.0836276,0.00315894699,-0.0578409061,0.999952,0.0855144709,0.391929418,0.105119981,0.762702405,-0.0178311095,0.319320798,-0.0487674735,0.894076169,0.0543031655,0.705854237,0.337685287,0.85364145,-0.0932179838,0.69369185,0.131974086,0.927334487,0.0330494307,0.73954916,0.366497338,0.657589912,-0.100695744,0.724429369,0.113020889,0.55589354,0.0940420106,0.776086926,0.337211639,0.859427094,-0.0763566419,0.753802896,0.0277057495,0.882829905
4583.333333333328,-0.000730331289,-0.620814204,-0.292354971,0.999664366,0.00952000637,-0.63801837,-0.278277367,0.998845756,0.0118661858,-0.637838423,-0.26850161,0.998525202,0.0100310585,-0.637128353,-0.271053642,0.998907387,-0.00972401444,-0.647484481,-0.307103097,0.999511302,-0.00866292696,-0.646139383,-0.319421858,0.999598444,-0.00250138482,-0.63441807,-0.299624115,0.999721527,0.0353695415,-0.625218809,-0.163835794,0.998887837,-0.0958228,-0.582435191,-0.224904984,0.999334931,0.0184300039,-0.607285321,-0.235623732,0.999714851,-0.0139292264,-0.576061428,-0.28235665,0.999824643,0.117722116,-0.474138081,-0.0173656531,0.999942541,-0.179593399,-0.517537653,-0.0605970658,0.999971211,0.242887437,-0.342038095,-0.0535320193,0.905205727,-0.224777251,-0.236967713,-0.0674088746,0.973850727,0.246498585,-0.425091833,-0.158763409,0.974721432,-0.275509626,-0.0390420184,-0.113543428,0.990317643,0.231841594,-0.456092507,-0.177944586,0.968013465,-0.265218616,-0.00556545,-0.149468184,0.982349575,0.206680119,-0.479670316,-0.183369443,0.969800293,-0.233565703,-0.0219293423,-0.169473663,0.983777285,0.240918338,-0.423691273,-0.16521138,0.95389235,-0.264189899,-0.0333082564,-0.126648307,0.975307882,0.0855780244,-0.0070380955,0.0596732609,0.999928713,-0.0831109956,0.0030633572,-0.0588817596,0.99995321,0.0857390836,0.392003596,0.110225126,0.763055265,-0.0176866613,0.320462048,-0.0533695817,0.897683442,0.054380998,0.706621349,0.338853538,0.8548792,-0.0930556282,0.69885695,0.118210047,0.929994106,0.0330634713,0.740433753,0.367384017,0.661196291,-0.100566775,0.730104148,0.0976931602,0.565779209,0.0940822139,0.776830614,0.339032501,0.861140668,-0.0757372156,0.757916093,0.00815487,0.886915326
4599.9999999999945,0.000224833901,-0.620829225,-0.293135673,0.999674201,0.010628243,-0.638042569,-0.278839052,0.998881578,0.0130477324,-0.637862265,-0.269091815,0.99856782,0.0111789666,-0.637151062,-0.271625429,0.998939574,-0.00879851542,-0.64750731,-0.308179528,0.999527931,-0.00773492223,-0.646162033,-0.320505053,0.999611437,-0.00156378688,-0.63444525,-0.300653636,0.9997316,0.035746716,-0.625134408,-0.164251283,0.998912692,-0.0955499038,-0.582398176,-0.225594908,0.999357283,0.0192953441,-0.607306778,-0.235881776,0.999721706,-0.0132300556,-0.576081812,-0.283212304,0.999829829,0.117652759,-0.473831773,-0.0179992281,0.999942541,-0.179494947,-0.517638206,-0.0606538653,0.999971926,0.242355973,-0.341954589,-0.0558454543,0.906394124,-0.224369556,-0.236949,-0.0681899041,0.974041045,0.246482208,-0.424215317,-0.161799982,0.975244462,-0.274788976,-0.0389134027,-0.113629967,0.990459681,0.231967941,-0.454575151,-0.181076974,0.96844089,-0.264310867,-0.00545431767,-0.149443984,0.982511044,0.206656992,-0.478266954,-0.187058792,0.970109165,-0.232697725,-0.0217321571,-0.169862568,0.983913422,0.240855679,-0.422762722,-0.168463141,0.954223216,-0.26338771,-0.0332097262,-0.126876503,0.975536823,0.0855430439,-0.00698175188,0.0597989559,0.999929547,-0.0830670521,0.00300801313,-0.0590099655,0.999954045,0.0858737528,0.392121613,0.109965481,0.770019,-0.0178274252,0.321258932,-0.0562422611,0.902325749,0.0545092188,0.707069874,0.338775098,0.85843724,-0.093036294,0.701118052,0.117862247,0.932722092,0.033216387,0.740962863,0.367340803,0.667850494,-0.100532897,0.732574046,0.0976063311,0.575741649,0.0941798463,0.777486324,0.338974416,0.864075303,-0.0766739249,0.760411561,0.00839093607,0.890696585
4616.6666666666615,8.05525051e-005,-0.620465517,-0.293555021,0.999690175,0.0105489288,-0.637722194,-0.279324502,0.998936296,0.0129577909,-0.637532294,-0.269543499,0.998632431,0.0110926991,-0.636827946,-0.272075415,0.998988,-0.00893329736,-0.647266924,-0.308401793,0.999552906,-0.00787056424,-0.645941794,-0.320762515,0.999631345,-0.00170327188,-0.634271204,-0.300905883,0.999746,0.0357393771,-0.624560356,-0.164672151,0.99895066,-0.095563449,-0.582214475,-0.225516051,0.999389648,0.0192625597,-0.606966496,-0.236378074,0.999732554,-0.0132865123,-0.575796545,-0.283441126,0.999837518,0.117637604,-0.473401248,-0.0180082135,0.999943078,-0.179432034,-0.517665,-0.0609048,0.999973059,0.242252186,-0.34133473,-0.0571174212,0.906267285,-0.22420162,-0.236825719,-0.0715508908,0.974404812,0.246577725,-0.421552271,-0.16394186,0.975537419,-0.274434447,-0.0387628116,-0.11893227,0.990686417,0.23221001,-0.450952858,-0.18328689,0.968661785,-0.263791025,-0.00511871651,-0.155858487,0.982817292,0.20690468,-0.474018127,-0.189522564,0.970250189,-0.23230052,-0.0213437565,-0.175126,0.984184742,0.241009593,-0.419627339,-0.170740023,0.954237461,-0.263155,-0.0329773538,-0.131666794,0.975888371,0.0855107456,-0.00694156438,0.0599390157,0.999931335,-0.083034806,0.00297255605,-0.0591173433,0.999955475,0.0861212537,0.392382503,0.10918618,0.773989081,-0.0185010657,0.32178539,-0.0595699027,0.905542374,0.0551288277,0.70781219,0.337212652,0.862350464,-0.0935226083,0.701545656,0.11801327,0.935039163,0.0337332748,0.741866648,0.365666211,0.674651504,-0.101095118,0.73299849,0.0980812162,0.584558904,0.0942752287,0.777587235,0.336312652,0.867931068,-0.0789819658,0.76051569,0.00832294673,0.894435406
4633.3333333333285,-0.000648498302,-0.619980693,-0.293050826,0.999689281,0.00995899364,-0.63749,-0.279135853,0.998933613,0.0123869693,-0.637299776,-0.26933521,0.998624,0.0105452482,-0.636628,-0.271938175,0.998985052,-0.00952959806,-0.647100031,-0.307935208,0.999552429,-0.00844422728,-0.64574188,-0.320359647,0.999629796,-0.00228938833,-0.634076178,-0.300487,0.999746,0.0348487422,-0.624581158,-0.164492771,0.998935759,-0.0958595425,-0.582207,-0.22491762,0.999387205,0.0184793305,-0.606778622,-0.235931441,0.999728143,-0.0139701096,-0.575518847,-0.282699883,0.999835551,0.116772063,-0.473561525,-0.0168808587,0.999942482,-0.179138988,-0.517773688,-0.0615266375,0.999973476,0.240864947,-0.341399938,-0.0571778193,0.905240893,-0.223089382,-0.236634895,-0.0766712427,0.974586666,0.246718854,-0.420671135,-0.164633721,0.975682139,-0.27272737,-0.0388126299,-0.125074148,0.990759969,0.232412979,-0.44876045,-0.18400377,0.968778133,-0.262389183,-0.00512110069,-0.162074149,0.98297292,0.207056731,-0.472111851,-0.190789029,0.970310926,-0.230816036,-0.021393925,-0.180747211,0.984325409,0.241145849,-0.418719709,-0.17163451,0.954324484,-0.261567,-0.0331078582,-0.137536168,0.976152658,0.0852608234,-0.00691616395,0.0608180426,0.999930501,-0.0827718377,0.00293352152,-0.0600151941,0.999955297,0.0861761719,0.392094463,0.111553974,0.76708287,-0.0185366794,0.32163161,-0.0626956373,0.906617224,0.0551187545,0.707888,0.337722808,0.860468507,-0.0942148268,0.701975763,0.10732317,0.936043,0.0336627252,0.741966188,0.365914524,0.673941076,-0.101856627,0.733480513,0.0859998763,0.587085664,0.0943070725,0.776266396,0.336524457,0.866979539,-0.0788381621,0.760473728,-0.00562757673,0.896149874
4649.999999999995,-0.00276058097,-0.619701087,-0.295489222,0.999690533,0.00843376946,-0.637182,-0.281945795,0.998938084,0.0107411239,-0.637012601,-0.272024244,0.998627,0.00894497801,-0.636333823,-0.274694383,0.998988509,-0.0113328174,-0.646841705,-0.309810847,0.999554694,-0.0102221128,-0.645458937,-0.322284639,0.999631166,-0.00410248572,-0.63377732,-0.30243808,0.999747634,0.0344312042,-0.624345839,-0.167785749,0.998933434,-0.0962219238,-0.582038701,-0.22539793,0.999389112,0.0171445645,-0.606574,-0.238678679,0.999729037,-0.0153531879,-0.575330317,-0.284473926,0.999836504,0.116792321,-0.473523855,-0.0197392832,0.999942303,-0.179294571,-0.517528415,-0.0627383217,0.999973655,0.241034463,-0.341002911,-0.0595230758,0.905469835,-0.22297138,-0.235773146,-0.0795559958,0.97481811,0.246833354,-0.415720731,-0.165013075,0.975777507,-0.272187591,-0.0370794609,-0.131374627,0.990832627,0.232557,-0.442569822,-0.184759483,0.968796432,-0.26153481,-0.00277603627,-0.169279724,0.983046174,0.207083911,-0.4653458,-0.191260681,0.970280468,-0.229765505,-0.0196366161,-0.188235283,0.984397292,0.241253853,-0.413430065,-0.171993554,0.954192936,-0.260923982,-0.0314554572,-0.144199327,0.976289332,0.0852216631,-0.00691512041,0.0605889782,0.999931,-0.082732074,0.00293081533,-0.0597811081,0.999955535,0.0862251297,0.391991884,0.105836667,0.771517,-0.0195832755,0.321687788,-0.0599264,0.907215416,0.0556537807,0.708986104,0.321538091,0.865378618,-0.0937877893,0.701314747,0.126404196,0.936752081,0.0341528021,0.743244529,0.348433793,0.680704772,-0.101199783,0.73263973,0.106720828,0.588707924,0.094490245,0.777820051,0.313098073,0.871330678,-0.078009434,0.760437548,0.0161223449,0.897308469
4666.666666666662,-0.00375992688,-0.619926453,-0.298400342,0.999687374,0.00739827659,-0.637339413,-0.285121,0.998928666,0.00968087278,-0.637191117,-0.27510339,0.998620093,0.00795038603,-0.636506736,-0.277792752,0.998983085,-0.0124150179,-0.646927238,-0.312583357,0.999549925,-0.0113324476,-0.645539224,-0.325272441,0.999627709,-0.00525374757,-0.633838892,-0.30532968,0.999745488,0.0334714912,-0.624736905,-0.170621336,0.998928785,-0.0971315652,-0.582080603,-0.227130443,0.999383926,0.0163351558,-0.606863081,-0.241496176,0.999729216,-0.016265573,-0.575551093,-0.287110895,0.999836683,0.116622947,-0.474282891,-0.0249720961,0.999943137,-0.181614757,-0.517405629,-0.0631812885,0.999973536,0.238888606,-0.340856314,-0.068297,0.907746613,-0.222979158,-0.234019265,-0.0762163922,0.975098431,0.24514614,-0.410460889,-0.180673957,0.976507664,-0.271896124,-0.0347997174,-0.124100149,0.990907133,0.231232584,-0.436467856,-0.201908723,0.96961534,-0.261309028,-0.000141084543,-0.161573023,0.98312068,0.205390319,-0.459722728,-0.209672362,0.971055806,-0.229345754,-0.0182906594,-0.182685658,0.984488606,0.239481673,-0.408026129,-0.188493326,0.955298662,-0.260575503,-0.0298315,-0.13798137,0.976454198,0.0854309127,-0.00698924344,0.0600198396,0.999931,-0.0829497054,0.00298867957,-0.0592621639,0.999955535,0.0862561688,0.39152,0.110436097,0.774725914,-0.0226992164,0.321722388,-0.0381949954,0.908437312,0.0553448088,0.708988607,0.332234263,0.867560327,-0.0939456373,0.701692939,0.143144578,0.937819362,0.0337382033,0.743249834,0.359601229,0.682688951,-0.10120029,0.733058929,0.122704402,0.589928,0.092718415,0.777830422,0.322314709,0.872848928,-0.0779674,0.761129797,0.0283254981,0.898542
4683.333333333329,-0.00362767931,-0.620087624,-0.305503368,0.999701142,0.00765311,-0.637512863,-0.291712791,0.998981714,0.00981954765,-0.637366056,-0.281443238,0.998686552,0.00811006222,-0.636696875,-0.284269929,0.999030709,-0.0123530328,-0.647173584,-0.318981826,0.999572396,-0.0112848505,-0.645784318,-0.332117528,0.999645889,-0.0052288915,-0.634065568,-0.311926782,0.999757767,0.0334887132,-0.6248402,-0.175090671,0.998978615,-0.0971561074,-0.582296908,-0.232506886,0.999415398,0.0164175089,-0.607004344,-0.248081282,0.99974072,-0.0162646435,-0.575823963,-0.293813646,0.999844,0.116376869,-0.474654883,-0.0271215886,0.999943197,-0.18184717,-0.51739496,-0.0731986091,0.999973655,0.236012697,-0.340755552,-0.0692580044,0.907295942,-0.222960979,-0.233384848,-0.0984206647,0.975664556,0.245202169,-0.40833196,-0.181482255,0.976663947,-0.267167062,-0.0340201333,-0.159932867,0.990950823,0.231360018,-0.434363037,-0.202455953,0.969934,-0.255428821,0.000729893683,-0.203344569,0.983101845,0.205480367,-0.456802785,-0.210754037,0.971355855,-0.221539751,-0.0179497264,-0.221608222,0.984472752,0.239589438,-0.405380219,-0.189400449,0.955677867,-0.254872292,-0.0290918592,-0.173364028,0.976371586,0.0854197294,-0.00712469174,0.0600025691,0.999931514,-0.0829448104,0.00311581069,-0.0592162609,0.999955952,0.0865791664,0.391140223,0.120624274,0.781239092,-0.0252281986,0.321926802,-0.0302103087,0.910107851,0.0553422831,0.705639958,0.346904904,0.872370541,-0.0938579962,0.70077163,0.17249763,0.938702047,0.0336558931,0.739909887,0.375278711,0.690575182,-0.100797385,0.731917679,0.154353619,0.595045567,0.0924472362,0.774912298,0.338745266,0.876469314,-0.0779060796,0.760454953,0.064525187,0.899252295
4699.999999999996,-0.00366298505,-0.620773435,-0.301933169,0.999705374,0.00763524,-0.638227224,-0.287939668,0.998997629,0.00978756323,-0.638166845,-0.277588665,0.998705328,0.00809095055,-0.637479782,-0.280511647,0.999044299,-0.0123851318,-0.64807,-0.315398514,0.99957943,-0.0113137206,-0.646657884,-0.328524709,0.999651372,-0.00526143331,-0.634830415,-0.308472723,0.999761641,0.0328642,-0.625321627,-0.171362087,0.998990893,-0.0975275859,-0.582889676,-0.230405718,0.999426,0.0162995327,-0.607637465,-0.244786337,0.999743342,-0.0163915232,-0.576502204,-0.290682197,0.99984622,0.115387835,-0.475266546,-0.0250029862,0.999943137,-0.182612762,-0.517244577,-0.0728959739,0.999973476,0.234372303,-0.340835869,-0.0651030466,0.90591085,-0.222951591,-0.23135528,-0.101530895,0.975917,0.245308071,-0.406640738,-0.174091429,0.976545334,-0.264636546,-0.0326408036,-0.164050296,0.990880787,0.231917739,-0.431433856,-0.193681359,0.969897747,-0.252183735,0.00260399375,-0.206503853,0.982948661,0.205924,-0.45374009,-0.203571811,0.971340418,-0.218347386,-0.0168221388,-0.224551618,0.984337628,0.239794254,-0.403487861,-0.182531655,0.955734789,-0.252263874,-0.027964687,-0.177178264,0.976240516,0.0854121,-0.00729621,0.0599536449,0.999931335,-0.0829420537,0.00329459296,-0.0591412634,0.999955654,0.0865553841,0.390485466,0.119967081,0.783377111,-0.0278148539,0.322141439,-0.0296658333,0.907277942,0.0555043668,0.705144346,0.344292521,0.874098897,-0.0945657492,0.700724483,0.174544424,0.93758285,0.0337188244,0.739449501,0.372258157,0.690658,-0.101257741,0.731868863,0.156046316,0.590741277,0.0916033238,0.774717927,0.333652735,0.877442598,-0.0783784315,0.760109901,0.065297246,0.897383392
4716.666666666663,-0.00494265137,-0.620855629,-0.302134901,0.999716,0.00696688471,-0.638286531,-0.288194478,0.999037743,0.00898584817,-0.638242126,-0.277831793,0.998759151,0.00735138962,-0.637565076,-0.280752808,0.999083281,-0.0134972492,-0.648140848,-0.315412,0.999594569,-0.0124319876,-0.646739304,-0.328557283,0.999663472,-0.00644571614,-0.634895384,-0.308499694,0.999768913,0.0328405425,-0.625439763,-0.171661511,0.999034047,-0.0978291482,-0.583131552,-0.229659885,0.999444,0.0156537164,-0.607738316,-0.245103404,0.999753833,-0.0173588302,-0.576694667,-0.290681124,0.999852061,0.115741193,-0.475838691,-0.0270397533,0.999945,-0.183942825,-0.517047644,-0.0725151077,0.999973297,0.234396145,-0.339003086,-0.0760319158,0.908529758,-0.222635984,-0.229450226,-0.100736737,0.975914896,0.245775148,-0.391859382,-0.196492046,0.977493584,-0.261735976,-0.0303671323,-0.169328406,0.990856171,0.233179405,-0.41283524,-0.219019666,0.971162319,-0.248600081,0.00606004801,-0.213686392,0.982950628,0.206278965,-0.435416788,-0.23071751,0.972589493,-0.214694753,-0.0147322444,-0.233729541,0.984373689,0.240117416,-0.38777861,-0.205860972,0.957576752,-0.248921439,-0.0258140285,-0.183624372,0.976283073,0.0858576447,-0.00765530113,0.0586794578,0.999931455,-0.0834310949,0.00365489535,-0.057719633,0.999955237,0.0865787342,0.389960378,0.119578108,0.78795433,-0.0300899092,0.32240504,-0.0219731629,0.906212807,0.0572483,0.704929352,0.342823237,0.877341509,-0.0932946,0.70127219,0.18064639,0.937007487,0.0355663784,0.739278138,0.370466232,0.692831635,-0.0989966244,0.732398152,0.161497369,0.587316692,0.0916425809,0.774647534,0.329107493,0.879884481,-0.0775297955,0.761028767,0.0688560307,0.896246433
4733.33333333333,-0.00861417223,-0.621425748,-0.298887104,0.999709725,0.00391693972,-0.638801217,-0.285233319,0.999018788,0.0058963988,-0.638791561,-0.274922699,0.998743773,0.00431559281,-0.638094485,-0.277823597,0.999070883,-0.0168071687,-0.648610473,-0.311219275,0.999582827,-0.0157837775,-0.647233665,-0.324383169,0.999654233,-0.0097451,-0.635346949,-0.304385841,0.999761,0.0320059843,-0.626212835,-0.170161426,0.999028623,-0.0989040211,-0.58383292,-0.222901732,0.999426,0.013341343,-0.608465672,-0.242619365,0.999752283,-0.019973943,-0.577427089,-0.286751866,0.999849856,0.11586079,-0.476986229,-0.0270465724,0.999946237,-0.184956864,-0.51704824,-0.0667896122,0.999972761,0.233665809,-0.338163823,-0.0771356747,0.911110044,-0.220862791,-0.227814078,-0.0907170922,0.975547194,0.245733023,-0.383699208,-0.197283298,0.978285074,-0.260385901,-0.027871551,-0.158654317,0.990714,0.233230561,-0.402426422,-0.219732985,0.972188056,-0.24706693,0.00994847249,-0.20227614,0.982763171,0.206385761,-0.425468713,-0.231197134,0.973615944,-0.214144066,-0.0116247889,-0.225233778,0.984240234,0.240048334,-0.379302084,-0.206608236,0.959136486,-0.247735769,-0.0234751645,-0.174223244,0.976142466,0.0864008591,-0.00776781421,0.0578034371,0.999931574,-0.0839813,0.00378036732,-0.0568060838,0.999954879,0.0866022259,0.389634073,0.11916732,0.7906546,-0.0311507527,0.321656942,-0.0182428136,0.905662477,0.0584395,0.70493722,0.342949,0.878675818,-0.0931732729,0.701172531,0.179815292,0.936421454,0.0371767953,0.739303,0.370674074,0.692225397,-0.0985963,0.732334435,0.160196647,0.582143068,0.0929785147,0.774571657,0.329549402,0.880506635,-0.0771919191,0.76100421,0.0670803785,0.894964576
4749.999999999997,-0.00812446326,-0.620860398,-0.299057096,0.999704123,0.00456357468,-0.63833642,-0.28555578,0.998998642,0.00649561128,-0.638338804,-0.275223792,0.998725593,0.00495850574,-0.637677,-0.278157741,0.999059141,-0.0161712412,-0.648248851,-0.311535239,0.999569654,-0.0151285231,-0.646861553,-0.324742228,0.999642849,-0.00908703823,-0.634914935,-0.304725826,0.999751508,0.0321849138,-0.625906706,-0.171141401,0.999018252,-0.098261714,-0.583647132,-0.223997489,0.999402404,0.0136770476,-0.608007,-0.242956564,0.999746561,-0.0195073895,-0.577020168,-0.287079811,0.999845147,0.116446756,-0.476627797,-0.0293462239,0.999947608,-0.184802219,-0.516360581,-0.0697735175,0.999972403,0.233607918,-0.330385655,-0.0809809268,0.911800504,-0.21533446,-0.225901634,-0.0975964,0.975356638,0.246981889,-0.366386116,-0.197837174,0.978732705,-0.251798213,-0.0260641742,-0.162996471,0.990570843,0.235693544,-0.382499218,-0.219054148,0.972805202,-0.238260567,0.0125560854,-0.20592989,0.982583702,0.208820686,-0.406572521,-0.23106131,0.974268317,-0.205787808,-0.0095507,-0.228241429,0.984119833,0.241513759,-0.362056434,-0.207321927,0.960149884,-0.239357293,-0.0218028128,-0.17840004,0.976037383,0.0865415111,-0.00787647627,0.0576967672,0.999929667,-0.08412949,0.00388402375,-0.0567140169,0.999952853,0.0869324878,0.388437718,0.117915735,0.78165108,-0.0310562924,0.320829302,-0.019719258,0.897214413,0.0612050332,0.704952955,0.332340091,0.875176907,-0.0913801789,0.701438,0.175135136,0.932297409,0.0400900319,0.739324331,0.358089358,0.684717715,-0.0964523479,0.732742,0.15356423,0.569907427,0.0952359959,0.77373296,0.315627038,0.877536833,-0.0753201172,0.76059,0.0575206093,0.889725804
4766.666666666664,-0.00762104057,-0.62086904,-0.299931139,0.999704361,0.004915372,-0.638352334,-0.286423683,0.999002874,0.0068241111,-0.638355494,-0.276083857,0.998736501,0.00531418715,-0.63769573,-0.279065549,0.999066055,-0.0158868395,-0.648247302,-0.312533349,0.999568939,-0.0148294568,-0.646862447,-0.325820208,0.99964273,-0.008794575,-0.634917736,-0.30574581,0.999750137,0.0321879201,-0.625928283,-0.171829551,0.999029875,-0.0982247442,-0.583494186,-0.225157753,0.999400318,0.014025338,-0.608038366,-0.243736431,0.999747574,-0.0190958027,-0.577027917,-0.288032,0.999845,0.116461493,-0.476860434,-0.0296450146,0.999948561,-0.184773058,-0.515690625,-0.0712659582,0.999972105,0.232498705,-0.329362392,-0.0806200355,0.912362278,-0.213433787,-0.22252208,-0.098206453,0.975717,0.247336984,-0.355005503,-0.197295532,0.979066133,-0.248282179,-0.0231741164,-0.163408339,0.990676761,0.236835986,-0.368393272,-0.218412787,0.973347187,-0.23426275,0.0153572029,-0.206685662,0.982816637,0.209596843,-0.391287,-0.230772927,0.974856377,-0.202305913,-0.00755117228,-0.228919551,0.984364152,0.241845965,-0.349418163,-0.206887975,0.961084247,-0.2358291,-0.0193270147,-0.178821906,0.976385951,0.0866514668,-0.00793505,0.0576863401,0.999928832,-0.0842529312,0.00393950054,-0.0566986203,0.999952,0.088564612,0.388355315,0.118150972,0.782440543,-0.0310945585,0.320716113,-0.0208384525,0.897350967,0.0639132634,0.705063224,0.333433211,0.876561522,-0.0902223065,0.701999784,0.174114808,0.932355165,0.0430131704,0.739531338,0.359160423,0.685813248,-0.0948165134,0.733451188,0.153057307,0.568338096,0.10017968,0.773444891,0.315905273,0.878447175,-0.0724692866,0.760586083,0.0553636439,0.88953954
4783.333333333331,-0.00878776237,-0.620877445,-0.304935455,0.999704897,0.00383079099,-0.638356626,-0.291791916,0.999009669,0.00554695027,-0.638363838,-0.281237602,0.998754323,0.00414448977,-0.637705147,-0.284302562,0.999075055,-0.0173085108,-0.648199081,-0.316825122,0.999568045,-0.0162363891,-0.646824479,-0.330457658,0.999643207,-0.0102262115,-0.63484633,-0.310226262,0.99974829,0.0316854082,-0.62601465,-0.177755773,0.999048233,-0.0988113955,-0.583310187,-0.227985784,0.999400496,0.013407656,-0.608087897,-0.24918133,0.99975,-0.0197375044,-0.577058196,-0.292426109,0.999845207,0.116887912,-0.477000296,-0.0368325412,0.999949694,-0.185976803,-0.515285432,-0.0743268579,0.999971211,0.228710577,-0.324886382,-0.09157525,0.912269235,-0.212859675,-0.220667943,-0.101267315,0.975674391,0.247137353,-0.339895576,-0.215422362,0.979189277,-0.245519489,-0.021913847,-0.173096254,0.990614057,0.236880869,-0.351399392,-0.237568811,0.973825,-0.231060103,0.0168105289,-0.218881547,0.982813239,0.209639519,-0.374726325,-0.252994686,0.975430727,-0.200076163,-0.00737508666,-0.242452741,0.984417,0.241751984,-0.334193468,-0.226602405,0.961957514,-0.233350053,-0.0185412671,-0.189547464,0.976439655,0.0874789208,-0.00798124634,0.0559389107,0.999927163,-0.0851634443,0.00399261806,-0.0548715182,0.999950171,0.089766264,0.388456881,0.11740151,0.785340786,-0.0328529216,0.320195794,-0.00703905104,0.893238306,0.0664823875,0.705084,0.32909289,0.878656089,-0.0867884681,0.701142848,0.205871731,0.928561,0.045501519,0.7395643,0.354517102,0.684892118,-0.0901623368,0.732593298,0.186669677,0.558219254,0.100274913,0.773512363,0.308949113,0.879500091,-0.0710545704,0.759628415,0.0935811773,0.883659244
4799.999999999998,-0.0090718586,-0.620745599,-0.305724561,0.999713838,0.00362284109,-0.638296902,-0.29245767,0.999040484,0.00532441912,-0.638307452,-0.281965792,0.99879986,0.0039412831,-0.637664199,-0.285039067,0.999104679,-0.0178703368,-0.647810638,-0.317031533,0.999578834,-0.0167515613,-0.646520138,-0.330712169,0.999652863,-0.0107063,-0.634513199,-0.310451984,0.999753296,0.0322671868,-0.626131117,-0.178642094,0.999080956,-0.0987878,-0.582346141,-0.227154866,0.999413729,0.0135003403,-0.608090937,-0.250151783,0.999755323,-0.0197222084,-0.576930821,-0.292653501,0.999847412,0.118780233,-0.47706905,-0.0395770669,0.999951184,-0.185805723,-0.513930559,-0.0742222816,0.999971271,0.219569132,-0.32096979,-0.101857729,0.911691129,-0.212085754,-0.217675775,-0.100245059,0.976150453,0.247095197,-0.317317814,-0.23406966,0.979080379,-0.242456928,-0.020360643,-0.171324894,0.990778089,0.238596752,-0.322388411,-0.257412344,0.974130034,-0.226831689,0.019552419,-0.216478869,0.983178854,0.212060556,-0.345033199,-0.275185168,0.975886643,-0.19573836,-0.00670457026,-0.240520939,0.984806895,0.241776466,-0.309729755,-0.246333122,0.962704837,-0.229874,-0.0174916293,-0.187602147,0.97699362,0.0886851177,-0.00802156329,0.0549136735,0.999926925,-0.0863902196,0.00405320385,-0.0537967458,0.999949813,0.0921431,0.388360888,0.111726157,0.785135269,-0.0326331891,0.319851547,-0.00948446058,0.892477,0.0757243112,0.705984116,0.324944288,0.879535198,-0.0816360936,0.701087654,0.197955579,0.92619431,0.056122262,0.740871549,0.350547761,0.683251202,-0.0841478556,0.732544541,0.178533986,0.549524665,0.111357741,0.773602068,0.305229485,0.880491555,-0.0635383576,0.75958,0.0855787471,0.880827248
4816.666666666665,-0.0112440819,-0.620761275,-0.302662283,0.999731064,0.00237900973,-0.638370693,-0.288861364,0.999100268,0.00409814809,-0.638404,-0.278469205,0.998878539,0.00274275825,-0.637758374,-0.281569809,0.999161184,-0.0201425292,-0.647795796,-0.311475605,0.999602854,-0.0190792624,-0.646518767,-0.32510519,0.999672949,-0.012935387,-0.634506404,-0.304960608,0.999766469,0.0335121825,-0.626671433,-0.174158409,0.99914062,-0.0990493596,-0.58225739,-0.212193,0.999444246,0.0133285373,-0.608227968,-0.24747,0.999768078,-0.0205155462,-0.576949954,-0.287131935,0.999854147,0.121407881,-0.477630287,-0.0383340865,0.999953151,-0.18600142,-0.51298,-0.0598693117,0.999971569,0.215279087,-0.321209818,-0.100154415,0.912761509,-0.212103292,-0.214865983,-0.075015232,0.976714313,0.24703525,-0.299557507,-0.234356821,0.979175031,-0.241715088,-0.0188839957,-0.151368454,0.991000652,0.240071818,-0.297479153,-0.258755505,0.974628925,-0.224849358,0.0224355049,-0.198543891,0.983679354,0.213196486,-0.318392813,-0.27786538,0.976514697,-0.194002986,-0.00608580513,-0.227500364,0.985305548,0.241774067,-0.289838821,-0.24714449,0.963751256,-0.228753075,-0.0165981855,-0.170300946,0.977744162,0.0904111192,-0.00802862179,0.0527685545,0.999928951,-0.0880724117,0.00407932932,-0.0514928,0.999950945,0.0951338112,0.388350248,0.0974507853,0.793284416,-0.0325654,0.318120956,-0.00773523189,0.895390749,0.0843552873,0.706203699,0.315324187,0.88376075,-0.0740924925,0.700376928,0.205755159,0.926672935,0.0659068823,0.74129796,0.341333061,0.686643958,-0.0754511431,0.732017815,0.186736107,0.54894352,0.119631231,0.773654,0.295779973,0.884643555,-0.0568377972,0.759280562,0.0966362581,0.881870925
4833.333333333332,-0.0121049406,-0.618834198,-0.302263379,0.999745965,0.00201466167,-0.63735038,-0.288386494,0.999152303,0.00379798654,-0.637482941,-0.277975559,0.99894613,0.00246227602,-0.636876,-0.28112781,0.999210656,-0.0208705142,-0.646641731,-0.31072858,0.999623954,-0.0197779946,-0.645278215,-0.324228555,0.999690235,-0.0136440406,-0.63316226,-0.30412674,0.999777794,0.0347375497,-0.626677334,-0.173157409,0.999188721,-0.0990849882,-0.58139807,-0.210420191,0.999468684,0.0132540604,-0.607318819,-0.246999115,0.999775648,-0.0208445471,-0.575349569,-0.286057323,0.999858,0.122362912,-0.477414042,-0.0369500145,0.99995476,-0.184096441,-0.511610031,-0.0599197373,0.999972284,0.210369423,-0.316285223,-0.0943744779,0.909942091,-0.206745312,-0.213703,-0.0766956508,0.977591157,0.248900115,-0.285212845,-0.208333507,0.978746593,-0.2327694,-0.0172752496,-0.150963828,0.991341949,0.246524677,-0.282025278,-0.224586144,0.9745965,-0.215653956,0.0256587155,-0.197264448,0.984376,0.223266989,-0.302678317,-0.249451607,0.976675,-0.185049549,-0.00375342835,-0.226562545,0.985970914,0.245608628,-0.275739431,-0.222404182,0.964310348,-0.220074981,-0.015408868,-0.169813305,0.978797197,0.0906624272,-0.00791774504,0.0525953583,0.999929845,-0.0882766843,0.00400352804,-0.0513511188,0.999951482,0.0968420506,0.388519883,0.0816285461,0.790767491,-0.0315865837,0.317107677,-0.0215917826,0.895354509,0.0869912,0.708038688,0.283224285,0.884739935,-0.0711961165,0.700428426,0.177059665,0.926746905,0.0680218562,0.743218303,0.306592077,0.684785604,-0.0729043335,0.732137144,0.155274048,0.546487451,0.121741697,0.77366817,0.261440873,0.886959493,-0.0501460955,0.759269595,0.0657893047,0.883604407
4849.999999999999,-0.0130707016,-0.619579494,-0.296487093,0.999743521,0.00148212723,-0.638277471,-0.282024771,0.999148965,0.00322054233,-0.638463497,-0.271639645,0.998950541,0.00196073879,-0.637875557,-0.274995714,0.999211073,-0.0220068321,-0.647052765,-0.303476661,0.999615729,-0.0209156312,-0.645802319,-0.317171752,0.999683619,-0.0147423027,-0.633612394,-0.297077924,0.999770761,0.0352982543,-0.628080606,-0.167663693,0.999193072,-0.0991577208,-0.581405401,-0.200921118,0.999453843,0.0131522706,-0.608190954,-0.242174074,0.999770403,-0.02120886,-0.57591331,-0.279702157,0.999851406,0.125823751,-0.47822684,-0.0364015028,0.99995482,-0.184602112,-0.510693371,-0.054781802,0.999970615,0.210468635,-0.318238229,-0.101835698,0.906911731,-0.206905186,-0.212870643,-0.0744204819,0.977315843,0.248338878,-0.275928736,-0.242269754,0.97761482,-0.229231015,-0.0174174104,-0.1510683,0.991317213,0.246348813,-0.263701707,-0.268823057,0.974192858,-0.209739432,0.025393879,-0.197623268,0.984603107,0.220236063,-0.280686826,-0.292184919,0.97652173,-0.176704213,-0.00414863043,-0.227177903,0.986222267,0.243684724,-0.262888253,-0.257030427,0.96426928,-0.215001404,-0.015728062,-0.169833854,0.979165792,0.0922898576,-0.00785306655,0.0507457703,0.999931395,-0.0899011493,0.00397078274,-0.0493737422,0.999952,0.097322382,0.388903111,0.0815985,0.792040586,-0.0321710035,0.317161739,-0.0125612291,0.894681573,0.0905175507,0.707999468,0.286358386,0.887207091,-0.0712593868,0.699224532,0.193765506,0.925583482,0.0721056685,0.74321,0.310572684,0.682872474,-0.0729271621,0.730839372,0.173058525,0.540435731,0.124447659,0.774365246,0.265103638,0.889041483,-0.0511604771,0.759307861,0.0869400427,0.881913126
4866.666666666666,-0.0139304101,-0.619595289,-0.294637173,0.99974376,0.00102154235,-0.638380349,-0.279743642,0.99915427,0.00275671063,-0.638575912,-0.269342273,0.998958647,0.00156358082,-0.638015568,-0.272858828,0.999215901,-0.0231159907,-0.647057652,-0.301242352,0.999613047,-0.0219715312,-0.645824611,-0.315058708,0.999680161,-0.0158582684,-0.633620381,-0.294875801,0.999766111,0.0354392976,-0.628686607,-0.164708257,0.999193788,-0.099808678,-0.581388712,-0.198092639,0.999440968,0.0127378246,-0.608290374,-0.240320474,0.999763,-0.0220340826,-0.575942934,-0.27767548,0.999844074,0.125879705,-0.479017764,-0.0361983106,0.999954402,-0.185321912,-0.50910455,-0.0545802675,0.999968648,0.207325071,-0.321546853,-0.112475172,0.901726842,-0.206721991,-0.211123094,-0.0818575248,0.976946354,0.247542575,-0.268005878,-0.265734047,0.97575289,-0.221760824,-0.0181397181,-0.167548135,0.991248,0.246368691,-0.25116995,-0.295911402,0.973175287,-0.201171815,0.0250235163,-0.216781422,0.9847579,0.217660844,-0.262442827,-0.318307668,0.975808263,-0.166038796,-0.00550622353,-0.245282978,0.986404181,0.241744548,-0.251585841,-0.280487597,0.963487923,-0.206523389,-0.0168576576,-0.186670959,0.979374826,0.0926891789,-0.00785165187,0.0499023125,0.999932826,-0.0902860239,0.00397291593,-0.0484486409,0.999952316,0.0976537764,0.389022827,0.077483587,0.78508383,-0.032966055,0.318917662,-0.0091849016,0.889734685,0.0921549797,0.708902836,0.277400225,0.886556387,-0.0714998618,0.699484,0.192140907,0.92298454,0.0737773851,0.744376,0.301143765,0.676330209,-0.0731849223,0.731005371,0.171831653,0.53002739,0.127736881,0.774454534,0.254009634,0.888613582,-0.0508118458,0.760472476,0.0843775198,0.878489435
4883.333333333333,-0.0155479508,-0.621158302,-0.287801474,0.999748707,-0.0004513319,-0.640055776,-0.272465169,0.999174893,0.00127725536,-0.640282393,-0.26203844,0.998985,0.000159988849,-0.639777482,-0.265734822,0.999233723,-0.0252215173,-0.648055673,-0.294181734,0.999618888,-0.023975959,-0.646977246,-0.308036119,0.999684513,-0.0178833734,-0.634740055,-0.287843615,0.999768198,0.0346513242,-0.630167544,-0.15800488,0.999207675,-0.101636328,-0.581563711,-0.19151929,0.999445319,0.0113378866,-0.610056341,-0.234064758,0.999763966,-0.0235785116,-0.577270746,-0.271360546,0.999842942,0.125535011,-0.480284929,-0.034078598,0.999954402,-0.18889147,-0.507247448,-0.0521960855,0.999967396,0.201203227,-0.323098719,-0.114181012,0.894635141,-0.207906976,-0.20911178,-0.0823152736,0.976484179,0.24516353,-0.253326118,-0.276293,0.97248,-0.217377558,-0.0182738919,-0.169571564,0.991087914,0.246282935,-0.232643783,-0.30823794,0.970864952,-0.194407731,0.024704691,-0.219983459,0.984698117,0.214814782,-0.23935008,-0.331040084,0.973955214,-0.157100961,-0.00662339339,-0.247425511,0.986380577,0.238417327,-0.233951896,-0.291514605,0.961001396,-0.200682417,-0.0173292309,-0.188488021,0.979213893,0.0932536796,-0.00798973441,0.0490987562,0.999935031,-0.0908361,0.0041185976,-0.0475563072,0.999953449,0.0977398157,0.389296621,0.0730003715,0.782833636,-0.0354239754,0.321045607,-0.00403216947,0.884785354,0.0940049365,0.712238073,0.261136472,0.887286484,-0.0713271573,0.703441441,0.191689268,0.920404673,0.0759258941,0.748406589,0.283688575,0.670528531,-0.0727089569,0.73518461,0.170854196,0.52032268,0.130273208,0.776172936,0.232136354,0.889409304,-0.0512597375,0.764226794,0.0827128962,0.875210285
4900.0,-0.0165365357,-0.621908,-0.271006703,0.99976182,-0.00130132749,-0.641123176,-0.255019844,0.999220967,0.000535961532,-0.641417146,-0.244750813,0.999040842,-0.000570602773,-0.640960515,-0.248628169,0.999275148,-0.026409436,-0.648909926,-0.276625693,0.999638796,-0.0250988454,-0.647917,-0.290075392,0.999700606,-0.0189787224,-0.635656178,-0.270084023,0.999779403,0.0346486941,-0.631437778,-0.141286939,0.99924463,-0.10200692,-0.581729054,-0.173650116,0.99946928,0.0108241374,-0.611269,-0.217500716,0.999771297,-0.0242135134,-0.577890933,-0.254453838,0.999846816,0.125475839,-0.480440319,-0.0201118924,0.999955237,-0.188587412,-0.506059706,-0.0420845188,0.999968052,0.194897041,-0.322919548,-0.102980942,0.886247456,-0.206409901,-0.206350386,-0.0823024958,0.976386428,0.245074913,-0.240448788,-0.266219079,0.969341755,-0.210552067,-0.0195673499,-0.168951496,0.991192698,0.247971117,-0.217305586,-0.298371404,0.968620777,-0.187038124,0.0241653565,-0.218601152,0.985075712,0.215930745,-0.222930461,-0.329495192,0.972147465,-0.149655849,-0.00929769315,-0.245541066,0.986729741,0.238464892,-0.22053872,-0.284154177,0.95889318,-0.193652436,-0.0194579288,-0.18759954,0.979681373,0.0933364779,-0.00796581805,0.0491257198,0.99993825,-0.0908951238,0.0040993006,-0.047592245,0.999955535,0.0977516323,0.387742072,0.0682219788,0.775344551,-0.0352251157,0.320670187,-0.0111009423,0.8828668,0.0934835,0.71354866,0.248580605,0.887319326,-0.070616357,0.703731418,0.160857022,0.920478,0.0753200427,0.750284791,0.270285785,0.667689264,-0.0719205067,0.735604882,0.136498317,0.516055942,0.132750198,0.77639246,0.222017422,0.890873969,-0.0463130958,0.765650511,0.0481053926,0.876595199
4916.666666666667,-0.016396353,-0.62225467,-0.261593878,0.999757409,-0.00129168888,-0.641541898,-0.246289417,0.999209464,0.000546957832,-0.641887605,-0.236029,0.999029,-0.000558101747,-0.641445577,-0.239937618,0.999266148,-0.0263460614,-0.649111867,-0.26837191,0.999629617,-0.0250420049,-0.648161829,-0.281748474,0.999693453,-0.0189237557,-0.635872126,-0.261855245,0.999773502,0.0343716927,-0.63245368,-0.134052634,0.999230742,-0.101967737,-0.581720293,-0.169132054,0.999451816,0.0108919945,-0.612064,-0.208384857,0.999765873,-0.0239577666,-0.578187406,-0.24634093,0.999841154,0.126071051,-0.480828255,-0.0134655591,0.999955893,-0.18862997,-0.505571902,-0.0360426567,0.999967754,0.196552008,-0.320836306,-0.0933719,0.879647672,-0.205881879,-0.203799605,-0.0817303061,0.975691,0.247069538,-0.224741608,-0.254100502,0.966817737,-0.202198669,-0.0203902423,-0.17017068,0.991170406,0.251747102,-0.200462073,-0.28753373,0.966718256,-0.176746085,0.023044752,-0.220735252,0.98529774,0.217524514,-0.206295,-0.322207659,0.970615208,-0.138484269,-0.0125429612,-0.24669674,0.986936927,0.240131751,-0.204351202,-0.272605568,0.956970632,-0.18436563,-0.0209724084,-0.188631892,0.97985661,0.0936179534,-0.00794324651,0.0490777828,0.999940574,-0.091168575,0.00407244172,-0.0475185923,0.999956846,0.0991084576,0.38777703,0.0697662905,0.770705223,-0.0351571664,0.320769936,-0.0109065669,0.879563272,0.0973013863,0.717032254,0.251158625,0.887930572,-0.0698638111,0.705697417,0.159132585,0.920156,0.0793246627,0.754116237,0.272849381,0.663843513,-0.0710137263,0.737921238,0.134309277,0.509836495,0.136907235,0.778390586,0.22308059,0.892049611,-0.0457598604,0.767290235,0.0429543667,0.876852155
4933.333333333334,-0.0170511622,-0.623163581,-0.261126965,0.999770403,-0.00201569963,-0.642563879,-0.246074304,0.999254823,-8.38843844e-005,-0.642963171,-0.235716984,0.999086082,-0.00116337265,-0.642508745,-0.239549518,0.999308884,-0.0270757079,-0.650045,-0.268072963,0.999648631,-0.0257308744,-0.649079621,-0.281238377,0.999709308,-0.0195977278,-0.636844158,-0.261429131,0.99978441,0.0339348875,-0.633817732,-0.133008972,0.999275,-0.102594472,-0.582629323,-0.168048874,0.999474645,0.0101805767,-0.613544703,-0.207549572,0.999777734,-0.0245584026,-0.579272747,-0.245597795,0.99984777,0.126032591,-0.482548207,-0.0109687895,0.999958098,-0.190039486,-0.505598783,-0.0305017885,0.99996841,0.197665676,-0.320676088,-0.0776782408,0.881163776,-0.205843672,-0.203707293,-0.0779834464,0.975398362,0.248082668,-0.209452271,-0.217260301,0.96677351,-0.198513359,-0.0216439441,-0.169995755,0.991200149,0.253504664,-0.180840686,-0.244985536,0.96669,-0.171742156,0.0216732677,-0.219886735,0.985570729,0.218337193,-0.183428019,-0.274909705,0.97068274,-0.134190917,-0.0149970166,-0.245830044,0.987184048,0.241028801,-0.186883837,-0.233588204,0.957248151,-0.18036963,-0.0227943175,-0.188314229,0.980147362,0.0939500332,-0.00802220777,0.0488831103,0.999943554,-0.0914647803,0.0041540158,-0.0472761393,0.999958515,0.0993332118,0.387694985,0.0642917901,0.778147161,-0.0352673791,0.321219385,-0.0117968014,0.881947756,0.0983266085,0.718853831,0.234319404,0.891893804,-0.069377,0.707825243,0.152988121,0.922156036,0.0804007426,0.75621295,0.254822522,0.667397618,-0.0703059,0.740101695,0.127520666,0.511721849,0.137417451,0.779627442,0.202826992,0.89628,-0.0455151,0.76848048,0.0352694839,0.880397081
4950.000000000001,-0.0170563478,-0.62332195,-0.263477653,0.99978441,-0.00220506964,-0.642791927,-0.248292625,0.999303222,-0.000244128896,-0.643201053,-0.238029227,0.999146461,-0.00133451726,-0.642740607,-0.241691366,0.99935472,-0.0271264091,-0.65027082,-0.270694256,0.999669194,-0.0257712863,-0.649254501,-0.284084857,0.999726415,-0.0196079537,-0.637038887,-0.264160365,0.99979651,0.0332827456,-0.63465625,-0.135029569,0.999323726,-0.10263218,-0.582648873,-0.170852378,0.999500751,0.010102,-0.614410281,-0.209664896,0.999791384,-0.0245418809,-0.579532146,-0.24806115,0.999855757,0.125982389,-0.485370606,-0.0106390063,0.999960661,-0.18973662,-0.505828321,-0.0317168646,0.99996978,0.198567376,-0.320898414,-0.0404933095,0.88351953,-0.205019116,-0.204077601,-0.0819175,0.976041496,0.252462357,-0.192802474,-0.130423173,0.967313886,-0.186824366,-0.0275449045,-0.175607547,0.991498947,0.258454025,-0.159404933,-0.144690216,0.966924667,-0.157225594,0.0143375574,-0.225569054,0.98617965,0.225742191,-0.158861801,-0.172228143,0.970953524,-0.118574642,-0.0230155773,-0.249389708,0.987719297,0.246892393,-0.167887524,-0.144377306,0.957912445,-0.1673816,-0.0296192281,-0.193062857,0.980903685,0.0939465389,-0.00802832,0.0502828918,0.999945939,-0.091456227,0.00416005589,-0.0486058444,0.999959707,0.102491722,0.387340695,0.0649649128,0.784217119,-0.0350335129,0.3209925,-0.0224885624,0.885642707,0.102111444,0.719384491,0.23363407,0.895648599,-0.069350712,0.70882839,0.13565971,0.925234914,0.0843690634,0.756835699,0.253903687,0.673879564,-0.0702797771,0.741446435,0.109606832,0.519409716,0.143103436,0.780854702,0.204635903,0.900751889,-0.042293705,0.770276,0.0179937668,0.88571322
4966.666666666668,-0.0189223289,-0.624450564,-0.264754146,0.999799609,-0.0041475161,-0.644134402,-0.249638334,0.999355257,-0.00216400833,-0.644570112,-0.239469439,0.999211252,-0.00328721898,-0.644107878,-0.243073449,0.999403715,-0.0289735869,-0.651842475,-0.272559047,0.999691963,-0.0276079606,-0.65077126,-0.286045671,0.999745369,-0.0213568695,-0.638665199,-0.266082078,0.999809802,0.0315590799,-0.635917425,-0.136689037,0.999376595,-0.104087874,-0.583849192,-0.173374638,0.999531031,0.00811543223,-0.616181314,-0.210803673,0.999806583,-0.0261910744,-0.580924511,-0.249567613,0.999865115,0.125245109,-0.486647308,-0.0108965784,0.999963403,-0.190578714,-0.506778419,-0.0332720429,0.999971032,0.199213251,-0.319866121,-0.0269873,0.888966858,-0.204633683,-0.205829844,-0.0904508308,0.976508856,0.255698919,-0.172611162,-0.103733756,0.96881932,-0.181093231,-0.0361020863,-0.196055651,0.991741061,0.262094647,-0.13595131,-0.115307964,0.96814841,-0.15137811,0.00374394632,-0.249040037,0.986707151,0.230373159,-0.133355781,-0.142595485,0.972076356,-0.111865543,-0.0339157172,-0.269936949,0.988183,0.250915617,-0.14590244,-0.116950266,0.959655,-0.161077186,-0.038665235,-0.212795734,0.981528878,0.0940142423,-0.00806385931,0.0509171672,0.999948442,-0.0915171504,0.00419812184,-0.0491316058,0.99996084,0.103434965,0.386882782,0.0659916848,0.794372439,-0.034957,0.320982724,-0.0288386103,0.891160071,0.103292577,0.718952477,0.237441272,0.900931239,-0.0694522038,0.708942354,0.131897,0.929178238,0.0854962319,0.756534219,0.258241892,0.683732,-0.0704283,0.741547585,0.106298298,0.531877697,0.142608747,0.780324757,0.208679557,0.906304717,-0.0413906947,0.770163238,0.0138232419,0.892098248
4983.333333333335,-0.0189314038,-0.625905514,-0.270291418,0.999815762,-0.00419990439,-0.646395445,-0.255791932,0.999410033,-0.00221893331,-0.646872759,-0.245014518,0.999279,-0.00334686576,-0.646346629,-0.24887082,0.999455,-0.028931234,-0.654388905,-0.277440429,0.999716818,-0.0275738016,-0.653101385,-0.290288597,0.999766,-0.0213187058,-0.641126156,-0.270540833,0.999824762,0.0313544385,-0.63867259,-0.140946478,0.999431252,-0.104116358,-0.586312711,-0.177631125,0.999566674,0.0079334,-0.618301,-0.216087222,0.999822497,-0.0262335986,-0.582513392,-0.254401565,0.999875367,0.124999449,-0.489936978,-0.010892801,0.999966,-0.190202549,-0.508329511,-0.0349212699,0.999972403,0.19962737,-0.319854885,0.00324561843,0.895383418,-0.203474432,-0.21379672,-0.0908307731,0.977555633,0.26104632,-0.151230812,-0.0406611189,0.97047168,-0.176646665,-0.0440592952,-0.192302585,0.992046177,0.267291814,-0.110944152,-0.0434020795,0.969421148,-0.146229818,-0.00514417747,-0.244157299,0.987225473,0.24066186,-0.104014136,-0.0729854181,0.973234236,-0.106052242,-0.0416229516,-0.266198903,0.988626,0.258582205,-0.121739171,-0.053417176,0.961524367,-0.156143144,-0.0466407277,-0.209219947,0.982159555,0.094039,-0.00815479,0.0511117764,0.999951661,-0.0915406495,0.00433080178,-0.0492804125,0.999962807,0.104163386,0.386873782,0.0665658861,0.810628474,-0.0352804624,0.32094276,-0.0291305222,0.899444163,0.105415434,0.714098036,0.241576701,0.908455729,-0.0682902,0.708958089,0.133555278,0.934660137,0.0875277221,0.751105726,0.262863904,0.701215267,-0.0688499883,0.741622865,0.107997872,0.556661665,0.142622,0.778370261,0.213644892,0.913383842,-0.0417793542,0.77030468,0.0151548181,0.900321305
5000.000000000002,-0.0160536058,-0.626422405,-0.27479592,0.999827921,-0.00267305179,-0.647782803,-0.261871815,0.999453485,-0.000817084918,-0.648205221,-0.250597894,0.999334,-0.00184121437,-0.647762299,-0.254847795,0.999497175,-0.0264167301,-0.656004667,-0.284244984,0.999734581,-0.0250115637,-0.654551,-0.2969625,0.999780655,-0.0186506901,-0.642581701,-0.277123392,0.999834716,0.0304760914,-0.641631901,-0.150367662,0.999477327,-0.102741383,-0.587883532,-0.194420338,0.999588668,0.00877812598,-0.619687438,-0.220950902,0.999834061,-0.0239224099,-0.583238363,-0.261141628,0.999881268,0.123145975,-0.492794096,-0.012608435,0.99996841,-0.185042024,-0.510919929,-0.0558082759,0.999973,0.199989527,-0.31992352,0.011480296,0.901852667,-0.198135629,-0.217272043,-0.121210627,0.978270054,0.265801191,-0.139474392,-0.00948711,0.972222209,-0.163869932,-0.0506006181,-0.215007827,0.992076695,0.272180825,-0.096015811,-0.00746066635,0.970775306,-0.132613778,-0.0132925408,-0.266751111,0.987410903,0.24742493,-0.0875042081,-0.0364212692,0.974453688,-0.0915216953,-0.0500085205,-0.281609565,0.988765895,0.264693916,-0.108896039,-0.0211284105,0.963457584,-0.143061668,-0.0540503077,-0.229159042,0.982352495,0.0927872732,-0.00812729,0.0533654131,0.999954164,-0.0903268233,0.00430099666,-0.0516189486,0.99996376,0.103760026,0.385906219,0.0805084109,0.821935296,-0.0352681167,0.319323301,-0.0317513272,0.906239331,0.1050855,0.711444438,0.246235341,0.914091945,-0.0689980239,0.708616138,0.130717546,0.939520478,0.087176,0.748466611,0.266700596,0.714581668,-0.0696067214,0.74148494,0.105153635,0.579259098,0.142024741,0.777510345,0.22414,0.91904825,-0.0418120511,0.770525813,0.0161972437,0.907823503
5016.666666666669,-0.0155362617,-0.626976848,-0.275012195,0.999839365,-0.00265680393,-0.649060309,-0.262276262,0.999494195,-0.000814890722,-0.649501562,-0.25080958,0.999384582,-0.00182895246,-0.649097681,-0.255208284,0.999535918,-0.0261746384,-0.657402039,-0.284949064,0.999752,-0.0247891732,-0.655851245,-0.297644287,0.999795079,-0.0184022058,-0.643865407,-0.277817816,0.999844909,0.0266563445,-0.64421159,-0.151324093,0.999518931,-0.102868699,-0.58930558,-0.198575303,0.999611795,0.00872995798,-0.62083596,-0.221131802,0.999844551,-0.0237360857,-0.583902299,-0.261897415,0.999887,0.116729617,-0.494250119,-0.0115502011,0.999970317,-0.182870597,-0.514520109,-0.0626652092,0.999973655,0.196958825,-0.318811685,0.030340042,0.906692326,-0.197123304,-0.224969983,-0.128621235,0.979279757,0.2658889,-0.126569524,0.0212868731,0.9736588,-0.159594,-0.0584238693,-0.219500482,0.992331564,0.272237271,-0.0819554701,0.0251863729,0.971841693,-0.128290489,-0.0221471321,-0.272038072,0.987860203,0.248268485,-0.0716166794,-0.00348685612,0.975425124,-0.085332416,-0.0580273643,-0.284359,0.989147484,0.265173227,-0.0950758606,0.0103646256,0.965027332,-0.138396919,-0.0617811792,-0.232670739,0.982893288,0.0911346227,-0.00800357945,0.0552227646,0.99995625,-0.0887805447,0.00416945294,-0.0534625761,0.999964654,0.1037082,0.385905713,0.0937579945,0.832489073,-0.0355457477,0.318119645,-0.031530261,0.912413716,0.104559876,0.709331751,0.255450249,0.919827759,-0.0719642043,0.705772102,0.134712934,0.944031358,0.0862546936,0.746394336,0.275875747,0.729212165,-0.0727454424,0.738806,0.109725691,0.601523697,0.141585946,0.776716709,0.234194681,0.92472,-0.0418769941,0.76943171,0.0236605983,0.914784968
5033.333333333336,-0.0152034592,-0.62739563,-0.275765657,0.999852479,-0.00257280446,-0.649922192,-0.263211519,0.999537766,-0.00075464067,-0.650354445,-0.25156647,0.999438107,-0.00174281525,-0.64996624,-0.256071627,0.999576449,-0.025941819,-0.658409357,-0.28595233,0.999772131,-0.0245729405,-0.656779468,-0.298601061,0.999811709,-0.0181555729,-0.64482969,-0.27878958,0.999857187,0.0258890018,-0.645076215,-0.152126476,0.999561489,-0.102914698,-0.590263784,-0.200195089,0.999641061,0.00872819498,-0.621447861,-0.221852213,0.999856591,-0.0236117244,-0.584373772,-0.2630198,0.999894738,0.114236489,-0.494078457,-0.011526675,0.999972224,-0.181961462,-0.515905619,-0.0634937435,0.999974549,0.194046333,-0.309576184,0.0316208452,0.912157238,-0.19656001,-0.226751402,-0.125756428,0.980299056,0.265758067,-0.106287695,0.0209530741,0.975119412,-0.155649737,-0.0594205558,-0.214832604,0.992604,0.272157848,-0.0609626323,0.0244461689,0.972991168,-0.123212673,-0.0234214924,-0.266913414,0.988310575,0.248835042,-0.0493804142,-0.00448824046,0.976454735,-0.0802284554,-0.0596152805,-0.280269533,0.989528358,0.265269488,-0.0742477551,0.00985655375,0.966640711,-0.134114906,-0.0629467666,-0.228313059,0.983451188,0.0903325155,-0.00791673921,0.0555434376,0.999958634,-0.0879983902,0.0041061705,-0.0537881888,0.999965966,0.103666171,0.385961235,0.0933521241,0.845358729,-0.0363813937,0.318053275,-0.0312900916,0.918952346,0.104388624,0.7091977,0.252729952,0.925858498,-0.0724092573,0.705265,0.138167456,0.94840616,0.0858259276,0.746283233,0.273490548,0.745340288,-0.0732878298,0.738367856,0.11389114,0.625005662,0.141370833,0.776705503,0.231612533,0.930466652,-0.0429784954,0.769046485,0.0318790972,0.921472609
5050.000000000003,-0.0158223026,-0.626906097,-0.280502886,0.999861896,-0.00354193361,-0.649681211,-0.26842016,0.999570847,-0.00181992108,-0.650106907,-0.256645411,0.999479294,-0.00270231231,-0.649739265,-0.261156648,0.999607801,-0.0266480129,-0.658264518,-0.290612847,0.999786317,-0.0252920482,-0.656597257,-0.303376883,0.999823749,-0.0188740678,-0.644681692,-0.283498943,0.99986583,0.0241129808,-0.644997716,-0.157257065,0.999595046,-0.103614248,-0.590226591,-0.204079598,0.999660611,0.00754439132,-0.621134102,-0.226574838,0.999865055,-0.0242939387,-0.584053695,-0.267666906,0.999899566,0.112486407,-0.492415875,-0.0124035981,0.999973595,-0.181911811,-0.516595304,-0.0662425309,0.999975,0.193344504,-0.297296971,0.02906527,0.916413307,-0.196392208,-0.229392782,-0.126109391,0.98119396,0.265512,-0.0896132365,0.0211438835,0.976099551,-0.152904823,-0.0616845,-0.215673327,0.992854595,0.271785319,-0.0442476273,0.0246208441,0.973583877,-0.119888522,-0.0265296604,-0.269113362,0.988708258,0.247606888,-0.0335908271,-0.00350662041,0.977000654,-0.076335296,-0.0631418899,-0.28112632,0.989867806,0.264664739,-0.0578889325,0.0107070813,0.967583835,-0.130947053,-0.0653592423,-0.228880242,0.983920157,0.0897556916,-0.00776551431,0.0557345711,0.999960363,-0.0874876603,0.00395059865,-0.0539827086,0.999966919,0.10360276,0.385928392,0.0949937329,0.855402768,-0.0371400565,0.317815602,-0.0308185518,0.924618065,0.103974134,0.70799911,0.256092638,0.931037307,-0.0726030692,0.70456928,0.143401116,0.952312827,0.0854486898,0.745097697,0.277000159,0.758990467,-0.0734287053,0.737683475,0.119694501,0.645549476,0.141138569,0.775482714,0.233078897,0.935394585,-0.0429377146,0.768020391,0.03454905,0.927400172
5066.66666666667,-0.0153706893,-0.626882851,-0.281836063,0.999872506,-0.00313501176,-0.6497,-0.26960662,0.999606311,-0.00147612207,-0.650121808,-0.257791251,0.999522626,-0.00231455616,-0.649768949,-0.262301624,0.999640465,-0.0263711102,-0.658349,-0.291694015,0.999802887,-0.0250243321,-0.65668124,-0.304481655,0.999837577,-0.0186185278,-0.644813478,-0.284592599,0.999876082,0.024184145,-0.644893229,-0.157298952,0.99962908,-0.103617139,-0.590350688,-0.203966141,0.99968493,0.00769890845,-0.621090233,-0.227396816,0.999874532,-0.0241276827,-0.584039807,-0.268607765,0.999905825,0.112666406,-0.490977764,-0.0105403326,0.999974847,-0.180761844,-0.517718434,-0.0656341463,0.999975741,0.193566158,-0.290420204,0.0400691144,0.92096442,-0.194385901,-0.230718106,-0.129554659,0.982096434,0.267617196,-0.0819767639,0.0362348855,0.977273583,-0.145213917,-0.0658736303,-0.23382017,0.993160903,0.273510814,-0.0362955667,0.0399832055,0.97447592,-0.111458965,-0.0320647955,-0.292204529,0.989214063,0.250364453,-0.0260604843,0.011214545,0.977806807,-0.0658343509,-0.0699068904,-0.30121392,0.990304708,0.267196089,-0.0501186028,0.0260839779,0.968853474,-0.122105815,-0.0700298324,-0.246449649,0.984534144,0.0894326046,-0.00753664738,0.0560700856,0.999962509,-0.0872304589,0.00372622185,-0.0542470478,0.99996835,0.104280986,0.387416482,0.101746514,0.865879774,-0.0374976471,0.317966759,-0.0310183652,0.930569708,0.103864424,0.708040059,0.269217491,0.936338425,-0.0725852624,0.704753935,0.144357562,0.956323147,0.0851632953,0.745128691,0.290997028,0.773808479,-0.073383823,0.737905562,0.120669715,0.669064343,0.140826032,0.775469661,0.244074672,0.940436721,-0.0426400602,0.767932057,0.0335126147,0.933500767
5083.333333333337,-0.0153692476,-0.626758,-0.285027027,0.999879241,-0.00319402269,-0.64966476,-0.272709519,0.99963069,-0.00154259091,-0.650090098,-0.260930032,0.999553144,-0.00236439845,-0.649742961,-0.265396804,0.99966383,-0.0263960604,-0.658318877,-0.294592381,0.999813,-0.0250485204,-0.656641185,-0.307418108,0.999846339,-0.0186504163,-0.644787431,-0.287493259,0.99988246,0.0240343176,-0.644830883,-0.159889251,0.999653459,-0.103703104,-0.590211034,-0.205866665,0.999698102,0.00764590222,-0.620976031,-0.230507195,0.999880195,-0.0241324399,-0.583864391,-0.271631062,0.999908805,0.112754233,-0.488959491,-0.0113046467,0.999975741,-0.180711612,-0.517747939,-0.0663636476,0.999976099,0.193795606,-0.28450343,0.036537338,0.923943281,-0.194448128,-0.232117772,-0.12746869,0.982813597,0.267307043,-0.0733018443,0.0335703492,0.977680862,-0.145952672,-0.0670917481,-0.228336945,0.993360043,0.273040414,-0.027299419,0.0374472849,0.974378109,-0.111999951,-0.0334777534,-0.28452304,0.989501,0.249508202,-0.0168939941,0.00932903308,0.977749765,-0.0668558329,-0.07154762,-0.296261162,0.990546703,0.2667059,-0.0413019359,0.0235568378,0.968984,-0.122834221,-0.0714171305,-0.241750047,0.984833777,0.0893630162,-0.00739575224,0.0561832935,0.999964,-0.0871801823,0.00356521271,-0.0543692484,0.999969304,0.105119877,0.387792945,0.105915479,0.872713387,-0.0375448354,0.318012506,-0.0309838988,0.935159385,0.104193777,0.708076417,0.276011914,0.940161109,-0.0726249,0.705751,0.145057485,0.959515393,0.0853911489,0.7451635,0.297938585,0.783355653,-0.0734070763,0.739114463,0.121382184,0.68550843,0.141318291,0.775423765,0.249360055,0.944087803,-0.0426315181,0.768456161,0.0321356766,0.93833375
5100.000000000004,-0.0155857736,-0.62616396,-0.2912,0.999884248,-0.00345666287,-0.649178386,-0.279159397,0.99965024,-0.00185286102,-0.649591863,-0.267335922,0.999578178,-0.00263532531,-0.649274051,-0.271659672,0.999682665,-0.0267443322,-0.657805741,-0.300101578,0.999820411,-0.0253901165,-0.656107783,-0.313020766,0.999853,-0.0190135371,-0.644286394,-0.293069333,0.999887109,0.0240788311,-0.644463718,-0.165486559,0.999674201,-0.103896491,-0.589721262,-0.208603948,0.999707639,0.00751411589,-0.620441258,-0.236512482,0.999884307,-0.0242680423,-0.583320677,-0.276752412,0.999910474,0.112821259,-0.486700952,-0.0165148079,0.999976337,-0.180740982,-0.517741382,-0.0664686114,0.999976,0.193247586,-0.278152704,0.0301684625,0.926874638,-0.194547266,-0.233110175,-0.126141384,0.98329,0.267187476,-0.0637340248,0.0234505627,0.977956,-0.145209134,-0.0688241646,-0.226033702,0.993478954,0.272751212,-0.0179370735,0.0269207396,0.974174738,-0.110482946,-0.0359982066,-0.282532871,0.98969394,0.248926356,-0.00664584478,-0.00137682667,0.977602363,-0.0656192079,-0.0746859089,-0.294082016,0.990706623,0.266344219,-0.031390857,0.0132974591,0.968981504,-0.12185923,-0.0734894425,-0.239557207,0.985016704,0.0893737078,-0.00732826348,0.0559721887,0.999964893,-0.0872022361,0.00349519518,-0.0541529842,0.999969721,0.105632715,0.388065279,0.104694858,0.880375266,-0.0382745899,0.318207413,-0.0284783505,0.939170301,0.105020232,0.708103776,0.275741458,0.943875194,-0.0724075511,0.706038535,0.153281897,0.962249339,0.0861335471,0.74518764,0.297691077,0.791976929,-0.0730340928,0.739404,0.12997143,0.698489964,0.141162366,0.775555491,0.246873811,0.94750303,-0.0422691666,0.768517375,0.0364408232,0.942410052
5116.666666666671,-0.0156041812,-0.625303805,-0.295014977,0.999891222,-0.00346697262,-0.648536503,-0.28287828,0.999674,-0.00188180793,-0.648948491,-0.27104941,0.999607325,-0.00265185186,-0.64867723,-0.275289387,0.999704659,-0.0268187374,-0.657219648,-0.303373843,0.999831,-0.0254652966,-0.655547,-0.316384435,0.999861956,-0.0190997496,-0.643757761,-0.296392769,0.999893665,0.0241873879,-0.644019902,-0.168147042,0.999697089,-0.103988521,-0.589405119,-0.21007067,0.999722242,0.00750907976,-0.619636416,-0.240041196,0.999890208,-0.0242930558,-0.582595,-0.279898465,0.999914,0.113086551,-0.485016704,-0.0190124623,0.999977231,-0.180813879,-0.517706931,-0.066719912,0.999976039,0.193392143,-0.275387049,0.0273633115,0.930139363,-0.193351597,-0.232760891,-0.129595086,0.983538687,0.26699841,-0.060315188,0.0218056943,0.97856158,-0.142203778,-0.0696286,-0.237098113,0.993516922,0.272495866,-0.0141145373,0.0254036766,0.974435,-0.107631363,-0.0377533957,-0.2964378,0.989772141,0.248503596,-0.00236615236,-0.00309686619,0.977855384,-0.0630171224,-0.077025637,-0.306195915,0.990764499,0.26605919,-0.0276047159,0.0118991286,0.969414711,-0.118751884,-0.0745110661,-0.250436664,0.985005677,0.0894080624,-0.00729439547,0.0559057891,0.999966,-0.0872610733,0.00345977512,-0.0540718958,0.999970257,0.105873801,0.388488978,0.107002996,0.886431634,-0.0386271849,0.318575799,-0.0271224175,0.942433655,0.107644372,0.708782077,0.279227406,0.947129786,-0.0723887905,0.706475139,0.162687182,0.964562237,0.0887609646,0.746032178,0.301294059,0.798880458,-0.0729873925,0.739845455,0.140273318,0.708683908,0.141778067,0.776427031,0.248606116,0.950599611,-0.0421669371,0.768662572,0.044249516,0.945982873
5133.333333333338,-0.0143656386,-0.625219405,-0.294757277,0.999895632,-0.00245816214,-0.648511946,-0.2825526,0.999691367,-0.000874095247,-0.648923337,-0.270775884,0.999629676,-0.00160003034,-0.64865011,-0.275000334,0.999721766,-0.0255337805,-0.657190263,-0.303231418,0.999837637,-0.0241821352,-0.655522346,-0.316224962,0.999867797,-0.0177813731,-0.643733144,-0.296235919,0.999897778,0.0243618973,-0.643930197,-0.168078855,0.999715865,-0.103102341,-0.589391649,-0.210912108,0.999731123,0.00815048,-0.619584799,-0.239856496,0.999894559,-0.0232889764,-0.582532167,-0.279851168,0.999916136,0.113173574,-0.484278023,-0.0195717737,0.999978185,-0.18058385,-0.517744601,-0.0672445223,0.999976397,0.193259224,-0.27407971,0.0285563096,0.933410883,-0.192376778,-0.232492864,-0.128671527,0.984104574,0.266833782,-0.0585080832,0.0282541327,0.979318678,-0.13906,-0.0687676296,-0.233863667,0.993698955,0.272270709,-0.0120551856,0.032945592,0.974963486,-0.104042932,-0.0363954119,-0.29199779,0.990064919,0.248148,-0.000820864341,0.00458659558,0.978326201,-0.0596587099,-0.0752965137,-0.303550392,0.991016388,0.265819609,-0.025990963,0.0184160806,0.97016257,-0.115602449,-0.0734792426,-0.247613847,0.985361099,0.0894174278,-0.00722065661,0.0559098944,0.999967456,-0.0872735828,0.00338483183,-0.0540783443,0.999971151,0.106422305,0.389799118,0.10501799,0.893721879,-0.039919287,0.319628656,-0.0301107243,0.946530879,0.109207772,0.708811879,0.27854228,0.950373173,-0.0714975372,0.707459807,0.155969828,0.967203677,0.0904768482,0.746051431,0.300674826,0.807224691,-0.0717739537,0.740849,0.133081585,0.723765314,0.143268034,0.776797295,0.249139786,0.953698635,-0.0413234197,0.769891679,0.0372428745,0.949983478
5150.000000000005,-0.0150509235,-0.625085354,-0.295462728,0.999899089,-0.0030783047,-0.648391545,-0.283188701,0.999705374,-0.00152850209,-0.648783863,-0.27142179,0.999647379,-0.002223138,-0.648525953,-0.275663882,0.999735355,-0.0262561813,-0.657110393,-0.303717494,0.999842703,-0.0249204766,-0.655425131,-0.316734314,0.999872208,-0.0185096581,-0.643640101,-0.296743453,0.999900937,0.0243827384,-0.643737316,-0.169018671,0.999730647,-0.103365242,-0.589233458,-0.211066231,0.999737382,0.00776393665,-0.619438887,-0.240765,0.999897301,-0.0237560254,-0.582411826,-0.280501753,0.99991703,0.113256358,-0.482981682,-0.0205694232,0.999978662,-0.180479079,-0.517733037,-0.067958191,0.999976456,0.191851437,-0.272767037,0.0284692515,0.935713291,-0.192313,-0.232536077,-0.128502965,0.984525144,0.264327705,-0.0574673079,0.0315287821,0.979800344,-0.136389598,-0.068535164,-0.231395975,0.993844867,0.269141376,-0.0108202156,0.0367730744,0.975212336,-0.1004254,-0.0359013863,-0.288768888,0.99029249,0.245307788,0.000507240475,0.00887296163,0.978552401,-0.0551694334,-0.0748526,-0.300840586,0.991209269,0.263365567,-0.0250207502,0.0220694412,0.970581651,-0.112491831,-0.0732985362,-0.245208085,0.985630095,0.0893866345,-0.00714381831,0.055934906,0.999967933,-0.0872563124,0.00331074023,-0.0541094877,0.999971271,0.106635369,0.389387667,0.105179667,0.897783518,-0.0404246859,0.319453239,-0.0293545593,0.949195147,0.109218888,0.705178142,0.282545418,0.952383637,-0.0714032724,0.706273794,0.158958495,0.969051,0.0904370844,0.742061436,0.305278599,0.811309814,-0.0716206,0.739563644,0.136357665,0.732176,0.143145293,0.774075925,0.256016046,0.955624461,-0.0404473245,0.768903315,0.0416988656,0.952766061
5166.6666666666715,-0.0152732832,-0.624936879,-0.295436114,0.999904215,-0.00326221087,-0.648287416,-0.283040404,0.999723,-0.00170164811,-0.648683667,-0.271299213,0.999668777,-0.00240980089,-0.648413599,-0.27553156,0.999751687,-0.0265155695,-0.657020211,-0.303590655,0.99985075,-0.0252107959,-0.65532285,-0.316597342,0.999878943,-0.0187943969,-0.643543482,-0.296614826,0.999906,0.0244678147,-0.643601298,-0.168853447,0.999747515,-0.103607163,-0.589018345,-0.210762784,0.999749,0.00771096442,-0.619287372,-0.240734354,0.999901891,-0.0239120647,-0.58224,-0.280399621,0.99992,0.113364033,-0.482524961,-0.0198925883,0.999979317,-0.180477127,-0.517711461,-0.0676697493,0.999977,0.191271633,-0.27152124,0.0359202661,0.936857045,-0.192556337,-0.232809424,-0.126803771,0.984963775,0.260734975,-0.056067057,0.0447751619,0.979844,-0.136869341,-0.0681598708,-0.226626933,0.993954241,0.263912767,-0.00927407108,0.0511885472,0.974963903,-0.100762859,-0.0352301672,-0.284302413,0.990443945,0.240769714,0.00138424931,0.023356216,0.978336453,-0.0550405346,-0.0740130395,-0.294248462,0.991328478,0.259738505,-0.0238607191,0.0356792882,0.970427871,-0.11289157,-0.0728369281,-0.239673838,0.985778213,0.0893768147,-0.00710404431,0.0559428968,0.999969184,-0.0872520804,0.00328797917,-0.0541131347,0.999972284,0.10668809,0.389276117,0.104775436,0.902840793,-0.0404700339,0.319302082,-0.0292851813,0.952052832,0.108432829,0.702330291,0.285857022,0.954810798,-0.0709012076,0.705931842,0.160858616,0.971095383,0.0894460902,0.738868117,0.309428215,0.817615211,-0.0710597,0.739251435,0.13863048,0.743697941,0.141517833,0.772145092,0.261868536,0.957937181,-0.0402514264,0.768503368,0.0442063957,0.955856442
5183.3333333333385,-0.0147780403,-0.624926448,-0.293717921,0.999905944,-0.00295104017,-0.648273706,-0.281532466,0.999731779,-0.00140018493,-0.648672104,-0.269734085,0.999680459,-0.00210672198,-0.648395956,-0.274023771,0.999760747,-0.025995912,-0.656998396,-0.30205214,0.999853373,-0.0247003324,-0.655302167,-0.314997315,0.999881446,-0.0182658322,-0.643521547,-0.295094043,0.999907672,0.0245012529,-0.643644452,-0.168268859,0.999758065,-0.103156909,-0.589022517,-0.210416108,0.999752223,0.00802534,-0.619272292,-0.239497557,0.999903679,-0.023337204,-0.582230687,-0.279173017,0.999920368,0.113460578,-0.482670099,-0.0194958635,0.999979854,-0.180299923,-0.517751,-0.0675831512,0.999977112,0.191046044,-0.272205144,0.0374219827,0.937581778,-0.192607477,-0.232923105,-0.126288027,0.985237539,0.257441968,-0.0581304245,0.0454035699,0.979682386,-0.13713932,-0.0678539202,-0.223387,0.993976057,0.259225905,-0.011362236,0.0516371727,0.974506497,-0.100966848,-0.0348549858,-0.280796856,0.990470648,0.236541763,-0.00134006934,0.0239159726,0.977948248,-0.0552140847,-0.0734268799,-0.289447635,0.991332889,0.256438583,-0.026207231,0.0361230187,0.970046461,-0.113277026,-0.0724506453,-0.235948339,0.985734046,0.0893676132,-0.00709876232,0.0558279902,0.999970138,-0.0872473121,0.00329342624,-0.0539984293,0.99997288,0.106657527,0.389290512,0.102089487,0.907430947,-0.040602006,0.319311202,-0.0287858788,0.954089761,0.108325563,0.701680899,0.284252554,0.956763864,-0.0684018284,0.704533935,0.165190443,0.972509265,0.0893513933,0.738022864,0.307926863,0.821956754,-0.0682557151,0.737656772,0.143357202,0.750231326,0.14114356,0.771466911,0.261388838,0.959712744,-0.0399420746,0.767276287,0.0523191877,0.957992077
