time,X_LEFT_WRIST,Y_LEFT_WRIST,Z_LEFT_WRIST,X_LEFT_THUMB_CMC,Y_LEFT_THUMB_CMC,Z_LEFT_THUMB_CMC,X_LEFT_THUMB_MCP,Y_LEFT_THUMB_MCP,Z_LEFT_THUMB_MCP,X_LEFT_THUMB_IP,Y_LEFT_THUMB_IP,Z_LEFT_THUMB_IP,X_LEFT_THUMB_TIP,Y_LEFT_THUMB_TIP,Z_LEFT_THUMB_TIP,X_LEFT_INDEX_FINGER_MCP,Y_LEFT_INDEX_FINGER_MCP,Z_LEFT_INDEX_FINGER_MCP,X_LEFT_INDEX_FINGER_PIP,Y_LEFT_INDEX_FINGER_PIP,Z_LEFT_INDEX_FINGER_PIP,X_LEFT_INDEX_FINGER_DIP,Y_LEFT_INDEX_FINGER_DIP,Z_LEFT_INDEX_FINGER_DIP,X_LEFT_INDEX_FINGER_TIP,Y_LEFT_INDEX_FINGER_TIP,Z_LEFT_INDEX_FINGER_TIP,X_LEFT_MIDDLE_FINGER_MCP,Y_LEFT_MIDDLE_FINGER_MCP,Z_LEFT_MIDDLE_FINGER_MCP,X_LEFT_MIDDLE_FINGER_PIP,Y_LEFT_MIDDLE_FINGER_PIP,Z_LEFT_MIDDLE_FINGER_PIP,X_LEFT_MIDDLE_FINGER_DIP,Y_LEFT_MIDDLE_FINGER_DIP,Z_LEFT_MIDDLE_FINGER_DIP,X_LEFT_MIDDLE_FINGER_TIP,Y_LEFT_MIDDLE_FINGER_TIP,Z_LEFT_MIDDLE_FINGER_TIP,X_LEFT_RING_FINGER_MCP,Y_LEFT_RING_FINGER_MCP,Z_LEFT_RING_FINGER_MCP,X_LEFT_RING_FINGER_PIP,Y_LEFT_RING_FINGER_PIP,Z_LEFT_RING_FINGER_PIP,X_LEFT_RING_FINGER_DIP,Y_LEFT_RING_FINGER_DIP,Z_LEFT_RING_FINGER_DIP,X_LEFT_RING_FINGER_TIP,Y_LEFT_RING_FINGER_TIP,Z_LEFT_RING_FINGER_TIP,X_LEFT_PINKY_FINGER_MCP,Y_LEFT_PINKY_FINGER_MCP,Z_LEFT_PINKY_FINGER_MCP,X_LEFT_PINKY_FINGER_PIP,Y_LEFT_PINKY_FINGER_PIP,Z_LEFT_PINKY_FINGER_PIP,X_LEFT_PINKY_FINGER_DIP,Y_LEFT_PINKY_FINGER_DIP,Z_LEFT_PINKY_FINGER_DIP,X_LEFT_PINKY_FINGER_TIP,Y_LEFT_PINKY_FINGER_TIP,Z_LEFT_PINKY_FINGER_TIP,X_RIGHT_WRIST,Y_RIGHT_WRIST,Z_RIGHT_WRIST,X_RIGHT_THUMB_CMC,Y_RIGHT_THUMB_CMC,Z_RIGHT_THUMB_CMC,X_RIGHT_THUMB_MCP,Y_RIGHT_THUMB_MCP,Z_RIGHT_THUMB_MCP,X_RIGHT_THUMB_IP,Y_RIGHT_THUMB_IP,Z_RIGHT_THUMB_IP,X_RIGHT_THUMB_TIP,Y_RIGHT_THUMB_TIP,Z_RIGHT_THUMB_TIP,X_RIGHT_INDEX_FINGER_MCP,Y_RIGHT_INDEX_FINGER_MCP,Z_RIGHT_INDEX_FINGER_MCP,X_RIGHT_INDEX_FINGER_PIP,Y_RIGHT_INDEX_FINGER_PIP,Z_RIGHT_INDEX_FINGER_PIP,X_RIGHT_INDEX_FINGER_DIP,Y_RIGHT_INDEX_FINGER_DIP,Z_RIGHT_INDEX_FINGER_DIP,X_RIGHT_INDEX_FINGER_TIP,Y_RIGHT_INDEX_FINGER_TIP,Z_RIGHT_INDEX_FINGER_TIP,X_RIGHT_MIDDLE_FINGER_MCP,Y_RIGHT_MIDDLE_FINGER_MCP,Z_RIGHT_MIDDLE_FINGER_MCP,X_RIGHT_MIDDLE_FINGER_PIP,Y_RIGHT_MIDDLE_FINGER_PIP,Z_RIGHT_MIDDLE_FINGER_PIP,X_RIGHT_MIDDLE_FINGER_DIP,Y_RIGHT_MIDDLE_FINGER_DIP,Z_RIGHT_MIDDLE_FINGER_DIP,X_RIGHT_MIDDLE_FINGER_TIP,Y_RIGHT_MIDDLE_FINGER_TIP,Z_RIGHT_MIDDLE_FINGER_TIP,X_RIGHT_RING_FINGER_MCP,Y_RIGHT_RING_FINGER_MCP,Z_RIGHT_RING_FINGER_MCP,X_RIGHT_RING_FINGER_PIP,Y_RIGHT_RING_FINGER_PIP,Z_RIGHT_RING_FINGER_PIP,X_RIGHT_RING_FINGER_DIP,Y_RIGHT_RING_FINGER_DIP,Z_RIGHT_RING_FINGER_DIP,X_RIGHT_RING_FINGER_TIP,Y_RIGHT_RING_FINGER_TIP,Z_RIGHT_RING_FINGER_TIP,X_RIGHT_PINKY_FINGER_MCP,Y_RIGHT_PINKY_FINGER_MCP,Z_RIGHT_PINKY_FINGER_MCP,X_RIGHT_PINKY_FINGER_PIP,Y_RIGHT_PINKY_FINGER_PIP,Z_RIGHT_PINKY_FINGER_PIP,X_RIGHT_PINKY_FINGER_DIP,Y_RIGHT_PINKY_FINGER_DIP,Z_RIGHT_PINKY_FINGER_DIP,X_RIGHT_PINKY_FINGER_TIP,Y_RIGHT_PINKY_FINGER_TIP,Z_RIGHT_PINKY_FINGER_TIP
0,nan,nan,nan,nan,nan,nan,nan,nan,nan,nan,nan,nan,nan,nan,nan,nan,nan,nan,nan,nan,nan,nan,nan,nan,nan,nan,nan,nan,nan,nan,nan,nan,nan,nan,nan,nan,nan,nan,nan,nan,nan,nan,nan,nan,nan,nan,nan,nan,nan,nan,nan,nan,nan,nan,nan,nan,nan,nan,nan,nan,nan,nan,nan,nan,nan,nan,nan,nan,nan,nan,nan,nan,nan,nan,nan,nan,nan,nan,nan,nan,nan,nan,nan,nan,nan,nan,nan,nan,nan,nan,nan,nan,nan,nan,nan,nan,nan,nan,nan,nan,nan,nan,nan,nan,nan,nan,nan,nan,nan,nan,nan,nan,nan,nan,nan,nan,nan,nan,nan,nan,nan,nan,nan,nan,nan,nan
16.666666666666668,nan,nan,nan,nan,nan,nan,nan,nan,nan,nan,nan,nan,nan,nan,nan,nan,nan,nan,nan,nan,nan,nan,nan,nan,nan,nan,nan,nan,nan,nan,nan,nan,nan,nan,nan,nan,nan,nan,nan,nan,nan,nan,nan,nan,nan,nan,nan,nan,nan,nan,nan,nan,nan,nan,nan,nan,nan,nan,nan,nan,nan,nan,nan,nan,nan,nan,nan,nan,nan,nan,nan,nan,nan,nan,nan,nan,nan,nan,nan,nan,nan,nan,nan,nan,nan,nan,nan,nan,nan,nan,nan,nan,nan,nan,nan,nan,nan,nan,nan,nan,nan,nan,nan,nan,nan,nan,nan,nan,nan,nan,nan,nan,nan,nan,nan,nan,nan,nan,nan,nan,nan,nan,nan,nan,nan,nan
33.333333333333336,nan,nan,nan,nan,nan,nan,nan,nan,nan,nan,nan,nan,nan,nan,nan,nan,nan,nan,nan,nan,nan,nan,nan,nan,nan,nan,nan,nan,nan,nan,nan,nan,nan,nan,nan,nan,nan,nan,nan,nan,nan,nan,nan,nan,nan,nan,nan,nan,nan,nan,nan,nan,nan,nan,nan,nan,nan,nan,nan,nan,nan,nan,nan,nan,nan,nan,nan,nan,nan,nan,nan,nan,nan,nan,nan,nan,nan,nan,nan,nan,nan,nan,nan,nan,nan,nan,nan,nan,nan,nan,nan,nan,nan,nan,nan,nan,nan,nan,nan,nan,nan,nan,nan,nan,nan,nan,nan,nan,nan,nan,nan,nan,nan,nan,nan,nan,nan,nan,nan,nan,nan,nan,nan,nan,nan,nan
50.0,nan,nan,nan,nan,nan,nan,nan,nan,nan,nan,nan,nan,nan,nan,nan,nan,nan,nan,nan,nan,nan,nan,nan,nan,nan,nan,nan,nan,nan,nan,nan,nan,nan,nan,nan,nan,nan,nan,nan,nan,nan,nan,nan,nan,nan,nan,nan,nan,nan,nan,nan,nan,nan,nan,nan,nan,nan,nan,nan,nan,nan,nan,nan,nan,nan,nan,nan,nan,nan,nan,nan,nan,nan,nan,nan,nan,nan,nan,nan,nan,nan,nan,nan,nan,nan,nan,nan,nan,nan,nan,nan,nan,nan,nan,nan,nan,nan,nan,nan,nan,nan,nan,nan,nan,nan,nan,nan,nan,nan,nan,nan,nan,nan,nan,nan,nan,nan,nan,nan,nan,nan,nan,nan,nan,nan,nan
66.66666666666667,nan,nan,nan,nan,nan,nan,nan,nan,nan,nan,nan,nan,nan,nan,nan,nan,nan,nan,nan,nan,nan,nan,nan,nan,nan,nan,nan,nan,nan,nan,nan,nan,nan,nan,nan,nan,nan,nan,nan,nan,nan,nan,nan,nan,nan,nan,nan,nan,nan,nan,nan,nan,nan,nan,nan,nan,nan,nan,nan,nan,nan,nan,nan,nan,nan,nan,nan,nan,nan,nan,nan,nan,nan,nan,nan,nan,nan,nan,nan,nan,nan,nan,nan,nan,nan,nan,nan,nan,nan,nan,nan,nan,nan,nan,nan,nan,nan,nan,nan,nan,nan,nan,nan,nan,nan,nan,nan,nan,nan,nan,nan,nan,nan,nan,nan,nan,nan,nan,nan,nan,nan,nan,nan,nan,nan,nan
83.33333333333334,nan,nan,nan,nan,nan,nan,nan,nan,nan,nan,nan,nan,nan,nan,nan,nan,nan,nan,nan,nan,nan,nan,nan,nan,nan,nan,nan,nan,nan,nan,nan,nan,nan,nan,nan,nan,nan,nan,nan,nan,nan,nan,nan,nan,nan,nan,nan,nan,nan,nan,nan,nan,nan,nan,nan,nan,nan,nan,nan,nan,nan,nan,nan,nan,nan,nan,nan,nan,nan,nan,nan,nan,nan,nan,nan,nan,nan,nan,nan,nan,nan,nan,nan,nan,nan,nan,nan,nan,nan,nan,nan,nan,nan,nan,nan,nan,nan,nan,nan,nan,nan,nan,nan,nan,nan,nan,nan,nan,nan,nan,nan,nan,nan,nan,nan,nan,nan,nan,nan,nan,nan,nan,nan,nan,nan,nan
100.00000000000001,nan,nan,nan,nan,nan,nan,nan,nan,nan,nan,nan,nan,nan,nan,nan,nan,nan,nan,nan,nan,nan,nan,nan,nan,nan,nan,nan,nan,nan,nan,nan,nan,nan,nan,nan,nan,nan,nan,nan,nan,nan,nan,nan,nan,nan,nan,nan,nan,nan,nan,nan,nan,nan,nan,nan,nan,nan,nan,nan,nan,nan,nan,nan,nan,nan,nan,nan,nan,nan,nan,nan,nan,nan,nan,nan,nan,nan,nan,nan,nan,nan,nan,nan,nan,nan,nan,nan,nan,nan,nan,nan,nan,nan,nan,nan,nan,nan,nan,nan,nan,nan,nan,nan,nan,nan,nan,nan,nan,nan,nan,nan,nan,nan,nan,nan,nan,nan,nan,nan,nan,nan,nan,nan,nan,nan,nan
116.66666666666669,nan,nan,nan,nan,nan,nan,nan,nan,nan,nan,nan,nan,nan,nan,nan,nan,nan,nan,nan,nan,nan,nan,nan,nan,nan,nan,nan,nan,nan,nan,nan,nan,nan,nan,nan,nan,nan,nan,nan,nan,nan,nan,nan,nan,nan,nan,nan,nan,nan,nan,nan,nan,nan,nan,nan,nan,nan,nan,nan,nan,nan,nan,nan,nan,nan,nan,nan,nan,nan,nan,nan,nan,nan,nan,nan,nan,nan,nan,nan,nan,nan,nan,nan,nan,nan,nan,nan,nan,nan,nan,nan,nan,nan,nan,nan,nan,nan,nan,nan,nan,nan,nan,nan,nan,nan,nan,nan,nan,nan,nan,nan,nan,nan,nan,nan,nan,nan,nan,nan,nan,nan,nan,nan,nan,nan,nan
133.33333333333334,nan,nan,nan,nan,nan,nan,nan,nan,nan,nan,nan,nan,nan,nan,nan,nan,nan,nan,nan,nan,nan,nan,nan,nan,nan,nan,nan,nan,nan,nan,nan,nan,nan,nan,nan,nan,nan,nan,nan,nan,nan,nan,nan,nan,nan,nan,nan,nan,nan,nan,nan,nan,nan,nan,nan,nan,nan,nan,nan,nan,nan,nan,nan,nan,nan,nan,nan,nan,nan,nan,nan,nan,nan,nan,nan,nan,nan,nan,nan,nan,nan,nan,nan,nan,nan,nan,nan,nan,nan,nan,nan,nan,nan,nan,nan,nan,nan,nan,nan,nan,nan,nan,nan,nan,nan,nan,nan,nan,nan,nan,nan,nan,nan,nan,nan,nan,nan,nan,nan,nan,nan,nan,nan,nan,nan,nan
150.0,nan,nan,nan,nan,nan,nan,nan,nan,nan,nan,nan,nan,nan,nan,nan,nan,nan,nan,nan,nan,nan,nan,nan,nan,nan,nan,nan,nan,nan,nan,nan,nan,nan,nan,nan,nan,nan,nan,nan,nan,nan,nan,nan,nan,nan,nan,nan,nan,nan,nan,nan,nan,nan,nan,nan,nan,nan,nan,nan,nan,nan,nan,nan,nan,nan,nan,nan,nan,nan,nan,nan,nan,nan,nan,nan,nan,nan,nan,nan,nan,nan,nan,nan,nan,nan,nan,nan,nan,nan,nan,nan,nan,nan,nan,nan,nan,nan,nan,nan,nan,nan,nan,nan,nan,nan,nan,nan,nan,nan,nan,nan,nan,nan,nan,nan,nan,nan,nan,nan,nan,nan,nan,nan,nan,nan,nan
166.66666666666666,nan,nan,nan,nan,nan,nan,nan,nan,nan,nan,nan,nan,nan,nan,nan,nan,nan,nan,nan,nan,nan,nan,nan,nan,nan,nan,nan,nan,nan,nan,nan,nan,nan,nan,nan,nan,nan,nan,nan,nan,nan,nan,nan,nan,nan,nan,nan,nan,nan,nan,nan,nan,nan,nan,nan,nan,nan,nan,nan,nan,nan,nan,nan,nan,nan,nan,nan,nan,nan,nan,nan,nan,nan,nan,nan,nan,nan,nan,nan,nan,nan,nan,nan,nan,nan,nan,nan,nan,nan,nan,nan,nan,nan,nan,nan,nan,nan,nan,nan,nan,nan,nan,nan,nan,nan,nan,nan,nan,nan,nan,nan,nan,nan,nan,nan,nan,nan,nan,nan,nan,nan,nan,nan,nan,nan,nan
183.33333333333331,nan,nan,nan,nan,nan,nan,nan,nan,nan,nan,nan,nan,nan,nan,nan,nan,nan,nan,nan,nan,nan,nan,nan,nan,nan,nan,nan,nan,nan,nan,nan,nan,nan,nan,nan,nan,nan,nan,nan,nan,nan,nan,nan,nan,nan,nan,nan,nan,nan,nan,nan,nan,nan,nan,nan,nan,nan,nan,nan,nan,nan,nan,nan,nan,nan,nan,nan,nan,nan,nan,nan,nan,nan,nan,nan,nan,nan,nan,nan,nan,nan,nan,nan,nan,nan,nan,nan,nan,nan,nan,nan,nan,nan,nan,nan,nan,nan,nan,nan,nan,nan,nan,nan,nan,nan,nan,nan,nan,nan,nan,nan,nan,nan,nan,nan,nan,nan,nan,nan,nan,nan,nan,nan,nan,nan,nan
199.99999999999997,nan,nan,nan,nan,nan,nan,nan,nan,nan,nan,nan,nan,nan,nan,nan,nan,nan,nan,nan,nan,nan,nan,nan,nan,nan,nan,nan,nan,nan,nan,nan,nan,nan,nan,nan,nan,nan,nan,nan,nan,nan,nan,nan,nan,nan,nan,nan,nan,nan,nan,nan,nan,nan,nan,nan,nan,nan,nan,nan,nan,nan,nan,nan,nan,nan,nan,nan,nan,nan,nan,nan,nan,nan,nan,nan,nan,nan,nan,nan,nan,nan,nan,nan,nan,nan,nan,nan,nan,nan,nan,nan,nan,nan,nan,nan,nan,nan,nan,nan,nan,nan,nan,nan,nan,nan,nan,nan,nan,nan,nan,nan,nan,nan,nan,nan,nan,nan,nan,nan,nan,nan,nan,nan,nan,nan,nan
216.66666666666663,nan,nan,nan,nan,nan,nan,nan,nan,nan,nan,nan,nan,nan,nan,nan,nan,nan,nan,nan,nan,nan,nan,nan,nan,nan,nan,nan,nan,nan,nan,nan,nan,nan,nan,nan,nan,nan,nan,nan,nan,nan,nan,nan,nan,nan,nan,nan,nan,nan,nan,nan,nan,nan,nan,nan,nan,nan,nan,nan,nan,nan,nan,nan,nan,nan,nan,nan,nan,nan,nan,nan,nan,nan,nan,nan,nan,nan,nan,nan,nan,nan,nan,nan,nan,nan,nan,nan,nan,nan,nan,nan,nan,nan,nan,nan,nan,nan,nan,nan,nan,nan,nan,nan,nan,nan,nan,nan,nan,nan,nan,nan,nan,nan,nan,nan,nan,nan,nan,nan,nan,nan,nan,nan,nan,nan,nan
233.3333333333333,nan,nan,nan,nan,nan,nan,nan,nan,nan,nan,nan,nan,nan,nan,nan,nan,nan,nan,nan,nan,nan,nan,nan,nan,nan,nan,nan,nan,nan,nan,nan,nan,nan,nan,nan,nan,nan,nan,nan,nan,nan,nan,nan,nan,nan,nan,nan,nan,nan,nan,nan,nan,nan,nan,nan,nan,nan,nan,nan,nan,nan,nan,nan,nan,nan,nan,nan,nan,nan,nan,nan,nan,nan,nan,nan,nan,nan,nan,nan,nan,nan,nan,nan,nan,nan,nan,nan,nan,nan,nan,nan,nan,nan,nan,nan,nan,nan,nan,nan,nan,nan,nan,nan,nan,nan,nan,nan,nan,nan,nan,nan,nan,nan,nan,nan,nan,nan,nan,nan,nan,nan,nan,nan,nan,nan,nan
249.99999999999994,nan,nan,nan,nan,nan,nan,nan,nan,nan,nan,nan,nan,nan,nan,nan,nan,nan,nan,nan,nan,nan,nan,nan,nan,nan,nan,nan,nan,nan,nan,nan,nan,nan,nan,nan,nan,nan,nan,nan,nan,nan,nan,nan,nan,nan,nan,nan,nan,nan,nan,nan,nan,nan,nan,nan,nan,nan,nan,nan,nan,nan,nan,nan,nan,nan,nan,nan,nan,nan,nan,nan,nan,nan,nan,nan,nan,nan,nan,nan,nan,nan,nan,nan,nan,nan,nan,nan,nan,nan,nan,nan,nan,nan,nan,nan,nan,nan,nan,nan,nan,nan,nan,nan,nan,nan,nan,nan,nan,nan,nan,nan,nan,nan,nan,nan,nan,nan,nan,nan,nan,nan,nan,nan,nan,nan,nan
266.66666666666663,nan,nan,nan,nan,nan,nan,nan,nan,nan,nan,nan,nan,nan,nan,nan,nan,nan,nan,nan,nan,nan,nan,nan,nan,nan,nan,nan,nan,nan,nan,nan,nan,nan,nan,nan,nan,nan,nan,nan,nan,nan,nan,nan,nan,nan,nan,nan,nan,nan,nan,nan,nan,nan,nan,nan,nan,nan,nan,nan,nan,nan,nan,nan,nan,nan,nan,nan,nan,nan,nan,nan,nan,nan,nan,nan,nan,nan,nan,nan,nan,nan,nan,nan,nan,nan,nan,nan,nan,nan,nan,nan,nan,nan,nan,nan,nan,nan,nan,nan,nan,nan,nan,nan,nan,nan,nan,nan,nan,nan,nan,nan,nan,nan,nan,nan,nan,nan,nan,nan,nan,nan,nan,nan,nan,nan,nan
283.3333333333333,nan,nan,nan,nan,nan,nan,nan,nan,nan,nan,nan,nan,nan,nan,nan,nan,nan,nan,nan,nan,nan,nan,nan,nan,nan,nan,nan,nan,nan,nan,nan,nan,nan,nan,nan,nan,nan,nan,nan,nan,nan,nan,nan,nan,nan,nan,nan,nan,nan,nan,nan,nan,nan,nan,nan,nan,nan,nan,nan,nan,nan,nan,nan,nan,nan,nan,nan,nan,nan,nan,nan,nan,nan,nan,nan,nan,nan,nan,nan,nan,nan,nan,nan,nan,nan,nan,nan,nan,nan,nan,nan,nan,nan,nan,nan,nan,nan,nan,nan,nan,nan,nan,nan,nan,nan,nan,nan,nan,nan,nan,nan,nan,nan,nan,nan,nan,nan,nan,nan,nan,nan,nan,nan,nan,nan,nan
300.0,nan,nan,nan,nan,nan,nan,nan,nan,nan,nan,nan,nan,nan,nan,nan,nan,nan,nan,nan,nan,nan,nan,nan,nan,nan,nan,nan,nan,nan,nan,nan,nan,nan,nan,nan,nan,nan,nan,nan,nan,nan,nan,nan,nan,nan,nan,nan,nan,nan,nan,nan,nan,nan,nan,nan,nan,nan,nan,nan,nan,nan,nan,nan,nan,nan,nan,nan,nan,nan,nan,nan,nan,nan,nan,nan,nan,nan,nan,nan,nan,nan,nan,nan,nan,nan,nan,nan,nan,nan,nan,nan,nan,nan,nan,nan,nan,nan,nan,nan,nan,nan,nan,nan,nan,nan,nan,nan,nan,nan,nan,nan,nan,nan,nan,nan,nan,nan,nan,nan,nan,nan,nan,nan,nan,nan,nan
316.6666666666667,nan,nan,nan,nan,nan,nan,nan,nan,nan,nan,nan,nan,nan,nan,nan,nan,nan,nan,nan,nan,nan,nan,nan,nan,nan,nan,nan,nan,nan,nan,nan,nan,nan,nan,nan,nan,nan,nan,nan,nan,nan,nan,nan,nan,nan,nan,nan,nan,nan,nan,nan,nan,nan,nan,nan,nan,nan,nan,nan,nan,nan,nan,nan,nan,nan,nan,nan,nan,nan,nan,nan,nan,nan,nan,nan,nan,nan,nan,nan,nan,nan,nan,nan,nan,nan,nan,nan,nan,nan,nan,nan,nan,nan,nan,nan,nan,nan,nan,nan,nan,nan,nan,nan,nan,nan,nan,nan,nan,nan,nan,nan,nan,nan,nan,nan,nan,nan,nan,nan,nan,nan,nan,nan,nan,nan,nan
333.33333333333337,nan,nan,nan,nan,nan,nan,nan,nan,nan,nan,nan,nan,nan,nan,nan,nan,nan,nan,nan,nan,nan,nan,nan,nan,nan,nan,nan,nan,nan,nan,nan,nan,nan,nan,nan,nan,nan,nan,nan,nan,nan,nan,nan,nan,nan,nan,nan,nan,nan,nan,nan,nan,nan,nan,nan,nan,nan,nan,nan,nan,nan,nan,nan,nan,nan,nan,nan,nan,nan,nan,nan,nan,nan,nan,nan,nan,nan,nan,nan,nan,nan,nan,nan,nan,nan,nan,nan,nan,nan,nan,nan,nan,nan,nan,nan,nan,nan,nan,nan,nan,nan,nan,nan,nan,nan,nan,nan,nan,nan,nan,nan,nan,nan,nan,nan,nan,nan,nan,nan,nan,nan,nan,nan,nan,nan,nan
350.00000000000006,nan,nan,nan,nan,nan,nan,nan,nan,nan,nan,nan,nan,nan,nan,nan,nan,nan,nan,nan,nan,nan,nan,nan,nan,nan,nan,nan,nan,nan,nan,nan,nan,nan,nan,nan,nan,nan,nan,nan,nan,nan,nan,nan,nan,nan,nan,nan,nan,nan,nan,nan,nan,nan,nan,nan,nan,nan,nan,nan,nan,nan,nan,nan,nan,nan,nan,nan,nan,nan,nan,nan,nan,nan,nan,nan,nan,nan,nan,nan,nan,nan,nan,nan,nan,nan,nan,nan,nan,nan,nan,nan,nan,nan,nan,nan,nan,nan,nan,nan,nan,nan,nan,nan,nan,nan,nan,nan,nan,nan,nan,nan,nan,nan,nan,nan,nan,nan,nan,nan,nan,nan,nan,nan,nan,nan,nan
366.66666666666674,nan,nan,nan,nan,nan,nan,nan,nan,nan,nan,nan,nan,nan,nan,nan,nan,nan,nan,nan,nan,nan,nan,nan,nan,nan,nan,nan,nan,nan,nan,nan,nan,nan,nan,nan,nan,nan,nan,nan,nan,nan,nan,nan,nan,nan,nan,nan,nan,nan,nan,nan,nan,nan,nan,nan,nan,nan,nan,nan,nan,nan,nan,nan,nan,nan,nan,nan,nan,nan,nan,nan,nan,nan,nan,nan,nan,nan,nan,nan,nan,nan,nan,nan,nan,nan,nan,nan,nan,nan,nan,nan,nan,nan,nan,nan,nan,nan,nan,nan,nan,nan,nan,nan,nan,nan,nan,nan,nan,nan,nan,nan,nan,nan,nan,nan,nan,nan,nan,nan,nan,nan,nan,nan,nan,nan,nan
383.3333333333334,nan,nan,nan,nan,nan,nan,nan,nan,nan,nan,nan,nan,nan,nan,nan,nan,nan,nan,nan,nan,nan,nan,nan,nan,nan,nan,nan,nan,nan,nan,nan,nan,nan,nan,nan,nan,nan,nan,nan,nan,nan,nan,nan,nan,nan,nan,nan,nan,nan,nan,nan,nan,nan,nan,nan,nan,nan,nan,nan,nan,nan,nan,nan,nan,nan,nan,nan,nan,nan,nan,nan,nan,nan,nan,nan,nan,nan,nan,nan,nan,nan,nan,nan,nan,nan,nan,nan,nan,nan,nan,nan,nan,nan,nan,nan,nan,nan,nan,nan,nan,nan,nan,nan,nan,nan,nan,nan,nan,nan,nan,nan,nan,nan,nan,nan,nan,nan,nan,nan,nan,nan,nan,nan,nan,nan,nan
400.0000000000001,nan,nan,nan,nan,nan,nan,nan,nan,nan,nan,nan,nan,nan,nan,nan,nan,nan,nan,nan,nan,nan,nan,nan,nan,nan,nan,nan,nan,nan,nan,nan,nan,nan,nan,nan,nan,nan,nan,nan,nan,nan,nan,nan,nan,nan,nan,nan,nan,nan,nan,nan,nan,nan,nan,nan,nan,nan,nan,nan,nan,nan,nan,nan,nan,nan,nan,nan,nan,nan,nan,nan,nan,nan,nan,nan,nan,nan,nan,nan,nan,nan,nan,nan,nan,nan,nan,nan,nan,nan,nan,nan,nan,nan,nan,nan,nan,nan,nan,nan,nan,nan,nan,nan,nan,nan,nan,nan,nan,nan,nan,nan,nan,nan,nan,nan,nan,nan,nan,nan,nan,nan,nan,nan,nan,nan,nan
416.6666666666668,nan,nan,nan,nan,nan,nan,nan,nan,nan,nan,nan,nan,nan,nan,nan,nan,nan,nan,nan,nan,nan,nan,nan,nan,nan,nan,nan,nan,nan,nan,nan,nan,nan,nan,nan,nan,nan,nan,nan,nan,nan,nan,nan,nan,nan,nan,nan,nan,nan,nan,nan,nan,nan,nan,nan,nan,nan,nan,nan,nan,nan,nan,nan,nan,nan,nan,nan,nan,nan,nan,nan,nan,nan,nan,nan,nan,nan,nan,nan,nan,nan,nan,nan,nan,nan,nan,nan,nan,nan,nan,nan,nan,nan,nan,nan,nan,nan,nan,nan,nan,nan,nan,nan,nan,nan,nan,nan,nan,nan,nan,nan,nan,nan,nan,nan,nan,nan,nan,nan,nan,nan,nan,nan,nan,nan,nan
433.3333333333335,nan,nan,nan,nan,nan,nan,nan,nan,nan,nan,nan,nan,nan,nan,nan,nan,nan,nan,nan,nan,nan,nan,nan,nan,nan,nan,nan,nan,nan,nan,nan,nan,nan,nan,nan,nan,nan,nan,nan,nan,nan,nan,nan,nan,nan,nan,nan,nan,nan,nan,nan,nan,nan,nan,nan,nan,nan,nan,nan,nan,nan,nan,nan,nan,nan,nan,nan,nan,nan,nan,nan,nan,nan,nan,nan,nan,nan,nan,nan,nan,nan,nan,nan,nan,nan,nan,nan,nan,nan,nan,nan,nan,nan,nan,nan,nan,nan,nan,nan,nan,nan,nan,nan,nan,nan,nan,nan,nan,nan,nan,nan,nan,nan,nan,nan,nan,nan,nan,nan,nan,nan,nan,nan,nan,nan,nan
450.00000000000017,nan,nan,nan,nan,nan,nan,nan,nan,nan,nan,nan,nan,nan,nan,nan,nan,nan,nan,nan,nan,nan,nan,nan,nan,nan,nan,nan,nan,nan,nan,nan,nan,nan,nan,nan,nan,nan,nan,nan,nan,nan,nan,nan,nan,nan,nan,nan,nan,nan,nan,nan,nan,nan,nan,nan,nan,nan,nan,nan,nan,nan,nan,nan,nan,nan,nan,nan,nan,nan,nan,nan,nan,nan,nan,nan,nan,nan,nan,nan,nan,nan,nan,nan,nan,nan,nan,nan,nan,nan,nan,nan,nan,nan,nan,nan,nan,nan,nan,nan,nan,nan,nan,nan,nan,nan,nan,nan,nan,nan,nan,nan,nan,nan,nan,nan,nan,nan,nan,nan,nan,nan,nan,nan,nan,nan,nan
466.66666666666686,nan,nan,nan,nan,nan,nan,nan,nan,nan,nan,nan,nan,nan,nan,nan,nan,nan,nan,nan,nan,nan,nan,nan,nan,nan,nan,nan,nan,nan,nan,nan,nan,nan,nan,nan,nan,nan,nan,nan,nan,nan,nan,nan,nan,nan,nan,nan,nan,nan,nan,nan,nan,nan,nan,nan,nan,nan,nan,nan,nan,nan,nan,nan,nan,nan,nan,nan,nan,nan,nan,nan,nan,nan,nan,nan,nan,nan,nan,nan,nan,nan,nan,nan,nan,nan,nan,nan,nan,nan,nan,nan,nan,nan,nan,nan,nan,nan,nan,nan,nan,nan,nan,nan,nan,nan,nan,nan,nan,nan,nan,nan,nan,nan,nan,nan,nan,nan,nan,nan,nan,nan,nan,nan,nan,nan,nan
483.33333333333354,nan,nan,nan,nan,nan,nan,nan,nan,nan,nan,nan,nan,nan,nan,nan,nan,nan,nan,nan,nan,nan,nan,nan,nan,nan,nan,nan,nan,nan,nan,nan,nan,nan,nan,nan,nan,nan,nan,nan,nan,nan,nan,nan,nan,nan,nan,nan,nan,nan,nan,nan,nan,nan,nan,nan,nan,nan,nan,nan,nan,nan,nan,nan,nan,nan,nan,nan,nan,nan,nan,nan,nan,nan,nan,nan,nan,nan,nan,nan,nan,nan,nan,nan,nan,nan,nan,nan,nan,nan,nan,nan,nan,nan,nan,nan,nan,nan,nan,nan,nan,nan,nan,nan,nan,nan,nan,nan,nan,nan,nan,nan,nan,nan,nan,nan,nan,nan,nan,nan,nan,nan,nan,nan,nan,nan,nan
500.0000000000002,nan,nan,nan,nan,nan,nan,nan,nan,nan,nan,nan,nan,nan,nan,nan,nan,nan,nan,nan,nan,nan,nan,nan,nan,nan,nan,nan,nan,nan,nan,nan,nan,nan,nan,nan,nan,nan,nan,nan,nan,nan,nan,nan,nan,nan,nan,nan,nan,nan,nan,nan,nan,nan,nan,nan,nan,nan,nan,nan,nan,nan,nan,nan,nan,nan,nan,nan,nan,nan,nan,nan,nan,nan,nan,nan,nan,nan,nan,nan,nan,nan,nan,nan,nan,nan,nan,nan,nan,nan,nan,nan,nan,nan,nan,nan,nan,nan,nan,nan,nan,nan,nan,nan,nan,nan,nan,nan,nan,nan,nan,nan,nan,nan,nan,nan,nan,nan,nan,nan,nan,nan,nan,nan,nan,nan,nan
516.6666666666669,nan,nan,nan,nan,nan,nan,nan,nan,nan,nan,nan,nan,nan,nan,nan,nan,nan,nan,nan,nan,nan,nan,nan,nan,nan,nan,nan,nan,nan,nan,nan,nan,nan,nan,nan,nan,nan,nan,nan,nan,nan,nan,nan,nan,nan,nan,nan,nan,nan,nan,nan,nan,nan,nan,nan,nan,nan,nan,nan,nan,nan,nan,nan,nan,nan,nan,nan,nan,nan,nan,nan,nan,nan,nan,nan,nan,nan,nan,nan,nan,nan,nan,nan,nan,nan,nan,nan,nan,nan,nan,nan,nan,nan,nan,nan,nan,nan,nan,nan,nan,nan,nan,nan,nan,nan,nan,nan,nan,nan,nan,nan,nan,nan,nan,nan,nan,nan,nan,nan,nan,nan,nan,nan,nan,nan,nan
533.3333333333335,nan,nan,nan,nan,nan,nan,nan,nan,nan,nan,nan,nan,nan,nan,nan,nan,nan,nan,nan,nan,nan,nan,nan,nan,nan,nan,nan,nan,nan,nan,nan,nan,nan,nan,nan,nan,nan,nan,nan,nan,nan,nan,nan,nan,nan,nan,nan,nan,nan,nan,nan,nan,nan,nan,nan,nan,nan,nan,nan,nan,nan,nan,nan,nan,nan,nan,nan,nan,nan,nan,nan,nan,nan,nan,nan,nan,nan,nan,nan,nan,nan,nan,nan,nan,nan,nan,nan,nan,nan,nan,nan,nan,nan,nan,nan,nan,nan,nan,nan,nan,nan,nan,nan,nan,nan,nan,nan,nan,nan,nan,nan,nan,nan,nan,nan,nan,nan,nan,nan,nan,nan,nan,nan,nan,nan,nan
550.0000000000001,nan,nan,nan,nan,nan,nan,nan,nan,nan,nan,nan,nan,nan,nan,nan,nan,nan,nan,nan,nan,nan,nan,nan,nan,nan,nan,nan,nan,nan,nan,nan,nan,nan,nan,nan,nan,nan,nan,nan,nan,nan,nan,nan,nan,nan,nan,nan,nan,nan,nan,nan,nan,nan,nan,nan,nan,nan,nan,nan,nan,nan,nan,nan,nan,nan,nan,nan,nan,nan,nan,nan,nan,nan,nan,nan,nan,nan,nan,nan,nan,nan,nan,nan,nan,nan,nan,nan,nan,nan,nan,nan,nan,nan,nan,nan,nan,nan,nan,nan,nan,nan,nan,nan,nan,nan,nan,nan,nan,nan,nan,nan,nan,nan,nan,nan,nan,nan,nan,nan,nan,nan,nan,nan,nan,nan,nan
566.6666666666667,nan,nan,nan,nan,nan,nan,nan,nan,nan,nan,nan,nan,nan,nan,nan,nan,nan,nan,nan,nan,nan,nan,nan,nan,nan,nan,nan,nan,nan,nan,nan,nan,nan,nan,nan,nan,nan,nan,nan,nan,nan,nan,nan,nan,nan,nan,nan,nan,nan,nan,nan,nan,nan,nan,nan,nan,nan,nan,nan,nan,nan,nan,nan,nan,nan,nan,nan,nan,nan,nan,nan,nan,nan,nan,nan,nan,nan,nan,nan,nan,nan,nan,nan,nan,nan,nan,nan,nan,nan,nan,nan,nan,nan,nan,nan,nan,nan,nan,nan,nan,nan,nan,nan,nan,nan,nan,nan,nan,nan,nan,nan,nan,nan,nan,nan,nan,nan,nan,nan,nan,nan,nan,nan,nan,nan,nan
583.3333333333334,nan,nan,nan,nan,nan,nan,nan,nan,nan,nan,nan,nan,nan,nan,nan,nan,nan,nan,nan,nan,nan,nan,nan,nan,nan,nan,nan,nan,nan,nan,nan,nan,nan,nan,nan,nan,nan,nan,nan,nan,nan,nan,nan,nan,nan,nan,nan,nan,nan,nan,nan,nan,nan,nan,nan,nan,nan,nan,nan,nan,nan,nan,nan,nan,nan,nan,nan,nan,nan,nan,nan,nan,nan,nan,nan,nan,nan,nan,nan,nan,nan,nan,nan,nan,nan,nan,nan,nan,nan,nan,nan,nan,nan,nan,nan,nan,nan,nan,nan,nan,nan,nan,nan,nan,nan,nan,nan,nan,nan,nan,nan,nan,nan,nan,nan,nan,nan,nan,nan,nan,nan,nan,nan,nan,nan,nan
600.0,nan,nan,nan,nan,nan,nan,nan,nan,nan,nan,nan,nan,nan,nan,nan,nan,nan,nan,nan,nan,nan,nan,nan,nan,nan,nan,nan,nan,nan,nan,nan,nan,nan,nan,nan,nan,nan,nan,nan,nan,nan,nan,nan,nan,nan,nan,nan,nan,nan,nan,nan,nan,nan,nan,nan,nan,nan,nan,nan,nan,nan,nan,nan,nan,nan,nan,nan,nan,nan,nan,nan,nan,nan,nan,nan,nan,nan,nan,nan,nan,nan,nan,nan,nan,nan,nan,nan,nan,nan,nan,nan,nan,nan,nan,nan,nan,nan,nan,nan,nan,nan,nan,nan,nan,nan,nan,nan,nan,nan,nan,nan,nan,nan,nan,nan,nan,nan,nan,nan,nan,nan,nan,nan,nan,nan,nan
616.6666666666666,nan,nan,nan,nan,nan,nan,nan,nan,nan,nan,nan,nan,nan,nan,nan,nan,nan,nan,nan,nan,nan,nan,nan,nan,nan,nan,nan,nan,nan,nan,nan,nan,nan,nan,nan,nan,nan,nan,nan,nan,nan,nan,nan,nan,nan,nan,nan,nan,nan,nan,nan,nan,nan,nan,nan,nan,nan,nan,nan,nan,nan,nan,nan,nan,nan,nan,nan,nan,nan,nan,nan,nan,nan,nan,nan,nan,nan,nan,nan,nan,nan,nan,nan,nan,nan,nan,nan,nan,nan,nan,nan,nan,nan,nan,nan,nan,nan,nan,nan,nan,nan,nan,nan,nan,nan,nan,nan,nan,nan,nan,nan,nan,nan,nan,nan,nan,nan,nan,nan,nan,nan,nan,nan,nan,nan,nan
633.3333333333333,nan,nan,nan,nan,nan,nan,nan,nan,nan,nan,nan,nan,nan,nan,nan,nan,nan,nan,nan,nan,nan,nan,nan,nan,nan,nan,nan,nan,nan,nan,nan,nan,nan,nan,nan,nan,nan,nan,nan,nan,nan,nan,nan,nan,nan,nan,nan,nan,nan,nan,nan,nan,nan,nan,nan,nan,nan,nan,nan,nan,nan,nan,nan,nan,nan,nan,nan,nan,nan,nan,nan,nan,nan,nan,nan,nan,nan,nan,nan,nan,nan,nan,nan,nan,nan,nan,nan,nan,nan,nan,nan,nan,nan,nan,nan,nan,nan,nan,nan,nan,nan,nan,nan,nan,nan,nan,nan,nan,nan,nan,nan,nan,nan,nan,nan,nan,nan,nan,nan,nan,nan,nan,nan,nan,nan,nan
649.9999999999999,nan,nan,nan,nan,nan,nan,nan,nan,nan,nan,nan,nan,nan,nan,nan,nan,nan,nan,nan,nan,nan,nan,nan,nan,nan,nan,nan,nan,nan,nan,nan,nan,nan,nan,nan,nan,nan,nan,nan,nan,nan,nan,nan,nan,nan,nan,nan,nan,nan,nan,nan,nan,nan,nan,nan,nan,nan,nan,nan,nan,nan,nan,nan,nan,nan,nan,nan,nan,nan,nan,nan,nan,nan,nan,nan,nan,nan,nan,nan,nan,nan,nan,nan,nan,nan,nan,nan,nan,nan,nan,nan,nan,nan,nan,nan,nan,nan,nan,nan,nan,nan,nan,nan,nan,nan,nan,nan,nan,nan,nan,nan,nan,nan,nan,nan,nan,nan,nan,nan,nan,nan,nan,nan,nan,nan,nan
666.6666666666665,nan,nan,nan,nan,nan,nan,nan,nan,nan,nan,nan,nan,nan,nan,nan,nan,nan,nan,nan,nan,nan,nan,nan,nan,nan,nan,nan,nan,nan,nan,nan,nan,nan,nan,nan,nan,nan,nan,nan,nan,nan,nan,nan,nan,nan,nan,nan,nan,nan,nan,nan,nan,nan,nan,nan,nan,nan,nan,nan,nan,nan,nan,nan,nan,nan,nan,nan,nan,nan,nan,nan,nan,nan,nan,nan,nan,nan,nan,nan,nan,nan,nan,nan,nan,nan,nan,nan,nan,nan,nan,nan,nan,nan,nan,nan,nan,nan,nan,nan,nan,nan,nan,nan,nan,nan,nan,nan,nan,nan,nan,nan,nan,nan,nan,nan,nan,nan,nan,nan,nan,nan,nan,nan,nan,nan,nan
683.3333333333331,nan,nan,nan,nan,nan,nan,nan,nan,nan,nan,nan,nan,nan,nan,nan,nan,nan,nan,nan,nan,nan,nan,nan,nan,nan,nan,nan,nan,nan,nan,nan,nan,nan,nan,nan,nan,nan,nan,nan,nan,nan,nan,nan,nan,nan,nan,nan,nan,nan,nan,nan,nan,nan,nan,nan,nan,nan,nan,nan,nan,nan,nan,nan,nan,nan,nan,nan,nan,nan,nan,nan,nan,nan,nan,nan,nan,nan,nan,nan,nan,nan,nan,nan,nan,nan,nan,nan,nan,nan,nan,nan,nan,nan,nan,nan,nan,nan,nan,nan,nan,nan,nan,nan,nan,nan,nan,nan,nan,nan,nan,nan,nan,nan,nan,nan,nan,nan,nan,nan,nan,nan,nan,nan,nan,nan,nan
699.9999999999998,nan,nan,nan,nan,nan,nan,nan,nan,nan,nan,nan,nan,nan,nan,nan,nan,nan,nan,nan,nan,nan,nan,nan,nan,nan,nan,nan,nan,nan,nan,nan,nan,nan,nan,nan,nan,nan,nan,nan,nan,nan,nan,nan,nan,nan,nan,nan,nan,nan,nan,nan,nan,nan,nan,nan,nan,nan,nan,nan,nan,nan,nan,nan,nan,nan,nan,nan,nan,nan,nan,nan,nan,nan,nan,nan,nan,nan,nan,nan,nan,nan,nan,nan,nan,nan,nan,nan,nan,nan,nan,nan,nan,nan,nan,nan,nan,nan,nan,nan,nan,nan,nan,nan,nan,nan,nan,nan,nan,nan,nan,nan,nan,nan,nan,nan,nan,nan,nan,nan,nan,nan,nan,nan,nan,nan,nan
716.6666666666664,nan,nan,nan,nan,nan,nan,nan,nan,nan,nan,nan,nan,nan,nan,nan,nan,nan,nan,nan,nan,nan,nan,nan,nan,nan,nan,nan,nan,nan,nan,nan,nan,nan,nan,nan,nan,nan,nan,nan,nan,nan,nan,nan,nan,nan,nan,nan,nan,nan,nan,nan,nan,nan,nan,nan,nan,nan,nan,nan,nan,nan,nan,nan,nan,nan,nan,nan,nan,nan,nan,nan,nan,nan,nan,nan,nan,nan,nan,nan,nan,nan,nan,nan,nan,nan,nan,nan,nan,nan,nan,nan,nan,nan,nan,nan,nan,nan,nan,nan,nan,nan,nan,nan,nan,nan,nan,nan,nan,nan,nan,nan,nan,nan,nan,nan,nan,nan,nan,nan,nan,nan,nan,nan,nan,nan,nan
733.333333333333,nan,nan,nan,nan,nan,nan,nan,nan,nan,nan,nan,nan,nan,nan,nan,nan,nan,nan,nan,nan,nan,nan,nan,nan,nan,nan,nan,nan,nan,nan,nan,nan,nan,nan,nan,nan,nan,nan,nan,nan,nan,nan,nan,nan,nan,nan,nan,nan,nan,nan,nan,nan,nan,nan,nan,nan,nan,nan,nan,nan,nan,nan,nan,nan,nan,nan,nan,nan,nan,nan,nan,nan,nan,nan,nan,nan,nan,nan,nan,nan,nan,nan,nan,nan,nan,nan,nan,nan,nan,nan,nan,nan,nan,nan,nan,nan,nan,nan,nan,nan,nan,nan,nan,nan,nan,nan,nan,nan,nan,nan,nan,nan,nan,nan,nan,nan,nan,nan,nan,nan,nan,nan,nan,nan,nan,nan
749.9999999999997,nan,nan,nan,nan,nan,nan,nan,nan,nan,nan,nan,nan,nan,nan,nan,nan,nan,nan,nan,nan,nan,nan,nan,nan,nan,nan,nan,nan,nan,nan,nan,nan,nan,nan,nan,nan,nan,nan,nan,nan,nan,nan,nan,nan,nan,nan,nan,nan,nan,nan,nan,nan,nan,nan,nan,nan,nan,nan,nan,nan,nan,nan,nan,nan,nan,nan,nan,nan,nan,nan,nan,nan,nan,nan,nan,nan,nan,nan,nan,nan,nan,nan,nan,nan,nan,nan,nan,nan,nan,nan,nan,nan,nan,nan,nan,nan,nan,nan,nan,nan,nan,nan,nan,nan,nan,nan,nan,nan,nan,nan,nan,nan,nan,nan,nan,nan,nan,nan,nan,nan,nan,nan,nan,nan,nan,nan
766.6666666666663,nan,nan,nan,nan,nan,nan,nan,nan,nan,nan,nan,nan,nan,nan,nan,nan,nan,nan,nan,nan,nan,nan,nan,nan,nan,nan,nan,nan,nan,nan,nan,nan,nan,nan,nan,nan,nan,nan,nan,nan,nan,nan,nan,nan,nan,nan,nan,nan,nan,nan,nan,nan,nan,nan,nan,nan,nan,nan,nan,nan,nan,nan,nan,nan,nan,nan,nan,nan,nan,nan,nan,nan,nan,nan,nan,nan,nan,nan,nan,nan,nan,nan,nan,nan,nan,nan,nan,nan,nan,nan,nan,nan,nan,nan,nan,nan,nan,nan,nan,nan,nan,nan,nan,nan,nan,nan,nan,nan,nan,nan,nan,nan,nan,nan,nan,nan,nan,nan,nan,nan,nan,nan,nan,nan,nan,nan
783.3333333333329,nan,nan,nan,nan,nan,nan,nan,nan,nan,nan,nan,nan,nan,nan,nan,nan,nan,nan,nan,nan,nan,nan,nan,nan,nan,nan,nan,nan,nan,nan,nan,nan,nan,nan,nan,nan,nan,nan,nan,nan,nan,nan,nan,nan,nan,nan,nan,nan,nan,nan,nan,nan,nan,nan,nan,nan,nan,nan,nan,nan,nan,nan,nan,nan,nan,nan,nan,nan,nan,nan,nan,nan,nan,nan,nan,nan,nan,nan,nan,nan,nan,nan,nan,nan,nan,nan,nan,nan,nan,nan,nan,nan,nan,nan,nan,nan,nan,nan,nan,nan,nan,nan,nan,nan,nan,nan,nan,nan,nan,nan,nan,nan,nan,nan,nan,nan,nan,nan,nan,nan,nan,nan,nan,nan,nan,nan
799.9999999999995,nan,nan,nan,nan,nan,nan,nan,nan,nan,nan,nan,nan,nan,nan,nan,nan,nan,nan,nan,nan,nan,nan,nan,nan,nan,nan,nan,nan,nan,nan,nan,nan,nan,nan,nan,nan,nan,nan,nan,nan,nan,nan,nan,nan,nan,nan,nan,nan,nan,nan,nan,nan,nan,nan,nan,nan,nan,nan,nan,nan,nan,nan,nan,nan,nan,nan,nan,nan,nan,nan,nan,nan,nan,nan,nan,nan,nan,nan,nan,nan,nan,nan,nan,nan,nan,nan,nan,nan,nan,nan,nan,nan,nan,nan,nan,nan,nan,nan,nan,nan,nan,nan,nan,nan,nan,nan,nan,nan,nan,nan,nan,nan,nan,nan,nan,nan,nan,nan,nan,nan,nan,nan,nan,nan,nan,nan
816.6666666666662,nan,nan,nan,nan,nan,nan,nan,nan,nan,nan,nan,nan,nan,nan,nan,nan,nan,nan,nan,nan,nan,nan,nan,nan,nan,nan,nan,nan,nan,nan,nan,nan,nan,nan,nan,nan,nan,nan,nan,nan,nan,nan,nan,nan,nan,nan,nan,nan,nan,nan,nan,nan,nan,nan,nan,nan,nan,nan,nan,nan,nan,nan,nan,nan,nan,nan,nan,nan,nan,nan,nan,nan,nan,nan,nan,nan,nan,nan,nan,nan,nan,nan,nan,nan,nan,nan,nan,nan,nan,nan,nan,nan,nan,nan,nan,nan,nan,nan,nan,nan,nan,nan,nan,nan,nan,nan,nan,nan,nan,nan,nan,nan,nan,nan,nan,nan,nan,nan,nan,nan,nan,nan,nan,nan,nan,nan
833.3333333333328,nan,nan,nan,nan,nan,nan,nan,nan,nan,nan,nan,nan,nan,nan,nan,nan,nan,nan,nan,nan,nan,nan,nan,nan,nan,nan,nan,nan,nan,nan,nan,nan,nan,nan,nan,nan,nan,nan,nan,nan,nan,nan,nan,nan,nan,nan,nan,nan,nan,nan,nan,nan,nan,nan,nan,nan,nan,nan,nan,nan,nan,nan,nan,nan,nan,nan,nan,nan,nan,nan,nan,nan,nan,nan,nan,nan,nan,nan,nan,nan,nan,nan,nan,nan,nan,nan,nan,nan,nan,nan,nan,nan,nan,nan,nan,nan,nan,nan,nan,nan,nan,nan,nan,nan,nan,nan,nan,nan,nan,nan,nan,nan,nan,nan,nan,nan,nan,nan,nan,nan,nan,nan,nan,nan,nan,nan
849.9999999999994,nan,nan,nan,nan,nan,nan,nan,nan,nan,nan,nan,nan,nan,nan,nan,nan,nan,nan,nan,nan,nan,nan,nan,nan,nan,nan,nan,nan,nan,nan,nan,nan,nan,nan,nan,nan,nan,nan,nan,nan,nan,nan,nan,nan,nan,nan,nan,nan,nan,nan,nan,nan,nan,nan,nan,nan,nan,nan,nan,nan,nan,nan,nan,nan,nan,nan,nan,nan,nan,nan,nan,nan,nan,nan,nan,nan,nan,nan,nan,nan,nan,nan,nan,nan,nan,nan,nan,nan,nan,nan,nan,nan,nan,nan,nan,nan,nan,nan,nan,nan,nan,nan,nan,nan,nan,nan,nan,nan,nan,nan,nan,nan,nan,nan,nan,nan,nan,nan,nan,nan,nan,nan,nan,nan,nan,nan
866.6666666666661,nan,nan,nan,nan,nan,nan,nan,nan,nan,nan,nan,nan,nan,nan,nan,nan,nan,nan,nan,nan,nan,nan,nan,nan,nan,nan,nan,nan,nan,nan,nan,nan,nan,nan,nan,nan,nan,nan,nan,nan,nan,nan,nan,nan,nan,nan,nan,nan,nan,nan,nan,nan,nan,nan,nan,nan,nan,nan,nan,nan,nan,nan,nan,nan,nan,nan,nan,nan,nan,nan,nan,nan,nan,nan,nan,nan,nan,nan,nan,nan,nan,nan,nan,nan,nan,nan,nan,nan,nan,nan,nan,nan,nan,nan,nan,nan,nan,nan,nan,nan,nan,nan,nan,nan,nan,nan,nan,nan,nan,nan,nan,nan,nan,nan,nan,nan,nan,nan,nan,nan,nan,nan,nan,nan,nan,nan
883.3333333333327,nan,nan,nan,nan,nan,nan,nan,nan,nan,nan,nan,nan,nan,nan,nan,nan,nan,nan,nan,nan,nan,nan,nan,nan,nan,nan,nan,nan,nan,nan,nan,nan,nan,nan,nan,nan,nan,nan,nan,nan,nan,nan,nan,nan,nan,nan,nan,nan,nan,nan,nan,nan,nan,nan,nan,nan,nan,nan,nan,nan,nan,nan,nan,nan,nan,nan,nan,nan,nan,nan,nan,nan,nan,nan,nan,nan,nan,nan,nan,nan,nan,nan,nan,nan,nan,nan,nan,nan,nan,nan,nan,nan,nan,nan,nan,nan,nan,nan,nan,nan,nan,nan,nan,nan,nan,nan,nan,nan,nan,nan,nan,nan,nan,nan,nan,nan,nan,nan,nan,nan,nan,nan,nan,nan,nan,nan
899.9999999999993,nan,nan,nan,nan,nan,nan,nan,nan,nan,nan,nan,nan,nan,nan,nan,nan,nan,nan,nan,nan,nan,nan,nan,nan,nan,nan,nan,nan,nan,nan,nan,nan,nan,nan,nan,nan,nan,nan,nan,nan,nan,nan,nan,nan,nan,nan,nan,nan,nan,nan,nan,nan,nan,nan,nan,nan,nan,nan,nan,nan,nan,nan,nan,nan,nan,nan,nan,nan,nan,nan,nan,nan,nan,nan,nan,nan,nan,nan,nan,nan,nan,nan,nan,nan,nan,nan,nan,nan,nan,nan,nan,nan,nan,nan,nan,nan,nan,nan,nan,nan,nan,nan,nan,nan,nan,nan,nan,nan,nan,nan,nan,nan,nan,nan,nan,nan,nan,nan,nan,nan,nan,nan,nan,nan,nan,nan
916.666666666666,nan,nan,nan,nan,nan,nan,nan,nan,nan,nan,nan,nan,nan,nan,nan,nan,nan,nan,nan,nan,nan,nan,nan,nan,nan,nan,nan,nan,nan,nan,nan,nan,nan,nan,nan,nan,nan,nan,nan,nan,nan,nan,nan,nan,nan,nan,nan,nan,nan,nan,nan,nan,nan,nan,nan,nan,nan,nan,nan,nan,nan,nan,nan,nan,nan,nan,nan,nan,nan,nan,nan,nan,nan,nan,nan,nan,nan,nan,nan,nan,nan,nan,nan,nan,nan,nan,nan,nan,nan,nan,nan,nan,nan,nan,nan,nan,nan,nan,nan,nan,nan,nan,nan,nan,nan,nan,nan,nan,nan,nan,nan,nan,nan,nan,nan,nan,nan,nan,nan,nan,nan,nan,nan,nan,nan,nan
933.3333333333326,nan,nan,nan,nan,nan,nan,nan,nan,nan,nan,nan,nan,nan,nan,nan,nan,nan,nan,nan,nan,nan,nan,nan,nan,nan,nan,nan,nan,nan,nan,nan,nan,nan,nan,nan,nan,nan,nan,nan,nan,nan,nan,nan,nan,nan,nan,nan,nan,nan,nan,nan,nan,nan,nan,nan,nan,nan,nan,nan,nan,nan,nan,nan,nan,nan,nan,nan,nan,nan,nan,nan,nan,nan,nan,nan,nan,nan,nan,nan,nan,nan,nan,nan,nan,nan,nan,nan,nan,nan,nan,nan,nan,nan,nan,nan,nan,nan,nan,nan,nan,nan,nan,nan,nan,nan,nan,nan,nan,nan,nan,nan,nan,nan,nan,nan,nan,nan,nan,nan,nan,nan,nan,nan,nan,nan,nan
949.9999999999992,nan,nan,nan,nan,nan,nan,nan,nan,nan,nan,nan,nan,nan,nan,nan,nan,nan,nan,nan,nan,nan,nan,nan,nan,nan,nan,nan,nan,nan,nan,nan,nan,nan,nan,nan,nan,nan,nan,nan,nan,nan,nan,nan,nan,nan,nan,nan,nan,nan,nan,nan,nan,nan,nan,nan,nan,nan,nan,nan,nan,nan,nan,nan,nan,nan,nan,nan,nan,nan,nan,nan,nan,nan,nan,nan,nan,nan,nan,nan,nan,nan,nan,nan,nan,nan,nan,nan,nan,nan,nan,nan,nan,nan,nan,nan,nan,nan,nan,nan,nan,nan,nan,nan,nan,nan,nan,nan,nan,nan,nan,nan,nan,nan,nan,nan,nan,nan,nan,nan,nan,nan,nan,nan,nan,nan,nan
966.6666666666658,nan,nan,nan,nan,nan,nan,nan,nan,nan,nan,nan,nan,nan,nan,nan,nan,nan,nan,nan,nan,nan,nan,nan,nan,nan,nan,nan,nan,nan,nan,nan,nan,nan,nan,nan,nan,nan,nan,nan,nan,nan,nan,nan,nan,nan,nan,nan,nan,nan,nan,nan,nan,nan,nan,nan,nan,nan,nan,nan,nan,nan,nan,nan,nan,nan,nan,nan,nan,nan,nan,nan,nan,nan,nan,nan,nan,nan,nan,nan,nan,nan,nan,nan,nan,nan,nan,nan,nan,nan,nan,nan,nan,nan,nan,nan,nan,nan,nan,nan,nan,nan,nan,nan,nan,nan,nan,nan,nan,nan,nan,nan,nan,nan,nan,nan,nan,nan,nan,nan,nan,nan,nan,nan,nan,nan,nan
983.3333333333325,nan,nan,nan,nan,nan,nan,nan,nan,nan,nan,nan,nan,nan,nan,nan,nan,nan,nan,nan,nan,nan,nan,nan,nan,nan,nan,nan,nan,nan,nan,nan,nan,nan,nan,nan,nan,nan,nan,nan,nan,nan,nan,nan,nan,nan,nan,nan,nan,nan,nan,nan,nan,nan,nan,nan,nan,nan,nan,nan,nan,nan,nan,nan,nan,nan,nan,nan,nan,nan,nan,nan,nan,nan,nan,nan,nan,nan,nan,nan,nan,nan,nan,nan,nan,nan,nan,nan,nan,nan,nan,nan,nan,nan,nan,nan,nan,nan,nan,nan,nan,nan,nan,nan,nan,nan,nan,nan,nan,nan,nan,nan,nan,nan,nan,nan,nan,nan,nan,nan,nan,nan,nan,nan,nan,nan,nan
999.9999999999991,nan,nan,nan,nan,nan,nan,nan,nan,nan,nan,nan,nan,nan,nan,nan,nan,nan,nan,nan,nan,nan,nan,nan,nan,nan,nan,nan,nan,nan,nan,nan,nan,nan,nan,nan,nan,nan,nan,nan,nan,nan,nan,nan,nan,nan,nan,nan,nan,nan,nan,nan,nan,nan,nan,nan,nan,nan,nan,nan,nan,nan,nan,nan,nan,nan,nan,nan,nan,nan,nan,nan,nan,nan,nan,nan,nan,nan,nan,nan,nan,nan,nan,nan,nan,nan,nan,nan,nan,nan,nan,nan,nan,nan,nan,nan,nan,nan,nan,nan,nan,nan,nan,nan,nan,nan,nan,nan,nan,nan,nan,nan,nan,nan,nan,nan,nan,nan,nan,nan,nan,nan,nan,nan,nan,nan,nan
1016.6666666666657,nan,nan,nan,nan,nan,nan,nan,nan,nan,nan,nan,nan,nan,nan,nan,nan,nan,nan,nan,nan,nan,nan,nan,nan,nan,nan,nan,nan,nan,nan,nan,nan,nan,nan,nan,nan,nan,nan,nan,nan,nan,nan,nan,nan,nan,nan,nan,nan,nan,nan,nan,nan,nan,nan,nan,nan,nan,nan,nan,nan,nan,nan,nan,nan,nan,nan,nan,nan,nan,nan,nan,nan,nan,nan,nan,nan,nan,nan,nan,nan,nan,nan,nan,nan,nan,nan,nan,nan,nan,nan,nan,nan,nan,nan,nan,nan,nan,nan,nan,nan,nan,nan,nan,nan,nan,nan,nan,nan,nan,nan,nan,nan,nan,nan,nan,nan,nan,nan,nan,nan,nan,nan,nan,nan,nan,nan
1033.3333333333323,nan,nan,nan,nan,nan,nan,nan,nan,nan,nan,nan,nan,nan,nan,nan,nan,nan,nan,nan,nan,nan,nan,nan,nan,nan,nan,nan,nan,nan,nan,nan,nan,nan,nan,nan,nan,nan,nan,nan,nan,nan,nan,nan,nan,nan,nan,nan,nan,nan,nan,nan,nan,nan,nan,nan,nan,nan,nan,nan,nan,nan,nan,nan,nan,nan,nan,nan,nan,nan,nan,nan,nan,nan,nan,nan,nan,nan,nan,nan,nan,nan,nan,nan,nan,nan,nan,nan,nan,nan,nan,nan,nan,nan,nan,nan,nan,nan,nan,nan,nan,nan,nan,nan,nan,nan,nan,nan,nan,nan,nan,nan,nan,nan,nan,nan,nan,nan,nan,nan,nan,nan,nan,nan,nan,nan,nan
1049.999999999999,nan,nan,nan,nan,nan,nan,nan,nan,nan,nan,nan,nan,nan,nan,nan,nan,nan,nan,nan,nan,nan,nan,nan,nan,nan,nan,nan,nan,nan,nan,nan,nan,nan,nan,nan,nan,nan,nan,nan,nan,nan,nan,nan,nan,nan,nan,nan,nan,nan,nan,nan,nan,nan,nan,nan,nan,nan,nan,nan,nan,nan,nan,nan,nan,nan,nan,nan,nan,nan,nan,nan,nan,nan,nan,nan,nan,nan,nan,nan,nan,nan,nan,nan,nan,nan,nan,nan,nan,nan,nan,nan,nan,nan,nan,nan,nan,nan,nan,nan,nan,nan,nan,nan,nan,nan,nan,nan,nan,nan,nan,nan,nan,nan,nan,nan,nan,nan,nan,nan,nan,nan,nan,nan,nan,nan,nan
1066.6666666666658,nan,nan,nan,nan,nan,nan,nan,nan,nan,nan,nan,nan,nan,nan,nan,nan,nan,nan,nan,nan,nan,nan,nan,nan,nan,nan,nan,nan,nan,nan,nan,nan,nan,nan,nan,nan,nan,nan,nan,nan,nan,nan,nan,nan,nan,nan,nan,nan,nan,nan,nan,nan,nan,nan,nan,nan,nan,nan,nan,nan,nan,nan,nan,nan,nan,nan,nan,nan,nan,nan,nan,nan,nan,nan,nan,nan,nan,nan,nan,nan,nan,nan,nan,nan,nan,nan,nan,nan,nan,nan,nan,nan,nan,nan,nan,nan,nan,nan,nan,nan,nan,nan,nan,nan,nan,nan,nan,nan,nan,nan,nan,nan,nan,nan,nan,nan,nan,nan,nan,nan,nan,nan,nan,nan,nan,nan
1083.3333333333326,nan,nan,nan,nan,nan,nan,nan,nan,nan,nan,nan,nan,nan,nan,nan,nan,nan,nan,nan,nan,nan,nan,nan,nan,nan,nan,nan,nan,nan,nan,nan,nan,nan,nan,nan,nan,nan,nan,nan,nan,nan,nan,nan,nan,nan,nan,nan,nan,nan,nan,nan,nan,nan,nan,nan,nan,nan,nan,nan,nan,nan,nan,nan,nan,nan,nan,nan,nan,nan,nan,nan,nan,nan,nan,nan,nan,nan,nan,nan,nan,nan,nan,nan,nan,nan,nan,nan,nan,nan,nan,nan,nan,nan,nan,nan,nan,nan,nan,nan,nan,nan,nan,nan,nan,nan,nan,nan,nan,nan,nan,nan,nan,nan,nan,nan,nan,nan,nan,nan,nan,nan,nan,nan,nan,nan,nan
1099.9999999999993,nan,nan,nan,nan,nan,nan,nan,nan,nan,nan,nan,nan,nan,nan,nan,nan,nan,nan,nan,nan,nan,nan,nan,nan,nan,nan,nan,nan,nan,nan,nan,nan,nan,nan,nan,nan,nan,nan,nan,nan,nan,nan,nan,nan,nan,nan,nan,nan,nan,nan,nan,nan,nan,nan,nan,nan,nan,nan,nan,nan,nan,nan,nan,nan,nan,nan,nan,nan,nan,nan,nan,nan,nan,nan,nan,nan,nan,nan,nan,nan,nan,nan,nan,nan,nan,nan,nan,nan,nan,nan,nan,nan,nan,nan,nan,nan,nan,nan,nan,nan,nan,nan,nan,nan,nan,nan,nan,nan,nan,nan,nan,nan,nan,nan,nan,nan,nan,nan,nan,nan,nan,nan,nan,nan,nan,nan
1116.666666666666,nan,nan,nan,nan,nan,nan,nan,nan,nan,nan,nan,nan,nan,nan,nan,nan,nan,nan,nan,nan,nan,nan,nan,nan,nan,nan,nan,nan,nan,nan,nan,nan,nan,nan,nan,nan,nan,nan,nan,nan,nan,nan,nan,nan,nan,nan,nan,nan,nan,nan,nan,nan,nan,nan,nan,nan,nan,nan,nan,nan,nan,nan,nan,nan,nan,nan,nan,nan,nan,nan,nan,nan,nan,nan,nan,nan,nan,nan,nan,nan,nan,nan,nan,nan,nan,nan,nan,nan,nan,nan,nan,nan,nan,nan,nan,nan,nan,nan,nan,nan,nan,nan,nan,nan,nan,nan,nan,nan,nan,nan,nan,nan,nan,nan,nan,nan,nan,nan,nan,nan,nan,nan,nan,nan,nan,nan
1133.3333333333328,nan,nan,nan,nan,nan,nan,nan,nan,nan,nan,nan,nan,nan,nan,nan,nan,nan,nan,nan,nan,nan,nan,nan,nan,nan,nan,nan,nan,nan,nan,nan,nan,nan,nan,nan,nan,nan,nan,nan,nan,nan,nan,nan,nan,nan,nan,nan,nan,nan,nan,nan,nan,nan,nan,nan,nan,nan,nan,nan,nan,nan,nan,nan,nan,nan,nan,nan,nan,nan,nan,nan,nan,nan,nan,nan,nan,nan,nan,nan,nan,nan,nan,nan,nan,nan,nan,nan,nan,nan,nan,nan,nan,nan,nan,nan,nan,nan,nan,nan,nan,nan,nan,nan,nan,nan,nan,nan,nan,nan,nan,nan,nan,nan,nan,nan,nan,nan,nan,nan,nan,nan,nan,nan,nan,nan,nan
1149.9999999999995,nan,nan,nan,nan,nan,nan,nan,nan,nan,nan,nan,nan,nan,nan,nan,nan,nan,nan,nan,nan,nan,nan,nan,nan,nan,nan,nan,nan,nan,nan,nan,nan,nan,nan,nan,nan,nan,nan,nan,nan,nan,nan,nan,nan,nan,nan,nan,nan,nan,nan,nan,nan,nan,nan,nan,nan,nan,nan,nan,nan,nan,nan,nan,nan,nan,nan,nan,nan,nan,nan,nan,nan,nan,nan,nan,nan,nan,nan,nan,nan,nan,nan,nan,nan,nan,nan,nan,nan,nan,nan,nan,nan,nan,nan,nan,nan,nan,nan,nan,nan,nan,nan,nan,nan,nan,nan,nan,nan,nan,nan,nan,nan,nan,nan,nan,nan,nan,nan,nan,nan,nan,nan,nan,nan,nan,nan
1166.6666666666663,nan,nan,nan,nan,nan,nan,nan,nan,nan,nan,nan,nan,nan,nan,nan,nan,nan,nan,nan,nan,nan,nan,nan,nan,nan,nan,nan,nan,nan,nan,nan,nan,nan,nan,nan,nan,nan,nan,nan,nan,nan,nan,nan,nan,nan,nan,nan,nan,nan,nan,nan,nan,nan,nan,nan,nan,nan,nan,nan,nan,nan,nan,nan,nan,nan,nan,nan,nan,nan,nan,nan,nan,nan,nan,nan,nan,nan,nan,nan,nan,nan,nan,nan,nan,nan,nan,nan,nan,nan,nan,nan,nan,nan,nan,nan,nan,nan,nan,nan,nan,nan,nan,nan,nan,nan,nan,nan,nan,nan,nan,nan,nan,nan,nan,nan,nan,nan,nan,nan,nan,nan,nan,nan,nan,nan,nan
1183.333333333333,nan,nan,nan,nan,nan,nan,nan,nan,nan,nan,nan,nan,nan,nan,nan,nan,nan,nan,nan,nan,nan,nan,nan,nan,nan,nan,nan,nan,nan,nan,nan,nan,nan,nan,nan,nan,nan,nan,nan,nan,nan,nan,nan,nan,nan,nan,nan,nan,nan,nan,nan,nan,nan,nan,nan,nan,nan,nan,nan,nan,nan,nan,nan,nan,nan,nan,nan,nan,nan,nan,nan,nan,nan,nan,nan,nan,nan,nan,nan,nan,nan,nan,nan,nan,nan,nan,nan,nan,nan,nan,nan,nan,nan,nan,nan,nan,nan,nan,nan,nan,nan,nan,nan,nan,nan,nan,nan,nan,nan,nan,nan,nan,nan,nan,nan,nan,nan,nan,nan,nan,nan,nan,nan,nan,nan,nan
1199.9999999999998,nan,nan,nan,nan,nan,nan,nan,nan,nan,nan,nan,nan,nan,nan,nan,nan,nan,nan,nan,nan,nan,nan,nan,nan,nan,nan,nan,nan,nan,nan,nan,nan,nan,nan,nan,nan,nan,nan,nan,nan,nan,nan,nan,nan,nan,nan,nan,nan,nan,nan,nan,nan,nan,nan,nan,nan,nan,nan,nan,nan,nan,nan,nan,nan,nan,nan,nan,nan,nan,nan,nan,nan,nan,nan,nan,nan,nan,nan,nan,nan,nan,nan,nan,nan,nan,nan,nan,nan,nan,nan,nan,nan,nan,nan,nan,nan,nan,nan,nan,nan,nan,nan,nan,nan,nan,nan,nan,nan,nan,nan,nan,nan,nan,nan,nan,nan,nan,nan,nan,nan,nan,nan,nan,nan,nan,nan
1216.6666666666665,nan,nan,nan,nan,nan,nan,nan,nan,nan,nan,nan,nan,nan,nan,nan,nan,nan,nan,nan,nan,nan,nan,nan,nan,nan,nan,nan,nan,nan,nan,nan,nan,nan,nan,nan,nan,nan,nan,nan,nan,nan,nan,nan,nan,nan,nan,nan,nan,nan,nan,nan,nan,nan,nan,nan,nan,nan,nan,nan,nan,nan,nan,nan,nan,nan,nan,nan,nan,nan,nan,nan,nan,nan,nan,nan,nan,nan,nan,nan,nan,nan,nan,nan,nan,nan,nan,nan,nan,nan,nan,nan,nan,nan,nan,nan,nan,nan,nan,nan,nan,nan,nan,nan,nan,nan,nan,nan,nan,nan,nan,nan,nan,nan,nan,nan,nan,nan,nan,nan,nan,nan,nan,nan,nan,nan,nan
1233.3333333333333,nan,nan,nan,nan,nan,nan,nan,nan,nan,nan,nan,nan,nan,nan,nan,nan,nan,nan,nan,nan,nan,nan,nan,nan,nan,nan,nan,nan,nan,nan,nan,nan,nan,nan,nan,nan,nan,nan,nan,nan,nan,nan,nan,nan,nan,nan,nan,nan,nan,nan,nan,nan,nan,nan,nan,nan,nan,nan,nan,nan,nan,nan,nan,nan,nan,nan,nan,nan,nan,nan,nan,nan,nan,nan,nan,nan,nan,nan,nan,nan,nan,nan,nan,nan,nan,nan,nan,nan,nan,nan,nan,nan,nan,nan,nan,nan,nan,nan,nan,nan,nan,nan,nan,nan,nan,nan,nan,nan,nan,nan,nan,nan,nan,nan,nan,nan,nan,nan,nan,nan,nan,nan,nan,nan,nan,nan
1250.0,nan,nan,nan,nan,nan,nan,nan,nan,nan,nan,nan,nan,nan,nan,nan,nan,nan,nan,nan,nan,nan,nan,nan,nan,nan,nan,nan,nan,nan,nan,nan,nan,nan,nan,nan,nan,nan,nan,nan,nan,nan,nan,nan,nan,nan,nan,nan,nan,nan,nan,nan,nan,nan,nan,nan,nan,nan,nan,nan,nan,nan,nan,nan,nan,nan,nan,nan,nan,nan,nan,nan,nan,nan,nan,nan,nan,nan,nan,nan,nan,nan,nan,nan,nan,nan,nan,nan,nan,nan,nan,nan,nan,nan,nan,nan,nan,nan,nan,nan,nan,nan,nan,nan,nan,nan,nan,nan,nan,nan,nan,nan,nan,nan,nan,nan,nan,nan,nan,nan,nan,nan,nan,nan,nan,nan,nan
1266.6666666666667,nan,nan,nan,nan,nan,nan,nan,nan,nan,nan,nan,nan,nan,nan,nan,nan,nan,nan,nan,nan,nan,nan,nan,nan,nan,nan,nan,nan,nan,nan,nan,nan,nan,nan,nan,nan,nan,nan,nan,nan,nan,nan,nan,nan,nan,nan,nan,nan,nan,nan,nan,nan,nan,nan,nan,nan,nan,nan,nan,nan,nan,nan,nan,nan,nan,nan,nan,nan,nan,nan,nan,nan,nan,nan,nan,nan,nan,nan,nan,nan,nan,nan,nan,nan,nan,nan,nan,nan,nan,nan,nan,nan,nan,nan,nan,nan,nan,nan,nan,nan,nan,nan,nan,nan,nan,nan,nan,nan,nan,nan,nan,nan,nan,nan,nan,nan,nan,nan,nan,nan,nan,nan,nan,nan,nan,nan
1283.3333333333335,nan,nan,nan,nan,nan,nan,nan,nan,nan,nan,nan,nan,nan,nan,nan,nan,nan,nan,nan,nan,nan,nan,nan,nan,nan,nan,nan,nan,nan,nan,nan,nan,nan,nan,nan,nan,nan,nan,nan,nan,nan,nan,nan,nan,nan,nan,nan,nan,nan,nan,nan,nan,nan,nan,nan,nan,nan,nan,nan,nan,nan,nan,nan,nan,nan,nan,nan,nan,nan,nan,nan,nan,nan,nan,nan,nan,nan,nan,nan,nan,nan,nan,nan,nan,nan,nan,nan,nan,nan,nan,nan,nan,nan,nan,nan,nan,nan,nan,nan,nan,nan,nan,nan,nan,nan,nan,nan,nan,nan,nan,nan,nan,nan,nan,nan,nan,nan,nan,nan,nan,nan,nan,nan,nan,nan,nan
1300.0000000000002,0.40980345,0.587592721,-3.08681614e-008,0.427818298,0.582602561,-0.00105318788,0.446162492,0.582758486,-0.0027982234,0.458023667,0.587467313,-0.00445632637,0.461356848,0.593109906,-0.00556696579,0.444192946,0.591890693,-0.00507043768,0.462140888,0.598748684,-0.00805524737,0.469869435,0.59898591,-0.00879450422,0.471248388,0.597998381,-0.0083679352,0.438221544,0.597486377,-0.00609456329,0.457707196,0.604156,-0.0080885,0.466266692,0.604328573,-0.00785159599,0.468528152,0.603526592,-0.0073103779,0.43217206,0.601882,-0.00707754958,0.450912744,0.608481348,-0.00869679451,0.460947543,0.608649909,-0.00735615473,0.465028584,0.607818425,-0.00588709116,0.426433504,0.605071604,-0.00800659321,0.442610413,0.610508204,-0.00869549252,0.452593088,0.610477924,-0.00684162229,0.457424521,0.609160423,-0.00490440242
1316.666666666667,0.406943351,0.588582456,-2.6602839e-008,0.423694193,0.584031224,-0.000780803268,0.441042095,0.583141446,-0.00331425713,0.45335409,0.58629775,-0.00580975506,0.459214628,0.591267049,-0.00773770129,0.441247165,0.589968741,-0.00788808,0.459880918,0.596255124,-0.0121694701,0.464894235,0.597445846,-0.0131650418,0.464148164,0.597257435,-0.0127313295,0.434755832,0.595800459,-0.00940462481,0.454102457,0.60204041,-0.0127765043,0.458769679,0.602379918,-0.0123802358,0.458152413,0.601672,-0.011377,0.428038269,0.600647449,-0.0106965173,0.445549518,0.607068717,-0.0132274795,0.45113948,0.607307673,-0.0107891848,0.452290207,0.606600165,-0.00837584119,0.421402693,0.604521275,-0.011885602,0.436078161,0.61065191,-0.0132201696,0.442901671,0.611480117,-0.0108146816,0.446125507,0.610995829,-0.00827825442
1333.3333333333337,0.410035,0.589595854,7.61228733e-008,0.42734611,0.58558166,-0.00332129374,0.44500187,0.585479677,-0.00740283867,0.457013905,0.590156376,-0.010597107,0.462840408,0.595663488,-0.0135030765,0.439262122,0.589940131,-0.0141820647,0.457050085,0.5968104,-0.019466212,0.466613293,0.600318074,-0.0214659106,0.472579569,0.602172077,-0.0220430121,0.431305766,0.596181035,-0.0151382368,0.450307608,0.603809774,-0.0194476936,0.459887922,0.606088102,-0.019465398,0.465238601,0.606806278,-0.019120438,0.42398715,0.601264417,-0.0156164709,0.441569388,0.609018505,-0.0188697278,0.450238705,0.61094749,-0.0166702233,0.454812616,0.611111701,-0.0146735059,0.417782515,0.605077267,-0.0161901303,0.431825638,0.611855745,-0.0183459707,0.439426601,0.612996757,-0.0158759579,0.443324208,0.612372398,-0.0134436823
1350.0000000000005,0.419018388,0.600697,-1.30388884e-007,0.439520091,0.595842063,-0.0114863385,0.459375948,0.594323814,-0.0222824719,0.46879679,0.597509384,-0.0318802632,0.470174193,0.601527572,-0.0417659543,0.44588083,0.59254384,-0.0258331615,0.465780944,0.594829321,-0.0362739898,0.469102621,0.59798795,-0.0444370173,0.466681868,0.600363553,-0.0500999093,0.434442163,0.596994698,-0.0246973541,0.457741499,0.601377964,-0.0314947516,0.462413609,0.605392754,-0.0344005525,0.461928368,0.607816875,-0.0383575745,0.424553603,0.60122174,-0.0233789477,0.44464609,0.606292665,-0.0288537703,0.450613588,0.608299315,-0.0272393785,0.453176379,0.60884726,-0.027230002,0.416293085,0.605505109,-0.0233064629,0.429759949,0.609526098,-0.0263176635,0.434073895,0.610789716,-0.0234998111,0.436011344,0.610853255,-0.0220664553
1350.0000000000005,0.414194465,0.593266666,6.76425387e-008,0.428305894,0.588762164,-0.00391823053,0.444696307,0.588351846,-0.00877265073,0.455992758,0.592631,-0.0125187282,0.462191314,0.597891092,-0.0160061307,0.438134253,0.590845823,-0.017145643,0.452967018,0.597073734,-0.0237093847,0.460896194,0.600442231,-0.0265037883,0.465733379,0.602000058,-0.0276113898,0.429692149,0.596150219,-0.0180613212,0.445094228,0.603217363,-0.0228912719,0.453840733,0.606324732,-0.0228689108,0.459322393,0.607665479,-0.0229038764,0.421497,0.600978732,-0.0185297504,0.436087,0.60821718,-0.0226706844,0.443907499,0.610977829,-0.0206568055,0.448862046,0.611560404,-0.0190665741,0.414202,0.605358303,-0.0190579332,0.425846666,0.612039924,-0.0224433485,0.431926161,0.613742948,-0.0205050167,0.435516119,0.613304794,-0.0186004974
1366.6666666666672,0.414859861,0.594912,4.79055942e-008,0.42875424,0.590675533,-0.00380966952,0.444180518,0.590578258,-0.00856035762,0.45389685,0.594750583,-0.0123536959,0.458777368,0.600107372,-0.0153667489,0.436145544,0.591416359,-0.0153768845,0.451999038,0.59913224,-0.0223349296,0.455945641,0.600878537,-0.0251802411,0.455248535,0.600392282,-0.0257886797,0.427039504,0.596933,-0.0163706355,0.44465676,0.60697,-0.0225327667,0.448014796,0.607359171,-0.0221483167,0.445789397,0.605608284,-0.0208545774,0.419186503,0.602027476,-0.0171204451,0.435252279,0.612081707,-0.0211142264,0.440302253,0.61249876,-0.0177318659,0.440831125,0.610806,-0.0146685289,0.412674069,0.606268227,-0.0180624183,0.424596786,0.614271939,-0.0199311599,0.428104818,0.614487171,-0.0166883469,0.427993655,0.61261332,-0.013870432
1383.333333333334,0.411268353,0.596063495,8.61970477e-008,0.426987737,0.591845393,-0.00371891214,0.443098456,0.592503488,-0.00853867549,0.453578621,0.597888887,-0.0121388957,0.457938254,0.604006588,-0.0150053976,0.434655577,0.592701197,-0.0166836157,0.451227039,0.60292381,-0.0226447191,0.456050396,0.605040491,-0.0244533289,0.456222296,0.604336679,-0.0243793167,0.42464903,0.598183,-0.0170690715,0.442820817,0.609626353,-0.0211844258,0.449183792,0.611070335,-0.0197765492,0.449847609,0.609343588,-0.0185568351,0.416210145,0.603291214,-0.0169720203,0.43269974,0.614265144,-0.019157568,0.43814531,0.614303827,-0.0152340382,0.438666403,0.611313462,-0.0124393431,0.409621239,0.607698679,-0.0170559604,0.421755016,0.615506113,-0.018158529,0.425378144,0.61538744,-0.0149711203,0.425331831,0.612790346,-0.0124305524
1400.0000000000007,0.408677071,0.595524907,7.22580964e-008,0.424155831,0.593070805,-0.00381071656,0.439982861,0.594880283,-0.00842852704,0.449986577,0.59980619,-0.0120230075,0.456221223,0.60483712,-0.0150312968,0.433701754,0.594558656,-0.0166629795,0.447525114,0.604587,-0.0232498199,0.45073095,0.606618822,-0.0255566854,0.450020373,0.605552495,-0.0257898755,0.423444688,0.598986268,-0.0174366049,0.438078016,0.610108376,-0.022278931,0.442071825,0.611803293,-0.0215388332,0.441094667,0.610200405,-0.0207492262,0.413558036,0.603534162,-0.0177311022,0.426755369,0.613785923,-0.0209718216,0.428049862,0.612897336,-0.0173274372,0.426118046,0.609368443,-0.0145961102,0.405047715,0.607872128,-0.0181833822,0.414339215,0.614641428,-0.020253472,0.415456384,0.613452435,-0.017176291,0.41400218,0.610529423,-0.0145164225
1416.6666666666674,0.531588137,0.561167121,-5.16526839e-008,0.504120886,0.562274277,0.00135287328,0.484703958,0.568445861,0.00204066909,0.476008624,0.575839341,0.00186274957,0.476579696,0.582229316,0.00213748752,0.485246241,0.577547729,0.003048599,0.470190495,0.583253562,-0.000675205549,0.473413765,0.579902828,-0.00354499859,0.480907381,0.575947464,-0.00433988497,0.495392293,0.583152294,0.00176930637,0.481080592,0.587735832,0.000422633777,0.483426541,0.583910525,-0.000838365639,0.490051389,0.579947472,-0.0013300539,0.506755531,0.587129951,0.00020748403,0.491998,0.590788126,0.000134378308,0.493375361,0.586958647,0.00135571847,0.499001563,0.58314085,0.00226193923,0.517647088,0.589469969,-0.00123463629,0.503823161,0.592106462,0.000481071154,0.503617883,0.588753104,0.00365312467,0.507344425,0.585485637,0.00626559788
1416.6666666666674,0.411289185,0.596200287,1.21965357e-007,0.425953597,0.593666196,-0.00447146082,0.43930608,0.595079958,-0.00895814132,0.447888,0.599628031,-0.0118705668,0.454020381,0.604077578,-0.0144770415,0.430735409,0.59457159,-0.0170870814,0.442484826,0.603417,-0.0215764865,0.448987544,0.608148813,-0.0227506552,0.451980293,0.61042887,-0.02290879,0.420396894,0.598831892,-0.0169505347,0.432525158,0.609359682,-0.0204071,0.439756513,0.613277614,-0.0195475798,0.443162411,0.61380589,-0.0191241037,0.411032289,0.602948606,-0.0162295513,0.422189385,0.613856,-0.0189933684,0.429593772,0.617313266,-0.0170877613,0.433842,0.617334902,-0.0159922559,0.403433889,0.606572926,-0.0155187361,0.409706205,0.613939106,-0.0183646623,0.414338,0.615880191,-0.017009452,0.417455822,0.615197659,-0.0157665052
1433.3333333333342,0.405981332,0.596883237,1.30874866e-007,0.421021849,0.593980074,-0.00518899597,0.436337739,0.59536469,-0.0115094809,0.44524309,0.600142479,-0.0160859674,0.451450169,0.605058968,-0.0201869849,0.42915386,0.595180511,-0.0235758852,0.442652732,0.606233418,-0.0302732382,0.44845742,0.61093384,-0.0313185155,0.45068267,0.612587094,-0.030712761,0.418011039,0.599142849,-0.0236860123,0.432337523,0.61231333,-0.0297990423,0.43801105,0.6154688,-0.0272409432,0.439256281,0.614831,-0.0244733561,0.407714725,0.603220642,-0.0230237544,0.421060264,0.615938604,-0.0267577879,0.427415639,0.618514895,-0.021657167,0.430241823,0.617815554,-0.0176049788,0.399305254,0.607025087,-0.0225083437,0.408774793,0.616058171,-0.0253261253,0.414282769,0.618069,-0.0220156908,0.417461663,0.617431283,-0.0188135896
1450.000000000001,0.403854072,0.596611917,1.23434489e-007,0.419532508,0.594407141,-0.00410803547,0.434335768,0.596806586,-0.00845526066,0.443311155,0.602298379,-0.0115373153,0.448654592,0.607467294,-0.0143297855,0.426537812,0.595986307,-0.016582042,0.437341422,0.606030107,-0.0211981367,0.443127096,0.610630393,-0.0222221427,0.446235359,0.612737238,-0.0222748239,0.41551286,0.599602699,-0.0169238448,0.427695274,0.611982644,-0.0206295,0.433540165,0.61580646,-0.0192102864,0.435720384,0.616142273,-0.0181889068,0.405399024,0.603414237,-0.0167245753,0.416576833,0.615802407,-0.0194126759,0.422217578,0.618754148,-0.0164571982,0.424934328,0.618416131,-0.0144398296,0.396903813,0.607090354,-0.0166405085,0.403996438,0.615639389,-0.0188905038,0.407984644,0.617402077,-0.0167788658,0.41012606,0.61657536,-0.0149455452
1466.6666666666677,0.401881039,0.59675914,1.25538918e-007,0.417008698,0.594593644,-0.00431176275,0.431590527,0.596911967,-0.0095846029,0.439954489,0.60206908,-0.0135018267,0.445061058,0.607381463,-0.017039625,0.424233377,0.597195327,-0.0189798344,0.435883164,0.608383417,-0.0251202136,0.44089061,0.612662852,-0.0267287139,0.442548186,0.613206,-0.0265212022,0.413046658,0.600474417,-0.0194369312,0.424654096,0.613687,-0.024018459,0.430593163,0.617488921,-0.0221626684,0.432501078,0.616738915,-0.0204708185,0.402173162,0.603761196,-0.0193779469,0.412322253,0.617093682,-0.0226510372,0.417912364,0.619848073,-0.0186806619,0.420471042,0.618556142,-0.015661478,0.393068016,0.606820762,-0.0193929374,0.399944127,0.616181314,-0.0224464163,0.404425144,0.618590951,-0.0198317338,0.407179117,0.617964387,-0.017234331
1483.3333333333344,0.399974704,0.596274436,1.28954071e-007,0.415701956,0.594894052,-0.00423321,0.429824382,0.597569942,-0.0100179138,0.437783331,0.603095531,-0.0143024549,0.44250384,0.608660579,-0.0183289833,0.422431827,0.597342789,-0.0207198,0.433878869,0.608474612,-0.0269496609,0.438880593,0.61370337,-0.0286234338,0.440853238,0.615834236,-0.0286560338,0.410902739,0.600408554,-0.0211808607,0.421726376,0.613791466,-0.0263405889,0.427454382,0.618187428,-0.0247846246,0.429964155,0.618510723,-0.0232795551,0.400227129,0.603471398,-0.0209390782,0.409850985,0.616832435,-0.0243944582,0.416616082,0.621078,-0.021034468,0.420913666,0.621516466,-0.0185491238,0.391300559,0.606449544,-0.0206868369,0.397757232,0.616029918,-0.0236179661,0.403033078,0.619358242,-0.0212847237,0.407387525,0.619579554,-0.019019518
1500.0000000000011,0.400603443,0.596954644,1.27663682e-007,0.41584155,0.595304549,-0.00431026705,0.429448783,0.598293662,-0.00959586538,0.436319947,0.60417527,-0.0133479219,0.440125823,0.609567046,-0.0166340973,0.422660619,0.59825623,-0.0199366473,0.432671905,0.609857,-0.026043145,0.436889112,0.614581,-0.0274021234,0.437576383,0.61572808,-0.026951395,0.410368234,0.601428628,-0.0201888941,0.420363784,0.61520797,-0.0253249332,0.426311284,0.619132876,-0.0236419234,0.427889645,0.618467,-0.0217479952,0.399344653,0.604346693,-0.0198398493,0.407351911,0.617721796,-0.0231880844,0.414305389,0.621775806,-0.0201780256,0.417971402,0.621483326,-0.0177069828,0.390580922,0.60694623,-0.0195178725,0.395075798,0.616805613,-0.022402348,0.400509983,0.620169163,-0.02047625,0.404472053,0.6201334,-0.0183862839
1516.6666666666679,0.395808458,0.596407831,3.93786657e-008,0.410207689,0.595124185,-0.00601328,0.424649298,0.597764313,-0.012849248,0.432534337,0.603355229,-0.0180242248,0.436792821,0.609392285,-0.0225448012,0.421284854,0.600586414,-0.023344351,0.43098557,0.611953199,-0.0310629867,0.432437897,0.614252508,-0.0323847532,0.431777179,0.612389386,-0.0318517424,0.409864098,0.604085,-0.0237037037,0.419459194,0.616170228,-0.0304733869,0.419526756,0.615879595,-0.0287500154,0.418308824,0.612392843,-0.0269026496,0.398257226,0.607057154,-0.0235491637,0.406894535,0.618512,-0.0289862268,0.40716967,0.616847694,-0.0245799925,0.406721473,0.613019764,-0.0211209133,0.38766548,0.60956645,-0.0235569924,0.393500209,0.617280662,-0.0287084896,0.394604146,0.616165161,-0.0263097938,0.394791216,0.613261044,-0.0236722808
1533.3333333333346,0.397138327,0.597222388,3.67691877e-009,0.409222692,0.595413208,-0.00894433,0.422830105,0.597728372,-0.0155239385,0.430279046,0.603510737,-0.0202804524,0.435463697,0.609672964,-0.0245601051,0.424484879,0.604411125,-0.0198804587,0.431334972,0.612949431,-0.0293576773,0.431800395,0.615163386,-0.0330958553,0.430602849,0.614624918,-0.0341098867,0.413713604,0.609479845,-0.0193039812,0.419552,0.61692065,-0.0297377501,0.415281355,0.61249125,-0.0301389676,0.412064672,0.60790056,-0.028098058,0.402120203,0.61285311,-0.018989522,0.406155884,0.618518531,-0.0286273174,0.40212813,0.612504303,-0.0250803735,0.399487406,0.607372522,-0.0203148723,0.391279131,0.6149984,-0.0191024188,0.39320603,0.61803031,-0.0266799536,0.391531527,0.613488257,-0.0242262091,0.390287936,0.609701753,-0.0203595348
1550.0000000000014,0.396013379,0.597865641,6.40897753e-008,0.409449309,0.596162319,-0.00498313922,0.422982454,0.599321842,-0.010260582,0.430041045,0.604900777,-0.0143941417,0.435462713,0.610206783,-0.0181854814,0.41884917,0.601657748,-0.0186107922,0.428839505,0.61197412,-0.0258494914,0.432195604,0.61614877,-0.028372502,0.433814406,0.617417,-0.0288570225,0.407762676,0.605233967,-0.0192240011,0.417426705,0.616714299,-0.0250128116,0.41998893,0.618913054,-0.0245568063,0.421326846,0.618740916,-0.0236775149,0.396724641,0.607880294,-0.0194606837,0.402769774,0.618956268,-0.0245590229,0.403903842,0.617316365,-0.0208013039,0.405101717,0.614411116,-0.0174475051,0.386262119,0.609984875,-0.0198910534,0.389513761,0.618281186,-0.0240786318,0.391204327,0.616988897,-0.021274792,0.392650127,0.614176095,-0.0183181129
1566.666666666668,0.394903332,0.596212745,1.0561098e-007,0.409606129,0.595323682,-0.00489555579,0.423291981,0.598589897,-0.0104726339,0.430793345,0.604675412,-0.0145271178,0.435776979,0.610302031,-0.0181777067,0.416141182,0.599784434,-0.0200803354,0.427583665,0.611293435,-0.0267962273,0.432058245,0.616741419,-0.0286717024,0.433600336,0.618863702,-0.0287824534,0.40458405,0.603026271,-0.0204366054,0.415131629,0.615005255,-0.0258795153,0.420507133,0.62049216,-0.0259565488,0.423589736,0.622561514,-0.0258645471,0.394152313,0.605774701,-0.0202912986,0.402543664,0.617669523,-0.0247225687,0.407837719,0.623296,-0.0240307283,0.412456691,0.625507355,-0.0235065054,0.385570496,0.608040035,-0.0200860016,0.390082598,0.617191613,-0.0242986176,0.39364925,0.621266723,-0.0238280799,0.397829384,0.622557044,-0.0229967777
1583.3333333333348,0.394575953,0.595266044,1.14773478e-007,0.410023093,0.595022619,-0.00405660318,0.423088431,0.59925741,-0.00909512863,0.430096924,0.605511129,-0.0127595,0.436253875,0.610750616,-0.016133057,0.416372985,0.601041734,-0.0191313047,0.427454859,0.612352729,-0.0258540027,0.431713343,0.618059456,-0.0277528837,0.432726324,0.620605767,-0.0276615769,0.404715717,0.603666127,-0.0197499618,0.415179402,0.616244197,-0.0254843216,0.420742184,0.621731043,-0.0253048148,0.423379898,0.623726428,-0.024461139,0.39403072,0.605800271,-0.0197928492,0.402480274,0.618517876,-0.0241582505,0.408502758,0.624019146,-0.0228549484,0.413034797,0.626057,-0.0214091614,0.384868413,0.607506216,-0.019727435,0.389127284,0.617530048,-0.0236506797,0.393706024,0.622183263,-0.0227624886,0.398411721,0.624063075,-0.021222692
1600.0000000000016,0.392716885,0.594745398,9.3119624e-008,0.408953339,0.594501257,-0.0036371653,0.421934307,0.598709404,-0.00755220745,0.428887784,0.605408669,-0.0102400044,0.435189515,0.61095196,-0.0126413573,0.416365534,0.602016151,-0.0146912541,0.426684648,0.612796843,-0.0200552,0.431440055,0.618009567,-0.0215697084,0.433789253,0.620194912,-0.0215347577,0.404770672,0.604784191,-0.0152476858,0.414443672,0.616152585,-0.0194300916,0.420028,0.621721804,-0.0200059973,0.424041837,0.624636,-0.0201719459,0.39380306,0.606664658,-0.0154191256,0.40161,0.618213177,-0.0190879069,0.407614917,0.624017835,-0.0194574222,0.413160294,0.627317488,-0.0195492338,0.384185612,0.60792315,-0.0153939724,0.388102084,0.616863728,-0.019063279,0.392131299,0.621541739,-0.0191405248,0.397061437,0.62440604,-0.0185741149
1616.6666666666683,0.393577039,0.595431447,1.10945948e-007,0.409773588,0.595253766,-0.00389632117,0.422809213,0.599254429,-0.00808176491,0.430197239,0.605508149,-0.0109479669,0.43612352,0.611043215,-0.0137044182,0.416340262,0.601928949,-0.0160400979,0.426622421,0.612187445,-0.0213549286,0.431440324,0.617815733,-0.0227170736,0.43443948,0.621290922,-0.0228909552,0.404744208,0.604741037,-0.0166128,0.41474,0.616216123,-0.0211928599,0.420352727,0.622026443,-0.021804,0.424508482,0.625554204,-0.0220631678,0.393939883,0.606822073,-0.0167027097,0.402178556,0.618606806,-0.0208454262,0.408272654,0.624480486,-0.0213155244,0.414051175,0.628142,-0.0214964747,0.3845281,0.608252525,-0.0165625513,0.388227195,0.617309,-0.0204922725,0.392006099,0.622110605,-0.0207457375,0.396857589,0.625437,-0.0204247776
1633.333333333335,0.393471181,0.59568733,1.03757223e-007,0.409578383,0.595270574,-0.00381607912,0.422550052,0.598931968,-0.00751543557,0.429709613,0.605202436,-0.0100204842,0.435697049,0.610672355,-0.0124131599,0.416683078,0.602762699,-0.0138870981,0.426944226,0.612478673,-0.0185772609,0.432350308,0.617929,-0.0199125111,0.436253548,0.621570766,-0.0203042012,0.405452281,0.605898082,-0.0146077983,0.414933383,0.61669457,-0.0187898446,0.420560956,0.622312784,-0.0199546479,0.425014257,0.625965357,-0.0205849018,0.39484787,0.607973635,-0.0149441659,0.402432084,0.619055808,-0.0190376788,0.408202499,0.624826,-0.0202648062,0.413912803,0.628858864,-0.0209622793,0.385365039,0.609200895,-0.015062822,0.387823105,0.617456496,-0.0192285664,0.391057342,0.62223,-0.0200615246,0.3953152,0.625999629,-0.020138165
1650.0000000000018,0.395217925,0.595325172,1.1945221e-007,0.411207765,0.595313668,-0.00443925848,0.423703253,0.599499524,-0.00872776285,0.431006789,0.605824471,-0.01164285,0.437181205,0.611314237,-0.0144103765,0.417582,0.602839708,-0.0161321834,0.4276568,0.613672137,-0.0216072239,0.432207406,0.619263768,-0.0230964515,0.434749544,0.622529507,-0.0233583041,0.405988842,0.605517447,-0.0165788587,0.415732145,0.617235124,-0.0214574654,0.421625167,0.623079836,-0.0225352552,0.426034898,0.626476765,-0.0230241027,0.395025373,0.607235551,-0.0166457295,0.402572572,0.618856,-0.0211404767,0.408530205,0.624989569,-0.0224398,0.414190352,0.629003286,-0.0231753681,0.385256648,0.608327031,-0.0165044498,0.38730365,0.616939902,-0.0210898,0.390446275,0.622119844,-0.0222422387,0.394693613,0.626083195,-0.0225168671
1666.6666666666686,0.549826622,0.436692983,-1.21506218e-007,0.531902313,0.42841354,0.000972075097,0.513596714,0.424738765,-0.000282541616,0.502327681,0.425947338,-0.00278857932,0.497175783,0.431021601,-0.0058719418,0.508217096,0.421390891,-0.000847844058,0.489015222,0.426121503,-0.00620252453,0.490742922,0.43112734,-0.0108708395,0.497126848,0.433908015,-0.013434154,0.508616209,0.427207887,-0.00356182,0.492389411,0.433862418,-0.00710212858,0.494395167,0.438564211,-0.0100224763,0.499711871,0.440665096,-0.0120438244,0.510702908,0.433708191,-0.00638409238,0.498295814,0.440539509,-0.00912362896,0.499806583,0.444237411,-0.0105423611,0.504078925,0.445518464,-0.0114200395,0.51324296,0.440286487,-0.00918022823,0.504640222,0.445853055,-0.0104383416,0.506041706,0.448115557,-0.00979252532,0.509048164,0.448901415,-0.00903838128
1666.6666666666686,0.391500801,0.595136762,9.74224506e-008,0.408424526,0.594442964,-0.0043074456,0.422878027,0.598141074,-0.00820276048,0.431368202,0.60432148,-0.0109535437,0.438321203,0.609936655,-0.0135860285,0.41640988,0.602546215,-0.0141327735,0.427747428,0.612225473,-0.0196093023,0.433226466,0.617766917,-0.0216209982,0.437084764,0.621596813,-0.0224517491,0.405394763,0.605664372,-0.0148955891,0.415977776,0.61651516,-0.0195947438,0.422246397,0.62245822,-0.0212530456,0.427111924,0.626562536,-0.0222933758,0.394774556,0.607714653,-0.0154411457,0.40296343,0.618398,-0.0199529696,0.409302145,0.624692559,-0.0217017382,0.415075332,0.629257083,-0.0227781758,0.385112524,0.609003127,-0.0158419181,0.388176531,0.61725682,-0.0201234408,0.391359717,0.622359216,-0.0212377775,0.3951464,0.626457632,-0.0216084216
1683.3333333333353,0.547679126,0.436082125,-7.86663108e-008,0.530355394,0.428610146,0.002576011,0.514521122,0.424994051,0.00217935722,0.503499031,0.425449371,0.000310640753,0.497119159,0.428691536,-0.00166226178,0.510292828,0.418440819,0.00195199647,0.495542616,0.417603672,-0.00275952043,0.490135223,0.422493935,-0.00662022922,0.491389751,0.42690286,-0.00851183292,0.5111292,0.42248404,-0.00113329128,0.497041285,0.42502141,-0.00338347047,0.492688507,0.430636555,-0.00560905365,0.494735628,0.434982747,-0.00749791088,0.513871074,0.428149074,-0.00445747422,0.502969921,0.432279378,-0.00597160077,0.501281798,0.436931163,-0.00674048,0.504911184,0.439824462,-0.00759402104,0.518048108,0.434403241,-0.0076649352,0.510134757,0.437331676,-0.00856443774,0.508327425,0.440162,-0.00834271591,0.510204196,0.442338675,-0.00804510806
1683.3333333333353,0.396538973,0.596609056,1.18899877e-007,0.411367089,0.595998585,-0.00548888091,0.423987746,0.599165,-0.0102688987,0.431713879,0.605093479,-0.0134606687,0.438296199,0.610396385,-0.0164907966,0.417181,0.603074,-0.0172175746,0.42830053,0.613099337,-0.0225023963,0.433830172,0.618561804,-0.0239388626,0.43764174,0.622174263,-0.0243242048,0.406030893,0.605975389,-0.01737253,0.416196525,0.61688149,-0.0221730173,0.422894,0.622603059,-0.0232077986,0.428052843,0.626205,-0.0238445438,0.395590067,0.607944548,-0.0172117725,0.403036147,0.618858635,-0.0218523331,0.409287632,0.624976933,-0.0231532939,0.415088952,0.629230618,-0.0239667,0.386419,0.609301746,-0.016953472,0.389349788,0.617700398,-0.0216782559,0.392354637,0.622862,-0.0227628611,0.39604044,0.627000391,-0.0230964888
1700.000000000002,0.543527961,0.43478775,-5.44563186e-008,0.528684855,0.424856126,0.00341338362,0.513831377,0.41983676,0.00454721227,0.503762,0.419294,0.00405213702,0.49653843,0.421077192,0.00329511031,0.511077821,0.412791073,0.00540261529,0.500173688,0.409843802,0.00307692564,0.492664,0.411456615,0.00014844304,0.488470107,0.414471477,-0.00146761199,0.511241496,0.416147321,0.00253814179,0.499816298,0.418355525,0.00151758979,0.494426101,0.422901362,-0.00103927555,0.493448615,0.427730709,-0.00290486752,0.512947083,0.421317458,-0.000424921775,0.503123,0.424879789,-0.000930486,0.502048254,0.429465622,-0.00213306583,0.505084455,0.4335109,-0.00293497858,0.516102672,0.427057505,-0.0032550774,0.508886874,0.429857224,-0.00308823981,0.507778466,0.432694674,-0.0026312368,0.509917617,0.435680181,-0.00194909773
1700.000000000002,0.3942222,0.596533954,9.1449138e-008,0.41037637,0.59550643,-0.00449104235,0.424092,0.598888636,-0.00872696564,0.432273895,0.604711711,-0.0116562685,0.439238876,0.610028565,-0.0144228702,0.416710973,0.603098571,-0.0159425773,0.429285,0.613130569,-0.0212805737,0.435192674,0.618485093,-0.0224972274,0.439223647,0.621878445,-0.0225165486,0.405641794,0.606386185,-0.0162909403,0.417794406,0.617876291,-0.020690782,0.424268454,0.623357952,-0.0212396979,0.428859055,0.626759708,-0.0213278048,0.395459265,0.608607829,-0.0163117889,0.404523313,0.619784,-0.0203161519,0.411085963,0.625287712,-0.0209276509,0.416734606,0.628973,-0.0211301483,0.386754453,0.610032916,-0.0162057728,0.390757501,0.61841476,-0.0201011896,0.393921852,0.62324959,-0.0206509512,0.397636831,0.627026,-0.0205068197
1716.6666666666688,0.394426405,0.596091747,9.74722525e-008,0.410485953,0.595482767,-0.00416668318,0.424049556,0.599284232,-0.00805676915,0.432900518,0.60537523,-0.0106545016,0.440452784,0.610545456,-0.0131958239,0.416576743,0.603681684,-0.0153545877,0.428474247,0.61358422,-0.020437764,0.434460461,0.618945062,-0.0217846967,0.438646436,0.622458339,-0.0220435336,0.405561477,0.60669291,-0.0158111416,0.416391253,0.617816567,-0.0201758482,0.423150361,0.623449087,-0.0209613759,0.428400457,0.627016902,-0.0213761441,0.395670444,0.608612299,-0.0158929601,0.404362231,0.619769692,-0.0199111905,0.411022604,0.625288665,-0.0207586568,0.41724962,0.628908634,-0.0212642364,0.387175649,0.609608352,-0.0158185475,0.390420109,0.618164599,-0.0198271666,0.393688977,0.622926891,-0.0205169842,0.397838593,0.62651962,-0.0205632802
1733.3333333333355,0.529812455,0.421883792,-1.11856885e-007,0.513642728,0.414239109,0.000439779629,0.501642764,0.40987,0.000976585317,0.492074937,0.408506453,0.00058829505,0.486011595,0.408165038,-4.86445533e-005,0.507874072,0.402825594,0.0052845492,0.49739027,0.400540292,0.00279095746,0.48949948,0.402267307,-0.000584451656,0.485570461,0.405343384,-0.00210246048,0.508904517,0.40610978,0.00441082427,0.497053504,0.407858372,0.00179223926,0.493934304,0.412407935,-0.00185391,0.494673878,0.41612196,-0.00364547386,0.510650814,0.410080254,0.00313248392,0.501726151,0.413045049,6.43209933e-005,0.500066578,0.417323351,-0.00294690928,0.501095653,0.420886606,-0.00385007658,0.512588382,0.413965821,0.00203764,0.505699754,0.416245192,0.000359548518,0.504615963,0.41876775,2.31095746e-005,0.505754411,0.420956135,0.000799500325
1733.3333333333355,0.393229425,0.596155286,9.14684293e-008,0.40963167,0.595169246,-0.00427579461,0.423490345,0.598645866,-0.00809362624,0.432077408,0.604851544,-0.0105995936,0.439372212,0.610289454,-0.013036713,0.416322887,0.603515148,-0.0143398428,0.42812103,0.612915576,-0.018981427,0.434221447,0.618091345,-0.020254517,0.438830733,0.621700644,-0.0205663238,0.405539542,0.607022166,-0.0146431653,0.416407287,0.61802429,-0.018287871,0.423358113,0.623485923,-0.0189600904,0.428723663,0.627086222,-0.0193687044,0.395796,0.60912317,-0.0146269333,0.404538065,0.620143175,-0.0181060787,0.411371082,0.625394225,-0.0189311486,0.417353958,0.628952086,-0.019484615,0.387589902,0.610074043,-0.0144891115,0.390868783,0.618186,-0.0181038082,0.393825233,0.622978091,-0.0188046936,0.397233754,0.626960337,-0.0188952722
1750.0000000000023,0.53677237,0.413393646,-3.32534e-008,0.522498906,0.405395716,0.00291575701,0.508639514,0.401817411,0.00352729484,0.498734802,0.401812822,0.00251176418,0.491305083,0.403617442,0.000835720391,0.507151723,0.395915836,0.00598855596,0.497268617,0.394445807,0.00325789931,0.489630431,0.395602465,-0.000193259417,0.484582663,0.397952825,-0.00221802224,0.507402062,0.398891181,0.00321994675,0.494020551,0.40117985,0.00179873512,0.488637358,0.405265808,-0.000802826718,0.486677855,0.409236848,-0.00267525343,0.508455098,0.403307021,0.0001846222,0.49713853,0.405765176,-0.00154490815,0.4928087,0.410095274,-0.00330179953,0.491813302,0.414192259,-0.0042681396,0.510409296,0.408578217,-0.00266456068,0.502132356,0.411021918,-0.00402089115,0.499987692,0.413865805,-0.00419705128,0.499672949,0.416846901,-0.00383809046
1750.0000000000023,0.39692,0.594835341,1.01496617e-007,0.412505955,0.595088601,-0.00437189965,0.424655408,0.599218905,-0.00790048949,0.43223989,0.60549134,-0.0101932669,0.43892917,0.610637605,-0.0124478973,0.41716215,0.604153454,-0.0135030886,0.427744061,0.613613963,-0.0182552841,0.433790028,0.618959785,-0.0199141186,0.438379943,0.622702241,-0.0204966776,0.406283885,0.607147098,-0.0138782607,0.416002154,0.617788613,-0.0178608354,0.42280668,0.623586774,-0.0191560648,0.428361,0.62754643,-0.0199208166,0.396319896,0.608894706,-0.0140195182,0.403564602,0.619596362,-0.0179726891,0.410140514,0.625360489,-0.0194326211,0.416096479,0.62950474,-0.0202756971,0.387783498,0.609707,-0.0140524777,0.390309274,0.617955446,-0.0180558879,0.393137395,0.622971117,-0.0189748723,0.396418065,0.627143502,-0.0191264637
1766.666666666669,0.53597486,0.406932205,-5.0839553e-008,0.520475626,0.400726765,0.00295666116,0.506998062,0.397832036,0.00327099883,0.49705413,0.398051023,0.00201916741,0.489723384,0.39969188,0.000358670164,0.504395127,0.391611397,0.00446750177,0.494019538,0.390088737,0.00125435169,0.486490041,0.391968042,-0.00226943241,0.481884867,0.395113349,-0.00421826961,0.505061805,0.394245327,0.0016296861,0.492331207,0.397470444,-0.000254935381,0.485845625,0.401930034,-0.0033055339,0.482395649,0.406197309,-0.00554320309,0.506798804,0.398268789,-0.00134648837,0.495256454,0.401710153,-0.00309557584,0.491278887,0.406445742,-0.00494275894,0.490177512,0.410725385,-0.00606689462,0.509313941,0.403064728,-0.00410089688,0.500794828,0.406377167,-0.0051007648,0.497811079,0.409411967,-0.0052235648,0.496375829,0.412495,-0.00490457891
1766.666666666669,0.391770035,0.595999122,7.89603618e-008,0.409483,0.59489572,-0.00436456,0.423489958,0.598628163,-0.0079774959,0.431461394,0.60474515,-0.0104702199,0.438507915,0.61032486,-0.0129342889,0.417016566,0.603881717,-0.0138378311,0.428046018,0.613901556,-0.0190011635,0.433527172,0.619574726,-0.0207055584,0.437504292,0.623547673,-0.0213487763,0.405953735,0.607034683,-0.0143626463,0.416181922,0.617692828,-0.0189352296,0.422610581,0.623420179,-0.0205627549,0.427701086,0.627536893,-0.0215471517,0.395324022,0.608953178,-0.0147087639,0.40342477,0.619377136,-0.0192884859,0.410061896,0.625293791,-0.0213417504,0.415640831,0.629775465,-0.0225297846,0.385475576,0.610066414,-0.0149262175,0.388494,0.618101776,-0.019449031,0.391168028,0.623143792,-0.0210804231,0.393790901,0.627464116,-0.0217436198
1783.3333333333358,0.53430438,0.402127624,-4.78573838e-008,0.518714786,0.39655292,0.00255399127,0.50564,0.394067138,0.00312703685,0.496437371,0.394199789,0.00222418644,0.48908934,0.39562875,0.000988596817,0.501911104,0.388071626,0.0047970158,0.492571741,0.386576205,0.00205847947,0.484995157,0.387883455,-0.00113717944,0.479808778,0.390273809,-0.00306537724,0.50340718,0.390321016,0.0021601133,0.49246043,0.394184321,0.000211136372,0.487409711,0.398778766,-0.00273887091,0.48509115,0.402930439,-0.0049073752,0.505900562,0.394105166,-0.000684405619,0.495675653,0.398170382,-0.00260834908,0.492433876,0.402979493,-0.00422633626,0.492059976,0.406997293,-0.00517735071,0.508947313,0.398741782,-0.00336175133,0.500986814,0.402140021,-0.00456093112,0.49849084,0.405128181,-0.00464101462,0.497702628,0.407897651,-0.00427956088
1783.3333333333358,0.394826978,0.593849,1.10371928e-007,0.411497086,0.594363332,-0.00406936323,0.423906237,0.598773,-0.00757252378,0.431503236,0.605152965,-0.00999249145,0.438662708,0.610330939,-0.012459279,0.416924328,0.604173124,-0.0129535338,0.427742898,0.613598943,-0.017943617,0.433453232,0.619088829,-0.0199394673,0.437653869,0.6231215,-0.0208627712,0.40627411,0.60709846,-0.0137390466,0.415694654,0.617778897,-0.0179831497,0.422096044,0.623711348,-0.019803457,0.427138656,0.627932191,-0.021022018,0.39605847,0.608695388,-0.0143208317,0.403116912,0.619596124,-0.018721221,0.409104139,0.625659287,-0.0208403897,0.414473,0.630151808,-0.0221947171,0.386698067,0.609268844,-0.0147603136,0.388496846,0.617688477,-0.0193793252,0.390740305,0.622879326,-0.0209060051,0.393414885,0.627261102,-0.0215212572
1800.0000000000025,0.529928863,0.397640884,-4.04073219e-008,0.514062166,0.393353254,0.00231332728,0.500880122,0.39136976,0.00272066146,0.491699755,0.391643375,0.00191039697,0.484876722,0.392876714,0.000680016412,0.497941822,0.385262102,0.00265377271,0.488539785,0.383835852,-1.35048931e-005,0.481459379,0.385175854,-0.00280516921,0.477156132,0.387554765,-0.00440304261,0.500799835,0.387467742,0.000138754505,0.490847915,0.390828639,-0.00179855851,0.485256851,0.395286918,-0.00419117836,0.482637137,0.399511039,-0.00591827324,0.504869282,0.391151369,-0.00243565277,0.495353609,0.395029515,-0.00438475236,0.491488725,0.39980194,-0.00590747409,0.490543574,0.403964549,-0.00681402721,0.509772778,0.395443648,-0.00479258597,0.503703535,0.398914665,-0.00637215516,0.501766503,0.40180397,-0.00664067594,0.501468062,0.404613584,-0.00636031851
1800.0000000000025,0.393912435,0.593143761,8.52857411e-008,0.411215872,0.593616188,-0.003945373,0.424403518,0.598522902,-0.00708200596,0.432029754,0.60508877,-0.00924581941,0.439296663,0.610634506,-0.0114877718,0.416918397,0.603043318,-0.0129404236,0.4276703,0.612751305,-0.0180460289,0.433359325,0.618578494,-0.0198651329,0.437695891,0.622962892,-0.0206470173,0.405585736,0.605985463,-0.0137873851,0.414963961,0.616606116,-0.0184967462,0.421163619,0.622890949,-0.0205116924,0.42617768,0.627659202,-0.0217971411,0.394905657,0.607716262,-0.0144446362,0.402155,0.618267179,-0.0193328466,0.408385605,0.624681413,-0.0217710882,0.413835347,0.629591286,-0.0231772512,0.385392368,0.608605742,-0.0149190295,0.387857586,0.617060184,-0.0196874645,0.390402704,0.622460306,-0.0214561298,0.393134415,0.627044082,-0.022221256
1816.6666666666692,0.525161862,0.393962562,-3.57920484e-008,0.508778512,0.390104711,0.00163569744,0.494783312,0.387895584,0.00176790345,0.484842479,0.387987256,0.000856580504,0.477047265,0.388938308,-0.000491504034,0.493023306,0.381854296,0.00121988822,0.48235175,0.381617427,-0.00185487268,0.473810911,0.383096337,-0.00506313378,0.466867,0.385299,-0.00721764052,0.496066302,0.38387683,-0.00132407551,0.48539719,0.387345135,-0.00422261469,0.478953302,0.391705275,-0.00727049867,0.474383026,0.395990729,-0.00946311466,0.500019729,0.387216032,-0.00384627096,0.490098089,0.391473949,-0.00676417444,0.486517787,0.396342307,-0.00827919412,0.484795332,0.400551021,-0.00902726129,0.504832685,0.391317278,-0.00620677043,0.497555256,0.394989699,-0.00866088644,0.495593,0.398101449,-0.00898338668,0.49501425,0.401051521,-0.00863060914
1816.6666666666692,0.392732173,0.594014764,1.05844279e-007,0.409816474,0.593891859,-0.00451601669,0.423587,0.598307,-0.00828553364,0.431669176,0.604563773,-0.0108502181,0.439062476,0.610132039,-0.0134497974,0.416823357,0.602640092,-0.0148347048,0.427790523,0.612734377,-0.0203408375,0.433337748,0.618865967,-0.0222611967,0.437237889,0.623335898,-0.0230455343,0.405638725,0.605775,-0.0153951664,0.415905297,0.61695,-0.0202617478,0.422057897,0.62322706,-0.0219752453,0.426652133,0.627652526,-0.0230146237,0.394865453,0.607726753,-0.0157101732,0.402724773,0.618883073,-0.020524051,0.408905327,0.625230551,-0.0225520823,0.41410628,0.6299088,-0.0237406828,0.385060251,0.608738959,-0.0158572383,0.387673557,0.617337108,-0.020612862,0.38999778,0.622725725,-0.0221671313,0.392516732,0.627213,-0.022775244
1833.333333333336,0.522288322,0.389850348,-4.6200384e-008,0.507094741,0.386912853,0.00292126928,0.494005769,0.385287195,0.0038253672,0.484911621,0.385403931,0.00352964,0.477692902,0.386178285,0.00300876074,0.490566552,0.379015148,0.00334578659,0.480175108,0.377968311,0.00167269236,0.473404646,0.380221844,-0.000327086629,0.46914348,0.382845432,-0.00154752389,0.492866635,0.380819052,0.000828093674,0.480963081,0.384860486,0.000195730012,0.475918561,0.389111936,-0.00150996028,0.473291934,0.392714292,-0.00311095547,0.496690899,0.38387236,-0.00168613228,0.485778868,0.388680249,-0.0020094316,0.482248366,0.392861754,-0.00266328454,0.481054544,0.396244824,-0.00359929935,0.501796,0.387461543,-0.00401116349,0.495131463,0.391073823,-0.00401579728,0.493805468,0.393812865,-0.0034149033,0.494141817,0.39636156,-0.00294819265
1833.333333333336,0.394484609,0.592956,1.21046199e-007,0.411887497,0.593763113,-0.0038044476,0.424832553,0.59846735,-0.00700797047,0.432276398,0.604975104,-0.00918822363,0.438863963,0.610214353,-0.0113476589,0.417547196,0.602809966,-0.0131630292,0.427964479,0.613009453,-0.0183320735,0.433263123,0.619069397,-0.0202332269,0.437040567,0.623492181,-0.0210030358,0.40628311,0.605561137,-0.0140516218,0.415349245,0.616693854,-0.0189158,0.421574205,0.623177588,-0.0209996682,0.426490486,0.627894461,-0.0222393628,0.39557457,0.607293487,-0.0146698346,0.402534634,0.618090689,-0.0195922367,0.408730805,0.624636292,-0.0219979845,0.414227128,0.629535913,-0.0233649574,0.385975957,0.608231902,-0.015089157,0.387473285,0.616752505,-0.0199134964,0.389653921,0.622195423,-0.0215224847,0.392244071,0.626837254,-0.0221007112
1850.0000000000027,0.392307639,0.594702065,1.06463887e-007,0.409948617,0.594307,-0.0043998044,0.423992813,0.59836632,-0.00784478523,0.432022959,0.604430199,-0.010200615,0.439232051,0.609791338,-0.0125253089,0.417739123,0.603654623,-0.0132183377,0.428639919,0.613126516,-0.0183033384,0.434137791,0.61902684,-0.0201500673,0.437915623,0.623493791,-0.0209730845,0.407044142,0.606658,-0.0138032753,0.416883141,0.617233,-0.0182799362,0.422873706,0.623429179,-0.020142395,0.427179,0.628066361,-0.0213826653,0.396583945,0.608481228,-0.0142445471,0.404110104,0.619051218,-0.0189842042,0.410217404,0.625196874,-0.0213961042,0.4151932,0.629855931,-0.0228823833,0.386687845,0.609416187,-0.0145597449,0.388314635,0.617715299,-0.0193628855,0.390281588,0.62307328,-0.0212947447,0.392397732,0.627681375,-0.0222161729
1866.6666666666695,0.393368125,0.594101489,1.28185079e-007,0.410263956,0.594183624,-0.0041401,0.423415214,0.598386109,-0.00770589663,0.431807518,0.604609668,-0.0101335663,0.439829022,0.609632909,-0.0125855207,0.4175722,0.603196502,-0.0140979821,0.428220689,0.613360703,-0.0192025192,0.433864504,0.619214058,-0.0209083557,0.437996328,0.623636305,-0.0216093473,0.406454921,0.606119871,-0.0148617392,0.416395217,0.617156744,-0.0194629412,0.422947437,0.623534799,-0.0213831291,0.427910298,0.628327489,-0.0226558466,0.395838588,0.607849061,-0.0152981095,0.40390411,0.618546128,-0.02021138,0.410138577,0.624777794,-0.0225967299,0.415395975,0.629588783,-0.0240729135,0.386426896,0.608644843,-0.015537627,0.388055,0.616888285,-0.0206947438,0.389539748,0.622307181,-0.022595495,0.391065568,0.627132237,-0.0234155189
1883.3333333333362,0.391511172,0.595545709,1.16442024e-007,0.409308076,0.595,-0.00384548,0.423117548,0.598963737,-0.00727190077,0.431527376,0.604888916,-0.00959288515,0.43933773,0.609730303,-0.011976664,0.416690499,0.603727281,-0.0145142339,0.428542286,0.613627374,-0.0197838228,0.434291661,0.619600475,-0.0214212462,0.438452154,0.624072433,-0.0220410712,0.405750304,0.606767595,-0.0154982144,0.416421682,0.617560923,-0.0204399675,0.423091978,0.623753071,-0.0222723894,0.428113222,0.628211439,-0.0233534873,0.394986898,0.608594358,-0.0161282122,0.403296769,0.618847132,-0.0212228857,0.410107493,0.625082374,-0.0237381011,0.415793,0.629762411,-0.0252231583,0.384980917,0.609520316,-0.0165048707,0.386728406,0.617684901,-0.0215915274,0.388812,0.62315625,-0.0235273074,0.391237825,0.627947032,-0.0243963096
1900.000000000003,0.391926676,0.593405902,1.24635463e-007,0.409268,0.593166769,-0.00426054792,0.422453582,0.597655416,-0.0076406328,0.430954576,0.604244709,-0.0098913433,0.439269572,0.609251857,-0.01218272,0.415866941,0.603416502,-0.0138976136,0.427563667,0.613596797,-0.0190177709,0.433534741,0.619535744,-0.0208482947,0.437903196,0.623964369,-0.021639742,0.405333847,0.606360376,-0.014596778,0.415796161,0.617336512,-0.0192396138,0.422683984,0.623662829,-0.0212342124,0.427657753,0.628195047,-0.0225649327,0.395207375,0.607968271,-0.0150500927,0.403350472,0.618660808,-0.0200035144,0.410024047,0.624987185,-0.0227771457,0.415307432,0.629763,-0.0245596748,0.385919183,0.60851,-0.0153350709,0.387139082,0.617170095,-0.0207023695,0.388528317,0.622860789,-0.0230898969,0.389939249,0.62782681,-0.0242859703
1916.6666666666697,0.39248842,0.595412672,1.20116923e-007,0.40911448,0.594971895,-0.00468888,0.422127575,0.598910093,-0.00868339092,0.430398166,0.604629,-0.0114151435,0.438686967,0.609278202,-0.0142448293,0.415474802,0.603762627,-0.0159847066,0.42769438,0.613869667,-0.0215792395,0.433550298,0.619891584,-0.0233877171,0.437721968,0.624470949,-0.0240996163,0.404627502,0.606658161,-0.0165454727,0.415293157,0.61770457,-0.0215308107,0.421900749,0.624047101,-0.0232490059,0.426831633,0.628660679,-0.0243477095,0.394169778,0.608320951,-0.0167890936,0.402397305,0.618931055,-0.0218089819,0.409082115,0.625329494,-0.0241537429,0.41460076,0.630192876,-0.0256549902,0.384590119,0.609073818,-0.0168541167,0.38625288,0.61741662,-0.0219573658,0.388004422,0.623006582,-0.0238769073,0.390036374,0.627901137,-0.0248072464
1933.3333333333364,0.390314698,0.594283879,1.12191046e-007,0.407523364,0.593876302,-0.00455108611,0.420901418,0.598088622,-0.00804195367,0.429258108,0.604375184,-0.0104327397,0.43809402,0.609094083,-0.0128543638,0.415236741,0.604330122,-0.013816623,0.427056789,0.614137471,-0.01898407,0.43320027,0.620025158,-0.0209495947,0.437716931,0.624554634,-0.0219243318,0.404657125,0.607126594,-0.0145250121,0.414660066,0.617504478,-0.0192519389,0.421353728,0.623753369,-0.0214681979,0.42630288,0.628497183,-0.0229936857,0.394200414,0.608630776,-0.0150629319,0.401801378,0.618545115,-0.0201798044,0.408435673,0.624871194,-0.0232881717,0.413886607,0.629811168,-0.0253263377,0.38432163,0.609232843,-0.0154696601,0.384970933,0.617348194,-0.0209183525,0.386283964,0.622656584,-0.0234964676,0.387854695,0.627349854,-0.0248848684
1950.0000000000032,0.388669401,0.594004512,1.1602507e-007,0.406664699,0.594253838,-0.00393260969,0.420405269,0.598525465,-0.00722904596,0.429050773,0.60468024,-0.00960623845,0.437798172,0.60915029,-0.0120763499,0.413794875,0.603797138,-0.0130642448,0.42550084,0.613599777,-0.0184641089,0.431947172,0.619635582,-0.0207107514,0.436762452,0.624305785,-0.0218654815,0.403142154,0.606734693,-0.0141861364,0.41290614,0.617303848,-0.0191799551,0.419642627,0.62368995,-0.0215556454,0.424639434,0.628495872,-0.0231490284,0.392718494,0.60845536,-0.0151011925,0.400528133,0.618779778,-0.0203965902,0.407145053,0.62526238,-0.0233155899,0.412459731,0.630193055,-0.0251298044,0.38325125,0.609206319,-0.0158509091,0.384635419,0.617494762,-0.0212522484,0.385875255,0.622987807,-0.0234830473,0.387071818,0.62781775,-0.0245758723
1966.66666666667,0.39320749,0.592993617,1.18911757e-007,0.408899248,0.594011188,-0.0046354034,0.420925856,0.598727942,-0.00807402842,0.429113328,0.60469377,-0.0104535474,0.437554896,0.609248459,-0.012931902,0.413925588,0.605033576,-0.012832744,0.425007135,0.614524543,-0.0177910794,0.43152985,0.620211065,-0.0198615827,0.436229587,0.624636114,-0.0209140182,0.403697789,0.607659757,-0.0133901937,0.412409663,0.618080914,-0.0176082049,0.418580651,0.62424767,-0.0196209848,0.423175544,0.628898203,-0.0210131668,0.39349097,0.608899176,-0.0138485404,0.399772018,0.6193735,-0.01844972,0.40558663,0.625585437,-0.021032257,0.410365433,0.630357,-0.0227009412,0.383978575,0.609087646,-0.0142355058,0.383989781,0.617269635,-0.0191709846,0.385015935,0.622731864,-0.0212373286,0.386275053,0.627520621,-0.0222419146
1983.3333333333367,0.386580497,0.593137801,8.37562482e-008,0.405354291,0.593055725,-0.00458925636,0.419254661,0.597712755,-0.00802532677,0.427944303,0.604229271,-0.0105295256,0.436740071,0.60897249,-0.0130845746,0.411808431,0.603514671,-0.0129893208,0.424007356,0.613943219,-0.0182331949,0.430637062,0.620112479,-0.0201672632,0.435633749,0.624815047,-0.0211140011,0.400969744,0.60653007,-0.013715433,0.411564678,0.6175282,-0.0187631156,0.418465763,0.624113202,-0.0211391021,0.423603356,0.629063964,-0.0226707738,0.390519112,0.608227074,-0.0143579105,0.39866516,0.618946314,-0.019810982,0.405116439,0.625469208,-0.0228824373,0.410167813,0.630439341,-0.0246895198,0.380974859,0.609119415,-0.0148862554,0.382396072,0.617681861,-0.0202187616,0.383681297,0.623241,-0.022686122,0.3849805,0.628030121,-0.0239576921
2000.0000000000034,0.383374035,0.594484,1.22275409e-007,0.40236935,0.59401,-0.0043822797,0.41761291,0.598111391,-0.00771232694,0.427363366,0.604319036,-0.0100273145,0.436656624,0.608696938,-0.0122934124,0.411372066,0.603876054,-0.0130079929,0.423841596,0.613971591,-0.017934842,0.430586547,0.620047092,-0.0196926259,0.435698211,0.62482518,-0.0206414983,0.400927722,0.607036471,-0.013789352,0.411293894,0.617871046,-0.0182850193,0.41781649,0.624381,-0.0203369837,0.422523201,0.62931633,-0.0218288135,0.390592545,0.608918071,-0.0144184073,0.39834,0.61912173,-0.019386733,0.404401213,0.625473619,-0.0221956242,0.409168839,0.630410492,-0.0240821429,0.380844921,0.609763324,-0.0149494438,0.381816298,0.617675424,-0.0202545989,0.382583141,0.622854948,-0.0226290654,0.383399338,0.627395153,-0.0239259973
2016.6666666666702,0.432974249,0.36141634,1.46709723e-007,0.44339323,0.356199563,-0.00970597193,0.452393234,0.35002768,-0.0155227371,0.459881335,0.34851104,-0.0208248477,0.462377936,0.34735769,-0.0264870711,0.430212468,0.339251906,-0.00902544707,0.426911294,0.329916716,-0.0142122954,0.425449699,0.325125098,-0.0189862773,0.424510598,0.321113795,-0.022611741,0.419294208,0.342036188,-0.00826366805,0.413717389,0.333083212,-0.0126391724,0.411844909,0.330642611,-0.0164992344,0.411942124,0.329214692,-0.0194339,0.41115129,0.346715689,-0.00861177314,0.407226205,0.339814484,-0.0120099848,0.406179845,0.338024288,-0.0133555317,0.406985849,0.336483508,-0.0144551815,0.40548411,0.352849394,-0.0100388024,0.40158397,0.349012733,-0.0124926418,0.400771946,0.347352356,-0.0124892378,0.401357174,0.345413625,-0.012502565
2016.6666666666702,0.386702925,0.591862202,1.39078779e-007,0.404248953,0.592605114,-0.00445085624,0.417832851,0.597631633,-0.00776856,0.427282959,0.604122281,-0.0100914445,0.436798573,0.608555734,-0.0124164,0.411129266,0.603779376,-0.0125397732,0.423461944,0.613820195,-0.0177202541,0.430502355,0.619957149,-0.0198930185,0.435560942,0.624715328,-0.0209892467,0.400749,0.606820643,-0.0132857496,0.410627365,0.617693484,-0.0178111568,0.417129129,0.624500215,-0.0200915635,0.421651393,0.629710495,-0.0216681715,0.390509486,0.608390689,-0.0139254117,0.397568941,0.619057596,-0.018993428,0.403202862,0.625535548,-0.0217868909,0.407697558,0.630651832,-0.0235355422,0.380983263,0.608806551,-0.0144655639,0.381677866,0.617301464,-0.0200234596,0.382158399,0.622953296,-0.0222770404,0.382684112,0.627904475,-0.0233046282
2033.333333333337,0.426653147,0.354939103,9.85803652e-008,0.434642643,0.349658817,-0.00877054594,0.440094829,0.343517184,-0.0140496017,0.443520546,0.340400815,-0.0189056117,0.443475574,0.337936312,-0.0239220634,0.422165543,0.33194074,-0.00845038798,0.41971913,0.322485715,-0.0137490379,0.418431878,0.318025857,-0.0182358753,0.417575359,0.314367712,-0.0214256793,0.41200465,0.334038019,-0.00765642338,0.405944407,0.324749559,-0.0136300288,0.404638946,0.323294371,-0.0183828101,0.405677617,0.322992474,-0.0211175811,0.404752076,0.337618947,-0.00770542491,0.399520069,0.330461651,-0.0120552769,0.398967,0.329747617,-0.0146027096,0.40035817,0.329522461,-0.0159695521,0.39973402,0.342393577,-0.00857793633,0.394216835,0.338551223,-0.011275785,0.39244017,0.337249845,-0.0121179521,0.392554075,0.336122304,-0.0124797523
2033.333333333337,0.382691234,0.592669606,1.162052e-007,0.401534587,0.592615664,-0.00443919,0.416537911,0.597109854,-0.00795623381,0.426621854,0.603491247,-0.0103999618,0.435994536,0.608345568,-0.0128687602,0.409562945,0.602863908,-0.0135622155,0.422828943,0.613841891,-0.0187039096,0.429901868,0.620212317,-0.0203270782,0.435313314,0.62497437,-0.0209859312,0.39865613,0.60603106,-0.0142246922,0.410006225,0.618047595,-0.0189938284,0.416641116,0.624783635,-0.0209695399,0.421580821,0.629713953,-0.0221585687,0.388202786,0.607796133,-0.0146805057,0.396813035,0.619120777,-0.0197045244,0.40306893,0.625874519,-0.02237322,0.407984257,0.631013,-0.0239910129,0.37869373,0.608566761,-0.0149585186,0.380890876,0.617268503,-0.0200101081,0.381945759,0.62283814,-0.0219890792,0.383099586,0.627651453,-0.0228950065
2050.0000000000036,0.418072939,0.345612109,3.49255824e-009,0.404826045,0.348500788,-0.00673738029,0.39121151,0.347166121,-0.0113656269,0.38042897,0.346051157,-0.0158031359,0.371767938,0.344482332,-0.0205082167,0.392488569,0.3331514,-0.00594160473,0.386963278,0.328731626,-0.0110654822,0.386345297,0.327418804,-0.0157620311,0.387452751,0.326671273,-0.0189433,0.398862779,0.328132629,-0.00608901773,0.392933339,0.32002911,-0.010969718,0.393256158,0.317392081,-0.0153733846,0.395677298,0.3159554,-0.0185093228,0.405541897,0.324921548,-0.00712703215,0.401513278,0.31593439,-0.0115623036,0.401645899,0.311929107,-0.0146356449,0.403298199,0.308807075,-0.0167964045,0.412775874,0.323550135,-0.00868242048,0.411533445,0.315570474,-0.0116132507,0.411724478,0.310453922,-0.0127566867,0.412488282,0.306097567,-0.0137052462
2050.0000000000036,0.382847071,0.591170728,1.27085428e-007,0.401779771,0.591712117,-0.00435101846,0.416454226,0.596911132,-0.00739262393,0.426560789,0.603590548,-0.00945810135,0.436408609,0.608341157,-0.0115450434,0.409305751,0.60266,-0.0124803483,0.421613693,0.613302469,-0.0177141149,0.428829879,0.619678855,-0.0198503304,0.434304655,0.62462306,-0.0209804829,0.398605853,0.605868,-0.0131977191,0.408973664,0.617274344,-0.0178880207,0.415982515,0.624085307,-0.0202395879,0.421257615,0.629338324,-0.0218907855,0.388276339,0.60764426,-0.0137853948,0.396576226,0.618774235,-0.0189297497,0.402959913,0.625375569,-0.0217850022,0.408030242,0.630497634,-0.0236240663,0.37883094,0.608346105,-0.0142684923,0.380194157,0.616897762,-0.0198305883,0.38117674,0.622513831,-0.0222506784,0.382111579,0.627429605,-0.0234629344
2066.66666666667,0.414828092,0.340349704,1.06829738e-007,0.397800863,0.343764573,-0.0095846327,0.38013947,0.342710048,-0.0158883613,0.36493957,0.34169057,-0.0206033513,0.352252871,0.340742052,-0.0254420303,0.387735456,0.328791887,-0.0133210961,0.380244613,0.324795634,-0.018907899,0.375029117,0.321910411,-0.0234258566,0.370837569,0.31932202,-0.0266273506,0.394744784,0.323486358,-0.0115437014,0.388935477,0.316291541,-0.016366899,0.384845555,0.311047047,-0.0198121499,0.381997,0.306613,-0.0227962751,0.40141654,0.320064574,-0.0104081305,0.397243559,0.311628908,-0.0151274875,0.395555288,0.305716425,-0.0180538353,0.394764692,0.300441593,-0.0203177799,0.407461226,0.318552345,-0.00982166,0.406212956,0.310625613,-0.0140943276,0.406106085,0.304901481,-0.0158926807,0.406618178,0.299706757,-0.0171988215
2066.66666666667,0.381743133,0.592380583,1.28610949e-007,0.401113153,0.592469454,-0.00475785276,0.416267812,0.597261071,-0.00813062117,0.426363677,0.603871703,-0.010389071,0.436036408,0.608503461,-0.0127002429,0.408988714,0.602988839,-0.0136097455,0.42183587,0.613855064,-0.0188280065,0.429072499,0.620182931,-0.0207492206,0.434616268,0.625057757,-0.0217121113,0.398158252,0.606108308,-0.0141775757,0.409010023,0.617556274,-0.0191279706,0.416191846,0.624466062,-0.0215841886,0.421514422,0.629690886,-0.0233080015,0.387933493,0.607835,-0.0145766363,0.395965725,0.618696094,-0.0200005677,0.402394235,0.625607431,-0.0233459156,0.407451779,0.63092494,-0.0255275667,0.37882483,0.60847789,-0.0148312757,0.380395412,0.616712034,-0.0206876341,0.38111335,0.622249722,-0.0234298389,0.381867051,0.627025962,-0.0248878691
2083.3333333333367,0.397960365,0.32746,9.0311838e-009,0.385765165,0.330088913,-0.00633745361,0.371333539,0.329177707,-0.0108441021,0.359660089,0.328376621,-0.0149964103,0.351967901,0.326042771,-0.0193878915,0.375226259,0.319074184,-0.00800681952,0.367174387,0.315370172,-0.0129327867,0.364817947,0.314002365,-0.0166044962,0.364395589,0.313179374,-0.0189452656,0.38245967,0.314061254,-0.00815258455,0.375837803,0.306644052,-0.0118223494,0.373739362,0.302867383,-0.0145994844,0.373473078,0.299954832,-0.0169384461,0.39031145,0.310670018,-0.00909485575,0.386600941,0.302549452,-0.0132003883,0.384802043,0.297686905,-0.0156928077,0.383876473,0.293429822,-0.0175307132,0.398128122,0.309019148,-0.0104104616,0.397629559,0.302012175,-0.0137830274,0.397601783,0.296913058,-0.014743099,0.397779405,0.292197049,-0.0154512404
2083.3333333333367,0.382036418,0.592207909,1.27468169e-007,0.40128243,0.59268415,-0.00435038796,0.416394353,0.597323,-0.00770919118,0.426541597,0.60363543,-0.0101399096,0.436177552,0.608186305,-0.0126132565,0.409879953,0.603762269,-0.0125189247,0.422116131,0.613999605,-0.0179967079,0.429071844,0.620234907,-0.0204566419,0.434232891,0.625119328,-0.0218215212,0.399190307,0.606850207,-0.0135349277,0.409289956,0.617912233,-0.0184267759,0.416024357,0.624617398,-0.0209747087,0.421005398,0.629780769,-0.022724295,0.388593316,0.608451366,-0.0144560467,0.396167785,0.619184077,-0.0197674353,0.402342767,0.625805616,-0.0227471534,0.407303184,0.630985856,-0.0246558748,0.378562,0.608910799,-0.015278467,0.379890382,0.617267191,-0.0208957698,0.380748302,0.622771621,-0.0231963508,0.381558269,0.627598047,-0.0243039131
2100.000000000003,0.397684634,0.328321189,1.23897792e-007,0.381828755,0.331587821,-0.00907342136,0.36376664,0.330714107,-0.0147688221,0.348347098,0.330115527,-0.0193043817,0.335425466,0.330319792,-0.0238922406,0.367432088,0.316319853,-0.00986557174,0.358660251,0.311150312,-0.0145442365,0.353583664,0.307611197,-0.0183596052,0.350503117,0.30442673,-0.0211809054,0.376345783,0.310738981,-0.00939402822,0.369317561,0.302490294,-0.0127938474,0.364742815,0.297223449,-0.0156798549,0.361875236,0.292567432,-0.0182880517,0.386419743,0.307732701,-0.00993160717,0.382343471,0.298073202,-0.014059254,0.380031675,0.2922135,-0.0169605203,0.378259361,0.287108123,-0.019279927,0.396432817,0.30682236,-0.011090517,0.395259291,0.29835704,-0.0154492417,0.395060748,0.292188168,-0.0171704367,0.394913614,0.286551595,-0.0183546953
2100.000000000003,0.380652666,0.591972053,1.36370801e-007,0.399507,0.592393875,-0.00484587299,0.415145516,0.597045064,-0.00882647559,0.425774843,0.603509128,-0.0117197772,0.435920238,0.608227372,-0.014639115,0.407978922,0.602217615,-0.0150721492,0.421377957,0.613432825,-0.0211175419,0.42889449,0.62009424,-0.0233885068,0.434585422,0.625218034,-0.0244927332,0.397017062,0.60533607,-0.0159533359,0.407898426,0.617237389,-0.0216617882,0.415018916,0.624487162,-0.0241655875,0.420169145,0.629920363,-0.0258341879,0.386600852,0.607119322,-0.0166417453,0.394826263,0.618296504,-0.0225973576,0.401230514,0.62533772,-0.0257494394,0.406321466,0.630758345,-0.0277070962,0.377289474,0.607883453,-0.017189838,0.379489809,0.61644882,-0.0233257506,0.380344957,0.622239649,-0.0259599965,0.381028861,0.627281,-0.0272922032
2116.6666666666697,0.39700222,0.32857275,8.82290365e-008,0.376753271,0.330757827,-0.00623349892,0.356443465,0.328314215,-0.00899209362,0.341654778,0.325763404,-0.0112047046,0.329263687,0.324451983,-0.013274258,0.363301367,0.31238687,-0.00297762221,0.352864623,0.306329161,-0.0057139867,0.346896142,0.302523136,-0.00854901783,0.343036532,0.299163073,-0.0107387314,0.372555912,0.306867301,-0.00337926415,0.362601727,0.297858387,-0.004787012,0.357486188,0.292271107,-0.00683928141,0.354367,0.287423521,-0.00879325531,0.382859051,0.303930342,-0.00490795402,0.378188878,0.293560535,-0.00819923449,0.375941277,0.287402272,-0.0108475918,0.37421909,0.282105029,-0.0127975671,0.393589467,0.303169578,-0.00694709644,0.392888516,0.293884784,-0.0107757822,0.393035114,0.287835687,-0.0121658919,0.393010795,0.282233983,-0.0130340187
2116.6666666666697,0.383798361,0.592097878,1.3449791e-007,0.402413636,0.592547417,-0.00476536853,0.416832656,0.597351909,-0.00829630252,0.426569313,0.603897333,-0.0107406387,0.436281919,0.608380377,-0.0132837575,0.409360617,0.603861809,-0.0137051307,0.421802074,0.614387691,-0.0190001279,0.428903162,0.620488703,-0.021120755,0.434114844,0.625187874,-0.0221915208,0.398513198,0.606970727,-0.0143101281,0.408852279,0.618289232,-0.0189509857,0.415557951,0.625021577,-0.0212143846,0.420133114,0.63006705,-0.0228143875,0.388113707,0.608586073,-0.0147512807,0.396005809,0.61935389,-0.019849604,0.402312,0.625758529,-0.0227126796,0.407137901,0.630681634,-0.024602307,0.378597379,0.609085202,-0.0151023949,0.37971893,0.617368221,-0.0206441712,0.380492449,0.622709632,-0.022934217,0.38110134,0.627321362,-0.0240500495
2133.333333333336,0.396913856,0.32607612,7.94290216e-008,0.377586722,0.328473508,-0.00630494254,0.357670188,0.326307952,-0.00941945519,0.342049241,0.32424894,-0.0121178329,0.329193145,0.323201448,-0.0147589128,0.36303544,0.310769826,-0.00323676,0.349924535,0.305119187,-0.00643420219,0.342583865,0.301357895,-0.00970233791,0.337454975,0.298018456,-0.0122670811,0.371217132,0.305144578,-0.00405345857,0.359097362,0.295400798,-0.00601647841,0.352528721,0.289373159,-0.00865992438,0.348095924,0.284356594,-0.010987116,0.381343365,0.30231005,-0.00599125586,0.375460088,0.291279078,-0.00970239285,0.372359663,0.284765,-0.0128512848,0.369550675,0.279190838,-0.0151808476,0.392335922,0.301682681,-0.00842740573,0.391338706,0.292633444,-0.0121280402,0.391012371,0.286700398,-0.0133678429,0.39034608,0.281351745,-0.0142712332
2133.333333333336,0.384640098,0.591216207,1.20982691e-007,0.402478755,0.592236102,-0.00448149443,0.416265935,0.597518325,-0.00805837661,0.425944597,0.60407877,-0.0106301596,0.435681581,0.608305931,-0.0133174872,0.40918678,0.603250384,-0.0133237056,0.421310127,0.614149213,-0.0186086297,0.428126335,0.620449424,-0.0206712037,0.433421552,0.625226,-0.0217093639,0.398425579,0.606073797,-0.0140910773,0.408458263,0.617835402,-0.0190608408,0.41506049,0.624743521,-0.0214444287,0.420053452,0.629912913,-0.023029685,0.38803488,0.607512951,-0.0146723362,0.395636171,0.618919253,-0.0198962409,0.401865751,0.625787795,-0.0228218809,0.406777292,0.631065547,-0.0246777032,0.378562957,0.607955575,-0.0151126944,0.379793763,0.616733193,-0.0204589926,0.380472958,0.62243855,-0.0226876233,0.381158084,0.627370417,-0.0237872433
2150.0000000000027,0.399090588,0.326418549,6.93222049e-008,0.379905522,0.328453,-0.00639452366,0.359141439,0.326325268,-0.00944353361,0.34287104,0.324816644,-0.0120731751,0.330280423,0.32394293,-0.0145674963,0.361852229,0.311018318,-0.00297239865,0.347455025,0.304888725,-0.00646891585,0.339641631,0.300841242,-0.00995125,0.333809733,0.297304273,-0.0126883918,0.369891256,0.305443913,-0.00386109436,0.35725531,0.296066374,-0.00648344913,0.349897325,0.290260315,-0.00975884497,0.344597489,0.285519421,-0.0124526909,0.379975319,0.302415133,-0.0058770082,0.372353166,0.29146418,-0.0098051969,0.367539287,0.28486377,-0.0130380606,0.363303632,0.279297233,-0.0153853307,0.391072094,0.301601,-0.00841445,0.387790233,0.292977333,-0.0118654659,0.385614634,0.287248284,-0.012908523,0.383601,0.282200962,-0.0136661213
2150.0000000000027,0.383193791,0.59262234,1.23475928e-007,0.401823789,0.592891097,-0.00506592775,0.416364,0.597412,-0.0089132674,0.426129133,0.603770852,-0.011694341,0.435979307,0.608104408,-0.0145471031,0.409400076,0.603456914,-0.0135826152,0.421660572,0.614243865,-0.0189215411,0.42835328,0.620592,-0.0209728759,0.433520675,0.625465631,-0.0220590234,0.398559749,0.606310785,-0.0142605873,0.408808738,0.618005395,-0.0193049144,0.415192217,0.624903679,-0.021781981,0.419885457,0.630048037,-0.0234647151,0.388165146,0.607746184,-0.0148541257,0.395831496,0.6187554,-0.020321792,0.401859671,0.625622392,-0.0235345215,0.406547129,0.630922675,-0.025625525,0.378602177,0.608157098,-0.0153507181,0.379657924,0.616418958,-0.02099742,0.380358517,0.622016847,-0.0235504694,0.381080687,0.626986206,-0.0249437187
2166.6666666666692,0.399133474,0.327124953,7.03018799e-008,0.380854756,0.328676909,-0.00642002514,0.360860795,0.326785475,-0.0097076809,0.344906241,0.325865358,-0.012484448,0.33262828,0.324393,-0.0150619559,0.363110095,0.312000096,-0.00422136113,0.347205907,0.306131333,-0.00829127,0.338660032,0.302326083,-0.011917579,0.332429677,0.298861682,-0.0145997088,0.370681196,0.306685358,-0.00501871156,0.356709659,0.297701329,-0.00802669581,0.348797947,0.292111546,-0.0111917872,0.343029469,0.287561595,-0.0136657609,0.380222529,0.303872824,-0.00689055026,0.371736228,0.293246,-0.0109581687,0.366312444,0.286726892,-0.0137520647,0.361486316,0.281371951,-0.0156999752,0.390784353,0.303298891,-0.00925432518,0.386815488,0.294925898,-0.0127485665,0.383463502,0.289380223,-0.0135470638,0.380074829,0.284641832,-0.0140463607
2166.6666666666692,0.382665932,0.592693031,1.28775596e-007,0.400768667,0.592772126,-0.00464126375,0.415446073,0.597232282,-0.00825355668,0.425547659,0.60354656,-0.0108321141,0.435273975,0.608116031,-0.013395655,0.408846021,0.60350728,-0.0133467019,0.421479762,0.614127338,-0.0185296591,0.4284105,0.62032032,-0.0204873644,0.433498323,0.625062823,-0.0214324072,0.398208529,0.606427491,-0.0140356012,0.408708096,0.617855,-0.0185157675,0.41530025,0.624707,-0.0205343217,0.41990459,0.629878819,-0.0219413079,0.387890309,0.608005941,-0.0145946173,0.395690262,0.618827283,-0.0193055607,0.401623458,0.62552774,-0.0218417123,0.406233728,0.630819798,-0.0235527158,0.378355443,0.608633578,-0.0150928833,0.379896909,0.61671257,-0.0201298539,0.380843163,0.622076154,-0.0221208762,0.381641299,0.626839221,-0.0230886918
2183.3333333333358,0.39948225,0.32810232,5.58012339e-008,0.381337076,0.330186784,-0.00738168554,0.361399442,0.328807175,-0.0113298865,0.346137911,0.327099204,-0.0144476639,0.333506167,0.325072795,-0.0173757337,0.364591628,0.314924747,-0.00705707958,0.348732561,0.308959633,-0.0119270403,0.339811355,0.30520913,-0.0157941673,0.332777292,0.301850438,-0.0186686087,0.372249544,0.309519231,-0.00748296501,0.358180523,0.300723642,-0.0115957893,0.349853337,0.295240462,-0.0151259974,0.343540132,0.290593654,-0.0178727955,0.381400257,0.306603611,-0.00890236162,0.371925771,0.296545833,-0.0137741324,0.365885854,0.290007889,-0.0167657323,0.360718697,0.284422874,-0.0188376233,0.391519219,0.305683613,-0.0108399056,0.385123551,0.298056692,-0.0150026595,0.380354613,0.293049097,-0.0161280949,0.375776857,0.288783491,-0.0168773513
2183.3333333333358,0.380891711,0.592965782,1.32957553e-007,0.39988181,0.592871964,-0.00474518165,0.415133595,0.597232699,-0.00868471,0.425385118,0.603520155,-0.0114779389,0.435206145,0.607984602,-0.0143208113,0.408334464,0.602824509,-0.0148054166,0.421388209,0.613620102,-0.0206425153,0.428626299,0.620029449,-0.0230090376,0.433977097,0.624980807,-0.0242041685,0.397541016,0.606006444,-0.0155222714,0.408277214,0.61774087,-0.0207174513,0.415167391,0.624620438,-0.0229826923,0.420006663,0.62975812,-0.0245401412,0.387320578,0.607825816,-0.0160082057,0.395772129,0.618987143,-0.0213446,0.40203163,0.625652552,-0.0240216907,0.40674448,0.63071,-0.0257612076,0.378340513,0.608537853,-0.016386386,0.380437762,0.616911,-0.0219412819,0.381184906,0.622250795,-0.024065461,0.381657869,0.626831591,-0.0250755958
2200.0000000000023,0.404439628,0.330768734,4.88150214e-008,0.386865348,0.332930684,-0.00724699162,0.366949558,0.331805825,-0.0113405362,0.351501822,0.329872,-0.0145277092,0.339436889,0.327082574,-0.0174271893,0.369320095,0.318985373,-0.00822436716,0.351884484,0.312798053,-0.0135727702,0.341960728,0.309099793,-0.017402932,0.334170699,0.30598107,-0.0200741477,0.376212925,0.313637286,-0.00850634836,0.36118865,0.304718316,-0.0132640051,0.351852149,0.299417138,-0.0169201847,0.344956249,0.29526028,-0.0195554458,0.384237021,0.310442269,-0.00964488648,0.373547822,0.300248623,-0.0149341859,0.366033822,0.293738514,-0.01819098,0.36015588,0.288533658,-0.0202647485,0.393124402,0.309135616,-0.0112033971,0.384903342,0.302153766,-0.0157829616,0.378788054,0.297780305,-0.0171433277,0.373493403,0.294443369,-0.0178702697
2200.0000000000023,0.379546255,0.593782723,1.45242026e-007,0.398756981,0.593456686,-0.00553163234,0.41508314,0.597257316,-0.00977230817,0.425748646,0.603684545,-0.0127517153,0.435914814,0.608185172,-0.0156646073,0.407622635,0.601852834,-0.0159686953,0.420910567,0.612766445,-0.0221149195,0.428600967,0.619387,-0.0245159566,0.434325606,0.624583542,-0.0257365722,0.39707309,0.604929209,-0.0164919924,0.408399761,0.616494715,-0.0219785348,0.415534824,0.623816729,-0.0242302511,0.420349449,0.629473329,-0.0258868,0.386982679,0.607025862,-0.0168694034,0.395868927,0.617990494,-0.0225250982,0.401975393,0.625032902,-0.0252601895,0.406583726,0.630534351,-0.0270550363,0.377963305,0.608246624,-0.0172381718,0.380901217,0.616619,-0.0231234338,0.381928355,0.622122943,-0.0254876614,0.382556677,0.626825571,-0.02672223
2216.666666666669,0.407577366,0.334904253,4.29426272e-008,0.391303569,0.336699247,-0.00727338763,0.371812463,0.334481239,-0.010863563,0.356436372,0.331617713,-0.013367095,0.34424752,0.328790486,-0.0155478567,0.374300599,0.322394788,-0.00794835761,0.356302887,0.316140562,-0.0128739802,0.345936686,0.31269446,-0.0163575634,0.337873638,0.309804708,-0.0186665934,0.380808234,0.317215204,-0.00778340222,0.364827186,0.308292449,-0.0115856323,0.355011046,0.303269088,-0.0148225883,0.34771353,0.299370795,-0.0171903204,0.388323247,0.314143836,-0.00842060801,0.376385808,0.304628909,-0.0126318466,0.367768496,0.298768461,-0.0155099025,0.360976338,0.294136703,-0.0173902344,0.396627754,0.312727898,-0.00949798245,0.387104,0.306026518,-0.0131525202,0.380129188,0.302251339,-0.0140652042,0.374231458,0.299738228,-0.0144836716
2216.666666666669,0.385226935,0.59356904,1.64021912e-007,0.402338088,0.593377769,-0.00560545,0.41665557,0.597308278,-0.0097684022,0.425990611,0.603568316,-0.012665147,0.435473949,0.607967913,-0.0156139173,0.410124481,0.603379667,-0.0158879738,0.422199279,0.613704383,-0.0217205957,0.42890361,0.620058239,-0.0240309276,0.43376568,0.625113785,-0.0252009369,0.399879277,0.606146514,-0.0164191555,0.409991622,0.617387712,-0.0215517376,0.416596562,0.624407172,-0.0238556731,0.42110458,0.629748,-0.0255382601,0.389648616,0.607623,-0.01676967,0.396752477,0.618181586,-0.0222494602,0.402716726,0.624961,-0.0252002515,0.407447219,0.630396485,-0.0272189472,0.380012244,0.608062565,-0.0170974676,0.380755723,0.616211772,-0.0232562646,0.38139993,0.621989906,-0.0258463435,0.382004023,0.627024651,-0.0271989871
2233.3333333333353,0.413658977,0.339552611,2.57851251e-008,0.396084487,0.341082543,-0.00651238253,0.375985235,0.337937653,-0.00909017213,0.360616863,0.334027261,-0.0107974429,0.348799229,0.330379277,-0.0120940767,0.377611905,0.326348424,-0.00438469416,0.361082822,0.319763631,-0.00837537739,0.350806952,0.316236675,-0.0117133204,0.342344791,0.313653022,-0.0141047053,0.384733766,0.321368307,-0.004154786,0.369573236,0.312761307,-0.00711146137,0.359446108,0.307983756,-0.0104191648,0.351438135,0.304601461,-0.0129492776,0.392812282,0.318432838,-0.00482663652,0.380119532,0.309780329,-0.00838270225,0.370459318,0.304487139,-0.0114865266,0.362527251,0.300561905,-0.0136738168,0.4017573,0.317013711,-0.00594089599,0.392943084,0.311029792,-0.00934519339,0.386145949,0.307980478,-0.0105267763,0.38057065,0.306286693,-0.0111520421
2233.3333333333353,0.38234815,0.593286633,1.29648214e-007,0.401150644,0.593025625,-0.0045194081,0.415838957,0.597509503,-0.0079828864,0.425679803,0.603766263,-0.0104100993,0.435117632,0.60822767,-0.0128843989,0.409140944,0.603967905,-0.0133371046,0.421860904,0.614138544,-0.018706087,0.428987,0.620233655,-0.0209263191,0.434369445,0.624942958,-0.022055706,0.398576677,0.606852472,-0.0141361952,0.409338087,0.617937088,-0.018910192,0.416179448,0.624700367,-0.0212872345,0.421031088,0.629832625,-0.0228518769,0.388215542,0.608373523,-0.0147706252,0.396491528,0.618713677,-0.0197185241,0.403000802,0.625300467,-0.0226733871,0.407987118,0.630457759,-0.0245717224,0.37849462,0.608883381,-0.0153118642,0.380564868,0.616870642,-0.0205043424,0.381880969,0.622139871,-0.0226745848,0.382947564,0.626782477,-0.0237130634
2250.000000000002,0.422928363,0.342445523,7.42248432e-008,0.420230657,0.331068486,-0.000408714404,0.410974771,0.32235378,-0.000275527447,0.400390625,0.318220496,-0.000760556955,0.389567047,0.317011595,-0.00177484576,0.396518797,0.321490586,-0.000119326098,0.380764425,0.313792795,-0.00266501843,0.370935291,0.309677064,-0.0050584022,0.362802178,0.307079315,-0.00674587535,0.390328646,0.326504946,-0.00268763257,0.374845803,0.318324208,-0.00463314587,0.364385188,0.314360231,-0.00757967401,0.356310338,0.311988562,-0.00978630222,0.386263043,0.332492292,-0.00553644029,0.370195329,0.325749964,-0.00752791623,0.359326124,0.322016746,-0.0100858528,0.350802571,0.31928426,-0.0122251883,0.384106129,0.339418322,-0.00836772751,0.369752884,0.336671,-0.0111942785,0.360578656,0.334469408,-0.0123442067,0.353200525,0.332240194,-0.0130121894
2250.000000000002,0.380206704,0.592316926,1.2468621e-007,0.399044842,0.59223181,-0.00447600847,0.413919836,0.596771121,-0.00789960939,0.424388111,0.603286862,-0.0103209969,0.434495926,0.607873261,-0.0127905291,0.407210171,0.603025436,-0.013146149,0.420752734,0.613674939,-0.0186090767,0.42812869,0.620044887,-0.0207731687,0.43361038,0.624886811,-0.0217997916,0.396828502,0.606268287,-0.0138781248,0.408517689,0.61767149,-0.0187594499,0.415943,0.624389112,-0.0210390314,0.42116192,0.629345834,-0.022476485,0.386777222,0.607981145,-0.0144568449,0.39598915,0.61874789,-0.0195833389,0.402986228,0.625206172,-0.0224429499,0.408216208,0.630080521,-0.0242036246,0.37752986,0.608592212,-0.014926387,0.379855901,0.616783857,-0.0203313604,0.381301,0.622070432,-0.0225981027,0.382467717,0.626619101,-0.0236299653
2266.6666666666683,0.433018506,0.344781101,7.25469604e-008,0.42737,0.333250701,-0.00085769064,0.414202571,0.325923532,-0.00189207192,0.400565118,0.323220789,-0.0032749665,0.387724072,0.322811097,-0.00493186852,0.404436737,0.326117098,-0.00198301743,0.386020213,0.320352226,-0.00591058563,0.374385387,0.31770885,-0.00906143431,0.364869505,0.316176534,-0.0111202057,0.398584664,0.331607908,-0.00396448653,0.381224871,0.325314701,-0.00684129773,0.36929369,0.321861625,-0.00976809859,0.360148221,0.319254726,-0.0121864136,0.393921584,0.337597132,-0.0062464755,0.377119035,0.33155477,-0.00845108,0.365481764,0.327863604,-0.0103779212,0.356476396,0.32492277,-0.0121450787,0.390319318,0.343992114,-0.00853875931,0.376605064,0.340102822,-0.0104896445,0.367649734,0.336670965,-0.0112057282,0.360317916,0.333286941,-0.0118363602
2266.6666666666683,0.380550385,0.589882135,1.24470944e-007,0.399701059,0.590730548,-0.00452713249,0.414547384,0.596254289,-0.00766037125,0.424381644,0.603321612,-0.00986495893,0.434285849,0.608142436,-0.0121650072,0.407187343,0.602477372,-0.0122247441,0.419908136,0.613023937,-0.0177556686,0.427197605,0.619465292,-0.0203043092,0.432822466,0.624477565,-0.0216809846,0.396603137,0.605597079,-0.0131306564,0.40731138,0.617044568,-0.0181543883,0.414604813,0.624108,-0.0209498908,0.420185328,0.629598618,-0.022814462,0.386354357,0.607183456,-0.0139767341,0.394903898,0.618074834,-0.0192779955,0.401636362,0.624734104,-0.0223086271,0.406986058,0.629939675,-0.0241820421,0.376616776,0.607725501,-0.0147537729,0.379430354,0.616258085,-0.020058319,0.38128835,0.621745825,-0.0221500844,0.382917,0.626548,-0.0231372453
2283.333333333335,0.437930048,0.349598885,6.14535409e-008,0.432317078,0.338100612,-0.000987423467,0.419250637,0.330628961,-0.00143343804,0.405662417,0.327675343,-0.00218132,0.393119,0.328333825,-0.00304092304,0.411514282,0.329891205,0.000201863644,0.393591404,0.325306296,-0.00242815865,0.381031573,0.324010551,-0.00479326211,0.370788962,0.323698729,-0.00651704939,0.405543238,0.335024327,-0.00122297707,0.388351321,0.330113,-0.00346287875,0.376431286,0.327815771,-0.00624631811,0.3669765,0.326187283,-0.00846415851,0.400675237,0.340675026,-0.00303858775,0.384533584,0.335489124,-0.00495499466,0.373716533,0.332337171,-0.00689376192,0.364982069,0.329821944,-0.0085205473,0.396711141,0.346823573,-0.00491804443,0.383525908,0.34239164,-0.00676015113,0.374907136,0.339017272,-0.00766671263,0.367596239,0.335659355,-0.0083334269
2283.333333333335,0.37993902,0.59114176,1.17803069e-007,0.398771077,0.59189713,-0.00470392,0.41409871,0.59704572,-0.00831177365,0.424393207,0.603680253,-0.0108232265,0.43400678,0.608282685,-0.0133278072,0.40672949,0.602907,-0.0131659163,0.420048147,0.613956809,-0.0182300117,0.427107722,0.620144308,-0.0202448908,0.432330102,0.624926031,-0.0211802218,0.395833105,0.605836332,-0.0137058701,0.407127917,0.61762,-0.0182176549,0.414381206,0.624450088,-0.0203847848,0.419900119,0.629467845,-0.0218225457,0.385484725,0.60745,-0.0140773039,0.394111156,0.618642271,-0.0185468439,0.400981724,0.625433922,-0.0209627897,0.406283885,0.630441904,-0.0225296225,0.376121938,0.608186245,-0.0143792247,0.380008698,0.616735578,-0.0188095048,0.382570177,0.622308075,-0.0203154143,0.384764,0.627032042,-0.0209447518
2300.0000000000014,0.44233641,0.350016624,5.3602629e-009,0.423025966,0.349327177,-0.00416820729,0.40364182,0.34620896,-0.00464799907,0.389251232,0.342488557,-0.0052478076,0.377649784,0.338987231,-0.00537143368,0.399987936,0.339069813,0.00513338717,0.385984123,0.335289717,0.00299443258,0.377231419,0.334315538,-0.000619578816,0.368860543,0.333844662,-0.00384262926,0.404411405,0.336776376,0.00471856399,0.390746176,0.333214462,0.00254123681,0.381274372,0.332119137,-0.00163329882,0.372895062,0.33191815,-0.00495805638,0.411059678,0.33511883,0.00294719124,0.398038566,0.331236959,-0.000223823416,0.388623506,0.329976201,-0.00284220441,0.379901886,0.329989851,-0.0046843281,0.420129418,0.334065139,0.000635193486,0.410097599,0.331396073,-0.00282076327,0.402311832,0.331081629,-0.00397491967,0.394967645,0.331643075,-0.00455799559
2300.0000000000014,0.37782988,0.591419935,1.13871074e-007,0.397279084,0.591819823,-0.00432713749,0.412938118,0.596529245,-0.00762799755,0.423702419,0.603140414,-0.0100776581,0.433701247,0.607970119,-0.0124809742,0.406886518,0.603381753,-0.0107406853,0.419905752,0.613924265,-0.0156373866,0.426750451,0.620101,-0.0178162195,0.431814522,0.624872148,-0.0189113449,0.396161586,0.60652864,-0.0115814535,0.407031298,0.617961943,-0.0158725977,0.413996637,0.624614358,-0.0183295216,0.419458807,0.629598,-0.0199314598,0.385771513,0.608182907,-0.0124038532,0.394082785,0.618921161,-0.0170213263,0.400506586,0.625327349,-0.0196948331,0.405734718,0.63014859,-0.0213310905,0.376205444,0.608775198,-0.0131573975,0.379704505,0.616945744,-0.0177001543,0.381462634,0.62216568,-0.0192763135,0.382884175,0.626631498,-0.0198871661
2316.666666666668,0.44961068,0.351612329,-5.59026914e-009,0.428583443,0.352677822,-0.000813776802,0.409865707,0.349631459,-0.000794634572,0.397379249,0.344349712,-0.0016398821,0.388377249,0.339245021,-0.00222645304,0.407838225,0.344512612,0.00570373703,0.393879831,0.339727312,0.00347718061,0.385642141,0.337429702,0.000627488305,0.378549665,0.335909128,-0.00198863237,0.414021701,0.340593874,0.00321355,0.399654299,0.336148381,0.00114342547,0.391060054,0.334548414,-0.00238508126,0.383808732,0.334024638,-0.00528583862,0.421856821,0.337411165,-0.000204860291,0.407022476,0.332971632,-0.00326354336,0.397256106,0.332055926,-0.0054281652,0.389026195,0.332456768,-0.007170917,0.431813896,0.334823489,-0.00383101264,0.420894116,0.333425254,-0.00733565353,0.413048834,0.33421573,-0.0082982732,0.406339496,0.335899323,-0.00884990487
2316.666666666668,0.378758758,0.59371829,1.33188479e-007,0.397602737,0.59388411,-0.00501303794,0.413166702,0.597863853,-0.0091381073,0.423818588,0.603972554,-0.0120772086,0.43396771,0.607893467,-0.0150475027,0.405922741,0.603654802,-0.0149036888,0.419623435,0.614325106,-0.0204636045,0.426644325,0.620553911,-0.0224690307,0.431546956,0.625384033,-0.023355253,0.39523825,0.60681206,-0.0155476155,0.407022387,0.618716419,-0.0202178173,0.414014727,0.625623643,-0.0219611675,0.418745071,0.630489707,-0.0231559742,0.384988934,0.608435512,-0.0159972664,0.393877983,0.619511,-0.0207493771,0.400432199,0.625815451,-0.0228708424,0.405525267,0.630427182,-0.024320418,0.375653684,0.608954489,-0.0164041854,0.378528059,0.616824269,-0.0212941,0.380707741,0.622050405,-0.022964457,0.38270691,0.62656796,-0.0237637609
2333.3333333333344,0.456587493,0.351208,4.91352292e-009,0.436946303,0.352040172,-0.00159687316,0.419155091,0.350039124,-0.00248932512,0.406561404,0.346283,-0.00391820492,0.39709577,0.342434317,-0.00524885906,0.417770177,0.344882399,0.00125775463,0.403181851,0.340621442,-0.0021079008,0.39472118,0.338860124,-0.00522697717,0.387190908,0.337749213,-0.00780710811,0.423786372,0.341465116,-0.000950181915,0.408664733,0.33757025,-0.00407876074,0.399411231,0.336165458,-0.00737537723,0.391431779,0.335635275,-0.0100100348,0.431600571,0.33862412,-0.00392604154,0.416733533,0.334952414,-0.0080473125,0.40710479,0.334227473,-0.0102847088,0.399138957,0.334616184,-0.0118468069,0.441114455,0.336264491,-0.00705077453,0.430382,0.335007817,-0.0116376122,0.422359347,0.335828125,-0.0129972296,0.415626317,0.337446809,-0.013639926
2333.3333333333344,0.37941283,0.593544722,1.30358131e-007,0.397880554,0.593624413,-0.00495050568,0.413023144,0.597495914,-0.00917383097,0.423558861,0.603812456,-0.0122114588,0.433663815,0.608297765,-0.0153113017,0.405235231,0.603253841,-0.0152382273,0.418714523,0.613933086,-0.0212276243,0.425925076,0.620204508,-0.023605464,0.431050658,0.624985397,-0.0246948078,0.394452363,0.60651511,-0.0159404986,0.40632239,0.618135393,-0.0211351477,0.413720429,0.624982119,-0.0233090259,0.418893099,0.629911721,-0.0247566011,0.384356678,0.608327568,-0.0164178926,0.393546194,0.619364917,-0.021544043,0.40024358,0.625840306,-0.0238570422,0.405362904,0.630598187,-0.025334591,0.375387043,0.60912174,-0.0168167315,0.378695577,0.617345691,-0.0219912883,0.380765,0.622606218,-0.0237252694,0.382466048,0.627052963,-0.0244553741
2350.000000000001,0.380135059,0.594041,1.27491646e-007,0.398184687,0.593902946,-0.00531593291,0.412749976,0.597564816,-0.0094545586,0.42279774,0.603566527,-0.0123679433,0.432305634,0.60826695,-0.0152164623,0.405717432,0.603804827,-0.0143574243,0.41862306,0.614222527,-0.0201449841,0.42579,0.620348573,-0.0225717872,0.430981219,0.625120401,-0.0237654373,0.395104468,0.606998563,-0.0147066405,0.40604651,0.617956281,-0.019701248,0.413253754,0.624618053,-0.0219778456,0.418628424,0.629679739,-0.0235234238,0.385078251,0.608786404,-0.0149525665,0.393265516,0.61903429,-0.0198481586,0.399961203,0.625520825,-0.0223332755,0.405398071,0.630498111,-0.0239583328,0.375977516,0.60958004,-0.0151991919,0.37850678,0.617240846,-0.02011678,0.380789727,0.622352183,-0.0219837371,0.383039623,0.62681061,-0.0228569396
2366.6666666666674,0.482488692,0.36652106,-7.55557e-008,0.455158353,0.36370939,-3.23055356e-005,0.434103608,0.356599,0.00200399733,0.421039313,0.348718226,0.00255015446,0.409712762,0.34220612,0.00355941174,0.432991773,0.349298298,0.0144001506,0.420998484,0.342243493,0.0124408053,0.412317187,0.340596646,0.00826911069,0.404345125,0.34000802,0.00492939167,0.440245807,0.345705301,0.0117854578,0.428112179,0.338271,0.0101020103,0.419079363,0.337359279,0.00561811356,0.410795361,0.337580651,0.00216214173,0.449544311,0.343256474,0.00745525118,0.438203067,0.336091429,0.00483948039,0.429092526,0.335926861,0.00199732417,0.420930564,0.336869836,-0.000170135085,0.461465836,0.341777116,0.00267307647,0.452128172,0.338160872,0.000578613719,0.443723887,0.339094073,-0.000261080277,0.436233908,0.340790421,-0.000978312455
2366.6666666666674,0.382345319,0.592429757,1.1609125e-007,0.399391025,0.592971087,-0.00466968352,0.412911683,0.597467124,-0.00842379872,0.42238462,0.603640854,-0.0111125121,0.431498528,0.608307958,-0.0138732418,0.405604839,0.604134262,-0.0135278916,0.418033689,0.614287,-0.0191659238,0.425102919,0.620272219,-0.0216276199,0.430222273,0.624842525,-0.0228206329,0.395437717,0.607173502,-0.014179226,0.406458139,0.618128896,-0.0191410016,0.413632393,0.624673784,-0.0215560738,0.418880224,0.629617691,-0.0230866037,0.385621846,0.608741581,-0.0146700907,0.393855,0.619242132,-0.0195979457,0.400636852,0.62568295,-0.0222523492,0.405967027,0.630565345,-0.0239011571,0.376394242,0.60931766,-0.0150843551,0.378830969,0.617360294,-0.0199591462,0.380855739,0.622550845,-0.0217713825,0.382836103,0.626998067,-0.0225395598
2383.333333333334,0.379381537,0.594642699,9.64144533e-008,0.39791435,0.594126701,-0.00463649444,0.412807316,0.597955704,-0.00834814459,0.422630191,0.603763402,-0.0110555394,0.431934237,0.607985,-0.0139033431,0.406148791,0.604413092,-0.0134882396,0.418697,0.614361405,-0.0188906789,0.425727844,0.620290339,-0.0210650619,0.43112725,0.624800384,-0.022167813,0.395851403,0.607463717,-0.0142197292,0.406860441,0.618327856,-0.0191669911,0.414056152,0.624735355,-0.0215028934,0.419527322,0.629505813,-0.0230278634,0.385617435,0.609110117,-0.0148006128,0.39370048,0.619499803,-0.0198907666,0.400547832,0.625874102,-0.022781346,0.406082809,0.630613565,-0.0245940294,0.375950426,0.609712064,-0.0152774062,0.378458798,0.617523491,-0.0203687754,0.380521387,0.622657418,-0.0224917401,0.382447124,0.627001405,-0.02352391
2400.0000000000005,0.497252822,0.367077321,-6.47541398e-008,0.471758425,0.365754396,-0.00138214184,0.451287925,0.359015197,-0.000522896182,0.439132,0.350316,-0.000563250564,0.430197805,0.342911,-7.83631695e-005,0.450806975,0.350598931,0.00986880064,0.436618239,0.342889547,0.00825217646,0.428039908,0.34030962,0.00521549,0.420312524,0.338122517,0.00261128414,0.459044129,0.346562386,0.00801509,0.444578916,0.338619709,0.00684881071,0.435323924,0.336059719,0.00291301357,0.427108169,0.334200352,-0.00026256722,0.468608022,0.343560904,0.00478065619,0.454374731,0.336390436,0.00225836458,0.44356975,0.334271818,-0.000434018584,0.434235305,0.33320573,-0.00247725099,0.479669124,0.341153383,0.00124018954,0.465509742,0.337611288,-0.000660226273,0.455245972,0.337013155,-0.000932697963,0.446547478,0.33719483,-0.00115386466
2400.0000000000005,0.377526015,0.593630612,1.24706517e-007,0.39615339,0.593259,-0.00456783921,0.411387295,0.597287297,-0.00813505147,0.421855748,0.603554606,-0.0106644407,0.431764275,0.608053327,-0.0131809423,0.405041695,0.603943229,-0.0129111009,0.418199867,0.614100575,-0.0182855465,0.425647885,0.620131671,-0.0205049496,0.431024015,0.624744713,-0.0215585642,0.394703388,0.607122242,-0.0136917168,0.406228513,0.61799854,-0.018337993,0.41367954,0.624663651,-0.0206038952,0.418916106,0.62972033,-0.0220891647,0.38468641,0.608889,-0.014361525,0.393729597,0.619303048,-0.0190655012,0.40074259,0.625639915,-0.0216455199,0.406208813,0.630539238,-0.0232918877,0.37528035,0.609687865,-0.0149697373,0.378577679,0.617637277,-0.019831514,0.380996883,0.622854233,-0.0217026696,0.383155853,0.627447486,-0.0225267895
2416.666666666667,0.378381521,0.594531775,1.26713672e-007,0.396448404,0.594224155,-0.00504656509,0.411474764,0.597723424,-0.00924739521,0.42174688,0.603634477,-0.012263692,0.431652725,0.608127236,-0.01530731,0.404491782,0.603982091,-0.0152788404,0.418157071,0.614164531,-0.0210659355,0.425512373,0.620075524,-0.02322823,0.430778801,0.624663949,-0.0242184121,0.393958926,0.607336819,-0.0158985145,0.405936182,0.618278801,-0.020980332,0.413500965,0.624833167,-0.0231448,0.41887334,0.629704475,-0.0246159639,0.384066761,0.60915947,-0.0163056701,0.393255442,0.619397521,-0.0214834101,0.400345176,0.625620544,-0.0240968671,0.405949324,0.63033849,-0.0257975981,0.375078201,0.609975636,-0.0166253392,0.377919257,0.617680192,-0.0219491683,0.380157,0.622764409,-0.0239985734,0.38216719,0.627177775,-0.0249709599
2433.3333333333335,0.508058965,0.366726279,-9.62091136e-008,0.48440671,0.363609493,-0.002612988,0.465241909,0.356717736,-0.00280483533,0.452873319,0.348771095,-0.00319180777,0.444399506,0.341668874,-0.00337509345,0.468776703,0.352143079,0.00286134798,0.454087585,0.346758217,-0.000665771775,0.446597606,0.344739556,-0.00449579628,0.440559775,0.342413276,-0.00746315718,0.47525385,0.347571373,0.00213378435,0.459664136,0.338612437,-0.000536796695,0.451315522,0.335776806,-0.00344869797,0.445086271,0.334063083,-0.00586489914,0.482412517,0.344641685,0.000334119773,0.468217105,0.336270392,-0.0029174278,0.458736241,0.33344,-0.00470454898,0.450996757,0.331429154,-0.00617914274,0.490989208,0.343755215,-0.00176746782,0.48097083,0.33854422,-0.00381538295,0.473274618,0.336030453,-0.0039806515,0.466359824,0.334481746,-0.00437980751
2433.3333333333335,0.378768802,0.59361279,1.22470013e-007,0.396684557,0.593622506,-0.00479503814,0.411139548,0.597726464,-0.0085382089,0.421320736,0.603727698,-0.0112261539,0.431121081,0.608125329,-0.0139214201,0.405206949,0.604466081,-0.0131022623,0.417866915,0.614524782,-0.0186354648,0.425328434,0.620474398,-0.0212009624,0.431001037,0.625088751,-0.0226058941,0.395078689,0.607476652,-0.0137703717,0.405829579,0.618095338,-0.0187954567,0.41312167,0.624576628,-0.0214550365,0.418687791,0.629606605,-0.0232914165,0.385213971,0.609162927,-0.0143320635,0.393550694,0.619192123,-0.0193149056,0.400265098,0.625564396,-0.0220872704,0.405645669,0.630554676,-0.0239189751,0.37611416,0.609900355,-0.0148654403,0.378958404,0.617699087,-0.0198557843,0.380939394,0.622848332,-0.0218455289,0.382739276,0.627414167,-0.0228281748
2450.0,0.509551644,0.367831469,3.88683219e-008,0.490431517,0.365809381,-0.00379507337,0.472824961,0.35994488,-0.00514406478,0.461663604,0.353320122,-0.00634204922,0.45423454,0.34735927,-0.00730738789,0.471874923,0.350622326,-0.000621558051,0.459142148,0.342234015,-0.00366023486,0.452744335,0.337727904,-0.00656169187,0.447478533,0.333884656,-0.00893251877,0.479989022,0.346421,-0.00154861459,0.4676539,0.338053,-0.00352696,0.460596472,0.333518654,-0.006506145,0.454714209,0.329970509,-0.00902027264,0.489777029,0.344069213,-0.00330400933,0.477978438,0.336375445,-0.00561495172,0.470096409,0.331961364,-0.00735602807,0.463115424,0.328755766,-0.00905242097,0.501353264,0.343334407,-0.00547082629,0.493229121,0.33767575,-0.00774260657,0.487211764,0.334829569,-0.00779879885,0.48144868,0.333137155,-0.00782564562
2450.0,0.377468348,0.594734788,1.21294605e-007,0.396029085,0.594312251,-0.00515441597,0.411268383,0.598113,-0.00919973478,0.42137605,0.604147,-0.0121318186,0.431251585,0.608255327,-0.01512329,0.404064149,0.603725076,-0.0145849278,0.417181373,0.613943517,-0.0204677414,0.424631298,0.620115399,-0.0229164548,0.430275202,0.624907553,-0.0241910201,0.393600047,0.606995404,-0.0153038725,0.405016184,0.618071198,-0.0206050407,0.412563294,0.62481606,-0.0230791774,0.418249071,0.629975,-0.0247753914,0.383782208,0.608896315,-0.0158704277,0.392743528,0.619327128,-0.0212691184,0.399704337,0.625844896,-0.0240683,0.405374676,0.630956411,-0.0258922875,0.37491852,0.60973388,-0.0163963847,0.377852321,0.617527366,-0.0218231678,0.37964794,0.62272507,-0.0239376314,0.381227821,0.627340674,-0.0250060707
2466.6666666666665,0.512622237,0.368492365,4.59925715e-008,0.49417609,0.366718411,-0.00582146551,0.477518022,0.360298365,-0.00791093055,0.467600882,0.352808148,-0.0094376523,0.460453063,0.346393764,-0.010540111,0.479460388,0.350119591,-0.0029901166,0.467689782,0.341371775,-0.00682264287,0.460933834,0.336532295,-0.0100380881,0.454922557,0.33267048,-0.0125483219,0.487916589,0.346176833,-0.00317493151,0.477738291,0.336924791,-0.00585699268,0.471617758,0.332115114,-0.00866545,0.465996027,0.328567237,-0.010813796,0.497534335,0.344292492,-0.00432189088,0.48739925,0.336143,-0.00709962612,0.480096132,0.331095278,-0.00833891425,0.473215163,0.327071726,-0.00948286802,0.508832812,0.343998373,-0.00612560147,0.502644062,0.337690055,-0.00856743101,0.497734457,0.334024876,-0.00838969834,0.492949158,0.331473172,-0.00812919624
2466.6666666666665,0.378668666,0.594635427,1.33445738e-007,0.39592883,0.594284058,-0.00543494802,0.41073817,0.597994864,-0.00959328096,0.420956731,0.604010344,-0.0125255119,0.430978417,0.608406544,-0.015495738,0.404337227,0.604900837,-0.0147055211,0.417855531,0.614784062,-0.0203899816,0.425243497,0.620662212,-0.0228060503,0.430611402,0.625321865,-0.0240457021,0.394351721,0.607700229,-0.0152253788,0.405537963,0.618436,-0.0202417374,0.412858903,0.624898314,-0.0227016266,0.418071151,0.629839957,-0.0243870951,0.384518802,0.609140515,-0.0156349763,0.392692775,0.619330645,-0.0208445154,0.399361163,0.625773847,-0.0238685012,0.404632837,0.630839527,-0.025860101,0.37529245,0.609707177,-0.0160171036,0.377815753,0.617424071,-0.0216334816,0.37951687,0.622591436,-0.0240205377,0.381052315,0.627116263,-0.0252145231
2483.333333333333,0.518562496,0.368443459,3.99246645e-008,0.500617325,0.367078722,-0.00471007591,0.483674109,0.360669106,-0.00619546836,0.472954094,0.353904903,-0.00737221213,0.465359151,0.347663939,-0.00805223361,0.486675531,0.350428224,-0.00188243401,0.474964559,0.341514409,-0.0051269629,0.468421221,0.33648169,-0.00769194867,0.463021189,0.332593322,-0.00966749,0.495159745,0.346302062,-0.00261590723,0.484478623,0.336553,-0.0048363111,0.478055179,0.331251174,-0.00732481293,0.472538,0.327302,-0.00920813903,0.504535913,0.344334185,-0.00424568309,0.496483237,0.335073978,-0.00674335379,0.490973294,0.329605907,-0.00816024,0.485580951,0.325217932,-0.00937601645,0.514963,0.344375,-0.00637422735,0.509388685,0.33798635,-0.00886964053,0.504613698,0.334053397,-0.00908980053,0.499560386,0.331109256,-0.00907474849
2483.333333333333,0.376980066,0.593311548,1.16398425e-007,0.39511621,0.592991233,-0.00490918709,0.409882545,0.597519934,-0.00859029777,0.420265228,0.604029894,-0.0111646466,0.430332482,0.608273208,-0.0138310967,0.402677536,0.603960693,-0.0137233036,0.416437566,0.6141029,-0.0191951282,0.424029529,0.620152,-0.0214092843,0.429621547,0.624829948,-0.0224802047,0.392454833,0.607135773,-0.0142808752,0.404278725,0.618258715,-0.0190914813,0.411799371,0.624840617,-0.0213732608,0.41723603,0.629837871,-0.0229015704,0.382762104,0.6088745,-0.0146923261,0.392056048,0.61964941,-0.0195734296,0.399005413,0.626005113,-0.0221858863,0.404350489,0.63086009,-0.0238567162,0.373944908,0.609644711,-0.0150469095,0.377427667,0.617798209,-0.019988656,0.379387856,0.622958541,-0.0218479969,0.380958378,0.627360225,-0.0226975195
2499.9999999999995,0.521653593,0.368369073,5.8117422e-008,0.503760815,0.365636,-0.00580639299,0.487168163,0.359352469,-0.00779793132,0.476105869,0.352934271,-0.00941118505,0.468161583,0.346804917,-0.0105032548,0.490958691,0.349277228,-0.0017660954,0.479910642,0.340879112,-0.00568304071,0.474015176,0.336118788,-0.00902755465,0.469106585,0.33208,-0.011420588,0.499924392,0.345800519,-0.00212957151,0.490734577,0.336046726,-0.00474964408,0.485062391,0.330497742,-0.00779394247,0.480367362,0.326005101,-0.0101420283,0.509412646,0.344515204,-0.00360952737,0.503426194,0.334888697,-0.0065585766,0.499001265,0.329168051,-0.00832548738,0.494743,0.324544549,-0.00969435833,0.519729435,0.345129818,-0.00573264714,0.515757501,0.338252127,-0.00831671525,0.511934161,0.333753765,-0.00872412324,0.507713199,0.330222,-0.0089157531
2499.9999999999995,0.375888675,0.593539834,1.16439452e-007,0.395192623,0.593439579,-0.00484996801,0.410533577,0.597873628,-0.00835881289,0.420981586,0.604250669,-0.0108034248,0.430923194,0.608433187,-0.0132177453,0.402917832,0.604530931,-0.0126296245,0.416391015,0.614577293,-0.0178661812,0.423947603,0.620598257,-0.0202322695,0.429615498,0.625362217,-0.0215331856,0.392303675,0.607811511,-0.0131785125,0.403472096,0.61847192,-0.0177490525,0.410741657,0.624956608,-0.020165652,0.416182697,0.62999022,-0.021867305,0.38240549,0.609631777,-0.0136384936,0.390901536,0.619676054,-0.0182601772,0.397542417,0.626092732,-0.0207749661,0.402799785,0.631091654,-0.0224716365,0.373406291,0.610370576,-0.0140950326,0.376210093,0.618071556,-0.0186385885,0.378195792,0.623041391,-0.0202555321,0.38001889,0.627333,-0.0210262854
2516.666666666666,0.521184266,0.369069636,4.93425922e-008,0.504472613,0.366115272,-0.00620070146,0.488813698,0.359702229,-0.00853326,0.478017837,0.353338182,-0.0103542581,0.470110744,0.34732914,-0.0117154634,0.494227469,0.349692106,-0.00312794861,0.482947081,0.341598839,-0.00719272625,0.477245718,0.337085217,-0.0104842307,0.472638488,0.333020061,-0.0128766866,0.503656685,0.346199781,-0.0034131615,0.494134516,0.336619914,-0.0062403772,0.488336384,0.33107233,-0.00936282,0.483506799,0.326382428,-0.0118654277,0.513550162,0.344910026,-0.00475950353,0.508333087,0.335090756,-0.00819682423,0.504536271,0.329393536,-0.0102443444,0.500594318,0.324687958,-0.0117649511,0.524012506,0.345447153,-0.0066903783,0.521455228,0.338137388,-0.00959504675,0.518831074,0.333433747,-0.010182621,0.515376925,0.329661518,-0.0105348155
2516.666666666666,0.375901729,0.593814254,1.20221074e-007,0.394535124,0.593706608,-0.00485260645,0.409739792,0.597976,-0.0086933272,0.42023173,0.604224801,-0.0114337597,0.430341661,0.608456969,-0.0142121678,0.402536482,0.604140043,-0.0137503361,0.416453183,0.614482582,-0.0192329511,0.424052656,0.620653033,-0.0215757079,0.429710537,0.625449896,-0.0227931775,0.391914517,0.607468545,-0.014453169,0.403449178,0.618733346,-0.0192791838,0.41087687,0.62526536,-0.0215479583,0.416389406,0.630115092,-0.0231036413,0.381999075,0.60931617,-0.0149891041,0.391098827,0.620109499,-0.0198667049,0.398005545,0.626623034,-0.0222587083,0.403367132,0.631579399,-0.0238508694,0.373293161,0.61005652,-0.0154717192,0.376511067,0.618162692,-0.0203560125,0.378398091,0.623404562,-0.0219482053,0.379986465,0.627922833,-0.0226519909
2533.3333333333326,0.523677349,0.36983642,4.87202669e-008,0.506277502,0.367246449,-0.0058223214,0.490493327,0.360550225,-0.00795309525,0.479431301,0.353817642,-0.00957236718,0.470336884,0.348192424,-0.0107634868,0.496673048,0.35066703,-0.00282741315,0.485595912,0.342245311,-0.0065173218,0.479332685,0.337312728,-0.00960953068,0.474427432,0.333139896,-0.0118924361,0.506306052,0.34717977,-0.00314055919,0.497563809,0.337166578,-0.00553855905,0.492127985,0.331255615,-0.0084370682,0.487803549,0.326447129,-0.0108019523,0.516607285,0.345813274,-0.00444589835,0.511424899,0.335303664,-0.00761928875,0.507707059,0.329382271,-0.00988873374,0.503942192,0.324459732,-0.0115876505,0.527432084,0.346185267,-0.00625954149,0.525805771,0.338142365,-0.00923641678,0.523958921,0.333006322,-0.0101792747,0.521363199,0.328601927,-0.0107552214
2533.3333333333326,0.375834763,0.592310429,1.10802716e-007,0.394961357,0.592799425,-0.00423159404,0.409856409,0.597765267,-0.00737481145,0.42013061,0.604228,-0.00963733625,0.430159569,0.608347476,-0.0120003382,0.402544439,0.60437,-0.0114290705,0.415597,0.614210129,-0.0167288352,0.423255384,0.620226502,-0.0193679053,0.429090947,0.624937057,-0.0208780225,0.392200112,0.607636929,-0.0123475855,0.403240085,0.61831677,-0.0169021487,0.410482049,0.624850333,-0.0195508599,0.415929228,0.629990041,-0.0214061365,0.382154226,0.609407425,-0.0131911645,0.391038656,0.619865,-0.0178852323,0.397612751,0.626250625,-0.0204711426,0.402748257,0.631289601,-0.0221918803,0.372760266,0.610047638,-0.0139866583,0.375905931,0.618084371,-0.0185822081,0.378004,0.623154402,-0.0201660972,0.379798442,0.627590835,-0.0208996758
2549.999999999999,0.52368772,0.370321393,5.50548265e-008,0.506135106,0.367576808,-0.00515039219,0.490348697,0.36090982,-0.00680547766,0.478855431,0.354781121,-0.00807109475,0.469601393,0.349898964,-0.00899200048,0.497413427,0.350805283,-0.00197630026,0.486249566,0.342439055,-0.00508106034,0.480004191,0.337535679,-0.00774899544,0.475275844,0.333398044,-0.00976979,0.507288933,0.347353905,-0.00255673355,0.498211175,0.337578326,-0.00477451645,0.492742211,0.33158803,-0.00765948789,0.488536507,0.326769352,-0.00995687675,0.518034279,0.346045673,-0.00406910805,0.51362282,0.335871965,-0.00737638352,0.510833859,0.329852462,-0.00998113584,0.508312106,0.324969411,-0.0117321201,0.529295564,0.34639591,-0.0059954389,0.528351307,0.338051468,-0.00913964305,0.52754879,0.332628161,-0.0102535309,0.526385128,0.328016043,-0.0108542629
2549.999999999999,0.376126856,0.594201326,1.16479647e-007,0.394580513,0.594234288,-0.00472979108,0.410028517,0.598373353,-0.00840878207,0.420901686,0.604310632,-0.0111098709,0.430775464,0.608432531,-0.0137976278,0.403376937,0.604910076,-0.0125488667,0.416541457,0.61503011,-0.0176233444,0.423856825,0.620831311,-0.0197668187,0.42926535,0.625331879,-0.020898724,0.393120587,0.607801676,-0.0132748755,0.404075325,0.618759632,-0.0178855043,0.411201864,0.62521404,-0.0201391876,0.416443646,0.630108,-0.0216911882,0.383248359,0.609378695,-0.0139400987,0.391318738,0.620093882,-0.0187446009,0.397886872,0.626618,-0.0213366449,0.403069675,0.631657958,-0.02304364,0.374023259,0.610016823,-0.0145627083,0.376345545,0.618143797,-0.0194868129,0.378247648,0.623404503,-0.0213144124,0.380062521,0.627996862,-0.0221825726
2566.6666666666656,0.524289846,0.369423,5.22255803e-008,0.506619573,0.36716941,-0.00472991401,0.490657568,0.360755831,-0.00616174284,0.478884846,0.354800701,-0.00729769049,0.469519973,0.350295752,-0.00810403097,0.497216195,0.350168437,-0.000927755551,0.486469,0.342414975,-0.00337072788,0.480628908,0.337753594,-0.00574464584,0.476366818,0.333809853,-0.00769931357,0.506943941,0.346578449,-0.00163819361,0.498143882,0.337282568,-0.00320015172,0.493077666,0.331597567,-0.00584106194,0.489421397,0.327050805,-0.00810149,0.517831922,0.345219046,-0.00328493956,0.513567,0.335493,-0.00621771673,0.511036336,0.329556,-0.00909503456,0.508822799,0.324599653,-0.0112213297,0.529521585,0.34563148,-0.00531285023,0.530106604,0.337508947,-0.0084100021,0.530318,0.332206547,-0.00980249885,0.530080914,0.32760483,-0.0107104797
2566.6666666666656,0.376052171,0.593683422,1.30981732e-007,0.394475371,0.593723714,-0.00471397862,0.409597695,0.597992122,-0.00853735767,0.420508146,0.604155123,-0.0112670893,0.430888712,0.608260095,-0.0140480762,0.403276801,0.604175568,-0.0138455573,0.416930079,0.614827633,-0.0194173902,0.424291939,0.621145248,-0.0216787308,0.429583549,0.625928,-0.0227873381,0.392942101,0.607405961,-0.0145369451,0.404646367,0.618943572,-0.0193707,0.411825687,0.62563926,-0.0215309374,0.416775703,0.630530059,-0.0229641348,0.382832259,0.609240711,-0.0150605347,0.392167747,0.620440662,-0.0199801773,0.398893446,0.626996934,-0.0225166027,0.403946936,0.631931484,-0.0241951831,0.373469442,0.609988093,-0.01550435,0.37625736,0.618090153,-0.0207022373,0.377996206,0.623243511,-0.0226729885,0.379408121,0.627675533,-0.0235717185
2583.333333333332,0.521746576,0.367159724,5.24125348e-008,0.503607392,0.365361243,-0.00429337146,0.487054139,0.359644353,-0.00533927092,0.475378275,0.354121745,-0.00632811151,0.466084808,0.349603415,-0.00706787594,0.495193303,0.349239081,0.000192980384,0.485109955,0.342263132,-0.00207287283,0.479614496,0.337984324,-0.00442298828,0.475583225,0.334267199,-0.00638440344,0.505169928,0.345426112,-0.000857581,0.496757627,0.336763978,-0.00243396568,0.491948634,0.331350386,-0.00507878419,0.48861897,0.326897174,-0.00735224271,0.51620388,0.343815088,-0.00291886623,0.512189746,0.334619045,-0.00647348259,0.510263622,0.328987,-0.00962890312,0.508690357,0.324240297,-0.0117751928,0.528001547,0.343919188,-0.00529934745,0.529945374,0.33571282,-0.00920523889,0.531457961,0.330260277,-0.0110267177,0.532296777,0.325381428,-0.0121555133
2583.333333333332,0.375565946,0.593910277,1.21777902e-007,0.394500285,0.593842566,-0.00446798606,0.409999788,0.598079801,-0.00790518243,0.420619458,0.603967726,-0.0104469601,0.430776417,0.608175814,-0.0130200367,0.403901368,0.605215549,-0.0120597752,0.417039365,0.615066826,-0.017285021,0.424368143,0.620971501,-0.019735802,0.429879665,0.625542521,-0.021108726,0.393741786,0.608469903,-0.0129794432,0.404679894,0.619278193,-0.0174053404,0.411494792,0.625591934,-0.0197052769,0.416520953,0.630320668,-0.021315027,0.383615911,0.610144734,-0.0138460984,0.392194062,0.620478153,-0.0182907674,0.39862594,0.626667798,-0.0205689259,0.403753668,0.631414592,-0.022176329,0.374002606,0.610671461,-0.0147177782,0.376601696,0.618514836,-0.0192703623,0.378286242,0.623571336,-0.0207566805,0.379771262,0.627905071,-0.0214296542
2599.9999999999986,0.520261526,0.365284741,6.13362872e-008,0.502300322,0.363347,-0.00410255697,0.485542893,0.35726732,-0.00480993232,0.472788692,0.352060646,-0.00545660919,0.462818,0.348248482,-0.00578606315,0.492767543,0.34682554,0.000919089653,0.48311916,0.340149701,-0.000820554851,0.47760123,0.335981756,-0.0027826007,0.473620623,0.332424968,-0.00451628771,0.502631605,0.342962623,5.27030934e-005,0.494729072,0.334798396,-0.00101647,0.490565747,0.329642355,-0.00318691,0.487909138,0.325555831,-0.00511051808,0.513624,0.341416657,-0.00184504373,0.510853708,0.332768738,-0.00526408805,0.509985864,0.327757329,-0.00821376499,0.509156644,0.323695183,-0.0100972764,0.52514565,0.341651917,-0.00403805124,0.528212845,0.333512545,-0.00788286701,0.530796945,0.328365356,-0.00968428515,0.532680333,0.323881149,-0.0107251657
2599.9999999999986,0.376615614,0.593754232,1.28934332e-007,0.3946473,0.593702078,-0.00496136,0.409598,0.597908318,-0.00886395946,0.420547694,0.604064584,-0.0116531746,0.431092143,0.608065069,-0.0144858621,0.404131025,0.604330778,-0.013626162,0.417711973,0.614653289,-0.0189699959,0.424913287,0.620832443,-0.0211270023,0.430270255,0.625626326,-0.0222347453,0.393831462,0.607634664,-0.014146016,0.405160218,0.618976593,-0.0186330359,0.412190199,0.625557899,-0.0206189,0.417255312,0.630463123,-0.0220355485,0.383535683,0.609460711,-0.0145461708,0.392513543,0.620296478,-0.0192376226,0.399202377,0.626702905,-0.021558471,0.404184639,0.631617486,-0.0231575668,0.373751402,0.610187,-0.0149224447,0.376391619,0.618335485,-0.019978622,0.377633214,0.623548269,-0.0218521729,0.378504783,0.628093958,-0.0227351412
2616.666666666665,0.519438624,0.36110124,5.63371465e-008,0.500658572,0.35975191,-0.00453318795,0.483289957,0.354071498,-0.00542477472,0.470630169,0.349087447,-0.00622532377,0.460112303,0.345633,-0.00661111,0.4906964,0.343703657,0.000978424796,0.48157227,0.337876767,-0.000717975,0.476682097,0.334293038,-0.00278907456,0.473311692,0.331127703,-0.00453015044,0.501028299,0.33963418,0.000446798163,0.493119299,0.332309157,-0.000192029547,0.489547879,0.327511191,-0.00187409355,0.487684399,0.323628902,-0.00348432618,0.512265563,0.337768048,-0.00121926656,0.508807063,0.329789728,-0.00426232489,0.508504272,0.325055569,-0.00640665879,0.508479536,0.321177751,-0.00766434753,0.524080157,0.33752358,-0.00329042831,0.525897086,0.329627424,-0.00671613263,0.528494716,0.324649394,-0.00795600284,0.530620635,0.320301801,-0.00851648208
2616.666666666665,0.381132066,0.590963,1.23329045e-007,0.398473,0.592147708,-0.0043500266,0.411957681,0.597587109,-0.00747112092,0.421545148,0.603980899,-0.00967259426,0.431232035,0.608147383,-0.0119888559,0.405030191,0.6046139,-0.0119232284,0.417898595,0.614847898,-0.016933931,0.425234407,0.620925605,-0.0191441346,0.430815339,0.625538468,-0.0202727113,0.394912839,0.607561111,-0.012711308,0.405123323,0.618756473,-0.0171332434,0.411874682,0.625256062,-0.0194714069,0.416830033,0.630015552,-0.0210074689,0.384901971,0.608914614,-0.0133999242,0.392475098,0.619782507,-0.0180509463,0.398929626,0.626308918,-0.0207346305,0.403945476,0.63123244,-0.0224626083,0.375485092,0.609113634,-0.0140291378,0.377049983,0.617647409,-0.0188333094,0.378236562,0.623209894,-0.0206849016,0.379243314,0.627918243,-0.0215105079
2633.3333333333317,0.517666,0.358516276,6.16252365e-008,0.498635381,0.356093884,-0.00368869724,0.480577826,0.349461317,-0.00389991701,0.467002,0.344567388,-0.00427028956,0.455901,0.341711104,-0.00415484514,0.488517523,0.339363396,0.00326636969,0.479288906,0.333468437,0.00187318225,0.474145442,0.330073297,-0.000118243515,0.470361531,0.327379882,-0.00166049565,0.498970956,0.335730404,0.00264613563,0.491924137,0.328424841,0.00276729767,0.488327056,0.323811769,0.00159336661,0.486012965,0.320387661,0.000450044579,0.510648,0.334084868,0.000828785705,0.507171273,0.326289266,-0.00104376976,0.505898595,0.321734756,-0.00206981832,0.504769683,0.318161607,-0.00257918588,0.523095369,0.333969772,-0.00145910762,0.524975598,0.326284945,-0.00357912248,0.52695322,0.321311146,-0.00388241815,0.528413355,0.317011923,-0.00374731189
2633.3333333333317,0.379336178,0.593099594,9.73444401e-008,0.397769421,0.59334296,-0.00446044141,0.412040591,0.59794,-0.00797411893,0.42219311,0.603996694,-0.0106181232,0.432328314,0.607775569,-0.0133214965,0.405339569,0.60461,-0.0118087297,0.418467432,0.61515379,-0.0165115893,0.425628424,0.621223748,-0.0183380861,0.430976033,0.625751,-0.0192406867,0.394839793,0.607667565,-0.0124009745,0.406005979,0.619076908,-0.0167342685,0.413003087,0.625526309,-0.0188167747,0.418031752,0.630273819,-0.0201648027,0.384457439,0.609416723,-0.0129024591,0.393518,0.620438695,-0.0173284523,0.400074661,0.626775801,-0.0196581259,0.404886544,0.631483853,-0.0211499222,0.374680191,0.610249281,-0.013370106,0.377210617,0.618590355,-0.0177083835,0.378715634,0.623871267,-0.0193369333,0.379926,0.628435969,-0.0200765412
2649.999999999998,0.514909685,0.354335845,8.2338282e-008,0.495440781,0.351263851,-0.00411606394,0.477663428,0.344180048,-0.00419168081,0.464455336,0.338986576,-0.0044108252,0.452749431,0.335611165,-0.0042762286,0.484911621,0.33433792,0.00356548582,0.475404918,0.328161955,0.00271119643,0.470133036,0.324252546,0.00134857942,0.46645081,0.320857078,0.00014163593,0.495355874,0.330879152,0.00316935708,0.488271326,0.323505521,0.00362622621,0.484134912,0.318795681,0.00284388987,0.481629074,0.315164179,0.0020121634,0.506730855,0.329468071,0.00140303443,0.504686356,0.321075171,-0.00100001146,0.503452837,0.316187978,-0.00266258582,0.502614677,0.312161952,-0.00349665643,0.51853925,0.32960397,-0.000804927666,0.522625268,0.322018147,-0.00414553797,0.525532722,0.3171345,-0.00556774251,0.527691603,0.312666833,-0.00610093307
2649.999999999998,0.377075553,0.593764,1.19883524e-007,0.396465689,0.593698442,-0.00428360095,0.412084669,0.598311841,-0.00764369359,0.422780722,0.604505599,-0.0101077789,0.43308422,0.608137131,-0.01268127,0.406027168,0.604419351,-0.0124397771,0.419185162,0.614792228,-0.0176236574,0.426068544,0.620969832,-0.0198664665,0.431455553,0.62567991,-0.0211170726,0.395702422,0.607556,-0.0134332534,0.40680474,0.618937135,-0.0180420913,0.41355896,0.625457287,-0.0202878062,0.418605626,0.630247533,-0.0218387675,0.385235459,0.609254658,-0.0143051175,0.393883824,0.620117784,-0.0190201439,0.400275767,0.626632512,-0.0215670653,0.405157447,0.631583571,-0.0233180281,0.375180572,0.609811723,-0.0151117127,0.377203345,0.617976427,-0.0199537296,0.378302366,0.623360097,-0.0217915401,0.379211426,0.628045261,-0.02272355
2666.6666666666647,0.509925902,0.34398216,-1.84858102e-008,0.491918564,0.342507064,-0.00428320374,0.474048257,0.337023348,-0.00604935503,0.459026426,0.332785875,-0.00813036226,0.447340548,0.33009091,-0.010113785,0.481928766,0.328131706,-0.000592750846,0.472377062,0.321581364,-0.00354202045,0.467807114,0.317861229,-0.00622248976,0.46454379,0.314688146,-0.0082753757,0.492403626,0.324377626,-0.00171549967,0.485199809,0.316230536,-0.00350263575,0.48154366,0.311231345,-0.00544586545,0.4791,0.30736661,-0.00742361601,0.504120708,0.322810531,-0.00390039664,0.50309366,0.314224541,-0.00729402,0.503072321,0.310002774,-0.00889986288,0.502949536,0.306717962,-0.00994629692,0.515948057,0.323080391,-0.00657476485,0.52070272,0.315945,-0.00932053849,0.524204671,0.311152726,-0.00998199731,0.527035475,0.306787223,-0.0104754157
2666.6666666666647,0.37892586,0.592707098,1.30455476e-007,0.396988899,0.592931926,-0.00458606891,0.412101597,0.597582042,-0.00794515293,0.422950268,0.603838146,-0.0103326105,0.433296591,0.608104587,-0.0127287572,0.4056665,0.604342,-0.0127493758,0.419476151,0.614587545,-0.0179307889,0.426899284,0.620663822,-0.019979693,0.43248409,0.625362635,-0.0210239682,0.395549119,0.607498109,-0.0134796612,0.406974077,0.61868912,-0.0180129614,0.413920552,0.625307202,-0.0201434866,0.418814629,0.630307734,-0.0215981789,0.38550064,0.609068036,-0.0141074359,0.394114554,0.61970675,-0.0190600827,0.400189072,0.626167595,-0.0216882136,0.404757,0.631187081,-0.0233988669,0.375906259,0.609448,-0.0146860946,0.377396971,0.617594302,-0.0201825723,0.378069967,0.623034358,-0.0224135015,0.378582716,0.627765596,-0.0234632175
2683.333333333331,0.50897634,0.338673711,8.20803763e-008,0.490328193,0.336983621,-0.00586915715,0.473226875,0.332012564,-0.00746510737,0.459694594,0.327181816,-0.0088676,0.447818577,0.324158639,-0.00996114127,0.481316805,0.320921868,-1.98840244e-005,0.470152915,0.314790726,-0.00194468012,0.464379609,0.310983747,-0.00414961902,0.460447788,0.30714944,-0.00604749378,0.491973877,0.317048341,-5.63067733e-005,0.484192371,0.309301406,-0.000626268273,0.480303824,0.304528654,-0.00233916077,0.478193939,0.300308704,-0.00403229287,0.503527522,0.315512329,-0.00134694285,0.501784623,0.307538182,-0.00432714215,0.500569165,0.30298987,-0.00636921,0.499511331,0.298815817,-0.00775397383,0.515634656,0.315785199,-0.00322300848,0.519940734,0.309022307,-0.00674012862,0.522955,0.304442227,-0.00804204214,0.525332,0.300011873,-0.0087223053
2683.333333333331,0.377416879,0.594058514,1.24254115e-007,0.396342725,0.59357208,-0.00472684624,0.41206184,0.597661793,-0.00841730274,0.42310831,0.603710175,-0.0110588921,0.433585495,0.607681632,-0.0137074348,0.405857503,0.603797197,-0.013747937,0.419426531,0.614303052,-0.0190934241,0.426864833,0.620456219,-0.0210981965,0.432563961,0.62525171,-0.0221326724,0.395448864,0.60713625,-0.0144181829,0.406815499,0.618493736,-0.0191688072,0.414071858,0.625205934,-0.0212770402,0.419389486,0.630252779,-0.022797972,0.385275513,0.609102786,-0.0149407368,0.393844664,0.619861603,-0.0199846625,0.400518984,0.626415372,-0.0227024406,0.405661613,0.631391466,-0.0245277025,0.375723898,0.609973907,-0.0153902248,0.377460182,0.618177295,-0.0207125656,0.378471047,0.623569727,-0.022981707,0.379443407,0.628227353,-0.0241681896
2699.9999999999977,0.505073845,0.328560233,2.0057259e-008,0.487611741,0.327955,-0.00587000605,0.470825434,0.323340982,-0.00823039468,0.456321627,0.319078565,-0.0105123445,0.44423753,0.316544652,-0.0125474641,0.478548944,0.313083619,-0.00202141423,0.467985094,0.306807727,-0.00493818475,0.46200639,0.302679151,-0.00747548277,0.457467675,0.299121231,-0.0096492609,0.488708466,0.309221953,-0.00251379353,0.481494308,0.301579386,-0.00440043397,0.47742182,0.296720415,-0.006073792,0.474946469,0.292866081,-0.00763343228,0.500423431,0.307883382,-0.00420499,0.497738659,0.299311101,-0.00842503179,0.495958626,0.294689029,-0.0103401858,0.494974047,0.290958345,-0.0114344312,0.512560546,0.308395952,-0.00648353808,0.518570662,0.301937491,-0.0113177449,0.522737145,0.297327399,-0.0133449472,0.526500463,0.293014735,-0.0143871522
2699.9999999999977,0.380867124,0.59174192,1.43080044e-007,0.399010748,0.592146814,-0.00483503798,0.413633078,0.597375512,-0.00829027,0.423889786,0.603957593,-0.0106790932,0.434225082,0.608079374,-0.0131490408,0.406991154,0.603922069,-0.0132745346,0.420455962,0.614327073,-0.0187807884,0.428283185,0.620644152,-0.0212761723,0.43418318,0.625516653,-0.0226079579,0.396722257,0.607085526,-0.0139614707,0.407372802,0.618598223,-0.0187139753,0.414477885,0.625455737,-0.0211843178,0.419677556,0.630593479,-0.0228610467,0.386538118,0.608742952,-0.0145189362,0.394470304,0.619680345,-0.0195509475,0.400745541,0.626351058,-0.0223594606,0.405724347,0.631516099,-0.0241726544,0.376860231,0.609221578,-0.0150320446,0.378211528,0.617738247,-0.0204097107,0.37908724,0.623276114,-0.022455,0.380007416,0.628018498,-0.0233681668
2716.6666666666642,0.508009851,0.325898528,1.1172768e-007,0.48869893,0.323627681,-0.00675072614,0.471322775,0.317808926,-0.00840598159,0.457439512,0.312488377,-0.00971736945,0.444999158,0.309990197,-0.0106016546,0.477653742,0.30594328,-0.000179229202,0.466225356,0.298951,-0.00184978,0.460904598,0.294612467,-0.003327274,0.457555711,0.290656447,-0.00459982269,0.48829937,0.302255809,0.000210780752,0.480127692,0.293423921,-2.92875447e-005,0.476233572,0.288209766,-0.000988925691,0.474185944,0.284057051,-0.00179237511,0.500391781,0.301120222,-0.00083097344,0.497601837,0.292465866,-0.00396825373,0.495854795,0.287494242,-0.00624934537,0.49479273,0.283154845,-0.00758897746,0.513188839,0.30190134,-0.0025175286,0.519126177,0.295443535,-0.00679834094,0.522757947,0.2909275,-0.008911632,0.525985777,0.286664933,-0.00990668498
2716.6666666666642,0.377852976,0.593640566,1.24296477e-007,0.397352278,0.593378186,-0.00454211142,0.413181633,0.597697616,-0.00804655533,0.42424956,0.603809595,-0.0105182678,0.434512138,0.607608736,-0.0130571146,0.407319814,0.603650928,-0.0130998222,0.421114355,0.614409506,-0.0179333594,0.428657472,0.620706081,-0.0195964053,0.43444398,0.625391066,-0.0204365775,0.396779984,0.607011795,-0.0137604456,0.408192307,0.618766487,-0.0180998817,0.415058076,0.625477791,-0.020023305,0.420032293,0.630301237,-0.0213625208,0.386336654,0.608902395,-0.014236494,0.395379484,0.619920373,-0.0187970288,0.401752025,0.626517951,-0.0213069692,0.40639776,0.631442487,-0.0230527911,0.376499355,0.609673142,-0.0146218343,0.378626645,0.617601,-0.0195466783,0.379436284,0.622957945,-0.0215481352,0.379842669,0.627561033,-0.0225618612
2733.3333333333308,0.505811334,0.317240238,1.42155709e-008,0.487682939,0.315481454,-0.00608751,0.470692337,0.309843153,-0.0082680909,0.456637025,0.305268109,-0.0103587955,0.444868654,0.302788466,-0.0122109121,0.478613555,0.298406869,-0.00261781784,0.466515124,0.290851802,-0.00578936143,0.460322976,0.286025196,-0.00844122283,0.455755919,0.282040954,-0.0106346318,0.48886627,0.294391096,-0.00316381501,0.479957283,0.284987479,-0.00543826632,0.475634,0.27923584,-0.00743419677,0.472886324,0.274866313,-0.00914223772,0.500897,0.293165743,-0.00492506288,0.497479618,0.283548355,-0.00939449109,0.4963952,0.278602511,-0.0120937405,0.495840698,0.274534702,-0.0137584442,0.513590515,0.294081599,-0.00731554488,0.520177,0.287342519,-0.0121590076,0.525224,0.282636464,-0.0147136478,0.52973175,0.2783,-0.0162229892
2733.3333333333308,0.38138929,0.592433572,1.42717397e-007,0.399112701,0.592934191,-0.00423875079,0.414126664,0.597566962,-0.00759541383,0.424984813,0.603628933,-0.0100728497,0.435408175,0.607473195,-0.0125873806,0.408092052,0.604054868,-0.012859324,0.421852767,0.614483356,-0.0180864651,0.429400355,0.620607793,-0.0200702045,0.434966624,0.625290751,-0.0209807679,0.397959858,0.607085943,-0.0138315707,0.408992261,0.618613064,-0.0185242575,0.415949196,0.625660837,-0.0207650959,0.42068544,0.630957842,-0.0222297516,0.387657851,0.608690917,-0.0146337012,0.395580262,0.61956,-0.0197782982,0.401613176,0.626248598,-0.0226094052,0.406159252,0.631434202,-0.0243911743,0.377773404,0.609249651,-0.0153125646,0.378941268,0.617690384,-0.0208848938,0.379573822,0.623352885,-0.0230792742,0.380059898,0.628234088,-0.024055142
2749.9999999999973,0.504368126,0.30678165,1.85913596e-008,0.487492025,0.305866838,-0.00641063927,0.472239137,0.301370859,-0.00962090679,0.460122347,0.296987087,-0.0125991022,0.44849211,0.294694096,-0.015621962,0.48011288,0.289997905,-0.00582819199,0.468455911,0.282787412,-0.0100522665,0.461730778,0.277994186,-0.0134590166,0.456593424,0.273935139,-0.0162271783,0.490745872,0.286364764,-0.00675927475,0.482895136,0.277198523,-0.00996384,0.478244364,0.27132374,-0.0127974292,0.475178927,0.266691536,-0.0153689114,0.502708673,0.28574127,-0.00865079928,0.500281215,0.276191235,-0.0140365912,0.498640329,0.270767927,-0.0174993239,0.497663677,0.266283214,-0.0199595392,0.515175223,0.287308335,-0.011066285,0.523060918,0.280475855,-0.0168750975,0.52846241,0.275488645,-0.019901745,0.533213496,0.270787597,-0.0219568033
2749.9999999999973,0.379545271,0.593179524,1.17923641e-007,0.398596108,0.593271434,-0.00390052446,0.414019,0.597615361,-0.0068095196,0.42460227,0.603339672,-0.00894454,0.434537053,0.607397556,-0.0111122057,0.408982158,0.604790866,-0.0106922528,0.4217951,0.614703178,-0.0153131792,0.42911917,0.620760083,-0.0172885079,0.434664339,0.625468552,-0.01839111,0.398500502,0.607846081,-0.0117400512,0.408841401,0.618725717,-0.0157981142,0.415613234,0.62521565,-0.0180055089,0.420638472,0.630117297,-0.0195510779,0.3879354,0.609309137,-0.0127414512,0.395625651,0.619843841,-0.0174757224,0.401969403,0.626264453,-0.0203019101,0.406995445,0.631204724,-0.0221231021,0.377758712,0.609632432,-0.0136282379,0.379128814,0.617811,-0.0187288951,0.380110145,0.623176754,-0.0208441559,0.381061554,0.627883792,-0.0218671318
2766.666666666664,0.511417,0.302430421,1.06301e-007,0.493528605,0.300504684,-0.00643510511,0.477672666,0.295544207,-0.00955338217,0.465688556,0.290119469,-0.0123091582,0.454345673,0.287187815,-0.0148371765,0.484351516,0.283413321,-0.00547179393,0.471700788,0.275343,-0.00947026629,0.465229303,0.270328045,-0.0124321161,0.460659832,0.265702188,-0.0147816557,0.495478481,0.279895216,-0.00618418679,0.486932427,0.269948483,-0.00917608943,0.482511401,0.263707161,-0.0121294977,0.479889125,0.258729905,-0.0145543413,0.508003056,0.279185593,-0.00781498197,0.505284488,0.270070463,-0.0128911892,0.502987564,0.264802247,-0.0165646449,0.501680613,0.260416687,-0.0190888569,0.521687806,0.280649871,-0.00991963595,0.529302418,0.273818552,-0.0155432867,0.533704579,0.268878907,-0.0184256732,0.537552238,0.26445058,-0.0201973263
2766.666666666664,0.380212128,0.592097878,1.27397641e-007,0.398868173,0.592415392,-0.00400083931,0.414185822,0.597306192,-0.00710363,0.425457,0.603385806,-0.00934856292,0.435987264,0.607365549,-0.011676508,0.408157051,0.604059875,-0.0119617656,0.422050327,0.614430189,-0.0171206892,0.429789454,0.620650291,-0.019313829,0.435592055,0.625491202,-0.0204658415,0.397852778,0.607274115,-0.0128378943,0.409241766,0.618620872,-0.0172394775,0.416314632,0.62539041,-0.0194221362,0.42134288,0.630566657,-0.0209235176,0.387369186,0.609006464,-0.0135743506,0.396159738,0.619932234,-0.0183912553,0.4025684,0.62636447,-0.0209595934,0.407362342,0.631326795,-0.0225998797,0.377290368,0.609648228,-0.0142061533,0.379334778,0.618056655,-0.0195089169,0.380245358,0.623395145,-0.021528827,0.380870521,0.627993166,-0.0223991796
2783.3333333333303,0.517999947,0.295947909,1.04100053e-007,0.500867546,0.294338226,-0.00681146793,0.485603929,0.289587051,-0.0105205271,0.474197596,0.284551173,-0.01363404,0.46308133,0.282012492,-0.016630277,0.490600407,0.276988149,-0.00835029315,0.477202654,0.268531591,-0.0127151432,0.470511436,0.263320208,-0.015534672,0.465841323,0.258619368,-0.0177062247,0.502054811,0.273641,-0.0090560941,0.492926657,0.263550818,-0.0123181464,0.488168597,0.257657707,-0.0151980435,0.485140175,0.252917081,-0.017574532,0.514750659,0.273159742,-0.0104684643,0.512366414,0.263275862,-0.0158515424,0.510288358,0.257313967,-0.0198793691,0.509052217,0.252222985,-0.0228011291,0.52834332,0.275052637,-0.0122642238,0.536597252,0.267868668,-0.0184980314,0.541574836,0.262773037,-0.0217088833,0.545813322,0.258129567,-0.0237264261
2783.3333333333303,0.381068617,0.593352795,1.25377497e-007,0.399899483,0.593377233,-0.00448317034,0.415069908,0.597655,-0.00789944082,0.425782472,0.603467286,-0.0103349173,0.435941637,0.607298672,-0.0128200697,0.409444839,0.604620337,-0.0124202259,0.422760814,0.614809453,-0.0172371492,0.430221081,0.620824337,-0.0191449635,0.435874313,0.625431836,-0.0201660544,0.399043351,0.607916,-0.0130287251,0.409825534,0.619296193,-0.0171115752,0.416506618,0.62589252,-0.0189889763,0.421195745,0.630691707,-0.0203495715,0.388585627,0.609658062,-0.0135331824,0.396688432,0.620408297,-0.0180090927,0.402785599,0.626871347,-0.0204754956,0.407182604,0.63175106,-0.0221772697,0.37861985,0.61015892,-0.0139831863,0.380362868,0.618186,-0.0189572666,0.381048322,0.62346822,-0.0209599063,0.381407082,0.628013968,-0.0219319444
2799.999999999997,0.524621546,0.292349517,1.06201178e-007,0.508844256,0.29034391,-0.00658601429,0.495130211,0.285108835,-0.0104268193,0.485258877,0.279979706,-0.0136758108,0.474958599,0.277360439,-0.0169842411,0.499585211,0.271999449,-0.00965000782,0.485958457,0.263238966,-0.0146421576,0.478830844,0.257804751,-0.017784901,0.473682374,0.253005594,-0.0201185718,0.510695,0.268703461,-0.0109473653,0.501500189,0.257534206,-0.0146815488,0.496335715,0.250846326,-0.0180018619,0.492982268,0.24551,-0.0206137653,0.523116,0.268641144,-0.0128073692,0.520626724,0.257410169,-0.0186117031,0.518331587,0.250914723,-0.0232942011,0.51684767,0.245588943,-0.0266894735,0.536555111,0.271201134,-0.014980725,0.545233309,0.264120072,-0.0219940413,0.550306678,0.258961082,-0.0256984476,0.554730415,0.254282415,-0.0279585496
2799.999999999997,0.381259054,0.593299448,1.31013294e-007,0.400130957,0.593363345,-0.00431516813,0.415439606,0.597658575,-0.00780213531,0.426121354,0.603389621,-0.0104581192,0.436405659,0.607277513,-0.0132142436,0.409737974,0.604602754,-0.0125393923,0.42290166,0.614653,-0.0180720296,0.430332303,0.620673537,-0.0205629785,0.4360165,0.625438035,-0.0219298974,0.399130344,0.607800126,-0.013637268,0.409777045,0.619069219,-0.0185181759,0.416530073,0.625926,-0.0210828129,0.421372771,0.6312446,-0.0228225,0.388545424,0.609435499,-0.0146257551,0.39669466,0.620094299,-0.0199869759,0.40281558,0.626549363,-0.0229040012,0.407607287,0.631572127,-0.0247282535,0.378470451,0.609924614,-0.0155166229,0.380166471,0.618188083,-0.0211540479,0.380836,0.623522699,-0.0232788529,0.381387979,0.628169417,-0.0242249928
2816.6666666666633,0.535070181,0.289688379,1.07487395e-007,0.520767689,0.287488371,-0.0063388464,0.507926881,0.282148421,-0.0103994608,0.499168426,0.277180552,-0.0139292013,0.489683777,0.274820149,-0.017608555,0.509927094,0.268888086,-0.0108255716,0.495753765,0.259508222,-0.0167623,0.488267481,0.253554612,-0.0204551127,0.482906193,0.248578891,-0.0230256505,0.520861566,0.265886486,-0.0124924518,0.511661351,0.254137963,-0.0170891099,0.506404877,0.247101709,-0.0209437497,0.502841353,0.241682813,-0.0236846898,0.533489347,0.266164035,-0.0146392398,0.531006634,0.254803151,-0.0204661805,0.528331757,0.24769865,-0.025571676,0.52646178,0.24196659,-0.0292541403,0.547281384,0.269043833,-0.017092241,0.556358039,0.262063861,-0.0236965939,0.561408103,0.256819218,-0.0274809245,0.565853596,0.252161,-0.0298292935
2816.6666666666633,0.381770045,0.594265461,1.32336396e-007,0.400531858,0.593897,-0.00426105363,0.415838569,0.597929955,-0.00777689181,0.426543266,0.603688955,-0.0103029348,0.436801076,0.607385755,-0.0128663024,0.409856021,0.604488492,-0.0134178149,0.423931479,0.614712536,-0.0184359942,0.431495517,0.62075156,-0.0201494657,0.43708846,0.625383258,-0.0209346469,0.399350762,0.607832551,-0.0141874636,0.410715431,0.619275272,-0.0184684526,0.417298496,0.625965893,-0.0201536734,0.421743065,0.630860567,-0.021319462,0.388855219,0.60967356,-0.0147532951,0.397173017,0.620311081,-0.0193924271,0.403136402,0.62670964,-0.0216532405,0.407547116,0.63153553,-0.0231452584,0.378959268,0.610417485,-0.0152160702,0.380635858,0.618595958,-0.0202057455,0.381464034,0.623907804,-0.0220403392,0.382170528,0.628462553,-0.0228767116
2833.33333333333,0.544644833,0.288470119,1.18234844e-007,0.531997621,0.286021113,-0.00751586817,0.520293832,0.280975848,-0.0123986909,0.512357771,0.276540786,-0.016668696,0.50303477,0.274206251,-0.0210916046,0.520340621,0.266652733,-0.0120719774,0.506717205,0.25727421,-0.0188089665,0.4998613,0.251138359,-0.0232650451,0.494906902,0.245956093,-0.0264754631,0.531247795,0.263889313,-0.0137931034,0.521797478,0.252120525,-0.0194910709,0.516526759,0.24469164,-0.0244516376,0.51268059,0.238756597,-0.0280350987,0.544024944,0.264591,-0.0161197651,0.541082382,0.253275633,-0.0233024023,0.539458156,0.246149957,-0.0295447242,0.538518846,0.240313768,-0.0339089073,0.558047712,0.267923594,-0.0188128669,0.567376077,0.260729223,-0.0269085206,0.573547125,0.255647272,-0.0316409133,0.578976214,0.251185715,-0.0345822163
2833.33333333333,0.382003158,0.595302701,1.36534027e-007,0.400815398,0.594511151,-0.00441281311,0.416482389,0.598325074,-0.00792447664,0.427244693,0.604148507,-0.0104204109,0.437712669,0.607416,-0.0129592614,0.410792619,0.604989529,-0.0134174544,0.424529135,0.614930749,-0.0184566639,0.431878537,0.620747924,-0.0203007851,0.437489241,0.625273764,-0.0212364756,0.400342017,0.60832715,-0.0142333023,0.411108792,0.619438469,-0.0186081827,0.41765666,0.626088619,-0.0205211081,0.42213589,0.631056368,-0.0218864474,0.38994506,0.610072315,-0.0148701994,0.397396237,0.620117545,-0.0198000595,0.403078526,0.62644434,-0.0224970933,0.407415092,0.631393,-0.0242763851,0.380162507,0.610647,-0.0153950648,0.381140083,0.618501306,-0.0208323393,0.381473929,0.623735547,-0.0229904577,0.381755531,0.628347516,-0.0240349676
2849.9999999999964,0.553289413,0.289459616,1.21755448e-007,0.54164654,0.286722571,-0.00810763054,0.53102988,0.281217963,-0.0130556682,0.523635209,0.276146859,-0.0173812136,0.51436305,0.274468869,-0.0217384137,0.530782819,0.266366363,-0.0114289485,0.517164409,0.256619126,-0.0178433675,0.510081351,0.250184238,-0.0221933033,0.504962146,0.244793952,-0.02542172,0.541516721,0.263708681,-0.0128980698,0.531977892,0.251463324,-0.0184572022,0.527279556,0.243697479,-0.0231964,0.524181664,0.237621397,-0.0266005341,0.554135919,0.264534265,-0.015115005,0.551145792,0.253181696,-0.022374846,0.548715472,0.246210396,-0.028383892,0.547053516,0.240531713,-0.032465037,0.568138421,0.268036336,-0.0178193264,0.577737153,0.260395497,-0.0256516803,0.583912492,0.25524509,-0.0301496,0.589224041,0.25073877,-0.0329526626
2849.9999999999964,0.387978584,0.59244734,1.33112621e-007,0.404376298,0.593174577,-0.00503896829,0.417712748,0.597578704,-0.00890582241,0.427395701,0.603383839,-0.0118183903,0.437332779,0.607425332,-0.0148131456,0.411260694,0.60506326,-0.0131869623,0.424119741,0.614487827,-0.0187906697,0.431604475,0.620166242,-0.0213612895,0.437361181,0.624739349,-0.0227920525,0.401387483,0.608067036,-0.0140568176,0.411388874,0.618912399,-0.0189035237,0.417922288,0.625540078,-0.0214110482,0.422538877,0.630744576,-0.0231594592,0.391433209,0.60940367,-0.0149099547,0.398290664,0.620159388,-0.0203806274,0.403739601,0.626678824,-0.023379324,0.408033,0.631888807,-0.0252903979,0.381892502,0.609487355,-0.0157382507,0.382101029,0.617793322,-0.0217535328,0.382213324,0.623450279,-0.0242020898,0.382386148,0.628374159,-0.0253628641
2866.666666666663,0.561475694,0.290480673,1.17600948e-007,0.54966259,0.28734675,-0.00804672483,0.538982,0.281647354,-0.0129842302,0.53137964,0.276586473,-0.0172831137,0.521949351,0.27459234,-0.0216096174,0.538623512,0.267303705,-0.0117517961,0.52548492,0.257042229,-0.0182921439,0.518864751,0.2503663,-0.0226127338,0.513956368,0.244721398,-0.0257504229,0.549463928,0.264707655,-0.0130409133,0.540799141,0.251996607,-0.0186317023,0.536295116,0.244053259,-0.0231692363,0.533147,0.237923384,-0.0264636204,0.56196624,0.265572667,-0.01505752,0.559766412,0.253917515,-0.0222174302,0.557475924,0.246711388,-0.0280727558,0.555696,0.240881339,-0.0321078748,0.575711131,0.269144118,-0.0175529271,0.585838497,0.261681139,-0.0251624808,0.59200424,0.256290585,-0.0296590738,0.597245932,0.251393199,-0.0325596519
2866.666666666663,0.384890556,0.593658328,9.65825748e-008,0.403485537,0.593680799,-0.00402718736,0.417887598,0.598209858,-0.00700879516,0.427845657,0.603725791,-0.00923,0.437681019,0.606728494,-0.0115860645,0.411731631,0.605102718,-0.0105256215,0.424687237,0.614508271,-0.0151834115,0.43220523,0.62043,-0.0172656104,0.437999338,0.625035048,-0.018457301,0.401393324,0.608220816,-0.0114790471,0.411549151,0.618811131,-0.0156860277,0.418198913,0.625266194,-0.0180704948,0.423206091,0.630279839,-0.0196677595,0.390843928,0.609762609,-0.0124036008,0.398487926,0.620035529,-0.0172614753,0.404631048,0.626502395,-0.0202951171,0.409447193,0.63156873,-0.0221557319,0.380802959,0.610260367,-0.0132182641,0.381863445,0.618314624,-0.0179962199,0.382828474,0.623639345,-0.020023182,0.383804142,0.628354251,-0.0210220721
2883.3333333333294,0.567073226,0.29234606,1.14504182e-007,0.555078506,0.289081395,-0.00741173467,0.544889927,0.283192903,-0.0123460721,0.537554145,0.278043181,-0.0168112684,0.528345764,0.275447845,-0.0214009602,0.545186937,0.268539,-0.011262144,0.53256005,0.258184075,-0.0177698508,0.52615124,0.251517445,-0.0221927203,0.521465,0.245869696,-0.0253903829,0.556206882,0.266200304,-0.0129373875,0.547921777,0.25340578,-0.0184000526,0.543692648,0.245515317,-0.0228219237,0.540694475,0.239461765,-0.0260741394,0.568569064,0.267294854,-0.0153212585,0.566872954,0.255081803,-0.0223780144,0.564884961,0.247790948,-0.0280546509,0.563120127,0.241844937,-0.0320252664,0.581929684,0.271083623,-0.0181208234,0.592316508,0.263179839,-0.0257258881,0.598731697,0.25763315,-0.0300549176,0.603952408,0.252640367,-0.0328348428
2883.3333333333294,0.383889586,0.595242739,1.30146233e-007,0.402517408,0.594551,-0.00508967368,0.417722851,0.598141849,-0.00914552342,0.42809841,0.60370332,-0.0120891398,0.438403428,0.607187331,-0.0151381204,0.411211312,0.604198754,-0.0151962871,0.424614131,0.61420089,-0.0210480429,0.432159662,0.620249569,-0.0233581141,0.438015282,0.624954462,-0.024573857,0.400618434,0.607418597,-0.0159012917,0.411392301,0.618591487,-0.0212194044,0.418171108,0.625302315,-0.0234546512,0.423021019,0.630341828,-0.0250157919,0.390303701,0.609287322,-0.0164479148,0.398226559,0.619615674,-0.0219572969,0.4045825,0.626270413,-0.0247883014,0.409471363,0.631350935,-0.0266342964,0.380783349,0.610126436,-0.0169373285,0.382285029,0.618372142,-0.02247913,0.383175552,0.623775065,-0.0247085951,0.38404271,0.628442466,-0.0258902404
2899.999999999996,0.574533343,0.294614285,1.0322907e-007,0.561556578,0.291556209,-0.00708208652,0.550427914,0.28552705,-0.0118161319,0.543022871,0.280319422,-0.0161443911,0.533781,0.277113974,-0.0205486063,0.550620496,0.271186888,-0.0105914213,0.538222611,0.260372162,-0.0169149861,0.53203,0.253498048,-0.0213050302,0.527617931,0.247756094,-0.0245143566,0.561807811,0.268852234,-0.0122863,0.553301752,0.256009668,-0.0176875722,0.549410164,0.24815774,-0.0221398659,0.547018707,0.241957411,-0.0254359636,0.574360788,0.269665271,-0.0146739539,0.57173562,0.256999522,-0.0214690026,0.570438862,0.249485195,-0.0267803781,0.569694877,0.243204787,-0.030560866,0.587930202,0.273071229,-0.0174778122,0.597221196,0.265232265,-0.0248272736,0.603264451,0.259633332,-0.0288752373,0.608462036,0.254494548,-0.0314674191
2899.999999999996,0.38594842,0.593942821,1.3815982e-007,0.402977228,0.593488395,-0.00527003687,0.417369545,0.5977965,-0.00921857264,0.42806381,0.603696048,-0.0119908014,0.438633949,0.607339382,-0.0148851173,0.411294103,0.60445708,-0.0145602906,0.425274223,0.613940656,-0.0202177465,0.433121324,0.619874716,-0.0225861,0.43887952,0.624547184,-0.0238633361,0.401381224,0.607621968,-0.015120252,0.412268192,0.618664086,-0.0200405773,0.419220448,0.625259519,-0.0222322438,0.424040139,0.630173445,-0.0237675961,0.391361833,0.609355271,-0.0155790569,0.39944005,0.620125115,-0.0208384153,0.405796796,0.626522541,-0.0236029681,0.410727412,0.631426334,-0.0254151896,0.381930381,0.609961033,-0.0160034429,0.383221269,0.618424594,-0.0216617174,0.384057194,0.623945355,-0.0240120757,0.384848893,0.628707528,-0.025206292
2916.6666666666624,0.578621149,0.296778291,1.09135357e-007,0.564766526,0.293567628,-0.00710294,0.553478599,0.287492335,-0.0115850568,0.546296239,0.282316327,-0.0155747421,0.5378775,0.278985202,-0.0195984878,0.553753,0.273495,-0.0104055172,0.542723954,0.262549728,-0.0167988166,0.537272155,0.255587876,-0.021257842,0.533459604,0.249783814,-0.0244501904,0.564944625,0.27123642,-0.0120152431,0.556746721,0.259015352,-0.0176358931,0.553174376,0.25127396,-0.0223023389,0.550964,0.245108202,-0.0256644096,0.577504456,0.272049695,-0.0143525591,0.576411128,0.260142058,-0.0215742532,0.576638758,0.252529502,-0.0272204746,0.576838791,0.246065065,-0.0310654789,0.590855777,0.275369525,-0.0170470905,0.599940062,0.267251104,-0.0247444604,0.606364608,0.261803746,-0.0287627764,0.611588299,0.256904393,-0.0312167741
2916.6666666666624,0.383388817,0.595811486,1.22793338e-007,0.40154165,0.594624817,-0.00497281458,0.416930825,0.598242283,-0.00906907488,0.428074837,0.603702426,-0.0120408246,0.438919634,0.606879473,-0.015177235,0.411633879,0.604507685,-0.0148325078,0.425565541,0.614311814,-0.0203487221,0.433232129,0.620151818,-0.0223932285,0.439095855,0.624581337,-0.0234558899,0.401406497,0.607827544,-0.0155840646,0.41306439,0.618887961,-0.0205407236,0.42018044,0.625353098,-0.0226221457,0.425336897,0.630177259,-0.024047751,0.391103446,0.609717,-0.0161464922,0.40007773,0.620441437,-0.021344997,0.406776071,0.626806617,-0.0240265112,0.412023127,0.631708086,-0.0258208755,0.381133676,0.610518515,-0.0166022964,0.383148819,0.618616581,-0.0219725315,0.384521782,0.623947263,-0.024096949,0.385997,0.628613353,-0.0252094045
2933.333333333329,0.580713809,0.299770743,1.10097787e-007,0.566729486,0.296506584,-0.00591560639,0.555866301,0.289982498,-0.00958981737,0.549626112,0.284555137,-0.012968638,0.541797161,0.280874044,-0.016505491,0.556198359,0.277220339,-0.00910369121,0.546549,0.266183436,-0.0151085127,0.542154729,0.259209275,-0.0192105416,0.539281,0.253226161,-0.0221674796,0.567623734,0.274810761,-0.0113176173,0.559709132,0.262282938,-0.0166005511,0.55631274,0.254360378,-0.0211086702,0.55411768,0.247810647,-0.0243637785,0.580229878,0.275589317,-0.0141366795,0.580245256,0.263307512,-0.0210931264,0.581125557,0.255594015,-0.0263972841,0.581540883,0.248836398,-0.0300037637,0.593221724,0.279004842,-0.0171945132,0.601676166,0.271021605,-0.0247053,0.607525766,0.265517116,-0.0282365214,0.612049103,0.260385901,-0.0303391907
2933.333333333329,0.385543168,0.593545198,1.36287653e-007,0.403306216,0.593395829,-0.00455526542,0.417715758,0.597627401,-0.00828497484,0.42790544,0.603344202,-0.0110055478,0.438007951,0.607059956,-0.013851976,0.411434472,0.604037106,-0.0141025567,0.425138116,0.613860309,-0.0200597,0.433197439,0.619841158,-0.0227341447,0.439229548,0.624462306,-0.0241244975,0.401418954,0.607346117,-0.0150053557,0.41278857,0.618298411,-0.0201579351,0.420286924,0.62501353,-0.0225992687,0.425630689,0.630078614,-0.0242507942,0.39132309,0.609334409,-0.0157295167,0.400295377,0.619946837,-0.0210751183,0.406974286,0.626410902,-0.0238279123,0.412201703,0.631310523,-0.0255707446,0.381786615,0.610263288,-0.0163669456,0.384178668,0.618754327,-0.0219911262,0.385438591,0.624087811,-0.0240530632,0.386584193,0.628555238,-0.0249605216
2949.9999999999955,0.581766069,0.303284198,1.02168848e-007,0.567345142,0.299324632,-0.00464692665,0.557418168,0.292585135,-0.00784287788,0.552118301,0.286960632,-0.0109069636,0.544611931,0.28341347,-0.0141089354,0.557165086,0.28047967,-0.00730170729,0.548490763,0.269510508,-0.0128155751,0.544883609,0.262745619,-0.0166512448,0.542660058,0.256951451,-0.019376982,0.568468153,0.278569102,-0.00980084948,0.561741292,0.266186565,-0.0144813852,0.558720231,0.258472979,-0.0186535325,0.5568133,0.25210771,-0.0217125937,0.580851078,0.279618174,-0.0128451819,0.581611156,0.267379403,-0.019000886,0.582978666,0.259750426,-0.0237768423,0.58401835,0.253074676,-0.027066784,0.593473315,0.28317821,-0.0160480347,0.600865781,0.275198817,-0.0224704128,0.605696261,0.269859016,-0.0253260117,0.609313428,0.264803231,-0.0270472299
2949.9999999999955,0.384882957,0.594681144,1.21627053e-007,0.401669443,0.594051242,-0.00592510821,0.416796982,0.597623169,-0.0105250375,0.427613735,0.603107,-0.0138371773,0.437952131,0.606956542,-0.0172311421,0.409631521,0.60311,-0.0163668748,0.424069285,0.612913,-0.0226944946,0.432391644,0.618982,-0.0253859628,0.438746,0.623744786,-0.0268068835,0.399594605,0.606613159,-0.0167495776,0.411706507,0.617835045,-0.0223239064,0.419659168,0.624564052,-0.0246206392,0.425548106,0.629667878,-0.0261718258,0.389854044,0.608775496,-0.0169949289,0.399287045,0.619773388,-0.0224872883,0.406763822,0.626283586,-0.0249571893,0.412674636,0.631210804,-0.026516797,0.380794734,0.60994482,-0.0172623657,0.383644611,0.618352056,-0.0226580612,0.385694742,0.623730481,-0.0245670285,0.387753,0.628311753,-0.0254874341
2966.666666666662,0.581350207,0.307185858,9.73389334e-008,0.567157924,0.302620828,-0.00458154967,0.557377636,0.295439512,-0.00783000048,0.552185237,0.289408326,-0.0109420158,0.546311915,0.285424232,-0.0141774863,0.557041526,0.285338283,-0.00715360278,0.549746037,0.274257451,-0.0130060483,0.546687245,0.267464101,-0.0171823725,0.544865131,0.261835217,-0.020066686,0.568447113,0.283288121,-0.00943579618,0.562558591,0.271036386,-0.0144665502,0.56022054,0.263321668,-0.0187399983,0.558883488,0.256987929,-0.021738261,0.580688834,0.283925653,-0.0122458376,0.58103019,0.27178371,-0.0181965809,0.582295775,0.264218897,-0.0223654602,0.583245456,0.257560432,-0.0251936913,0.593249917,0.286891729,-0.0152487475,0.599016607,0.279135942,-0.021297114,0.602667689,0.273840666,-0.0236246735,0.605645,0.268892556,-0.0248959493
2966.666666666662,0.382641166,0.595632792,1.22651912e-007,0.400720805,0.594769657,-0.00515165413,0.416240782,0.597861826,-0.0094797,0.427119613,0.603154957,-0.012628654,0.437251836,0.607102275,-0.0158343557,0.409626335,0.603779614,-0.0157257263,0.423987836,0.613495648,-0.0220043808,0.432232529,0.619346261,-0.0246021878,0.438432813,0.623895407,-0.0259121805,0.399055421,0.607454658,-0.0163939856,0.411181629,0.618067741,-0.0221554171,0.419236451,0.62454617,-0.0246504806,0.425359219,0.629547715,-0.0262844842,0.389166027,0.609865189,-0.016831141,0.398885489,0.620001376,-0.0225742608,0.406322867,0.626259804,-0.0252062846,0.412373811,0.630982637,-0.0267821774,0.380402297,0.611240566,-0.0171846952,0.384023875,0.619022846,-0.0227342825,0.386430949,0.624111831,-0.0246335529,0.388707161,0.628456473,-0.0254516136
2983.3333333333285,0.58155477,0.310470223,9.99764609e-008,0.568436265,0.307130873,-0.00611977139,0.559093475,0.301172793,-0.0101299994,0.555907249,0.29552424,-0.0137062138,0.553168774,0.290925711,-0.0172359645,0.556833,0.289931953,-0.00911601167,0.549532413,0.279084861,-0.0147578614,0.546786308,0.27275914,-0.0185831301,0.544820249,0.26741159,-0.0212837681,0.568342507,0.287763447,-0.0106223626,0.562683284,0.275972337,-0.0155577771,0.560787678,0.268756747,-0.0195526946,0.559631,0.262760252,-0.0224429294,0.580364,0.288373113,-0.0127113601,0.580042064,0.277390033,-0.0183011424,0.580828846,0.270637572,-0.0219046436,0.58119911,0.264629632,-0.0244599245,0.592523575,0.291160911,-0.0151858712,0.596859336,0.283749968,-0.0208828244,0.599627733,0.27893427,-0.0228780508,0.601865351,0.274468482,-0.0239723586
2983.3333333333285,0.381940335,0.594722033,1.2345194e-007,0.400014251,0.593765497,-0.00502609694,0.415295333,0.597490132,-0.00896955747,0.426327705,0.603260159,-0.0117950914,0.436782926,0.607326567,-0.0147127593,0.409204781,0.60425806,-0.0144156367,0.423385412,0.613718629,-0.0203397293,0.431553453,0.61947763,-0.0229185689,0.437810898,0.623876929,-0.02428619,0.399177939,0.607822537,-0.0151776634,0.411507785,0.618373752,-0.0204962902,0.41956532,0.624666691,-0.0230681729,0.425759614,0.629433572,-0.0247494448,0.389236629,0.609918118,-0.0157822371,0.399038792,0.619983196,-0.0211850014,0.406491458,0.626192272,-0.0239237063,0.412516624,0.631005168,-0.02562318,0.379822552,0.610972583,-0.0163189266,0.383429199,0.618825734,-0.0217973497,0.385934174,0.624025702,-0.0238032565,0.388142109,0.628586054,-0.0246869791
2999.999999999995,0.575437427,0.314326257,9.06808779e-008,0.586746216,0.314165235,-0.00998610444,0.595785797,0.311590582,-0.0173347741,0.598659456,0.30935058,-0.0238571372,0.599650323,0.306972831,-0.0306064021,0.589100838,0.2966896,-0.0143300975,0.595515,0.289810032,-0.0211889222,0.598014534,0.285594136,-0.0265493,0.598388791,0.281145751,-0.030494161,0.577098906,0.293147057,-0.0144649977,0.577207863,0.282998,-0.0200158358,0.577093899,0.27697295,-0.0237588156,0.577085793,0.27157402,-0.0269111078,0.565306962,0.292721957,-0.0155025525,0.562834918,0.282159597,-0.0216058157,0.561900675,0.275477499,-0.0255308487,0.561277151,0.269473255,-0.0283045731,0.553914368,0.294292212,-0.0172922723,0.546189785,0.285549581,-0.0224296823,0.543285608,0.279962569,-0.0246148445,0.542237163,0.274780512,-0.0263174195
2999.999999999995,0.380525112,0.594601393,1.15883623e-007,0.398732454,0.593938529,-0.0047408808,0.41476351,0.597721,-0.00843096804,0.42634958,0.603399,-0.0110745607,0.43686673,0.607393563,-0.0137693034,0.408637464,0.603939593,-0.0132972281,0.422724545,0.613457739,-0.0188846942,0.430897743,0.619208872,-0.0212967321,0.437226444,0.623612165,-0.0225603,0.39883703,0.607475936,-0.0140104759,0.410866767,0.618201196,-0.0189151764,0.418871582,0.624584794,-0.0211454909,0.42511946,0.629379392,-0.0226439256,0.389127553,0.609614849,-0.0146221863,0.398379147,0.620053947,-0.0195574258,0.405771226,0.626277,-0.0219125375,0.411814541,0.630965948,-0.0233797412,0.379849017,0.610708237,-0.0151783591,0.383864969,0.618785739,-0.0199812632,0.386706084,0.623922467,-0.0215828791,0.389447,0.628269911,-0.022278538
3016.6666666666615,0.578511298,0.319417655,1.97294767e-008,0.565077722,0.31485045,-0.00438411115,0.555681825,0.307968438,-0.00662375567,0.552027643,0.30117628,-0.00885321,0.549400926,0.296059459,-0.0108122602,0.553993225,0.29876259,-0.00334358,0.547066212,0.289929032,-0.00750391278,0.544703186,0.284337103,-0.010678255,0.543556273,0.279821068,-0.0130167548,0.565309525,0.296967536,-0.00463679433,0.560990334,0.287076533,-0.00799392164,0.559196591,0.281258792,-0.0108494,0.557907164,0.27654773,-0.012912198,0.57757175,0.297580332,-0.00670805713,0.576870918,0.287965506,-0.0107698599,0.576065063,0.282190353,-0.0136484448,0.574741,0.277245134,-0.0155581823,0.5899387,0.300282508,-0.00914173,0.593623757,0.293925226,-0.0130223399,0.594196558,0.289424777,-0.0146065019,0.593490601,0.285292894,-0.0154294521
3016.6666666666615,0.381092191,0.595829785,1.2447444e-007,0.399063587,0.594502211,-0.00508703291,0.414859563,0.597673357,-0.00901454221,0.426391572,0.603396,-0.0116842929,0.436846763,0.607562363,-0.0142940329,0.408698887,0.604474664,-0.0141159408,0.423613548,0.614253342,-0.0192993414,0.431756943,0.619840801,-0.0212101247,0.437580377,0.624068,-0.0220148433,0.398597896,0.608417392,-0.0143411513,0.41191566,0.619107068,-0.0185811426,0.419869632,0.625287652,-0.0203159377,0.425408453,0.629661918,-0.0214968603,0.388884515,0.610907197,-0.0143949213,0.399336517,0.621016383,-0.0186241232,0.406827569,0.626982272,-0.020611506,0.412550449,0.631317258,-0.0219555348,0.379870772,0.612310708,-0.01441075,0.384285659,0.620034873,-0.0187129676,0.387311339,0.624842644,-0.0200174768,0.389986098,0.628782451,-0.0205152929
3033.333333333328,0.575855792,0.3230685,6.71263e-008,0.563601494,0.319148362,-0.00498936092,0.554182768,0.312446177,-0.00761318486,0.550768435,0.305825949,-0.00998427346,0.548282385,0.30020979,-0.0120688071,0.551424384,0.303257823,-0.00477361679,0.54420954,0.294562787,-0.00920626707,0.542072833,0.289507568,-0.0124293743,0.541210711,0.285037339,-0.0148680406,0.562518537,0.301710725,-0.00603222754,0.557198405,0.292707503,-0.00958248228,0.555537403,0.287564188,-0.0127573805,0.554648101,0.283112288,-0.0151570281,0.574468791,0.302517056,-0.00804727618,0.573312938,0.293773174,-0.0126233259,0.572507858,0.288962364,-0.0152517259,0.571058154,0.284654528,-0.0170892682,0.586904883,0.305291027,-0.0104431761,0.589781761,0.299400419,-0.015305981,0.589980543,0.295715,-0.0170682427,0.589031696,0.292260557,-0.018001359
3033.333333333328,0.381696075,0.597029805,1.22929549e-007,0.398997545,0.595432639,-0.00538998656,0.414512664,0.598006427,-0.00974275265,0.42601487,0.603264809,-0.0127633503,0.436317265,0.607541,-0.015770277,0.408560753,0.605217278,-0.0154670849,0.423736095,0.614898,-0.0210781712,0.431733608,0.620440662,-0.023116935,0.43743813,0.624624908,-0.0239499677,0.398333102,0.608867228,-0.0157283749,0.411592066,0.619467676,-0.0205991883,0.419760138,0.625387728,-0.0224764738,0.4256441,0.629703283,-0.0236594975,0.388684362,0.611057043,-0.0157847889,0.399195313,0.621101201,-0.0206167623,0.406795442,0.626939952,-0.0227960423,0.4127433,0.631346405,-0.0241591688,0.380081952,0.612207711,-0.0157867912,0.384613276,0.619831,-0.0207127612,0.387077153,0.624620378,-0.0222412236,0.389143676,0.628707588,-0.0227721278
3049.9999999999945,0.574500918,0.32669884,4.70526977e-008,0.561579406,0.322790295,-0.00520869112,0.551875174,0.316119194,-0.00791366491,0.548361778,0.30941081,-0.0104464935,0.5465253,0.303726822,-0.0126612084,0.550391495,0.308787972,-0.00479091611,0.543591678,0.30088684,-0.00979277212,0.541772962,0.296097547,-0.013505769,0.540805042,0.291632235,-0.0164144933,0.560608566,0.307299972,-0.00599373132,0.555980384,0.299688458,-0.0105776349,0.554163873,0.295220196,-0.0140039409,0.552517533,0.29120487,-0.0166128706,0.571450412,0.307824731,-0.0080776019,0.570634127,0.300265938,-0.0136563918,0.569911361,0.295999646,-0.0160206985,0.567711473,0.292398125,-0.0175760295,0.582850456,0.310054958,-0.0106194671,0.585722744,0.30449149,-0.0160355866,0.585581779,0.301314861,-0.0178229306,0.583595395,0.298610181,-0.0188546963
3049.9999999999945,0.382629216,0.5948596,1.23040934e-007,0.399510831,0.59402746,-0.00525864074,0.414760679,0.597743154,-0.00941448659,0.426262766,0.603482425,-0.0122388,0.436632603,0.607836664,-0.0151081365,0.406995416,0.603779495,-0.0160005558,0.422347575,0.613758862,-0.0220091734,0.430818439,0.619542837,-0.0240856428,0.436932445,0.623975933,-0.0249422267,0.396990299,0.607254803,-0.0164517537,0.410975456,0.618634522,-0.0217389259,0.419256836,0.625185132,-0.023658311,0.424995512,0.630101144,-0.0248166639,0.387474865,0.609352827,-0.0166590158,0.398748845,0.620440364,-0.0219791289,0.406531721,0.626676321,-0.0242628884,0.412571132,0.63140738,-0.0255990531,0.378915071,0.610464692,-0.0167691819,0.383378148,0.618806243,-0.0222173613,0.385946959,0.624099612,-0.02408,0.388245165,0.628671288,-0.0248232652
3066.666666666661,0.565724134,0.331067652,2.47253347e-008,0.55379,0.325110704,-0.00292413356,0.546184599,0.317020535,-0.00389640266,0.543535769,0.309966981,-0.0050466992,0.541856587,0.304638237,-0.0060921642,0.548553109,0.313126147,-0.00185027299,0.54260391,0.306063116,-0.00592639903,0.539497,0.301789761,-0.00913570356,0.537144959,0.297763348,-0.0116414772,0.557999611,0.312174767,-0.00355458609,0.55338788,0.305176169,-0.0072452859,0.550814331,0.301038295,-0.0103638647,0.548307598,0.297485292,-0.012751461,0.568218112,0.312797517,-0.00595308887,0.566423774,0.30555582,-0.0108369906,0.564893425,0.301798344,-0.0129541596,0.562009633,0.298983246,-0.01421188,0.579387248,0.314774275,-0.00860796776,0.580829144,0.30884546,-0.0131242042,0.579559863,0.306476533,-0.0142419823,0.576510131,0.305115402,-0.0148018431
3066.666666666661,0.382338315,0.594831288,1.10062913e-007,0.400164068,0.593928516,-0.00502047595,0.415342361,0.597867548,-0.00877745822,0.426316559,0.603834271,-0.0113315508,0.436471045,0.607949376,-0.0139496159,0.408192426,0.604306579,-0.0140821896,0.422522485,0.613976419,-0.019607095,0.43066442,0.619678,-0.0218738206,0.436869919,0.62404573,-0.0229597669,0.398038059,0.60783571,-0.0145048983,0.410431266,0.618653059,-0.0192926228,0.418508053,0.624957621,-0.0214774739,0.424732178,0.629797399,-0.0228948966,0.388307184,0.609892547,-0.0147502795,0.39760071,0.620379627,-0.0195109472,0.405105144,0.626641512,-0.0218732972,0.411239713,0.631462336,-0.0233343542,0.379462838,0.610881925,-0.0149224866,0.382997632,0.618864954,-0.0195056144,0.385834187,0.623910069,-0.0209631622,0.388721764,0.628200233,-0.0215292629
3083.3333333333276,0.560384691,0.33405295,2.13154152e-008,0.549642324,0.329045355,-0.00359529862,0.542822421,0.321640372,-0.00576975569,0.540419579,0.314909339,-0.00784894079,0.539048672,0.309708029,-0.00985442102,0.545129418,0.317897081,-0.00511693675,0.539100826,0.310939878,-0.00986895803,0.535855174,0.306710035,-0.013180539,0.533786,0.303063065,-0.0157263894,0.554575086,0.316900045,-0.00648349524,0.551383793,0.310311586,-0.0112782093,0.549839497,0.306607127,-0.0144740138,0.548625827,0.304015815,-0.016812209,0.564122856,0.317597359,-0.00842673797,0.563155055,0.310899526,-0.0140470034,0.562452257,0.307794452,-0.016318772,0.560762465,0.305851668,-0.0176229645,0.574029386,0.31972003,-0.010571924,0.57645756,0.314452142,-0.0159367137,0.575780511,0.312196016,-0.0177130383,0.573643327,0.311054498,-0.0186234489
3083.3333333333276,0.381779104,0.595297515,1.17453041e-007,0.399801463,0.594364941,-0.00514756283,0.415578723,0.59811157,-0.00907750428,0.426733315,0.603918552,-0.0117784683,0.436776578,0.608016431,-0.014528255,0.408612072,0.604401588,-0.0149520161,0.422923774,0.614051342,-0.0208046772,0.431082189,0.619843185,-0.0232804772,0.437277406,0.624317646,-0.0245391428,0.398470491,0.607839942,-0.015473811,0.41059196,0.618560791,-0.0206688773,0.418625206,0.624936402,-0.0229373034,0.424774706,0.629744291,-0.0244320165,0.388658553,0.609924495,-0.0158124771,0.397716463,0.620410204,-0.020872565,0.405445248,0.626820743,-0.023474833,0.411707938,0.631670177,-0.0251603872,0.37954697,0.610955477,-0.0160912536,0.382646441,0.618971407,-0.0210724063,0.385613203,0.624212623,-0.0229360275,0.388565958,0.628694296,-0.0238356479
3099.999999999994,0.557141066,0.337513119,1.80775235e-008,0.546990633,0.333672673,-0.00407337816,0.540162742,0.327124387,-0.00647628494,0.538271248,0.321275353,-0.0087031,0.536339581,0.316349447,-0.0108205173,0.541851044,0.322341442,-0.00515139336,0.536035538,0.315950692,-0.00998249557,0.533327639,0.311884254,-0.0134525215,0.531406045,0.308427334,-0.0160212684,0.551110923,0.321343124,-0.00622096611,0.548543632,0.315237731,-0.0112344977,0.54648006,0.311571866,-0.0146431411,0.544487119,0.308692306,-0.016918689,0.560755789,0.321918756,-0.00792597607,0.560021043,0.315588683,-0.013428227,0.558080375,0.311891645,-0.0159506556,0.555116832,0.308986455,-0.0173447076,0.570982933,0.323851317,-0.00988352578,0.573651552,0.318698198,-0.0151476702,0.572255909,0.315768749,-0.0172047466,0.569115162,0.313519984,-0.0182574056
3099.999999999994,0.382905126,0.594990551,1.33985793e-007,0.400259525,0.594242811,-0.00552566256,0.415409029,0.597772956,-0.00979001541,0.426384181,0.603505194,-0.0127967838,0.436646879,0.607857108,-0.0158163235,0.408641398,0.604384303,-0.0150430072,0.423637509,0.614088058,-0.0208443161,0.431876481,0.619909167,-0.0232169162,0.437976778,0.624437273,-0.0243624859,0.398792416,0.607764602,-0.0154346302,0.411363572,0.618885577,-0.0204659645,0.419214755,0.625317633,-0.0226279404,0.424832404,0.630178511,-0.0240377169,0.389192551,0.609800696,-0.0157116484,0.39895618,0.620493114,-0.0208047591,0.406174809,0.626930535,-0.0233128536,0.411576778,0.631925166,-0.0249203257,0.380184263,0.610812545,-0.015967479,0.383608371,0.618920922,-0.0212299861,0.385272175,0.624139845,-0.0230881535,0.386699826,0.628646374,-0.0239092018
3116.6666666666606,0.554632127,0.341481775,5.28578958e-008,0.544469774,0.338610619,-0.00462991418,0.537494659,0.332811385,-0.00734241074,0.535774708,0.326760083,-0.0095867319,0.534442127,0.32201153,-0.0117814904,0.538156271,0.328417718,-0.0077506816,0.53041333,0.32103008,-0.0126351919,0.527251303,0.316000253,-0.0155199189,0.525858521,0.311984152,-0.0174422916,0.547315478,0.327047944,-0.00841366779,0.544327796,0.319480419,-0.0126550123,0.542643249,0.314854205,-0.0153076462,0.541852057,0.311393857,-0.0171416271,0.557207525,0.327339113,-0.00952572096,0.556226313,0.320087969,-0.0140803605,0.554317,0.315528274,-0.0166085083,0.552273214,0.311951786,-0.0182227083,0.567551851,0.32893464,-0.0108775152,0.570666492,0.32338351,-0.0154523877,0.569993138,0.319633782,-0.0174242854,0.567933142,0.316502929,-0.0184966791
3116.6666666666606,0.383571953,0.594885707,1.24297742e-007,0.401435733,0.594277263,-0.00467660464,0.41636169,0.597999,-0.00844421145,0.427096277,0.603689909,-0.0110756373,0.437093884,0.608038127,-0.0138261607,0.410049051,0.604251325,-0.0143531188,0.423944771,0.614111781,-0.0200392902,0.431830466,0.619992435,-0.0223239567,0.437791348,0.62449187,-0.0234482605,0.399687082,0.607757866,-0.0150833037,0.411799312,0.618839681,-0.0201729648,0.419675171,0.625277698,-0.0224708673,0.425667882,0.630146,-0.0239396077,0.389630228,0.609735727,-0.0155865047,0.399081916,0.620503724,-0.0207996499,0.406263292,0.626914918,-0.0234445482,0.412028402,0.631842792,-0.0250749588,0.380390376,0.610537,-0.0159476586,0.383234948,0.618637741,-0.0213520955,0.38517639,0.623951375,-0.0233294293,0.387239695,0.628577948,-0.024173595
3133.333333333327,0.552756131,0.344440788,5.53643815e-008,0.541426122,0.3426781,-0.0045696767,0.532863498,0.337908983,-0.00763296336,0.529080451,0.332829535,-0.0100572538,0.527099609,0.328982621,-0.0126333525,0.535721898,0.333274275,-0.00959557295,0.529575348,0.326602608,-0.0138917966,0.526900589,0.322772503,-0.0161746871,0.525405288,0.3194758,-0.0177467745,0.545019,0.331804842,-0.010365502,0.540127218,0.324374735,-0.0143271526,0.537562966,0.319872171,-0.0166574419,0.536199152,0.31630379,-0.0183015019,0.555512428,0.331981778,-0.011359619,0.552436769,0.324467391,-0.0160685573,0.550250769,0.319721967,-0.0188050866,0.54858,0.315627486,-0.0205699746,0.566725731,0.333285332,-0.0124242706,0.569346964,0.32762903,-0.0172713939,0.569346309,0.323528141,-0.0193165392,0.568676591,0.319669127,-0.0204359945
3133.333333333327,0.383849204,0.594610393,1.22557367e-007,0.401793361,0.593922675,-0.00514344918,0.416955203,0.597986758,-0.00910732,0.42772004,0.603946209,-0.0118590565,0.438104212,0.608009458,-0.0147487223,0.410438895,0.604410172,-0.0149630103,0.424072951,0.613986135,-0.0209471621,0.432024479,0.619820356,-0.0235451851,0.438183904,0.624442697,-0.0249842238,0.400234461,0.607769787,-0.0156002976,0.411711752,0.618650258,-0.0209017526,0.419412643,0.625115156,-0.0232946966,0.425312251,0.63010186,-0.024937775,0.390245289,0.609676182,-0.0160764568,0.39919126,0.620246887,-0.0214988086,0.406237245,0.626537323,-0.0241432935,0.411901176,0.631407857,-0.0258327127,0.380702138,0.610540092,-0.0164901465,0.383426696,0.618734241,-0.021998696,0.385350913,0.623938143,-0.0240505151,0.387318879,0.628479123,-0.0250465795
3149.9999999999936,0.549635887,0.348454982,8.79521806e-008,0.539872348,0.346862763,-0.00582506973,0.532406867,0.342478573,-0.00962135568,0.529389501,0.337436318,-0.012411641,0.526850641,0.33391276,-0.0155773601,0.534350693,0.337923497,-0.0137245134,0.527800143,0.330556244,-0.0189968944,0.524878561,0.326102644,-0.0216977485,0.523557901,0.322360843,-0.023480285,0.543258786,0.33611241,-0.0141861457,0.537615776,0.327920973,-0.0195872188,0.534699321,0.322629511,-0.0226872489,0.533734918,0.318654031,-0.0247412827,0.553866804,0.336244553,-0.0147339515,0.550018132,0.3279365,-0.0207478441,0.547174752,0.322467536,-0.0247021355,0.545651853,0.317987531,-0.0273371488,0.56512928,0.337607056,-0.0153071694,0.568827689,0.331547856,-0.0216581058,0.569272041,0.327057838,-0.0248135421,0.569464505,0.323068202,-0.0266623683
3149.9999999999936,0.385062963,0.595317245,1.34152558e-007,0.402912706,0.594611645,-0.00492468616,0.41768,0.598327875,-0.00902326,0.428281784,0.603984475,-0.0119253071,0.438483715,0.60794,-0.0149508836,0.411227763,0.604343534,-0.0151816728,0.425071895,0.614259124,-0.0208654236,0.432801694,0.620143294,-0.0230275393,0.438662261,0.624668,-0.0241339542,0.400734067,0.607789397,-0.0159453023,0.412709743,0.618948519,-0.0211211182,0.420450866,0.625426054,-0.0234558,0.426322639,0.630230069,-0.0250354968,0.390608,0.609700799,-0.0164505225,0.399535269,0.620454669,-0.0217868015,0.406495214,0.626848042,-0.0244784579,0.412090868,0.631772459,-0.0262245089,0.381339252,0.610443115,-0.0168203972,0.383733928,0.618450284,-0.0224119443,0.385232031,0.623801708,-0.0244907662,0.386773914,0.628432095,-0.0254689977
3166.66666666666,0.550397456,0.352171928,9.13024252e-008,0.559942722,0.34905225,-0.00694864,0.565669,0.343472421,-0.0110518327,0.567389429,0.338489,-0.0142114088,0.568549156,0.334591419,-0.0175769366,0.553623855,0.341185093,-0.0119353933,0.553514183,0.334065765,-0.0173784327,0.552694917,0.329630047,-0.0201642029,0.552425265,0.325962514,-0.0219965056,0.544454396,0.340806961,-0.0119632063,0.540623248,0.332301766,-0.0180490315,0.538472593,0.326621532,-0.0215048511,0.53684783,0.321811,-0.0238349754,0.536020935,0.341519117,-0.0124783618,0.530905128,0.333244532,-0.0188308526,0.528299391,0.327074677,-0.0230038855,0.526589513,0.322057128,-0.0255377404,0.528317213,0.342837125,-0.0132433707,0.522319198,0.336185485,-0.01884651,0.518515229,0.331445694,-0.0222002417,0.516126871,0.327181339,-0.0244356841
3166.66666666666,0.382478356,0.595507503,1.27162238e-007,0.401116639,0.594508529,-0.00482571777,0.41700238,0.598132253,-0.00857931096,0.428239673,0.603826761,-0.011241545,0.438660324,0.607869923,-0.0139228,0.411161035,0.604325354,-0.0137718571,0.4252716,0.614149749,-0.0194886513,0.432941079,0.620064497,-0.0218240526,0.438730121,0.624665082,-0.0230136365,0.400827944,0.607756615,-0.014502693,0.412742,0.618657947,-0.0197246224,0.420459956,0.625145078,-0.0221732631,0.426365614,0.630165517,-0.0237421636,0.390509069,0.609922826,-0.0151079856,0.39958787,0.620158911,-0.0205028355,0.406885833,0.626446784,-0.0233215671,0.412804097,0.631390929,-0.025031276,0.380564541,0.61114186,-0.0156211136,0.383812189,0.618990421,-0.0210730974,0.385935515,0.624138534,-0.0231320951,0.388039738,0.628743172,-0.0240501426
3183.3333333333267,0.551292598,0.356922746,1.02588288e-007,0.538489938,0.355683327,-0.00736973761,0.528905451,0.351331025,-0.01199672,0.525116205,0.34575963,-0.0152141638,0.52258271,0.341689825,-0.0187978093,0.529322803,0.347433984,-0.0168030821,0.521663308,0.339417577,-0.0228306986,0.517615318,0.3343319,-0.0257785451,0.514988601,0.329999417,-0.0277745184,0.539740741,0.345056027,-0.0167533942,0.53306216,0.33604303,-0.0228682514,0.529264569,0.330040604,-0.0262380727,0.526777744,0.325181484,-0.0286438651,0.551684141,0.34471786,-0.0167851765,0.548013568,0.335532397,-0.0235455632,0.54495734,0.32977277,-0.0276704412,0.542496324,0.325167507,-0.0303872973,0.56373316,0.345345765,-0.0168827344,0.567566812,0.338364184,-0.0235680714,0.568609953,0.333638906,-0.0267090108,0.569051623,0.329447806,-0.0285932329
3183.3333333333267,0.38481307,0.596480489,1.36742955e-007,0.402126,0.59509474,-0.00526672276,0.417744756,0.59829855,-0.0091724284,0.42908445,0.603820682,-0.0117799593,0.439724565,0.607966542,-0.0143597331,0.411842197,0.604732037,-0.0148802511,0.426616132,0.614396334,-0.0199587755,0.434452146,0.620135546,-0.0215319544,0.440091282,0.624590397,-0.0222472604,0.401750714,0.608406782,-0.0152671617,0.414021045,0.619309366,-0.0196427442,0.421430171,0.625556171,-0.021330772,0.426616877,0.630276501,-0.0225616898,0.39188394,0.610646129,-0.0154725984,0.401239038,0.621092081,-0.0203889906,0.407967716,0.627322257,-0.0229658242,0.413325518,0.632297337,-0.0247797947,0.382634819,0.611798167,-0.0155958589,0.384875476,0.619517207,-0.0213158745,0.38572672,0.624572873,-0.023543667,0.386610061,0.62904948,-0.0246344861
3199.999999999993,0.552320778,0.362191737,1.24771603e-007,0.537844419,0.360383123,-0.00446289405,0.526758254,0.355462849,-0.0073385383,0.520299,0.349927962,-0.00949722,0.514302075,0.346221179,-0.0117770797,0.528891,0.350901127,-0.0105201071,0.519042969,0.343013883,-0.0156921931,0.513614535,0.33766523,-0.0186253414,0.509718478,0.333298266,-0.0206294246,0.539302886,0.348348022,-0.0119376415,0.531539679,0.339147657,-0.0165661853,0.527056515,0.332921207,-0.0200206209,0.523927748,0.327865839,-0.0225334335,0.55087024,0.347611636,-0.0134807508,0.546339095,0.338511556,-0.0192647949,0.542884111,0.33243978,-0.0235523731,0.540077686,0.327333897,-0.0264580715,0.562763393,0.348288059,-0.0149554648,0.567132,0.341318786,-0.0212536119,0.568979442,0.336281151,-0.0243604779,0.570136845,0.331876189,-0.0261799581
3199.999999999993,0.384865254,0.597929,1.39725515e-007,0.40230602,0.596334934,-0.00520841591,0.418051362,0.599212,-0.0093905041,0.429512739,0.604450285,-0.0123069137,0.440025032,0.608131588,-0.0152119445,0.412433803,0.605133474,-0.0156287383,0.427342951,0.614889622,-0.0211476497,0.434891015,0.620529175,-0.0229906142,0.44036144,0.624866068,-0.0238167308,0.402316839,0.608635783,-0.0161184072,0.41473031,0.61962229,-0.0208427627,0.421957582,0.625905275,-0.0224964507,0.426900148,0.630506575,-0.0236660801,0.392320782,0.610824585,-0.0164086577,0.401504636,0.621246397,-0.0212833229,0.408062339,0.627326906,-0.0234954152,0.413216472,0.632097,-0.0250471849,0.382940441,0.611946464,-0.016638739,0.385096818,0.619599223,-0.0219895914,0.386289448,0.624735475,-0.0239152964,0.38744086,0.629335582,-0.0248454344
3216.6666666666597,0.553903341,0.364601433,9.59821733e-008,0.538634062,0.363323748,-0.00433377363,0.525772095,0.358326763,-0.00667434651,0.517879069,0.352600038,-0.00850873068,0.511191,0.348284,-0.0103798686,0.52992034,0.35311377,-0.00817119423,0.518688321,0.345818371,-0.0126062976,0.512361765,0.340964049,-0.0150293959,0.507734656,0.337098628,-0.0167048126,0.539859235,0.350431591,-0.00964846835,0.531116545,0.341479599,-0.0136682708,0.525875866,0.335710317,-0.0169543885,0.521909177,0.331104904,-0.019309707,0.551235497,0.349499226,-0.0113860285,0.546345711,0.340447098,-0.0169879515,0.542799175,0.334418178,-0.021378601,0.539837,0.329250455,-0.0242816899,0.563438177,0.34993872,-0.0130794542,0.567658663,0.342873365,-0.0192607678,0.570015669,0.337866336,-0.0224481821,0.571754217,0.33349365,-0.0243321471
3216.6666666666597,0.387025893,0.594294727,1.39739484e-007,0.404205382,0.594090283,-0.00524412096,0.418817222,0.598327458,-0.00915264,0.429491103,0.60437572,-0.0118347444,0.439979523,0.608179569,-0.0145692257,0.41240555,0.605158508,-0.0145073673,0.426226109,0.614684761,-0.0204660948,0.434027046,0.620477855,-0.0230821576,0.439741135,0.624958694,-0.0244811215,0.402417481,0.608411372,-0.0152052902,0.413548887,0.619160175,-0.0205246489,0.420899391,0.625572741,-0.0231728591,0.426105201,0.630480468,-0.0249527451,0.39258036,0.610155225,-0.0157767814,0.401003599,0.62081933,-0.021434566,0.40776664,0.627147138,-0.0244357213,0.413078606,0.632239699,-0.026352847,0.383221418,0.610766113,-0.0162846316,0.384574175,0.618980467,-0.0223541688,0.385754317,0.624360561,-0.0247257333,0.386857152,0.629109263,-0.0258316807
3233.333333333326,0.562003851,0.365539402,7.42463513e-008,0.547229826,0.364276975,-0.00355929439,0.53338033,0.359893054,-0.00476541184,0.523474813,0.35491851,-0.00575816771,0.515916646,0.351431459,-0.00667973468,0.534681082,0.353856295,-0.00475947838,0.524561584,0.346987098,-0.00767547917,0.519508481,0.342819631,-0.00930322893,0.515694618,0.33945927,-0.0106421616,0.542539597,0.350699216,-0.00599847222,0.531914055,0.342672229,-0.00893880893,0.526467204,0.337572485,-0.0110343825,0.523102283,0.333814591,-0.0124423727,0.553402424,0.349486172,-0.00769646885,0.545983,0.341748893,-0.0124415569,0.541603744,0.336912155,-0.0158052053,0.538805544,0.332936794,-0.0178957861,0.566275597,0.34969157,-0.00943756,0.568683684,0.343560189,-0.0148832873,0.570078433,0.339521497,-0.0174520779,0.571718276,0.33595714,-0.0187474526
3233.333333333326,0.386007607,0.594814956,1.13625269e-007,0.404022068,0.594307482,-0.00485836063,0.419347733,0.598446846,-0.0085830614,0.430205405,0.604147255,-0.0113004697,0.440769196,0.607746065,-0.014146057,0.412848175,0.605021834,-0.0133118602,0.426529258,0.6146034,-0.0185621865,0.434103787,0.620341778,-0.020660365,0.440034628,0.624695,-0.0218019,0.402656615,0.608201861,-0.0141550489,0.41392687,0.619167864,-0.0190299489,0.421150625,0.625430167,-0.0213967748,0.426589936,0.630183339,-0.0229562018,0.392424613,0.609883487,-0.0149022853,0.401154071,0.62038219,-0.0201168209,0.407982618,0.62687695,-0.0230498873,0.413436055,0.631991,-0.0249497537,0.382466137,0.61044538,-0.0155464308,0.384550333,0.618464053,-0.0208005942,0.3861534,0.62373966,-0.0228724387,0.387865722,0.628364801,-0.0239291601
3249.9999999999927,0.564027369,0.36221835,5.99164878e-008,0.549982607,0.362128437,-0.00222705165,0.537081659,0.35938856,-0.00356560946,0.527785182,0.356751442,-0.00497664,0.520095885,0.35508287,-0.00661135232,0.538903296,0.35315612,-0.00514314463,0.526224077,0.348795235,-0.00836200546,0.519108653,0.345588237,-0.0101284636,0.513851166,0.3429479,-0.0115212714,0.547204435,0.349459052,-0.00713481056,0.536425233,0.343086153,-0.00996823516,0.530748487,0.338605106,-0.0121532734,0.527114391,0.33499524,-0.0137894042,0.557726562,0.347676039,-0.00932564121,0.552317798,0.341306895,-0.0143219167,0.548925459,0.336727381,-0.0180214513,0.546672463,0.332637042,-0.0204414632,0.569642723,0.347621441,-0.0113741225,0.574139655,0.342048585,-0.0174384397,0.576554358,0.337708652,-0.0203997269,0.578721166,0.333660603,-0.0220456943
3249.9999999999927,0.386142045,0.595617652,1.30698425e-007,0.40447703,0.594776452,-0.00466103107,0.419594944,0.598536611,-0.00834608264,0.430185765,0.604189634,-0.0109469835,0.440374017,0.608046532,-0.0135925179,0.413717031,0.604849339,-0.013617564,0.427393854,0.614682257,-0.0187697057,0.434858739,0.62056309,-0.0207289606,0.440453589,0.625091791,-0.0217707474,0.403392792,0.608299613,-0.0143115865,0.414870977,0.61940974,-0.0187321696,0.421693385,0.625739157,-0.0206076745,0.426611513,0.630339086,-0.0219136272,0.393114775,0.610259831,-0.014852073,0.401931107,0.621056557,-0.0196580626,0.40827933,0.627443492,-0.022161575,0.413374126,0.632306457,-0.0238613822,0.383319616,0.611057699,-0.0153012723,0.384662896,0.619034886,-0.0205488056,0.385764688,0.62426728,-0.0226283837,0.387067676,0.628816962,-0.0236725621
3266.6666666666592,0.568294,0.360390514,5.42938068e-008,0.554918885,0.359812766,-0.00150846783,0.542427242,0.357191861,-0.00189139601,0.533452928,0.355801851,-0.00254820706,0.526492715,0.355098724,-0.00333975628,0.541896045,0.350134373,-0.00232750643,0.530410349,0.34568125,-0.004029023,0.52448523,0.342684299,-0.00489028636,0.520091,0.340486228,-0.0056270035,0.550446391,0.346558303,-0.00394014735,0.541454911,0.34071824,-0.00514471,0.536886811,0.336942,-0.00642844196,0.533849955,0.334135473,-0.0073751295,0.561024308,0.34487766,-0.00583003974,0.557001,0.339084327,-0.0096324,0.554414,0.335413605,-0.0129624493,0.55263561,0.332247585,-0.0150255058,0.572519541,0.344965845,-0.00755847851,0.578191578,0.340260416,-0.0127794053,0.581257522,0.336752594,-0.0154944984,0.583992958,0.333569556,-0.0168193355
3266.6666666666592,0.386736631,0.594337225,1.33190355e-007,0.404550314,0.593880236,-0.00477464,0.41945079,0.598249853,-0.00823450275,0.430268347,0.604193568,-0.0106038712,0.440622687,0.607915163,-0.0130816363,0.413100451,0.604665697,-0.0134106362,0.427265853,0.614299297,-0.0186652876,0.435059398,0.620291591,-0.0208419282,0.440769732,0.624915242,-0.0219986867,0.403255612,0.608061433,-0.0140062859,0.41448155,0.619083762,-0.0183935817,0.421475232,0.625503659,-0.020398112,0.426272213,0.630275965,-0.0217978,0.393408656,0.609918714,-0.0144715263,0.402088821,0.620753646,-0.0191859826,0.408724606,0.626985133,-0.021735644,0.413775772,0.631825089,-0.0234757271,0.384021848,0.610547841,-0.0148743074,0.385308474,0.618640125,-0.0200767331,0.386337847,0.623947501,-0.0221739858,0.387189865,0.628635406,-0.0232119411
3283.3333333333258,0.574087203,0.355508924,6.03984489e-008,0.563649,0.355688035,-0.00248161191,0.552517295,0.354604512,-0.00369487214,0.544451773,0.354932606,-0.0050661657,0.538249493,0.355093747,-0.00654015364,0.548569322,0.346461058,-0.0038449245,0.537303329,0.341966212,-0.00576064084,0.531329572,0.339150816,-0.00663473783,0.526736,0.337153465,-0.00733602513,0.55628109,0.342975676,-0.00505086174,0.547591567,0.337289095,-0.00596291199,0.543341815,0.333859384,-0.0067391796,0.540452182,0.331124723,-0.00743637141,0.566052854,0.341469139,-0.00663430477,0.563385665,0.336117536,-0.0100300889,0.561790287,0.333176225,-0.0128411492,0.56077069,0.330546468,-0.0147136794,0.576856732,0.341777444,-0.00821086206,0.582819879,0.338092357,-0.0130052688,0.586435,0.335321128,-0.0152318282,0.589860082,0.332866609,-0.0163281411
3283.3333333333258,0.386931628,0.595625222,1.38045195e-007,0.404734939,0.594990373,-0.0046626,0.419923156,0.598732352,-0.00861703,0.430925369,0.604109108,-0.0114466576,0.441272259,0.607825458,-0.0143783754,0.414281726,0.604351461,-0.0150258262,0.428367496,0.614747047,-0.02047446,0.435726762,0.620887339,-0.0222681984,0.441319317,0.625463367,-0.0230841544,0.403788358,0.607708812,-0.0158144291,0.415296108,0.619527042,-0.0206906926,0.422055185,0.626076043,-0.0224088188,0.426944375,0.63065809,-0.0234887674,0.393287867,0.609647,-0.0163581353,0.402000487,0.620929241,-0.0214247014,0.408275813,0.627434194,-0.0237547588,0.413235515,0.632319212,-0.0252681207,0.383316368,0.610447824,-0.0167593975,0.385096133,0.618674397,-0.0221501719,0.38609305,0.624083102,-0.0241120849,0.387295395,0.628790915,-0.0250278264
3299.9999999999923,0.57809788,0.353977561,7.39403561e-008,0.586105227,0.350191951,-0.00610244414,0.589872539,0.344815373,-0.00971008558,0.59139514,0.340707898,-0.0130974101,0.59178561,0.337253451,-0.0161670074,0.571032166,0.339035511,-0.00418871315,0.567704797,0.333587199,-0.00763491774,0.565496445,0.330583125,-0.0104679568,0.563734531,0.328072727,-0.0124493139,0.562193513,0.339258462,-0.00394878583,0.554627657,0.333615541,-0.00673711486,0.550650895,0.330195397,-0.00878063403,0.547546268,0.327426314,-0.0101469262,0.555558681,0.340621322,-0.00462456467,0.547102749,0.335597843,-0.00777866552,0.543091536,0.332463682,-0.00950364396,0.539940417,0.329864353,-0.0104378937,0.551386058,0.342753,-0.005885961,0.544286907,0.338764131,-0.00823984109,0.539986372,0.336431772,-0.00872099,0.536978543,0.334340423,-0.00884996634
3299.9999999999923,0.390364736,0.594194889,1.33216176e-007,0.407222539,0.594341338,-0.00505170505,0.421443611,0.598687947,-0.00882995129,0.43181619,0.604465961,-0.0115184626,0.442063957,0.608173,-0.014284431,0.415040463,0.605217755,-0.0136452755,0.428478,0.614655793,-0.0191656146,0.43604967,0.620434,-0.0215664413,0.441778809,0.624924242,-0.0228989236,0.404867083,0.608476639,-0.0143320728,0.415383875,0.619240701,-0.0190425292,0.422038019,0.625694335,-0.0212776326,0.426832139,0.630534649,-0.0228557307,0.394653708,0.610161424,-0.0149454372,0.402314603,0.620668769,-0.0201844573,0.40820235,0.627057791,-0.0228878483,0.413002342,0.632108867,-0.0246726535,0.384796917,0.610629141,-0.0155011192,0.38551724,0.618804574,-0.021213254,0.385861814,0.624122679,-0.0233395547,0.386359036,0.628751814,-0.0243487656
3316.666666666659,0.588791728,0.346162111,6.03047141e-008,0.586303651,0.346557707,-0.00480416371,0.582123339,0.345151,-0.00809037779,0.57898277,0.343480825,-0.0111356517,0.575870156,0.341296762,-0.0140664428,0.567860246,0.337281823,-0.00428045727,0.559282959,0.33255142,-0.00709814671,0.554427862,0.329798698,-0.00944542419,0.55116415,0.32749325,-0.0112870559,0.567789495,0.334617227,-0.00464699045,0.558526158,0.329455584,-0.00717743253,0.553745508,0.326307237,-0.00946732797,0.550865889,0.323482871,-0.0112293148,0.570277095,0.333213717,-0.00565138413,0.562573671,0.327608436,-0.0086918734,0.559159517,0.323984206,-0.0110351946,0.557224333,0.320871651,-0.0127733555,0.574952304,0.332869112,-0.00699362531,0.573019803,0.328199387,-0.00959406514,0.572236896,0.325053066,-0.0104347309,0.572010219,0.322179377,-0.0110448608
3316.666666666659,0.385401458,0.594164312,1.0728202e-007,0.404483885,0.593773127,-0.00368874334,0.420381039,0.598233581,-0.00673582079,0.43158251,0.603920698,-0.00894884206,0.441970825,0.607368231,-0.0112477187,0.415100783,0.604793727,-0.0112961661,0.429116517,0.614885509,-0.0158237088,0.436389685,0.620903432,-0.0174336787,0.441874892,0.625265777,-0.0182137396,0.404530644,0.60805,-0.0124223223,0.416141868,0.619471669,-0.0165065452,0.422866732,0.625739872,-0.0183821,0.427791148,0.630267501,-0.0195030924,0.393653244,0.609735548,-0.0133996727,0.402749598,0.620981,-0.017881589,0.40925,0.627346158,-0.0203575864,0.414269596,0.632189929,-0.0219309535,0.382913858,0.610325515,-0.014193086,0.385066509,0.618519306,-0.0187896285,0.386553824,0.623794258,-0.0204555392,0.388124317,0.628400743,-0.0211835485
3333.3333333333253,0.387468368,0.594777167,1.33558686e-007,0.405834466,0.59481281,-0.00401826436,0.421081424,0.598876476,-0.00740156835,0.43234393,0.604159713,-0.00985489134,0.442763478,0.607576251,-0.0123752374,0.415438414,0.605021775,-0.0131446356,0.429932356,0.615026951,-0.0181930289,0.437458277,0.620906651,-0.019993687,0.44300887,0.625346,-0.0209264886,0.404996842,0.608298719,-0.0141125303,0.416636229,0.619488716,-0.0186082758,0.423230022,0.625928223,-0.0204541218,0.427773893,0.630634844,-0.0217523258,0.394399822,0.61008352,-0.0148666184,0.403621107,0.620910823,-0.0199031644,0.409745812,0.627268195,-0.0224552043,0.414486647,0.632213,-0.0242118184,0.384359896,0.610667884,-0.0154509712,0.385423034,0.618617892,-0.0212586932,0.385939538,0.6239537,-0.0235772301,0.386504918,0.628734291,-0.0247087292
3349.999999999992,0.612423837,0.336758792,-1.41176519e-008,0.621305,0.329964,0.00358785456,0.626682699,0.323332369,0.00531146117,0.632379711,0.318850547,0.00501074595,0.63726449,0.315199226,0.00456825551,0.605614781,0.314984679,0.0140933171,0.602102041,0.310169816,0.0165862851,0.600302637,0.309623271,0.0152149843,0.599561691,0.309573054,0.0137684271,0.597261667,0.315581173,0.0106823407,0.591157913,0.309273064,0.0142950928,0.588907719,0.307959706,0.0127864229,0.587905049,0.307712913,0.0108627137,0.589708328,0.317126721,0.00660222908,0.583053946,0.311152458,0.00947240181,0.580889642,0.310088813,0.00910825282,0.579723597,0.309702873,0.00786390901,0.58321923,0.319904834,0.00239905738,0.575101852,0.315762371,0.00510303024,0.571376145,0.313974857,0.00702785654,0.56902194,0.312705368,0.00775166135
3349.999999999992,0.386825114,0.594007969,1.27745835e-007,0.405857056,0.594106615,-0.00408061827,0.421705723,0.598517776,-0.00740588643,0.432698369,0.604304433,-0.00987227913,0.443056792,0.60785073,-0.0124264406,0.415515274,0.604381144,-0.0128066121,0.429071724,0.614137113,-0.0183189977,0.436680496,0.620271623,-0.0207931977,0.442520171,0.625033677,-0.02222443,0.405210972,0.607331455,-0.0140887937,0.415859282,0.61835146,-0.018927468,0.422723681,0.625173569,-0.0212886017,0.427678764,0.630381227,-0.0229830854,0.394689083,0.608951092,-0.0152437212,0.402675718,0.619659662,-0.0204823129,0.408991843,0.626493156,-0.0233404338,0.414013505,0.631873965,-0.0252594221,0.384538293,0.609515965,-0.0162868463,0.385729581,0.617743313,-0.0219421517,0.386591911,0.62335223,-0.0242235232,0.387431443,0.628288567,-0.0253958199
3366.6666666666583,0.625741184,0.332888365,5.20972208e-008,0.628087282,0.329852432,-0.00528765935,0.629736662,0.324353635,-0.00795947667,0.634373188,0.319485575,-0.0103840837,0.638078511,0.315343708,-0.012578994,0.612368226,0.316178381,-0.00296087447,0.603112161,0.309772432,-0.00519843446,0.598922431,0.306346953,-0.00737473648,0.595700681,0.303533137,-0.00910537,0.611032963,0.314636439,-0.00308822375,0.604747534,0.307226,-0.00455801655,0.602111816,0.302873909,-0.00654005772,0.600312769,0.299580455,-0.00816212781,0.610950947,0.314741611,-0.00408199662,0.607105553,0.308208078,-0.00589836,0.605984449,0.304701239,-0.00765915,0.605153739,0.301743418,-0.00916782953,0.611973584,0.316127568,-0.00570794661,0.608979,0.311941266,-0.00734919356,0.607611954,0.309513241,-0.00767557137,0.606902,0.307388783,-0.00802487
3366.6666666666583,0.387891859,0.594351411,1.38847852e-007,0.406423777,0.594094396,-0.00422512321,0.421713561,0.598249555,-0.00741640478,0.43267253,0.603839517,-0.00960839726,0.443058133,0.607286811,-0.0118630147,0.417427629,0.605318546,-0.0120931501,0.430775583,0.614979148,-0.016885668,0.438429207,0.620761,-0.0189240146,0.444102764,0.62526381,-0.0201047845,0.406885207,0.608749032,-0.0129041346,0.417570472,0.61954236,-0.016776178,0.424087584,0.625862658,-0.0186935123,0.428642273,0.630530357,-0.0201087147,0.395983458,0.610440493,-0.0135881742,0.403816879,0.620792449,-0.017955862,0.409824848,0.626890898,-0.0203411914,0.414607286,0.631607831,-0.0220244974,0.385347903,0.610833108,-0.0141844135,0.386196971,0.618646383,-0.0191196129,0.387125075,0.623824,-0.0209975243,0.388205498,0.628378928,-0.0218877289
3383.333333333325,0.386991978,0.595070601,1.34861153e-007,0.405962944,0.594542682,-0.00413475232,0.421474546,0.598313,-0.00774591137,0.432566077,0.603791237,-0.0104233017,0.443085402,0.60743463,-0.0131900394,0.41631192,0.604250133,-0.0137847932,0.430283874,0.614391446,-0.0193311088,0.438078612,0.620456278,-0.0215353575,0.443973333,0.625066757,-0.022685118,0.405653924,0.60775423,-0.0148840696,0.417044401,0.619079,-0.0196576826,0.423905492,0.62566489,-0.0216335468,0.428591639,0.630457342,-0.0230351575,0.395087212,0.609712899,-0.0157647282,0.403925896,0.620754242,-0.0209087711,0.409935027,0.627121,-0.023294108,0.414566904,0.631972194,-0.024902558,0.385398567,0.610331476,-0.016496744,0.386560142,0.618455052,-0.0220913272,0.387148649,0.623879313,-0.0241678301,0.387811959,0.62865448,-0.0251461565
3399.9999999999914,0.657387853,0.32640186,-9.28365864e-008,0.662980139,0.318851829,0.000131630091,0.668789268,0.311350375,-0.000701098703,0.67539072,0.305199713,-0.00284590735,0.680200756,0.301155537,-0.00466274563,0.654833198,0.300470114,0.0052730958,0.647643566,0.291013598,0.00260376628,0.642857,0.292825371,-0.000588259543,0.642738461,0.296109557,-0.00226098811,0.650186419,0.299885422,0.00338925677,0.640941322,0.28923732,0.000528802571,0.636213243,0.291730165,-0.00235759094,0.635125101,0.295816541,-0.00340136723,0.64447391,0.300583243,0.000929220056,0.634976625,0.290749311,-0.000630899,0.63111937,0.292631984,-0.000904253859,0.630003512,0.295986086,-0.000392500631,0.638101459,0.302488893,-0.00165079674,0.629569,0.295277506,-0.00108625356,0.625680685,0.294673383,0.000674750539,0.62398541,0.295456707,0.00234662695
3399.9999999999914,0.38975215,0.595532835,1.44203412e-007,0.407671869,0.595345855,-0.00447392883,0.423145592,0.598871,-0.00809509307,0.433949381,0.603963673,-0.0107588526,0.444044799,0.607311487,-0.0134202726,0.417354882,0.604908884,-0.0135759255,0.431033224,0.614531875,-0.0190175194,0.438543051,0.6203686,-0.0213044882,0.444226086,0.624886,-0.0226100497,0.407170445,0.607898235,-0.0146641033,0.417793185,0.61877656,-0.0195256136,0.424518317,0.625384033,-0.0217275079,0.429207534,0.630374372,-0.0233076513,0.396731377,0.609553456,-0.0156103959,0.404474,0.620149612,-0.0209768191,0.410282582,0.626625717,-0.0237179417,0.414838344,0.631680787,-0.0255587809,0.386588246,0.610137463,-0.0164605677,0.386943251,0.618118465,-0.0225591399,0.387436748,0.623593092,-0.0249983855,0.387950391,0.628462076,-0.0261993818
3416.666666666658,0.388487488,0.594924212,1.43150032e-007,0.406787366,0.594525814,-0.00468963198,0.422372729,0.598517597,-0.00834936369,0.433650941,0.604110599,-0.011004488,0.444530904,0.607348502,-0.0137145799,0.416877359,0.604517937,-0.0134308217,0.430824041,0.614201844,-0.0191304535,0.43850559,0.620200038,-0.0216495842,0.44436568,0.624913454,-0.0230462365,0.406515926,0.607711613,-0.0143716922,0.417647302,0.618541479,-0.0193033181,0.424446702,0.625228405,-0.0216943584,0.429270923,0.630378902,-0.0233767498,0.39592737,0.609471619,-0.0152170621,0.404111534,0.619901836,-0.0204641428,0.410171837,0.626450121,-0.0232379977,0.415010035,0.631650329,-0.0250806529,0.385882109,0.610092938,-0.0159863383,0.387154609,0.61817944,-0.0216182,0.387829185,0.623684406,-0.0238038022,0.388634771,0.628578722,-0.0248852205
3433.3333333333244,0.391381413,0.594197571,1.41197063e-007,0.409234464,0.59395957,-0.00465827901,0.423855752,0.598128855,-0.00813715067,0.434194565,0.603689671,-0.0106252441,0.444375426,0.607236683,-0.0132292723,0.418766797,0.605118513,-0.0128330616,0.431806952,0.61452812,-0.0180949587,0.439104378,0.620359361,-0.0204932578,0.44452554,0.624977052,-0.0219015721,0.40844667,0.608442724,-0.013702102,0.418428868,0.619180739,-0.0182881,0.424752414,0.625542462,-0.0206230376,0.429272532,0.630371,-0.0222769268,0.398006201,0.610049486,-0.0145056909,0.405168176,0.620450795,-0.0196568184,0.410911858,0.62680763,-0.0225535799,0.41552,0.631836116,-0.0244961735,0.38808322,0.610340059,-0.015231478,0.388568044,0.618396223,-0.0209968574,0.388980389,0.623826563,-0.0233452227,0.389497072,0.628623784,-0.0245048217
3449.999999999991,0.70272094,0.320350051,1.28909594e-008,0.707262397,0.313229531,-0.0029507163,0.713929772,0.305137873,-0.00349110435,0.724084735,0.298855484,-0.00454327,0.730077386,0.293596357,-0.00532000558,0.704472542,0.29401961,0.0067923977,0.697111368,0.285112679,0.00619682577,0.692777634,0.280015677,0.00339974393,0.689970136,0.275882214,0.00105794,0.703261316,0.293191552,0.00588005455,0.698500633,0.282408446,0.00638950104,0.696641862,0.276200384,0.00344734569,0.695498049,0.271752238,0.000808537472,0.702281654,0.293502539,0.00373640051,0.698257744,0.283154696,0.0035253379,0.695528507,0.277367204,0.00105284364,0.693761885,0.273079574,-0.00123589695,0.701359153,0.295219779,0.00093662407,0.695180357,0.287487417,0.000552786165,0.690795064,0.282690346,0.000187281694,0.687557161,0.278672755,-0.000364458741
3449.999999999991,0.391412288,0.595911086,1.26164153e-007,0.409104973,0.59529531,-0.00465098582,0.424230903,0.599017382,-0.00817404222,0.43519786,0.604028583,-0.0107195862,0.445541352,0.606917918,-0.0133326901,0.419105649,0.605548859,-0.0125597073,0.432144403,0.614827633,-0.0173573829,0.439295828,0.620543361,-0.0193172712,0.444696158,0.625042558,-0.0204541516,0.408934832,0.608879864,-0.013267572,0.419175625,0.619536638,-0.0172817465,0.425380677,0.62563324,-0.0190836806,0.429808259,0.630227387,-0.0204251427,0.398504555,0.61068666,-0.0139000425,0.406135321,0.621059418,-0.018456744,0.412174553,0.62704277,-0.0208554808,0.416948318,0.631658792,-0.0225295778,0.388332933,0.611304343,-0.0144959353,0.389033765,0.619110763,-0.0195144843,0.389603317,0.624191225,-0.0214861091,0.390342742,0.628641725,-0.0225025602
3466.6666666666574,0.716119587,0.320057869,5.65125475e-008,0.70892024,0.313290328,-0.00654808246,0.706630647,0.304203719,-0.00822656881,0.709689379,0.296250254,-0.00882057752,0.710907519,0.290021956,-0.00898320507,0.710640967,0.294878125,-0.00393205136,0.703784645,0.284659803,-0.0061882115,0.700110257,0.278880745,-0.00832673535,0.697969556,0.274602,-0.00992899667,0.717920899,0.293949187,-0.00259060482,0.715206563,0.282898694,-0.00347187161,0.714376152,0.276586592,-0.00580737973,0.714306235,0.272128522,-0.00778535521,0.725255907,0.295698673,-0.00211864174,0.725656569,0.286518961,-0.00413270341,0.726212084,0.281521618,-0.00808961876,0.727376461,0.277694583,-0.0114660906,0.732491314,0.299448341,-0.00215742062,0.737018526,0.295535564,-0.00499485899,0.740688384,0.29357,-0.00742443278,0.744323,0.292382121,-0.00915905833
3466.6666666666574,0.395360887,0.594179332,1.34353641e-007,0.41173327,0.594267607,-0.00486967666,0.425481737,0.598491907,-0.00843319111,0.435647756,0.603819609,-0.0110653974,0.445876122,0.607094169,-0.013807334,0.419963151,0.605665445,-0.0123987263,0.432874799,0.614864051,-0.0173504669,0.440522879,0.620594,-0.0194610991,0.446302593,0.625056267,-0.0207202807,0.4100447,0.608957052,-0.0131318038,0.41982162,0.619587779,-0.0174463876,0.425984591,0.62597841,-0.0196407791,0.430247664,0.630810618,-0.0212165602,0.399935156,0.610545635,-0.0138487518,0.406912267,0.620884359,-0.0189620666,0.412569016,0.627089679,-0.0219024159,0.416980386,0.631961703,-0.0238449387,0.390104949,0.610812724,-0.014511195,0.389979154,0.618870378,-0.0201959852,0.389795184,0.62422365,-0.0226250198,0.389632344,0.628859282,-0.0238656215
3483.333333333324,0.72261548,0.320052087,8.70772e-008,0.717003524,0.31366834,-0.00494187605,0.717132926,0.305093914,-0.00784355588,0.721622229,0.297792524,-0.0103855086,0.722487748,0.29152447,-0.0127784228,0.723576248,0.295292377,-0.00632778928,0.716753662,0.285118043,-0.0109632071,0.713254333,0.278930783,-0.0141181815,0.710970342,0.274234086,-0.016208617,0.730948389,0.295306683,-0.00745904678,0.73091042,0.283434123,-0.0109806024,0.731601238,0.276030421,-0.0140507789,0.732333,0.270642608,-0.0161024276,0.737748504,0.297975481,-0.00922677107,0.739890575,0.288492382,-0.0138753233,0.741061926,0.28317374,-0.0179880522,0.7423985,0.279018074,-0.0209045969,0.744129539,0.302813649,-0.0112877507,0.751132309,0.298968852,-0.0163720082,0.757186234,0.297026843,-0.0188996457,0.762725,0.295647502,-0.0203358494
3483.333333333324,0.391054392,0.594650924,1.05692486e-007,0.409972727,0.594222724,-0.00405557267,0.425411761,0.598619103,-0.00710834,0.436553895,0.604027569,-0.00935321,0.447164625,0.606650472,-0.0117840096,0.420018762,0.605145216,-0.0114049315,0.433458388,0.614700258,-0.016171908,0.440902412,0.620684803,-0.0181700606,0.446602821,0.625276864,-0.0193631314,0.409759909,0.608463824,-0.0123854987,0.42070213,0.619252861,-0.0166103616,0.427171052,0.625507653,-0.0187502634,0.431904703,0.630215287,-0.0202520527,0.399041563,0.610179722,-0.0132865878,0.407762676,0.620886326,-0.0181058031,0.414075494,0.627039433,-0.0208695531,0.4190799,0.631718576,-0.0226955619,0.388578713,0.610742629,-0.0140803857,0.389867783,0.618748605,-0.0189789049,0.391027957,0.624049604,-0.0210789144,0.39226076,0.62871623,-0.0222145841
3499.9999999999905,0.722818077,0.323109329,5.04108435e-008,0.719486654,0.31678009,-0.00386063312,0.723215759,0.307119042,-0.00510247657,0.72849071,0.299551666,-0.00587190967,0.73031342,0.293548018,-0.00667438703,0.731091559,0.302309364,-0.00358907436,0.738328159,0.295107394,-0.00634316728,0.742541,0.291203022,-0.00862091687,0.745716929,0.288372219,-0.0100794425,0.735818088,0.2999129,-0.00446746778,0.739448488,0.286653668,-0.00623352686,0.741656661,0.278806776,-0.00802132767,0.742823601,0.273385614,-0.00902884733,0.739664376,0.300387889,-0.00598770101,0.744579375,0.288753778,-0.00913096685,0.74763155,0.28197217,-0.0130935749,0.749991775,0.276623636,-0.0156942122,0.743564427,0.30302459,-0.00761489896,0.749244571,0.296994984,-0.0109769851,0.752304852,0.293870062,-0.0127283214,0.754333913,0.291753232,-0.013728952
3499.9999999999905,0.394146383,0.594638586,1.3547978e-007,0.411952734,0.594193041,-0.00470016059,0.426259071,0.598337591,-0.00841273833,0.436689824,0.603807151,-0.0110640731,0.447119772,0.606797636,-0.0139100142,0.420268178,0.605403125,-0.0140252979,0.434533983,0.615001917,-0.0192954969,0.442338735,0.620821416,-0.0215160605,0.44816649,0.625362813,-0.0228298679,0.409981281,0.608768344,-0.0149223888,0.421148241,0.619675934,-0.019478444,0.42798996,0.626005292,-0.021640921,0.432785094,0.630789936,-0.0232239831,0.399592817,0.610408545,-0.015627306,0.407881916,0.621208966,-0.0206605252,0.414347529,0.627622366,-0.0234919265,0.419392198,0.632675231,-0.0255317632,0.389630586,0.610729337,-0.0162286703,0.389829099,0.618653715,-0.0220041666,0.390488595,0.623966217,-0.0243917387,0.391232193,0.628777564,-0.0256464779
3516.666666666657,0.729604304,0.322289467,1.06450344e-007,0.723866761,0.315401912,-0.00551748415,0.724925518,0.307137847,-0.00778971333,0.73127681,0.300034016,-0.00973804,0.73090452,0.293761462,-0.0116975214,0.725348234,0.296948612,-0.00430753548,0.719840288,0.286571175,-0.00915047247,0.717725813,0.279801905,-0.0130592994,0.716372848,0.274653345,-0.0156360865,0.735609949,0.297163665,-0.00528416643,0.74083823,0.284913778,-0.00843087491,0.744534314,0.277152658,-0.0118228924,0.747563183,0.271556854,-0.0142166819,0.743691325,0.300563514,-0.00717746606,0.753765285,0.290588558,-0.0117523372,0.759491861,0.284604967,-0.0163689796,0.763744116,0.279647619,-0.0196897667,0.749226868,0.306214362,-0.00942954142,0.759648204,0.302741408,-0.0146880914,0.766806901,0.3003,-0.0174276792,0.772692502,0.2982288,-0.0190529544
3516.666666666657,0.389993846,0.595859408,1.17881271e-007,0.409041107,0.594641745,-0.00459895283,0.425261825,0.598273933,-0.00809857156,0.437016129,0.603636444,-0.0105976667,0.448135138,0.606727839,-0.0131775709,0.420705438,0.604925,-0.012885049,0.435186923,0.614752591,-0.0175986513,0.443350762,0.62075603,-0.0192983374,0.449665278,0.625267267,-0.0202793311,0.410438299,0.608491361,-0.0136510739,0.422169864,0.619420886,-0.0177355446,0.428945124,0.625662565,-0.0195622686,0.433798015,0.630370259,-0.020897191,0.399742782,0.610529065,-0.0142904278,0.409342498,0.621193647,-0.0190529786,0.415652812,0.627475739,-0.0216953792,0.420466363,0.632389188,-0.023506267,0.389283776,0.611487031,-0.0148329409,0.391048074,0.619372308,-0.0200323239,0.391745031,0.624486625,-0.0221308805,0.392259568,0.628905416,-0.0232050475
3533.3333333333235,0.726278365,0.324032605,1.29665651e-007,0.719663382,0.3181898,-0.00611614529,0.718582094,0.3110829,-0.00914556626,0.724114,0.304237068,-0.0116815856,0.724479616,0.297950834,-0.0140183475,0.719625533,0.298767626,-0.00606280286,0.713972449,0.288216382,-0.0109870723,0.710934877,0.281720877,-0.0148019781,0.709119081,0.27644375,-0.0173599329,0.730346203,0.298868299,-0.00669347681,0.737090707,0.286968648,-0.0101457713,0.741780937,0.27976203,-0.0139399758,0.746225417,0.274517268,-0.0166145675,0.738694489,0.302007735,-0.00811325759,0.750765741,0.292836905,-0.0130185299,0.757892549,0.287551314,-0.017838113,0.764091849,0.283087134,-0.0211608596,0.744525194,0.307299197,-0.00990527682,0.756609619,0.304002,-0.0154750785,0.764582336,0.301467329,-0.0183891729,0.771926641,0.299060524,-0.01999503
3533.3333333333235,0.39532885,0.593599617,1.43216795e-007,0.412907392,0.593624711,-0.00414042082,0.427375942,0.597733617,-0.00751486421,0.437731028,0.603170574,-0.00997156184,0.44791168,0.606556654,-0.0125616146,0.422093242,0.605185,-0.0130395535,0.436532855,0.614925861,-0.0184137169,0.444626093,0.620793283,-0.0208301079,0.450597644,0.625256479,-0.0222145095,0.412074894,0.608574152,-0.0142578576,0.423253387,0.619384587,-0.0189893655,0.430173,0.625695646,-0.0213897452,0.434851736,0.630400777,-0.0230456833,0.40148744,0.610190392,-0.0152677177,0.409915745,0.620809436,-0.0205784701,0.415852785,0.627123415,-0.0232691895,0.420386672,0.632133603,-0.0250736438,0.391160548,0.610317409,-0.0161450654,0.3915703,0.618310094,-0.0223739613,0.39191252,0.623813927,-0.0246535,0.392277151,0.628731906,-0.0256299842
3549.99999999999,0.717475414,0.324846685,1.45971441e-007,0.710487962,0.318581343,-0.00614294177,0.709401309,0.311164021,-0.00901741348,0.714619696,0.304265797,-0.0114836534,0.715291262,0.298378408,-0.0137654087,0.71062386,0.300204724,-0.00560380239,0.705685556,0.290115207,-0.0103968699,0.703190207,0.284044057,-0.013994542,0.702348113,0.278882474,-0.016443979,0.722228587,0.300287426,-0.00635553431,0.729578614,0.288781792,-0.0100544449,0.734932959,0.281753808,-0.0140397139,0.740348876,0.276421219,-0.0168816298,0.731268942,0.303375572,-0.00794952083,0.744483888,0.294898272,-0.0136132473,0.752619267,0.290156543,-0.0187242068,0.75984019,0.286013454,-0.0220370647,0.737652898,0.308558702,-0.00989467,0.750602245,0.304967791,-0.0160641037,0.759411,0.302583,-0.0192091148,0.76756978,0.300274849,-0.0209247228
3549.99999999999,0.392671525,0.594618261,1.14505532e-007,0.411740363,0.59391737,-0.00361374766,0.427214384,0.597836494,-0.00653022714,0.438193321,0.603036642,-0.00872259,0.448462903,0.605812371,-0.0110400226,0.422687083,0.605296969,-0.0107690813,0.437049091,0.614976585,-0.0153730409,0.445135772,0.6209203,-0.0173843428,0.451299757,0.625407,-0.0185443573,0.412286162,0.608838201,-0.0119369086,0.42341572,0.619462,-0.0160355363,0.430269301,0.625806212,-0.0183625054,0.435296029,0.630648494,-0.0199459288,0.401487231,0.610706329,-0.0129806101,0.410037637,0.620857596,-0.0176956523,0.416494489,0.627218246,-0.0207104124,0.421479374,0.632179856,-0.0226930026,0.390943974,0.611378312,-0.0138682351,0.392111182,0.619135,-0.0187103301,0.393241912,0.624269664,-0.020688355,0.394282639,0.628805161,-0.0216613784
3566.6666666666565,0.708559513,0.326855,1.52094799e-007,0.701343894,0.321148366,-0.00721280882,0.69871068,0.313450634,-0.0105412062,0.702663481,0.30588609,-0.0131182699,0.703184247,0.299171954,-0.0155430017,0.700021565,0.302261472,-0.007922,0.693492532,0.29175216,-0.0135218985,0.68989265,0.285256028,-0.017363511,0.688392282,0.279813796,-0.019900417,0.711435,0.302232265,-0.00823063869,0.71895504,0.290573686,-0.0125789782,0.72541976,0.283897698,-0.0164106451,0.732365847,0.278835535,-0.0190436263,0.720334291,0.305398613,-0.00943048671,0.734656692,0.297186226,-0.0156180896,0.743869841,0.292591035,-0.0205610488,0.752063036,0.2883856,-0.0236816015,0.7268731,0.310566157,-0.0110316686,0.739817381,0.306831121,-0.0176742338,0.7488392,0.304542392,-0.0207557231,0.757028401,0.302187443,-0.0223503336
3566.6666666666565,0.392447054,0.593831956,1.29113175e-007,0.411816388,0.593193471,-0.00396172563,0.427509189,0.597496271,-0.00672208332,0.438781112,0.603075266,-0.00872243,0.449398071,0.606128514,-0.0107865315,0.422811359,0.604792416,-0.0107205613,0.436967343,0.614450574,-0.0153955165,0.445033193,0.620451272,-0.0175281763,0.451242715,0.625052094,-0.0188266747,0.41273579,0.608202398,-0.0117552988,0.423565209,0.618695617,-0.0159154572,0.430407137,0.625095367,-0.0182830114,0.43530643,0.630017519,-0.0200016443,0.402377,0.609962344,-0.012739338,0.41068536,0.620156586,-0.0175410509,0.416956484,0.626451969,-0.0205042809,0.421787769,0.631478131,-0.0225396361,0.392372042,0.610360265,-0.0136424014,0.392919123,0.618168116,-0.0190973654,0.393416375,0.623598337,-0.0215225145,0.393857777,0.628475547,-0.0227752496
3583.333333333323,0.69777894,0.329251438,1.5449136e-007,0.690795541,0.322264552,-0.00808400381,0.687834203,0.31343165,-0.0111651057,0.689313352,0.305469,-0.0134354671,0.685664356,0.299713641,-0.0155196032,0.688239932,0.304431945,-0.00627097115,0.681320786,0.294202596,-0.0115910526,0.677701652,0.287996083,-0.0153836617,0.675968528,0.282702625,-0.0179167371,0.699105442,0.304719776,-0.00597110204,0.705096126,0.29355225,-0.010780463,0.711516917,0.286949098,-0.0149932522,0.718688965,0.281611,-0.0177434292,0.707871258,0.307935625,-0.00685144169,0.720354438,0.300558567,-0.0139732519,0.729308903,0.296275944,-0.019450672,0.737337112,0.292225033,-0.0224691425,0.715072453,0.312775522,-0.00819628686,0.726804256,0.308297813,-0.0152563527,0.735300839,0.306043863,-0.0185609106,0.743004501,0.303698957,-0.0202161912
3583.333333333323,0.392099202,0.593170047,1.27450079e-007,0.411307335,0.592807055,-0.00386383757,0.427184373,0.597242534,-0.00673845457,0.438752532,0.6028952,-0.00882791542,0.449498594,0.606350124,-0.0110038128,0.422322452,0.604244411,-0.0112869153,0.43705076,0.614044309,-0.0162731744,0.445413709,0.62001729,-0.0184604153,0.451836526,0.624568343,-0.0197003298,0.412286,0.607876658,-0.0122744869,0.424174786,0.618824422,-0.0165797323,0.431561172,0.625198841,-0.0188044682,0.436833531,0.629965,-0.020342093,0.401844412,0.609834075,-0.0131648732,0.41114974,0.6203475,-0.0180256907,0.417874575,0.626544774,-0.0208087303,0.422846109,0.631290615,-0.0226369984,0.391692072,0.610524535,-0.0139379967,0.393501133,0.618588388,-0.0193617046,0.394455314,0.623907268,-0.0216140635,0.395095,0.628565788,-0.0226762425
3599.9999999999895,0.687455893,0.331386417,1.60968114e-007,0.678686619,0.323708326,-0.00621079514,0.674872816,0.314505,-0.00767266657,0.675982237,0.306346893,-0.00872347,0.6718871,0.301102549,-0.00945875607,0.67449522,0.305735618,-0.00155767484,0.667708337,0.295339763,-0.00493843388,0.665062189,0.288860649,-0.00739658764,0.66422987,0.283416957,-0.00911516324,0.685172439,0.306335062,-0.00148405065,0.689722657,0.295675278,-0.00512335775,0.696083069,0.289687961,-0.0088183647,0.703240573,0.285226882,-0.0110694747,0.694284618,0.309483737,-0.00255165063,0.704332709,0.303052545,-0.00869789626,0.712276638,0.299739718,-0.0137752714,0.719506681,0.297359765,-0.0162919089,0.702014327,0.31408143,-0.00397746544,0.711788356,0.310129851,-0.00980965234,0.718670309,0.3082183,-0.0128199924,0.724785924,0.306503415,-0.0142005598
3599.9999999999895,0.389484435,0.594407499,1.23752173e-007,0.409568697,0.593553305,-0.00375058944,0.426425,0.597501755,-0.00651232107,0.438555658,0.603196263,-0.0084320344,0.449496329,0.606349945,-0.0103932042,0.422529519,0.604644477,-0.0110485731,0.437649816,0.614487886,-0.0157260671,0.445918053,0.62042892,-0.0176371932,0.452155769,0.624960661,-0.018682275,0.412396073,0.60839355,-0.0118851699,0.425000131,0.618955374,-0.0158760045,0.432238311,0.625137925,-0.0177857652,0.437237293,0.629690289,-0.0191227831,0.401697338,0.610550404,-0.0126156108,0.411686122,0.620462775,-0.0170815,0.418458134,0.626283407,-0.0195528455,0.423317701,0.630669475,-0.0211916473,0.391242921,0.611489773,-0.0132410266,0.394022286,0.619178355,-0.018079605,0.395441741,0.624185383,-0.0200533811,0.396364897,0.628555775,-0.020984374
3616.666666666656,0.67525965,0.334002674,1.47053015e-007,0.665675521,0.325768799,-0.00596402399,0.66054529,0.316465884,-0.0065762559,0.66082263,0.307926238,-0.00677630538,0.658177733,0.302445292,-0.00626398576,0.659322798,0.307719111,0.00101764314,0.651867032,0.297358155,-0.00106489088,0.64770925,0.290575117,-0.00311125745,0.64591825,0.285195976,-0.00473062,0.669917822,0.308004558,0.00205690763,0.672375441,0.298672438,-0.000899017439,0.678819954,0.292797029,-0.00458030961,0.686053276,0.288796902,-0.00705395686,0.679266274,0.31064263,0.00184092019,0.687249184,0.30447787,-0.00375359715,0.69218111,0.302582711,-0.00925878,0.696121633,0.302663654,-0.0119944345,0.687686741,0.314485222,0.00125758839,0.696451426,0.310157,-0.00429371884,0.699921906,0.308590174,-0.0083450079,0.702527,0.308283359,-0.0104701705
3616.666666666656,0.392496914,0.592524111,1.24986798e-007,0.411504179,0.592609525,-0.00346101075,0.42719537,0.597348928,-0.00589804258,0.438653558,0.60309726,-0.00765974447,0.449688494,0.606073201,-0.00943143852,0.423230469,0.605424345,-0.00919648912,0.438434243,0.614933908,-0.0133498618,0.446781516,0.620579362,-0.0152777266,0.453072131,0.624890685,-0.0164316613,0.413356572,0.608744323,-0.0102644609,0.424981534,0.618868947,-0.0140551617,0.432162464,0.624882758,-0.0162844844,0.437212944,0.6294384,-0.0178359915,0.402850509,0.610367715,-0.011274985,0.412033558,0.620292187,-0.015731506,0.418438792,0.626151681,-0.0182527155,0.423156559,0.630732775,-0.0198985115,0.39238283,0.610753894,-0.012202845,0.394283146,0.618607521,-0.0173699819,0.395623088,0.623856902,-0.019384006,0.396661073,0.628568888,-0.0202406198
3633.3333333333226,0.660430849,0.335222542,1.24037498e-007,0.649167717,0.326162368,-0.00423423806,0.643447757,0.317160845,-0.00464739325,0.643486261,0.308819741,-0.00510743447,0.64215,0.303232521,-0.00494908914,0.642109632,0.309350133,0.00104497501,0.634183049,0.298949361,-0.00142620818,0.630014241,0.29238534,-0.00387923862,0.62809813,0.286904126,-0.00589732733,0.652812123,0.309613734,0.000959689496,0.653808296,0.300900459,-0.00227900641,0.6584149,0.295761943,-0.00597241474,0.663313806,0.292452395,-0.0086462507,0.662521,0.31216827,-0.000142761433,0.669389367,0.306476355,-0.00513060112,0.667399,0.305515617,-0.0094166752,0.664636,0.306443512,-0.0116702579,0.671199858,0.31605798,-0.00156216766,0.678530872,0.311860859,-0.00596211152,0.67620486,0.31129092,-0.00871008,0.672735512,0.31232059,-0.0101963943
3633.3333333333226,0.387347817,0.5927127,1.09656298e-007,0.408282,0.592362881,-0.0036892721,0.425603211,0.596751451,-0.0063917595,0.437718689,0.602635,-0.00842648,0.448654175,0.60616225,-0.0103945602,0.421302915,0.603778958,-0.0100914342,0.436703295,0.614032209,-0.0148401288,0.445121646,0.620155632,-0.0169384573,0.451592833,0.624757469,-0.0180570856,0.411097765,0.60743165,-0.0112366192,0.423991412,0.618317902,-0.0154165309,0.431547344,0.624714136,-0.0177048985,0.436834931,0.629391074,-0.0192560721,0.400539726,0.609616101,-0.0123537658,0.410684258,0.619947255,-0.0169997718,0.417583019,0.626268387,-0.0197773743,0.422504872,0.630936742,-0.0215559527,0.390180081,0.610744894,-0.013394285,0.393679738,0.618907928,-0.018100746,0.3954494,0.624270797,-0.0199716818,0.396563798,0.628873944,-0.020846827
3649.999999999989,0.645733356,0.337621748,8.06182427e-008,0.631747603,0.328651309,-0.00252995268,0.626064897,0.318370461,-0.00261140894,0.625202,0.309272766,-0.00349552254,0.621081769,0.304531127,-0.00393863488,0.625786543,0.312023968,0.00346640358,0.617780149,0.301191658,8.11006903e-005,0.613191128,0.294209123,-0.00278406055,0.610424757,0.288402796,-0.00491387583,0.635702789,0.311975241,0.00190250226,0.635856271,0.302995026,-0.00402242504,0.636205614,0.299819857,-0.00790946838,0.637045383,0.298621058,-0.00948805176,0.645920753,0.313589573,-0.000622042397,0.647396922,0.307396352,-0.00711183622,0.642425776,0.30869782,-0.00953356922,0.639118612,0.311438173,-0.00949351862,0.655941486,0.316376507,-0.00346356886,0.656406462,0.311524,-0.00741617568,0.652119219,0.312012315,-0.00820623897,0.649248,0.313632846,-0.00792624
3649.999999999989,0.390804708,0.592958033,1.31276963e-007,0.410465091,0.59299171,-0.00395755889,0.426459581,0.597107887,-0.0069042691,0.437960297,0.602755129,-0.00904141273,0.448600888,0.606269896,-0.0111745009,0.421992809,0.605111718,-0.010922486,0.437290311,0.615003765,-0.0155717861,0.445658,0.620856,-0.0176448263,0.451930583,0.625284314,-0.0187879447,0.412113219,0.608306706,-0.0117832366,0.424351364,0.618822277,-0.0159768648,0.431764215,0.624947965,-0.0179807134,0.436807722,0.629482329,-0.0193530526,0.401794016,0.609939039,-0.012587769,0.411547244,0.62001121,-0.0172715802,0.418271214,0.626001835,-0.0197158884,0.423004866,0.630581379,-0.0213034619,0.391708672,0.610435903,-0.0133510707,0.394154,0.618435085,-0.0185709335,0.395550072,0.623835,-0.0206456,0.396533191,0.628609896,-0.0215749722
3666.6666666666556,0.632029831,0.338749,1.02722389e-007,0.616783857,0.330894172,-0.00305004185,0.609220505,0.321290165,-0.00414176332,0.609087467,0.312076151,-0.00596453436,0.609602809,0.306242943,-0.00725102145,0.607021332,0.314581037,0.00116140046,0.597914636,0.302866459,-0.0034445296,0.59442,0.295188665,-0.00694772508,0.592481,0.28947562,-0.00913362391,0.617585778,0.314202517,-0.000603557681,0.617508709,0.302600622,-0.00734672276,0.616388261,0.300276697,-0.0103878863,0.615626276,0.301094383,-0.0106825288,0.628184497,0.315906942,-0.00327557675,0.626261473,0.30880478,-0.0100577623,0.622760296,0.311570853,-0.0107617928,0.622209489,0.315600216,-0.00898816623,0.637960494,0.31911546,-0.00632732688,0.635281146,0.313592404,-0.0098980125,0.630264103,0.314756811,-0.00895323697,0.627856851,0.317356795,-0.00704964623
3666.6666666666556,0.388217658,0.592556059,1.15794364e-007,0.408360571,0.592612922,-0.00376330805,0.425388843,0.597006619,-0.00655888394,0.437590778,0.602868855,-0.00865315739,0.448642939,0.606473446,-0.0106361285,0.42076695,0.603944778,-0.0102190617,0.436312944,0.614224911,-0.0150488168,0.444940776,0.620326,-0.0171898734,0.451536626,0.624915779,-0.018359391,0.410738736,0.607488871,-0.0113004213,0.423172385,0.618250608,-0.0156500302,0.430749536,0.624697864,-0.0180294048,0.436175823,0.629492819,-0.0196557436,0.400461763,0.609611273,-0.0123437094,0.410423815,0.619805574,-0.0171403941,0.417250276,0.626130104,-0.0198944528,0.422235042,0.630864561,-0.0216529164,0.390516222,0.610582292,-0.0133253131,0.393579125,0.618643761,-0.0183279756,0.394916534,0.623911321,-0.0202939752,0.395729423,0.628403842,-0.0211809203
3683.333333333322,0.614820898,0.337640822,7.18068804e-008,0.599557161,0.331587166,-0.00327926828,0.591023743,0.322433621,-0.00446565356,0.590836048,0.313455254,-0.00642881263,0.593175292,0.307131648,-0.00777111948,0.587245941,0.314224571,0.000124568309,0.578153431,0.302818984,-0.00486794,0.574084222,0.295672745,-0.00778715918,0.571464658,0.289908677,-0.00951705,0.597332478,0.313893706,-0.0018461626,0.597045362,0.304012448,-0.0103978245,0.596617281,0.305349886,-0.0128388405,0.595699728,0.308324397,-0.011856474,0.607892334,0.315263033,-0.00462730462,0.607694805,0.311733097,-0.0122444676,0.60665834,0.316296816,-0.0109321829,0.606376708,0.319337726,-0.00748034334,0.618190289,0.318144232,-0.00796014443,0.618598163,0.315649599,-0.0113018034,0.615915358,0.318745434,-0.00888336077,0.614275217,0.320751816,-0.00578768784
3683.333333333322,0.391309768,0.591633,1.29359165e-007,0.410493731,0.59209168,-0.00390000897,0.426250398,0.596713901,-0.00679688668,0.437697023,0.602448344,-0.00886160415,0.448422045,0.606041491,-0.0109124193,0.421398401,0.604178786,-0.0110661322,0.43679747,0.614480793,-0.0157656986,0.445272088,0.620553374,-0.017794719,0.451590121,0.625034213,-0.0188552439,0.411247522,0.607708335,-0.0119170034,0.423653722,0.618764102,-0.0159903243,0.431167394,0.625124097,-0.0180464741,0.436277062,0.629675,-0.0194506515,0.400794238,0.609611571,-0.0126712797,0.410529792,0.620028496,-0.0170718245,0.417563856,0.626304567,-0.0196162444,0.422557592,0.630975544,-0.0213479437,0.3907938,0.610342622,-0.0133585772,0.39312771,0.618401408,-0.0182343051,0.394734234,0.623841941,-0.0202123914,0.395886898,0.628595829,-0.0211245064
3699.9999999999886,0.600203037,0.337203443,6.53456e-008,0.584663272,0.332142204,-0.00419268059,0.5745821,0.32367155,-0.00617160508,0.572854638,0.314867,-0.00874940306,0.572866857,0.3083933,-0.0108752763,0.570752382,0.314367414,-0.00154706254,0.560764074,0.303702205,-0.00737694651,0.557243526,0.296436965,-0.0111968322,0.554751217,0.290705591,-0.0134636639,0.580767632,0.314130962,-0.0035788177,0.577175796,0.303874671,-0.0134354886,0.578459442,0.306053132,-0.016701214,0.579036,0.310380101,-0.0159733947,0.591576278,0.315339386,-0.00637859199,0.591108561,0.310738117,-0.0150488075,0.592006207,0.315761834,-0.0136224544,0.592038691,0.319826305,-0.00980757549,0.602302849,0.317990839,-0.00977299456,0.602084517,0.314015538,-0.0136105623,0.600676656,0.317712754,-0.010669155,0.599232852,0.320904285,-0.00707687577
3699.9999999999886,0.389937311,0.593811631,1.13973492e-007,0.409941822,0.593279779,-0.0041357656,0.426298916,0.596997321,-0.00701331114,0.437681109,0.60259217,-0.00913632382,0.44810307,0.60640806,-0.0111509748,0.421619117,0.603836358,-0.0102775702,0.43674618,0.614007652,-0.0145775536,0.444836736,0.620107949,-0.0162481461,0.45098424,0.624773204,-0.0171550103,0.411394477,0.607507586,-0.0110269701,0.423722327,0.618246615,-0.0147513095,0.43087697,0.624488354,-0.0166433118,0.435902715,0.629064322,-0.0180429686,0.400819153,0.609780371,-0.0117959464,0.410633206,0.619852245,-0.0161147304,0.417452693,0.626049578,-0.0186226051,0.422483444,0.630743086,-0.0203679614,0.390522838,0.611038685,-0.0125369336,0.393327087,0.618730426,-0.0171847269,0.394816518,0.623937726,-0.0191118922,0.395888656,0.628569961,-0.0201098397
3716.666666666655,0.585800767,0.33700949,6.29351575e-008,0.568903685,0.332093596,-0.00299832295,0.557100892,0.323410422,-0.00405127928,0.552196503,0.314682245,-0.0060438728,0.55076766,0.308618277,-0.00756064523,0.553997874,0.31498602,0.000310600357,0.544245958,0.304161072,-0.00454897387,0.540797174,0.29662928,-0.00779034616,0.538072,0.290771276,-0.00973707624,0.564572215,0.314545453,-0.00193330785,0.561290562,0.305461049,-0.0110123837,0.561971962,0.30671,-0.0140747158,0.561858237,0.310323447,-0.0135057196,0.576138556,0.315390021,-0.00489095319,0.574942648,0.311160356,-0.0134243751,0.575694203,0.316692114,-0.0122593446,0.575811863,0.321641117,-0.00855199061,0.588004649,0.317515731,-0.0082847923,0.587234616,0.31328848,-0.0123681892,0.585022151,0.317097783,-0.00983916316,0.582902312,0.32095,-0.00644443883
3716.666666666655,0.392226279,0.592543662,1.35145456e-007,0.410775632,0.592376828,-0.00398885598,0.426089227,0.59649533,-0.00726110069,0.437219501,0.602169514,-0.00961455237,0.44783169,0.605954289,-0.0119371023,0.421338,0.603735507,-0.0124395825,0.436689109,0.614054322,-0.0175700709,0.44512555,0.62011081,-0.0197569374,0.451470494,0.624646187,-0.0209396016,0.411326677,0.607150674,-0.0134425154,0.42380318,0.618217826,-0.017921932,0.431139886,0.624602616,-0.0199940037,0.436057657,0.629297853,-0.0214487445,0.400921017,0.608959556,-0.0142604131,0.410678864,0.619581878,-0.0189757552,0.417232722,0.625858128,-0.0212345403,0.421969295,0.630663216,-0.0228109844,0.390884668,0.609562337,-0.0149856126,0.393023938,0.617627144,-0.0202460736,0.394634932,0.623170674,-0.0221592244,0.396033019,0.628142536,-0.0230258685
3733.3333333333217,0.568280876,0.337317467,7.24632e-008,0.553106368,0.332416654,-0.00416784128,0.541238308,0.323924452,-0.00633889763,0.535382688,0.315787882,-0.00916433614,0.531976759,0.309140176,-0.0115019707,0.539574325,0.313838482,-0.00162810681,0.528925836,0.303571671,-0.00714670308,0.523240805,0.296626359,-0.011217433,0.518405,0.290664971,-0.0140217403,0.549533367,0.313204437,-0.00356144784,0.545063436,0.305677146,-0.0115061747,0.540690303,0.305223048,-0.0146472938,0.536218226,0.305213511,-0.0153226499,0.560954,0.314186931,-0.00634248462,0.556555212,0.30970937,-0.0145108625,0.556180179,0.315750748,-0.0127492771,0.556579947,0.320082366,-0.00930640381,0.57307148,0.316385031,-0.00969245099,0.568389833,0.312211782,-0.0141723389,0.565974236,0.316636294,-0.0112641407,0.565587163,0.319892943,-0.00782525539
3733.3333333333217,0.389240652,0.592254877,1.20318987e-007,0.409597218,0.591663301,-0.00355506013,0.425664335,0.596117139,-0.00622225273,0.437139809,0.602087259,-0.00809762627,0.447721094,0.605982304,-0.00998352189,0.421061963,0.603580534,-0.0109322937,0.436542839,0.614097953,-0.0155480336,0.444836706,0.620246947,-0.017325243,0.45106107,0.624794722,-0.0181579124,0.410632074,0.607169271,-0.0118706394,0.423671633,0.61811024,-0.0160506237,0.431332797,0.624447107,-0.0181784686,0.436653554,0.629080057,-0.0195187442,0.400032133,0.609114408,-0.0126498519,0.410294533,0.619450033,-0.0173821095,0.417261392,0.625655055,-0.0201663133,0.422302663,0.63034153,-0.021888921,0.389886856,0.609891355,-0.0132578844,0.392658859,0.61803931,-0.0182592478,0.393996358,0.623295307,-0.0202350616,0.395003408,0.627858341,-0.0210631751
3749.999999999988,0.558172166,0.334567338,7.45759721e-008,0.541188836,0.330947936,-0.00447268598,0.527816594,0.323478699,-0.00644909637,0.520495057,0.315512776,-0.00908009335,0.516401052,0.308874696,-0.0111068226,0.523786187,0.312533647,-0.000522605551,0.512962341,0.302262515,-0.00583138596,0.507352352,0.295215309,-0.0099108927,0.502720177,0.289194107,-0.0126706567,0.533512056,0.311405331,-0.00208125985,0.527970552,0.303687811,-0.0103110047,0.524635792,0.302658558,-0.013940569,0.521385491,0.303245276,-0.0145797599,0.54491818,0.31186673,-0.00459112,0.540878892,0.307609618,-0.0131187746,0.541559339,0.313396692,-0.012512777,0.542571485,0.318574041,-0.00948983151,0.556954145,0.31370765,-0.00769557338,0.553073406,0.310455501,-0.0129961865,0.551103055,0.314922,-0.0114159901,0.550818,0.318885535,-0.00862505566
3749.999999999988,0.390609086,0.591564,1.28855319e-007,0.4102391,0.59194237,-0.00397490291,0.426279873,0.596424639,-0.00690674596,0.437790066,0.602216721,-0.00908996258,0.448782802,0.605624795,-0.0112560652,0.421796292,0.603716195,-0.0106228665,0.436774015,0.61398381,-0.0153835425,0.445089936,0.619987786,-0.0174913406,0.451516718,0.624561131,-0.0187204592,0.411631882,0.607180536,-0.0116644604,0.423658848,0.617940187,-0.0160170309,0.431121141,0.624249697,-0.0183722153,0.43638891,0.628954351,-0.0200125668,0.400897861,0.608975887,-0.0126766767,0.410305262,0.619092643,-0.0175149255,0.417038053,0.62529254,-0.0202611107,0.422024101,0.629998922,-0.0220815856,0.390323371,0.609602034,-0.0136322165,0.392379016,0.617500246,-0.0188364554,0.393994451,0.62298,-0.0210171882,0.395336956,0.627896726,-0.0220986027
3766.6666666666547,0.544855714,0.333381623,5.56263764e-008,0.527333319,0.329565823,-0.00377426296,0.513973296,0.321425617,-0.00543716783,0.507429123,0.313381016,-0.00791989546,0.502001405,0.307003736,-0.0100475335,0.511413395,0.310782284,-0.000351279188,0.50076592,0.301052481,-0.00509680388,0.495503604,0.294224858,-0.00893499423,0.491443634,0.288288087,-0.0118314018,0.52150023,0.309841305,-0.00254836865,0.516256928,0.303086817,-0.0100653498,0.511621773,0.303083301,-0.0138859488,0.50753516,0.303857297,-0.015388607,0.533022106,0.310540557,-0.00556174293,0.528528154,0.304993063,-0.0141415289,0.527754843,0.311003625,-0.0140283899,0.527681708,0.316418022,-0.0119451955,0.545463502,0.312758356,-0.00900908839,0.540999711,0.308705777,-0.0153424405,0.538288653,0.313674897,-0.0143159674,0.537185252,0.318349332,-0.0121168504
3766.6666666666547,0.387816,0.591995895,1.19791281e-007,0.408321708,0.591687739,-0.00401344383,0.425093681,0.595816255,-0.00692707859,0.43694064,0.601760805,-0.00904577225,0.448004276,0.605721831,-0.0110886199,0.421385825,0.603217781,-0.0103941429,0.436351,0.613586366,-0.0151400184,0.44461897,0.619696856,-0.0172936134,0.45106566,0.624271691,-0.0185007509,0.411156148,0.60697192,-0.0113019599,0.423631907,0.617993772,-0.0153306965,0.430913746,0.624268293,-0.0175057556,0.436006069,0.628724694,-0.0190117806,0.400452316,0.609048247,-0.0122048566,0.410442799,0.619330525,-0.0165874269,0.417291492,0.625524163,-0.0191901829,0.422289342,0.630131423,-0.0209698193,0.389890909,0.609908,-0.0130634885,0.39292869,0.617751479,-0.0177866165,0.394824535,0.623086,-0.0197420865,0.396331668,0.627848625,-0.0206902362
3783.333333333321,0.532137811,0.333027601,5.79574966e-008,0.514692068,0.328214854,-0.00388434436,0.501767039,0.319655538,-0.00532146636,0.494603485,0.311414838,-0.0077228914,0.48808673,0.30492872,-0.00973318797,0.499968052,0.309936,0.00111237355,0.489771128,0.30014205,-0.00354945078,0.48514384,0.293140709,-0.0072320858,0.481627166,0.287106,-0.00988515839,0.510100722,0.308896154,-0.000831968267,0.504298,0.301677287,-0.00873094518,0.501001656,0.301803589,-0.0126325078,0.498280168,0.303056031,-0.0137371961,0.521838307,0.309508711,-0.00374428672,0.516115904,0.303931057,-0.0126070119,0.515740216,0.309973955,-0.0126336133,0.516216338,0.315661043,-0.0101230768,0.534857333,0.311488748,-0.00708122551,0.529968858,0.307033151,-0.0130842421,0.526905298,0.311282963,-0.0121730706,0.525296152,0.315668494,-0.00989130512
3783.333333333321,0.388834387,0.590147555,1.33450371e-007,0.409252614,0.590881646,-0.00333509757,0.425878525,0.595723152,-0.00595836155,0.43776387,0.601714373,-0.0079109231,0.448815167,0.605371952,-0.00986167137,0.420892179,0.602858245,-0.010210216,0.436578751,0.613314748,-0.0151277501,0.445286214,0.61962688,-0.0173912067,0.451766133,0.624403834,-0.0186577,0.410802573,0.606295228,-0.0114994142,0.423348188,0.617378175,-0.0159541946,0.430755168,0.623991191,-0.0182794165,0.435815603,0.628902912,-0.0198263079,0.40018186,0.608071804,-0.0127044767,0.410284579,0.618544877,-0.0174861364,0.417154491,0.62500006,-0.0200390145,0.422096342,0.629936039,-0.0216848217,0.389701486,0.608653247,-0.0138028637,0.392661273,0.616881847,-0.0188746713,0.394703925,0.622505665,-0.020789789,0.39634189,0.627495885,-0.021638969
3799.9999999999877,0.522091389,0.332554042,4.60403804e-008,0.504733384,0.327775449,-0.00404236233,0.492096335,0.319456488,-0.00565345911,0.485061467,0.311475545,-0.0082243979,0.478770137,0.304933518,-0.0103672175,0.49174726,0.309455216,0.000818693778,0.48193422,0.299396902,-0.00368279195,0.47764498,0.292522222,-0.00739948219,0.474170297,0.286681741,-0.0101651195,0.501437128,0.308645874,-0.00104598526,0.495292693,0.301197112,-0.00872684922,0.491156369,0.301369071,-0.0128121609,0.487800032,0.303069293,-0.0142434975,0.512538433,0.309448481,-0.00386573467,0.50691241,0.303204328,-0.0123404535,0.505489111,0.308570176,-0.0127417184,0.505216,0.314314365,-0.0107313152,0.524756134,0.311536849,-0.00716576958,0.519966185,0.306139946,-0.0131232617,0.516117632,0.309671342,-0.0126646953,0.513835073,0.314334929,-0.0108196149
3799.9999999999877,0.388976723,0.590269268,1.24963222e-007,0.409682512,0.591015577,-0.00329599064,0.425893,0.595666349,-0.00578123,0.437632233,0.601631105,-0.00761782518,0.448459595,0.605758905,-0.00942400191,0.421311319,0.602555275,-0.00941568799,0.436648935,0.613444,-0.0139338775,0.445015073,0.619810104,-0.0158749353,0.451352626,0.624513328,-0.0168586597,0.410985231,0.606155813,-0.0105147483,0.423762679,0.617713392,-0.0144892866,0.431206077,0.624170721,-0.0166153312,0.436370015,0.628600419,-0.0179921575,0.400362879,0.608100474,-0.0115577811,0.410562634,0.618919611,-0.0158372633,0.417390317,0.625300348,-0.0183382574,0.422337979,0.629827678,-0.0199771319,0.390213311,0.608759522,-0.0125113474,0.393213868,0.616827488,-0.0170720108,0.395052791,0.622311234,-0.0188842528,0.396544129,0.62702179,-0.0196833052
3816.6666666666542,0.51298964,0.332245052,3.72882738e-008,0.496126413,0.327814549,-0.00369700463,0.483314514,0.319218844,-0.00509501854,0.476441652,0.311105639,-0.00747391768,0.47096619,0.304323405,-0.00952667091,0.4833664,0.30911392,0.00143880013,0.474930108,0.299068063,-0.00303013856,0.471738279,0.292244613,-0.00650743349,0.469515085,0.286465883,-0.00892203581,0.492947042,0.308110744,-0.000658747915,0.486586034,0.29986316,-0.00829726644,0.482628554,0.300973803,-0.0120547824,0.480083,0.303476334,-0.0128248343,0.503715575,0.308720917,-0.00367907388,0.497942328,0.303117245,-0.0119216805,0.495719373,0.30899325,-0.0120269908,0.495290369,0.314466298,-0.00967164,0.515374064,0.310742468,-0.00713262148,0.509649813,0.306495398,-0.0122350492,0.506257,0.310769379,-0.0110045364,0.505064,0.315187931,-0.00864173658
3816.6666666666542,0.387589693,0.590418518,1.22168089e-007,0.408858061,0.590395808,-0.00327483634,0.425576031,0.595034599,-0.00527703622,0.437203109,0.601441324,-0.00663210824,0.448105574,0.605754375,-0.00783355813,0.421239793,0.602784395,-0.0078035444,0.437020212,0.613527536,-0.0115127014,0.445441335,0.619728148,-0.013106754,0.451831669,0.624352217,-0.013864357,0.411060095,0.606619298,-0.00854916684,0.424045533,0.617693722,-0.0115925046,0.431473821,0.624075532,-0.0135688484,0.436600357,0.628678203,-0.0149212945,0.400557756,0.608781815,-0.00931234658,0.410922617,0.618921518,-0.012885144,0.417706043,0.625240088,-0.0154574625,0.422442257,0.629838884,-0.0172025599,0.390544057,0.609783,-0.0100154588,0.394101,0.617807925,-0.0138536794,0.395740509,0.623037815,-0.0154005587,0.396779954,0.627509892,-0.0160595234
3833.3333333333208,0.501399338,0.332741827,1.85935853e-008,0.484867305,0.327985913,-0.00245133392,0.472989857,0.318895251,-0.00309017464,0.466714919,0.310644835,-0.00483901426,0.461286664,0.304023802,-0.00637538685,0.474289417,0.308849841,0.00289435638,0.46687898,0.298704267,-0.000711744709,0.464465,0.292209387,-0.00350489048,0.463149697,0.286729485,-0.0054376726,0.483605802,0.308175653,0.000617423619,0.476296633,0.300134897,-0.00622217078,0.472655326,0.302060187,-0.00959701277,0.470772743,0.305482388,-0.0100587774,0.494086117,0.308862,-0.00246956153,0.486632913,0.304017544,-0.00987009704,0.483264267,0.309574604,-0.0103738708,0.482212365,0.314878494,-0.00844182633,0.505861282,0.310795605,-0.0058233873,0.49818784,0.307277799,-0.0102881379,0.494350106,0.311844647,-0.00923170894,0.493318379,0.316463202,-0.00708928844
3833.3333333333208,0.394864023,0.592880309,8.5441819e-008,0.412455797,0.592259169,-0.00478318054,0.427284837,0.596500039,-0.0082700979,0.438381404,0.602420151,-0.0107892249,0.449166536,0.606289,-0.0132729104,0.423458576,0.604061902,-0.0128032267,0.438638806,0.614395797,-0.0179349631,0.446341485,0.620374084,-0.0200907029,0.452100843,0.624874115,-0.0212608818,0.413320154,0.607405126,-0.013547278,0.425564468,0.618334949,-0.0180366971,0.432176083,0.624418497,-0.0201540329,0.43670398,0.62872088,-0.021664599,0.402702063,0.609012783,-0.014220926,0.411844552,0.619273782,-0.0191172548,0.418275058,0.6253317,-0.0216881651,0.423102081,0.629714131,-0.0234711878,0.392610341,0.609507918,-0.0148931369,0.394710273,0.617424667,-0.01994811,0.39637208,0.622750521,-0.0219064783,0.397754818,0.627245605,-0.0229208414
3849.9999999999873,0.488913149,0.332696348,2.83972064e-008,0.474702716,0.329147726,-0.00412335526,0.463958502,0.3206186,-0.00573247,0.458225518,0.312850326,-0.0081137307,0.454075158,0.3062509,-0.0102983825,0.466275275,0.310254842,0.000357557787,0.460611254,0.300184399,-0.00462997,0.458564788,0.293314844,-0.00807274133,0.457424045,0.287709713,-0.0102194063,0.475306,0.309546113,-0.00118277548,0.467761815,0.301489741,-0.0099725714,0.462155282,0.303244025,-0.0139261074,0.459003985,0.306696475,-0.0139628369,0.485581964,0.310156494,-0.00355885015,0.477544516,0.30569005,-0.0130796963,0.473144025,0.311728567,-0.0135879721,0.472101659,0.317159534,-0.0106225414,0.496987343,0.312081546,-0.0062164804,0.488695681,0.308702558,-0.012539723,0.484635144,0.313404709,-0.0115258843,0.484342933,0.317948967,-0.00861033238
3849.9999999999873,0.390383154,0.593231082,1.16150183e-007,0.410547286,0.592380881,-0.00391822867,0.426876396,0.596206367,-0.00700556161,0.438459814,0.601995111,-0.00928127486,0.449195623,0.606041193,-0.0115158232,0.423328608,0.603443861,-0.0113310488,0.437812328,0.613710165,-0.0163011849,0.44570294,0.619734704,-0.018468786,0.45192489,0.624318659,-0.0196995083,0.412927687,0.607102394,-0.0123151066,0.425022036,0.617866516,-0.0164722595,0.431784838,0.624015272,-0.0184340514,0.436566651,0.62847203,-0.0198374297,0.402101696,0.609092414,-0.0132305501,0.411689788,0.619084835,-0.017707333,0.418001622,0.625041,-0.0198976658,0.422688752,0.629554927,-0.0213884711,0.391507477,0.609931529,-0.0140918428,0.394431472,0.617679298,-0.0188299622,0.396108687,0.622798204,-0.0205438249,0.397464484,0.627354622,-0.0213307049
3866.666666666654,0.479702264,0.335592419,1.45866865e-008,0.464261949,0.330924779,-0.00167542102,0.45374462,0.322092414,-0.00219408446,0.449218839,0.314376205,-0.00406047562,0.447053701,0.308499306,-0.00581344,0.457286239,0.312566489,0.00270842412,0.452563405,0.302719086,-0.00168324984,0.451091498,0.296499,-0.0049770819,0.450296491,0.291360617,-0.00703631388,0.465862453,0.312170953,3.24233515e-005,0.458942711,0.304458857,-0.00822901633,0.452543855,0.305385143,-0.0125804786,0.44805935,0.308131814,-0.0131734172,0.475396276,0.3129282,-0.00332302344,0.46709615,0.309107542,-0.0116785737,0.462141573,0.314386308,-0.0126868961,0.459879369,0.319553852,-0.0104926052,0.485990763,0.314919233,-0.00686626695,0.478184,0.312033832,-0.0114665227,0.473810226,0.315902293,-0.010365691,0.472829819,0.319832385,-0.0078771105
3866.666666666654,0.390924245,0.590716958,1.25043854e-007,0.410709679,0.590893328,-0.0034050981,0.427177906,0.595499,-0.00596314296,0.438694596,0.601670504,-0.00785548892,0.44982338,0.605627835,-0.00973541103,0.422757655,0.603715658,-0.00938945264,0.437425017,0.613574147,-0.0138920415,0.4456788,0.619531155,-0.0161707848,0.451957464,0.62410742,-0.0175773073,0.412881196,0.607059836,-0.0107180178,0.424951673,0.617523551,-0.0146743013,0.432086468,0.623611867,-0.0169974957,0.436992764,0.628184915,-0.0186104029,0.402257949,0.608663142,-0.0119996388,0.411908835,0.619025,-0.0163585171,0.418364376,0.625060916,-0.0185967293,0.423131168,0.62982,-0.0201161448,0.391454875,0.609062374,-0.0132307056,0.394258201,0.617133856,-0.0181595348,0.396205842,0.622438848,-0.0198460184,0.397874266,0.627230108,-0.020526642
3883.3333333333203,0.466001093,0.340492606,1.00266471e-008,0.451303542,0.336183697,-0.00237629842,0.441698551,0.327972919,-0.00343222986,0.439351082,0.320546269,-0.00563575188,0.438419044,0.315171,-0.00781014934,0.445484459,0.317171514,0.000908981368,0.439352661,0.30727616,-0.00363586494,0.43748337,0.300787,-0.00741385901,0.436584234,0.295615137,-0.00995632168,0.454148173,0.316987485,-0.00168341841,0.447262347,0.308809906,-0.0100157727,0.44020465,0.309739619,-0.0146062113,0.435405195,0.312922746,-0.0155610945,0.463804901,0.318023,-0.00491561228,0.454867,0.312846929,-0.0130486432,0.449738532,0.317797124,-0.0143989753,0.448195159,0.32313931,-0.0126996404,0.474725604,0.320216149,-0.00842537545,0.467026412,0.316290438,-0.0133511908,0.462082654,0.319822192,-0.0128335841,0.461133868,0.323857397,-0.0108653922
3883.3333333333203,0.38937521,0.589965284,1.15072318e-007,0.410361707,0.590474844,-0.00332416152,0.426790327,0.595409751,-0.00538753811,0.438354284,0.601836264,-0.00680458546,0.449425,0.606049061,-0.00811089948,0.421932608,0.602593601,-0.00791731291,0.437147498,0.613040507,-0.0119379153,0.445489645,0.61937815,-0.0137885977,0.451758057,0.624129236,-0.0147986347,0.411482036,0.606462598,-0.00880871248,0.424009293,0.617445052,-0.0121328607,0.431103736,0.62371248,-0.0141985398,0.436030239,0.628258049,-0.0156108616,0.400877714,0.608632147,-0.00972475577,0.411452025,0.618772447,-0.0135279438,0.418371648,0.624880612,-0.0158913303,0.423306763,0.629358828,-0.0174913183,0.390674174,0.609611332,-0.0105884746,0.394278854,0.617515385,-0.0144559611,0.396354109,0.622691154,-0.015867075,0.397931486,0.627198339,-0.0164808724
3899.999999999987,0.457164705,0.345244825,-2.37875621e-008,0.441028327,0.341846496,-0.00255653448,0.429723114,0.33437258,-0.00366826961,0.426454931,0.326859772,-0.00588479359,0.426209152,0.321635514,-0.00800313614,0.431595325,0.322517335,0.00192356913,0.424808323,0.313374758,-0.00238565682,0.422290891,0.307467401,-0.00576130068,0.421462029,0.302708566,-0.00801849551,0.440460384,0.321918,-0.000585580477,0.431387156,0.314171493,-0.00872061867,0.424295455,0.316909969,-0.0125138983,0.420297384,0.321273744,-0.0125856316,0.450301081,0.322752297,-0.00383798452,0.440518618,0.319090307,-0.0117463954,0.435803562,0.324583709,-0.0122310808,0.43466413,0.329578936,-0.00983939134,0.461151212,0.325141579,-0.00743646454,0.451953262,0.322912961,-0.0118392855,0.447598189,0.327058971,-0.0106328791,0.447330683,0.330922544,-0.00813658629
3899.999999999987,0.388909698,0.590751886,1.16761484e-007,0.410023808,0.591015816,-0.00368548371,0.426631898,0.595234334,-0.00618659146,0.437845528,0.601593435,-0.00801515486,0.448386729,0.606375217,-0.00969094224,0.422469079,0.603036,-0.00818777271,0.43751052,0.61345011,-0.0123189986,0.445699573,0.619648039,-0.0143528571,0.451959729,0.624305546,-0.0155319376,0.411986172,0.606823087,-0.00906676333,0.424500078,0.617732286,-0.012365954,0.431626171,0.623760164,-0.0143205114,0.436801642,0.628022432,-0.0156978257,0.401184201,0.608843327,-0.0100535564,0.41170451,0.619155288,-0.0137987267,0.418467134,0.625124097,-0.0158793423,0.423558444,0.629478812,-0.0173323229,0.390653282,0.609664798,-0.0110537168,0.394206882,0.61735934,-0.0151019739,0.396575034,0.622459054,-0.0164983198,0.398611873,0.626944602,-0.0170722436
3916.6666666666533,0.447027683,0.351604134,-1.73081709e-008,0.428082854,0.348037839,-0.0010966945,0.415905803,0.341456443,-0.00154414901,0.411370754,0.334327251,-0.00352383801,0.408665836,0.329229861,-0.00555733312,0.417120218,0.330587178,0.00311675924,0.409293264,0.320954591,-0.000827714743,0.406451225,0.314730555,-0.00420231372,0.405275434,0.309911937,-0.00648347382,0.425866961,0.329650611,0.000170446874,0.41522485,0.322692841,-0.0075969547,0.407781661,0.3254053,-0.0117686028,0.403722107,0.329785585,-0.0123664811,0.435914516,0.329743952,-0.00338784442,0.425023258,0.32621482,-0.0106736552,0.419840246,0.331462204,-0.0116620539,0.418456912,0.336681306,-0.00981374457,0.447840333,0.33095,-0.00718687521,0.437967896,0.32899788,-0.0112114511,0.432552159,0.332861245,-0.0103052696,0.430933863,0.336855739,-0.00804722682
3916.6666666666533,0.390079528,0.589613378,1.12017538e-007,0.410429567,0.590538085,-0.00325915567,0.426521569,0.595373929,-0.0054375371,0.437718749,0.601584196,-0.00700113177,0.448364168,0.606354058,-0.00845179893,0.421931475,0.60341686,-0.00781689491,0.43717739,0.613782585,-0.0115741519,0.445514709,0.619966745,-0.0133053549,0.451850653,0.624510527,-0.0143150361,0.41183576,0.60700053,-0.008849537,0.424769431,0.61787194,-0.0121166231,0.431987941,0.623801887,-0.0140939932,0.437080264,0.627860963,-0.0153944027,0.401110142,0.608817875,-0.00991091132,0.412347049,0.619185567,-0.0136237079,0.419323176,0.625221133,-0.015863318,0.424550712,0.62966603,-0.0174005311,0.390417069,0.609462619,-0.0109358896,0.394176841,0.61741811,-0.0150259305,0.396957487,0.622725368,-0.0166407041,0.399467081,0.627434313,-0.0173697975
3933.33333333332,0.42334038,0.357423574,1.19630847e-008,0.409559131,0.356046557,-0.00212053652,0.39770031,0.349722743,-0.00307435635,0.392544866,0.343368381,-0.00509768957,0.390473455,0.338741422,-0.00714901835,0.399088472,0.339652717,-0.000300261396,0.391538203,0.330036342,-0.00472023897,0.386979878,0.323887199,-0.00757751428,0.384028822,0.319075733,-0.00943761,0.406547219,0.338308543,-0.00265194662,0.396455199,0.331944376,-0.0108140446,0.390030861,0.335110337,-0.0139283454,0.387670577,0.339650333,-0.0135586886,0.415577978,0.33814612,-0.00551197771,0.40527308,0.335496,-0.0133801047,0.401215792,0.341121167,-0.0133972829,0.400794208,0.346081883,-0.0107377106,0.426599056,0.339133948,-0.00859002303,0.41823566,0.337996125,-0.0133637302,0.414268643,0.342016876,-0.012244218,0.41352284,0.345754623,-0.0097061
3933.33333333332,0.389513642,0.590043,1.1001935e-007,0.409926176,0.590919256,-0.00337932794,0.426304728,0.595536411,-0.00604449911,0.437737107,0.601768672,-0.00811192486,0.448042661,0.606689274,-0.0100559518,0.421882629,0.602730811,-0.00894586928,0.437204182,0.613658667,-0.013322358,0.445134878,0.619946718,-0.0152203618,0.451202154,0.624673724,-0.0162540823,0.411435783,0.606146,-0.0100405924,0.424403429,0.617548883,-0.0138509208,0.431694031,0.623734951,-0.0158769768,0.437017232,0.628166199,-0.0172645561,0.400738984,0.607999444,-0.0111481017,0.411740422,0.618799388,-0.015198824,0.418983936,0.624945462,-0.0174791813,0.424592,0.629416823,-0.0190885086,0.390366942,0.608713031,-0.0122166118,0.394063473,0.61676079,-0.0165150315,0.396820724,0.622156,-0.0182455238,0.399331689,0.626989365,-0.0191008579
3949.9999999999864,0.418372661,0.364370584,-5.38758513e-008,0.401913732,0.362799,-0.0018204815,0.389156878,0.357929558,-0.00306546479,0.381887883,0.352569461,-0.00559191965,0.377425343,0.348190725,-0.00829684734,0.388116032,0.347552031,4.81111128e-005,0.377430648,0.339232862,-0.00486171898,0.371209174,0.334120035,-0.00794984,0.367445022,0.330026329,-0.00979412161,0.39562428,0.345841974,-0.00252554193,0.380377263,0.341629148,-0.0108675798,0.373596907,0.345780879,-0.0140306447,0.371671319,0.350560248,-0.0137704192,0.404539436,0.345089287,-0.0056743715,0.389625162,0.345188916,-0.0138609689,0.387121,0.351333588,-0.0139459064,0.388654679,0.356062323,-0.0112512056,0.415252686,0.34537077,-0.00905739609,0.402548581,0.345989972,-0.0138720935,0.399503112,0.350598097,-0.0126578985,0.400555223,0.354332864,-0.00998698
3949.9999999999864,0.389674217,0.588515639,1.07347994e-007,0.410432965,0.589648306,-0.00316576124,0.426419824,0.594816267,-0.00532824174,0.437356353,0.601197779,-0.00693544745,0.447352439,0.6062451,-0.00841842685,0.420958728,0.60300374,-0.00768708484,0.436267495,0.613610327,-0.0116314134,0.444930375,0.619841456,-0.0135741346,0.45153439,0.624454,-0.0147042787,0.410669923,0.606447,-0.00882231258,0.424052358,0.617424965,-0.0121873934,0.431995392,0.623511791,-0.0143870711,0.437584639,0.627839327,-0.0158872344,0.399958104,0.608163893,-0.00998544507,0.411466807,0.618651509,-0.0137176989,0.418785363,0.624840856,-0.0160594713,0.424051732,0.62938416,-0.0176614504,0.389403373,0.608753502,-0.0111140609,0.393668056,0.616818845,-0.0151007,0.396683395,0.622094631,-0.0166081153,0.399200678,0.626697421,-0.017260069
3966.666666666653,0.411272168,0.371629655,-2.83578707e-008,0.394200444,0.37115854,-0.00244370196,0.380314171,0.3662166,-0.00366556,0.371873081,0.360686779,-0.00603097863,0.365440607,0.356366664,-0.00844995398,0.378048509,0.355281621,0.00028968585,0.365740895,0.347432107,-0.00469891634,0.358665556,0.342270941,-0.00790832657,0.354311556,0.338056922,-0.00980213191,0.385539383,0.353295147,-0.00208097626,0.369945198,0.349717379,-0.0111549292,0.362206131,0.353684336,-0.0148751009,0.35960865,0.358409643,-0.0148071777,0.394187093,0.352354974,-0.00513563817,0.378610283,0.353874594,-0.0144135542,0.37620011,0.360666811,-0.01521507,0.37810412,0.365998745,-0.0126405014,0.404255182,0.352625757,-0.00841571763,0.390873402,0.354697943,-0.0142511223,0.388881922,0.360197932,-0.0135589642,0.390999109,0.364601344,-0.0110398578
3966.666666666653,0.388976812,0.589520574,9.12103957e-008,0.410555631,0.590501726,-0.00300868554,0.426881969,0.595533729,-0.00486585824,0.437917918,0.601881325,-0.00628791284,0.447925687,0.606803477,-0.00751451543,0.421950907,0.603089154,-0.00600339659,0.436474741,0.613409936,-0.00965998229,0.444567114,0.619457126,-0.0116371457,0.450826168,0.624058783,-0.0128176063,0.411572576,0.606668413,-0.00694086729,0.424139351,0.617110729,-0.00976729486,0.431696743,0.622916758,-0.0117768608,0.437336832,0.627205729,-0.0132778334,0.400950581,0.608704627,-0.00805172324,0.411309212,0.618702352,-0.0112637552,0.418632627,0.624563932,-0.0133899013,0.424432397,0.628883719,-0.0149450907,0.390484393,0.609673262,-0.00919533335,0.394372582,0.617453,-0.0124441497,0.397327453,0.622546196,-0.0136804329,0.400083899,0.627044678,-0.0142778102
3983.3333333333194,0.403512746,0.378965139,-3.44361872e-008,0.386214,0.378683269,-0.00195417646,0.3714104,0.373663843,-0.00295155868,0.362401456,0.36809805,-0.00532055134,0.355144441,0.363495082,-0.00788454711,0.369040549,0.362048686,0.00121540355,0.357496709,0.354132831,-0.00368797895,0.350704,0.348912627,-0.00699784141,0.345936745,0.344853789,-0.00901967473,0.376842171,0.35973087,-0.00143792818,0.361265451,0.356875926,-0.0107450215,0.354501426,0.361845434,-0.0147228483,0.352796018,0.367494613,-0.0147678759,0.385841817,0.358631372,-0.00473851711,0.370659,0.360920727,-0.014467896,0.369126588,0.368704915,-0.0153951617,0.371406436,0.374771982,-0.012817706,0.396623105,0.3588503,-0.00817917194,0.383694559,0.361787021,-0.0146803753,0.382290184,0.36815393,-0.0141725577,0.384601951,0.373146236,-0.0116563775
3983.3333333333194,0.388097078,0.588185191,1.0333877e-007,0.409882456,0.588897407,-0.00327684381,0.426370561,0.594279885,-0.00516324071,0.437334895,0.600992501,-0.0064632534,0.447507203,0.606303275,-0.0076417583,0.421662867,0.602578521,-0.0065931282,0.436362565,0.613187611,-0.0102826087,0.444715,0.619473934,-0.012321759,0.451206833,0.624209046,-0.0135525409,0.410954088,0.606245339,-0.00748465722,0.423965693,0.617066085,-0.0103281057,0.431869179,0.622995496,-0.0124709923,0.4377321,0.627299905,-0.0140147861,0.39994666,0.608093441,-0.00848897174,0.411588192,0.61850667,-0.011836865,0.419110924,0.62443608,-0.0140899699,0.424782455,0.628855,-0.0156868,0.389379919,0.608744,-0.00949203689,0.39432317,0.616772175,-0.0131124873,0.397332758,0.62190789,-0.0143981595,0.399802,0.62652272,-0.014929804
3999.999999999986,0.399578601,0.384497344,-4.82659637e-008,0.382799923,0.384104967,-0.00305322744,0.368907809,0.379495978,-0.00528824655,0.360590696,0.374020696,-0.00886793621,0.354951918,0.36876896,-0.0125336703,0.367186576,0.366846472,9.9539684e-005,0.355528682,0.358535,-0.00570807653,0.348103583,0.353308022,-0.0094437059,0.342678517,0.349133641,-0.0116803218,0.374235541,0.364527434,-0.0022931511,0.358552128,0.362124115,-0.0126305213,0.352698296,0.367496,-0.0166808069,0.351519585,0.37324214,-0.0165555608,0.382355034,0.36356917,-0.00548239285,0.36778754,0.366224557,-0.0161213633,0.367664963,0.374011695,-0.0166736674,0.370731771,0.379872501,-0.0135173257,0.392211854,0.363816291,-0.00891795,0.379035681,0.366641849,-0.0157447718,0.378204077,0.372832954,-0.0149878645,0.380607814,0.377772868,-0.0121341264
3999.999999999986,0.39463973,0.590895116,9.26937176e-008,0.412910312,0.59087956,-0.0050792289,0.427693933,0.59551394,-0.00856088568,0.438093454,0.60219717,-0.0111165158,0.448463559,0.607120872,-0.0135329822,0.423354119,0.603661597,-0.0113095511,0.438036054,0.613922179,-0.0163195934,0.445815712,0.619820297,-0.0188191105,0.45170024,0.624435425,-0.020350663,0.413087547,0.607348859,-0.0120500596,0.425340265,0.617966354,-0.0159793496,0.432178587,0.623673797,-0.018099064,0.43732366,0.627783835,-0.0197487231,0.402455866,0.608999312,-0.0128757823,0.412480801,0.618915856,-0.0170505922,0.419207245,0.624622464,-0.0187239032,0.424652755,0.628949,-0.0200798772,0.392056167,0.609434247,-0.0138833458,0.394679099,0.61700964,-0.0182636864,0.39706409,0.6220662,-0.0194162782,0.399384528,0.626429617,-0.0199356675
4016.6666666666524,0.403170258,0.387181103,-6.15507787e-008,0.387398303,0.386950433,-0.00253799744,0.372210562,0.382425696,-0.00411448255,0.363485,0.377453208,-0.00710647739,0.357747674,0.372747481,-0.0101025924,0.368812323,0.369059324,0.0014163024,0.357371688,0.361144543,-0.00374311046,0.349798411,0.356042802,-0.0072572222,0.344368756,0.351985812,-0.00957783218,0.375773102,0.36681965,-0.00123005209,0.359773785,0.364520699,-0.0111543369,0.353560239,0.370104,-0.0153231379,0.352281034,0.375955194,-0.0153603954,0.384008408,0.365823299,-0.00468211668,0.36879468,0.368512899,-0.0147083867,0.367930263,0.376109719,-0.0154684559,0.370508432,0.381929636,-0.0127204731,0.394009501,0.366053134,-0.00841945,0.380980819,0.368909687,-0.0147919767,0.379761517,0.374815702,-0.0142488517,0.382190228,0.379556775,-0.011738033
4016.6666666666524,0.391750634,0.591705143,1.00021978e-007,0.41225183,0.591258526,-0.00406176504,0.428196073,0.595437169,-0.00675667031,0.439044952,0.601566732,-0.00859056786,0.448877811,0.606315,-0.0102686891,0.423177749,0.603212178,-0.00983196311,0.437980324,0.613638818,-0.0139274821,0.44584021,0.619689405,-0.0155621171,0.451797247,0.624222338,-0.0164030883,0.412682921,0.606901526,-0.0102326171,0.425763071,0.617646039,-0.0134643521,0.433133185,0.623512805,-0.0150103355,0.438472688,0.627636373,-0.0161326732,0.401983708,0.608983278,-0.0106595224,0.41300717,0.619055092,-0.0141750928,0.42023927,0.62471056,-0.0161308087,0.425823,0.628796875,-0.0175440572,0.391511917,0.610018373,-0.0111140525,0.394903958,0.617694795,-0.0148638841,0.397554487,0.622656524,-0.0164291263,0.400093049,0.626994073,-0.0172106102
4033.333333333319,0.407119155,0.388226956,-6.14158182e-008,0.391016185,0.387650251,-0.00214772,0.375584424,0.382498652,-0.00331595703,0.366402596,0.377007782,-0.0059688217,0.36015448,0.372169316,-0.00862450432,0.372414768,0.369610608,0.00154026481,0.360500813,0.361427665,-0.00336589548,0.352784276,0.356376976,-0.00664259866,0.34714669,0.352583945,-0.0088215014,0.379734367,0.367388785,-0.00128126983,0.363825589,0.365082741,-0.0108590024,0.358197451,0.370563358,-0.0150063317,0.357370049,0.376371235,-0.0151722478,0.388397068,0.366448283,-0.00482452102,0.373700768,0.368689388,-0.0144407265,0.372461706,0.376017451,-0.0153279062,0.374655873,0.381836534,-0.0129073961,0.398821175,0.366703928,-0.00859421771,0.38567,0.369296134,-0.0145996287,0.383859485,0.374976039,-0.0139647601,0.386068642,0.379646271,-0.01152319
4033.333333333319,0.392015,0.591754735,1.20269959e-007,0.412506729,0.591622114,-0.00377824879,0.428581595,0.595676303,-0.00636858772,0.439725459,0.601669729,-0.00814183522,0.449673802,0.606260419,-0.00977017824,0.424088269,0.603054583,-0.00962791685,0.438870281,0.613265038,-0.0138062267,0.4467116,0.619326174,-0.0156511851,0.452629864,0.623836339,-0.0166928843,0.413788497,0.606928706,-0.0103451153,0.426292807,0.617675424,-0.0135508087,0.43318218,0.623641968,-0.0151824653,0.437864393,0.627734125,-0.0164263826,0.403141767,0.609002888,-0.0110633504,0.41355747,0.619073391,-0.0146500859,0.420003355,0.624858499,-0.0166282486,0.424615949,0.62904954,-0.0181345735,0.392864168,0.609729111,-0.0117820315,0.395410895,0.617173076,-0.0160392616,0.397211969,0.622207463,-0.0177170858,0.3986018,0.626687527,-0.0185263064
4049.9999999999854,0.409196883,0.38523978,-1.69935568e-008,0.395906478,0.3856107,-0.00325681712,0.381319106,0.380692,-0.00483764522,0.372955382,0.375524223,-0.0074041835,0.366805673,0.370769411,-0.0100901769,0.379257798,0.368358314,-0.000303064327,0.367807686,0.360289454,-0.00583107024,0.360473335,0.354816347,-0.00955663621,0.355435282,0.350729257,-0.0118198292,0.386916,0.365942687,-0.00249962951,0.372853,0.363005191,-0.0127187837,0.366990834,0.368362844,-0.0169279985,0.365663826,0.374086052,-0.0166636202,0.395755261,0.365141183,-0.00541815255,0.382878602,0.367175698,-0.0156036615,0.381463915,0.374322236,-0.0162660517,0.383381754,0.379707694,-0.0131536694,0.405865759,0.365797222,-0.00855928101,0.393979,0.368073821,-0.0150026763,0.392864645,0.373422325,-0.0139515596,0.395390123,0.377372473,-0.0107988585
4049.9999999999854,0.393263876,0.59088105,1.25513225e-007,0.412884712,0.591474175,-0.00388935348,0.428924322,0.59555161,-0.00678772107,0.439992428,0.601377726,-0.00893620215,0.450143456,0.606015921,-0.0109573482,0.424590945,0.603233278,-0.0102461139,0.439587146,0.613381,-0.014846826,0.447492033,0.619394362,-0.0168893784,0.453469068,0.623945057,-0.0180397574,0.414495379,0.60647279,-0.0113514466,0.426377207,0.617118657,-0.0155120492,0.433390558,0.623140633,-0.0177211,0.438213348,0.627404094,-0.0191758685,0.403798282,0.607972264,-0.0124509437,0.412909776,0.617895842,-0.0170858558,0.419385225,0.623957872,-0.0196537599,0.424132407,0.628504694,-0.0213168729,0.393155485,0.608285,-0.0134970555,0.395539612,0.616022587,-0.0186172631,0.39731282,0.621464729,-0.0206545219,0.398679733,0.626292825,-0.0215635449
4066.666666666652,0.423284292,0.384672701,-5.25211163e-008,0.408840328,0.384518653,-0.00288359984,0.393210739,0.379228801,-0.00417166,0.383902311,0.373775601,-0.00664030248,0.37826094,0.36909163,-0.00911197811,0.39076218,0.366473258,0.000775707245,0.379427493,0.358475655,-0.00454541808,0.372694492,0.352963448,-0.0082682576,0.367755234,0.348755181,-0.0106402524,0.398168564,0.364244223,-0.0016332533,0.384725779,0.360200405,-0.0104251476,0.378203958,0.364259452,-0.0142769031,0.3757855,0.369318575,-0.0143848918,0.406992644,0.363464504,-0.00484066457,0.394656599,0.364128441,-0.0141110718,0.392297089,0.370786309,-0.0149033861,0.393364727,0.376455188,-0.012445827,0.417145312,0.364247173,-0.00833542179,0.406003952,0.365813971,-0.0143343089,0.404337853,0.371238619,-0.0134869535,0.406150043,0.37586996,-0.0108877681
4066.666666666652,0.391654462,0.589522541,1.16506968e-007,0.412639707,0.590032697,-0.00362398638,0.429166496,0.594777286,-0.00601718482,0.439989656,0.601351,-0.00777487596,0.449728251,0.606371,-0.00941629801,0.424159437,0.602098167,-0.00850322191,0.438537806,0.61242646,-0.0128957964,0.446698725,0.618636191,-0.0150783518,0.452900887,0.623391,-0.0164131857,0.413781732,0.605784416,-0.00955208484,0.425563395,0.616643608,-0.0132650649,0.43251127,0.623097599,-0.0155903464,0.437334836,0.627924,-0.0172876418,0.403107405,0.607721,-0.0106849689,0.412990302,0.618043542,-0.0149698462,0.419294536,0.624264061,-0.0175230782,0.42382139,0.628969848,-0.0192619693,0.392594635,0.60841012,-0.0117923832,0.39561,0.616480291,-0.0164415408,0.397228599,0.621880352,-0.0183212645,0.398395628,0.62661761,-0.0192327369
4083.3333333333185,0.434662074,0.38280353,-5.71682151e-008,0.419571787,0.382055581,-0.00246434729,0.404070556,0.375840425,-0.00351656927,0.394963592,0.369589299,-0.00584785035,0.388739556,0.364251226,-0.00814161636,0.403465599,0.362971842,0.00159772008,0.392336071,0.354247689,-0.00329490635,0.38529852,0.348689795,-0.00671601,0.38014853,0.344427854,-0.00903290883,0.411000341,0.361142159,-0.00118655572,0.396783292,0.356706232,-0.0101934345,0.390744656,0.361405492,-0.0138125457,0.389369547,0.366749495,-0.0136520686,0.420016766,0.360773563,-0.00475580432,0.406258672,0.360113025,-0.0141585181,0.404422939,0.367256314,-0.0143171428,0.406477273,0.372933,-0.0113719292,0.430920303,0.361770451,-0.00860314816,0.418958634,0.362608522,-0.0150373923,0.416541785,0.368457705,-0.0140350601,0.418111235,0.373247415,-0.0112251667
4083.3333333333185,0.390999258,0.59117955,1.18377805e-007,0.411672175,0.591025293,-0.00364930369,0.428391188,0.594937146,-0.00605394877,0.439371377,0.601045549,-0.00779428799,0.448734045,0.606075,-0.00934241526,0.424346894,0.602887392,-0.0083064856,0.439062893,0.613003433,-0.0124286506,0.447079957,0.619100034,-0.0143957632,0.452968121,0.623753488,-0.0155189801,0.414175838,0.606651783,-0.00916481,0.42624113,0.617124736,-0.0124317463,0.433133543,0.62327522,-0.014450267,0.437921226,0.627810478,-0.0159332361,0.403377622,0.608750939,-0.0100888433,0.413209677,0.618569851,-0.0138928788,0.419279367,0.624429107,-0.0160136689,0.423705,0.628783166,-0.0174924303,0.392600417,0.609645069,-0.0110308556,0.395648241,0.617065072,-0.0152531974,0.397348672,0.621987939,-0.0166745558,0.398509294,0.626330614,-0.0172093641
4099.999999999985,0.44301641,0.381869376,-5.66621594e-008,0.426236242,0.378921062,-0.00247204909,0.411049306,0.371347934,-0.00389745645,0.402118295,0.364525318,-0.00655286433,0.397637725,0.358577192,-0.00926514063,0.415230334,0.358961552,0.000484445889,0.407091498,0.349934638,-0.00436744792,0.401215613,0.344200492,-0.00784209743,0.396158308,0.340006143,-0.0102712214,0.42516309,0.35776636,-0.00226811343,0.414434075,0.353210717,-0.0112950541,0.407451868,0.357801735,-0.0150710419,0.404007763,0.363377213,-0.0152675491,0.435590118,0.358314931,-0.00566394674,0.424424261,0.357236475,-0.0148992231,0.421148866,0.363899022,-0.0149575574,0.421289235,0.369820893,-0.0121007347,0.44710207,0.360239565,-0.00925845839,0.436176628,0.359321773,-0.0151865445,0.43254149,0.364503741,-0.0137357423,0.432748467,0.369396329,-0.0107386224
4099.999999999985,0.392401874,0.588867128,1.15028058e-007,0.412677228,0.589542389,-0.0031046404,0.4282974,0.594532609,-0.00502722943,0.438912481,0.600917876,-0.00641995855,0.448753059,0.605886102,-0.00771744922,0.424197376,0.603154778,-0.00666529546,0.438719362,0.6132195,-0.0102076363,0.446912199,0.61933434,-0.0121313361,0.453066349,0.623958111,-0.013361467,0.413957834,0.606587291,-0.00776583375,0.425453305,0.616990209,-0.0107827075,0.432467341,0.622834384,-0.0129943481,0.437315464,0.627014756,-0.0145134795,0.402966172,0.608144522,-0.00892721768,0.412395507,0.6184026,-0.012676375,0.418583661,0.624403656,-0.0149405738,0.423196375,0.62901026,-0.0164417,0.391933858,0.60835427,-0.0100478493,0.394264787,0.616387,-0.0145398229,0.395905763,0.62170428,-0.0161623135,0.3972736,0.626480639,-0.0167533215
4116.666666666652,0.45159477,0.381558657,-8.19846093e-008,0.436074436,0.376503438,-0.00191699353,0.423982829,0.367171645,-0.00235619745,0.418492526,0.358880103,-0.0041618878,0.413416892,0.352819711,-0.00604575686,0.429622293,0.355243504,0.00245713256,0.423856914,0.346707493,-0.00222871243,0.418548733,0.340828538,-0.00592908729,0.413534284,0.336430937,-0.00868816208,0.44002983,0.354202598,-0.000383946259,0.430512577,0.349432707,-0.00881542172,0.424752146,0.354143858,-0.0126454942,0.421742141,0.360171348,-0.0130990902,0.450936764,0.355115503,-0.00400484353,0.440951794,0.353478283,-0.0125964861,0.436649412,0.359852165,-0.0128583256,0.434895396,0.366262853,-0.0104312245,0.462919176,0.357637703,-0.00791711,0.453071356,0.356494546,-0.0135060633,0.448007733,0.36103192,-0.0126285022,0.446015716,0.366076797,-0.0102285892
4116.666666666652,0.390346736,0.58868742,1.00327121e-007,0.41132468,0.589340329,-0.00317328726,0.427191645,0.594936907,-0.00467875227,0.438024521,0.60165745,-0.00569726434,0.448255122,0.606550217,-0.00657136552,0.42279768,0.602723777,-0.00574225839,0.437722117,0.613010526,-0.00916020479,0.445865273,0.619129479,-0.0109052518,0.452076435,0.623688281,-0.0119207464,0.412463188,0.606323779,-0.00661029341,0.425070673,0.617143273,-0.00932535436,0.432051301,0.623253524,-0.0115200728,0.436812192,0.627639711,-0.0130745415,0.401802897,0.608131051,-0.00765113,0.411952734,0.61875242,-0.0110347467,0.418421447,0.624865055,-0.0135832345,0.423173249,0.629325569,-0.0153653342,0.391345501,0.608679235,-0.00869088806,0.394112557,0.616696417,-0.0123155685,0.396195,0.622072279,-0.0139278211,0.397936434,0.626716077,-0.0147328814
4133.333333333319,0.478740335,0.376031905,-6.14907e-008,0.459039479,0.372040391,-0.00270930445,0.442552596,0.364136875,-0.00459556561,0.434676796,0.356463432,-0.00767711969,0.43464607,0.351094753,-0.010685293,0.447941333,0.351968199,-0.000766377139,0.440248489,0.342137516,-0.00710890954,0.434655428,0.335906923,-0.0115772821,0.429567575,0.33113,-0.0146732898,0.458820224,0.351237774,-0.00386688346,0.449428707,0.345231116,-0.0145917051,0.443788975,0.349838346,-0.0184056349,0.441196948,0.355628163,-0.0181015152,0.470390648,0.352241725,-0.00770154782,0.460648537,0.349798501,-0.0177585296,0.457084447,0.355980754,-0.017176101,0.456063,0.36203149,-0.0137238475,0.482504487,0.354826778,-0.0119096283,0.473269403,0.353628874,-0.0180466454,0.468321174,0.358250886,-0.0163269117,0.466322333,0.36304903,-0.0130840056
4133.333333333319,0.38979128,0.58965981,1.06540554e-007,0.410290509,0.590661943,-0.00342878979,0.426368833,0.595032334,-0.00593483588,0.437702417,0.601146638,-0.00782237854,0.447803825,0.606070697,-0.00955548,0.421841383,0.602666914,-0.00830124319,0.43710497,0.613356113,-0.0123526398,0.445073307,0.619519711,-0.0142097427,0.451240748,0.624107,-0.0152524523,0.411430985,0.60609293,-0.00922965258,0.424354255,0.617321372,-0.0126070725,0.431407213,0.623258531,-0.0145315761,0.436524093,0.627255321,-0.0158474483,0.4005391,0.607854784,-0.0101961456,0.411209762,0.618779778,-0.0139309261,0.417917103,0.624846399,-0.0161157548,0.423133016,0.629112601,-0.0176478475,0.389724582,0.608420908,-0.0111459224,0.392479748,0.616326272,-0.0153747126,0.394854486,0.621648908,-0.0171219409,0.397187769,0.626276731,-0.0179255512
4149.999999999986,0.485019833,0.376821458,-5.37818323e-008,0.469282627,0.371151477,-0.00239571813,0.457175732,0.362878442,-0.0043612388,0.451547235,0.355924308,-0.00751648424,0.451338619,0.350584149,-0.0107509522,0.464060336,0.350325435,-0.00242850138,0.458293617,0.33955887,-0.0079714423,0.453538418,0.332720339,-0.0120039,0.449090898,0.327610821,-0.0149864024,0.475410342,0.350277245,-0.00560752535,0.470169216,0.343099445,-0.0150335953,0.464048684,0.347097963,-0.0185217261,0.460534245,0.352725089,-0.0187288765,0.487029046,0.352056444,-0.00928347278,0.48148635,0.347717106,-0.017935738,0.47575444,0.353017271,-0.0176671837,0.473041028,0.358872056,-0.015144797,0.499390244,0.355198383,-0.013253008,0.494049281,0.351230085,-0.0186011679,0.487688541,0.355127543,-0.0170025192,0.484372556,0.36010024,-0.0142826382
4149.999999999986,0.387380302,0.58935076,1.06518769e-007,0.408644795,0.589960396,-0.00311173731,0.425058097,0.594836891,-0.0047900877,0.436223239,0.601302087,-0.0060454905,0.446373343,0.606084049,-0.00718233082,0.420329064,0.603075325,-0.0059559592,0.435414135,0.613003314,-0.00972618908,0.443739712,0.619018257,-0.0118074166,0.450120449,0.623643637,-0.0131287612,0.410457432,0.606654,-0.00713035418,0.42310214,0.61724627,-0.0101365447,0.430501074,0.623397171,-0.0124659911,0.435671,0.628027618,-0.0141433012,0.399946749,0.608352661,-0.00850358047,0.410081,0.618507266,-0.0122072091,0.416807055,0.624542773,-0.0148801021,0.421823621,0.629162908,-0.0167559162,0.389248252,0.608711481,-0.00988421,0.391304195,0.616532803,-0.0139837218,0.393082887,0.621831596,-0.0158216674,0.394658148,0.626597703,-0.0167607702
4166.666666666653,0.504904,0.375059694,-7.53525384e-008,0.488072574,0.368625581,-0.00230360217,0.476308286,0.358793765,-0.00349874632,0.472091854,0.350458443,-0.00591879431,0.469860256,0.344353259,-0.00821223203,0.480690569,0.348338217,-0.000295835052,0.473455548,0.337989,-0.00672781747,0.469173133,0.331259072,-0.0110820066,0.465973377,0.325502723,-0.0140894195,0.49153766,0.348634601,-0.00380388,0.485805541,0.341131687,-0.0149141159,0.481146753,0.346757889,-0.0184829868,0.478894949,0.352860779,-0.0178799611,0.50295347,0.35065487,-0.00807939563,0.497006178,0.346940875,-0.0183250811,0.492319018,0.353133,-0.0173978116,0.490325153,0.35846588,-0.0136915585,0.514596343,0.354102105,-0.0126879476,0.508011162,0.350782812,-0.0182323419,0.503358901,0.355069041,-0.015829809,0.50221163,0.359044611,-0.0123313228
4166.666666666653,0.388127625,0.589972854,1.15012746e-007,0.408537149,0.590537846,-0.00355750718,0.424239695,0.594824314,-0.00595213519,0.435399562,0.601114,-0.00767088169,0.445175469,0.606104255,-0.00921858381,0.419632316,0.602933347,-0.00816913601,0.43561992,0.613711357,-0.0119481711,0.443851352,0.619892061,-0.0136196753,0.450107247,0.624406755,-0.0144992992,0.409465075,0.606469512,-0.00891833287,0.422629178,0.617546618,-0.0121529736,0.430249453,0.623379409,-0.0141127901,0.435579747,0.627280831,-0.0154249286,0.398983538,0.608288467,-0.00971106812,0.409305096,0.618893206,-0.0134748258,0.416564375,0.625047386,-0.0159852803,0.421894103,0.629413486,-0.0177094247,0.388782352,0.608841896,-0.0104594147,0.391361833,0.617042243,-0.0147397593,0.393304408,0.622523546,-0.0165919047,0.39503175,0.627288222,-0.0174401067
4183.33333333332,0.519216299,0.375450909,-6.42934594e-008,0.503208458,0.370345533,-0.00406717649,0.490590125,0.360187173,-0.00605091034,0.485915035,0.351029932,-0.00897724181,0.484348416,0.343622953,-0.0117710112,0.495650172,0.34875229,-0.001961075,0.488511264,0.337296605,-0.0081882,0.485043854,0.329714745,-0.0122436965,0.482398629,0.323412448,-0.0150457872,0.506411,0.348771572,-0.00434227753,0.500823319,0.341703266,-0.0153313857,0.496243328,0.347271,-0.0189497806,0.493784308,0.353322715,-0.0184937846,0.517737806,0.350590974,-0.00744591281,0.511145,0.346922457,-0.0179401711,0.506722331,0.353928089,-0.0169992037,0.504666924,0.359599769,-0.0131996628,0.529518366,0.353810579,-0.0109382821,0.523029566,0.350491792,-0.0170864165,0.518353879,0.354861587,-0.0150272632,0.516636491,0.358810067,-0.0115679307
4183.33333333332,0.386061251,0.589221895,9.83402e-008,0.406998485,0.589707792,-0.00408684602,0.423290879,0.594666541,-0.00623625191,0.434563339,0.601298511,-0.0077113891,0.444540471,0.606223106,-0.00895085,0.418595493,0.603473783,-0.00708447583,0.433642477,0.613550603,-0.01119461,0.441971034,0.619497299,-0.0135879787,0.44839102,0.624009,-0.0150203304,0.408482194,0.607055187,-0.00762959709,0.421154559,0.617270172,-0.0108484244,0.428975761,0.623036742,-0.0132066449,0.434677929,0.627231359,-0.0148443189,0.398045629,0.608820736,-0.00841627456,0.407697201,0.618636847,-0.0120296041,0.414745957,0.624605656,-0.0145395091,0.42003265,0.628985822,-0.0162344687,0.387727439,0.609328687,-0.00932252,0.390272796,0.617092192,-0.0130712409,0.392551,0.622200549,-0.0146428738,0.394441158,0.626616478,-0.0153393205
4199.999999999987,0.528145134,0.376637131,-5.80456785e-008,0.511703074,0.371350914,-0.0043427553,0.499318093,0.360877275,-0.00657239137,0.494469821,0.351882607,-0.00974956062,0.492958099,0.344424546,-0.0127051231,0.503066182,0.349288553,-0.00169806054,0.49627614,0.337895632,-0.00861723814,0.493730426,0.330408424,-0.0130964909,0.492131442,0.324157745,-0.0160316378,0.51411581,0.349661857,-0.00430285744,0.50915575,0.342327148,-0.0164218508,0.505453467,0.348516732,-0.0201997813,0.503611088,0.354907274,-0.0193894356,0.525817335,0.351768017,-0.00776407775,0.520047784,0.348324865,-0.0192184765,0.516066849,0.355723202,-0.0180961,0.514129,0.361410558,-0.0137725528,0.537725806,0.35526222,-0.0116333282,0.531506121,0.351981,-0.0181051567,0.527034223,0.356865793,-0.0155931162,0.525107801,0.361083955,-0.01163253
4199.999999999987,0.384835541,0.588801205,1.01605032e-007,0.405813128,0.589449942,-0.00361455139,0.42239,0.594569564,-0.0055834814,0.433863074,0.601172209,-0.00693431,0.443550438,0.606377125,-0.00807176251,0.417029887,0.602862358,-0.00680760248,0.432394564,0.613298833,-0.0103956703,0.440850198,0.619380236,-0.0121829631,0.447215587,0.623914123,-0.0131965009,0.406808704,0.606666446,-0.00746714137,0.4202784,0.61754787,-0.0101652071,0.428264111,0.623643875,-0.0122073544,0.433992118,0.627995372,-0.0136642214,0.396232247,0.608640552,-0.00825447217,0.407213807,0.619095683,-0.0114907175,0.414735407,0.625090778,-0.0139031727,0.420507669,0.629448652,-0.0156376641,0.385878,0.609277129,-0.00907027256,0.388980865,0.617075086,-0.0126131121,0.391424716,0.622129858,-0.0140746459,0.393536747,0.626447,-0.01473819
4216.666666666654,0.530097246,0.378708273,-2.76703194e-008,0.514786303,0.374548912,-0.00400054,0.502495825,0.364435166,-0.00608751876,0.498684317,0.35550639,-0.00905026495,0.497751147,0.348231167,-0.0118283322,0.506206274,0.352664918,-0.0019951046,0.499838829,0.340912461,-0.00866396446,0.497296631,0.332999557,-0.0130093507,0.496089607,0.326547772,-0.0159179717,0.517713606,0.352928489,-0.00462137535,0.513059378,0.345948368,-0.0161784645,0.509653151,0.352591127,-0.0195041634,0.508172452,0.358423412,-0.0185582526,0.529739261,0.354945421,-0.0080122333,0.523461819,0.350742877,-0.0183576066,0.519431293,0.358240247,-0.0161934011,0.517987669,0.363048255,-0.0116009088,0.542113483,0.358334363,-0.0117998933,0.535309374,0.354508638,-0.0172712393,0.531224072,0.359287679,-0.0138097331,0.530559,0.362505466,-0.0094024688
4216.666666666654,0.383986562,0.588605046,1.00095384e-007,0.404985905,0.588997722,-0.00361010525,0.421253622,0.594157577,-0.00562980305,0.432877958,0.600952208,-0.00709631387,0.442931533,0.60615474,-0.0083451923,0.416535407,0.602888346,-0.00604225602,0.432257533,0.613603115,-0.00950261205,0.440598637,0.619710624,-0.0112725701,0.446974546,0.624266088,-0.0122459522,0.406322598,0.60646832,-0.0066105458,0.420068234,0.617461,-0.00939058792,0.428013,0.623311758,-0.0115611013,0.43372193,0.627479374,-0.0130218985,0.395762324,0.608423591,-0.00736889476,0.406837761,0.618843853,-0.010586977,0.414804101,0.624816179,-0.0131387226,0.420877635,0.629116654,-0.0149172274,0.38535887,0.609220624,-0.00816540606,0.389060676,0.61731559,-0.0115178535,0.391875595,0.622565,-0.0130581111,0.394381464,0.627159894,-0.0137919812
4233.333333333321,0.531331897,0.383279145,-8.45841583e-008,0.51563096,0.379109412,-0.00419490272,0.50139308,0.369263828,-0.00632558111,0.496088117,0.360302329,-0.00926812552,0.495399028,0.353037864,-0.0120926499,0.505773962,0.356811494,-0.00236205827,0.499498427,0.345320046,-0.00875734631,0.496063948,0.338019043,-0.0128876604,0.493880242,0.331976146,-0.0158555638,0.517555952,0.357068509,-0.00491643883,0.509881258,0.350454271,-0.0164259728,0.505659282,0.357733905,-0.0194394737,0.504217446,0.364463389,-0.0184241608,0.529617667,0.359085858,-0.00827468839,0.521092892,0.355102062,-0.0189576987,0.517282188,0.362711668,-0.0168382302,0.516395152,0.368196696,-0.0122927437,0.541894,0.362461627,-0.0120721543,0.53353411,0.359131485,-0.0184030533,0.529389918,0.364095867,-0.0156810749,0.5289343,0.36805743,-0.0117530497
4233.333333333321,0.383850038,0.588398457,9.21432e-008,0.40490669,0.589222252,-0.00327341771,0.420925409,0.594356179,-0.00548063265,0.432611316,0.601154804,-0.00710771186,0.442718387,0.606401801,-0.00862246566,0.41541177,0.602876246,-0.00753342966,0.430690467,0.613690734,-0.0115418024,0.439049244,0.619654715,-0.0134933647,0.44560346,0.624019265,-0.0145536261,0.405235052,0.60646522,-0.00831506867,0.419156432,0.617761,-0.0114632389,0.427667081,0.623569489,-0.0133808991,0.434231788,0.62761271,-0.0146942073,0.394652814,0.608352,-0.0091611743,0.406417549,0.619202852,-0.0126164956,0.414646596,0.625073969,-0.0148533527,0.421177924,0.629115641,-0.016422132,0.384182811,0.609003186,-0.0100021232,0.387713134,0.617446184,-0.0136256646,0.390788913,0.622704923,-0.0151628908,0.393829435,0.627151,-0.0158694535
4249.999999999988,0.524656951,0.389677197,-6.06684907e-008,0.509355307,0.384636521,-0.00458654249,0.496867508,0.375498623,-0.00711473,0.492586523,0.36724928,-0.0105361193,0.490386873,0.36031574,-0.0137904594,0.501685917,0.363029033,-0.00423653424,0.494531244,0.350916982,-0.011321173,0.490028232,0.343503565,-0.0157864951,0.486285031,0.33736077,-0.0187812578,0.512720287,0.363487571,-0.00676943408,0.505467296,0.355877578,-0.0178667121,0.49982965,0.361911029,-0.020739954,0.497080177,0.367981315,-0.0199681465,0.524095237,0.365821779,-0.0101093054,0.516749501,0.361296654,-0.0204682425,0.511975169,0.368522912,-0.0184388496,0.510368526,0.374121457,-0.0140695311,0.535898864,0.369537026,-0.013978472,0.529864788,0.364922374,-0.0200252812,0.52430445,0.36920169,-0.0172144528,0.521800339,0.373369426,-0.0132508809
4249.999999999988,0.383209407,0.588258147,7.91767505e-008,0.404697776,0.589216828,-0.00311791664,0.420814544,0.594774246,-0.00490315398,0.432315767,0.601457715,-0.00619728444,0.442702174,0.606604755,-0.00731978519,0.415195554,0.603494108,-0.00550147099,0.430525213,0.614055693,-0.00879156683,0.439029723,0.620054364,-0.0106424065,0.445679754,0.624351561,-0.0117740501,0.404745698,0.607193172,-0.00625586789,0.418677509,0.617702842,-0.00892981514,0.427063584,0.623033345,-0.0110127833,0.433306575,0.626432598,-0.0124612516,0.393951356,0.609110117,-0.00717955967,0.40569663,0.619680107,-0.0102371108,0.41386795,0.625539303,-0.0124824541,0.420409709,0.629580557,-0.0141153987,0.383327186,0.609682322,-0.00810882449,0.387261,0.617922962,-0.0113391392,0.39081049,0.623153269,-0.0126948496,0.394376159,0.627488554,-0.0133332014
4266.666666666655,0.521140099,0.395846874,-5.5235386e-008,0.50529027,0.392092079,-0.00399723,0.492772847,0.384566516,-0.00660139695,0.489537686,0.377573848,-0.0104091177,0.490991384,0.372729927,-0.0141067291,0.492831618,0.3701047,-0.0024912646,0.484808028,0.357686967,-0.00894396,0.479569048,0.35027042,-0.0127421729,0.475956887,0.344199598,-0.0152927469,0.503351688,0.370043039,-0.00549620623,0.494942725,0.361545116,-0.0168473274,0.488753,0.36769709,-0.0197945368,0.486698359,0.374494016,-0.0185732134,0.514621079,0.371639162,-0.00933677796,0.505750895,0.367413193,-0.0196664017,0.501111865,0.374395698,-0.0183095448,0.50072962,0.380170703,-0.0141885467,0.526501477,0.374556899,-0.0137150055,0.518642962,0.371186405,-0.0192598738,0.514284194,0.375795543,-0.0168296322,0.514129817,0.380014122,-0.013230361
4266.666666666655,0.385232717,0.589039683,9.26175e-008,0.405688703,0.589823067,-0.0043185614,0.421161,0.594733953,-0.00680694776,0.432328194,0.601505399,-0.00857495051,0.442670614,0.606833458,-0.0100774802,0.415501267,0.604040861,-0.00694037508,0.431115836,0.614501595,-0.0104748514,0.439126909,0.620295882,-0.0122702625,0.445128888,0.624579489,-0.0132950097,0.405402124,0.607655048,-0.00717750378,0.420003146,0.618575752,-0.0100010708,0.428656429,0.624269128,-0.0119988155,0.434836447,0.628075898,-0.0133955106,0.395096391,0.609416425,-0.00768392207,0.406635851,0.619885087,-0.010900937,0.414769262,0.62552619,-0.0132567268,0.421096444,0.62937057,-0.014955231,0.38478905,0.609931588,-0.0083180517,0.38786906,0.617832899,-0.0118032238,0.390937984,0.622907639,-0.0134611754,0.394051313,0.627239823,-0.0143001573
4283.333333333322,0.51598686,0.403711,-8.51689279e-008,0.499083251,0.399599284,-0.00246276869,0.485887349,0.392020285,-0.00388468034,0.479997933,0.385689706,-0.00671470398,0.477503479,0.381286979,-0.00951964688,0.486791,0.377198189,0.000607694907,0.478676438,0.367219597,-0.00503546605,0.472683966,0.361612439,-0.00885232538,0.468187243,0.357323259,-0.0112820398,0.496468484,0.376777261,-0.0027288869,0.483731598,0.369973779,-0.0124648027,0.478168905,0.376131,-0.0153448628,0.477627724,0.382691234,-0.0144106261,0.506780446,0.378017724,-0.00690479856,0.49482438,0.374977559,-0.0162397362,0.4915815,0.382193655,-0.0150930882,0.492827594,0.388168126,-0.0112616559,0.517674863,0.380726367,-0.0115272505,0.507480681,0.378835618,-0.0165701061,0.503789365,0.383597672,-0.0143691963,0.504716754,0.387798667,-0.0109374505
4283.333333333322,0.384416342,0.588173568,8.56731432e-008,0.405567199,0.589110136,-0.00417480245,0.421526432,0.594686,-0.00623121904,0.43273443,0.601656199,-0.00777036417,0.443119347,0.606765628,-0.00906624924,0.41591391,0.603144944,-0.00545355212,0.430674464,0.613450706,-0.00936230272,0.438601881,0.619470716,-0.0118619958,0.444852233,0.624042749,-0.0134914946,0.405997932,0.60687536,-0.0059641432,0.419630915,0.617476821,-0.00907697901,0.428345382,0.623188913,-0.0116273724,0.435068786,0.627287209,-0.0134761203,0.395620316,0.608789384,-0.00687604118,0.406963825,0.619209409,-0.0102956994,0.41493246,0.624887,-0.0128702754,0.421281874,0.628780067,-0.0147160105,0.385085344,0.609341443,-0.00798305403,0.387995899,0.617263258,-0.0115998508,0.391188443,0.622435689,-0.0134403007,0.394432783,0.626793921,-0.0144457724
4299.999999999989,0.508110344,0.410055578,-9.66069678e-008,0.489177912,0.406258821,-0.00379405427,0.472989827,0.398818165,-0.00593111897,0.463191032,0.392084628,-0.00923876,0.455978215,0.385715395,-0.012498715,0.47370407,0.384276927,-0.000248203432,0.461789042,0.374705225,-0.00722204288,0.45427084,0.368852198,-0.012474779,0.447991252,0.364689291,-0.0158024188,0.48431775,0.382947564,-0.00270236027,0.469950259,0.381040484,-0.0135705471,0.465959966,0.387991786,-0.0173214488,0.465268433,0.394017667,-0.0173173118,0.495510787,0.383297116,-0.00626008213,0.480554879,0.383714616,-0.0160834733,0.478452,0.390828431,-0.0148085095,0.479377091,0.396474481,-0.0112665147,0.507759,0.385122299,-0.01043534,0.494505584,0.385549486,-0.0161140561,0.491076142,0.390949577,-0.0139793642,0.491579115,0.395440876,-0.0105774803
4299.999999999989,0.385594487,0.589921117,9.52871133e-008,0.406695873,0.590466917,-0.00379170477,0.422768772,0.594956279,-0.00615523756,0.4338651,0.601412773,-0.00781422853,0.443595529,0.606568158,-0.00922913291,0.417532414,0.603731632,-0.0075131557,0.432412237,0.614283323,-0.0110437432,0.440219879,0.620222032,-0.0126499077,0.446118265,0.624596775,-0.0135494508,0.406998843,0.607627392,-0.00799062,0.420998484,0.61829114,-0.010643621,0.429273516,0.623900414,-0.0122319087,0.43517983,0.627676308,-0.0134132346,0.396379679,0.609651625,-0.00863120705,0.407704443,0.619938314,-0.0116847754,0.415688604,0.625526965,-0.0137624592,0.42179504,0.629349053,-0.0153452903,0.386020422,0.610305429,-0.00934768189,0.388973624,0.617933273,-0.0128550483,0.392147034,0.623002,-0.0145043749,0.395282775,0.627370179,-0.0153577495
4316.666666666656,0.49807924,0.415367395,-6.74197054e-008,0.481361091,0.413385391,-0.00524299918,0.464255303,0.407382578,-0.00832744408,0.453410655,0.401570618,-0.0119795408,0.446656078,0.395397,-0.0156246275,0.462054372,0.392737031,-0.00366997137,0.449822336,0.383753598,-0.0117511991,0.439594626,0.377934366,-0.0177027453,0.430927068,0.373458058,-0.021725161,0.472486198,0.390859544,-0.0056822584,0.458358616,0.389173836,-0.0177505817,0.454693615,0.397193491,-0.0214410685,0.454522759,0.403867,-0.0210217033,0.484007716,0.391288638,-0.00871216878,0.470561862,0.392181128,-0.0194933861,0.468624353,0.400055915,-0.0176693555,0.469428688,0.405899823,-0.0134763932,0.496380746,0.393543273,-0.0123877432,0.484105229,0.394884706,-0.0192068797,0.481345743,0.400857836,-0.0169279873,0.482356161,0.405236691,-0.0131449876
4316.666666666656,0.385937,0.590157032,1.09388132e-007,0.407045782,0.590680659,-0.00385396136,0.423368841,0.595034599,-0.00613831822,0.434918642,0.601347506,-0.00776878139,0.444650799,0.606468618,-0.00921424199,0.418710142,0.602904141,-0.00719813071,0.433370709,0.613691211,-0.01106143,0.441077322,0.619704962,-0.0129286461,0.447029382,0.624251902,-0.0139336139,0.408121735,0.606764078,-0.0076507763,0.421452731,0.617861,-0.010555557,0.429469645,0.623799741,-0.0124283638,0.435538441,0.627986789,-0.0137723107,0.397358209,0.608857691,-0.00830958504,0.408359587,0.619355381,-0.0116743036,0.415920198,0.625094533,-0.0139589915,0.421927214,0.629131675,-0.0155662661,0.386863589,0.609620273,-0.00902473927,0.389752626,0.617623925,-0.0126801645,0.391968,0.622785866,-0.0143030509,0.394138277,0.627260804,-0.0150808273
4333.333333333323,0.488509178,0.421351671,-4.98584392e-008,0.474962562,0.420789,-0.00389716285,0.458086133,0.415143788,-0.0054003126,0.447920293,0.409583122,-0.00762271928,0.439170092,0.404998541,-0.0101583032,0.456364334,0.402162254,-0.00242978684,0.443839669,0.3942509,-0.00881767459,0.433966935,0.38880828,-0.0133837387,0.426279128,0.384738266,-0.0165365934,0.465506822,0.39978829,-0.00479808263,0.450154781,0.399310559,-0.0156172877,0.44791472,0.406965315,-0.0190513078,0.449679941,0.413123488,-0.0185644925,0.476333201,0.399704397,-0.00791733805,0.462074339,0.401607394,-0.01869932,0.461253881,0.409886599,-0.0177756492,0.46317935,0.41552043,-0.01395451,0.488434941,0.401337773,-0.0113529675,0.476594865,0.403496921,-0.0190496519,0.474902213,0.409385145,-0.017572822,0.476441503,0.413404852,-0.0141468132
4333.333333333323,0.386913657,0.589132249,1.17125666e-007,0.407788664,0.589859724,-0.00369421928,0.424258947,0.594403625,-0.00613958342,0.435481608,0.600723863,-0.00789837353,0.445610911,0.605917156,-0.00948528294,0.419460118,0.60305506,-0.00802734494,0.434372485,0.613592923,-0.0117568737,0.442366898,0.619580209,-0.0134731308,0.448400915,0.624116898,-0.0144427223,0.408737719,0.60652703,-0.00889668893,0.421651721,0.617392421,-0.0120309675,0.429378331,0.623492658,-0.0142127275,0.434826106,0.62787962,-0.0157752726,0.397981793,0.608127892,-0.00984111521,0.408581823,0.618566632,-0.0136103109,0.416039258,0.624619246,-0.0163479876,0.421818107,0.629091501,-0.0182884112,0.387659878,0.608508706,-0.010744147,0.390547454,0.61636591,-0.0149998134,0.393304229,0.621699154,-0.0169463754,0.395849,0.626414895,-0.01793346
4349.99999999999,0.489370972,0.428686,-1.11685296e-007,0.472752392,0.428224444,-0.00404279167,0.454158574,0.423373073,-0.00601747585,0.442172408,0.418082952,-0.0087557463,0.435913205,0.412853956,-0.0115471184,0.451057613,0.409460217,-0.00158680091,0.437835068,0.401899576,-0.00799850933,0.428312719,0.397320628,-0.0121765099,0.420395821,0.393996954,-0.0149914408,0.460842043,0.406839043,-0.00363352778,0.445230573,0.407074183,-0.0143952314,0.444276035,0.415023535,-0.0172231272,0.446636707,0.421351939,-0.0162491575,0.471883029,0.406592757,-0.0066045844,0.457092166,0.410254717,-0.0171589796,0.457450271,0.418283045,-0.0158533733,0.460047394,0.424137205,-0.0117621683,0.483933359,0.408225238,-0.0100095049,0.471435219,0.412243336,-0.0168451611,0.47017175,0.418069899,-0.0152634624,0.471814334,0.422389805,-0.0118641267
4349.99999999999,0.38773632,0.589291751,1.11467138e-007,0.409134507,0.58935982,-0.00370374206,0.42529127,0.594195127,-0.00568162557,0.436189234,0.600785613,-0.00688961195,0.445878386,0.605935514,-0.00785683934,0.420866162,0.602908492,-0.00738541735,0.436050564,0.613576412,-0.0105524436,0.444033027,0.619559526,-0.0116889114,0.450059056,0.62392205,-0.0121841198,0.410287917,0.606534183,-0.00774172647,0.423576802,0.617690623,-0.0101554915,0.431004971,0.623726904,-0.0116630886,0.436009049,0.627782404,-0.0127290804,0.399567544,0.6082744,-0.00821529236,0.410270751,0.6188429,-0.0113769779,0.417640179,0.624756813,-0.0138385193,0.423208684,0.628927,-0.015580005,0.389176428,0.608743429,-0.00867076218,0.3917723,0.616753876,-0.0123704337,0.394250572,0.62201792,-0.0142104281,0.396535933,0.626574457,-0.0151287019
4366.666666666657,0.489136547,0.435434639,-1.07833671e-007,0.471049666,0.43484953,-0.00410864362,0.454113543,0.430164874,-0.00655922154,0.443427593,0.425201297,-0.00997908879,0.434790611,0.420303673,-0.0135103,0.450839967,0.416125655,-0.00231435662,0.436337382,0.408448607,-0.00954818726,0.425639153,0.404043794,-0.0140455663,0.416703105,0.400478363,-0.0168963168,0.460477084,0.413168281,-0.00482415687,0.445249468,0.413505614,-0.0166470427,0.443345,0.421945572,-0.0199886076,0.445171088,0.428422183,-0.0191845354,0.470929772,0.412731916,-0.008254,0.457644522,0.418010533,-0.0192640387,0.45818907,0.426458299,-0.0180940721,0.46115315,0.432004333,-0.0140417451,0.482511729,0.414282203,-0.0121772569,0.471748382,0.419743955,-0.0184629261,0.471735924,0.425699413,-0.0164851751,0.474640608,0.429369062,-0.012949897
4366.666666666657,0.388425887,0.588421762,1.10292973e-007,0.409964323,0.589247823,-0.00331054162,0.426609695,0.593985856,-0.00540634105,0.437684536,0.600286245,-0.00703008333,0.446627408,0.60569334,-0.00850654393,0.421446085,0.60245949,-0.00697319582,0.43636927,0.612850845,-0.0111210747,0.444562942,0.618861854,-0.0133622987,0.450866759,0.623422563,-0.0147353699,0.410954833,0.606042385,-0.00810106564,0.423838288,0.616965,-0.0113755381,0.431227237,0.623090625,-0.0137028685,0.43655166,0.627519548,-0.0154206576,0.400038064,0.607758701,-0.00939509831,0.410653591,0.618316,-0.0133024706,0.417343199,0.624383748,-0.0158137586,0.422548264,0.628832102,-0.0175744593,0.389235973,0.608109593,-0.0106945895,0.391872227,0.615982771,-0.0149912145,0.394141108,0.621342,-0.0167735573,0.396219194,0.626045406,-0.017636627
4383.333333333324,0.492050946,0.439686418,-7.17450064e-008,0.475828379,0.439804107,-0.00384767214,0.457866311,0.435546607,-0.00612143381,0.446826905,0.430631042,-0.00925388,0.437989235,0.426498115,-0.012644073,0.454256088,0.422023535,-0.00336779817,0.438009501,0.415309221,-0.0107846279,0.42694205,0.41096139,-0.015409397,0.41793263,0.407137215,-0.01844633,0.46315819,0.419019401,-0.00618747203,0.447524399,0.420548916,-0.0190113969,0.447121978,0.429425538,-0.0227947459,0.450047463,0.435733199,-0.021924505,0.473472118,0.41851896,-0.00970866531,0.460918903,0.424592316,-0.0215212479,0.463088185,0.432869554,-0.0204605963,0.466363817,0.437541366,-0.0162052456,0.485043973,0.419687837,-0.013607393,0.475259513,0.425748885,-0.0207894389,0.476262033,0.431602657,-0.0188832246,0.479208231,0.434542447,-0.0151369255
4383.333333333324,0.390859157,0.58795625,1.12089879e-007,0.412021816,0.589049518,-0.00301491702,0.428119123,0.594142497,-0.00466037774,0.438705295,0.600520968,-0.00579429464,0.44839254,0.605350733,-0.00673377095,0.423369795,0.602400899,-0.00610875152,0.437838346,0.6127159,-0.00945700053,0.445629895,0.618777156,-0.0111465473,0.45156005,0.623295426,-0.0121323727,0.412779361,0.606025636,-0.00706646591,0.424931288,0.616806626,-0.00954647,0.43190667,0.622887969,-0.0114171859,0.436723322,0.627139032,-0.0128278416,0.401804864,0.607666731,-0.00816466566,0.411176324,0.617935419,-0.0114030149,0.417539269,0.623815119,-0.0136699975,0.422353864,0.628049493,-0.0153016988,0.390970141,0.607956648,-0.00924652,0.392862022,0.615742,-0.0129261129,0.394736558,0.621034205,-0.01443242,0.396446824,0.625641167,-0.0151365614
4399.999999999991,0.496281356,0.443775982,-4.78400608e-008,0.483538777,0.444119841,-0.00446556043,0.466550708,0.440548,-0.00688679,0.454987347,0.436419696,-0.00980555639,0.44498688,0.432559073,-0.0129350889,0.461506665,0.426534384,-0.00428400189,0.44566384,0.419855684,-0.0115528647,0.43393591,0.415328562,-0.0163383856,0.424811691,0.411946,-0.01951297,0.470336348,0.423385918,-0.00659010792,0.454410672,0.425527662,-0.018220216,0.453950971,0.43352747,-0.0217547417,0.456900716,0.439099312,-0.0211684182,0.480816424,0.422914654,-0.0096129952,0.468297869,0.428510249,-0.0207078028,0.470322222,0.435964972,-0.019507423,0.473655701,0.439810574,-0.0154396258,0.492325187,0.424269,-0.0130248331,0.481806368,0.429993153,-0.020413572,0.482642978,0.435236692,-0.0185399018,0.485928774,0.437530309,-0.0147596728
4399.999999999991,0.391880572,0.587451756,1.06563675e-007,0.413039148,0.588662326,-0.00305521977,0.428403139,0.594199896,-0.00443531806,0.438774049,0.600810647,-0.00534661813,0.448723018,0.605698228,-0.00610550214,0.423989445,0.602431655,-0.00516303023,0.438202322,0.612624526,-0.00817075465,0.445942402,0.61850208,-0.00965361949,0.451829672,0.62288332,-0.0104933381,0.413230121,0.605709553,-0.00604257407,0.425239116,0.616484821,-0.00846862886,0.432118446,0.622638643,-0.010609488,0.436740339,0.627038777,-0.0121601727,0.402202964,0.607089043,-0.00712525146,0.411534756,0.617600918,-0.0106899049,0.417939305,0.623751283,-0.0136847338,0.42278406,0.628298819,-0.015700506,0.391426504,0.607234895,-0.00814345,0.393136293,0.61529088,-0.012111499,0.394790262,0.620770037,-0.0141025893,0.396296263,0.625606418,-0.0151284486
4416.666666666658,0.510710418,0.446026653,-6.08367117e-008,0.49537617,0.446623504,-0.00394468103,0.477017611,0.442940444,-0.00632612593,0.465252221,0.438734114,-0.00945211202,0.456367284,0.43438074,-0.012700459,0.472618967,0.428809792,-0.00372305093,0.455333591,0.421889484,-0.0106657958,0.443149567,0.417260975,-0.0152873117,0.433316052,0.413704127,-0.0184320137,0.481270611,0.425930023,-0.00619508885,0.466721416,0.42737636,-0.0173994265,0.466143966,0.435375243,-0.0205388479,0.469072908,0.441242397,-0.0198635161,0.491493732,0.425592929,-0.00934192911,0.479637355,0.430801719,-0.0192711987,0.481611371,0.437875867,-0.0173184238,0.485386759,0.441799611,-0.0131761637,0.502870262,0.427048475,-0.012979107,0.492513567,0.431854308,-0.0188719183,0.492787361,0.437314332,-0.0161485299,0.495760828,0.440267533,-0.0121192597
4416.666666666658,0.391052306,0.588562,1.06339783e-007,0.411624521,0.589448035,-0.00353998668,0.427935421,0.594003141,-0.00563829672,0.438739926,0.600191951,-0.00721704,0.448356509,0.605378449,-0.00855566747,0.42429933,0.602531612,-0.00635535037,0.438548833,0.612611592,-0.00987384189,0.44607839,0.61841929,-0.0116067519,0.451776534,0.622766554,-0.0126109105,0.413909495,0.605867267,-0.00722245686,0.425816298,0.616651237,-0.00983195752,0.432329565,0.622606575,-0.0117402617,0.436737627,0.626793325,-0.013171304,0.402830809,0.607429147,-0.00834493898,0.41181621,0.617849529,-0.0117302379,0.418055713,0.623771071,-0.0142432535,0.42294,0.628047,-0.0160759035,0.391602397,0.607774854,-0.00949503,0.393061668,0.615444839,-0.01330614,0.39463532,0.620609879,-0.0150283463,0.396192312,0.625139773,-0.0159200411
4433.333333333325,0.520796657,0.44799456,-5.74103325e-008,0.506518841,0.448198348,-0.0038193725,0.489364058,0.443403721,-0.00594000239,0.478742868,0.438642114,-0.00871338,0.470782667,0.434444398,-0.0118153747,0.48606348,0.429772377,-0.00454174541,0.470177799,0.422878355,-0.0115853818,0.458019644,0.417824984,-0.0163843222,0.44859004,0.414197445,-0.0197091531,0.495898128,0.426829219,-0.00717759132,0.48234871,0.429451495,-0.0181229468,0.482628763,0.437454969,-0.0211585332,0.486017048,0.442971081,-0.0205315724,0.50723356,0.426888227,-0.0103871021,0.496082217,0.432825297,-0.0200532675,0.498181611,0.439756662,-0.01767396,0.501683533,0.44319126,-0.013365401,0.519373775,0.428819776,-0.0140849072,0.510072827,0.434017181,-0.0200428627,0.510036349,0.439186245,-0.0171296354,0.51222676,0.441543669,-0.0129888505
4433.333333333325,0.390266687,0.586657465,1.09314854e-007,0.41112712,0.58795917,-0.00316424249,0.427364826,0.593309224,-0.00494775269,0.437898815,0.599994361,-0.00628536101,0.447435439,0.605247915,-0.00746379467,0.422608316,0.601615369,-0.00627506757,0.436950862,0.611655176,-0.0100359386,0.445126057,0.617570162,-0.0120475627,0.451322496,0.622088253,-0.0132862972,0.41233623,0.604924679,-0.00747616123,0.42407921,0.615613282,-0.0104317246,0.431001514,0.621955395,-0.0127559388,0.435612798,0.626695216,-0.0144892363,0.401480496,0.606364131,-0.00885905325,0.41080448,0.616618514,-0.0126197692,0.417065,0.622694552,-0.0152510516,0.42168206,0.627327144,-0.0170980971,0.390477359,0.606553,-0.0102405855,0.39201954,0.614636064,-0.0143464068,0.393659532,0.620199442,-0.0161044318,0.395014286,0.62512815,-0.016988378
4449.999999999992,0.538896382,0.44765982,-3.21584039e-008,0.524408638,0.447949618,-0.00437382376,0.508337736,0.444283426,-0.00712622795,0.499192953,0.439870656,-0.0102671096,0.49420011,0.435847193,-0.0136671355,0.503092,0.430428088,-0.00664028665,0.489658266,0.422339886,-0.0137747768,0.479198903,0.416694254,-0.0192027036,0.470423758,0.412596345,-0.0231935941,0.513198435,0.427868873,-0.00925925374,0.504013598,0.429670304,-0.0188664123,0.505428612,0.437086433,-0.0211852882,0.508791804,0.442017913,-0.0209584888,0.525005102,0.428266823,-0.0124662807,0.517630517,0.43224445,-0.0205896292,0.519436061,0.438182741,-0.0174516868,0.522383213,0.441137373,-0.0135600865,0.537519217,0.430460036,-0.0163153149,0.530166864,0.433105677,-0.0213730466,0.530559957,0.437499523,-0.0176700316,0.532895327,0.439427882,-0.013479948
4449.999999999992,0.392985,0.590707541,8.71185364e-008,0.412144154,0.589997351,-0.00495005073,0.427503884,0.594263911,-0.00819045398,0.438085645,0.600740075,-0.0103684803,0.447174668,0.605827153,-0.0123995561,0.423199475,0.602204,-0.0121797221,0.437417895,0.612656,-0.017002346,0.444580674,0.618620515,-0.0190638192,0.449967831,0.623196959,-0.0202033315,0.412247807,0.605633259,-0.0126894535,0.424340636,0.616386235,-0.0165780708,0.431109756,0.622332036,-0.0186071265,0.435961246,0.626627088,-0.0201205537,0.401125491,0.607139528,-0.0131518785,0.410085112,0.617253661,-0.0176065825,0.416636318,0.623327136,-0.0200582184,0.421473086,0.627675474,-0.0217754468,0.3906174,0.607413828,-0.0136598293,0.392277181,0.614855409,-0.0184936412,0.393943578,0.620060146,-0.0203689,0.395186782,0.624450326,-0.0212585926
4466.666666666659,0.560355186,0.447885066,-3.8827725e-008,0.543908656,0.447231859,-0.00467312057,0.528061569,0.442599237,-0.00825059228,0.519372523,0.437810034,-0.0123099023,0.514506102,0.434433788,-0.0166339986,0.525583446,0.428754151,-0.00817592256,0.510698795,0.419329494,-0.0153645,0.500365615,0.413288653,-0.0205135103,0.49229306,0.408798397,-0.0242426917,0.536219895,0.427014142,-0.0107735135,0.522665,0.428632826,-0.0213826783,0.523318946,0.436478376,-0.0238548722,0.527939618,0.441227943,-0.0235470254,0.547609687,0.428057373,-0.0138553018,0.534472346,0.43087247,-0.022418566,0.533596575,0.437539726,-0.019509526,0.536508679,0.44114247,-0.0157385,0.558989584,0.430674195,-0.0175482519,0.548657596,0.432455093,-0.0230331067,0.54589951,0.437947214,-0.0198554173,0.547104597,0.441293627,-0.0160019062
4466.666666666659,0.390394,0.59033668,1.12782388e-007,0.410448492,0.590282202,-0.00398694957,0.42637229,0.594160318,-0.00700225588,0.436795473,0.600290298,-0.00934652798,0.44575122,0.605297208,-0.0115369102,0.421961,0.601831138,-0.00970364,0.43535459,0.611712694,-0.0145900613,0.442876428,0.617600739,-0.017096471,0.448629886,0.622175097,-0.0186515432,0.411755741,0.605018198,-0.0108127901,0.422660887,0.615317762,-0.0149176447,0.429270893,0.621596336,-0.0173385404,0.433912158,0.626394331,-0.0191475227,0.401104629,0.606669784,-0.0120019875,0.409686506,0.616663158,-0.0166355055,0.415544361,0.62285322,-0.0192556232,0.41996935,0.627637267,-0.0210741181,0.390271693,0.607116938,-0.0132025583,0.391549647,0.614664137,-0.0183805376,0.392606467,0.619811833,-0.0205107983,0.393457383,0.624408424,-0.021551881
4483.333333333326,0.591758192,0.443362087,-1.21631336e-008,0.575846,0.444913834,-0.00570087787,0.561087191,0.443744451,-0.0112451492,0.554017067,0.441919744,-0.0171418842,0.550445557,0.439819664,-0.0232512709,0.550874591,0.428416759,-0.0106603457,0.537454784,0.419576675,-0.0182655174,0.52778244,0.413671672,-0.024242932,0.52095741,0.409100026,-0.0287921745,0.561048746,0.426529974,-0.0133174732,0.552852333,0.428227603,-0.0242407788,0.552488506,0.434922278,-0.0276058335,0.555474699,0.439473778,-0.0284420419,0.573238075,0.427099615,-0.0164807644,0.56537658,0.429751933,-0.024804296,0.565077186,0.434909612,-0.0223591495,0.566828251,0.437796652,-0.0196227711,0.586228907,0.42900297,-0.020436842,0.580066264,0.430832267,-0.0259611476,0.579143763,0.43466866,-0.0230016485,0.579653144,0.436462075,-0.0196327046
4483.333333333326,0.388057262,0.589525402,1.2168492e-007,0.408417046,0.589590788,-0.00396526139,0.424944669,0.593685687,-0.00676001469,0.435822457,0.600004435,-0.00887337141,0.444893897,0.605184317,-0.0108620021,0.420087457,0.601045609,-0.00953792874,0.433771133,0.610859156,-0.0144426497,0.441791326,0.617095172,-0.0170819145,0.447738886,0.62195313,-0.0187537335,0.410071254,0.604556918,-0.0106348032,0.421292275,0.614742279,-0.0148415919,0.428375095,0.62123692,-0.0174116269,0.433413476,0.626274824,-0.0193034131,0.399680287,0.60641855,-0.0118051507,0.408547878,0.616297722,-0.0165736284,0.414797425,0.622410417,-0.019174384,0.419637144,0.627146482,-0.0209160037,0.389302194,0.607019961,-0.0129874991,0.391149402,0.614853501,-0.0182439368,0.392439663,0.620108783,-0.0203071255,0.393463552,0.624681413,-0.0212644171
4499.999999999993,0.612314343,0.444488764,-4.05653466e-008,0.597841263,0.44540441,-0.0041892929,0.581798,0.441910714,-0.00730242,0.575398684,0.436623067,-0.0108140893,0.573261797,0.431959331,-0.0143647427,0.576669872,0.427544653,-0.00498180417,0.567311347,0.419702351,-0.0111748241,0.56094867,0.414197445,-0.0161827412,0.556389689,0.409370691,-0.0201493837,0.586644888,0.425441742,-0.00754640112,0.579757,0.424979925,-0.0167353339,0.580649495,0.432242155,-0.0190498102,0.58369112,0.436420649,-0.0191327669,0.597341835,0.425697356,-0.0108610895,0.59025079,0.426173657,-0.0180058796,0.591246247,0.432459146,-0.0145077268,0.593761206,0.435326874,-0.0110655501,0.608573854,0.427574813,-0.0148970187,0.601352394,0.428030491,-0.0187904686,0.601560891,0.432653606,-0.0151257673,0.603568852,0.434237897,-0.0116588064
4499.999999999993,0.389130563,0.587659478,1.24422655e-007,0.409079552,0.588132918,-0.00355367246,0.424673319,0.593068063,-0.00607873593,0.434812546,0.599623263,-0.00792692415,0.443594396,0.604831576,-0.00972235668,0.41912961,0.601114273,-0.00933487434,0.432172239,0.611336648,-0.0138374651,0.439800501,0.617562056,-0.0161233228,0.445409596,0.622252882,-0.0174634699,0.40884465,0.604543209,-0.0104539422,0.420243144,0.615290761,-0.0142688481,0.427428186,0.621607542,-0.0166428369,0.432632118,0.626368463,-0.0182936806,0.398322403,0.606225967,-0.0115330564,0.407474339,0.616619945,-0.0159248188,0.413843602,0.62280035,-0.0184391234,0.418841958,0.627522886,-0.0201108456,0.388001561,0.606580436,-0.0125613231,0.389862686,0.614805102,-0.017425321,0.39095,0.620084226,-0.0191955194,0.391979605,0.624618232,-0.0199108459
4516.66666666666,0.61910516,0.446374416,-5.6012663e-008,0.608687818,0.443987936,-0.00599282933,0.59885931,0.437565804,-0.00985216,0.597313762,0.431002051,-0.013681842,0.601141155,0.42650944,-0.0173181891,0.60203737,0.424235612,-0.00816167053,0.593087,0.414727658,-0.0161390342,0.58734,0.40781948,-0.0218608212,0.583098888,0.40191108,-0.0259236768,0.612726927,0.423088,-0.00902754255,0.611575961,0.424661964,-0.0192111973,0.612243712,0.431224644,-0.0210758448,0.613050044,0.434628755,-0.0206090175,0.623296559,0.424536049,-0.0107094469,0.621912539,0.426436156,-0.018823266,0.620565355,0.432153404,-0.0153291896,0.620005727,0.434737563,-0.0114966221,0.633399546,0.427440941,-0.013296864,0.632182896,0.428883165,-0.0177037269,0.62948221,0.433259726,-0.0144627057,0.628731072,0.435163677,-0.0109188575
4516.66666666666,0.386747956,0.58713603,1.04014404e-007,0.406541705,0.587853312,-0.00391931459,0.422413141,0.592961788,-0.00624932,0.43285042,0.599776745,-0.00794128794,0.441945553,0.605446637,-0.00941992179,0.41716668,0.601278901,-0.00702952966,0.43092224,0.611545682,-0.0108439345,0.438356578,0.617542088,-0.0128399953,0.443993032,0.6221053,-0.013982201,0.40691027,0.60454756,-0.00783478469,0.418491244,0.615401566,-0.010797102,0.425485343,0.621484756,-0.0131035065,0.43076095,0.625960708,-0.0147287166,0.396326482,0.606132388,-0.00883989315,0.405735,0.616570711,-0.0122482199,0.412494719,0.622701466,-0.0147245331,0.417763859,0.627272546,-0.0164539032,0.385948122,0.606547,-0.00989592355,0.389139354,0.614590347,-0.0134114297,0.391235471,0.619948328,-0.0148127684,0.39286676,0.624654889,-0.0154577987
4533.333333333327,0.645513296,0.443847954,-5.06844593e-008,0.635332823,0.439177483,-0.00341829052,0.628162146,0.43160513,-0.0054924069,0.62751472,0.425057948,-0.0081407791,0.630343,0.420804,-0.0108355517,0.631207705,0.422340304,-0.00317655155,0.624674439,0.413068026,-0.0100046899,0.620062768,0.405445158,-0.015847588,0.615886509,0.399301857,-0.0201052967,0.641998887,0.422068328,-0.00501992,0.637896538,0.421045452,-0.0143640079,0.636201084,0.426498085,-0.0175322555,0.634489357,0.431343585,-0.0179687571,0.652596474,0.424025267,-0.00748188328,0.648044109,0.423954219,-0.0149101326,0.645374656,0.428883523,-0.0125107542,0.642543375,0.433223903,-0.0092979949,0.662398696,0.427383661,-0.0105840154,0.659354448,0.426713586,-0.0148740942,0.654184043,0.430414021,-0.0119438963,0.650036156,0.433813334,-0.00856835116
4533.333333333327,0.385745883,0.586707115,9.35929521e-008,0.406464785,0.587653399,-0.00339782913,0.421777725,0.592950165,-0.00563609507,0.431972384,0.599807739,-0.00724679232,0.440465033,0.605539918,-0.00872157328,0.416197717,0.601538956,-0.00765172951,0.430235535,0.6119923,-0.0116209118,0.437871218,0.618159115,-0.0136879971,0.443665147,0.622774601,-0.0148829902,0.405294657,0.604873478,-0.0086488761,0.417126179,0.615621,-0.011938218,0.42468825,0.621596336,-0.0143009042,0.43060115,0.625880539,-0.0158909392,0.394168645,0.606351137,-0.00966089,0.403870732,0.616754532,-0.0134277632,0.410914391,0.622858882,-0.0158287566,0.416634798,0.627284288,-0.017406391,0.383472055,0.606491327,-0.0106333485,0.386507124,0.614503622,-0.0144242477,0.388956636,0.619656,-0.0156540666,0.391264647,0.624039888,-0.0160469022
4549.999999999994,0.667175472,0.443715096,-3.38617561e-008,0.657306492,0.438777953,-0.00668781064,0.651605844,0.431373537,-0.0111684203,0.65371573,0.425276905,-0.0157012735,0.658010244,0.422021866,-0.0198599193,0.655225396,0.420323342,-0.00700996257,0.651362598,0.409116805,-0.0155228,0.650218129,0.401617855,-0.0218443777,0.649528503,0.39535445,-0.0261894055,0.666418,0.421154559,-0.00817243382,0.66845727,0.419370949,-0.0205200855,0.666337669,0.426344275,-0.0240248535,0.663128853,0.430850565,-0.0239688605,0.677003562,0.423193097,-0.0103143323,0.678668141,0.422403514,-0.0203263052,0.674745917,0.428458422,-0.0177261382,0.670732379,0.431720108,-0.0138635579,0.686759,0.426330328,-0.0133446977,0.688962817,0.425228745,-0.0188398436,0.683279037,0.429964781,-0.0156791545,0.678243935,0.432551712,-0.0120168924
4549.999999999994,0.387859315,0.59117955,6.22620675e-008,0.406103283,0.5904302,-0.0054364535,0.421589613,0.594114721,-0.00922055822,0.431932777,0.60051918,-0.0119714485,0.439962476,0.606155276,-0.0144882351,0.416317,0.603091538,-0.0120432945,0.430391282,0.613226,-0.0167291835,0.43728441,0.618624032,-0.0187050384,0.442310452,0.622845352,-0.0198270157,0.406026512,0.606285,-0.0123975817,0.418739319,0.616656482,-0.0164435934,0.425752133,0.622342408,-0.0184317473,0.430539519,0.626643,-0.0198918488,0.395475447,0.607717574,-0.0128106987,0.405293614,0.617584944,-0.0175895672,0.411684692,0.623168826,-0.020032322,0.416464895,0.627441943,-0.021674104,0.385210425,0.608113945,-0.0133125205,0.387292266,0.615392208,-0.018376451,0.388928175,0.620358109,-0.0202989299,0.390190125,0.624785,-0.0212065075
4566.666666666661,0.685906947,0.444532424,-3.42753523e-008,0.674397409,0.43913725,-0.00519612152,0.668515086,0.430474341,-0.00891345553,0.673371494,0.423607945,-0.0131156584,0.681025088,0.419439703,-0.0170644503,0.673703432,0.418985248,-0.0063688457,0.674206316,0.40683198,-0.0149596687,0.67657584,0.398904324,-0.0210485738,0.67848891,0.392218173,-0.0251837503,0.685091734,0.420251369,-0.00837100297,0.688970447,0.417074472,-0.021158753,0.686348677,0.423882931,-0.0247721747,0.6837008,0.428188652,-0.0244734604,0.696002662,0.422855914,-0.0111325895,0.698444545,0.42154789,-0.0214984138,0.693411,0.427377433,-0.0192850512,0.689679325,0.430360466,-0.0153803769,0.705861628,0.426690876,-0.0145621076,0.707250416,0.425364912,-0.0202296376,0.701086164,0.429741293,-0.0171519052,0.696384549,0.431968629,-0.0133193396
4566.666666666661,0.381772876,0.589054286,1.00393862e-007,0.402224571,0.589009166,-0.00382486265,0.418984026,0.593158841,-0.00666570198,0.430098534,0.599885881,-0.00876069,0.438091218,0.605602801,-0.0106688645,0.413395822,0.600749373,-0.00955268182,0.426995873,0.611238301,-0.0142528228,0.434684783,0.61733681,-0.0164220054,0.440397024,0.621932209,-0.0176028833,0.403163821,0.604277909,-0.0105167609,0.41527614,0.615210235,-0.0143937767,0.422763109,0.621606,-0.0166252889,0.42822355,0.626248896,-0.0181290917,0.392779946,0.60613209,-0.0114893205,0.402711064,0.616364717,-0.01568003,0.409632683,0.622438252,-0.0180859864,0.414983779,0.627062201,-0.0196367726,0.382537097,0.606841147,-0.012434341,0.385935158,0.614595771,-0.0168408621,0.388269037,0.619680762,-0.0184712559,0.390063107,0.624146461,-0.0191177018
4583.333333333328,0.701269507,0.44261,-4.03847586e-008,0.690958202,0.436090559,-0.00535109965,0.68673265,0.427315265,-0.00944463722,0.693003654,0.420836031,-0.0141982846,0.703287959,0.417705,-0.0186443403,0.693244219,0.41554594,-0.00549061876,0.694880366,0.404322,-0.0132293859,0.698613,0.397639066,-0.0181175023,0.702971578,0.391975433,-0.0213499833,0.705354571,0.416583747,-0.00730258552,0.708022773,0.416343719,-0.0191934519,0.703874946,0.422871351,-0.0222072043,0.701594,0.42697823,-0.0214392897,0.715904057,0.419855207,-0.00994627,0.715526462,0.421967804,-0.0195744708,0.710236847,0.427487403,-0.0175938476,0.707902372,0.429958165,-0.013796038,0.724995852,0.424372762,-0.0133631611,0.723173082,0.426300466,-0.0181213096,0.716873586,0.430409253,-0.0154732876,0.713514209,0.431954741,-0.0119460952
4583.333333333328,0.381025881,0.589268565,1.16914109e-007,0.401772588,0.589153409,-0.0038743671,0.418401837,0.593231559,-0.00650912244,0.429445148,0.599855423,-0.00828910246,0.43794471,0.605624139,-0.00990669522,0.412632048,0.601486206,-0.00915188342,0.426681459,0.611594617,-0.0129992748,0.434260637,0.617595851,-0.0146867232,0.439682,0.622148812,-0.0155709237,0.402316034,0.605102122,-0.00976262055,0.415373415,0.615543127,-0.0125994133,0.4232243,0.621650159,-0.0144739579,0.428624511,0.626075208,-0.0158559103,0.391824692,0.606950581,-0.0103341956,0.402201623,0.616707,-0.0136831272,0.409537137,0.62251091,-0.016035853,0.415027082,0.626851678,-0.017744571,0.381834328,0.60760349,-0.0108716944,0.385219693,0.614917338,-0.0146017727,0.387485683,0.619791389,-0.0160677023,0.38918826,0.624065936,-0.0167223774
4599.9999999999945,0.711948276,0.442706704,-3.14648183e-008,0.702163458,0.436786413,-0.00759130949,0.69929415,0.428091526,-0.0126243848,0.706201434,0.421279639,-0.0176543873,0.71367085,0.416543245,-0.0221109316,0.705176,0.415890306,-0.00769163808,0.708985448,0.404571265,-0.0156582668,0.713858306,0.398276389,-0.020621445,0.718380809,0.392613947,-0.0238834545,0.715897918,0.41794914,-0.00848778524,0.726022124,0.415530592,-0.0218876526,0.723042727,0.423850894,-0.0252280664,0.717747748,0.429185182,-0.0242500305,0.725363255,0.421121359,-0.0101746311,0.733153582,0.42041713,-0.0218980573,0.728420556,0.427507252,-0.0196787063,0.722557485,0.431123078,-0.0150908465,0.733138,0.425306022,-0.012560687,0.740136385,0.424151301,-0.0190393254,0.735259116,0.42903468,-0.016120892,0.72923851,0.431513369,-0.0120767383
4599.9999999999945,0.382482,0.587536275,1.15120649e-007,0.402589411,0.588364601,-0.00417124759,0.418269873,0.592719138,-0.00723824557,0.428655028,0.599611044,-0.00949923508,0.436935127,0.605511844,-0.0116346916,0.41159451,0.601341665,-0.00979197305,0.425520837,0.611797512,-0.0143635562,0.433327466,0.617700875,-0.0165846385,0.43916738,0.622140825,-0.017822545,0.401471585,0.604634404,-0.0106445048,0.414375544,0.615328848,-0.0145604638,0.422659308,0.621498823,-0.0170715172,0.428741962,0.625989556,-0.0187732335,0.39135918,0.606082261,-0.0115090869,0.401089132,0.616259098,-0.0158797652,0.408552736,0.622377872,-0.0186964739,0.41435793,0.626939535,-0.0205643624,0.381542683,0.606288493,-0.0123560093,0.384028792,0.614166439,-0.0169953741,0.386339337,0.619413733,-0.0189077631,0.38844654,0.62402153,-0.019771466
4616.6666666666615,0.713776231,0.442869335,-2.59062354e-008,0.704976261,0.437239826,-0.00832764897,0.702828467,0.429063201,-0.0137062166,0.710205495,0.422670811,-0.0189467147,0.717051685,0.417528242,-0.0235200711,0.710296154,0.415736437,-0.00836702,0.714762092,0.404559553,-0.0165514927,0.719661772,0.398214221,-0.0217479635,0.724333227,0.392548323,-0.0251973569,0.72141844,0.417738199,-0.00881143,0.730370045,0.416426212,-0.0224029012,0.726588547,0.424717426,-0.0260123219,0.721409857,0.429828316,-0.0253107529,0.730650604,0.421214461,-0.0102039203,0.7380265,0.421256244,-0.0219751541,0.732428491,0.428102255,-0.0199102275,0.726365387,0.431438714,-0.0155363148,0.738020957,0.425730765,-0.0124252532,0.745148361,0.425209075,-0.0194488037,0.739511192,0.429841906,-0.0171288438,0.732917786,0.43210122,-0.0134272873
4616.6666666666615,0.381862074,0.586452246,9.335605e-008,0.40237698,0.587477744,-0.00391757116,0.41792959,0.592470288,-0.00646988209,0.427984625,0.599384546,-0.00837709475,0.436144173,0.60515666,-0.0101343505,0.411741883,0.601117432,-0.0077133961,0.424808204,0.611381233,-0.0121305156,0.43199724,0.617262423,-0.0145729929,0.437397838,0.621733844,-0.0159618072,0.401343316,0.604569256,-0.00856048,0.413541555,0.615244627,-0.012263651,0.42168808,0.621307,-0.0149499821,0.427930802,0.625792801,-0.0167523175,0.390922368,0.606239676,-0.00955304317,0.400342911,0.616484523,-0.0136013338,0.40775758,0.622482061,-0.0162872169,0.413710147,0.626866579,-0.0180098508,0.380757689,0.606550217,-0.0105760451,0.38361758,0.614469469,-0.0144863073,0.386359781,0.619537,-0.0159673113,0.38893652,0.623882353,-0.016555788
4633.3333333333285,0.71259135,0.442697763,-6.13473894e-009,0.702525377,0.437784851,-0.00781924929,0.700107396,0.429285645,-0.0123653635,0.707895041,0.423064709,-0.0165962931,0.716598749,0.419081897,-0.0201726388,0.707713962,0.417918891,-0.00713879336,0.711760104,0.406953335,-0.0145571567,0.716152966,0.400571018,-0.0194840077,0.720083177,0.395050228,-0.0228342488,0.718890131,0.41998893,-0.00737692835,0.727329075,0.417581618,-0.0194599759,0.724640131,0.425615191,-0.0225113146,0.720011,0.430455536,-0.0216954462,0.728683352,0.423152179,-0.00852843374,0.735992849,0.421624124,-0.0193142612,0.730670929,0.428454638,-0.0167445764,0.724602938,0.431870252,-0.0122326491,0.736609638,0.427191287,-0.0104128141,0.744080842,0.42512235,-0.0170721672,0.738756537,0.429833084,-0.0141809499,0.732327819,0.432208061,-0.0101789217
4633.3333333333285,0.379738271,0.58598268,8.97334473e-008,0.400659591,0.587025285,-0.0041318126,0.416804522,0.592103839,-0.00659319293,0.427409202,0.599173546,-0.00839746557,0.435849488,0.60519135,-0.00996026117,0.410589874,0.600327551,-0.00724901864,0.424344301,0.610807121,-0.01134538,0.432067901,0.616825163,-0.0135453371,0.437992305,0.621349692,-0.0148023581,0.400087774,0.603946567,-0.0078596957,0.412776351,0.61468792,-0.0111731254,0.420965582,0.620791793,-0.0136649385,0.427197397,0.625311852,-0.0153886471,0.389678,0.605905652,-0.00867453776,0.400281578,0.616224587,-0.0123887528,0.407917053,0.622310042,-0.0150153069,0.413889855,0.626707494,-0.0167814046,0.379633307,0.606580853,-0.00956360716,0.383084834,0.614574671,-0.0132704172,0.385706842,0.619857728,-0.014829509,0.387948364,0.624343872,-0.0155253466
4649.999999999995,0.707943857,0.444286853,-3.03014218e-008,0.6972453,0.4387348,-0.00623343326,0.694564939,0.430165887,-0.00969603937,0.702127218,0.424170822,-0.0129928933,0.709847093,0.42015481,-0.015731886,0.702614,0.419751197,-0.00614126166,0.705052555,0.409383386,-0.0134847229,0.708431542,0.403139383,-0.0184726417,0.711304963,0.39760989,-0.0218584742,0.713941455,0.421502113,-0.00685293181,0.720223665,0.418567657,-0.0177669395,0.718310297,0.426325113,-0.0204359889,0.714678288,0.431009531,-0.0196988657,0.723903477,0.424345821,-0.00841451716,0.72945416,0.423066646,-0.0179997906,0.724923,0.429534584,-0.0153533947,0.720264,0.432777196,-0.0111539466,0.732279956,0.42811,-0.0106467484,0.738706052,0.426344275,-0.0164053347,0.733365715,0.430909336,-0.0135067096,0.727727,0.433304638,-0.00979022682
4649.999999999995,0.38180548,0.58609885,9.61573434e-008,0.401822418,0.587470651,-0.0033358254,0.417360663,0.592452884,-0.00566404266,0.427791387,0.599175394,-0.00743228,0.435733885,0.605112553,-0.00895160343,0.411046147,0.600619137,-0.00700176693,0.424673229,0.611306548,-0.0107345767,0.431955516,0.617221475,-0.0123531381,0.437338501,0.621644378,-0.0131113995,0.400726497,0.603964686,-0.00771640893,0.413643479,0.615058362,-0.0107490588,0.421518832,0.6211586,-0.012592854,0.427260727,0.625465333,-0.0137637593,0.390427798,0.60571754,-0.00853944756,0.400647879,0.616182446,-0.0118690338,0.408153206,0.622121811,-0.01393943,0.414162248,0.62634021,-0.0152696436,0.380288303,0.606338918,-0.00935651362,0.383693933,0.614505112,-0.0126357554,0.386832595,0.619695187,-0.0138071552,0.389983743,0.624051452,-0.0142053198
4666.666666666662,0.704505682,0.446569502,-2.92992883e-008,0.692250609,0.442737728,-0.00645511784,0.685377121,0.434657902,-0.010509084,0.688774,0.427432597,-0.0144592114,0.696941316,0.423566431,-0.0179658215,0.693051279,0.423857152,-0.00688910112,0.693261743,0.412836224,-0.0141941523,0.695168078,0.406245381,-0.0188600942,0.697208583,0.40079093,-0.0220649932,0.704655349,0.424863309,-0.00777618354,0.708157301,0.421767622,-0.0194741711,0.706489325,0.429177344,-0.0220175441,0.703649282,0.434434086,-0.0209481493,0.715222,0.42718491,-0.00951376557,0.718313932,0.425896704,-0.0195064396,0.714410603,0.432157516,-0.0168467704,0.710316896,0.435693443,-0.012561081,0.724635541,0.430540681,-0.0119439522,0.728692591,0.428672,-0.0180503465,0.723185539,0.433373034,-0.0153750442,0.717835546,0.436154336,-0.0117921922
4666.666666666662,0.38234967,0.585625768,8.64025154e-008,0.40228793,0.587033749,-0.00371234631,0.417501628,0.592151225,-0.00616623461,0.427318037,0.599076807,-0.00802077819,0.435420632,0.604915619,-0.0096607348,0.41069752,0.600604653,-0.00724436389,0.424003214,0.611048222,-0.0112085287,0.431347132,0.616872311,-0.0132715339,0.43687287,0.62124294,-0.014404485,0.40030843,0.603852212,-0.00797212496,0.413002938,0.614675522,-0.0112076355,0.421356201,0.620706499,-0.0135275228,0.42771697,0.625162482,-0.0150883319,0.389945626,0.605512,-0.00882831123,0.400274932,0.615854263,-0.0123818927,0.407960176,0.621814609,-0.0148406196,0.41413,0.626099229,-0.0164704192,0.379671216,0.606044471,-0.00972401,0.382657886,0.613987803,-0.0132089546,0.385399312,0.619009316,-0.0145662129,0.387981653,0.623269737,-0.015108916
4683.333333333329,0.695115507,0.450190961,-4.34478338e-008,0.68279326,0.445418775,-0.00596587732,0.674537301,0.437994778,-0.0098715974,0.675756037,0.431678623,-0.0139532173,0.682015657,0.427119851,-0.0175305475,0.681255043,0.425641745,-0.00490523968,0.680188775,0.41587919,-0.0115161957,0.680850446,0.409712255,-0.0158857517,0.682065129,0.404675305,-0.0188799091,0.693528831,0.425879419,-0.00585955,0.696202338,0.424580544,-0.0168615784,0.694755852,0.431835,-0.0197503883,0.692067504,0.43741414,-0.0189292524,0.704751968,0.427819759,-0.00772668701,0.706501603,0.428824157,-0.0168730542,0.703133404,0.434904605,-0.014909734,0.699525654,0.438800544,-0.011150361,0.714780629,0.43103224,-0.0103322528,0.716610968,0.431654423,-0.0155638261,0.711783,0.43598029,-0.0135001699,0.707310736,0.438620895,-0.0103714587
4683.333333333329,0.380222797,0.585492253,7.77390738e-008,0.401251584,0.586015582,-0.00371893449,0.416669875,0.591404676,-0.00587591855,0.426728278,0.59873414,-0.00731444,0.4349,0.604643226,-0.00849250238,0.409876794,0.599979401,-0.00709046656,0.423362821,0.610705316,-0.0108272918,0.431119174,0.616748095,-0.0127162086,0.436979026,0.621185839,-0.0137277897,0.399234504,0.603764474,-0.00755163888,0.412369221,0.614697516,-0.0104205506,0.420931697,0.620785952,-0.0124528036,0.427345693,0.625175416,-0.0138313277,0.388928652,0.605777502,-0.00812740438,0.399762332,0.616197705,-0.0113420272,0.407562405,0.622117639,-0.0135490922,0.413624942,0.626286089,-0.0150091387,0.379167944,0.606474817,-0.0087558087,0.382859558,0.614328086,-0.0119743254,0.38596943,0.619268537,-0.0131938206,0.388740838,0.623357117,-0.0136122899
4699.999999999996,0.686665356,0.454277545,-5.44558247e-008,0.674754143,0.449397773,-0.00550238509,0.666591346,0.441972375,-0.00895068422,0.666758835,0.435382664,-0.0128452759,0.671043694,0.43065685,-0.0164059568,0.669388,0.429693311,-0.00362332561,0.666306436,0.420102388,-0.0101522049,0.665944874,0.414099962,-0.0143481661,0.66624105,0.408969849,-0.0170969721,0.681345344,0.429515362,-0.00495867245,0.683545589,0.426508576,-0.0163524859,0.683724284,0.43428874,-0.0192271937,0.68227464,0.440953642,-0.0180546287,0.693087,0.430864334,-0.00723397546,0.695021451,0.431519568,-0.0169590414,0.693002045,0.43852973,-0.0149000064,0.690220952,0.443667561,-0.010621259,0.704217732,0.43359971,-0.0102420915,0.706296086,0.433754295,-0.0153369447,0.702218,0.438864052,-0.0129104806,0.69802922,0.442608088,-0.00942812581
4699.999999999996,0.380592972,0.585217655,8.88391796e-008,0.401337296,0.585830033,-0.00348855602,0.416767508,0.591183,-0.00552075263,0.427016407,0.59856385,-0.00682608085,0.434758186,0.604675233,-0.00782349706,0.409738898,0.599484801,-0.00723531,0.423995376,0.610811472,-0.0107114995,0.431652069,0.616905689,-0.0119242175,0.437273592,0.62129283,-0.0123032369,0.398954213,0.603167355,-0.00751277339,0.412901908,0.61465162,-0.0103170462,0.421344876,0.620883584,-0.0118783638,0.427331328,0.625286102,-0.0127628166,0.388678461,0.605234265,-0.00784995407,0.400092304,0.616009593,-0.0110104401,0.407914609,0.621988595,-0.0129886949,0.413839251,0.62617135,-0.0141611863,0.379025489,0.606116295,-0.00818457641,0.382778913,0.614342868,-0.0112514542,0.385642558,0.619437814,-0.012381861,0.388277203,0.623700261,-0.0126716904
4716.666666666663,0.678726196,0.457087278,-6.14673468e-008,0.666091084,0.453214049,-0.00688386103,0.655629158,0.446929306,-0.0115864072,0.652752638,0.440979689,-0.0163133033,0.657044828,0.435930192,-0.0206597876,0.659500122,0.432827115,-0.00645200489,0.654879332,0.423929274,-0.0139288213,0.652497172,0.418545276,-0.0185719,0.650624692,0.413770735,-0.0216380637,0.671914637,0.432036459,-0.00761149125,0.673222065,0.43054837,-0.0201363955,0.674211085,0.438984692,-0.0230143,0.673091769,0.445256948,-0.0216587894,0.683979273,0.43339026,-0.00975772,0.685840905,0.435706377,-0.0208145436,0.684379041,0.443362206,-0.0186719093,0.681756,0.448004544,-0.0141094541,0.695294201,0.436298907,-0.0126725538,0.696952879,0.438391089,-0.0189308953,0.692993045,0.444462061,-0.0165665876,0.689013958,0.44800511,-0.0128677208
4716.666666666663,0.38132748,0.585007668,8.31662845e-008,0.40186286,0.586349845,-0.00308347936,0.417088211,0.591636717,-0.0053204759,0.427302182,0.598598599,-0.00700463168,0.434846848,0.604613,-0.0084669916,0.409824044,0.599573493,-0.00718661956,0.423283219,0.610578775,-0.0110210283,0.430869251,0.616623819,-0.0127654774,0.436514974,0.621068537,-0.0136272898,0.399052918,0.603271425,-0.00789210666,0.412425846,0.614481091,-0.0108327391,0.420835525,0.620626271,-0.0127092116,0.427038431,0.6249789,-0.0139856925,0.388639063,0.605317414,-0.00862213597,0.39981252,0.615836382,-0.0117269745,0.40769124,0.621785522,-0.0137844924,0.413890153,0.62586844,-0.0151805468,0.378864497,0.606097,-0.00934119,0.382442266,0.614018679,-0.012409308,0.385693371,0.619107246,-0.0136566879,0.38874951,0.623341441,-0.0141411219
4733.33333333333,0.675345838,0.461091787,-9.48429317e-008,0.662157595,0.457998961,-0.00648966618,0.651158035,0.451680571,-0.0107569918,0.647478342,0.445744097,-0.0151875056,0.649682105,0.440198123,-0.0192412939,0.65395987,0.437410921,-0.00508300541,0.647407115,0.428885698,-0.0122695295,0.643552959,0.423702866,-0.0169966426,0.640317678,0.419108599,-0.0202113278,0.666058123,0.43622455,-0.00637340033,0.664028704,0.434539825,-0.0184786227,0.664761364,0.44302544,-0.0214847978,0.664282918,0.449758232,-0.0203651525,0.678280175,0.437434137,-0.00866223685,0.677698612,0.438554734,-0.019955527,0.675964534,0.446779162,-0.0178978834,0.673510194,0.45239231,-0.0132792313,0.690317929,0.440237463,-0.011591278,0.690249622,0.440324455,-0.0184912235,0.686599553,0.446371078,-0.0161055271,0.683197081,0.450625211,-0.0122338757
4733.33333333333,0.381004035,0.585362,8.17581878e-008,0.401690841,0.586189032,-0.00342564471,0.417216092,0.591448605,-0.00538653275,0.427345067,0.598686516,-0.00675124815,0.435560912,0.604581892,-0.00773978932,0.410595328,0.600138783,-0.00597262336,0.424368888,0.610825539,-0.00946861506,0.431569636,0.616768599,-0.0110452911,0.436831087,0.621086299,-0.0117499102,0.400371671,0.603696167,-0.00646096561,0.413825542,0.614774346,-0.00923324376,0.421785653,0.620827,-0.0109020919,0.427363276,0.624968648,-0.0118720066,0.390321374,0.605564177,-0.00715956418,0.401214719,0.616112173,-0.0103511494,0.408586651,0.621827841,-0.0122834295,0.414105952,0.625684738,-0.013399682,0.380493701,0.606190741,-0.00793100707,0.383782804,0.614422202,-0.0111359553,0.386707336,0.619520962,-0.0123920254,0.389462829,0.623734713,-0.0127594573
4749.999999999997,0.675792277,0.463342577,-6.45453326e-008,0.663713515,0.461942732,-0.00672791712,0.651386321,0.456012696,-0.0102557437,0.646685719,0.449811667,-0.0134559441,0.647073269,0.444221377,-0.0161936861,0.652397752,0.442016631,-0.00478238054,0.644905865,0.434145063,-0.0113367019,0.640898347,0.429060876,-0.0154419495,0.637718,0.424921215,-0.018163491,0.664679408,0.440334946,-0.00523137162,0.661102653,0.438346297,-0.0161316488,0.662234604,0.447133213,-0.0183173679,0.662627935,0.453594178,-0.0165749565,0.677142441,0.441214085,-0.00669527799,0.67413,0.442921102,-0.0169360787,0.67331779,0.450630844,-0.0148651293,0.672093511,0.455485076,-0.0102603398,0.689090729,0.443778247,-0.00875784643,0.686108053,0.445173055,-0.0150436424,0.683746696,0.450535357,-0.0129347751,0.682148755,0.453744382,-0.00924383197
4749.999999999997,0.380989313,0.583878219,7.94506434e-008,0.402095616,0.584917,-0.00317446026,0.417211413,0.590816498,-0.00479661115,0.427131742,0.598388,-0.00588569883,0.435395092,0.604347169,-0.00664700102,0.410547525,0.599789619,-0.00492714,0.424141288,0.610470653,-0.00806629844,0.431648105,0.616449177,-0.00964624435,0.437084466,0.620922863,-0.0104295285,0.399858594,0.603459,-0.00551314,0.413039953,0.61427474,-0.00787401292,0.421508193,0.620377541,-0.00982537493,0.427711248,0.624884486,-0.0110789081,0.389445335,0.605324209,-0.00628266251,0.400121599,0.615730047,-0.00914384797,0.407789379,0.621678889,-0.0113137355,0.413893938,0.625997066,-0.0126887802,0.37943849,0.605873585,-0.007093166,0.3829889,0.613837361,-0.00984947,0.386253119,0.618922472,-0.0108555425,0.389423639,0.623191535,-0.0111135067
4766.666666666664,0.679054141,0.467822105,-7.99078492e-008,0.66628474,0.465739071,-0.00696693221,0.654271424,0.459903389,-0.0113352872,0.649930179,0.453524083,-0.015674388,0.65154618,0.447869152,-0.0196509436,0.654832542,0.446427912,-0.00625931704,0.647790253,0.438054025,-0.0139727509,0.643341184,0.433119118,-0.0186433,0.63941735,0.428907126,-0.02163071,0.667177,0.445179492,-0.00731906109,0.66422677,0.442455828,-0.019938061,0.665482,0.450810134,-0.0230789445,0.66574347,0.45709765,-0.0217530727,0.679534912,0.446047664,-0.00934396405,0.677802324,0.446979553,-0.0212352537,0.676615655,0.455000788,-0.0197666623,0.674335,0.46004951,-0.0152571127,0.691591859,0.448409,-0.0119236289,0.69091326,0.448919803,-0.0190633833,0.688847184,0.454561502,-0.0170069654,0.686423659,0.458090842,-0.0132471472
4766.666666666664,0.380604804,0.585035801,8.28884552e-008,0.402034402,0.586415827,-0.00344361668,0.41785109,0.591436863,-0.00553439278,0.428138,0.59851259,-0.00712779304,0.435900748,0.604599774,-0.00836574845,0.41091767,0.599688172,-0.00568676181,0.424842477,0.610497892,-0.00927126687,0.432311743,0.616470337,-0.0109854024,0.437848479,0.620933,-0.0118399123,0.400402486,0.603381753,-0.00626092,0.413600922,0.614362478,-0.00911163,0.421871096,0.62054044,-0.0110621704,0.427854538,0.624948144,-0.0123512335,0.39006108,0.605426967,-0.00708187418,0.400852501,0.615667284,-0.0102579482,0.408269286,0.621559441,-0.012297295,0.41396597,0.625632286,-0.0135849724,0.380173087,0.606256723,-0.00799638871,0.384022325,0.614127159,-0.0110234125,0.38710928,0.61918807,-0.0121644242,0.389948696,0.623420894,-0.0125435805
4783.333333333331,0.688684702,0.472508669,-1.11812788e-007,0.675791919,0.470718801,-0.00547192851,0.663815439,0.464195371,-0.0084611075,0.660229325,0.457648128,-0.0116106374,0.661229491,0.452560216,-0.0146441264,0.663946927,0.450842381,-0.00515832053,0.65747565,0.442675948,-0.0113366386,0.653621137,0.43767193,-0.0153056597,0.649677753,0.43330884,-0.0180802494,0.676042497,0.449471861,-0.00648650853,0.674815,0.447961777,-0.0170780569,0.675868273,0.455550581,-0.0196283534,0.675325215,0.461383969,-0.018571781,0.687983,0.450357437,-0.00853570644,0.687272429,0.451870769,-0.0183410794,0.686443567,0.459327906,-0.0165909361,0.684416,0.46409288,-0.0127112251,0.699296176,0.452782512,-0.0111259911,0.699008882,0.453760296,-0.0172251035,0.69651252,0.459793895,-0.0150478519,0.693934917,0.463770062,-0.0116293393
4783.333333333331,0.382177621,0.583281457,8.70149677e-008,0.403134435,0.584625721,-0.00338021317,0.418432444,0.590653956,-0.00494596735,0.428156,0.598139226,-0.00598047953,0.436291665,0.60417,-0.0067666336,0.411691904,0.599539876,-0.00493528973,0.424877405,0.610118389,-0.0081964191,0.43222025,0.61608243,-0.00999279227,0.437706262,0.620578408,-0.0109810978,0.400958,0.603067398,-0.00553653901,0.413511306,0.613851368,-0.00816075876,0.421731085,0.620058477,-0.0105063869,0.42785728,0.624678135,-0.0120524485,0.390407622,0.604765654,-0.00635824632,0.400720626,0.615125895,-0.00954108778,0.408169091,0.621184,-0.0121537922,0.414177924,0.625608087,-0.0138344523,0.38020733,0.605148,-0.00721917953,0.383253038,0.613249779,-0.0104340445,0.386217684,0.618456304,-0.0118835531,0.389099777,0.622846365,-0.0124522634
4799.999999999998,0.697939098,0.477692068,-1.02131452e-007,0.68639183,0.47595039,-0.00617228774,0.675034404,0.470151544,-0.010488946,0.670814157,0.464613676,-0.0149177173,0.669724,0.460275561,-0.0192370098,0.676901102,0.456117302,-0.00750306202,0.670752525,0.447374195,-0.0145191168,0.667730331,0.442004114,-0.0192430578,0.664682806,0.437350065,-0.0225829929,0.688394606,0.45535928,-0.00888285507,0.687872887,0.453877658,-0.019901542,0.688246489,0.461461216,-0.0223466884,0.687682152,0.467335641,-0.0215393249,0.699472845,0.456705272,-0.0110364929,0.698826,0.457595378,-0.0204165131,0.696789384,0.464599,-0.0181666613,0.694351673,0.469525456,-0.0144962911,0.710265,0.459433794,-0.0139056835,0.710258,0.460431486,-0.0197714418,0.706492484,0.466225743,-0.0175775867,0.702762425,0.470351756,-0.0144531708
4799.999999999998,0.381277,0.584517896,7.77977718e-008,0.402487457,0.585862756,-0.00328963506,0.418452919,0.591086686,-0.00535892602,0.428752869,0.598331928,-0.00692761317,0.436605126,0.604559243,-0.00814206153,0.411247313,0.599398851,-0.00613501668,0.425594628,0.610248566,-0.00981059,0.433116019,0.616217613,-0.0114144599,0.438429981,0.620674491,-0.0122037353,0.40043065,0.603200257,-0.00688358396,0.414254725,0.614413202,-0.00982759241,0.42254442,0.620630741,-0.0116932895,0.428316712,0.625035822,-0.0128818797,0.389655441,0.605204284,-0.00783186872,0.40095222,0.615858376,-0.0112089459,0.408914745,0.621802449,-0.0133178178,0.415146828,0.625874877,-0.0146332327,0.379107237,0.605929375,-0.00881013181,0.382773876,0.613919,-0.0121219596,0.386699587,0.61905545,-0.0134650534,0.390720636,0.623253226,-0.0139688086
4816.666666666665,0.706152916,0.482331365,-1.22562454e-007,0.69431591,0.480373263,-0.00744476216,0.684636056,0.474872917,-0.0127648637,0.683186829,0.470228761,-0.0179163739,0.68803215,0.467152804,-0.0229076985,0.691218138,0.460270733,-0.010475562,0.688234091,0.45241183,-0.0179879479,0.686867774,0.447494239,-0.0233055092,0.686516345,0.443367034,-0.0271863788,0.703855336,0.459656,-0.0112120369,0.70340842,0.465141594,-0.021537289,0.701766551,0.472389072,-0.023868816,0.702388287,0.475555599,-0.023576824,0.715521276,0.462602407,-0.0126921097,0.713534534,0.469357848,-0.0214702841,0.710383713,0.474955201,-0.0192878451,0.709685445,0.476710618,-0.0160652548,0.726008773,0.466739208,-0.0150377061,0.72376889,0.472254634,-0.0205954891,0.719205201,0.476731509,-0.0183825698,0.717164159,0.478145391,-0.0152525408
4816.666666666665,0.382002473,0.582894862,8.28081852e-008,0.403303981,0.584084094,-0.0028260625,0.418761969,0.590412498,-0.00384881278,0.4286533,0.597865522,-0.00438649161,0.43650946,0.60395366,-0.00454547675,0.412634134,0.59934,-0.00332154334,0.425577819,0.610016048,-0.00580875,0.432806283,0.616029084,-0.00699901301,0.438106894,0.620432734,-0.00757616,0.401741415,0.603070915,-0.00389331137,0.41467,0.614000142,-0.00570909586,0.422997445,0.620298505,-0.00749363191,0.4289819,0.624857605,-0.00864005461,0.390969157,0.604802191,-0.0047254595,0.401505947,0.61527133,-0.00736784283,0.408995956,0.621451676,-0.00987032522,0.415016472,0.62598443,-0.0114995306,0.380503029,0.605105221,-0.00554745039,0.383539617,0.613043845,-0.00830671471,0.38661474,0.618266463,-0.00965829194,0.389763981,0.622768283,-0.0102119241
4833.333333333332,0.716258109,0.491912246,-5.15271594e-008,0.706757069,0.488195479,-0.00705329189,0.70092988,0.482008189,-0.0123450775,0.70323205,0.478271931,-0.0172294173,0.708542109,0.47659117,-0.0215912312,0.708918095,0.469201207,-0.0092675481,0.707574546,0.461125404,-0.0168519747,0.708155513,0.455737442,-0.022000365,0.709087908,0.451459497,-0.0256858189,0.721739531,0.470173597,-0.0100212805,0.724119663,0.470411062,-0.0199133772,0.720411956,0.476769924,-0.0220500901,0.716636539,0.480418772,-0.0216761418,0.732020438,0.473832607,-0.011627757,0.732972383,0.477011383,-0.0196918081,0.727447391,0.481606305,-0.0172194354,0.722981155,0.483192623,-0.0141274985,0.739925,0.478911787,-0.014102987,0.740738213,0.48252219,-0.0186917912,0.733758748,0.485387802,-0.0166156348,0.72793895,0.48583293,-0.0141687021
4833.333333333332,0.38490504,0.588394761,4.1906052e-008,0.404043645,0.588165164,-0.00442268653,0.419757366,0.592368603,-0.00787743274,0.430652738,0.598821938,-0.0104469443,0.438491464,0.604646564,-0.0128162876,0.413281322,0.60102582,-0.0118394978,0.428082943,0.61152178,-0.0165499393,0.434664279,0.616945207,-0.0181552935,0.43902427,0.62115,-0.0188335236,0.402677476,0.604369819,-0.0125147766,0.416765064,0.615634322,-0.0165154561,0.424163,0.621507645,-0.0181255676,0.429293156,0.625720799,-0.0192202963,0.392164707,0.606030226,-0.0131584024,0.403151572,0.61669457,-0.0175482817,0.410387278,0.622389197,-0.0196647253,0.416224,0.626337945,-0.0210149847,0.382288843,0.606511,-0.0138001842,0.385362059,0.614457786,-0.0179390553,0.388458729,0.619606614,-0.0194511674,0.391628146,0.623778224,-0.0201597326
4849.999999999999,0.727700889,0.497597665,-3.77158855e-008,0.720843196,0.493265539,-0.00727431197,0.718585,0.487995058,-0.0133503964,0.724360466,0.487128198,-0.0195691846,0.731120825,0.487389863,-0.0257093348,0.727417588,0.477272958,-0.0105907917,0.727067232,0.469329715,-0.0197703056,0.728982389,0.463874668,-0.0264241118,0.731000721,0.459802806,-0.0308766216,0.739703953,0.479581475,-0.0116580715,0.743023455,0.481269181,-0.0215485524,0.739616811,0.48735106,-0.0254302397,0.735220134,0.491203845,-0.0267805662,0.748741925,0.483985841,-0.0134373298,0.750194669,0.487157702,-0.0227752402,0.744150698,0.492347628,-0.0217288099,0.738920212,0.49508512,-0.0192984156,0.756052732,0.489372939,-0.0159313455,0.757201672,0.49217543,-0.0213987064,0.750638485,0.495490491,-0.019109251,0.744876564,0.497239709,-0.0163156278
4849.999999999999,0.382725418,0.586563945,9.13695928e-008,0.403356671,0.586952031,-0.00308986078,0.419134498,0.591469467,-0.00544963311,0.429403603,0.598155797,-0.00717033073,0.43753621,0.603833079,-0.00869137049,0.413561851,0.599884927,-0.00788257178,0.427251279,0.610601246,-0.0116796196,0.434396565,0.616584182,-0.0132822394,0.439574867,0.620938599,-0.0140272733,0.402664185,0.603568792,-0.00883442536,0.415692359,0.614474,-0.0118868556,0.423556566,0.620562851,-0.0137736443,0.429303885,0.624860764,-0.0149747198,0.391958237,0.605410516,-0.00976287201,0.402601421,0.615826488,-0.0131944371,0.40993759,0.621842563,-0.0154064866,0.41587773,0.626235664,-0.0168680642,0.381623924,0.605940521,-0.0105979899,0.384958804,0.613827944,-0.014130516,0.388111144,0.618817627,-0.0153535279,0.391366363,0.62304318,-0.0157545563
4866.666666666666,0.73006922,0.502485096,-2.03755945e-008,0.725764871,0.501269758,-0.0134746209,0.727976084,0.498036861,-0.0229690894,0.735691547,0.497096926,-0.0306904707,0.745952308,0.498145193,-0.0379392579,0.747092307,0.486663193,-0.0194106176,0.744889379,0.485107362,-0.029847417,0.746038139,0.483946055,-0.0369644202,0.748031437,0.482915699,-0.0415672176,0.757179379,0.489110023,-0.0171117038,0.761338949,0.493929982,-0.0273942444,0.757570148,0.499660283,-0.0311337747,0.753430665,0.502535284,-0.0328623056,0.763957262,0.493259907,-0.0156811923,0.767565727,0.499274105,-0.02544057,0.760409892,0.503969133,-0.0254944712,0.754457,0.505777895,-0.0241202973,0.767561734,0.498163521,-0.0152947931,0.77088511,0.502227,-0.021614451,0.763949454,0.505458117,-0.0209862702,0.758161783,0.506832957,-0.0194854196
4866.666666666666,0.384294689,0.584043801,9.64816209e-008,0.404700875,0.585353732,-0.00351538835,0.419595659,0.590844631,-0.00554554258,0.429240257,0.597970366,-0.00706320954,0.437246561,0.603832603,-0.00838823151,0.41312629,0.599912584,-0.00596382143,0.426501513,0.610153437,-0.00975816883,0.433794707,0.616146207,-0.0118750352,0.439070523,0.620699227,-0.013033255,0.402678698,0.603463054,-0.00682601333,0.415051728,0.61413604,-0.00990344398,0.423093557,0.620382726,-0.0123827783,0.429108739,0.62503022,-0.0139761707,0.392246187,0.605106473,-0.00789470226,0.402126312,0.615362525,-0.0114914952,0.409387469,0.621450782,-0.0140994322,0.415416241,0.625948429,-0.0157380644,0.381942,0.605394781,-0.00899251364,0.384892792,0.613492072,-0.0124175176,0.387711465,0.618612,-0.0136662759,0.390654534,0.622879148,-0.0140874675
4883.333333333333,0.73640883,0.50505,1.05545697e-008,0.738705039,0.507019579,-0.00858427677,0.743186772,0.507015,-0.0146074202,0.74985528,0.507185578,-0.0197899546,0.756479383,0.508208,-0.0243645683,0.755062163,0.499358714,-0.012021685,0.762808561,0.497560918,-0.0201353785,0.765974,0.501100898,-0.0252257362,0.766979218,0.50459224,-0.0276716556,0.757332385,0.498005837,-0.010535989,0.766984165,0.498728216,-0.0181183647,0.769268095,0.502974391,-0.0213359892,0.768702686,0.506063938,-0.0226265173,0.75839,0.497052282,-0.00989111047,0.767502069,0.497187763,-0.016227942,0.770131707,0.500753284,-0.0173863228,0.770271897,0.503605068,-0.0169719569,0.758005142,0.496340662,-0.00990637485,0.765211582,0.495363742,-0.0140560651,0.768539131,0.497216791,-0.0145233599,0.769831419,0.499117672,-0.01388718
4883.333333333333,0.383241087,0.584173203,7.63545e-008,0.404031843,0.585586965,-0.00327204308,0.419869184,0.591023803,-0.00530481571,0.430226922,0.598006964,-0.00687391823,0.438077748,0.604041338,-0.00814416166,0.413455874,0.599299252,-0.00580548029,0.427042127,0.610101819,-0.00957531389,0.434325486,0.616233289,-0.0114654759,0.439593762,0.620785654,-0.0124574834,0.402674347,0.602890193,-0.00661398238,0.415467232,0.613859653,-0.00963078532,0.423631847,0.62008965,-0.0117409341,0.42974484,0.624629855,-0.0130883474,0.391760707,0.604855597,-0.00763783744,0.402447939,0.615214229,-0.0109855123,0.410107851,0.621110678,-0.0131622311,0.416260153,0.625353158,-0.0144998934,0.380909801,0.60562104,-0.00870476291,0.384790629,0.61358732,-0.0119504575,0.388330489,0.618617415,-0.0131381387,0.391733021,0.622895181,-0.0135023417
4900.0,0.745036721,0.517808795,-8.23777881e-008,0.741140544,0.515594304,-0.0172658358,0.744141102,0.513274193,-0.0279420428,0.752240062,0.512435734,-0.035980463,0.763195932,0.512540221,-0.0432679281,0.76956588,0.517003477,-0.0232309606,0.77175492,0.509874344,-0.0355075225,0.771786809,0.505588412,-0.0438535213,0.770956,0.503823757,-0.0485230163,0.776745319,0.518644929,-0.0187594686,0.783910036,0.514568925,-0.0301743839,0.779737592,0.512013793,-0.0348855704,0.773674548,0.511347,-0.0369496718,0.780735254,0.52009958,-0.0155584291,0.7886374,0.516789,-0.025905611,0.783510268,0.513984442,-0.0276714712,0.776776969,0.513062775,-0.0271709394,0.781881511,0.520789564,-0.0135919945,0.788537681,0.517487049,-0.0210156552,0.785614371,0.515253842,-0.0221678782,0.780417383,0.514692366,-0.0215205327
4900.0,0.384530067,0.58417815,8.11695173e-008,0.405401379,0.585551918,-0.00289633754,0.420424223,0.591075,-0.0046083685,0.430168778,0.597982466,-0.00585264433,0.437688857,0.603906512,-0.00686858,0.413858086,0.59986043,-0.00544030126,0.427337438,0.610435486,-0.00871477462,0.434575856,0.616248786,-0.0102280108,0.439861536,0.620598197,-0.0110100126,0.403048843,0.603264511,-0.00627089711,0.416139126,0.614138424,-0.00901086628,0.424308568,0.62020427,-0.0109900441,0.430135399,0.624547541,-0.0122652967,0.392402142,0.604878068,-0.00726206414,0.403490096,0.615348637,-0.0107121943,0.411178052,0.621264577,-0.0131724318,0.417187363,0.6254673,-0.0146896299,0.382067621,0.605264544,-0.00820396189,0.385673314,0.613343596,-0.0117691215,0.389152557,0.618575931,-0.0133908866,0.392531455,0.623078167,-0.014072598
4916.666666666667,0.749539495,0.523299694,-1.15928025e-007,0.751859486,0.522866666,-0.0100619858,0.756958187,0.523072362,-0.0159330647,0.76621449,0.522666752,-0.0204883274,0.776225507,0.523782194,-0.0242721234,0.785539448,0.528691769,-0.00884605478,0.788193107,0.522055864,-0.0172161981,0.783482671,0.518016756,-0.0244917795,0.776465178,0.516547918,-0.0285999738,0.791277409,0.529143572,-0.00616351655,0.791783273,0.522447348,-0.0126426583,0.784728,0.51983881,-0.0165877584,0.77651155,0.519564748,-0.0186774898,0.792788863,0.528966427,-0.00464002136,0.792918086,0.522502184,-0.0104139252,0.785807073,0.520622373,-0.0107903667,0.777394593,0.520715714,-0.0101335924,0.791159034,0.528406382,-0.00409399858,0.791522622,0.522527695,-0.00921911094,0.78512764,0.52082473,-0.00925808307,0.777446866,0.520949125,-0.0077946363
4916.666666666667,0.38412258,0.585159361,6.93033613e-008,0.40534097,0.586146653,-0.00292622601,0.42045939,0.591372311,-0.00460487325,0.430222869,0.598372757,-0.005750563,0.437708586,0.604239,-0.00660917256,0.413977265,0.600460172,-0.00520907668,0.427612752,0.610736072,-0.00821475778,0.434947342,0.616331637,-0.00956004858,0.44030717,0.620488226,-0.0102057355,0.403193444,0.603881836,-0.00588749535,0.416225374,0.614464,-0.00846617576,0.424557686,0.620404,-0.0102736074,0.430498838,0.624669254,-0.0113897491,0.392565846,0.60549587,-0.00672542956,0.403415322,0.615584612,-0.00998646487,0.411031574,0.621382535,-0.0122415144,0.416879267,0.625560045,-0.0135757271,0.38229683,0.605931103,-0.00753819,0.386274397,0.613696337,-0.0107829934,0.389966488,0.618754208,-0.0120892739,0.393298984,0.623143315,-0.012514743
4933.333333333334,0.756287575,0.529423356,-1.21289105e-007,0.757700324,0.533534706,-0.00735743,0.763691485,0.537881553,-0.0109206429,0.773034871,0.539334178,-0.0138996113,0.782213748,0.540555835,-0.0163186248,0.790040851,0.540823102,-0.00336999819,0.795307577,0.534046412,-0.0108979614,0.790596247,0.529270172,-0.0170583148,0.784022629,0.527032495,-0.0201012176,0.795058727,0.537071824,-0.00184134813,0.796928644,0.52864,-0.00855238643,0.787787,0.52535677,-0.0119435135,0.779165149,0.525266647,-0.0126666846,0.796174,0.533209562,-0.00152684574,0.797677815,0.525008917,-0.00798627175,0.788711131,0.522647798,-0.00776998512,0.780074775,0.522843897,-0.00571073126,0.794316053,0.529768407,-0.00196902268,0.796339154,0.522738516,-0.00689331,0.788960457,0.521386147,-0.00610048743,0.781703055,0.522307098,-0.00353492354
4933.333333333334,0.384716153,0.583726227,7.90597312e-008,0.405031979,0.585250914,-0.00306527177,0.420273751,0.590989351,-0.00485536782,0.430368364,0.598166406,-0.006216662,0.438472211,0.604138732,-0.00729310745,0.413604051,0.599196851,-0.00518933497,0.427236021,0.610088885,-0.00862910412,0.434688479,0.616091788,-0.0103600547,0.440236092,0.620481908,-0.0112819597,0.40304178,0.60288775,-0.00598948402,0.416235477,0.61400336,-0.00869341474,0.424511313,0.620146275,-0.0107943369,0.430569261,0.624502897,-0.0121771758,0.392485708,0.60481292,-0.00697963126,0.403770745,0.615463674,-0.0100460956,0.411489815,0.621338964,-0.012260464,0.417617947,0.625474691,-0.0137209473,0.382102907,0.605411887,-0.00800427515,0.385767311,0.61353761,-0.0111240586,0.389434785,0.618738353,-0.0124656744,0.393145531,0.623093963,-0.0129977949
4950.000000000001,0.763445616,0.532180786,2.23897665e-008,0.764174283,0.536253631,-0.00768458145,0.769036949,0.540395319,-0.012004165,0.776795805,0.543272674,-0.0152483415,0.783764482,0.545975924,-0.0177653395,0.784633815,0.537843585,-0.0102309976,0.795738518,0.538232,-0.0176744293,0.796652,0.5403,-0.0227898359,0.793207467,0.541502893,-0.02504378,0.789438426,0.536272526,-0.0076502692,0.796997607,0.536344409,-0.0136185549,0.794423103,0.539366364,-0.0164117087,0.788933933,0.541373789,-0.0175321028,0.792077422,0.535645604,-0.00577047933,0.796227396,0.536205888,-0.0104774,0.79317534,0.539278448,-0.011110656,0.788186848,0.541358948,-0.0106856627,0.793060243,0.535280168,-0.00461263908,0.797070146,0.536430895,-0.00821807887,0.794047415,0.539013147,-0.00870472379,0.789424896,0.540849805,-0.00809221528
4950.000000000001,0.383657932,0.583753586,7.44510231e-008,0.405414581,0.585097313,-0.0028230052,0.421050131,0.5908162,-0.00437733904,0.431096941,0.597905755,-0.00558723276,0.438440353,0.603998721,-0.0065237619,0.414494932,0.599839568,-0.00401127664,0.427918226,0.610340238,-0.00736406306,0.435581326,0.616299391,-0.00926858652,0.441165626,0.620750606,-0.0103180213,0.403522551,0.603541911,-0.00494689029,0.41637671,0.614327729,-0.00762844598,0.424905419,0.620540798,-0.00990552921,0.431196958,0.625054121,-0.0113479663,0.392536521,0.605363607,-0.00613521459,0.403705567,0.615654409,-0.00943929516,0.411696315,0.621459186,-0.0117793484,0.418047,0.625649333,-0.0131457075,0.381963283,0.605810583,-0.00733760092,0.38606444,0.613949955,-0.0105425399,0.389653265,0.619121432,-0.0117373178,0.392966449,0.623571038,-0.0120603563
4966.666666666668,0.751872063,0.543863177,-2.66615263e-009,0.756763756,0.548356891,-0.00597933494,0.765809357,0.553030193,-0.00741987862,0.776592076,0.557085037,-0.00852504559,0.785934389,0.56008178,-0.00908731297,0.787471712,0.547616482,-0.00211913791,0.798466,0.546294391,-0.00630433625,0.80411607,0.547944129,-0.00899444,0.808316052,0.549988508,-0.0099581359,0.790296555,0.550192833,-0.000336052966,0.79843092,0.558056831,-0.0076104789,0.789467454,0.560126662,-0.01033221,0.780754,0.559463918,-0.00908385776,0.790734828,0.552771807,0.000666692,0.791613042,0.560862899,-0.00706921611,0.779494166,0.559250176,-0.0082550263,0.770788312,0.555973172,-0.00548927812,0.788753927,0.554313719,0.00142452936,0.789774776,0.560419083,-0.00260393857,0.781568944,0.559789181,-0.00230685459,0.774696589,0.557597518,0.000145828264
4966.666666666668,0.384314775,0.585005283,7.81966918e-008,0.405083627,0.586305797,-0.00331448857,0.420923203,0.591303051,-0.00548208132,0.431254268,0.598188043,-0.00716914749,0.438658804,0.604395,-0.00849254429,0.415062338,0.600249767,-0.00556577789,0.429061323,0.610646963,-0.00887038652,0.436565876,0.616348743,-0.0103736082,0.44204402,0.620647073,-0.0111489482,0.404583782,0.603722513,-0.00627570366,0.417515963,0.614503324,-0.00894656498,0.425498724,0.620506585,-0.0107762245,0.431236356,0.624863744,-0.0119775143,0.393953562,0.605533361,-0.00722074974,0.404468,0.615732908,-0.0104179252,0.411878735,0.621537745,-0.0125400322,0.417712957,0.625703,-0.0138805155,0.383465916,0.606197536,-0.00821732264,0.387164056,0.614049792,-0.0113967089,0.390540481,0.619173,-0.012691306,0.393688232,0.623635888,-0.0131724468
4983.333333333335,0.754563,0.548123717,9.95877869e-008,0.754930913,0.555548668,-0.00906474609,0.762804449,0.562030256,-0.0117340051,0.774499714,0.566119313,-0.0127222,0.784784913,0.568919778,-0.0129303476,0.777360916,0.552267373,-0.00871866196,0.795587361,0.553025126,-0.0118279886,0.805477083,0.55602169,-0.0130236875,0.812024474,0.558795869,-0.0132417437,0.783180237,0.552294791,-0.00470270263,0.793744862,0.562637746,-0.0108155115,0.788835883,0.56795603,-0.0129212411,0.781326115,0.569370151,-0.0120470989,0.785948098,0.553071678,-0.00110782578,0.792397141,0.564136744,-0.0077223843,0.784600377,0.566995323,-0.00930426735,0.775833368,0.566174,-0.00750868581,0.787221968,0.553714752,0.00214167289,0.792645812,0.561671,-0.00315767294,0.787631452,0.564624,-0.00418781349,0.781024933,0.564366937,-0.00268973224
4983.333333333335,0.385276914,0.584024668,7.77208768e-008,0.405976564,0.585775793,-0.0030871979,0.42141369,0.591402113,-0.0045497478,0.431502163,0.598247707,-0.00566836447,0.439188749,0.604202569,-0.00650564535,0.415052861,0.600546658,-0.00353449979,0.428607613,0.610580564,-0.00666250335,0.43616873,0.616292894,-0.00858994201,0.441796035,0.6206159,-0.00975200441,0.404487491,0.604254961,-0.00432934891,0.417256266,0.614525378,-0.00666946312,0.425564021,0.620424271,-0.00902650505,0.431683093,0.624739,-0.0106529901,0.393805534,0.60609591,-0.00544971554,0.404201567,0.616018295,-0.008417245,0.411857963,0.621763766,-0.0109456796,0.418108761,0.625917554,-0.0126286866,0.383297473,0.606474161,-0.00664291205,0.386090249,0.614241719,-0.00960060768,0.389293,0.619231105,-0.010922431,0.392567605,0.623482585,-0.0114661846
5000.000000000002,0.756933391,0.55319047,1.33107022e-007,0.752891541,0.558803737,-0.01360563,0.760221,0.565635562,-0.0187369362,0.77091676,0.570548892,-0.0208978504,0.78139472,0.57395494,-0.0223866161,0.778516114,0.559391141,-0.0180765465,0.793408394,0.562043488,-0.0232909676,0.801989794,0.564776,-0.025730541,0.807061255,0.56698072,-0.0268281084,0.783250272,0.559232235,-0.0120830014,0.794006884,0.567454636,-0.0183495451,0.793248177,0.573584378,-0.020547431,0.787957728,0.576870084,-0.0208425894,0.784977734,0.559914708,-0.00659142295,0.792894185,0.569931209,-0.0132335788,0.788524926,0.574667215,-0.0153369401,0.781623,0.57609266,-0.0150456391,0.784917653,0.560833275,-0.00178365293,0.790824831,0.569291651,-0.00800002739,0.78767848,0.573144376,-0.0103203822,0.782016337,0.574154735,-0.0103936149
5000.000000000002,0.38419494,0.584965348,7.29938492e-008,0.405646741,0.586026073,-0.00353142573,0.421735257,0.591411352,-0.00538472971,0.432150275,0.598444045,-0.00673609367,0.440403759,0.604249537,-0.00772639923,0.415405154,0.600226104,-0.00516931061,0.429339737,0.610573113,-0.00871204492,0.436869979,0.616512835,-0.0106303338,0.442351639,0.620928347,-0.0116871418,0.40489608,0.603924453,-0.005778383,0.418108582,0.614538074,-0.0085445689,0.426585674,0.620562375,-0.0104818102,0.432700038,0.624856591,-0.011729924,0.394189179,0.605866671,-0.00670569483,0.405172706,0.616030693,-0.00998914614,0.413079083,0.621694744,-0.0120504666,0.419225335,0.625694454,-0.0132748904,0.383499712,0.606572,-0.00774947507,0.387222379,0.614520192,-0.0110368906,0.390904337,0.619618833,-0.012310518,0.394302219,0.623990953,-0.0127132796
5016.666666666669,0.753545344,0.559820235,1.43987364e-007,0.751680434,0.566697419,-0.01039459,0.758585274,0.573239565,-0.0146213863,0.768698573,0.577367902,-0.0161497984,0.777551472,0.579558194,-0.0168547872,0.773681402,0.563270867,-0.0176337212,0.789669812,0.567227542,-0.0222290382,0.798815548,0.57058084,-0.0240644496,0.804837167,0.57344687,-0.0248632897,0.780112386,0.560468,-0.0126755349,0.789835572,0.569278538,-0.0174171105,0.789366126,0.575724363,-0.01808176,0.785913,0.580105543,-0.0178632624,0.783538818,0.559417188,-0.00770597253,0.790723562,0.569139302,-0.0109685669,0.788760126,0.574376285,-0.0105682751,0.784527183,0.577276528,-0.00973346,0.784810722,0.559396446,-0.00347192353,0.789864,0.567090929,-0.00638399553,0.789241254,0.57180649,-0.00685075,0.78695035,0.574478388,-0.00641338574
5016.666666666669,0.386039108,0.585132718,8.38235792e-008,0.407123,0.586470187,-0.00282687717,0.422807187,0.591464937,-0.00442713778,0.433015198,0.598268032,-0.00561871286,0.440938056,0.604115069,-0.00653273,0.416617453,0.60092634,-0.00424477039,0.430107951,0.61106813,-0.00711348,0.437254459,0.6166237,-0.00859473087,0.44257617,0.620793223,-0.00941393338,0.405889243,0.60440892,-0.00503986515,0.419220358,0.61482507,-0.00728757,0.427337915,0.620609164,-0.00929878559,0.433112055,0.624769449,-0.0106659653,0.395271808,0.606067657,-0.00605359301,0.406205684,0.61618495,-0.00900878,0.413740665,0.621876478,-0.0114516765,0.419745207,0.625958264,-0.0130872494,0.384836167,0.606379271,-0.00705477,0.38792035,0.614058316,-0.0101375524,0.391047418,0.619007051,-0.0115297455,0.394176751,0.623282671,-0.0121091502
5033.333333333336,0.745434046,0.558656812,6.95712217e-008,0.7409181,0.567750514,-0.0117765423,0.748757601,0.575190723,-0.0167795345,0.761375844,0.580443203,-0.0190579426,0.771267176,0.584654629,-0.0198579133,0.771153033,0.566679835,-0.0178348087,0.789522231,0.573430896,-0.0227531083,0.79253751,0.577856243,-0.0242499821,0.793187141,0.580631,-0.0245101303,0.778999805,0.564666331,-0.012506309,0.789596319,0.576145887,-0.0171183124,0.782345414,0.581579328,-0.0175275374,0.774540246,0.583719552,-0.0170665793,0.782595456,0.564575553,-0.0074146986,0.790243328,0.576199412,-0.0113286236,0.783017218,0.580260754,-0.0109845065,0.775865912,0.581232965,-0.0100052189,0.783681393,0.565340698,-0.00306560216,0.78892,0.574638546,-0.00611678371,0.784357488,0.579176128,-0.00621945364,0.779364765,0.580794811,-0.00543574244
5033.333333333336,0.386480689,0.584939778,7.92092e-008,0.407466948,0.586105466,-0.00318858237,0.423008889,0.591370523,-0.00488342112,0.433145911,0.598387182,-0.00609550951,0.441693127,0.604154468,-0.00701093581,0.416727781,0.600359559,-0.00491178734,0.43091774,0.610753477,-0.00787602551,0.438333482,0.61655879,-0.00932970829,0.443772852,0.620950818,-0.0101430034,0.406081587,0.603895247,-0.00554119423,0.419457525,0.614458263,-0.00788218,0.427521378,0.620375395,-0.00985256303,0.433214724,0.624705076,-0.0112073477,0.395353436,0.60568279,-0.00639450736,0.406270742,0.615867198,-0.00934672449,0.413784653,0.62172848,-0.0117807724,0.41975382,0.626021206,-0.0134613896,0.384618402,0.606220305,-0.00728559494,0.387508869,0.61392349,-0.0104651703,0.390731901,0.61889118,-0.0120053552,0.393977344,0.623201251,-0.0127115576
5050.000000000003,0.741424561,0.562003851,1.28596e-007,0.738510549,0.569693923,-0.0122222593,0.746412,0.577447653,-0.0177249089,0.757213533,0.583429039,-0.0202342588,0.766377151,0.587727249,-0.0219288431,0.767706037,0.569808841,-0.0202273969,0.782962441,0.57695967,-0.0255069137,0.790051818,0.580912292,-0.0275220647,0.795167565,0.583481848,-0.0284385309,0.774211705,0.567380726,-0.0146904914,0.781770527,0.579027832,-0.0197423827,0.778292179,0.585784495,-0.0203480013,0.77359277,0.589590788,-0.0202026945,0.776683569,0.56661886,-0.00924903248,0.781092942,0.577887595,-0.0132775186,0.776311815,0.582999647,-0.0129723987,0.770844102,0.585463405,-0.0121678226,0.77651006,0.566777885,-0.00464664353,0.779560149,0.575822711,-0.00819977373,0.776698649,0.58026123,-0.00883615203,0.772838295,0.582524478,-0.00841000676
5050.000000000003,0.386612296,0.584789336,8.45189305e-008,0.407404602,0.586265385,-0.00321598514,0.42331779,0.591511905,-0.00513030076,0.433790535,0.598284841,-0.0065355706,0.44217521,0.604032,-0.00767734647,0.417029977,0.599702954,-0.00582787301,0.430983335,0.610330462,-0.00931237917,0.438419491,0.616271555,-0.0109221917,0.443869382,0.620656431,-0.0117553081,0.406536371,0.603322923,-0.0066482774,0.419974297,0.614401698,-0.0094837388,0.428337395,0.620540619,-0.0115177836,0.434371203,0.624868631,-0.0128468014,0.395873129,0.605192721,-0.00767042674,0.407245845,0.615910053,-0.0111639556,0.414954,0.621918678,-0.0137651609,0.420840621,0.626127839,-0.015430009,0.38542226,0.605793655,-0.00867732149,0.38899076,0.613980591,-0.0124043943,0.392020524,0.619290352,-0.0141753051,0.394839436,0.623825669,-0.0149712963
5066.66666666667,0.740470231,0.564941704,1.39466934e-007,0.736345589,0.572615,-0.0114215082,0.741742909,0.580374241,-0.0168916881,0.751279652,0.586386681,-0.0198086128,0.76079154,0.590355694,-0.0220588986,0.762719512,0.572803438,-0.0178491771,0.776511669,0.579428315,-0.0231696758,0.784687102,0.583372474,-0.0255070273,0.791062832,0.586230576,-0.0268407203,0.769917428,0.5703426,-0.0134420544,0.776159048,0.581436276,-0.0191088635,0.773103654,0.587859,-0.0203674287,0.768631101,0.591557264,-0.0205643754,0.772553623,0.569414258,-0.00924099796,0.775752127,0.580838323,-0.0137309916,0.771648943,0.58566165,-0.0134990728,0.766568065,0.588005,-0.0127079608,0.772401929,0.569375515,-0.00590841658,0.774179518,0.578630507,-0.00983534195,0.771062374,0.582614124,-0.0104708653,0.767040133,0.584504902,-0.0100358129
5066.66666666667,0.387043506,0.584527373,8.60475211e-008,0.407984763,0.585628629,-0.00329459715,0.423541337,0.591127217,-0.00500528095,0.434004635,0.59824121,-0.00620415434,0.442322,0.60420996,-0.0071101971,0.417677313,0.600197732,-0.00485138083,0.431290805,0.610484123,-0.00816225074,0.438680619,0.616265118,-0.00995227881,0.444138199,0.620650828,-0.0110019837,0.407063365,0.603871346,-0.00554865133,0.420413733,0.614526391,-0.00806296244,0.428655595,0.620496511,-0.0102456799,0.434608847,0.624850154,-0.0117744617,0.396355659,0.605671763,-0.00650533708,0.407338262,0.615999818,-0.00974132214,0.415076,0.621849954,-0.012301065,0.421126932,0.626076519,-0.0140133174,0.385855138,0.606093585,-0.00749498,0.38864857,0.614052057,-0.0109169167,0.391538829,0.619325936,-0.0125903338,0.394315958,0.623946726,-0.0133704916
5083.333333333337,0.737302363,0.566992283,1.53037817e-007,0.732164145,0.574251235,-0.0108420951,0.737452686,0.582213402,-0.0155702792,0.746676445,0.588128567,-0.0179620385,0.755630493,0.591706336,-0.0197353661,0.756944776,0.575390935,-0.0169940554,0.77062577,0.581723034,-0.0223706383,0.778779507,0.585709274,-0.0245444756,0.785254657,0.588816941,-0.0255706031,0.763963878,0.572791934,-0.0127710821,0.769613326,0.583824873,-0.0186567623,0.767148912,0.590632141,-0.0196032319,0.763336837,0.594840288,-0.0193424709,0.76698041,0.571643531,-0.00883844495,0.767924488,0.583346963,-0.0137200095,0.761852801,0.586724341,-0.0129889781,0.755792499,0.587581635,-0.0113148047,0.767511785,0.57156384,-0.00575750228,0.768137336,0.580921948,-0.00966551155,0.764017165,0.584365606,-0.00986017,0.759571075,0.585490346,-0.00883599184
5083.333333333337,0.387818485,0.585919619,8.46088639e-008,0.408676267,0.586847186,-0.00329212029,0.424450487,0.591678917,-0.00524543924,0.435063303,0.598439217,-0.00663157506,0.443263799,0.604200184,-0.00767911226,0.418683946,0.600551367,-0.00570307,0.432416141,0.610987604,-0.00883057807,0.439628869,0.616653621,-0.0101678511,0.444963545,0.620784879,-0.0108273989,0.408255219,0.604147553,-0.00631193863,0.421663761,0.615,-0.00878899358,0.429894984,0.620876431,-0.0105071925,0.43576929,0.625005484,-0.0116427829,0.397710472,0.605921507,-0.00711505674,0.408324242,0.616467595,-0.0101807052,0.415657848,0.622275233,-0.0123398071,0.421366662,0.62633723,-0.0137878638,0.387313485,0.606315,-0.00794102903,0.390027821,0.614118636,-0.0111936377,0.392746896,0.619177938,-0.0125698512,0.395470351,0.623540044,-0.0131228091
5100.000000000004,0.723226666,0.563826144,8.27907698e-008,0.720633686,0.574995458,-0.0110793142,0.729034722,0.583749592,-0.0152716767,0.741509438,0.590157032,-0.0169619843,0.750125051,0.594658196,-0.0171721037,0.751979291,0.576730669,-0.013556961,0.768124282,0.584200799,-0.0168626402,0.773745596,0.588201046,-0.0181589909,0.777919471,0.590793252,-0.0186827239,0.758512437,0.573661268,-0.00841728225,0.765495777,0.58578527,-0.0122369705,0.759264112,0.591045,-0.0134413261,0.752758682,0.593275785,-0.0136039052,0.761048317,0.572593749,-0.00357380346,0.765745282,0.584440947,-0.00678009447,0.759445,0.588739753,-0.00725307688,0.753003657,0.590044081,-0.00676001841,0.76139611,0.572757661,0.000510969432,0.765065491,0.582315385,-0.00150537386,0.761245072,0.586874127,-0.00171428244,0.756812155,0.588771939,-0.00110398186
5100.000000000004,0.388057292,0.585672081,8.54643574e-008,0.408701092,0.586390316,-0.00318574836,0.424340069,0.591624379,-0.00488002878,0.434839904,0.598595262,-0.0060062753,0.443053246,0.604445696,-0.00687623955,0.418646753,0.600508928,-0.00568957347,0.43243739,0.6108132,-0.00887409784,0.439632535,0.616514623,-0.0102480715,0.44483304,0.6207093,-0.0108927805,0.408122599,0.604035616,-0.00635295874,0.421600848,0.614881,-0.00887455,0.429609954,0.620838284,-0.0106864329,0.435294747,0.624964476,-0.0118274149,0.39740628,0.605739355,-0.00718561234,0.408317,0.61620152,-0.0103956098,0.415692747,0.622157514,-0.0128158666,0.421585917,0.626344681,-0.014357348,0.3867926,0.606096685,-0.00799081195,0.389589,0.614176512,-0.0113410596,0.392572224,0.619326591,-0.0128553994,0.395686209,0.623592317,-0.0134761473
5116.666666666671,0.720189631,0.56633538,1.31798373e-007,0.716695,0.575621963,-0.0107158152,0.724113464,0.58409065,-0.0146725504,0.734608054,0.590129316,-0.0163707919,0.743446589,0.594981492,-0.0172040723,0.748112798,0.578850627,-0.0130685046,0.761222422,0.585155785,-0.0164530762,0.768689275,0.588955641,-0.0179375075,0.774672091,0.592009068,-0.0188376456,0.753851593,0.575849831,-0.00841245614,0.758668184,0.586763084,-0.0124331778,0.754772723,0.592901409,-0.0133545604,0.749976456,0.596770763,-0.0133792553,0.755138397,0.57407856,-0.00415921351,0.757478535,0.584728777,-0.00791523792,0.752483726,0.588792145,-0.0079854941,0.747362196,0.590885043,-0.00721101929,0.753973722,0.573439538,-0.000708284788,0.756017804,0.582194,-0.00371664227,0.753191411,0.586377382,-0.00405057753,0.749598145,0.588610053,-0.00339681376
5116.666666666671,0.387846977,0.585765958,8.99278945e-008,0.408523619,0.58646208,-0.00368158822,0.424353063,0.591586709,-0.00573438406,0.434778661,0.598455846,-0.00718228472,0.44364503,0.604070425,-0.00833053701,0.419057935,0.600378454,-0.00617094431,0.433041334,0.610695,-0.00977445208,0.440243125,0.616478443,-0.0115102399,0.445627511,0.620849371,-0.01243346,0.408520132,0.603916287,-0.00678700488,0.422039837,0.614911,-0.00958922599,0.430064142,0.62094593,-0.0115550989,0.435928673,0.625275433,-0.0128404638,0.397651523,0.605614543,-0.00765033159,0.408466935,0.616131961,-0.0109358942,0.415848196,0.621991277,-0.0131811798,0.421756804,0.626119,-0.0146490261,0.386601716,0.606033266,-0.00857773796,0.38972795,0.614043534,-0.0119923772,0.393043905,0.619208872,-0.0134235499,0.396490663,0.62362057,-0.0140111679
5133.333333333338,0.717400849,0.570525229,1.27527485e-007,0.713039279,0.578383684,-0.0106931413,0.71904856,0.586494446,-0.0151439784,0.728681207,0.59247452,-0.0172711853,0.737920642,0.59657824,-0.0186268445,0.740941644,0.580059528,-0.0147908181,0.753851116,0.586248279,-0.019034842,0.761477053,0.590308428,-0.0209688079,0.767242074,0.593450904,-0.0220664088,0.747926295,0.578073,-0.0102662034,0.753650725,0.58889091,-0.0150193162,0.749074817,0.594956219,-0.0163965262,0.742999673,0.598194063,-0.0166042354,0.750384748,0.577320516,-0.00598999485,0.753864169,0.588461041,-0.0100169731,0.748258173,0.59309864,-0.0102839,0.74202615,0.594950318,-0.00963957328,0.750208855,0.577322125,-0.00246304809,0.752647758,0.586171627,-0.00586738065,0.749549687,0.590753138,-0.00667586736,0.745459378,0.592977166,-0.00634184666
5133.333333333338,0.389127433,0.58543396,9.26756698e-008,0.409832627,0.586435914,-0.00338688726,0.425460666,0.591701627,-0.00526436372,0.435587317,0.598651767,-0.0066468888,0.443944931,0.604459941,-0.00775542576,0.419500411,0.600757837,-0.00523913698,0.433481902,0.610920608,-0.00858273637,0.440618813,0.616604626,-0.0102836844,0.44589448,0.620904088,-0.011208158,0.40907836,0.604230881,-0.00602172967,0.422309726,0.615167,-0.00866686087,0.430278391,0.621220589,-0.0107868658,0.436079,0.625539064,-0.0121731563,0.398433924,0.605855465,-0.00705670193,0.408873409,0.616239905,-0.010245475,0.416099042,0.622115672,-0.0125259068,0.421824604,0.62628752,-0.0140189063,0.387652189,0.606189,-0.00814296305,0.390670657,0.61416471,-0.011335765,0.393525541,0.619240761,-0.012520697,0.396443397,0.623483837,-0.012947402
5150.000000000005,0.715413332,0.57402885,1.49998542e-007,0.709700048,0.580104411,-0.0120885111,0.71367377,0.587353647,-0.0180459972,0.72252816,0.593290746,-0.0210995711,0.731117368,0.597590327,-0.0234646127,0.734352589,0.581136405,-0.0209590551,0.747560382,0.587143421,-0.0272512343,0.75574559,0.591696203,-0.0301420894,0.761684179,0.595377624,-0.0317795835,0.742666423,0.579564571,-0.0160037093,0.747978508,0.590618908,-0.0219560638,0.743838906,0.597102821,-0.0229949709,0.738250434,0.60061264,-0.0231045149,0.746186435,0.579188824,-0.0111508304,0.748005331,0.59079051,-0.0156691391,0.742924,0.595512569,-0.0153351054,0.73730731,0.597297072,-0.0145561229,0.746722579,0.579348147,-0.00715920376,0.747152746,0.588572621,-0.0112308385,0.743564904,0.592835724,-0.0121290125,0.739396453,0.594713,-0.0119311549
5150.000000000005,0.389785975,0.585385501,9.24752257e-008,0.410628617,0.586473644,-0.00358438399,0.425973833,0.591752,-0.00565732783,0.436202437,0.598800182,-0.00711043039,0.44467032,0.604531586,-0.00826985,0.419888765,0.600486934,-0.00631868374,0.433867633,0.611008,-0.00990703329,0.441129714,0.61688751,-0.0115697365,0.446237773,0.62128073,-0.0123329144,0.409095585,0.60405916,-0.00678560929,0.42261833,0.615107894,-0.00956901908,0.430670917,0.621299624,-0.0114357118,0.436252922,0.625789225,-0.0125786951,0.398356646,0.605907261,-0.00743782427,0.40924859,0.616352379,-0.0105337659,0.416699171,0.622283936,-0.0125403861,0.422302157,0.626510084,-0.0137924897,0.387941152,0.606457889,-0.00816113409,0.39095065,0.614338398,-0.0111448662,0.393817812,0.619473398,-0.0122382976,0.396514654,0.623892725,-0.012542448
5166.6666666666715,0.713155448,0.576459706,1.36286815e-007,0.70710367,0.581949,-0.0123923393,0.709517837,0.589091241,-0.0187126715,0.717641294,0.594785333,-0.0222308952,0.725775063,0.598783314,-0.0250724275,0.729531646,0.582367122,-0.0209497549,0.741554558,0.588566959,-0.027642481,0.749164641,0.592825294,-0.0307856221,0.754859,0.59598887,-0.0326713584,0.737428248,0.581320941,-0.0162896272,0.742459297,0.591548264,-0.0230732672,0.738444388,0.597658873,-0.0247653238,0.732983887,0.600969493,-0.0253091119,0.7406708,0.581540465,-0.011825637,0.742928386,0.591976643,-0.0173727125,0.738972247,0.596819639,-0.0176797789,0.733897507,0.599063337,-0.0172735527,0.741036177,0.582109153,-0.00819854811,0.741723,0.590734065,-0.013132778,0.738816738,0.595079064,-0.0145715773,0.73488307,0.597431302,-0.0147636048
5166.6666666666715,0.390428185,0.58558023,8.46643431e-008,0.410880715,0.58688879,-0.00334815658,0.426521122,0.591988802,-0.00524463085,0.43691,0.598775327,-0.0066933562,0.444818288,0.60465008,-0.00780821592,0.420419723,0.600223482,-0.0052353479,0.434225559,0.610742629,-0.00875306875,0.441655695,0.616633415,-0.0105522517,0.447146088,0.621071219,-0.0115376227,0.410134941,0.60384804,-0.0058586821,0.422889411,0.614759803,-0.00856048334,0.430754304,0.620929062,-0.0105770379,0.436507463,0.625380576,-0.0119599719,0.399532557,0.605831921,-0.00675155222,0.409867793,0.616248727,-0.00984749384,0.417291939,0.622231,-0.0121055217,0.423344165,0.626397371,-0.01363164,0.388861269,0.606593311,-0.00772696594,0.391323388,0.614484251,-0.0108380048,0.394636124,0.619622588,-0.0122607984,0.398214459,0.623885,-0.0128927948
5183.3333333333385,0.709751546,0.575839698,1.47202627e-007,0.701945603,0.581705213,-0.012442911,0.703999758,0.589502096,-0.0189575553,0.711813211,0.595553219,-0.0223300457,0.719504,0.599460959,-0.0251652915,0.722809613,0.583547652,-0.0236908607,0.735607386,0.58891058,-0.0309460945,0.743058562,0.593214154,-0.0343767218,0.748363793,0.59672451,-0.0362629034,0.731112063,0.581875682,-0.0184326563,0.736026466,0.592224777,-0.0248762742,0.732371747,0.598881662,-0.0257246792,0.727516055,0.602834165,-0.0257625449,0.735253453,0.58148241,-0.0132331466,0.736393332,0.591911912,-0.0181663204,0.731626332,0.596597433,-0.0176640339,0.726384342,0.598572314,-0.0167420767,0.736388803,0.581722796,-0.00885878876,0.736568749,0.590161443,-0.0132136652,0.73271507,0.594064355,-0.0140155852,0.728517,0.596003234,-0.0137397023
5183.3333333333385,0.390586674,0.585725188,9.07344884e-008,0.411382943,0.58650583,-0.00339552946,0.427072048,0.592022836,-0.00503160153,0.437266469,0.598929,-0.00610751333,0.445293933,0.604696631,-0.00688199932,0.421858966,0.601134658,-0.00509427954,0.435375094,0.611281276,-0.00819656253,0.442674756,0.617089748,-0.00975755602,0.448029429,0.621495962,-0.0105678681,0.411102712,0.604808,-0.00556443259,0.423535436,0.615306318,-0.00780072,0.431441724,0.621360362,-0.00965889543,0.437141895,0.625695169,-0.0109076034,0.400068313,0.606654286,-0.00626822188,0.41005072,0.616500378,-0.00896546151,0.417361528,0.62210983,-0.0109747369,0.423036098,0.626099169,-0.0122931655,0.389201134,0.607213259,-0.00705589261,0.39235422,0.615031838,-0.00982034,0.395572513,0.620016456,-0.0108683966,0.398644805,0.624293387,-0.0111779813
5200.0000000000055,0.69903177,0.572536409,1.0596532e-007,0.692108274,0.582375348,-0.0115607968,0.696616173,0.59125191,-0.0164525099,0.70712924,0.597938478,-0.0185166784,0.715838134,0.602820516,-0.0192593336,0.720284,0.584588289,-0.0188708268,0.733712912,0.59190011,-0.0226935148,0.73841995,0.596404433,-0.0237292405,0.742249131,0.599656343,-0.0240967162,0.729073524,0.582846642,-0.0133156972,0.733075321,0.595415235,-0.0172624011,0.72502017,0.601481259,-0.017498767,0.716695666,0.60378027,-0.0170446541,0.732904732,0.582871258,-0.00765937334,0.7341308,0.594933569,-0.0102059506,0.726562381,0.599151134,-0.00973241311,0.719396234,0.600099623,-0.00894299522,0.734003782,0.583738565,-0.00279220194,0.734024882,0.592983902,-0.00449568452,0.729105175,0.597863436,-0.00454331888,0.724105299,0.599986136,-0.00392678706
5200.0000000000055,0.390812963,0.58626163,8.58864837e-008,0.412075043,0.587028,-0.00339260488,0.427481383,0.592195,-0.00520091131,0.437753081,0.599186778,-0.00638828613,0.446042478,0.604946136,-0.007268738,0.421733379,0.601422131,-0.00584260281,0.436068684,0.611599,-0.00896772183,0.443374187,0.617299438,-0.0103169857,0.448557168,0.621544838,-0.0109700421,0.410903543,0.605019748,-0.00632015616,0.424518675,0.615716815,-0.00877628382,0.432430089,0.621612608,-0.010427827,0.437747389,0.625724375,-0.0114940116,0.399989784,0.606791198,-0.00699568912,0.411060154,0.617162347,-0.0101049514,0.418476,0.622814178,-0.012227363,0.423989,0.626753628,-0.013589791,0.389281541,0.607264042,-0.00770058623,0.392164856,0.615073,-0.0109757092,0.395265907,0.620224416,-0.0124453828,0.398231357,0.624693751,-0.0130372802
5216.666666666672,0.695494831,0.576516509,1.33834021e-007,0.68972981,0.583284616,-0.0105509991,0.693092465,0.591113687,-0.015888676,0.701716781,0.597310722,-0.0187311154,0.709580481,0.602028251,-0.0207695551,0.715012431,0.585188746,-0.0182222202,0.72802639,0.592249215,-0.0229142215,0.73475647,0.597019,-0.0244713426,0.739135623,0.600680411,-0.0252048057,0.72315228,0.58343637,-0.0137585364,0.726552665,0.594704032,-0.0185811594,0.720812857,0.600403249,-0.019300051,0.714321256,0.6029917,-0.0192299485,0.726710439,0.583022058,-0.0092282854,0.727756917,0.593947649,-0.0127836298,0.721916258,0.597920895,-0.0121249529,0.716080487,0.599173784,-0.011159108,0.727434635,0.583209217,-0.00540218782,0.72783041,0.59187144,-0.00827386603,0.724490881,0.596201658,-0.00847285893,0.720710516,0.598121941,-0.0078550959
5216.666666666672,0.391500086,0.586230695,8.80768951e-008,0.412446231,0.587225437,-0.00318867899,0.42826426,0.592483342,-0.00496775284,0.438779294,0.599252224,-0.00620248681,0.446677029,0.605102062,-0.00713057071,0.422161192,0.600657761,-0.00575959496,0.436350584,0.611325383,-0.00905112922,0.443879724,0.617358387,-0.0105648804,0.449319035,0.621811032,-0.0113004372,0.41146943,0.604367733,-0.00621467223,0.424572408,0.615323,-0.00857001,0.432358682,0.621324062,-0.0101274941,0.43790257,0.625476241,-0.0111884139,0.40067035,0.606435776,-0.00684874645,0.411209643,0.616904497,-0.00953405071,0.418438584,0.62267065,-0.0113926176,0.424181312,0.626660407,-0.0126802446,0.390271187,0.607221663,-0.00753943482,0.392943799,0.615184188,-0.0103134764,0.39588812,0.620243371,-0.0114691742,0.39888519,0.624506235,-0.0119291432
5233.333333333339,0.697131455,0.57598865,1.0899678e-007,0.68867451,0.582203567,-0.0110498499,0.689485073,0.590616822,-0.016388664,0.69712013,0.597213686,-0.0191949196,0.70470351,0.602085292,-0.0213667508,0.710791111,0.587085843,-0.0180712361,0.722147524,0.594378233,-0.0235061273,0.728649735,0.599303365,-0.0255813841,0.733490348,0.603093505,-0.0266773067,0.719549835,0.58605355,-0.0137062566,0.719668806,0.597005785,-0.0190626383,0.712854385,0.601131737,-0.0193522181,0.707149,0.602243304,-0.0189228598,0.722994804,0.585861444,-0.00956584327,0.719963133,0.596192479,-0.0146871051,0.712641954,0.5986709,-0.0137436716,0.706863761,0.598537683,-0.0121122552,0.723488033,0.585903347,-0.00614503399,0.720762372,0.594541311,-0.0102829197,0.715599358,0.597403347,-0.0104119787,0.711111844,0.597851396,-0.00944153778
5233.333333333339,0.39212358,0.586710811,9.15395049e-008,0.413163632,0.587542295,-0.00327812298,0.42892909,0.592645407,-0.00513309194,0.439153731,0.599426746,-0.0063147489,0.44705677,0.605265141,-0.00719871605,0.423347741,0.6016711,-0.00642563216,0.437457025,0.611942291,-0.00941785797,0.444689274,0.617718339,-0.0105907759,0.449973911,0.621972,-0.0111555634,0.412546366,0.605046749,-0.00698330579,0.425564796,0.615709782,-0.00931028929,0.433369458,0.62153393,-0.0107682748,0.438873857,0.625549912,-0.011735254,0.401579678,0.606647253,-0.00767823169,0.411914498,0.61690408,-0.0106375115,0.419241488,0.622643709,-0.0127032353,0.424879581,0.626771867,-0.0141043365,0.390712082,0.607033789,-0.00837061182,0.39340508,0.614872515,-0.0117177656,0.396272063,0.62003094,-0.0131708141,0.399148464,0.624619424,-0.0137650166
5250.000000000006,0.691349268,0.580062151,1.28137671e-007,0.684147656,0.585603893,-0.0120997457,0.686551869,0.592944264,-0.0176269598,0.693558514,0.598929584,-0.0201796554,0.700493217,0.603180587,-0.0218840409,0.705182076,0.587408841,-0.0202907305,0.716947615,0.595078647,-0.0259061083,0.724281073,0.60059607,-0.028073838,0.729413569,0.604776502,-0.0291552227,0.712685287,0.586211801,-0.0149774756,0.717361629,0.596531212,-0.0204400122,0.712573767,0.599967182,-0.0206169598,0.708038092,0.600704193,-0.020089481,0.716520965,0.586133122,-0.00976801291,0.718008399,0.596766591,-0.0138190445,0.712433279,0.598612249,-0.0120750479,0.708229721,0.597835422,-0.0102629242,0.718120396,0.586644173,-0.0054603531,0.71853888,0.59538126,-0.00876442902,0.713555872,0.597276151,-0.00842934567,0.709744453,0.596560121,-0.00749090593
5250.000000000006,0.392052829,0.585802197,8.21214385e-008,0.413471699,0.58714807,-0.00262764189,0.429057956,0.592764318,-0.00373025215,0.439549327,0.599393368,-0.00453739427,0.447882444,0.605119765,-0.00510202209,0.423629463,0.601474,-0.00313239219,0.437311172,0.611462057,-0.00596317882,0.444758743,0.617262959,-0.00765793398,0.450270623,0.621619,-0.00869498402,0.412769884,0.605166,-0.0040261345,0.425075382,0.615436316,-0.00608704705,0.432770252,0.621311,-0.008264089,0.438395143,0.625577033,-0.00980274566,0.401745,0.606987417,-0.005204299,0.41186592,0.616916895,-0.00800084509,0.419016033,0.622752488,-0.0104808221,0.42498219,0.62706697,-0.0121920174,0.391028434,0.60738641,-0.00638967333,0.393642157,0.614965796,-0.00936358422,0.396687,0.619911432,-0.0106952237,0.399929702,0.62417686,-0.0112815462
5266.666666666673,0.679361522,0.575231433,8.56230713e-008,0.673119843,0.585678875,-0.008704409,0.676856279,0.594125748,-0.0119151156,0.687057853,0.60037297,-0.0135023296,0.696255445,0.6052953,-0.0137223583,0.7026788,0.589691162,-0.00856549,0.715043783,0.59875071,-0.0104240365,0.720641732,0.604102373,-0.0109583577,0.725064933,0.60803628,-0.0112531818,0.71109128,0.588297725,-0.00473871548,0.713696539,0.599864781,-0.00841307547,0.705656171,0.602869749,-0.0100150974,0.698600948,0.60224694,-0.010086677,0.714465261,0.58818382,-0.00111431431,0.715341926,0.599485815,-0.00380549906,0.70746845,0.601502836,-0.00399060734,0.701025307,0.600257695,-0.0030990236,0.715428114,0.588858604,0.00185337104,0.71619,0.597849309,0.000399094162,0.710911274,0.600936651,0.000472404179,0.706247509,0.601016521,0.00136696431
5266.666666666673,0.39672178,0.589386582,5.76664121e-008,0.41590333,0.589186788,-0.00433435338,0.430858791,0.593728185,-0.00698564388,0.441311419,0.60027343,-0.0087402286,0.449402392,0.605847716,-0.010288259,0.426385105,0.603139222,-0.00892033149,0.439911842,0.613223255,-0.0125766806,0.446885288,0.618486941,-0.0141122872,0.452239782,0.622397423,-0.0150021231,0.415749788,0.606290281,-0.00940623134,0.427500188,0.616876185,-0.0124980407,0.434516549,0.622288,-0.0142589603,0.439533204,0.626154363,-0.0155272409,0.404866129,0.607468724,-0.00999489892,0.414138943,0.617544532,-0.0139060616,0.420991898,0.623174489,-0.0163565073,0.42623,0.627354324,-0.0180525035,0.39436233,0.607483566,-0.0105983196,0.396218061,0.614873946,-0.0146459797,0.398099065,0.619862735,-0.0162499119,0.399628878,0.624296248,-0.0170392282
5283.33333333334,0.676059723,0.579953313,1.22048945e-007,0.671447814,0.586949468,-0.0102233663,0.674912691,0.594441295,-0.0150895724,0.683804631,0.600347042,-0.0179613754,0.691126108,0.605111,-0.0199943259,0.698333144,0.591650546,-0.0148965027,0.709652,0.600752652,-0.0198559556,0.715119064,0.606127381,-0.0215952769,0.719076335,0.610297441,-0.022275839,0.705668509,0.590623,-0.0108997822,0.705876887,0.603075922,-0.0174861029,0.697015762,0.60712254,-0.0189928412,0.68901968,0.608055651,-0.0185286365,0.708192825,0.590527236,-0.0070812474,0.704691768,0.602122962,-0.0127121424,0.696079433,0.604505837,-0.0127013549,0.68876189,0.604024589,-0.0110394629,0.707994938,0.590775788,-0.00395392627,0.705045581,0.599954903,-0.00808856729,0.698837221,0.603238344,-0.00870435871,0.693118274,0.603780508,-0.00768248178
5283.33333333334,0.39364922,0.588168681,8.98589292e-008,0.414560437,0.588470042,-0.00332900486,0.430428624,0.593293548,-0.00529961148,0.440528631,0.600073874,-0.00673794281,0.449190855,0.605618894,-0.00801634416,0.425958037,0.601891518,-0.00645151874,0.439044148,0.611799479,-0.0100924671,0.446049392,0.617497861,-0.0119235255,0.451312035,0.621717632,-0.013020183,0.415261447,0.605343044,-0.00757304858,0.427076578,0.615796268,-0.0106039522,0.434349358,0.621564567,-0.0128789637,0.439694971,0.625759125,-0.0144536356,0.404217154,0.606918216,-0.00885807443,0.413782805,0.617191195,-0.0126797911,0.420837879,0.622935057,-0.0153658697,0.426492125,0.627225518,-0.0171922352,0.39303121,0.607214,-0.010106964,0.395071119,0.614869773,-0.0143095432,0.397116154,0.620034039,-0.0161071531,0.399048746,0.6246562,-0.0169440471
5300.000000000007,0.677589178,0.5804,1.03205295e-007,0.670067608,0.587590814,-0.0108529013,0.671246886,0.595285,-0.0162979551,0.678191543,0.601335406,-0.0195452292,0.68508774,0.606445,-0.0221000593,0.693104148,0.593489587,-0.0166953802,0.703696132,0.602955222,-0.021899296,0.708541751,0.608644783,-0.0238618907,0.71226877,0.61289537,-0.0248871464,0.701194584,0.592242837,-0.0125084585,0.698934793,0.604187429,-0.0186474063,0.689483583,0.606889784,-0.0192637,0.682602465,0.606529,-0.018664,0.704290688,0.591800928,-0.00857187808,0.699698567,0.602932811,-0.0138615537,0.691214144,0.604673624,-0.0126448339,0.685371,0.603834927,-0.0107684,0.704890907,0.591836333,-0.00540747214,0.700701118,0.601000667,-0.00952769164,0.694234729,0.603130817,-0.00937089231,0.689617515,0.60272,-0.0081265755
5300.000000000007,0.395677954,0.587703168,1.04497403e-007,0.416164637,0.588946879,-0.00307502388,0.431826025,0.59374994,-0.00496430509,0.441769242,0.599936724,-0.00635986542,0.449333787,0.605422437,-0.00763119105,0.426175982,0.601834834,-0.00646872586,0.439248145,0.611920416,-0.00979215745,0.446059555,0.617610097,-0.0112231253,0.451178432,0.621788144,-0.0120342718,0.415521085,0.605260849,-0.00758732,0.427575678,0.615855753,-0.0104384758,0.434955031,0.621647358,-0.012553337,0.440386623,0.625730753,-0.0140130511,0.40454787,0.606907547,-0.00880435,0.414614022,0.61714977,-0.0125381863,0.421669424,0.623034894,-0.0153571479,0.427315801,0.627350569,-0.0172970686,0.393668473,0.607186854,-0.00992151164,0.395758331,0.614760399,-0.0142068248,0.397696346,0.619947135,-0.0161306746,0.399551362,0.624548554,-0.0170561709
5316.666666666674,0.675234139,0.583252192,1.18925179e-007,0.666403949,0.590138078,-0.00986707676,0.66575855,0.597598732,-0.0151181296,0.672029138,0.603579283,-0.018403491,0.678334773,0.608557403,-0.0209071785,0.687736869,0.595287263,-0.0161225554,0.696831167,0.605250716,-0.0218479782,0.702147841,0.611519,-0.0241440888,0.706154466,0.616443515,-0.0252472907,0.696737409,0.594370246,-0.0124163153,0.691654623,0.605695128,-0.0189690031,0.682909,0.608243704,-0.0197348241,0.676498115,0.608044684,-0.0190159678,0.700714827,0.594340622,-0.00886710826,0.693753183,0.604928136,-0.0141859353,0.685769558,0.606030941,-0.0125308419,0.680218458,0.604717493,-0.0100628464,0.701904476,0.594994307,-0.00607152237,0.69615227,0.603803515,-0.0100403791,0.689873576,0.60554868,-0.00945503823,0.685503125,0.604988456,-0.00764863333
5316.666666666674,0.398492157,0.59135,5.70136578e-008,0.41740492,0.590633512,-0.00408917665,0.432410806,0.59457165,-0.00687765516,0.443165928,0.600912929,-0.00873083062,0.451522678,0.606287,-0.0103825796,0.428129107,0.603986382,-0.0095698759,0.441803396,0.613849103,-0.0130582135,0.448188126,0.618890703,-0.014310821,0.452589363,0.622537613,-0.0149454689,0.417722732,0.607374966,-0.00995917432,0.430323839,0.61800313,-0.0126573406,0.436718404,0.623218238,-0.013893744,0.440636337,0.626677632,-0.0148035679,0.406951368,0.608832598,-0.0103456853,0.417081028,0.619137406,-0.0138402265,0.42342037,0.624447346,-0.0158490278,0.427807122,0.628073096,-0.0173112564,0.396477848,0.608965039,-0.0107072284,0.398004681,0.616250515,-0.0145927016,0.399679661,0.620951355,-0.0160612799,0.400928319,0.62488097,-0.0167322271
5333.333333333341,0.674316645,0.583972,1.17307451e-007,0.663952172,0.590207338,-0.00887119398,0.662650824,0.598364174,-0.013336529,0.667430341,0.605074465,-0.016042823,0.672961533,0.610305786,-0.0181548744,0.682152629,0.597678661,-0.014157312,0.691052079,0.607848585,-0.0191948023,0.694990456,0.614539742,-0.0210840832,0.696994424,0.619760334,-0.0218972228,0.690944552,0.596558571,-0.0109568126,0.685948431,0.60769403,-0.017294148,0.677112877,0.610407472,-0.0183249488,0.670029759,0.610558689,-0.0177618228,0.695183754,0.596170306,-0.00791315,0.688370883,0.606425524,-0.0127647575,0.68098551,0.608231664,-0.0117604099,0.675644577,0.608004391,-0.00995885,0.696889699,0.596401513,-0.00552976178,0.691580832,0.6046924,-0.00922499597,0.685618281,0.60708791,-0.00889975391,0.681364357,0.607426584,-0.00745609635
5333.333333333341,0.395040661,0.589781642,9.18710725e-008,0.415787935,0.589589834,-0.00363703095,0.431935042,0.593839943,-0.00558271678,0.442510456,0.600523,-0.007000905,0.451201141,0.606005669,-0.00815609563,0.427094907,0.602815866,-0.00535171852,0.439815104,0.612216115,-0.00880115572,0.446599662,0.617720723,-0.0107471561,0.451649,0.621902823,-0.0119805774,0.416795552,0.606402457,-0.0062254467,0.42829603,0.616320789,-0.00898809824,0.435618937,0.621947169,-0.01135098,0.441043675,0.626159728,-0.0130353356,0.406220764,0.608104408,-0.0074022566,0.415275782,0.617750585,-0.0110673476,0.422094941,0.623442709,-0.0138588734,0.427561581,0.627861559,-0.0157552697,0.395371705,0.608528256,-0.00861795247,0.396884263,0.615809143,-0.0126886573,0.398724616,0.620620131,-0.0145372376,0.40048027,0.624939919,-0.0154257379
5350.000000000008,0.66738224,0.587316573,1.13892312e-007,0.658045948,0.592865944,-0.00959009863,0.658017814,0.600373805,-0.013516034,0.662210166,0.607034266,-0.0155865615,0.667133093,0.612185717,-0.0170558617,0.678577602,0.601613462,-0.0120430356,0.68565315,0.611311615,-0.0163660794,0.688271761,0.617469728,-0.0182959102,0.68959,0.622179389,-0.0191210415,0.68533355,0.600453198,-0.00787644554,0.679301143,0.610898495,-0.014238175,0.670328736,0.61239326,-0.0160289723,0.663588583,0.611670554,-0.0156392921,0.688405573,0.599782825,-0.00400815904,0.68085295,0.609547436,-0.00959984586,0.673175,0.610096097,-0.00985152833,0.667556882,0.608653367,-0.00820853654,0.689604342,0.599634767,-0.000722391531,0.684273541,0.607677877,-0.00529768597,0.678002715,0.60942632,-0.00596115272,0.673187554,0.608971834,-0.00481035467
5350.000000000008,0.39642781,0.590199828,1.15360152e-007,0.416479111,0.59042418,-0.0036431537,0.432075739,0.594216228,-0.00608159043,0.442309409,0.600360453,-0.00773998909,0.450597793,0.605935574,-0.00919968728,0.427554637,0.603164911,-0.00774358818,0.440849215,0.612932324,-0.0109612709,0.447321773,0.618469298,-0.012204105,0.451960772,0.622510374,-0.0128404461,0.417198032,0.606788337,-0.00839010626,0.429914415,0.61738044,-0.0106456531,0.436933726,0.623009622,-0.0121627795,0.441536248,0.626745284,-0.0132555608,0.406416774,0.608381093,-0.00910199061,0.416671723,0.618493557,-0.0121497968,0.42343387,0.624017298,-0.0143567789,0.428358197,0.627911448,-0.0159829073,0.395588577,0.608577728,-0.00977527071,0.397537231,0.615926385,-0.0135543821,0.399114311,0.620769,-0.0151483845,0.400510848,0.625010371,-0.0158537589
5366.666666666675,0.664298952,0.587276399,1.40243046e-007,0.653807223,0.593098938,-0.00852601,0.65295589,0.60119009,-0.0123688271,0.657110929,0.608134568,-0.0144717973,0.660999298,0.613899708,-0.0160901025,0.671228886,0.601887703,-0.0125553543,0.678312,0.6131953,-0.0169424266,0.68119204,0.62005794,-0.0185472369,0.68278271,0.625112116,-0.019130541,0.678650439,0.601126969,-0.00917805638,0.674072802,0.613516808,-0.0155810462,0.665144205,0.617684424,-0.0175905954,0.657088,0.618762,-0.0175393634,0.682414711,0.600804508,-0.00596844964,0.675561607,0.612137675,-0.0115098245,0.667371571,0.615593195,-0.0128741106,0.660219669,0.616278648,-0.0123753734,0.684289396,0.60098,-0.00319805206,0.678245902,0.60975337,-0.0078240009,0.671786,0.612957299,-0.00935839396,0.666298449,0.613914907,-0.00916715711
5366.666666666675,0.398716241,0.587993562,1.12125832e-007,0.417677581,0.589062572,-0.00372417062,0.432646513,0.593939304,-0.0061246613,0.44260177,0.600348115,-0.0078493664,0.451283723,0.60583365,-0.00942647923,0.428049028,0.602793515,-0.00770532666,0.440820456,0.61262691,-0.0114246123,0.447318614,0.618292332,-0.0132094827,0.451998591,0.622523546,-0.0142157758,0.417637348,0.605832756,-0.00867584534,0.429243147,0.616582155,-0.0116086388,0.436331064,0.622479916,-0.0137295434,0.441376746,0.626648068,-0.0151739586,0.40676868,0.606892884,-0.00975567475,0.415944099,0.617260098,-0.0134414174,0.42263025,0.623116434,-0.0160694141,0.427832395,0.627483308,-0.0178779177,0.395744771,0.606639922,-0.0108078355,0.396872073,0.61431551,-0.0151161952,0.398352772,0.619635582,-0.0169730876,0.399722248,0.624435365,-0.0178173669
5383.333333333342,0.655615032,0.588944912,1.38504262e-007,0.647341132,0.59509629,-0.00844763778,0.647712648,0.603046656,-0.0121102128,0.650876343,0.609733164,-0.0141183259,0.654577255,0.615464032,-0.0157515053,0.665255189,0.604685128,-0.0101952367,0.671897471,0.614433169,-0.0146376733,0.675157428,0.620635271,-0.0173176154,0.677381277,0.625493586,-0.018763192,0.671729445,0.603276134,-0.00704540685,0.675796509,0.612604618,-0.0109140882,0.676295638,0.618846834,-0.0128973126,0.675471425,0.623711,-0.0140673574,0.67530185,0.602258444,-0.00437276065,0.677623928,0.611408293,-0.00781655591,0.677450597,0.617353439,-0.00887753163,0.675893366,0.622023523,-0.009254843,0.676978052,0.601571262,-0.00231579714,0.677725911,0.609129727,-0.00553843519,0.675900161,0.614235,-0.0062472946,0.673065186,0.618015587,-0.00615602313
5383.333333333342,0.397511721,0.590537906,8.89082514e-008,0.417834669,0.590930164,-0.0035169411,0.433440566,0.595179498,-0.00544337602,0.443345308,0.601472914,-0.00677943276,0.452036023,0.606729388,-0.0078240037,0.429193348,0.604052722,-0.00539515,0.441152304,0.613156378,-0.00818266813,0.447294444,0.618234754,-0.00959221,0.451806813,0.622103155,-0.010486844,0.418762565,0.607296526,-0.00610469328,0.430273652,0.617089927,-0.00813601818,0.437319398,0.622488797,-0.00993577391,0.44232133,0.626421452,-0.0113509828,0.407963187,0.60874474,-0.00708884746,0.416612357,0.618360281,-0.0101492032,0.423263818,0.623892486,-0.012659031,0.428556085,0.628044307,-0.0145162791,0.397059411,0.608993649,-0.00809799507,0.397879809,0.616109908,-0.0116388658,0.399839252,0.621060073,-0.0133919315,0.401952386,0.625533462,-0.0143460175
5400.000000000009,0.653749049,0.589210033,1.50465183e-007,0.643284202,0.595355034,-0.00809572637,0.642042,0.604062498,-0.0120890476,0.644982517,0.610725,-0.0147836581,0.647939205,0.616545737,-0.0171491504,0.661294699,0.605951726,-0.0100336,0.668263495,0.616077602,-0.0153639112,0.671209693,0.622962296,-0.0183224771,0.67230314,0.628123045,-0.0197868217,0.668974578,0.604454696,-0.0075045852,0.669283569,0.614016652,-0.0132021047,0.663782775,0.618597448,-0.0155571261,0.657885253,0.621334314,-0.0163394399,0.673814237,0.602878749,-0.00547889,0.672015667,0.611784518,-0.0106366333,0.666187644,0.615618229,-0.0112667382,0.660479486,0.618192613,-0.0107106091,0.67687726,0.601420462,-0.00397498393,0.675498962,0.608680367,-0.00802565087,0.670293748,0.612388134,-0.00821829494,0.665300727,0.614415467,-0.00737444358
5400.000000000009,0.400494456,0.589094639,1.09205622e-007,0.419626623,0.589997411,-0.00386791071,0.43446219,0.59486866,-0.00577672757,0.444284797,0.60124135,-0.00703714322,0.452663,0.60664773,-0.00808398332,0.429519534,0.603907287,-0.00580210751,0.441493422,0.613287091,-0.00895950757,0.447611302,0.618724704,-0.0107188718,0.45194611,0.622862101,-0.0117760981,0.419258207,0.607189417,-0.00637027668,0.430211037,0.617299259,-0.00851939153,0.436880738,0.622976303,-0.0105960052,0.441482335,0.627066255,-0.0121281147,0.408724427,0.608462036,-0.00720011024,0.417092562,0.618325651,-0.0102772554,0.42313832,0.623886049,-0.012871298,0.427689701,0.628007233,-0.0147248162,0.39812988,0.608374298,-0.00808881,0.398709178,0.615734458,-0.0118300188,0.399903655,0.620722234,-0.0135699837,0.400908858,0.625165522,-0.0143948831
5416.666666666676,0.653619409,0.589761436,1.60421635e-007,0.641396344,0.596156538,-0.00802598707,0.637873113,0.605006695,-0.0121194087,0.639485955,0.612132,-0.0147905881,0.642032444,0.618545294,-0.0170091856,0.657469749,0.60634166,-0.0103811715,0.663960159,0.617490411,-0.0146031985,0.666318715,0.624404609,-0.0166195948,0.667420805,0.629442513,-0.0174759682,0.66612947,0.604850352,-0.00744534424,0.668259501,0.614940047,-0.0116994036,0.665474474,0.620488405,-0.0133170728,0.661637127,0.624011397,-0.0138423825,0.671223462,0.6038239,-0.00485550566,0.671160221,0.613453031,-0.00787789654,0.668004096,0.618257642,-0.00764392922,0.664020479,0.621462345,-0.00694137951,0.673546255,0.603328109,-0.00291758636,0.672553182,0.611342132,-0.00506034167,0.66928041,0.616191387,-0.00461222231,0.665611506,0.619156957,-0.00361598982
5416.666666666676,0.398760825,0.589838207,8.92139269e-008,0.418837547,0.590066373,-0.00337777846,0.433950901,0.594961,-0.00489502493,0.443728328,0.601605415,-0.00585590117,0.452459276,0.606975138,-0.0064838347,0.430248022,0.604324043,-0.00395299215,0.44206804,0.613727093,-0.00636651227,0.447802663,0.619051695,-0.00766885607,0.451892972,0.623030126,-0.0084502,0.419503629,0.607732713,-0.00451741833,0.430700839,0.617756367,-0.00611195341,0.437310368,0.62325561,-0.00801525079,0.442084104,0.627161205,-0.00942853466,0.408461332,0.609203458,-0.00539824506,0.417296886,0.61884582,-0.008063,0.423850954,0.624435604,-0.0107099507,0.429214418,0.628595233,-0.0126342447,0.397320628,0.609321535,-0.0063045742,0.398361415,0.616602182,-0.00938092265,0.400184125,0.621401727,-0.0109431921,0.402229697,0.625621498,-0.0117526921
5433.333333333343,0.64369,0.591264665,1.1171624e-007,0.636829,0.59794426,-0.00657351734,0.634813607,0.606615782,-0.00961220171,0.636166275,0.613119781,-0.0118074883,0.638260901,0.618924916,-0.0136436056,0.65058583,0.60822016,-0.00734911533,0.656402171,0.618818,-0.0116176149,0.658619225,0.625688076,-0.0137913506,0.659876764,0.63093549,-0.0148776053,0.653375387,0.607370555,-0.00564658828,0.652105808,0.617356,-0.0114906896,0.645427108,0.620798051,-0.0145312324,0.638968766,0.622098,-0.0155030359,0.65472275,0.60647279,-0.00434026355,0.652515769,0.615476906,-0.0100248335,0.646403611,0.61861527,-0.011544575,0.640602767,0.619706869,-0.0110524381,0.655966043,0.605766952,-0.00336600095,0.656271636,0.613224089,-0.00754390331,0.651700854,0.616721511,-0.00826829765,0.647018313,0.618191481,-0.00764851412
5433.333333333343,0.397515595,0.589993954,1.00918697e-007,0.418445945,0.59036392,-0.00318942871,0.434473306,0.594944119,-0.00488612056,0.444764,0.601518273,-0.00599392829,0.453285724,0.607053936,-0.00685450248,0.429717422,0.603610754,-0.0054671336,0.441927016,0.613391101,-0.00837134,0.448045254,0.618872523,-0.00967895798,0.452402055,0.622905552,-0.0103928121,0.418820977,0.607124209,-0.00626745,0.430465788,0.617675126,-0.008375342,0.437316298,0.62342006,-0.010196167,0.442199379,0.627582431,-0.0115045337,0.407898694,0.608741045,-0.0072484063,0.417271078,0.618767202,-0.0102806222,0.424005091,0.624417305,-0.0128402356,0.429354757,0.628652275,-0.0146801183,0.397138894,0.609050274,-0.00819719676,0.398602575,0.616337061,-0.0117498124,0.400039732,0.62112397,-0.0133556919,0.401405066,0.625448108,-0.0141187645
5450.00000000001,0.642481923,0.592115819,1.3762488e-007,0.633309782,0.598854601,-0.00671836082,0.630710125,0.60779953,-0.00976751558,0.632285297,0.614506483,-0.011923437,0.633424759,0.620041251,-0.0136084156,0.648646295,0.60954082,-0.00677732797,0.652663887,0.620188,-0.0110952836,0.653243244,0.627357244,-0.0137718813,0.653492093,0.632627189,-0.0152816139,0.652633667,0.608483851,-0.00493799755,0.64967674,0.618163407,-0.0104034021,0.642294824,0.621120334,-0.0132114636,0.636077583,0.621984422,-0.0142417885,0.654889166,0.607187629,-0.00356777408,0.650581956,0.616055846,-0.00839385763,0.643695951,0.618803084,-0.0091067,0.637692392,0.61950779,-0.00841701776,0.65635103,0.60591048,-0.00266607013,0.654181957,0.613338113,-0.00590704707,0.648725867,0.616381884,-0.00598280551,0.643749416,0.617169559,-0.00513402931
5450.00000000001,0.398888707,0.590580285,1.05684848e-007,0.419082195,0.591131568,-0.00322508602,0.434754401,0.595521271,-0.00510047376,0.444806039,0.601856947,-0.00634797337,0.452996403,0.607437968,-0.00737447,0.4304052,0.604637206,-0.00591021823,0.442732394,0.614280462,-0.00865398627,0.448440313,0.619694114,-0.00985091086,0.452218026,0.623720646,-0.0105003556,0.419662476,0.60784024,-0.00666640699,0.431197107,0.618152738,-0.00846807566,0.437681198,0.623880923,-0.0100822672,0.441949427,0.627943337,-0.011290147,0.408528537,0.609163225,-0.0075534014,0.417714953,0.619070172,-0.0103354333,0.42405352,0.62481761,-0.0126521038,0.428817689,0.629094779,-0.0143519873,0.397446394,0.609271467,-0.00839249138,0.399477,0.61645782,-0.0118144853,0.401114702,0.621161461,-0.0131448191,0.402437299,0.625348628,-0.0136814322
5466.666666666677,0.638114631,0.592098892,1.11763285e-007,0.641539,0.597858846,-0.00485148607,0.639820158,0.607015133,-0.00735949678,0.634372,0.614583731,-0.00928310491,0.630096853,0.62009567,-0.0108484104,0.64718169,0.609425247,-0.00558725419,0.649486959,0.620929122,-0.00874393806,0.649811149,0.627978683,-0.0106862308,0.650025904,0.63322258,-0.0118882488,0.641703308,0.60945636,-0.00481871376,0.640143931,0.619390368,-0.00920912251,0.635293543,0.622850537,-0.0124393897,0.630773544,0.623999894,-0.0141546922,0.635962605,0.608771801,-0.00427427702,0.634009,0.61785543,-0.00871486124,0.629771,0.621162,-0.0108659351,0.625588953,0.621628,-0.0113793518,0.630999088,0.608088911,-0.00389722409,0.629673719,0.615740359,-0.00696227048,0.627005756,0.619163,-0.00780668808,0.624158859,0.620283067,-0.00776148587
5466.666666666677,0.399160653,0.591158807,1.01683746e-007,0.419265836,0.592062771,-0.00348040205,0.435132444,0.596133351,-0.00561915338,0.444852978,0.6021294,-0.00728368061,0.452853054,0.607588828,-0.00869836099,0.430854976,0.605205834,-0.00499892375,0.442535192,0.614206672,-0.00813393667,0.448364705,0.619515538,-0.0100509617,0.45260635,0.623604774,-0.0113412496,0.420566857,0.608324051,-0.00611835718,0.431142926,0.618225157,-0.0085201133,0.437359124,0.623635054,-0.0108104208,0.44184196,0.627503932,-0.0125034703,0.409784883,0.609539747,-0.0075458535,0.417952359,0.619263768,-0.0108082546,0.423814893,0.624913812,-0.0133862523,0.428499043,0.629164517,-0.0152908452,0.398718059,0.609368682,-0.00901652407,0.399822503,0.616358578,-0.01281102,0.401085019,0.62122345,-0.0143975392,0.402243942,0.625664711,-0.015186334
5483.333333333344,0.632256746,0.593981385,1.61226779e-007,0.624582946,0.600556135,-0.00704359217,0.623596311,0.608830929,-0.00962709077,0.624495089,0.615556657,-0.0112516256,0.625967145,0.621854246,-0.012403544,0.641965747,0.612646,-0.00492916582,0.645903111,0.623013735,-0.00816400442,0.645712376,0.629919,-0.0105044963,0.645288825,0.635065138,-0.0118428897,0.64546442,0.611860693,-0.00260785082,0.641176939,0.621592045,-0.00695302105,0.633137524,0.624922454,-0.00993579067,0.626731,0.625954092,-0.0111935865,0.647788227,0.610753596,-0.000884441659,0.641310275,0.619714916,-0.00529000722,0.633183,0.622019887,-0.00677990913,0.626891196,0.622264206,-0.00657859491,0.649475038,0.6096313,0.000418692274,0.645914674,0.617343128,-0.00276031299,0.639597654,0.620790958,-0.00327521912,0.634456217,0.62208128,-0.0027073659
5483.333333333344,0.39917624,0.590763032,1.03764791e-007,0.419165105,0.591242194,-0.00321122864,0.434918672,0.595752299,-0.00512341363,0.444951773,0.602159381,-0.00644409517,0.453322351,0.607672453,-0.00749846827,0.430558,0.604780912,-0.00582215562,0.442423582,0.614381135,-0.00878293347,0.448007762,0.619837,-0.0101253986,0.451741666,0.623812139,-0.0108457813,0.420030147,0.607981,-0.00670306943,0.430975944,0.618287504,-0.00898839068,0.437217236,0.624048531,-0.0108432202,0.441591561,0.628212273,-0.0121052871,0.409145445,0.609333336,-0.0077433181,0.417889535,0.6191504,-0.0108679673,0.4237248,0.624964416,-0.0132427318,0.428234458,0.629389763,-0.0148522574,0.398130953,0.609455585,-0.00874339882,0.400069237,0.616924584,-0.012277836,0.401550233,0.621842682,-0.0136564653,0.402735054,0.626209855,-0.0141884759
5500.000000000011,0.637207925,0.593888879,1.52563601e-007,0.62567848,0.600529611,-0.00647814944,0.621310234,0.609485924,-0.00974738691,0.621242821,0.616470098,-0.0117975464,0.621606588,0.621927857,-0.0134300943,0.640918314,0.612740934,-0.00904016756,0.643515944,0.624500155,-0.0120441169,0.64379251,0.631451845,-0.0133618126,0.643937945,0.63645184,-0.0139428219,0.650114775,0.611745954,-0.00640354631,0.644938707,0.622170389,-0.010276367,0.636388838,0.624245524,-0.0116696339,0.630523145,0.623730779,-0.0118568884,0.655560374,0.610497057,-0.00384575385,0.64843452,0.619912863,-0.00670493348,0.64013952,0.621222734,-0.00673562754,0.634312809,0.620579422,-0.00606213277,0.658628225,0.609519,-0.00163501874,0.65228647,0.617299557,-0.00327365589,0.645314157,0.619262397,-0.0028821826,0.640420616,0.618930042,-0.00193141913
5500.000000000011,0.400419384,0.590446413,1.05768251e-007,0.420445472,0.591363251,-0.00282286596,0.435946435,0.596118033,-0.00436803605,0.445757866,0.602594674,-0.00544506032,0.453854293,0.608096063,-0.00626126444,0.431423336,0.604939818,-0.00465502171,0.442932487,0.614629686,-0.00726812147,0.448431164,0.620123446,-0.00855436828,0.452164322,0.624171197,-0.0092380289,0.420953751,0.608066201,-0.00550663657,0.431495696,0.618566871,-0.00717159361,0.437591583,0.624322236,-0.00874454528,0.441751093,0.628333509,-0.00985645223,0.410114944,0.609387875,-0.00654021697,0.41819787,0.619547,-0.00898009539,0.423951089,0.625250518,-0.0110479966,0.42846337,0.629315495,-0.0125263957,0.399160534,0.609445632,-0.00755024655,0.400152177,0.617061079,-0.0104487846,0.401827902,0.621925354,-0.0115496498,0.40359,0.626069725,-0.0119349752
5516.666666666678,0.634110332,0.594601512,1.50127434e-007,0.623094738,0.600485861,-0.00794217177,0.620411158,0.609354377,-0.0106726512,0.621213436,0.616152525,-0.01188845,0.621698737,0.622035384,-0.012660725,0.637639642,0.614619553,-0.0073359292,0.639703572,0.624927759,-0.0103876283,0.640040338,0.631225407,-0.0124321254,0.64038384,0.63585633,-0.0134709254,0.644501865,0.613705277,-0.00420911377,0.644329607,0.623566508,-0.00689449953,0.642010689,0.629679,-0.00863425527,0.639508724,0.633999407,-0.00954434276,0.648958325,0.612584889,-0.00167698495,0.64668417,0.621848643,-0.00434258813,0.642713249,0.627000332,-0.00567954,0.638558149,0.630449951,-0.00606121169,0.651836574,0.611472,0.000252141122,0.6487661,0.619403899,-0.00229104212,0.644351661,0.62410742,-0.00305372733,0.639725327,0.62707746,-0.00289408118
5516.666666666678,0.400104254,0.591160238,1.01123845e-007,0.420341492,0.591946542,-0.00278995931,0.43604815,0.596417964,-0.00466724066,0.445834816,0.602907956,-0.00596773578,0.453784257,0.608421624,-0.00701689674,0.430612832,0.604364932,-0.00643540872,0.442885548,0.614475489,-0.00941595249,0.448612273,0.619983554,-0.0104979398,0.452458054,0.623998523,-0.010948075,0.419954,0.607696295,-0.00725834584,0.431246459,0.61854881,-0.00945271365,0.437561303,0.62451452,-0.0109328479,0.441840172,0.628820658,-0.0119815404,0.409361541,0.609387338,-0.00812528282,0.418477,0.619576395,-0.0109493807,0.424634755,0.62544,-0.013100923,0.429304183,0.629775822,-0.0146549,0.398957133,0.609943509,-0.00890425406,0.400836974,0.617418468,-0.0120869614,0.402723074,0.622296214,-0.0133678783,0.404515713,0.626589239,-0.0139152557
5533.333333333345,0.632757604,0.59447068,1.37754071e-007,0.620237827,0.600793242,-0.00621390576,0.616652489,0.609923542,-0.00790514145,0.617147505,0.616807818,-0.00847057439,0.617674053,0.622522473,-0.00852855761,0.634617627,0.613986492,-0.00510377763,0.637284577,0.624812543,-0.00680380175,0.637840152,0.631603062,-0.00773581211,0.6382038,0.636675417,-0.00811459497,0.641529739,0.612997472,-0.00231499923,0.640276372,0.623076439,-0.00484564761,0.634591937,0.627945602,-0.00652857451,0.629159808,0.630437791,-0.00713577075,0.645245075,0.611952722,0.000116404975,0.6412853,0.621377528,-0.002461778,0.633907497,0.6246593,-0.00388794625,0.627515,0.625634253,-0.00397124235,0.647101104,0.611374795,0.00218390184,0.643339336,0.619684815,0.000289994146,0.63720423,0.623574734,-0.000377796037,0.631631,0.625104427,-0.000129825727
5533.333333333345,0.402451754,0.592421949,1.06780384e-007,0.421829015,0.593473732,-0.00294792745,0.437117577,0.597201347,-0.00523550296,0.447153687,0.603096664,-0.00692700269,0.454672396,0.608515,-0.0083654169,0.432075739,0.605409265,-0.00698541105,0.444092184,0.615352452,-0.0100637497,0.449262172,0.620570421,-0.0111713652,0.452549726,0.624241054,-0.0116717992,0.421426177,0.608628631,-0.0079083629,0.432489544,0.619320571,-0.0102933953,0.438412786,0.624927461,-0.0118381409,0.442261428,0.628652334,-0.0128916483,0.410738349,0.610063672,-0.00887152646,0.419225216,0.620196819,-0.0117831882,0.425086707,0.625862062,-0.0139728514,0.42955336,0.629946768,-0.0155739086,0.400274396,0.610205591,-0.00974464603,0.401460797,0.617369235,-0.0131493919,0.403172493,0.622226834,-0.0146356858,0.404781461,0.626572847,-0.0153222196
5550.000000000012,0.628729403,0.596398056,1.3883303e-007,0.61836648,0.602310777,-0.00663862797,0.614921749,0.610624135,-0.0089768786,0.614628494,0.617344499,-0.010361894,0.615118444,0.623041332,-0.0112272203,0.632594705,0.615978658,-0.00474538701,0.635886788,0.626198709,-0.00702326838,0.636046231,0.632652044,-0.00849001762,0.635827243,0.637400568,-0.00928752404,0.637665391,0.615700901,-0.00214090105,0.632233202,0.624756455,-0.00594011787,0.62364471,0.627147913,-0.00842523295,0.616938651,0.627449214,-0.00928316358,0.641144812,0.615024745,-3.49170514e-005,0.63353163,0.623329,-0.00388521538,0.625416756,0.625133216,-0.00555543508,0.619027734,0.624973357,-0.00552737573,0.64405,0.614273429,0.00170770776,0.638148546,0.621749163,-0.00095092546,0.631091416,0.624523163,-0.00162674289,0.625433743,0.625095,-0.0011585569
5550.000000000012,0.401740611,0.591765225,1.01501307e-007,0.421152323,0.592418313,-0.00316318544,0.436202705,0.596795738,-0.00523328828,0.445824057,0.603066087,-0.00673024589,0.45439285,0.608337462,-0.00800788496,0.432322025,0.605437,-0.00619591,0.443692058,0.615002,-0.00938633,0.448839843,0.620462835,-0.0109204277,0.452222526,0.624495,-0.0117837284,0.421761781,0.608523607,-0.00715986313,0.43227461,0.618913,-0.00943324529,0.438233,0.624735236,-0.0113043953,0.442412287,0.628908038,-0.0126826735,0.410899,0.609788895,-0.00826244149,0.419028878,0.619782627,-0.0113135772,0.424749583,0.625542104,-0.0136730559,0.429168791,0.629835,-0.0153659731,0.399827719,0.609858096,-0.00932181161,0.401276171,0.617198348,-0.0129323211,0.402915657,0.622054577,-0.0144515149,0.404499829,0.62636584,-0.0151322465
5566.666666666679,0.63018769,0.595294416,1.67603048e-007,0.618434191,0.600898862,-0.00765106035,0.613932848,0.610366821,-0.0101095075,0.6132285,0.617881358,-0.0109219439,0.613515913,0.624034584,-0.01113676,0.632106066,0.614751697,-0.00770000322,0.63452667,0.625701785,-0.0100076823,0.634587705,0.632303298,-0.0112113291,0.634333849,0.637143373,-0.0117507046,0.639891088,0.613993466,-0.00438250322,0.639716208,0.624388218,-0.00649791351,0.636579514,0.630581141,-0.00780623173,0.633294165,0.634845257,-0.00856161676,0.644374847,0.612805605,-0.00151644915,0.641402543,0.622163832,-0.00345231919,0.636412442,0.626852393,-0.00421580626,0.631784,0.629725575,-0.00439458061,0.646447599,0.611574173,0.000817051157,0.64304769,0.619377434,-0.000556055689,0.638239801,0.623492301,-0.000536727312,0.633685648,0.625676,-5.69147051e-005
5566.666666666679,0.402390659,0.590612531,1.04028445e-007,0.422276467,0.591440916,-0.00274584605,0.437187,0.596376479,-0.00427843397,0.446779281,0.602941573,-0.00525117852,0.454862386,0.608394504,-0.0059708138,0.432765,0.605028868,-0.00539964112,0.443984538,0.614994,-0.00806583837,0.449178427,0.62048161,-0.00915000215,0.452568084,0.624437749,-0.0096822679,0.421772689,0.608316123,-0.00623333734,0.432386398,0.618715644,-0.00822223444,0.438581228,0.624484122,-0.00997014157,0.442917019,0.628586709,-0.0111650052,0.410658866,0.609689,-0.00713238725,0.418936551,0.619453192,-0.00998866558,0.424889088,0.625222683,-0.0123965126,0.429618716,0.629553318,-0.0140531,0.399727106,0.609755456,-0.00793296378,0.401017666,0.617108,-0.011280437,0.402631193,0.621908844,-0.0126661118,0.404160768,0.626165926,-0.013194276
5583.333333333346,0.624540091,0.5974828,1.42386398e-007,0.613823175,0.602731645,-0.00732856477,0.611179411,0.61120373,-0.00934785511,0.612072468,0.617491245,-0.00993197598,0.613712847,0.623101294,-0.00985068455,0.629720032,0.617148459,-0.0065270015,0.632495761,0.62740463,-0.00879342854,0.632275343,0.633503616,-0.00986376684,0.631460369,0.637925863,-0.0102052987,0.635876954,0.616390467,-0.00351652852,0.634424329,0.626424432,-0.00650398666,0.6280182,0.631231666,-0.00813790597,0.621423066,0.633895218,-0.0086717857,0.639543,0.615314901,-0.00109418854,0.632988811,0.624646723,-0.0048697507,0.62340349,0.627493858,-0.00715587242,0.614990771,0.628391623,-0.00776310964,0.641901672,0.614369392,0.000944435305,0.636096299,0.62199527,-0.00244247285,0.628426075,0.625430167,-0.00425898703,0.62168467,0.627011299,-0.0047445735
5583.333333333346,0.401171297,0.591242,9.49276711e-008,0.421720326,0.59199053,-0.00277997367,0.437179297,0.596720219,-0.00415512035,0.446831584,0.603105247,-0.00516241,0.455160648,0.608332932,-0.00586797902,0.433058709,0.605449498,-0.00327931321,0.443882853,0.614760935,-0.00578242959,0.449053884,0.620030582,-0.00725705,0.452521682,0.624031126,-0.00813863706,0.42251727,0.608768702,-0.00419825688,0.4326199,0.61890167,-0.00575338816,0.438509971,0.624632597,-0.00762622524,0.442541271,0.628798068,-0.00904512,0.411674529,0.610308468,-0.00540237036,0.419469327,0.62020117,-0.00772823673,0.424978793,0.625844598,-0.00981215,0.429292858,0.629965186,-0.0113466876,0.400795072,0.610569715,-0.00663606916,0.402426273,0.617874742,-0.00921855494,0.404406309,0.622624218,-0.0101245111,0.406255394,0.626803041,-0.0104534598
5600.000000000013,0.623339713,0.597751,1.182148e-007,0.613143623,0.603858769,-0.00463672634,0.610821664,0.612181,-0.00494536525,0.611574829,0.618503451,-0.00490188412,0.611389935,0.624146879,-0.00425894931,0.629306,0.618091762,0.00264975987,0.630470753,0.627687275,0.0022116343,0.629521668,0.633059561,0.00137019227,0.628783941,0.637012184,0.000895278878,0.633788407,0.617489874,0.00427978393,0.628601134,0.626271069,0.00191990449,0.620613337,0.629135072,-0.00104198046,0.613643467,0.630744338,-0.0022695004,0.637099922,0.616814,0.00510710431,0.629556179,0.624909461,0.00202392857,0.621747,0.627679467,-0.000807171629,0.61496383,0.629252255,-0.00158598833,0.640176475,0.616273284,0.00560561614,0.635232806,0.623676419,0.00395424152,0.630016088,0.627551,0.00291724689,0.625013709,0.63010633,0.00289271609
5600.000000000013,0.402222514,0.591256559,1.03832583e-007,0.4220438,0.592146754,-0.00316715217,0.437295794,0.596566081,-0.00489312923,0.446994364,0.60285759,-0.00617489917,0.455171466,0.60831064,-0.00719089201,0.432962209,0.605658472,-0.00417867349,0.444045246,0.614799321,-0.00695224712,0.449165821,0.61998421,-0.00859343447,0.452521712,0.623919427,-0.00959345512,0.422620505,0.608999252,-0.00500540156,0.433042377,0.619093,-0.00680633401,0.438867778,0.624717414,-0.00879524741,0.442748576,0.628775954,-0.0102722235,0.412046134,0.610431492,-0.00613509864,0.42037648,0.620359302,-0.00882245414,0.426004261,0.625930548,-0.0112316832,0.430394322,0.630021,-0.0129857687,0.40140602,0.610469639,-0.00729674427,0.402259558,0.617708743,-0.0104897749,0.403809369,0.622398436,-0.0119090145,0.405402839,0.62649107,-0.0125626596
5616.66666666668,0.629415095,0.597754121,1.38560466e-007,0.617187262,0.602887869,-0.00764337881,0.612078846,0.610911429,-0.0101519087,0.609926462,0.617740571,-0.0111595457,0.610309958,0.623770058,-0.0115042524,0.631594896,0.617420495,-0.00584021,0.631521,0.6282534,-0.00678566098,0.630425513,0.634017348,-0.00730116479,0.62984252,0.638364434,-0.00753100729,0.637171745,0.616673112,-0.00215517194,0.630475402,0.626024842,-0.00416067895,0.621664941,0.629012704,-0.0058528129,0.614428,0.630169332,-0.00664273,0.639913142,0.615704477,0.00114296167,0.631627858,0.624215,-0.000908827584,0.623153567,0.626644373,-0.00246132351,0.616076827,0.627478421,-0.00297902757,0.641112328,0.61513567,0.0039679897,0.634503484,0.622476637,0.00254670833,0.627654493,0.625406,0.00187421334,0.621743798,0.62644285,0.00194868946
5616.66666666668,0.401500732,0.591370225,1.00836544e-007,0.421546668,0.592004538,-0.00260105403,0.437238455,0.596638918,-0.0041499855,0.44697094,0.602894425,-0.00527468603,0.455070078,0.608283639,-0.00615534,0.43283543,0.604913175,-0.00504309312,0.444357216,0.61473912,-0.00770625891,0.449557334,0.620213151,-0.00879767071,0.453087717,0.62423,-0.0093608126,0.422213584,0.60810405,-0.0060926727,0.433258146,0.618737042,-0.00804662798,0.43932265,0.624645531,-0.00976112299,0.443547755,0.628861129,-0.0109784948,0.41120711,0.609573305,-0.00726995151,0.420018345,0.619716525,-0.0100408522,0.425892651,0.625597775,-0.0123863379,0.430608094,0.629972,-0.0140580963,0.400030643,0.609870911,-0.0083606,0.401517,0.617618382,-0.0115701575,0.403363198,0.622695684,-0.0129850963,0.40538469,0.62714082,-0.0136434129
5633.333333333347,0.631095111,0.598264515,1.41458855e-007,0.618370295,0.603073716,-0.00867654942,0.612510622,0.610984564,-0.011748638,0.610002577,0.617871761,-0.0129628126,0.610596061,0.624269426,-0.0134736421,0.631948888,0.617326736,-0.00825332757,0.631730676,0.628437757,-0.00949515216,0.630064964,0.634272873,-0.00998351444,0.629043,0.638691425,-0.0101741171,0.637523,0.617097795,-0.00396255823,0.631028771,0.626828253,-0.00625985255,0.621916771,0.629637778,-0.00777145242,0.614608586,0.630380929,-0.00839690678,0.640083611,0.616640747,1.02158092e-005,0.631741703,0.625285268,-0.00192479743,0.622851789,0.627470255,-0.00311395526,0.615633309,0.627880216,-0.00343646482,0.64081,0.616547942,0.00342509081,0.634235919,0.624129117,0.00219197618,0.627356231,0.627317786,0.00159736932,0.621527135,0.628486335,0.00164035044
5633.333333333347,0.403252125,0.590733945,1.06064832e-007,0.423110813,0.592281759,-0.00237860857,0.438185692,0.59702456,-0.00393003365,0.447594643,0.603188753,-0.00508683966,0.454758465,0.608644664,-0.00609062379,0.433488578,0.605261683,-0.00489192456,0.444248646,0.61488694,-0.00779522909,0.449603558,0.620454729,-0.00926151872,0.453205854,0.62455982,-0.0101118227,0.422828138,0.608373523,-0.00612767786,0.432549268,0.618883193,-0.00834033731,0.43862623,0.624786854,-0.0102780527,0.443055093,0.629026413,-0.0116331382,0.411840945,0.609666228,-0.00746347429,0.419544548,0.619637728,-0.010424627,0.425386161,0.62555486,-0.0128113916,0.430058688,0.629970193,-0.0144680692,0.400823563,0.609624803,-0.00869640522,0.401922435,0.617127299,-0.0120842606,0.40361616,0.622179508,-0.0134582063,0.405331075,0.626681745,-0.0140218846
5650.000000000014,0.630612,0.598145604,1.40724552e-007,0.617616653,0.602854311,-0.0079864217,0.612266481,0.611076474,-0.00993443187,0.609814644,0.617747664,-0.0100716567,0.610096872,0.623821139,-0.00947934762,0.631087184,0.617961466,-0.00563128246,0.631406605,0.628606677,-0.00584565336,0.630268276,0.634476066,-0.00595471682,0.629682302,0.638939,-0.00586634781,0.636686206,0.617349863,-0.00116388581,0.632730424,0.626603663,-0.00125085248,0.627104759,0.630627573,-0.00177714077,0.622511625,0.633103967,-0.00207077828,0.639732182,0.616507232,0.00283594499,0.633785069,0.624827862,0.00288635097,0.627572954,0.627868116,0.00265581277,0.622492,0.629572213,0.00271028792,0.641304791,0.616018176,0.00620536413,0.63690412,0.62367177,0.00664166966,0.632170141,0.627217114,0.00713866204,0.628074229,0.629020154,0.00780679891
5650.000000000014,0.403156966,0.591986358,1.00469286e-007,0.422926873,0.592711091,-0.00293710968,0.438076645,0.597056,-0.00486115692,0.447663188,0.603212,-0.00627095811,0.455827117,0.60852772,-0.00743241282,0.433667749,0.605580211,-0.00572765246,0.445145607,0.615220129,-0.0084638074,0.450119883,0.620468199,-0.00951597653,0.453327119,0.624284,-0.0100283222,0.422885,0.608645082,-0.00665268768,0.433612168,0.619143784,-0.00866717659,0.43955031,0.624925613,-0.0103595313,0.443547189,0.629029274,-0.0115884943,0.411777973,0.610043883,-0.00769092236,0.420108438,0.620042384,-0.0104748253,0.426075637,0.625806272,-0.0127259446,0.430744499,0.630068064,-0.0143689485,0.400594562,0.610292673,-0.008657814,0.402112663,0.617727518,-0.0117502995,0.40402,0.622594953,-0.0129662436,0.405962914,0.626915216,-0.0135069769
5666.666666666681,0.630998492,0.598008156,1.37421551e-007,0.618712604,0.602523386,-0.00771239446,0.613862634,0.610743701,-0.00969574787,0.611374795,0.617462873,-0.0100410143,0.611314237,0.623367727,-0.00962968357,0.633267701,0.617353141,-0.00579334097,0.632528126,0.628107369,-0.00651225261,0.630753279,0.633863807,-0.00670023076,0.629667342,0.638171554,-0.00654438976,0.639062,0.61660862,-0.00184114731,0.633650124,0.625902712,-0.00330174481,0.626264036,0.629504561,-0.00434853369,0.620242536,0.63150382,-0.00465685548,0.641944885,0.615837932,0.00168516743,0.634755969,0.624346614,0.000316624384,0.626940906,0.62724191,-0.000274195772,0.620651841,0.62861824,-6.1511375e-005,0.643227339,0.615573287,0.00468074856,0.638838649,0.623873591,0.00417320477,0.634181321,0.62817055,0.00437572552,0.6300596,0.630773127,0.00502715586
5666.666666666681,0.403536469,0.590899,9.8571185e-008,0.423119664,0.591717064,-0.00242630392,0.438044608,0.596691608,-0.00414245576,0.447639167,0.603024364,-0.00533906138,0.455947548,0.608222783,-0.00635465095,0.433435112,0.605133295,-0.00644377945,0.445015252,0.614961386,-0.00944929197,0.449733675,0.620335042,-0.0105520478,0.452479422,0.624141932,-0.0110452492,0.422497034,0.60826391,-0.00764259789,0.433485538,0.619101524,-0.0100614624,0.439683914,0.624966145,-0.0117600374,0.443964064,0.629056573,-0.0128615545,0.411404461,0.609566808,-0.00880129263,0.420270026,0.620138943,-0.0119034704,0.426082641,0.625982583,-0.0140603529,0.43067044,0.630285203,-0.0155210504,0.400304407,0.609526873,-0.00981060788,0.40164566,0.617303193,-0.0133699551,0.403574824,0.622338235,-0.0146863693,0.405582219,0.626729608,-0.015146045
5683.333333333348,0.631951272,0.597593844,1.54282517e-007,0.618134856,0.602708578,-0.00766120059,0.612631261,0.610870242,-0.0101347873,0.61138314,0.617649555,-0.010927137,0.61208576,0.623559237,-0.0109213386,0.632047117,0.617249072,-0.00661251787,0.632075906,0.627888262,-0.00824912358,0.631414533,0.633986533,-0.0091958791,0.631203473,0.63850534,-0.00960302,0.640147686,0.616397142,-0.00289641717,0.637329459,0.626009285,-0.00440742215,0.632986784,0.631010056,-0.0048943134,0.62908417,0.634582222,-0.00505743735,0.644847453,0.615394771,0.000344002765,0.640198171,0.624450326,-0.00035227841,0.635602236,0.628611565,0.000396611285,0.631784618,0.631427288,0.00111383223,0.647055864,0.614704788,0.00284876162,0.643326521,0.622777045,0.00275956583,0.639467418,0.627117813,0.00372943981,0.635801613,0.629807353,0.00480224937
5683.333333333348,0.404249132,0.592291594,9.0750838e-008,0.423685521,0.592951715,-0.00257904129,0.438128322,0.59735918,-0.00426705647,0.447714686,0.603333354,-0.00540669309,0.456074715,0.608420968,-0.0063023339,0.434115618,0.606169045,-0.00575915957,0.445431054,0.61587739,-0.00828662701,0.4502424,0.620738387,-0.00902921148,0.453076363,0.62398684,-0.00924490392,0.423155189,0.609196544,-0.00663338555,0.433943719,0.619691432,-0.00837942492,0.439942926,0.625228047,-0.00968179666,0.443946868,0.628995478,-0.0106273955,0.412003756,0.610446,-0.00758344401,0.420345038,0.620376945,-0.0102579705,0.426555365,0.626059055,-0.0125601171,0.43148303,0.630190909,-0.0142137399,0.400937885,0.610482275,-0.00839788187,0.402198523,0.617878616,-0.011520924,0.403958201,0.622707486,-0.0128978416,0.405858755,0.626938,-0.0135207344
5700.000000000015,0.634607315,0.597334802,1.43720342e-007,0.61955446,0.602176726,-0.00636322657,0.61323595,0.610808134,-0.00790439546,0.611694574,0.617776096,-0.00797012914,0.612386167,0.623466671,-0.00731788576,0.632587731,0.617367923,-0.00535054877,0.63292,0.628250599,-0.00594437448,0.631813824,0.634023,-0.00610779831,0.630878091,0.638126433,-0.00608897395,0.640907764,0.616545379,-0.00193052681,0.636933088,0.626058817,-0.00282740081,0.630740583,0.630286753,-0.00315525685,0.624883056,0.632702768,-0.00326631218,0.645690799,0.615481377,0.00120728568,0.640132904,0.624501407,0.000941837323,0.634110808,0.628287792,0.00123230275,0.628766179,0.630380273,0.00150508876,0.647914946,0.614742219,0.00379024283,0.64299804,0.622687697,0.00388968666,0.637803078,0.626746893,0.00452583143,0.632973433,0.628941357,0.00528185302
5700.000000000015,0.40420413,0.592127383,9.58722737e-008,0.423847228,0.592627525,-0.00254575419,0.438679218,0.596937537,-0.00396481808,0.448278517,0.603177905,-0.00491172029,0.456282,0.608346224,-0.00558225205,0.434278369,0.605693102,-0.00448710565,0.445468426,0.615214288,-0.00679232832,0.45059824,0.620581746,-0.00771264639,0.453903973,0.624517083,-0.00813080557,0.423630595,0.60893631,-0.00532848248,0.434091151,0.61922133,-0.00681651,0.439974487,0.624985814,-0.00827451795,0.443903834,0.629170835,-0.00933421124,0.412689388,0.610437095,-0.0063047423,0.420596927,0.620048106,-0.00877225306,0.426289827,0.625730515,-0.0110831205,0.430630386,0.630013406,-0.0127263246,0.401618421,0.610797822,-0.00720589608,0.402543634,0.618009,-0.0101491893,0.403917849,0.622733474,-0.0114579787,0.405223131,0.626933396,-0.0120202182
5716.6666666666815,0.631275654,0.597876132,1.49506391e-007,0.617766142,0.603182256,-0.00640642177,0.61320585,0.611185968,-0.0074282242,0.61215353,0.617729545,-0.0069481926,0.612573862,0.623478353,-0.00567615172,0.632751405,0.618406892,-0.00279940898,0.633187413,0.628353953,-0.00235817558,0.632357419,0.634046435,-0.00221828138,0.631780505,0.638230383,-0.00202057138,0.640581369,0.617253065,0.0009977062,0.638816833,0.626368046,0.00183939631,0.63467288,0.631135404,0.00216214545,0.630713284,0.634527147,0.00235145399,0.645074248,0.615777194,0.00431310385,0.642094612,0.624044776,0.00571544282,0.637804,0.62818259,0.00654801214,0.634063661,0.631014585,0.00702583324,0.647347093,0.614456773,0.00694141956,0.644911945,0.621686101,0.00870297477,0.641240835,0.625735104,0.0101091489,0.637548745,0.62810272,0.0112179788
5716.6666666666815,0.403130829,0.593040109,9.74469643e-008,0.422612965,0.59331888,-0.00325337052,0.43815887,0.597176373,-0.00532678142,0.448075771,0.603256643,-0.00683554,0.456491739,0.608558476,-0.00801094715,0.434167534,0.60605067,-0.00553542143,0.445144,0.615150571,-0.00833176356,0.449843,0.620110929,-0.00960064679,0.452660799,0.623796523,-0.0103283674,0.423627228,0.609403968,-0.00635744398,0.434195191,0.619277716,-0.00819028635,0.439928681,0.624851465,-0.00989574753,0.443767726,0.628991544,-0.0112628825,0.412775189,0.610961258,-0.00738884788,0.420939058,0.620453358,-0.0102904122,0.426274747,0.625918567,-0.0126475114,0.430366576,0.630042672,-0.0143833961,0.401693046,0.611318588,-0.00839192327,0.402940392,0.618337393,-0.0118898582,0.40434283,0.622935593,-0.0133959772,0.405677855,0.627029896,-0.0141101675
5733.3333333333485,0.632277668,0.598114669,1.46939442e-007,0.618973792,0.602911532,-0.00672686752,0.613423049,0.611143053,-0.00850983,0.612572074,0.6176669,-0.00876575802,0.613436,0.623321354,-0.00838960614,0.633426845,0.618561268,-0.00532602705,0.634099841,0.629109919,-0.00569341797,0.633178711,0.634562731,-0.00596484356,0.632454693,0.638537407,-0.00613835361,0.641285658,0.617259681,-0.00164608913,0.637197614,0.627251506,-0.00314940675,0.628919542,0.630674183,-0.00422019139,0.621289492,0.631827772,-0.0046587633,0.645598769,0.615798712,0.00184754969,0.640357554,0.625166833,0.00143723772,0.632721603,0.628675818,0.00111788418,0.625982821,0.630070567,0.00102980947,0.647744119,0.614648342,0.00479275733,0.643743,0.622840345,0.00515817571,0.637809157,0.626713514,0.00551246526,0.63187772,0.6284917,0.00597669091
5733.3333333333485,0.405007541,0.591427,1.04820948e-007,0.424008757,0.592314303,-0.00308472943,0.4388704,0.597046435,-0.00496358145,0.448354751,0.603257179,-0.00629978767,0.456047773,0.608558476,-0.00746434648,0.433632225,0.605833054,-0.00600883504,0.444714457,0.615182281,-0.00907611288,0.450365812,0.620509088,-0.0105868634,0.454289496,0.624414444,-0.0114833405,0.42314595,0.608780384,-0.00699667446,0.433223307,0.61892128,-0.00932338834,0.439428419,0.62477529,-0.011311044,0.443851829,0.629082501,-0.0127484137,0.412480772,0.609853506,-0.00810865592,0.420445591,0.619869173,-0.0113822827,0.426028669,0.625689924,-0.0139207449,0.430470288,0.630102634,-0.0156790279,0.401638091,0.609585166,-0.00914384052,0.402184248,0.617141426,-0.0131363245,0.403576434,0.622175,-0.014865784,0.405072719,0.626574218,-0.01562641
5750.0000000000155,0.636207402,0.598937,1.34196284e-007,0.621644616,0.603330612,-0.00665259035,0.615162849,0.611033738,-0.00821787119,0.613566756,0.617544413,-0.00814605597,0.613618076,0.623612165,-0.00741731096,0.633965373,0.619671226,-0.00419723755,0.63434726,0.62981832,-0.0034340811,0.633389592,0.634708345,-0.00324323471,0.632901907,0.638318479,-0.00326955225,0.641371548,0.618971348,-4.00022363e-005,0.636770368,0.62874186,-0.000465418823,0.628724396,0.63168335,-0.0015365117,0.621865213,0.632252395,-0.00209471304,0.645424068,0.617822349,0.00398703245,0.640130103,0.626769125,0.00469748722,0.632772446,0.629880607,0.00419723848,0.626776934,0.631055951,0.00378531707,0.647552669,0.61676532,0.00750176469,0.643677,0.624449849,0.00901058875,0.638285816,0.628012121,0.00945788063,0.633176386,0.629460812,0.00978059787
5750.0000000000155,0.405464739,0.591938376,9.48097423e-008,0.424748391,0.592596531,-0.00260959473,0.438852847,0.597525477,-0.00398997869,0.447639942,0.603783607,-0.00486367,0.455984354,0.608737588,-0.00552109024,0.434797138,0.606201053,-0.00467593782,0.445523828,0.615659893,-0.00696505,0.450654328,0.62091279,-0.00794971362,0.454156756,0.624696791,-0.00846763607,0.424044818,0.609438896,-0.00552767375,0.434149474,0.619625628,-0.0068948,0.44006604,0.625218511,-0.00838349573,0.444066823,0.629105031,-0.00952906907,0.412981838,0.610851288,-0.00650580786,0.420543551,0.620698512,-0.00876543671,0.426244378,0.62630558,-0.0108752688,0.430583388,0.630401313,-0.0124649918,0.40177542,0.61097616,-0.00742476061,0.40239054,0.618307054,-0.0101204896,0.403922617,0.623159587,-0.0112706516,0.405531436,0.627417147,-0.0117885023
5766.666666666682,0.634380579,0.597747743,1.32585583e-007,0.620607913,0.602799475,-0.0053642178,0.615264773,0.611120164,-0.00561164552,0.614238,0.617765546,-0.00445412239,0.615035951,0.623606265,-0.00254330225,0.633375764,0.618699491,-0.00201913947,0.63437438,0.629111052,-0.00124426326,0.633016407,0.634766638,-0.000782020332,0.631806076,0.63868767,-0.000350412301,0.640730143,0.617414892,0.00156358897,0.638638675,0.627386868,0.00185472565,0.632054746,0.631587565,0.00188632682,0.626229942,0.633808672,0.00208388106,0.645173132,0.615811825,0.00481155422,0.64235425,0.624895453,0.00559382467,0.635766804,0.628620923,0.00581536442,0.630346,0.630737841,0.00605121162,0.648028,0.614439607,0.007590672,0.645734847,0.622375369,0.00876199175,0.640657544,0.626264155,0.00953051168,0.635852695,0.628228724,0.010214
5766.666666666682,0.403922826,0.592298806,8.80691786e-008,0.423529088,0.592577338,-0.00307842321,0.438529491,0.59728086,-0.00453704502,0.44788298,0.603513122,-0.00549518922,0.455989301,0.6086905,-0.00618302263,0.434346467,0.606445074,-0.00427677575,0.445334911,0.615450561,-0.00664756959,0.450414479,0.620498717,-0.0078187231,0.453618675,0.624130309,-0.00849926472,0.423675478,0.609748721,-0.00508856,0.433811635,0.619696915,-0.00660276925,0.439774,0.625281394,-0.00842785556,0.443771273,0.629337311,-0.00984162278,0.412643313,0.611147046,-0.00615056092,0.420378476,0.620830655,-0.00884354,0.426083535,0.626502633,-0.011536181,0.430513799,0.630749702,-0.0135156494,0.40145275,0.61123991,-0.00718256878,0.401776373,0.61831665,-0.0103838015,0.403164625,0.623058677,-0.0119660813,0.404587567,0.627198756,-0.0127937086
5783.333333333349,0.632458329,0.597703397,1.35998292e-007,0.618579865,0.602480233,-0.00606597122,0.614192069,0.611021101,-0.00656017521,0.613734126,0.617855251,-0.00546314474,0.614783168,0.623823285,-0.00364757469,0.633458138,0.619169652,-0.00259680417,0.634930611,0.629211,-0.00120167993,0.634024441,0.634549916,-0.000547843345,0.633273423,0.638412893,-0.00016761366,0.640672147,0.617827415,0.00158032239,0.638561368,0.627588034,0.00212406577,0.631350517,0.631478965,0.00187392102,0.624913871,0.633287251,0.0018441492,0.644758463,0.616176784,0.00552908843,0.642165,0.625257552,0.00683395937,0.635293186,0.629074454,0.00681948196,0.629485369,0.631151438,0.0067507918,0.647167563,0.614727318,0.00897955522,0.645328581,0.622616708,0.0110865543,0.640379846,0.626476,0.0120971696,0.635526359,0.628246903,0.0127603551
5783.333333333349,0.403525591,0.591908276,9.98961198e-008,0.422911823,0.592546463,-0.00313189207,0.438352972,0.597167492,-0.00500665139,0.448247671,0.603459418,-0.0062568537,0.456808776,0.608716667,-0.00728192274,0.434179097,0.605707228,-0.00610537,0.445158124,0.61515218,-0.00904365815,0.450222522,0.620514154,-0.0103719663,0.453569591,0.624448,-0.0111497352,0.423353702,0.60900867,-0.00701409066,0.43370679,0.619325817,-0.00903158728,0.439468622,0.625103056,-0.0108381296,0.443472445,0.629262507,-0.0122318547,0.412227064,0.610439777,-0.00805409811,0.420042127,0.620553434,-0.0110905077,0.425397,0.62645334,-0.0137002841,0.429646343,0.630901575,-0.0156162977,0.40090394,0.610551596,-0.00901663397,0.401324958,0.618052185,-0.0127442861,0.402261823,0.623032212,-0.0144999232,0.403301418,0.627389669,-0.0153772943
5800.000000000016,0.631982446,0.596464574,1.44439937e-007,0.618036151,0.602037609,-0.00502236793,0.61365521,0.610875726,-0.00446446426,0.613360941,0.617664337,-0.00250156852,0.613987684,0.623800814,0.000149933345,0.634096384,0.619127154,0.000964136678,0.634363413,0.628794193,0.00389450532,0.633389115,0.633994281,0.00525667425,0.632871032,0.637792647,0.00596378185,0.642005265,0.617524087,0.00512616523,0.638683915,0.626574218,0.00744578801,0.631735325,0.630295277,0.00777220074,0.625584602,0.632242739,0.00800607,0.646415114,0.615515769,0.00896865,0.642669261,0.623777509,0.0117853107,0.635861397,0.627466917,0.0120878499,0.630246282,0.629604101,0.0120675536,0.648961961,0.613631487,0.0123023707,0.646241069,0.620894372,0.0154632563,0.641623676,0.624564648,0.016668709,0.636957407,0.626432538,0.0174101442
5800.000000000016,0.403943837,0.593037,1.04594719e-007,0.423769951,0.593758762,-0.00266224355,0.439012736,0.598192096,-0.00432507321,0.448489398,0.604129076,-0.0055387821,0.456012726,0.609380603,-0.00663202954,0.434798539,0.606939495,-0.00529817352,0.44535,0.616138101,-0.00792130549,0.450154692,0.621240437,-0.00920776837,0.453190953,0.624957085,-0.0100542409,0.424088538,0.609909177,-0.00657607382,0.43365854,0.619876623,-0.0085401,0.439297557,0.625487208,-0.0105984304,0.4431777,0.629605055,-0.0121736052,0.412879109,0.610963762,-0.00796000566,0.419852883,0.620786607,-0.0111682937,0.425039768,0.626716733,-0.0140416389,0.429249495,0.63143611,-0.0161544234,0.401681125,0.610619128,-0.00919797085,0.401486069,0.617685497,-0.0132684298,0.401956439,0.622578681,-0.0150938015,0.40249452,0.627050638,-0.0159890018
5816.666666666683,0.631845117,0.596023619,1.52489719e-007,0.617669404,0.60213834,-0.00434149941,0.612944186,0.611044645,-0.00398274884,0.612642467,0.617731452,-0.00240757223,0.613023043,0.623998046,-0.000126174258,0.633054376,0.618739665,0.00132597587,0.633444,0.628834188,0.0042055496,0.632229269,0.634043515,0.00553519279,0.631248176,0.637872398,0.00621400448,0.641089439,0.617478788,0.00482632127,0.637935042,0.626826584,0.0071967952,0.631669283,0.63108927,0.00748320809,0.625747681,0.633617878,0.00756754167,0.645733774,0.615702868,0.00804352202,0.641821742,0.624175429,0.0108667342,0.635491,0.628307402,0.0111284582,0.630117238,0.630991936,0.0109640174,0.648456,0.613989055,0.0108156772,0.645589,0.621537447,0.0140686287,0.640822291,0.625591218,0.0155144548,0.636093378,0.627810538,0.0163710844
5816.666666666683,0.404095769,0.593609691,1.01875059e-007,0.423935115,0.593775153,-0.0030386874,0.438805431,0.598084688,-0.00503424369,0.448370039,0.60424155,-0.00635246281,0.456451386,0.609350502,-0.00745599065,0.434092909,0.606970251,-0.00694665127,0.445107669,0.616393209,-0.00975750387,0.449689239,0.621472478,-0.0108350636,0.452540129,0.625104487,-0.0113810077,0.42337,0.609910369,-0.00781525485,0.433756649,0.620279849,-0.00987703,0.439541668,0.626026332,-0.0113928784,0.443289936,0.630014718,-0.0125178378,0.412479281,0.61103642,-0.00872784294,0.419770122,0.621396899,-0.0119780265,0.424917042,0.627410889,-0.0144594461,0.428810537,0.631993592,-0.0162006076,0.401627898,0.61081779,-0.00949988887,0.401439458,0.618499577,-0.0136211189,0.401983231,0.623475075,-0.0153871933,0.402700543,0.627891421,-0.0161647163
5833.33333333335,0.629921317,0.596731544,1.48383421e-007,0.616541326,0.602318525,-0.00349121937,0.61252749,0.611069,-0.00301791565,0.611807585,0.617684245,-0.00182597269,0.612756848,0.623748541,8.40097564e-005,0.632346869,0.619701564,0.00289110467,0.631879807,0.629577219,0.00545699475,0.63021183,0.634553075,0.00650227023,0.629153788,0.638157547,0.00694047939,0.63987118,0.618485332,0.00506575592,0.636488438,0.627836347,0.00711360248,0.62969178,0.631693602,0.00711329188,0.623334646,0.63379,0.00698381,0.64463,0.616835177,0.00682326732,0.64011538,0.62571764,0.00902427919,0.633483171,0.629626274,0.00944598112,0.627807677,0.632093549,0.00939140841,0.647487223,0.615356386,0.00811704341,0.644169807,0.623362064,0.0105101634,0.63890785,0.627416849,0.0119237807,0.633742332,0.629939556,0.0128289396
5833.33333333335,0.406237364,0.592790306,1.03680478e-007,0.425019771,0.593475401,-0.00339666405,0.439147592,0.597923696,-0.00545684062,0.448334903,0.604069114,-0.00690631103,0.456195474,0.609418154,-0.00820416305,0.434616625,0.607096136,-0.0059002554,0.444800019,0.615965664,-0.00891613588,0.449452788,0.621119857,-0.0105420258,0.452291578,0.624978065,-0.0115493564,0.423918277,0.610123217,-0.00680295844,0.432955742,0.620255888,-0.00890480448,0.438243121,0.626040161,-0.0109301247,0.44159475,0.630292714,-0.0124693811,0.413064718,0.61117816,-0.00790686905,0.41963616,0.621456742,-0.0114020715,0.424435347,0.627440214,-0.0143497,0.428026944,0.632145464,-0.0164062511,0.402218908,0.610818207,-0.0089273015,0.401416719,0.618253708,-0.0134402132,0.401442528,0.623133481,-0.0155771924,0.401638061,0.627516031,-0.016602749
5850.000000000017,0.63246876,0.59597224,1.40951443e-007,0.618040919,0.601620197,-0.00527376356,0.612548411,0.610533774,-0.00541415531,0.611656189,0.61745131,-0.00418315828,0.612209797,0.623778,-0.00217671134,0.632389665,0.619135737,-0.000242462207,0.632303834,0.629155219,0.00185332575,0.630707622,0.634199142,0.00270777498,0.62967819,0.637874961,0.00307323574,0.640523374,0.617728472,0.00341369165,0.637590706,0.626967728,0.00474280491,0.631194651,0.630831659,0.00464728754,0.625484,0.632888734,0.00452490244,0.645358384,0.615837693,0.00674070464,0.641475856,0.624397933,0.00843468495,0.634968162,0.627878904,0.00872009,0.629749775,0.629825771,0.00877834205,0.648105264,0.614123046,0.00955810491,0.644982219,0.621927679,0.0117628099,0.640020132,0.625609815,0.0129587995,0.635304391,0.627464712,0.0137957251
5850.000000000017,0.405518204,0.592779636,9.58795283e-008,0.424303114,0.593105316,-0.00350193703,0.43871361,0.598099172,-0.00509426417,0.447951257,0.60429889,-0.00612574769,0.456273615,0.609389186,-0.00694222143,0.434394598,0.607575893,-0.00444874028,0.444414586,0.616268337,-0.0070210523,0.449264348,0.621519744,-0.00853864197,0.452464402,0.625485599,-0.00960919447,0.423639983,0.610693932,-0.00526163401,0.432424963,0.620476127,-0.00685420306,0.437436849,0.626159906,-0.00890168268,0.44079414,0.630349338,-0.0105486084,0.412546754,0.61172545,-0.00639434904,0.419134498,0.621581495,-0.00941322,0.424027711,0.627352953,-0.0122464672,0.427922696,0.631864607,-0.0143284043,0.401208401,0.611265123,-0.00752067845,0.400301903,0.61847949,-0.0112862913,0.40074864,0.623327196,-0.0131580159,0.401418388,0.627636611,-0.0141661139
5866.666666666684,0.630045891,0.596597195,1.42667915e-007,0.616106868,0.602575302,-0.00403860537,0.611307919,0.611348033,-0.00378060807,0.610448897,0.617971539,-0.00249662087,0.611325562,0.623803,-0.000551526202,0.631780267,0.619690597,0.000770563,0.63201046,0.629804492,0.00324665266,0.630468071,0.63486588,0.00424251659,0.62917912,0.638381541,0.00467781583,0.639954805,0.61841023,0.0038251942,0.636210322,0.627675295,0.00578996865,0.627813101,0.630915582,0.0057879393,0.620218158,0.631986439,0.0056674364,0.644597709,0.616526902,0.00667718099,0.640091836,0.625124276,0.00932064187,0.632136524,0.628293276,0.00943509676,0.625445664,0.629624188,0.00906644668,0.647070169,0.614805758,0.00907387212,0.643934488,0.62231046,0.0119057493,0.638013124,0.625724375,0.0130529674,0.632299542,0.627069354,0.01370316
5866.666666666684,0.404425293,0.592977226,9.47286622e-008,0.423417,0.593663514,-0.00306799216,0.438283831,0.598284364,-0.00520143425,0.448032528,0.60438168,-0.00670379307,0.456593901,0.609576464,-0.00807841588,0.433350712,0.606867373,-0.00694725756,0.443945616,0.616107404,-0.0101612546,0.4489685,0.621527672,-0.0115143796,0.45223698,0.625473797,-0.0123124393,0.42258659,0.609954596,-0.00800143834,0.432208151,0.620554745,-0.0104210749,0.437297434,0.626403,-0.0121816657,0.440551192,0.630564034,-0.0134885311,0.411497712,0.61119622,-0.00913336687,0.419079632,0.621890604,-0.0126611236,0.424198538,0.627744853,-0.0153026255,0.428159714,0.632224858,-0.017191112,0.400232047,0.611041427,-0.0101309903,0.399973065,0.618599236,-0.0144498441,0.400387943,0.62344116,-0.0164738502,0.400944054,0.627780616,-0.0175024867
5883.333333333351,0.63407737,0.596842349,1.40396594e-007,0.618988156,0.602556884,-0.00436981674,0.612368047,0.611257672,-0.00415959861,0.610483,0.618102312,-0.00273380149,0.610937774,0.624010861,-0.000589894422,0.63145858,0.619494498,0.000605930691,0.630826473,0.629799,0.00318879797,0.629245877,0.63489145,0.00445648935,0.628356218,0.6385535,0.00519995904,0.639536142,0.618376613,0.00415250519,0.636077583,0.628071785,0.00623841584,0.62947005,0.63197422,0.00667981,0.623751819,0.633970141,0.00698701432,0.644189835,0.616833031,0.00748817297,0.640313864,0.625432789,0.0104710301,0.633917391,0.629178464,0.0111588379,0.628758848,0.631343246,0.0112919705,0.64701432,0.615316629,0.0103369094,0.64406997,0.622824609,0.0138987023,0.639552295,0.626687706,0.015605499,0.635018647,0.628582239,0.0166420937
5883.333333333351,0.40589574,0.593669116,1.00886012e-007,0.42466867,0.594250083,-0.00312542659,0.439282298,0.598611712,-0.00515064,0.448968291,0.604416072,-0.00658078259,0.457081318,0.609605551,-0.00785999466,0.433931142,0.607704043,-0.00643647835,0.444591552,0.616952062,-0.00944518112,0.44930476,0.622023642,-0.0108347684,0.452099979,0.625517845,-0.0116245318,0.423284978,0.610806823,-0.0074254456,0.432407171,0.621281,-0.0092812134,0.437201381,0.627090335,-0.0109553691,0.440122515,0.631066203,-0.0122893453,0.412273496,0.61189568,-0.00855405722,0.418744326,0.622436285,-0.0115185054,0.423154384,0.628179252,-0.0140199149,0.426683843,0.632467031,-0.0159267075,0.401215822,0.611514926,-0.00960063841,0.399847,0.6187976,-0.0134068886,0.400247574,0.623461962,-0.0151804639,0.401087224,0.627462626,-0.0160999242
5900.000000000018,0.62984544,0.596700251,1.43114718e-007,0.615888238,0.602728605,-0.0045279325,0.610738516,0.611192286,-0.00490600942,0.609519064,0.617738366,-0.00433109049,0.610381961,0.623659968,-0.00311304722,0.630883098,0.619470596,-0.00023162525,0.630831242,0.629923284,0.000834976905,0.629292607,0.635431707,0.000971056696,0.628204644,0.639622509,0.000874247111,0.638413966,0.618456483,0.00242221844,0.634679,0.62819761,0.00250847219,0.62646395,0.631786525,0.00168794545,0.619022548,0.633142591,0.00116673834,0.643024921,0.616880059,0.00479401788,0.638442039,0.625934303,0.00550189894,0.630690575,0.629138947,0.00529030431,0.624165714,0.630370915,0.0050642686,0.645554364,0.615428865,0.00670418842,0.642225206,0.623243272,0.0079942951,0.636167884,0.626619816,0.00885428675,0.630493283,0.627808332,0.00950853247
5900.000000000018,0.406192958,0.59295,9.93300731e-008,0.424586058,0.593377829,-0.00325136143,0.438923329,0.598107576,-0.00515714055,0.448423624,0.604301453,-0.00644601183,0.456832916,0.609511495,-0.00756583083,0.434058726,0.607565284,-0.00585757336,0.443876743,0.616677701,-0.00864929,0.44853726,0.62196213,-0.00994915422,0.451380312,0.625820816,-0.0107041569,0.423302978,0.610658824,-0.00677430118,0.431699872,0.621295,-0.00849372428,0.436167479,0.627338111,-0.0101787802,0.438772231,0.631721079,-0.0114578838,0.412319094,0.611704051,-0.00785453245,0.418480456,0.622246742,-0.0108061247,0.423036098,0.6282897,-0.0133662112,0.426464558,0.633053,-0.0152415531,0.401179254,0.611322,-0.00886475295,0.399941236,0.61877805,-0.0125263687,0.399958819,0.623689,-0.0141774202,0.400146186,0.628107548,-0.0149780316
5916.666666666685,0.626526535,0.595372438,1.50896383e-007,0.613756537,0.601885259,-0.00386352581,0.609171569,0.611073256,-0.00450864,0.608470917,0.618048906,-0.00438360823,0.608973861,0.624158263,-0.00361943175,0.628409684,0.618077815,-0.00070471043,0.629666567,0.628778696,0.000156087684,0.628978193,0.634558856,0.000857214094,0.628165424,0.638570905,0.00149731385,0.63724643,0.616588533,0.00158627855,0.63593781,0.626637161,0.00243587163,0.630100608,0.631181359,0.00321146124,0.624380767,0.633755803,0.00403448567,0.642375708,0.614681304,0.00359463459,0.640302122,0.623894334,0.00535866618,0.634308934,0.628023624,0.00697918516,0.62903583,0.630303204,0.00806393754,0.645067394,0.612828493,0.00510694366,0.643617809,0.620789945,0.00759629719,0.639315605,0.62509948,0.00982176885,0.634719133,0.627425075,0.01155301
5916.666666666685,0.404800832,0.593344688,9.91291884e-008,0.424117,0.59404856,-0.00348125352,0.439168751,0.598744571,-0.00546241971,0.448722392,0.60490185,-0.00693410868,0.457042933,0.610002279,-0.0082382746,0.434196234,0.607486963,-0.00546289794,0.443780303,0.616313219,-0.0087725,0.448531508,0.62172395,-0.0106244078,0.451653,0.625849724,-0.0118160732,0.423195511,0.610580921,-0.00653756177,0.431096107,0.620892882,-0.00889613107,0.435617387,0.626932383,-0.0110512627,0.438673586,0.631569266,-0.012686423,0.41203481,0.611739039,-0.00790637452,0.418031394,0.622010648,-0.0114290537,0.422617376,0.627964318,-0.0141185587,0.426343143,0.632671356,-0.0160194281,0.40074271,0.611441553,-0.0092645,0.399575889,0.618771,-0.0131834662,0.399810672,0.623716176,-0.0149038117,0.400346547,0.628138542,-0.0157902315
5933.333333333352,0.62785852,0.596940696,1.41945264e-007,0.614748,0.603223443,-0.00213040248,0.609515309,0.61188817,-0.00152595167,0.607701957,0.618381798,-0.000150621709,0.608099639,0.624036312,0.00189701119,0.628345251,0.619324625,0.00100110716,0.629418314,0.629541218,0.00320324092,0.628506303,0.634861767,0.00464408519,0.627325,0.638593912,0.00577954622,0.637119293,0.617967725,0.00354996463,0.635539353,0.626906395,0.0062968214,0.629523516,0.630888522,0.00810666941,0.624081731,0.633183539,0.00939997286,0.64236939,0.616000712,0.00602326822,0.639851391,0.624207556,0.00941115897,0.633914471,0.627576292,0.0119234668,0.629157245,0.629389167,0.0134289963,0.645503938,0.614077091,0.00818424951,0.643504679,0.621287048,0.0121438513,0.638919,0.624847,0.0152281756,0.634525359,0.626401,0.0175184831
5933.333333333352,0.405797601,0.592692435,1.04031891e-007,0.4245179,0.593377352,-0.00354646333,0.439310521,0.598222256,-0.00558300503,0.44863078,0.604432464,-0.00699174963,0.456668377,0.609816492,-0.00826054346,0.43378371,0.607509732,-0.00628648,0.443536937,0.616281,-0.00971651822,0.448455513,0.621668935,-0.0116351116,0.451646864,0.62575525,-0.012884248,0.423006862,0.610461771,-0.00727209728,0.431139201,0.620671391,-0.00971687585,0.435602039,0.626754045,-0.0118946172,0.438403159,0.631405115,-0.0135550676,0.412026733,0.611491919,-0.00850091502,0.418138027,0.621940315,-0.0123833874,0.422852814,0.628118277,-0.0155554572,0.426550537,0.633053362,-0.0177724473,0.400807,0.611102223,-0.00965157803,0.399144262,0.618787527,-0.0143975802,0.399036109,0.623910427,-0.0167797338,0.399177969,0.628549814,-0.0180395283
5950.000000000019,0.628173411,0.596023798,1.43164e-007,0.614265323,0.601739466,-0.00513934763,0.608961582,0.610778809,-0.00637697056,0.608072162,0.617855191,-0.00639687665,0.608314037,0.624064207,-0.00570015702,0.626902401,0.617555797,-0.0040465747,0.627827287,0.628561497,-0.00447150087,0.625781953,0.634373128,-0.00444264524,0.623817801,0.63817215,-0.00414292328,0.635577738,0.616708517,-0.0012273629,0.633078456,0.627711177,-0.0021698717,0.625488818,0.632177949,-0.0023337726,0.618746161,0.634267509,-0.00199742895,0.640584886,0.615375936,0.00138662243,0.63702178,0.6254915,0.00191862287,0.629709184,0.629954875,0.00252888515,0.623399317,0.632303894,0.00297047966,0.643589139,0.613874376,0.00354363187,0.6415959,0.622336447,0.0052317623,0.636394,0.62703687,0.0066678226,0.631133378,0.629575491,0.007774828
5950.000000000019,0.406641603,0.594376802,1.05657833e-007,0.425563961,0.595122397,-0.00347582903,0.440096736,0.599624693,-0.00549304066,0.449162632,0.605419695,-0.00691317953,0.457131118,0.610307097,-0.00817038771,0.43470645,0.608959258,-0.00547325937,0.444140881,0.617441654,-0.0083539281,0.448835403,0.622490585,-0.010058227,0.451769948,0.626220107,-0.0111399358,0.423837543,0.611910522,-0.00626766821,0.431467444,0.622038722,-0.0078493217,0.435614675,0.627763569,-0.00953210704,0.437951624,0.631884098,-0.0108821522,0.412743,0.612851501,-0.00732793752,0.418180764,0.623125315,-0.0102036335,0.422303289,0.628682435,-0.0125644943,0.425368696,0.6329211,-0.014311159,0.401553571,0.61227864,-0.00838352647,0.399743438,0.619348049,-0.0119828191,0.399648309,0.623905659,-0.0135020074,0.399762,0.627897143,-0.0142189264
5966.666666666686,0.625317872,0.596854746,1.45826561e-007,0.612095833,0.602693856,-0.00321991253,0.607455313,0.611637115,-0.00298004225,0.606722176,0.61840564,-0.00195924402,0.607023239,0.624161,-0.000222890099,0.6255,0.618062556,-0.000279595435,0.625171125,0.628227592,0.000352854433,0.623671234,0.63380444,0.000679943,0.622650385,0.638006628,0.000918985286,0.633946896,0.617339492,0.0016445067,0.631382465,0.627036095,0.00201735599,0.625334799,0.63169831,0.0020983573,0.619799674,0.634804666,0.00225687819,0.63928318,0.616147,0.00331008015,0.635576546,0.625033081,0.00445178058,0.629611731,0.629677594,0.0052263,0.624450624,0.632798195,0.00566978846,0.642714262,0.615152717,0.00458193757,0.639868319,0.62318635,0.00658893818,0.635191858,0.627871,0.0082633011,0.630502284,0.630916595,0.00951707922
5966.666666666686,0.4064174,0.59291,9.86928228e-008,0.425282329,0.59322077,-0.0029499603,0.43934831,0.598417163,-0.00458975555,0.448439032,0.604737,-0.0056343195,0.456336498,0.609850109,-0.00654654857,0.433836907,0.607889771,-0.00535482448,0.443540871,0.616828382,-0.00816454366,0.448380977,0.622264087,-0.00962278899,0.451320946,0.62621516,-0.0104264272,0.423122317,0.610900939,-0.00620185863,0.43107,0.621749043,-0.00770383654,0.435759634,0.627931237,-0.00918734632,0.438408732,0.632302165,-0.0102748349,0.412067145,0.611883938,-0.00720074121,0.418028235,0.622818768,-0.00989674311,0.422605693,0.628751695,-0.012205448,0.425874978,0.633174956,-0.013815973,0.400943875,0.611334383,-0.00813354,0.39951846,0.619043648,-0.0115732634,0.399901092,0.623736441,-0.0130400583,0.400485158,0.627739906,-0.0136325397
5983.333333333353,0.625215769,0.597797155,1.45657935e-007,0.611760736,0.60306406,-0.00532867387,0.606641948,0.612007082,-0.00592153147,0.605989218,0.618720174,-0.00504510198,0.60642761,0.624578297,-0.00364008802,0.624433279,0.619292378,-0.00341046834,0.625369847,0.62961942,-0.00245141261,0.624507964,0.635388553,-0.00192265073,0.623434365,0.639347613,-0.00155564619,0.633505821,0.617922187,0.000307865703,0.632653058,0.627283752,0.002032049,0.626670122,0.631033421,0.00311562279,0.621593475,0.632792175,0.00370176067,0.639076769,0.615762532,0.0037991323,0.637920558,0.624278128,0.0060118679,0.631875932,0.626963496,0.00764328847,0.627386928,0.627977431,0.00839857478,0.642720163,0.61359179,0.00678709708,0.642129958,0.620868266,0.00902882311,0.637531221,0.623530686,0.0110318633,0.633565485,0.62422961,0.0124204606
5983.333333333353,0.40713945,0.59204334,9.53829158e-008,0.425816804,0.592918456,-0.00284552947,0.439781934,0.598654091,-0.00408198358,0.44855547,0.605196893,-0.00486229174,0.457018405,0.610168338,-0.00551266689,0.434958339,0.608122289,-0.00393484393,0.443574578,0.616939902,-0.00625858,0.447946787,0.622312903,-0.00760109629,0.450680315,0.62635994,-0.00850944,0.424002051,0.611091554,-0.00494365301,0.431584775,0.621605814,-0.0061562187,0.435718864,0.62780267,-0.00790723693,0.438088179,0.632326961,-0.00933826063,0.41276443,0.611954868,-0.00619755918,0.418450803,0.622558415,-0.00885477103,0.422417849,0.628519893,-0.0115181431,0.425427169,0.633078158,-0.0135040954,0.401319325,0.611338675,-0.00740782171,0.399403602,0.618822873,-0.0107936589,0.399375618,0.623623788,-0.0125037963,0.399643093,0.627763927,-0.013422546
6000.00000000002,0.626597464,0.596516371,1.38152487e-007,0.613070488,0.602028906,-0.00449161092,0.606752455,0.611025214,-0.00551855378,0.60564822,0.618027389,-0.00550002325,0.605638802,0.624206305,-0.00504694413,0.624338627,0.617777884,-0.00390565186,0.624784231,0.628775656,-0.00479775248,0.623704135,0.6350227,-0.00536631513,0.62247628,0.639449,-0.00555175124,0.632873,0.616788507,-0.00128459733,0.631162047,0.626675904,-0.00158445851,0.625458181,0.63131851,-0.00154425378,0.620476425,0.633923471,-0.00149603945,0.638501525,0.615167081,0.00114539987,0.635971844,0.623985708,0.0019049322,0.630265653,0.627700865,0.00315426476,0.62561065,0.629537761,0.00388915441,0.642560661,0.613392413,0.00310711679,0.640639663,0.620639324,0.00452103745,0.636133432,0.624215901,0.00627412973,0.632030845,0.625788152,0.007616519
6000.00000000002,0.404732883,0.592088044,9.75559189e-008,0.42400223,0.593361855,-0.00355626969,0.438920856,0.598688424,-0.0051547708,0.448237687,0.605125427,-0.00628983509,0.456406623,0.610566735,-0.00714886654,0.434143156,0.608003259,-0.00340444758,0.443496555,0.616971493,-0.00603116723,0.448166251,0.622339,-0.00769279944,0.451145023,0.626384556,-0.00877994858,0.423343122,0.610947728,-0.00412039412,0.430893183,0.621290326,-0.00554665551,0.435005903,0.627382696,-0.00747074233,0.437517941,0.631932676,-0.00901238341,0.412164599,0.611906767,-0.00529938657,0.41798228,0.622197032,-0.00794150867,0.422060847,0.627992272,-0.0105238296,0.425257653,0.632444501,-0.0124286423,0.400720686,0.611449063,-0.00655662687,0.399774194,0.6188,-0.00960764661,0.399801224,0.623496652,-0.0110678114,0.399951935,0.627532,-0.0118423738
6016.666666666687,0.625682414,0.597611427,1.20774573e-007,0.611534476,0.603198,-0.00364856189,0.604823887,0.611918628,-0.00393927237,0.60343045,0.618659317,-0.00335423718,0.604541719,0.624506354,-0.00219589076,0.623043358,0.61941427,-0.000802658673,0.62337029,0.630035937,0.00028688513,0.622395575,0.63609457,0.00084948045,0.621435583,0.6402179,0.00124518119,0.631975412,0.618188262,0.00191118347,0.630775213,0.627590358,0.00289990753,0.623911381,0.629809201,0.00345814973,0.618490875,0.629864931,0.00394221442,0.637593508,0.616392374,0.0045150239,0.63588804,0.62557292,0.00599798327,0.629200757,0.627381682,0.00738314399,0.624530315,0.627172709,0.00822188146,0.640933275,0.614823639,0.0067551774,0.639249921,0.622800708,0.00853664614,0.633489072,0.625108182,0.0103211105,0.628915548,0.625014663,0.0116972178
6016.666666666687,0.406413883,0.592349827,1.03483927e-007,0.425576985,0.593761,-0.00300490041,0.439969331,0.599126816,-0.00469849538,0.448905587,0.605336607,-0.00587889599,0.45709604,0.610397875,-0.00696188165,0.434473395,0.60826087,-0.00520342542,0.443507403,0.617138088,-0.00811992213,0.448237568,0.622493327,-0.00984301139,0.451249659,0.626468539,-0.010913902,0.42337814,0.611161172,-0.00624386547,0.430831254,0.621665955,-0.00795632321,0.435310543,0.627769589,-0.00984286144,0.437969744,0.632213414,-0.011299816,0.412084937,0.612026215,-0.00745944399,0.417777389,0.622524917,-0.010254493,0.422073692,0.62840718,-0.012631149,0.425221443,0.63289696,-0.0143921077,0.400933176,0.611327589,-0.00863897614,0.399696648,0.618684173,-0.0120025361,0.399508238,0.623421311,-0.01328965,0.399294883,0.627527475,-0.0138285849
6033.333333333354,0.624011338,0.597629428,1.38340468e-007,0.60958904,0.603111446,-0.00417634053,0.603543699,0.611897588,-0.0046594264,0.602475405,0.618856788,-0.00409175549,0.603152871,0.624946654,-0.00289296568,0.621617496,0.619380653,-0.00205898867,0.62147063,0.630098879,-0.00137491839,0.619970798,0.635828078,-0.000705370738,0.618749142,0.639676034,-0.000118634525,0.630617201,0.618467331,0.000826214557,0.627928853,0.628461421,0.00129540625,0.620467544,0.63208437,0.00215905812,0.614314735,0.63382262,0.0029843112,0.636125088,0.616900623,0.0035545188,0.633188426,0.626023,0.00470337877,0.625813,0.629101157,0.00623222068,0.620320797,0.630236745,0.00732512213,0.639196038,0.615311205,0.00586870546,0.636975884,0.62326318,0.0077800178,0.631149054,0.626530647,0.00984662212,0.626184523,0.627361357,0.0114911208
6033.333333333354,0.405482739,0.592321754,9.20409917e-008,0.424725324,0.593204558,-0.00287002,0.439275652,0.598655045,-0.00421128469,0.448615432,0.605101168,-0.00515016122,0.457137,0.610359371,-0.00591162546,0.434587181,0.608118773,-0.00352164591,0.443739474,0.617153287,-0.0060053668,0.447987884,0.622397661,-0.0074646892,0.450546473,0.626259804,-0.00839776453,0.423484802,0.610971928,-0.00452921866,0.431165278,0.621309042,-0.00591752352,0.435255408,0.627344251,-0.00779508846,0.437663704,0.631848752,-0.00929945521,0.412067205,0.611794353,-0.00585592538,0.417890459,0.622085154,-0.00856194738,0.421877772,0.62797612,-0.0111861415,0.424933374,0.632522941,-0.0131224152,0.400617778,0.611211061,-0.00714985188,0.399363935,0.618486285,-0.0104133729,0.399360389,0.623252571,-0.0119635314,0.399497777,0.627423942,-0.0127647594
6050.000000000021,0.621521473,0.596619904,1.55424345e-007,0.606743336,0.60208112,-0.00511275,0.601427078,0.610855,-0.00641236315,0.600713849,0.618173361,-0.0064969277,0.601395249,0.624988317,-0.00588306133,0.619281113,0.61790204,-0.00376327918,0.619506598,0.629310727,-0.00424151029,0.61765188,0.635713577,-0.00402168185,0.615778446,0.639963031,-0.00345964963,0.628443,0.617016137,-0.000621887448,0.626610637,0.628035,-0.000932662224,0.620850861,0.633145,-0.000271576428,0.615172505,0.636364758,0.000474703615,0.63406539,0.615828216,0.00225608493,0.631574869,0.625994921,0.00276946253,0.625694156,0.630629599,0.00412777532,0.620280087,0.633372188,0.00517735817,0.637324095,0.614729285,0.00465274975,0.635457635,0.62354207,0.00601286581,0.630487,0.628112316,0.00778866373,0.625383735,0.63056922,0.00927413907
6050.000000000021,0.404093325,0.594283819,1.08009672e-007,0.423844129,0.594942272,-0.00361510133,0.438983828,0.599418104,-0.00562671944,0.448682189,0.605255723,-0.00713652233,0.457317948,0.610277474,-0.00847888552,0.434643298,0.609006822,-0.00469023315,0.444157034,0.617490947,-0.00773779955,0.448642,0.622555912,-0.00966296159,0.451354027,0.626481056,-0.0109716645,0.423663735,0.611880958,-0.00565105258,0.431264758,0.621933579,-0.00747716287,0.435372591,0.627804101,-0.00957310293,0.437892795,0.632299304,-0.0112842843,0.412498,0.612660944,-0.00699441088,0.418167412,0.622648954,-0.0100739338,0.421889156,0.628392577,-0.0126019306,0.424762905,0.632934153,-0.0144959418,0.401436031,0.611943424,-0.00838806666,0.40031454,0.618746161,-0.0120180221,0.400062591,0.623414755,-0.013554249,0.399971634,0.627613187,-0.0143399965
6066.666666666688,0.619089961,0.596980751,1.21200074e-007,0.60556227,0.602685332,-0.0037002333,0.599446595,0.612037361,-0.0039416,0.59817493,0.619416296,-0.00340159656,0.599747539,0.62585181,-0.00240090024,0.617399275,0.619143963,-0.00150115823,0.617393672,0.630242646,-0.000548894051,0.616349578,0.636541605,0.000140829943,0.615618467,0.640704632,0.00061042991,0.627355754,0.617920756,0.00108207704,0.625997722,0.628017783,0.00167698797,0.619382143,0.629657805,0.00214074319,0.615138531,0.628646553,0.00274637388,0.633856833,0.615866899,0.00361496373,0.631993294,0.625573218,0.00463924278,0.625273228,0.626415312,0.00603014417,0.621553659,0.624912739,0.00704296352,0.6379686,0.613929927,0.00586068304,0.636428952,0.622114122,0.00722787902,0.630835533,0.623316765,0.00902474113,0.627061784,0.621896505,0.0105408663
6066.666666666688,0.407172889,0.593238294,1.17321228e-007,0.425416321,0.594259739,-0.00384232309,0.43975094,0.599322855,-0.00598796364,0.448930264,0.605442524,-0.00762423,0.457394898,0.610354483,-0.00910923071,0.434657872,0.608480513,-0.00564786466,0.443950087,0.617233455,-0.00921879429,0.448813051,0.62268734,-0.011434109,0.452104479,0.62686497,-0.0128308404,0.42414245,0.611187279,-0.00664947508,0.430788457,0.62181735,-0.00916713942,0.434562474,0.627958477,-0.0114324251,0.436941564,0.632478118,-0.0130276335,0.413446307,0.611873925,-0.0079837963,0.417913496,0.622345865,-0.011362562,0.421697438,0.628205419,-0.0137649653,0.424653769,0.632771671,-0.0154576553,0.402615041,0.610934615,-0.00941033,0.400514871,0.61827755,-0.0134750381,0.400101244,0.623144567,-0.0149804186,0.399927557,0.62740159,-0.0155918468
6083.333333333355,0.616216719,0.596672177,1.10372383e-007,0.602395773,0.602923095,-0.0018314746,0.596128,0.612212718,-0.00161652337,0.595561445,0.619547606,-0.000903951819,0.597454369,0.625950933,0.000272336387,0.61231637,0.618719876,0.000104546809,0.613848686,0.629879892,0.0015648749,0.613198638,0.636011422,0.00267411303,0.612286747,0.640189171,0.00342401955,0.622606397,0.617822409,0.00180388463,0.622558236,0.627843499,0.00329728448,0.617315829,0.630301297,0.00419552112,0.613354921,0.630508959,0.00489154551,0.629609406,0.616030097,0.00356012979,0.628365338,0.625403762,0.00588445691,0.622694671,0.627162814,0.00771317072,0.619117796,0.626830339,0.00868283212,0.634333849,0.614145815,0.0050921496,0.633577824,0.622124493,0.00780764641,0.628539,0.624250293,0.0101121319,0.624695361,0.623877048,0.0117749488
6083.333333333355,0.405570596,0.593699753,1.00094461e-007,0.424269348,0.594305754,-0.00316646579,0.438994795,0.599262357,-0.00511860894,0.448783308,0.605478883,-0.00652464479,0.457098961,0.610655367,-0.00771652814,0.434197187,0.608054221,-0.00558871031,0.443422467,0.617056191,-0.0085360473,0.447955191,0.622340798,-0.00995888095,0.450843155,0.626289368,-0.0108041242,0.423341185,0.610831201,-0.00650811289,0.430787176,0.621505,-0.00827216264,0.435013801,0.627724111,-0.00987254735,0.43784821,0.632325888,-0.0111733638,0.412287295,0.611714542,-0.00762760779,0.417599171,0.622123718,-0.0103966985,0.421532691,0.628123581,-0.0124960393,0.42466408,0.632763743,-0.0140717244,0.401187211,0.611260712,-0.0087212231,0.400121897,0.618728697,-0.0119553367,0.400335938,0.623681188,-0.0132203344,0.400850743,0.628029108,-0.0138152372
6100.000000000022,0.620112956,0.599670768,1.35408627e-007,0.602884,0.605023921,-0.00077697786,0.595301092,0.613651872,0.000817700871,0.593595266,0.620602071,0.00257167942,0.593839407,0.626742184,0.00474574184,0.612128437,0.625193954,0.00690611359,0.609301805,0.63377893,0.0111965751,0.607551098,0.638094664,0.0126423696,0.60630554,0.641211927,0.0129846279,0.622266293,0.624338806,0.00837036315,0.618049145,0.631041884,0.0133809773,0.612807631,0.633314,0.0142023638,0.608605146,0.634714901,0.0138856964,0.629683197,0.621892869,0.00964944623,0.625321209,0.62818867,0.0136004733,0.619211078,0.629648089,0.014829318,0.614887297,0.629995167,0.0148659972,0.63466233,0.619099,0.0106870411,0.630004525,0.625041485,0.0141315376,0.624457955,0.626750648,0.0164222624,0.620221,0.626789689,0.0178412013
6100.000000000022,0.406872332,0.594091952,1.1198992e-007,0.425084352,0.594864726,-0.00409089867,0.439600229,0.599683523,-0.00635924609,0.449375063,0.605764627,-0.00784604251,0.457660973,0.61096,-0.0091437865,0.434344202,0.608188391,-0.0071031577,0.443556547,0.617211521,-0.0103536602,0.4486413,0.622611,-0.0119959079,0.452035546,0.62673372,-0.0130289672,0.423439562,0.611169636,-0.00761723425,0.430594921,0.621464193,-0.00953765865,0.43481341,0.627593398,-0.0112280734,0.437611789,0.632192731,-0.0126690911,0.412505567,0.612171888,-0.00834363,0.417423368,0.622413695,-0.0114617189,0.421308398,0.628170669,-0.0138541413,0.424558222,0.632690132,-0.0156630538,0.401840687,0.611748815,-0.00909065735,0.399787873,0.618850052,-0.0130677298,0.399300933,0.623573244,-0.0148481438,0.399117142,0.627755463,-0.0157444291
6116.666666666689,0.616017163,0.598245203,1.00161358e-007,0.599240839,0.604250312,-0.00043369527,0.592089772,0.613276601,0.00132054079,0.590539694,0.620810688,0.00284464145,0.591131568,0.627333879,0.00461423071,0.607432246,0.623556912,0.00841873512,0.604985118,0.63344413,0.0137621192,0.602815509,0.638041675,0.016068615,0.601444244,0.640885413,0.0168973655,0.618356943,0.622411489,0.00981093477,0.615695477,0.630035222,0.0147170862,0.610404193,0.629775167,0.0150230695,0.606951058,0.627738714,0.0147508904,0.62651813,0.619788527,0.0111506721,0.623386085,0.627289116,0.0157673415,0.617588043,0.626991391,0.0169008411,0.614476085,0.624924719,0.0168215167,0.632261932,0.61667949,0.0123215495,0.629595399,0.623459339,0.0163516775,0.624414623,0.623715818,0.0186854154,0.621069074,0.621782541,0.0200852957
6116.666666666689,0.405167907,0.594259918,9.86742137e-008,0.424360812,0.59463793,-0.00310752797,0.439290941,0.599524081,-0.004954495,0.448755771,0.60581553,-0.0061700372,0.457082778,0.611022592,-0.00717731332,0.433643937,0.608429372,-0.00594451837,0.443198055,0.617166102,-0.00886901747,0.44804284,0.622349,-0.0103148427,0.451216757,0.626266897,-0.011204659,0.4227539,0.611348569,-0.00684917392,0.430709,0.621700108,-0.00848535169,0.435358793,0.627756238,-0.0100492816,0.438357353,0.632197559,-0.0113274427,0.411752254,0.61224395,-0.00788343418,0.417422056,0.622449398,-0.0106053501,0.421668857,0.628259301,-0.0127545958,0.425001472,0.632761896,-0.0143821156,0.400858611,0.611721,-0.00886633061,0.399527729,0.618854046,-0.012269523,0.399770707,0.623591065,-0.0136491545,0.400249898,0.627775192,-0.0142809013
6133.333333333356,0.612884045,0.594966054,7.08051715e-008,0.59543395,0.601332128,-2.2183378e-005,0.588066936,0.611460507,0.00212867791,0.587087154,0.620093942,0.00408582063,0.588856578,0.626562059,0.00636042189,0.602392852,0.61892122,0.00488120969,0.601377726,0.630440831,0.00779584888,0.599559605,0.636287391,0.00946673285,0.598154724,0.640015721,0.0102712056,0.614185452,0.618595243,0.00565328868,0.611812413,0.629256845,0.00716699846,0.60634768,0.629177153,0.00675281417,0.603402,0.626208305,0.00678971084,0.623303473,0.616920292,0.00656032749,0.62000227,0.626810372,0.00836681761,0.614117384,0.626733601,0.00846121926,0.611390233,0.624001,0.00842257123,0.630247355,0.615020394,0.00751738762,0.627727151,0.623212397,0.00944195688,0.62260133,0.623523355,0.0105944658,0.619413793,0.621046185,0.0115359677
6133.333333333356,0.405907065,0.593662441,1.01060806e-007,0.424597174,0.594405115,-0.00346427877,0.439340949,0.599517405,-0.00543672964,0.448975623,0.605757117,-0.00678168144,0.457323879,0.610857785,-0.00796699058,0.434125423,0.608181179,-0.00602162862,0.443425894,0.617098272,-0.00924263149,0.448285639,0.622404516,-0.0109800957,0.451619416,0.626354456,-0.0120942146,0.423095137,0.611142,-0.0069825775,0.430516481,0.621604562,-0.00908321515,0.434804499,0.627612591,-0.0109844832,0.437910199,0.632055283,-0.012454452,0.411925435,0.612125754,-0.00813438836,0.417159259,0.622640669,-0.0113126067,0.420971453,0.6284495,-0.0135108223,0.424322724,0.632994235,-0.0150890183,0.400824755,0.61163187,-0.00925800577,0.399866909,0.619115829,-0.0129799265,0.40004155,0.623930037,-0.0142728994,0.400637954,0.628143072,-0.0147999125
6150.000000000023,0.61186254,0.594843,9.18134475e-008,0.593831182,0.600846231,-0.00250053522,0.584921539,0.610453248,-0.00310076494,0.583006,0.618850589,-0.00321517373,0.584340572,0.625796914,-0.00309945457,0.598282874,0.616844893,-0.00408342,0.596823931,0.62992996,-0.00459509715,0.594216824,0.636798084,-0.00418723701,0.592663646,0.641229808,-0.00371404923,0.61053288,0.617090702,-0.00296420977,0.607007563,0.629582107,-0.004313902,0.601061583,0.629467,-0.0043675,0.598641813,0.626129091,-0.00376829668,0.620230377,0.61618197,-0.00151435239,0.615993857,0.627557695,-0.00165375334,0.610277951,0.627047181,-0.000135159557,0.608376503,0.623731375,0.00106637203,0.627755344,0.614994526,-0.000166065744,0.624374449,0.624499083,0.000138375879,0.618932426,0.62437588,0.00201183022,0.616623223,0.621247828,0.0037674
6150.000000000023,0.406792402,0.595249236,1.08642482e-007,0.425343961,0.595475137,-0.00381166674,0.439388245,0.599859655,-0.00623186026,0.44855535,0.605864286,-0.00784926862,0.456686378,0.610811055,-0.00929555,0.434575021,0.609028757,-0.00748921558,0.44395715,0.61819154,-0.010705133,0.448755175,0.623496,-0.0122626666,0.451936543,0.62738055,-0.0131369364,0.423649907,0.611743212,-0.00803845376,0.43116051,0.622225583,-0.00992807467,0.435425341,0.62825042,-0.0114609236,0.438107342,0.632573783,-0.0127025666,0.412606686,0.612553358,-0.00872070342,0.417530745,0.622833192,-0.0116216512,0.421532601,0.628708601,-0.0139240604,0.424654514,0.633132279,-0.0156575982,0.40165019,0.612035632,-0.00938467868,0.399941504,0.61917609,-0.0130136814,0.399878234,0.623710573,-0.0145040359,0.4001652,0.627583921,-0.0151757207
6166.66666666669,0.610136628,0.595082343,8.56701874e-008,0.591875672,0.601374209,-3.87198706e-005,0.582244039,0.610600829,0.000812798447,0.579180956,0.618785441,0.00147779868,0.580361068,0.625620484,0.00213444605,0.594740331,0.618633032,0.00185634941,0.592418373,0.630408883,0.00369114382,0.590630949,0.636383355,0.00483537093,0.589825,0.639975369,0.00548739126,0.60732621,0.618523061,0.00210318062,0.603464365,0.629416823,0.00292354752,0.598812401,0.628663242,0.00262210635,0.597265959,0.625072837,0.00278952555,0.618078947,0.616801798,0.00276479148,0.613628387,0.626735687,0.00415844191,0.608538687,0.625674427,0.00511273509,0.606886,0.622106552,0.00564071909,0.627180576,0.614529133,0.00352344546,0.623992622,0.622164309,0.00497803278,0.618998826,0.621466339,0.00688521331,0.616716683,0.618307352,0.00853080582
6166.66666666669,0.407313883,0.593592942,9.74875078e-008,0.425884426,0.594124317,-0.00325040263,0.439764827,0.599493623,-0.00503541902,0.448632,0.606097341,-0.0062356214,0.456752658,0.611273944,-0.00729432469,0.434163481,0.608619511,-0.00548842922,0.44293347,0.617511034,-0.00846659858,0.447477162,0.622746408,-0.0100313071,0.45047608,0.626568,-0.0109665832,0.423115224,0.611410856,-0.00642722426,0.430402458,0.621795,-0.00839029811,0.434892416,0.627909303,-0.0103026088,0.437838823,0.632360101,-0.0117268423,0.411982536,0.612214,-0.00755641,0.417008638,0.622599661,-0.0106954183,0.421163768,0.6284554,-0.0132026747,0.424513251,0.632941425,-0.0149313798,0.40081051,0.611597478,-0.00863315538,0.399393,0.619153,-0.0124595901,0.399517298,0.623984158,-0.0140480204,0.399983734,0.628168702,-0.0147238327
6183.333333333357,0.608188391,0.596694112,1.09699712e-007,0.588698924,0.60241133,0.000206358891,0.57872349,0.611125052,0.00180330477,0.575633466,0.618908644,0.00292589935,0.576106429,0.625449836,0.00415851641,0.591604888,0.621475279,0.00625974685,0.587676048,0.632361412,0.0087656565,0.585003674,0.637743056,0.00935089588,0.583539844,0.641326725,0.00944470335,0.6039235,0.6216259,0.00653865654,0.599341154,0.630627155,0.00941849686,0.594792724,0.630914271,0.00889212079,0.592311144,0.629177034,0.00813793857,0.614490211,0.619829893,0.0068291612,0.609622657,0.628006101,0.00962152705,0.605281591,0.627595067,0.0102714468,0.603232443,0.625119627,0.0100701246,0.623647094,0.617429316,0.00705422,0.62044245,0.624118209,0.00978207,0.616021514,0.624121964,0.0119546615,0.613578439,0.621900082,0.0134690544
6183.333333333357,0.404857129,0.594883621,1.04525988e-007,0.424086183,0.595261395,-0.00391616393,0.438967258,0.599842489,-0.00612266,0.448482752,0.605944037,-0.00764901796,0.456815571,0.611064732,-0.00897666,0.434301436,0.608916163,-0.00603410974,0.443285316,0.617928088,-0.00902792532,0.44767794,0.62331,-0.0106957648,0.450605363,0.627361655,-0.0117623946,0.423299402,0.611663461,-0.00668189162,0.430516332,0.622029841,-0.00856041256,0.434673637,0.628017724,-0.0104107484,0.437243342,0.632447422,-0.0118768932,0.412153542,0.612478495,-0.00759525876,0.417417,0.622665346,-0.0105419941,0.421471119,0.628466606,-0.012992938,0.424570054,0.632937312,-0.0148001658,0.401027739,0.611963093,-0.00854361523,0.399736077,0.618944,-0.0120402453,0.399846047,0.623558521,-0.0136093106,0.400041282,0.627622068,-0.014397528
6200.000000000024,0.603316545,0.59488833,6.81223256e-008,0.584017634,0.601781607,0.00171310687,0.574728191,0.610731661,0.00399060221,0.571533382,0.618749261,0.00577813946,0.57122314,0.625401855,0.00775802974,0.586217046,0.618166804,0.0063706222,0.584272563,0.630075336,0.00980089325,0.583071,0.635993242,0.0117518464,0.5828529,0.639720201,0.0128600281,0.599259436,0.618408799,0.00640217075,0.596006691,0.629541457,0.00910358597,0.591810882,0.628875554,0.00915685948,0.589942157,0.625493884,0.00934303924,0.61011374,0.617149711,0.00677058659,0.606069,0.627269328,0.0100262184,0.601493776,0.626296103,0.01091477,0.5997504,0.622969806,0.0110784313,0.618958175,0.615420222,0.00733249169,0.61576587,0.623136759,0.0106596155,0.611245096,0.622587442,0.0128454855,0.608942389,0.619769216,0.0144053446
6200.000000000024,0.406754404,0.593226552,1.10438869e-007,0.425207943,0.59460789,-0.00342113548,0.439605892,0.599733412,-0.00536179729,0.448889673,0.605860054,-0.006782162,0.456899405,0.611009359,-0.00809622463,0.433871984,0.60834074,-0.00560944853,0.443100572,0.617249787,-0.00904880464,0.448016942,0.622722745,-0.0110549806,0.451378137,0.626947,-0.0123201,0.423086435,0.610963762,-0.00679486617,0.430521339,0.621504307,-0.00907453801,0.434932441,0.627761364,-0.0112195844,0.43787393,0.632587671,-0.0128113674,0.411986202,0.611609817,-0.00822147354,0.417064577,0.622113407,-0.0115643647,0.421011358,0.628095329,-0.0138749154,0.424180359,0.632898092,-0.0154996365,0.400784731,0.610766172,-0.0096382089,0.399816275,0.618225515,-0.0136454152,0.399638891,0.623182178,-0.0148903066,0.399702936,0.627601504,-0.015310592
6216.666666666691,0.602134526,0.595479906,9.44676586e-008,0.581888676,0.601592124,0.0028846194,0.572189689,0.610559106,0.00602993555,0.568370581,0.61873579,0.00858943444,0.56816107,0.625517,0.0113519989,0.583866119,0.618971,0.00856309384,0.580290854,0.630825043,0.0129651017,0.578056335,0.63566947,0.0155875711,0.576522708,0.637698412,0.0173879527,0.59747231,0.61937362,0.00857735239,0.5926525,0.630186379,0.013189639,0.587816775,0.630780876,0.013849685,0.584674597,0.628512561,0.0141615765,0.608485639,0.61791873,0.00896076113,0.603391,0.627862632,0.0135642178,0.597767651,0.628367364,0.0143015087,0.594435811,0.626097083,0.0140458737,0.617245913,0.615678668,0.00964160729,0.61436969,0.623318195,0.0133909034,0.609003305,0.624276638,0.0154023562,0.605104208,0.622603416,0.0168566126
6216.666666666691,0.404209077,0.594281435,9.93590561e-008,0.423373759,0.594986737,-0.00332675083,0.438618124,0.599766076,-0.00535673276,0.448586673,0.605737686,-0.00682358863,0.456904083,0.610943556,-0.00806467421,0.433873564,0.608989716,-0.0053827446,0.443220049,0.617863238,-0.00852578878,0.447972149,0.623121917,-0.0102490988,0.451165259,0.627011061,-0.0112869432,0.422864646,0.611635625,-0.00639162865,0.430469751,0.622050583,-0.00836439244,0.434881359,0.628024399,-0.010171527,0.437849522,0.632369459,-0.011521928,0.411609232,0.612362325,-0.0076666493,0.417119473,0.622786343,-0.0105942264,0.421499342,0.628644466,-0.0128089758,0.425151229,0.633176506,-0.0143919308,0.400368392,0.611691,-0.00893019419,0.399797678,0.618980646,-0.0122599769,0.400403172,0.623807073,-0.0135012642,0.40134114,0.628051102,-0.0140202586
6233.333333333358,0.598251462,0.594203949,1.02911692e-007,0.578395486,0.600438476,0.00248608179,0.56827879,0.609817684,0.00545224,0.564511418,0.617984772,0.0079693282,0.564130247,0.624905884,0.0107222293,0.580328465,0.61789012,0.00778318057,0.576743364,0.629552782,0.0121949371,0.574704409,0.635361195,0.0149441222,0.573613882,0.638874948,0.0166410357,0.593606234,0.618517518,0.00777954608,0.588511586,0.629637301,0.0121758683,0.583543,0.631058097,0.0132981269,0.580327153,0.629969299,0.0139522506,0.604708076,0.6173594,0.00806711428,0.599261642,0.627627552,0.0122857504,0.593347132,0.628246546,0.0134708788,0.58977735,0.626488268,0.0136306332,0.613698781,0.615533769,0.00859608129,0.609272,0.62298274,0.0123320352,0.603268564,0.623905,0.0145262582,0.599206388,0.622609198,0.0160275921
6233.333333333358,0.404849917,0.595132887,1.12691538e-007,0.423651934,0.595639408,-0.00354016339,0.439083338,0.599930227,-0.00588137237,0.449556261,0.605797172,-0.00748939207,0.457997203,0.610969365,-0.00888614077,0.434164643,0.608772218,-0.00709295,0.44408682,0.618042529,-0.0103871329,0.44873777,0.623441041,-0.0119301891,0.451670468,0.627325118,-0.0127622616,0.423202068,0.611852348,-0.00780524919,0.431123495,0.622739196,-0.00973281,0.435362786,0.628798127,-0.0111845452,0.438048154,0.632954419,-0.0122717842,0.412002504,0.612959087,-0.00863125175,0.417563319,0.623397291,-0.0112425545,0.421606451,0.629134953,-0.0130925598,0.42472294,0.633399487,-0.0145124616,0.400854707,0.612615049,-0.00944624655,0.399976492,0.619595706,-0.0127372956,0.400331557,0.62416625,-0.0138620818,0.400791168,0.628118038,-0.014252753
6250.000000000025,0.595707357,0.594990611,1.29143046e-007,0.575425684,0.600855649,0.00138257688,0.565453827,0.610183299,0.00358092389,0.56145066,0.618462682,0.0056350939,0.560732,0.625243604,0.0079268124,0.576193869,0.618182898,0.0058582928,0.573149562,0.629763603,0.00841694605,0.571245253,0.636088431,0.00951907877,0.569920123,0.640432119,0.0102148838,0.589642525,0.618830562,0.00599298906,0.585559785,0.62940985,0.00903237797,0.582185,0.633308947,0.00924875122,0.579266727,0.635106266,0.0091756992,0.601594567,0.618107617,0.00629106956,0.59689045,0.627600968,0.00992715,0.592683673,0.630553544,0.0114116641,0.589449883,0.631355822,0.0117336782,0.611583114,0.616713762,0.0065901503,0.607565284,0.624338329,0.0101750921,0.603429496,0.626947045,0.01296899,0.600230515,0.627693951,0.0149301207
6250.000000000025,0.406630218,0.594450653,1.13328689e-007,0.425074458,0.594805777,-0.00348516204,0.439368933,0.599550962,-0.0053680581,0.449212402,0.605889,-0.00644388469,0.457587123,0.611073673,-0.00728537329,0.43414256,0.608762383,-0.00626385864,0.444242895,0.618396938,-0.00902032666,0.449026912,0.624001563,-0.0102604106,0.451993644,0.627910614,-0.0107817976,0.423126638,0.611810267,-0.00662211515,0.431223422,0.622898757,-0.00787971076,0.435473353,0.628856361,-0.00899720751,0.437892675,0.632852137,-0.00977692381,0.412257701,0.612749875,-0.00708623091,0.417165786,0.623329282,-0.00914949737,0.42124784,0.62900418,-0.0108097838,0.42416802,0.633088291,-0.0120748738,0.401829839,0.612098336,-0.00754551264,0.400286347,0.619044662,-0.0103507154,0.400066763,0.62344873,-0.011158973,0.400031,0.627133667,-0.0112944655
6266.6666666666915,0.592437863,0.595829,7.69231505e-008,0.572983682,0.601263344,0.00359875243,0.5634,0.61012882,0.00712262141,0.559119582,0.618089676,0.0101777744,0.557896495,0.624436855,0.0133289471,0.573568881,0.618507624,0.00724786,0.570248,0.630334377,0.0120992446,0.568563461,0.636156917,0.0152442772,0.568045437,0.639618039,0.0171202067,0.58685118,0.619259894,0.00712935859,0.582062602,0.630496562,0.011503242,0.578081906,0.630088568,0.0128030442,0.576550901,0.626947105,0.0136799384,0.597972,0.618162632,0.00765682291,0.593031287,0.628289223,0.0124371694,0.588735461,0.627561331,0.0138678271,0.587314487,0.624426842,0.0140793528,0.607382655,0.616325796,0.00857965928,0.604424596,0.623314381,0.0130375121,0.600196958,0.622821569,0.0154950423,0.59795475,0.620093882,0.0170812625
6266.6666666666915,0.404288769,0.594183803,1.01645142e-007,0.423500896,0.594913304,-0.00339766545,0.438912362,0.599625409,-0.00563771324,0.448990136,0.605887651,-0.00731195137,0.457618833,0.611067474,-0.00874970108,0.433848321,0.608556926,-0.00618238468,0.443453,0.617831945,-0.00970251579,0.448099583,0.62331146,-0.0115184495,0.450977683,0.627276778,-0.0125337914,0.423117548,0.611654937,-0.00709767314,0.430708617,0.622487068,-0.0093433,0.434943855,0.628687322,-0.0111061977,0.43762365,0.633057714,-0.0123775266,0.412184954,0.612796783,-0.00822182558,0.417470813,0.623365402,-0.0111781033,0.421534926,0.629113,-0.0132999113,0.42473796,0.63336426,-0.0148161082,0.401186198,0.612386465,-0.00936172437,0.399853706,0.619622,-0.0128860436,0.400113732,0.624196768,-0.0142405871,0.400581479,0.628074884,-0.0147611182
6283.3333333333585,0.59177047,0.595306,9.44729e-008,0.571027756,0.601068914,0.00108084187,0.560430467,0.609773219,0.00293926545,0.556125522,0.618152201,0.00482249493,0.555159271,0.624843299,0.00674571376,0.571682,0.616524458,0.00240991567,0.567891836,0.629396677,0.00499829045,0.565877199,0.636095941,0.00690024672,0.564978778,0.640370846,0.00805689488,0.585622132,0.617505968,0.00273414375,0.580920756,0.629739583,0.00469886884,0.576506078,0.630584061,0.00501029892,0.573917329,0.628231704,0.00536051905,0.597320616,0.616896451,0.00359558803,0.592859,0.628162801,0.00595788425,0.587785661,0.628463745,0.00665578898,0.584700346,0.626036823,0.00665554451,0.606642306,0.615548968,0.00471999962,0.604183912,0.623374045,0.0065063159,0.599411428,0.623635113,0.00797705725,0.595994055,0.621607423,0.0091811223
6283.3333333333585,0.40497604,0.593912721,1.08851594e-007,0.424397498,0.595149696,-0.00349638471,0.439549088,0.600039363,-0.00534625025,0.448909789,0.605980575,-0.0067239562,0.456796765,0.611176312,-0.00793241337,0.434334,0.609425426,-0.0048792772,0.443642586,0.618105,-0.00805988815,0.448169678,0.623459518,-0.0100824162,0.451103747,0.627663076,-0.0114510404,0.423388422,0.61205405,-0.00606445316,0.430848658,0.622074425,-0.00810103677,0.435323,0.628074825,-0.0103177391,0.438488364,0.63277638,-0.0120613966,0.412156612,0.612677455,-0.00760183251,0.417348146,0.622811496,-0.0108396104,0.421152323,0.62857455,-0.0133698275,0.424472541,0.633287847,-0.0152266836,0.40083918,0.611782849,-0.00917385891,0.399834871,0.618951201,-0.0132491682,0.39979127,0.623714387,-0.0148331,0.400065064,0.628067374,-0.0155476173
6300.0000000000255,0.589155793,0.595966041,1.15332639e-007,0.56932795,0.601377368,0.000840462104,0.559605062,0.610341609,0.00234017405,0.55544883,0.618326366,0.00386960478,0.553737879,0.62466687,0.00555573218,0.570022047,0.618345797,0.00203054096,0.565888941,0.629700422,0.00392120751,0.563822389,0.635896385,0.00521649281,0.562577903,0.640051305,0.00602082163,0.583126724,0.619151413,0.00207781349,0.578766465,0.630291581,0.00417257147,0.574829519,0.633547127,0.00499026105,0.571853042,0.634324253,0.00542205386,0.594395578,0.618364036,0.00245214952,0.589839458,0.628457,0.00482923631,0.584952772,0.630491197,0.00611548265,0.581479609,0.630142868,0.00645441934,0.603070855,0.616767108,0.0029065616,0.599524438,0.624020338,0.00508403545,0.594778419,0.625453651,0.00723795872,0.591043711,0.624744058,0.00884029828
6300.0000000000255,0.403947234,0.594250321,1.01754779e-007,0.423026413,0.595015407,-0.00350300525,0.438549042,0.599571645,-0.00582141709,0.448825926,0.605709851,-0.00746570481,0.457270175,0.611031234,-0.00890057161,0.433315605,0.608371735,-0.00691424683,0.443193972,0.617581,-0.0103452699,0.448158145,0.623073518,-0.0119978217,0.451367885,0.627206564,-0.0129606556,0.422398,0.611233115,-0.00777679216,0.430338293,0.621787429,-0.0100567853,0.434931099,0.627945,-0.011733979,0.437978119,0.632485867,-0.0130286915,0.411375016,0.612241745,-0.00881140213,0.417195588,0.622740805,-0.012049878,0.421418577,0.628671408,-0.0142693184,0.424776435,0.633263707,-0.0158617981,0.400348961,0.61190033,-0.00981550943,0.399654329,0.6193344,-0.0137294224,0.399888217,0.624132037,-0.0153000373,0.400297701,0.628373,-0.015991699
6316.666666666692,0.588433385,0.59718591,1.16783312e-007,0.56807214,0.602772,0.00297991978,0.558430135,0.610617757,0.00570832146,0.554173112,0.618234336,0.00817014091,0.552846313,0.624580562,0.0108928634,0.568772912,0.618337691,0.00507109286,0.564720452,0.63016212,0.00836689863,0.562499881,0.636039913,0.0110766403,0.560886,0.639519691,0.0131671848,0.582166135,0.619345605,0.00512658339,0.57728231,0.631170332,0.00855928753,0.573319495,0.633540511,0.010450027,0.570261657,0.633088171,0.0119876731,0.593321204,0.618722081,0.00570495,0.58837074,0.629110277,0.00964543689,0.583375037,0.630332887,0.0118590957,0.580028713,0.628745914,0.0130477212,0.602233708,0.617232502,0.00658005383,0.598248,0.624702573,0.0106341215,0.593055069,0.625668168,0.0137811638,0.58922708,0.624139786,0.0162532888
6316.666666666692,0.406259447,0.59496361,1.15331375e-007,0.424956411,0.595752299,-0.00353753078,0.439841241,0.60036242,-0.00575712742,0.449671388,0.606342375,-0.00728642,0.45789355,0.611333668,-0.00868111104,0.433782458,0.608872771,-0.00712954765,0.443918467,0.618092895,-0.010410306,0.448717952,0.623559833,-0.0119889397,0.451617867,0.627620041,-0.0128642181,0.422935098,0.611706376,-0.00795605127,0.431185216,0.622485578,-0.0100223254,0.435903341,0.628569424,-0.0115860021,0.438805133,0.632893801,-0.0127663547,0.411946505,0.61262244,-0.00890100095,0.417597741,0.62337935,-0.0119427023,0.421895981,0.629145741,-0.0140435658,0.425157487,0.63355273,-0.0155685591,0.401138902,0.61209482,-0.00981070101,0.399881661,0.619436145,-0.0137535166,0.400061637,0.624208033,-0.0152112637,0.400345266,0.628411949,-0.0157722402
6333.333333333359,0.587415695,0.596850812,1.24251486e-007,0.567434192,0.602085292,0.00126107305,0.558406949,0.610503495,0.0029584195,0.554848075,0.61826694,0.00468147825,0.553095043,0.624577463,0.00665688515,0.568888783,0.618638456,0.00333550014,0.564846516,0.630009234,0.00557195535,0.562486887,0.635970891,0.00727466866,0.560800135,0.639690876,0.00853455,0.581621766,0.619377494,0.00367716,0.576892614,0.630257308,0.0063001127,0.573385537,0.634211957,0.00753852865,0.570440471,0.635956287,0.00840970315,0.592493355,0.618525326,0.00429972494,0.587450206,0.628524721,0.00730040902,0.583020031,0.631488502,0.00899861846,0.579770446,0.632179856,0.00971204787,0.601144612,0.616757393,0.00503376964,0.596774936,0.623634577,0.00793011393,0.591649234,0.62579155,0.0103616789,0.587583959,0.626039088,0.0122346729
6333.333333333359,0.405727178,0.594909668,1.08496039e-007,0.424631625,0.594953835,-0.00357549335,0.439181834,0.59966743,-0.00552993454,0.449178755,0.605948329,-0.00684774341,0.457424045,0.611184537,-0.00798267499,0.433935583,0.608918667,-0.00591451768,0.443460733,0.618180215,-0.00902571436,0.448115766,0.623638153,-0.0106008425,0.451047868,0.627695084,-0.0115007404,0.42321229,0.611948311,-0.00658138935,0.430836916,0.62266618,-0.0082897637,0.435165346,0.628814,-0.0099320272,0.437830985,0.633274198,-0.011205228,0.41238445,0.612919509,-0.00746964756,0.417421937,0.623440385,-0.0102139032,0.421269208,0.629223764,-0.012483228,0.424199462,0.633748233,-0.0141623756,0.401743948,0.612326,-0.00837758742,0.399741024,0.619333446,-0.0119853783,0.399260938,0.623996198,-0.0135860182,0.398929209,0.62819469,-0.0143034514
6350.000000000026,0.588301539,0.5968647,1.02568698e-007,0.56879878,0.602151036,0.00100585737,0.558833718,0.610487401,0.00265751453,0.554278255,0.618115783,0.00430083647,0.553293228,0.624413669,0.00613708701,0.570039749,0.618635356,0.00187079038,0.565921,0.630227327,0.00387846073,0.563149869,0.636180282,0.0053749769,0.561319292,0.640077055,0.00633655814,0.582283556,0.619580626,0.00204913178,0.577047229,0.630650043,0.00407653954,0.572922051,0.631968,0.00506322086,0.570578456,0.630731463,0.00568695413,0.592820406,0.618890285,0.00266106077,0.587331474,0.628855228,0.0051322747,0.582771838,0.629011869,0.00700209849,0.580464244,0.626845896,0.00776874833,0.601154447,0.617437363,0.00336785219,0.596522391,0.624600232,0.00598904444,0.592193365,0.624523,0.00863990095,0.589908481,0.622307777,0.0105424421
6350.000000000026,0.407093495,0.59385556,1.11967744e-007,0.425423384,0.594622135,-0.00390102807,0.439550251,0.599519074,-0.00644164,0.449121565,0.605998516,-0.00818615314,0.457674146,0.611144304,-0.00976543128,0.433648765,0.608594954,-0.00762454,0.443601727,0.617983639,-0.011348987,0.448334813,0.623507559,-0.0131745096,0.451215923,0.62763679,-0.0141430255,0.422654927,0.611426234,-0.00825888664,0.43080011,0.622371,-0.0107086534,0.435677439,0.628865898,-0.0126006585,0.438835919,0.633584857,-0.0139526716,0.411670655,0.612307847,-0.00904018,0.416858077,0.62280941,-0.0122859105,0.421225458,0.62893647,-0.0146743013,0.424577,0.633657336,-0.0163188577,0.400860131,0.611825049,-0.00981386192,0.399849057,0.619319856,-0.013599528,0.400127918,0.624147832,-0.0151203433,0.400609881,0.628386557,-0.0157316346
6366.666666666693,0.588018119,0.596631885,1.20927012e-007,0.568515122,0.601477742,-0.000909110822,0.558664143,0.609898865,-0.000877540151,0.55578351,0.617806494,-0.000497776,0.554593205,0.624322355,0.000125543243,0.570173085,0.617654204,-0.00201030425,0.566759467,0.629569411,-0.00203721598,0.56438,0.636172056,-0.00125278486,0.562598,0.640191138,-0.000401139667,0.582491696,0.618455,-0.00149465515,0.578283489,0.630279303,-0.00139423704,0.574031711,0.634197,-0.000429807114,0.570559204,0.635170639,0.000528081961,0.593010128,0.617921591,-0.000721767545,0.588369071,0.6286273,0.000158827941,0.583068252,0.630996466,0.00220398349,0.579135776,0.630646646,0.00351718976,0.601848066,0.616550922,-2.74873291e-005,0.597952127,0.624485612,0.00111605518,0.592484117,0.626295745,0.00348339626,0.588388085,0.625731409,0.00554099306
6366.666666666693,0.404756308,0.593658,1.05113799e-007,0.424107969,0.594170094,-0.0038678518,0.439192325,0.599341869,-0.00605489593,0.448937744,0.605810642,-0.0075277132,0.45756498,0.611173332,-0.00882557,0.433491975,0.60868746,-0.00636789342,0.443121,0.61793524,-0.0097740693,0.44800207,0.623486936,-0.011659842,0.451201677,0.627712071,-0.0128298867,0.422443807,0.611549258,-0.00711584091,0.430238456,0.622381091,-0.00927721709,0.434709102,0.628943861,-0.0113247037,0.437442333,0.633891761,-0.0128898993,0.411334902,0.612322628,-0.0081170341,0.417061329,0.622805357,-0.0113558,0.421241373,0.628981471,-0.0140328677,0.424374819,0.6338498,-0.0159527548,0.400200516,0.611699343,-0.0091241207,0.399322212,0.61894232,-0.0128561519,0.399331331,0.623618484,-0.0144805145,0.399405837,0.627777517,-0.0152775105
6383.33333333336,0.58912009,0.597204089,1.34972765e-007,0.570418775,0.602220356,-0.000987167237,0.560738623,0.610825539,-0.000525773212,0.556944668,0.618529558,0.000378408469,0.555289149,0.624966562,0.00163342617,0.572146833,0.618253529,-0.0010477571,0.5692119,0.629894257,-0.00074599596,0.567153454,0.636503696,-6.72325259e-005,0.56557405,0.640934289,0.000742201461,0.584097,0.618948162,-0.000232119753,0.580549,0.630350709,0.000746618607,0.576657832,0.635459,0.0018310115,0.573162377,0.638204217,0.00260684406,0.594304264,0.6184991,0.00071395986,0.590301335,0.628573239,0.00215118541,0.585734427,0.631389797,0.00406738743,0.582284331,0.631957889,0.00522545818,0.602561057,0.617418,0.00150951743,0.598840117,0.625086367,0.00309025124,0.594323695,0.627206802,0.00544089032,0.5908463,0.627312541,0.00742177386
6383.33333333336,0.403719157,0.593734622,1.13338366e-007,0.423526466,0.594693959,-0.00329119526,0.438899696,0.599897385,-0.00519198645,0.449124277,0.606117725,-0.00653784443,0.458029807,0.611209214,-0.00772838667,0.433971643,0.608816445,-0.00545746135,0.443811446,0.618264377,-0.00868947618,0.448481649,0.624037921,-0.0104323216,0.451402485,0.628273308,-0.0114737311,0.422832459,0.611441314,-0.00657931156,0.430583209,0.622371495,-0.00875398517,0.43464312,0.628696442,-0.0107031278,0.437324405,0.633299649,-0.0120627908,0.411516637,0.61206007,-0.00794784538,0.417026639,0.622984648,-0.0113167055,0.420712471,0.629227102,-0.0138398223,0.423785865,0.634157,-0.0155531513,0.400315106,0.611161411,-0.00925701763,0.399486363,0.618644536,-0.0134178633,0.39928633,0.623642385,-0.0150326248,0.399400562,0.628128171,-0.0156791415
6400.000000000027,0.59207195,0.597923696,1.29613454e-007,0.572832704,0.602669775,-0.0018715784,0.562473118,0.610854864,-0.00185595464,0.559251,0.618531287,-0.00100872316,0.558624387,0.625207901,0.000331950403,0.574332774,0.618665576,-0.00219613919,0.571322262,0.630194664,-0.00190197385,0.569406807,0.636172473,-0.000841620786,0.567924678,0.639766693,0.000319318089,0.58657968,0.619420886,-0.000906225294,0.583179533,0.630964875,-0.000324099296,0.579779625,0.636067152,0.000859337102,0.57646364,0.638699532,0.00197756221,0.596725106,0.619016409,0.000473922817,0.59338063,0.629590273,0.00161070295,0.589402914,0.634016,0.00315322704,0.585727513,0.636345625,0.00418007281,0.604591668,0.61774385,0.00173650822,0.601686537,0.625722349,0.00314801862,0.597674549,0.629425287,0.00513382256,0.593867064,0.631354749,0.00691001303
6400.000000000027,0.405261189,0.593248308,1.18750613e-007,0.424889028,0.594534397,-0.0043438524,0.439732552,0.599603713,-0.00666966755,0.44939819,0.605960667,-0.00829048175,0.458124727,0.611146808,-0.00970892422,0.433568597,0.609111845,-0.00602795556,0.44341597,0.617991447,-0.00949909724,0.448359191,0.623501241,-0.0115711847,0.45144245,0.627869725,-0.0128699848,0.422487348,0.612036705,-0.00667418493,0.429983824,0.622593343,-0.0088588912,0.434529126,0.62906462,-0.0110199498,0.437397152,0.634067595,-0.0127041684,0.411482871,0.61281085,-0.00770176575,0.41655013,0.623227537,-0.0111794733,0.420561224,0.629298389,-0.0138217341,0.423628777,0.63414526,-0.0156702362,0.40072149,0.612076879,-0.00880704075,0.399296,0.619464815,-0.0128698163,0.399272919,0.624342144,-0.0144840879,0.399403214,0.628675282,-0.0152090983
6416.666666666694,0.591509461,0.59784019,1.3257862e-007,0.572584331,0.603197813,-0.000292491721,0.5638448,0.611682236,0.000465546531,0.561214149,0.619253755,0.00159224984,0.560546756,0.625673711,0.00303375116,0.575507283,0.618995786,-0.000323377812,0.573028505,0.630525053,0.000202865107,0.571338177,0.63694942,0.00111480861,0.570257902,0.64103049,0.00209362176,0.587935448,0.619502664,0.000154560301,0.58508873,0.631084621,0.00123281206,0.581731737,0.63640368,0.00236875261,0.578448,0.639264,0.00326709286,0.598352611,0.618804276,0.000798279129,0.59535116,0.629298687,0.00240476197,0.591533065,0.633641839,0.00399960298,0.58793354,0.635815382,0.00487276912,0.606594503,0.617246866,0.00140126795,0.603651047,0.625214219,0.00304620154,0.599507034,0.628618479,0.00513455505,0.595566809,0.630240202,0.00689524971
6416.666666666694,0.403555125,0.594154775,1.08276637e-007,0.423414618,0.594523251,-0.00421515899,0.439278185,0.599400818,-0.00646983692,0.449525118,0.605711162,-0.0079604676,0.458324313,0.61095947,-0.00917494949,0.433719069,0.609041154,-0.0061225961,0.443525612,0.618407965,-0.00954565499,0.448282391,0.62399292,-0.0116025908,0.45129317,0.628172159,-0.0128200129,0.42260325,0.612103701,-0.00666137785,0.430241823,0.62286973,-0.00862549245,0.434579104,0.629262567,-0.0105996439,0.437330604,0.633925855,-0.0121165495,0.41139248,0.613155603,-0.00752734113,0.416414,0.623536587,-0.0103631876,0.420277387,0.629704058,-0.0126803396,0.423263192,0.63445729,-0.0143701723,0.400441378,0.612746537,-0.00848353561,0.399967849,0.620094,-0.0116758188,0.400070935,0.62478739,-0.0127743389,0.400224477,0.628776312,-0.0131941466
6433.333333333361,0.593820512,0.597246766,1.39729906e-007,0.574948311,0.602764249,-0.000746669422,0.566211343,0.611690879,-0.000331857096,0.564119637,0.619546711,0.000717458082,0.562816,0.626013458,0.00213736738,0.578006923,0.617392659,-0.00259533175,0.575693071,0.629758477,-0.00281032687,0.573736191,0.636668503,-0.00182744779,0.572036564,0.641136408,-0.000632909883,0.590738356,0.618035734,-0.00170918088,0.587765038,0.630409062,-0.00152337062,0.584041476,0.636216581,-0.000342608342,0.580206335,0.639418185,0.000786496035,0.60101521,0.61771673,-0.000553760037,0.597844958,0.628996551,0.00061151752,0.593560517,0.634138763,0.00217494904,0.589346707,0.63706708,0.00317220925,0.608873367,0.616701484,0.000607428956,0.605635822,0.625369132,0.00223427732,0.601022899,0.629585922,0.00430234801,0.596584916,0.631945252,0.00607334869
6433.333333333361,0.405735642,0.593812287,1.20002326e-007,0.424534559,0.594781578,-0.00424315222,0.439373523,0.599827468,-0.00676774792,0.449278295,0.60604465,-0.00846867729,0.457812339,0.611254036,-0.00997672323,0.433723867,0.609550953,-0.00718872435,0.443506181,0.618846595,-0.0106201274,0.448518485,0.624452472,-0.0124715725,0.451639473,0.628599048,-0.0135409404,0.422655731,0.612111926,-0.00782570429,0.429827392,0.623179734,-0.00989999156,0.434051931,0.629550517,-0.0115814377,0.436575,0.63421756,-0.0128433341,0.411639094,0.612595081,-0.0087196175,0.416291267,0.62359339,-0.0118939402,0.420103401,0.629665494,-0.0141234435,0.422891825,0.634392,-0.0157195814,0.400833845,0.611626863,-0.00965583324,0.399282515,0.619159579,-0.0136737432,0.398946643,0.624004662,-0.0150897903,0.39872393,0.628320932,-0.0156063661
6450.000000000028,0.595534623,0.59805578,1.37619949e-007,0.577010691,0.603894353,-0.000670909125,0.567313969,0.612570703,-0.000156323658,0.564770579,0.620182097,0.000771671184,0.563731313,0.626644969,0.00202996074,0.580386519,0.619036853,-0.000341980573,0.578337729,0.63047272,2.5440735e-005,0.576687634,0.636792183,0.000861803477,0.575171947,0.640765548,0.00183519104,0.592629552,0.619362175,0.000280126609,0.590296447,0.630767226,0.00105103385,0.587379098,0.636074483,0.0018531481,0.584188044,0.638988733,0.00261126575,0.602721155,0.618575692,0.00103301811,0.599995852,0.629206717,0.00238854368,0.596412838,0.633723617,0.0038548091,0.592756748,0.636114597,0.00476182625,0.610802233,0.617046475,0.00173424534,0.608139,0.625250638,0.00341625605,0.604060531,0.62877363,0.00560983224,0.600205123,0.63045752,0.00751271565
6450.000000000028,0.405998975,0.593848467,1.057346e-007,0.42476064,0.594998658,-0.00413165,0.439680845,0.600190163,-0.00660522841,0.449746907,0.606302261,-0.00840710755,0.458448261,0.611350238,-0.0100087197,0.43307057,0.609047353,-0.00706546707,0.442735374,0.617993474,-0.0109679922,0.447617888,0.623555303,-0.0131014632,0.450734168,0.627856493,-0.0143850744,0.42198357,0.611978829,-0.00788800325,0.429014981,0.622825801,-0.0104177007,0.433697939,0.629347801,-0.0123720188,0.436944395,0.634314775,-0.0138644166,0.410968035,0.612890482,-0.00899958611,0.41528368,0.623425841,-0.0125332968,0.41930303,0.629537225,-0.0148598133,0.422608197,0.63439846,-0.0164659154,0.400092,0.612283766,-0.0101721333,0.398149043,0.619740367,-0.014126773,0.397882789,0.624598503,-0.0155447377,0.39797765,0.628893793,-0.0161310136
6466.666666666695,0.596736372,0.59799695,1.32119936e-007,0.578242898,0.603277266,-0.000866385584,0.569333196,0.61221087,-0.000406202918,0.567814,0.619883776,0.000625552,0.567131758,0.6263026,0.00206543645,0.582022667,0.618594944,-0.00157742295,0.579872,0.63039881,-0.00139248453,0.578160405,0.636809587,-0.000197867063,0.576770067,0.640824437,0.00109725283,0.594325662,0.618909836,-0.000776717032,0.5919137,0.630766928,-0.000554273545,0.588730156,0.636163652,0.000585712201,0.585463881,0.639317274,0.00175110472,0.604346812,0.618429959,0.00019171965,0.601792157,0.629264474,0.00121354021,0.597948492,0.63408494,0.00282354769,0.594091475,0.636919916,0.00397902029,0.612173617,0.617314816,0.00112034578,0.609914303,0.625950515,0.00272509432,0.605962813,0.630016804,0.00481328228,0.601978898,0.632290244,0.00665109511
6466.666666666695,0.404978365,0.593799531,1.07652752e-007,0.424507201,0.594477892,-0.00376192736,0.439455509,0.599922717,-0.005791876,0.449293315,0.606162786,-0.00715191755,0.457885295,0.611311734,-0.0083480021,0.433336914,0.60941565,-0.00604471378,0.442775249,0.618699491,-0.00916931,0.447546363,0.624305606,-0.0107903536,0.45069471,0.628518283,-0.0117981266,0.421838045,0.612255454,-0.00687608682,0.429168731,0.623294711,-0.00887091365,0.433631778,0.629813552,-0.01085239,0.436690688,0.634665489,-0.01233787,0.410380065,0.612963378,-0.00793746114,0.415714681,0.623646438,-0.0111961039,0.41972062,0.629817128,-0.0138624543,0.423025757,0.63473165,-0.0157193765,0.399152279,0.612134337,-0.00898388866,0.397871166,0.619555712,-0.0128145153,0.397452205,0.62432009,-0.014370664,0.397366822,0.628521264,-0.0150547298
6483.333333333362,0.600781143,0.598792672,1.40815487e-007,0.582102656,0.604026496,-0.00153724814,0.572623,0.61249,-0.002039477,0.570457041,0.619939685,-0.00198555132,0.569694698,0.62639451,-0.00159313716,0.584856808,0.618635416,-0.00361647643,0.582535446,0.630468845,-0.00460289791,0.580520093,0.636891901,-0.00419412414,0.578915298,0.640834,-0.00328224874,0.597018778,0.619196832,-0.00292796525,0.594079,0.631251216,-0.00328402827,0.590416491,0.636709154,-0.00235091336,0.586941,0.6395033,-0.0013621283,0.60710144,0.61885035,-0.00206069509,0.603937089,0.62975657,-0.00135353033,0.599773586,0.634179115,0.000450628286,0.595887899,0.636255443,0.00169073604,0.615019202,0.617830098,-0.00131980213,0.611929238,0.626360953,-0.00011955019,0.607456923,0.63013351,0.00208951626,0.60349071,0.631899834,0.00406093337
6483.333333333362,0.405239284,0.593972266,1.0728251e-007,0.424056262,0.595229089,-0.00407785503,0.439324945,0.600249887,-0.00655425154,0.44954145,0.606344759,-0.0083664339,0.458207816,0.611504,-0.00996578671,0.43291676,0.609160125,-0.00694789924,0.442681134,0.6185022,-0.0105994605,0.447448283,0.624063611,-0.0125225596,0.450507164,0.628347397,-0.0137096494,0.421850652,0.611944258,-0.00780286174,0.429185927,0.622850716,-0.0102218715,0.433555335,0.629312336,-0.0122782635,0.436471403,0.634376049,-0.0139007373,0.41080758,0.612761319,-0.00892363582,0.415460497,0.623529255,-0.012500993,0.419097126,0.62977767,-0.0150769511,0.421951413,0.634851694,-0.0169098824,0.399946213,0.61209172,-0.010068683,0.39823,0.619603753,-0.0142586427,0.397376359,0.62455523,-0.0159110092,0.396758288,0.62898308,-0.0166672822
6500.000000000029,0.600444615,0.599764764,1.42220728e-007,0.582074583,0.605731845,-0.00110721122,0.573390186,0.613999724,-0.00069164735,0.571815,0.621316254,4.69915867e-005,0.570770502,0.627443552,0.00106844795,0.587025106,0.620401561,0.000222709292,0.584478438,0.631320238,7.30223182e-005,0.58245331,0.637525082,0.00026836904,0.580768466,0.641633332,0.000742354663,0.599197507,0.620525,0.000810220081,0.596313715,0.631406069,0.00104232982,0.593046904,0.636979878,0.00115465117,0.589478791,0.640526414,0.00140328857,0.608795285,0.619540513,0.00137484609,0.605844736,0.629637182,0.00205507712,0.602049172,0.634585142,0.00289935502,0.597931504,0.637628376,0.00344977761,0.616260529,0.617797792,0.00184267,0.613344133,0.625636,0.00264945813,0.609125257,0.629879057,0.00413172133,0.604818761,0.632504225,0.00558400247
6500.000000000029,0.405834734,0.594705105,1.24201321e-007,0.424461126,0.595536172,-0.00428449782,0.439690173,0.600433648,-0.00714495033,0.449833184,0.606522,-0.00919799227,0.458445579,0.611756563,-0.0110685835,0.433260381,0.609386742,-0.00865463261,0.443352848,0.619150817,-0.0127000213,0.447855979,0.624927819,-0.0145126097,0.450600803,0.629177809,-0.0154723926,0.42196548,0.612158895,-0.00947896764,0.429354429,0.623686731,-0.0122484053,0.433474034,0.630419,-0.0141386585,0.436181068,0.635354757,-0.0154762901,0.410677552,0.612887442,-0.0104777152,0.415502727,0.623811245,-0.0141651817,0.419330031,0.63012749,-0.0167353284,0.422441393,0.635168135,-0.0185328852,0.399618268,0.612099707,-0.0114635425,0.397871733,0.619432569,-0.0157825872,0.397356063,0.62427181,-0.0174659938,0.397189766,0.628587782,-0.0181947574
6516.666666666696,0.600308776,0.59925276,1.44984483e-007,0.583172262,0.604911864,-0.00182346359,0.574534357,0.613226,-0.00198695576,0.572377622,0.620733798,-0.00176286651,0.571745038,0.627147377,-0.00118869718,0.587610662,0.6191625,-0.00120566937,0.586736202,0.630671561,-0.00174719212,0.585248649,0.637332678,-0.00171421957,0.583571613,0.641865671,-0.00133576163,0.599866271,0.619370043,-0.000337038,0.598973095,0.630553722,-0.000268685893,0.595352888,0.635809958,1.7678949e-005,0.591309607,0.638617396,0.00035649538,0.609550774,0.618554115,0.000482842821,0.607865155,0.628819764,0.00119440234,0.603705585,0.633091033,0.00234637107,0.599388242,0.635150909,0.00309791346,0.616507113,0.617365181,0.00109405862,0.614345372,0.625658095,0.00206479616,0.609831691,0.629172,0.00379064,0.605365336,0.630732417,0.00537241204
6516.666666666696,0.404687911,0.594130754,1.052695e-007,0.42404753,0.594805241,-0.0039884774,0.439255118,0.600153804,-0.00615439517,0.449311674,0.606639802,-0.00762225734,0.458008856,0.611764252,-0.00889615156,0.432822078,0.609425545,-0.00632296596,0.442584217,0.61844027,-0.00974308606,0.447319955,0.623909175,-0.0115961507,0.450192511,0.628116488,-0.0126850111,0.421607494,0.612244725,-0.00714646,0.428876698,0.623061955,-0.00937366,0.433359891,0.629647076,-0.0114759132,0.436074018,0.634771168,-0.0130527606,0.410346895,0.61308974,-0.00823373906,0.414455295,0.623788178,-0.0116982488,0.418236315,0.63005513,-0.0145185161,0.421088487,0.635196745,-0.0164691191,0.399282277,0.612467587,-0.00932573248,0.397230893,0.619738638,-0.0134573486,0.396615654,0.624509275,-0.0151560092,0.396133333,0.628837,-0.0158973504
6533.333333333363,0.603711903,0.599551678,1.50929139e-007,0.586392879,0.604419708,-0.00275395438,0.576895475,0.61277771,-0.00394712109,0.574965179,0.620425,-0.00441678101,0.574208,0.627134621,-0.00452128099,0.589426279,0.618880451,-0.00458107889,0.587882638,0.630563915,-0.00613179104,0.586066306,0.637066841,-0.0059883,0.584265172,0.641308546,-0.00526392134,0.601019502,0.619210899,-0.00363364909,0.598556936,0.631135404,-0.00483949436,0.594644129,0.63684535,-0.00411355123,0.590606213,0.640325963,-0.0031214247,0.610304475,0.618655622,-0.00269629969,0.607417881,0.629566133,-0.00310487836,0.603109777,0.63427043,-0.00152577122,0.598926544,0.63693881,-0.000177436566,0.617378294,0.617569208,-0.00198289123,0.614191115,0.626402378,-0.00168523786,0.609617233,0.630096,0.000274390157,0.605428755,0.631959796,0.002190114
6533.333333333363,0.406606466,0.593872368,1.18309195e-007,0.425465822,0.595180154,-0.00405914849,0.439959019,0.600746691,-0.00628783647,0.449188679,0.606978834,-0.00785869826,0.457707763,0.611912906,-0.00933249481,0.433385372,0.610223413,-0.00650974968,0.442481577,0.619144678,-0.0102375755,0.447085738,0.6246804,-0.012458628,0.450060964,0.629022956,-0.013864262,0.422197819,0.612754285,-0.00754916575,0.428737521,0.623666048,-0.0100492472,0.43292284,0.630313635,-0.0124178873,0.435454965,0.635450542,-0.0141772227,0.41101104,0.61307615,-0.00888308883,0.414720088,0.623750031,-0.0127313901,0.418374747,0.629992843,-0.0157381631,0.421146512,0.635033131,-0.0177878775,0.399998903,0.611708224,-0.0102242855,0.397477359,0.619144261,-0.0148440739,0.396336049,0.624068916,-0.0167144611,0.395505488,0.628466249,-0.0175373666
6550.00000000003,0.605678558,0.599486232,1.47476456e-007,0.58813858,0.604017377,-0.00328433537,0.578686,0.61246419,-0.00445605163,0.576847613,0.620366275,-0.00470878137,0.576079965,0.627130091,-0.00448275,0.591616273,0.618723512,-0.00553645659,0.590000808,0.630615354,-0.00743446127,0.587601364,0.637134969,-0.00743973255,0.585235894,0.641259134,-0.00674395356,0.60387665,0.619303584,-0.00404379563,0.601855338,0.631186187,-0.00577878393,0.597704291,0.636948526,-0.00510763424,0.593245208,0.64023453,-0.00404428784,0.613277912,0.619146049,-0.00254372461,0.610699177,0.630146742,-0.0033066594,0.606339157,0.635216117,-0.00178430055,0.601757586,0.638092577,-0.000281425833,0.62002039,0.618456066,-0.00128767407,0.616748214,0.62745595,-0.00123027095,0.612207413,0.63175112,0.000469264953,0.607737839,0.634116411,0.00231785467
6550.00000000003,0.40556252,0.594724059,1.12908495e-007,0.424820364,0.595346451,-0.0045494712,0.439464033,0.600503385,-0.0066216276,0.449049,0.606723666,-0.00802132674,0.457357496,0.611949623,-0.00916863047,0.433655977,0.611136675,-0.00466538873,0.442932665,0.619737327,-0.00754621159,0.447663695,0.625038922,-0.00945518445,0.450624436,0.629159629,-0.010744242,0.422545,0.61383307,-0.00522048725,0.429213673,0.624408,-0.00685870601,0.433454603,0.630612612,-0.00905836467,0.436002284,0.63535881,-0.0107635744,0.411391,0.61428535,-0.0062764571,0.414979637,0.624805272,-0.00962470286,0.418414623,0.630847454,-0.0128176585,0.420968175,0.635797799,-0.0150541328,0.400454909,0.613059461,-0.00743251294,0.396987528,0.620135128,-0.011615443,0.395344436,0.624747932,-0.0136603964,0.394034207,0.628881752,-0.0146861887
6566.666666666697,0.605682373,0.599847853,1.56171708e-007,0.588986278,0.604983032,-0.00256870431,0.579295814,0.612907946,-0.00386961,0.576473,0.620079398,-0.00433672778,0.576402903,0.626648843,-0.0044391728,0.592218339,0.618578911,-0.00647655455,0.590803683,0.631098449,-0.00857973937,0.588442206,0.637655318,-0.0084835384,0.585952342,0.641753554,-0.00762374233,0.604405105,0.618761957,-0.00538689271,0.602695286,0.631280363,-0.0076150368,0.59874016,0.636961162,-0.00705270562,0.594395041,0.639919698,-0.00597459916,0.614097714,0.618275285,-0.00412955321,0.611637115,0.629667461,-0.00501032826,0.607473671,0.634717,-0.00360348611,0.602925479,0.637265801,-0.00214390131,0.621270657,0.617371202,-0.00299755647,0.618128598,0.626505673,-0.00272539468,0.61354214,0.630678594,-0.000927314104,0.608788729,0.632757545,0.000966989959
6566.666666666697,0.404400676,0.59295,1.15465781e-007,0.42361626,0.594042838,-0.00455062417,0.43883276,0.599896193,-0.00691472087,0.448679447,0.606520057,-0.00864855852,0.457416356,0.611892164,-0.0101720607,0.432423711,0.609562576,-0.00622339407,0.442220718,0.618941665,-0.0100965342,0.44735232,0.624830842,-0.0124068484,0.450784445,0.629318416,-0.0138919977,0.421218187,0.612335324,-0.00711310236,0.428091437,0.623499691,-0.00980925653,0.432486743,0.63036412,-0.0123415189,0.435398936,0.635718286,-0.0142057817,0.410003573,0.61296463,-0.00842199475,0.414063275,0.623889804,-0.0123728886,0.417516977,0.630423188,-0.0155367171,0.420081943,0.635790348,-0.0177187584,0.398895204,0.61195606,-0.00982466806,0.396275669,0.619282067,-0.0145490495,0.394779295,0.624185443,-0.016626358,0.393437237,0.628549814,-0.0176013988
6583.333333333364,0.606150746,0.599317074,1.41676352e-007,0.58906734,0.604309857,-0.00270738895,0.580224454,0.612854838,-0.00368909305,0.578133643,0.620672643,-0.00389171415,0.5773471,0.627385139,-0.00363244908,0.592917919,0.618751049,-0.00442107301,0.592720091,0.630535662,-0.00558694405,0.591447771,0.637048244,-0.00503229769,0.589888573,0.641066968,-0.00399583858,0.605081797,0.61907953,-0.0032062626,0.604115665,0.631058395,-0.00409042,0.600686,0.636480391,-0.00303663942,0.596686959,0.639264584,-0.00177484343,0.614769936,0.618601501,-0.00196898263,0.612961233,0.629397452,-0.00185274705,0.609102488,0.634108901,-0.000204893688,0.604875863,0.636464417,0.00115575071,0.62202847,0.617574573,-0.000958462944,0.619755208,0.625937521,-0.000154803958,0.615581572,0.629730582,0.00170274812,0.611304522,0.631602466,0.00350376125
6583.333333333364,0.40652439,0.59200871,1.08886596e-007,0.425838262,0.593558431,-0.00346691976,0.440172434,0.600135922,-0.00494834129,0.449584931,0.606818736,-0.00590182422,0.458111435,0.611850083,-0.00677496614,0.432831526,0.609662,-0.00499199657,0.441917896,0.619055092,-0.00791189354,0.447081536,0.624851406,-0.00958823599,0.450635582,0.62922281,-0.0106822085,0.421209931,0.612391293,-0.00601743767,0.427275211,0.623707891,-0.00770048657,0.431674093,0.630412638,-0.00974161364,0.434712559,0.635574937,-0.0113481861,0.409917951,0.612893403,-0.00731896795,0.413580477,0.624205947,-0.0107071986,0.416956693,0.63071388,-0.0137833152,0.419703305,0.636016488,-0.0159581751,0.39913711,0.611640036,-0.00858131703,0.395866126,0.619324744,-0.0129220849,0.393909365,0.624236,-0.0148354582,0.392353594,0.628524482,-0.0157387853
6600.000000000031,0.604147553,0.599429846,1.53553415e-007,0.588579,0.604416132,-0.00420192676,0.580317497,0.612443745,-0.00628244085,0.578213096,0.620192945,-0.00723302271,0.578627527,0.627039433,-0.00769210281,0.59385,0.618103445,-0.0081201056,0.593887687,0.63054,-0.0105869658,0.592861354,0.637472153,-0.0106308227,0.591463,0.641958117,-0.00985252,0.606206954,0.618193269,-0.00646530231,0.606154799,0.630557,-0.00870974455,0.602803707,0.636756241,-0.00801517,0.598606646,0.640374601,-0.0068966737,0.615386426,0.617593944,-0.00479292264,0.614319563,0.628886223,-0.00588813797,0.610271633,0.634441733,-0.00455465,0.605603874,0.637717187,-0.00320701045,0.62133646,0.616658211,-0.00340182311,0.619443178,0.625358343,-0.00356942322,0.615240395,0.629949391,-0.00209101895,0.61059624,0.632684112,-0.000437715324
6600.000000000031,0.40569362,0.593846321,1.09831689e-007,0.425108135,0.595444262,-0.0044388338,0.440147638,0.600764811,-0.00688884594,0.44970125,0.606790304,-0.00878150668,0.458171785,0.611851633,-0.0105762258,0.433234662,0.611264229,-0.00585313188,0.442606181,0.619905055,-0.00940664206,0.44736284,0.625225246,-0.0116911121,0.450498134,0.629454136,-0.0132950544,0.421882838,0.613742828,-0.00697137089,0.428004533,0.624773622,-0.00941380486,0.431833416,0.631113589,-0.0118833408,0.434334844,0.635973454,-0.0137632899,0.410376817,0.613859773,-0.00855828822,0.414199382,0.624682,-0.0125400638,0.417427033,0.630999386,-0.015841078,0.420022815,0.636215568,-0.0181757342,0.398919463,0.612229109,-0.01022931,0.395626158,0.619471848,-0.0147464927,0.393850327,0.624249458,-0.0167780835,0.392551,0.628517151,-0.0178720318
6616.666666666698,0.607034862,0.599793196,1.56344043e-007,0.590490878,0.605046213,-0.00275759841,0.581235051,0.613098145,-0.00433994923,0.578453958,0.6205585,-0.00489121908,0.578436434,0.627167821,-0.00506330747,0.594329178,0.618519306,-0.00723735103,0.593964517,0.631081283,-0.0090701282,0.59308207,0.637881756,-0.00853174366,0.591900766,0.642338514,-0.00736401975,0.605946064,0.618562758,-0.00608476484,0.605185,0.631449282,-0.00801998656,0.60201025,0.637662232,-0.00694037881,0.598263681,0.641279221,-0.00543739,0.614988,0.617842436,-0.00472472655,0.613871157,0.629545689,-0.00552682672,0.610123336,0.634833395,-0.00386461033,0.606109619,0.637890875,-0.00223922706,0.62120223,0.616704345,-0.00348214759,0.619126558,0.626078308,-0.00321092037,0.615217924,0.630426943,-0.00120814086,0.611189306,0.632854581,0.000831896556
6616.666666666698,0.406105816,0.593490183,1.13592009e-007,0.42511937,0.594851434,-0.00466817617,0.439449131,0.600476444,-0.00726025878,0.449167401,0.607098758,-0.00911851,0.458071381,0.612264752,-0.0107806548,0.432712704,0.61057055,-0.00650973432,0.441865087,0.619748652,-0.0102450186,0.446591377,0.625408053,-0.0124621363,0.449625432,0.629755378,-0.0138812969,0.421288878,0.613173366,-0.00722219,0.42727232,0.624554574,-0.00971291214,0.431401134,0.63136816,-0.0121012386,0.434063733,0.636485,-0.0138666667,0.410055369,0.613473475,-0.00830436125,0.413071662,0.624615788,-0.0122836195,0.416114032,0.631030619,-0.0154361948,0.418386221,0.636129439,-0.0175401941,0.399189681,0.61196959,-0.00945128221,0.395488352,0.619143307,-0.0143186804,0.393730938,0.623885214,-0.0164922588,0.392246574,0.628089309,-0.0174537599
6633.333333333365,0.608099937,0.599240363,1.49105759e-007,0.59079361,0.604188919,-0.00332672661,0.581615448,0.612670958,-0.00425866246,0.579300404,0.620414138,-0.00419296976,0.579112589,0.627168179,-0.00367805664,0.595735967,0.618701339,-0.00522183487,0.594695389,0.630797327,-0.006291111,0.593410611,0.637645364,-0.00571315829,0.591991842,0.642095387,-0.00477929041,0.608030438,0.618952036,-0.00353383808,0.607684255,0.630873263,-0.00463606836,0.604375303,0.636889458,-0.00393187767,0.600470424,0.64030695,-0.00297976215,0.617324173,0.61836338,-0.00184117968,0.61673069,0.629302204,-0.00230793306,0.612584054,0.634623051,-0.00152613572,0.607919097,0.637671292,-0.000687040156,0.623553216,0.617320657,-0.000326795853,0.62206316,0.625951827,-0.000394996401,0.617933154,0.630378664,0.00052870682,0.61319077,0.632839918,0.00171983149
6633.333333333365,0.405310243,0.592857897,1.14696142e-007,0.424592018,0.594251871,-0.00475943135,0.439326942,0.600185871,-0.00730730267,0.449203402,0.606789827,-0.00925633311,0.458195895,0.612105548,-0.0110250115,0.432678103,0.610438704,-0.00580656482,0.441444576,0.619488239,-0.00968503952,0.446392387,0.625325322,-0.0122828307,0.449692845,0.629948497,-0.0140580293,0.420930386,0.61300993,-0.00677448511,0.426164955,0.624138236,-0.00933641661,0.429822177,0.631140649,-0.0120236445,0.432238579,0.636709869,-0.0140665518,0.409266084,0.613295615,-0.0082114,0.411962777,0.62435925,-0.0121417213,0.414568067,0.630892813,-0.0152020762,0.416754246,0.636348188,-0.0173045285,0.397953,0.611861408,-0.00978126843,0.394571185,0.619197488,-0.0143351182,0.392972082,0.624128163,-0.0161374491,0.391658485,0.628617525,-0.0169375278
6650.000000000032,0.609546483,0.599059522,1.53212653e-007,0.591712,0.60394603,-0.00406345213,0.581803739,0.612668455,-0.00515813846,0.5798347,0.620382,-0.0050861435,0.579512239,0.626889706,-0.00452150777,0.597266674,0.619004369,-0.0062592118,0.596201837,0.630928457,-0.00781959202,0.594714761,0.637620807,-0.00766575383,0.593035519,0.642044187,-0.00700435322,0.609899759,0.619201,-0.00436560158,0.608511686,0.631136119,-0.00615443848,0.604412794,0.637003601,-0.0057133548,0.599962354,0.640354753,-0.00481561711,0.618996203,0.618522942,-0.00248915399,0.61667788,0.629594386,-0.00357491616,0.611880779,0.634639323,-0.00273616775,0.607004464,0.637532115,-0.00168013945,0.624661267,0.617385745,-0.000866053218,0.621316791,0.62618655,-0.00122126064,0.616392553,0.63036561,-9.52772243e-005,0.611384392,0.632685244,0.00131666055
6650.000000000032,0.407368332,0.592992246,1.16858615e-007,0.425867409,0.595001817,-0.00441062031,0.439828694,0.600779831,-0.00687696459,0.449115366,0.60706,-0.00877510663,0.457594097,0.612142444,-0.010615048,0.432698935,0.610568404,-0.00602602446,0.441154838,0.619541407,-0.00984011684,0.445651948,0.625205696,-0.0123096872,0.448542595,0.629641294,-0.013985116,0.421055675,0.613105,-0.00714007393,0.426230609,0.62435019,-0.00980904792,0.429736048,0.631416678,-0.0125858542,0.431863278,0.637028217,-0.0147031564,0.409706712,0.613308072,-0.00866906345,0.411872894,0.624475121,-0.0129182413,0.414170861,0.631281435,-0.0164666027,0.415900558,0.636875331,-0.0189044364,0.398628682,0.611748636,-0.0102308681,0.394603878,0.619068801,-0.0152458586,0.392432749,0.623976648,-0.0174720921,0.390712261,0.628291309,-0.0185709111
6666.666666666699,0.610363424,0.598613381,1.6339655e-007,0.591555059,0.603964388,-0.00280944444,0.581935644,0.612656951,-0.00395840686,0.579656899,0.620728195,-0.00428297417,0.579358339,0.627452731,-0.00426647812,0.596260369,0.618100882,-0.0061912341,0.595825553,0.63097769,-0.00776976952,0.594405591,0.638141,-0.00740337884,0.592587411,0.642582834,-0.00647655129,0.609478652,0.618555963,-0.00503822695,0.608759582,0.631871819,-0.00638620509,0.604422688,0.637922347,-0.00561545929,0.599417269,0.640651584,-0.00446945382,0.619314492,0.618073165,-0.00373273925,0.617405713,0.630543768,-0.00425822567,0.612348557,0.635780692,-0.00334829721,0.607162416,0.638139,-0.00246491027,0.625479341,0.617039919,-0.00253551896,0.621747375,0.626482069,-0.00274039106,0.616001427,0.6304425,-0.00152184104,0.610589325,0.632136106,-7.66089e-005
6666.666666666699,0.405825257,0.591579914,1.10515202e-007,0.425131351,0.593404233,-0.00425740331,0.439435065,0.599869192,-0.00640647393,0.449158639,0.606638789,-0.00800467283,0.457867712,0.611920238,-0.00942727,0.431804866,0.609691322,-0.00528071588,0.44087559,0.619224131,-0.00875829812,0.445766091,0.625392914,-0.0108657572,0.449065208,0.630147338,-0.0122418078,0.4201051,0.612002492,-0.00618113577,0.425252497,0.623451293,-0.00856420863,0.428740084,0.630675077,-0.0109896222,0.430938,0.636365414,-0.0127697969,0.408642948,0.612168133,-0.00750479847,0.410866767,0.623106301,-0.0113241021,0.413359284,0.630013764,-0.0145254275,0.415225327,0.635762751,-0.0166399758,0.397548497,0.610794723,-0.00889602,0.394012332,0.618428171,-0.0131031591,0.391971231,0.623424709,-0.0149075342,0.390223801,0.627891421,-0.0157370195
6683.333333333366,0.608512282,0.597954214,1.48445935e-007,0.590736449,0.603483498,-0.00371692609,0.581380188,0.612616122,-0.00469039194,0.578811169,0.6207636,-0.00455231545,0.578718543,0.627485275,-0.00387536408,0.597087264,0.618433177,-0.00656096498,0.59646678,0.630919874,-0.00806051306,0.594754219,0.637694478,-0.00756014371,0.592697322,0.641989172,-0.00651370082,0.609740794,0.618554056,-0.00476018852,0.609021842,0.631143868,-0.00648028031,0.605007946,0.637323737,-0.00572100468,0.600440443,0.640808523,-0.00451402785,0.618765,0.617970109,-0.00292367232,0.61732918,0.629228115,-0.00362203433,0.612417698,0.634561837,-0.00272785709,0.607144713,0.637512863,-0.00164715352,0.624421895,0.616940498,-0.00134393643,0.622626483,0.625787437,-0.00111094897,0.617883384,0.630013824,0.000135516966,0.612690449,0.63208729,0.00159657747
6683.333333333366,0.40727222,0.593150437,1.15005847e-007,0.426074147,0.595265806,-0.00464446517,0.440373898,0.600609303,-0.0074826614,0.449784607,0.606931269,-0.00968162529,0.458316922,0.612106562,-0.0117192119,0.431520492,0.610274613,-0.00697455881,0.440754145,0.619653165,-0.0109094754,0.445748806,0.625457048,-0.0132594863,0.449154407,0.630156577,-0.0148421312,0.419673085,0.612646639,-0.00790280383,0.425070614,0.623857856,-0.0106428396,0.428471386,0.630858839,-0.013193245,0.430630088,0.636506915,-0.0151759377,0.408268631,0.612846076,-0.00920610782,0.41016683,0.623628259,-0.0131730195,0.412176967,0.630480766,-0.0162220616,0.413926929,0.636286199,-0.0183808468,0.397307724,0.611469448,-0.0106007326,0.393466383,0.618577123,-0.0148956385,0.391838193,0.623402297,-0.0166368335,0.390814334,0.627863526,-0.0175353512
6700.000000000033,0.611448884,0.597682893,1.61382829e-007,0.593123674,0.602711558,-0.00382289384,0.582909,0.611955822,-0.00514221145,0.579566598,0.620642483,-0.00535463449,0.578780293,0.627756834,-0.0049941144,0.597008407,0.617498457,-0.00667445874,0.595875,0.630574703,-0.00831922,0.594427,0.637432456,-0.00796126109,0.592870772,0.641960442,-0.00706561329,0.609983325,0.618036211,-0.00492761517,0.608726263,0.63118434,-0.00664524967,0.605093896,0.637711525,-0.00626346562,0.601146162,0.641444743,-0.00540352566,0.619730353,0.617861092,-0.0030855583,0.617691875,0.629666626,-0.00383867137,0.612802923,0.635005474,-0.00308218319,0.60781455,0.637963891,-0.00215535401,0.625851214,0.617374122,-0.00146141264,0.622377396,0.626958847,-0.00154869584,0.617395461,0.631537914,-0.000414275186,0.612190604,0.634094894,0.00100857066
6700.000000000033,0.405865967,0.591838598,1.0596451e-007,0.425125778,0.593550503,-0.00454998529,0.439666629,0.600064576,-0.00667007873,0.449262857,0.606650352,-0.00831313152,0.457913876,0.6117782,-0.0098038055,0.432110846,0.610824049,-0.00405946048,0.440396786,0.619643211,-0.00744701829,0.444908679,0.625417054,-0.00990083814,0.447762132,0.629881263,-0.0116480617,0.420323342,0.613460124,-0.00513524562,0.425251245,0.624652743,-0.00717950659,0.428334534,0.631586254,-0.00974845141,0.430016249,0.637059689,-0.0116929607,0.408438891,0.613548696,-0.00680535939,0.410705656,0.624736249,-0.0104484204,0.412378699,0.631309509,-0.0134860259,0.413510352,0.636832297,-0.0156009141,0.396739811,0.611730695,-0.00863524619,0.393455446,0.618877172,-0.0128093669,0.391460091,0.623532295,-0.0143453283,0.389809936,0.627706587,-0.0150281917
6716.6666666667,0.611599743,0.598813534,1.67654633e-007,0.593328297,0.603780925,-0.00381489424,0.582615793,0.612373829,-0.00529183727,0.579187,0.620716929,-0.00573864486,0.578529894,0.627704,-0.00567633798,0.596770763,0.617742598,-0.00658341078,0.595867038,0.630865,-0.00823335908,0.594545543,0.637987733,-0.00785007,0.592941165,0.642557621,-0.00685675349,0.609798551,0.618400276,-0.00488372752,0.609146416,0.63190043,-0.00659958227,0.605116129,0.638504803,-0.00604398875,0.600368857,0.642065167,-0.0049623982,0.61940521,0.61835146,-0.0031089657,0.617876112,0.630899906,-0.00399664,0.612908542,0.636619687,-0.00303054252,0.60752964,0.639675319,-0.00187721825,0.625136316,0.617855549,-0.00151831051,0.621407151,0.627794623,-0.00168014679,0.616046965,0.632524133,-0.000295129052,0.610515237,0.635115564,0.00137002766
6716.6666666667,0.40517804,0.591879725,1.08984743e-007,0.42471835,0.59417063,-0.00436601834,0.439415455,0.600452185,-0.00666036,0.449376762,0.607098281,-0.00843153615,0.458327,0.612135589,-0.0100164255,0.431226343,0.610512495,-0.00496081496,0.439943045,0.619623721,-0.0084126452,0.444528401,0.625411272,-0.0107357576,0.447549015,0.629961,-0.0123308916,0.419623554,0.612941682,-0.00596342562,0.424611807,0.624253869,-0.00814879406,0.427804798,0.631352842,-0.0106109818,0.429575622,0.636916,-0.0125283049,0.408270538,0.61299628,-0.00744790258,0.409879982,0.623817325,-0.0110439574,0.411984175,0.630653203,-0.0142059857,0.413573444,0.636228681,-0.0164603349,0.397318423,0.611293495,-0.00903569162,0.393172771,0.61832875,-0.0130459368,0.391062111,0.623158753,-0.0147237033,0.389374852,0.627438128,-0.0155721428
6733.333333333367,0.611069,0.59798032,1.64651254e-007,0.591966331,0.60301137,-0.00463762879,0.581499934,0.612075269,-0.00566899916,0.57873714,0.620504797,-0.00553748524,0.578768134,0.627426863,-0.00483713066,0.596532166,0.617267907,-0.00582788559,0.595788836,0.629989326,-0.00732974289,0.594538152,0.63726151,-0.0073603848,0.593101144,0.642347217,-0.00688913791,0.609966815,0.618176103,-0.00377123267,0.609079778,0.630924463,-0.00522818882,0.605037451,0.63783294,-0.0055841296,0.600519836,0.642055809,-0.00539498078,0.619700551,0.618162274,-0.00179079361,0.617997229,0.630041361,-0.00285045919,0.612701237,0.636295438,-0.0031715713,0.607152522,0.64007026,-0.00302406144,0.625330627,0.617778242,-4.54697183e-005,0.621887565,0.627342045,-0.00080041925,0.616684079,0.632512808,-0.00045591747,0.61113584,0.63572371,0.000378836179
6733.333333333367,0.406449348,0.592894673,1.21002387e-007,0.425464958,0.594899058,-0.00495138392,0.439958662,0.600481927,-0.00763338339,0.449786812,0.606842458,-0.00960494485,0.458128363,0.612126827,-0.0113434475,0.4317137,0.610605419,-0.0062391595,0.440291166,0.620185614,-0.00973227061,0.445098132,0.626183331,-0.0119397761,0.448180526,0.630814552,-0.013432757,0.419954658,0.613144696,-0.0068410933,0.424663335,0.624473393,-0.00905639119,0.427912414,0.631541789,-0.0114303753,0.429562628,0.637019575,-0.0132792797,0.408660442,0.613338232,-0.0078763729,0.409817725,0.624241352,-0.0116041498,0.411752701,0.630888343,-0.0148433549,0.412988245,0.636362076,-0.0171474013,0.397982359,0.611811459,-0.00902755093,0.393325686,0.618354082,-0.0136180669,0.390790224,0.622801125,-0.015616985,0.388454735,0.626751065,-0.0165547356
6750.000000000034,0.60920006,0.598273337,1.66368238e-007,0.591258228,0.603604317,-0.00347999576,0.582136273,0.6124897,-0.00467945496,0.579327166,0.620757282,-0.00490634097,0.578410149,0.627649963,-0.00469303783,0.596941113,0.618133962,-0.00609982852,0.596030414,0.631285846,-0.00752438372,0.594597936,0.638346791,-0.00707421824,0.592734277,0.642592669,-0.00604558829,0.61005491,0.618373811,-0.00433091773,0.609794617,0.631771863,-0.00569850765,0.605999589,0.637999654,-0.00506740762,0.601325929,0.640771568,-0.00399491517,0.619713426,0.61789304,-0.00244664727,0.618454814,0.630169749,-0.00280079828,0.6136446,0.635370255,-0.00179624045,0.608371854,0.637605846,-0.000739344803,0.625693202,0.616924763,-0.000729211,0.623056352,0.626300335,-0.000503098359,0.617886484,0.630663514,0.000878738938,0.612449944,0.632694,0.00246884744
6750.000000000034,0.406330794,0.592095196,1.08694834e-007,0.425730824,0.594108224,-0.00420473842,0.439994395,0.600353479,-0.00642954465,0.449677885,0.606902,-0.00801420677,0.458152235,0.612018287,-0.00942535605,0.431475043,0.610919058,-0.00543359062,0.440124363,0.620436907,-0.00863921363,0.444821894,0.626310229,-0.010663284,0.447939456,0.630770206,-0.0120326914,0.419258565,0.613133,-0.006417464,0.424108982,0.624543846,-0.00843065232,0.427504689,0.631685913,-0.0108300429,0.429434836,0.637164593,-0.0126459645,0.407616287,0.612967253,-0.00776004419,0.409071684,0.623997271,-0.0113002677,0.410982788,0.630805492,-0.0145567451,0.412336737,0.636409581,-0.0168294571,0.396707892,0.611008942,-0.00912794843,0.392761499,0.61776489,-0.013429041,0.390610397,0.622329652,-0.015231628,0.388729334,0.626465559,-0.016034741
