time,X_NOSE,Y_NOSE,Z_NOSE,visibility_NOSE,X_LEFT_EYE_INNER,Y_LEFT_EYE_INNER,Z_LEFT_EYE_INNER,visibility_LEFT_EYE_INNER,X_LEFT_EYE,Y_LEFT_EYE,Z_LEFT_EYE,visibility_LEFT_EYE,X_LEFT_EYE_OUTER,Y_LEFT_EYE_OUTER,Z_LEFT_EYE_OUTER,visibility_LEFT_EYE_OUTER,X_RIGHT_EYE_OUTER,Y_RIGHT_EYE_OUTER,Z_RIGHT_EYE_OUTER,visibility_RIGHT_EYE_OUTER,X_RIGHT_EYE,Y_RIGHT_EYE,Z_RIGHT_EYE,visibility_RIGHT_EYE,X_RIGHT_EYE_OUTER,Y_RIGHT_EYE_OUTER,Z_RIGHT_EYE_OUTER,visibility_RIGHT_EYE_OUTER,X_LEFT_EAR,Y_LEFT_EAR,Z_LEFT_EAR,visibility_LEFT_EAR,X_RIGHT_EAR,Y_RIGHT_EAR,Z_RIGHT_EAR,visibility_RIGHT_EAR,X_MOUTH_LEFT,Y_MOUTH_LEFT,Z_MOUTH_LEFT,visibility_MOUTH_LEFT,X_MOUTH_RIGHT,Y_MOUTH_RIGHT,Z_MOUTH_RIGHT,visibility_MOUTH_RIGHT,X_LEFT_SHOULDER,Y_LEFT_SHOULDER,Z_LEFT_SHOULDER,visibility_LEFT_SHOULDER,X_RIGHT_SHOULDER,Y_RIGHT_SHOULDER,Z_RIGHT_SHOULDER,visibility_RIGHT_SHOULDER,X_LEFT_ELBOW,Y_LEFT_ELBOW,Z_LEFT_ELBOW,visibility_LEFT_ELBOW,X_RIGHT_ELBOW,Y_RIGHT_ELBOW,Z_RIGHT_ELBOW,visibility_RIGHT_ELBOW,X_LEFT_WRIST,Y_LEFT_WRIST,Z_LEFT_WRIST,visibility_LEFT_WRIST,X_RIGHT_WRIST,Y_RIGHT_WRIST,Z_RIGHT_WRIST,visibility_RIGHT_WRIST,X_LEFT_PINKY,Y_LEFT_PINKY,Z_LEFT_PINKY,visibility_LEFT_PINKY,X_RIGHT_PINKY,Y_RIGHT_PINKY,Z_RIGHT_PINKY,visibility_RIGHT_PINKY,X_LEFT_INDEX,Y_LEFT_INDEX,Z_LEFT_INDEX,visibility_LEFT_INDEX,X_RIGHT_INDEX,Y_RIGHT_INDEX,Z_RIGHT_INDEX,visibility_RIGHT_INDEX,X_LEFT_THUMB,Y_LEFT_THUMB,Z_LEFT_THUMB,visibility_LEFT_THUMB,X_RIGHT_THUMB,Y_RIGHT_THUMB,Z_RIGHT_THUMB,visibility_RIGHT_THUMB,X_LEFT_HIP,Y_LEFT_HIP,Z_LEFT_HIP,visibility_LEFT_HIP,X_RIGHT_HIP,Y_RIGHT_HIP,Z_RIGHT_HIP,visibility_RIGHT_HIP,X_LEFT_KNEE,Y_LEFT_KNEE,Z_LEFT_KNEE,visibility_LEFT_KNEE,X_RIGHT_KNEE,Y_RIGHT_KNEE,Z_RIGHT_KNEE,visibility_RIGHT_KNEE,X_LEFT_ANKLE,Y_LEFT_ANKLE,Z_LEFT_ANKLE,visibility_LEFT_ANKLE,X_RIGHT_ANKLE,Y_RIGHT_ANKLE,Z_RIGHT_ANKLE,visibility_RIGHT_ANKLE,X_LEFT_HEEL,Y_LEFT_HEEL,Z_LEFT_HEEL,visibility_LEFT_HEEL,X_RIGHT_HEEL,Y_RIGHT_HEEL,Z_RIGHT_HEEL,visibility_RIGHT_HEEL,X_LEFT_FOOT_INDEX,Y_LEFT_FOOT_INDEX,Z_LEFT_FOOT_INDEX,visibility_LEFT_FOOT_INDEX,X_RIGHT_FOOT_INDEX,Y_RIGHT_FOOT_INDEX,Z_RIGHT_FOOT_INDEX,visibility_RIGHT_FOOT_INDEX
0,-0.011049632,-0.580188513,-0.426730365,0.999995708,0.0109971948,-0.598207057,-0.418195128,0.999991298,0.0140862549,-0.597267449,-0.404762954,0.999988079,0.0119249932,-0.597333848,-0.409521312,0.999992847,-0.0126959775,-0.609135747,-0.429131031,0.999994397,-0.0112918466,-0.607269943,-0.441766232,0.999993682,-0.00773385353,-0.595844746,-0.420552254,0.99999547,0.0783781484,-0.571339548,-0.302215606,0.99998939,-0.0698541552,-0.541871727,-0.299015373,0.999973416,0.0270301327,-0.565830886,-0.373829484,0.999994755,-0.0115141924,-0.534744799,-0.40039596,0.999994636,0.158760592,-0.404519349,-0.146973506,0.999996066,-0.140136078,-0.470491916,-0.096333988,0.999987125,0.209114224,-0.19135955,-0.081136018,0.980723679,-0.193037853,-0.175752863,-0.0958517417,0.958830893,0.218026057,0.042052228,-0.0535032153,0.973249316,-0.206326842,0.047456637,-0.159596741,0.920830965,0.209530756,0.0921343938,-0.0503285751,0.946248889,-0.178771347,0.10356313,-0.204764232,0.848237157,0.178683296,0.0999434,-0.0813336298,0.951906562,-0.137566477,0.0834605247,-0.227237612,0.85808605,0.208821371,0.0759779438,-0.0646784753,0.932451189,-0.183135107,0.0560023859,-0.180793017,0.817662418,0.0919301659,0.00117244828,0.0270776581,0.999993086,-0.0891905427,-0.00337951398,-0.0250146817,0.999992,0.101019897,0.430588305,-0.00707666669,0.974827826,-0.0614154451,0.347306818,-0.016805714,0.952705622,0.0826951116,0.777573764,0.131446064,0.986260593,-0.0855571479,0.750369251,0.129447326,0.985963047,0.061259944,0.812950253,0.146813601,0.82781142,-0.0891417861,0.784583807,0.103238702,0.822643161,0.078881681,0.830353737,0.0671291575,0.98369205,-0.119681597,0.788343728,0.00607880717,0.979977787
16.666666666666668,-0.0108668897,-0.576407433,-0.42547214,0.999995828,0.0110713607,-0.594867,-0.417408466,0.999991596,0.0141732609,-0.593816102,-0.404035866,0.999988496,0.0121171558,-0.594090343,-0.408722132,0.999993145,-0.0125154518,-0.605431676,-0.428376257,0.999994576,-0.011054405,-0.603443801,-0.440991461,0.999993861,-0.00738611398,-0.592032969,-0.41980952,0.999995589,0.0785335079,-0.570881963,-0.302283645,0.999989688,-0.0680113509,-0.538852811,-0.298913807,0.999973834,0.0271704514,-0.563617,-0.372667938,0.999994814,-0.010622724,-0.531470835,-0.399156839,0.999994636,0.159466013,-0.404560655,-0.148883909,0.999996245,-0.137640297,-0.469089955,-0.0941998586,0.999987304,0.209143981,-0.191236377,-0.0907319039,0.981037259,-0.179794818,-0.173038349,-0.0927242488,0.956737101,0.215303928,0.0427935869,-0.0609036274,0.973879516,-0.205696806,0.0521076731,-0.154427186,0.919676185,0.206018418,0.0930227637,-0.058119107,0.947412074,-0.179149672,0.106446914,-0.197523892,0.847496152,0.173751161,0.101355843,-0.0876830667,0.953002036,-0.141489923,0.0871093422,-0.222658977,0.857657671,0.206052288,0.0765205547,-0.0712994784,0.933810592,-0.183208644,0.0604814366,-0.176696688,0.817511857,0.0918087587,0.00117242569,0.0263469741,0.999992907,-0.0890481919,-0.00341720646,-0.0244452823,0.999991715,0.0994135365,0.430618674,-0.00811957661,0.971778214,-0.061411351,0.343345702,-0.0227951184,0.94814831,0.0824134052,0.778806,0.0969386846,0.984855533,-0.069769457,0.748329,0.0974026546,0.984058857,0.0610904954,0.814360261,0.107429169,0.82018292,-0.0709197149,0.782316566,0.0671373755,0.81272465,0.0790478066,0.8294065,0.0238340553,0.982652783,-0.0990556777,0.784388542,-0.0296165273,0.978281796
33.333333333333336,-0.0103285285,-0.571262479,-0.425922334,0.999995947,0.0114437854,-0.590093136,-0.418276131,0.999991894,0.0145559181,-0.588956594,-0.404951185,0.999988914,0.0126703419,-0.589375257,-0.409580171,0.999993384,-0.0119577935,-0.600482047,-0.429317325,0.999994755,-0.0104119899,-0.598353,-0.441926599,0.99999404,-0.0066179987,-0.586947262,-0.420759082,0.999995708,0.078989096,-0.568806231,-0.305082262,0.99999,-0.0660940185,-0.534527957,-0.300916195,0.99997431,0.0276185498,-0.559547484,-0.373102576,0.999994874,-0.00937386,-0.526703179,-0.399597675,0.999994695,0.160663918,-0.404063761,-0.152811155,0.999996364,-0.136081457,-0.467001706,-0.0942157283,0.999987483,0.209485665,-0.190833241,-0.0976342857,0.981490493,-0.176653177,-0.170967907,-0.0919160694,0.955592513,0.214365482,0.0434236303,-0.0664812773,0.974758148,-0.20568116,0.0553620793,-0.151731938,0.9198066,0.204695597,0.0935582668,-0.0637614876,0.949025869,-0.17996648,0.108646691,-0.193946064,0.848513424,0.171842039,0.102099553,-0.0928155184,0.954505742,-0.144347459,0.0895163,-0.220243588,0.858897686,0.20507136,0.0769456252,-0.0765185356,0.935787559,-0.183667943,0.0635042936,-0.174439624,0.81932795,0.0917344317,0.00119567,0.0259321164,0.999992728,-0.0889636278,-0.00349809811,-0.0241410565,0.999991417,0.0983146504,0.430714,-0.00966231432,0.969239235,-0.061326053,0.341082931,-0.0270140767,0.944609,0.0822579786,0.779990852,0.0865937397,0.983645201,-0.0616430901,0.747416079,0.0892409161,0.982442856,0.0609947927,0.815624058,0.0965818241,0.813136935,-0.0621030778,0.781327903,0.0587695241,0.803723812,0.0790961534,0.829256594,0.0122940466,0.981801629,-0.0893535912,0.783306062,-0.0378057063,0.97688365
50.0,-0.0103122834,-0.567979157,-0.426453531,0.999996066,0.0114467926,-0.587026834,-0.419152617,0.999992132,0.0145597039,-0.585841954,-0.405841082,0.999989271,0.0126951113,-0.586326718,-0.410432398,0.999993622,-0.0119318692,-0.597431421,-0.430206686,0.999994874,-0.0103690838,-0.595240831,-0.442839146,0.999994159,-0.00654662494,-0.583847642,-0.421657145,0.999995768,0.0790223256,-0.567028284,-0.307335049,0.999990225,-0.0655305162,-0.531823695,-0.302538186,0.99997443,0.0276270695,-0.556696415,-0.373690814,0.999994934,-0.00917851,-0.52367,-0.40013513,0.999994695,0.160877749,-0.40339151,-0.15667668,0.999996483,-0.13530308,-0.46549651,-0.0942712203,0.999987423,0.209534898,-0.190530211,-0.103203908,0.982018232,-0.172917157,-0.169487953,-0.0917565,0.952753246,0.212990388,0.0436770506,-0.0705668181,0.975550115,-0.205012411,0.0574610755,-0.150351182,0.915671051,0.202967957,0.0937588662,-0.0678328499,0.950434506,-0.179971665,0.110335924,-0.191927135,0.843170404,0.169470057,0.102380492,-0.09651611,0.955805779,-0.145252421,0.0913343728,-0.21862559,0.854102969,0.203613281,0.0770956,-0.0803495422,0.937490821,-0.183654323,0.0654752,-0.173212677,0.81453532,0.0916229412,0.00121230166,0.0255269557,0.999992728,-0.0888355374,-0.00354962866,-0.0238209981,0.999991238,0.0977970958,0.430879176,-0.00978886336,0.967472374,-0.0613762327,0.340179116,-0.0286958274,0.942284107,0.0821437836,0.780786,0.0885872617,0.982832253,-0.0593804605,0.747052729,0.0877503157,0.981448233,0.0609214976,0.8164891,0.099174343,0.808025956,-0.0598166063,0.780933619,0.0574091636,0.798202097,0.0792105868,0.82924664,0.0156722385,0.98119694,-0.0878708214,0.782783508,-0.0388293564,0.976019323
66.66666666666667,-0.010122899,-0.56612432,-0.426452,0.999996185,0.0115673952,-0.585243583,-0.41917333,0.999992371,0.0146878678,-0.584053576,-0.405866295,0.999989629,0.0128952106,-0.584562421,-0.410454392,0.999993861,-0.0117124477,-0.595665395,-0.430236071,0.999995,-0.0101115294,-0.593464077,-0.442872465,0.999994338,-0.0062369667,-0.582079291,-0.421690136,0.999995887,0.0791017711,-0.565920472,-0.307756,0.999990523,-0.0647947788,-0.530279756,-0.302865177,0.999974847,0.0277423467,-0.555048645,-0.373696953,0.999995053,-0.00874991808,-0.521949232,-0.400142223,0.999994755,0.161012992,-0.40296042,-0.15817529,0.999996603,-0.13483119,-0.464335,-0.0942016169,0.999987543,0.209537715,-0.189880967,-0.105767809,0.982549846,-0.172442228,-0.168447658,-0.0915350541,0.951445103,0.211507529,0.0442716852,-0.0733110309,0.976431072,-0.204963088,0.0583071783,-0.149964094,0.914569795,0.201208442,0.0943530649,-0.070690684,0.952033579,-0.180228308,0.110941157,-0.191544056,0.84212,0.167243674,0.102980748,-0.0991128162,0.957265198,-0.146256536,0.0918986201,-0.218306974,0.853337705,0.202008396,0.0775367692,-0.0829926878,0.939401627,-0.183813289,0.0662167445,-0.172888339,0.814065516,0.0915209576,0.00120873679,0.0251159612,0.999992669,-0.0887190551,-0.00356155867,-0.023476474,0.999991059,0.0971384943,0.4309569,-0.00979006942,0.965319097,-0.0613794066,0.339736432,-0.0295471232,0.939508915,0.081804052,0.781363428,0.0904849917,0.981724322,-0.0586422198,0.747002125,0.08557605,0.980310559,0.0606593788,0.817136705,0.101387,0.801735401,-0.0591545254,0.780886114,0.0550430603,0.792122126,0.0792915374,0.829230964,0.018723,0.980354786,-0.087523967,0.782634914,-0.041305352,0.975034237
83.33333333333334,-0.00979411323,-0.566435516,-0.41537872,0.999996126,0.0118321739,-0.585511327,-0.407937258,0.999992311,0.014971517,-0.584336042,-0.394753695,0.999989569,0.0132674286,-0.584821641,-0.399322212,0.999993861,-0.0113454713,-0.595956445,-0.418957233,0.999994934,-0.00973828323,-0.593773365,-0.431517512,0.999994278,-0.00578019442,-0.582383156,-0.410549849,0.999995828,0.0793156,-0.566220343,-0.298064947,0.999990463,-0.0641858652,-0.530451655,-0.293111444,0.99997431,0.0280063897,-0.555220664,-0.363115549,0.999995,-0.00828270894,-0.522212923,-0.389343292,0.999994576,0.161308989,-0.403134346,-0.15354228,0.999996662,-0.13445504,-0.4643704,-0.0861577466,0.999987483,0.209430128,-0.189760551,-0.105274498,0.982905686,-0.16990988,-0.168007731,-0.0848761573,0.949970543,0.210034177,0.0444585383,-0.072981745,0.977170229,-0.20405449,0.0590452626,-0.143740341,0.913838446,0.199598491,0.0946083292,-0.0705076084,0.953461468,-0.180175573,0.111639455,-0.184777,0.84190017,0.165421784,0.103342988,-0.0982483849,0.958560348,-0.146423593,0.0928333327,-0.211782515,0.853276372,0.20045796,0.0776697323,-0.0823586807,0.941096604,-0.183647662,0.0669636056,-0.166595206,0.814424,0.0914797038,0.00120853749,0.0247908421,0.999992609,-0.0886595473,-0.00357190822,-0.0231958255,0.99999088,0.0963088721,0.430994362,-0.00976693165,0.963572085,-0.0612034947,0.339483,-0.0302208252,0.937473178,0.0813965052,0.781959116,0.0928454176,0.980623603,-0.0578649491,0.747000873,0.0879937336,0.979331791,0.0603651777,0.817891955,0.104261026,0.794972658,-0.0584252067,0.780895472,0.0578827076,0.786360919,0.0795186237,0.829296529,0.0211617015,0.979437411,-0.0871955305,0.782665968,-0.0381232649,0.974125087
100.00000000000001,-0.00913984887,-0.566571712,-0.408272296,0.999996066,0.0122645525,-0.585659325,-0.400733,0.999992192,0.0154200606,-0.584505141,-0.387631685,0.99998945,0.0138231535,-0.584970176,-0.39216432,0.999993801,-0.0107464893,-0.596111238,-0.41208142,0.999994814,-0.009129568,-0.593939543,-0.424602389,0.999994159,-0.0050980174,-0.582539737,-0.403754741,0.999995768,0.0793505684,-0.566343665,-0.291093439,0.999990284,-0.0638407,-0.530626118,-0.287846476,0.999973595,0.0283820145,-0.555349112,-0.356056541,0.999994874,-0.00768216047,-0.522357404,-0.382685333,0.999994397,0.161312521,-0.403166026,-0.149246454,0.999996722,-0.134376183,-0.4643794,-0.0813696533,0.999987423,0.208999559,-0.189236805,-0.10338112,0.98311317,-0.169031411,-0.167166531,-0.0814235061,0.948226631,0.208146662,0.0448537916,-0.071974948,0.977762818,-0.203515112,0.0599649884,-0.14168787,0.912837446,0.197444364,0.0948746949,-0.0696391314,0.954640031,-0.180154637,0.112203926,-0.182749331,0.841453433,0.163310066,0.103562884,-0.0966852084,0.959639311,-0.146705,0.0934653208,-0.209728494,0.853019834,0.198559135,0.0778961107,-0.0810723826,0.942494571,-0.183597788,0.0677320734,-0.16443561,0.814411521,0.0914225131,0.00120836427,0.0246038958,0.99999249,-0.0885830745,-0.00358103053,-0.0230341963,0.999990702,0.0953105912,0.431138039,-0.00981134828,0.961648583,-0.0610147,0.339492857,-0.0323621966,0.935227931,0.0808275938,0.782438159,0.0935218483,0.979219556,-0.0582783557,0.747063339,0.088776648,0.978187859,0.0598986521,0.818431377,0.105066717,0.786417603,-0.0590210669,0.780985594,0.0588878132,0.778989315,0.0795299709,0.829307,0.0226620305,0.978268743,-0.0876209,0.782691598,-0.0370530114,0.973038495
116.66666666666669,-0.00865563378,-0.566723347,-0.395036727,0.999995947,0.0125902509,-0.585733712,-0.387133658,0.999991953,0.0157618914,-0.58459866,-0.374163091,0.999989152,0.0142509108,-0.585061491,-0.378731668,0.999993622,-0.0103414347,-0.596204281,-0.398588955,0.999994636,-0.00872217305,-0.594042838,-0.410993338,0.999994,-0.00464149192,-0.582650185,-0.390369326,0.999995649,0.0794156,-0.567285,-0.27747193,0.999989927,-0.063637279,-0.531028926,-0.274930686,0.999972701,0.0287187975,-0.555602372,-0.342931241,0.999994636,-0.00725942245,-0.522429824,-0.369488,0.999994159,0.161330804,-0.403746337,-0.137427926,0.999996781,-0.134192035,-0.464598089,-0.071861349,0.999987304,0.20857951,-0.18911536,-0.0940039679,0.982947946,-0.169338807,-0.167142108,-0.0753745511,0.946569562,0.206907988,0.0452707447,-0.0656170696,0.978004158,-0.203354537,0.0599919781,-0.138301954,0.911939561,0.196074858,0.0952520594,-0.063452974,0.955243945,-0.180168614,0.112186909,-0.179690614,0.84108448,0.16218479,0.104128845,-0.0899537429,0.960200667,-0.146833971,0.0934755877,-0.206224233,0.852761805,0.197379723,0.0782380626,-0.074570626,0.943173707,-0.183598235,0.0677407607,-0.160698771,0.814265907,0.0913534313,0.00120374758,0.0245070215,0.999992371,-0.08848878,-0.00358607527,-0.0229470301,0.999990463,0.0948912576,0.431306541,-0.0101594413,0.959314883,-0.06095374,0.33952722,-0.0343717076,0.932465315,0.0806448236,0.782889366,0.0949754193,0.977579772,-0.0587067641,0.747320652,0.0888524204,0.97683537,0.0597584471,0.818926632,0.106709115,0.776759863,-0.0595387071,0.781330407,0.0590010807,0.770224035,0.0799232721,0.829300225,0.0236221328,0.976846874,-0.0878869742,0.78297013,-0.0367665552,0.971689343
133.33333333333334,-0.00816377625,-0.566762686,-0.39629069,0.999995828,0.0129739698,-0.585808933,-0.388434798,0.999991715,0.0161521658,-0.58469218,-0.375415981,0.999988794,0.0147035439,-0.585136473,-0.379978389,0.999993443,-0.00988627411,-0.596283138,-0.399922043,0.999994457,-0.00826589,-0.594130039,-0.41236642,0.999993742,-0.00414844789,-0.582729518,-0.391670108,0.99999553,0.0794858485,-0.567321241,-0.278181732,0.999989629,-0.0634492189,-0.53115952,-0.275901139,0.999971747,0.0290240571,-0.555682421,-0.343981564,0.999994397,-0.00686804112,-0.522523165,-0.370670199,0.999993861,0.161334679,-0.403806061,-0.136779755,0.999996781,-0.134048507,-0.464622706,-0.0721736699,0.999987125,0.20850502,-0.188815504,-0.0924184769,0.98287183,-0.168107972,-0.166837975,-0.0754565671,0.944971859,0.206405908,0.0457064807,-0.0644867,0.978211641,-0.202711195,0.0602922477,-0.138458118,0.911051214,0.195482507,0.0955420062,-0.062329717,0.955717206,-0.180084258,0.11226774,-0.180008486,0.840552747,0.161668122,0.104446411,-0.0887531862,0.960647762,-0.146889836,0.0936516747,-0.206433341,0.852385223,0.1968804,0.0785992295,-0.0734251812,0.94370842,-0.183445916,0.0680237636,-0.160832614,0.813941956,0.0912907943,0.00120170636,0.024440458,0.999992311,-0.0884115472,-0.00359193073,-0.0228847228,0.999990284,0.0945525244,0.431835949,-0.0101646474,0.957963347,-0.0608454868,0.339773506,-0.0349402465,0.930805504,0.0805489272,0.783428073,0.0957143307,0.976622164,-0.0588701032,0.74745369,0.0895725116,0.976018071,0.0596927926,0.819491744,0.107539259,0.770651162,-0.059778288,0.78147155,0.0598347485,0.76458025,0.0802997,0.829485953,0.0254778042,0.976026237,-0.0881062597,0.783077717,-0.0360634662,0.970890462
150.0,-0.00773699069,-0.566909134,-0.393124402,0.99999541,0.0132784666,-0.585998237,-0.385274231,0.99999088,0.0164371841,-0.584915876,-0.372278064,0.999987721,0.0150393881,-0.585341513,-0.37682724,0.999992847,-0.00948163494,-0.596462905,-0.396824598,0.99999392,-0.00786149781,-0.594315112,-0.409268409,0.999993145,-0.00371226831,-0.582894802,-0.388628542,0.999995112,0.0794967636,-0.567888737,-0.27538985,0.999988675,-0.0632041,-0.531500876,-0.273746,0.999969244,0.0292423759,-0.555978596,-0.340956032,0.99999392,-0.00651495764,-0.522735775,-0.367806852,0.999993324,0.161339194,-0.404076368,-0.134454697,0.999996781,-0.13405098,-0.46475476,-0.0713238269,0.999986827,0.208471105,-0.188622862,-0.0898612589,0.98249954,-0.168402538,-0.166759372,-0.0755851492,0.943463445,0.205893397,0.0458530411,-0.0626909807,0.978169858,-0.202326059,0.0603514649,-0.13879317,0.910401046,0.194835365,0.0956234708,-0.0605338514,0.955818832,-0.179946437,0.112252876,-0.180409297,0.840389729,0.161041781,0.104497582,-0.0868204311,0.960758805,-0.146812886,0.093648389,-0.206773117,0.852360606,0.196349263,0.0786752701,-0.0715939179,0.943756938,-0.18326357,0.0680652484,-0.161176607,0.813916504,0.0912762955,0.00119468791,0.0244245119,0.999992132,-0.0883943,-0.00359519501,-0.0228674021,0.99999,0.0944090486,0.431865633,-0.0107323071,0.955909491,-0.0607765727,0.339976877,-0.0361239612,0.928156495,0.0803538188,0.783439636,0.0965738,0.975320935,-0.0590947382,0.747445941,0.0900666639,0.974839509,0.059476506,0.819504201,0.108822867,0.762207568,-0.0600389093,0.781465,0.0602922551,0.756480575,0.0801038221,0.829700351,0.0274752527,0.974870265,-0.0885085687,0.783422053,-0.0355957821,0.969667494
166.66666666666666,-0.00762920827,-0.566969752,-0.384457022,0.999995053,0.0133933965,-0.586094916,-0.376596332,0.999990225,0.016536193,-0.585042655,-0.363685638,0.999986768,0.0151683828,-0.585460126,-0.368302435,0.999992371,-0.00929169543,-0.596620262,-0.387924671,0.999993503,-0.00766981114,-0.594483078,-0.400313407,0.999992669,-0.00350481644,-0.583038807,-0.379810363,0.999994755,0.0795085281,-0.568223119,-0.268173307,0.999987781,-0.0627637,-0.531913102,-0.265766829,0.999967396,0.0292813927,-0.556123376,-0.332922459,0.999993443,-0.00640232582,-0.522845626,-0.359365851,0.999992847,0.161256164,-0.404183924,-0.128589,0.999996722,-0.133835539,-0.464872569,-0.067304939,0.999986589,0.208468035,-0.188393146,-0.085433729,0.981674671,-0.168650359,-0.166873291,-0.0752499402,0.94197315,0.205766946,0.0463294163,-0.058595784,0.977656901,-0.201779932,0.0603087731,-0.139072865,0.909812391,0.194710866,0.0961503163,-0.0562254861,0.955130398,-0.179514751,0.112169854,-0.180721715,0.840082824,0.160858452,0.105260573,-0.082242392,0.960133195,-0.146032676,0.0936251879,-0.207083642,0.852097332,0.196206704,0.0791388303,-0.0673878044,0.942776144,-0.182779446,0.068028979,-0.161463633,0.813554049,0.0912021622,0.00117554166,0.0244103968,0.999991894,-0.0883027166,-0.00359062594,-0.0228515714,0.999989748,0.0941623151,0.431879342,-0.0115715312,0.952788889,-0.0607714728,0.340299845,-0.0369327255,0.923886836,0.0798043758,0.783565581,0.0975832939,0.973729134,-0.0592555031,0.747628093,0.0906190127,0.973262906,0.0587987937,0.819655716,0.109937847,0.752759814,-0.0602556728,0.781686783,0.0609525107,0.746753216,0.0796831772,0.830158949,0.0288680755,0.973414361,-0.0886903703,0.784773111,-0.0349877737,0.96802181
183.33333333333331,-0.00761579815,-0.567030787,-0.385798752,0.999995,0.0134111112,-0.586163521,-0.377415061,0.99999,0.0165507793,-0.585112095,-0.364434808,0.99998647,0.0151846595,-0.58552295,-0.369049609,0.999992251,-0.00924750604,-0.596696794,-0.388877481,0.999993384,-0.00761631783,-0.594557583,-0.401284575,0.99999249,-0.00344495894,-0.583098292,-0.380723953,0.999994636,0.0794640258,-0.568247497,-0.271418959,0.999987483,-0.0622623637,-0.531998396,-0.267900676,0.999966621,0.0292822514,-0.556179106,-0.33351782,0.999993265,-0.00634843577,-0.522920251,-0.360152721,0.999992669,0.161138311,-0.404192358,-0.133045658,0.999996722,-0.133561149,-0.464880019,-0.0699974373,0.999986589,0.20853366,-0.188377008,-0.0897160396,0.981400132,-0.168814167,-0.167505309,-0.0785925,0.941507,0.205837756,0.0463447571,-0.0603224263,0.977439821,-0.202158973,0.0595455505,-0.141836047,0.910182655,0.194857538,0.0961684138,-0.0574258417,0.954747,-0.180211827,0.111191884,-0.183334291,0.840675771,0.161002144,0.105295718,-0.0836792141,0.959808409,-0.146665648,0.0929284319,-0.209505767,0.852802753,0.196314707,0.0791572332,-0.0691789687,0.942248523,-0.183301926,0.0673311055,-0.16413334,0.814448297,0.0911391899,0.00113565463,0.0243499279,0.999991715,-0.0882327184,-0.00357754901,-0.0227966961,0.99998951,0.094024688,0.431902885,-0.0115993079,0.9491992,-0.0608446077,0.340451211,-0.0369283259,0.918911397,0.0795345828,0.783979177,0.0981603339,0.971792877,-0.0600899458,0.748087585,0.0908777118,0.97126466,0.0584991388,0.820115805,0.110526808,0.742509842,-0.0611053705,0.782182157,0.0612774864,0.735915542,0.079610467,0.830958128,0.0297439341,0.97179395,-0.0887827277,0.786158383,-0.0347090326,0.966107428
199.99999999999997,-0.00760240946,-0.567181706,-0.387734294,0.999994755,0.0134269288,-0.586369455,-0.379636407,0.99998951,0.016563287,-0.585324943,-0.366637826,0.999985814,0.0151993753,-0.585728526,-0.371256,0.999991834,-0.00923103,-0.596905231,-0.391011208,0.999993086,-0.00759742176,-0.594758928,-0.403436929,0.999992192,-0.00342231663,-0.583275139,-0.38282308,0.999994457,0.0794618055,-0.56843251,-0.272931248,0.999986768,-0.0621173084,-0.532058477,-0.269415855,0.999965549,0.0292954724,-0.556310415,-0.335656732,0.999992967,-0.00631626509,-0.522996247,-0.362214714,0.999992371,0.161165193,-0.404213518,-0.133502,0.999996662,-0.133444622,-0.464837402,-0.0706352517,0.999986589,0.208707511,-0.188405782,-0.0899244,0.980964303,-0.168974504,-0.167587906,-0.0786699802,0.94167906,0.205911562,0.0463127,-0.0602998808,0.97697264,-0.201865,0.0595127419,-0.141959921,0.911832392,0.19494234,0.0961707383,-0.0572992302,0.953995824,-0.179862693,0.11119733,-0.183527142,0.843322456,0.161069691,0.105302393,-0.0836085305,0.959135294,-0.145926356,0.0929797292,-0.209565297,0.855324626,0.196372971,0.0791296288,-0.0691594258,0.941313744,-0.18291,0.0673091039,-0.164200544,0.817478,0.0911279544,0.00113084586,0.0242822077,0.999991536,-0.0882184356,-0.00358402496,-0.0227387585,0.999989331,0.0934491456,0.432133675,-0.0115847252,0.946572185,-0.0609184131,0.340539753,-0.0370570719,0.916215897,0.0795202181,0.78471595,0.0994369909,0.970366061,-0.0613925084,0.748314679,0.0909455568,0.97022897,0.0584921949,0.820930481,0.111880586,0.733617783,-0.0625085309,0.782457113,0.0613871962,0.728708,0.0795597285,0.832494378,0.031155359,0.970442653,-0.0894890875,0.78695935,-0.0350151658,0.965018868
216.66666666666663,-0.00775789283,-0.567249119,-0.389148146,0.999994516,0.0132049927,-0.586448,-0.381149381,0.999989033,0.0163091589,-0.585411847,-0.368133903,0.999985158,0.0149683636,-0.585805416,-0.372748792,0.999991477,-0.00940221269,-0.596984386,-0.392497718,0.999992788,-0.00776199903,-0.594842792,-0.404936701,0.999991834,-0.00359482225,-0.583350122,-0.384285957,0.999994218,0.0790998861,-0.568442464,-0.273776054,0.999986112,-0.0621684,-0.532039,-0.270380467,0.999964178,0.029115757,-0.556338489,-0.337083131,0.999992669,-0.00641727587,-0.523012698,-0.363639057,0.999992,0.161024839,-0.404228091,-0.133892849,0.999996603,-0.133423656,-0.464322984,-0.0709477141,0.99998641,0.209701762,-0.188647538,-0.0907926783,0.98031342,-0.169067353,-0.167396083,-0.079462409,0.940354586,0.205924615,0.0455612727,-0.0606083758,0.976017177,-0.201527625,0.0595256649,-0.142900765,0.910790563,0.194853544,0.0954090804,-0.0575418733,0.952316284,-0.179524109,0.11120104,-0.184524968,0.841816604,0.160618946,0.10441532,-0.0837698281,0.957596958,-0.145527467,0.0930109248,-0.210163489,0.853929,0.196305409,0.0782827809,-0.069424,0.939124167,-0.182599455,0.0673334599,-0.164937869,0.815856814,0.0910772309,0.00111221022,0.0241747,0.999991357,-0.0881673768,-0.00358317187,-0.0226322711,0.999989152,0.092761986,0.432247311,-0.0115779871,0.943159461,-0.0609346814,0.340572953,-0.0367701948,0.911458135,0.0793315619,0.785147548,0.0997520611,0.968639195,-0.0628589615,0.748357356,0.0911468863,0.968817294,0.0583075956,0.821397364,0.112162404,0.724107742,-0.0641571879,0.782522142,0.0616061,0.720630109,0.0791640282,0.833761036,0.0314323641,0.968740284,-0.0906221867,0.787166238,-0.0351167321,0.963456392
233.3333333333333,-0.00849752501,-0.567323923,-0.390117288,0.999994397,0.0124026136,-0.586509705,-0.382228106,0.999988735,0.0154735511,-0.585474312,-0.369203478,0.999984741,0.0141695468,-0.585864723,-0.373819172,0.999991298,-0.0101853134,-0.597058296,-0.393544137,0.999992609,-0.00851425529,-0.594921887,-0.405991942,0.999991655,-0.00438099634,-0.583426535,-0.385318786,0.999994099,0.0784777105,-0.568497896,-0.274564624,0.999985635,-0.0625769272,-0.532073,-0.27117613,0.999963343,0.0284797978,-0.556392431,-0.338124305,0.99999243,-0.00700154761,-0.523077,-0.364637315,0.999991775,0.160621867,-0.404545605,-0.13426061,0.999996543,-0.133410811,-0.46370092,-0.0712834299,0.999986291,0.20960103,-0.190039068,-0.0909127668,0.979522824,-0.169175044,-0.16705817,-0.0801064372,0.939189613,0.205613926,0.0427133031,-0.0607392192,0.97513926,-0.200241685,0.0596444346,-0.143626362,0.909318328,0.194533676,0.0921048447,-0.0576479211,0.950887144,-0.177811638,0.111300595,-0.185504,0.839561522,0.160424516,0.101226494,-0.0838980898,0.956325769,-0.143188819,0.0931016728,-0.210731015,0.851846218,0.196044132,0.0753894299,-0.0695729703,0.937341034,-0.1811,0.0674259141,-0.165473238,0.813429117,0.0910373926,0.00104950438,0.0241344627,0.999991179,-0.0881268159,-0.00355103123,-0.0225890875,0.999989,0.0921762735,0.432285845,-0.0115033342,0.939421952,-0.0609855801,0.340599954,-0.0367642157,0.907210171,0.0793571249,0.785286248,0.100289844,0.966565,-0.0639079288,0.748640418,0.0903472677,0.967344701,0.0583519116,0.821537852,0.112683713,0.712522268,-0.0652519,0.782864,0.0606707223,0.711627126,0.0791280121,0.834205449,0.031971,0.966797888,-0.09141054,0.787876,-0.0364787467,0.96191442
249.99999999999994,-0.00853691157,-0.568271101,-0.387624025,0.999994159,0.012349125,-0.587479651,-0.37991038,0.999988317,0.0154144755,-0.586498916,-0.366930097,0.999984086,0.0141106928,-0.586844325,-0.37157917,0.99999094,-0.0102444319,-0.597969472,-0.391003549,0.999992371,-0.00857212488,-0.595829785,-0.403410524,0.999991357,-0.00444139,-0.584318042,-0.38278079,0.99999392,0.0784822926,-0.569463849,-0.272744715,0.99998492,-0.0625613555,-0.532618463,-0.268189341,0.999962151,0.0284797177,-0.557311296,-0.336011827,0.999992073,-0.00700451061,-0.523799479,-0.3620857,0.999991417,0.160728067,-0.405684948,-0.131838113,0.999996483,-0.132750839,-0.463797063,-0.0699800625,0.999986172,0.209930688,-0.192848295,-0.0882915333,0.9783746,-0.168960661,-0.167404085,-0.078799814,0.938043594,0.205639884,0.0361973457,-0.0584746785,0.973738134,-0.198355511,0.0589382723,-0.143060282,0.908341169,0.194549397,0.0849766955,-0.0552599654,0.948655963,-0.175403848,0.110685766,-0.185154527,0.83822608,0.160459,0.0935800746,-0.0815409347,0.954301357,-0.140308097,0.0924155712,-0.210005522,0.850562513,0.19608967,0.0683992878,-0.067314744,0.934563041,-0.179020897,0.0666675419,-0.164674431,0.811823,0.0910092443,0.00103627576,0.0241159555,0.999991059,-0.0880985335,-0.00354879443,-0.0225696862,0.999988914,0.0923399702,0.432258159,-0.0114359492,0.936489165,-0.0607876554,0.340554535,-0.0363503285,0.903760612,0.0796939433,0.785307,0.100460052,0.965262413,-0.0640105829,0.748663843,0.0904196,0.966352165,0.0586825758,0.821563423,0.1128259,0.705442905,-0.0653625503,0.782925427,0.0607797727,0.705356479,0.0797261745,0.834320605,0.0321148857,0.965456545,-0.0914545655,0.788131297,-0.0363206677,0.96074152
266.66666666666663,-0.00853153784,-0.568690777,-0.387435615,0.999993861,0.0123527255,-0.587886095,-0.379786491,0.999987662,0.0154138524,-0.586935699,-0.366839141,0.999983072,0.0141110579,-0.587253213,-0.371526688,0.999990344,-0.0102548264,-0.598336875,-0.390848786,0.999991953,-0.00857608,-0.596176624,-0.403268427,0.99999094,-0.00445142435,-0.584668696,-0.382646173,0.999993622,0.07854148,-0.569878697,-0.272484303,0.999983907,-0.0625258088,-0.532723248,-0.267773896,0.999960721,0.0285105985,-0.557707548,-0.335843742,0.999991596,-0.00699014263,-0.524067819,-0.361854464,0.999991,0.161117971,-0.406347752,-0.129892081,0.999996364,-0.132480234,-0.463719785,-0.0703053698,0.999986053,0.210226879,-0.195921317,-0.087575838,0.977309167,-0.169740245,-0.167393804,-0.0791061819,0.938690722,0.204889148,0.0267178435,-0.0603598952,0.972806394,-0.193553612,0.0589444041,-0.144318,0.909035146,0.192658082,0.0746789128,-0.0580958165,0.94740063,-0.167560101,0.110859863,-0.187138766,0.839049757,0.158978358,0.0816376358,-0.084217146,0.953163743,-0.129699782,0.0924128145,-0.211071223,0.851288557,0.195245266,0.0579840615,-0.0692702234,0.932935417,-0.17267628,0.066656813,-0.165446758,0.812404394,0.0910032,0.0010251099,0.0242043976,0.999990821,-0.0880918354,-0.00354748103,-0.0226536095,0.999988735,0.0924234912,0.432343453,-0.0114709027,0.933953106,-0.0606807321,0.340911061,-0.0363000706,0.901834428,0.0815204307,0.785494566,0.101864502,0.964232326,-0.0642604753,0.749393284,0.0909654126,0.965804577,0.0605804473,0.821743667,0.114480525,0.697945654,-0.0655731261,0.783834815,0.0614550114,0.699661434,0.0803737789,0.835361838,0.0331961699,0.964378059,-0.0915469,0.790309489,-0.0362370946,0.960038424
283.3333333333333,-0.00873100385,-0.570752,-0.387685865,0.999993622,0.012167545,-0.589823067,-0.380060077,0.999987066,0.0152140772,-0.588886261,-0.367200851,0.999982238,0.0139095401,-0.589155138,-0.371894181,0.999989808,-0.0105045522,-0.600078464,-0.391040444,0.999991655,-0.00880703051,-0.597879469,-0.403462172,0.999990642,-0.00468262564,-0.586348653,-0.382819325,0.999993443,0.078583777,-0.571802199,-0.27360335,0.999982953,-0.0624510758,-0.533786535,-0.268110275,0.999960303,0.0284792893,-0.559645772,-0.336018771,0.999991298,-0.00701767113,-0.525803745,-0.362191,0.999990821,0.162009969,-0.409318358,-0.130214348,0.999996185,-0.132139757,-0.464201331,-0.0716808662,0.999986291,0.210504457,-0.204257101,-0.0898620635,0.97693789,-0.172718644,-0.168551356,-0.0791800246,0.942056298,0.200345486,0.00828163791,-0.0765316784,0.972773433,-0.192323655,0.0564896278,-0.144525319,0.914929092,0.184749991,0.055144839,-0.07755588,0.94779247,-0.164717346,0.108881846,-0.187981129,0.848715067,0.150796413,0.0596069321,-0.103315167,0.95349282,-0.125207,0.0888834521,-0.211680382,0.860291064,0.189779937,0.0381833687,-0.0856593922,0.933303118,-0.17058906,0.0635354668,-0.165524051,0.823066,0.0910110772,0.00102709641,0.0242732633,0.999990523,-0.0881075785,-0.00357371196,-0.0227386225,0.999988616,0.0924099386,0.432358503,-0.0112670017,0.933408201,-0.0606718212,0.341082305,-0.0345934108,0.903341711,0.0826789811,0.785405397,0.107207604,0.964151919,-0.0649969727,0.749693751,0.094314605,0.966216803,0.0618427433,0.821590722,0.120486937,0.696157575,-0.0662501082,0.78421104,0.0651958659,0.6992746,0.0809756517,0.83542794,0.039842926,0.96431613,-0.0916258469,0.791624188,-0.0339233056,0.960444391
300.0,-0.00905675441,-0.572204471,-0.391577929,0.999993265,0.0118020503,-0.591098249,-0.384989768,0.999986172,0.014814361,-0.590154588,-0.372244805,0.999981046,0.0135269463,-0.590412676,-0.376929611,0.999989033,-0.0108953025,-0.60121268,-0.39574191,0.999991179,-0.00916915946,-0.598979175,-0.408260018,0.999990165,-0.00504079275,-0.587426424,-0.387580484,0.999993145,0.07846421,-0.573052585,-0.280308723,0.999981821,-0.062433295,-0.534461915,-0.27312088,0.99995923,0.0282931104,-0.560991168,-0.340245724,0.999991,-0.0071174386,-0.527127147,-0.366235942,0.999990642,0.162310645,-0.411353797,-0.133473739,0.999996066,-0.132145628,-0.464831769,-0.0769782886,0.99998647,0.210726306,-0.210533559,-0.099542737,0.977195203,-0.178475261,-0.170563459,-0.0806161091,0.945611775,0.193309784,-0.00335081154,-0.10052909,0.973496437,-0.192233011,0.0506478138,-0.147405267,0.921032488,0.174223199,0.0432939865,-0.105130501,0.949413896,-0.163734376,0.102653131,-0.192469031,0.858947217,0.138090551,0.0463196,-0.130209491,0.954924047,-0.123350747,0.0805279166,-0.21586372,0.869827867,0.181062579,0.0258776769,-0.109800979,0.935138226,-0.170110509,0.0566319302,-0.168039098,0.834490359,0.0910185724,0.00103278633,0.0242960081,0.99999,-0.0881249532,-0.0036122445,-0.0227754395,0.999988258,0.0923713744,0.432507396,-0.0110645089,0.932728171,-0.0607133061,0.342465192,-0.0323099159,0.904700696,0.0834725425,0.785580337,0.112981185,0.963821471,-0.0669330284,0.750993192,0.0983839631,0.966453075,0.0626661256,0.821718752,0.126924589,0.692960382,-0.0682826266,0.785553336,0.0697224513,0.697963774,0.0809794,0.836450636,0.0465236641,0.964069128,-0.0922632962,0.793695867,-0.030603148,0.960695922
316.6666666666667,-0.00904572476,-0.578084528,-0.380501151,0.999992788,0.0118067944,-0.596579552,-0.374094754,0.99998492,0.0148174074,-0.595797777,-0.361620307,0.999979436,0.0135337589,-0.595962226,-0.366277844,0.99998796,-0.0108919386,-0.606541872,-0.385003209,0.999990523,-0.00916655548,-0.604328334,-0.397418916,0.999989569,-0.0050366465,-0.592641473,-0.376998156,0.999992728,0.078458488,-0.579386771,-0.27004692,0.999980271,-0.0622957945,-0.540062904,-0.263149112,0.999958038,0.0283110775,-0.566990674,-0.329584569,0.999990523,-0.00708764419,-0.533085227,-0.355612606,0.999990344,0.16280438,-0.418916404,-0.12505275,0.999995887,-0.132223263,-0.469517291,-0.0706713721,0.999986649,0.210762337,-0.221306965,-0.0995809063,0.977058053,-0.183151349,-0.176131353,-0.0730703622,0.949091554,0.183496669,-0.0260020047,-0.115808301,0.974173307,-0.192291066,0.0403433852,-0.143792719,0.92711705,0.161018685,0.0195825752,-0.124260649,0.951281667,-0.163458318,0.092479676,-0.189930394,0.869538128,0.124023043,0.0199101176,-0.14827913,0.956567287,-0.122677296,0.068999134,-0.213507384,0.879662514,0.170031503,0.001434554,-0.125387341,0.937247217,-0.170120388,0.0455817692,-0.164109796,0.846470892,0.091062285,0.00103864248,0.0242506433,0.999989331,-0.0881694779,-0.00364618539,-0.022736365,0.999987841,0.0921236277,0.432662457,-0.012805786,0.93230629,-0.0613025762,0.343245775,-0.03078104,0.905508816,0.0838317275,0.786089838,0.11274951,0.96366936,-0.0690160096,0.752281725,0.0995678678,0.966473281,0.0630172864,0.822154582,0.12673296,0.691807151,-0.0703170076,0.786949635,0.070837982,0.696927428,0.0805111155,0.837160528,0.046461571,0.964074969,-0.0937517881,0.795029521,-0.0292562135,0.960812509
333.33333333333337,-0.00627951697,-0.589145064,-0.349427372,0.999992192,0.0146700153,-0.60712707,-0.341206044,0.99998337,0.0177024286,-0.606607556,-0.329080939,0.999977469,0.0164168794,-0.60664916,-0.333716631,0.999986589,-0.00851141941,-0.61711216,-0.353246033,0.999989629,-0.00683477661,-0.615060091,-0.365392178,0.999988735,-0.00268468,-0.603272855,-0.345465213,0.999992073,0.0803992748,-0.59026885,-0.233813733,0.999978,-0.0611180328,-0.551352203,-0.230620384,0.999955416,0.0308819041,-0.578110754,-0.297945678,0.999989569,-0.00507417135,-0.544096708,-0.324654758,0.99998951,0.16481787,-0.429664522,-0.0919556,0.99999547,-0.131732747,-0.478487283,-0.0466694273,0.999986172,0.211916089,-0.231127277,-0.0865302756,0.975522935,-0.183405519,-0.183348343,-0.0553278066,0.950591385,0.178361967,-0.0474769138,-0.114364319,0.973365128,-0.189722195,0.0264203716,-0.131010234,0.929880261,0.153580666,-0.00300540822,-0.125500098,0.95128721,-0.158890024,0.0789335892,-0.177737892,0.87491262,0.117216535,-0.00606815144,-0.148714811,0.956518888,-0.118406095,0.0529451557,-0.201117098,0.884592474,0.164551407,-0.0220638961,-0.124166116,0.936938822,-0.167511165,0.0307454728,-0.150665253,0.852221,0.09115275,0.00102954637,0.0243094731,0.999988794,-0.0882424265,-0.00364648458,-0.0227859952,0.999987364,0.0921151564,0.432075977,-0.0151905166,0.932592332,-0.0616933778,0.34309116,-0.0292521492,0.905535042,0.0851904377,0.786278546,0.102308959,0.96425283,-0.0690799132,0.752483487,0.0999927819,0.966513276,0.0644030496,0.822382092,0.114897639,0.695252597,-0.0703307614,0.787241936,0.0710556284,0.697691739,0.0809081569,0.837109864,0.0334144756,0.964593232,-0.0937855542,0.795035601,-0.0281060878,0.960741282
350.00000000000006,-0.00552910194,-0.601296902,-0.313306451,0.999991894,0.0153992455,-0.619544566,-0.304595053,0.999982357,0.0184667446,-0.619345129,-0.29283762,0.999976277,0.0171971302,-0.619336903,-0.297378331,0.999985635,-0.00790309,-0.629357398,-0.315866649,0.999989092,-0.00630092388,-0.627535224,-0.32791844,0.999988317,-0.00214664312,-0.615521908,-0.30834347,0.999991775,0.0815689936,-0.603925288,-0.198836342,0.999976516,-0.0601842627,-0.564642549,-0.191657975,0.999954462,0.0320229121,-0.590013623,-0.262678474,0.999989092,-0.00430537341,-0.556106746,-0.288138837,0.999989212,0.166916296,-0.440033495,-0.0671504363,0.999995232,-0.131671488,-0.48991394,-0.0106388126,0.999986291,0.212941,-0.238053098,-0.0832192451,0.975321114,-0.190458953,-0.192091599,-0.0218112264,0.953295588,0.170599937,-0.0711985,-0.13629064,0.974363327,-0.189831182,0.0104230335,-0.105869345,0.935153544,0.14374274,-0.0290973373,-0.155805603,0.953900218,-0.158462495,0.0635973811,-0.153812215,0.884418964,0.104268186,-0.0364231952,-0.175659627,0.958831131,-0.117162406,0.0344814397,-0.177467778,0.893399894,0.155101597,-0.0485325381,-0.145778254,0.939923108,-0.167604461,0.0135728912,-0.125436231,0.863069415,0.0914628878,0.00102334307,0.0238630474,0.99998796,-0.0885357857,-0.00365061592,-0.0222875159,0.999986708,0.0926307887,0.429097712,-0.0216072258,0.931184,-0.0628482,0.342121482,-0.0273030587,0.90413481,0.086937286,0.786236644,0.0996566713,0.963620782,-0.0704477727,0.752356708,0.101888381,0.96564132,0.0659030154,0.822373152,0.112536699,0.693464398,-0.0713848621,0.787134707,0.0729587,0.695807576,0.0802834705,0.837056875,0.031353537,0.964185476,-0.0942769498,0.79466027,-0.0244999155,0.959939897
366.66666666666674,-0.00555366091,-0.606092632,-0.323289633,0.999991357,0.0153732244,-0.62460506,-0.314698964,0.999980688,0.0184393823,-0.624336839,-0.30280757,0.99997437,0.0171695035,-0.624326408,-0.307106137,0.999984086,-0.00807127357,-0.63369453,-0.325787157,0.999988139,-0.00649975939,-0.631963491,-0.338208348,0.999987602,-0.00231687049,-0.619941533,-0.318295091,0.999991179,0.081710659,-0.608985245,-0.208164126,0.999974668,-0.0604363307,-0.568447113,-0.200468317,0.999952614,0.0320613943,-0.594078183,-0.272331119,0.999988556,-0.00433479855,-0.56044507,-0.29804644,0.999988794,0.16933006,-0.442778617,-0.0763573,0.999995,-0.13265419,-0.49343586,-0.0161915123,0.99998641,0.214137867,-0.240672693,-0.102571994,0.976221859,-0.19085215,-0.194149882,-0.0236593541,0.956457615,0.16160278,-0.0883266255,-0.18818216,0.976032436,-0.186797202,0.00186971831,-0.110618666,0.940880537,0.132489264,-0.0497171208,-0.21239382,0.957284451,-0.15320918,0.0531056225,-0.158227369,0.894704521,0.0905081183,-0.0621165931,-0.232106641,0.961860657,-0.110332146,0.0204547495,-0.181807831,0.902936697,0.144223943,-0.0682327896,-0.197856888,0.944054425,-0.163569197,0.00340138329,-0.130638197,0.875027537,0.0918722,0.00104440993,0.0232148413,0.99998647,-0.089021638,-0.00372385583,-0.0216295682,0.999985635,0.0927679762,0.424186975,-0.0233808216,0.929989934,-0.0642936155,0.339926749,-0.0202449318,0.903576493,0.0873366073,0.782397449,0.102592558,0.962698519,-0.0781108066,0.750346363,0.116368778,0.964759588,0.0662399381,0.818627894,0.11675705,0.693156421,-0.0793005526,0.7848472,0.0886581317,0.69436276,0.0782304704,0.834720135,0.0365069434,0.963876724,-0.0982480422,0.792197585,-0.00978299,0.959271967
383.3333333333334,-0.00487362733,-0.608389,-0.310689837,0.999991059,0.016121706,-0.627098382,-0.300554365,0.999979436,0.0191661082,-0.626899481,-0.288870096,0.999972761,0.0178745873,-0.626878142,-0.293102443,0.999982774,-0.00783715304,-0.636364,-0.311831802,0.999987483,-0.00630202563,-0.634701,-0.32446748,0.999987066,-0.0020859025,-0.622679,-0.304612935,0.999990761,0.083220385,-0.612474203,-0.191508785,0.999973,-0.0604586229,-0.572910964,-0.184774444,0.999951541,0.0332977436,-0.596566141,-0.259118497,0.99998796,-0.00392698683,-0.563330054,-0.285040855,0.999988377,0.172705114,-0.444726378,-0.0606946535,0.999994516,-0.133031413,-0.500031948,-0.00996283442,0.99998641,0.217313871,-0.242576987,-0.102065995,0.976574659,-0.192418367,-0.202361584,-0.0260357205,0.959427416,0.158797085,-0.104534216,-0.185406432,0.977405548,-0.183151886,-0.0116295274,-0.112763219,0.946099699,0.128025919,-0.0686619431,-0.209807888,0.960234,-0.147616878,0.0395382978,-0.162954763,0.904039323,0.0843428448,-0.0845873207,-0.229245022,0.964502871,-0.102545291,0.00447529135,-0.185677424,0.911576509,0.140519649,-0.0867629051,-0.195009589,0.947608292,-0.159015283,-0.0107187722,-0.133196801,0.885828912,0.0922520831,0.00107314473,0.0233997386,0.999984384,-0.0894659907,-0.00379523635,-0.0218099505,0.999983907,0.0935534239,0.420120478,-0.0250321887,0.926206768,-0.0648389608,0.337272286,-0.0192585755,0.899018586,0.0873808265,0.778405547,0.100073121,0.960429072,-0.0792870224,0.744378209,0.124485716,0.960909188,0.066235438,0.814661801,0.114224017,0.689391196,-0.0802591741,0.77844882,0.0974138379,0.683783054,0.0783747658,0.828783631,0.0342153087,0.962252557,-0.0981645584,0.785346806,0.00210570171,0.955291569
400.0000000000001,-0.00470925868,-0.612069666,-0.307910621,0.99999,0.0163823627,-0.630662262,-0.297714055,0.999976277,0.0194316171,-0.630569696,-0.286019951,0.999968767,0.0180964042,-0.630445719,-0.29025355,0.999979913,-0.00778641226,-0.640356,-0.309180021,0.999985754,-0.0062701283,-0.638651133,-0.321843952,0.999985516,-0.00204501092,-0.626747727,-0.301977813,0.999989688,0.0837600753,-0.615555942,-0.18790251,0.999969065,-0.0606290735,-0.577671051,-0.182398349,0.999947369,0.0336115099,-0.599961638,-0.256097823,0.999986351,-0.0039088442,-0.567251921,-0.282383859,0.999987066,0.173861876,-0.447235703,-0.0551130511,0.999993682,-0.133736,-0.506660521,-0.00860844646,0.999986053,0.219548017,-0.247681499,-0.0987952426,0.976132751,-0.194735333,-0.213849083,-0.0235111825,0.961798072,0.150337,-0.125614911,-0.176867515,0.978183091,-0.17985639,-0.0287412833,-0.114364766,0.950596511,0.114803798,-0.094156608,-0.199955121,0.962401628,-0.14195396,0.0204379708,-0.164823651,0.912164629,0.0719895661,-0.1153225,-0.219005316,0.966448069,-0.0958670378,-0.0173086189,-0.187807798,0.919100761,0.1315355,-0.110957749,-0.186090693,0.950082541,-0.155108675,-0.0294992011,-0.134407982,0.89514488,0.0924516,0.00110372039,0.0237256195,0.999982178,-0.089724265,-0.00385322585,-0.0221224129,0.999982238,0.0950681493,0.417975634,-0.0249447972,0.922104299,-0.0670846403,0.335384279,-0.0192297306,0.895477772,0.0874753147,0.775384068,0.101191677,0.957869887,-0.081385687,0.740739942,0.128098801,0.957821786,0.0662385449,0.811498,0.115826078,0.685228705,-0.0821499079,0.774583876,0.101517722,0.675514936,0.0784319714,0.825840175,0.037469998,0.960256219,-0.0991150513,0.781676173,0.00743105728,0.95183754
416.6666666666668,-0.00291898521,-0.610125303,-0.313447863,0.999988794,0.0180054717,-0.628715098,-0.303663909,0.999972939,0.0210086573,-0.628558338,-0.291846633,0.999964237,0.0195536315,-0.628452778,-0.29609549,0.999976575,-0.00646456284,-0.638466179,-0.315547705,0.999984145,-0.00500903046,-0.636703849,-0.328240305,0.999984205,-0.000778463203,-0.62485,-0.308297545,0.999988854,0.0842149481,-0.613491178,-0.192756712,0.999964714,-0.0606359243,-0.575675845,-0.190144673,0.999945,0.0349018164,-0.598111928,-0.261067182,0.99998492,-0.00306400773,-0.565337896,-0.288249701,0.999986112,0.1743889,-0.446259737,-0.0550965443,0.999992609,-0.134368837,-0.505839586,-0.013762638,0.999986053,0.219478726,-0.245866239,-0.0961589143,0.975185931,-0.194888607,-0.213808611,-0.0271730497,0.964532614,0.130945235,-0.140601814,-0.173571706,0.978608489,-0.171476394,-0.0303533915,-0.116623312,0.954982,0.0891478583,-0.116346769,-0.195322037,0.964007914,-0.130468071,0.0165222976,-0.172336072,0.919962764,0.0508624315,-0.142254651,-0.213424,0.967855752,-0.0830396712,-0.0224121064,-0.192867428,0.926298082,0.112810791,-0.129207194,-0.18213746,0.951693773,-0.145911053,-0.0319890901,-0.135421738,0.904137254,0.0926097631,0.00110056065,0.0246493444,0.999979734,-0.0899618268,-0.00386237283,-0.023014307,0.999980867,0.0963687375,0.417553097,-0.0248300582,0.920151472,-0.0683027878,0.335281253,-0.0193692651,0.894680798,0.0874945521,0.772429883,0.10890314,0.956030548,-0.0828039,0.738581896,0.132996589,0.955802739,0.0661848634,0.808123291,0.124848798,0.682541,-0.0836393312,0.77218461,0.107417539,0.670373499,0.0779702067,0.8240785,0.0486466438,0.958622277,-0.100557007,0.780061841,0.0132273901,0.949236155
433.3333333333335,-0.00145860051,-0.609805226,-0.285502076,0.999986351,0.0192843564,-0.628209949,-0.274797767,0.999965787,0.022330137,-0.628103256,-0.263362259,0.999954104,0.0207215026,-0.627927542,-0.267441124,0.999969423,-0.0051193526,-0.63818115,-0.286888182,0.999980927,-0.00370852603,-0.636359215,-0.299311668,0.999981463,0.00054456474,-0.62460345,-0.279863387,0.999987125,0.0849232078,-0.612743676,-0.164885581,0.999954879,-0.0604056567,-0.576134622,-0.164255008,0.999939203,0.0360765643,-0.597643554,-0.233342841,0.999982297,-0.00221640198,-0.565067708,-0.261188418,0.999984443,0.175807908,-0.445524037,-0.0307925958,0.999991298,-0.134366646,-0.507067919,0.00361485849,0.999986231,0.221846148,-0.244291827,-0.0803237483,0.973554194,-0.194242388,-0.216403604,-0.0140502639,0.966706276,0.114965461,-0.157417461,-0.166680083,0.978149831,-0.162776768,-0.033621531,-0.10963174,0.958883345,0.0674868599,-0.14003782,-0.186435908,0.964408517,-0.120248161,0.0114208665,-0.16611053,0.926895797,0.0310650915,-0.168753773,-0.205095142,0.968072772,-0.0729741305,-0.0273992829,-0.184477463,0.932676435,0.0966134742,-0.149255574,-0.175253019,0.951279283,-0.137435034,-0.0356173851,-0.126936555,0.912034392,0.0927549824,0.00110279198,0.0258974638,0.999977291,-0.0901574865,-0.00388100883,-0.0242164861,0.999979556,0.0989313945,0.417328179,-0.0289776698,0.914858937,-0.068343915,0.335290641,-0.0281209368,0.89012146,0.0874795,0.772568643,0.109023541,0.950072587,-0.0828225464,0.73814559,0.130984813,0.950329959,0.0659638494,0.808216274,0.12530081,0.668044388,-0.083633028,0.77174449,0.104906134,0.653868258,0.0776967704,0.824313521,0.0507616512,0.953112185,-0.100406118,0.779762268,0.0102280052,0.942441
450.00000000000017,-0.00140469859,-0.6098755,-0.250189215,0.999983,0.0193382446,-0.628136456,-0.238641188,0.999956429,0.022400504,-0.628163695,-0.227459922,0.999940753,0.0207564868,-0.627930164,-0.231619045,0.999960303,-0.00497923931,-0.638466656,-0.250822753,0.999976575,-0.00356915826,-0.636622,-0.263270766,0.999977529,0.000663867919,-0.625004232,-0.244080931,0.999984741,0.0849149674,-0.612321675,-0.130353689,0.999942362,-0.0604386814,-0.577760041,-0.130192325,0.999931037,0.0360542163,-0.59741348,-0.198778749,0.999979,-0.00227869302,-0.565243363,-0.226826966,0.999982297,0.175985217,-0.444758087,-0.00262795505,0.99999,-0.135093242,-0.508302927,0.0283460822,0.99998647,0.221736401,-0.24323459,-0.0691353455,0.971520782,-0.193951368,-0.218952835,0.000551563629,0.968298674,0.0991076306,-0.175855443,-0.168530434,0.977693737,-0.156207815,-0.0405305587,-0.102465324,0.962210298,0.0499097295,-0.166670829,-0.189792529,0.96475023,-0.111894779,0.00224117469,-0.160127953,0.932826459,0.0170671809,-0.197251216,-0.203873783,0.96818608,-0.0628669858,-0.0376390666,-0.175558552,0.938112855,0.0819461569,-0.170679376,-0.175249875,0.950451076,-0.130520836,-0.0434253216,-0.118184097,0.918591559,0.0930472165,0.00109001948,0.0269274227,0.999975324,-0.0905005261,-0.00388581539,-0.0251652338,0.999978542,0.100940771,0.417850256,-0.0341267139,0.907631934,-0.0684073418,0.335996,-0.0409485921,0.883544,0.0868147612,0.772760034,0.108929135,0.941593289,-0.0837641358,0.738199651,0.129984349,0.942326844,0.0645251572,0.808484614,0.125285253,0.646848679,-0.0846151859,0.771777689,0.103286475,0.632020533,0.0766693577,0.82441,0.0519283675,0.945068479,-0.101238228,0.779787183,0.00833071303,0.932680488
466.66666666666686,-0.00158521289,-0.610487223,-0.206063181,0.999980152,0.018976219,-0.628641546,-0.193648487,0.999948204,0.0221181195,-0.628852308,-0.182808951,0.999929726,0.0204064324,-0.628558517,-0.187147096,0.999953,-0.00507052615,-0.639390349,-0.206013769,0.999972463,-0.00366109773,-0.637494683,-0.218207359,0.999973774,0.000546971802,-0.6261428,-0.199363798,0.999982297,0.0841743499,-0.612205684,-0.0885585546,0.999932885,-0.0607391559,-0.579470694,-0.0878614411,0.999922,0.0355821215,-0.597691715,-0.155939445,0.999976218,-0.00297398167,-0.565767109,-0.183966711,0.999980092,0.175334677,-0.444282353,0.0306117199,0.99998939,-0.135859549,-0.50887543,0.0653946623,0.999986649,0.221756712,-0.242425084,-0.0417034402,0.970523,-0.194166839,-0.21985282,0.0320682116,0.968689263,0.0875536427,-0.196275473,-0.160009965,0.977995515,-0.145942077,-0.0468365438,-0.0745830312,0.964697599,0.0359456837,-0.19101505,-0.185235888,0.965817511,-0.096165888,-0.00666451,-0.132725254,0.937461674,0.0039532287,-0.222940475,-0.188950539,0.96897459,-0.0457435064,-0.0495724641,-0.14470157,0.942314208,0.0705537125,-0.193177819,-0.162936762,0.950804114,-0.119145706,-0.0517594,-0.0883967131,0.923356891,0.0932158902,0.0010319557,0.0277464371,0.999973059,-0.0906863809,-0.00384711195,-0.0259024482,0.999976695,0.101226114,0.418485522,-0.0423892178,0.897680879,-0.0689164177,0.336354822,-0.058103662,0.873455226,0.0847203583,0.773082197,0.0986434221,0.927894831,-0.0853329673,0.738374174,0.110794574,0.929387212,0.0615401864,0.808630824,0.115918756,0.61981076,-0.0860705525,0.771981597,0.0852054879,0.604185402,0.0746523589,0.824566841,0.0479688458,0.931890428,-0.102596909,0.779940307,-0.00560504757,0.917198956
483.33333333333354,-0.00325517962,-0.612299204,-0.174850628,0.999975324,0.0168308839,-0.630407453,-0.162476897,0.999934256,0.0201760232,-0.630780756,-0.151748791,0.999911427,0.0182942748,-0.630422175,-0.156070486,0.99993974,-0.00639423961,-0.641706347,-0.174269333,0.999965847,-0.00497962907,-0.639693856,-0.186278895,0.99996829,-0.000779616181,-0.628601611,-0.167567089,0.999978721,0.0823567435,-0.613724053,-0.0606724583,0.999916375,-0.0615886785,-0.583449721,-0.0576034524,0.999910593,0.0335437097,-0.59946537,-0.1257018,0.999970734,-0.00521014,-0.567852557,-0.153204143,0.999976099,0.173365489,-0.444422305,0.0535134114,0.999988139,-0.13612783,-0.514021873,0.090549,0.999986768,0.217360869,-0.243298739,-0.0196842309,0.968311727,-0.193630531,-0.227003261,0.0538853742,0.968153179,0.074499853,-0.221476629,-0.133324176,0.977339,-0.123760514,-0.0606060252,-0.0489599,0.966720164,0.0223227311,-0.223565653,-0.156192124,0.965682566,-0.0682133734,-0.0236619171,-0.106431566,0.941380918,-0.0058369711,-0.255204678,-0.155087367,0.968529,-0.0167282429,-0.069332771,-0.115227632,0.945805,0.0593835115,-0.220230803,-0.133821741,0.949039698,-0.0956788,-0.0676008388,-0.0610074736,0.927090645,0.0932456,0.00103285548,0.0284379516,0.999970317,-0.0907276273,-0.003859038,-0.0266040657,0.999974549,0.10090854,0.418863684,-0.0491985977,0.890178919,-0.0700775832,0.336426556,-0.0669967383,0.864379227,0.0806209818,0.776196122,0.0807362199,0.915686667,-0.0864543691,0.738361776,0.0952320397,0.915145636,0.0566426031,0.811572134,0.0973652676,0.596890152,-0.086997129,0.771991134,0.0692224,0.576846421,0.0711685643,0.824653864,0.0324721858,0.919617891,-0.103839114,0.77822721,-0.0196524113,0.900390208
500.0000000000002,-0.0072071217,-0.611990213,-0.170927435,0.99997,0.0123270703,-0.630131483,-0.159083605,0.999918163,0.0158606041,-0.630506456,-0.1483237,0.999889076,0.0137248654,-0.630146146,-0.152407974,0.999923,-0.0104828011,-0.641537905,-0.170222342,0.999958813,-0.00902645849,-0.639475048,-0.182137311,0.999962628,-0.00479450123,-0.628423,-0.163453013,0.999975324,0.0797363818,-0.613758445,-0.0571393,0.999893188,-0.0647557229,-0.584150374,-0.0523036867,0.999899089,0.0299191736,-0.599298775,-0.121606976,0.999963641,-0.00941867381,-0.567699432,-0.148621947,0.99997139,0.171955988,-0.444136292,0.0579069182,0.999986053,-0.136639968,-0.517901182,0.0964357182,0.999986947,0.210036963,-0.243260339,-0.0132257901,0.964904785,-0.191252694,-0.234030172,0.0559549704,0.9663167,0.0620711632,-0.245097846,-0.115786977,0.97471565,-0.107466213,-0.0751320869,-0.0484870374,0.968001306,0.00846647,-0.255420178,-0.135295078,0.962875485,-0.0493500382,-0.041486863,-0.105775632,0.944142401,-0.0153360311,-0.287801385,-0.132865816,0.96528089,0.00203992729,-0.0888244286,-0.112688385,0.948142707,0.0486857332,-0.245878294,-0.114803851,0.942580163,-0.078704983,-0.0835191831,-0.0597083718,0.92908591,0.093299143,0.00106294791,0.0296311136,0.999967754,-0.0908115655,-0.00392075395,-0.0278496724,0.999973059,0.1008626,0.418997914,-0.0502517484,0.88024205,-0.0718644038,0.335959375,-0.0714755803,0.853651,0.0792290494,0.77711153,0.0796812698,0.899157882,-0.0865342766,0.736852407,0.0903954506,0.897725582,0.0550356284,0.812179089,0.0964848697,0.571133137,-0.0869159773,0.770335674,0.0643923432,0.546870828,0.0706494376,0.824016869,0.0319698304,0.903467178,-0.102828138,0.773819685,-0.0254310649,0.879758716
516.6666666666669,-0.00974082947,-0.613990188,-0.158036977,0.999966443,0.00905014761,-0.632006705,-0.145135701,0.999907374,0.0125884833,-0.632531226,-0.134413064,0.999873877,0.0103217,-0.632100403,-0.13839297,0.999911129,-0.0138517087,-0.643559217,-0.156555921,0.999954462,-0.0123998486,-0.641428769,-0.168520406,0.99995923,-0.00808154698,-0.630451,-0.149836287,0.999973357,0.0766862,-0.61530745,-0.0425969549,0.999876738,-0.0692510456,-0.585524499,-0.0396278761,0.999893188,0.0275027864,-0.601113319,-0.108847834,0.99995774,-0.0124922013,-0.569455266,-0.136372268,0.999967575,0.170097217,-0.443978399,0.0653942898,0.999983549,-0.13765721,-0.520917654,0.103481703,0.999987066,0.196407244,-0.246876583,-0.012110143,0.96105361,-0.187395111,-0.24420774,0.0535212494,0.963731468,0.0487535484,-0.272656471,-0.110350654,0.971500397,-0.0961250812,-0.100940682,-0.0541419238,0.969092727,-0.00473243231,-0.287514836,-0.128367081,0.959442317,-0.0380393565,-0.0707365423,-0.111404166,0.946721435,-0.0251360536,-0.319916278,-0.125905395,0.96137023,0.013924161,-0.119935036,-0.11763002,0.950298727,0.0368480645,-0.27453649,-0.109154448,0.93544662,-0.0674045458,-0.110885315,-0.0649611205,0.930969715,0.0934015363,0.00116538187,0.030353168,0.999966085,-0.090964891,-0.00406650035,-0.0285864715,0.999972284,0.099986814,0.419075966,-0.0520676151,0.872913122,-0.0725238398,0.335814655,-0.0742321759,0.844591677,0.0766490325,0.776970387,0.0777565762,0.884904385,-0.08694271,0.733626306,0.0878979713,0.882465601,0.0523682125,0.811858594,0.0949403495,0.549571753,-0.0871495679,0.766674578,0.0618528277,0.520631552,0.068929404,0.821706891,0.0320235081,0.889787138,-0.102827072,0.767778,-0.027439544,0.861627281
533.3333333333335,-0.00978617463,-0.614596963,-0.161303595,0.999960542,0.00878781,-0.632528543,-0.147802651,0.999890566,0.0122846523,-0.633092821,-0.136927634,0.999850035,0.00995966699,-0.63263011,-0.140983477,0.999892592,-0.0142752286,-0.644199491,-0.16029124,0.999947488,-0.0127992239,-0.642014444,-0.17244938,0.999953687,-0.00850431155,-0.6311028,-0.153515354,0.9999699,0.0752553493,-0.615508437,-0.0427460298,0.999852836,-0.0717724115,-0.585463345,-0.0451300554,0.999883235,0.0271495096,-0.60165906,-0.111407466,0.999947488,-0.0131165208,-0.57000649,-0.140473202,0.999960899,0.168000311,-0.443789482,0.064826645,0.999979556,-0.138940543,-0.521696627,0.0949593186,0.999986649,0.188802898,-0.258672029,-0.0131675592,0.954961121,-0.181909278,-0.251687586,0.0505342409,0.959984839,0.0408658087,-0.299606562,-0.105985127,0.965307772,-0.0703209043,-0.124308564,-0.0692219213,0.968815446,-0.0143919429,-0.317187846,-0.121986702,0.952416301,-0.007334908,-0.0978002101,-0.128400281,0.947250307,-0.0334622636,-0.348871917,-0.118512586,0.953621626,0.0442248285,-0.148760885,-0.120517924,0.950275123,0.0294005908,-0.301311463,-0.104261234,0.922977865,-0.0412591919,-0.135690644,-0.0729576,0.929360211,0.0934715793,0.00117158983,0.0318559669,0.999964893,-0.0910919309,-0.0040868069,-0.0300632324,0.999971688,0.0990069062,0.418781698,-0.0511627384,0.867373645,-0.0726028383,0.335835099,-0.0775586516,0.837376356,0.0756730661,0.775477529,0.0794382766,0.872664392,-0.0869363546,0.731629491,0.0845282599,0.870086491,0.0514214374,0.809854567,0.0964013562,0.53035295,-0.0871101543,0.76427573,0.0583571345,0.497308165,0.0688021407,0.818172,0.0352169536,0.877075493,-0.102933891,0.763418317,-0.0300808139,0.845477581
550.0000000000001,-0.00972765777,-0.615176678,-0.156138763,0.999957621,0.008792907,-0.632933557,-0.141961917,0.999883413,0.0122593893,-0.6335603,-0.131081313,0.999839246,0.00991371553,-0.633072436,-0.135100573,0.999883473,-0.0144261904,-0.644634902,-0.154972106,0.999945045,-0.0129491398,-0.642450631,-0.167244583,0.999951899,-0.00868552458,-0.631636381,-0.14815934,0.999968886,0.0743539408,-0.615599155,-0.034298934,0.999841,-0.0737779588,-0.585218847,-0.0397599116,0.999881446,0.0270580649,-0.602109075,-0.105552562,0.999941409,-0.0134329088,-0.570432067,-0.135517478,0.999957323,0.16517587,-0.443615675,0.07017342,0.999975741,-0.140452057,-0.521578729,0.0971969068,0.99998641,0.180918217,-0.269479275,-0.0124351289,0.949589729,-0.174640596,-0.25368014,0.0415488556,0.958501101,0.0335378349,-0.316117764,-0.104607359,0.960488498,-0.0489103161,-0.145332247,-0.0929796472,0.970051587,-0.0222015698,-0.335629016,-0.119916514,0.946803272,0.0167434439,-0.124940008,-0.153206795,0.949667573,-0.0405516177,-0.366297513,-0.115731284,0.947330713,0.0660215616,-0.177701503,-0.142339334,0.952222109,0.0223149098,-0.317474186,-0.102539815,0.912710547,-0.0204464365,-0.158402517,-0.0951681659,0.930891693,0.0936275795,0.00117806229,0.0323676467,0.999964178,-0.0913407728,-0.00411335705,-0.0305186193,0.999971569,0.0970410332,0.418483764,-0.0506182574,0.865572095,-0.0740689,0.336149782,-0.0796379223,0.836051404,0.0757836401,0.774043739,0.0804689527,0.865298748,-0.0868927091,0.73158443,0.0816946924,0.86368,0.0516008362,0.808163285,0.0970155597,0.515908599,-0.0869942382,0.764189303,0.055463627,0.481208324,0.0686294213,0.8160339,0.0385258421,0.869669437,-0.103038386,0.763380587,-0.0330126882,0.836846113
566.6666666666667,-0.00963095482,-0.61603725,-0.139813468,0.999955773,0.00886551,-0.633348048,-0.125658125,0.999880433,0.0123284189,-0.634083092,-0.114863977,0.999834478,0.0100040324,-0.633585215,-0.11892084,0.999879777,-0.0143694207,-0.645204544,-0.13770771,0.999944031,-0.0128913391,-0.643029273,-0.150068954,0.999951065,-0.00862551946,-0.632339299,-0.13095969,0.999968469,0.0744304657,-0.615460217,-0.0204683598,0.999837279,-0.0736026093,-0.585006356,-0.0220003854,0.999881685,0.0271021966,-0.602512,-0.0905692354,0.999938846,-0.0133471144,-0.571041107,-0.119430862,0.999955714,0.164831653,-0.442768037,0.0755998269,0.999973953,-0.140535891,-0.521232486,0.112262025,0.999986529,0.173629016,-0.277338654,-0.0144480523,0.948219955,-0.167936563,-0.255855083,0.0360442623,0.958315313,0.0257278029,-0.329913259,-0.106983744,0.960274041,-0.0298196152,-0.16664356,-0.098877877,0.97191751,-0.0297019314,-0.350657344,-0.122692078,0.94651854,0.0389503874,-0.150835022,-0.160105,0.952955306,-0.0470408089,-0.380413115,-0.120510146,0.946669281,0.0884655118,-0.205912992,-0.14963384,0.955154598,0.0150206946,-0.331278682,-0.105987608,0.910887659,-0.000808643177,-0.181606,-0.101122975,0.934233189,0.0937610939,0.00125558639,0.0320922211,0.99996376,-0.0915585831,-0.00425607665,-0.0301991515,0.999971569,0.094998233,0.418541878,-0.051130265,0.860174298,-0.0747856796,0.336820245,-0.0819364041,0.832368195,0.0758727267,0.774107873,0.0812745914,0.853756249,-0.0866990462,0.731722534,0.0795151666,0.853478551,0.0517147146,0.808264554,0.0974339545,0.497307181,-0.0866318345,0.764342964,0.0533684,0.463344693,0.068264626,0.816115916,0.0410042629,0.85984844,-0.103667617,0.763611376,-0.0350063518,0.826457739
583.3333333333334,-0.0094605349,-0.617710173,-0.129114643,0.999952495,0.00893519726,-0.634510577,-0.114569657,0.999874234,0.0123925302,-0.635354757,-0.103800744,0.999825,0.0100585958,-0.634866714,-0.107914023,0.999872684,-0.0143017517,-0.646690965,-0.126645491,0.999941647,-0.012815889,-0.644482791,-0.13908346,0.999949,-0.00858459808,-0.633969486,-0.119840391,0.999967337,0.0744964853,-0.615457356,-0.0102352016,0.999828577,-0.0734690204,-0.58523035,-0.0112822168,0.999879479,0.0271405242,-0.603547812,-0.080376178,0.99993211,-0.0132841449,-0.572404087,-0.109161913,0.999951363,0.163544655,-0.442343503,0.0790432,0.999970734,-0.140558898,-0.520986676,0.11877095,0.999986231,0.164683685,-0.288912177,-0.0168823134,0.94463855,-0.160125092,-0.257168293,0.0347253196,0.957291722,0.0195581149,-0.3456752,-0.108537234,0.957187891,-0.00312437885,-0.184705213,-0.10371156,0.973225594,-0.0346310623,-0.367807597,-0.124576487,0.94254756,0.0709344223,-0.173646972,-0.164066732,0.955306411,-0.0507052466,-0.395570695,-0.121918209,0.942053556,0.118190214,-0.231183946,-0.1532401,0.95709163,0.00984638929,-0.346604913,-0.108051486,0.903491914,0.0258417558,-0.201748282,-0.1057707,0.935925782,0.0937998593,0.00131139962,0.0318447538,0.999963284,-0.0916492119,-0.00437721238,-0.0299338419,0.999971449,0.0932206586,0.418046534,-0.0515594371,0.85108161,-0.0747674331,0.336861819,-0.08588209,0.825540602,0.0759503469,0.774291337,0.0772775,0.839754105,-0.0848446,0.731817305,0.0642842799,0.840294242,0.0518154353,0.808503091,0.0938809663,0.478293389,-0.0842254534,0.764439762,0.036633227,0.443460315,0.0683889166,0.81599623,0.0377649777,0.847899437,-0.103000514,0.763831377,-0.0534920096,0.812925756
600.0,-0.00947776809,-0.621080697,-0.134349063,0.999941111,0.00900169555,-0.63720566,-0.120804645,0.999851465,0.0124419993,-0.638173282,-0.109936126,0.999795318,0.0101083992,-0.637642264,-0.113976747,0.999852061,-0.0142386993,-0.649979889,-0.132237315,0.999929905,-0.0127531271,-0.647758603,-0.14479658,0.999938726,-0.00853786618,-0.637363136,-0.12535587,0.999960899,0.074546881,-0.616308153,-0.0180602912,0.999807,-0.072721757,-0.587409139,-0.0161534045,0.999860823,0.0269591194,-0.606092811,-0.0863356367,0.999913335,-0.0134376772,-0.575786829,-0.114210598,0.99993664,0.162841409,-0.442987204,0.0710333064,0.999966323,-0.140693322,-0.521464825,0.115520492,0.999984145,0.158511862,-0.305471301,-0.0245465562,0.942710698,-0.151776955,-0.258680522,0.0276616514,0.955279231,0.0147916526,-0.361341715,-0.113910481,0.954985261,0.0162936542,-0.212315202,-0.108898535,0.973572075,-0.0387481824,-0.383528888,-0.127619192,0.939275146,0.0939797312,-0.209229574,-0.167942986,0.956194162,-0.0534424819,-0.409847081,-0.123957783,0.938165367,0.136126354,-0.271046698,-0.15684253,0.957489133,0.00602464192,-0.361346334,-0.111023217,0.897460341,0.0439742841,-0.232892767,-0.110901326,0.935149,0.0938297585,0.0013840521,0.030857401,0.999962926,-0.0917219892,-0.00451056939,-0.0289785061,0.999971,0.0900415406,0.418035716,-0.0516464897,0.843345523,-0.0748882517,0.336767972,-0.0841460451,0.819732487,0.0759487078,0.77450043,0.0779309124,0.828826904,-0.0827153251,0.73176527,0.0633102357,0.830228865,0.0519359224,0.808696926,0.0947194,0.462796301,-0.0815189108,0.76437521,0.0352846384,0.428119302,0.0684244558,0.81601274,0.0378675833,0.838525295,-0.102384932,0.762531936,-0.0545801744,0.802904665
616.6666666666666,-0.00921342801,-0.620847404,-0.11781887,0.99993223,0.0092304,-0.637021661,-0.10352245,0.99983573,0.0126286885,-0.637970805,-0.0928107426,0.999774635,0.0102854054,-0.637450755,-0.0968887582,0.999837875,-0.0140515,-0.64974159,-0.114714779,0.999921262,-0.0125735346,-0.647531748,-0.1274914,0.999930799,-0.00840361789,-0.637111485,-0.10800568,0.999955773,0.0753515512,-0.61623615,-0.000917434576,0.999791682,-0.0720726773,-0.587219357,0.00213903119,0.999846578,0.0272138882,-0.605952859,-0.0701489821,0.999893367,-0.01336479,-0.575632632,-0.0975023359,0.999919355,0.162889987,-0.442925632,0.0819433257,0.999961257,-0.139903545,-0.521226,0.122609988,0.999981284,0.156994432,-0.309146911,-0.0251177736,0.938531578,-0.133278608,-0.261301637,0.0225743931,0.951826513,0.0123128872,-0.358980119,-0.114337713,0.950856,0.0387513041,-0.239370525,-0.109625638,0.973254204,-0.0408625416,-0.379609138,-0.128486603,0.93385905,0.116523191,-0.242192283,-0.167835191,0.956063807,-0.0555865541,-0.404789627,-0.123711929,0.93203038,0.154953226,-0.306591898,-0.15694657,0.956733406,0.0035335978,-0.358335048,-0.112020656,0.888607264,0.0642852262,-0.261990517,-0.11157985,0.9325279,0.094058089,0.0015295014,0.0307416767,0.999962687,-0.0920522809,-0.00472665299,-0.0288603846,0.999970436,0.0881196186,0.417948186,-0.0529550798,0.833403587,-0.0749456808,0.336755037,-0.0865986645,0.811369956,0.0757368654,0.774020314,0.0698266,0.815620542,-0.0772588626,0.730457604,0.0558715798,0.814201,0.0519917831,0.808213711,0.0862922445,0.447573751,-0.0748955,0.762916505,0.0271514989,0.409434646,0.0685756952,0.813828468,0.0299406387,0.826528728,-0.0969451591,0.759498298,-0.0611131936,0.786248863
633.3333333333333,-0.00927077327,-0.620640576,-0.0956532806,0.999929368,0.00898655597,-0.636876225,-0.0805656239,0.999832571,0.0122968284,-0.637804925,-0.0699731857,0.999769032,0.00999104232,-0.637294412,-0.0741776153,0.999834597,-0.0144061316,-0.649586201,-0.0900722444,0.999919415,-0.0129304351,-0.647376,-0.102933429,0.999928594,-0.00882585905,-0.636930585,-0.0834639594,0.9999547,0.0765741765,-0.616210639,0.0185112413,0.999785841,-0.0712069,-0.586092591,0.0300214328,0.999843776,0.0274153128,-0.605832279,-0.0493475161,0.999878407,-0.013325003,-0.575482607,-0.0739594847,0.999906778,0.164326593,-0.443012446,0.0931572765,0.999955297,-0.133125,-0.520713806,0.137077704,0.999979377,0.151646376,-0.325839162,-0.0253919512,0.930070937,-0.123710945,-0.269734055,0.0197160318,0.949058592,0.00167961721,-0.367047727,-0.112023659,0.940176129,0.0508994833,-0.258442879,-0.109635279,0.973253846,-0.0521992743,-0.385677695,-0.123580053,0.919544756,0.129084542,-0.263027787,-0.167339221,0.955925,-0.0666714758,-0.405572861,-0.113043472,0.916249394,0.168787166,-0.325994313,-0.156450927,0.95593071,-0.00701968186,-0.36368379,-0.107951261,0.868138194,0.076422967,-0.280474246,-0.111571297,0.929843783,0.0941572636,0.00189966627,0.0302363541,0.999962807,-0.0922432691,-0.00525259646,-0.028376285,0.999970615,0.0860274062,0.418180346,-0.0555016883,0.813626051,-0.074726142,0.337012887,-0.0882709846,0.795602083,0.0751049668,0.774263799,0.0575316362,0.792407513,-0.074151285,0.730529249,0.0487882383,0.788831174,0.0517673045,0.808398247,0.0730684176,0.42560181,-0.0712252259,0.763017416,0.0193172861,0.385600209,0.0686380863,0.813106179,0.0163315907,0.806975067,-0.0937851518,0.759537637,-0.0691313297,0.762698233
649.9999999999999,-0.00920836348,-0.62052846,-0.101494364,0.999921441,0.00885904953,-0.636761785,-0.0878413692,0.999821067,0.0121585792,-0.637671411,-0.0769805089,0.999752283,0.00983704627,-0.637168348,-0.0811818913,0.999824286,-0.0144790206,-0.64943862,-0.0981304422,0.999913156,-0.013026326,-0.647247255,-0.110801496,0.999922276,-0.00897455588,-0.636805236,-0.0913385823,0.999951303,0.0764499083,-0.617132246,0.0122752627,0.999771833,-0.0711631104,-0.585996091,0.0191394836,0.999833465,0.0275986958,-0.60579443,-0.0544660501,0.999854684,-0.0132262437,-0.575330853,-0.0803490356,0.999886274,0.164126679,-0.444521874,0.0929414928,0.999949098,-0.132141799,-0.520803034,0.132471547,0.999976754,0.142467335,-0.321758717,-0.0194325335,0.920362711,-0.113644965,-0.274529874,0.0111989928,0.947506249,-0.00483662728,-0.368411154,-0.0887013376,0.929079413,0.0662527829,-0.279160231,-0.109234624,0.972917438,-0.0587767847,-0.391292781,-0.09322346,0.905186653,0.146080822,-0.288990259,-0.164452165,0.955062628,-0.0697773546,-0.411643416,-0.0812518895,0.900275767,0.17942135,-0.351764411,-0.149402186,0.954233766,-0.0117071671,-0.366291612,-0.0831055567,0.847498953,0.0893642381,-0.302862585,-0.109417982,0.925994754,0.0941773653,0.00197761,0.0301153492,0.999963224,-0.0922739282,-0.00536851818,-0.0282734446,0.999971,0.0845410824,0.418164581,-0.05523628,0.803366363,-0.0747134835,0.337849498,-0.0875158906,0.786691546,0.0743844584,0.774218798,0.0588864163,0.778921664,-0.072677508,0.730775893,0.0492304973,0.774739623,0.0513336286,0.808278322,0.074583225,0.410484165,-0.0699367151,0.763369381,0.0196979977,0.369932711,0.0688236505,0.812354088,0.0182369612,0.795175,-0.0939569548,0.759233952,-0.066176258,0.74928534
666.6666666666665,-0.00921415,-0.619057477,-0.100432858,0.999910414,0.00843435433,-0.635709882,-0.0873811468,0.999803603,0.0117292088,-0.636744559,-0.0765124634,0.999728,0.00939517189,-0.636263669,-0.080702886,0.999808133,-0.0148610473,-0.648086786,-0.0977207273,0.9999035,-0.0134526137,-0.645881951,-0.110462308,0.999912858,-0.00946932,-0.635353923,-0.0909174904,0.999945879,0.0763488337,-0.617460966,0.0129478313,0.999751,-0.0712828338,-0.58543396,0.0195497833,0.999818444,0.0276383,-0.605397582,-0.053133931,0.999820471,-0.0131846275,-0.574383438,-0.0790423155,0.99985683,0.163884625,-0.446299225,0.0946867839,0.999941528,-0.131400153,-0.520827889,0.132674038,0.999973357,0.132250816,-0.32194832,-0.0187070705,0.909746468,-0.11139293,-0.2763322,0.00875503756,0.945808411,-0.0129493624,-0.367938042,-0.0878663063,0.917960763,0.0677344427,-0.290808827,-0.106885828,0.972728729,-0.0660056919,-0.390998,-0.0926015228,0.891420066,0.147618443,-0.303756535,-0.160332501,0.954550743,-0.0752961785,-0.411266744,-0.0809811205,0.885087132,0.179447353,-0.36881879,-0.143716186,0.953016877,-0.0188771877,-0.365686804,-0.082412146,0.827949822,0.090149194,-0.316083103,-0.105859324,0.922955275,0.0942442343,0.00209000567,0.0300572943,0.999963224,-0.0923851579,-0.00552362902,-0.028227739,0.999971032,0.0835273415,0.418160707,-0.0548982099,0.794622302,-0.0747153834,0.338120699,-0.0873491317,0.781876504,0.0739228725,0.774066269,0.0604324751,0.768898726,-0.0724761859,0.730834782,0.0466091856,0.765121102,0.0510408394,0.808052778,0.0762332231,0.398569196,-0.0698938295,0.763447523,0.0167056266,0.357821882,0.0688614622,0.811559677,0.0191768687,0.78604418,-0.0942801908,0.758799434,-0.0673332661,0.739732504
683.3333333333331,-0.0091205826,-0.618996143,-0.10073705,0.999892771,0.00842048321,-0.635634124,-0.0876053274,0.999772549,0.0117006432,-0.636656582,-0.0767533332,0.999684632,0.00936850812,-0.636178553,-0.0809207112,0.999777913,-0.014905937,-0.648015141,-0.0980278105,0.999887466,-0.0135099273,-0.6458202,-0.110914297,0.999898,-0.0095453,-0.635257065,-0.0912462771,0.999937415,0.0763704404,-0.618521,0.0128234737,0.999710143,-0.0712491572,-0.585336685,0.0192019083,0.999795735,0.027914783,-0.605367184,-0.0533760712,0.99976,-0.0130366292,-0.574274242,-0.0793393403,0.999808371,0.16390425,-0.448280483,0.0935265943,0.999928534,-0.130607933,-0.521360874,0.129828587,0.999968946,0.125403643,-0.326773196,-0.020993948,0.893180966,-0.106255725,-0.280799299,0.00115419365,0.943849087,-0.0172171239,-0.369846284,-0.0891295895,0.898687303,0.0767792836,-0.304144442,-0.106612317,0.97255832,-0.0690748692,-0.391686231,-0.0972039849,0.869834602,0.156949922,-0.318778336,-0.160246387,0.954138339,-0.0779622495,-0.411254168,-0.0878412127,0.861962736,0.188499168,-0.385287166,-0.143847331,0.951992393,-0.0228063054,-0.366948187,-0.0851528,0.800352454,0.098871544,-0.330254495,-0.105829857,0.920182526,0.0944775641,0.00229350803,0.0300399531,0.999963164,-0.0927003697,-0.00579291908,-0.0282110684,0.999971151,0.0829371661,0.418352485,-0.054583665,0.783472657,-0.0745347217,0.338381916,-0.0872226954,0.7747913,0.0738673657,0.774087846,0.0600145645,0.760136366,-0.0723962709,0.730938852,0.044186905,0.7554425,0.0510662161,0.80807656,0.0754609853,0.388743967,-0.0699475184,0.763622522,0.0139077157,0.346012205,0.0692419559,0.811058104,0.0194116961,0.778981328,-0.0945234597,0.758514047,-0.0713524297,0.730817199
699.9999999999998,-0.00897516776,-0.618538201,-0.10138084,0.9998703,0.00836130511,-0.635359943,-0.0884834602,0.99973321,0.0116315661,-0.636440277,-0.0775883272,0.999628961,0.00929877721,-0.635950148,-0.081742,0.999739647,-0.0149549199,-0.647500098,-0.0991324559,0.999867737,-0.0135798994,-0.64532268,-0.112048306,0.999879777,-0.00962729193,-0.634687424,-0.0923235044,0.999927461,0.0761721209,-0.61929,0.0122127701,0.999657691,-0.0714523122,-0.585146427,0.017379079,0.999768734,0.0281347968,-0.605314434,-0.0538620465,0.999686182,-0.0128673641,-0.574057162,-0.0801281556,0.999750614,0.163495839,-0.450375736,0.0939142406,0.999913335,-0.130391285,-0.521590948,0.127742261,0.999964118,0.116473027,-0.329508692,-0.020989053,0.872476041,-0.102625795,-0.281993479,-0.00303418818,0.942394555,-0.0238894727,-0.372533023,-0.0900159702,0.876546264,0.0803561807,-0.312775165,-0.106060788,0.972523868,-0.0751821771,-0.39526087,-0.096309796,0.845890224,0.160132796,-0.330687076,-0.158977941,0.953841448,-0.0830019265,-0.414219528,-0.0863299146,0.836502492,0.1897448,-0.397746414,-0.142121181,0.951131,-0.0288577769,-0.369442254,-0.0857908875,0.770481169,0.101443231,-0.339847594,-0.104791939,0.917645454,0.0945846438,0.00242837565,0.0300339404,0.999962866,-0.0928620547,-0.00597160542,-0.0282143652,0.999971092,0.0819506645,0.418384045,-0.0539256595,0.771212399,-0.074369438,0.338810146,-0.0868978724,0.766002357,0.0735548735,0.773921192,0.0608579889,0.748169124,-0.0721918195,0.730991542,0.044954516,0.743494034,0.0508840345,0.807830155,0.0763800293,0.377238631,-0.069911778,0.763721704,0.0148199573,0.333999932,0.0693318918,0.810180902,0.0195978545,0.768550277,-0.0953512564,0.757546067,-0.070037961,0.719436646
716.6666666666664,-0.00895304512,-0.618457258,-0.100473344,0.999847651,0.00795147382,-0.635305107,-0.0880168527,0.999694526,0.0111854533,-0.636413038,-0.0770917088,0.999577522,0.00885229092,-0.635919273,-0.0811765566,0.999706566,-0.0152074564,-0.647402108,-0.0985706449,0.999846578,-0.0138461236,-0.645225942,-0.111494541,0.99985981,-0.00992712844,-0.634589,-0.0917750597,0.999916077,0.0751848072,-0.620194554,0.0116545055,0.999617219,-0.071672909,-0.585086405,0.0166762136,0.999736369,0.0281667765,-0.605483651,-0.0533460639,0.99963212,-0.0128356274,-0.573985636,-0.0797078535,0.999702,0.163156539,-0.450766772,0.0925470218,0.99990505,-0.130355492,-0.521911383,0.127095744,0.999958575,0.115683213,-0.326248676,-0.0212866105,0.864775062,-0.0950440243,-0.285162717,-0.00362664764,0.941031694,-0.0239371825,-0.371363044,-0.0906095803,0.867858887,0.0877321512,-0.324230701,-0.103215091,0.971981108,-0.0750759,-0.395765662,-0.0957750082,0.834681392,0.167418063,-0.343999565,-0.15446955,0.952550769,-0.0823233649,-0.415243626,-0.0852584913,0.824158192,0.194088,-0.410306036,-0.137502417,0.949172258,-0.0286303703,-0.36889115,-0.0861480758,0.754825652,0.10783162,-0.35154745,-0.101552874,0.913773119,0.0946953,0.00248127547,0.0298706777,0.999962687,-0.0930070281,-0.00605334714,-0.0280871578,0.999970853,0.0816954151,0.418427765,-0.053476844,0.762862682,-0.0743493065,0.339802593,-0.0866664276,0.760015,0.0732682049,0.773960412,0.0611121021,0.737552524,-0.0720282942,0.731852531,0.0462353043,0.731864452,0.0506778359,0.8078475,0.0767109767,0.365255296,-0.0698179454,0.764816403,0.0163336508,0.32194674,0.0692928806,0.810164511,0.0223450437,0.758174956,-0.0958585665,0.757633448,-0.0688473508,0.707836628
733.333333333333,-0.00853242353,-0.618350208,-0.0949279591,0.999829412,0.00794074778,-0.635197163,-0.0826557353,0.999663472,0.0111681167,-0.636361778,-0.0717722923,0.999535501,0.0088369064,-0.635863662,-0.0758595,0.999680161,-0.0151756797,-0.64713788,-0.0934502631,0.999829948,-0.0138175599,-0.644963682,-0.106350221,0.999844,-0.00990753062,-0.63428247,-0.0866696239,0.999907434,0.0745086893,-0.620411098,0.0159263778,0.999583423,-0.0716665611,-0.58450979,0.0196256824,0.999711514,0.0284952186,-0.60545516,-0.0481715538,0.999589741,-0.0123476582,-0.573871195,-0.0749414191,0.999664247,0.162780702,-0.450666487,0.0951996371,0.999898851,-0.130109757,-0.522066712,0.128606468,0.999954939,0.115801565,-0.324751884,-0.0183519553,0.854707897,-0.093162626,-0.288578331,-0.00330362911,0.939884722,-0.021524217,-0.367905766,-0.0855743363,0.857272387,0.0911286399,-0.330990165,-0.0984500721,0.971658051,-0.0723437145,-0.392677695,-0.0887989402,0.821720362,0.171295345,-0.351476312,-0.148480296,0.951590598,-0.0797299221,-0.412429094,-0.0775920227,0.809992373,0.197489068,-0.417397678,-0.131558552,0.947594643,-0.026153259,-0.365727067,-0.0806446522,0.73721242,0.111071691,-0.358348399,-0.0965767577,0.91050446,0.0947249,0.0025466464,0.0298034586,0.999962628,-0.0930524096,-0.00614948291,-0.0280370712,0.999970794,0.0813026056,0.418557078,-0.0533296578,0.753875315,-0.07429903,0.340891093,-0.0874735191,0.753363848,0.0728723183,0.774528384,0.0616238452,0.727343,-0.0719341561,0.732985198,0.045162864,0.720336497,0.0503539629,0.80839932,0.0772817284,0.354313254,-0.0698076561,0.766200542,0.0152715575,0.310835809,0.0692466572,0.810328186,0.0227602143,0.748268545,-0.0967504233,0.757783473,-0.0693558156,0.69662416
749.9999999999997,-0.00839798246,-0.618059158,-0.0919043049,0.999817669,0.00786036067,-0.63491118,-0.0799620524,0.99964577,0.0110789165,-0.636161268,-0.0690901503,0.999512315,0.00875865202,-0.635662556,-0.0731516927,0.999666929,-0.0151738767,-0.646711469,-0.0907273665,0.99981916,-0.0138173187,-0.644535959,-0.103629701,0.999833286,-0.00991369877,-0.633823156,-0.083969079,0.999901295,0.0738421157,-0.620570064,0.017954899,0.999567926,-0.0716737509,-0.584282041,0.0216352548,0.999693751,0.0285768621,-0.60542655,-0.0452995151,0.999561846,-0.01216402,-0.573702693,-0.0720826909,0.9996351,0.162323087,-0.450769842,0.0962125212,0.999895751,-0.129811555,-0.52256912,0.130156398,0.999951,0.117068224,-0.323530287,-0.0171659496,0.850196,-0.08673089,-0.29269591,-0.00280466303,0.939285636,-0.0218001157,-0.364834607,-0.0839037299,0.852669299,0.0971711203,-0.342790633,-0.0915783271,0.971668959,-0.0728195384,-0.388397366,-0.0865928903,0.815275788,0.177197531,-0.365557134,-0.141050279,0.951285064,-0.0802103132,-0.408588201,-0.0754225776,0.802805901,0.201409429,-0.432314694,-0.124831751,0.946845055,-0.0265202988,-0.362591207,-0.0788677931,0.727587342,0.116144389,-0.371022612,-0.0899677724,0.90868032,0.0947491676,0.00259932829,0.029546516,0.999962568,-0.093083024,-0.00623472547,-0.027818311,0.999970555,0.0806868896,0.418987095,-0.053210631,0.747109,-0.0742945448,0.341717124,-0.0884054825,0.748230278,0.0721164718,0.775721908,0.0597116202,0.719741106,-0.071940057,0.734441042,0.0429704413,0.71011728,0.0496334955,0.809676647,0.0751507282,0.345566183,-0.0698543862,0.767958164,0.0129526872,0.301213324,0.0685566515,0.811264455,0.021366721,0.74110043,-0.097449854,0.758849442,-0.0712522045,0.687286
766.6666666666663,-0.00821638852,-0.618031085,-0.0901426226,0.999803782,0.00785210356,-0.634875715,-0.0779867321,0.999623179,0.0110608358,-0.636156559,-0.067118,0.999481738,0.00874205586,-0.63565582,-0.07116,0.999647856,-0.0151520493,-0.646638215,-0.0889068618,0.999806702,-0.0137977386,-0.644465685,-0.101845808,0.999821186,-0.00989954546,-0.63373816,-0.0821503475,0.999894619,0.0733692199,-0.620813131,0.0197167024,0.999544919,-0.0716939,-0.58420825,0.022819031,0.999676466,0.0286303237,-0.605533421,-0.0436734892,0.999523818,-0.0120507898,-0.573692858,-0.0706100613,0.999601305,0.161328614,-0.450709343,0.0960719287,0.999888778,-0.129809096,-0.523376942,0.130226284,0.999947071,0.114606313,-0.322196603,-0.0174234528,0.84255445,-0.0873041525,-0.298983961,-0.00301765581,0.939435,-0.0216451623,-0.364379495,-0.0842874497,0.8432495,0.0984337404,-0.354631454,-0.0903038532,0.972098827,-0.0719331,-0.388691962,-0.0866627619,0.803430676,0.178828761,-0.378698736,-0.139536306,0.951557636,-0.0791508108,-0.408158451,-0.0753896385,0.789845109,0.203487292,-0.445286691,-0.123412661,0.946771741,-0.0260509923,-0.362100631,-0.0792613402,0.712150753,0.117563315,-0.382970184,-0.088732,0.908072,0.0947723612,0.00265579182,0.0292496048,0.999962091,-0.0931167901,-0.00633265032,-0.0275618397,0.999970198,0.0802724063,0.419006079,-0.053628996,0.738575041,-0.0744580925,0.342415899,-0.0889952257,0.740948915,0.0716913715,0.775977194,0.0565421917,0.709769249,-0.0719692335,0.735006154,0.0420242585,0.696934342,0.0492260233,0.80996567,0.0718768463,0.335896045,-0.0699020624,0.768585443,0.012021766,0.290828556,0.0680398569,0.811958075,0.019206455,0.731380343,-0.0983808115,0.759623885,-0.0715332478,0.674771786
783.3333333333329,-0.00789675303,-0.61797756,-0.0846582279,0.999788582,0.00784995779,-0.634805143,-0.0723406449,0.999597967,0.0110525228,-0.63612,-0.0615155399,0.999447525,0.00873600319,-0.635623932,-0.0654829741,0.999627292,-0.0150517132,-0.646586955,-0.0839649364,0.999793649,-0.0137019129,-0.644424379,-0.0968591422,0.999808729,-0.00981769897,-0.633687377,-0.0772253573,0.999887824,0.0712702945,-0.62077409,0.0252860449,0.99952203,-0.0721188188,-0.58415848,0.0250466783,0.999658227,0.0286459066,-0.605515182,-0.0383080877,0.999491572,-0.0120181944,-0.573640943,-0.0662602,0.999572277,0.157647505,-0.450081676,0.0979635566,0.999884486,-0.130949944,-0.523760796,0.132312685,0.999943316,0.114564218,-0.31755507,-0.0164642707,0.834203541,-0.0855272934,-0.300573617,-0.00218920759,0.937938154,-0.0206552427,-0.363542676,-0.0836051255,0.832866549,0.0980491638,-0.359894454,-0.085370332,0.972074747,-0.07061515,-0.386760205,-0.0856129304,0.790753782,0.177526921,-0.386322021,-0.133744627,0.951220632,-0.0781882629,-0.406498313,-0.0741196,0.776057303,0.200895354,-0.452803493,-0.117965169,0.946036398,-0.0250963029,-0.361000448,-0.0785828605,0.695738435,0.116303034,-0.388693124,-0.0838744566,0.906304896,0.0947903171,0.00267923134,0.0288761836,0.999961615,-0.093143113,-0.00635838276,-0.0272002872,0.999969721,0.0802061632,0.41909948,-0.0550609268,0.728536963,-0.0744740888,0.343226165,-0.0898764729,0.728549838,0.0711626261,0.776354313,0.0525233373,0.696478,-0.0719700903,0.735289812,0.0414852574,0.678235352,0.0486668311,0.810413,0.0678884611,0.324794978,-0.0699397102,0.768881857,0.0115736555,0.278227419,0.0670642257,0.812750578,0.0157413725,0.71846348,-0.0986474,0.759987712,-0.0718051344,0.656889617
799.9999999999995,-0.00781457,-0.617228568,-0.083389163,0.999776304,0.00781087065,-0.633836448,-0.071070686,0.999576628,0.0110025015,-0.635289133,-0.0602731407,0.999418199,0.00868821703,-0.634762108,-0.06417685,0.999609113,-0.01504004,-0.645703,-0.0828016102,0.999783099,-0.0136932964,-0.643572211,-0.0956339762,0.999799132,-0.00981045887,-0.63281554,-0.0760468617,0.999882579,0.070049189,-0.620160818,0.0269440394,0.99950248,-0.0725910291,-0.583820462,0.0258476324,0.999643743,0.0285885353,-0.604944766,-0.0369072109,0.99946636,-0.0119981412,-0.573131263,-0.0651001781,0.999550164,0.155682757,-0.448967069,0.0990934893,0.999880254,-0.131897911,-0.524178565,0.13452363,0.999940515,0.115971774,-0.311199427,-0.0147197265,0.827776313,-0.0850962251,-0.30278641,6.03437911e-005,0.937135398,-0.0196231,-0.36011073,-0.0803093091,0.823138297,0.0959085226,-0.362327099,-0.0828376263,0.972531199,-0.0697738454,-0.385782629,-0.0817300752,0.778516829,0.17471385,-0.389405429,-0.131667078,0.951770604,-0.077823475,-0.405519664,-0.069987528,0.762688279,0.198021904,-0.455537736,-0.116400443,0.946370423,-0.0243269522,-0.358377874,-0.0751175359,0.679749668,0.113981009,-0.390960544,-0.0816658884,0.90637219,0.0948040783,0.00269957189,0.0284830965,0.99996078,-0.0931649059,-0.0064025647,-0.0268154144,0.999969065,0.0800270811,0.419162512,-0.0559357554,0.72106123,-0.0753372461,0.343259186,-0.090260677,0.718869507,0.0696997121,0.776460052,0.0488479175,0.686326683,-0.0720995292,0.735282898,0.0400360525,0.662867904,0.0469908454,0.810537338,0.063994363,0.316431552,-0.0700910687,0.768869,0.0099803023,0.268086374,0.0649921894,0.812785566,0.0110500045,0.708229184,-0.0990721881,0.759921253,-0.0738303512,0.642053306
816.6666666666662,-0.00772787398,-0.616481364,-0.0802832246,0.999762595,0.00776621792,-0.632942259,-0.0680106059,0.999552906,0.0109503558,-0.634498119,-0.0572196916,0.999385238,0.00864282809,-0.633960843,-0.0611326844,0.999588966,-0.0150283799,-0.644804418,-0.0796117112,0.999771357,-0.0136832306,-0.642687678,-0.0923745856,0.999788225,-0.0098037729,-0.631926537,-0.0728404075,0.999876738,0.0693751201,-0.619611323,0.0297235306,0.999480128,-0.0727389604,-0.583252788,0.028944388,0.999626875,0.0285783112,-0.604403436,-0.0338800214,0.999437928,-0.0119687207,-0.572527528,-0.0619671531,0.999525,0.154661611,-0.447946548,0.100362487,0.999876,-0.132120311,-0.524323642,0.139009655,0.999937832,0.116920553,-0.30687207,-0.0136026,0.821133912,-0.0856434554,-0.304228544,0.0048264619,0.935975611,-0.0190686323,-0.353641093,-0.0767616928,0.811979055,0.0934864134,-0.361758441,-0.0787488669,0.972760797,-0.0691588074,-0.380505025,-0.0776086375,0.764404953,0.171914458,-0.388745755,-0.127844915,0.951909244,-0.0772571787,-0.399451107,-0.0653594956,0.747336507,0.195637137,-0.454111308,-0.112802342,0.946252286,-0.023812538,-0.352059186,-0.0712986887,0.66193527,0.111669697,-0.390004665,-0.0778842121,0.905727506,0.0947977677,0.00273188436,0.0278058872,0.999959886,-0.0931673944,-0.00647212658,-0.0261461288,0.999968469,0.0800141245,0.419408679,-0.0582017414,0.712655,-0.0769064128,0.343265086,-0.0910314843,0.708648145,0.0685835257,0.77692467,0.0419444218,0.675599813,-0.072117269,0.73541069,0.0345385708,0.647547126,0.0457560904,0.811018348,0.0566108041,0.30793041,-0.0701074079,0.769025385,0.00378638622,0.258280963,0.0638099611,0.812808692,0.00194385834,0.697504759,-0.0991398394,0.75996232,-0.0818191841,0.627459168
833.3333333333328,-0.00764033804,-0.61565572,-0.0767312348,0.999748826,0.00775971077,-0.63193953,-0.0644504875,0.999528348,0.0109356847,-0.633587837,-0.0536727346,0.999352753,0.00863429531,-0.633043289,-0.0576184466,0.99956876,-0.014980915,-0.643904746,-0.0759010464,0.999758661,-0.0136424508,-0.641803265,-0.0886739194,0.999776721,-0.00976619,-0.631025255,-0.0691724643,0.999870181,0.0690475181,-0.618884504,0.0328339152,0.999458909,-0.0727531165,-0.582763135,0.032322064,0.999609172,0.0285730362,-0.603764772,-0.0305679794,0.999407887,-0.0119428672,-0.571912408,-0.0585215352,0.999497831,0.154129818,-0.447297096,0.101935022,0.999873102,-0.132424355,-0.524439812,0.141264021,0.999935508,0.117469236,-0.305769652,-0.0121006239,0.814002037,-0.0855623558,-0.305403322,0.00696367724,0.934663415,-0.0190176088,-0.348201692,-0.0732346252,0.801347852,0.0937204137,-0.36141932,-0.0774151906,0.972921133,-0.0690227449,-0.373346388,-0.0738094077,0.751745105,0.17217195,-0.387460351,-0.127033189,0.95210588,-0.0772275478,-0.392072529,-0.0617041811,0.733784437,0.195942059,-0.453177124,-0.112332843,0.946255922,-0.0238155425,-0.346357793,-0.0677261129,0.646432877,0.111892626,-0.389611185,-0.0768105611,0.905346513,0.0948209092,0.00275690435,0.0274774265,0.99995935,-0.0931960642,-0.00652340194,-0.0258170012,0.999968,0.0798477754,0.419692129,-0.0588256381,0.704277873,-0.0777282417,0.343286365,-0.0912870094,0.698516,0.0682338923,0.77714771,0.03838972,0.667325616,-0.0721781626,0.735429585,0.0332721174,0.633595705,0.0454277433,0.811266363,0.0526050329,0.300959259,-0.0701335371,0.769042194,0.00235636672,0.24918963,0.0632584319,0.812831163,-0.0035742207,0.689612,-0.0991884768,0.76,-0.0839163736,0.614578962
849.9999999999994,-0.00761508802,-0.615534186,-0.0720569417,0.999730647,0.00771097699,-0.631692231,-0.059143059,0.999492764,0.0108613903,-0.633382618,-0.0484564491,0.999302447,0.00857116096,-0.632826388,-0.0524275266,0.999535918,-0.0149778891,-0.643697917,-0.0708566159,0.999742746,-0.0136430552,-0.641627908,-0.0836560503,0.999762893,-0.00976544,-0.630838633,-0.0641865879,0.99986285,0.0681983456,-0.618275106,0.038375,0.999418557,-0.0730918795,-0.582380652,0.0363892727,0.999589801,0.0284490287,-0.603605151,-0.0260923412,0.999367,-0.0119737042,-0.57177937,-0.054412026,0.999467254,0.153311267,-0.445555776,0.106091596,0.999866664,-0.133717984,-0.524527192,0.142324418,0.999934137,0.117838636,-0.303026974,-0.00868490338,0.798806787,-0.0864645913,-0.30715847,0.00702404184,0.933430374,-0.0187294353,-0.341913372,-0.0706174299,0.780974209,0.0935890675,-0.362323731,-0.0779006928,0.973229349,-0.0681591481,-0.365862399,-0.0714458078,0.730282485,0.172179371,-0.387866169,-0.127534121,0.952529252,-0.0763366893,-0.38465789,-0.0597050749,0.711413682,0.19683665,-0.453448653,-0.113281325,0.94652611,-0.0234517865,-0.339870512,-0.0652948245,0.62262851,0.112042889,-0.390162855,-0.0775031894,0.905263662,0.0948668,0.00279321219,0.0274378024,0.999959,-0.0932568908,-0.00658900943,-0.0257644281,0.999967933,0.0795210451,0.419846624,-0.058741346,0.694067955,-0.0780509,0.343423337,-0.0914060697,0.68698442,0.0679199323,0.777178466,0.0388200134,0.659135759,-0.072482,0.735206783,0.0333961397,0.619875848,0.0451692902,0.811319888,0.0530825332,0.294986546,-0.0704754815,0.768767059,0.00255995267,0.240352079,0.0631702542,0.812756121,-0.00357331149,0.682219684,-0.0995112434,0.75974834,-0.0844287,0.602020919
866.6666666666661,-0.00782054663,-0.61530745,-0.0666775405,0.999725401,0.007275749,-0.631348848,-0.0532748252,0.999482274,0.01036881,-0.633086741,-0.0426253527,0.999286115,0.00811959058,-0.632532299,-0.0467162244,0.999525785,-0.0152979512,-0.643430531,-0.0649487674,0.999738336,-0.0139688207,-0.641386569,-0.0778112113,0.999758899,-0.0101008425,-0.630615,-0.0583457053,0.999860704,0.0672179,-0.617559195,0.0444766544,0.999405444,-0.0737100542,-0.582061648,0.042630922,0.9995839,0.0278109554,-0.603357255,-0.0208626818,0.999350071,-0.0124843623,-0.571577728,-0.0491181649,0.999454558,0.151798502,-0.444607645,0.111215465,0.99986279,-0.134742126,-0.524574459,0.144837737,0.999933243,0.118051402,-0.302360684,-0.00554891583,0.786638439,-0.0866525471,-0.30959633,0.00701038633,0.932840824,-0.0184291378,-0.336210847,-0.0686168745,0.765389204,0.0928570926,-0.362906754,-0.079066284,0.973580182,-0.0680217072,-0.357830673,-0.0699601844,0.713866651,0.171522856,-0.38747558,-0.12977019,0.953001916,-0.0760891587,-0.375967711,-0.0585859157,0.694336593,0.197148934,-0.452624112,-0.114808351,0.946887672,-0.0231576487,-0.333470225,-0.0635140911,0.603944182,0.111608513,-0.390227169,-0.0784560442,0.905377269,0.0948792771,0.00281257508,0.027364511,0.999958575,-0.0932753682,-0.00661861571,-0.0256675463,0.999967754,0.0792007,0.419917554,-0.0594314,0.683085382,-0.0784550309,0.343503654,-0.0923878178,0.674628675,0.0676933601,0.777190149,0.032984294,0.650136,-0.0725196674,0.734773517,0.0300825499,0.604862928,0.0449700579,0.811338663,0.0465596877,0.289028525,-0.0705015138,0.768233597,-0.00109492277,0.231813267,0.063151665,0.812227368,-0.0122207208,0.674238503,-0.0995645523,0.758998096,-0.0893187,0.588671565
883.3333333333327,-0.00793213677,-0.614967287,-0.059956532,0.999724746,0.00702097639,-0.630860269,-0.0459075943,0.999480724,0.0100743026,-0.63264966,-0.0352992,0.999281704,0.00786184799,-0.632098675,-0.0395116098,0.99952364,-0.0154984929,-0.643062174,-0.0576806,0.999738395,-0.0141745061,-0.641026556,-0.070573166,0.999758899,-0.0103249047,-0.630290508,-0.0511653647,0.999860704,0.0666084066,-0.616500735,0.052830413,0.999401927,-0.0743420869,-0.581602812,0.0503654815,0.99958384,0.0273587722,-0.602972865,-0.0140007259,0.999342084,-0.0129320268,-0.571257234,-0.0424135625,0.999448657,0.150431156,-0.44354704,0.119502567,0.999859333,-0.135470718,-0.524575949,0.148535386,0.99993217,0.118271992,-0.302085817,0.00149596715,0.774638653,-0.0872769058,-0.31185621,0.00749111129,0.931926668,-0.0177868102,-0.332193077,-0.0630397797,0.750195146,0.0931302384,-0.362884909,-0.0794252828,0.973588586,-0.0671551079,-0.352223396,-0.0649887696,0.698429286,0.171858698,-0.386585444,-0.130149,0.952936232,-0.0759733915,-0.370068938,-0.054060623,0.678365707,0.198087782,-0.451182753,-0.11544285,0.946635544,-0.0228512604,-0.329100698,-0.0582220852,0.586708128,0.112035669,-0.389721215,-0.0789216831,0.904555142,0.0948873237,0.00282504875,0.0273458622,0.999958456,-0.0932905748,-0.00664711697,-0.0256443303,0.999967694,0.0791787654,0.419887722,-0.060783647,0.67533648,-0.078861624,0.343615592,-0.0940974951,0.665312648,0.0675791726,0.776704669,0.0256526768,0.643894732,-0.0725455657,0.73377955,0.0260599758,0.592271686,0.0448423848,0.810955703,0.0385622308,0.285170555,-0.070530735,0.767039716,-0.00545831444,0.224534228,0.0631616935,0.810315073,-0.0221392754,0.668382823,-0.099467814,0.757419646,-0.0948907733,0.577016592
899.9999999999993,-0.00792357698,-0.614748538,-0.0541112386,0.999726355,0.00696373871,-0.630520225,-0.039718587,0.999483407,0.00999766495,-0.63234055,-0.0291468762,0.999284208,0.00780819077,-0.631794214,-0.0334061,0.999525785,-0.015525,-0.642772079,-0.0515425503,0.999740362,-0.0142030595,-0.640740812,-0.0644507483,0.999760747,-0.0103589995,-0.630041301,-0.0450785868,0.999861658,0.0663144737,-0.615731835,0.0591910258,0.999404073,-0.0745720118,-0.581131041,0.0565572195,0.999586105,0.0272220988,-0.602725089,-0.00817586761,0.999338686,-0.013050436,-0.571014166,-0.0366516449,0.999445617,0.149552718,-0.443129331,0.124905646,0.999857426,-0.13580282,-0.52451539,0.15249756,0.999931097,0.118430935,-0.302275032,0.00593989762,0.764238179,-0.087395139,-0.312267721,0.00961210392,0.930160522,-0.017555112,-0.329910457,-0.0594279729,0.73601371,0.0938889,-0.361489236,-0.0787492767,0.973104954,-0.0669707581,-0.34854126,-0.0618872866,0.684271276,0.172570676,-0.384669095,-0.130069643,0.952201,-0.075844489,-0.366298944,-0.0513144694,0.663844943,0.198963687,-0.449207485,-0.115509927,0.945645869,-0.022603225,-0.326539755,-0.0548415035,0.571133673,0.112814307,-0.388182461,-0.0783612356,0.902592063,0.0948958918,0.00283152354,0.0273252856,0.999958575,-0.0933050662,-0.00667117164,-0.0256243907,0.999967754,0.0791102797,0.419897079,-0.0619078092,0.67021668,-0.078971982,0.343726099,-0.0953651294,0.657963037,0.0676197484,0.77631557,0.0200292822,0.639618754,-0.0724779,0.733240366,0.0219596047,0.581743419,0.0449124053,0.810654163,0.0323862359,0.282829881,-0.0704073459,0.766399801,-0.00999827,0.218496889,0.063342765,0.808112621,-0.0299931355,0.664499283,-0.0989336,0.755796611,-0.100946493,0.567456901
916.666666666666,-0.00791180693,-0.614238083,-0.049346786,0.999729216,0.0069290516,-0.629877329,-0.034542717,0.999488771,0.00994091202,-0.631713033,-0.0240325909,0.999291062,0.00777476,-0.631191134,-0.028337637,0.999530613,-0.0155415945,-0.642059,-0.0462945551,0.999743164,-0.0142191229,-0.640053809,-0.0592720509,0.99976325,-0.0103771295,-0.629394889,-0.0398900881,0.99986279,0.0661746264,-0.614723682,0.0642049834,0.99941045,-0.0746380165,-0.579903245,0.062087629,0.999589682,0.0271684,-0.602169812,-0.00358803431,0.999340057,-0.0130862193,-0.570381463,-0.0318897329,0.999445081,0.149474546,-0.442576,0.1284931,0.999857128,-0.1358217,-0.524030685,0.155327991,0.999930203,0.120533548,-0.3026025,0.00596412411,0.755849,-0.0868552774,-0.312629104,0.0102043683,0.928157032,-0.0168362577,-0.326368958,-0.0605625361,0.724691451,0.0952208266,-0.360168606,-0.0789544061,0.97257334,-0.066430971,-0.343143106,-0.0631824434,0.672672808,0.173632115,-0.382874519,-0.130276486,0.951367259,-0.0756992772,-0.360444188,-0.052583307,0.651896417,0.200621173,-0.447288215,-0.11582,0.944549263,-0.022421388,-0.322369248,-0.0559696928,0.558004141,0.11421933,-0.386649162,-0.0786189064,0.900427341,0.0949060321,0.00284232735,0.0272837617,0.999959111,-0.0933212265,-0.00669307029,-0.0255643912,0.999968052,0.0790752545,0.419984639,-0.0627716184,0.666576207,-0.078986831,0.343914032,-0.0964632,0.652636886,0.0679095387,0.776273549,0.0174354799,0.638382077,-0.0723851919,0.733240187,0.0186838,0.575444698,0.0452862084,0.810644627,0.0295534581,0.282072753,-0.0702812299,0.766397715,-0.0135549698,0.214556605,0.0635593,0.807573,-0.0344744027,0.663937688,-0.0989019498,0.755655646,-0.106272884,0.562705815
933.3333333333326,-0.00807145,-0.614169955,-0.0466754884,0.999729,0.00660781329,-0.62975949,-0.0319874547,0.999489188,0.00958545413,-0.631602526,-0.0215096157,0.999293149,0.0074701393,-0.631084204,-0.0258039311,0.99953258,-0.0157407,-0.641901672,-0.0433499478,0.999742448,-0.0144124022,-0.639904499,-0.0563519709,0.999762595,-0.0105697298,-0.629261374,-0.036969766,0.999861956,0.0660240501,-0.614480913,0.0655562,0.999413669,-0.0746414438,-0.57951659,0.0652024895,0.999586225,0.0269877948,-0.602103353,-0.0013245024,0.99933672,-0.0131879877,-0.570270896,-0.0291566513,0.999437392,0.149506211,-0.442536056,0.129880339,0.999858,-0.135662019,-0.523799837,0.157357112,0.999928713,0.121895991,-0.302858859,0.00625736732,0.749963701,-0.0845866129,-0.312227815,0.0136756143,0.924649119,-0.0166256689,-0.324463278,-0.0613709241,0.717161536,0.0956879407,-0.359115183,-0.0760662109,0.971130729,-0.0662965551,-0.34048,-0.0640692338,0.665562093,0.173709303,-0.381677538,-0.127987236,0.949322939,-0.0764505342,-0.358556628,-0.0534510575,0.644702435,0.200399369,-0.445994794,-0.114081368,0.942126,-0.0224061869,-0.320629895,-0.0567827895,0.549634,0.114446416,-0.385576963,-0.0760386,0.896284699,0.0949283764,0.00286448,0.02726564,0.999959826,-0.0933490321,-0.00672562653,-0.0255362932,0.99996835,0.079070352,0.420260847,-0.0636072233,0.664358377,-0.0789541453,0.344260752,-0.0971093923,0.649686754,0.0681949779,0.776172638,0.0167779308,0.636820555,-0.0721633732,0.733268,0.0178852677,0.570183635,0.0456940085,0.810576499,0.0289990567,0.281180054,-0.0699897334,0.766431034,-0.0142801143,0.211139,0.0639992803,0.807298422,-0.03423905,0.662873864,-0.0986386836,0.75568682,-0.106345542,0.558303773
949.9999999999992,-0.00845832564,-0.614166379,-0.0491902195,0.999728203,0.0062414459,-0.62976,-0.0347847901,0.999488652,0.00918496586,-0.6315974,-0.0242648218,0.999293864,0.00709116505,-0.63108331,-0.0285247471,0.999533057,-0.0160187818,-0.641895711,-0.0461083725,0.999741316,-0.0146857938,-0.639898419,-0.0590808392,0.999761641,-0.0108345188,-0.629247069,-0.0396820121,0.999861062,0.0660261139,-0.61450541,0.063165009,0.999415755,-0.0744832,-0.579509318,0.0627091825,0.9995839,0.0267392248,-0.602125049,-0.00371377682,0.999331295,-0.0133308768,-0.570268095,-0.0314851366,0.999429345,0.149849191,-0.44265312,0.128922358,0.999857962,-0.135174841,-0.52396673,0.156627059,0.99992764,0.121964157,-0.303430319,0.00576359872,0.747096479,-0.0844804421,-0.312327385,0.0138249313,0.92260015,-0.0170493536,-0.324365854,-0.0619580112,0.710991323,0.0956269354,-0.358224273,-0.0760493428,0.970089912,-0.0670694113,-0.340303361,-0.0647394583,0.659139693,0.17361407,-0.380623728,-0.128009215,0.947779715,-0.0776595548,-0.358477175,-0.054113552,0.638073087,0.200292602,-0.444992036,-0.114161208,0.940258741,-0.023051003,-0.320546567,-0.0573710948,0.542241037,0.114426024,-0.384676069,-0.0760707,0.89323014,0.0949392617,0.00289249583,0.0271291193,0.999960363,-0.0933641717,-0.00676113227,-0.0253864229,0.999968648,0.0790659413,0.420548171,-0.0637048259,0.663808227,-0.0789575353,0.344355077,-0.0970652848,0.648499608,0.0686808,0.776147187,0.0180702265,0.637537062,-0.072131522,0.733300388,0.0185356364,0.567391396,0.046322044,0.810552657,0.0305314884,0.281389982,-0.0699467137,0.766468287,-0.0134854959,0.2089459,0.0640911758,0.807201326,-0.0318364538,0.663992465,-0.0986513048,0.755870163,-0.105312362,0.556588054
966.6666666666658,-0.00852632243,-0.614143193,-0.050003469,0.999724686,0.00609615957,-0.629741251,-0.0361008309,0.999482632,0.00901373569,-0.631577,-0.0255734399,0.999289155,0.00694763288,-0.63106215,-0.029822018,0.999530375,-0.0160626229,-0.641855896,-0.0471811667,0.999736,-0.0147251589,-0.639867485,-0.0601677708,0.999756932,-0.0108675268,-0.629207909,-0.0407668091,0.999857485,0.0659663677,-0.614649475,0.0613558814,0.999415517,-0.0739007741,-0.57948494,0.0613254309,0.999573708,0.0267034844,-0.602129042,-0.00483575137,0.99932462,-0.0133000622,-0.570239663,-0.0323096775,0.999416411,0.150202319,-0.443610609,0.127960071,0.999860704,-0.134494126,-0.524287701,0.156101599,0.999926448,0.122038342,-0.303879738,0.00503182737,0.745858729,-0.0843451098,-0.312215865,0.0141758984,0.919909,-0.0178825036,-0.318718135,-0.0645806044,0.709407866,0.0954070762,-0.357980818,-0.0762187317,0.968646348,-0.0682493076,-0.331374586,-0.0681132302,0.658575892,0.173391208,-0.37916252,-0.128132254,0.945979655,-0.0798237845,-0.350343645,-0.0583182462,0.637865365,0.200070873,-0.444101,-0.11466866,0.938201308,-0.0243092421,-0.314589322,-0.060250584,0.541021287,0.114232279,-0.38439849,-0.0761954933,0.889811039,0.0949788764,0.00290792342,0.0270955302,0.99996078,-0.0934101492,-0.00678097457,-0.0253385883,0.999968648,0.0790831745,0.421130806,-0.063617073,0.662543178,-0.0790459588,0.34443751,-0.0970135704,0.647307575,0.0691736788,0.776156962,0.0190125685,0.638603508,-0.0722485855,0.733389497,0.0188854579,0.565102279,0.0469360501,0.810565948,0.0316505767,0.281637549,-0.0700395331,0.766586483,-0.0130373221,0.206956878,0.0641630441,0.80715251,-0.0301810894,0.665495574,-0.098713,0.756222725,-0.104871884,0.555248559
983.3333333333325,-0.00870715268,-0.614176452,-0.0507923216,0.999725044,0.00587176066,-0.629799724,-0.0371276774,0.999484122,0.00877116434,-0.631629765,-0.0265813377,0.999294,0.00672725914,-0.631128252,-0.0308279581,0.999533713,-0.0161923151,-0.641887248,-0.0480776057,0.999735117,-0.0148510356,-0.639901578,-0.0610554144,0.999756038,-0.0109888725,-0.629230142,-0.0416540951,0.999856234,0.0659257323,-0.614913583,0.0601986907,0.999421418,-0.073655583,-0.579535186,0.0604054332,0.999569952,0.0265957154,-0.60226208,-0.00574651221,0.999323606,-0.0133146979,-0.570296526,-0.033036191,0.999409854,0.150302872,-0.444383502,0.127341583,0.999863207,-0.134008497,-0.524501324,0.155891672,0.999925494,0.121907905,-0.304612309,0.00363682071,0.74592483,-0.0843994617,-0.312051773,0.0150508927,0.917644799,-0.018911384,-0.317069709,-0.0654266551,0.70830667,0.0952480137,-0.357213706,-0.0758253932,0.967415571,-0.0692900866,-0.328931391,-0.068993181,0.657995641,0.173242688,-0.377224177,-0.127921849,0.944412112,-0.0811486766,-0.347634286,-0.0594352484,0.637510836,0.199928969,-0.442446917,-0.114684828,0.936386108,-0.0254568104,-0.312715262,-0.0611370876,0.540043294,0.114091881,-0.383588701,-0.0760287344,0.886966825,0.0950025,0.0029201603,0.0268468447,0.999961257,-0.0934357569,-0.00680113258,-0.0250656791,0.999968767,0.0790502205,0.421474367,-0.0636312738,0.662579715,-0.0794291347,0.344457597,-0.0969718695,0.646782,0.0692741573,0.776158214,0.0194176976,0.640151262,-0.0724700317,0.73351723,0.0193749666,0.563925564,0.0470849089,0.81056881,0.0320592448,0.282046974,-0.0702267438,0.766757846,-0.0124679673,0.205935508,0.0641183406,0.807155669,-0.0294084288,0.667225957,-0.0993573815,0.756689906,-0.104166597,0.554856896
999.9999999999991,-0.0101622166,-0.614237,-0.0511830822,0.99972266,0.00468662567,-0.629866242,-0.0379914753,0.99948287,0.00753693655,-0.631697059,-0.0274282452,0.999293208,0.00552465953,-0.631204545,-0.0316994414,0.999535143,-0.0172196403,-0.641948,-0.0483665057,0.999732792,-0.0158655774,-0.63996,-0.0613487512,0.999753177,-0.0120268054,-0.629270315,-0.0419172421,0.999854326,0.0658907294,-0.614909649,0.0568122938,0.999424756,-0.0734514073,-0.579443872,0.0598035045,0.999563,0.025758652,-0.6022982,-0.00688519701,0.999324739,-0.0138962045,-0.570301,-0.0332101583,0.999405682,0.150730193,-0.444174379,0.122728847,0.999865174,-0.133334398,-0.524132967,0.155627608,0.99992466,0.121946879,-0.304261744,0.000628180685,0.745919049,-0.0842784494,-0.311753124,0.0150066838,0.915599287,-0.0189907309,-0.31364736,-0.0662467554,0.706489921,0.0951046422,-0.354604661,-0.0774391517,0.965914309,-0.0694294572,-0.325276673,-0.0696565956,0.656248868,0.173124596,-0.373268574,-0.129817739,0.942317128,-0.0812433437,-0.343434364,-0.0603343584,0.635775447,0.199786305,-0.437789619,-0.11693462,0.933969557,-0.0255299453,-0.309055835,-0.0619385019,0.537876487,0.113957562,-0.380580515,-0.0779965669,0.883249938,0.09501113,0.00293997955,0.0265693665,0.999962151,-0.093448475,-0.00682223169,-0.0247589704,0.999969363,0.0792641193,0.421861172,-0.0637717918,0.661935925,-0.079379417,0.344664484,-0.0966290385,0.647396386,0.0699714795,0.776318192,0.0223774444,0.641553283,-0.0723629,0.733794272,0.0216949787,0.565414786,0.0479548387,0.810710371,0.0356792882,0.281320095,-0.0700795129,0.767036259,-0.00995042,0.204875141,0.0651569217,0.807303905,-0.0255523343,0.66860956,-0.0990264192,0.757922769,-0.101063862,0.556668818
1016.6666666666657,-0.0107915,-0.613713503,-0.0497493222,0.99971962,0.00394399976,-0.629362881,-0.0367200822,0.99947983,0.00677245623,-0.631214082,-0.0261441506,0.999290407,0.00482184,-0.630743802,-0.030493727,0.999535799,-0.0178214852,-0.641412258,-0.0466540642,0.999729097,-0.0164497811,-0.639401853,-0.0596197695,0.999748886,-0.0126587385,-0.628709,-0.0402746,0.999851346,0.0657861158,-0.614424586,0.0572843328,0.999426842,-0.0734072775,-0.578427494,0.0622391254,0.999551237,0.0253591221,-0.601888478,-0.00572964782,0.999323606,-0.0141928922,-0.569679856,-0.0316603743,0.999397159,0.150891125,-0.443645924,0.12281362,0.999868,-0.132991433,-0.523192525,0.15775843,0.999923408,0.122269094,-0.303441584,0.00208507641,0.744442761,-0.0843291357,-0.311099946,0.0171549432,0.91223377,-0.0189484078,-0.307929903,-0.0629317239,0.704285085,0.0949538648,-0.351881504,-0.0772956312,0.9634974,-0.0694031417,-0.318549514,-0.0663296953,0.654297054,0.172967032,-0.369645953,-0.129815012,0.939008117,-0.0813212767,-0.336557716,-0.0572168715,0.633987308,0.199657395,-0.434022307,-0.116977312,0.930197716,-0.0255180486,-0.303241223,-0.0586811043,0.535651267,0.113838419,-0.377706319,-0.0779561773,0.877477944,0.0950206816,0.00295645813,0.0264542475,0.999962628,-0.0934610292,-0.00684467051,-0.0246242359,0.999969423,0.0792302713,0.42215547,-0.0643135756,0.656709611,-0.0794333,0.344706059,-0.096627064,0.643321753,0.0699295,0.776431084,0.0213490948,0.637916446,-0.0723499,0.733806074,0.0209682062,0.560852528,0.0479337797,0.810830534,0.034407042,0.278168082,-0.0700142831,0.76705122,-0.0109296413,0.201326028,0.0652216449,0.807298541,-0.0272710174,0.665176272,-0.0983405486,0.758072436,-0.101813391,0.552389741
1033.3333333333323,-0.011337732,-0.613635719,-0.0503427908,0.99971509,0.00320787868,-0.62929666,-0.0373160765,0.999474764,0.00600390928,-0.631158,-0.0267341696,0.999285877,0.00409011636,-0.630686581,-0.0310715418,0.999535203,-0.018398609,-0.641325057,-0.0473154075,0.999723911,-0.0170142669,-0.639313281,-0.0602775738,0.999743342,-0.0132420491,-0.628611,-0.0409280248,0.999847353,0.0648891,-0.614397824,0.0569014587,0.999429286,-0.0735405087,-0.57823503,0.0616659634,0.999537766,0.0247358605,-0.601853728,-0.00623471849,0.99932152,-0.014607206,-0.5696,-0.0322597064,0.99938637,0.150878,-0.443647355,0.122610137,0.999870837,-0.133025646,-0.522947252,0.157568231,0.999921083,0.123052932,-0.302880764,0.00198987895,0.744281769,-0.08357016,-0.310511619,0.0168922,0.908937,-0.0189334583,-0.305573434,-0.0632306337,0.704468429,0.0947883502,-0.351152718,-0.0777489245,0.960939,-0.06950894,-0.31614846,-0.0666180775,0.655213,0.172301471,-0.368914157,-0.130309984,0.935563624,-0.0818180293,-0.334895879,-0.0573649183,0.635218382,0.198281348,-0.433299959,-0.117722161,0.926294327,-0.0256114621,-0.301154286,-0.0589521,0.536500633,0.113397621,-0.377013028,-0.0785817504,0.871576965,0.0950275883,0.00296524726,0.0264077242,0.999963224,-0.0934702083,-0.00686110836,-0.0245594513,0.999969542,0.0792717189,0.422478497,-0.0643652678,0.65500176,-0.0795731,0.344830573,-0.0964022204,0.641325951,0.0699551,0.776484489,0.0217052177,0.636623383,-0.0723792911,0.734018922,0.0213887598,0.559114456,0.0479697548,0.810894728,0.0348513722,0.276224226,-0.0700275,0.767332852,-0.0105223274,0.199438617,0.0652810559,0.807759225,-0.0265211482,0.663814545,-0.0983675718,0.759373784,-0.100665271,0.550722837
1049.999999999999,-0.0115759112,-0.613577366,-0.0505998321,0.999707043,0.0027549048,-0.629247427,-0.0376064852,0.999463439,0.00552698271,-0.631118834,-0.0270103235,0.999273121,0.00364092272,-0.630647838,-0.0313573889,0.9995296,-0.0187942889,-0.641223788,-0.0476487838,0.999714911,-0.0174074695,-0.639213741,-0.0606161095,0.999734,-0.0136532886,-0.628502071,-0.0412728041,0.999840915,0.0641621,-0.614407301,0.0565857179,0.999426,-0.073836714,-0.577972174,0.0612251237,0.999516845,0.0244554076,-0.601844549,-0.00646121241,0.999312937,-0.0148213329,-0.569532216,-0.0325742103,0.99936825,0.150826767,-0.443768024,0.122312039,0.999873102,-0.133046046,-0.522772551,0.157334596,0.999917805,0.123465568,-0.302760363,0.00202101097,0.744838059,-0.0831675231,-0.31040597,0.0168312266,0.905822754,-0.0189042035,-0.303604841,-0.0634539202,0.705411136,0.0947011411,-0.351118028,-0.0780792609,0.958527923,-0.0695257,-0.313721746,-0.0668495148,0.656726,0.171953544,-0.369064361,-0.130742878,0.932325959,-0.0820463,-0.33247593,-0.0575051196,0.637062371,0.19752045,-0.433417052,-0.118333742,0.92260617,-0.0256422143,-0.299051553,-0.0591766238,0.538038135,0.113129795,-0.377015352,-0.0790402815,0.866045237,0.0950361341,0.00296333851,0.0262793414,0.999963641,-0.0934806839,-0.00686742505,-0.0243995488,0.999969482,0.0792743266,0.423048288,-0.0644015223,0.655288,-0.0798927099,0.345410675,-0.0962149799,0.640974879,0.0699598044,0.776878119,0.02207442,0.637980044,-0.0727962181,0.735046446,0.021501964,0.560416937,0.0479769856,0.811338484,0.0352851786,0.275706798,-0.0704299435,0.768509865,-0.0104204593,0.199076369,0.065295428,0.808879793,-0.0261641406,0.664410174,-0.0993344113,0.761338413,-0.10047587,0.551544845
1066.6666666666658,-0.0121330069,-0.61352706,-0.0508969314,0.999705255,0.00190037757,-0.629221916,-0.0378722884,0.999462843,0.00463907421,-0.631101727,-0.0272778794,0.999274313,0.00279191835,-0.630630255,-0.0316135,0.999532819,-0.0195440762,-0.641171813,-0.0479288474,0.999711633,-0.0181467291,-0.639165103,-0.0608824044,0.999730051,-0.0144099509,-0.628445506,-0.0415314659,0.999837637,0.0626654699,-0.614512265,0.0564587414,0.999432683,-0.0745538622,-0.577953577,0.0608740412,0.999504328,0.0237526745,-0.601840854,-0.00670795934,0.999315917,-0.015371304,-0.569511,-0.032826148,0.999360561,0.150412947,-0.444521099,0.122144103,0.999876499,-0.133287817,-0.522819042,0.156569,0.999914825,0.124993086,-0.302764863,0.00203266018,0.747256577,-0.0826244503,-0.310822457,0.0157190133,0.90350914,-0.0189338923,-0.301727742,-0.0636398047,0.709387898,0.0939792618,-0.352203131,-0.0795201734,0.956425667,-0.0698370486,-0.311089069,-0.067229718,0.661531329,0.170432374,-0.370574176,-0.132488936,0.929534376,-0.0832904503,-0.330448598,-0.0583469644,0.642411113,0.195090696,-0.434944451,-0.120335445,0.919485509,-0.0259288922,-0.297254533,-0.0595349371,0.543145,0.111897796,-0.378203183,-0.0806921348,0.861270845,0.0950369313,0.00295238849,0.0262520928,0.99996382,-0.0934829265,-0.0068654581,-0.024374092,0.999969125,0.0791842267,0.423784584,-0.0642950535,0.652649105,-0.0807991773,0.345878363,-0.0958870128,0.637749374,0.0698027,0.777544498,0.0234266091,0.635697663,-0.073766157,0.735565305,0.0225688703,0.557491124,0.047822535,0.812108517,0.0367785692,0.273470461,-0.0713505074,0.769101679,-0.009278927,0.196839154,0.0651983693,0.810332835,-0.0243368167,0.6622473,-0.0999212265,0.762475,-0.0986850038,0.548732817
1083.3333333333326,-0.0128025636,-0.613516331,-0.051155325,0.999707341,0.00104700937,-0.629222453,-0.0384132862,0.999468923,0.00376348966,-0.631111383,-0.027774917,0.999283731,0.00192812819,-0.630639076,-0.0321367048,0.999541223,-0.0202724226,-0.641163766,-0.0483774021,0.999712706,-0.0188780781,-0.639156342,-0.0613227338,0.99973011,-0.0151685756,-0.628430665,-0.0420093536,0.999837101,0.0614449233,-0.61465764,0.0553996973,0.999445856,-0.0750582889,-0.577945769,0.0598442294,0.999500215,0.0229814574,-0.601892591,-0.00711051282,0.999329567,-0.0159590319,-0.5695135,-0.0332137495,0.999365509,0.150042489,-0.445048124,0.120979644,0.999880672,-0.133481637,-0.522906959,0.156362742,0.999913454,0.125913948,-0.302574128,0.0021135502,0.753126919,-0.082646966,-0.311627537,0.0152304126,0.903021932,-0.0196914822,-0.299615413,-0.0628477111,0.716276765,0.092155233,-0.354038268,-0.0812191367,0.95545435,-0.0716797039,-0.308479339,-0.0661992803,0.66879642,0.167919233,-0.372812659,-0.134324312,0.928259552,-0.085895814,-0.328020096,-0.057720352,0.650134444,0.191968873,-0.436711848,-0.122192517,0.918023646,-0.0271418244,-0.295146495,-0.0588133223,0.551035643,0.109640092,-0.380016,-0.0825114548,0.859164655,0.0950086415,0.0029288868,0.0259694569,0.999964237,-0.0934552103,-0.00684904214,-0.0240362585,0.999969065,0.0791922212,0.424725384,-0.0643125623,0.653524578,-0.0817427188,0.346501499,-0.0955757126,0.637716293,0.0697933733,0.777621448,0.0264998432,0.634733737,-0.0745546892,0.736241937,0.0240856241,0.557841659,0.0478060544,0.812164128,0.0403968878,0.271626353,-0.0721371248,0.769833207,-0.00759261334,0.196580023,0.0647897869,0.810870945,-0.0188636892,0.660980403,-0.101646915,0.763524592,-0.0955873504,0.549050689
1099.9999999999993,-0.0133474516,-0.613514602,-0.0513512455,0.999708831,0.000591542397,-0.629224062,-0.0386190116,0.999473393,0.00327737653,-0.631117404,-0.0279782452,0.999290287,0.00145276822,-0.630645275,-0.0323366262,0.999546647,-0.0207501389,-0.641165197,-0.0485953949,0.999713778,-0.019364709,-0.639161706,-0.0615445785,0.999730647,-0.0156475678,-0.62842983,-0.0422375,0.999836922,0.0610916875,-0.614663899,0.0551915616,0.999454737,-0.0753602162,-0.57794559,0.059614636,0.999498844,0.0223997477,-0.601904511,-0.00730023859,0.999337,-0.01652053,-0.569518387,-0.0334353149,0.999367118,0.149878606,-0.445130885,0.120831817,0.999882936,-0.133662447,-0.522914946,0.156216934,0.999912083,0.126609653,-0.302567154,0.00207285676,0.754507363,-0.0826568678,-0.311817229,0.0149863344,0.901182413,-0.0197208449,-0.298868418,-0.0629526749,0.717601359,0.0902682543,-0.354958713,-0.0831445307,0.954559684,-0.0717925355,-0.307486743,-0.066288583,0.670654118,0.165135726,-0.374160111,-0.13670668,0.927269816,-0.0862472206,-0.326902628,-0.0579395369,0.652295709,0.189259797,-0.438082784,-0.124665491,0.916907668,-0.0272991788,-0.294284135,-0.0588848963,0.552966177,0.107499242,-0.380982727,-0.0845358595,0.857435822,0.0950087681,0.0029164243,0.0258207563,0.999964535,-0.0934573039,-0.00684275152,-0.0238467734,0.999969065,0.0791779459,0.425209731,-0.0643156618,0.652950048,-0.0818522722,0.346862882,-0.0955095962,0.635734379,0.0698310807,0.777631223,0.027365854,0.634084582,-0.0746944919,0.736304522,0.0252443682,0.556442201,0.0478507429,0.812174,0.0413496494,0.270736217,-0.0722810477,0.769881487,-0.00628811168,0.195728555,0.0646712333,0.811020672,-0.0180753917,0.660395086,-0.101900063,0.763638496,-0.0941537395,0.548020601
1116.666666666666,-0.0138828363,-0.613510191,-0.0497440472,0.999712408,0.000140211021,-0.629223704,-0.0369346961,0.999481738,0.0028111462,-0.631120563,-0.0263089444,0.999302566,0.00100254489,-0.630648792,-0.0306637082,0.999555707,-0.0212165397,-0.641165,-0.0468709394,0.99971652,-0.0198465548,-0.639166415,-0.0598347522,0.999732673,-0.0161075071,-0.628432333,-0.0405683964,0.999837518,0.0607929602,-0.614669383,0.0566769801,0.999467313,-0.0756809488,-0.577975869,0.0613315,0.999498129,0.0218742918,-0.60191375,-0.00584855303,0.999346912,-0.017078273,-0.569523096,-0.0319302082,0.999369442,0.1496806,-0.445249349,0.12149857,0.999885798,-0.133844078,-0.522958815,0.157468408,0.999910355,0.127157435,-0.302576303,0.0028349522,0.75609082,-0.0824529603,-0.311847597,0.015775308,0.896872044,-0.0197804887,-0.298128337,-0.0628654808,0.719408929,0.0879097208,-0.355150193,-0.0831418037,0.952290297,-0.071903,-0.306399733,-0.0663471445,0.673125446,0.161625594,-0.37455079,-0.136752471,0.92463994,-0.086680308,-0.325988799,-0.0580322705,0.655151904,0.185317084,-0.438583344,-0.124808088,0.91398567,-0.0275241733,-0.293537736,-0.0588759519,0.555491209,0.104693644,-0.381217897,-0.084549956,0.85311532,0.0950179473,0.00289917155,0.0257180035,0.999964893,-0.0934672728,-0.00682841893,-0.0237099323,0.999969,0.0791519508,0.425377935,-0.0643265322,0.652587175,-0.0820211172,0.346989751,-0.0954889655,0.632960618,0.0697584301,0.777544498,0.0273884386,0.632904708,-0.0747071132,0.736341894,0.0253029838,0.55379194,0.0477770194,0.812107503,0.0413316563,0.270120978,-0.0722864196,0.769918501,-0.00622331,0.194768682,0.064493008,0.810985267,-0.0182193853,0.659408867,-0.101956151,0.763631105,-0.0941003114,0.545751035
1133.3333333333328,-0.0145893833,-0.614126384,-0.0498574786,0.999715269,-0.000370042049,-0.62986958,-0.0369606502,0.999489486,0.00224400312,-0.631765902,-0.0263390578,0.999314308,0.000460584444,-0.63131988,-0.0306872372,0.999564409,-0.0218871776,-0.641743302,-0.0469140522,0.999717891,-0.0205092095,-0.639798045,-0.059913829,0.999732912,-0.0167523362,-0.629050195,-0.0406346098,0.999836445,0.0605295263,-0.615009308,0.0566014349,0.999479175,-0.0760618672,-0.578274906,0.0613664426,0.999492168,0.0212500636,-0.602391303,-0.00597361568,0.999351919,-0.0177821517,-0.570012808,-0.032055553,0.999364316,0.14940758,-0.445648283,0.121144049,0.999887764,-0.134046808,-0.522962,0.157211944,0.999905288,0.127125606,-0.303518116,-0.002263834,0.757573128,-0.0824351907,-0.3120538,0.0117413905,0.889467716,-0.0206154585,-0.29846403,-0.0731432512,0.720015764,0.0862231553,-0.355087191,-0.0908271819,0.94606936,-0.0726817623,-0.306591332,-0.0783518702,0.674166739,0.159142852,-0.374493778,-0.145432085,0.916729569,-0.0880757347,-0.325978816,-0.0700795725,0.656493783,0.183221713,-0.438540101,-0.133625776,0.905234098,-0.0286999512,-0.293742836,-0.0694903731,0.556263447,0.102935106,-0.381145149,-0.0924671367,0.840929806,0.0950505659,0.00282599567,0.0256891157,0.99996537,-0.09350162,-0.00675763329,-0.023682829,0.999968886,0.0790254697,0.425811261,-0.0638918951,0.652799249,-0.0821275488,0.347145587,-0.0954640731,0.630408466,0.0697385594,0.77763921,0.0278147571,0.635548532,-0.0753115416,0.737108409,0.0257046502,0.554512918,0.0477707945,0.812235296,0.0416862965,0.271264017,-0.0729425251,0.770687,-0.00585931679,0.194969133,0.0645361245,0.810988069,-0.0184541829,0.662058055,-0.102454059,0.764093041,-0.0940520912,0.54681015
1149.9999999999995,-0.0146799684,-0.614230931,-0.0497357398,0.999715626,-0.000405694445,-0.629991233,-0.0366682373,0.999492168,0.00219167396,-0.631881773,-0.0260543041,0.999318719,0.00041582773,-0.631449,-0.0303983726,0.999567807,-0.0219847802,-0.641846299,-0.0466791168,0.999717236,-0.0206037946,-0.6399225,-0.0597260408,0.999731541,-0.0168417227,-0.629172206,-0.0404275693,0.999834597,0.0605198219,-0.615081072,0.057030689,0.999483824,-0.0761692524,-0.578369141,0.0617203638,0.999484777,0.0211465303,-0.602478683,-0.00584372692,0.99934727,-0.0179351792,-0.5701105,-0.0319343172,0.999352,0.149349451,-0.445779055,0.121051528,0.999888241,-0.134153694,-0.522945583,0.157063067,0.999900639,0.127028167,-0.303848624,-0.00420109043,0.754793406,-0.0822306126,-0.3119753,0.00805843156,0.881594121,-0.0206860434,-0.298462719,-0.0773855373,0.715327919,0.0856717378,-0.354752,-0.0971080661,0.940119803,-0.0726677552,-0.306403965,-0.0831376836,0.670038283,0.158142492,-0.374057323,-0.152294576,0.909204423,-0.0880703628,-0.325440973,-0.0748329386,0.652540922,0.182534,-0.438138574,-0.140295193,0.896890223,-0.028804101,-0.293514937,-0.0738744065,0.551602244,0.102367036,-0.380685568,-0.0987534896,0.829119861,0.0951134712,0.0027715,0.0256633107,0.999965727,-0.0935680345,-0.00670526922,-0.0236502849,0.999968767,0.07900846,0.425864249,-0.0638256,0.65153724,-0.0823992193,0.347240329,-0.0956242383,0.626246452,0.0697548911,0.777680337,0.0273769088,0.637166619,-0.0757394135,0.737404048,0.025687458,0.553272188,0.047797475,0.812311172,0.0410105214,0.271858394,-0.0733859539,0.770964,-0.0059185368,0.19444114,0.0645711944,0.810841739,-0.0217120182,0.663743615,-0.103021815,0.764105082,-0.0949078053,0.54603368
1166.6666666666663,-0.0148837827,-0.614517212,-0.0498339199,0.999718845,-0.000542302616,-0.630260825,-0.0367439352,0.999500096,0.00203573215,-0.632151484,-0.0261313561,0.999329567,0.00026776953,-0.631727338,-0.0304700155,0.999575436,-0.0222099517,-0.6421175,-0.0467744507,0.999720156,-0.020826241,-0.640211463,-0.0598264113,0.999733686,-0.0170635656,-0.629458904,-0.0405249186,0.999835253,0.0604553185,-0.615181684,0.0570529886,0.999492943,-0.0764929578,-0.578543305,0.0616732314,0.999484658,0.0209200755,-0.602693796,-0.00592919253,0.999351799,-0.018247027,-0.570349,-0.0320348591,0.999350727,0.149201795,-0.445824087,0.120968595,0.999889195,-0.134333119,-0.522942841,0.156866267,0.99989754,0.127019748,-0.303841919,-0.00442897761,0.753548622,-0.0819881633,-0.312002063,0.00694744615,0.876585305,-0.0208476298,-0.298432499,-0.0776506662,0.712850571,0.085314557,-0.355409384,-0.0977489352,0.936418056,-0.0727795586,-0.30647409,-0.0832334459,0.667986274,0.15757443,-0.375124931,-0.152742013,0.904356897,-0.0882195756,-0.325439513,-0.0749352127,0.650628,0.181824625,-0.439266145,-0.140640467,0.891463459,-0.0290234573,-0.293448508,-0.0741277933,0.54918474,0.101900399,-0.381359845,-0.0993173197,0.821313202,0.0951324627,0.00273842178,0.0256390851,0.999966145,-0.093588762,-0.00667674327,-0.0236227904,0.999968827,0.0789859146,0.42596665,-0.0636519194,0.651706517,-0.0826088,0.347306,-0.0956206098,0.624377191,0.0697792619,0.777811,0.0273838807,0.639793813,-0.0763607,0.737585425,0.0257310253,0.554008186,0.0478358194,0.812503576,0.0409822278,0.273480266,-0.0740639195,0.771138847,-0.00587791717,0.19473,0.0646124855,0.810863733,-0.0223157238,0.666497767,-0.103584006,0.764165282,-0.0951671675,0.547243357
1183.333333333333,-0.0148980049,-0.614763379,-0.0499018691,0.999720573,-0.000556092127,-0.630480528,-0.0367610604,0.999504328,0.0020225374,-0.632373154,-0.0261523034,0.999334753,0.000253624137,-0.631954789,-0.030485753,0.99957931,-0.0222380329,-0.642356217,-0.0468331724,0.999721825,-0.0208537281,-0.640466392,-0.0598930232,0.999734819,-0.0170892291,-0.62970376,-0.040588215,0.99983561,0.0604119897,-0.615334451,0.0571636893,0.999497116,-0.0766447932,-0.578781486,0.0615961701,0.999484479,0.020864198,-0.602933645,-0.0059741335,0.999353,-0.0183232389,-0.570614755,-0.0321143456,0.999349058,0.149080396,-0.445896029,0.120958395,0.999889493,-0.134535983,-0.523091793,0.156245664,0.99989593,0.126821429,-0.303839236,-0.00440786779,0.750120163,-0.0820204541,-0.312341422,0.00472646533,0.873478591,-0.0209227894,-0.298473626,-0.0775034428,0.708011448,0.0846987069,-0.356023371,-0.100290813,0.934322536,-0.0728024691,-0.306600153,-0.0829579234,0.663786471,0.156750605,-0.37586385,-0.155309781,0.901581,-0.0882242,-0.325465292,-0.0746891126,0.646518648,0.181185573,-0.439885,-0.142976105,0.888329089,-0.0291059222,-0.293452233,-0.0739736557,0.544608474,0.101264365,-0.381885558,-0.101735339,0.816485822,0.0951482803,0.00271491264,0.0256530885,0.999966502,-0.0936070159,-0.0066581089,-0.0236183628,0.999968946,0.0790315792,0.426071495,-0.063162,0.651055872,-0.0826837271,0.347557485,-0.0956140608,0.622461319,0.0697886199,0.777880669,0.0275421459,0.641602755,-0.0771323889,0.737646341,0.0259369425,0.553946495,0.0478469804,0.812602937,0.0411027744,0.274955571,-0.0749343038,0.771177709,-0.00566551695,0.194454893,0.0647467375,0.81081444,-0.0222891644,0.668524,-0.104155503,0.764160693,-0.0951388,0.547526717
1199.9999999999998,-0.0151686249,-0.615397215,-0.0514661372,0.999712646,-0.000786836317,-0.631134152,-0.0384838693,0.999493599,0.00175741606,-0.633027554,-0.027864093,0.999320686,-3.87992714e-006,-0.632614911,-0.0321263634,0.999572158,-0.0224894229,-0.6429,-0.0482602939,0.999713778,-0.0211055409,-0.641040146,-0.061334949,0.999726415,-0.0173311625,-0.630235553,-0.0420163646,0.999830186,0.0604026057,-0.615900695,0.0546188839,0.999489546,-0.0766227,-0.578983,0.0604578853,0.999464512,0.0207416583,-0.603481233,-0.00774607714,0.999337316,-0.0184045881,-0.571076453,-0.0334936567,0.999326706,0.149149641,-0.446135938,0.117866799,0.999888718,-0.134361088,-0.523108363,0.15527235,0.999891579,0.126586348,-0.303951859,-0.00684175873,0.747303843,-0.0815626085,-0.31251806,0.00366939395,0.868133843,-0.0212997589,-0.298600823,-0.0775828958,0.701729596,0.0845910162,-0.3562482,-0.101805717,0.929567635,-0.0730920285,-0.306826621,-0.0827818587,0.657128572,0.156576887,-0.376198113,-0.15666987,0.895130098,-0.0883349851,-0.32566759,-0.0744343102,0.639713228,0.18095395,-0.440071642,-0.144272208,0.881170154,-0.0293854773,-0.293573707,-0.073957108,0.537249207,0.10114257,-0.382033914,-0.103284068,0.806482434,0.0951563567,0.00270936801,0.0255836416,0.999967,-0.0936180279,-0.00665491214,-0.0235326719,0.999969184,0.0790732205,0.42627418,-0.0630638152,0.650595129,-0.0826097652,0.347586185,-0.0948964357,0.620254934,0.0697180629,0.778363943,0.0291383956,0.644361258,-0.077884376,0.737656236,0.0288697276,0.555399895,0.0477691926,0.813116,0.0429005101,0.275855839,-0.0758739337,0.771180511,-0.00252248393,0.194369689,0.0647440106,0.811283469,-0.0216756668,0.671276391,-0.104550153,0.764171839,-0.0934048295,0.549524426
1216.6666666666665,-0.0153734703,-0.615908325,-0.0517190583,0.99971652,-0.00102224806,-0.631657064,-0.0387720093,0.999502599,0.00150053436,-0.633564651,-0.0281406194,0.999332786,-0.000243888455,-0.63316071,-0.0323869847,0.999581099,-0.0227489397,-0.643341303,-0.0484678969,0.999717474,-0.0213646777,-0.641477823,-0.0615374111,0.999729037,-0.0175944641,-0.630645871,-0.042228356,0.999831557,0.0603532754,-0.616405368,0.0542144105,0.999500275,-0.0766600892,-0.579097211,0.0603769533,0.999465704,0.0206388142,-0.603958547,-0.00803414453,0.999346435,-0.0184973702,-0.571433127,-0.0336748101,0.999330699,0.149139404,-0.446318656,0.116993167,0.999890327,-0.134280667,-0.523114145,0.155203938,0.999889493,0.126097918,-0.304178298,-0.00725052,0.748478413,-0.0815084651,-0.312874645,0.00377306016,0.864409208,-0.0221350286,-0.298704982,-0.0773846731,0.701643586,0.0839138255,-0.356351972,-0.101485357,0.926054895,-0.0738769248,-0.307011545,-0.0823845118,0.656446159,0.155749664,-0.376280934,-0.156244263,0.890372634,-0.0888761878,-0.325757056,-0.0739889294,0.639050841,0.180036142,-0.440056324,-0.143860444,0.875902236,-0.0300993063,-0.293662786,-0.0737015754,0.536298,0.100454412,-0.382073671,-0.102969587,0.79924047,0.0951534212,0.00270342315,0.0254347697,0.999967277,-0.0936175063,-0.0066515631,-0.023366034,0.999969244,0.0791030228,0.426453292,-0.0631001741,0.64892292,-0.0826565325,0.347602695,-0.0944994465,0.616606176,0.0694067553,0.778650761,0.0292455647,0.643087089,-0.0787074044,0.737667263,0.029847445,0.553213418,0.0473945551,0.81339,0.0430272259,0.274088442,-0.0767608732,0.771185458,-0.00154565496,0.192731872,0.0641532838,0.811416686,-0.0216435101,0.67075026,-0.104987174,0.764116108,-0.0926287621,0.548404753
1233.3333333333333,-0.0154018635,-0.616021395,-0.0513833,0.999718249,-0.0010526625,-0.631769061,-0.0383141711,0.99950707,0.00146159611,-0.633680642,-0.0276817419,0.99933809,-0.000275298837,-0.633280814,-0.0319226086,0.999585569,-0.0228056591,-0.643445134,-0.0479969643,0.999719083,-0.0214231741,-0.641580641,-0.0610665604,0.999729753,-0.0176546,-0.630744338,-0.0417740494,0.999831915,0.0603710152,-0.616511106,0.0549244732,0.999504089,-0.076688759,-0.579143465,0.0611365065,0.999463,0.0206184592,-0.604067743,-0.0076292567,0.999346673,-0.0185266621,-0.571518302,-0.0332517363,0.99932754,0.14912948,-0.446330458,0.117247917,0.999890745,-0.134258732,-0.5231179,0.155687645,0.999887526,0.125700444,-0.304153472,-0.00711669,0.745804131,-0.0815068632,-0.312953174,0.00385210803,0.85969007,-0.0224127695,-0.298697233,-0.0757716149,0.696994185,0.0834298432,-0.356219381,-0.101380192,0.922375202,-0.074039869,-0.307120711,-0.0804572478,0.651227593,0.15515928,-0.376141876,-0.156094968,0.885354698,-0.088939,-0.325625896,-0.0717065707,0.633711874,0.179561093,-0.439653188,-0.143641531,0.870337129,-0.0302993357,-0.293566197,-0.0718985125,0.530532598,0.100003585,-0.38181439,-0.102839909,0.791453302,0.0951632634,0.0026915865,0.0254076496,0.999967337,-0.0936288834,-0.00664423918,-0.0233305339,0.999969125,0.0791779533,0.426479042,-0.0633320585,0.644502282,-0.0827189684,0.347616315,-0.0946167335,0.609937549,0.0691851228,0.778896511,0.0280788206,0.639600217,-0.0790592879,0.737585664,0.0298192278,0.54728663,0.0471282862,0.813664079,0.0416731685,0.271366894,-0.0770925209,0.771059096,-0.00158567505,0.189568877,0.0640109107,0.811427593,-0.0240352694,0.668137074,-0.104996353,0.763785362,-0.0929243192,0.543557346
1250.0,-0.0154155716,-0.616008,-0.0485035926,0.999716759,-0.00106826948,-0.63173157,-0.0351212807,0.999504566,0.00144491601,-0.633643448,-0.024525363,0.99933356,-0.000291554723,-0.633242071,-0.0287780799,0.999583304,-0.0228238013,-0.643416226,-0.0447816253,0.999717832,-0.0214422625,-0.641551077,-0.0577927418,0.999728322,-0.0176722109,-0.630715787,-0.0385706536,0.999831259,0.0604427867,-0.616353452,0.0581364185,0.999499798,-0.0766685456,-0.579040825,0.0644713119,0.999458313,0.0206027832,-0.604038239,-0.00479215896,0.99934113,-0.0185456965,-0.571480036,-0.0303996466,0.99932152,0.149135336,-0.445813626,0.119573221,0.999890089,-0.134221345,-0.523012102,0.158332884,0.999887168,0.125543699,-0.303953737,-0.00384936784,0.740676105,-0.0815532,-0.312934726,0.00717652496,0.855398357,-0.0224378761,-0.298756748,-0.0683057234,0.68868196,0.0826632231,-0.355043083,-0.0983612165,0.920002699,-0.0740371794,-0.307200909,-0.0721650943,0.642373383,0.154371843,-0.374793,-0.152838469,0.882078409,-0.0888676271,-0.325708717,-0.0628960431,0.624572277,0.178995937,-0.437649369,-0.140382394,0.866643,-0.030305218,-0.293611825,-0.0641052648,0.521208704,0.0993565172,-0.38027212,-0.0997784212,0.786220193,0.0951795653,0.00269504124,0.0253878683,0.999967456,-0.0936477706,-0.00665327767,-0.0233071856,0.999969244,0.0791823268,0.426502794,-0.0635201931,0.641383648,-0.0829301,0.347591,-0.0947874263,0.605011165,0.0689013,0.779025376,0.0261777807,0.637328744,-0.0796736628,0.737341046,0.0293415897,0.542598486,0.0467897207,0.813825965,0.0394358933,0.269721627,-0.0777217299,0.770769,-0.00215329672,0.187068656,0.0637630448,0.811430752,-0.0270558521,0.666276395,-0.105279215,0.763251841,-0.0940480605,0.539491236
1266.6666666666667,-0.0154320737,-0.61598,-0.0455655232,0.999716401,-0.00109015964,-0.631680071,-0.0322268084,0.999503911,0.00142089697,-0.633594275,-0.0216636565,0.999331892,-0.000312436343,-0.633190691,-0.0259279553,0.999583066,-0.0228400677,-0.643375337,-0.0418070033,0.999717414,-0.0214594062,-0.641509354,-0.0547619276,0.999727786,-0.0176876932,-0.630672574,-0.0356107727,0.99983114,0.060455557,-0.616203725,0.0604257658,0.999498427,-0.0765356198,-0.578911364,0.067020379,0.999455035,0.0205863677,-0.60400176,-0.0020875351,0.999339938,-0.0185598861,-0.571424365,-0.027630778,0.999319375,0.149131149,-0.445534766,0.121575095,0.999890387,-0.134073034,-0.522917,0.160610989,0.999887109,0.125517681,-0.303930283,-0.000171028863,0.736671269,-0.0815548226,-0.312882721,0.0101200044,0.85086,-0.0224386081,-0.298729122,-0.0618472099,0.682173848,0.0818370655,-0.354061186,-0.0960672945,0.917207181,-0.0740171522,-0.307273388,-0.0653057322,0.63526243,0.153558284,-0.373732984,-0.150376394,0.878394127,-0.0887930915,-0.325619,-0.0559528321,0.617244482,0.178131893,-0.436191857,-0.138011888,0.862511933,-0.0302959699,-0.293535829,-0.0575737208,0.513739049,0.0985643566,-0.379089385,-0.0975223184,0.780435681,0.0951862335,0.00269771,0.0253748968,0.999967575,-0.0936557204,-0.00665972056,-0.0232864041,0.999969304,0.0792919844,0.426525176,-0.0637902245,0.637828,-0.0829699934,0.347554713,-0.0949243531,0.599433541,0.0687525347,0.779097319,0.0256752744,0.632210255,-0.0799543634,0.737085879,0.0291286651,0.535921931,0.046591796,0.813899875,0.038876608,0.266298771,-0.0779910311,0.770476341,-0.00241360092,0.183497563,0.0636456311,0.81137991,-0.0274366084,0.661688507,-0.105296038,0.762398601,-0.0943870768,0.533268452
1283.3333333333335,-0.0154266143,-0.61598146,-0.0429368243,0.999718845,-0.00109493907,-0.631675,-0.0294779707,0.999507666,0.00141379586,-0.63359046,-0.0189356785,0.999335587,-0.00031643227,-0.633186877,-0.0232311208,0.999585748,-0.0228335243,-0.643373609,-0.0390872806,0.999720037,-0.0214537978,-0.641507387,-0.0520327576,0.999730229,-0.0176777672,-0.63067162,-0.0329035893,0.999832928,0.06048204,-0.616149247,0.0629670173,0.99949944,-0.0764320716,-0.578875124,0.0694793612,0.999458432,0.0205824021,-0.604002178,0.000460609677,0.999342322,-0.0185507145,-0.571417,-0.0251271371,0.999322534,0.149126038,-0.445276737,0.123652861,0.999890506,-0.133987606,-0.522875369,0.162088439,0.999888062,0.125375405,-0.303678185,0.00181631988,0.731449306,-0.0816003531,-0.312776834,0.0112105636,0.848132312,-0.0224286728,-0.298413366,-0.0597141,0.675058544,0.0811917558,-0.353073597,-0.0955656245,0.916291773,-0.0739306,-0.307101816,-0.0631670877,0.62788,0.152812347,-0.372673273,-0.149961114,0.877083957,-0.0886416361,-0.325142562,-0.0538126677,0.609707534,0.177638054,-0.434902966,-0.137576222,0.861041665,-0.0302697048,-0.293144345,-0.0554510355,0.505992174,0.0980000049,-0.377936453,-0.0970206559,0.778051496,0.0951927826,0.00269961986,0.0253632274,0.999967575,-0.0936638191,-0.0066674673,-0.0232682619,0.999969304,0.0792990401,0.42653659,-0.0641068816,0.632317185,-0.0831815228,0.347469717,-0.0958062336,0.592602789,0.068436712,0.779208,0.0229314342,0.626592457,-0.080155015,0.736834,0.027513111,0.527702749,0.0462288745,0.814031959,0.0357383713,0.262907684,-0.0781505778,0.770190954,-0.00419734558,0.179692775,0.0635440648,0.811168134,-0.0310760587,0.65701741,-0.105307221,0.76163888,-0.0966668203,0.526109636
1300.0000000000002,-0.0154084852,-0.615991354,-0.0395008661,0.999711514,-0.00108308555,-0.631671965,-0.0261790622,0.999493599,0.0014229588,-0.633588374,-0.0156912077,0.999316156,-0.000304038665,-0.63318336,-0.0200023018,0.999574244,-0.0227488112,-0.643369138,-0.0355977491,0.999712825,-0.0213739369,-0.641504228,-0.0484988131,0.999723673,-0.017578695,-0.630667686,-0.0294123404,0.999829531,0.0606111139,-0.61596,0.0649121702,0.999484062,-0.0756082684,-0.578638852,0.0723411068,0.99944514,0.0206189044,-0.60399282,0.00336767361,0.999327719,-0.0184235964,-0.571389496,-0.0219622981,0.999309063,0.149254739,-0.444569737,0.124953263,0.999889493,-0.133531377,-0.522555232,0.164856032,0.999888301,0.125075966,-0.303403,0.00338729704,0.723782539,-0.0816980526,-0.312313527,0.016187394,0.843225479,-0.0223880336,-0.298440725,-0.0574493408,0.664452255,0.0807076842,-0.351543814,-0.0907965153,0.913848639,-0.0737393573,-0.30723837,-0.060847152,0.617181957,0.152501598,-0.371077925,-0.145022035,0.873935163,-0.0881366283,-0.325196952,-0.0512802117,0.598710418,0.177439585,-0.433298886,-0.132943615,0.857516646,-0.0301547125,-0.2931692,-0.0531446561,0.495016307,0.0976403058,-0.376350582,-0.0923490673,0.773050785,0.0952033475,0.00272768084,0.0253431555,0.999967813,-0.0936772302,-0.00669977,-0.0232435204,0.999969602,0.0792812109,0.426678896,-0.0646780729,0.628363729,-0.0831828788,0.347452849,-0.095917128,0.586771309,0.0679077,0.779486716,0.0219534971,0.622638404,-0.0802316368,0.736530364,0.0272994861,0.521366715,0.0456521213,0.814299226,0.0346927643,0.26033175,-0.0782334432,0.769852042,-0.00445428211,0.176501542,0.0634001493,0.811148763,-0.0322963335,0.653252,-0.105338372,0.760726273,-0.0971422121,0.520210207
1316.666666666667,-0.0157908369,-0.616057336,-0.03927413,0.999703884,-0.00138934783,-0.631720483,-0.0262006465,0.999480903,0.0011101485,-0.63363874,-0.0157147851,0.999299765,-0.000609514653,-0.633229613,-0.020005282,0.999565125,-0.0228692368,-0.643423736,-0.0354463235,0.999705195,-0.0214951858,-0.641561687,-0.0483311713,0.999716699,-0.01767998,-0.630717754,-0.0292516742,0.999825716,0.0606109351,-0.61590308,0.0648205206,0.999474883,-0.0748844147,-0.578589499,0.0723489597,0.999431849,0.0204091389,-0.604000509,0.00335312798,0.999318063,-0.0184737351,-0.571393669,-0.0217805821,0.999297142,0.1493745,-0.444103867,0.124641441,0.999889553,-0.133075848,-0.522460461,0.165564,0.999888122,0.124922037,-0.303094089,0.00331898383,0.720487416,-0.0816819891,-0.312219083,0.0190986171,0.838326812,-0.0225848276,-0.298446983,-0.0570660941,0.658332586,0.0804067701,-0.351231754,-0.0879393816,0.910731256,-0.0738647282,-0.307280272,-0.0602715239,0.610338,0.152332351,-0.370824963,-0.141885519,0.870008409,-0.0881320387,-0.325227052,-0.0506262928,0.591553032,0.177173942,-0.433097214,-0.130047828,0.85317874,-0.0302541573,-0.29318583,-0.0527188368,0.487700313,0.0973767117,-0.37608093,-0.0896164924,0.767118454,0.0952076539,0.00278987736,0.0252724402,0.999968052,-0.0936837345,-0.00676859729,-0.0231697913,0.99996978,0.0788957551,0.426912844,-0.0650958866,0.624316394,-0.0831808448,0.347392648,-0.0958295688,0.581454277,0.0668833256,0.780061185,0.0220090132,0.617685497,-0.0804939345,0.73630029,0.0274531469,0.514742076,0.0446366481,0.814845443,0.0347471647,0.257173896,-0.0785156786,0.769605041,-0.00430485047,0.172991216,0.062898837,0.811354578,-0.0321640857,0.648883283,-0.105348468,0.760363,-0.0970068946,0.514336765
1333.3333333333337,-0.0158553589,-0.616034091,-0.037230473,0.999700308,-0.00147471775,-0.631681859,-0.0243761148,0.999475479,0.00102538674,-0.633605063,-0.0138950963,0.999292552,-0.000687580206,-0.633191049,-0.0181886945,0.999561846,-0.0228846,-0.64338547,-0.0334101133,0.999702275,-0.0215111021,-0.641520917,-0.0462379418,0.999714,-0.017693622,-0.630675495,-0.0272064116,0.999824524,0.0606347099,-0.61569804,0.0656594,0.999470711,-0.0744760334,-0.578282,0.0741961077,0.999425,0.0203892775,-0.603943467,0.00509389723,0.999314308,-0.0184712578,-0.571277678,-0.0198137667,0.999291658,0.149534628,-0.443514079,0.12555486,0.99989,-0.132644132,-0.52193737,0.167986959,0.999888241,0.124910749,-0.302325219,0.00716888672,0.715847909,-0.081387721,-0.310978919,0.0235756338,0.832764387,-0.0225854442,-0.298381388,-0.0495529212,0.650746346,0.080049105,-0.350024164,-0.082435526,0.906625569,-0.073849678,-0.307333261,-0.0520816445,0.60241127,0.152018443,-0.369823396,-0.135836557,0.864949822,-0.0879570246,-0.325263172,-0.0424321406,0.583352804,0.176437229,-0.432194382,-0.124262773,0.84754926,-0.0302207898,-0.293184906,-0.0451312624,0.479639083,0.0969288647,-0.37501663,-0.0842264518,0.759746373,0.0952123851,0.00283555081,0.0252370853,0.999968529,-0.0936898962,-0.00681713223,-0.0231305305,0.999970198,0.0788775086,0.427185684,-0.0656814128,0.622644842,-0.0831376389,0.347394913,-0.095853053,0.578664601,0.0664731413,0.780358791,0.0210011378,0.6150859,-0.0804997087,0.735913,0.0271658283,0.51043582,0.0442000702,0.815128267,0.0337008275,0.255605638,-0.0785112828,0.769192934,-0.00465128198,0.17062968,0.062764883,0.811393142,-0.0329707339,0.646304667,-0.105048828,0.759997189,-0.0972392932,0.510301769
1350.0000000000005,-0.0158901084,-0.61603266,-0.0365190469,0.999695778,-0.00148932508,-0.631672,-0.0236152075,0.999467373,0.00100807252,-0.633595467,-0.0131504927,0.999281526,-0.000703568105,-0.633179724,-0.0174310692,0.999555409,-0.0228928886,-0.643377185,-0.0325692035,0.999698,-0.0215205308,-0.641514063,-0.0453950949,0.99971,-0.0176994652,-0.630666554,-0.0263691861,0.999822438,0.0608107708,-0.615556955,0.0661509931,0.999462,-0.0741706267,-0.578150332,0.075250715,0.999416709,0.0203799326,-0.603910148,0.00574528612,0.999304712,-0.0184692908,-0.571232855,-0.0190271027,0.999282122,0.149750844,-0.443043023,0.125865057,0.999889314,-0.132451475,-0.521697581,0.168770239,0.999888122,0.124547496,-0.302223921,0.0072534075,0.710222125,-0.0814384595,-0.310634,0.0241888221,0.827468276,-0.0225627907,-0.298756331,-0.0498267338,0.642510831,0.0795877725,-0.348888725,-0.0819849223,0.903192,-0.0736761,-0.308145493,-0.0524935052,0.594052076,0.151585013,-0.368491113,-0.13546665,0.860660553,-0.0874596313,-0.325910419,-0.0428153612,0.574734628,0.176148668,-0.430824906,-0.12384861,0.842800796,-0.0301155951,-0.293585658,-0.0454011112,0.471132487,0.0965684652,-0.373797774,-0.0837481171,0.75347209,0.0952550322,0.00286054309,0.0252224989,0.999968767,-0.093735747,-0.0068427776,-0.0231116749,0.999970436,0.0787992179,0.427207381,-0.065896675,0.62065649,-0.0831148699,0.347301871,-0.0960987881,0.57533282,0.0661385953,0.780452609,0.0209271181,0.613482893,-0.0805639252,0.735497952,0.0272112768,0.506314874,0.0438567139,0.815223396,0.033650618,0.254390955,-0.0785759687,0.768730283,-0.00458434224,0.168369338,0.0626219362,0.811350882,-0.0331211276,0.644722879,-0.105035193,0.759414673,-0.0972043499,0.506491542
1366.6666666666672,-0.0159713794,-0.616035283,-0.0360505655,0.999694705,-0.00157501257,-0.63166821,-0.0230870135,0.99946624,0.000924731605,-0.633594096,-0.0126249827,0.999280274,-0.000783784664,-0.633175969,-0.0169055,0.99955523,-0.02293678,-0.643377423,-0.032075204,0.999697626,-0.0215659142,-0.641513646,-0.0448993556,0.999709845,-0.0177433137,-0.630666733,-0.0258711986,0.999822557,0.0608138479,-0.615422249,0.0667005926,0.999461412,-0.0741526037,-0.578082502,0.0757928,0.999415278,0.0203183107,-0.603890836,0.0062531759,0.999303937,-0.0185113512,-0.571209252,-0.0185696669,0.999280691,0.149768472,-0.442682773,0.126476064,0.999889493,-0.132458732,-0.521440089,0.169325784,0.999888182,0.124593891,-0.301873088,0.00837879535,0.706463516,-0.081437923,-0.309838265,0.0255328231,0.824021697,-0.0223933458,-0.299046606,-0.0491287895,0.637362897,0.0793867409,-0.3486287,-0.0795350298,0.901118636,-0.0733824,-0.308957517,-0.0518660583,0.588997,0.151455954,-0.368396789,-0.132859528,0.858119309,-0.0870404616,-0.326974273,-0.0421967506,0.569518328,0.175829127,-0.430829614,-0.12130589,0.839977205,-0.0298790727,-0.294104159,-0.0447550155,0.465932786,0.0963193253,-0.373667806,-0.0812948719,0.749615729,0.0952724293,0.00288765086,0.0252070092,0.999969065,-0.0937539712,-0.00687276386,-0.0230950285,0.999970675,0.0787818059,0.427224725,-0.0666359589,0.619172037,-0.0831153169,0.347292364,-0.0963936895,0.572999179,0.0656167194,0.780506611,0.0190857723,0.61184597,-0.0805602521,0.735015512,0.0267786942,0.50248,0.0432915,0.815290391,0.0317189954,0.253782421,-0.0785572082,0.768202424,-0.00502104172,0.166592136,0.0623969398,0.811370969,-0.034929093,0.643147528,-0.104779273,0.759095609,-0.0975166261,0.502916574
1383.333333333334,-0.0164698903,-0.616283596,-0.0361417867,0.999694169,-0.0020300739,-0.631870687,-0.023189744,0.999466538,0.000473260472,-0.633814633,-0.012722455,0.99928093,-0.00123598438,-0.633380592,-0.0170032065,0.999556601,-0.0232578814,-0.643635035,-0.0321614034,0.999697924,-0.0218857247,-0.641755641,-0.0450008325,0.999710143,-0.0180640277,-0.630907953,-0.0259630699,0.999822855,0.060627602,-0.615414262,0.0663012639,0.999463499,-0.074159883,-0.578110516,0.0756030381,0.999414802,0.019884292,-0.604015,0.00612853561,0.999307871,-0.018817937,-0.571336269,-0.0186649244,0.999283493,0.149742141,-0.442453563,0.12631157,0.99989,-0.132509232,-0.521355152,0.169240624,0.999888361,0.12466222,-0.301329315,0.00863117818,0.704748631,-0.0814648047,-0.309689552,0.0252720043,0.821803272,-0.0223253854,-0.29954496,-0.0483760722,0.634990811,0.0789113715,-0.348576695,-0.079597272,0.899326444,-0.0733088329,-0.31007278,-0.0509694666,0.586497903,0.150999635,-0.368362427,-0.132840991,0.85585773,-0.0868854672,-0.328391,-0.04137991,0.566852808,0.175123364,-0.430816442,-0.12126305,0.837464213,-0.0297656655,-0.294900745,-0.0440363511,0.46327278,0.0957758054,-0.373642921,-0.081346266,0.746296167,0.0952750817,0.00290304585,0.0251933206,0.999969363,-0.0937577039,-0.00689147878,-0.0230783112,0.999970853,0.0787794814,0.427240252,-0.0673598,0.617943704,-0.0831076354,0.347271413,-0.0964603797,0.570728958,0.0652569,0.780641,0.0178562757,0.61052984,-0.0804929212,0.734672129,0.0266625155,0.49903661,0.0429028831,0.815422773,0.0304862242,0.253254026,-0.0784603879,0.76781404,-0.00514002936,0.164843202,0.0623686,0.811417043,-0.0358629189,0.641854107,-0.104328685,0.758994401,-0.0975105837,0.499751
1400.0000000000007,-0.0171910115,-0.616832137,-0.0364217721,0.999702573,-0.0025208185,-0.632368743,-0.0233807974,0.99948293,-2.12723153e-005,-0.634319723,-0.012904454,0.99930346,-0.00173543859,-0.63387,-0.0171755254,0.999570668,-0.0237961989,-0.64418304,-0.0322779305,0.999706805,-0.0224318448,-0.642292678,-0.0451081954,0.999718428,-0.0186088216,-0.631452799,-0.026063161,0.999827743,0.0605965592,-0.615423918,0.0661400259,0.99948132,-0.0743608326,-0.57821244,0.0754698962,0.999430358,0.0193320215,-0.604272485,0.00579227461,0.999325454,-0.0194463748,-0.571641147,-0.0188576151,0.999299765,0.149699137,-0.44235602,0.125453904,0.999891222,-0.132578865,-0.521060884,0.169172063,0.999888301,0.124732196,-0.301550269,0.0071466309,0.708140552,-0.0814594105,-0.30965665,0.0250658579,0.820906579,-0.0224960539,-0.29985261,-0.0487304702,0.63684237,0.0787865072,-0.349372387,-0.0795172378,0.898823,-0.0735343322,-0.310348,-0.0511107557,0.587352097,0.150882214,-0.369680732,-0.132613465,0.855078101,-0.0871175,-0.328504086,-0.0416105911,0.567475259,0.174873412,-0.432262063,-0.120928749,0.836513817,-0.0299595501,-0.295131058,-0.0443447828,0.464156419,0.0956037492,-0.374612212,-0.0812197477,0.74532491,0.0952832699,0.00290636905,0.0248201191,0.99996978,-0.0937663838,-0.00689725205,-0.0227018464,0.999971151,0.0788049251,0.427247971,-0.0686462,0.621601462,-0.0831024796,0.347337782,-0.0964584053,0.572375417,0.0653770566,0.780499697,0.0169931334,0.612100363,-0.0803550333,0.735192,0.0261536893,0.500638962,0.0430625863,0.815258563,0.0296993535,0.254140526,-0.0782991573,0.768395483,-0.00575041771,0.165784955,0.0623561032,0.811409295,-0.0363083072,0.643451393,-0.104434706,0.759801388,-0.0979182124,0.501850128
1416.6666666666674,-0.0175904632,-0.61757797,-0.0388224497,0.999711454,-0.00282319286,-0.633070409,-0.0257563908,0.999499917,-0.000318208098,-0.63503325,-0.01522,0.999326944,-0.00203789724,-0.634567678,-0.019464599,0.999585569,-0.0241268054,-0.644965768,-0.0346300304,0.999715865,-0.022760516,-0.643039167,-0.047421515,0.999726832,-0.0189599525,-0.632210076,-0.0283533558,0.99983263,0.0605386905,-0.615581095,0.0641379878,0.999500155,-0.0745721087,-0.578520715,0.0738509,0.999444783,0.0189784169,-0.604775131,0.00349284848,0.999345839,-0.0198369902,-0.572166264,-0.0211219527,0.999318361,0.149617553,-0.442368805,0.123188376,0.999893308,-0.132663,-0.520985067,0.168825716,0.99988842,0.1251885,-0.301609784,0.00641964888,0.714754105,-0.0814958662,-0.309651494,0.0249706823,0.822016,-0.0227524508,-0.300005436,-0.0489683487,0.642592788,0.0786649808,-0.350097775,-0.0795467496,0.898673177,-0.0741546899,-0.310464948,-0.0512625463,0.591952622,0.150835723,-0.370672941,-0.132459968,0.85460639,-0.0877891928,-0.328600556,-0.0417474322,0.571942806,0.174623504,-0.433197647,-0.120687649,0.835897624,-0.030287588,-0.295292914,-0.0445706695,0.468951911,0.0954321623,-0.375455022,-0.0812194943,0.74498111,0.0952758566,0.00290203444,0.0244834237,0.999970138,-0.0937587321,-0.00689671328,-0.02236595,0.99997139,0.0788079053,0.427272737,-0.0689864,0.626023889,-0.083127737,0.347419381,-0.0962794125,0.575944185,0.0654896945,0.780481279,0.0168732405,0.614600956,-0.0803306922,0.73598069,0.0254431,0.504505396,0.0432183929,0.81522578,0.0296186637,0.255515754,-0.0782611817,0.769274712,-0.00662337663,0.167558536,0.0623484291,0.811466932,-0.036231406,0.645796359,-0.104489684,0.761283517,-0.0984672531,0.50586623
1433.3333333333342,-0.0180212893,-0.617688477,-0.0402327441,0.999716341,-0.00320939347,-0.633166969,-0.0271726623,0.999509811,-0.000694245333,-0.635136783,-0.0166200493,0.999340713,-0.00241147,-0.634664297,-0.0208547357,0.999594748,-0.0245010853,-0.645075083,-0.0360289514,0.999720752,-0.023130931,-0.643142223,-0.0488125384,0.999731183,-0.0193408839,-0.632322848,-0.029724339,0.999835134,0.0604091138,-0.615579963,0.0629187226,0.9995116,-0.0747691318,-0.578560829,0.0729062855,0.999450684,0.0186054427,-0.60483247,0.00217915745,0.999358296,-0.0202039778,-0.572232306,-0.0224175025,0.999328673,0.149501234,-0.442351669,0.122438863,0.999894857,-0.132689551,-0.520867586,0.168595329,0.999888361,0.125667289,-0.301428705,0.0061362097,0.719533443,-0.0815440938,-0.30961135,0.0248205066,0.823175609,-0.022896748,-0.299994826,-0.0491143093,0.648889422,0.0783658624,-0.350480258,-0.0796177834,0.899642885,-0.0745236352,-0.310469747,-0.0514685921,0.597493351,0.150570542,-0.371326,-0.132532418,0.855607271,-0.0883157,-0.328605354,-0.0419787802,0.577484608,0.174236,-0.433900952,-0.120733775,0.837014675,-0.030519424,-0.295294881,-0.0447338037,0.474373937,0.0950795,-0.375925153,-0.0812799409,0.746556818,0.0952409655,0.00290155807,0.0242938288,0.999970138,-0.0937237,-0.00689962739,-0.022172261,0.999971211,0.0787606239,0.427284896,-0.0696461797,0.62567091,-0.0831157565,0.347512,-0.0962769687,0.574446142,0.0654895604,0.780504167,0.0156729426,0.613932967,-0.0803681314,0.736321,0.0249037892,0.503638506,0.0432259366,0.815252662,0.02840239,0.255069375,-0.0783121064,0.769657075,-0.00720069651,0.167236134,0.0623438284,0.811738193,-0.0372377373,0.645594597,-0.104673304,0.761999846,-0.098957,0.505777299
1450.000000000001,-0.0180622675,-0.617887378,-0.040573936,0.999724388,-0.00325856358,-0.633351266,-0.0275420789,0.99952507,-0.000740342424,-0.635329127,-0.016986791,0.999361515,-0.00245358655,-0.634847522,-0.02121301,0.999608159,-0.0245356131,-0.645273209,-0.0363968909,0.999729097,-0.023165632,-0.643325925,-0.0491646864,0.999738932,-0.0193792265,-0.632510781,-0.0300817247,0.999839842,0.0604071878,-0.615613282,0.0625726804,0.999527514,-0.0747750923,-0.578603,0.0726275891,0.999463856,0.0185780395,-0.604961276,0.00185390294,0.999376595,-0.0202279054,-0.572342515,-0.0227495097,0.999345779,0.149499208,-0.442344189,0.122236721,0.999897122,-0.132661372,-0.520665467,0.168512136,0.999889433,0.125901625,-0.301434636,0.00628391188,0.724050879,-0.0813485086,-0.30907017,0.0248757415,0.82444036,-0.0229637716,-0.300258934,-0.0484206229,0.655054808,0.0783929825,-0.350724,-0.0789796337,0.9006868,-0.0746741593,-0.310820609,-0.0505739413,0.603019834,0.150657386,-0.371942133,-0.131661832,0.856871903,-0.0884489492,-0.328996062,-0.0410445519,0.583043516,0.174226344,-0.434713453,-0.119835921,0.838400364,-0.030596517,-0.295647919,-0.0440022387,0.480152249,0.0950789824,-0.376341224,-0.0806113929,0.748522699,0.0952306241,0.00290641119,0.0241918694,0.999970317,-0.0937142447,-0.00690694712,-0.022069972,0.999971271,0.0787517801,0.427297145,-0.0701267198,0.625503242,-0.0831167698,0.347593158,-0.0962636918,0.573604882,0.0654675,0.780532718,0.0150011638,0.612430215,-0.0803158879,0.736456931,0.0243388526,0.502419293,0.0432128757,0.815278649,0.02773376,0.254699,-0.0782285854,0.769808,-0.00783438049,0.166594848,0.0623319931,0.811845124,-0.0374995135,0.645048738,-0.10441681,0.762307584,-0.0994599387,0.505431533
1466.6666666666677,-0.0180323962,-0.617810965,-0.040702302,0.999730468,-0.00323670451,-0.633260608,-0.0276442226,0.999535799,-0.000713475456,-0.635237336,-0.0170905087,0.99937582,-0.00242613116,-0.634752572,-0.0213172641,0.999617219,-0.024510961,-0.645208657,-0.0365576297,0.999735236,-0.0231431108,-0.643255889,-0.0493188687,0.999744713,-0.0193547681,-0.632443964,-0.0302408822,0.999843359,0.0604464337,-0.615509093,0.062553905,0.999537647,-0.0747860074,-0.578595281,0.0724827573,0.99947381,0.0185859818,-0.604895175,0.0017951997,0.99938935,-0.0202251356,-0.572288215,-0.0228774287,0.999358714,0.149497718,-0.442327201,0.122490115,0.999898434,-0.132677123,-0.520628691,0.168443233,0.999890625,0.126610205,-0.30143711,0.00704805274,0.726492941,-0.0813421,-0.309033602,0.0247834623,0.82605356,-0.0227314737,-0.30049175,-0.0480586775,0.659020483,0.0783964843,-0.350768238,-0.078716144,0.902280569,-0.0745145231,-0.311100513,-0.0502661578,0.606604695,0.150720507,-0.37199828,-0.131397605,0.858843207,-0.0883749351,-0.329370886,-0.0407388099,0.586672366,0.174277931,-0.434810519,-0.119553342,0.84057045,-0.0304371025,-0.295947015,-0.0436438769,0.483810961,0.09508802,-0.376404494,-0.0803177208,0.751394451,0.0952271894,0.00290807406,0.0241772644,0.999970257,-0.0937116295,-0.00691091362,-0.0220524184,0.999971151,0.0786699653,0.427215368,-0.0702438429,0.62415421,-0.0831724256,0.347518265,-0.0962505266,0.571287334,0.0653566197,0.780363,0.0144947348,0.609875441,-0.0802509785,0.736288249,0.0241041,0.49952057,0.0430977531,0.815098584,0.0271672513,0.253723443,-0.078128159,0.769631207,-0.00809012912,0.165280953,0.0621051565,0.811559319,-0.0378248319,0.643394172,-0.104071535,0.762022555,-0.099598445,0.503093541
1483.3333333333344,-0.0180439278,-0.61782366,-0.0408903658,0.999733508,-0.00325061707,-0.633268952,-0.0278865118,0.999541581,-0.00072681217,-0.635246,-0.0173392966,0.999384284,-0.00243918714,-0.634760201,-0.0215630569,0.999622941,-0.0245109182,-0.645228386,-0.0368525498,0.999738038,-0.0231445115,-0.643275142,-0.0496147275,0.999747276,-0.019353725,-0.632463157,-0.0305389054,0.99984479,0.0604349412,-0.615498543,0.0622586,0.999545038,-0.0747596845,-0.578646839,0.0719399303,0.999477506,0.0185694043,-0.60490185,0.00159965246,0.999398112,-0.0202344544,-0.572307527,-0.0231378041,0.999365926,0.149468735,-0.442352831,0.122457,0.999899805,-0.132725492,-0.520607948,0.168035254,0.999890864,0.126707017,-0.301563084,0.00703863846,0.729797602,-0.0813531354,-0.309001714,0.0247080084,0.826565206,-0.0227266047,-0.301012307,-0.0484401472,0.664214671,0.0784019828,-0.350869209,-0.0785850435,0.902357161,-0.0745109543,-0.311600029,-0.0507976077,0.6117149,0.150804773,-0.372086197,-0.131257787,0.858916521,-0.0883847252,-0.330031633,-0.0413629711,0.591917455,0.174323529,-0.435013,-0.119432673,0.840655148,-0.0304376017,-0.296545804,-0.0440776162,0.489015311,0.0950972438,-0.376555204,-0.0801781043,0.751474917,0.0952205583,0.00290646846,0.0241733808,0.999970317,-0.0937060192,-0.00690971222,-0.0220449045,0.999971032,0.0784125701,0.427153707,-0.0702417642,0.623716831,-0.0830664337,0.347477585,-0.0960827246,0.569850802,0.065253593,0.780196428,0.0147033352,0.608690083,-0.0799480155,0.736192,0.0243028067,0.497736365,0.0430208929,0.814918101,0.0274129622,0.253519028,-0.0777941868,0.769531846,-0.0078589106,0.164402768,0.0620526485,0.811113596,-0.0373883918,0.642697036,-0.103501096,0.761735857,-0.0991222337,0.501531541
1500.0000000000011,-0.0180254336,-0.61781168,-0.0409225672,0.999735773,-0.00326156896,-0.633253038,-0.0279089492,0.999545395,-0.00073724403,-0.6352337,-0.0173630435,0.999389231,-0.00244869385,-0.634744883,-0.0215893369,0.999626696,-0.0245156959,-0.645206571,-0.0368985385,0.999740183,-0.0231492575,-0.643250883,-0.0496626869,0.999749124,-0.0193587113,-0.632439852,-0.0305867326,0.999846,0.0604049452,-0.615468621,0.0623297356,0.999548852,-0.0748069063,-0.57857883,0.0718890354,0.999479532,0.018570317,-0.604892552,0.00159476511,0.999403715,-0.0202284288,-0.572278321,-0.0231776126,0.999370873,0.149455622,-0.442327112,0.122793995,0.99990052,-0.132767841,-0.520406187,0.167976156,0.999891222,0.127113253,-0.301536471,0.00792357139,0.730716705,-0.0815671459,-0.308920443,0.0246411674,0.827886641,-0.0225914158,-0.30108276,-0.0476739071,0.665921867,0.0783722103,-0.350951225,-0.0784742385,0.903008461,-0.074425295,-0.311701775,-0.0500453524,0.612946749,0.150818422,-0.372193903,-0.131116599,0.859454036,-0.088350229,-0.330145568,-0.0405619405,0.593123317,0.174343154,-0.435140848,-0.11921332,0.841218531,-0.0303451158,-0.296638578,-0.043304082,0.490211904,0.0950797051,-0.376650304,-0.0800261348,0.752199233,0.0952153057,0.00290392945,0.02416935,0.999970257,-0.0937015936,-0.00691012805,-0.0220376439,0.999970913,0.0783750117,0.427044749,-0.0706421807,0.620856464,-0.0830906481,0.347485065,-0.0960989445,0.566597044,0.0652306601,0.779889107,0.0138628837,0.605095446,-0.0799852833,0.736076117,0.0239506625,0.494009316,0.0430045873,0.814572513,0.0265492685,0.251626283,-0.0778208822,0.769402564,-0.00822305679,0.16253756,0.0620547347,0.810784936,-0.0381334499,0.639681697,-0.103410035,0.761677802,-0.0994545668,0.498056322
1516.6666666666679,-0.0182095226,-0.617788851,-0.0423604324,0.99973613,-0.00350088044,-0.633228719,-0.0294594951,0.99954623,-0.000970086316,-0.635215044,-0.0188738946,0.999390125,-0.0026831266,-0.634722233,-0.0231169257,0.999627948,-0.0247255526,-0.645192325,-0.0385787301,0.999740541,-0.0233533885,-0.643233716,-0.0513391346,0.999749303,-0.0195815433,-0.632423878,-0.0322571918,0.99984616,0.0599929057,-0.615445852,0.06111186,0.999551058,-0.0751405582,-0.578577161,0.0700741559,0.999479234,0.018282054,-0.604876935,0.000328423193,0.999406755,-0.0204688758,-0.572263062,-0.0246570539,0.999373376,0.14903836,-0.442323387,0.122028455,0.999901116,-0.133192241,-0.520381212,0.167060778,0.999891341,0.127117231,-0.30150035,0.00781929214,0.732748032,-0.0823412,-0.308908284,0.023869833,0.829819083,-0.0229904968,-0.301074743,-0.047754176,0.667769849,0.0778773,-0.350962102,-0.0787825808,0.903757751,-0.0750279576,-0.311692864,-0.0501067415,0.614110291,0.150510892,-0.372197479,-0.13133277,0.860075891,-0.0890593454,-0.330104023,-0.0406315587,0.594218612,0.174031124,-0.435115427,-0.119365416,0.841882646,-0.0307900663,-0.29662329,-0.0433838032,0.49126789,0.0946201235,-0.376659214,-0.0803043842,0.75308162,0.0951878726,0.00290060695,0.0241187233,0.999970198,-0.0936745182,-0.00690999348,-0.0219832659,0.999970853,0.0783624575,0.427070588,-0.0706906244,0.618899941,-0.0831210539,0.347789079,-0.0959628299,0.564967871,0.0652376786,0.779830515,0.0138992965,0.602520108,-0.0803855285,0.736194491,0.0239453129,0.492565125,0.0430170633,0.81449604,0.0266078729,0.24977009,-0.0782864243,0.769517064,-0.00822466612,0.161573753,0.0620296709,0.810846567,-0.0379137397,0.637423456,-0.103784874,0.762129605,-0.0994339734,0.496727437
1533.3333333333346,-0.0182212181,-0.617722452,-0.0423925072,0.999736607,-0.00355151063,-0.633161366,-0.0294787716,0.999546885,-0.00102043478,-0.635155141,-0.0188912433,0.9993909,-0.00273135561,-0.634656489,-0.0231380519,0.999628961,-0.0247661863,-0.645126462,-0.0386383571,0.999740958,-0.0233917143,-0.643165827,-0.0514011905,0.999749601,-0.0196251832,-0.632362247,-0.0323184021,0.99984628,0.0596835837,-0.615379751,0.0611316785,0.99955225,-0.0753926039,-0.578531206,0.0698953867,0.999478281,0.0182075426,-0.604831874,0.000314021221,0.999408662,-0.0205242392,-0.572205544,-0.02472068,0.999374628,0.148641333,-0.44231841,0.122089222,0.999901652,-0.13349469,-0.520268798,0.166750088,0.999891222,0.127153322,-0.301382363,0.00800293777,0.733102858,-0.082376264,-0.30879733,0.0228920039,0.830517232,-0.0230911132,-0.300643444,-0.0476281345,0.66807431,0.0777698383,-0.350850254,-0.0795847401,0.903929055,-0.0751857907,-0.311108112,-0.0499783196,0.613998473,0.150394589,-0.372047961,-0.132178813,0.860056579,-0.0893664882,-0.329451144,-0.0405178182,0.594085634,0.173904866,-0.434873074,-0.120115429,0.841857076,-0.0309435893,-0.296145707,-0.0432678945,0.491000205,0.0944913179,-0.376507908,-0.0810827613,0.752924085,0.0951744,0.00288499077,0.024108205,0.999970138,-0.0936611593,-0.00689929025,-0.0219700541,0.999970734,0.0782695487,0.427077442,-0.0708590224,0.617210805,-0.0831853226,0.347870201,-0.0960866064,0.562668502,0.065229252,0.779834628,0.0134018362,0.600756407,-0.0805992857,0.736311793,0.023114657,0.491015494,0.0430115089,0.814501584,0.0260638669,0.248583421,-0.0785145238,0.769647121,-0.00912535377,0.160641581,0.0620468259,0.810847104,-0.0386765786,0.635922551,-0.103951007,0.762243152,-0.100748189,0.495309234
1550.0000000000014,-0.0181680527,-0.617449343,-0.041162502,0.999738634,-0.00351856765,-0.632859111,-0.0277958345,0.999550521,-0.000989445834,-0.634869397,-0.0172402505,0.999395311,-0.00269408082,-0.634363413,-0.0215290245,0.999631763,-0.0247419365,-0.644851923,-0.037250191,0.999743044,-0.0233678035,-0.642893255,-0.0500647724,0.999751508,-0.0196029041,-0.632116,-0.0309698265,0.999847353,0.059669584,-0.614949,0.063975,0.999554932,-0.0755275637,-0.578348279,0.0712828934,0.999480963,0.0181970708,-0.60454911,0.00182845863,0.999411345,-0.0205356032,-0.571965396,-0.0235794559,0.999378,0.148370489,-0.441973299,0.124689311,0.999901772,-0.133964047,-0.51996094,0.166889966,0.9998914,0.127161205,-0.300958306,0.00898911897,0.730840206,-0.0827477574,-0.308525294,0.0224636309,0.830888689,-0.0229996908,-0.299919516,-0.0476742238,0.667490721,0.0776522756,-0.350650907,-0.0804865733,0.904814124,-0.0749930367,-0.310313523,-0.0500268191,0.613390625,0.15027979,-0.371892691,-0.133377597,0.86105,-0.0893060565,-0.328473359,-0.0405786112,0.593455434,0.173882425,-0.434737951,-0.121170767,0.842978,-0.0308890603,-0.295324355,-0.0433202907,0.490181297,0.0943939239,-0.37629205,-0.0819235146,0.754154503,0.0951977894,0.00285147713,0.024176728,0.9999699,-0.0936851725,-0.00687444443,-0.0220258478,0.999970496,0.0784167796,0.426787376,-0.0711880177,0.614639,-0.0831712112,0.347935796,-0.0972789079,0.559717596,0.0654589832,0.779536843,0.0115951132,0.59816426,-0.0806525275,0.736318111,0.0212591104,0.487883687,0.0432555638,0.814246714,0.0240700245,0.247127429,-0.0785682872,0.76965028,-0.0110349189,0.159192458,0.0627059117,0.810644269,-0.041615013,0.633820951,-0.103945792,0.762280345,-0.103587404,0.492382616
1566.666666666668,-0.0180920474,-0.617405951,-0.0409136489,0.999740899,-0.00337703968,-0.632771969,-0.0275396947,0.999554634,-0.000845928851,-0.634792924,-0.0169840716,0.999400735,-0.00255028671,-0.634281874,-0.0212877598,0.999635398,-0.0245352704,-0.644832492,-0.0370621867,0.999745369,-0.0231573097,-0.642871916,-0.0498814,0.999753654,-0.0194012,-0.632099628,-0.0307874661,0.999848604,0.0596693233,-0.614483,0.0641862378,0.999559641,-0.0754072,-0.578345537,0.0712778941,0.999484658,0.0181851909,-0.604442656,0.00205833488,0.999416888,-0.0205357652,-0.571937203,-0.0234575644,0.999384284,0.14804408,-0.441448748,0.124821328,0.999902427,-0.134249777,-0.519926,0.166856259,0.999891818,0.127210781,-0.300527722,0.00914679188,0.731125057,-0.0830195397,-0.308509409,0.0222699288,0.830849707,-0.022976663,-0.299856842,-0.0477096103,0.668829918,0.0774266645,-0.350405842,-0.080712609,0.904768944,-0.0749605,-0.31028232,-0.0500852093,0.614637554,0.15011552,-0.371513605,-0.133603275,0.860957861,-0.0893024951,-0.328466982,-0.0406326689,0.594682336,0.173785567,-0.4342933,-0.121428818,0.842902064,-0.0308752637,-0.295291305,-0.0433629602,0.491307586,0.0942131057,-0.376002342,-0.0821562931,0.753979683,0.0951865911,0.00283687375,0.0241805334,0.9999699,-0.0936730132,-0.00686245412,-0.0220265035,0.999970376,0.0784602687,0.426803529,-0.071267426,0.612323105,-0.0831708089,0.348094612,-0.0974956,0.556681931,0.0658724457,0.779536366,0.0114064123,0.594846606,-0.0806070566,0.736358643,0.0208529923,0.484231055,0.0437112302,0.814246774,0.023873223,0.245080784,-0.0785160437,0.76967907,-0.0114553981,0.157657713,0.0632017851,0.810633302,-0.0416806,0.630880713,-0.103873886,0.762292147,-0.103786379,0.488953501
1583.3333333333348,-0.0180853773,-0.616784692,-0.0397440083,0.999741137,-0.00335794291,-0.632017553,-0.0263124965,0.999555469,-0.0008227207,-0.634079814,-0.015743373,0.999401689,-0.00252367789,-0.633544505,-0.0201129168,0.99963665,-0.0244718622,-0.644315362,-0.0359719284,0.999745607,-0.0230943896,-0.642328918,-0.0488015935,0.999753714,-0.0193448532,-0.631593466,-0.0297215655,0.999848545,0.0596023872,-0.613304138,0.0655829757,0.999561787,-0.0754119754,-0.578086197,0.0719037727,0.999483764,0.0181075241,-0.603774428,0.00326080038,0.999419749,-0.0205834042,-0.571469843,-0.0225162394,0.999387145,0.147454768,-0.440547287,0.126224756,0.99990344,-0.134737745,-0.519749284,0.167198062,0.999892354,0.127225742,-0.299595,0.011547179,0.730663538,-0.0834239721,-0.308291167,0.0224902276,0.8301211,-0.0230133552,-0.298835576,-0.045691479,0.671223342,0.0764480904,-0.348638058,-0.0805293322,0.904856384,-0.0750066116,-0.309172422,-0.048272498,0.617228389,0.149004892,-0.369217902,-0.133415386,0.861202598,-0.0894721374,-0.327358454,-0.0389329381,0.59736383,0.172779858,-0.431523502,-0.121313184,0.843245327,-0.0309402794,-0.294327408,-0.0414765142,0.493832201,0.0932094604,-0.374013722,-0.0820008889,0.754299223,0.0951665,0.0028261221,0.0241889842,0.999969661,-0.0936489552,-0.00685412297,-0.022030713,0.999969959,0.0785641521,0.426788658,-0.0715284,0.607667744,-0.083157,0.348237187,-0.0981338248,0.551160514,0.0658919364,0.77953577,0.0102929501,0.588848829,-0.080598,0.736341238,0.0201173034,0.47771284,0.0437222272,0.814252138,0.0226507019,0.241762504,-0.0785071254,0.769651532,-0.0122034093,0.155182317,0.0633458495,0.8107,-0.0424165651,0.625164568,-0.10388574,0.762279689,-0.104093283,0.482595146
1600.0000000000016,-0.0182397328,-0.616445363,-0.0394115262,0.999736,-0.00344866817,-0.631656,-0.0260772966,0.999546647,-0.000903722772,-0.633722,-0.0155046061,0.999389887,-0.00261312374,-0.633172035,-0.0198822226,0.999629498,-0.0245050583,-0.64407146,-0.0357101336,0.99974072,-0.0231295303,-0.642085135,-0.048526112,0.999749422,-0.0193759967,-0.631358624,-0.0294484068,0.999846041,0.0594934784,-0.612853944,0.065598689,0.999553621,-0.0753917322,-0.578042507,0.0719759241,0.999474645,0.0178253539,-0.603434682,0.0035285491,0.999407828,-0.0207584407,-0.571222663,-0.0222530458,0.999375761,0.147115976,-0.440190554,0.126360536,0.999902248,-0.134854659,-0.519732535,0.167373031,0.999891758,0.127320886,-0.299346626,0.01253423,0.728401303,-0.0834307671,-0.30811578,0.0232823,0.827946842,-0.0228332188,-0.299240828,-0.0431736745,0.667461336,0.0764354765,-0.347078949,-0.0786375776,0.903323233,-0.0747957528,-0.310083598,-0.045582436,0.613122165,0.149017453,-0.367456257,-0.131213546,0.859225035,-0.0892227441,-0.328510165,-0.0359223709,0.592957556,0.172775358,-0.429657817,-0.119301163,0.841029525,-0.030711377,-0.294918776,-0.0388362296,0.489313155,0.0931984484,-0.372339189,-0.080188036,0.751378834,0.0951534,0.00282913237,0.0242124759,0.999969661,-0.0936339,-0.00685742,-0.0220546965,0.9999699,0.0787056312,0.426871806,-0.0714948252,0.608937502,-0.0830752105,0.348249882,-0.0980738327,0.550994694,0.0659769326,0.779857039,0.00982344,0.590376,-0.0802812,0.736308932,0.0201762654,0.47709313,0.0437908843,0.814606249,0.0220657159,0.242446139,-0.0781944543,0.769624,-0.0121459756,0.154943421,0.0637078211,0.811027706,-0.0429320745,0.62581116,-0.103655614,0.762284636,-0.103755824,0.481357515
1616.6666666666683,-0.018339606,-0.616043806,-0.0393739,0.999727845,-0.00349320145,-0.631203413,-0.0260694977,0.999532878,-0.000937659759,-0.633279324,-0.0154922288,0.999370933,-0.0026547946,-0.632702827,-0.0198744517,0.999617755,-0.0245225597,-0.643762529,-0.0356947854,0.999733686,-0.0231502559,-0.641767442,-0.0485023074,0.999743104,-0.019395072,-0.631051,-0.029426327,0.999842525,0.0594572164,-0.612356782,0.0655885,0.999539435,-0.0753959566,-0.577971935,0.0719801262,0.99946332,0.0176183414,-0.603074968,0.0035756235,0.999391139,-0.0209161323,-0.570946574,-0.0222133528,0.999362,0.146834686,-0.439747304,0.126508564,0.999900281,-0.135056198,-0.519710958,0.167668,0.999891698,0.12722303,-0.298973054,0.0141873443,0.725103319,-0.0836498365,-0.30753243,0.0244993698,0.827748775,-0.0227737427,-0.299582481,-0.039824944,0.664029062,0.0762165859,-0.345979959,-0.0767981559,0.904238343,-0.0746831894,-0.310910016,-0.0419380814,0.609599948,0.148908868,-0.366485953,-0.129121825,0.860462904,-0.088963896,-0.329298079,-0.0322086886,0.589155853,0.17260319,-0.428596824,-0.117320955,0.842359722,-0.0305829216,-0.295353234,-0.0354188047,0.485524535,0.0929987952,-0.371263146,-0.0783963203,0.753109276,0.0951521322,0.002845763,0.0242081918,0.999969542,-0.0936310738,-0.00687448,-0.0220503584,0.99996984,0.0789863616,0.427101195,-0.0715334,0.610859334,-0.0832575,0.348268718,-0.0980716,0.552276671,0.0661741123,0.780055523,0.00956753269,0.592227459,-0.0801800564,0.736229122,0.0202895775,0.477824152,0.0439459868,0.814797342,0.0217861701,0.242863357,-0.0780722126,0.769547582,-0.0120071331,0.155134737,0.0639854148,0.811548,-0.0429315977,0.62650907,-0.10367696,0.762317061,-0.103013948,0.481176883
1633.333333333335,-0.0185360685,-0.615867138,-0.0394517109,0.999722242,-0.00368415262,-0.631005108,-0.026192097,0.999524653,-0.00111227972,-0.633093774,-0.0155956158,0.999359846,-0.00283734268,-0.632502198,-0.0199863967,0.999611497,-0.0246496294,-0.643642485,-0.0358435586,0.999729335,-0.0232792273,-0.641633332,-0.0486351624,0.999739,-0.0195352584,-0.630923688,-0.0295608621,0.9998402,0.0590491965,-0.612112582,0.0654925331,0.999532461,-0.075644359,-0.577943742,0.0717027336,0.999455214,0.0172023382,-0.602907836,0.00352190505,0.999380946,-0.0212605558,-0.570819497,-0.0223165173,0.999352396,0.145997509,-0.439475447,0.126426741,0.999899507,-0.135733902,-0.519665837,0.167703196,0.999890924,0.126874968,-0.298738509,0.0149533022,0.723399699,-0.0838096067,-0.306802213,0.0253335182,0.825955868,-0.022790283,-0.300261319,-0.0377395675,0.66155237,0.0760670155,-0.345154405,-0.0742737278,0.902914762,-0.0746703446,-0.312239826,-0.0396093279,0.606931508,0.148845062,-0.365808368,-0.125925586,0.858805239,-0.0888739452,-0.330625325,-0.0299192481,0.586267889,0.172316745,-0.427852213,-0.114223666,0.840485513,-0.0305704921,-0.296231985,-0.0333451219,0.482755154,0.0928048491,-0.370521247,-0.0759126097,0.750759959,0.0951471105,0.00284820143,0.0241687521,0.999969542,-0.0936225578,-0.006878,-0.0220117867,0.99996984,0.079440549,0.427138865,-0.0717076361,0.612355232,-0.0835598558,0.348302394,-0.0980512723,0.552535057,0.0662879869,0.780077577,0.00843622629,0.593519628,-0.0801707879,0.736139655,0.0202674,0.477865905,0.0440301187,0.814817965,0.0205711778,0.243028671,-0.0780503377,0.769455612,-0.0120303277,0.155080065,0.0640302077,0.811833084,-0.0437397808,0.626844585,-0.103683978,0.762406528,-0.102947891,0.480494
1650.0000000000018,-0.0185449813,-0.615503669,-0.0386913493,0.999716401,-0.00369380531,-0.630624,-0.0254706368,0.999514401,-0.00112043496,-0.632711709,-0.014866191,0.999345839,-0.0028462715,-0.632116199,-0.019282259,0.999602854,-0.0246444773,-0.643344581,-0.0352080874,0.99972403,-0.0232743304,-0.641326,-0.0479878448,0.999734104,-0.0195293911,-0.630615771,-0.0289252177,0.999837399,0.058975175,-0.611834645,0.0661223307,0.999522269,-0.0756513849,-0.57785213,0.0719884,0.999447048,0.0171448272,-0.602632821,0.00428816397,0.999367952,-0.0212921798,-0.570571423,-0.021696033,0.99934113,0.145761251,-0.439283907,0.127289534,0.999898255,-0.136048272,-0.519651294,0.167850301,0.999890566,0.126547188,-0.298733354,0.0165143963,0.718316,-0.0846184716,-0.306620955,0.0256222859,0.822842717,-0.0227013975,-0.301228434,-0.036423821,0.655224562,0.0758241564,-0.343470424,-0.0732495636,0.900081217,-0.0744159594,-0.313582063,-0.0384357348,0.60098815,0.148777395,-0.363534093,-0.12472491,0.855297863,-0.0884764865,-0.332013845,-0.0287755877,0.580142856,0.172242269,-0.425529599,-0.113038011,0.836539567,-0.0303819776,-0.297318846,-0.0320876837,0.476895,0.0926218107,-0.368712634,-0.0748724416,0.745647728,0.0951535553,0.0028499274,0.0242871791,0.999969542,-0.0936262831,-0.00687983027,-0.022129748,0.99996984,0.0800851285,0.427144766,-0.0716788471,0.612443686,-0.083587274,0.348300934,-0.0980483368,0.551630199,0.06668102,0.780016065,0.00810897071,0.592567205,-0.0800718293,0.735524237,0.02033877,0.474894911,0.0443896838,0.81474191,0.0201792084,0.242217377,-0.077911675,0.768764257,-0.0119496863,0.153661132,0.0644873604,0.81173712,-0.0438566171,0.625106096,-0.103419811,0.762001693,-0.102259479,0.476655632
1666.6666666666686,-0.0185448825,-0.615259349,-0.0383474752,0.999708414,-0.00369518972,-0.630395234,-0.0251116958,0.999500394,-0.00112170028,-0.632466912,-0.0145166656,0.999327481,-0.00284757116,-0.631879687,-0.018936,0.999591231,-0.0246332623,-0.643105209,-0.0348884724,0.999716103,-0.0232631788,-0.641095102,-0.0476827361,0.999726772,-0.019511912,-0.630377,-0.0286225844,0.999832869,0.058960557,-0.611718535,0.0664002076,0.999508321,-0.0756328553,-0.577740192,0.072130926,0.999433398,0.0171255395,-0.602442861,0.00465709064,0.999350607,-0.0213051885,-0.570379794,-0.021394277,0.999324203,0.145686805,-0.439236403,0.127685338,0.999896824,-0.136071384,-0.519639254,0.167835042,0.999889374,0.125661731,-0.298862547,0.0164627023,0.713745236,-0.0846680477,-0.306572974,0.0256098285,0.818477,-0.0227569249,-0.301560044,-0.0375704803,0.650115371,0.0758720934,-0.340878725,-0.07324633,0.895905077,-0.0744024664,-0.313803524,-0.0401167,0.596572638,0.148935989,-0.359585941,-0.124784671,0.850333691,-0.0884381831,-0.332229376,-0.0304185338,0.575695753,0.172563925,-0.421549,-0.113121301,0.831095695,-0.0303938165,-0.297608,-0.0332778804,0.472457319,0.0927534,-0.365776896,-0.0748791769,0.738635898,0.0951867774,0.00285435282,0.0245612245,0.999969542,-0.0936573371,-0.00688295532,-0.0223999824,0.99996978,0.0801194087,0.427139044,-0.0713086352,0.613496542,-0.0836143047,0.348134041,-0.0980321914,0.552289784,0.0667563826,0.780082047,0.00848613121,0.594912112,-0.0800850242,0.734804571,0.0212450083,0.474879652,0.0444696657,0.814828694,0.0205562748,0.243177652,-0.077915661,0.767958522,-0.0109062307,0.152893901,0.0646119788,0.811705232,-0.0437784083,0.626749635,-0.102993533,0.761315,-0.101259544,0.475708753
1683.3333333333353,-0.0187157672,-0.615255415,-0.0423101559,0.999701381,-0.00376607338,-0.630408943,-0.0295589138,0.999487281,-0.00118517282,-0.632471502,-0.0188825577,0.999310255,-0.00292277895,-0.631886661,-0.0232922863,0.999580204,-0.0247037243,-0.643145204,-0.0392218903,0.999708593,-0.0233340263,-0.641132712,-0.0520126298,0.999719858,-0.0195737351,-0.630407929,-0.0329130068,0.999828577,0.0589370877,-0.611826062,0.0615960658,0.999495745,-0.0756347775,-0.578096151,0.0677797943,0.999421358,0.0169415735,-0.602455497,0.000793802203,0.99933362,-0.0214449018,-0.57043165,-0.0251563024,0.999308288,0.145606831,-0.439530581,0.124114215,0.999895096,-0.136089236,-0.520268559,0.164952725,0.99988842,0.124933213,-0.299543589,0.0128872972,0.714272797,-0.084697552,-0.306763738,0.0243709534,0.817799509,-0.0231471919,-0.302666545,-0.0419454165,0.649594128,0.0763256,-0.339073,-0.0737474933,0.89440012,-0.0746734515,-0.314602852,-0.0446239561,0.596330225,0.149784058,-0.356367588,-0.125302747,0.848553956,-0.0886088312,-0.333045721,-0.0352446213,0.575473845,0.173967779,-0.41811505,-0.113739312,0.829175651,-0.0306581929,-0.298618019,-0.0376602747,0.472197592,0.0935277119,-0.363668054,-0.0754409581,0.736204267,0.0951824337,0.00286400574,0.0245849825,0.999969304,-0.0936520696,-0.00688932277,-0.0224266555,0.999969482,0.0800843611,0.427131653,-0.0708484426,0.614174,-0.083808586,0.34735781,-0.0976298,0.552573919,0.0667263344,0.780080318,0.0102201942,0.59640497,-0.08015991,0.734264374,0.0231840573,0.475239605,0.0444314815,0.814821303,0.022474438,0.2435489,-0.0779925361,0.76741749,-0.00874477718,0.152684838,0.064375706,0.811619222,-0.0412758105,0.627725244,-0.103052415,0.760812819,-0.0978526548,0.475400537
1700.000000000002,-0.0189893898,-0.615293086,-0.0456546,0.999694824,-0.00387620786,-0.6304757,-0.0334185399,0.999475777,-0.00128536252,-0.632522643,-0.0227306057,0.999296,-0.00303764059,-0.631942809,-0.0270860083,0.999570847,-0.0247829091,-0.643269598,-0.0428791828,0.999701738,-0.0234164465,-0.641255319,-0.0556578338,0.999713778,-0.0196435153,-0.6305179,-0.0365449898,0.999824822,0.058925651,-0.61202693,0.0570007116,0.99948591,-0.0755406,-0.578735173,0.0641025379,0.999411345,0.0167052764,-0.602515,-0.00262130378,0.999322116,-0.0215992667,-0.570578277,-0.0283643305,0.999297619,0.145590812,-0.43992421,0.121237583,0.999894202,-0.136106521,-0.521025836,0.162731603,0.999888182,0.124854408,-0.299709678,0.0106054991,0.716210485,-0.084770292,-0.306735873,0.0241107401,0.817998946,-0.02310762,-0.303790569,-0.0459563769,0.652073801,0.0764064044,-0.337895632,-0.0738018,0.894031823,-0.0745522305,-0.315828204,-0.0489352383,0.59922421,0.150042206,-0.354902685,-0.125388116,0.848277211,-0.0883906633,-0.334623,-0.0397031344,0.578420401,0.174256116,-0.416968316,-0.11379832,0.828914702,-0.0305585843,-0.299885213,-0.0416927598,0.474985361,0.0936947763,-0.362561524,-0.0754853413,0.7359038,0.0951951221,0.00287271384,0.024666151,0.999969184,-0.0936634243,-0.00689490885,-0.0225138329,0.999969304,0.0801303685,0.427110016,-0.0699289814,0.617086709,-0.0838509649,0.346717089,-0.097054176,0.555979431,0.0668012127,0.780053139,0.0133059137,0.600081,-0.0800802335,0.733680308,0.0262848623,0.477703124,0.0445040241,0.814783812,0.0258733016,0.245360062,-0.0778828934,0.766824,-0.00526069151,0.153213665,0.0643786937,0.811597586,-0.0373028144,0.630704701,-0.102495804,0.760622263,-0.0931785926,0.476911485
1716.6666666666688,-0.0193213224,-0.615315676,-0.0476518348,0.999691546,-0.00410508,-0.630527198,-0.0355809703,0.99947089,-0.00149924576,-0.632563829,-0.0248843729,0.99929142,-0.0032625671,-0.631985426,-0.0292203259,0.999567747,-0.024950739,-0.643350065,-0.0451154485,0.999698102,-0.0235852078,-0.64133352,-0.0579158328,0.99971056,-0.019805016,-0.63059634,-0.0387661792,0.999822378,0.0587115139,-0.612157762,0.0546376668,0.999483883,-0.0755621418,-0.579110503,0.0615459345,0.999404609,0.0163018927,-0.602549493,-0.00462289853,0.999316573,-0.0218859296,-0.570665121,-0.0304407291,0.999290347,0.145314202,-0.440552384,0.119448975,0.99989444,-0.136278927,-0.521158278,0.160692438,0.99988687,0.124798767,-0.300486028,0.00880318228,0.719544768,-0.0846666545,-0.305793554,0.0235266443,0.81724745,-0.0233030673,-0.305120409,-0.0497705266,0.657127,0.0764970854,-0.336791098,-0.0738490671,0.892629564,-0.0747200921,-0.317018241,-0.053127449,0.604761124,0.150190905,-0.35403505,-0.125448,0.846778274,-0.0886643678,-0.336215615,-0.0439691171,0.584156394,0.174255908,-0.416545242,-0.113869675,0.827344835,-0.030761512,-0.301360309,-0.045625519,0.480603576,0.0937492102,-0.36173746,-0.0755338222,0.733904958,0.0951972678,0.00286985841,0.0247272924,0.999969125,-0.0936640725,-0.00688872393,-0.0225805342,0.999969,0.0801401734,0.426947236,-0.0694954842,0.619848967,-0.0838666186,0.346203387,-0.0968716219,0.55899924,0.0667895228,0.779901683,0.0142110605,0.603556633,-0.0800449625,0.733474255,0.0269141179,0.48044163,0.0444850065,0.814634204,0.0268139243,0.247307718,-0.0778421,0.766647875,-0.0045726723,0.154142961,0.0642913058,0.811407268,-0.0362489372,0.633629,-0.102327265,0.760566354,-0.0921619087,0.478914529
1733.3333333333355,-0.0194311831,-0.615438163,-0.0514922142,0.999693334,-0.00426438358,-0.630752325,-0.0394617133,0.999474466,-0.00164322287,-0.632763088,-0.0287267547,0.999297,-0.00341571751,-0.632195294,-0.0329968743,0.999571,-0.0251447856,-0.643514037,-0.0490223095,0.999699593,-0.023770947,-0.641490817,-0.0618322715,0.999711871,-0.0199951958,-0.630749404,-0.0426220186,0.999823,0.0586556,-0.612952,0.0512399673,0.999487,-0.0757332593,-0.579506814,0.0583783761,0.999405265,0.0162461232,-0.602784336,-0.00812452,0.999316275,-0.021949267,-0.570845127,-0.033899527,0.999288499,0.145298988,-0.441766471,0.116809763,0.999894619,-0.136260733,-0.521334529,0.158697218,0.999885738,0.124579385,-0.300936043,0.00604517525,0.723219633,-0.0842807293,-0.305178225,0.0226033926,0.817512274,-0.0242015291,-0.307074249,-0.0522772968,0.660642087,0.0769737735,-0.336796224,-0.0738816038,0.891260386,-0.0757822394,-0.319518805,-0.0554012731,0.608156323,0.150803551,-0.354225695,-0.125455827,0.844797432,-0.089534305,-0.339059085,-0.0460426323,0.587617099,0.174436554,-0.416689306,-0.113874279,0.82517314,-0.0315639377,-0.303581417,-0.0480021127,0.483874738,0.0941087231,-0.36182,-0.0755681247,0.731191754,0.095179975,0.00287024118,0.0247306377,0.999969065,-0.0936457664,-0.00688817538,-0.0225862078,0.999968827,0.0801658481,0.426906854,-0.0693793,0.621942699,-0.0838454515,0.345763862,-0.0964681,0.561021566,0.0667546391,0.779930592,0.0141100911,0.60656929,-0.080003,0.733406663,0.0269781426,0.482713431,0.0444430262,0.814663529,0.0266797785,0.249056309,-0.0778011382,0.766604185,-0.00453257374,0.155086026,0.064137727,0.811401546,-0.036390882,0.636451721,-0.102230109,0.760516107,-0.0921149477,0.481055707
1750.0000000000023,-0.0193914864,-0.615441501,-0.0491633639,0.999693573,-0.00428821705,-0.63077718,-0.0367225222,0.999475,-0.00166323618,-0.632787943,-0.0259859413,0.999299109,-0.00343135744,-0.632220805,-0.0303281397,0.999572694,-0.0251592044,-0.643514454,-0.0467490964,0.999698818,-0.0237833653,-0.641490281,-0.0596150644,0.999710917,-0.0200090278,-0.630752,-0.0404100716,0.999821782,0.0581915379,-0.613307595,0.0546469949,0.999489069,-0.0761234611,-0.579564333,0.0599389337,0.999399304,0.0162262097,-0.602870822,-0.00543319155,0.999315,-0.0219641235,-0.570865393,-0.0318286642,0.999282956,0.144657642,-0.442791522,0.11975839,0.999896169,-0.136356845,-0.521351874,0.159096763,0.999884307,0.124223292,-0.301367521,0.00909836404,0.725942552,-0.0838508531,-0.304204702,0.022966193,0.817231894,-0.0264424682,-0.306620121,-0.0505173095,0.665963411,0.0777411163,-0.335204452,-0.072312735,0.889977098,-0.0784990266,-0.31824252,-0.0539654978,0.614078939,0.15175885,-0.352637082,-0.123973846,0.843333304,-0.0932623,-0.338046342,-0.0446406156,0.593930066,0.174933419,-0.415638924,-0.112603687,0.823676646,-0.0342184715,-0.303145409,-0.0463487692,0.48997739,0.0947008505,-0.360478789,-0.0740803555,0.729162335,0.0951766297,0.00285506179,0.024857698,0.999968767,-0.0936403796,-0.00687371567,-0.0227206629,0.999968171,0.0801695287,0.426803142,-0.0696284,0.623474061,-0.0838734135,0.345754325,-0.0965984315,0.56119293,0.0664611682,0.780112267,0.006313805,0.609497666,-0.0807738528,0.733305931,0.0254341047,0.48244524,0.0440903418,0.814958513,0.0177781284,0.250774771,-0.0786246806,0.766525209,-0.00634188578,0.154758602,0.0640396252,0.811587572,-0.0475493483,0.639015138,-0.102282666,0.760506928,-0.0945047885,0.480533153
1766.666666666669,-0.0193342455,-0.615292966,-0.0479889326,0.9996925,-0.00429101149,-0.630692244,-0.03555765,0.999473333,-0.00165962765,-0.632697344,-0.024825098,0.999298096,-0.00342218089,-0.632134557,-0.0292052887,0.999572694,-0.0251437034,-0.643389404,-0.0455828048,0.99969691,-0.0237676464,-0.641353607,-0.0584236123,0.999708891,-0.0199960638,-0.63063252,-0.0392538607,0.999820173,0.0581864938,-0.613351405,0.0557748973,0.99948889,-0.076108709,-0.579544604,0.0612542406,0.999391,0.0162751079,-0.60283339,-0.0042131464,0.999311864,-0.0219049826,-0.570760727,-0.0305720456,0.999276102,0.144644395,-0.443203658,0.120867707,0.999897599,-0.136283085,-0.521274686,0.160886258,0.999883533,0.124257021,-0.301878661,0.0117735593,0.728671491,-0.0838508755,-0.302417815,0.0260489415,0.816507816,-0.0266904868,-0.306534529,-0.046258267,0.670120776,0.0779499188,-0.333260179,-0.0689365119,0.888548136,-0.0788420439,-0.317856848,-0.0496692732,0.618342042,0.152337104,-0.350831747,-0.12064027,0.8417629,-0.0937068835,-0.337700158,-0.0401931964,0.59839654,0.175255,-0.414411843,-0.109531,0.822010159,-0.0345038697,-0.303062588,-0.0419992246,0.494268686,0.094909884,-0.358866334,-0.0708501935,0.726994216,0.0951766819,0.00285375235,0.0248659495,0.999968588,-0.093638733,-0.00687177246,-0.0227294266,0.999967694,0.0802172348,0.426769763,-0.0702257529,0.624726474,-0.0838976428,0.34551695,-0.0967357531,0.561678588,0.0663080215,0.780282378,0.00195873296,0.61184597,-0.0810106248,0.73293215,0.0240398739,0.482353479,0.0439128242,0.815176129,0.0130015742,0.252135962,-0.0788455531,0.766188085,-0.00796933286,0.154592991,0.0640363768,0.811638296,-0.0529072061,0.640773177,-0.102276832,0.760307193,-0.0963034481,0.480035514
1783.3333333333358,-0.0192492399,-0.615252674,-0.0451040938,0.999697566,-0.00429134676,-0.630688488,-0.0322492644,0.999483168,-0.00166010961,-0.632692814,-0.0215446725,0.999312878,-0.00341336848,-0.632132411,-0.0259920415,0.999582589,-0.025144672,-0.643351912,-0.0424494557,0.999700248,-0.0237678587,-0.64131546,-0.0553600639,0.999711215,-0.0199984182,-0.6306023,-0.0362251,0.99982053,0.0581464581,-0.61348623,0.0594301596,0.999501288,-0.0762036741,-0.579495728,0.0643774793,0.999388397,0.0163470842,-0.602831066,-0.00128561829,0.999320924,-0.0218691118,-0.570710361,-0.0277491398,0.999277234,0.144433156,-0.443798393,0.122945853,0.999900401,-0.136285529,-0.521067321,0.162642434,0.999880552,0.124284014,-0.302956194,0.0123998551,0.73372668,-0.0838336796,-0.301938236,0.0262736194,0.811971486,-0.0270637367,-0.30595687,-0.0461399294,0.677608,0.0782457963,-0.332123667,-0.0690384656,0.881967723,-0.0792919844,-0.316092938,-0.0496477224,0.626131654,0.152917296,-0.349327445,-0.120769903,0.834210336,-0.0946608335,-0.335977256,-0.0401555188,0.606606126,0.175635636,-0.413268417,-0.109645329,0.813896596,-0.0350463726,-0.302333593,-0.0418866463,0.502437,0.0951886103,-0.3577829,-0.0709546804,0.717284799,0.0951785445,0.00279534282,0.0249211676,0.999968469,-0.0936384201,-0.00680549629,-0.0227838,0.999966919,0.0801853091,0.426477343,-0.070248425,0.62589556,-0.0840116143,0.344864428,-0.0969252,0.56077683,0.0659526214,0.780257463,0.00103270903,0.613928676,-0.0814306289,0.732548296,0.0237048604,0.481347919,0.0435632765,0.815173268,0.0120210536,0.253302932,-0.0792035833,0.765844464,-0.00838273857,0.154102042,0.0640356839,0.811566293,-0.0545105375,0.642364144,-0.102229767,0.760089695,-0.0969838649,0.478585333
1800.0000000000025,-0.0191787966,-0.615489244,-0.0436613038,0.999704242,-0.00428288709,-0.631055236,-0.0308842678,0.9994964,-0.00165605196,-0.633060575,-0.0201975256,0.999332964,-0.00339892693,-0.63253,-0.0246320143,0.999595761,-0.0251195952,-0.643559158,-0.04101054,0.999704897,-0.0237409901,-0.641533673,-0.0539833345,0.999714732,-0.0199697651,-0.630831957,-0.0348476507,0.999821544,0.0581322759,-0.61412549,0.0601113662,0.999518,-0.0760534629,-0.579555,0.0655301064,0.999387205,0.0164546911,-0.603117526,-0.000122565863,0.999335349,-0.0217303243,-0.570863247,-0.0263959523,0.99928242,0.144343838,-0.444808364,0.122957014,0.999903858,-0.136035889,-0.521054387,0.163481966,0.999876678,0.123741008,-0.305143416,0.0110851619,0.741224945,-0.0829137862,-0.301933646,0.026411213,0.80468291,-0.0272178482,-0.306158632,-0.0499572866,0.687406361,0.0799199715,-0.331847429,-0.0693838149,0.87061888,-0.0792867839,-0.316078931,-0.0546052046,0.636268198,0.154999644,-0.348642439,-0.121453322,0.821633756,-0.0946627781,-0.335953295,-0.0451452322,0.617287099,0.17734237,-0.412854701,-0.110626854,0.800592303,-0.0351568051,-0.302420557,-0.0458620377,0.513198376,0.0969157666,-0.357510865,-0.0714373,0.702124,0.0951889083,0.00269932207,0.0249308515,0.999968827,-0.0936454907,-0.00669368543,-0.0227937363,0.999966621,0.0799885094,0.426065952,-0.0700613931,0.629322946,-0.0839892253,0.344537437,-0.0969645679,0.562504292,0.0658755675,0.780249476,0.00163935975,0.617775559,-0.0813651681,0.732483864,0.0240420196,0.482669264,0.0435235649,0.815177619,0.0127049219,0.254825801,-0.079080157,0.765783191,-0.00803689286,0.154499084,0.0642780438,0.811335206,-0.0540701188,0.645549953,-0.101171948,0.759885967,-0.0968688726,0.479493171
1816.6666666666692,-0.0185254365,-0.615383327,-0.0386553295,0.999706924,-0.0038647023,-0.631019652,-0.025658723,0.999501,-0.00125370931,-0.633021116,-0.0150894662,0.999341428,-0.00294298748,-0.632499635,-0.0195373427,0.999601483,-0.0246538687,-0.643431962,-0.0358111039,0.999704897,-0.0232849214,-0.641421,-0.048853226,0.999714255,-0.0194850154,-0.630728126,-0.0297715887,0.999820232,0.0583299361,-0.614255,0.0649457648,0.999525428,-0.0756078064,-0.579475582,0.0704304427,0.999378562,0.017152831,-0.603093088,0.00471883733,0.999339104,-0.0210374538,-0.570761085,-0.0214804187,0.999278,0.1444498,-0.445425302,0.126486197,0.99990648,-0.135693565,-0.520995915,0.166442,0.999874234,0.123833604,-0.306217134,0.0118471785,0.745033085,-0.0826142132,-0.300837904,0.0285532512,0.798295259,-0.0266681723,-0.305477411,-0.0505151153,0.693669319,0.0807645544,-0.328281164,-0.0693559274,0.862740934,-0.0783368424,-0.314153,-0.055927407,0.64327693,0.156100735,-0.344131827,-0.121541962,0.813367724,-0.0941452235,-0.334172666,-0.0465314537,0.624839962,0.178622991,-0.409237832,-0.110746808,0.791909337,-0.0346911475,-0.301540554,-0.0465427153,0.520492136,0.0979058743,-0.353977114,-0.0714699849,0.691648543,0.0952459574,0.00264439569,0.0251393989,0.999968767,-0.0937000215,-0.00662520668,-0.0229929127,0.999965966,0.0800386667,0.425240904,-0.0699921548,0.631160438,-0.0833006129,0.344130337,-0.0972738564,0.562537611,0.0659032091,0.779846072,0.00186010625,0.619856775,-0.080952175,0.731520236,0.0241476446,0.48089695,0.0435821638,0.81486845,0.0129908687,0.256190747,-0.0785597414,0.764764667,-0.00792186707,0.153648421,0.0652410835,0.809767902,-0.0542142689,0.647064686,-0.0988366753,0.75790906,-0.0968971178,0.477071851
1833.333333333336,-0.0181449857,-0.615280569,-0.0339721963,0.999713063,-0.00351956091,-0.630975,-0.0204198882,0.999511778,-0.000928234367,-0.632972062,-0.00990672223,0.999356925,-0.00256359973,-0.632462263,-0.0144233918,0.999611378,-0.0243714135,-0.643332064,-0.0306054652,0.999709368,-0.0230126064,-0.6413275,-0.0437096581,0.999717772,-0.0192129798,-0.630646825,-0.0246604308,0.999821544,0.0587030798,-0.614262402,0.0708446056,0.999536335,-0.0754578412,-0.579345763,0.0764268,0.999379158,0.0175644811,-0.603023827,0.00939776748,0.999345362,-0.0207684543,-0.570633471,-0.0166311059,0.999278486,0.144442648,-0.445579946,0.129842967,0.999908626,-0.135645777,-0.520430505,0.16999805,0.999871373,0.123242415,-0.308247119,0.0119165657,0.745818734,-0.0827401429,-0.299245924,0.0300085191,0.789779961,-0.0265679415,-0.305435836,-0.051948823,0.696022391,0.0809139162,-0.324953139,-0.0693686455,0.852132618,-0.0777380466,-0.313582838,-0.0582074,0.646438658,0.156423539,-0.340115398,-0.12160635,0.802206576,-0.0937262326,-0.333140671,-0.0487910174,0.628415763,0.179235443,-0.405754656,-0.110852532,0.780148149,-0.034563031,-0.301343739,-0.0481256731,0.52372,0.0981688723,-0.350671202,-0.0715083,0.677945554,0.0953219086,0.00257212226,0.0251986682,0.999968827,-0.0937703773,-0.00653818855,-0.0230493713,0.999965489,0.0800529867,0.424176306,-0.07053148,0.630699813,-0.0832270905,0.343414575,-0.0982994214,0.559723496,0.0658467114,0.779129267,-0.000596544123,0.620504797,-0.0808157,0.729896426,0.0239638258,0.477107048,0.0435456596,0.814258039,0.0102554914,0.256876498,-0.0783387572,0.762966454,-0.00813212804,0.1523581,0.0655692741,0.806932628,-0.0593636818,0.647401631,-0.0978009552,0.754709721,-0.0977386162,0.47302857
1850.0000000000027,-0.0179592855,-0.61518842,-0.031723164,0.999716878,-0.00336885452,-0.630919218,-0.0178857613,0.99951762,-0.000772593427,-0.632911384,-0.00742634246,0.999365747,-0.00238922844,-0.632411063,-0.0119576147,0.999616623,-0.0242556948,-0.643229187,-0.0281760525,0.999711692,-0.0228979867,-0.641231418,-0.0412779525,0.999719739,-0.019091038,-0.630564392,-0.0222350098,0.999822199,0.0588871725,-0.614268363,0.0739133582,0.999541521,-0.0754362792,-0.579277754,0.0792444572,0.999379039,0.01777713,-0.602968276,0.0117652854,0.999349296,-0.0206514727,-0.570543051,-0.0143417325,0.999279439,0.144495577,-0.445603669,0.133439124,0.999910057,-0.135643497,-0.520322859,0.171951547,0.999870777,0.123246,-0.308606893,0.0131687839,0.745165,-0.0832280889,-0.29808867,0.0326200575,0.784054697,-0.0242229961,-0.30585441,-0.0529708304,0.698203087,0.0808900297,-0.322629809,-0.0682744086,0.846892476,-0.0740262792,-0.313943595,-0.0600143336,0.649996519,0.156422988,-0.337469727,-0.121045686,0.797031164,-0.0900735781,-0.333570093,-0.0507551469,0.632433891,0.179353163,-0.403551966,-0.110569283,0.774719596,-0.0320547335,-0.30176717,-0.0493665151,0.527427077,0.0981730819,-0.348441482,-0.0705633163,0.671147466,0.0953965113,0.00255838223,0.0254050139,0.999968767,-0.0938418955,-0.00651922403,-0.0232495721,0.999965131,0.0800819322,0.42363584,-0.070533976,0.630289435,-0.0831261575,0.343094319,-0.0990312546,0.558845,0.0658133,0.778407931,-0.00122776104,0.621087492,-0.0807584226,0.728991091,0.0237557404,0.474299043,0.043520622,0.813596249,0.00956288166,0.257953256,-0.0782493427,0.762001634,-0.00832789578,0.151405379,0.0658104792,0.805882573,-0.0601199903,0.647626877,-0.0973566398,0.753693879,-0.0981353223,0.469487369
1866.6666666666695,-0.017780086,-0.615182817,-0.0318431444,0.999717832,-0.00319305016,-0.630920649,-0.0180781558,0.999516845,-0.000572343357,-0.632908762,-0.00760268234,0.999365568,-0.00219569448,-0.632410765,-0.0121198157,0.99961549,-0.0241182055,-0.643226564,-0.0283294898,0.999711275,-0.0227510016,-0.64122963,-0.0414495021,0.99971962,-0.0189361833,-0.630567193,-0.022386482,0.999821663,0.0589581057,-0.61432308,0.0735552385,0.999538183,-0.0754347369,-0.579372168,0.0790455565,0.999377072,0.0178815685,-0.602988482,0.0115979202,0.999346077,-0.0205797162,-0.570565343,-0.0144995125,0.999277771,0.1444574,-0.445823073,0.133395657,0.999910355,-0.135718435,-0.520454288,0.171461746,0.99987179,0.122774825,-0.309813589,0.0131614925,0.742756724,-0.0850500911,-0.297449827,0.0325194113,0.781453729,-0.023458166,-0.308551222,-0.0562053323,0.698203862,0.0805357546,-0.318089545,-0.0683235079,0.845337152,-0.0726511851,-0.316792488,-0.0640581176,0.651752,0.156271949,-0.331417888,-0.121275522,0.795939147,-0.088625446,-0.336682111,-0.0553017743,0.634667635,0.179420128,-0.397558421,-0.111048765,0.773697078,-0.0311674923,-0.304530412,-0.0529541597,0.529415607,0.0980743393,-0.343690455,-0.0706699714,0.669226766,0.095422,0.00255037285,0.0257496722,0.99996841,-0.093865633,-0.00650982419,-0.0235967524,0.999964654,0.0801205263,0.423420876,-0.0702125728,0.627155602,-0.0830249712,0.342819899,-0.0992409065,0.556263328,0.0658066,0.778107,-0.00106083683,0.6185444,-0.0806457251,0.72871393,0.0233707912,0.470262,0.043515835,0.813292146,0.00977188535,0.257300258,-0.0781023577,0.761709809,-0.00872057211,0.149765357,0.0659923,0.805508137,-0.0597283579,0.645139873,-0.0969857052,0.753423035,-0.0983554795,0.464596868
1883.3333333333362,-0.0171692353,-0.614770412,-0.0338516384,0.999717355,-0.00266108848,-0.630543232,-0.01947519,0.999512374,-1.37013903e-005,-0.632488847,-0.00900557823,0.999359488,-0.00165489991,-0.632001579,-0.0135011645,0.999610066,-0.0238335729,-0.64279139,-0.0302031823,0.999709308,-0.0224559698,-0.640807509,-0.0433416627,0.999718249,-0.0186149441,-0.630169272,-0.024234863,0.999820411,0.0591987409,-0.614273787,0.0733148754,0.999529362,-0.0756774098,-0.579302371,0.0776904,0.999372542,0.0183609389,-0.602771699,0.0103947008,0.999339283,-0.0203557163,-0.570344567,-0.0163284186,0.999274075,0.144531459,-0.44582516,0.133639932,0.999909818,-0.135864183,-0.520659149,0.16991207,0.999873459,0.122887835,-0.309808046,0.0134488661,0.740170658,-0.0858502761,-0.297370523,0.0309895333,0.780611,-0.0214398373,-0.30923298,-0.0569065139,0.697061718,0.0804715753,-0.313085765,-0.0721566156,0.84614253,-0.0704875365,-0.317669183,-0.0649748668,0.65208149,0.156202286,-0.324602872,-0.126511082,0.797364891,-0.0865376145,-0.337868094,-0.0564414449,0.635440588,0.179827362,-0.389685482,-0.11673934,0.775387287,-0.0292122159,-0.305271059,-0.0537321307,0.529838383,0.0981022045,-0.337814778,-0.0747314319,0.670506418,0.0954573452,0.00254960638,0.026268404,0.999967813,-0.0939023793,-0.00650685187,-0.0241062716,0.999964178,0.0801283494,0.4233886,-0.0685170069,0.6259498,-0.0826944113,0.342773825,-0.0992682725,0.555350065,0.065810062,0.777892828,0.000728262821,0.61823684,-0.0806995481,0.728578389,0.0237735845,0.468848586,0.0435281,0.813082218,0.0116516417,0.258057117,-0.0781869,0.76155293,-0.00819865149,0.148949534,0.0664023533,0.805499494,-0.0567765161,0.644765258,-0.0969924331,0.753354192,-0.0980298668,0.462032735
1900.000000000003,-0.0170460343,-0.614649951,-0.0339325927,0.999721348,-0.00255890843,-0.630434155,-0.0196619295,0.999517202,0.000106091808,-0.632362664,-0.00918205921,0.999365628,-0.00154062663,-0.631885409,-0.0136749242,0.999613166,-0.0237813257,-0.642671168,-0.0303339716,0.999712467,-0.0223978721,-0.640685081,-0.0434612893,0.999721289,-0.0185559429,-0.630063355,-0.0243566986,0.99982214,0.0593469404,-0.614227593,0.073164396,0.999531031,-0.0757575482,-0.579261839,0.0774624422,0.99937731,0.0184959378,-0.602690816,0.0102417935,0.999344945,-0.020307729,-0.570261717,-0.016420275,0.999281526,0.144622192,-0.445725977,0.134334281,0.999910414,-0.135904759,-0.520678282,0.169864938,0.999875307,0.122963756,-0.309689403,0.0139536373,0.739901721,-0.0865925,-0.297158271,0.0309468433,0.779370904,-0.0210797656,-0.31015262,-0.0570033938,0.698311448,0.0803975835,-0.311478615,-0.0721528083,0.844921172,-0.070261538,-0.319312364,-0.0650098,0.654332638,0.156183794,-0.323002,-0.126510039,0.796028,-0.0862347633,-0.339890897,-0.0564199351,0.637989879,0.180048332,-0.387912124,-0.116723023,0.773994327,-0.0288584251,-0.306464106,-0.0537953451,0.532007396,0.0981054157,-0.336118102,-0.0747223422,0.668221116,0.0954657868,0.00255315588,0.0265756156,0.999967575,-0.0939102918,-0.00650756201,-0.0244221,0.999963939,0.0800980702,0.423383623,-0.0680032149,0.62447983,-0.082573086,0.342647851,-0.0995340198,0.554679453,0.0658043772,0.777623057,0.00110249873,0.616727948,-0.0806761235,0.728232145,0.0236239638,0.466524065,0.0435301848,0.812768698,0.0120341023,0.258260429,-0.0781628862,0.761162043,-0.0083248578,0.14804472,0.0667545348,0.804777324,-0.0560310595,0.643301606,-0.0968884602,0.75250417,-0.0982234254,0.458926022
1916.6666666666697,-0.016729055,-0.614452064,-0.0339875035,0.99972415,-0.00236498564,-0.63025862,-0.0196838509,0.999518514,0.000345355569,-0.632167399,-0.00921081472,0.999366701,-0.00130932615,-0.631700277,-0.0137042617,0.999612927,-0.0236346,-0.642404377,-0.0303669088,0.999714673,-0.0222420748,-0.640409887,-0.0434578173,0.999723613,-0.0183992628,-0.629812837,-0.0243573822,0.999823928,0.0597232357,-0.614196181,0.0734689385,0.999526143,-0.0757581219,-0.578987241,0.0777063221,0.999380171,0.0189199448,-0.602591097,0.0102413287,0.99934721,-0.0200194176,-0.570051074,-0.0164249,0.999288321,0.144962817,-0.445654482,0.135332659,0.999910712,-0.135839194,-0.520575583,0.171280608,0.999878466,0.122989088,-0.309706211,0.0155362654,0.735946417,-0.0890853405,-0.29532668,0.0360620581,0.777155817,-0.0180936586,-0.311881393,-0.0563321,0.694223225,0.0772871152,-0.306296498,-0.0672879815,0.8443349,-0.0663164556,-0.322053373,-0.0646134317,0.651193857,0.153225362,-0.31747663,-0.1216245,0.795647383,-0.0814603269,-0.342383653,-0.0560592115,0.63501054,0.178294718,-0.382155597,-0.112487264,0.773656607,-0.0254351068,-0.30831936,-0.053181123,0.528617,0.0957085565,-0.330853134,-0.070150286,0.667319655,0.0954792351,0.00257545151,0.0266231261,0.999967456,-0.0939218104,-0.00652724877,-0.0244758353,0.999964118,0.0801461563,0.42343244,-0.0680117458,0.622188509,-0.0824289173,0.342458636,-0.10011363,0.554085076,0.0657717735,0.77761519,0.000630600785,0.613550603,-0.0805772319,0.728179932,0.0207786039,0.464250773,0.0435108729,0.812754095,0.011477924,0.257156044,-0.0780437365,0.761114836,-0.0114481216,0.147033,0.067098029,0.804394543,-0.0561247207,0.639966905,-0.0968216136,0.752039135,-0.102001704,0.455609441
1933.3333333333364,-0.0161262881,-0.613600671,-0.0341774598,0.999727488,-0.00198823982,-0.629537344,-0.019819282,0.999520481,0.000790069229,-0.631400883,-0.00935351662,0.999368131,-0.000885200629,-0.630938172,-0.0138585307,0.999612451,-0.0233220737,-0.641505599,-0.0305479877,0.999717832,-0.0219176076,-0.639478266,-0.0435868,0.99972713,-0.0180719234,-0.628906965,-0.0245055277,0.99982655,0.0603660792,-0.614054084,0.0733486935,0.999519944,-0.0757221207,-0.578282535,0.0775720403,0.999385953,0.0197234731,-0.602106,0.0101544494,0.999350607,-0.0193931852,-0.569251418,-0.0164889339,0.999298215,0.145858556,-0.445599794,0.136480823,0.999910891,-0.13536796,-0.520360768,0.1720303,0.999882638,0.123652019,-0.309697062,0.0200990513,0.73327,-0.0904428288,-0.292575598,0.0391368046,0.778099537,-0.0144553818,-0.314103365,-0.0506879874,0.692606807,0.0754812956,-0.298292428,-0.0644914135,0.846786,-0.0623536371,-0.325353861,-0.058815863,0.650115192,0.151641056,-0.308218658,-0.118716419,0.798664451,-0.0766856819,-0.345541239,-0.0502444096,0.634072721,0.177651972,-0.37207678,-0.109827958,0.776965857,-0.0214264654,-0.310706556,-0.0474443734,0.527596235,0.0945188403,-0.322356105,-0.0674985349,0.670953691,0.095497705,0.00260321889,0.0267831571,0.999967396,-0.0939372927,-0.00654936628,-0.0246439874,0.999964356,0.0807193145,0.42347616,-0.0681354105,0.622338891,-0.0819949,0.342444479,-0.100513674,0.555807352,0.066105023,0.777627826,0.000264873466,0.612179399,-0.0800935104,0.728172481,0.0191723295,0.464321107,0.0438885316,0.812749088,0.0110885482,0.256921917,-0.0774835944,0.761111438,-0.0131617663,0.146385804,0.0687278882,0.80431968,-0.056004826,0.63833636,-0.0961209,0.751989067,-0.103811525,0.45430252
1950.0000000000032,-0.015223613,-0.612210393,-0.0321029127,0.999736249,-0.00112674281,-0.628233254,-0.0172524918,0.999534607,0.00172275724,-0.630040705,-0.00680883136,0.999386072,5.69355252e-005,-0.629626811,-0.0113957655,0.999623,-0.0226047169,-0.640124679,-0.0278308894,0.999726772,-0.0211825781,-0.638032317,-0.0407333225,0.999735475,-0.0173743591,-0.627515435,-0.0217336565,0.999832,0.0624804869,-0.612831056,0.0774518698,0.999528766,-0.0752632469,-0.576482594,0.0824340507,0.999401,0.0210381635,-0.600842714,0.0125313476,0.999365211,-0.0185139924,-0.567677557,-0.0138584133,0.999316394,0.147109643,-0.443573862,0.141398549,0.999912202,-0.133667395,-0.518771827,0.178103149,0.999886096,0.124845803,-0.308127135,0.0266526602,0.730339646,-0.0905714,-0.290255219,0.0469385162,0.773199916,-0.00907711405,-0.313631117,-0.0412342437,0.68980819,0.0754591674,-0.291593969,-0.0558851101,0.841934502,-0.0561013073,-0.32521823,-0.0488776714,0.647805393,0.151667386,-0.300269663,-0.109341286,0.793284297,-0.0694391057,-0.345140159,-0.0400595143,0.631780267,0.177903235,-0.363308638,-0.100518346,0.771114349,-0.0154789966,-0.310245812,-0.0378601924,0.525444686,0.0945400521,-0.315160364,-0.0589016788,0.664225221,0.0955017731,0.00262796506,0.0268048272,0.999967694,-0.0939368457,-0.00656515965,-0.0246655624,0.999964774,0.0815453902,0.423375,-0.0696321875,0.623035073,-0.081297867,0.342437088,-0.101845197,0.557044446,0.0667639,0.777228653,-0.00400406588,0.609937668,-0.0780962184,0.728134573,0.0146551691,0.46339196,0.0446029976,0.812246501,0.00646959106,0.25619927,-0.0751895756,0.761069834,-0.0181317814,0.145965323,0.0698938146,0.803500533,-0.0592781082,0.635261416,-0.0944778398,0.751699507,-0.108408146,0.451897949
1966.66666666667,-0.0145531734,-0.609800279,-0.0284834951,0.999744058,-0.000561766152,-0.625982523,-0.0129300775,0.999545,0.00233986508,-0.627751231,-0.00251961267,0.999396861,0.000673712173,-0.627353251,-0.00731272856,0.999628305,-0.0221841391,-0.63773632,-0.0234340467,0.999735415,-0.0207503363,-0.635535717,-0.036129389,0.999744,-0.016973095,-0.625087202,-0.0172703955,0.999838,0.0640379488,-0.610457838,0.0837260038,0.999528289,-0.0750873163,-0.572798,0.0890437439,0.999419749,0.0220699124,-0.598514438,0.0166074708,0.999376655,-0.0178769473,-0.564758778,-0.00964762736,0.999337316,0.148405343,-0.4396469,0.151216805,0.99991107,-0.132395759,-0.515559435,0.183636755,0.999891818,0.125733167,-0.306642801,0.040839,0.721831441,-0.0969548896,-0.287785918,0.0509818494,0.778479576,-0.00333305262,-0.313772321,-0.0232074056,0.684193552,0.0721975267,-0.284044623,-0.0541778281,0.848022,-0.0497144535,-0.325814098,-0.0302007888,0.642629683,0.149456963,-0.290972322,-0.107935533,0.800127387,-0.0620062165,-0.345144361,-0.0212674811,0.626432776,0.177877069,-0.352402359,-0.0984707773,0.778477192,-0.00928130094,-0.31031546,-0.0197275076,0.52044034,0.0929764807,-0.306584269,-0.0569092,0.673378289,0.0955001265,0.00270660245,0.0270564277,0.999967217,-0.0939331353,-0.00664209295,-0.0249179881,0.999965072,0.0821931213,0.423345894,-0.0723354146,0.617815852,-0.0800680146,0.342824429,-0.105395138,0.555729926,0.0668735728,0.776955962,-0.0090747606,0.602224767,-0.0776437,0.7281546,0.00659776758,0.460347801,0.0446843468,0.811841547,0.0011029907,0.252892524,-0.0747863203,0.761087358,-0.0266242418,0.144713983,0.070720844,0.802917242,-0.0632740557,0.627443314,-0.0942209,0.751624107,-0.117785864,0.447670072
1983.3333333333367,-0.0144437496,-0.606953263,-0.0286821909,0.99974817,-0.000352897623,-0.623158,-0.0131679662,0.999549508,0.0026203692,-0.624923587,-0.00277853943,0.999397457,0.000916482939,-0.624499679,-0.0075126728,0.999627769,-0.0220142249,-0.635279298,-0.0237768944,0.999741793,-0.0205858666,-0.632849574,-0.0364700072,0.999750197,-0.0168480258,-0.622453034,-0.0176042095,0.999843419,0.066863589,-0.607307613,0.0831228793,0.999517143,-0.0742609575,-0.569973528,0.0895564184,0.999436378,0.0226942673,-0.595681548,0.0163234789,0.999383152,-0.0175460894,-0.561706364,-0.0098846145,0.999356747,0.151716501,-0.433173448,0.152570546,0.999907911,-0.129945472,-0.513670564,0.187721133,0.999898314,0.125766397,-0.298374712,0.0531626865,0.715237796,-0.100623012,-0.286145598,0.0584646277,0.787238121,-0.00143845798,-0.3169595,0.00271068886,0.681846797,0.0707878098,-0.281371206,-0.0478508174,0.857035041,-0.0478216559,-0.334712446,-0.000709190848,0.63969487,0.148792893,-0.288566351,-0.101364322,0.810436547,-0.0571020879,-0.353004307,0.00833945256,0.623004913,0.178219587,-0.348699182,-0.0905581787,0.789650381,-0.00611899933,-0.314536899,0.00709774159,0.517180085,0.0926052183,-0.303630352,-0.0500621,0.688087106,0.095384784,0.00287907221,0.0270208437,0.999966145,-0.0938155204,-0.00681841932,-0.024893051,0.99996525,0.082136929,0.423359275,-0.0740675479,0.608723044,-0.0790839791,0.343193442,-0.106742933,0.551412344,0.0675126836,0.776743889,-0.0108110718,0.590880036,-0.075820826,0.728396416,0.00265707495,0.455261916,0.0454092361,0.811407328,-0.000624145032,0.247051358,-0.0730315521,0.761404634,-0.0306997,0.143207848,0.0713330135,0.801982,-0.0638578,0.616303563,-0.0942085311,0.751501679,-0.121656358,0.442421228
2000.0000000000034,-0.0144378766,-0.606390893,-0.0385947786,0.999749184,-0.000261381181,-0.622741,-0.023886025,0.99955,0.00273734564,-0.624484539,-0.0131981065,0.999394417,0.00100550277,-0.624049425,-0.017889658,0.99962455,-0.0219982751,-0.634993494,-0.0332867205,0.999744356,-0.0205707867,-0.632533908,-0.045668453,0.99975282,-0.0168343317,-0.622083962,-0.0269198474,0.99984616,0.0683974475,-0.607226491,0.0750928521,0.999504924,-0.0742315724,-0.570050478,0.0840551555,0.999442935,0.0228783172,-0.595284283,0.0075373766,0.999381304,-0.0175289344,-0.561353445,-0.0177172143,0.999365,0.153517216,-0.43286103,0.150931269,0.999905109,-0.129356295,-0.513858557,0.187419802,0.999902546,0.126300737,-0.29502961,0.0520203486,0.710860312,-0.100999147,-0.286290616,0.0572042502,0.790067,-0.00101620716,-0.316890061,0.00259563862,0.677749217,0.0700967908,-0.279019892,-0.0486060269,0.860090196,-0.0478979163,-0.334102809,-0.000563308189,0.635683715,0.148193642,-0.284943759,-0.102064885,0.81361419,-0.056809932,-0.352600276,0.00774595281,0.618785143,0.178217068,-0.344288826,-0.0913675651,0.793030262,-0.0054712519,-0.3143363,0.00700473972,0.513203144,0.0922943726,-0.300855249,-0.0509026274,0.692616642,0.0953832,0.00296588964,0.0270347781,0.999965489,-0.0938103646,-0.0068872706,-0.0249079578,0.99996537,0.0821219757,0.423836201,-0.0728657618,0.608197689,-0.0780346319,0.343497813,-0.105123289,0.552624106,0.069324784,0.776928,-0.0018948717,0.588477194,-0.075417757,0.728574932,0.0112695228,0.457755923,0.0473860763,0.811507583,0.00933769159,0.243975773,-0.0727354735,0.761622608,-0.0210223719,0.143465087,0.0714027286,0.803451896,-0.0511955693,0.613822281,-0.0941526219,0.751886666,-0.109727442,0.444156706
2016.6666666666702,-0.0143517358,-0.60586673,-0.0400470085,0.999750674,-0.000115166149,-0.622375965,-0.0253722332,0.999549925,0.00290024932,-0.624090254,-0.014661965,0.999392509,0.00115446735,-0.623662353,-0.0193543043,0.999621391,-0.0219540242,-0.634611547,-0.0346711278,0.999746,-0.0205271486,-0.632153273,-0.0470590219,0.999754906,-0.0167997908,-0.621674299,-0.0283136386,0.999847949,0.0688938126,-0.60724479,0.0741005614,0.999496222,-0.0742273554,-0.570083201,0.0832258165,0.999447525,0.0231393743,-0.594979048,0.00633633882,0.999377429,-0.0174318328,-0.561033487,-0.0188944433,0.99936831,0.154192552,-0.433140039,0.150540546,0.99990344,-0.129125535,-0.514020562,0.186861023,0.999905527,0.127449751,-0.295273572,0.0496767238,0.708960354,-0.100827701,-0.286371112,0.0561833903,0.791920841,-0.00138723967,-0.315229326,-0.00324029964,0.67417419,0.0701243356,-0.276937395,-0.0492866896,0.861445308,-0.048580803,-0.331870735,-0.0072192871,0.632473886,0.148218706,-0.282034576,-0.102780864,0.814896822,-0.0580520146,-0.35071364,0.00120271125,0.615555525,0.178440556,-0.341861129,-0.0921810716,0.79437834,-0.0061000851,-0.312689215,0.000989692518,0.510238707,0.0923094824,-0.29869622,-0.0516314954,0.694333315,0.0953929,0.00301348814,0.0270491336,0.999965131,-0.0938174129,-0.0069237086,-0.024922885,0.999965429,0.0820326731,0.424013823,-0.0721969679,0.612321317,-0.0773273,0.343776375,-0.103998452,0.558110058,0.0706171393,0.776994884,0.000191258412,0.591117442,-0.0753374919,0.728682876,0.0134001141,0.463641971,0.0488988347,0.811552703,0.0115072289,0.24429746,-0.0726859,0.761735737,-0.0188149419,0.145115882,0.0717099831,0.803770363,-0.0495470241,0.615393817,-0.09410806,0.751935899,-0.107939526,0.448329687
2033.333333333337,-0.0143130692,-0.605519,-0.0450855643,0.999740064,0.000164323501,-0.622127116,-0.0305597,0.999525666,0.00320941582,-0.623803437,-0.019767791,0.999354184,0.00143496029,-0.623378,-0.0244411472,0.999592423,-0.021892067,-0.634402037,-0.0393201746,0.999737203,-0.0204731729,-0.631952,-0.0517215468,0.999748,-0.0167457405,-0.621450603,-0.0329181105,0.999845266,0.0706459954,-0.607278109,0.0700584948,0.999446213,-0.0740869418,-0.570147,0.0806807503,0.999438643,0.0234259367,-0.594781816,0.00185344135,0.999334216,-0.0173592158,-0.560919344,-0.022888409,0.999346197,0.156060591,-0.433361501,0.147830606,0.999894619,-0.128612563,-0.514916956,0.186114416,0.999908626,0.126958147,-0.295173049,0.0485530868,0.697111964,-0.100695908,-0.286476672,0.055470936,0.794908226,-0.00222418807,-0.313271552,-0.00503393495,0.658451796,0.0701718,-0.27476871,-0.0494654477,0.866458893,-0.0494768769,-0.329404056,-0.00940561574,0.618339658,0.148221925,-0.279013753,-0.103535622,0.821003556,-0.0583887734,-0.347952932,-0.000568958174,0.601360202,0.179271489,-0.338889122,-0.0931436792,0.801117539,-0.00663277972,-0.310437828,-0.00104652718,0.496795982,0.0924543366,-0.296260417,-0.0519557446,0.70262146,0.0954835415,0.00316361035,0.0270245094,0.999964178,-0.0939099267,-0.00706701726,-0.0248983447,0.999965549,0.0818162635,0.424440414,-0.0710407495,0.610678375,-0.0764554366,0.343873262,-0.102703623,0.559524238,0.0717666596,0.77730912,0.00311254943,0.59100157,-0.0746315122,0.728803039,0.0155840656,0.466984659,0.0502811447,0.811831415,0.0144606456,0.243104979,-0.0720397159,0.761871397,-0.016587209,0.145640567,0.0720880106,0.804104567,-0.0478589088,0.615217268,-0.0938994884,0.752000153,-0.107123867,0.450840414
2050.0000000000036,-0.0143738585,-0.605577826,-0.0495043024,0.999731958,0.000182681513,-0.622242212,-0.035044685,0.999508739,0.00322679477,-0.623901427,-0.0241683256,0.999327838,0.00145222549,-0.623477399,-0.0288551729,0.999572635,-0.0219452959,-0.634532928,-0.0436564162,0.999730766,-0.0205298811,-0.632079542,-0.0561072156,0.999742687,-0.0168138333,-0.621562302,-0.0372299105,0.999842882,0.0709932223,-0.607591271,0.0658947155,0.999412775,-0.0741438568,-0.570615113,0.0769819,0.999430776,0.0234346949,-0.594879448,-0.00242444244,0.9993,-0.0174001139,-0.561037123,-0.0270433929,0.999325,0.156729877,-0.433484,0.143608958,0.999887764,-0.128461078,-0.515446842,0.182778746,0.999910235,0.126978904,-0.295321852,0.0447465852,0.688870966,-0.100441433,-0.286542356,0.0530473329,0.796634197,-0.00288038864,-0.312476575,-0.00706947781,0.64683497,0.0704881102,-0.275528073,-0.0527960509,0.869669259,-0.050523825,-0.32817626,-0.0107177747,0.608005464,0.148417905,-0.280186445,-0.107265092,0.824907899,-0.0590976961,-0.346847892,-0.00240846141,0.591008604,0.18013595,-0.340463191,-0.096894078,0.805401564,-0.00722516607,-0.309630901,-0.00287295133,0.487060457,0.0929603651,-0.297244,-0.0555323251,0.707803309,0.0955128446,0.00325143198,0.0269532129,0.999963224,-0.0939381719,-0.00715250243,-0.0248321649,0.99996531,0.0812275633,0.424810082,-0.0704105645,0.608237,-0.0762876645,0.343876153,-0.101625063,0.558977425,0.0719914809,0.77754885,0.00322649954,0.591365933,-0.0743955895,0.728810847,0.0166280568,0.469132751,0.0506050214,0.81204623,0.0144928657,0.242520064,-0.0718233809,0.76188457,-0.0155856777,0.146291733,0.0720894858,0.804456234,-0.0480777249,0.615572512,-0.0939066038,0.752122104,-0.10641624,0.452673614
2066.66666666667,-0.01435991,-0.605296552,-0.0491130203,0.999732912,0.000231384387,-0.622080088,-0.0347787403,0.999510348,0.00327542773,-0.623723924,-0.0239376239,0.999329,0.00150610693,-0.623299956,-0.0286070183,0.99957186,-0.0219454188,-0.634307,-0.0435247049,0.999732554,-0.0205345564,-0.631857097,-0.0559717938,0.999744654,-0.0168237872,-0.621327698,-0.0371031649,0.999844253,0.0712704435,-0.607613444,0.0667019784,0.999409199,-0.0742909089,-0.57054776,0.0777764171,0.999434471,0.0235691294,-0.59469384,-0.00228031259,0.999291599,-0.0173903182,-0.560784817,-0.0268494748,0.999319911,0.157120079,-0.433624655,0.143779412,0.999885619,-0.128297642,-0.515246868,0.18281737,0.999911249,0.127321839,-0.295426637,0.0441027842,0.684753239,-0.0983827859,-0.285159081,0.0529944524,0.795503,-0.00456868438,-0.30738163,-0.00910075,0.639835417,0.0714879632,-0.274124503,-0.0528660752,0.869489908,-0.0533517,-0.320530295,-0.0131019177,0.601663232,0.149223089,-0.279196411,-0.107305542,0.824923515,-0.0626721531,-0.339260608,-0.00479223533,0.584672511,0.180775225,-0.339917034,-0.0969948098,0.80538547,-0.0094043659,-0.304133415,-0.00491144275,0.481218249,0.0937883258,-0.29612267,-0.0556412302,0.707672417,0.0955788,0.00330212363,0.0269239843,0.999963,-0.0940004811,-0.00719378376,-0.0248016305,0.99996531,0.0810803473,0.425098062,-0.0703753605,0.611553788,-0.0760029703,0.343928099,-0.101198427,0.562477767,0.0721997768,0.777654588,0.00317106722,0.594423234,-0.0742283091,0.728815377,0.0174046159,0.4736543,0.0508882813,0.812160611,0.0144302091,0.243916869,-0.0716529116,0.761892557,-0.0148613453,0.147957534,0.0722110569,0.804656267,-0.0482392535,0.618019283,-0.093835637,0.752135932,-0.105948962,0.45633316
2083.3333333333367,-0.0143308146,-0.604941607,-0.0473692603,0.99973613,0.000259063294,-0.621815383,-0.0326108932,0.999515355,0.00330339838,-0.6234532,-0.0217600353,0.999335349,0.00153939344,-0.623024464,-0.0265165363,0.999574661,-0.021940358,-0.634011865,-0.0415842272,0.999736071,-0.0205326788,-0.631558478,-0.0540249199,0.999748349,-0.0168260708,-0.621036172,-0.0352105424,0.999846518,0.071235247,-0.607521951,0.0696548074,0.999411106,-0.074660778,-0.570369899,0.0792993382,0.999440908,0.0236078575,-0.594412804,-0.000253081642,0.999290407,-0.0173907243,-0.560438871,-0.0251492858,0.999321103,0.156991705,-0.433758944,0.145991981,0.999884725,-0.128309473,-0.514941573,0.183187813,0.99991256,0.12749131,-0.295541853,0.0471632183,0.682411253,-0.0982487872,-0.284223139,0.0532011762,0.796742141,-0.00532347523,-0.305587947,-0.00617880048,0.637472749,0.071690917,-0.273630589,-0.0523058623,0.871029615,-0.0547144264,-0.317648828,-0.0103342822,0.599805951,0.149494618,-0.279038727,-0.106705368,0.826856554,-0.0647261664,-0.336466432,-0.00222803256,0.58287406,0.181026489,-0.339921176,-0.0964019597,0.807451606,-0.0105276387,-0.302217126,-0.00204612,0.479683042,0.093961753,-0.295791596,-0.0550800711,0.710307598,0.0955949351,0.0033227012,0.0269501153,0.999962568,-0.0940143764,-0.0072088032,-0.0248252917,0.999965,0.0810470805,0.425181776,-0.0703698695,0.615135729,-0.07596194,0.344080925,-0.101209641,0.565633714,0.0721729,0.777649164,0.00137141172,0.597865522,-0.0743636042,0.72885263,0.0171502512,0.477848232,0.0508459583,0.812157,0.0121930828,0.246225029,-0.0718349665,0.761946678,-0.0152045712,0.14995636,0.0721700191,0.804691,-0.0511124916,0.62067914,-0.0941235,0.752154291,-0.106371097,0.459576577
2100.000000000003,-0.0142438626,-0.604639888,-0.0415707491,0.999744594,0.000311892712,-0.621551216,-0.0262473226,0.999531329,0.00335401343,-0.623192787,-0.0154579272,0.999357879,0.00160612597,-0.622766733,-0.0203195624,0.999589384,-0.0218972936,-0.633731067,-0.0356035456,0.999743938,-0.0204931702,-0.631266415,-0.0480760522,0.999755442,-0.0167985503,-0.620766878,-0.0293524433,0.999850452,0.0711910054,-0.60727644,0.0754518807,0.999430835,-0.0747331902,-0.570031,0.083582595,0.999451041,0.0236754902,-0.594128311,0.00527658919,0.999307334,-0.017369736,-0.56008786,-0.0200231541,0.999333262,0.156541586,-0.43386066,0.149254918,0.999887705,-0.128293544,-0.514236212,0.185545743,0.999912858,0.128685132,-0.296114802,0.0512002781,0.686523199,-0.0979831815,-0.283241242,0.0552511066,0.793587148,-0.00544582726,-0.30374068,-0.000950751186,0.641942,0.0720464662,-0.272458732,-0.0483386554,0.865224361,-0.0552829504,-0.314385206,-0.00530846044,0.603961468,0.150134608,-0.277911514,-0.102039389,0.820119739,-0.0662246719,-0.333261371,0.00283452915,0.587181389,0.181212336,-0.338861078,-0.0918554217,0.800089359,-0.0109591903,-0.30019179,0.00315968692,0.484305888,0.0941818878,-0.294714034,-0.0510856137,0.701991856,0.0955844745,0.0033224225,0.0269707162,0.999962747,-0.0939968377,-0.00719762361,-0.024843175,0.999964833,0.0810407177,0.425131321,-0.070375666,0.620462775,-0.0759320408,0.344218969,-0.101282738,0.569553375,0.0722069442,0.777531266,-0.000940369209,0.601391554,-0.0744359568,0.728918254,0.016214719,0.481590718,0.050882861,0.812071204,0.0094707869,0.248615652,-0.0719024241,0.762029827,-0.0163593814,0.151772782,0.0723388419,0.804654,-0.0542720482,0.623224676,-0.0941265747,0.752184,-0.107329689,0.462229133
2116.6666666666697,-0.0139772007,-0.60440141,-0.0369493142,0.999752522,0.000463128323,-0.621313095,-0.0215118453,0.999546885,0.00349228643,-0.622968674,-0.0107276384,0.99938,0.00176916074,-0.622538149,-0.0156294666,0.999604464,-0.0217070654,-0.63349241,-0.0311108809,0.99975127,-0.0203133021,-0.631017923,-0.0435705706,0.99976182,-0.0166478921,-0.620527267,-0.0249329,0.999853909,0.0710731745,-0.606948614,0.0792546421,0.999452531,-0.0747449547,-0.569547176,0.086177513,0.999459267,0.0238300655,-0.593874335,0.00947834644,0.999326766,-0.0172403604,-0.559750795,-0.0161528327,0.999346495,0.155935183,-0.433980584,0.150630802,0.999891639,-0.128266573,-0.513352096,0.187846228,0.99991262,0.130181476,-0.296171367,0.0548922718,0.693141103,-0.0975163653,-0.282782942,0.0566095114,0.789108574,-0.00630562,-0.301177025,0.00845113397,0.648234725,0.0720793381,-0.272726268,-0.0459875502,0.857325315,-0.0573327094,-0.310724109,0.00524193514,0.609267712,0.150191799,-0.278446555,-0.0989368111,0.811015248,-0.0693890229,-0.329725504,0.0135074062,0.592530072,0.180982932,-0.339264363,-0.088692829,0.790113211,-0.0123695442,-0.297533482,0.0128227407,0.49005875,0.0941561,-0.29501611,-0.0486616157,0.691091061,0.0955065489,0.00330201257,0.0269276518,0.999963105,-0.0939019322,-0.00716236793,-0.0247957613,0.999964654,0.081088528,0.424870521,-0.070407629,0.626470745,-0.0756308064,0.344255805,-0.101278909,0.572326958,0.0722866803,0.777381361,-0.00190491881,0.604921579,-0.0743857548,0.728926301,0.0161197037,0.484776169,0.0509523898,0.811966836,0.00840548053,0.250632048,-0.0718561709,0.76204586,-0.016500432,0.153451294,0.0723694786,0.804712117,-0.0550604425,0.625476062,-0.0940954,0.752211511,-0.107312053,0.464554
2133.333333333336,-0.013946523,-0.603913128,-0.0318512693,0.999760866,0.00048381323,-0.620785356,-0.0162928831,0.999563277,0.00351164071,-0.622464657,-0.00551809929,0.999402463,0.00178961339,-0.622029781,-0.0104397489,0.999619663,-0.0216934308,-0.632959485,-0.0255665146,0.999759495,-0.0203020796,-0.6304636,-0.0379906707,0.999769032,-0.0166384708,-0.619980454,-0.0194291566,0.999858201,0.0710451677,-0.606263459,0.08351513,0.999472558,-0.0747364685,-0.568520486,0.0914460495,0.999469697,0.0239128415,-0.593343735,0.0141772218,0.999345839,-0.0171955321,-0.559052706,-0.011131851,0.999361157,0.155750245,-0.433755577,0.153034434,0.999895,-0.127620816,-0.512240827,0.192096591,0.999913454,0.130154625,-0.296256,0.059795592,0.697075,-0.0969204307,-0.282824,0.0595876575,0.785786,-0.0102493549,-0.299441,0.0207896158,0.652489364,0.0720191151,-0.273095608,-0.0432457328,0.852313638,-0.0627131462,-0.308617294,0.0189208835,0.612330496,0.150028288,-0.278960407,-0.0959233418,0.804841816,-0.0750567392,-0.327115268,0.0275063142,0.595517218,0.180427179,-0.33955723,-0.0854660794,0.783336639,-0.0167689603,-0.295602173,0.0256187338,0.493297219,0.0939187631,-0.295364738,-0.0458441339,0.683762372,0.0954631194,0.0033083458,0.0268841,0.999963224,-0.0938515067,-0.00716529321,-0.0247484017,0.999964476,0.0811170563,0.424780786,-0.0705894902,0.628306568,-0.0754342079,0.344266713,-0.101350248,0.571701527,0.0722612664,0.777291894,-0.00388767733,0.604591131,-0.0745072588,0.728929043,0.0157268215,0.48441273,0.0508942828,0.811891615,0.00620665587,0.250085026,-0.072000131,0.762055278,-0.0169848204,0.153373063,0.0721993521,0.804734349,-0.0573955476,0.624689639,-0.0941278413,0.752221584,-0.107653886,0.464166671
2150.0000000000027,-0.0138652939,-0.603222847,-0.0283041187,0.999769568,0.000506294251,-0.620087624,-0.0127014145,0.999580324,0.00353214191,-0.621787608,-0.00198103883,0.999425769,0.00181901536,-0.621354222,-0.00690471148,0.99963522,-0.0216552392,-0.632214785,-0.0220335852,0.999768198,-0.0202683881,-0.629696488,-0.0344510935,0.999776781,-0.0166130234,-0.619234562,-0.0159183834,0.99986285,0.0710182041,-0.605561,0.0868642181,0.999493122,-0.0747380108,-0.567396283,0.0945770219,0.999482691,0.0240372233,-0.592653513,0.0176185984,0.999367416,-0.0171128977,-0.558196425,-0.00774706621,0.999378681,0.155587122,-0.433566451,0.157146111,0.999897957,-0.127025366,-0.511290669,0.194104299,0.999914348,0.130557492,-0.296325415,0.0644781142,0.701586604,-0.0960384533,-0.282851309,0.0610921234,0.78481555,-0.0105359461,-0.29957059,0.0232692864,0.659783304,0.0720859,-0.273791134,-0.0414849594,0.849847674,-0.0632636249,-0.308820128,0.0209419336,0.61887145,0.15007098,-0.280207604,-0.0940668508,0.801481068,-0.0757188424,-0.327363491,0.0295533873,0.602053404,0.180307418,-0.340269387,-0.0833576769,0.779512227,-0.0171903092,-0.295738,0.02799909,0.500045955,0.0939214379,-0.296008348,-0.0439063087,0.679663718,0.0953910798,0.00331453024,0.0269706752,0.999963403,-0.0937717482,-0.00716860313,-0.0248316769,0.999964356,0.0813552141,0.424509317,-0.0705904588,0.631023169,-0.0750511959,0.344264895,-0.102094613,0.574191451,0.0722557381,0.776997268,-0.003912549,0.604382873,-0.0742790624,0.728921652,0.0149013186,0.485749245,0.0508560091,0.811606526,0.00620209891,0.250040531,-0.0717646256,0.762059629,-0.0178342182,0.154169545,0.0722217634,0.804716468,-0.0573246852,0.623831451,-0.0935803279,0.752200782,-0.108056709,0.464906305
2166.6666666666692,-0.0138550522,-0.603096783,-0.0284836572,0.999779582,0.000494487293,-0.619998038,-0.0129568297,0.999599278,0.00352164474,-0.621702373,-0.00224174233,0.999451041,0.00181457482,-0.621274531,-0.00715413596,0.99965167,-0.0216840357,-0.632077575,-0.0222736243,0.99977839,-0.0202961564,-0.629554152,-0.0346981026,0.999786079,-0.0166542474,-0.6191,-0.0161404964,0.999868572,0.0709989294,-0.605543733,0.0865023807,0.999513686,-0.0747538358,-0.567174256,0.0944556147,0.999500573,0.0240981355,-0.592541754,0.0174601674,0.999390483,-0.0170899481,-0.557999969,-0.0078575816,0.999399543,0.155563518,-0.433597386,0.157354683,0.999900222,-0.126142129,-0.51112628,0.194076955,0.999916,0.13109681,-0.296347737,0.0637234673,0.706594288,-0.0958239362,-0.282918215,0.061014846,0.787723482,-0.0103337783,-0.300632417,0.0200865846,0.668034136,0.0722055361,-0.275537252,-0.0417252295,0.852055788,-0.0629957318,-0.3110798,0.017356772,0.626378715,0.150229678,-0.282705516,-0.0943877846,0.803289473,-0.0753320158,-0.329576313,0.0260181706,0.609609604,0.180380538,-0.342542052,-0.0835967138,0.781335115,-0.0169695988,-0.29705146,0.0247445945,0.507801592,0.0939959809,-0.297808856,-0.0441085845,0.682020247,0.0953247249,0.00332324463,0.0269817617,0.999963045,-0.0937031657,-0.00717634521,-0.024844246,0.999964,0.0814461187,0.424433,-0.0706790909,0.629941463,-0.0749959201,0.344301403,-0.102900907,0.573767126,0.0721387938,0.776989937,-0.00524114445,0.601548314,-0.0740499869,0.729014575,0.0134530356,0.483323336,0.0506514944,0.8116,0.00481006596,0.248686418,-0.0714942,0.762189686,-0.0193038,0.153586969,0.0722010657,0.804743469,-0.058333572,0.621054292,-0.093250677,0.752363622,-0.108988374,0.462715656
2183.3333333333358,-0.0138196554,-0.602988124,-0.0276560597,0.999788821,0.00048017106,-0.619899333,-0.0124587743,0.999617577,0.0035028425,-0.621618927,-0.0017111901,0.999476731,0.00180575612,-0.621196747,-0.00662205694,0.999669194,-0.0216769502,-0.631947219,-0.0217740666,0.999787211,-0.020289015,-0.629412711,-0.0341974236,0.999793708,-0.0166543275,-0.618957341,-0.0156369321,0.999872863,0.0706097409,-0.605538189,0.0863566175,0.999538064,-0.0747564957,-0.566981137,0.0943352059,0.999511242,0.0241395496,-0.592489362,0.0180679392,0.99941504,-0.01700899,-0.5578655,-0.0072429115,0.999416649,0.155229539,-0.43375057,0.157052025,0.999904573,-0.125585899,-0.51110214,0.194584072,0.999914587,0.132434919,-0.296299607,0.0635838434,0.715750754,-0.0931843668,-0.284077436,0.0614909,0.780531168,-0.0106254,-0.299981475,0.0227081869,0.677036285,0.0723561198,-0.277962506,-0.0392275788,0.83738327,-0.0636477768,-0.310381979,0.02056068,0.63439256,0.150277019,-0.285135686,-0.0909739882,0.786555052,-0.0762844458,-0.32921806,0.0291788876,0.617752,0.179696679,-0.344291687,-0.0803401396,0.763334513,-0.017387569,-0.296588451,0.0274491087,0.516352057,0.0939759165,-0.300082654,-0.0416551754,0.66359657,0.0951329321,0.00328694074,0.0267994367,0.999963641,-0.0934838057,-0.00712665077,-0.0246605258,0.999963939,0.0814378932,0.424403191,-0.0708957464,0.635488689,-0.0750015,0.34431994,-0.102897935,0.575913548,0.0713207722,0.777074516,-0.00783273391,0.604394913,-0.0739773288,0.729423642,0.0127930027,0.485100031,0.0495619699,0.811708152,0.00197655032,0.249562562,-0.071408011,0.762729764,-0.0201405026,0.154946357,0.0702634305,0.805107176,-0.0610385463,0.622409523,-0.0933082178,0.752910495,-0.109066218,0.46405071
2200.0000000000023,-0.0131186582,-0.601644218,-0.0181930047,0.999789655,0.000720347394,-0.618457854,-0.00318937958,0.999619722,0.00372828217,-0.620252907,0.00745237153,0.999480903,0.00208419934,-0.619858801,0.00249765394,0.999673,-0.0212119,-0.63031584,-0.0129277175,0.999787033,-0.0198097,-0.62781316,-0.0255035609,0.999793,-0.0162289869,-0.617405951,-0.0069177784,0.99987185,0.070199877,-0.604977727,0.0948018283,0.999544144,-0.0746134296,-0.566013873,0.100781657,0.999503,0.024512995,-0.591518819,0.0274390765,0.999417841,-0.0164263919,-0.556798577,0.00141275022,0.999412417,0.154616937,-0.433785051,0.162088141,0.999907315,-0.125487477,-0.511036038,0.198670357,0.999912918,0.132650867,-0.296368808,0.063263759,0.71837765,-0.0887032822,-0.284159392,0.0628276914,0.773706377,-0.0102761742,-0.299829155,0.0200830586,0.682934046,0.0737140924,-0.280221552,-0.0395154953,0.831429541,-0.0627648,-0.310333192,0.0157531649,0.640107334,0.150914565,-0.288525969,-0.091373384,0.780151248,-0.0758448541,-0.329155326,0.0248284414,0.623713791,0.179700345,-0.348039687,-0.0806866437,0.756540895,-0.0170998238,-0.29642114,0.0244193412,0.52205193,0.0945055,-0.302588373,-0.0419633165,0.655223,0.0951198712,0.00329116639,0.0268047266,0.999963462,-0.0934645385,-0.00713240122,-0.0246634725,0.999963224,0.081439957,0.424614489,-0.0720824674,0.633639932,-0.0749665275,0.344816178,-0.104504608,0.573409,0.0699151084,0.777567804,-0.0122081991,0.599362135,-0.0741733313,0.729744136,0.00762474956,0.479997039,0.0478053279,0.812216878,-0.00273773167,0.246033862,-0.0716047734,0.763052702,-0.0258931983,0.152970836,0.0689853877,0.805175,-0.0674202144,0.616595268,-0.0933590531,0.752912521,-0.116384409,0.458359361
2216.666666666669,-0.0120858811,-0.599707782,-0.0152082667,0.999786437,0.00128410954,-0.616250515,-0.000316732418,0.999612212,0.00428466,-0.618084848,0.0101730628,0.999471486,0.00267144386,-0.617702901,0.00532144029,0.999666512,-0.0203117337,-0.627983,-0.0105519723,0.999783337,-0.0188968442,-0.625580251,-0.0231837817,0.99979,-0.0152984215,-0.615213037,-0.00451830914,0.999869823,0.0698457211,-0.603950262,0.0972796232,0.999536335,-0.0743106827,-0.565152228,0.101717271,0.999497354,0.0249385852,-0.589902,0.0305203982,0.999411523,-0.0156562049,-0.555409789,0.00385495,0.999407113,0.154088125,-0.433822185,0.164416656,0.999908,-0.125535,-0.511233687,0.198767796,0.999913752,0.132685542,-0.297205329,0.0625672415,0.719482064,-0.0882958695,-0.285905659,0.0627484322,0.777591467,-0.00951519795,-0.304500103,0.00560098467,0.689444661,0.0739666596,-0.290516734,-0.0397122502,0.839046061,-0.0612680092,-0.317299575,-0.00104344939,0.646325946,0.150949106,-0.302449137,-0.0914958,0.788936913,-0.0748510733,-0.336040467,0.00924849603,0.629992902,0.179661185,-0.362877309,-0.0808111951,0.766075075,-0.0165066496,-0.301190972,0.00980959553,0.527938485,0.0945535824,-0.313489139,-0.0421940312,0.666017,0.095133163,0.00334903854,0.0269754473,0.999962926,-0.0934777,-0.00721332477,-0.0248381309,0.999962747,0.08168035,0.42483905,-0.0721593276,0.633573055,-0.0750267208,0.344867915,-0.105949849,0.575458,0.0693075,0.777726412,-0.0126075344,0.599085569,-0.0743444562,0.729759634,0.00476356642,0.478973061,0.0468708873,0.812363,-0.00311338739,0.24581793,-0.0717930943,0.763065755,-0.0287274718,0.152325436,0.0679547861,0.805195808,-0.0685046315,0.616050363,-0.0933622271,0.752899051,-0.121050492,0.457097888
2233.3333333333353,-0.0112837842,-0.599341929,-0.0142173572,0.99978596,0.00172630511,-0.61578995,0.000697550189,0.999614,0.00467678579,-0.617675722,0.0112386663,0.999475837,0.00309876865,-0.617273331,0.00644518156,0.999670565,-0.0196743347,-0.627541721,-0.00973602477,0.999782562,-0.018269483,-0.625166118,-0.0224344917,0.999788761,-0.0146731418,-0.61477077,-0.00373275694,0.999868393,0.0691192374,-0.603641629,0.0981059298,0.999544859,-0.0742912591,-0.56493628,0.101470307,0.999490559,0.0252025425,-0.589565098,0.0314345583,0.999412537,-0.0152235525,-0.555160344,0.00442610774,0.999400139,0.152680844,-0.433858395,0.163926423,0.999910295,-0.125976756,-0.511339903,0.198535904,0.999910593,0.131642699,-0.29722482,0.0608425885,0.722412527,-0.081719555,-0.289134264,0.0610512868,0.770991385,-0.0121329417,-0.303848892,0.00466527231,0.692474186,0.0778978541,-0.298008829,-0.0399500579,0.83177954,-0.063612394,-0.316361189,-0.00146982982,0.648581743,0.153484762,-0.310513407,-0.0916741863,0.780725837,-0.0775085539,-0.335202843,0.0088730529,0.632206738,0.180137277,-0.370581448,-0.0809674934,0.75721693,-0.0191963874,-0.300498426,0.00896307081,0.530131102,0.096866034,-0.321085393,-0.0424121358,0.655814052,0.0951671526,0.00334684923,0.0269889347,0.999963641,-0.0935038552,-0.00721199159,-0.0248497352,0.999962926,0.0816781819,0.425038338,-0.0722811446,0.638492107,-0.0755978227,0.344879985,-0.105937369,0.578385651,0.0686083,0.777740479,-0.0123146009,0.602118611,-0.0747096613,0.72983104,0.00492738374,0.481337547,0.0461154617,0.812375665,-0.00264297775,0.246817678,-0.0721113607,0.763161242,-0.028573839,0.152948797,0.0675385147,0.805584192,-0.0681434572,0.618445098,-0.0933763534,0.753689051,-0.120776504,0.458892167
2250.000000000002,-0.0104925707,-0.598048,-0.0136564896,0.999783874,0.00213256548,-0.614408672,0.00078693626,0.999612749,0.00507603167,-0.616378486,0.0113595938,0.999476552,0.00351375155,-0.615931809,0.00660680188,0.999672711,-0.018921094,-0.626251936,-0.00958835613,0.999780059,-0.0175518487,-0.623859286,-0.0222361851,0.99978596,-0.0139534893,-0.613425076,-0.00355913187,0.999866307,0.0687274858,-0.603051901,0.0976897478,0.999551654,-0.0739785656,-0.564326406,0.101143703,0.999480486,0.0256088413,-0.588577271,0.0318133198,0.999414682,-0.0145067684,-0.554168046,0.00479307165,0.999395192,0.151769817,-0.433887303,0.163637385,0.999913156,-0.126015991,-0.51143688,0.199278176,0.999909282,0.130613714,-0.296408772,0.0612932853,0.728631854,-0.0809869766,-0.290353835,0.0633954257,0.770182,-0.0149356304,-0.303499758,0.0119990418,0.700542092,0.0782830492,-0.306931138,-0.0354488567,0.831978321,-0.0666985139,-0.316252,0.00859211944,0.655677438,0.153878391,-0.322217405,-0.0866893083,0.780872703,-0.0799984857,-0.335167378,0.0190121457,0.63921994,0.179824173,-0.382933706,-0.0761581436,0.757181168,-0.021782998,-0.300322324,0.0168427788,0.537426,0.0969002843,-0.331123084,-0.0378138907,0.655981302,0.0951575413,0.00334369158,0.0268775802,0.99996388,-0.0934875607,-0.00721048377,-0.0247393157,0.999962747,0.0817444623,0.424925059,-0.0728351921,0.644717216,-0.0766467303,0.344803929,-0.105897076,0.583342493,0.068168588,0.777409852,-0.0122967288,0.605729461,-0.0757809505,0.729843378,0.00509764161,0.485067248,0.0455598682,0.812007248,-0.00253173593,0.248275697,-0.073181279,0.763194561,-0.0283719599,0.154590607,0.0667836517,0.805790722,-0.0680259168,0.621063888,-0.0939773768,0.754317641,-0.12051563,0.462035269
2266.6666666666683,-0.00974607375,-0.598051667,-0.0127876624,0.999780953,0.00283427583,-0.614419043,0.00163824344,0.999608397,0.00573807349,-0.616389334,0.0121879755,0.999472201,0.00417884346,-0.615941525,0.00749050733,0.999670088,-0.0182376374,-0.62624836,-0.00859282818,0.999776721,-0.0168927424,-0.62386179,-0.0212342553,0.99978286,-0.0132475402,-0.613415897,-0.00257046614,0.999864221,0.0688642,-0.60311985,0.0983031914,0.99955,-0.0734530166,-0.564323485,0.102093041,0.999473035,0.0263681728,-0.588574648,0.0326622128,0.999404728,-0.0137820793,-0.554163277,0.00585712,0.999382794,0.151767135,-0.434299469,0.163386464,0.999913156,-0.125763148,-0.511925697,0.199455976,0.999908388,0.128783837,-0.296895415,0.0603920855,0.731106281,-0.0803807601,-0.294279248,0.063320592,0.77326715,-0.015610694,-0.304456592,0.0113062132,0.703378916,0.0799721405,-0.314750254,-0.0356209464,0.836359,-0.0669215694,-0.317464918,0.00825107563,0.657835722,0.155838981,-0.330028445,-0.0870917737,0.785866,-0.0799329504,-0.336004704,0.018710237,0.641105175,0.18122074,-0.39102459,-0.0765029,0.762471199,-0.0222054236,-0.30112651,0.0163578466,0.539554834,0.0984048247,-0.338968962,-0.0379131362,0.662383676,0.0952389166,0.00331761711,0.0268950444,0.999964,-0.0935715511,-0.00718799466,-0.0247614309,0.999962926,0.0818327367,0.424776226,-0.0728085861,0.651982129,-0.0772533119,0.344742328,-0.105855696,0.591850638,0.068230018,0.776505351,-0.0111083323,0.612595797,-0.0769451484,0.729380965,0.00599689502,0.492298961,0.0456483774,0.810999393,-0.00096545479,0.252728403,-0.0743471906,0.762674451,-0.0273424201,0.157761887,0.0672539547,0.805369616,-0.0655379295,0.627104,-0.0940784812,0.754210889,-0.118976749,0.468762785
2283.333333333335,-0.00949294306,-0.598051488,-0.0129455486,0.999784946,0.00297715864,-0.61442548,0.00142436277,0.999616385,0.00586199155,-0.616394639,0.012003988,0.999482393,0.00429968769,-0.615947127,0.00728388131,0.999675751,-0.01813915,-0.626242399,-0.00888493378,0.999781728,-0.0167912412,-0.623861492,-0.0215997789,0.999787867,-0.013141769,-0.613402903,-0.00287313364,0.999867439,0.0686332881,-0.603140831,0.0979884267,0.999558,-0.0735770538,-0.564278364,0.101229593,0.99948895,0.0264680125,-0.588563383,0.0324490555,0.99941057,-0.0136901457,-0.554158151,0.005492141,0.999391556,0.151196525,-0.434326738,0.16315037,0.999911666,-0.12592274,-0.512258768,0.195084542,0.999909759,0.124689221,-0.297747,0.0556874163,0.727305293,-0.0815434,-0.297721863,0.0521636307,0.782178819,-0.0160879567,-0.309286773,0.000579086365,0.702511072,0.080567427,-0.321633279,-0.044750955,0.845246077,-0.066959396,-0.3240031,-0.00243062177,0.656524718,0.156674206,-0.337514132,-0.0962008759,0.795815051,-0.07986857,-0.341243148,0.00840670057,0.639424503,0.182452172,-0.39821282,-0.0836822,0.773129344,-0.022456279,-0.305631489,0.00555714546,0.537917554,0.0990780145,-0.345647931,-0.0458365232,0.675241053,0.095230706,0.00337867532,0.0272967108,0.99996376,-0.0935651,-0.00727766287,-0.0251958352,0.999963105,0.0818392932,0.424695164,-0.0726580545,0.652747095,-0.0774479657,0.344671875,-0.105868779,0.596653521,0.0681542382,0.776423037,-0.00972238276,0.614569426,-0.0779352486,0.729046,0.00637079682,0.495085686,0.0455808342,0.810911596,0.000714089896,0.255182385,-0.0754797,0.762292147,-0.0268046949,0.158886194,0.0675186664,0.80536896,-0.0626858771,0.630076587,-0.0942593366,0.754197419,-0.118162565,0.472242355
2300.0000000000014,-0.00966204144,-0.598475158,-0.0191268139,0.999781907,0.00284076878,-0.614795566,-0.00528079318,0.999612927,0.00571717601,-0.616793454,0.00536035607,0.999477506,0.00414190488,-0.616328299,0.000788076781,0.999673247,-0.0182969458,-0.626669765,-0.0155972484,0.999779701,-0.0169519056,-0.62428993,-0.0283507369,0.999785781,-0.0133076394,-0.613779604,-0.00949002896,0.999866426,0.0680135489,-0.603654444,0.0913114,0.999556124,-0.0739137754,-0.565058112,0.0942524225,0.999487877,0.0262159202,-0.588949263,0.026504809,0.999403179,-0.0139175579,-0.554730117,-0.000579698419,0.999383807,0.151006103,-0.434684783,0.156698465,0.999910116,-0.126775295,-0.514073,0.190078273,0.999908388,0.12439096,-0.297765017,0.0466947071,0.728066683,-0.0816035867,-0.30270192,0.0484976,0.787269533,-0.0166876055,-0.311953783,-0.00864616875,0.703503728,0.0809007436,-0.332444489,-0.0462514199,0.850679219,-0.0673528388,-0.328134149,-0.0112493066,0.656694531,0.156840712,-0.350287169,-0.0974261612,0.801502,-0.079952918,-0.345834017,-0.0004532889,0.639264822,0.182439,-0.411123544,-0.084746927,0.779138207,-0.0228884406,-0.308774501,-0.00368943461,0.537716,0.0992113873,-0.356969088,-0.0472498685,0.68234247,0.0952373371,0.00338583672,0.0272500198,0.999963403,-0.0935700089,-0.00729509164,-0.0251563452,0.999962926,0.0817543343,0.424682885,-0.0726059079,0.652857721,-0.0783819631,0.344669253,-0.105234712,0.598010719,0.0675323457,0.77657,-0.0086025307,0.615247548,-0.0796352923,0.729056776,0.00748672336,0.495457,0.0449257046,0.81107825,0.00206220988,0.255053192,-0.0773679689,0.762310088,-0.0255703572,0.158861086,0.0664882883,0.805818677,-0.0613939054,0.631319404,-0.0968924165,0.754392,-0.116713144,0.473501712
2316.666666666668,-0.00963299815,-0.59914577,-0.0219901707,0.999788463,0.00282869395,-0.615487218,-0.00874977838,0.999626398,0.00570496032,-0.617524683,0.00193995819,0.999495745,0.00412700744,-0.617045879,-0.00262073125,0.999685228,-0.018289011,-0.627320647,-0.0194282029,0.999786913,-0.0169419795,-0.624924541,-0.0321949,0.999792516,-0.0132995276,-0.614363551,-0.0132662244,0.999870658,0.0666197836,-0.604864,0.0868716538,0.999573767,-0.0740524381,-0.565797865,0.0881838948,0.999505579,0.0261745378,-0.589754045,0.0235436633,0.999422312,-0.0139065804,-0.555508852,-0.00403713342,0.999401212,0.150061637,-0.436364919,0.1532965,0.999911904,-0.126918375,-0.515262663,0.184698209,0.999909222,0.12422245,-0.298031747,0.0441422388,0.735028267,-0.0805006325,-0.304634452,0.0436825044,0.797231913,-0.017552603,-0.312377095,-0.0114773512,0.713601708,0.0825014859,-0.341264099,-0.0476584435,0.859362781,-0.0682388097,-0.328417689,-0.0136650419,0.666344404,0.158185646,-0.361214161,-0.0983558148,0.811570227,-0.0806530565,-0.346216589,-0.00331047643,0.649010718,0.182621762,-0.422500879,-0.0854219645,0.790029883,-0.0237342175,-0.309271306,-0.00674809795,0.548385382,0.100097753,-0.366607398,-0.0484745093,0.696194,0.0951200873,0.00337891094,0.0272402205,0.999963045,-0.0934458524,-0.00729791308,-0.0251519866,0.999962568,0.0817530155,0.424744546,-0.0726177618,0.652814627,-0.0796677843,0.34509176,-0.105040587,0.599927664,0.0671343,0.777569115,-0.00842602737,0.612142563,-0.0805878043,0.730392039,0.00717055239,0.494067311,0.0445044786,0.812202096,0.00230692909,0.253511965,-0.0783343613,0.763866186,-0.0259594806,0.158769518,0.0661641359,0.807764769,-0.0595305,0.629724324,-0.0984630361,0.756225646,-0.116571158,0.473835409
2333.3333333333344,-0.00951441564,-0.59987992,-0.0275722295,0.999796391,0.00295980321,-0.616195321,-0.0143217491,0.999641657,0.0058191875,-0.618247211,-0.00362888956,0.999515474,0.0042319214,-0.617766142,-0.00811879337,0.999697387,-0.0181745868,-0.628059804,-0.0250463989,0.999795914,-0.0168196876,-0.625673413,-0.0378601477,0.999801159,-0.0131797418,-0.615064085,-0.0188219678,0.999876201,0.0665728599,-0.605555475,0.0816328898,0.999590814,-0.0740463287,-0.566578448,0.0829761326,0.999528944,0.0261976868,-0.590355575,0.0181136187,0.999442518,-0.0138446195,-0.556267142,-0.00951239,0.999423504,0.150049374,-0.436792523,0.148961872,0.999912083,-0.126939073,-0.516252,0.179064438,0.999911547,0.124263443,-0.298479915,0.0372476131,0.739195943,-0.0805794075,-0.307668567,0.0350326262,0.808979213,-0.017524438,-0.315749735,-0.0201463327,0.720902622,0.0829876661,-0.348728597,-0.058639884,0.86989671,-0.0681847483,-0.332678914,-0.0220270772,0.673038125,0.15846999,-0.369751871,-0.110059284,0.824492216,-0.0805075541,-0.350231677,-0.0117708398,0.655613422,0.182996944,-0.43122077,-0.0960775763,0.804226875,-0.0236906111,-0.312733531,-0.0154530285,0.555487514,0.100534789,-0.374168,-0.0589916706,0.714848816,0.0950440615,0.00338457269,0.0271966346,0.999962151,-0.0933769792,-0.00732564135,-0.0251198336,0.999962151,0.0817533284,0.424744308,-0.0726326,0.648648202,-0.0799397,0.345416784,-0.104755744,0.598338842,0.0672558546,0.778116643,-0.00834763795,0.607347369,-0.0807253867,0.730584085,0.00725524826,0.489717692,0.044659622,0.812836051,0.00242589321,0.25162667,-0.0784755573,0.764042735,-0.0258517116,0.157815859,0.0662271678,0.808870494,-0.0589441732,0.627491236,-0.0987707451,0.756662726,-0.115879469,0.472419441
2350.000000000001,-0.00954995211,-0.60093528,-0.0301096924,0.999803126,0.00291552139,-0.617209196,-0.0165535789,0.999654293,0.00575743848,-0.61929,-0.00589549961,0.999531209,0.00416802568,-0.618803322,-0.0103418399,0.999707,-0.0182721112,-0.629014313,-0.0273103174,0.999803782,-0.0169091616,-0.626669049,-0.0401661284,0.999808848,-0.0132777011,-0.616038918,-0.0210698377,0.999881148,0.0661342815,-0.606362164,0.0801374614,0.999604106,-0.0744889081,-0.567319334,0.0814065188,0.999549627,0.0260819234,-0.591188192,0.015761381,0.999459147,-0.0139512215,-0.557234824,-0.0118939364,0.999442816,0.149970785,-0.437087297,0.147563547,0.999911189,-0.127397776,-0.516967773,0.176632538,0.999913156,0.125357613,-0.298526615,0.0330085121,0.740522563,-0.0806238353,-0.310021877,0.027259741,0.819562316,-0.0155785829,-0.317977458,-0.0271496,0.725301743,0.0832699463,-0.357088357,-0.0736575425,0.879828751,-0.0658973,-0.336048931,-0.0294064321,0.676760137,0.158502802,-0.3803339,-0.126924902,0.836776197,-0.0782040283,-0.353524327,-0.0190013796,0.65916574,0.183070585,-0.442233264,-0.112085111,0.817756593,-0.0217814893,-0.315093756,-0.0225490965,0.558978,0.100714833,-0.382826686,-0.0737303495,0.732527375,0.0949665904,0.00338808727,0.0270984564,0.999960959,-0.0933132246,-0.00735305622,-0.0250292551,0.999961555,0.0813614056,0.424744546,-0.0726766288,0.642410159,-0.08029522,0.345934182,-0.104710087,0.593929648,0.0665970519,0.779282391,-0.00835632905,0.602147937,-0.0815046802,0.730686665,0.00731159234,0.48364085,0.0439470932,0.814185381,0.002420231,0.250014693,-0.0793806612,0.764103591,-0.0257858634,0.156378135,0.0658559352,0.809648871,-0.0591296777,0.624590278,-0.100501046,0.75663209,-0.115813807,0.469346792
2366.6666666666674,-0.00969739817,-0.601135194,-0.0441702418,0.999810338,0.00276521267,-0.617553771,-0.030588042,0.999668121,0.0056067016,-0.619616389,-0.0198077243,0.999547541,0.00398396375,-0.619124949,-0.0241553523,0.999717176,-0.0186028499,-0.629321337,-0.0416796096,0.999812663,-0.0172449,-0.626959145,-0.0544108599,0.999817252,-0.0136355693,-0.616288543,-0.0352338143,0.99988687,0.06585408,-0.606950045,0.0691194,0.999616742,-0.0758878589,-0.567514539,0.0692302957,0.999572575,0.025880551,-0.591355,0.00280578807,0.999474764,-0.0142908189,-0.557381034,-0.0250552464,0.999462724,0.149821952,-0.437126964,0.141527444,0.999907613,-0.127748579,-0.517145276,0.168410301,0.999915183,0.12594527,-0.298764169,0.0300171468,0.737982273,-0.0810164958,-0.311310917,0.0185761601,0.830606163,-0.0133279329,-0.328037649,-0.0260663908,0.723218322,0.0827049837,-0.362180561,-0.0781401619,0.889176428,-0.0634527728,-0.350919574,-0.0277599134,0.672193229,0.157394335,-0.387235612,-0.129917756,0.848171294,-0.0744059384,-0.367627919,-0.0173373725,0.653642952,0.181475356,-0.447822541,-0.114214085,0.830217779,-0.0190106891,-0.325683,-0.0212762449,0.55327481,0.0998373404,-0.387833774,-0.0777034834,0.749034822,0.0946713388,0.00342860189,0.0270974599,0.999959886,-0.0930328593,-0.00744432909,-0.0250403527,0.999961495,0.0809277,0.424907357,-0.0719989687,0.634873331,-0.0804431438,0.346236825,-0.104066908,0.591714382,0.0655746534,0.782635,-0.00351971877,0.595698059,-0.081749551,0.731607795,0.00750677753,0.481548101,0.0428257696,0.817699492,0.00770835252,0.247757524,-0.0797829,0.76503247,-0.0255634021,0.156283244,0.0655389875,0.812654138,-0.0517783463,0.621005237,-0.101173274,0.757020354,-0.11521823,0.470193774
2383.333333333334,-0.0101851663,-0.601627,-0.0594476201,0.999816358,0.00242537423,-0.618291855,-0.0463555492,0.999679625,0.00528092496,-0.620306253,-0.035497915,0.999560535,0.00359795708,-0.619825661,-0.0396614932,0.999725163,-0.0192367435,-0.630064189,-0.0572185628,0.999820232,-0.0178775657,-0.627693057,-0.069870159,0.999824405,-0.0142912455,-0.61696285,-0.0506134667,0.999891818,0.0657358468,-0.608323157,0.0545856692,0.999625802,-0.0769783556,-0.568732738,0.0559513941,0.999592483,0.0254897512,-0.591855705,-0.0118704857,0.999485552,-0.0148631688,-0.557971239,-0.0392482765,0.999478519,0.149754614,-0.437747926,0.130492926,0.999903,-0.12805742,-0.518642902,0.160632938,0.999916792,0.125897437,-0.299054652,0.0212865286,0.736350238,-0.0821174756,-0.313578099,0.0124602495,0.840658367,-0.0127506992,-0.33380723,-0.030656768,0.71966958,0.0813745484,-0.36650005,-0.0830432326,0.89750272,-0.0626157075,-0.358775675,-0.0308105536,0.665973,0.155504093,-0.3925201,-0.134140864,0.858167112,-0.0724396259,-0.374971926,-0.0200090129,0.646462858,0.179050162,-0.452667862,-0.11786449,0.841135681,-0.0179880857,-0.3315081,-0.0254198331,0.545762479,0.0982149541,-0.392163813,-0.0823967829,0.763365328,0.0944100469,0.00347697921,0.0270239376,0.999958754,-0.0927878618,-0.00753409229,-0.0249960851,0.999961436,0.0802778602,0.425091803,-0.0702066496,0.6276263,-0.080835931,0.346241236,-0.103110239,0.590289772,0.0645562336,0.785331726,0.00496821385,0.589901567,-0.0823700801,0.732270837,0.00942621566,0.48016274,0.0417429693,0.820454538,0.0169582516,0.245469123,-0.0806466043,0.765701175,-0.0233255681,0.156313285,0.0647904873,0.814627647,-0.0411444381,0.617806554,-0.102576308,0.757147491,-0.112137511,0.471463323
2400.0000000000005,-0.0104697868,-0.601429522,-0.0612447076,0.999820292,0.00216359459,-0.618163943,-0.0484278277,0.999687731,0.0050292192,-0.62017113,-0.0375751555,0.999569774,0.00330576976,-0.619688749,-0.0417196639,0.999730706,-0.019524049,-0.630000889,-0.0595075786,0.999825895,-0.0181702431,-0.627620399,-0.0721372366,0.999829948,-0.0145958466,-0.616867483,-0.0529410206,0.999895692,0.0649953,-0.608320177,0.0525141656,0.999633133,-0.0779511109,-0.568824708,0.0520318151,0.999609232,0.0249631535,-0.591705382,-0.0136974528,0.999496818,-0.0153874857,-0.557896733,-0.0415838249,0.999493957,0.149260357,-0.437684894,0.129554972,0.999901414,-0.129559323,-0.519177198,0.157957658,0.999919,0.125817478,-0.296750396,0.0226610303,0.733926892,-0.082521148,-0.313174337,0.0124397771,0.848560452,-0.0126600685,-0.333152473,-0.0296031833,0.717947841,0.0798465,-0.364451289,-0.0820293128,0.904585123,-0.0625256896,-0.358215243,-0.0297313891,0.663000405,0.153241336,-0.390150815,-0.132664666,0.866760552,-0.0718580186,-0.375493169,-0.0190519709,0.642783403,0.175326347,-0.45046407,-0.116805658,0.850494921,-0.017726481,-0.331304371,-0.0243950877,0.541637599,0.0960453376,-0.390265167,-0.0815127566,0.77558744,0.0943338946,0.00351442304,0.0270939488,0.999958217,-0.0927119851,-0.00759576727,-0.0250865202,0.999961615,0.0802416503,0.425305068,-0.0685724244,0.624514043,-0.0809174255,0.34647429,-0.10274563,0.592109561,0.0644943044,0.785884,0.0125427432,0.586055338,-0.0825614259,0.732552528,0.0118929092,0.481509507,0.0416435525,0.820970356,0.0251255166,0.243684828,-0.0809622332,0.765964806,-0.0204033852,0.157213733,0.0637488961,0.816124558,-0.0311882216,0.615990758,-0.102857962,0.757328629,-0.107653268,0.474434376
2416.666666666667,-0.0107009681,-0.601196289,-0.0590654,0.999823093,0.00183580455,-0.617985845,-0.0461554229,0.999693573,0.00471856119,-0.619996846,-0.0353197902,0.999575794,0.00296340813,-0.61950928,-0.0395464823,0.999734282,-0.0198299214,-0.629861,-0.0572998412,0.999830365,-0.0184780043,-0.627458334,-0.0699097589,0.999834418,-0.0149234701,-0.616682589,-0.050774578,0.99989897,0.0639866069,-0.60826683,0.0545121096,0.999637842,-0.0789418221,-0.568742,0.0535607785,0.999623358,0.0245098583,-0.591525257,-0.0116663985,0.999506414,-0.0158133693,-0.557693839,-0.0397084802,0.999507427,0.148653194,-0.437334,0.130766541,0.999899507,-0.130580425,-0.519227624,0.158680663,0.999921322,0.12587592,-0.295101702,0.0243042186,0.730004787,-0.083675772,-0.312855393,0.0140100894,0.856002152,-0.0116547067,-0.333340108,-0.0276619904,0.716147661,0.0764269903,-0.362958461,-0.0804666951,0.911276,-0.0614336,-0.35905242,-0.0268004108,0.66022414,0.148976669,-0.388290673,-0.131057724,0.875060141,-0.0700064898,-0.377052903,-0.0163899399,0.639354229,0.170415193,-0.448396057,-0.115552075,0.859568834,-0.01639992,-0.332025945,-0.0224849749,0.53787446,0.0921746865,-0.388732404,-0.080097273,0.787692726,0.0942115709,0.00356441946,0.0272534322,0.999957502,-0.092585884,-0.00767789315,-0.0252748039,0.999961674,0.0801018253,0.425616562,-0.0679690763,0.620617092,-0.0810546726,0.346804768,-0.102702059,0.593748569,0.0643391684,0.786192834,0.0131195234,0.581284523,-0.0831776485,0.732902288,0.0116121992,0.483344138,0.0414440781,0.821220875,0.0255196784,0.241561547,-0.0817886591,0.766333044,-0.0207379237,0.158486843,0.0631125197,0.816991568,-0.0304854102,0.61311388,-0.103612743,0.757534325,-0.10776832,0.477529138
2433.3333333333335,-0.0108485138,-0.60113579,-0.0580068529,0.999828219,0.00160089147,-0.617973745,-0.0451524891,0.999703646,0.00449572597,-0.619983912,-0.0342995,0.999588609,0.00272791157,-0.619496346,-0.0385837741,0.999742448,-0.0200897623,-0.629830778,-0.0561672673,0.999836326,-0.0187421553,-0.627415,-0.0687467158,0.999840081,-0.0151962992,-0.616626501,-0.0496668033,0.999902725,0.0637552962,-0.608350098,0.0552444458,0.99964869,-0.0793118924,-0.568602383,0.0547872633,0.999637961,0.0244249348,-0.591514528,-0.0107070934,0.999521911,-0.0159096569,-0.557590544,-0.0386497751,0.999523759,0.148637071,-0.437348187,0.131648123,0.9999,-0.130579457,-0.519170403,0.159662813,0.999923289,0.12589407,-0.294354439,0.0281550754,0.731331527,-0.0838468596,-0.312728971,0.0155380135,0.862870038,-0.0119285323,-0.333042473,-0.0195539668,0.719712734,0.0755106509,-0.361078858,-0.0792866796,0.916997969,-0.0620916113,-0.357980967,-0.0177449621,0.663131,0.148086533,-0.385609478,-0.130035371,0.88208133,-0.0703934804,-0.37571916,-0.00811857264,0.64201,0.169330731,-0.445754975,-0.114786841,0.867236853,-0.0166507289,-0.331614971,-0.0144212078,0.540512,0.091235809,-0.38676852,-0.079047963,0.798009098,0.0941604152,0.00358440797,0.0273042396,0.999956906,-0.0925318897,-0.00771187805,-0.02533927,0.999961615,0.080024004,0.426062018,-0.0675767511,0.620117307,-0.0812418759,0.346903026,-0.102645509,0.597000659,0.0642426759,0.786630094,0.0133742895,0.578659594,-0.0839551687,0.733617544,0.011588729,0.486454934,0.0413150936,0.82160753,0.0256373826,0.239805475,-0.0826913342,0.767187059,-0.0207750723,0.160108894,0.0626294464,0.818074703,-0.0301207881,0.611856699,-0.104510821,0.758224726,-0.107713036,0.481823117
2450.0,-0.0109649263,-0.601133525,-0.057342276,0.999833763,0.0013575668,-0.617984653,-0.0444424674,0.999713778,0.00425585732,-0.619993627,-0.0335935093,0.999601185,0.00248245383,-0.619506717,-0.0379249975,0.999750257,-0.020329332,-0.62983346,-0.0557200685,0.999842584,-0.0189785808,-0.627415359,-0.0682580248,0.99984616,-0.0154387364,-0.616626084,-0.0492207929,0.999906719,0.0632006228,-0.608360589,0.0562473089,0.999658883,-0.079778932,-0.568440437,0.055407539,0.999653578,0.0242780056,-0.59151572,-0.00999077782,0.999538362,-0.0160588715,-0.557546318,-0.0383212976,0.999541819,0.148419544,-0.437148839,0.134794295,0.999900162,-0.13066186,-0.519102097,0.160327628,0.999925792,0.125945538,-0.293548614,0.0347142592,0.730308354,-0.0858903155,-0.312528104,0.0165664703,0.869394779,-0.0119339805,-0.332561344,-0.0137806321,0.721008837,0.0746728256,-0.359752029,-0.0786591619,0.922377527,-0.062187802,-0.356687367,-0.0121871065,0.66401732,0.147619098,-0.383735567,-0.129429772,0.888727129,-0.0704428554,-0.374412715,-0.00268754223,0.642574966,0.169312745,-0.443953037,-0.114199132,0.874476254,-0.0166749023,-0.330916315,-0.00871137436,0.540779412,0.0906572118,-0.385357112,-0.0784321427,0.807664216,0.0940358117,0.00362064177,0.0275092777,0.999956429,-0.092413269,-0.00776683912,-0.0255581792,0.999961674,0.07916677,0.426109225,-0.0673372224,0.618759036,-0.0816615075,0.346904457,-0.102748401,0.599024594,0.0629573911,0.786580741,0.0128184706,0.57592237,-0.0846406892,0.733503222,0.0109134912,0.487915426,0.0399263576,0.821539819,0.0249684937,0.239369512,-0.0834291503,0.767065883,-0.0215425547,0.161411181,0.0614620298,0.818027139,-0.0311230887,0.610398293,-0.105085306,0.757790923,-0.108235613,0.484218508
2466.6666666666665,-0.0109943878,-0.601256251,-0.0540445447,0.999838,0.00132663012,-0.618111134,-0.0404709429,0.999720693,0.0042263763,-0.620120525,-0.0297175683,0.999609947,0.00245151203,-0.61963433,-0.0340733565,0.999755263,-0.0203966517,-0.629962206,-0.0518547259,0.999847174,-0.0190465022,-0.627550185,-0.0643737,0.99985081,-0.0155104445,-0.616776407,-0.0454035774,0.999909699,0.0631510094,-0.608362138,0.0612397343,0.999665678,-0.0800135657,-0.568447113,0.0598625951,0.999665439,0.0242503956,-0.591577649,-0.00655490486,0.99955076,-0.0161400326,-0.557594061,-0.0350051969,0.999556422,0.148329958,-0.436956555,0.138664454,0.999900103,-0.131230921,-0.519099653,0.163907096,0.99992764,0.126066044,-0.293232858,0.0383904874,0.73156774,-0.0890926719,-0.312334597,0.0187953822,0.874785244,-0.0114400201,-0.332251817,-0.0120313009,0.723802149,0.0740621,-0.3591322,-0.0780558363,0.92712158,-0.0617392734,-0.356350809,-0.011162933,0.666762948,0.147537902,-0.38310504,-0.1289085,0.894625366,-0.0702011585,-0.373855531,-0.00165217021,0.645248711,0.16949603,-0.443181455,-0.113777272,0.880943179,-0.0163155571,-0.330755979,-0.00701533305,0.543229878,0.0904804096,-0.384715855,-0.0778850913,0.816200674,0.0940368325,0.00364353671,0.0275232922,0.999956131,-0.0924172252,-0.00779556436,-0.0255714264,0.999961793,0.0791412815,0.426065832,-0.0673720911,0.6222651,-0.0818551,0.346648186,-0.103067569,0.604170382,0.0628729537,0.78536588,0.0124064665,0.578717589,-0.0849964842,0.732738554,0.0107691213,0.493056297,0.0398021117,0.82017678,0.0244817026,0.241614074,-0.0837852508,0.766213477,-0.0216802154,0.164126351,0.0612308271,0.816400886,-0.0317472406,0.612887919,-0.105398193,0.756239,-0.108945116,0.489054918
2483.333333333333,-0.0110057453,-0.601246774,-0.0463782251,0.999840677,0.00129806239,-0.618105829,-0.0322834738,0.999724805,0.00420040311,-0.620115519,-0.0216517299,0.999615908,0.00242935098,-0.61962992,-0.0260906033,0.99975872,-0.0204236899,-0.629952073,-0.0438352078,0.999849617,-0.0190760475,-0.627544,-0.056426052,0.999853432,-0.0155340647,-0.616776764,-0.0375255868,0.999911129,0.0629276633,-0.608349502,0.069211863,0.9996714,-0.0801811889,-0.568451,0.0669752583,0.999671519,0.0242361519,-0.591576874,0.000913768075,0.99955976,-0.016171217,-0.557589829,-0.0277276095,0.999564826,0.148227617,-0.436973184,0.145305783,0.999901474,-0.131803,-0.519247532,0.168820798,0.999928117,0.126542658,-0.292332411,0.045454707,0.73497808,-0.0891821757,-0.312166899,0.0259164907,0.877723157,-0.0110714203,-0.325358629,-0.00963578932,0.729540825,0.0740935802,-0.358164281,-0.0738739371,0.930099,-0.0614742413,-0.346429646,-0.0100966496,0.673693597,0.147701606,-0.380901873,-0.126134768,0.898214519,-0.0702446848,-0.366138339,-0.000899343635,0.652663767,0.169813097,-0.44195348,-0.111843117,0.884851158,-0.016201267,-0.324138314,-0.00500405068,0.550807476,0.0905621499,-0.383812755,-0.0741777495,0.820934117,0.094113946,0.00365232164,0.02757979,0.999956071,-0.0924976543,-0.007808025,-0.0256158672,0.999961555,0.0791341215,0.425892,-0.0673679635,0.62928313,-0.0821910799,0.346460938,-0.10348136,0.610354364,0.0622433834,0.784422338,0.0114311678,0.584435463,-0.0852852538,0.732202113,0.0106283845,0.497535497,0.0390136838,0.819274962,0.0233576521,0.246111915,-0.084054634,0.765669227,-0.0218301658,0.167009458,0.0608941652,0.81495887,-0.0340615027,0.616663754,-0.106320441,0.7550295,-0.109194972,0.49196136
2499.9999999999995,-0.0109369894,-0.599633813,-0.0288100913,0.99984479,0.00134517986,-0.616406381,-0.0139595596,0.999730408,0.00425171293,-0.61841321,-0.00358434394,0.999623775,0.00249567186,-0.617961884,-0.00811530743,0.999763,-0.0203381497,-0.628311634,-0.0252257083,0.999853134,-0.0190032609,-0.625937223,-0.0378445275,0.999857247,-0.0154414782,-0.61525774,-0.0191465672,0.999913335,0.0629644617,-0.606695712,0.0868281424,0.999678,-0.0800729096,-0.567358792,0.0853020772,0.999680459,0.0243469812,-0.590087295,0.018050652,0.999571502,-0.0161032099,-0.556148291,-0.0102867745,0.999577224,0.148227662,-0.435865819,0.160665438,0.99990344,-0.13181442,-0.519226551,0.181832403,0.999930263,0.127218336,-0.290523648,0.0581667237,0.738007843,-0.0897265747,-0.312033206,0.0407625809,0.881439328,-0.0108489692,-0.31817466,-0.000117371244,0.735841513,0.0738718957,-0.353031278,-0.0635258779,0.933868349,-0.0614329278,-0.3372235,-0.00223572948,0.681084871,0.147692755,-0.372824073,-0.117376693,0.903082728,-0.0703831613,-0.357663721,0.00694304192,0.660457551,0.169913754,-0.433930308,-0.104034565,0.890249372,-0.0161823779,-0.316962123,0.00444982201,0.558787763,0.090561457,-0.377945572,-0.0641058609,0.828072786,0.0942027569,0.00372343231,0.027866479,0.999955952,-0.0925956443,-0.00787513051,-0.0258891303,0.999961495,0.0794655085,0.425301671,-0.0677799731,0.636383832,-0.0821885169,0.346244395,-0.10485173,0.617970645,0.0620945282,0.781358838,0.00812730938,0.589326,-0.0854365081,0.729923,0.0102642858,0.501126409,0.0387343504,0.816039085,0.0197233483,0.250668138,-0.0842064247,0.763096213,-0.0221621692,0.169397861,0.060837172,0.810121596,-0.0392926447,0.619505823,-0.106313467,0.751051366,-0.109858945,0.493525952
2516.666666666666,-0.0104930066,-0.597850561,-0.0147225717,0.999846041,0.00180610712,-0.614723682,0.00130680564,0.999730587,0.00472027902,-0.616693079,0.0115820635,0.999623716,0.00302132382,-0.61627996,0.0068362914,0.99976182,-0.0199523326,-0.626370132,-0.00977231376,0.999853969,-0.0186220948,-0.62401706,-0.0224004276,0.999858558,-0.0150391245,-0.613451362,-0.0038054043,0.999914,0.0638207793,-0.604803145,0.102860868,0.999676704,-0.0796889439,-0.564781129,0.102630712,0.999684155,0.0249884333,-0.58826983,0.0321243927,0.999573,-0.0157425217,-0.553998351,0.00429561222,0.999581218,0.148461208,-0.434571475,0.173384205,0.999903798,-0.131482944,-0.517231226,0.194256634,0.99993217,0.127417043,-0.290366948,0.0655705482,0.735358655,-0.09148781,-0.310401618,0.0511586703,0.884364426,-0.0106090596,-0.310452878,0.00448367465,0.735978484,0.0738914758,-0.340728194,-0.05632082,0.937342584,-0.061193116,-0.326457053,0.00117895566,0.682249784,0.148162439,-0.356795341,-0.111290947,0.907676041,-0.070422,-0.344844729,0.0108246924,0.661711872,0.173065573,-0.41773355,-0.0983176231,0.895364046,-0.0161423068,-0.307866365,0.00905548502,0.559786677,0.0909775645,-0.364672571,-0.0570586585,0.834817827,0.0943712071,0.00373166241,0.0280361325,0.999955595,-0.0927802473,-0.00788677,-0.026049545,0.999961376,0.0796845481,0.424976885,-0.0697623,0.641051352,-0.0818023235,0.346192777,-0.107164122,0.62330848,0.0619018264,0.779658,-0.0015972316,0.593411565,-0.0854338184,0.728798926,0.0050372025,0.504986703,0.0384598225,0.814290941,0.00904813688,0.254808903,-0.0841939226,0.761776,-0.028031256,0.171841592,0.0608878359,0.807385564,-0.052992817,0.621672094,-0.105902158,0.749113858,-0.118539743,0.495685101
2533.3333333333326,-0.00951848458,-0.59617126,-0.00883856602,0.999847233,0.00254398305,-0.613096118,0.00712265167,0.999732077,0.00545657,-0.615071297,0.0174916834,0.999626338,0.00381640415,-0.614653766,0.0125275273,0.999763191,-0.0190101806,-0.624796093,-0.00451554637,0.999855042,-0.0176774673,-0.622393966,-0.0171603505,0.99985975,-0.0141063426,-0.611820102,0.00139829039,0.999914587,0.0638519749,-0.602746725,0.107981175,0.999679506,-0.079326272,-0.562476873,0.105248556,0.99968785,0.0255371183,-0.58665663,0.0376659334,0.999578416,-0.0151161831,-0.552165866,0.0090497,0.999586642,0.148411348,-0.432456464,0.177502528,0.999905586,-0.131511584,-0.514714956,0.19581008,0.999933958,0.127998635,-0.290279418,0.0696946159,0.731011689,-0.0932859331,-0.304702967,0.0532132313,0.88549912,-0.00915209856,-0.308317125,0.00761315878,0.735262632,0.0733738244,-0.327760905,-0.0504530072,0.939114571,-0.0595044233,-0.323584616,0.00405215146,0.682480812,0.148152977,-0.341891587,-0.10387142,0.910051882,-0.0695108846,-0.342205584,0.0134657547,0.662017286,0.173178911,-0.402935356,-0.0911443233,0.897897363,-0.014989513,-0.305807173,0.0118934149,0.560313821,0.0908314,-0.351700544,-0.0512707829,0.837891221,0.0943893269,0.00380601431,0.0285013467,0.999956,-0.0927902684,-0.00796312746,-0.0265384279,0.999961615,0.0797631517,0.425397724,-0.0709257051,0.641074896,-0.0812184364,0.346263707,-0.108663343,0.625578821,0.062027324,0.779689193,-0.00604575034,0.592766762,-0.083236441,0.728792191,0.0015929807,0.506155849,0.0387087129,0.814314,0.00404334767,0.255291939,-0.0814384595,0.761781693,-0.0318700969,0.172397777,0.0628065,0.807489872,-0.0564416721,0.620891392,-0.100573383,0.749183536,-0.121640682,0.495716423
2549.999999999999,-0.00950271357,-0.595375836,-0.00556887873,0.99983716,0.00265942863,-0.612074256,0.00981517695,0.99971205,0.0055754,-0.614047706,0.0201950464,0.999598801,0.00395796169,-0.61364764,0.0151726864,0.999745727,-0.0188011266,-0.623940408,-0.000868469244,0.99984467,-0.0174616147,-0.6215325,-0.0134834871,0.999850035,-0.0138975969,-0.611007869,0.0050632963,0.999909,0.0646357238,-0.601073086,0.108483091,0.999655187,-0.077319324,-0.561634064,0.110064745,0.999668241,0.0256348792,-0.585811615,0.0401520766,0.99955672,-0.0149297658,-0.551409245,0.0127596073,0.999568,0.148832113,-0.431113034,0.17674841,0.999904931,-0.130711809,-0.513667,0.201285675,0.999934793,0.127731651,-0.290301859,0.0684290752,0.723476887,-0.0962496623,-0.300963819,0.061769139,0.883523762,-0.00912919361,-0.305239916,0.00698507624,0.72939235,0.0708394498,-0.317437261,-0.0454503372,0.939656377,-0.059251219,-0.319152981,0.00340951188,0.677675247,0.14658244,-0.330193698,-0.0995691046,0.910820484,-0.0694331825,-0.336900145,0.0128488056,0.657289326,0.173097253,-0.391275764,-0.0875780135,0.898751676,-0.0149753569,-0.302128911,0.0112671386,0.555193841,0.0895457864,-0.341094762,-0.046866443,0.838373423,0.0944306627,0.00386641314,0.0284974184,0.999956131,-0.0928216726,-0.00802436471,-0.0265295226,0.999961793,0.0798748359,0.425661176,-0.0722704083,0.635382771,-0.0807318091,0.346530914,-0.110052153,0.622951806,0.0624069534,0.779723167,-0.0110891508,0.589908838,-0.0820967704,0.728821456,-0.0020153292,0.503351867,0.0392631665,0.814343333,-0.00145649933,0.25296405,-0.0799552798,0.761803746,-0.0357845165,0.170590743,0.0638927668,0.80750829,-0.0643378124,0.617256761,-0.0982815474,0.749503732,-0.127540961,0.491772413
2566.6666666666656,-0.00957162119,-0.595006645,-0.00623572804,0.999836564,0.00267334166,-0.611626267,0.00907441229,0.999709904,0.00559350289,-0.613588512,0.0194643252,0.99959594,0.00398206,-0.613194525,0.0144862579,0.999743164,-0.0187880415,-0.623576224,-0.0011437959,0.999844,-0.0174435526,-0.621156096,-0.0137525583,0.999849677,-0.0138825,-0.610668719,0.00484086759,0.999908805,0.0657456666,-0.59998554,0.107452616,0.999649405,-0.0762510821,-0.561228454,0.111420162,0.999667346,0.025671389,-0.585295677,0.0394060127,0.999553,-0.0149050672,-0.551004291,0.0126420492,0.999566853,0.149962351,-0.429870069,0.175599515,0.999905169,-0.129903838,-0.512500405,0.202937424,0.999936342,0.127745464,-0.290322214,0.0672683939,0.718562,-0.0962121636,-0.294529527,0.0648644194,0.880901098,-0.007664253,-0.305597246,0.00432521151,0.726278424,0.0707559437,-0.304600775,-0.0442542322,0.94006139,-0.0564646088,-0.320020497,-0.00105303596,0.675825357,0.146579638,-0.316096634,-0.0986717939,0.911481142,-0.0668101087,-0.337779194,0.00824854337,0.655714035,0.173584893,-0.377661377,-0.0870883688,0.899554,-0.013342279,-0.302563578,0.00830269698,0.553561151,0.089575693,-0.328204304,-0.0459788181,0.838824391,0.0945413485,0.00393574638,0.0284651015,0.99995631,-0.0929204822,-0.00808778778,-0.0264919922,0.999962032,0.0802163258,0.42591,-0.0747795776,0.629917383,-0.0799681619,0.346801072,-0.112055436,0.618864775,0.0640650392,0.779702961,-0.0162487347,0.584239125,-0.0793840513,0.728936255,-0.00392804481,0.496652484,0.041383788,0.814293444,-0.00678520184,0.249419063,-0.0766582489,0.7618981,-0.0376649052,0.16753979,0.0666275471,0.806957304,-0.0703972951,0.611586034,-0.0950805,0.749707639,-0.129858404,0.484613359
2583.333333333332,-0.00958014838,-0.594568312,-0.00804092549,0.999837399,0.00267504784,-0.611248553,0.00711525558,0.999711633,0.00560182612,-0.613202155,0.0175357796,0.999598682,0.00399492681,-0.612813652,0.0126075866,0.999745369,-0.0187800191,-0.623150766,-0.00314997067,0.999844551,-0.0174274873,-0.620688915,-0.0157390293,0.999849916,-0.0138752935,-0.610223711,0.00287782075,0.999909,0.0665290579,-0.599468589,0.105715692,0.999649405,-0.0755121112,-0.560280681,0.109579168,0.999664426,0.0258936696,-0.58487457,0.0377191715,0.999554455,-0.0147023201,-0.550344944,0.0109223686,0.999566615,0.151449829,-0.429074824,0.174567297,0.999907076,-0.128114939,-0.510422766,0.202990681,0.999936938,0.129904166,-0.289217204,0.0698422864,0.715678513,-0.0961424708,-0.287154466,0.0684095547,0.875144422,-0.00151241128,-0.304064929,0.00999227259,0.725603759,0.0705420449,-0.295770168,-0.0381155796,0.93628037,-0.0490684286,-0.319038808,0.00482199807,0.676151,0.146541938,-0.307388186,-0.0915118083,0.906446457,-0.0591388,-0.337121844,0.0134678995,0.656432509,0.17359,-0.368954927,-0.0806610733,0.893972754,-0.0067610275,-0.30140236,0.0137181142,0.55444032,0.0895279,-0.319682509,-0.0402604714,0.830859184,0.0945518762,0.00398725457,0.0284320228,0.999956667,-0.092924647,-0.00812413916,-0.0264557805,0.999962091,0.0807094797,0.426003098,-0.0763145611,0.625151098,-0.0797414556,0.346806496,-0.112661138,0.61397016,0.064917773,0.779808581,-0.0205100365,0.578834474,-0.0778239,0.729364932,-0.00615119468,0.491087884,0.0423875302,0.814372897,-0.0112875542,0.245693952,-0.0747994632,0.762495756,-0.0400470085,0.16501838,0.0679744184,0.807176054,-0.0739400834,0.605617583,-0.0937868953,0.751015067,-0.131142646,0.478345633
2599.9999999999986,-0.00733889686,-0.594581425,-0.00904532336,0.999836683,0.00509316754,-0.611268103,0.00601386651,0.999709427,0.00809128582,-0.613221467,0.016440738,0.999596834,0.00650703069,-0.612832248,0.0114784893,0.999744356,-0.016360011,-0.623169303,-0.00423178775,0.999842823,-0.0149552738,-0.62070781,-0.0167368986,0.999848187,-0.0114329867,-0.610240161,0.0018273982,0.999907851,0.0690734461,-0.599503279,0.104168527,0.999646187,-0.0729456693,-0.560350776,0.108794875,0.999657,0.0284588411,-0.584891,0.0367574468,0.999549448,-0.0121508818,-0.550364,0.0101906825,0.999560595,0.153155074,-0.429207504,0.173610806,0.999908626,-0.126647711,-0.510470212,0.201936275,0.999936819,0.1328886,-0.289267063,0.0689791813,0.713595271,-0.0961069316,-0.287254721,0.0687516332,0.868800879,0.00503495801,-0.302694976,0.00961414352,0.721638322,0.0707908422,-0.292240888,-0.0346599221,0.930530488,-0.0414563343,-0.316873491,0.00457572239,0.673166692,0.147515148,-0.3021,-0.0875046477,0.899273396,-0.0521132424,-0.335254848,0.0131606348,0.653800726,0.175113946,-0.363668263,-0.0772885606,0.886076272,-9.13489203e-005,-0.300004303,0.0133444723,0.552015662,0.0902063698,-0.315837622,-0.0371061824,0.82014823,0.0945614874,0.00400242349,0.0284021385,0.999957263,-0.0929275379,-0.00813692808,-0.0264212042,0.999962211,0.081050761,0.425999284,-0.0766072348,0.626765132,-0.0782471448,0.346640795,-0.111855865,0.611876428,0.0660691038,0.779826462,-0.0220415443,0.5809021,-0.0764853582,0.729416788,-0.00585212605,0.489985406,0.0438212156,0.814389586,-0.0128810573,0.246236816,-0.0734194666,0.762611151,-0.0398758389,0.163922533,0.0698611587,0.807307899,-0.0753918141,0.606648326,-0.0921521634,0.751650393,-0.130687609,0.476014793
2616.666666666665,-0.00578160631,-0.594193041,-0.00975790806,0.999832571,0.0069855256,-0.610933423,0.00512912776,0.999700308,0.0100326575,-0.612854064,0.0155776627,0.999584436,0.00844367,-0.612469196,0.0106526092,0.999735057,-0.0146361571,-0.622845113,-0.00524567859,0.99983865,-0.0132050309,-0.620386839,-0.0177674461,0.99984467,-0.00969502609,-0.609917223,0.000818538072,0.999905944,0.0720927715,-0.599250436,0.103256986,0.99963069,-0.0708225593,-0.560224354,0.107404321,0.99965,0.0304380078,-0.584535837,0.0359940715,0.999533594,-0.0103919832,-0.550031245,0.00921151,0.99955076,0.154837266,-0.428853393,0.173147619,0.999907494,-0.125481635,-0.51048249,0.20186533,0.999938,0.132563099,-0.289290071,0.0687314048,0.705638468,-0.0979572758,-0.286441743,0.0695819184,0.866471827,0.00596419722,-0.302823126,0.00938108936,0.712277,0.07081265,-0.286824495,-0.0349815,0.930122375,-0.0397317372,-0.317281365,0.00400766404,0.664821565,0.148063242,-0.295581311,-0.0880764499,0.898645222,-0.0495649949,-0.335321903,0.0126193538,0.645480812,0.177500382,-0.356907725,-0.0776576698,0.885398865,0.00126986532,-0.300001293,0.0131019419,0.543821514,0.0907623917,-0.309982479,-0.0373569876,0.818559,0.0946475342,0.00408766512,0.0283597838,0.999957502,-0.0930017531,-0.00820577797,-0.026378084,0.999962628,0.0814220235,0.426005155,-0.0768396854,0.627337635,-0.0770159289,0.346625149,-0.111806989,0.612389743,0.0673934668,0.779843926,-0.0214990899,0.583252192,-0.075469628,0.729517281,-0.0057077,0.491116017,0.0453683808,0.81440568,-0.0121662766,0.246934578,-0.0723595396,0.762740254,-0.0397223309,0.163435087,0.0718040094,0.807433963,-0.0746502,0.608058333,-0.0907916129,0.752513885,-0.130184457,0.475767165
2633.3333333333317,-0.00452716229,-0.594055653,-0.0109924674,0.999823213,0.00841406547,-0.610800326,0.00427174708,0.999680638,0.0114847533,-0.612702727,0.0146844015,0.999558389,0.00986768119,-0.612312675,0.00977198686,0.99971652,-0.013298586,-0.622702062,-0.00611534622,0.999829113,-0.0118428832,-0.620259106,-0.0186384767,0.999836385,-0.00833491422,-0.609786749,-1.77495203e-005,0.999901,0.0734275505,-0.598970354,0.102736212,0.999604,-0.0697223395,-0.560133755,0.107135892,0.999633431,0.0316951498,-0.584341288,0.0349617787,0.999505937,-0.00919986609,-0.549893677,0.00826461893,0.999530494,0.155624732,-0.428320676,0.170925081,0.999905586,-0.125305951,-0.510435283,0.201341704,0.999938309,0.132522345,-0.289196253,0.063786231,0.697606742,-0.098932609,-0.28569904,0.0686538368,0.862445354,0.00699831406,-0.302744091,0.00209203223,0.701165438,0.0708337873,-0.283539891,-0.0359122232,0.928669,-0.0382232629,-0.317412049,-0.00377762807,0.654711187,0.148244292,-0.291787982,-0.0890141651,0.896696568,-0.0479736105,-0.335326701,0.00518352957,0.635354161,0.178543687,-0.353012919,-0.0783858672,0.883270383,0.0024267491,-0.299825609,0.00589517644,0.533899069,0.0910256431,-0.306441635,-0.0381825753,0.814930916,0.0947655514,0.00414925208,0.0282772556,0.9999578,-0.0931035355,-0.0082522966,-0.0262938105,0.999963,0.0817705244,0.425920129,-0.0776495636,0.629945099,-0.0763446242,0.346486926,-0.111765459,0.613500834,0.0691863373,0.779859722,-0.0212347023,0.588492334,-0.0749625713,0.729567,-0.00555240642,0.494425446,0.0474868193,0.814419568,-0.0117409974,0.249013931,-0.0718823,0.762808144,-0.0395436175,0.163637847,0.0742504075,0.807567179,-0.0745921,0.611705184,-0.0905921087,0.753232419,-0.129816741,0.477242589
2649.999999999998,-0.00391035061,-0.594062567,-0.0111837042,0.999810219,0.00921870489,-0.610805511,0.00387908332,0.999654055,0.012303018,-0.61270684,0.0142832305,0.999521315,0.0106865326,-0.612314165,0.00942994282,0.999692,-0.0125463502,-0.622710109,-0.00647837669,0.999816239,-0.0110879457,-0.620270073,-0.0190138575,0.999824584,-0.00760461111,-0.609799445,-0.000400602,0.999894142,0.0739718899,-0.598842,0.102210924,0.999566078,-0.0692220703,-0.56014961,0.106496267,0.999607801,0.0321804658,-0.58433646,0.034730304,0.999463618,-0.00873323064,-0.54990077,0.00799983647,0.999496818,0.155838564,-0.428228974,0.169754282,0.999902248,-0.125258744,-0.510361731,0.200925797,0.999937654,0.132615343,-0.289543033,0.061788585,0.686291337,-0.0989462286,-0.285498261,0.0678755566,0.857471824,0.00755662471,-0.302288443,0.000433234265,0.686173558,0.0709245577,-0.284934521,-0.0365800373,0.926858485,-0.037646167,-0.31652993,-0.00539998617,0.640689492,0.148493662,-0.293963104,-0.0896642506,0.894302845,-0.0477379225,-0.333948612,0.00353269908,0.621389627,0.179296628,-0.354944348,-0.078824684,0.88065964,0.00285693724,-0.299031645,0.00419316534,0.520442,0.0913753137,-0.307871759,-0.038733054,0.810523272,0.094796136,0.00418031495,0.027947139,0.99995786,-0.0931267142,-0.00827729143,-0.0259531271,0.999963105,0.0816262,0.426096559,-0.0778120533,0.62489,-0.0762923509,0.34645918,-0.111663349,0.606756568,0.0700252727,0.780424714,-0.0215709079,0.58743608,-0.0743748695,0.729876757,-0.00572271552,0.491464227,0.0486275107,0.815017819,-0.0121921431,0.247501969,-0.071256578,0.76318258,-0.0397892185,0.16172348,0.0760926381,0.807705224,-0.0760726333,0.610029697,-0.0906996,0.753575,-0.131686494,0.473739684
2666.6666666666647,-0.0037993514,-0.594048798,-0.0117562702,0.999805629,0.00936139934,-0.610780597,0.00336435903,0.999644697,0.012453475,-0.612683296,0.0137983467,0.999508083,0.0108481729,-0.61228466,0.00890305638,0.999684215,-0.0123680569,-0.622698784,-0.00701597426,0.99981159,-0.0109120142,-0.620258331,-0.019529324,0.999819934,-0.00745379459,-0.609793127,-0.000909793365,0.99989146,0.0740138888,-0.598490477,0.101887628,0.999552965,-0.069138281,-0.560037255,0.106091827,0.999594867,0.0322605632,-0.584266365,0.0341987312,0.999448419,-0.00865569711,-0.549841464,0.00748311821,0.99948281,0.155836865,-0.428017229,0.169416532,0.999901891,-0.125251085,-0.509351909,0.201995403,0.999937057,0.133632302,-0.289668232,0.0622404031,0.681118906,-0.0989871323,-0.283817112,0.0691509247,0.852388799,0.00784713496,-0.301531076,0.00223131548,0.679280818,0.0701761693,-0.286296427,-0.0355721787,0.92438525,-0.0376776606,-0.315325409,-0.00333376136,0.63387084,0.147852257,-0.296354771,-0.0885656476,0.89104557,-0.0480916165,-0.332470894,0.00551616121,0.614621699,0.178538829,-0.357383668,-0.0778779835,0.877053916,0.00292007788,-0.298093498,0.00593645312,0.5137344,0.0907504633,-0.309507847,-0.0378517956,0.805080473,0.0948044658,0.00419615628,0.0275713298,0.999957919,-0.0931310654,-0.0082908785,-0.0255626757,0.999963,0.0816331059,0.426163703,-0.0783333853,0.618581057,-0.076315634,0.346459478,-0.111680225,0.597796559,0.0701896772,0.780617058,-0.0235724691,0.582294703,-0.0741182,0.730061352,-0.00733140903,0.484730035,0.0488254055,0.815236509,-0.0145287924,0.244173899,-0.0709677115,0.763417125,-0.0416751765,0.158993468,0.076588057,0.807734489,-0.0791192651,0.604150474,-0.0907977894,0.753611624,-0.134523347,0.466698796
2683.333333333331,-0.00353692588,-0.593961716,-0.0115169818,0.999804,0.00952891819,-0.610724449,0.00363524212,0.999642849,0.0126351882,-0.612632811,0.0141129512,0.999506712,0.0110437935,-0.612231374,0.00914243236,0.999684334,-0.0121536795,-0.622621715,-0.0067887269,0.999809444,-0.0107041392,-0.620177925,-0.0192971192,0.999817193,-0.0072698486,-0.609719515,-0.000659604,0.999889433,0.0740603,-0.598459601,0.102146521,0.999551117,-0.0690406263,-0.559837699,0.106357932,0.999582648,0.0325582139,-0.584204257,0.0344583467,0.999436438,-0.00837806705,-0.549701333,0.00779386,0.999466717,0.155686662,-0.428070277,0.169174179,0.999902725,-0.124690242,-0.508681774,0.203331575,0.99993515,0.131781071,-0.290094674,0.0624600947,0.678839624,-0.0981274,-0.283235371,0.0705652386,0.845500708,0.00687659625,-0.30134809,0.00503547443,0.676687,0.0705077,-0.287810236,-0.0316013582,0.918313622,-0.0381984413,-0.314898431,7.61844858e-005,0.631317317,0.148361683,-0.298355281,-0.0837340355,0.88336575,-0.0483411252,-0.331743658,0.00902540423,0.612172306,0.178623602,-0.359410405,-0.073232308,0.868589759,0.0021935543,-0.297769397,0.00882159173,0.511382639,0.0910147056,-0.311167091,-0.0340024903,0.794084072,0.0948100835,0.0042023235,0.0273326263,0.999958158,-0.0931290686,-0.00828825869,-0.025327,0.999962747,0.0817806274,0.426153481,-0.078721486,0.615578711,-0.0764465,0.346310943,-0.111930817,0.593379736,0.0703188926,0.780527592,-0.0255302284,0.579969943,-0.0741494372,0.730178058,-0.0101513974,0.481726378,0.0489528291,0.815122843,-0.0167124942,0.242406934,-0.0710174143,0.763598,-0.0448565409,0.15797171,0.0774395764,0.807214,-0.0804387853,0.600625098,-0.0913830251,0.753698528,-0.136524156,0.462912619
2699.9999999999977,-0.00323041203,-0.592903256,-0.0040331413,0.999804795,0.00960321166,-0.609794796,0.0118637439,0.999644458,0.0127066923,-0.611735642,0.0222645979,0.999509692,0.0111334668,-0.611321628,0.0171458814,0.999687,-0.0120166717,-0.62137711,0.00087127072,0.999809742,-0.0105633112,-0.618913352,-0.0115808919,0.999817133,-0.00714862347,-0.608529747,0.00696883583,0.999889076,0.0738884062,-0.597385049,0.110862844,0.999555588,-0.0691041946,-0.556955338,0.113002382,0.999578774,0.0327327475,-0.583059371,0.0417824,0.999438107,-0.00822767802,-0.54798764,0.0146363014,0.999464869,0.155132353,-0.427684695,0.175946534,0.999904513,-0.124686025,-0.504788,0.207859829,0.999934494,0.132735074,-0.290233016,0.071220383,0.678852737,-0.0983256921,-0.282266825,0.0715481862,0.843734324,0.00670049945,-0.301327944,0.0167384632,0.67846626,0.0694971085,-0.289937705,-0.0311807543,0.917708695,-0.0383300036,-0.314993352,0.0126766078,0.632695079,0.147506699,-0.303001732,-0.0834707543,0.882493734,-0.0489170142,-0.331828475,0.0224427674,0.613374472,0.177003235,-0.364558488,-0.0726009756,0.867509782,0.00207296107,-0.297759652,0.0207941588,0.512597442,0.0897032246,-0.314038664,-0.033357054,0.792379916,0.0948045626,0.00408674125,0.0273325536,0.999958098,-0.093118906,-0.00817349087,-0.0253295191,0.999962389,0.0820101202,0.426148266,-0.0790246874,0.616162,-0.0764473751,0.346312553,-0.113959692,0.593574286,0.0702327713,0.780274749,-0.027656924,0.579788864,-0.0741776228,0.730200052,-0.0185713377,0.483220339,0.0488044806,0.814821839,-0.0190588031,0.243221611,-0.0710522905,0.763621688,-0.0540756,0.159714669,0.0776259303,0.806406856,-0.0821220055,0.598922193,-0.0914418846,0.753214777,-0.145791054,0.463743418
2716.6666666666642,-0.00323417224,-0.592336,-0.0031886471,0.999798954,0.00959037244,-0.60923171,0.0128444042,0.999634743,0.0126923416,-0.611202538,0.0232219081,0.999496818,0.0111208735,-0.610767901,0.0181666799,0.999679208,-0.0120280562,-0.62059629,0.00216231402,0.999804378,-0.0105766887,-0.618144095,-0.0102529908,0.999811828,-0.00716507202,-0.607759416,0.00826611,0.999885917,0.0739062056,-0.596800625,0.112424843,0.999543965,-0.0691391453,-0.555341303,0.115815878,0.999564707,0.0327795707,-0.582387626,0.0427172706,0.999421,-0.00822333246,-0.547042191,0.0159794576,0.99944818,0.155124754,-0.427432358,0.177238807,0.999903858,-0.12455371,-0.502257466,0.210648656,0.999933362,0.133188456,-0.290475875,0.0722240061,0.672485,-0.0980883762,-0.281138897,0.073038429,0.841160238,0.00659779878,-0.301015437,0.0180078689,0.673477173,0.0687597543,-0.293658018,-0.0312118586,0.918296337,-0.038656842,-0.314841062,0.0140656456,0.627479672,0.146432042,-0.310156971,-0.0837132409,0.883261561,-0.0492648967,-0.331340402,0.0241199154,0.607887745,0.175126299,-0.372391552,-0.072753042,0.868350327,0.00187020109,-0.297263741,0.022162782,0.507349789,0.0886614546,-0.318684429,-0.0333401598,0.793182135,0.0948957577,0.00404114323,0.0272757225,0.9999578,-0.0932051092,-0.00813274272,-0.0252687633,0.999962091,0.0825707838,0.426305354,-0.0793435648,0.613432586,-0.0758617744,0.346911222,-0.114045769,0.591784656,0.0708576962,0.779812872,-0.027431611,0.575768411,-0.0743399411,0.730396807,-0.0177628864,0.482809067,0.0493178964,0.814226866,-0.0187300909,0.240073636,-0.0713227615,0.763788879,-0.053032,0.15929468,0.0775967464,0.806423783,-0.0816583559,0.594435036,-0.0915168,0.75349158,-0.144902512,0.463227242
2733.3333333333308,-0.0027331647,-0.592197,-0.00252342643,0.999800086,0.00978700258,-0.609145463,0.0136213675,0.999637961,0.0128739197,-0.611125767,0.023998959,0.999501348,0.0113152303,-0.610682964,0.0189831499,0.999682069,-0.0118375979,-0.620313466,0.00298897736,0.999806046,-0.0104010431,-0.617863119,-0.00938600767,0.999813259,-0.00700161932,-0.607462287,0.00912735,0.99988687,0.073963061,-0.596793115,0.11358171,0.99954921,-0.0691637173,-0.553988874,0.11712613,0.999567926,0.0333688147,-0.582250535,0.043516323,0.999422729,-0.007744601,-0.546571255,0.0168759357,0.999449909,0.155106157,-0.427462578,0.177696764,0.999904215,-0.123809524,-0.500175,0.212425336,0.9999336,0.133546576,-0.292319179,0.0726316273,0.671250045,-0.0981220528,-0.28028515,0.0729876459,0.843950212,0.00635675341,-0.301611543,0.0223042816,0.672940433,0.0682025105,-0.298554033,-0.031512972,0.9217273,-0.0394275971,-0.315881491,0.0196793973,0.625138223,0.145923361,-0.31829384,-0.0840387642,0.887514353,-0.0500366576,-0.331625342,0.0308915768,0.604897678,0.174200952,-0.380404055,-0.0728127286,0.87299937,0.00147964212,-0.297575474,0.0270316247,0.504725039,0.0879357755,-0.324260116,-0.0335561112,0.799644232,0.0948842317,0.00399978412,0.0271481946,0.999957323,-0.0931903869,-0.00810434297,-0.0251536034,0.999961913,0.0835599899,0.426439971,-0.0796415061,0.615013361,-0.0743082687,0.347640544,-0.114036277,0.594622,0.0716342926,0.779093444,-0.0257025436,0.57327497,-0.074417159,0.730991304,-0.0174238253,0.486152112,0.0499548428,0.813296139,-0.0164731331,0.238036886,-0.0715369061,0.764391899,-0.0525254048,0.161027342,0.0775823519,0.806535959,-0.0765580237,0.591743767,-0.0916208699,0.754713237,-0.144247919,0.466958135
2749.9999999999973,-0.00250335317,-0.591128051,-9.91177149e-005,0.999800622,0.00990682095,-0.608155,0.0163262468,0.999638855,0.0129894251,-0.610151112,0.0266567506,0.999502242,0.0114397146,-0.609710336,0.0216444414,0.999682128,-0.0117240753,-0.619097,0.00582703715,0.999806821,-0.0102903033,-0.616646647,-0.00656498363,0.999814034,-0.00690003438,-0.606248081,0.0119501473,0.999887466,0.0741314739,-0.596090198,0.116816103,0.999550402,-0.069171235,-0.55242449,0.120739281,0.999571681,0.0336797535,-0.581173182,0.0460289307,0.999421537,-0.00755288033,-0.545263767,0.019581899,0.999451101,0.155161381,-0.426704645,0.180535942,0.999904,-0.123512454,-0.499490112,0.214785278,0.999934494,0.134111717,-0.292210132,0.0734102055,0.668864608,-0.0984920636,-0.280389369,0.0733836517,0.847479224,0.00660066865,-0.30145371,0.0227832086,0.671732485,0.068631,-0.302180052,-0.0315079577,0.925361335,-0.0395045,-0.315952063,0.0202807412,0.622570753,0.146916494,-0.322343588,-0.0840867385,0.891945541,-0.0500777029,-0.331555754,0.0318570472,0.601732492,0.175595433,-0.384179324,-0.0723473281,0.877842069,0.00159175205,-0.297297388,0.0276635401,0.501714706,0.0885319337,-0.327792376,-0.0332656503,0.806261539,0.0948900506,0.00398967974,0.0270914845,0.999956787,-0.0931959376,-0.00809999835,-0.02510833,0.999961793,0.0841383711,0.426487565,-0.0796974,0.615493357,-0.0727691278,0.348389506,-0.114199653,0.597108841,0.0727078617,0.778178692,-0.0247760024,0.570373774,-0.0740330666,0.731014073,-0.017127119,0.487036705,0.0509508587,0.812179625,-0.0153134922,0.23590976,-0.0712831095,0.764417589,-0.0521055274,0.161791101,0.0779297054,0.806417406,-0.0744521469,0.588121593,-0.0915862918,0.754692554,-0.143783912,0.467917114
2766.666666666664,-0.00232751924,-0.590069532,-0.000312357704,0.999794304,0.00995480921,-0.607212842,0.0159171484,0.999627829,0.01304744,-0.609248459,0.02627117,0.999487638,0.0114924489,-0.60877347,0.0212455783,0.999673069,-0.0116354432,-0.618147552,0.00518955756,0.999800444,-0.0102190562,-0.615698,-0.00719020469,0.999807715,-0.00683309697,-0.6052531,0.0113289971,0.999883831,0.0738672465,-0.595836461,0.116412096,0.999539256,-0.0694755167,-0.552036822,0.119465187,0.99955982,0.0337317,-0.580401421,0.0457960963,0.999401867,-0.00750361383,-0.544446766,0.0192930736,0.999433458,0.154016525,-0.426675618,0.180228159,0.999903262,-0.123878382,-0.499623984,0.21446602,0.999933898,0.132191673,-0.291382194,0.073275052,0.666313887,-0.0995835066,-0.280750632,0.0732393488,0.850843489,0.00495517906,-0.300581515,0.0228733886,0.672524273,0.0687574074,-0.310670346,-0.0306024533,0.928562582,-0.0414823368,-0.315657675,0.0208056848,0.622444272,0.147514462,-0.332473367,-0.0826829225,0.895800531,-0.0514750332,-0.330990463,0.0321995206,0.601219237,0.17580609,-0.394649386,-0.0701919943,0.882042885,6.94332848e-005,-0.296327442,0.0277956203,0.501059592,0.0886060223,-0.336945504,-0.0319530889,0.812021,0.0948678255,0.00395852746,0.0270055421,0.999955475,-0.0931650475,-0.00806731544,-0.0250370912,0.99996078,0.0840787366,0.426390827,-0.0792120323,0.613907456,-0.0725518093,0.348457158,-0.113476306,0.596228838,0.0727758333,0.777248859,-0.0188884083,0.566853,-0.0739959627,0.731072903,-0.0142626083,0.486749858,0.050990168,0.811106205,-0.00870855618,0.232850522,-0.0713077113,0.764493644,-0.0488024391,0.161961094,0.0778258517,0.806364357,-0.0641853213,0.583693,-0.0921642631,0.754725,-0.137286425,0.467327565
2783.3333333333303,-0.00237278268,-0.588883102,-0.00386374351,0.999793231,0.00987854693,-0.606001675,0.0118363071,0.999627471,0.0129912179,-0.608095288,0.0223429576,0.999487579,0.0114207361,-0.607554317,0.0173473097,0.999673605,-0.0116740055,-0.617229939,0.000814722443,0.999799788,-0.0102754738,-0.61474359,-0.0115127536,0.999806821,-0.00689365156,-0.604272068,0.00704602292,0.999883294,0.0732883215,-0.594961405,0.113678366,0.999542058,-0.0704238117,-0.551878452,0.114452377,0.999558449,0.0335448422,-0.579357862,0.0428194404,0.999400437,-0.00772985863,-0.543657124,0.015681684,0.99943167,0.152364746,-0.425820678,0.179116234,0.999903381,-0.124773726,-0.499740154,0.213693514,0.999933422,0.13119477,-0.287681162,0.0739456192,0.668855548,-0.099469766,-0.28284198,0.0730873421,0.853733659,0.00310746813,-0.300600797,0.0268995911,0.678411305,0.0688531175,-0.317373,-0.0285494216,0.931219637,-0.0441650674,-0.316374332,0.0260140728,0.627228498,0.147610605,-0.339313269,-0.0796387866,0.898919106,-0.0534816422,-0.331947535,0.0371423103,0.605693758,0.175610766,-0.400423497,-0.0667664409,0.885412097,-0.00166323571,-0.29639262,0.0319672599,0.505507767,0.0886256099,-0.343477458,-0.0296121407,0.816856325,0.0948092714,0.00395710394,0.0268620234,0.9999547,-0.0930844843,-0.00806533266,-0.0249114875,0.999960124,0.0838867426,0.426426083,-0.0791492388,0.61703378,-0.0722533688,0.348598152,-0.112688065,0.59795922,0.0727237314,0.776964962,-0.0153708803,0.566002727,-0.0739255622,0.731628656,-0.0112953493,0.488847733,0.0508848652,0.810732603,-0.00469989097,0.230974287,-0.071326904,0.765174508,-0.0454663076,0.163193583,0.0774949118,0.806669295,-0.0577408932,0.581378698,-0.0935937241,0.755478621,-0.131157339,0.468518496
2799.999999999997,-0.00254409597,-0.588757575,-0.0209626984,0.999793649,0.00968899578,-0.605873346,-0.00678037107,0.999630392,0.012824961,-0.60797292,0.00395957101,0.999490559,0.0112154484,-0.607419968,-0.000845079136,0.999676228,-0.011830491,-0.617197931,-0.0177943,0.999801397,-0.0104576433,-0.614703774,-0.0300401449,0.999808,-0.0070934454,-0.604217649,-0.0113255102,0.999884427,0.0727769956,-0.594935298,0.0957640857,0.999545276,-0.0711601377,-0.552058101,0.0955929831,0.999562085,0.0332338959,-0.579258323,0.0264167506,0.999404788,-0.00801584497,-0.543639123,-0.001165141,0.999437451,0.15158385,-0.425622553,0.167763427,0.999902904,-0.125250235,-0.500650585,0.204510063,0.99993366,0.130498797,-0.284883201,0.0724128261,0.672041059,-0.0994543359,-0.284664124,0.0673531145,0.8579669,0.00256083533,-0.302636385,0.0265045203,0.683927774,0.0688720718,-0.323987603,-0.0314616933,0.934220135,-0.045012854,-0.322178096,0.0260198619,0.631184578,0.147618786,-0.347084194,-0.0818368569,0.902405,-0.0536636524,-0.338628888,0.0368981697,0.609255314,0.175159737,-0.407544434,-0.0682695657,0.889178634,-0.00196160842,-0.299357206,0.0316094495,0.508809209,0.0886004716,-0.350134343,-0.0321863107,0.822255731,0.0946863,0.0039631743,0.0266879257,0.999954,-0.0929437205,-0.00807257276,-0.0247412566,0.999959826,0.0838643685,0.426532239,-0.0768862665,0.617545307,-0.0723444447,0.348593026,-0.110577486,0.598533273,0.0728157684,0.776973903,-0.00340992,0.564669669,-0.0742153,0.732639551,-0.00626292266,0.492376804,0.0509198047,0.810735404,0.00825624634,0.228558645,-0.0718831718,0.766469181,-0.0398939885,0.164582491,0.0768755376,0.807844937,-0.0437321924,0.579909503,-0.0965182483,0.7568506,-0.125315785,0.471996665
2816.6666666666633,-0.00298179244,-0.588784337,-0.0279229078,0.999797106,0.0090143485,-0.605901241,-0.0144873029,0.999638557,0.01216817,-0.608005285,-0.00366981048,0.999501467,0.0105095962,-0.607449174,-0.00841782242,0.999683797,-0.0123341717,-0.617268384,-0.0257335417,0.99980557,-0.0109695168,-0.614765942,-0.0380189195,0.999811709,-0.0076293177,-0.604265809,-0.0192028284,0.999886811,0.0706570223,-0.595110536,0.0866760463,0.999556303,-0.0723206922,-0.552487791,0.085427925,0.999570191,0.0324197784,-0.579316556,0.0192974564,0.999417305,-0.00854585133,-0.543746293,-0.00881047547,0.999448478,0.149694026,-0.42570278,0.16016303,0.999903738,-0.125741065,-0.501886487,0.196296304,0.99993366,0.129483029,-0.283690721,0.068611376,0.678387821,-0.0985990316,-0.286853224,0.058619272,0.862031162,0.000760989147,-0.304516375,0.0257062595,0.692261636,0.0688564405,-0.331241041,-0.037979,0.936901331,-0.0473487377,-0.325963497,0.0255951546,0.638270259,0.147259638,-0.355477303,-0.0877238289,0.905565,-0.0553140752,-0.343222827,0.0365104973,0.616173685,0.173304185,-0.415688545,-0.0735919,0.892598093,-0.00352969,-0.301979214,0.0309135672,0.515770435,0.0882497057,-0.357539028,-0.0384971052,0.827249765,0.0944223553,0.00395835191,0.0265979227,0.999953151,-0.0926604494,-0.00807158183,-0.0246557388,0.999959171,0.0837661326,0.42661795,-0.0749160126,0.617355347,-0.0727458522,0.34851861,-0.1093769,0.598097,0.0725487918,0.777302146,-0.00127318595,0.562514603,-0.074818708,0.734174907,-0.00607243786,0.494159758,0.0505109206,0.811049104,0.0102346158,0.226361603,-0.0727512091,0.768362,-0.0397652425,0.165573612,0.0753028169,0.80911696,-0.0419861563,0.578165233,-0.0988107547,0.758562505,-0.125262707,0.474282831
2833.33333333333,-0.00342299789,-0.588411272,-0.0294912402,0.999800265,0.00825834926,-0.605578542,-0.0159455501,0.999645889,0.0114196707,-0.607679427,-0.00516982516,0.999511063,0.00971172471,-0.607112229,-0.00986406952,0.99969,-0.012988572,-0.616951883,-0.0272209812,0.999809802,-0.0116401287,-0.614436746,-0.0395139456,0.999815762,-0.00829699,-0.603896141,-0.0206886474,0.999889433,0.0692410618,-0.595069289,0.085109666,0.999565959,-0.0736056194,-0.552422523,0.0836865157,0.999580503,0.0318524316,-0.579043,0.017705854,0.999428809,-0.00900888629,-0.543483,-0.0104911607,0.999459505,0.149297625,-0.42556271,0.158872947,0.999903738,-0.126148164,-0.502058089,0.193105534,0.999934137,0.1294664,-0.282954723,0.0672571287,0.682270825,-0.0972711891,-0.287739426,0.0536562726,0.865983546,0.000250562385,-0.309094876,0.0252898652,0.697064638,0.0688606873,-0.334464341,-0.0419628136,0.939593375,-0.0483060218,-0.333552957,0.025111232,0.641235411,0.146869674,-0.359405607,-0.0911645442,0.908730865,-0.0558474399,-0.351433843,0.0360426,0.618598402,0.171718031,-0.41931662,-0.0764397606,0.895985663,-0.00397461141,-0.307471871,0.0304367542,0.518131852,0.0879629105,-0.360645831,-0.0421278477,0.832150578,0.09434174,0.00399184832,0.0265857019,0.999952912,-0.0925772339,-0.00811722316,-0.0246471316,0.99995923,0.0838102847,0.426602215,-0.0746518597,0.620809674,-0.0732020661,0.348300904,-0.109143071,0.602432,0.0721033663,0.777240872,0.000715692295,0.563069344,-0.0759972334,0.734496,-0.00607001456,0.500061274,0.0498482473,0.810949087,0.0123960283,0.226428926,-0.0743041635,0.768777192,-0.0397773311,0.168543786,0.0740306452,0.809201837,-0.039745111,0.578970492,-0.10134013,0.758829117,-0.125485107,0.48020798
2849.9999999999964,-0.00372794783,-0.588481665,-0.0302063692,0.999800503,0.0077479654,-0.605664968,-0.0166601893,0.999648392,0.0108792055,-0.60777092,-0.00591201102,0.999514937,0.00915282406,-0.607198775,-0.0105976611,0.999692917,-0.0134273721,-0.617013872,-0.0278723314,0.999810874,-0.0120964572,-0.614503682,-0.0401964225,0.999816716,-0.00874322653,-0.603942096,-0.0213710032,0.99989,0.0682169273,-0.595371664,0.0836342722,0.999572,-0.0741596147,-0.552472174,0.0826203525,0.999583423,0.031495396,-0.579153121,0.0167160183,0.99943471,-0.00923323445,-0.543563843,-0.0113788117,0.999463,0.149199441,-0.425888509,0.15591298,0.999904,-0.126505405,-0.502334177,0.190856308,0.99993366,0.129141614,-0.283135951,0.0627929494,0.686566,-0.0972616747,-0.289007545,0.0501366779,0.868772507,-0.00166766276,-0.310293704,0.0228470527,0.700938761,0.0669482723,-0.338170499,-0.047003042,0.941337049,-0.0508282632,-0.334142864,0.0235329196,0.643732429,0.143540293,-0.363371432,-0.0965044051,0.910713077,-0.0582174957,-0.351989567,0.0345149674,0.620745182,0.167061,-0.423664331,-0.0817363337,0.898068368,-0.00596253201,-0.308595031,0.0281401668,0.520350456,0.0851151049,-0.364517063,-0.0472480841,0.835223794,0.0943334252,0.0040028356,0.0265385527,0.999953032,-0.0925677493,-0.00813363772,-0.0245994478,0.999959409,0.083798,0.426650167,-0.0740583465,0.625420213,-0.0748722106,0.348233253,-0.108979017,0.608248293,0.070898585,0.777204692,0.0043955273,0.566568792,-0.0783976093,0.735213339,-0.00590393366,0.508501,0.048410669,0.810892105,0.016369408,0.228137702,-0.0769750178,0.769612372,-0.0396084823,0.172881052,0.0720881298,0.809262574,-0.0362778977,0.582380533,-0.105069309,0.759801567,-0.125614688,0.488480151
2866.666666666663,-0.00388083165,-0.588548362,-0.0334774107,0.9998,0.00748525746,-0.605753124,-0.0202239417,0.999649525,0.0105940215,-0.607856333,-0.00947810523,0.999516964,0.00885513239,-0.607282,-0.0140977902,0.999694586,-0.0136732319,-0.617077351,-0.0313393585,0.999811232,-0.0123529546,-0.61456883,-0.043662142,0.999816954,-0.008992,-0.603986323,-0.0248332489,0.999890268,0.0678039566,-0.595782399,0.0794720873,0.999576032,-0.0744243339,-0.552593231,0.0789631531,0.999584556,0.03135534,-0.579272747,0.0133319907,0.99943763,-0.00930939708,-0.543652,-0.0146478089,0.999463558,0.149211019,-0.426549077,0.152206779,0.99990356,-0.126555577,-0.502782106,0.187681481,0.999932647,0.129126728,-0.283819526,0.0592370294,0.691266119,-0.0967312604,-0.290177375,0.0474339873,0.870941281,-0.00308590336,-0.312840849,0.0208937339,0.70457983,0.0661134422,-0.341341138,-0.0497295484,0.942555308,-0.0528706908,-0.336419612,0.0222914889,0.646079361,0.141884819,-0.366907716,-0.0992066711,0.912019193,-0.0601179153,-0.354538113,0.0333093628,0.622761607,0.164419562,-0.427490979,-0.0845629945,0.899385,-0.0074513806,-0.311222225,0.0263651386,0.522464454,0.0837043673,-0.367846757,-0.0500492789,0.837273359,0.0943266749,0.00401092,0.0265213083,0.999953032,-0.0925598,-0.00814461429,-0.0245828908,0.999959469,0.0841150358,0.426617235,-0.0730168521,0.630426526,-0.0760272816,0.347488135,-0.108577564,0.614683747,0.070943296,0.776804626,0.0074204281,0.571490288,-0.0795329958,0.73521322,-0.00491685839,0.517171562,0.0484407283,0.810422421,0.0195179433,0.230828732,-0.0781697631,0.769613862,-0.0385398604,0.177112699,0.0720103,0.809033,-0.0337657332,0.587253928,-0.105850972,0.759877622,-0.124898687,0.496892
2883.3333333333294,-0.00387042086,-0.588405848,-0.0328173377,0.999799252,0.00739267189,-0.605672598,-0.0194093883,0.999649644,0.0104932813,-0.607770324,-0.00868254155,0.999515831,0.00875927601,-0.607199669,-0.0133219035,0.999694407,-0.0137491319,-0.616897047,-0.0304133575,0.999811888,-0.0124270422,-0.614386261,-0.0427427813,0.999817431,-0.0090649277,-0.603771925,-0.0239283349,0.999890924,0.0672601163,-0.595829427,0.0804215521,0.999575257,-0.0748667121,-0.552308857,0.0802534819,0.999587297,0.0313550681,-0.579220891,0.013978052,0.999435186,-0.00929323,-0.5434677,-0.0138473269,0.999460518,0.149263412,-0.426517546,0.152368933,0.99990195,-0.126563817,-0.502840459,0.187546223,0.99993223,0.129988119,-0.28358376,0.059704762,0.685510874,-0.0954685435,-0.290595472,0.0466405936,0.872101605,-0.00282958453,-0.312763125,0.0217899773,0.69699192,0.0663974,-0.341061026,-0.0494107157,0.943510056,-0.0527436,-0.335938215,0.023557594,0.637338281,0.141934276,-0.366282076,-0.0989374518,0.912766397,-0.0600530282,-0.353903383,0.0345724151,0.613482296,0.164601147,-0.426773369,-0.0843647048,0.900016725,-0.00726946443,-0.311013073,0.027253652,0.513269067,0.083755061,-0.367389768,-0.0497296527,0.83797586,0.0942987725,0.00405812077,0.0265607182,0.999952674,-0.0925330594,-0.00821013376,-0.0246348511,0.99995935,0.0844305456,0.426533878,-0.0730316564,0.626329482,-0.0767163038,0.346980035,-0.108635329,0.611187,0.0708209798,0.776799738,0.00414842134,0.568101525,-0.0792965,0.734546304,-0.00600150088,0.51401782,0.0482686944,0.810419321,0.0154826222,0.229902893,-0.0778273046,0.768927097,-0.0398403853,0.17638132,0.0720127,0.808850646,-0.0385596715,0.584495127,-0.105294339,0.758950353,-0.126430154,0.494541913
2899.999999999996,-0.00431432249,-0.588305652,-0.0290994905,0.999799967,0.00663875882,-0.605595708,-0.0152876386,0.99965173,0.00970365293,-0.607699454,-0.0046234373,0.999518633,0.00800635293,-0.607129335,-0.00935340859,0.999696553,-0.014413977,-0.616796911,-0.0268412475,0.999813,-0.0130824046,-0.614296138,-0.039298851,0.999818504,-0.00970751792,-0.603670955,-0.0204871818,0.9998914,0.0651700422,-0.595831,0.0841866,0.999579787,-0.0762063637,-0.552296042,0.0816250071,0.999590814,0.0306165572,-0.579172969,0.0174075607,0.999438107,-0.00988002773,-0.543418288,-0.0111035239,0.999460578,0.148717463,-0.426499307,0.155117705,0.999902129,-0.127819657,-0.503054082,0.187730446,0.999931633,0.130743742,-0.282812685,0.0597824492,0.683049321,-0.0950297937,-0.292312175,0.0456910133,0.873387814,-0.00281366031,-0.308217674,0.0202274602,0.694758058,0.0664205104,-0.34183377,-0.0496862046,0.944488406,-0.0527383126,-0.329529136,0.0216265656,0.635195374,0.141890764,-0.366334051,-0.0993516371,0.91387,-0.0606319718,-0.348212,0.0323152021,0.61124295,0.164562047,-0.42691493,-0.0848285556,0.901147962,-0.00736497249,-0.306554854,0.0254205987,0.510928392,0.0837526098,-0.367944866,-0.0499948896,0.839344144,0.0942895934,0.00407888973,0.0266296,0.999952734,-0.0925240517,-0.00824041571,-0.0247081332,0.99995929,0.0844539255,0.426419556,-0.073197484,0.624949038,-0.0777880177,0.346790284,-0.108789667,0.609858096,0.0703464821,0.776581943,-0.000800866692,0.568122864,-0.078965053,0.733392894,-0.0067446013,0.512033522,0.0477430299,0.810237765,0.00987146609,0.231609076,-0.0773083791,0.767596841,-0.0407021269,0.176473781,0.0720177,0.808221459,-0.045159895,0.584654152,-0.104491867,0.758110523,-0.127130449,0.492910028
2916.6666666666624,-0.00433317106,-0.587776184,-0.0274638198,0.999802887,0.00656404486,-0.605173588,-0.0132162878,0.999658108,0.00961871445,-0.607287765,-0.00254681427,0.999527574,0.00793897081,-0.606713653,-0.00736413198,0.999702573,-0.0145043628,-0.616354465,-0.025250718,0.99981612,-0.0131706288,-0.613874674,-0.0378036611,0.999821365,-0.00979910232,-0.603243887,-0.0189946536,0.999892771,0.0643667,-0.595653355,0.0871831626,0.999589741,-0.0771319792,-0.552158415,0.0822196528,0.999597073,0.0304453354,-0.578776181,0.0192199927,0.999445319,-0.0100590736,-0.543055,-0.00985953771,0.999463916,0.148197934,-0.42648828,0.156815901,0.999903321,-0.129171371,-0.503104389,0.187940583,0.999930501,0.131490737,-0.282517016,0.0599280782,0.681934536,-0.0942949504,-0.292721748,0.0458065569,0.873387039,-0.00286969868,-0.300164938,0.018713057,0.692906797,0.0672833845,-0.34099555,-0.0494772419,0.944108188,-0.0528865084,-0.317416817,0.0194992386,0.633837223,0.142585,-0.365378261,-0.0992090404,0.913187861,-0.061902687,-0.336259633,0.0296227355,0.610040784,0.165027916,-0.425937951,-0.0847083777,0.900288701,-0.00776294898,-0.297942609,0.0235885642,0.509785473,0.0843084678,-0.367073178,-0.049797371,0.837851882,0.0942919254,0.00408601714,0.0266223419,0.99995327,-0.092523627,-0.00824892,-0.0247010402,0.999959409,0.0844369,0.42642808,-0.0736784115,0.626292109,-0.077976048,0.346677,-0.108806692,0.609540582,0.069974713,0.776578248,-0.00460493192,0.570987701,-0.0782117471,0.732693672,-0.00672767824,0.511846483,0.0473683774,0.810257196,0.00571129052,0.234676629,-0.0763568133,0.766821802,-0.0406879224,0.177118093,0.0720232204,0.808223963,-0.0503271259,0.587287,-0.103234582,0.758036613,-0.127132967,0.492812455
2933.333333333329,-0.00517676398,-0.587720275,-0.0218431763,0.999803901,0.00574214198,-0.605110228,-0.00709084421,0.999660075,0.008767033,-0.607227862,0.00349648227,0.999530613,0.00713678822,-0.606655598,-0.00139818259,0.999704659,-0.0153325358,-0.616313219,-0.0191106293,0.999817073,-0.0140001485,-0.613836706,-0.0317188129,0.999822319,-0.0105906008,-0.603202641,-0.0129943164,0.999893,0.0634058639,-0.595592558,0.0931350291,0.999593139,-0.07798969,-0.552196801,0.0879159048,0.999598622,0.0294879507,-0.578737438,0.0246453267,0.999447405,-0.011000826,-0.543047488,-0.00451397104,0.999462485,0.148037985,-0.426462591,0.161945984,0.999903738,-0.129896268,-0.503706872,0.188506722,0.999929845,0.133326128,-0.282475531,0.06144806,0.678983033,-0.0923337713,-0.294949591,0.0469704,0.871652544,-0.00167283963,-0.298511773,0.0172792543,0.690372825,0.0676858,-0.340456069,-0.047488343,0.943379045,-0.051621,-0.314886034,0.0169091411,0.632936418,0.142619848,-0.364510506,-0.0976629,0.91248107,-0.0616214909,-0.334191,0.0262133162,0.609477878,0.165097877,-0.424983948,-0.0838825107,0.899511397,-0.00709903706,-0.296432793,0.0217138119,0.509222,0.0845610276,-0.36665526,-0.0481560417,0.836586,0.0943330079,0.00413109688,0.026737541,0.999953628,-0.0925593898,-0.00829870906,-0.0248106532,0.999959409,0.0844109,0.426137,-0.0743724927,0.626104772,-0.0789773092,0.346464902,-0.109225519,0.608881116,0.0689751282,0.776465297,-0.0102801779,0.572874,-0.0781601444,0.731416941,-0.00692986511,0.510152102,0.0462399088,0.81020534,-0.000522916729,0.237240538,-0.076225616,0.765346,-0.0409074351,0.177052915,0.0715531,0.807721555,-0.0583848804,0.589036882,-0.102492787,0.75701648,-0.127387568,0.49086836
2949.9999999999955,-0.00667655142,-0.587429821,-0.0152677484,0.999793053,0.00416396698,-0.604945,-0.000597098144,0.999641776,0.0071718,-0.607057631,0.0100001814,0.999507129,0.00561708491,-0.606497884,0.00500377733,0.999690413,-0.0170263834,-0.616000414,-0.0117331343,0.999805927,-0.015679976,-0.613529146,-0.0243162699,0.999811351,-0.012256382,-0.602901042,-0.00568674924,0.999885857,0.0630035698,-0.595678866,0.0985962674,0.999574542,-0.078507185,-0.552066088,0.0977905318,0.999571681,0.0286436751,-0.578648925,0.0308519267,0.999414444,-0.01195239,-0.542816818,0.0030516726,0.999423265,0.148024261,-0.427625,0.165160015,0.999902904,-0.129897013,-0.503742099,0.194655493,0.999926507,0.13297829,-0.286002398,0.0626725703,0.672664225,-0.0921106786,-0.294826508,0.054847613,0.863600433,-0.00168980134,-0.297965556,0.0173575431,0.681528509,0.0679724738,-0.332546145,-0.0410826094,0.937945962,-0.0514433198,-0.313138098,0.0168792494,0.625739932,0.143051773,-0.35183531,-0.0924095511,0.906052053,-0.0616086796,-0.331447154,0.0261608958,0.602559865,0.165944174,-0.413043946,-0.0799410194,0.892431676,-0.0071277041,-0.295350373,0.0217578504,0.502464294,0.0849948525,-0.358038545,-0.0425994955,0.826833367,0.0944803283,0.00408973498,0.0267077666,0.999953806,-0.0927041396,-0.00825364515,-0.0247767922,0.999959171,0.0844605416,0.425975591,-0.0750776455,0.625843704,-0.0793883055,0.345976055,-0.109393373,0.607322037,0.0686466172,0.776379228,-0.0161531121,0.57574892,-0.0781093165,0.730531394,-0.00751651591,0.509498835,0.0458952785,0.810159802,-0.00700621074,0.239093035,-0.0760546252,0.764371812,-0.0416978709,0.177019328,0.0714206,0.807292044,-0.0677551478,0.590851188,-0.101150051,0.756284654,-0.129080653,0.489715189
2966.666666666662,-0.00942518469,-0.587535799,-0.0152857229,0.999783516,0.00151918991,-0.605101287,-0.00070867833,0.999626696,0.00449828,-0.607209921,0.00989286881,0.999489844,0.0030075775,-0.606664836,0.00490046,0.999681234,-0.0196672324,-0.616089165,-0.0117252907,0.999794602,-0.0182884764,-0.613626719,-0.0243112613,0.99979949,-0.0148791922,-0.602998674,-0.00567775685,0.999877572,0.0620569,-0.596320152,0.0981940702,0.999564469,-0.0790324137,-0.552312851,0.0981982276,0.999537766,0.0268408824,-0.578902662,0.0307689253,0.999394417,-0.0136450147,-0.542993963,0.00316376239,0.99938935,0.148021251,-0.429582804,0.163670778,0.999904513,-0.129932016,-0.503936827,0.195695192,0.999921381,0.133030385,-0.289339483,0.0589380115,0.675173581,-0.0919605866,-0.294096768,0.0576922596,0.850951195,-0.00166382582,-0.298005164,0.00845576636,0.681949556,0.0681346282,-0.324171931,-0.0403652415,0.926499903,-0.051202178,-0.31234175,0.00534915365,0.627426565,0.143406287,-0.339981973,-0.0919967741,0.892990232,-0.0616032,-0.33078295,0.014298059,0.60487473,0.166391268,-0.4022623,-0.0799135268,0.878199041,-0.00712394947,-0.295269907,0.0124489823,0.504648,0.085273236,-0.349415869,-0.0422544591,0.808711827,0.0945669,0.0040601287,0.0264327563,0.999954343,-0.0927783102,-0.00821190421,-0.0244702511,0.999958813,0.0840969235,0.42597422,-0.0752399191,0.625829875,-0.0804462954,0.345729828,-0.109120667,0.604831815,0.0679198429,0.776521742,-0.0169626493,0.579381168,-0.0782235339,0.730502307,-0.0063416115,0.50801146,0.0452981144,0.810385883,-0.00778145622,0.240289763,-0.076052472,0.764344394,-0.0405175313,0.175796077,0.0709242,0.807364285,-0.0695829391,0.593267143,-0.101031668,0.756529152,-0.128364667,0.487255335
2983.3333333333285,-0.011715305,-0.588459194,-0.0171280187,0.999778569,-0.000817375956,-0.606111407,-0.00339649571,0.999618292,0.00217755907,-0.608199358,0.0072557684,0.999480069,0.000673822069,-0.607678235,0.00219635689,0.999676347,-0.0218288302,-0.616984367,-0.0137721309,0.999788582,-0.0203921851,-0.614503443,-0.0263345465,0.99979341,-0.0169845447,-0.60385108,-0.00768392673,0.999873698,0.0609626099,-0.597694576,0.0925364643,0.99955827,-0.0792549178,-0.553038418,0.0962125957,0.999521673,0.0252174512,-0.580082536,0.0281942692,0.99938935,-0.0149035817,-0.543934464,0.0013929616,0.999377489,0.14835453,-0.43113479,0.1605746,0.999906,-0.129860267,-0.504509926,0.194175959,0.999920487,0.13465865,-0.290961385,0.0580234826,0.677021861,-0.0922069252,-0.293663979,0.057658039,0.847169399,0.00190916937,-0.298149198,0.00623055687,0.682440817,0.0685605332,-0.319328547,-0.0403927937,0.922256827,-0.0467228331,-0.31268993,0.00278544892,0.629309,0.144492894,-0.33344546,-0.0920848399,0.887853801,-0.0578362569,-0.331097394,0.0109779732,0.607352138,0.168310761,-0.396028191,-0.0802406296,0.872509,-0.00358943152,-0.295422137,0.00986859296,0.507216692,0.08616779,-0.344459862,-0.0423719,0.801103652,0.0945718363,0.00406315038,0.026385894,0.999955,-0.092781283,-0.00821413193,-0.0244168621,0.999959052,0.0838794485,0.426136822,-0.0752580315,0.623786867,-0.0816200823,0.345713973,-0.108698539,0.602865815,0.0676435,0.77720356,-0.0170167107,0.580140829,-0.0782159343,0.730849087,-0.00632349495,0.506890297,0.0451243185,0.811157048,-0.00778276566,0.240360975,-0.0759688765,0.764787912,-0.0405186154,0.17491214,0.0709161609,0.808228314,-0.0691057667,0.59393549,-0.100897297,0.757520318,-0.128374845,0.48585552
2999.999999999995,-0.0134416,-0.589559197,-0.0248265732,0.999763548,-0.00274976785,-0.60730356,-0.0126282163,0.999590456,0.000284948124,-0.609348476,-0.00193646364,0.999443054,-0.0012573119,-0.608840406,-0.00699031586,0.999656618,-0.0234242044,-0.618057549,-0.022388503,0.999771535,-0.0219108146,-0.615559,-0.0348286964,0.999776304,-0.0185027476,-0.604852676,-0.01616464,0.999864,0.0596968979,-0.599281073,0.0794844851,0.999528825,-0.0792766437,-0.554031,0.0864208788,0.999479651,0.0239081047,-0.581462,0.0195099059,0.999363899,-0.0156553518,-0.545065,-0.00645580282,0.999343693,0.149078831,-0.432795346,0.153973326,0.999906719,-0.129452392,-0.505335033,0.186783329,0.999919116,0.141186699,-0.291265577,0.0572758242,0.674484432,-0.092370607,-0.291917682,0.0565106645,0.841381609,0.0102777574,-0.298083097,0.00483423425,0.676555,0.0694867671,-0.311904401,-0.0404319093,0.914717078,-0.0380166285,-0.312372327,0.00136237463,0.624819934,0.146476895,-0.324887,-0.092092447,0.878362536,-0.0501655638,-0.331203133,0.00896923896,0.603393734,0.170793027,-0.387887269,-0.0803288221,0.862045228,0.00453283824,-0.295463234,0.00821907166,0.503158927,0.0875911862,-0.337021381,-0.0424790867,0.787345648,0.0944287106,0.00407778565,0.0264003,0.999955475,-0.0926311,-0.00822313316,-0.0244279448,0.999959052,0.0835083276,0.426327765,-0.0752503723,0.614760637,-0.0816259831,0.345698714,-0.106843032,0.592814267,0.0675946,0.779395103,-0.0169978552,0.57568121,-0.0781768337,0.730940938,-0.00421241811,0.499495506,0.0451176912,0.813578725,-0.0077209291,0.237442091,-0.0758652315,0.764936447,-0.038274426,0.170889348,0.0710023344,0.810793042,-0.0686842799,0.59018904,-0.10043101,0.757901788,-0.125421047,0.478839487
3016.6666666666615,-0.0156985838,-0.59015435,-0.0257352442,0.999750197,-0.00482145557,-0.607965887,-0.0137233166,0.999567807,-0.00174395414,-0.609973609,-0.00300721289,0.999410629,-0.00331442291,-0.609473,-0.00805726089,0.999638081,-0.0254869629,-0.618606,-0.0229010042,0.999759316,-0.0239482913,-0.616080701,-0.0352978483,0.999764204,-0.0205160119,-0.605349779,-0.016637383,0.999858,0.0596317686,-0.600107431,0.0777380839,0.999497712,-0.0792754069,-0.554326296,0.0866848677,0.999453545,0.0227775984,-0.582207382,0.0183395147,0.999334,-0.0166227128,-0.545563579,-0.00688805431,0.999312401,0.15104875,-0.4330239,0.153143302,0.999904931,-0.127661392,-0.505363524,0.186822534,0.999919295,0.141098574,-0.291285545,0.0573867634,0.665164888,-0.0919063613,-0.288124621,0.05744192,0.837254465,0.0105656115,-0.297960699,0.00629135128,0.662550509,0.0707108676,-0.303960502,-0.0389117561,0.911101818,-0.0373584405,-0.312276125,0.00313513028,0.612437606,0.147935316,-0.316776276,-0.0905181915,0.87363714,-0.0487913378,-0.331050038,0.0103100212,0.591252148,0.172971666,-0.379578322,-0.0790485814,0.856800556,0.00512635242,-0.295364529,0.00958971586,0.491682231,0.0892945826,-0.328964353,-0.0411993675,0.780105174,0.0944163874,0.00416288339,0.0263784081,0.999956071,-0.0926191509,-0.0083068572,-0.0244048294,0.999959707,0.0836715326,0.426426381,-0.0763348863,0.606295466,-0.0815983117,0.345720023,-0.10666775,0.585867345,0.0679659471,0.780093253,-0.0192715358,0.570426762,-0.0780528262,0.730983198,-0.00422747433,0.493598938,0.0456862338,0.814320922,-0.0100815063,0.234041274,-0.0756278038,0.7650069,-0.0382963829,0.167660594,0.0718436837,0.811711609,-0.0708660558,0.586101,-0.099831827,0.758312821,-0.125481635,0.47385174
3033.333333333328,-0.0187478345,-0.590246201,-0.0243466366,0.999750137,-0.00758171733,-0.608064771,-0.0121583194,0.999567,-0.00446630549,-0.610060394,-0.00147379341,0.999406695,-0.00603193836,-0.60956347,-0.00656926585,0.999635875,-0.0284307636,-0.618645787,-0.0201750267,0.999760389,-0.0269018039,-0.616111159,-0.0324531049,0.999765277,-0.0234650467,-0.605388,-0.0138787348,0.999859691,0.0596306361,-0.600095928,0.0783064365,0.999489248,-0.0794329718,-0.553981721,0.0935754,0.999457,0.0212720297,-0.582250237,0.0193390381,0.999336958,-0.0183701124,-0.545556426,-0.00452588778,0.999318898,0.152912453,-0.432151765,0.15485546,0.999904215,-0.126115516,-0.504129827,0.191353783,0.999922156,0.14139916,-0.290986449,0.0614934936,0.658802748,-0.0923613086,-0.28383559,0.0638437495,0.838561058,0.0106462333,-0.297350377,0.0159824323,0.65349704,0.07071767,-0.294234872,-0.0369447805,0.913013756,-0.0373780839,-0.311778247,0.013469521,0.60385859,0.147967368,-0.306159824,-0.0892395154,0.875728607,-0.0485272557,-0.330133528,0.0212744456,0.58268553,0.174110085,-0.367790401,-0.0777713731,0.859128058,0.00524104666,-0.2946845,0.0197412837,0.483475327,0.0895665511,-0.318438679,-0.0393505432,0.78277725,0.0944177955,0.00428294577,0.026322322,0.999956489,-0.0926237702,-0.00844144914,-0.0243436899,0.999960601,0.0840122402,0.426477671,-0.0789567307,0.597918451,-0.0814404,0.345962703,-0.107283123,0.581130326,0.0685206577,0.780294359,-0.0214477312,0.562779605,-0.0778829753,0.731084049,-0.0056574815,0.487819403,0.0464144722,0.814514637,-0.0121641476,0.229923785,-0.0753264353,0.765106916,-0.0397744924,0.164613858,0.0732373819,0.811771154,-0.0733715445,0.579707325,-0.0990553796,0.758533418,-0.128839016,0.469031304
3049.9999999999945,-0.0214257073,-0.590130806,-0.0210062694,0.999745309,-0.010100537,-0.607992351,-0.00835492928,0.999555,-0.00694273785,-0.609977424,0.00225379388,0.999386668,-0.00849274173,-0.609482467,-0.0028325431,0.999622405,-0.0312214177,-0.618377805,-0.0151085258,0.999756753,-0.0296787415,-0.615830541,-0.0272679683,0.999762654,-0.0262239128,-0.605144382,-0.00878792442,0.999859452,0.0596317463,-0.599920273,0.0821323469,0.999464,-0.0797745734,-0.552551448,0.102929845,0.999454141,0.0199349131,-0.582095742,0.0224192217,0.999326408,-0.0200787447,-0.54507184,0.000166937141,0.99931705,0.154646769,-0.431254,0.158430964,0.999902129,-0.125233248,-0.50210458,0.198712096,0.999925137,0.141373053,-0.290547878,0.0655441,0.649698198,-0.09322761,-0.280186146,0.0716926306,0.840207338,0.0105669871,-0.293930054,0.0225474369,0.639722705,0.0704486072,-0.285283446,-0.0350620076,0.915943682,-0.0374551527,-0.308224082,0.0200773142,0.590871572,0.147782445,-0.296459734,-0.0885489956,0.879333556,-0.0484610051,-0.325213373,0.028494481,0.569686353,0.174723655,-0.357390761,-0.077213943,0.863236189,0.00515667954,-0.290601343,0.0265850611,0.47123906,0.0895941481,-0.308838069,-0.0377062932,0.787843764,0.0945210755,0.00430611288,0.0261856597,0.999956608,-0.0927585438,-0.00847295672,-0.0241972189,0.999961495,0.0843309239,0.426526219,-0.0804060623,0.592228591,-0.0808692276,0.346200407,-0.108209215,0.579473436,0.0698029771,0.78031981,-0.0216075927,0.555665791,-0.0777776241,0.731193185,-0.00831004791,0.484756768,0.0479026586,0.814526,-0.0122139659,0.225463167,-0.075167954,0.765197,-0.0426520705,0.16246663,0.0744960383,0.811708331,-0.0738990679,0.573162735,-0.098677747,0.758437157,-0.13532041,0.466767609
3066.666666666661,-0.0214823205,-0.58900255,-0.0223368704,0.999744594,-0.0102591822,-0.607169,-0.00979652908,0.999551535,-0.00707876775,-0.609084249,0.000854142592,0.999377728,-0.00863062218,-0.608610451,-0.00417785253,0.999615729,-0.0314932726,-0.617252111,-0.0161976404,0.999757648,-0.029995583,-0.614654779,-0.0282463189,0.999764204,-0.0265385769,-0.603968501,-0.00981604494,0.999861598,0.0600901954,-0.599757314,0.0820348859,0.99944824,-0.0798637196,-0.551449955,0.102517366,0.999460042,0.0199673958,-0.581320226,0.0215542559,0.999325,-0.0201225802,-0.543747723,-0.000411447661,0.999323726,0.157018334,-0.430744171,0.159121677,0.99990052,-0.123055853,-0.501778603,0.199999943,0.999928355,0.143463016,-0.287614465,0.0745635554,0.641296327,-0.0927997231,-0.279188633,0.0753126815,0.843196154,0.0122668147,-0.289631814,0.0413780808,0.627919495,0.0710167065,-0.282438815,-0.0330233909,0.919567645,-0.0363365933,-0.304608107,0.0411370583,0.579140365,0.148279667,-0.293828726,-0.0872311443,0.883799791,-0.0468283258,-0.321625352,0.0494032316,0.557888508,0.176564947,-0.353660583,-0.0757966638,0.868251562,0.00691494765,-0.286403626,0.0460336953,0.459802657,0.0908803791,-0.305589348,-0.0357258879,0.794414163,0.094531551,0.00445848564,0.0260594059,0.999956191,-0.0927766338,-0.0086425133,-0.024055548,0.999962091,0.0846472234,0.426609427,-0.0804523379,0.587118745,-0.0799368918,0.346136183,-0.108111285,0.576318681,0.0718852207,0.780312,-0.0201627407,0.549064875,-0.0775176361,0.731131196,-0.00815578643,0.481846452,0.0500170588,0.814508557,-0.0106018055,0.221052468,-0.0749264061,0.765172839,-0.0424688347,0.160538837,0.0747357681,0.811710358,-0.0729705915,0.567569196,-0.0985119343,0.757905841,-0.135243684,0.465002716
3083.3333333333276,-0.0213071071,-0.588651955,-0.0218550619,0.999740362,-0.0101014953,-0.606952369,-0.00905573554,0.999541879,-0.00692583853,-0.608839154,0.00158920907,0.999360323,-0.00847887062,-0.608373463,-0.00343947019,0.999602556,-0.0313585736,-0.616780162,-0.0153827928,0.999755144,-0.0298642647,-0.614185631,-0.0274217,0.999762654,-0.0264065042,-0.603485107,-0.00899823103,0.999861777,0.0609003492,-0.599654317,0.083659254,0.999424338,-0.0798608661,-0.550202549,0.104147054,0.999461532,0.0201646443,-0.58096391,0.0222060308,0.999310434,-0.0200791936,-0.543022156,0.000372447568,0.999319732,0.158717155,-0.430143982,0.161165923,0.999897301,-0.121257968,-0.500694573,0.200865909,0.999931097,0.143592611,-0.28730914,0.0747894868,0.629554212,-0.0925544575,-0.278878361,0.0744244829,0.845874846,0.0126290889,-0.287539393,0.0393879153,0.612472475,0.0727559924,-0.281868815,-0.033833608,0.92319715,-0.0358691,-0.302127481,0.0388990231,0.564409494,0.150258452,-0.292790979,-0.0885822177,0.888456166,-0.0460981242,-0.31814909,0.0474785194,0.543078,0.181392208,-0.352231473,-0.0768962055,0.873480618,0.00730235688,-0.28368476,0.044001095,0.446279734,0.093805,-0.3046785,-0.0365095735,0.801296651,0.0946133435,0.00449058693,0.026044162,0.999955714,-0.0928843841,-0.00868505239,-0.0240376,0.999962628,0.0851772204,0.42651552,-0.0807789639,0.581154764,-0.0787298605,0.346124113,-0.108073227,0.572614193,0.0739995,0.77932179,-0.0199507959,0.54179126,-0.0773259774,0.731157362,-0.00851662,0.479814053,0.0522924066,0.813295603,-0.0103074908,0.21670489,-0.0747379288,0.765212059,-0.0429357775,0.158793554,0.0756600201,0.811408281,-0.0726582482,0.561854243,-0.0980191156,0.75792104,-0.136636689,0.464262336
3099.999999999994,-0.0210959595,-0.588510871,-0.017807154,0.999729633,-0.01000062,-0.606886685,-0.00420549931,0.999519527,-0.0068288222,-0.608762741,0.0064235623,0.999325871,-0.00837925728,-0.608296812,0.00129745842,0.999577701,-0.0312642939,-0.61652559,-0.0110946363,0.999746382,-0.0297742952,-0.613939464,-0.0231578965,0.999755502,-0.0263271462,-0.603230894,-0.00473635085,0.999858618,0.0611114688,-0.599616349,0.0902192891,0.999383926,-0.0798729435,-0.549120724,0.107925825,0.999452,0.0205052551,-0.580835104,0.0265819952,0.999274969,-0.019901542,-0.542636395,0.00423951587,0.999297619,0.158857659,-0.430067182,0.166737229,0.999891937,-0.120512895,-0.499728084,0.201709196,0.999932945,0.142546624,-0.288695335,0.0771585554,0.612549,-0.0925447047,-0.278938144,0.0739368647,0.84722,0.0133591313,-0.28733182,0.0388757028,0.592306376,0.0738516748,-0.281675667,-0.0346554816,0.925748229,-0.034112785,-0.301184684,0.0379968882,0.546188474,0.151512623,-0.291761756,-0.0897017494,0.891777456,-0.0438731536,-0.315964848,0.0465323776,0.525017619,0.184334382,-0.350781262,-0.0778541341,0.877207398,0.00823622,-0.282829463,0.043217957,0.430399179,0.0955778,-0.304165125,-0.0372852199,0.806005418,0.0947024524,0.00449954066,0.0261603147,0.999955356,-0.0929966345,-0.00869565643,-0.0241387375,0.999963164,0.0862150937,0.426218688,-0.0812802538,0.576649904,-0.0774746612,0.346067399,-0.108435,0.570160329,0.0755056143,0.778044701,-0.0198564585,0.534859955,-0.076403,0.731169581,-0.0107784048,0.478727251,0.0539143048,0.811825216,-0.0101644779,0.213133946,-0.0737567693,0.765226364,-0.0455881022,0.157768875,0.0781091303,0.810106397,-0.0721852481,0.555642605,-0.0968293846,0.757682741,-0.140030339,0.463432282
3116.6666666666606,-0.0209284145,-0.588507116,-0.0143923927,0.999732256,-0.00987991877,-0.606898129,-0.000335246936,0.999522626,-0.0067119,-0.608772457,0.0102019515,0.999330223,-0.00826369,-0.608309031,0.00506596873,0.999579489,-0.0311550442,-0.616503775,-0.00831978396,0.999748707,-0.0296695,-0.61392,-0.0204707738,0.999758244,-0.02622265,-0.603215337,-0.00201288192,0.999860227,0.0605810694,-0.59962219,0.0948609933,0.999386072,-0.0803531557,-0.548892677,0.108600959,0.999458849,0.0205424987,-0.58082366,0.03023009,0.999280751,-0.0198767148,-0.542586744,0.00663063675,0.999304414,0.158373639,-0.430045784,0.170914352,0.999892116,-0.120611116,-0.499615341,0.201651409,0.999934435,0.142526671,-0.28888464,0.07781066,0.608889759,-0.0925818458,-0.27905184,0.0732242391,0.84844476,0.0144573022,-0.288127333,0.0380907357,0.588698626,0.0748056173,-0.283316791,-0.0347748101,0.926948369,-0.0328183621,-0.302170634,0.0361760296,0.543122292,0.152872831,-0.294027507,-0.0897629037,0.893187642,-0.0428681634,-0.317218632,0.0448574573,0.521949232,0.185256258,-0.353461087,-0.0778864473,0.878715932,0.00920266472,-0.283724964,0.0421394072,0.427443951,0.0964789465,-0.306085259,-0.0373454206,0.807604492,0.0947109,0.00450212881,0.0266269147,0.999955595,-0.0930081,-0.00869916473,-0.0246112589,0.999963582,0.0869021639,0.425968021,-0.0813204274,0.578791499,-0.077275,0.346060157,-0.109280013,0.57338,0.0754732341,0.77728796,-0.0201817099,0.535418153,-0.0761380494,0.731162429,-0.0136701427,0.481292635,0.0538617149,0.81096983,-0.0105143897,0.214421093,-0.07346154,0.765216172,-0.0487494133,0.158754975,0.0792310834,0.807979763,-0.0721351,0.556291938,-0.0959376,0.757074535,-0.142883152,0.465536058
3133.333333333327,-0.0207996033,-0.588540435,-0.0101727778,0.999738395,-0.0098839784,-0.606969118,0.00370350271,0.999533296,-0.0067182947,-0.608850658,0.0141822193,0.999346912,-0.00826153159,-0.608395815,0.00898928382,0.999590814,-0.0310870409,-0.616524339,-0.00512316031,0.999753118,-0.0295972396,-0.613938451,-0.0173325036,0.999762177,-0.0261526816,-0.603237569,0.001122694,0.999862075,0.0590470769,-0.59975028,0.0979243442,0.999402881,-0.0808528438,-0.548875093,0.109190069,0.999463379,0.0205132868,-0.580887198,0.0341195799,0.999297261,-0.0198733862,-0.542594492,0.00958412047,0.999313056,0.157281697,-0.430494487,0.174009711,0.999895334,-0.120677114,-0.499639213,0.201594442,0.999934494,0.143855482,-0.289572477,0.0809533298,0.611950874,-0.0924074277,-0.279586792,0.0729891136,0.846124291,0.0174643379,-0.288447678,0.0371055491,0.593059,0.0751423389,-0.286588252,-0.0331416242,0.923305452,-0.0297092628,-0.302348077,0.0350942053,0.548003197,0.153307378,-0.297087759,-0.0869302377,0.888410866,-0.04062007,-0.317630291,0.0437664352,0.527161181,0.185071722,-0.357248425,-0.0750791058,0.873272896,0.0118645849,-0.28425324,0.0410627648,0.432482868,0.096513927,-0.309782922,-0.0354738869,0.800382853,0.0946566,0.00448405696,0.0270426143,0.99995625,-0.0929488093,-0.00867517386,-0.0250289869,0.99996376,0.0868627,0.425883502,-0.081176,0.581272423,-0.0773035958,0.346057475,-0.110202976,0.576648891,0.0750951171,0.777033031,-0.0212392844,0.536738515,-0.0760374516,0.731361389,-0.0179469585,0.483361185,0.0535230413,0.810704112,-0.0118363146,0.216318488,-0.0733125582,0.765464485,-0.0534402169,0.160060108,0.0794910938,0.806556582,-0.0725385,0.557109773,-0.095580779,0.757001758,-0.145285726,0.466817617
3149.9999999999936,-0.020791268,-0.58808738,-0.00271833478,0.99973762,-0.0102344044,-0.606537759,0.0109928679,0.999532461,-0.00707913795,-0.608462334,0.0213810317,0.999349236,-0.00858608074,-0.608015418,0.0161952432,0.999594688,-0.0312322248,-0.615936518,0.00185715267,0.99974978,-0.0297284946,-0.613353372,-0.0104264263,0.999758124,-0.0263074208,-0.602690578,0.00798327,0.999858856,0.0575007796,-0.599434197,0.103884511,0.999411821,-0.0813541412,-0.54808706,0.113994181,0.999446213,0.0202296451,-0.58047539,0.0409512557,0.999301076,-0.0200754385,-0.542042077,0.0161346868,0.999302924,0.156252488,-0.430505276,0.176621839,0.999898911,-0.121424824,-0.499132,0.205229059,0.999932051,0.14543651,-0.289748669,0.0815131888,0.617110193,-0.0921652,-0.2796579,0.0742815286,0.836970687,0.0181035064,-0.288629144,0.0363579132,0.597365856,0.0751179084,-0.292296469,-0.0285945963,0.913286746,-0.0291957799,-0.302581489,0.0345829502,0.552072048,0.153289855,-0.305408299,-0.0813461319,0.876301885,-0.0405576229,-0.31788066,0.0431855209,0.531374,0.183484286,-0.367454827,-0.0698681846,0.859839618,0.0122822607,-0.284441292,0.0403603762,0.436406434,0.0960822254,-0.316759288,-0.0308651347,0.783636093,0.0946522,0.00438418938,0.0270598568,0.999957144,-0.0929420739,-0.00856383145,-0.0250460189,0.99996388,0.0866691,0.425881177,-0.0811680183,0.584485829,-0.0773009434,0.346301019,-0.110623308,0.578845918,0.0739061162,0.776921213,-0.0232816469,0.538771868,-0.0758791193,0.731379807,-0.0204561409,0.484085649,0.0523548089,0.81059283,-0.0141739994,0.218043327,-0.0730700195,0.765477061,-0.0562593229,0.16068469,0.0794680044,0.805646896,-0.0751256868,0.557504416,-0.094915092,0.756531179,-0.147636712,0.466305017
3166.66666666666,-0.0208132807,-0.587944448,-0.00175919523,0.999740839,-0.0105313295,-0.606437624,0.0118374182,0.999539256,-0.00739522837,-0.608377099,0.0222463775,0.999361277,-0.00888614357,-0.607937872,0.0170746818,0.99960351,-0.0314223208,-0.61576885,0.00267058169,0.99975121,-0.0299086198,-0.613188803,-0.00967130531,0.99975878,-0.026507616,-0.602525592,0.008776078,0.999858439,0.0564940684,-0.599422514,0.104564019,0.999428034,-0.0819538385,-0.547879696,0.114383325,0.999444366,0.019996468,-0.580364943,0.0418586954,0.999312878,-0.0202729739,-0.541879296,0.0169921704,0.999304056,0.155596539,-0.430553585,0.176421925,0.999902248,-0.121822275,-0.499113292,0.205419257,0.999930441,0.145494312,-0.289768785,0.0806125924,0.624490559,-0.0919069126,-0.280667752,0.0741006359,0.832321346,0.0180272684,-0.288763583,0.0323894732,0.605570257,0.0753913671,-0.300349742,-0.0287020188,0.9082,-0.0293341726,-0.302661031,0.0300630331,0.559982479,0.153581202,-0.314805955,-0.0812435,0.869772613,-0.0409222655,-0.31830442,0.0389701,0.539451241,0.183421254,-0.377463698,-0.069609344,0.852437139,0.0121555142,-0.284725964,0.0362895913,0.444187194,0.0960742757,-0.325406373,-0.0308790598,0.774142325,0.0946414918,0.0043279333,0.0270452891,0.999957681,-0.0929287821,-0.00850205589,-0.0250344574,0.99996376,0.0863166749,0.425759852,-0.0811720341,0.58767122,-0.0772948489,0.346337795,-0.110732593,0.581003368,0.0734311,0.776037037,-0.0238399208,0.541356385,-0.0753470287,0.731472611,-0.0204361863,0.485170871,0.0519133545,0.809616506,-0.0147377811,0.21965684,-0.072398223,0.765572071,-0.0561716594,0.161627501,0.0792062506,0.804149091,-0.0754456744,0.55895716,-0.0945730358,0.756526709,-0.147284523,0.466780722
3183.3333333333267,-0.0207484104,-0.586978078,7.98596302e-005,0.999749,-0.0105071058,-0.605628371,0.0140036074,0.999555171,-0.00737420656,-0.607618868,0.024458399,0.99938345,-0.00885948818,-0.607194364,0.0192777328,0.999618351,-0.0313965194,-0.614853859,0.00454919972,0.999758899,-0.0298841055,-0.612242758,-0.00777589483,0.999765456,-0.0264908969,-0.601583362,0.0106388843,0.999862194,0.0560492761,-0.59882319,0.10836836,0.999450326,-0.0830055922,-0.546488941,0.116239943,0.999457836,0.019997986,-0.579430521,0.0441412963,0.999333441,-0.0203101467,-0.540670037,0.0188306849,0.999319375,0.153916,-0.429243356,0.179910347,0.999904811,-0.122149527,-0.498490542,0.207067192,0.999930501,0.144794196,-0.286926925,0.086363405,0.62598443,-0.0919520855,-0.282806486,0.0737674162,0.832225263,0.0165248215,-0.287071884,0.0430885218,0.609139502,0.0753046647,-0.308353424,-0.02730955,0.907496512,-0.031385798,-0.301495701,0.0423180424,0.562778473,0.153447196,-0.324449211,-0.0792392641,0.86823976,-0.0427361056,-0.317620665,0.0511758141,0.542086303,0.182543159,-0.385667145,-0.0668026134,0.850513041,0.0106525933,-0.283451915,0.0471707769,0.446558326,0.095686093,-0.333264142,-0.0290487949,0.771617889,0.0945624784,0.00432016887,0.027073,0.999957502,-0.0928453207,-0.00849823095,-0.025070766,0.999963403,0.0862101,0.425745875,-0.0813018233,0.5866431,-0.0771781951,0.346516043,-0.111576021,0.580553353,0.073251687,0.775610626,-0.0251274277,0.538444519,-0.0753263235,0.731474,-0.0223975163,0.483709335,0.0516425148,0.809136391,-0.0161172729,0.218499735,-0.072389856,0.765568197,-0.0581881851,0.161738083,0.0785781369,0.803932846,-0.0759953409,0.55611527,-0.0944764763,0.756404757,-0.148264244,0.465917945
3199.999999999993,-0.0207037628,-0.589261651,-0.00145511958,0.999757588,-0.0105312672,-0.607899368,0.0124455923,0.999570966,-0.00742603792,-0.609936416,0.0228994,0.999406099,-0.0089005949,-0.609541833,0.0177607946,0.999632955,-0.0314398967,-0.616780043,0.00264448882,0.999766409,-0.0299317744,-0.614274681,-0.00978545099,0.99977231,-0.0265394561,-0.603562355,0.00869916659,0.999865651,0.0548755899,-0.600992143,0.106623948,0.999472916,-0.0839998946,-0.547508657,0.113040611,0.999471247,0.0199743677,-0.581562638,0.0426132083,0.999357939,-0.0203195531,-0.542584,0.0168426614,0.999338806,0.152836144,-0.430763543,0.176373765,0.999907911,-0.122596867,-0.499297917,0.204634026,0.999930084,0.143880323,-0.287074983,0.079008311,0.635958076,-0.0920045599,-0.288030028,0.0648613423,0.83544445,0.01142928,-0.285865694,0.032135915,0.621389627,0.0756461,-0.319719613,-0.0389819294,0.909634948,-0.038474787,-0.298543662,0.0309932102,0.574634671,0.153693974,-0.336417586,-0.0919349119,0.870539546,-0.0509138033,-0.315448344,0.0393924676,0.554352164,0.182509109,-0.397637606,-0.0788099319,0.852973342,0.00468632,-0.282069147,0.0362483263,0.458403707,0.0958095044,-0.344565779,-0.0403495319,0.774691939,0.094532311,0.00430075545,0.0269243196,0.999957383,-0.0928171054,-0.00848186202,-0.0249048751,0.999963,0.085963048,0.425619,-0.0797114745,0.590313792,-0.0774597824,0.346377522,-0.111312747,0.582498193,0.0731093511,0.77557987,-0.0209180489,0.544803917,-0.0761682838,0.731791496,-0.0188078824,0.487516284,0.0514395423,0.80912745,-0.0114530837,0.221374094,-0.0733944774,0.76597017,-0.0539688021,0.163423881,0.0773440078,0.804028,-0.0723375306,0.562318265,-0.0968201086,0.757063389,-0.144653052,0.470336497
3216.6666666666597,-0.0215776358,-0.589736164,-0.000566201634,0.999766529,-0.0120371254,-0.6082533,0.0135505199,0.999587297,-0.0090368595,-0.610341966,0.0239649508,0.999429882,-0.0104806544,-0.609937787,0.0188573673,0.999648333,-0.0327948742,-0.617120266,0.00347610656,0.999774158,-0.031269297,-0.614651084,-0.00903474167,0.999779403,-0.0278843325,-0.603958189,0.0094858259,0.999869049,0.0505590811,-0.601001084,0.107553206,0.999498129,-0.0870781913,-0.547583342,0.113050744,0.99948591,0.0181317423,-0.581810236,0.0433471,0.999387085,-0.021966463,-0.542954385,0.0172291659,0.999362707,0.148825452,-0.430724293,0.176449314,0.999911606,-0.126420915,-0.499324143,0.203992039,0.999929368,0.142944038,-0.286216,0.0773764625,0.648153067,-0.0923431367,-0.290067405,0.0581566952,0.837396443,0.00849599,-0.285981417,0.0231772214,0.638586521,0.0754974633,-0.326222509,-0.0477358811,0.910893738,-0.0421636589,-0.29870677,0.0206869524,0.592236936,0.153222159,-0.34372893,-0.101145528,0.871727705,-0.0555234961,-0.315951765,0.0290651489,0.572525203,0.181287348,-0.405209929,-0.0876036882,0.854185581,0.00118956948,-0.282199711,0.026982557,0.476710409,0.0952502191,-0.351202667,-0.0486557744,0.776013255,0.094479084,0.00420280918,0.0269465446,0.999957383,-0.0927675962,-0.00838702731,-0.0249220133,0.999962389,0.0845612139,0.425173938,-0.078903988,0.595447719,-0.0781215429,0.346395135,-0.111453734,0.585052967,0.0712419301,0.77464968,-0.0197600815,0.551133394,-0.0770862177,0.73177731,-0.0162261892,0.489238799,0.0493377559,0.808252096,-0.0100463536,0.225058973,-0.0744348615,0.765928686,-0.0508108512,0.164722279,0.0757135376,0.803140163,-0.0710354596,0.567304,-0.0986696854,0.757009447,-0.14065288,0.471637577
3233.333333333326,-0.0215607509,-0.590001404,-0.000901256455,0.999778032,-0.0120942779,-0.608380079,0.0132617448,0.999607265,-0.00912091,-0.610484481,0.0236979257,0.999457,-0.0105785243,-0.610071659,0.0185706113,0.999664426,-0.0328988694,-0.617385447,0.00289469305,0.999785721,-0.0313704908,-0.614956677,-0.00970805157,0.999790847,-0.0279758945,-0.604284585,0.00889537949,0.999875486,0.0478785038,-0.600787938,0.107515164,0.999522865,-0.09010043,-0.547891855,0.110264413,0.999513805,0.01716296,-0.581848681,0.0432178415,0.999418318,-0.0229215473,-0.543281555,0.0159973,0.999395728,0.144225061,-0.429371148,0.176588088,0.999913037,-0.131507665,-0.500024,0.197051898,0.999930799,0.142787561,-0.282423794,0.0762389451,0.653333306,-0.0923288465,-0.295857191,0.0424942635,0.843524098,0.00856973231,-0.286675,0.0160541106,0.648137689,0.0759278461,-0.333202511,-0.063159287,0.915781081,-0.0420157127,-0.300914913,0.0130459117,0.602085054,0.153213903,-0.35105443,-0.117267065,0.877922654,-0.0552443229,-0.31952545,0.0212156791,0.58250922,0.181260064,-0.411210775,-0.102668747,0.861053705,0.00129998871,-0.28347218,0.0196325537,0.486200333,0.0954207107,-0.357380927,-0.0633263,0.785172462,0.0943971053,0.00416916795,0.0273404159,0.999957442,-0.0926955268,-0.00836624485,-0.025296839,0.999962509,0.0842957124,0.424273252,-0.0759858266,0.602015138,-0.0783277303,0.34639588,-0.111745469,0.590914965,0.0709055141,0.773626864,-0.0139463879,0.559872687,-0.0771681294,0.73183924,-0.0150827067,0.496210277,0.0487519205,0.807326794,-0.00366276642,0.231074974,-0.0746370926,0.765968621,-0.0493144765,0.168782979,0.0744248,0.802199125,-0.0645733923,0.575425923,-0.099666588,0.757046163,-0.139562339,0.478431225
3249.9999999999927,-0.0216508135,-0.589597046,0.000720607641,0.999791384,-0.012534597,-0.607923865,0.0156710297,0.999631524,-0.00959497225,-0.610083699,0.0260846931,0.999490321,-0.0110508353,-0.609650671,0.020953441,0.999685,-0.0332854912,-0.616984069,0.00437371386,0.999799073,-0.0317494906,-0.614547908,-0.00827902462,0.999803722,-0.0283730514,-0.603895605,0.0103572058,0.999882877,0.0449473523,-0.599721253,0.112250209,0.9995538,-0.0930433795,-0.547017395,0.110731311,0.999544442,0.0160688907,-0.58125037,0.0453561246,0.99945426,-0.0239856839,-0.542791188,0.0170172155,0.999432206,0.139470592,-0.42702052,0.180691928,0.999915898,-0.134606093,-0.499466449,0.196840212,0.999932706,0.140539303,-0.279706091,0.0776381418,0.661510527,-0.0932003409,-0.296583235,0.0400858782,0.851492584,0.00752246892,-0.287997186,0.016737679,0.662378,0.0756648481,-0.337704688,-0.0626192689,0.921050847,-0.0431058332,-0.304490834,0.0141054513,0.615719378,0.152514622,-0.357373148,-0.115727186,0.884586453,-0.0560987033,-0.322958201,0.0227568392,0.596088648,0.179977402,-0.416476101,-0.100743175,0.868426204,0.000311132171,-0.285281897,0.0203703027,0.500097871,0.0947195,-0.361919254,-0.0624528192,0.795479298,0.0941673815,0.00415689731,0.027775364,0.999957442,-0.0924687386,-0.00836423412,-0.0257713944,0.999962568,0.0837455,0.424421221,-0.075972572,0.609020531,-0.0785090849,0.347219229,-0.113518693,0.599242,0.0679898039,0.774528444,-0.0141088301,0.565772712,-0.0782085359,0.731956,-0.0176314823,0.502571464,0.0452697352,0.808382511,-0.00385825918,0.235823631,-0.0760135353,0.766022,-0.0519742407,0.172780603,0.0725267529,0.803667128,-0.0641398281,0.581017315,-0.100556567,0.757183254,-0.141541034,0.485212773
3266.6666666666592,-0.0226899926,-0.589415073,0.00137943844,0.999802113,-0.0139398295,-0.607695699,0.0165150762,0.999651432,-0.0110606402,-0.609883666,0.0269056391,0.999517679,-0.0125004165,-0.60945034,0.0218215622,0.999701858,-0.0346722752,-0.616695,0.00544662867,0.99981,-0.0330779254,-0.614242315,-0.00722505478,0.999814212,-0.0297380593,-0.603607237,0.0114702666,0.999888897,0.0444101468,-0.599255919,0.112832956,0.999579,-0.093638055,-0.546100199,0.112619549,0.999569833,0.0148415351,-0.580949426,0.0459513851,0.999482572,-0.0251568034,-0.542453,0.0179128591,0.999460816,0.139582545,-0.425603867,0.180573061,0.999917686,-0.134534,-0.498650461,0.196949691,0.999934196,0.139343053,-0.279726863,0.0737549067,0.667676151,-0.0937346742,-0.296896696,0.0393098332,0.857495904,0.00725726644,-0.297180712,0.0153508671,0.673114836,0.0755102932,-0.340352356,-0.0638781711,0.925443113,-0.0431122743,-0.318526953,0.013147966,0.625021338,0.152027279,-0.361469477,-0.116586521,0.889888,-0.0559134409,-0.335710406,0.0227342919,0.605011165,0.179594949,-0.42051515,-0.10081318,0.874277472,0.000277525,-0.295138508,0.0193597078,0.509024739,0.094450362,-0.364704609,-0.0633661225,0.803542733,0.093998991,0.00415800745,0.0277636163,0.999957,-0.0923124105,-0.00839592889,-0.0257693846,0.999962389,0.0820166394,0.424458623,-0.0785508379,0.6098575,-0.0787546933,0.347473174,-0.116190627,0.601866841,0.0639685243,0.776066,-0.0237765685,0.567202687,-0.0795848668,0.732102334,-0.0259852,0.502613127,0.0409211069,0.810069442,-0.014217359,0.237366796,-0.0775888786,0.766102612,-0.0609804876,0.173672348,0.0677699298,0.805154085,-0.0756184384,0.583544672,-0.101958983,0.757474959,-0.151819572,0.48785156
3283.3333333333258,-0.0241274871,-0.589557409,0.00130902033,0.999810278,-0.0155131761,-0.607723355,0.0164152384,0.999667108,-0.0127117988,-0.609929323,0.0268005487,0.999539,-0.0141616082,-0.609486341,0.0217508879,0.999715269,-0.0360715352,-0.616749465,0.00548969302,0.999818683,-0.0344651602,-0.614292085,-0.00717126811,0.999822497,-0.0311319735,-0.60365212,0.0115319211,0.999893785,0.0435716324,-0.599072874,0.1125184,0.999599278,-0.0940764844,-0.546013236,0.112838328,0.999590635,0.0131667471,-0.580956221,0.0457972474,0.999506772,-0.0265853703,-0.542504489,0.0179118551,0.999485552,0.139427722,-0.424822927,0.18046023,0.999918938,-0.134774715,-0.498225868,0.19688271,0.999935448,0.138793111,-0.279968858,0.0721783713,0.673247695,-0.0938921049,-0.296884239,0.0383397639,0.863420308,0.00714059593,-0.307783365,0.0155047197,0.683196068,0.0746426508,-0.346410871,-0.0643343329,0.929778576,-0.0430925302,-0.332025051,0.013512983,0.633399963,0.150346428,-0.370571136,-0.11641822,0.895210743,-0.0557839237,-0.348872781,0.0230560079,0.61294359,0.176908791,-0.429976255,-0.100259967,0.880150855,0.000301597844,-0.306298018,0.0196186956,0.517167568,0.0929745,-0.371449441,-0.0635434538,0.811750829,0.0938426778,0.00416501472,0.0277787,0.999956965,-0.0921709165,-0.00843399391,-0.0257959813,0.999962509,0.0813696161,0.424712777,-0.0787985921,0.6093086,-0.0788492858,0.349131674,-0.116157353,0.603614628,0.0628680363,0.777654588,-0.0236491803,0.566725433,-0.0806821883,0.732736826,-0.0255774893,0.50231725,0.0397386067,0.811763465,-0.0140586914,0.237058088,-0.0788534731,0.766581297,-0.0605989657,0.173580095,0.0653952807,0.807655,-0.0753297955,0.584479928,-0.102541514,0.758465827,-0.151371628,0.489765912
3299.9999999999923,-0.025180269,-0.5896855,0.00244452083,0.999817133,-0.0166506525,-0.60773468,0.0175175667,0.999680459,-0.0139189269,-0.60996145,0.0278849527,0.999557674,-0.0153431743,-0.609506667,0.0229160152,0.999727309,-0.0370669551,-0.616766155,0.00694688503,0.999825776,-0.0354508124,-0.614307821,-0.00569746,0.999829173,-0.0321079642,-0.603666723,0.0129852807,0.999897659,0.0430375,-0.598766446,0.112839423,0.999618113,-0.0942532495,-0.545764446,0.11459554,0.999606609,0.0120771406,-0.580952287,0.0465948693,0.999528825,-0.0275268275,-0.542525351,0.0191048682,0.999506712,0.1393736,-0.424127311,0.180357978,0.999920905,-0.134894118,-0.497608542,0.198108777,0.999935687,0.138426036,-0.280279249,0.0708879679,0.681542695,-0.093510136,-0.297270745,0.0392497405,0.866789937,0.00663724262,-0.310080558,0.0156758688,0.694208503,0.0739599913,-0.35027054,-0.0631236285,0.932601,-0.0433772,-0.333672404,0.013772158,0.642939508,0.1488491,-0.37522921,-0.115305781,0.898443162,-0.0557951853,-0.350390911,0.0233365558,0.622291267,0.174194425,-0.434622824,-0.099475272,0.883692265,-2.69622833e-005,-0.308465183,0.0198381208,0.526988447,0.0917193517,-0.375533372,-0.0625507534,0.816671193,0.0937946364,0.00415251078,0.0276241656,0.999957204,-0.0921274573,-0.00843522511,-0.0256581455,0.999962628,0.0806167424,0.42505753,-0.0796461925,0.610656321,-0.0789737329,0.351127476,-0.116094932,0.604831219,0.0617611073,0.780106485,-0.0237459205,0.566846728,-0.0822738558,0.734098673,-0.0250128321,0.501223,0.0386341736,0.814489961,-0.0140553033,0.236154199,-0.0805594623,0.767778158,-0.059911184,0.172590345,0.0637225732,0.811302304,-0.0754986,0.585159,-0.10351295,0.760163546,-0.151173115,0.49039942
3316.666666666659,-0.0259298682,-0.589705,0.00271780603,0.99982059,-0.0173346642,-0.607702792,0.0177333262,0.999687433,-0.0146341491,-0.609942496,0.0280807056,0.999567211,-0.016063245,-0.609482765,0.0231566709,0.999733448,-0.0376427732,-0.616757214,0.0072834054,0.999829888,-0.0360185727,-0.614299595,-0.00534968497,0.999833107,-0.0326740555,-0.603657663,0.0133333597,0.9999,0.042730812,-0.598352611,0.112770982,0.999628484,-0.0942670554,-0.54569453,0.115009651,0.999617517,0.0111744991,-0.58092463,0.0467463918,0.99954325,-0.0282567,-0.542532444,0.019392198,0.999521732,0.139422774,-0.423460275,0.180171207,0.99992156,-0.135343343,-0.497550458,0.198399082,0.999936283,0.138219252,-0.280568421,0.0686965361,0.685229838,-0.093940489,-0.297529578,0.0400126576,0.869368434,0.00676317792,-0.315033346,0.0138706528,0.699877739,0.0711632445,-0.350649893,-0.0632560551,0.935032308,-0.0429697633,-0.33999446,0.0120064514,0.64675045,0.144990653,-0.375557929,-0.115255848,0.901133239,-0.0548105724,-0.356663704,0.0224477481,0.625576,0.16983363,-0.434860885,-0.0993830264,0.886600375,0.000293445773,-0.313593179,0.0182339977,0.530134,0.088449724,-0.375808567,-0.0626522154,0.820493102,0.0937612802,0.00415373966,0.0276027843,0.999957621,-0.092097789,-0.00845691375,-0.0256426185,0.999963105,0.0803103819,0.425432175,-0.0796496943,0.611429274,-0.0790836439,0.352492243,-0.116033465,0.607551396,0.061486952,0.781636298,-0.0230452605,0.567911863,-0.0836884081,0.734965682,-0.0248024575,0.502776563,0.0383710414,0.816092908,-0.0131773995,0.235948756,-0.0821503177,0.768488169,-0.0596211217,0.172692478,0.0628988445,0.812583685,-0.075239338,0.586957037,-0.104692698,0.760797739,-0.150761068,0.493288517
3333.3333333333253,-0.0261381622,-0.58976841,0.00338906446,0.999825537,-0.017577488,-0.607709527,0.0183549058,0.99969691,-0.014901787,-0.60996,0.0286899246,0.999580085,-0.0163313802,-0.60949868,0.0237887874,0.999741614,-0.0378738753,-0.616768658,0.00799412746,0.999835074,-0.0362323672,-0.614311159,-0.00464106025,0.999837935,-0.0328935944,-0.603665829,0.0140346522,0.999902785,0.0426034071,-0.598326683,0.113036186,0.999641359,-0.094251588,-0.545668244,0.115754016,0.999630034,0.0109124696,-0.580932915,0.0473048575,0.999559581,-0.0284647252,-0.542567432,0.0200809557,0.999538064,0.139496908,-0.423406899,0.180061385,0.999922395,-0.135331973,-0.49755,0.19861196,0.9999367,0.138139293,-0.281309873,0.0677546784,0.690006793,-0.0942312628,-0.298652619,0.0398609824,0.871995747,0.00701213721,-0.316896319,0.0119437482,0.706409156,0.0702512711,-0.351502925,-0.0645867065,0.936876416,-0.0423882864,-0.341476679,0.00987935439,0.652003825,0.143863723,-0.375726879,-0.116517685,0.903004646,-0.0538596,-0.357974857,0.0207704771,0.6305058,0.168932825,-0.434855133,-0.100357592,0.888564885,0.000733451103,-0.315306842,0.0163394101,0.535044432,0.0875080898,-0.376410544,-0.0638591498,0.82308042,0.093688488,0.00412583537,0.0276075974,0.9999578,-0.0920314491,-0.0084489584,-0.0256500263,0.999963343,0.0801554471,0.425804406,-0.0796512067,0.612623751,-0.0790217742,0.353583634,-0.115952142,0.609510362,0.0615191907,0.782412708,-0.0229829177,0.568804145,-0.0839184374,0.7358073,-0.024254,0.5032956,0.038428627,0.816875,-0.0131221125,0.235553429,-0.0823956355,0.769239783,-0.0590042137,0.172513291,0.0626468956,0.813089,-0.0751067325,0.588333547,-0.104725979,0.761384845,-0.150626406,0.494964808
3349.999999999992,-0.0261458252,-0.590747535,0.00281237904,0.999831915,-0.0176006053,-0.608542681,0.017762363,0.999708951,-0.0149501031,-0.610841393,0.0280963276,0.999596834,-0.0163744371,-0.610377848,0.0232577752,0.999752045,-0.0379543081,-0.617484748,0.00745235756,0.999841452,-0.0363107361,-0.615054846,-0.00520431669,0.999843955,-0.0329665355,-0.60434556,0.0134673798,0.999906182,0.04261069,-0.598924041,0.112229541,0.999657631,-0.0942839161,-0.545899093,0.115205914,0.999644697,0.010907894,-0.581667125,0.0466928594,0.999578595,-0.02848389,-0.543303192,0.0195422079,0.999556482,0.13959679,-0.423832655,0.177119881,0.999923944,-0.135406628,-0.497691333,0.198174804,0.9999367,0.137957811,-0.282557,0.0616702363,0.697703719,-0.094320558,-0.301531,0.0377896689,0.874291837,0.00582441734,-0.316008061,0.00603702292,0.713579953,0.0698813871,-0.353937179,-0.0681440607,0.938076138,-0.0436447598,-0.339583278,0.00408047717,0.65820682,0.143328071,-0.37725988,-0.120213114,0.904142082,-0.055002559,-0.356251299,0.0152531695,0.636588871,0.168607593,-0.436239034,-0.104039155,0.889738679,-0.000386475294,-0.314250201,0.0106445,0.541446626,0.087151207,-0.378567278,-0.0674560517,0.824780881,0.0936876908,0.0040554814,0.0275270417,0.999958336,-0.0920351595,-0.00840430148,-0.025565641,0.99996376,0.0801610723,0.4263179,-0.0795794353,0.618475258,-0.0790380388,0.354072094,-0.115234897,0.614182532,0.0617587827,0.782818198,-0.0209191572,0.575659931,-0.0850120559,0.736282825,-0.0187012814,0.50811404,0.0387044623,0.817287922,-0.0106166787,0.238522246,-0.083570376,0.769648254,-0.0528237596,0.174065799,0.0624425262,0.813777268,-0.0740539879,0.595686555,-0.10524673,0.762684822,-0.145915836,0.501271
3366.6666666666583,-0.0261680875,-0.590862215,0.0027321158,0.999839067,-0.017659938,-0.608635843,0.0176663902,0.999721289,-0.0150293978,-0.610944569,0.0280029606,0.999613702,-0.0164473,-0.610485733,0.0231614467,0.999762118,-0.0380789377,-0.617579579,0.00738143548,0.999848366,-0.0364326388,-0.615162075,-0.00526575,0.99985075,-0.0330779627,-0.604442,0.013406869,0.999910057,0.0421117693,-0.599064887,0.112208799,0.999672771,-0.0948968753,-0.546112537,0.114982821,0.999660969,0.0107775079,-0.581771433,0.0466224365,0.999597609,-0.028643271,-0.543468773,0.0195047371,0.999576151,0.139337316,-0.424016654,0.177096799,0.999925375,-0.136193559,-0.498633951,0.197757915,0.999937594,0.137913153,-0.282548815,0.0617005527,0.702479959,-0.0945105702,-0.305267721,0.0365494452,0.877138615,0.00574913621,-0.313863337,0.00442071352,0.719285607,0.0693895742,-0.353926718,-0.0704756081,0.940138578,-0.0437119268,-0.336147785,0.00212841621,0.663885057,0.142450809,-0.376201957,-0.123103641,0.906754434,-0.055240389,-0.353126258,0.0128663927,0.642389059,0.168182075,-0.435031861,-0.107185401,0.892661929,-0.000517895329,-0.311948448,0.00889447331,0.547195613,0.0866867676,-0.378189653,-0.0698881224,0.828773499,0.093685858,0.00400627265,0.0275584757,0.999958336,-0.0920369253,-0.00837318599,-0.0255914181,0.99996382,0.0801729783,0.426322907,-0.0787699521,0.622659326,-0.0790793225,0.354052097,-0.115088984,0.617856503,0.0623015873,0.782772362,-0.0186418071,0.580388129,-0.085187681,0.73627907,-0.0149585353,0.510623634,0.039228,0.817250073,-0.00812682603,0.24062033,-0.0837426,0.769634247,-0.0486360937,0.174908474,0.0624129027,0.813717484,-0.072220318,0.600599527,-0.105239786,0.762718856,-0.141912684,0.504465163
3383.333333333325,-0.0263203438,-0.591226041,0.00306642125,0.999842882,-0.0177330412,-0.6089046,0.0180979148,0.999728,-0.0151256863,-0.61122936,0.0284338,0.999622524,-0.0165331848,-0.610782921,0.0235897135,0.999767542,-0.0382530317,-0.617869675,0.00794980861,0.999852061,-0.0366013646,-0.615470529,-0.00472182548,0.999854207,-0.0332450531,-0.604748845,0.0139326183,0.999911964,0.0421484448,-0.599143803,0.112674378,0.999681056,-0.0949191228,-0.546334863,0.116066575,0.999669313,0.0106748268,-0.582039118,0.0469421111,0.999608099,-0.0287976377,-0.543830097,0.0200143605,0.999586582,0.139379546,-0.42409566,0.177073076,0.999925852,-0.136223897,-0.49884367,0.19804284,0.999937356,0.137728721,-0.282463908,0.060957294,0.703615665,-0.0945498496,-0.306931913,0.0364719294,0.877426744,0.00446295878,-0.306010783,0.00310452282,0.719826281,0.0691785291,-0.353330523,-0.0726008,0.940604568,-0.0451744348,-0.324579686,0.000568549149,0.664442718,0.142043516,-0.375105262,-0.126165912,0.907044828,-0.0572644733,-0.340691358,0.0110387309,0.642949283,0.168192819,-0.433994114,-0.110420182,0.892970324,-0.00204729824,-0.303018,0.00752384448,0.547338188,0.0865637511,-0.377453417,-0.0722247437,0.828921616,0.0937157,0.00390189816,0.0274558421,0.999958456,-0.0920735672,-0.00828726217,-0.025467094,0.99996388,0.0802630484,0.426309824,-0.0788618401,0.623148561,-0.0794570595,0.354177415,-0.115098521,0.617090404,0.0628379,0.782591522,-0.0186880715,0.582271874,-0.0853985,0.73638612,-0.0141376173,0.510161638,0.0397389866,0.817081153,-0.00817640685,0.240205929,-0.0839082897,0.769702554,-0.0477887504,0.174477726,0.0623989068,0.813293934,-0.0729487836,0.602158785,-0.105768129,0.762747467,-0.141534418,0.504591346
3399.9999999999914,-0.0264408123,-0.591298521,0.00251283753,0.99984622,-0.017736325,-0.608961,0.0176646169,0.999733686,-0.0151404506,-0.611282766,0.0279892888,0.999630272,-0.01654079,-0.610846877,0.0231672041,0.999772131,-0.0383337848,-0.617988765,0.00761504704,0.999854803,-0.0366865247,-0.615613759,-0.00511129759,0.99985683,-0.0333115123,-0.60488236,0.0135313291,0.999913037,0.0422035456,-0.599250495,0.112472631,0.999688327,-0.0949315578,-0.547203183,0.115909211,0.99967438,0.0106030395,-0.582132757,0.0465002321,0.999617577,-0.0289448258,-0.544109941,0.0196339097,0.999594867,0.139686137,-0.424464196,0.176515207,0.999927104,-0.136271805,-0.500917,0.197427556,0.999937356,0.137749687,-0.281449825,0.0585894659,0.706453919,-0.0938932821,-0.311655432,0.0351178795,0.876242697,0.00137361477,-0.295220315,-0.00297165522,0.722800553,0.0691633373,-0.353020936,-0.0786951706,0.940080047,-0.0496738814,-0.309423119,-0.0065958281,0.668465674,0.141626522,-0.371479034,-0.134181082,0.906451643,-0.0631497875,-0.327113807,0.00296796765,0.64738214,0.168241918,-0.429238528,-0.119487472,0.89243269,-0.00592524605,-0.291935921,0.0013445206,0.551080346,0.0865785,-0.37613526,-0.0790166184,0.827702522,0.0938379243,0.00386034441,0.027487928,0.999958694,-0.0921999,-0.00824953709,-0.0254814029,0.999963939,0.0806494206,0.426156223,-0.0781011283,0.624348342,-0.0795155913,0.354159355,-0.115076564,0.617348492,0.0646302849,0.782205939,-0.0147951376,0.587209225,-0.0861541703,0.736327052,-0.00820580777,0.511817038,0.0417384319,0.816764116,-0.00391021557,0.24250713,-0.0846815,0.769598365,-0.0412146,0.174553186,0.064122729,0.812808216,-0.070721209,0.607211709,-0.106117189,0.76282835,-0.136616841,0.506334901
3416.666666666658,-0.0264867824,-0.591317832,0.00010477053,0.999841034,-0.0176570918,-0.608962238,0.0152047826,0.999724209,-0.015069508,-0.611283541,0.0254977662,0.999617159,-0.0164684337,-0.610848069,0.0207592174,0.999764144,-0.0383277871,-0.618017793,0.00564413844,0.999849141,-0.0366821475,-0.615659356,-0.00712419488,0.999851227,-0.0332972258,-0.604924798,0.0115144318,0.999909341,0.0432930551,-0.599227548,0.10990233,0.999678314,-0.0944206715,-0.547628,0.115091458,0.999661446,0.0106226671,-0.582135618,0.0440507233,0.999608576,-0.028950626,-0.544218481,0.0178594198,0.999584854,0.141042054,-0.424475878,0.172556028,0.999926746,-0.136255831,-0.50176686,0.197356045,0.999936819,0.137235403,-0.28060171,0.0534238927,0.704519331,-0.0939178094,-0.312339246,0.0356791764,0.873071074,0.000604528061,-0.290623963,-0.00866216,0.718792319,0.0696007609,-0.351296723,-0.0779264867,0.93875879,-0.0500756651,-0.303903818,-0.0127157383,0.665134311,0.142312,-0.367287219,-0.133417264,0.90479362,-0.0633529127,-0.321593553,-0.00329478225,0.644208252,0.170486987,-0.425368,-0.11913795,0.890732467,-0.00657492597,-0.287046313,-0.0043078335,0.546964288,0.087596409,-0.373908103,-0.0783957168,0.824806631,0.0940984413,0.00383149018,0.027365854,0.999958932,-0.0924676508,-0.00821802206,-0.0253306422,0.999964118,0.0810184777,0.425679475,-0.0780574754,0.620646656,-0.0795252472,0.353972316,-0.114693068,0.613313913,0.0663140342,0.781486273,-0.0123025645,0.588336766,-0.0862722695,0.735943317,-0.00319916988,0.510272622,0.0437381305,0.816095471,-0.00103856274,0.242216095,-0.0847777054,0.769113362,-0.0358723253,0.172805458,0.0667278841,0.812558591,-0.0686838,0.608565867,-0.106100827,0.762840331,-0.132324,0.504869699
3433.3333333333244,-0.0266666356,-0.591314614,0.000248041033,0.999833465,-0.0176592171,-0.608957946,0.0153448237,0.999710619,-0.0150782326,-0.611275434,0.0256311167,0.999600649,-0.0164763909,-0.610842347,0.0208880361,0.999753773,-0.0383939929,-0.618018806,0.00591791933,0.999839664,-0.0367528535,-0.615664721,-0.00688171387,0.999841809,-0.033340469,-0.604929507,0.0117597142,0.999902487,0.0437597036,-0.599285781,0.109892286,0.999667764,-0.0940996706,-0.547874808,0.115751155,0.9996382,0.0106160035,-0.582143366,0.0441063941,0.999590755,-0.0289953817,-0.544268,0.0181408748,0.999560356,0.141747296,-0.425708771,0.171523958,0.999926388,-0.136169344,-0.502098322,0.197444409,0.999933958,0.136672273,-0.283521771,0.0485088192,0.70424974,-0.0939431489,-0.312026471,0.0358495414,0.865631342,-0.0003411051,-0.291091383,-0.0143341795,0.715288877,0.0698429197,-0.346019149,-0.0775283128,0.933170557,-0.0506418496,-0.304048926,-0.0191099104,0.662328303,0.142767936,-0.359143496,-0.133052304,0.898019731,-0.0640573576,-0.321455091,-0.00932973437,0.641537905,0.171835735,-0.418313622,-0.119088851,0.883336127,-0.00750814704,-0.28738749,-0.00999618135,0.543706596,0.0881573111,-0.368346304,-0.0781565458,0.814852595,0.0943515599,0.00366275874,0.0273567494,0.99995935,-0.0927139595,-0.00802668184,-0.0253159869,0.999964118,0.0816959143,0.424497634,-0.0781202242,0.622954488,-0.0795374885,0.353570342,-0.114648372,0.613831758,0.0679905191,0.778744817,-0.0123994751,0.594584048,-0.0862910077,0.735352039,-0.00176672474,0.512789786,0.0457999408,0.813276708,-0.00117953785,0.245046481,-0.0847672,0.768401384,-0.0345689952,0.173478335,0.070716545,0.809915602,-0.0689460114,0.613642573,-0.105978526,0.76276356,-0.130391315,0.506292
3449.999999999991,-0.0273396112,-0.591126502,0.00477907714,0.999826849,-0.0179349855,-0.608791769,0.0199146029,0.999699831,-0.0153562343,-0.61110276,0.0302032195,0.999587476,-0.0167270768,-0.610677898,0.0253332295,0.999746382,-0.0387812406,-0.617900312,0.0111994576,0.999831259,-0.0371454172,-0.615557969,-0.00166447,0.999832928,-0.0337095074,-0.604837656,0.016920926,0.999896109,0.0440001599,-0.599232554,0.113337725,0.999659419,-0.093942225,-0.547948539,0.122628145,0.999612808,0.0103863832,-0.582045555,0.0481162779,0.999572635,-0.0293347053,-0.544232368,0.0232438762,0.999532461,0.141993672,-0.426326245,0.172504,0.999926686,-0.135975018,-0.502111435,0.202297524,0.999930263,0.135945,-0.284710646,0.0491923913,0.703107595,-0.0931820422,-0.31110391,0.0427737311,0.85448271,-0.00277563743,-0.286889017,-0.0128267,0.711591542,0.0702185631,-0.339998245,-0.0727495551,0.924445629,-0.0527761951,-0.296952754,-0.017356772,0.659773,0.143275112,-0.352502555,-0.129108384,0.887933075,-0.0668046102,-0.313714355,-0.00757353939,0.639303386,0.172324196,-0.412723869,-0.116268344,0.872420609,-0.0100858277,-0.282394379,-0.00850546919,0.540898502,0.0885762498,-0.362729073,-0.0741922,0.800498545,0.0945258886,0.00357638951,0.0272404514,0.999959648,-0.0928802,-0.00792378746,-0.0251788776,0.99996376,0.0817196146,0.42400223,-0.079069443,0.62088263,-0.0799208432,0.352929562,-0.114847906,0.609926224,0.0680534467,0.777302802,-0.0165215135,0.594008684,-0.0862008929,0.734582782,-0.00209614472,0.509172916,0.0459142514,0.811829686,-0.00585247111,0.243964732,-0.0844949186,0.767590165,-0.0350657925,0.171846464,0.0713456944,0.807871699,-0.0739484727,0.612053752,-0.105477437,0.762080193,-0.130705535,0.501659274
3466.6666666666574,-0.0273495391,-0.590071321,0.00247563096,0.999815226,-0.017939562,-0.607923746,0.0161221065,0.999681056,-0.0153540885,-0.610217273,0.0265293792,0.999564171,-0.016725162,-0.609807491,0.0216485187,0.999734938,-0.0387719348,-0.617110133,0.00816229265,0.999817431,-0.0371352322,-0.614728272,-0.00454191444,0.999817908,-0.0336999148,-0.603971899,0.0139898658,0.99988693,0.0450591855,-0.599233449,0.106769547,0.999643147,-0.0921267644,-0.547946811,0.120134324,0.999569535,0.0106373709,-0.581625879,0.0453947522,0.999545753,-0.0289870426,-0.543675,0.0214878321,0.999491334,0.144569144,-0.427251875,0.16917558,0.99992758,-0.133639127,-0.502432823,0.20272325,0.999926567,0.136377275,-0.284839272,0.0512993522,0.700491905,-0.092711255,-0.308574289,0.0544090122,0.83862555,-0.00138971605,-0.287453592,0.0011584668,0.703704417,0.0702860951,-0.334744424,-0.0508323498,0.905777514,-0.0507743359,-0.298431635,-0.00158875727,0.651999,0.143878371,-0.347884834,-0.103890955,0.866098046,-0.0636672229,-0.315166563,0.00743195415,0.631631672,0.172298729,-0.40878731,-0.0923531353,0.848818898,-0.00792633835,-0.283154041,0.00548972236,0.532784045,0.0886077508,-0.358307511,-0.0530641973,0.773135662,0.0945419148,0.00356307626,0.0270008445,0.999960124,-0.0928887874,-0.00791189726,-0.0249481779,0.999963641,0.0822125226,0.424013555,-0.079245843,0.613876045,-0.0799341723,0.352421522,-0.113611326,0.601076961,0.0681969449,0.777307093,-0.0201104842,0.58765471,-0.0849508047,0.734157443,-0.00242093042,0.499804914,0.0460768268,0.811817884,-0.0101374611,0.23929514,-0.0827538,0.767279625,-0.0354935601,0.167666271,0.0713959336,0.807929635,-0.0761027336,0.605227709,-0.103204519,0.761951506,-0.12947017,0.491959542
3483.333333333324,-0.0275050011,-0.589552879,0.00651005795,0.999809563,-0.0180232991,-0.607487381,0.0201969277,0.99967283,-0.015422496,-0.609758,0.0305614192,0.999554813,-0.0167833734,-0.609372497,0.0256546307,0.999730408,-0.0388568752,-0.61655736,0.0129284486,0.999810576,-0.0372101478,-0.614149392,0.00028949097,0.999810278,-0.0337738134,-0.603417516,0.0187634882,0.999882042,0.0466071,-0.599074185,0.109682031,0.999636352,-0.0908069685,-0.547261953,0.126776159,0.999545932,0.0108032571,-0.581224442,0.0488669202,0.99953115,-0.0288919546,-0.543040693,0.0261223111,0.999467432,0.146981493,-0.427233577,0.171152711,0.999928534,-0.131046087,-0.501217663,0.209743038,0.999924242,0.136316568,-0.285499781,0.055452425,0.6964221,-0.0916653872,-0.300915152,0.0637849271,0.821519792,0.000684046885,-0.287965924,0.00673950557,0.696513653,0.0719149634,-0.323566467,-0.0440444313,0.888612628,-0.0469925962,-0.299087763,0.00342922844,0.645523071,0.146746129,-0.336556435,-0.0973916203,0.846776545,-0.0584801398,-0.31573391,0.0127435736,0.625240564,0.174361333,-0.398562163,-0.0859527513,0.827978,-0.00496908743,-0.28377983,0.0109124845,0.526313841,0.090484,-0.347712,-0.0463574603,0.748841405,0.0946802571,0.00353573356,0.0269214604,0.99996078,-0.093022123,-0.00787357707,-0.0248721261,0.99996382,0.0827802047,0.423841506,-0.0809099898,0.610098302,-0.0796954781,0.352265745,-0.113930181,0.596229851,0.068851307,0.776564837,-0.027711153,0.582731545,-0.0834596381,0.733634114,-0.00601084623,0.492896706,0.0468962267,0.810907483,-0.0184411295,0.235883191,-0.0807235092,0.766729414,-0.0398873575,0.164649248,0.0726115406,0.807051539,-0.0841567367,0.599692285,-0.099719651,0.761208773,-0.132513359,0.484610915
3499.9999999999905,-0.027264,-0.589579225,0.00429007551,0.999798834,-0.017753914,-0.607563555,0.0172965713,0.999654651,-0.0150959045,-0.609818161,0.0277738255,0.999530613,-0.0164640918,-0.609435856,0.0228121206,0.999716699,-0.0385876782,-0.616601169,0.0105386982,0.99979943,-0.0369358,-0.614179969,-0.00191577873,0.999798834,-0.0334895104,-0.603439152,0.016478613,0.999875844,0.0489469096,-0.599629819,0.10628546,0.999613881,-0.0887017921,-0.54731077,0.125525758,0.999516726,0.0119880168,-0.581378,0.046655748,0.999505579,-0.0277586579,-0.543061852,0.0245774034,0.999437273,0.150320753,-0.427737594,0.170827866,0.999928,-0.126394689,-0.501261353,0.209593832,0.999923766,0.137257546,-0.285511792,0.0635363683,0.688363,-0.0898060128,-0.297686547,0.0703723356,0.812227309,0.00925982,-0.287830681,0.020064855,0.684845269,0.0764462352,-0.311623454,-0.0342899151,0.879903316,-0.0362611115,-0.299584776,0.0174233392,0.635439515,0.153452158,-0.321979851,-0.0871246755,0.836623132,-0.0458209738,-0.316440552,0.0254508555,0.615447938,0.181221664,-0.383219033,-0.0763376951,0.816955805,0.00498043932,-0.283908367,0.0238356907,0.516811311,0.0960219875,-0.335335791,-0.0369805358,0.735344768,0.0947011411,0.00355089922,0.0267938953,0.99996084,-0.0930389091,-0.00787893683,-0.024744017,0.99996382,0.0837474689,0.424243152,-0.0815006644,0.603157103,-0.0792161226,0.352124214,-0.113166019,0.587978601,0.0708574951,0.776556373,-0.0284634512,0.573716104,-0.0815134645,0.733221889,-0.00554791791,0.482987553,0.0491128117,0.810846686,-0.0191577543,0.230038211,-0.0784251392,0.766406119,-0.0394276455,0.160290524,0.0737462565,0.807514608,-0.0836704895,0.590508342,-0.0970052,0.7611866,-0.129801378,0.474500299
3516.666666666657,-0.0273241382,-0.589586377,0.00243573543,0.999793708,-0.0177956559,-0.607601345,0.0147662992,0.999646366,-0.0151181035,-0.609847248,0.0253449325,0.999519408,-0.0164877977,-0.609464467,0.0203793962,0.999710798,-0.038611725,-0.616629779,0.00859781541,0.999794424,-0.0369578488,-0.614192784,-0.00367530226,0.99979353,-0.0335124545,-0.603450179,0.0146567859,0.999873579,0.0501637831,-0.599988699,0.102744773,0.999601901,-0.0874290839,-0.547346771,0.124722242,0.999501407,0.0122406,-0.581457555,0.0446301624,0.999491811,-0.0274895523,-0.543063164,0.0233252011,0.999422073,0.151665434,-0.428278655,0.169944286,0.999928057,-0.123546056,-0.501235545,0.210244074,0.999924302,0.136885643,-0.286572486,0.0712679,0.682598829,-0.0898275226,-0.293037921,0.0774828568,0.805110574,0.00975072104,-0.28944996,0.0383434743,0.674906611,0.076931037,-0.303070366,-0.0250078086,0.871951938,-0.0355707556,-0.301984072,0.0374609865,0.626235723,0.154842198,-0.313349724,-0.0774438381,0.827039242,-0.0443106294,-0.318882376,0.0452646464,0.606366932,0.182632908,-0.374447286,-0.0666339695,0.806564629,0.00590407755,-0.28590405,0.042375911,0.508085787,0.0969102457,-0.326934636,-0.0277603399,0.723132908,0.0946949646,0.00355577143,0.0265732054,0.999960959,-0.0930316299,-0.00787812285,-0.024525933,0.999964,0.0846626833,0.424295694,-0.0819773674,0.595968843,-0.0787897408,0.351841897,-0.112792812,0.580209553,0.0721256,0.776569128,-0.0305490866,0.564379275,-0.0810418427,0.732800126,-0.00559379254,0.473306984,0.05039078,0.810846448,-0.0214313772,0.224194169,-0.0778731629,0.766093969,-0.0394790545,0.156211406,0.0738375485,0.808605134,-0.0845655948,0.581867039,-0.0954634622,0.761188865,-0.129141942,0.465647936
3533.3333333333235,-0.0279107615,-0.589608967,0.00316038588,0.999796093,-0.0181083735,-0.607639313,0.0154222688,0.999650955,-0.0153870285,-0.609878778,0.026061805,0.999525368,-0.0167365074,-0.609491,0.0210290905,0.999715567,-0.0388579443,-0.616697,0.00971878693,0.999796689,-0.0372075811,-0.61422,-0.00236602058,0.999795377,-0.0337806419,-0.603483856,0.0158301797,0.999875367,0.0513591617,-0.599924564,0.102864496,0.999606133,-0.0863730833,-0.547140539,0.126839653,0.999500751,0.0122408289,-0.58147,0.0450772978,0.999498844,-0.0275023989,-0.542997658,0.0242890883,0.999428749,0.152787223,-0.42818141,0.171045497,0.999929905,-0.121101014,-0.499449223,0.216780767,0.999926209,0.138306946,-0.287062973,0.0922783762,0.682341695,-0.0903518647,-0.288318366,0.0895726159,0.80063504,0.0103805577,-0.287716061,0.0778930187,0.670607209,0.0766659454,-0.291845232,-0.0142410891,0.865883172,-0.0355818048,-0.299422145,0.0795970634,0.621574044,0.154662237,-0.30051735,-0.0667048395,0.819863677,-0.0444318019,-0.315858275,0.0866109,0.60176605,0.182603687,-0.359953,-0.0559400804,0.798799157,0.0064584366,-0.284111947,0.0821350887,0.504174769,0.0967990831,-0.315035909,-0.0171604641,0.714552224,0.0946382657,0.0035474475,0.0260678474,0.999961138,-0.0929745436,-0.00786813349,-0.0240126029,0.999964178,0.0847499669,0.424927294,-0.0840851068,0.589658,-0.0784397423,0.351820022,-0.112526506,0.571567178,0.0732512623,0.777174413,-0.0364538692,0.552528322,-0.0807901323,0.733034909,-0.00784321222,0.46401912,0.0516483523,0.811391354,-0.0279316716,0.217805505,-0.0775606111,0.766491532,-0.0423007607,0.152852207,0.0739338,0.811237156,-0.0893583149,0.571006,-0.0949498937,0.76190269,-0.130635798,0.457782477
3549.99999999999,-0.026636051,-0.58958739,0.00430729706,0.999788642,-0.0169253368,-0.607622623,0.0167896599,0.999635577,-0.0141502321,-0.609853327,0.0274580177,0.999501526,-0.0154780913,-0.609458387,0.0224113744,0.999701321,-0.037635237,-0.616615951,0.0113901692,0.999790549,-0.0360039398,-0.614092886,-0.000507769291,0.999789715,-0.0325797424,-0.603354096,0.0175772067,0.999873877,0.0552794486,-0.599808335,0.104411542,0.999579966,-0.0833550692,-0.545713484,0.12937963,0.999489844,0.0148099028,-0.581428349,0.0462509543,0.999481857,-0.0252060499,-0.542569697,0.0257937573,0.999419808,0.156550899,-0.427247137,0.173919261,0.999928713,-0.117032006,-0.49685654,0.221146882,0.99992913,0.138833404,-0.287111402,0.102149762,0.670476,-0.0905414075,-0.284019768,0.0939617828,0.80086,0.0112775043,-0.287927151,0.0925708264,0.653582156,0.0766558573,-0.282560378,-0.0118877683,0.868530452,-0.0351375714,-0.299643576,0.0958874449,0.6039657,0.154866919,-0.29115504,-0.064678,0.822309434,-0.0431955,-0.316421449,0.104391463,0.583816528,0.184251085,-0.348894954,-0.0531444252,0.801432848,0.0075994269,-0.284356356,0.0976488292,0.487758458,0.0972771868,-0.304846585,-0.0143488916,0.717453301,0.0946280807,0.00358055183,0.0258803274,0.999960423,-0.0929699317,-0.00790692773,-0.0238378178,0.999964297,0.0848824456,0.426180094,-0.0848854631,0.578370094,-0.0749440268,0.351994246,-0.112241976,0.560170174,0.0763653,0.7782619,-0.0362793207,0.536564171,-0.0792728141,0.733035505,-0.00835655164,0.452352732,0.0549910627,0.812304914,-0.0276303,0.209240615,-0.0761699304,0.766505599,-0.0428930335,0.14811565,0.0743572786,0.813702106,-0.0891324878,0.556562126,-0.0928502232,0.761901855,-0.131634772,0.448247164
3566.6666666666565,-0.0252443943,-0.589867651,0.000778008,0.99978137,-0.0154175581,-0.607928693,0.0133793913,0.999619722,-0.0125645176,-0.610113144,0.0240702052,0.999476612,-0.013938,-0.609713614,0.0190666728,0.999685705,-0.0362026244,-0.61687845,0.00797354244,0.999784589,-0.0345774814,-0.61432308,-0.00380723388,0.999784291,-0.0311706308,-0.603561759,0.0142619489,0.999872267,0.0579981059,-0.599889457,0.102010906,0.999550819,-0.0814941078,-0.545739,0.12686871,0.999481201,0.0168411862,-0.58160162,0.043157775,0.999464571,-0.023383433,-0.542641521,0.0227347016,0.999411941,0.159151316,-0.426733583,0.173175275,0.999926865,-0.115276411,-0.496801019,0.220477775,0.999931574,0.140435368,-0.28562367,0.0977088287,0.660138726,-0.090647,-0.281909943,0.0912028849,0.80001241,0.0147363907,-0.28804493,0.0774711892,0.638887525,0.0766437128,-0.277096421,-0.0147924395,0.870544493,-0.0316419862,-0.299850583,0.0789704397,0.589354,0.154907644,-0.284879595,-0.0676254183,0.823934317,-0.0388399102,-0.316637486,0.0876535,0.569049776,0.185237184,-0.342480838,-0.0559153594,0.803179502,0.0113590863,-0.284535944,0.082276091,0.473875791,0.0976165086,-0.29897815,-0.0171149299,0.718733,0.0945730135,0.0036870474,0.0257056225,0.999959767,-0.0929195806,-0.00800204743,-0.0236745346,0.999964356,0.0849395692,0.426804155,-0.0848694295,0.567674041,-0.0716698468,0.352059215,-0.110668868,0.547789156,0.0773681402,0.781112492,-0.0348983333,0.52475965,-0.0761886835,0.733163416,-0.00570781808,0.441261619,0.05606528,0.815190911,-0.0260739345,0.202365845,-0.0732246563,0.766678751,-0.0398470536,0.14325197,0.0744197741,0.816487134,-0.0875762329,0.545835555,-0.0907053202,0.761894703,-0.129331976,0.438628942
3583.333333333323,-0.0243094955,-0.59055531,-0.00951325614,0.99976927,-0.0143978605,-0.608684242,0.00345375412,0.999593794,-0.0114992894,-0.61076957,0.0141418567,0.99943465,-0.0129619883,-0.610363662,0.00926895346,0.999657691,-0.0354244262,-0.617511809,-0.00227826159,0.999775469,-0.0338223092,-0.614949107,-0.0140773868,0.999776483,-0.0304059,-0.604127824,0.00412784331,0.999869823,0.0597172417,-0.600220501,0.0942321345,0.99950105,-0.0809402391,-0.545911,0.117352188,0.999472857,0.0182184353,-0.582050085,0.0338063464,0.999433339,-0.0222991724,-0.542985737,0.0129345302,0.999397576,0.161022216,-0.426192135,0.168650478,0.999920964,-0.114645369,-0.496822834,0.214573219,0.999934,0.140573964,-0.28392911,0.091902405,0.644927084,-0.090974018,-0.280417085,0.0891785324,0.802648604,0.0154146962,-0.288764238,0.0735789239,0.616844654,0.076696232,-0.274118125,-0.0170594435,0.875571191,-0.0311032217,-0.303548098,0.0776952952,0.567958236,0.154998749,-0.281965941,-0.0699239895,0.829194069,-0.0377203338,-0.319864,0.0861966088,0.547393203,0.18647778,-0.33940953,-0.0576673672,0.808821619,0.0121686719,-0.285460442,0.0795931146,0.454026401,0.0981215909,-0.295683891,-0.0192751568,0.724705577,0.0945547745,0.00384943,0.0256853439,0.999959111,-0.0929086,-0.00814976636,-0.0236543659,0.999964774,0.0853072852,0.42716369,-0.0837339908,0.561045885,-0.0700580925,0.352054149,-0.108160838,0.540757477,0.078938596,0.782707512,-0.023340201,0.519272268,-0.0751146749,0.733340323,0.00137081428,0.437072903,0.0578312688,0.816728234,-0.0131341349,0.19829388,-0.0723524615,0.766904175,-0.0319341,0.140285954,0.0761668384,0.817378581,-0.0753067806,0.540865362,-0.090496622,0.761804402,-0.124115765,0.434779078
3599.9999999999895,-0.0233014319,-0.590542793,-0.0157717485,0.999741375,-0.0129557392,-0.608645856,-0.00257937983,0.999541759,-0.00999145117,-0.610708892,0.00810684543,0.999352157,-0.0115596056,-0.610295,0.0032920083,0.99960494,-0.0341661163,-0.617499292,-0.00830474775,0.999753952,-0.032599695,-0.614936054,-0.0201402716,0.999756634,-0.0291518327,-0.604105949,-0.00184446643,0.999861717,0.0621953681,-0.599853337,0.0893908218,0.999416828,-0.0795245469,-0.545896649,0.112026222,0.999445558,0.0194985271,-0.581962645,0.02791561,0.999383211,-0.0212032106,-0.542954147,0.00692854822,0.9993698,0.163245305,-0.423193783,0.165127441,0.99991411,-0.114355966,-0.49681592,0.211421251,0.9999367,0.140552938,-0.279653162,0.0873779655,0.625475407,-0.0919394642,-0.2790806,0.0880821645,0.804567218,0.0164439548,-0.288858533,0.0694698691,0.592695355,0.0767330304,-0.269380152,-0.0227185134,0.881152,-0.0298744347,-0.305270016,0.0750787556,0.54485,0.155053645,-0.276634067,-0.0762651563,0.835447967,-0.035508886,-0.320978016,0.0845157728,0.52400893,0.187876314,-0.333059967,-0.0637225881,0.815612376,0.0135545442,-0.285557836,0.0763010308,0.43268767,0.0986411124,-0.290272892,-0.0249864552,0.732039928,0.0945641547,0.00409594364,0.025667036,0.999959052,-0.092920512,-0.00839198381,-0.0236358773,0.999965668,0.0868499,0.427367181,-0.0824596509,0.55497247,-0.0682358518,0.353047907,-0.10630355,0.535755694,0.0817513168,0.783398211,-0.0122583183,0.516129792,-0.074081175,0.733976185,0.00875899,0.435770839,0.0608640499,0.817357779,-0.000832133694,0.194754705,-0.0714833066,0.767517507,-0.0237388983,0.137718976,0.0815909356,0.818810523,-0.0626159,0.538015842,-0.0902375206,0.762572646,-0.118240878,0.43326351
3616.666666666656,-0.0222675689,-0.590249658,-0.0148499943,0.999694526,-0.0123919873,-0.608281434,-0.00159675896,0.999454439,-0.00939917285,-0.610317647,0.00906971656,0.999223471,-0.0110086314,-0.609874189,0.00424279459,0.999527454,-0.0333135203,-0.616945744,-0.00750868721,0.99971354,-0.0317318775,-0.614376,-0.0193938632,0.999718547,-0.0282683298,-0.603513181,-0.00109220669,0.999844134,0.0621072836,-0.598957062,0.0899964422,0.9993065,-0.0785183609,-0.543721914,0.111878939,0.999382555,0.0205451772,-0.581564665,0.0287549626,0.999318302,-0.0197664425,-0.542236209,0.00755197601,0.999319732,0.164077759,-0.420262963,0.165066585,0.999909699,-0.113825992,-0.494551837,0.210517198,0.999938667,0.140579134,-0.276091635,0.0864153504,0.607379854,-0.0925605595,-0.275404602,0.0872613043,0.80391115,0.0166340582,-0.288885117,0.0643312186,0.570350885,0.0767150447,-0.266300946,-0.0234424397,0.883726895,-0.0299218651,-0.30580005,0.0680300742,0.523347378,0.155041799,-0.273601174,-0.0767288,0.837634802,-0.0354583971,-0.321585089,0.0773762167,0.502228796,0.188174009,-0.329910666,-0.0640433133,0.817776918,0.0137215955,-0.28565529,0.0704615563,0.412846535,0.0987139791,-0.28723371,-0.0257249139,0.733493507,0.094548896,0.00427073427,0.0256606955,0.99995935,-0.0929073542,-0.00856760517,-0.0236322377,0.999966621,0.0879032463,0.427684784,-0.0825552791,0.547811389,-0.0676640496,0.353851885,-0.106245175,0.529842913,0.0825613886,0.783368945,-0.0104798824,0.508548319,-0.0732979923,0.734714568,0.00789749902,0.433383435,0.0617749505,0.817248166,0.00119985314,0.189825043,-0.0707409531,0.768357158,-0.0247795116,0.135397241,0.085359,0.819120586,-0.0586024672,0.529636085,-0.0902669802,0.763451755,-0.118713893,0.429798782
3633.3333333333226,-0.021861257,-0.590207875,-0.0141841928,0.999657393,-0.0120191993,-0.60818547,-0.000956463569,0.999376059,-0.00900791306,-0.610205233,0.00972177647,0.999110043,-0.010649031,-0.609742224,0.00488297828,0.999452114,-0.032861948,-0.616820574,-0.00693467632,0.999679744,-0.0312766917,-0.614279091,-0.0188445766,0.999689817,-0.0277413372,-0.603408396,-0.000545081333,0.999830365,0.0619588681,-0.59849447,0.0905966535,0.999194264,-0.0783120096,-0.543552458,0.11174161,0.999337554,0.0207850579,-0.581453681,0.0293599628,0.999249339,-0.019430276,-0.5421682,0.00799719896,0.99927336,0.164145261,-0.419430763,0.165140688,0.999903262,-0.114002459,-0.494569093,0.208076209,0.999940753,0.140573859,-0.275526583,0.0841039419,0.586531758,-0.0932208598,-0.275212497,0.0846452937,0.805350363,0.0185691267,-0.288956344,0.0499902368,0.547189772,0.0766988471,-0.266877979,-0.0284236856,0.888831198,-0.0276208315,-0.305970609,0.0506981127,0.50271678,0.155009046,-0.27410236,-0.0826582685,0.843857706,-0.0333481804,-0.321848869,0.0598365031,0.481700391,0.18852587,-0.331162155,-0.0705621168,0.824611366,0.0154317589,-0.285741538,0.0550235175,0.394272655,0.098795943,-0.287935585,-0.0308181569,0.741072,0.0945771039,0.00448575942,0.0258770827,0.999959528,-0.09294229,-0.00877075363,-0.0238439497,0.999967456,0.0879415572,0.427763373,-0.0823022425,0.541633129,-0.0675379708,0.354573399,-0.106234036,0.525433362,0.0824221447,0.783076167,-0.00840580743,0.503150225,-0.0732583925,0.734730721,0.00774493348,0.430179119,0.0616857298,0.816821635,0.00340579404,0.187129557,-0.0707389265,0.768359661,-0.0249563288,0.133163825,0.0862390846,0.819004953,-0.0553021282,0.523794,-0.0905432627,0.763394237,-0.118607208,0.425305605
3649.999999999989,-0.0219701938,-0.590195715,-0.00418683793,0.999640524,-0.0120705832,-0.608123064,0.0099046547,0.999340415,-0.00906366576,-0.610133529,0.020223327,0.99906224,-0.0107000861,-0.60966289,0.0152938552,0.999419689,-0.0328753032,-0.616740465,0.00384559226,0.999663,-0.0312893353,-0.614219129,-0.00827665161,0.999676168,-0.0277491882,-0.603356659,0.010059407,0.999823093,0.0618418902,-0.59788835,0.0983724818,0.999149799,-0.0779066682,-0.543362796,0.11993479,0.999313653,0.0207182243,-0.581356168,0.0378084071,0.999221861,-0.0194612592,-0.542127669,0.0164832193,0.999252439,0.164429188,-0.419001937,0.170510486,0.999901414,-0.11406178,-0.494295597,0.20897983,0.99994272,0.141336277,-0.275659621,0.0838980302,0.574619353,-0.0932213739,-0.273512423,0.0834400803,0.804957509,0.0195406377,-0.288954735,0.0411133803,0.534574389,0.0765135,-0.264428556,-0.0301155224,0.892192245,-0.0267164428,-0.305840731,0.0388378166,0.491815895,0.154490262,-0.270946413,-0.0852283612,0.848222673,-0.0331983864,-0.321826637,0.0484034158,0.470781505,0.188474089,-0.329002529,-0.0737783238,0.829434335,0.0159110613,-0.285712183,0.0454615,0.384006858,0.0987095088,-0.285548091,-0.0326957516,0.746191561,0.0946581066,0.00466700178,0.0262550171,0.999960423,-0.0930351466,-0.00894644763,-0.0242054276,0.999968469,0.0879746899,0.427868485,-0.0822923779,0.540036678,-0.0675393,0.355393678,-0.10718175,0.527589,0.0811733082,0.78293395,-0.0091139,0.501452625,-0.0734258816,0.734748,0.00680467905,0.430397183,0.0604627095,0.816660821,0.0025065206,0.186671868,-0.0709086,0.768357337,-0.025886301,0.132361501,0.0865878537,0.818639219,-0.0566625185,0.521750569,-0.0906596929,0.763370216,-0.120072298,0.424212962
3666.6666666666556,-0.0219086763,-0.59001416,0.00615958124,0.999635279,-0.0120844711,-0.607871056,0.0203171354,0.99933213,-0.00907930452,-0.609904706,0.0306297801,0.999054968,-0.0107120676,-0.609406292,0.0255551357,0.999419093,-0.0328198932,-0.616418183,0.0136416601,0.999655306,-0.031234866,-0.613888502,0.00158519356,0.999668241,-0.0276870802,-0.603038192,0.0197053459,0.999818087,0.060878247,-0.59718883,0.107244857,0.999153912,-0.0779389441,-0.542209446,0.126222894,0.999284,0.020693738,-0.581103265,0.0472372733,0.999223888,-0.0194144044,-0.541681111,0.0251685698,0.9992432,0.163823277,-0.418903977,0.177161008,0.999904811,-0.114167452,-0.492392123,0.213046491,0.999943197,0.143597484,-0.275716394,0.0951602459,0.572350562,-0.0928136,-0.271631092,0.0856179073,0.798019707,0.0188219678,-0.280773401,0.0614019856,0.532968819,0.0753900856,-0.264657706,-0.0266599581,0.887483478,-0.0292131901,-0.294015169,0.0604761839,0.490227371,0.152838916,-0.271689713,-0.080914,0.842825472,-0.038024161,-0.311426818,0.0688990504,0.469248295,0.185076326,-0.329604894,-0.0701015666,0.823543966,0.0141587984,-0.277549893,0.0654315054,0.381981969,0.0969370753,-0.286047757,-0.0294251591,0.738601327,0.0946057,0.0046772291,0.0263475906,0.999961138,-0.0929767936,-0.00895401742,-0.0242854804,0.999968767,0.0880625546,0.427869767,-0.0829800516,0.536598682,-0.0675556138,0.355548471,-0.107215904,0.521083593,0.0793128684,0.782052457,-0.0131960232,0.494458586,-0.0735063329,0.734663248,0.00547788525,0.424669474,0.058379408,0.815719604,-0.00208123936,0.183690906,-0.070967555,0.768265367,-0.0276124068,0.130135372,0.0864630342,0.818575144,-0.0599087551,0.514543533,-0.0905030295,0.763319373,-0.120748259,0.418006748
3683.333333333322,-0.0215251334,-0.589981675,0.0178986192,0.999630153,-0.0120209064,-0.607738078,0.0321281925,0.999322355,-0.00903413445,-0.609791636,0.0422817096,0.999049604,-0.0106395856,-0.609275937,0.0371279642,0.999418139,-0.0323555209,-0.616222,0.0243115015,0.999646425,-0.0307556652,-0.613713,0.012160318,0.999659836,-0.0271695554,-0.602885306,0.0302808452,0.999811828,0.0588889197,-0.596498728,0.116715752,0.999161065,-0.0777695924,-0.541376,0.131808013,0.999256492,0.0206837934,-0.580998063,0.0578691028,0.999229312,-0.0191548821,-0.54154,0.034573365,0.99923712,0.162297711,-0.418943226,0.182739511,0.999908686,-0.114408858,-0.491133898,0.214733109,0.999943435,0.145033523,-0.27863124,0.0953977257,0.574917555,-0.0927799493,-0.270500243,0.0849008,0.790399969,0.0190374851,-0.282051623,0.0592954867,0.539322436,0.0740281567,-0.266061574,-0.0270602498,0.882116199,-0.0291739367,-0.294219345,0.0587521903,0.49636817,0.150933936,-0.273513585,-0.0811078176,0.836877,-0.0381444953,-0.312326968,0.067290552,0.475471884,0.182118207,-0.331534088,-0.0703062713,0.816977262,0.0141084744,-0.278820932,0.0634945855,0.387224048,0.0950190872,-0.2876122,-0.029743243,0.730060697,0.0945247412,0.00464946125,0.0266098063,0.99996233,-0.0928885043,-0.00890793186,-0.0245214775,0.999969363,0.088094987,0.427569926,-0.0829907209,0.538039625,-0.0674267411,0.355848551,-0.10805992,0.520508349,0.0788949952,0.780147731,-0.0135303242,0.492641896,-0.0724437609,0.734612942,0.00237633195,0.423255891,0.0580480509,0.813781261,-0.0024443143,0.183582395,-0.06962616,0.768183529,-0.0310817119,0.129954755,0.0868895501,0.816735625,-0.060467124,0.511978567,-0.0895075351,0.762899458,-0.122535989,0.415514469
3699.9999999999886,-0.0215298403,-0.590915203,0.0193208214,0.999624372,-0.012155354,-0.608419895,0.0328156687,0.999315798,-0.00919087511,-0.610556245,0.0430202857,0.9990502,-0.0107715111,-0.609989524,0.0378853753,0.999423265,-0.032324519,-0.616791666,0.0250327289,0.999636352,-0.0307254661,-0.614308476,0.0128957052,0.999648869,-0.0271338951,-0.603468716,0.0310239494,0.99980396,0.0565208048,-0.596696138,0.116254874,0.999177,-0.0776386186,-0.541391432,0.131530389,0.999216497,0.0205148403,-0.581740797,0.0587366931,0.999236226,-0.0191369727,-0.542078435,0.0354775339,0.99922508,0.160977826,-0.420547515,0.182426542,0.999913037,-0.11465358,-0.490829527,0.21511811,0.999941707,0.145903289,-0.283044517,0.0942581668,0.584055066,-0.0925958455,-0.270813078,0.0846892074,0.77998215,0.0186687149,-0.284917891,0.0581039824,0.550003707,0.072525233,-0.273458153,-0.0252514556,0.870282471,-0.0302268621,-0.296251148,0.0573835894,0.50603354,0.149266273,-0.283933222,-0.0781101659,0.823681056,-0.0402413905,-0.315365821,0.0659575835,0.48518163,0.177378669,-0.343352228,-0.0676787347,0.802662075,0.0133017572,-0.28187117,0.0622156076,0.396033674,0.0924382359,-0.296529233,-0.0279783439,0.71386975,0.0944484845,0.00454093562,0.026543783,0.999963641,-0.0927968919,-0.00877415109,-0.0244536214,0.9999699,0.0880994797,0.427632779,-0.0829518884,0.542843521,-0.0678607076,0.356780112,-0.107818544,0.520636797,0.077154465,0.779513419,-0.0136657776,0.492974639,-0.072521612,0.73520565,0.0020770675,0.423320979,0.0561603941,0.813010216,-0.00260878867,0.183914781,-0.0696829483,0.768779874,-0.0314774401,0.130547538,0.0863963,0.816610694,-0.0597536564,0.510951579,-0.0905215442,0.763839245,-0.12238466,0.414824724
3716.666666666655,-0.0216018576,-0.591653526,0.0186586436,0.999615729,-0.0124255121,-0.60894537,0.0325638577,0.999302268,-0.00949031953,-0.611145318,0.0426970199,0.999041498,-0.0110546863,-0.610529184,0.0375925191,0.999421656,-0.0323651768,-0.61732316,0.0240457635,0.999623477,-0.030768998,-0.61489594,0.0118014701,0.999636292,-0.027168246,-0.604034364,0.0299831331,0.99979496,0.053520862,-0.597028613,0.114452869,0.999185383,-0.0780348703,-0.541837752,0.126876473,0.999179721,0.0199183375,-0.582365453,0.0583433211,0.999237537,-0.0193025321,-0.542848766,0.0342326425,0.999210179,0.158868864,-0.422398984,0.179392636,0.999916255,-0.117497571,-0.491047174,0.211205229,0.99993962,0.146024674,-0.285798967,0.0883969069,0.592739105,-0.0926045105,-0.271008223,0.0803460628,0.77679044,0.0181339718,-0.289553881,0.0426643863,0.562558293,0.0717181116,-0.288831621,-0.0271648411,0.866839767,-0.0312408935,-0.300930887,0.0399099551,0.518546879,0.148329392,-0.303453594,-0.0794324651,0.819968283,-0.0421858691,-0.321617424,0.0477949269,0.497986138,0.17451337,-0.365383595,-0.0693448782,0.798512757,0.0122622261,-0.286986679,0.045852907,0.407894492,0.0908327922,-0.313856781,-0.0298578683,0.708555698,0.0944405943,0.00453072973,0.0266036093,0.999964714,-0.0927843,-0.00875266735,-0.0245064851,0.999970257,0.0875979736,0.427700728,-0.082233876,0.54957509,-0.0691050738,0.357011616,-0.1075119,0.52567327,0.0740394518,0.77948457,-0.00992409606,0.49907276,-0.0744815096,0.73523277,0.00359586091,0.428298354,0.0528598,0.812988341,0.0016300563,0.187184557,-0.0718285665,0.768799424,-0.0296328925,0.13223207,0.0848956779,0.816866,-0.0538790934,0.515908539,-0.0934306532,0.764213204,-0.118121915,0.41828534
3733.3333333333217,-0.0212909989,-0.59200412,0.0177912898,0.999613762,-0.0123616746,-0.609174609,0.0316884182,0.999300361,-0.00945592858,-0.611403644,0.0418237969,0.999045312,-0.0109924162,-0.61078012,0.0367922224,0.999426,-0.032177981,-0.617490947,0.0231465753,0.999619246,-0.0305901486,-0.615101695,0.010870521,0.999632061,-0.0269817542,-0.604241073,0.0290817898,0.999790907,0.0526308976,-0.597190797,0.115046799,0.999199688,-0.0783926,-0.541965127,0.126722291,0.999164641,0.0198988598,-0.58256948,0.0578473546,0.999246597,-0.0192733519,-0.543146789,0.0335960314,0.99920851,0.157540888,-0.422829479,0.179262623,0.999919176,-0.119445279,-0.491080105,0.210916802,0.999938,0.14590174,-0.285924464,0.0842805952,0.60055846,-0.0910873637,-0.271646738,0.0766078308,0.776014268,0.0160303209,-0.291165739,0.0288270935,0.576372921,0.0720626488,-0.301220357,-0.0334208868,0.867930472,-0.0338000655,-0.303472966,0.0248407628,0.532192528,0.148415104,-0.31882894,-0.0863509476,0.821403086,-0.0455875434,-0.324555099,0.033554513,0.511885047,0.174494579,-0.381671488,-0.0758621171,0.800043046,0.00953122228,-0.28885892,0.0320708677,0.420492887,0.0908817723,-0.326952279,-0.035680972,0.709429,0.0944856703,0.00452252803,0.0267393515,0.999965072,-0.0928298756,-0.00874454062,-0.0246371645,0.99997,0.0865372,0.427487344,-0.0814648941,0.552589953,-0.0698325858,0.356964946,-0.10749656,0.527910173,0.0709446818,0.779414713,-0.00866263174,0.502918124,-0.0773538,0.734013259,0.00489097415,0.429424345,0.0494878814,0.812958837,0.00295179966,0.189435661,-0.0749906451,0.767293,-0.0280892774,0.132252261,0.0816613138,0.816369236,-0.0540668555,0.519390225,-0.094785206,0.76207149,-0.117411532,0.418858498
3749.999999999988,-0.0210161544,-0.59283942,0.0175929852,0.999603,-0.0122308414,-0.609711051,0.0314927474,0.999279559,-0.00934449118,-0.611982286,0.0415622,0.999022901,-0.0108790519,-0.611331105,0.036601074,0.999413371,-0.0318705924,-0.618127,0.0224071387,0.999607,-0.0302855093,-0.615790427,0.0100339502,0.999621391,-0.026659295,-0.604918361,0.0283208061,0.999784231,0.0521800406,-0.597350299,0.114801235,0.999192953,-0.0784103423,-0.542702913,0.124548212,0.999146819,0.0198795553,-0.58308351,0.0576816127,0.999247193,-0.0192346964,-0.544048,0.0326677524,0.999207139,0.156600907,-0.422833383,0.178160831,0.999920547,-0.120803118,-0.492070585,0.209036559,0.999938369,0.144172698,-0.285967588,0.0762349814,0.608602107,-0.0911815464,-0.274200648,0.0711555406,0.782160401,0.0150407385,-0.298100144,0.0155286007,0.590134442,0.0731398761,-0.306628764,-0.0408178866,0.874331892,-0.0345274583,-0.31377703,0.0113390442,0.544976413,0.149861529,-0.323783487,-0.0937164,0.829078078,-0.0459875837,-0.333783776,0.0209547617,0.524624109,0.176027462,-0.385534883,-0.0822151303,0.808401346,0.00865788385,-0.295875818,0.0190838948,0.432112575,0.0919923559,-0.331763953,-0.0423857607,0.719477713,0.094508417,0.00457334798,0.0268704388,0.999965191,-0.0928529128,-0.00880169682,-0.0247718934,0.99997,0.0858205184,0.427492142,-0.0812562704,0.554492414,-0.0699256063,0.357004046,-0.107584693,0.531583607,0.0693344772,0.779488742,-0.00456676446,0.50446856,-0.0780702159,0.734017432,0.00587719493,0.431425273,0.0477253757,0.8130427,0.00772811612,0.189552546,-0.0758267865,0.767288089,-0.0267907977,0.131660134,0.0796154365,0.816440344,-0.049270127,0.520993888,-0.0951941088,0.762045503,-0.116797656,0.420101762
3766.6666666666547,-0.0206358787,-0.594294,0.0168497562,0.999591291,-0.0119179469,-0.610905409,0.0306549966,0.999255657,-0.00906816125,-0.613185406,0.0407630801,0.998994648,-0.0106065059,-0.612519503,0.0357935615,0.999394357,-0.0315334275,-0.619306087,0.0217605736,0.99959451,-0.0299649872,-0.617070615,0.00942182075,0.999610901,-0.0263001379,-0.606172621,0.027692629,0.999777734,0.0521975,-0.598292649,0.11455407,0.999175549,-0.0784228742,-0.544210732,0.124487586,0.99913317,0.0199281052,-0.584183693,0.0570508167,0.999231756,-0.0191484,-0.545586586,0.0322267525,0.99919492,0.156126484,-0.423244953,0.177305505,0.999919772,-0.121187948,-0.494433254,0.208969608,0.999938369,0.139581174,-0.288251907,0.0645444915,0.613053,-0.0912148,-0.281273395,0.0670121908,0.788039804,0.0126106432,-0.307786,0.00352711,0.597265542,0.0754917264,-0.314975858,-0.0462346561,0.881048739,-0.0360922925,-0.326687187,-0.000173287015,0.550143242,0.152628437,-0.332523614,-0.0992755815,0.836997688,-0.0467262417,-0.343807,0.0114475517,0.529275537,0.179829836,-0.393050492,-0.0864755064,0.817016,0.00674475497,-0.304631919,0.00803174824,0.435702324,0.0946373418,-0.339262038,-0.0470547825,0.729825258,0.0945256725,0.00459582033,0.0268730819,0.999965191,-0.0928766802,-0.00883170776,-0.0247769803,0.999970078,0.0847402737,0.427183092,-0.0805368349,0.557891667,-0.0699321702,0.356957972,-0.107215367,0.536681771,0.0687580407,0.779543817,1.67465168e-005,0.509257436,-0.0784745,0.733891308,0.00818162411,0.435771137,0.0471912734,0.813134,0.0128272614,0.191796094,-0.0763633177,0.76706183,-0.02420149,0.132223323,0.0787914544,0.816285193,-0.0452724062,0.526263118,-0.0955686048,0.761258,-0.115724057,0.424723417
3783.333333333321,-0.0204241369,-0.595693767,0.0144888274,0.999576,-0.011800969,-0.612190604,0.0275358818,0.99922657,-0.00896095671,-0.614490628,0.037650343,0.998958528,-0.0105017787,-0.613812566,0.0328516811,0.999374032,-0.0312876962,-0.620542228,0.018827429,0.999578178,-0.0297379829,-0.61833334,0.00647562696,0.999595523,-0.0260565355,-0.607379079,0.0248130448,0.999769509,0.0522107817,-0.599857509,0.110742025,0.999154449,-0.0781437904,-0.545548737,0.121694691,0.999107659,0.0199810918,-0.585532,0.0546347089,0.999217451,-0.0189273749,-0.546981156,0.0299615879,0.999180675,0.156019688,-0.424358368,0.171769008,0.999919891,-0.121138602,-0.496115237,0.208513722,0.999938309,0.137602106,-0.288805872,0.0601225346,0.620347261,-0.0912240669,-0.28468889,0.06683705,0.794649661,0.00963550434,-0.309417844,0.00508884666,0.606536269,0.0765587091,-0.319800198,-0.0457823873,0.887290716,-0.0390366465,-0.328905016,0.00238890573,0.55719012,0.154166147,-0.337994397,-0.0988251492,0.844269574,-0.0486575067,-0.345403761,0.0138851553,0.535836041,0.18122454,-0.398039103,-0.0862208,0.824932456,0.00422228919,-0.306145728,0.00985214207,0.441114634,0.095746018,-0.34408924,-0.0467056483,0.739657164,0.0945154279,0.00459882105,0.0266603,0.999964893,-0.0928684324,-0.00883709174,-0.0245911069,0.9999699,0.0843105167,0.42717424,-0.079751119,0.557504833,-0.0702614263,0.356850296,-0.105500698,0.537520587,0.0686849132,0.779671311,0.00320929103,0.508826077,-0.0787969455,0.733827353,0.0111550651,0.435406953,0.047126811,0.813253224,0.0162403081,0.190720633,-0.0767109469,0.766976655,-0.0210628584,0.1313124,0.078079991,0.816266835,-0.041067116,0.526186347,-0.0960436836,0.761030316,-0.111966163,0.425043613
3799.9999999999877,-0.020542305,-0.601754189,-0.000832192,0.999569,-0.0118652536,-0.617923677,0.0106883934,0.999217749,-0.0090262,-0.620280385,0.0210328624,0.998948455,-0.0105814151,-0.619560957,0.0163123198,0.999370098,-0.0312910229,-0.626714528,0.00204574084,0.999572635,-0.0297481418,-0.624508262,-0.0103209289,0.999589801,-0.0260647144,-0.613449395,0.00827046111,0.999766588,0.0518076047,-0.604350686,0.0932094455,0.999152839,-0.0781396851,-0.551529586,0.104679979,0.999100089,0.0195571184,-0.591140211,0.0394062288,0.999218822,-0.0190281,-0.553126633,0.0146081876,0.999180913,0.155240849,-0.427461,0.156171784,0.999919713,-0.121491447,-0.499816239,0.197981358,0.999937892,0.135116398,-0.290838152,0.0495968759,0.627084434,-0.0912714824,-0.288462281,0.058983162,0.801874816,0.00649489695,-0.312781274,-0.00309324474,0.61643374,0.0765632,-0.327100754,-0.0507086664,0.89326036,-0.042160321,-0.331911236,-0.00531572197,0.566129327,0.154136792,-0.346070111,-0.102983035,0.851504862,-0.05124617,-0.348862886,0.00501739513,0.544679105,0.181109816,-0.406402767,-0.0903732,0.832865953,0.00137778209,-0.309673101,0.00124219782,0.449099332,0.0957432166,-0.351948649,-0.0518026762,0.749818444,0.0944945887,0.00460513821,0.0264499281,0.999964654,-0.0928437635,-0.00884790905,-0.0243791379,0.999969721,0.0841123909,0.427106291,-0.0793332607,0.555303276,-0.0718793,0.356616586,-0.104440592,0.536606729,0.0683610216,0.779763937,0.00539475167,0.507224381,-0.0791542232,0.734950125,0.0118584093,0.435042292,0.0467688441,0.813344121,0.0184813,0.189177737,-0.0770660564,0.768340707,-0.0203744806,0.130572066,0.0769964233,0.816273928,-0.0379838496,0.525854826,-0.0983302,0.762923717,-0.110460877,0.425313324
3816.6666666666542,-0.0208062772,-0.603063345,-0.00410624221,0.999566495,-0.0119353039,-0.619111717,0.00702229096,0.999218047,-0.00909419544,-0.621481776,0.0174496789,0.998949945,-0.0106652742,-0.620759606,0.0126718264,0.999373,-0.0313012451,-0.628160298,-0.00105811958,0.999571562,-0.0297649987,-0.625923693,-0.0134185087,0.999588072,-0.0260833278,-0.614892423,0.00521628326,0.999765873,0.0518278517,-0.60504961,0.0890998393,0.99916172,-0.0778033137,-0.553089857,0.102970444,0.999101579,0.0192360263,-0.592258,0.0358808,0.999224484,-0.0191488154,-0.554477155,0.0118020438,0.999184132,0.155238494,-0.428102314,0.152613387,0.999919653,-0.12148425,-0.500377893,0.196437672,0.999937356,0.134519294,-0.291188,0.0483445823,0.635910392,-0.0904979408,-0.288998961,0.0574286878,0.808352053,0.00341100176,-0.31353274,-0.00108689582,0.627211154,0.0772615746,-0.330350041,-0.0511887036,0.89835757,-0.0458392911,-0.332511574,-0.00282935053,0.575752199,0.154760554,-0.350046068,-0.103225157,0.857481718,-0.0544714704,-0.349651724,0.00736727705,0.554114401,0.181313723,-0.410924971,-0.0905496329,0.839328468,-0.00164541672,-0.310532421,0.0032567184,0.457944214,0.0962504819,-0.355656117,-0.0522984192,0.758178,0.094496116,0.00460245,0.0260100197,0.999964893,-0.0928457081,-0.00884670671,-0.0239358917,0.9999699,0.0839720368,0.427063942,-0.0793222934,0.556584895,-0.0739203542,0.356587023,-0.104323119,0.539352179,0.0683259,0.779393375,0.00548192905,0.506809711,-0.0794753507,0.736385524,0.01170782,0.437188923,0.0467121452,0.812911928,0.0184939709,0.187970236,-0.0773676783,0.770062745,-0.0205490552,0.131549016,0.0761678517,0.816120863,-0.0374846,0.525234878,-0.102586806,0.764799953,-0.110575892,0.427368224
3833.3333333333208,-0.0209566653,-0.605126858,-0.0163728204,0.999565542,-0.0119486833,-0.620977879,-0.00520563917,0.999220312,-0.00910950825,-0.623359,0.00527540175,0.99895221,-0.0107004689,-0.622595429,0.000674892,0.999374747,-0.0313054509,-0.630340815,-0.0133676743,0.999574304,-0.0297754966,-0.628106177,-0.0257103536,0.999590695,-0.0260921866,-0.617016137,-0.00689769816,0.999768,0.0518396907,-0.605937481,0.078217864,0.999167621,-0.0778030381,-0.555248797,0.09175504,0.999116778,0.0189170949,-0.593782842,0.0241708253,0.999228537,-0.0193572231,-0.556526542,2.15415821e-005,0.999192059,0.15524672,-0.428220123,0.143308595,0.99991703,-0.121758044,-0.501846671,0.187103733,0.999937117,0.1344558,-0.291605443,0.0388413258,0.642161191,-0.0896717906,-0.293685347,0.0466820151,0.816545725,0.00358641241,-0.32433,-0.00775538804,0.633305907,0.0778452381,-0.341712117,-0.0568396673,0.904309332,-0.0456222743,-0.346975029,-0.0080810478,0.579737425,0.154903635,-0.363299489,-0.107377179,0.864486396,-0.0541794114,-0.364116251,0.00270622177,0.557465732,0.181349173,-0.423136175,-0.0937861502,0.846933,-0.00150721113,-0.32197836,-0.00304982578,0.461146891,0.0966400951,-0.366881698,-0.0573372319,0.768328726,0.0944855809,0.00464307936,0.0257625952,0.99996531,-0.0928367823,-0.00889624655,-0.0236962605,0.999970496,0.0838683397,0.427191585,-0.0792516172,0.560730219,-0.0744963139,0.356579691,-0.103765279,0.545055687,0.0686483085,0.780116618,0.00928719621,0.512736201,-0.0797949061,0.738323092,0.0120173395,0.444974869,0.0471039563,0.813650131,0.022855103,0.19031167,-0.0778471,0.772233725,-0.0201992691,0.134241477,0.0762060061,0.816836655,-0.0332556255,0.53151834,-0.106151953,0.767631471,-0.110080369,0.435579836
3849.9999999999873,-0.0210687891,-0.606295764,-0.0265562125,0.999563396,-0.0119169047,-0.621951282,-0.0149977654,0.999223292,-0.00909546763,-0.624334633,-0.00451921951,0.998956203,-0.0106967641,-0.623548567,-0.00884909742,0.999376655,-0.031301342,-0.631491959,-0.0226305481,0.999576628,-0.0297764074,-0.62929064,-0.0349959023,0.9995929,-0.0260923374,-0.618131399,-0.0161557849,0.999769866,0.0526063144,-0.606252074,0.0703892335,0.999175608,-0.077757895,-0.556334078,0.0855017826,0.999132633,0.0188178,-0.594403267,0.01453151,0.999233305,-0.0195078477,-0.557562709,-0.00897750817,0.999200821,0.155937374,-0.428189158,0.135019735,0.999914527,-0.122054175,-0.502143681,0.1829395,0.999936223,0.134716704,-0.29186365,0.0285643619,0.650579572,-0.0885079056,-0.294831246,0.0413091369,0.82350564,0.0036796988,-0.329987,-0.015874574,0.641838193,0.0784613043,-0.348247707,-0.0631054193,0.910051227,-0.0455289111,-0.354634672,-0.0151413595,0.585705876,0.155062824,-0.372575969,-0.113067426,0.871349,-0.0540350378,-0.371638656,-0.00322263758,0.562726557,0.181355208,-0.432807148,-0.0986681059,0.85442,-0.00137071474,-0.32778874,-0.0104266917,0.466306299,0.0970375836,-0.373903602,-0.0631233454,0.778436065,0.0946041346,0.00468197092,0.0252292976,0.999965608,-0.092967,-0.00894527324,-0.0231699366,0.999971,0.083834514,0.427552104,-0.0778590515,0.566554368,-0.0747085586,0.35705182,-0.101074576,0.552079439,0.0716261119,0.780458629,0.0228170268,0.520793378,-0.0797544,0.739314079,0.0239292253,0.454138935,0.0503687821,0.813988447,0.0378610604,0.192231476,-0.0778107941,0.773145199,-0.0068038106,0.136779621,0.0761892274,0.819702804,-0.0195831936,0.540091753,-0.106091417,0.770949364,-0.0974909514,0.445525885
3866.666666666654,-0.0211456437,-0.608845,-0.043406982,0.999560177,-0.0119159371,-0.624447227,-0.0320299156,0.999225259,-0.00910614524,-0.626833,-0.0214212406,0.998958111,-0.0107197156,-0.625993729,-0.0253748093,0.999377489,-0.0313596725,-0.633844256,-0.0395060591,0.999578655,-0.029850265,-0.63169,-0.0518176295,0.99959451,-0.0261542723,-0.620351195,-0.0329478532,0.999771595,0.0529142544,-0.608540297,0.0548987202,0.999179423,-0.0779447854,-0.5582515,0.0703463629,0.999145269,0.0187937766,-0.596453786,-0.00149137201,0.999232769,-0.0195730645,-0.559773564,-0.0247758105,0.999203,0.156630129,-0.429092,0.121457495,0.999911129,-0.122089133,-0.503014624,0.171725959,0.999933839,0.13478379,-0.293850958,0.0182656441,0.657130122,-0.082026124,-0.296376795,0.0314846113,0.827566504,0.0035387089,-0.339701653,-0.0221131947,0.646706045,0.0796162039,-0.353611678,-0.0706714094,0.913986385,-0.0456357114,-0.366428226,-0.0200766549,0.588052034,0.155095413,-0.379386753,-0.119633518,0.875590265,-0.0539014973,-0.383647,-0.00813676603,0.564501643,0.180854574,-0.439092129,-0.105067186,0.858997583,-0.00131964276,-0.337837249,-0.0163627956,0.468244255,0.0975238681,-0.379407465,-0.0705671087,0.784542382,0.0946892947,0.0047202576,0.0249216631,0.999965787,-0.0930637047,-0.00898824,-0.0228748508,0.999971271,0.0838289186,0.428249657,-0.0745668635,0.569717348,-0.0747007802,0.357340544,-0.0971524641,0.554324508,0.0733088329,0.781779706,0.0366659686,0.526755095,-0.079738982,0.739732683,0.0435966179,0.458475649,0.0520774,0.815329313,0.0528770611,0.192417964,-0.0778049827,0.773491561,0.0149167338,0.136757612,0.0753191,0.825171411,-0.0047346116,0.547221899,-0.105985358,0.774015367,-0.0745433867,0.451390773
3883.3333333333203,-0.021152243,-0.608600378,-0.0457168669,0.999567211,-0.0116458777,-0.624252498,-0.0335828252,0.999243617,-0.00884556,-0.626632333,-0.0229565743,0.998978555,-0.0105033526,-0.625801742,-0.027007848,0.999390066,-0.0313217193,-0.633639157,-0.0410012603,0.99959,-0.0298282858,-0.631477237,-0.0533324666,0.999604285,-0.0261381958,-0.620161772,-0.0344451554,0.999777853,0.0549648814,-0.608463645,0.0561828874,0.999193728,-0.0780687854,-0.558524847,0.0716133639,0.999169648,0.0188105144,-0.596319258,-0.00288251392,0.999240398,-0.0196644478,-0.559579551,-0.0260787811,0.999215961,0.157103106,-0.428592354,0.123201527,0.999906778,-0.122153364,-0.503067076,0.173297659,0.999932587,0.134422809,-0.292043447,0.0192883052,0.66139251,-0.0811470449,-0.296153247,0.0321448632,0.83325845,0.00230534119,-0.337587774,-0.0212410968,0.651024222,0.0787723809,-0.355009019,-0.0730562061,0.919027328,-0.046880722,-0.364403814,-0.0193487424,0.589851558,0.152458802,-0.382274896,-0.122662768,0.881662607,-0.0542326942,-0.381373763,-0.00725232856,0.565595925,0.176854119,-0.442080647,-0.107768193,0.86568296,-0.00216811,-0.335718513,-0.0154331643,0.469061047,0.0961116925,-0.381061912,-0.0729995072,0.793499291,0.0947050378,0.00477660634,0.0244393665,0.99996537,-0.0930810124,-0.00905131921,-0.0223954245,0.999971211,0.0836126879,0.428327203,-0.074741669,0.569420874,-0.0755542815,0.357364804,-0.0969228074,0.554795444,0.0728311,0.782026112,0.033190269,0.526771426,-0.079938218,0.739811063,0.0404208042,0.459824979,0.0514292903,0.815584362,0.0487805568,0.191226959,-0.0780540481,0.773534417,0.0109311854,0.136632368,0.0734308958,0.82493794,-0.00877194386,0.547875285,-0.106699608,0.773796082,-0.0786333457,0.453302801
3899.999999999987,-0.0215356499,-0.608278394,-0.0429643095,0.999582291,-0.011687343,-0.623886704,-0.0305216964,0.999272704,-0.00887372,-0.626269877,-0.0199340656,0.999014199,-0.0105524631,-0.625425458,-0.0240837075,0.999411941,-0.0315418728,-0.63350004,-0.0379292369,0.999606729,-0.0301029254,-0.631329477,-0.0502301343,0.999619544,-0.0264235176,-0.620042086,-0.0313944444,0.999786794,0.0558355,-0.607980311,0.0596313663,0.999220133,-0.0787406117,-0.558461249,0.0749390721,0.999201596,0.0186709445,-0.595885336,-9.45334159e-006,0.999262333,-0.020294575,-0.559467494,-0.0231591277,0.999241769,0.157191813,-0.427508682,0.126413837,0.999904752,-0.122533709,-0.503218412,0.174332842,0.999932647,0.134421602,-0.288764,0.0224719364,0.66835314,-0.081332542,-0.29764998,0.0338671692,0.839922369,0.00195562164,-0.336194098,-0.0173059702,0.659533679,0.0770266652,-0.357828021,-0.0714180097,0.924192369,-0.0474816076,-0.363498777,-0.0136971856,0.596046209,0.149832278,-0.385292292,-0.121312231,0.887984395,-0.0544050895,-0.380396873,-0.000632353651,0.571178794,0.173533782,-0.444446653,-0.106723644,0.872673273,-0.00242992,-0.334420174,-0.0106280567,0.47399044,0.0939785764,-0.383662432,-0.0715494379,0.803101063,0.0947283655,0.00482810149,0.0240723267,0.999964952,-0.0931055844,-0.00910842,-0.022043908,0.999971211,0.0831600651,0.428309351,-0.0759156,0.571840048,-0.077591151,0.35719347,-0.0974466801,0.557611167,0.0705724955,0.781961918,0.0309936907,0.526972115,-0.0811444446,0.739344835,0.03825517,0.460923702,0.0485545285,0.815495193,0.0460210294,0.190794557,-0.0794565901,0.7729249,0.00821760111,0.137280166,0.0716516152,0.824156284,-0.0116921039,0.547323167,-0.110001914,0.771639466,-0.0816774,0.4541547
3916.6666666666533,-0.0218713228,-0.607447684,-0.0410662964,0.999599099,-0.0117417704,-0.623121202,-0.0294207018,0.999304414,-0.00892180577,-0.625520468,-0.0187899135,0.999052405,-0.0106086358,-0.624695837,-0.0230136625,0.999435365,-0.0318537429,-0.632802308,-0.0373246558,0.999624908,-0.0304495022,-0.630641,-0.0496041514,0.999635816,-0.0268148426,-0.619439363,-0.0308351703,0.999796391,0.0571160205,-0.606967032,0.0633400381,0.999245524,-0.0792702883,-0.557939112,0.0818351731,0.999235153,0.0186276678,-0.594819605,0.00112493022,0.999281406,-0.0207950063,-0.558545411,-0.0226363875,0.999264956,0.157439053,-0.425244421,0.129753873,0.999901354,-0.122604445,-0.502241671,0.181806937,0.999932468,0.134051636,-0.286926866,0.0246477704,0.668345928,-0.0838237479,-0.297507375,0.03461558,0.845276356,0.00199110433,-0.33579731,-0.0156963654,0.661698937,0.0733931363,-0.363705397,-0.0707998946,0.928823829,-0.0474139117,-0.364299566,-0.01264,0.595931113,0.146056071,-0.394014925,-0.121441483,0.893566668,-0.0540749356,-0.380337089,-0.000133841619,0.570255637,0.170096099,-0.454399526,-0.106363758,0.878819585,-0.00237852964,-0.334002286,-0.00939080492,0.472275674,0.0903079957,-0.390362,-0.0708191916,0.811257541,0.0947455838,0.00485168677,0.0236298162,0.999964058,-0.0931269601,-0.00914502,-0.0216175374,0.999970913,0.0825022683,0.427747905,-0.0781064,0.564566791,-0.0789901614,0.357174724,-0.0994896144,0.553275466,0.0691124201,0.781743944,0.0254771,0.519166708,-0.0819215849,0.738803864,0.0334832259,0.454435736,0.0469066389,0.815278292,0.0404360332,0.18742682,-0.0802454427,0.772168159,0.00324657792,0.135618657,0.0714772791,0.821862102,-0.0175545234,0.53928113,-0.111292139,0.768831849,-0.0863629952,0.448138
3933.33333333332,-0.0221566837,-0.607333541,-0.0381539,0.999614537,-0.0117785679,-0.62304455,-0.0248456504,0.999332547,-0.00895882677,-0.625438452,-0.0144170346,0.999086499,-0.0106469681,-0.624609053,-0.0185657311,0.999455869,-0.0320658,-0.632688403,-0.0321377516,0.99964118,-0.0306778736,-0.630516291,-0.0445343815,0.999650598,-0.0270684026,-0.619310081,-0.0256882887,0.999805,0.0579979979,-0.606498718,0.0702299252,0.999267399,-0.0795285329,-0.557863772,0.0903989,0.999265552,0.0185642559,-0.594595194,0.00465046894,0.9992975,-0.0212286431,-0.558472455,-0.0180491824,0.999285161,0.157657459,-0.423599064,0.134422705,0.999898434,-0.122620016,-0.502009809,0.187433377,0.999932468,0.134058252,-0.284803808,0.026398534,0.667942703,-0.0841995254,-0.298000365,0.0350568108,0.849512,0.00208872068,-0.334931403,-0.0157525614,0.663616717,0.0725074634,-0.367206931,-0.0710519329,0.933119178,-0.0471316688,-0.363359094,-0.0137444008,0.596246123,0.144831434,-0.39815703,-0.122709431,0.898885369,-0.0535356551,-0.379243046,-0.000831379148,0.569964826,0.169397354,-0.458996207,-0.107084237,0.884734273,-0.00222438038,-0.333103418,-0.00957275182,0.471124649,0.0894576907,-0.393990368,-0.0709081739,0.819030702,0.094749,0.00487465272,0.0233245213,0.999962866,-0.0931329653,-0.00918361172,-0.0213255603,0.999970317,0.0819337144,0.426632404,-0.0794324279,0.554050088,-0.0790915936,0.357069224,-0.100985184,0.544423699,0.0680531487,0.78164959,0.0176557861,0.509526491,-0.0818885639,0.738029,0.028003104,0.443809479,0.0457831547,0.815222383,0.0319690295,0.184146956,-0.0801990554,0.771138549,-0.00271783234,0.132848397,0.0713578761,0.819458544,-0.0277442764,0.530000627,-0.111100107,0.765300572,-0.0933811441,0.438745141
3949.9999999999864,-0.0226123314,-0.607087076,-0.0376029648,0.999629796,-0.0120248785,-0.622864246,-0.0239822548,0.999359608,-0.00920575857,-0.625253677,-0.0136445742,0.999120235,-0.0109044574,-0.624444246,-0.017741859,0.999474823,-0.0326152034,-0.632481098,-0.0311753508,0.999657154,-0.0312311463,-0.63033396,-0.043686986,0.999665737,-0.0276488531,-0.619161844,-0.0247179084,0.999813557,0.0581207387,-0.606329858,0.0726588815,0.999288499,-0.0803895667,-0.557800889,0.0928477496,0.999298453,0.0183478054,-0.594272137,0.00524168741,0.99931109,-0.0218433123,-0.558229208,-0.0171229076,0.999304116,0.157683507,-0.423163116,0.136401802,0.999894202,-0.122737661,-0.501992,0.188477188,0.999932528,0.133737504,-0.284678727,0.0265960861,0.666134834,-0.0855102,-0.299068183,0.0363784842,0.854606688,0.00234670984,-0.335828722,-0.0191092025,0.663614452,0.0718053877,-0.37008,-0.0725104213,0.937369883,-0.0464418791,-0.365413398,-0.0181797985,0.595190346,0.144114465,-0.40105471,-0.124894716,0.90433073,-0.052398432,-0.381012082,-0.00474084308,0.568375528,0.169172212,-0.46245411,-0.108693466,0.890804768,-0.00181919755,-0.334078699,-0.0130677195,0.469077766,0.0888786539,-0.397010863,-0.0721054897,0.827237,0.0947548673,0.00494659366,0.0231649484,0.999961734,-0.0931451172,-0.00928249303,-0.0211792141,0.9999699,0.0816744044,0.426346779,-0.0808674619,0.548030496,-0.0792564824,0.357007682,-0.102548562,0.541011691,0.0673630834,0.781654298,0.0119954674,0.504112422,-0.0816745237,0.737549424,0.0227149576,0.437677413,0.0449818969,0.815237701,0.0259378441,0.182943717,-0.0799355432,0.770498037,-0.0083101457,0.131753132,0.0709987283,0.818973482,-0.0338097177,0.524672389,-0.110970251,0.764027894,-0.0987236872,0.433399945
3966.666666666653,-0.0230563171,-0.606579483,-0.0366152748,0.999640226,-0.0121089229,-0.622380614,-0.022965515,0.999379516,-0.00928712543,-0.624777079,-0.0126104262,0.999142885,-0.0110032056,-0.623977959,-0.0167614445,0.999488,-0.0328909643,-0.632222295,-0.0301611219,0.999669194,-0.0315307155,-0.63008,-0.0426420346,0.999676764,-0.0279693659,-0.618923,-0.0237094164,0.999820232,0.0584606044,-0.605840921,0.0729228333,0.999301,-0.0809108615,-0.557745874,0.0926058665,0.999323726,0.0180295426,-0.593695819,0.00639282726,0.999317169,-0.0225756913,-0.557956517,-0.0160318334,0.999316514,0.157693118,-0.422456414,0.137016058,0.999888957,-0.123284273,-0.502183497,0.188537613,0.999932468,0.133572578,-0.284044921,0.0272111092,0.662348688,-0.0868801475,-0.300330251,0.0370919444,0.858852386,0.00270546391,-0.336227208,-0.0184713602,0.660805762,0.0709719583,-0.372204214,-0.0731272772,0.940996826,-0.0457373038,-0.366533875,-0.0175616611,0.591347396,0.143278688,-0.403264523,-0.125545129,0.908901453,-0.0511429794,-0.382070065,-0.00430936133,0.563941956,0.168620735,-0.464412183,-0.109093361,0.895872116,-0.00121858309,-0.334584534,-0.0124850245,0.464440078,0.0881521,-0.399123728,-0.0725820363,0.83409071,0.0947580561,0.00499512535,0.0230940599,0.999960959,-0.0931506157,-0.00934009533,-0.0211097728,0.999969721,0.0816123784,0.426300049,-0.0808592737,0.540821493,-0.0793174282,0.357091397,-0.102742828,0.536826134,0.0674358681,0.781649351,0.0122842602,0.49863711,-0.0806358084,0.737129569,0.0226454474,0.432188272,0.045043692,0.815235436,0.0263132565,0.18089892,-0.0787635446,0.769919634,-0.00833008345,0.130401716,0.0709841475,0.818896055,-0.0330008268,0.519833744,-0.109725468,0.763596117,-0.0982503146,0.428806126
3983.3333333333194,-0.0234647281,-0.606488287,-0.0403915271,0.999648094,-0.0121381609,-0.622307062,-0.0269903783,0.999395967,-0.00931441505,-0.624717057,-0.0165569056,0.999161184,-0.0110460687,-0.623913229,-0.0207330752,0.999499261,-0.0329994448,-0.63210392,-0.0343113,0.999678969,-0.031653855,-0.629959702,-0.0467867367,0.999685287,-0.0281082802,-0.618815362,-0.0278204419,0.999825537,0.058538083,-0.605564475,0.0687824562,0.999313056,-0.0812360495,-0.558327734,0.0866427645,0.999345064,0.0174261,-0.593576729,0.00302466191,0.999325097,-0.0234091152,-0.557848454,-0.0196231566,0.999330282,0.157303184,-0.422134817,0.134665206,0.999885321,-0.124860562,-0.503056228,0.186036274,0.999932528,0.132660925,-0.283760101,0.024129374,0.661614776,-0.0895648748,-0.302047342,0.0359218456,0.863273,0.00274768332,-0.336837143,-0.0231656246,0.661572039,0.0696644709,-0.374503464,-0.0753277689,0.944367886,-0.0455452055,-0.367415786,-0.0222473033,0.59126085,0.142187878,-0.405464709,-0.127512,0.91323185,-0.0506571271,-0.382901102,-0.00954615884,0.563411593,0.167727172,-0.46630761,-0.11095652,0.900687695,-0.00110442354,-0.335199684,-0.017313594,0.463539094,0.0869966075,-0.401426494,-0.0746865049,0.840689063,0.0947398767,0.00501470547,0.0229192693,0.999960601,-0.0931333899,-0.00936066639,-0.0209251,0.999969721,0.0816153884,0.426339507,-0.0801819861,0.533902466,-0.0795585066,0.357568085,-0.102663144,0.533069253,0.0676393807,0.781665087,0.0185469072,0.493647069,-0.0804749355,0.737122357,0.0256910361,0.428175211,0.0452282242,0.815258861,0.0334981494,0.178583473,-0.0786012039,0.769907832,-0.0046113464,0.129166886,0.0709378198,0.819181859,-0.0229825526,0.515832663,-0.109625563,0.763954759,-0.092400223,0.425688148
3999.999999999986,-0.0243815091,-0.60530895,-0.0393974483,0.999662757,-0.0125849396,-0.621019959,-0.025913801,0.999423087,-0.00978815835,-0.623455703,-0.0154936416,0.999196589,-0.0115349907,-0.62266165,-0.0196892228,0.999520481,-0.0336179696,-0.631231666,-0.0332407095,0.999693573,-0.032270018,-0.629083097,-0.0457046293,0.999698937,-0.0287575461,-0.617973149,-0.0267714839,0.999833167,0.0584992915,-0.603675723,0.0692750886,0.999342,-0.0820753872,-0.557967544,0.0869379714,0.999374866,0.0164492931,-0.59203881,0.00396659877,0.999351799,-0.0246419,-0.556847811,-0.0187270641,0.999358237,0.157144725,-0.419736713,0.135080814,0.999886334,-0.126368299,-0.502838314,0.186083272,0.999933541,0.133975208,-0.281077,0.0247489456,0.668661416,-0.0926062241,-0.302013963,0.0359690897,0.868314207,0.00321792648,-0.336622983,-0.0222535469,0.672413826,0.0670226812,-0.374306202,-0.0765408352,0.947817087,-0.0453457348,-0.366787642,-0.0213972889,0.601358175,0.139612377,-0.40532583,-0.128574923,0.917767406,-0.050578583,-0.382423729,-0.00875212066,0.573374331,0.165390328,-0.466062427,-0.11183928,0.905763447,-0.000793570129,-0.334890544,-0.0164325368,0.47325179,0.0844643936,-0.401201397,-0.0757091194,0.847944558,0.0947631821,0.00507341605,0.0228999499,0.999960124,-0.0931587219,-0.00943486,-0.0209066402,0.999969482,0.0816061,0.426420391,-0.0798646,0.532389283,-0.0795681551,0.3578026,-0.103071392,0.534163058,0.0677376,0.781606436,0.0199429281,0.493179291,-0.0811654478,0.737106383,0.0267373957,0.427867442,0.0452920943,0.815202653,0.0350851268,0.177636847,-0.0793816596,0.769869864,-0.00314865797,0.128705189,0.0702139512,0.820286274,-0.0215228759,0.516094089,-0.109552257,0.765162051,-0.0912875,0.426090211
4016.6666666666524,-0.0261157844,-0.605172038,-0.0432940833,0.999673545,-0.0137269953,-0.620890439,-0.0301234163,0.999444127,-0.0109528201,-0.623332918,-0.01969596,0.999224901,-0.0127462903,-0.622538805,-0.0238062609,0.999537766,-0.0349383838,-0.6311782,-0.0370111354,0.999703884,-0.0335919745,-0.629025578,-0.0494812652,0.999708116,-0.0300969444,-0.6179232,-0.0305357482,0.999838054,0.0583986193,-0.603641689,0.0640762746,0.999367118,-0.0826699436,-0.558062375,0.0832406431,0.999394476,0.0151182795,-0.591888487,5.09613674e-005,0.999373734,-0.0260411948,-0.556790769,-0.0221765582,0.999379098,0.15714106,-0.419775873,0.131731078,0.999888122,-0.126873627,-0.503032863,0.184169367,0.999933541,0.134452119,-0.28103441,0.0215835217,0.680516124,-0.094248116,-0.302104771,0.0339662246,0.873019218,0.00318856491,-0.336846292,-0.025123626,0.687752604,0.0642438,-0.375565022,-0.081181787,0.950878501,-0.0455874689,-0.367077172,-0.0242030788,0.616723299,0.136654243,-0.407014728,-0.133142039,0.921793699,-0.0509389974,-0.383122444,-0.0114529617,0.589028537,0.162075549,-0.467941016,-0.116384707,0.91028595,-0.000862165645,-0.335272849,-0.0191364679,0.489136428,0.0815572739,-0.402659476,-0.0803304315,0.854467034,0.0947858617,0.00510943448,0.0227810852,0.999959588,-0.0931814089,-0.00947416294,-0.0207888298,0.999968946,0.0814538449,0.426918656,-0.0795629919,0.534802318,-0.0796485767,0.357855052,-0.103053145,0.537824452,0.0676629841,0.781865478,0.0234528054,0.496479183,-0.0837444887,0.737430751,0.0313617475,0.430926442,0.0451742858,0.815463185,0.0391202495,0.177653238,-0.0823530704,0.770228267,0.00230897148,0.129208311,0.0682726055,0.823267698,-0.016857231,0.519701,-0.111967891,0.768070638,-0.084646605,0.429718
4033.333333333319,-0.0268595554,-0.605111539,-0.0452166833,0.999681532,-0.0142057696,-0.620839596,-0.0323210396,0.99946,-0.0114481738,-0.623276949,-0.0218432788,0.99924618,-0.0132589191,-0.622485101,-0.0259389617,0.999550641,-0.035459023,-0.631100893,-0.0391964726,0.999711633,-0.0341100432,-0.628947616,-0.0516728275,0.99971503,-0.0306332354,-0.617850602,-0.0327010304,0.99984169,0.058206819,-0.603638589,0.0612578914,0.999386549,-0.0829998925,-0.558500171,0.0803036392,0.999409735,0.0142869614,-0.591848671,-0.0018382913,0.999389112,-0.0267672837,-0.556731,-0.0241120756,0.99939388,0.156870365,-0.420273334,0.12930356,0.999889,-0.127367392,-0.503663182,0.182579011,0.999933,0.134607062,-0.281297773,0.0193647742,0.690371633,-0.0946543142,-0.302347,0.032598976,0.876846433,0.0030741645,-0.337158293,-0.0270790607,0.700052619,0.0622009747,-0.376279503,-0.0831644759,0.953554869,-0.0457959212,-0.367223918,-0.0262102615,0.628785253,0.134074748,-0.407886982,-0.135119215,0.925347328,-0.0513774306,-0.383473545,-0.0135370428,0.601311326,0.159046739,-0.468879342,-0.118601337,0.914294,-0.00102723471,-0.335642248,-0.0211193543,0.501478314,0.0792639628,-0.40345189,-0.0824602097,0.860232711,0.0947846547,0.00512453,0.022586152,0.999958813,-0.0931804255,-0.00949302688,-0.0205931365,0.999968231,0.0811346,0.427293122,-0.0791923106,0.53563416,-0.0796875879,0.357845068,-0.102814816,0.539093077,0.0675625578,0.78256166,0.023364218,0.498784035,-0.0842788145,0.737991,0.032133244,0.432108223,0.0450346954,0.816260576,0.0388981253,0.177404419,-0.082939364,0.770903945,0.00302424817,0.129332781,0.066293776,0.82544297,-0.017328972,0.5224787,-0.112353295,0.770509958,-0.0839447603,0.431748092
4049.9999999999854,-0.0269113332,-0.60454154,-0.0454284325,0.999684,-0.0142218983,-0.620277047,-0.0325716697,0.9994663,-0.0114720277,-0.622710168,-0.0220881253,0.999254167,-0.0132856052,-0.621928394,-0.0261930134,0.999555469,-0.0354739279,-0.630704105,-0.0395061821,0.999714315,-0.0341255926,-0.628565133,-0.0519999601,0.999717,-0.0306496,-0.617463052,-0.0330332,0.999842525,0.0581874363,-0.603489518,0.0607706308,0.999397218,-0.0830184668,-0.55851692,0.0791582093,0.999416769,0.0141763613,-0.591417849,-0.00204896485,0.999397099,-0.0268350504,-0.556506157,-0.0244599618,0.999401271,0.156864196,-0.420390546,0.12906298,0.999889672,-0.127498314,-0.50397712,0.181150585,0.999932408,0.136301935,-0.281299919,0.0189513471,0.69848752,-0.0945797488,-0.30243504,0.0301713422,0.879999042,0.00369954458,-0.337016255,-0.02777013,0.710702419,0.0622228719,-0.375720382,-0.0870775357,0.955954969,-0.0454092212,-0.366975039,-0.0269100461,0.639280736,0.133983403,-0.406996578,-0.139276862,0.928539634,-0.0512292124,-0.383285314,-0.0142236296,0.611955225,0.159013316,-0.467890829,-0.122734778,0.917886317,-0.000546745781,-0.335504204,-0.0218066648,0.512003481,0.0792723224,-0.402776867,-0.0863757879,0.865297139,0.0947863758,0.00514480937,0.0225618221,0.999958,-0.0931831673,-0.0095176613,-0.020566145,0.999967456,0.0811286271,0.427486062,-0.0786091611,0.536496043,-0.0796388537,0.357839167,-0.102676958,0.539404213,0.0675381348,0.782718956,0.0246408675,0.500768244,-0.0843462348,0.737964392,0.0347018056,0.431923866,0.0449689291,0.816446364,0.0402116925,0.177389234,-0.0830117613,0.77087605,0.00584914535,0.129099518,0.0652594045,0.826516688,-0.0162696764,0.52424866,-0.112314224,0.770819724,-0.0807985961,0.431833506
4066.666666666652,-0.0269678142,-0.603572369,-0.0450197347,0.999686,-0.0142541798,-0.619327545,-0.0321754031,0.999471843,-0.0115055516,-0.621756434,-0.0216929931,0.999261141,-0.01332183,-0.620989859,-0.0258124471,0.99956,-0.0354936719,-0.629951954,-0.0391825102,0.999716401,-0.0341480337,-0.627814472,-0.0516693518,0.999718428,-0.0306695271,-0.616720736,-0.0327192917,0.999843121,0.0580842793,-0.603136659,0.0610460751,0.999406755,-0.083095327,-0.558497608,0.0788838342,0.999421895,0.0140400017,-0.590689421,-0.00165017135,0.999405324,-0.0269279424,-0.555982471,-0.0241700299,0.999408662,0.156751737,-0.420408159,0.129416928,0.999891043,-0.127897292,-0.504389226,0.181017742,0.999932408,0.137045041,-0.280328929,0.0192064252,0.705164731,-0.0945920795,-0.302881688,0.0305359233,0.882490814,0.00405712472,-0.335632145,-0.0276287217,0.71991241,0.0623476803,-0.375152647,-0.0864004269,0.958004951,-0.045204062,-0.365539461,-0.026652012,0.648422718,0.134174541,-0.406140149,-0.138572022,0.931248963,-0.0511590317,-0.382341087,-0.0139878802,0.621217966,0.159241185,-0.467007041,-0.122104689,0.920927465,-0.000268613687,-0.33432433,-0.0216227043,0.520948648,0.0794269815,-0.402140319,-0.0857345685,0.86957413,0.0947949,0.00516091334,0.0225401204,0.999957442,-0.0931913,-0.00953588169,-0.0205444247,0.99996686,0.081159696,0.427494228,-0.0780653879,0.53810823,-0.0797427222,0.357768893,-0.102618083,0.540105343,0.0674717426,0.782715738,0.0245964918,0.503772736,-0.0844531581,0.737703204,0.0353809521,0.432251245,0.0448239036,0.816447675,0.0400751568,0.177941218,-0.0831149742,0.770599902,0.00650701253,0.129158288,0.0645256,0.826922834,-0.0164809562,0.527053177,-0.112300687,0.770810843,-0.0799131319,0.432404906
4083.3333333333185,-0.0269772187,-0.600602508,-0.036103189,0.999691486,-0.014333358,-0.616464198,-0.022562433,0.999481678,-0.0115915248,-0.618913412,-0.012159762,0.999273837,-0.0133892586,-0.61818856,-0.0164335221,0.99956733,-0.0355408378,-0.62715137,-0.0300368015,0.999721766,-0.0341952667,-0.624999106,-0.0425663963,0.999723554,-0.0307246484,-0.613979697,-0.0237349719,0.999845743,0.057545118,-0.601214409,0.0715295225,0.999418795,-0.0836120769,-0.556733131,0.0865697,0.999433935,0.0139409276,-0.588181,0.00739646796,0.999415,-0.0270201582,-0.553374052,-0.0158964638,0.999418378,0.156094611,-0.419465423,0.138291717,0.999892712,-0.128582016,-0.504057586,0.184926793,0.999933183,0.13729,-0.278375387,0.0291114207,0.705704272,-0.0948174223,-0.302905709,0.0334008932,0.884432912,0.00414723,-0.328413367,-0.0163964368,0.723480165,0.0624499507,-0.374846041,-0.0834731609,0.959846318,-0.0451750942,-0.356848449,-0.0152862417,0.651779652,0.134318739,-0.405611932,-0.135901168,0.933689475,-0.0512140244,-0.37404424,-0.0027961731,0.624564171,0.159345269,-0.466330469,-0.119469754,0.923669,-0.000246761949,-0.327152342,-0.0104832742,0.523871422,0.0795511,-0.401716202,-0.082770288,0.8733,0.0948131755,0.00520883501,0.0225419439,0.999956965,-0.0932118818,-0.00959987659,-0.0205458682,0.999966443,0.0811594203,0.427469134,-0.0780511796,0.53596133,-0.0797482282,0.357785851,-0.103087194,0.538697,0.0673359931,0.782472968,0.0213902034,0.502575397,-0.0845566615,0.736969769,0.0320952088,0.429750234,0.044603087,0.816231608,0.036164552,0.17766659,-0.0831963941,0.769754767,0.00271404255,0.128527343,0.0640474334,0.826852739,-0.0213316381,0.525787115,-0.112135649,0.770471156,-0.0851061493,0.43005389
4099.999999999985,-0.0271366276,-0.600066543,-0.0316646248,0.999699354,-0.014500645,-0.616032124,-0.0181837641,0.999494791,-0.0117441658,-0.618474603,-0.00783609692,0.999290824,-0.0135187721,-0.617777407,-0.0121851917,0.999577641,-0.035708949,-0.626734078,-0.0254069604,0.999728739,-0.0343728326,-0.624578297,-0.0379380137,0.999730051,-0.0309102871,-0.613594472,-0.0191550627,0.99984926,0.0575107373,-0.601120174,0.0756248534,0.999429822,-0.0837227181,-0.556701064,0.0919103622,0.999444783,0.0138292685,-0.587888539,0.0117346654,0.999421418,-0.0271514896,-0.553033,-0.0111598559,0.999424517,0.155894458,-0.419718176,0.142588228,0.999893248,-0.128563181,-0.504145801,0.188759744,0.999933362,0.137233794,-0.278401732,0.0321944542,0.703546524,-0.0947664306,-0.303118676,0.0391226262,0.885533392,0.00404866552,-0.322143555,-0.0152278403,0.723548472,0.0624648854,-0.374554,-0.078280963,0.961310863,-0.0452345833,-0.348059833,-0.0146004381,0.652285218,0.134383008,-0.405133128,-0.131915256,0.935712337,-0.0516658947,-0.364973128,-0.00240249163,0.625234365,0.159459755,-0.466068715,-0.11604052,0.925983191,-0.000460395822,-0.320409864,-0.00951565709,0.523867,0.0795629472,-0.40146035,-0.0780766904,0.876311481,0.0947991461,0.0052242009,0.0225270595,0.999956191,-0.0931997076,-0.00961790048,-0.0205306467,0.999965847,0.0807609856,0.427203774,-0.078048557,0.528641045,-0.0797436908,0.357266903,-0.103463843,0.5329,0.0668166652,0.782469094,0.0151663227,0.497099251,-0.0836888,0.736336887,0.0263667461,0.422944129,0.0441198,0.816239536,0.0287341364,0.176358715,-0.0820508227,0.769100189,-0.00408162968,0.126778215,0.0641334,0.824507773,-0.0301438365,0.521079302,-0.109682143,0.767587483,-0.0928345174,0.423943222
4116.666666666652,-0.0271701906,-0.599974275,-0.0316444412,0.999703467,-0.0145133426,-0.615962327,-0.0182645489,0.999502659,-0.0117573235,-0.618401527,-0.00791230239,0.999301612,-0.0135317342,-0.61771512,-0.0122560775,0.999584675,-0.0357190631,-0.626695871,-0.0254603773,0.999732,-0.0343837477,-0.624541223,-0.0379887894,0.999732733,-0.0309207439,-0.613562167,-0.019202156,0.999850571,0.0575115606,-0.601189137,0.0755322799,0.999438047,-0.0836371,-0.557079613,0.0917828232,0.999447286,0.0137996273,-0.587881327,0.0116978474,0.999424219,-0.0271594822,-0.553026199,-0.0111286296,0.999424875,0.155852973,-0.421065956,0.142520428,0.999894381,-0.128512979,-0.505123794,0.18889299,0.999932706,0.136941388,-0.278536,0.0321260467,0.703685522,-0.0943057612,-0.303570241,0.0405578166,0.88455081,0.00330493366,-0.318015099,-0.0158837717,0.723293245,0.0625084043,-0.374381661,-0.0765457228,0.96148634,-0.0458772369,-0.341923237,-0.0156135401,0.652633429,0.134458959,-0.404769719,-0.13055627,0.935852766,-0.0528306141,-0.359099388,-0.00396959297,0.625822783,0.159582615,-0.465941191,-0.115208708,0.926150501,-0.00132725469,-0.315999448,-0.0103364373,0.523851633,0.0796384737,-0.401365548,-0.0767402872,0.876101136,0.0948001221,0.00522393733,0.0225042943,0.999956191,-0.0932003,-0.00961892493,-0.0205003824,0.999965668,0.0807448,0.427185267,-0.0778450072,0.526231408,-0.079768151,0.356844336,-0.1035778,0.530729473,0.0667193681,0.782528937,0.0140474392,0.496618837,-0.0829421356,0.736281,0.0254617911,0.41995436,0.0440450609,0.816349089,0.0274109356,0.176608607,-0.0810456723,0.769062161,-0.00514902454,0.1260252,0.0642108098,0.823746741,-0.0319027528,0.521092474,-0.107881576,0.767281532,-0.0938128233,0.421331108
4133.333333333319,-0.0271776784,-0.599759519,-0.0317019969,0.999706388,-0.0145451957,-0.615817249,-0.0184351448,0.99950856,-0.0117885098,-0.618258059,-0.00807515439,0.999311,-0.0135548245,-0.617586255,-0.0124209169,0.999590814,-0.0357258804,-0.626572788,-0.0256985854,0.999733567,-0.0343905799,-0.624423206,-0.0382558927,0.999733925,-0.0309268665,-0.613443077,-0.0194582976,0.999850631,0.0569514558,-0.601471424,0.0748409107,0.999447405,-0.0836461186,-0.557548404,0.0903633609,0.999446929,0.0137221012,-0.587873399,0.0116365692,0.999429047,-0.027164802,-0.553015947,-0.0112205567,0.999425232,0.155368462,-0.423186,0.142103627,0.999896944,-0.128596321,-0.507218,0.188038096,0.99993211,0.135816365,-0.278576314,0.0316277184,0.706319273,-0.0934709609,-0.305145293,0.0404401086,0.883593678,0.00143269356,-0.314779431,-0.0196935348,0.727224708,0.0625518188,-0.374299258,-0.0765364617,0.961293578,-0.0477376878,-0.337348223,-0.0203495603,0.657876194,0.134545878,-0.404478341,-0.1305172,0.935587287,-0.05529714,-0.355219811,-0.0097328173,0.631649852,0.159538314,-0.465652138,-0.115362242,0.925890446,-0.00331614935,-0.312787086,-0.0145979803,0.529178262,0.0797012597,-0.401278228,-0.0767890066,0.875220418,0.0947977379,0.00522608357,0.0225364473,0.99995631,-0.0931961462,-0.00962145347,-0.0205215551,0.99996537,0.0806144625,0.427330136,-0.0768635795,0.526517451,-0.0798323527,0.3566944,-0.103580877,0.531073928,0.066568695,0.783059955,0.0140513126,0.499470651,-0.0829521045,0.736290634,0.0254123416,0.419701844,0.0439318642,0.817024052,0.027410401,0.178621426,-0.0810484067,0.769093096,-0.00521232141,0.126059234,0.0642920956,0.823665679,-0.031958703,0.524612904,-0.107693277,0.767280221,-0.093813315,0.421377778
4149.999999999986,-0.0272978079,-0.599739611,-0.0317474306,0.999704659,-0.01464995,-0.615804911,-0.0185501985,0.999508619,-0.0119019495,-0.618245125,-0.00818290282,0.999313414,-0.0136519959,-0.617574394,-0.012530189,0.99959296,-0.0357443765,-0.626562297,-0.0257524773,0.999731064,-0.0344091281,-0.624414802,-0.0383293331,0.999731064,-0.0309426542,-0.613434136,-0.0195231605,0.999848247,0.056689892,-0.601711869,0.0734858066,0.999453545,-0.0833348781,-0.558003,0.0896471962,0.99943912,0.0135419471,-0.587897182,0.011590112,0.999429941,-0.0271808431,-0.553057253,-0.0112741105,0.999420226,0.155267403,-0.424293458,0.140254676,0.999899685,-0.128586039,-0.508159101,0.187541932,0.999931276,0.134695575,-0.278511763,0.0296565834,0.709486127,-0.0924271792,-0.305529535,0.0404246077,0.881676078,-0.000724397309,-0.311077535,-0.0233885143,0.731918931,0.0631615892,-0.374226093,-0.0765698478,0.960764647,-0.0499199852,-0.332547396,-0.0243824925,0.66404748,0.13500312,-0.403897166,-0.130573466,0.934910476,-0.0577357933,-0.350813121,-0.0142078279,0.638365388,0.159752682,-0.465423971,-0.11570441,0.925177932,-0.00547387,-0.309040427,-0.0184676908,0.535402596,0.0801375061,-0.4011738,-0.0769329816,0.873761952,0.0948294103,0.00522467634,0.0225204788,0.999956787,-0.0932250246,-0.0096194027,-0.0204982515,0.99996531,0.0805799365,0.427441627,-0.0760547742,0.528582513,-0.079854,0.356593668,-0.103570446,0.532965302,0.0665289611,0.783090115,0.0143093579,0.505031466,-0.0827231854,0.7362957,0.0256051235,0.422150731,0.0439015888,0.817072868,0.0276357606,0.181436643,-0.0807421505,0.769115746,-0.00500637,0.127302587,0.0643148124,0.823652267,-0.0318101272,0.530362129,-0.107247159,0.767639041,-0.0935106277,0.424171686
4166.666666666653,-0.0274329539,-0.600123286,-0.0330845602,0.999702215,-0.0147567419,-0.61623764,-0.020873107,0.999507368,-0.0120180091,-0.618679285,-0.0104715442,0.999314606,-0.0137611404,-0.61802274,-0.0147300772,0.999594,-0.0357621089,-0.627014816,-0.027822677,0.999727666,-0.0344283879,-0.624903321,-0.0404284485,0.999727845,-0.0309523381,-0.613894165,-0.0215963852,0.999845684,0.0563753918,-0.60284847,0.0686015487,0.999459326,-0.0829549134,-0.559396267,0.0859248415,0.999430954,0.0133530069,-0.588507593,0.00973144267,0.999432921,-0.0271894466,-0.553745091,-0.0129599329,0.999418,0.155146271,-0.426441848,0.135184109,0.999902606,-0.128584802,-0.510163605,0.186084792,0.999930739,0.133932337,-0.27853778,0.0257554706,0.714994371,-0.0914639,-0.306439191,0.0404168926,0.880370677,-0.00290708942,-0.309227467,-0.0281757209,0.737970948,0.0637586638,-0.374016315,-0.0766115189,0.960577667,-0.0523566604,-0.330169976,-0.0293109976,0.671375394,0.135527074,-0.403077543,-0.130638301,0.934779346,-0.0604173951,-0.348771572,-0.0193231516,0.646235883,0.159925744,-0.464845955,-0.116153114,0.925106,-0.00771872746,-0.307141542,-0.0232520066,0.542800188,0.0805891752,-0.400973231,-0.0771157444,0.87339735,0.0948961079,0.00520972814,0.0224820785,0.999957263,-0.0932884291,-0.00960090291,-0.0204482265,0.99996531,0.0805863291,0.427833647,-0.0744177103,0.533952534,-0.0799050406,0.356585741,-0.103033327,0.536991894,0.0665339604,0.783305228,0.0187951662,0.512141287,-0.0828333,0.73638618,0.0303639,0.426101446,0.0439061411,0.81733197,0.0326687582,0.18426466,-0.0808564052,0.769236863,0.000380962912,0.128773808,0.0642471388,0.824684083,-0.0269592181,0.537716568,-0.107243739,0.768637,-0.0873685703,0.428599566
4183.33333333332,-0.0273316912,-0.600114286,-0.0350677259,0.999696553,-0.0146823768,-0.616234303,-0.0235804766,0.999500215,-0.0119667258,-0.618675172,-0.0131586874,0.999308228,-0.0137022454,-0.618020773,-0.0173223726,0.999589801,-0.0355860107,-0.627008,-0.0305568371,0.999720693,-0.034256272,-0.62490344,-0.0432315506,0.999721348,-0.0307395235,-0.613889158,-0.0243685413,0.999840856,0.0562103614,-0.603448212,0.0649744645,0.999460578,-0.0825260654,-0.559950411,0.0816755518,0.999417186,0.0133574847,-0.588565528,0.00759333186,0.999431252,-0.0269896332,-0.553828418,-0.0152387097,0.999411345,0.155064538,-0.428686678,0.131626382,0.999905288,-0.128598988,-0.511863172,0.183382869,0.999929905,0.133754462,-0.279206514,0.0215650741,0.720766664,-0.0910104811,-0.307783693,0.0380917676,0.879504681,-0.00359715312,-0.308474213,-0.0342901945,0.744383752,0.0644940585,-0.373451412,-0.0814106315,0.960434854,-0.0531820916,-0.328722179,-0.0358389132,0.679004073,0.13622658,-0.401337862,-0.136132941,0.934701,-0.0616017208,-0.347339302,-0.0257683247,0.654440165,0.160636529,-0.463052839,-0.122509375,0.925097644,-0.00853238069,-0.306091398,-0.0292635225,0.550537825,0.0813302398,-0.400165707,-0.0823745206,0.873083711,0.0950121582,0.0051856325,0.0224800613,0.999957681,-0.0934056565,-0.00956986,-0.0204382949,0.99996531,0.0806675255,0.428093553,-0.0718671083,0.541475654,-0.0799403489,0.356591046,-0.101926737,0.543069541,0.066529,0.783307314,0.0279996023,0.522260606,-0.084093295,0.736379683,0.039669957,0.433674395,0.0438832082,0.817338228,0.0428834893,0.188254848,-0.0823393613,0.769231677,0.0107976235,0.131365836,0.0632465556,0.825960755,-0.0172784403,0.547843158,-0.107744299,0.769615114,-0.0768541098,0.436352223
4199.999999999987,-0.0263645593,-0.60021317,-0.0378751904,0.999704659,-0.014113971,-0.616379559,-0.026243709,0.999513626,-0.0114572654,-0.618829191,-0.0158109814,0.999328315,-0.013162191,-0.618185282,-0.0199556183,0.999601722,-0.0350004807,-0.627114475,-0.0342396796,0.999726832,-0.0336458422,-0.625029206,-0.0470172539,0.999727368,-0.0301220883,-0.614000201,-0.0281382166,0.999843359,0.0554736853,-0.603961706,0.063683562,0.999479353,-0.0827569291,-0.560242772,0.0757797807,0.999428928,0.013582902,-0.588771939,0.00529478118,0.999450266,-0.0265947487,-0.554041564,-0.0188881923,0.999428034,0.153753608,-0.429595232,0.130702108,0.999908805,-0.129944414,-0.512554228,0.177448288,0.999929667,0.133682534,-0.279403329,0.0199912973,0.728886068,-0.0921083391,-0.310644507,0.0314366966,0.881207943,-0.00412612827,-0.307140201,-0.0422639102,0.754403591,0.0644563064,-0.3736251,-0.0874474943,0.960820436,-0.0540210791,-0.326182902,-0.0449476168,0.691329956,0.136250138,-0.401235491,-0.142526,0.935397625,-0.0634754822,-0.345510542,-0.0358669795,0.667859674,0.160696566,-0.462936342,-0.129191011,0.925956786,-0.00948518701,-0.304765463,-0.0377465226,0.565038919,0.0813346654,-0.400255859,-0.0884700939,0.874206841,0.095027931,0.00511220517,0.0226914752,0.999957561,-0.09342096,-0.00948760659,-0.0206135754,0.999964714,0.080460228,0.428134203,-0.0703679249,0.546105802,-0.0800196,0.356476307,-0.101904511,0.546480596,0.0665144771,0.783309877,0.0317247398,0.528390467,-0.0844125375,0.736359119,0.0416922718,0.437523216,0.0438642167,0.817349613,0.0469615832,0.19064033,-0.0826649368,0.769211292,0.0131028239,0.132125393,0.0623410456,0.826164246,-0.0129639031,0.554549694,-0.107500128,0.769853294,-0.0745451152,0.440267354
4216.666666666654,-0.025238188,-0.600226283,-0.0380841717,0.999708831,-0.0134831723,-0.616431534,-0.0264519658,0.999521077,-0.0108822202,-0.618882477,-0.0160189271,0.999340475,-0.0125362128,-0.618246138,-0.0201711599,0.999609232,-0.0343286917,-0.627112091,-0.034479931,0.999729455,-0.0329599045,-0.625029087,-0.0472612977,0.999729633,-0.0294175781,-0.613995492,-0.028391948,0.999843955,0.055467777,-0.60451436,0.0634434372,0.999491036,-0.0826267302,-0.560182214,0.0755488649,0.999431789,0.0145601854,-0.588884771,0.00506694149,0.999460161,-0.025399955,-0.554047525,-0.0191526134,0.999433696,0.153981194,-0.430028021,0.130383104,0.999911845,-0.129678801,-0.512511134,0.176857144,0.999929249,0.133654803,-0.279425651,0.0199437644,0.733692408,-0.0920578,-0.3106879,0.0315323249,0.881315112,-0.0045010997,-0.305948436,-0.0411421768,0.7610268,0.0646649227,-0.373532355,-0.0870407671,0.960710824,-0.0545936637,-0.324591607,-0.043464534,0.699753523,0.136515081,-0.401003152,-0.141956389,0.935384095,-0.0640868,-0.344288,-0.0341319442,0.677103758,0.161092147,-0.462866962,-0.128485247,0.926004469,-0.00994443055,-0.30373919,-0.0365236029,0.574870825,0.0815816447,-0.400171071,-0.0880059153,0.874208808,0.0950879529,0.00510429917,0.022710776,0.999957502,-0.0934807137,-0.0094783688,-0.0206279084,0.999964237,0.0804546773,0.428345174,-0.0697172508,0.547674298,-0.0800222605,0.356427461,-0.101567723,0.546863496,0.0666140765,0.783369482,0.0311582182,0.532873929,-0.0845492,0.736280262,0.0420682915,0.438495278,0.0440021791,0.817428172,0.0462710708,0.19259803,-0.0827706605,0.769151568,0.0133709852,0.132162914,0.0623575896,0.826676846,-0.0135261398,0.559442699,-0.107315361,0.770355523,-0.0740431622,0.4416596
4233.333333333321,-0.0242349114,-0.600213,-0.0375328586,0.999715269,-0.0129292905,-0.616440535,-0.0257234201,0.999532342,-0.0103962887,-0.618893206,-0.0153065072,0.999359,-0.011989045,-0.618261039,-0.019434981,0.999619961,-0.0337855965,-0.627073467,-0.033992175,0.999733448,-0.0324276164,-0.625004411,-0.0468247198,0.999733508,-0.0288310684,-0.613954902,-0.0279710628,0.999844909,0.0553296618,-0.60523665,0.0646537691,0.99950856,-0.0826652497,-0.560183227,0.0757178217,0.999437094,0.0152659444,-0.588947237,0.00578706106,0.999473,-0.0246342402,-0.55404973,-0.0187216494,0.999440968,0.153833017,-0.431321442,0.130661279,0.999915481,-0.129743174,-0.512982428,0.176956892,0.999928296,0.132837877,-0.280238956,0.0199811626,0.740798,-0.0919680223,-0.312619179,0.03168476,0.880749464,-0.0065351259,-0.304136783,-0.0407399945,0.769806743,0.0651089549,-0.373293459,-0.0868502855,0.960078537,-0.0569900759,-0.321142048,-0.0430475771,0.710524857,0.136957794,-0.399346739,-0.141729102,0.934720516,-0.0671276525,-0.341023684,-0.0335844271,0.688860059,0.161647171,-0.461222,-0.128004864,0.925379097,-0.0123243872,-0.301646441,-0.0360526629,0.58771,0.0820405111,-0.399762094,-0.0878488868,0.873292625,0.0952735916,0.00509028,0.0228572134,0.999957681,-0.0936629623,-0.00945947599,-0.0207632072,0.99996376,0.0805814564,0.428514421,-0.068347089,0.555686235,-0.0800303519,0.356440693,-0.101314798,0.553058,0.0667303428,0.783374846,0.0322343111,0.543199062,-0.0860804543,0.735551417,0.0468720347,0.444022447,0.0440950878,0.817448258,0.0473486111,0.197670281,-0.084438,0.768282354,0.0187726431,0.133978903,0.0622479469,0.827844322,-0.0126632378,0.569864094,-0.10731288,0.770526767,-0.0679571778,0.447486192
4249.999999999988,-0.0235174634,-0.60072273,-0.0366851725,0.999721527,-0.0124348858,-0.617062926,-0.02458602,0.99954313,-0.00994296372,-0.619517207,-0.0141792595,0.999375522,-0.0115023283,-0.618899882,-0.0183394328,0.999629617,-0.0333844833,-0.627420485,-0.03286938,0.999738097,-0.032019645,-0.625372052,-0.0457149819,0.999737799,-0.028394796,-0.614263177,-0.0268989094,0.999846756,0.0554539599,-0.606233776,0.0657806173,0.999522328,-0.0826098621,-0.560183346,0.0769550726,0.999444962,0.0160936266,-0.589635611,0.0065745716,0.999483,-0.0238774233,-0.554368436,-0.0178519823,0.999448061,0.154036894,-0.431659192,0.130711645,0.999918044,-0.129541919,-0.512954295,0.177099705,0.999928236,0.131427974,-0.281592637,0.0199053288,0.74368751,-0.0926924422,-0.313186377,0.0319848098,0.88075763,-0.00681813341,-0.30361557,-0.0405139513,0.772876561,0.0664304048,-0.371891171,-0.0845185369,0.959431231,-0.0570375249,-0.319958389,-0.0427734815,0.714615226,0.139599666,-0.395595,-0.138820186,0.933790267,-0.0669964552,-0.338924438,-0.0331086591,0.693494618,0.165692165,-0.457233131,-0.125479847,0.92436552,-0.0124929212,-0.300710648,-0.035789,0.592950404,0.0840903893,-0.397976637,-0.0855750591,0.871943295,0.0954661444,0.00507841771,0.0228565633,0.999958038,-0.093852751,-0.00944589451,-0.0207622629,0.99996382,0.080973655,0.428668,-0.0683245882,0.559071898,-0.0801073462,0.356578529,-0.10076531,0.555060089,0.067893751,0.783348739,0.0318963639,0.547815323,-0.0870086923,0.73542273,0.0472171158,0.445366174,0.0455015451,0.817427814,0.0469496734,0.199549645,-0.0852642506,0.768112838,0.0189483576,0.133831292,0.0635383651,0.828581095,-0.0129739037,0.575026631,-0.107313812,0.771485031,-0.0675285906,0.449353606
4266.666666666655,-0.0225957874,-0.601177394,-0.0366957746,0.999726534,-0.0115305837,-0.617565155,-0.0245701019,0.999551415,-0.0090853516,-0.620006204,-0.0141643891,0.999388278,-0.0106254471,-0.619395435,-0.0183259211,0.99963659,-0.0326338261,-0.627799869,-0.0328430086,0.999742,-0.0312531516,-0.62576586,-0.0456844717,0.999741614,-0.0275909696,-0.614617646,-0.0268686917,0.999848425,0.0558671355,-0.606577218,0.0658541098,0.999532819,-0.0823775232,-0.56021,0.0771161467,0.999453187,0.0169911552,-0.59007585,0.00656457245,0.999491572,-0.0230540205,-0.554676533,-0.017858902,0.999455333,0.154496506,-0.431631833,0.130737349,0.999919772,-0.129398137,-0.512928545,0.176761299,0.999928474,0.130946413,-0.281689614,0.0196586568,0.745381892,-0.0929957628,-0.313166171,0.0316806,0.880369186,-0.00682563707,-0.303523839,-0.0401185825,0.774823368,0.0674102,-0.367678612,-0.084505707,0.9587816,-0.0569772609,-0.319847614,-0.0422511138,0.71788919,0.141094476,-0.388548255,-0.138737619,0.933026135,-0.066858694,-0.338765293,-0.0326079652,0.697300494,0.168328688,-0.45010978,-0.125459477,0.923546433,-0.0124577656,-0.300596595,-0.0353745446,0.597253799,0.085620679,-0.393219054,-0.0855570883,0.870813906,0.0956050903,0.00507909,0.022940807,0.999958336,-0.0939937606,-0.00944457483,-0.0208441876,0.99996388,0.0809758753,0.428542525,-0.0682772,0.562866271,-0.0801450163,0.356510639,-0.100707412,0.557670355,0.0685169101,0.782886505,0.0316372849,0.553887904,-0.0871898308,0.734648168,0.0477075614,0.447596163,0.0463109352,0.817002654,0.0466461182,0.202697366,-0.0853965431,0.767220914,0.01943071,0.134017646,0.064439252,0.828558505,-0.0132214893,0.581472516,-0.107009165,0.77149874,-0.0669544935,0.451712668
4283.333333333322,-0.0226266049,-0.602734327,-0.0358830616,0.999731481,-0.0115978187,-0.619310081,-0.023550339,0.999558389,-0.00916094333,-0.621726573,-0.0131696295,0.999400377,-0.0106965583,-0.621116936,-0.0173533428,0.99964273,-0.0327236168,-0.629154742,-0.0317864418,0.999745,-0.0313417912,-0.627159059,-0.0446465798,0.99974525,-0.0276581477,-0.615967274,-0.0258464143,0.999849737,0.0557065569,-0.608314216,0.0665261522,0.999543071,-0.0824727,-0.560753405,0.0780958608,0.999460757,0.0169844981,-0.591747642,0.00723616499,0.999498844,-0.023054244,-0.55596441,-0.0170947295,0.999460161,0.154618621,-0.432938337,0.130784735,0.999921441,-0.129395977,-0.51311034,0.176805645,0.999928355,0.130891278,-0.285152167,0.0188510828,0.749127865,-0.0930088907,-0.313206702,0.0318312086,0.880741715,-0.00710501522,-0.303679138,-0.0412923321,0.777366757,0.0692741051,-0.363694668,-0.0835666806,0.958459198,-0.0572632,-0.319425255,-0.0437320955,0.721861601,0.143721461,-0.382502913,-0.137903631,0.932826,-0.0673391819,-0.338412136,-0.034179531,0.701889932,0.171617895,-0.444790125,-0.125028476,0.923384547,-0.0128591461,-0.300707608,-0.0366282389,0.602583647,0.0879680887,-0.389095515,-0.0847749785,0.870699465,0.0958431512,0.00507654715,0.0230126157,0.999958873,-0.0942374,-0.00943843927,-0.0209168587,0.999964118,0.0809527859,0.428550482,-0.0684406161,0.571646929,-0.0804815292,0.35649243,-0.100743815,0.565317333,0.0687988624,0.782710135,0.0305192582,0.563723207,-0.0877730623,0.734459,0.0474496074,0.453600615,0.0467525721,0.81684345,0.0454199798,0.208366767,-0.0858761072,0.767009854,0.0190979671,0.135883406,0.0655171424,0.828474641,-0.0147113586,0.590997338,-0.107018903,0.771583796,-0.0674112514,0.457271963
4299.999999999989,-0.0227189139,-0.60314,-0.0247461163,0.999738514,-0.0116427606,-0.619780123,-0.0112945158,0.99957037,-0.00920942612,-0.622190595,-0.00097744551,0.999418914,-0.0107278991,-0.621599853,-0.00532951811,0.999653161,-0.0327809714,-0.629508257,-0.0189757552,0.999750495,-0.0313917063,-0.627512217,-0.0318914242,0.999750853,-0.027704915,-0.616354406,-0.0131786941,0.999852121,0.0557461828,-0.608452499,0.0780233666,0.99955833,-0.0824341774,-0.56076479,0.0926915407,0.999469876,0.0169706531,-0.592068672,0.0176826641,0.999507368,-0.0230827928,-0.556175351,-0.00577836577,0.999464512,0.154651761,-0.432925105,0.136409819,0.999923527,-0.129117504,-0.512538791,0.184235349,0.99992764,0.130888849,-0.285624325,0.0202933252,0.751861572,-0.0918856636,-0.3115848,0.0410326459,0.877879262,-0.00776141975,-0.298368603,-0.0402221531,0.778567553,0.0716912895,-0.357765347,-0.073252134,0.956874669,-0.0577819571,-0.310956389,-0.0432472713,0.724474967,0.146693707,-0.376070112,-0.127975106,0.931184053,-0.0683231577,-0.329840243,-0.0336573049,0.705046535,0.174328983,-0.43976146,-0.116399638,0.921673,-0.013742215,-0.294953138,-0.035714712,0.606474459,0.0904307812,-0.38371402,-0.0750911,0.868327081,0.0960261673,0.00505693723,0.0229839291,0.99995923,-0.0944239646,-0.00941968709,-0.0208940655,0.999964,0.0809606761,0.428546131,-0.0703344643,0.576341808,-0.0805452093,0.356494784,-0.101404391,0.568980515,0.0688083544,0.782575786,0.0163409468,0.567801893,-0.0877895877,0.734226465,0.0411249436,0.454331,0.0467838608,0.816756845,0.0297308434,0.211239383,-0.0858622715,0.766719103,0.0116987349,0.136678025,0.0658485,0.828405797,-0.0316803381,0.594831705,-0.105980061,0.771621406,-0.0754013956,0.457936466
4316.666666666656,-0.0227333046,-0.60411942,-0.0252528638,0.999739707,-0.0116441119,-0.6207937,-0.011902445,0.999572873,-0.00920882542,-0.623182,-0.00157052395,0.99942404,-0.0107282875,-0.622587085,-0.00595938694,0.999656141,-0.0327812843,-0.630389512,-0.0193222836,0.999750853,-0.0313900635,-0.628385901,-0.0322032049,0.999751151,-0.0277019162,-0.617202818,-0.0135159427,0.999852,0.0561203584,-0.608942688,0.0763968676,0.999563396,-0.0820002854,-0.560865,0.0924014,0.999470472,0.0170589723,-0.592924297,0.0168685019,0.999509156,-0.0229770876,-0.556805909,-0.006157903,0.99946326,0.156100065,-0.432926834,0.135432795,0.999924362,-0.128519252,-0.512092888,0.184125483,0.999926746,0.13164264,-0.2862975,0.0201989766,0.752571762,-0.0919177756,-0.309517145,0.0415261239,0.875412762,-0.00660720561,-0.298715591,-0.0398173742,0.776468694,0.072924763,-0.353607386,-0.0705245137,0.954248488,-0.0563373603,-0.312056512,-0.0428573,0.722911179,0.148933053,-0.371698618,-0.124213248,0.927566409,-0.0666877925,-0.330902576,-0.0333404951,0.703693509,0.176338211,-0.435541838,-0.112726897,0.917599678,-0.0124912793,-0.295382738,-0.0353733525,0.605434358,0.0919652954,-0.379671514,-0.0723362043,0.862801075,0.0961870402,0.00505879242,0.022963604,0.999960065,-0.0945789069,-0.00941795669,-0.0208774805,0.999964535,0.0810641,0.428596526,-0.0709272251,0.580778658,-0.0805252194,0.356485218,-0.101349495,0.572208583,0.0695319623,0.782579422,0.0163561925,0.57215625,-0.0873271227,0.734107673,0.041233141,0.45576793,0.0477410145,0.816763699,0.0299020857,0.212734967,-0.0851828,0.766611636,0.0118394317,0.136578918,0.0674294904,0.828786552,-0.0310402047,0.59857893,-0.104960211,0.772041559,-0.0748719051,0.458862334
4333.333333333323,-0.0225005914,-0.604073226,-0.0254353154,0.999738455,-0.011241111,-0.620756805,-0.0122001795,0.999571443,-0.00878735818,-0.623136222,-0.00187016942,0.999424338,-0.0103022046,-0.62254554,-0.00624111202,0.999655664,-0.032335069,-0.630358,-0.0196448602,0.999749,-0.0309261847,-0.628354609,-0.0325033106,0.99974972,-0.0272226371,-0.617177308,-0.0138050336,0.99985075,0.0569054708,-0.608850718,0.0762471929,0.999564707,-0.0809347183,-0.560847521,0.0922192186,0.999468148,0.0173980519,-0.59287864,0.0167492609,0.999506176,-0.02259776,-0.556776106,-0.00628458057,0.999458432,0.156566694,-0.432828546,0.135953397,0.999925137,-0.128320307,-0.511763155,0.184340745,0.99992609,0.131774545,-0.286676466,0.0208334234,0.750205338,-0.0917263776,-0.306029111,0.0437650122,0.870982409,-0.00440546963,-0.298994839,-0.0397138037,0.771657526,0.0767969638,-0.343696564,-0.0664064586,0.950543284,-0.0528120473,-0.312704,-0.0425137952,0.718912661,0.154378459,-0.360661596,-0.119792156,0.922741473,-0.0630480424,-0.331516773,-0.032968089,0.699829459,0.181531236,-0.425095975,-0.108684264,0.912248731,-0.00999917369,-0.295687139,-0.0352026075,0.601414,0.0962940082,-0.369740278,-0.0682798,0.855258584,0.0964131877,0.00505750673,0.0231007058,0.999961078,-0.0947963223,-0.00941295363,-0.0210258942,0.999965191,0.0812066197,0.428617299,-0.0710801333,0.587441444,-0.0801719502,0.356490761,-0.101680383,0.578596056,0.0699951053,0.782642603,0.0160789713,0.579526,-0.0868739858,0.733476281,0.0412305184,0.459605336,0.0482760854,0.816865146,0.0296440795,0.215970486,-0.0845950469,0.765875578,0.0118562197,0.137158915,0.0684378743,0.828912675,-0.0317477,0.605159,-0.102042906,0.771977842,-0.0748776197,0.461873382
4349.99999999999,-0.022502074,-0.603177,-0.0245697089,0.999741733,-0.0111085232,-0.619890571,-0.0111891814,0.999577045,-0.00863987301,-0.622213244,-0.000889495364,0.999432445,-0.0101459213,-0.621647596,-0.00524759758,0.999659598,-0.0322531685,-0.629565537,-0.0182396974,0.999752164,-0.0308419187,-0.627531946,-0.0310487803,0.999753237,-0.0271392893,-0.616404653,-0.0123732183,0.999852717,0.0588615909,-0.607680678,0.0779091269,0.999570072,-0.0801470801,-0.56009227,0.0959840789,0.999476,0.0176346935,-0.591936171,0.0177318715,0.999509275,-0.0224952362,-0.555883646,-0.00479960442,0.999461949,0.158734977,-0.43119368,0.139350757,0.999925733,-0.1273081,-0.510035515,0.187609,0.999926805,0.13409,-0.286357403,0.0247269627,0.74693656,-0.0907017291,-0.299051702,0.0493722521,0.866911411,-0.00151110755,-0.298865288,-0.0349940807,0.767015219,0.0774174258,-0.333814085,-0.0633381382,0.948809505,-0.0497387387,-0.312999487,-0.0382718556,0.715158582,0.154666439,-0.351114035,-0.117182665,0.920753717,-0.0598719567,-0.331880391,-0.0284652039,0.696152389,0.181819186,-0.415970057,-0.1062648,0.910070181,-0.00709870318,-0.295696974,-0.0304692313,0.597701848,0.0969201401,-0.360050887,-0.0653370172,0.852030694,0.0966072232,0.00511591742,0.0231768712,0.999961913,-0.0949888229,-0.00946249347,-0.0211112406,0.999965847,0.0813042596,0.428632855,-0.0714214444,0.592755675,-0.079151623,0.356563479,-0.102269039,0.585156,0.070905216,0.782595694,0.014724452,0.585111737,-0.0860257074,0.732977,0.0406658947,0.463393182,0.0493395627,0.816830933,0.0281256549,0.218511328,-0.0835856,0.76529628,0.0112946928,0.137894586,0.0697371438,0.828803957,-0.0339207761,0.610132694,-0.0995951742,0.771737039,-0.0760143,0.464829534
4366.666666666657,-0.0230993144,-0.602386057,-0.0173208974,0.999745786,-0.0112106297,-0.619095564,-0.00356569374,0.999584913,-0.00873607,-0.621386826,0.00666046562,0.999444127,-0.0102224713,-0.620834053,0.00220612437,0.999666035,-0.0323594026,-0.628861129,-0.00953098666,0.999756,-0.0309472438,-0.626820385,-0.0222799294,0.99975729,-0.0272408538,-0.61577189,-0.00370380259,0.999854743,0.0599252209,-0.605724096,0.0847442895,0.999579549,-0.0792099908,-0.558859229,0.107428513,0.999483407,0.0175318159,-0.590823293,0.0242229346,0.999515235,-0.0226685759,-0.554848731,0.00312817609,0.999466658,0.159499735,-0.42907998,0.144562423,0.999927282,-0.126743957,-0.506544769,0.196412742,0.9999277,0.134431586,-0.285972357,0.0309714209,0.744786501,-0.090622656,-0.292893,0.0590244494,0.862725735,-0.00153198536,-0.291390419,-0.0251765922,0.763767362,0.0777139068,-0.326123476,-0.0581287779,0.947053492,-0.0497936979,-0.303086817,-0.0286985487,0.712791324,0.155062094,-0.343208343,-0.112911917,0.91889,-0.0599194877,-0.321125627,-0.0188744031,0.693931818,0.182613403,-0.408445895,-0.102435701,0.908105791,-0.00713354629,-0.287535191,-0.0206979644,0.59547627,0.0973871425,-0.352428,-0.0604666248,0.849086225,0.0968837738,0.00512055913,0.0231258888,0.999962866,-0.0952745304,-0.00946378894,-0.0210613236,0.999966502,0.0813133493,0.428634942,-0.0737511665,0.598334134,-0.0790241361,0.356698871,-0.10294614,0.590841949,0.0716067627,0.782376409,0.00864935853,0.590819657,-0.0857185125,0.732695878,0.0383340567,0.467086345,0.0502136536,0.816661239,0.0215468835,0.221859276,-0.0831494331,0.764947236,0.00866964,0.139483616,0.0713357627,0.8284356,-0.0422828346,0.615269482,-0.0986370891,0.771691,-0.0797537565,0.468414456
4383.333333333324,-0.0244171359,-0.602175832,-0.0147019606,0.99974668,-0.0117588406,-0.61886,-0.00134608638,0.999587178,-0.00924487878,-0.621135175,0.00888172,0.999448776,-0.0107166683,-0.620586097,0.00431758491,0.999668598,-0.0327562802,-0.628687799,-0.00681525702,0.999756157,-0.031337969,-0.626639605,-0.0195055492,0.999757648,-0.027627321,-0.615621209,-0.000957232725,0.999854565,0.0601380207,-0.604728043,0.0855835378,0.999584138,-0.0782121196,-0.558324635,0.110212252,0.99948287,0.0168943293,-0.590474665,0.0260939654,0.999519348,-0.0231786,-0.554544568,0.00568976253,0.999469,0.159848437,-0.428288907,0.145237476,0.999928951,-0.126109034,-0.504628897,0.200052157,0.999928594,0.135258287,-0.286011249,0.0320020318,0.745015144,-0.0912857354,-0.28902024,0.0654087961,0.858520806,-0.00102238078,-0.289326757,-0.0248030592,0.763850212,0.0775603428,-0.319040298,-0.0535454601,0.944815457,-0.049328275,-0.300167114,-0.0286688115,0.714076817,0.154867589,-0.334667444,-0.108577766,0.916544259,-0.0596783161,-0.318100721,-0.0189323761,0.695534647,0.182583779,-0.399771661,-0.0987389,0.905590475,-0.0067827641,-0.285236388,-0.0204582922,0.597313344,0.0972702876,-0.345091403,-0.0562821515,0.845467627,0.096939005,0.00511327526,0.022880042,0.99996376,-0.0953266397,-0.00944646727,-0.020803852,0.999967158,0.0812600479,0.428563267,-0.0756503642,0.601863921,-0.0790288895,0.356871903,-0.10294418,0.595075428,0.072083585,0.781398475,0.00815341249,0.592153132,-0.0839755386,0.732901931,0.0369226076,0.469718784,0.0508626662,0.815606534,0.0211912598,0.22215423,-0.080972515,0.76517731,0.00698792748,0.140748486,0.0720663,0.826745927,-0.0416379981,0.61599344,-0.0980173,0.77197659,-0.0806558505,0.470424414
4399.999999999991,-0.0247240234,-0.602131903,-0.0124533055,0.999746323,-0.0118548637,-0.618829787,0.000250117533,0.999587595,-0.0093049584,-0.621092916,0.0105384542,0.999448836,-0.010777792,-0.620549381,0.00583395362,0.999669492,-0.0327630974,-0.628680468,-0.0048029176,0.999756694,-0.0313428529,-0.626616955,-0.0173187759,0.999758065,-0.0276424922,-0.615611196,0.00118924433,0.999855399,0.0610113479,-0.604289114,0.0857937932,0.999582946,-0.0757919848,-0.557997763,0.112230614,0.99948138,0.0168541875,-0.590408623,0.0277121402,0.999518931,-0.0231777709,-0.55440712,0.00796018634,0.999468744,0.160825,-0.42773217,0.146726072,0.999929428,-0.12310978,-0.502735555,0.204128191,0.999929607,0.138108805,-0.28600046,0.039853,0.738372266,-0.0913645327,-0.28480944,0.0725685209,0.852448463,0.00390028511,-0.289567024,-0.00961611699,0.752770126,0.0772818774,-0.311485291,-0.0434427597,0.93986094,-0.0437492691,-0.301276863,-0.0128285466,0.703245044,0.15471302,-0.326866776,-0.0977065638,0.910305738,-0.0535944253,-0.319096237,-0.00335389446,0.684307873,0.182403624,-0.39101696,-0.0876973,0.898594677,-0.00141211855,-0.285626739,-0.00544060068,0.585888445,0.0971947759,-0.33728072,-0.0464638844,0.835781753,0.096870631,0.00507648569,0.0226621609,0.999964952,-0.095249027,-0.00940034073,-0.0205922741,0.999968231,0.0815840513,0.428681642,-0.0777441114,0.602374613,-0.0789261386,0.356891781,-0.102948979,0.595608115,0.0721543282,0.781428814,0.000397395866,0.59018296,-0.0787258893,0.733409584,0.023365384,0.470256269,0.0510043,0.815610588,0.0124259451,0.22195372,-0.0748013407,0.765845835,-0.00895675644,0.141676262,0.075436078,0.823294878,-0.0497279838,0.613105237,-0.0946093053,0.771238208,-0.0978397,0.470334888
4416.666666666658,-0.024689937,-0.601466477,-0.00311322231,0.999743581,-0.0118450355,-0.618138313,0.0103654331,0.999580622,-0.00927568134,-0.620364666,0.0206196364,0.999438226,-0.0107445633,-0.619841874,0.0156925265,0.999663591,-0.0327184722,-0.627918303,0.00500116125,0.999754369,-0.0312899426,-0.625751913,-0.0073614493,0.999756,-0.0276124198,-0.614866,0.0110381907,0.999854863,0.061377693,-0.602929831,0.0965551957,0.999571502,-0.0755126178,-0.555896044,0.122161649,0.999475062,0.0169851203,-0.589759827,0.0370334052,0.999512792,-0.0230710767,-0.553355098,0.0170217175,0.999464869,0.161333188,-0.425992578,0.158096597,0.99992919,-0.1222381,-0.499292195,0.21118696,0.999931097,0.141236097,-0.285551399,0.0541568696,0.729175508,-0.0925383419,-0.281159878,0.0789677,0.849183261,0.00802314281,-0.289252579,0.00628166,0.739847839,0.0763885826,-0.307531059,-0.0366339721,0.938058138,-0.039817147,-0.301759601,0.00309291179,0.690727711,0.154376656,-0.323071331,-0.0913253501,0.908010244,-0.0499454178,-0.3194561,0.0126742702,0.671430171,0.182258055,-0.387120187,-0.0807254761,0.895951509,0.00241628685,-0.285524,0.0103709893,0.573014796,0.096719645,-0.333303481,-0.0393913873,0.83180809,0.0968207344,0.00504699582,0.0226496588,0.999965549,-0.0951990634,-0.00937203318,-0.0205831379,0.999968946,0.0818947405,0.42873,-0.080471091,0.599167764,-0.0786885396,0.356876403,-0.104752287,0.59342134,0.0722594,0.781297386,-0.0111923208,0.5843817,-0.0751795098,0.73333782,0.00709826965,0.467754692,0.0511824451,0.815398812,-0.000340471,0.220237315,-0.0708089396,0.765789092,-0.0266360696,0.141723633,0.0775310695,0.818971157,-0.063258484,0.606316566,-0.0914507508,0.767611742,-0.118056737,0.467063069
4433.333333333325,-0.0224192869,-0.600392818,0.000229070109,0.999742568,-0.0101032276,-0.617122412,0.0140452981,0.999576,-0.00737048499,-0.619276404,0.0243165065,0.999429166,-0.00881858077,-0.618806481,0.0192509983,0.999658585,-0.0308239479,-0.626845181,0.00779166166,0.999754131,-0.0293391272,-0.62455368,-0.00451321201,0.999755859,-0.0257951021,-0.613790512,0.0138640143,0.999855757,0.0626214147,-0.60195142,0.102045655,0.999558091,-0.074617736,-0.554340482,0.123924136,0.999473691,0.0190228205,-0.588988304,0.0410943776,0.999506772,-0.0211237427,-0.552153766,0.0199482869,0.999463,0.161996692,-0.424793392,0.167822018,0.999928057,-0.120543256,-0.497783065,0.212143317,0.999933,0.143171087,-0.284193218,0.0671863,0.715773106,-0.0930899307,-0.279047847,0.0794214681,0.848305643,0.0131264804,-0.288605183,0.016870698,0.724402189,0.0759631246,-0.3044388,-0.0346340872,0.937335432,-0.0342694,-0.301929563,0.0136145307,0.676376104,0.154241115,-0.319623798,-0.0895290747,0.907077372,-0.0440800823,-0.319602758,0.0224781949,0.656865239,0.182198212,-0.383412093,-0.0784266517,0.894807041,0.00761512388,-0.285184473,0.0205624606,0.558471859,0.096560508,-0.330048233,-0.0371601172,0.82975322,0.0965754092,0.00504401745,0.0229728036,0.999965668,-0.0949502,-0.0093690427,-0.0209284127,0.999969363,0.0821317136,0.428795576,-0.0817542076,0.590597391,-0.0785077959,0.356502444,-0.10852734,0.587647796,0.0722097754,0.781759322,-0.021523485,0.574518383,-0.0715899,0.733058274,-0.00910948124,0.46173653,0.0511430129,0.815844,-0.0119484812,0.217664152,-0.0669641793,0.765566885,-0.0438944288,0.14079085,0.0788305402,0.81600374,-0.0751022547,0.596578181,-0.08735127,0.761736,-0.135871544,0.460919857
4449.999999999992,-0.0193887558,-0.599800885,0.000982241123,0.999743223,-0.00778876524,-0.616717696,0.0148646394,0.999575,-0.00489952788,-0.618826866,0.0252041668,0.999424815,-0.00631449046,-0.618392587,0.0200906042,0.9996562,-0.0285278,-0.626247764,0.00817970932,0.999755859,-0.0270135663,-0.62386018,-0.00407528505,0.999757409,-0.0236117914,-0.613171041,0.0142964246,0.999857545,0.0645123571,-0.601897836,0.104339011,0.999547839,-0.0737695,-0.553336859,0.124464929,0.999475181,0.0220066737,-0.588701665,0.0425543897,0.999501824,-0.0184362531,-0.551364899,0.0208678395,0.99946183,0.162846863,-0.424707144,0.172391251,0.999926627,-0.11775405,-0.496693611,0.214250267,0.999934435,0.144067138,-0.283913,0.0748950094,0.703640938,-0.0930945948,-0.277369529,0.0827041045,0.847251773,0.0148062697,-0.288842469,0.025758801,0.711078286,0.0750292912,-0.302333236,-0.0299682822,0.93683356,-0.0325305462,-0.302336961,0.0227935016,0.663870871,0.153313115,-0.317634821,-0.0849613622,0.906516314,-0.0419350788,-0.319872141,0.0315257125,0.64412868,0.181787506,-0.381159574,-0.0737581924,0.894117057,0.00948524,-0.285363019,0.0294518732,0.545556486,0.0957816318,-0.32796964,-0.0325389691,0.82844156,0.0962981135,0.00503480155,0.0230523795,0.99996525,-0.0946651474,-0.00936349481,-0.0210262593,0.999969363,0.0823709741,0.429264516,-0.0825170726,0.582291782,-0.0782535672,0.355885684,-0.110005669,0.581242204,0.0721780807,0.782912,-0.0282856934,0.564439595,-0.069569312,0.732972443,-0.0169981308,0.455732524,0.0511028469,0.816948295,-0.0194767676,0.214706868,-0.0649248287,0.765536487,-0.0524174534,0.140173152,0.0793501884,0.814787,-0.0829983,0.58646059,-0.0855725333,0.75852555,-0.144429132,0.455067217
4466.666666666659,-0.0176620632,-0.598537445,0.00831106398,0.999748707,-0.00661835959,-0.615685105,0.0226415936,0.999583423,-0.00365244108,-0.617769063,0.033022508,0.999434531,-0.00502556749,-0.617368102,0.0276691932,0.999662459,-0.0271639153,-0.625004292,0.0151035991,0.999761879,-0.0256204065,-0.622499645,0.00287844799,0.999763072,-0.0223134495,-0.611913323,0.0212032013,0.999861181,0.0647891164,-0.601258516,0.112981938,0.999551892,-0.073500663,-0.551390529,0.129980937,0.999484658,0.023318328,-0.58779192,0.0501785874,0.99950856,-0.0170973837,-0.54982233,0.0274794903,0.999469876,0.162822247,-0.424284101,0.181450367,0.999926746,-0.116615772,-0.494026035,0.217296481,0.999936,0.14414911,-0.283621311,0.0841875896,0.695006371,-0.0931257084,-0.274101049,0.0842942074,0.848036289,0.0148306116,-0.289016575,0.0329985097,0.704967082,0.0730889738,-0.302102327,-0.0270691216,0.937132418,-0.0325262807,-0.302682817,0.0297806114,0.658706188,0.151156113,-0.317958802,-0.0818225443,0.907120883,-0.0419579521,-0.320256323,0.03827966,0.638873458,0.17987217,-0.381760836,-0.070477128,0.894729793,0.00947312359,-0.285604507,0.0363393165,0.540069282,0.0936132073,-0.328083813,-0.0295521319,0.82915318,0.0959866568,0.00500889495,0.0233540554,0.999964833,-0.0943385065,-0.00934572052,-0.0213648025,0.999969184,0.0823831,0.429424584,-0.0850229263,0.574591935,-0.0782523677,0.355459839,-0.113748841,0.576544404,0.070736289,0.783105731,-0.0380789526,0.553105354,-0.0689919516,0.732952,-0.0283243358,0.450726211,0.0494326651,0.817107379,-0.0300241336,0.211787552,-0.0644104257,0.765532672,-0.0644743741,0.140564248,0.0792669877,0.812577367,-0.0919133052,0.575111687,-0.0851220936,0.756449819,-0.154610261,0.449966818
4483.333333333326,-0.0166196916,-0.59844774,0.00721140066,0.999757588,-0.00592487166,-0.615646064,0.0213712063,0.999598563,-0.00295535801,-0.617727578,0.0317990482,0.999453902,-0.00431124028,-0.617330849,0.0264973585,0.99967432,-0.0264266767,-0.624930739,0.0137584284,0.999771237,-0.0248755403,-0.622395158,0.00151509384,0.999771953,-0.0216321014,-0.611818969,0.0198704079,0.999866605,0.0648290962,-0.601272345,0.111771286,0.999565303,-0.0734891817,-0.551102757,0.128411382,0.999502182,0.0240102932,-0.587763965,0.0491760373,0.999522269,-0.0163681358,-0.549655199,0.026331909,0.999484479,0.162635982,-0.424425036,0.179926753,0.999927223,-0.116009019,-0.493298978,0.216319337,0.999937177,0.144373894,-0.284847111,0.0830005556,0.692043,-0.093022719,-0.274351895,0.082818754,0.850442648,0.0144923842,-0.290762812,0.0344102196,0.703087509,0.0726563781,-0.303895682,-0.0288448557,0.938179314,-0.0329692475,-0.304930657,0.0320920721,0.656719446,0.150602102,-0.319690883,-0.0834108144,0.908561587,-0.0424467027,-0.322191924,0.0404978,0.636811554,0.179168642,-0.38347584,-0.0718198717,0.896258712,0.00910410285,-0.287599534,0.0378313102,0.538129151,0.0929893,-0.32974267,-0.0312018488,0.831429,0.0956391618,0.00494395103,0.0234114509,0.999964118,-0.0939754471,-0.00930006243,-0.0214369614,0.999968648,0.0824134946,0.429388702,-0.0858119503,0.567622066,-0.0782841891,0.354496151,-0.114651695,0.570692956,0.0706014931,0.783195794,-0.0400893278,0.542725086,-0.068297863,0.732943833,-0.0286067203,0.444993705,0.0492484607,0.81720525,-0.032087028,0.208537862,-0.0636936054,0.765586436,-0.0645211935,0.140459672,0.0790298432,0.811918378,-0.0935814828,0.565678239,-0.0845048055,0.755966127,-0.153742597,0.44541508
4499.999999999993,-0.0163156651,-0.597604215,0.010754,0.999766409,-0.0057293158,-0.614849806,0.0253125969,0.999613583,-0.00277520809,-0.616940618,0.0357192345,0.999473929,-0.00411017938,-0.616557896,0.0304323453,0.999686062,-0.0261997487,-0.624067247,0.0173775256,0.999780416,-0.02464181,-0.621479034,0.00508674793,0.999780953,-0.0214150045,-0.610936284,0.023422474,0.99987191,0.0648087561,-0.600460947,0.116468281,0.999579906,-0.0735456645,-0.549855173,0.131319761,0.999520838,0.0241473373,-0.586905777,0.0528494865,0.999538,-0.0162434466,-0.548646748,0.0294825286,0.999501288,0.162276953,-0.42367509,0.183472186,0.999928296,-0.116023012,-0.491991907,0.217126071,0.999938548,0.144389346,-0.284403861,0.0839420706,0.690568745,-0.091917716,-0.274044335,0.0821050629,0.851984143,0.0142189013,-0.29063952,0.0321935415,0.704274952,0.0726921186,-0.305335283,-0.0290283971,0.939181864,-0.0333052129,-0.305041939,0.0295731,0.658474803,0.150561765,-0.321308613,-0.0834020451,0.910111606,-0.042813018,-0.322363198,0.0381736308,0.638633192,0.179108322,-0.384983301,-0.071686551,0.897939205,0.0088147074,-0.287613809,0.0356445834,0.540284097,0.0929622576,-0.331177831,-0.0312275868,0.833919764,0.0955881774,0.00491416594,0.0236759949,0.99996388,-0.0939256549,-0.00927969441,-0.0217206366,0.999968469,0.0823967606,0.42909959,-0.0862864926,0.566217124,-0.0784914568,0.353989691,-0.116080791,0.571552753,0.0703504756,0.782053292,-0.0384270437,0.536903,-0.0681833178,0.73271,-0.0270187482,0.444084734,0.0489150882,0.815953,-0.029922707,0.207142904,-0.0635543913,0.765417099,-0.0624245442,0.141609266,0.0779515207,0.809526861,-0.0915386751,0.560148776,-0.0835131332,0.755333662,-0.15209128,0.444483072
4516.66666666666,-0.0159619,-0.597395718,0.0096820984,0.999770224,-0.00544042932,-0.614582419,0.024001848,0.999621034,-0.00252285763,-0.616687775,0.0344021507,0.999483407,-0.00384841859,-0.616304934,0.0291816741,0.999691725,-0.025887657,-0.623895,0.016477624,0.999785304,-0.0243217405,-0.621300638,0.00420347694,0.999785781,-0.0211171601,-0.610750735,0.0225460511,0.999874771,0.0645270944,-0.599916041,0.114765175,0.999586463,-0.0737686828,-0.549696267,0.130233243,0.999531746,0.0241599474,-0.586611867,0.0516315959,0.999546051,-0.0161999818,-0.548475742,0.0288918111,0.999510348,0.161318645,-0.422718436,0.182071045,0.999928117,-0.116734602,-0.491952568,0.213485301,0.999938965,0.144357443,-0.28338474,0.0818945,0.684357524,-0.0917872712,-0.27441287,0.0755555704,0.852743328,0.0145349642,-0.290708959,0.0293644629,0.70135206,0.0726887882,-0.306274503,-0.0326681,0.939048529,-0.0328797475,-0.305233359,0.0267630666,0.656644464,0.150480077,-0.323361784,-0.0864206329,0.910006523,-0.0425019227,-0.322841316,0.0357725173,0.636850953,0.17871812,-0.38736558,-0.0741340369,0.89769274,0.00908198208,-0.287711829,0.033075314,0.538627863,0.0928877369,-0.33251521,-0.0344274677,0.833528817,0.0955397785,0.00492436439,0.0245604664,0.999964,-0.0938752666,-0.00929571781,-0.0226042829,0.999968529,0.0823932886,0.42887938,-0.0852564946,0.564163,-0.0788639188,0.353595108,-0.116185732,0.573147655,0.0703467801,0.781705856,-0.0379625522,0.5355075,-0.0683432296,0.732538879,-0.0234068371,0.446560204,0.0489044301,0.815629721,-0.0291794576,0.207214266,-0.0637643337,0.765314937,-0.0582782142,0.142921269,0.0776649639,0.809642851,-0.0902620181,0.559292555,-0.082920596,0.755562246,-0.147907734,0.446330547
4533.333333333327,-0.0158827025,-0.597400546,0.00350507488,0.999770582,-0.00535238255,-0.614559472,0.0171161778,0.999623775,-0.00244735531,-0.616676152,0.0276862495,0.999486744,-0.00377910282,-0.616289318,0.0225691684,0.999695301,-0.0257235784,-0.623937905,0.00882006902,0.999786675,-0.0241742283,-0.62133652,-0.00347638433,0.999786317,-0.0210018493,-0.610779703,0.0149271814,0.999875307,0.0640772805,-0.599777043,0.108692899,0.999591172,-0.0739728734,-0.549945056,0.120233126,0.999531448,0.0241288356,-0.586606383,0.0458316281,0.999550581,-0.0162213482,-0.548545361,0.0217589922,0.99951309,0.159623027,-0.422139615,0.176763907,0.999928653,-0.118454859,-0.492265582,0.210019454,0.999937892,0.142950758,-0.281768,0.0803985149,0.683455,-0.0921187103,-0.274929047,0.0724181384,0.849768698,0.0128510287,-0.293426663,0.0278212205,0.701163054,0.072094135,-0.316025466,-0.0344412439,0.935560048,-0.0349560678,-0.311016679,0.0257262345,0.655872762,0.149638653,-0.337291926,-0.0872062,0.905173063,-0.043856252,-0.329738796,0.0344437547,0.635905564,0.175949797,-0.401133776,-0.0744521618,0.892090321,0.00778100453,-0.291590124,0.0315512605,0.53726536,0.0915992,-0.343370706,-0.0359118804,0.82608068,0.0953591093,0.00492264144,0.0245584231,0.99996388,-0.0936649442,-0.00929626171,-0.022602858,0.999968171,0.0820548311,0.428761214,-0.0841803402,0.558866084,-0.07920257,0.353512168,-0.115712553,0.567455769,0.0703375638,0.781552136,-0.0341609493,0.530455947,-0.0684565157,0.732514,-0.0203437302,0.441878378,0.0489010848,0.815464199,-0.0251479242,0.204391822,-0.0638708174,0.765304685,-0.0548781827,0.141468287,0.0771298334,0.809781432,-0.0864892751,0.554334342,-0.0829941183,0.755645096,-0.144043431,0.441403538
4549.999999999994,-0.0159145687,-0.597400665,0.0032958244,0.999776661,-0.00536510581,-0.614542484,0.0168732237,0.999635,-0.00246413,-0.616667032,0.0274284724,0.999501,-0.00379754463,-0.616278231,0.0223106034,0.999703944,-0.0257402249,-0.623959541,0.00869483221,0.999793649,-0.0241918787,-0.621355653,-0.00360106048,0.999793053,-0.0210273527,-0.610798597,0.0147952614,0.999879479,0.0638587326,-0.599647403,0.108227991,0.999601781,-0.0743984953,-0.550070524,0.120108835,0.999546707,0.0239107423,-0.586574733,0.0455296487,0.999560654,-0.0164547674,-0.548565567,0.0216515046,0.99952513,0.158575341,-0.421639353,0.176118731,0.999928176,-0.119429246,-0.492365897,0.209720924,0.999938369,0.14129746,-0.281683743,0.0792287141,0.68181181,-0.0922186747,-0.275874734,0.0708419,0.851782262,0.0113383755,-0.29796508,0.0265286714,0.700349748,0.071710594,-0.324536979,-0.0354302898,0.936728954,-0.0362469144,-0.317992628,0.0242834147,0.654557288,0.148948506,-0.348244429,-0.0879179239,0.906575382,-0.0447157472,-0.336485118,0.0330000259,0.634269714,0.174768239,-0.412549406,-0.0746137574,0.893555284,0.00652273558,-0.296698302,0.0302300304,0.535622537,0.0908993781,-0.352484912,-0.0365877897,0.82820195,0.0952946693,0.00491877599,0.0246303584,0.999963701,-0.0936005488,-0.00929771,-0.0226883329,0.999968171,0.082013987,0.428691655,-0.0835872293,0.555883944,-0.079258427,0.353446275,-0.115791269,0.567583561,0.0704739243,0.781519413,-0.033035621,0.527739644,-0.0685777292,0.732382655,-0.0186292119,0.441110164,0.0490432344,0.815442622,-0.0237412844,0.203497842,-0.0640296116,0.765184939,-0.0529551618,0.141744673,0.0770233721,0.809854329,-0.0849100053,0.5527457,-0.0825898275,0.755820274,-0.142323419,0.441405326
4566.666666666661,-0.0158812478,-0.597781599,-0.000735043781,0.999786198,-0.00531483535,-0.614853859,0.0130772637,0.999651134,-0.00242839195,-0.61699748,0.0236085374,0.999521911,-0.00377159938,-0.616601825,0.0186585337,0.999716222,-0.0257207584,-0.62450093,0.004113812,0.999803364,-0.0241799876,-0.621911108,-0.00825678,0.999802649,-0.0210151356,-0.611320496,0.0102429716,0.999885201,0.0634699,-0.600014746,0.106088132,0.999617159,-0.0752246827,-0.551445484,0.115017645,0.999567926,0.0238529146,-0.586899638,0.0422997288,0.999575377,-0.016527107,-0.5492239,0.0173467491,0.999542415,0.15713881,-0.421921581,0.175208673,0.999927521,-0.120565102,-0.494562536,0.204722509,0.999939084,0.140190125,-0.282955557,0.077263549,0.681063116,-0.0925051346,-0.281318516,0.0608467571,0.855644524,0.0101022534,-0.307006627,0.0247904323,0.700404,0.0713809952,-0.335735023,-0.0440657437,0.938463509,-0.0377547368,-0.328808188,0.0233073868,0.653794706,0.148165122,-0.360608399,-0.0959921554,0.908512056,-0.0461135395,-0.347178876,0.0322081558,0.633204937,0.173531249,-0.424078614,-0.0812212229,0.895578623,0.0052974741,-0.305952728,0.0287135504,0.534441292,0.0902278647,-0.363324404,-0.0443480536,0.831052065,0.0951405,0.00492849061,0.0249657743,0.999963522,-0.0934493542,-0.00931644,-0.0230284873,0.999968171,0.0820706636,0.428281456,-0.082393,0.554443955,-0.079253681,0.353340715,-0.115738966,0.568120658,0.0708262324,0.781342685,-0.0285738297,0.526467919,-0.0686572939,0.732030332,-0.017041279,0.440432787,0.0493668281,0.815300584,-0.0189069435,0.204071328,-0.0641900152,0.764813542,-0.0509675071,0.141951099,0.0769735873,0.809720576,-0.0799348354,0.553247273,-0.0825813934,0.755852401,-0.140114069,0.441622883
4583.333333333328,-0.0160885155,-0.597841263,-0.000793645275,0.999794662,-0.00542350812,-0.614867,0.0129970778,0.999665,-0.00253729778,-0.617021084,0.0235267989,0.999539733,-0.00389584783,-0.616618454,0.0185675882,0.999726534,-0.0258451439,-0.624609888,0.00403707894,0.999812126,-0.0243093316,-0.622017324,-0.00832461379,0.999811411,-0.0211489331,-0.611434281,0.0101779057,0.999890506,0.0630342439,-0.599908769,0.105896264,0.999629736,-0.0759381428,-0.551751554,0.114999145,0.999587715,0.0232724436,-0.586897969,0.0421700627,0.999588907,-0.017138442,-0.549323678,0.0172551926,0.999559641,0.155527428,-0.421489954,0.174794897,0.999926925,-0.121833742,-0.494886369,0.204723403,0.999940574,0.13846831,-0.282719642,0.0763862878,0.680585563,-0.0930982679,-0.28234151,0.0610961,0.860061824,0.00897612423,-0.309066355,0.0240024365,0.701023042,0.0702702478,-0.338782221,-0.0440643728,0.941224039,-0.0386495478,-0.33190316,0.0225148033,0.653457522,0.146630526,-0.364248604,-0.0960082412,0.912105203,-0.0466438755,-0.349825948,0.0315011255,0.632469177,0.171849653,-0.427664429,-0.0813004151,0.89957118,0.00435882108,-0.308128953,0.0279290788,0.533719599,0.0888595134,-0.366445184,-0.0443509109,0.836904764,0.0950016,0.00492536509,0.025036566,0.999963105,-0.0933157578,-0.00931828469,-0.0231082328,0.999968171,0.0820025057,0.427775651,-0.0824261904,0.551627874,-0.0791718587,0.353239655,-0.115890339,0.567845881,0.0709766373,0.781314969,-0.0277314745,0.522210896,-0.0687515959,0.731847942,-0.0163328983,0.438286275,0.0495145768,0.815292,-0.0179878902,0.202977553,-0.0643114299,0.764619172,-0.0501938127,0.141658917,0.0768653,0.809759319,-0.0791760311,0.550767601,-0.0822659,0.755863249,-0.139532983,0.440719366
4599.9999999999945,-0.0160848275,-0.597757697,-0.00434902543,0.999797404,-0.00535469316,-0.614736438,0.00933548342,0.99966985,-0.00247683842,-0.616898715,0.0198758915,0.999544919,-0.00384817156,-0.616486907,0.0149864852,0.999729276,-0.0258012768,-0.624587,0.000359391328,0.999815762,-0.0242744461,-0.621997476,-0.0119836694,0.999815166,-0.0211102907,-0.611404479,0.00654971274,0.99989295,0.0630128384,-0.599816918,0.102970853,0.999632418,-0.0760355294,-0.551906705,0.111750923,0.999597311,0.0232459642,-0.58681637,0.038997747,0.999591112,-0.0171595383,-0.549327075,0.0138514508,0.999564588,0.155516014,-0.421318918,0.173534364,0.999925256,-0.121877879,-0.495689452,0.202491224,0.999941349,0.138485163,-0.281521976,0.0758799,0.677816093,-0.0930520594,-0.284206122,0.0582824945,0.864152074,0.00854157936,-0.308836162,0.0241822526,0.699714363,0.0697339177,-0.342275947,-0.0477251038,0.943941176,-0.0395899862,-0.331198305,0.0234553777,0.651425362,0.145331666,-0.36795029,-0.099649772,0.915686607,-0.0474742688,-0.349049747,0.0323304087,0.630162537,0.170442253,-0.430886656,-0.0845614523,0.903552055,0.00384101272,-0.30790779,0.0282214526,0.531398356,0.0880315751,-0.369755596,-0.0478583388,0.842757,0.0948889479,0.00501849642,0.0250782873,0.99996233,-0.0932007208,-0.00943169,-0.0231508166,0.999967813,0.0819674581,0.427689731,-0.082106635,0.547780931,-0.0790958181,0.353150368,-0.11584302,0.566669,0.0710938573,0.781426251,-0.0258994,0.52015835,-0.0688281506,0.731840134,-0.0159102082,0.437939376,0.0496001802,0.815461278,-0.0160791017,0.202465072,-0.0643750876,0.764646232,-0.0497924,0.141876817,0.0763258,0.810707,-0.0766573399,0.549960852,-0.0824522451,0.756525159,-0.139328539,0.441208124
4616.6666666666615,-0.0161091499,-0.597257197,-0.00467381859,0.999800742,-0.00536473375,-0.614237309,0.00907648169,0.999674737,-0.00248789275,-0.616417289,0.0196090136,0.999550641,-0.00386468065,-0.615983546,0.014714404,0.9997316,-0.0258232616,-0.624222696,-3.81313548e-005,0.999819696,-0.0242988467,-0.621648,-0.0123954639,0.999819458,-0.0211327244,-0.61104548,0.00616328185,0.999895513,0.0625228211,-0.599591374,0.102908857,0.99963516,-0.076737389,-0.551922739,0.111343555,0.999608457,0.0229829345,-0.586388946,0.0388192572,0.999592245,-0.0174111184,-0.549095273,0.0134930369,0.999569535,0.15475139,-0.421347,0.17328088,0.99992311,-0.122526124,-0.496036589,0.201766983,0.999942064,0.138486072,-0.281791538,0.0746291578,0.674872279,-0.0932119489,-0.285716116,0.0566142052,0.868795395,0.00851567741,-0.308912694,0.0212608408,0.698364377,0.0679891,-0.344564,-0.0493019037,0.946984172,-0.0396101,-0.330825031,0.0205528475,0.649717867,0.142619,-0.370195776,-0.101399139,0.919892371,-0.0475472882,-0.348556638,0.0296121407,0.628149629,0.168008834,-0.433023542,-0.0863019079,0.908278,0.00379005098,-0.307752281,0.0252534039,0.529494405,0.085933812,-0.371925384,-0.0494365953,0.849774718,0.094809182,0.00502787903,0.0251176842,0.999961853,-0.0931198448,-0.00945081376,-0.0231938381,0.999967694,0.0819497332,0.427684486,-0.0820303,0.548812211,-0.0790931955,0.353130966,-0.115817785,0.570309103,0.0710916668,0.781889439,-0.0256615113,0.522449732,-0.0692255795,0.732307494,-0.0163368341,0.443312436,0.0495757051,0.816033185,-0.0157634951,0.204598069,-0.0650424659,0.765263,-0.0503729694,0.144934297,0.0761183202,0.811644614,-0.0764197,0.552729905,-0.084275879,0.757329226,-0.140115276,0.4468548
4633.3333333333285,-0.0161248446,-0.5969944,-0.00529530738,0.999804497,-0.00533314841,-0.613995075,0.00865424145,0.99968,-0.00246124039,-0.616180122,0.0191806909,0.999556601,-0.00384587282,-0.615733206,0.0142872734,0.999733806,-0.0258302484,-0.624067485,-0.000564939284,0.999823868,-0.0243081301,-0.621513486,-0.0129409758,0.999824047,-0.02114035,-0.610902309,0.00564204855,0.999898195,0.0624680221,-0.599550486,0.102861486,0.999637365,-0.0773794204,-0.552048147,0.111216038,0.999619901,0.0229011085,-0.586184263,0.038494736,0.999591768,-0.0175717045,-0.549026608,0.013045962,0.999573529,0.154454052,-0.42159453,0.173080251,0.99992,-0.123050451,-0.496800631,0.201538339,0.999942541,0.138493285,-0.282558203,0.0728051364,0.671499,-0.0936493129,-0.288574487,0.0547360368,0.873652101,0.008388591,-0.308676571,0.0193370953,0.69604975,0.0652044,-0.348024637,-0.0532338284,0.950181186,-0.0398148373,-0.33018446,0.0187156834,0.646862626,0.138657898,-0.373847544,-0.1061906,0.924342632,-0.0480343625,-0.347905368,0.0279948935,0.625007033,0.164770588,-0.436372221,-0.0909851044,0.913312137,0.00351434,-0.3073439,0.0234031193,0.526435614,0.0829234272,-0.375137419,-0.0533945672,0.857278347,0.0947868,0.00505262474,0.0251175296,0.999960959,-0.0930994526,-0.00948818214,-0.0231937356,0.999967396,0.0818319917,0.427782,-0.0819303319,0.549878776,-0.0791346058,0.35300684,-0.11574395,0.572883368,0.0710001662,0.782173276,-0.0243518632,0.524157405,-0.0697543398,0.732404292,-0.0159104709,0.447404832,0.04941,0.81636554,-0.0144371772,0.206455767,-0.065847151,0.76540786,-0.0499113,0.147544026,0.0755135417,0.812061965,-0.074866645,0.55470717,-0.0866789073,0.757412374,-0.139709771,0.451181591
4649.999999999995,-0.0160993766,-0.596806884,-0.0100210803,0.999808788,-0.00525685679,-0.613853574,0.00400711736,0.999686539,-0.00239265058,-0.616035581,0.0145569779,0.999564588,-0.00379039231,-0.615584,0.00969874393,0.999737561,-0.0258166194,-0.623971343,-0.00547960261,0.999828398,-0.0242992528,-0.621431291,-0.0179346837,0.999828815,-0.0211283546,-0.61080271,0.000754501147,0.999900937,0.0624002591,-0.599573135,0.0995705798,0.999641955,-0.0777765661,-0.552288115,0.106723823,0.999631643,0.0228750724,-0.586075127,0.0343527682,0.999593616,-0.0176128317,-0.549002945,0.00860214,0.999578655,0.154306918,-0.422075599,0.170005098,0.999917746,-0.123293757,-0.49794206,0.197931081,0.99994278,0.138503179,-0.283023953,0.0652548894,0.669289708,-0.0936533958,-0.291132063,0.0495302342,0.877585,0.00836437382,-0.308530241,0.0103915082,0.693732917,0.0649554059,-0.349194884,-0.0577312186,0.952609837,-0.0398450717,-0.329746783,0.00969622936,0.64408648,0.138177,-0.374423444,-0.110597521,0.927604914,-0.0481607541,-0.347422361,0.0191292036,0.622005,0.164441928,-0.436680853,-0.0953802243,0.916971385,0.00345538207,-0.307052493,0.0145144,0.523485899,0.0826211423,-0.376010627,-0.0578877181,0.862616301,0.0947318,0.00507158134,0.0251056552,0.999960363,-0.0930457339,-0.00951399095,-0.0231814515,0.999967158,0.0816316232,0.427784503,-0.0817895085,0.550949156,-0.0793302059,0.352740824,-0.114848852,0.574544,0.0709524378,0.782312572,-0.0224429667,0.526276767,-0.0702870116,0.73249054,-0.0146937231,0.450774848,0.0493356325,0.816536844,-0.0123673156,0.208343878,-0.0665886775,0.765548706,-0.0486604609,0.149516642,0.0748982728,0.812311888,-0.0724843144,0.557301342,-0.0887505,0.757707775,-0.138205886,0.454896837
4666.666666666662,-0.0155324098,-0.596571147,-0.00996501837,0.999813497,-0.00463918876,-0.613598168,0.00406803703,0.999693274,-0.00180144422,-0.615787804,0.0146063613,0.999573231,-0.00321394252,-0.615326643,0.00975289755,0.999741793,-0.0252930764,-0.623816788,-0.00538880844,0.999833,-0.0237952974,-0.621296346,-0.0178450663,0.999833703,-0.0206145477,-0.61066705,0.000837717147,0.999903619,0.0622607358,-0.599372625,0.100177899,0.999648,-0.0780226961,-0.552355528,0.106659375,0.999643087,0.022912778,-0.585810959,0.0344169,0.999599397,-0.0175801907,-0.548921049,0.00862433203,0.999587238,0.153558344,-0.42208311,0.170335814,0.999917,-0.124362677,-0.498307168,0.197567225,0.999943376,0.139484391,-0.282977313,0.0652235746,0.669383764,-0.0938497484,-0.291677922,0.0484745577,0.88141489,0.00894277822,-0.308428347,0.00883271,0.695604384,0.0645143613,-0.349345505,-0.0598523431,0.955070257,-0.0394200161,-0.329582572,0.00764784077,0.645899296,0.137590274,-0.374461234,-0.11305353,0.931034744,-0.0481687635,-0.347174317,0.0169691779,0.623783112,0.163919538,-0.436818331,-0.0979881361,0.920846701,0.00370482891,-0.306935698,0.0128405681,0.525223672,0.0820908323,-0.376137704,-0.0600134134,0.868313432,0.0946965888,0.00507253129,0.0251952056,0.999959648,-0.0930111408,-0.00951861124,-0.0232637376,0.999966681,0.0816246197,0.427618593,-0.0814850107,0.553444624,-0.0793075562,0.352517307,-0.114819363,0.576619923,0.0710686818,0.782229662,-0.0212739501,0.528890491,-0.0704095438,0.732487738,-0.014544786,0.453728944,0.0494210646,0.816483915,-0.0111229373,0.210816547,-0.0668053478,0.765553594,-0.0484867,0.151343226,0.0748644695,0.812320888,-0.0712564364,0.559771717,-0.08896707,0.75776124,-0.138048112,0.457434595
4683.333333333329,-0.0142308921,-0.597238898,-0.0161612015,0.999814272,-0.00326667,-0.614117801,-0.0016107487,0.999693155,-0.000478794362,-0.616312563,0.00883562,0.99957186,-0.00194625219,-0.61582756,0.00412875507,0.99974,-0.024100922,-0.624503076,-0.0121976146,0.999834418,-0.0226358399,-0.622066379,-0.0247184895,0.999835551,-0.019412946,-0.611373484,-0.0059923986,0.999904752,0.0621874444,-0.599568963,0.0962547,0.999645293,-0.0781561136,-0.553519309,0.097619161,0.999649405,0.0232413448,-0.586245537,0.0288361162,0.999599636,-0.0172243826,-0.549791753,0.00154773938,0.999591649,0.15323402,-0.422096252,0.167353764,0.999915183,-0.126010209,-0.499463558,0.190208465,0.999943554,0.141518608,-0.281362623,0.0618997291,0.665549159,-0.0938201919,-0.292141885,0.0417920202,0.884523511,0.0134875644,-0.30625096,-0.00169308134,0.692577362,0.0654584765,-0.350295842,-0.0665162578,0.957111061,-0.0345998406,-0.3271918,-0.00386260357,0.643340111,0.138494447,-0.375680834,-0.119622454,0.933799088,-0.044417616,-0.345450521,0.00452871667,0.621242404,0.16459544,-0.438242137,-0.10474813,0.923944831,0.0077382559,-0.304794401,0.00184543873,0.522527695,0.0828933343,-0.377150983,-0.0665926188,0.872649729,0.094671607,0.00508066686,0.0253156554,0.99995929,-0.0929863825,-0.00952641,-0.0233640056,0.999966502,0.0816678926,0.42760843,-0.0791420639,0.555054188,-0.0786967948,0.352507412,-0.112495,0.576445639,0.0724917725,0.78240025,-0.00750774797,0.532113552,-0.0703189895,0.732630491,-0.00243562856,0.456321597,0.0509398207,0.816728354,0.00406894693,0.212614283,-0.0668185204,0.765726507,-0.0349661522,0.151845708,0.0752361864,0.812912941,-0.0558581427,0.562896609,-0.0889822468,0.758137226,-0.125014767,0.459358782
4699.999999999996,-0.0142708104,-0.597620308,-0.0256255027,0.999812543,-0.00326680648,-0.614361823,-0.0112357456,0.999691486,-0.000481784198,-0.616583288,-0.000741252501,0.999569833,-0.00195244327,-0.616064,-0.0053110146,0.999739,-0.0241063107,-0.624942958,-0.0220247023,0.999833584,-0.0226425715,-0.6225425,-0.0346566401,0.999834657,-0.0194190703,-0.611814439,-0.0158189815,0.999904037,0.0615582801,-0.599583,0.0868293867,0.99964571,-0.0787547603,-0.554485083,0.0873001292,0.999648631,0.0228954554,-0.5864,0.0194311682,0.999599278,-0.0175272487,-0.550367832,-0.00815443695,0.999591649,0.152484789,-0.42210862,0.156806558,0.999915063,-0.129221246,-0.4997392,0.183022857,0.999942,0.141516596,-0.281169236,0.0489432365,0.668749273,-0.0936365426,-0.291704029,0.0369799137,0.884222329,0.0134053156,-0.307643861,-0.018348258,0.696555,0.0655715615,-0.349876285,-0.0696739629,0.957149088,-0.034701854,-0.329161048,-0.0210859608,0.647283912,0.138531655,-0.375324816,-0.12191464,0.933659852,-0.0445300676,-0.348096192,-0.0122174053,0.625240922,0.164384678,-0.438132018,-0.107593991,0.923738,0.00766554242,-0.306434453,-0.0147480043,0.526522398,0.0829187,-0.376851499,-0.0699546859,0.872028232,0.0946721435,0.00505819,0.0253294613,0.999959767,-0.092982471,-0.00949730258,-0.0233759731,0.999966621,0.0817505792,0.427672833,-0.0773387179,0.558472157,-0.0785851479,0.352692306,-0.1106859,0.578098,0.0726228729,0.782493472,0.00394571899,0.537253439,-0.0703597441,0.733621895,0.00818353239,0.461334795,0.0510842465,0.816846132,0.0167177804,0.21443966,-0.0668607,0.766801715,-0.0233175661,0.152785301,0.0752671,0.814758182,-0.0429423042,0.567778289,-0.08902964,0.761993587,-0.11335405,0.463315964
4716.666666666663,-0.0144686913,-0.599078417,-0.0318781845,0.999807596,-0.00330548501,-0.615536749,-0.0176654737,0.999684036,-0.000530549267,-0.617812455,-0.00716222357,0.99955982,-0.00201153336,-0.617218554,-0.0115800248,0.999733627,-0.0241990425,-0.626379609,-0.0279120617,0.999829292,-0.0227446966,-0.624050915,-0.0405156054,0.999830306,-0.019512767,-0.613270521,-0.0217051245,0.999901533,0.0613910034,-0.600050628,0.0798953176,0.999639511,-0.0790927485,-0.55614537,0.082723774,0.999639,0.022568671,-0.587386727,0.0129923942,0.999591529,-0.0178622939,-0.551881135,-0.0138961598,0.999583781,0.152227044,-0.422429621,0.148221552,0.999914706,-0.131095454,-0.50005,0.180956796,0.99993974,0.1414662,-0.281170309,0.0423593,0.671224475,-0.0936355516,-0.290370971,0.0367824435,0.882329524,0.0113729909,-0.307533443,-0.0209620539,0.697573543,0.0655857399,-0.349581629,-0.0706483796,0.95650655,-0.0372005776,-0.328877717,-0.0234287623,0.647822559,0.138582572,-0.37487933,-0.122863032,0.932585,-0.0477466322,-0.347952574,-0.0144468015,0.625822127,0.164062232,-0.437908739,-0.108990029,0.922526717,0.00536952587,-0.306319743,-0.017099442,0.526893497,0.0829085559,-0.376498491,-0.0712077,0.869962573,0.0947448909,0.00501873624,0.0252801348,0.999959826,-0.0930486396,-0.00944656413,-0.0233111158,0.999966383,0.0817869082,0.427734047,-0.0756861046,0.557463765,-0.0785309896,0.352722198,-0.10836748,0.574533701,0.073205024,0.782519519,0.0110668903,0.537552834,-0.0708337873,0.733928561,0.017994836,0.460669816,0.0517671518,0.816888452,0.024402732,0.21256569,-0.0674317405,0.767142117,-0.0127483886,0.15074417,0.0752673298,0.816907346,-0.0356965512,0.568487227,-0.0890358388,0.764559388,-0.10329362,0.462328821
4733.33333333333,-0.014982664,-0.599060297,-0.0303904805,0.999794126,-0.00351011287,-0.615460515,-0.0161698144,0.99966222,-0.000717960065,-0.617744267,-0.00567920366,0.999531,-0.00220733788,-0.617138624,-0.0101559516,0.999717653,-0.0243907813,-0.626358449,-0.0262776036,0.999816358,-0.0229394361,-0.624036491,-0.0388596505,0.999817312,-0.0197062194,-0.61326021,-0.0200789273,0.999893785,0.0613688305,-0.599756658,0.0808744803,0.999620736,-0.0791028887,-0.556270361,0.0843512788,0.99960953,0.0221489854,-0.587335527,0.0142967403,0.999569714,-0.0182275921,-0.551886439,-0.012363282,0.999559224,0.152224809,-0.422369272,0.148572624,0.999914587,-0.131730646,-0.50004524,0.181949064,0.9999367,0.141407534,-0.280248076,0.0429122448,0.672666132,-0.0935863703,-0.286031723,0.0415603556,0.876999438,0.0100874966,-0.304522753,-0.0196296442,0.69862932,0.065855667,-0.345940977,-0.0687950328,0.954358816,-0.0385771021,-0.324733078,-0.022556033,0.649205089,0.139236316,-0.372160763,-0.121504806,0.929665804,-0.0496766567,-0.344567478,-0.0135890553,0.627443373,0.164124265,-0.43667537,-0.108499669,0.919289172,0.00389530114,-0.303342,-0.0158352219,0.52796036,0.0830886886,-0.373840183,-0.0699121803,0.864669859,0.0948088616,0.00501038181,0.0249979384,0.99996,-0.093106553,-0.00942935,-0.0229950268,0.999966,0.0817837,0.427507877,-0.0757320151,0.556441,-0.0783209503,0.352467209,-0.108066365,0.570436478,0.0730343834,0.781916857,0.00917175133,0.537536919,-0.0713958144,0.733781099,0.0163928941,0.458524674,0.0515960827,0.81634444,0.0220034495,0.211402759,-0.068139039,0.767029345,-0.0148120271,0.148967862,0.0752518177,0.8169,-0.0379974432,0.56708318,-0.0903769806,0.764575303,-0.105424628,0.458578914
4749.999999999997,-0.0149878077,-0.59907341,-0.0298231915,0.999784589,-0.00349251367,-0.615459681,-0.0154802874,0.999648154,-0.000696586212,-0.617747545,-0.00499519147,0.999513924,-0.00218878826,-0.61713922,-0.00949079357,0.999709249,-0.0243565552,-0.626357913,-0.0256680325,0.999806285,-0.0229047891,-0.624038935,-0.0382302254,0.999806404,-0.0196641218,-0.613265157,-0.0194677953,0.999887049,0.0613881797,-0.599778116,0.0816473663,0.999611318,-0.078827858,-0.556306303,0.085076116,0.999581218,0.0221805144,-0.587375522,0.0150129544,0.999552846,-0.0181449316,-0.551928401,-0.0117870513,0.999535143,0.152362883,-0.422511846,0.148890525,0.99991554,-0.131683797,-0.500060618,0.183385164,0.999932706,0.141264632,-0.280222118,0.0438311473,0.673749924,-0.093493,-0.285198092,0.0463406481,0.868641198,0.0100514125,-0.302515775,-0.0182273481,0.698297203,0.0660882518,-0.344375312,-0.0618163198,0.94850558,-0.0386074521,-0.321405083,-0.0208441187,0.649200559,0.139878929,-0.370293826,-0.113865234,0.921990454,-0.049687136,-0.34137392,-0.0117937149,0.627664089,0.164155155,-0.435485214,-0.102119833,0.910687923,0.00386321754,-0.301133215,-0.0143302446,0.527993739,0.0832166672,-0.37259087,-0.0635928214,0.852743,0.0948719233,0.00498601235,0.0247734617,0.999960601,-0.0931552202,-0.00938607939,-0.0227562953,0.999965966,0.082595937,0.427154779,-0.0764537901,0.558781445,-0.0783189163,0.352220446,-0.107798912,0.56804651,0.07303489,0.780593157,0.00578375533,0.538924694,-0.0718706,0.733548,0.0151618868,0.457200438,0.0515920706,0.814947963,0.0185287409,0.210743025,-0.0686368495,0.766847372,-0.0163434334,0.147870213,0.0755647868,0.816858411,-0.0401394181,0.566523,-0.0916203409,0.764673829,-0.106152296,0.455413133
4766.666666666664,-0.0147740236,-0.598973632,-0.0296070334,0.999777615,-0.00328659662,-0.615367234,-0.015094,0.999637425,-0.000450413732,-0.617654622,-0.00462920405,0.999500275,-0.00195242907,-0.61703819,-0.00911560096,0.999702573,-0.024086874,-0.626274884,-0.0252691749,0.999799132,-0.0226465221,-0.623950183,-0.037897028,0.999798715,-0.0193968527,-0.613189518,-0.0191060565,0.999882519,0.0615416504,-0.599776,0.0820990354,0.999602914,-0.0785373077,-0.556310415,0.085442856,0.99956,0.0224402919,-0.587354362,0.0152384406,0.999539614,-0.0178147536,-0.551882148,-0.0115142595,0.999517322,0.152403891,-0.42269972,0.149271339,0.999916255,-0.131453142,-0.500071466,0.186908737,0.999930263,0.141472921,-0.280101746,0.0502144583,0.674012244,-0.0935159251,-0.283367,0.0546980426,0.863291085,0.010143389,-0.300244629,-0.00255023176,0.697784066,0.0660254583,-0.341324687,-0.0502560325,0.945285678,-0.0384866744,-0.31849885,-0.00445532,0.64855808,0.139909178,-0.367346287,-0.101540871,0.917623639,-0.0495851971,-0.338499486,0.00414756,0.627115846,0.163822204,-0.432891428,-0.0902488679,0.905727208,0.00398500124,-0.298823863,0.00123804167,0.527194,0.083057113,-0.369883686,-0.0522792041,0.845641553,0.0948648825,0.00497662462,0.0246295631,0.999960661,-0.093141377,-0.00936597306,-0.0226097461,0.999965549,0.0827693865,0.42686972,-0.0772937089,0.560619295,-0.0783260912,0.351696849,-0.107752301,0.565687776,0.0728376508,0.78026396,-0.00118240796,0.539242625,-0.0720956,0.733353257,0.0142476577,0.455760807,0.0513319559,0.814623833,0.0106513659,0.210228056,-0.0689006075,0.766731441,-0.0175407734,0.147143334,0.0755641535,0.81682086,-0.046786841,0.565199852,-0.0923176557,0.764599621,-0.106864721,0.452437907
4783.333333333331,-0.0147208897,-0.597984552,-0.0294134039,0.99976784,-0.00321803149,-0.614448845,-0.0147052454,0.999621034,-0.000353249779,-0.616714358,-0.0042673219,0.999478042,-0.00186272361,-0.616077662,-0.00873710494,0.999690533,-0.0239689872,-0.625487685,-0.0249072853,0.999789417,-0.0225383248,-0.623121083,-0.0376133695,0.99978888,-0.0192818288,-0.612399936,-0.0187818855,0.999877,0.0616857745,-0.599447787,0.082427077,0.99958694,-0.0783355,-0.556220412,0.0857379138,0.999535859,0.0225274172,-0.586740851,0.0154909333,0.999519944,-0.017695738,-0.551246405,-0.0110894591,0.99949497,0.152474135,-0.422729492,0.150521651,0.999916196,-0.131167561,-0.500112176,0.189520881,0.999928832,0.142255813,-0.279835314,0.0591857173,0.672534704,-0.0936536565,-0.282365143,0.0601969436,0.859742641,0.0102454331,-0.298994601,0.0134902988,0.696302712,0.0658502504,-0.337159872,-0.0425040834,0.943612695,-0.0384692289,-0.317244053,0.0125335343,0.646772563,0.139942467,-0.362689555,-0.0934888348,0.915198207,-0.0495800227,-0.337307245,0.0211926904,0.625326633,0.163611755,-0.42797792,-0.081950888,0.902953148,0.00407980755,-0.297669947,0.0174714047,0.525030255,0.0828362,-0.365635931,-0.0444077849,0.841451585,0.0948386565,0.00498228939,0.0245995391,0.999960244,-0.0931073874,-0.00936591,-0.0225812234,0.999964833,0.0827345252,0.426581442,-0.0782423243,0.559888363,-0.0784142539,0.350864798,-0.107736319,0.561258435,0.0722090155,0.779980958,-0.00776378857,0.537398577,-0.0725522265,0.73276031,0.0124368686,0.452658504,0.0505678765,0.81433773,0.00322652282,0.208986536,-0.0694315955,0.766266227,-0.0197397638,0.145920664,0.0751935,0.816787183,-0.0541237965,0.562276781,-0.0929789618,0.763941884,-0.107804053,0.448233336
4799.999999999998,-0.0146913053,-0.597862661,-0.0300008617,0.99976629,-0.00314644841,-0.614379704,-0.0158923771,0.999619067,-0.000266716495,-0.616633356,-0.00537240272,0.999475598,-0.0017850888,-0.61599654,-0.00991120748,0.999690115,-0.0239239614,-0.625377715,-0.0252504814,0.999787211,-0.0225001182,-0.623004675,-0.0378059931,0.999785841,-0.0192417577,-0.612279,-0.0190416891,0.999875247,0.0631133839,-0.599623919,0.079798229,0.999585211,-0.0775058568,-0.556216,0.0867462829,0.999523818,0.0229611397,-0.586725116,0.0145668099,0.999515474,-0.0173301511,-0.551152825,-0.0109262811,0.999487519,0.154294476,-0.423995644,0.14774774,0.999917686,-0.128939509,-0.500125289,0.191206887,0.9999277,0.142358318,-0.281959563,0.0586919,0.677086592,-0.0938293338,-0.281946391,0.0633593202,0.855432451,0.0095943464,-0.299345672,0.0159588158,0.697362781,0.0658912733,-0.331484795,-0.0401041396,0.939777136,-0.0395507626,-0.317369193,0.015642371,0.646515965,0.140621856,-0.354989558,-0.0911031812,0.909543753,-0.050385911,-0.337316692,0.0248241238,0.624986589,0.164114311,-0.419354528,-0.079561308,0.896570802,0.00355782057,-0.297825933,0.0204640012,0.524403811,0.0829968303,-0.359328926,-0.0421032421,0.832747698,0.0948515,0.00496734818,0.0237644222,0.999960721,-0.0931144357,-0.00933658332,-0.0217469763,0.999965,0.0827855691,0.426578581,-0.0783393458,0.565044641,-0.0787469074,0.350745499,-0.105528697,0.561990917,0.0722068101,0.779971421,-0.00745085254,0.541383207,-0.0764336511,0.733127356,0.0147458585,0.455917746,0.0505619943,0.814318538,0.00365615427,0.209098041,-0.0737369955,0.766785264,-0.017319724,0.14648366,0.0750230253,0.817096889,-0.0538879707,0.56478,-0.0996888578,0.764994562,-0.104789056,0.450526386
4816.666666666665,-0.0147428084,-0.598014712,-0.0298911724,0.999761879,-0.00314597669,-0.61456579,-0.0161140375,0.999612033,-0.00026412835,-0.61680156,-0.00556373922,0.999466658,-0.00178442639,-0.61616689,-0.0101332618,0.999685884,-0.0239284374,-0.625551105,-0.0250141639,0.999781907,-0.0225082021,-0.623178,-0.0375071689,0.99977982,-0.0192468204,-0.612444282,-0.0187752917,0.999871731,0.0639916286,-0.600254297,0.0783786401,0.999578774,-0.0767679736,-0.556721389,0.0874739513,0.999505162,0.0230683088,-0.587008238,0.0143664731,0.999504387,-0.0172371063,-0.551366806,-0.0105229812,0.999472141,0.155518502,-0.425544471,0.145684794,0.999918401,-0.127395108,-0.500693321,0.19257313,0.999925792,0.142466262,-0.284435242,0.0567785092,0.680764675,-0.0939214379,-0.282030731,0.0654894635,0.849394202,0.00895215105,-0.300640404,0.0152115542,0.696863532,0.0659166127,-0.330045283,-0.038468305,0.934777,-0.0405004732,-0.318308532,0.0147942258,0.64502424,0.141031399,-0.352738321,-0.0895747915,0.902680933,-0.0511993431,-0.337959826,0.0240954831,0.62342304,0.164473236,-0.416979611,-0.0780654922,0.888877511,0.00300545804,-0.2988711,0.0197760817,0.522508919,0.0831069723,-0.357668191,-0.0405393727,0.822393477,0.094847694,0.00495390734,0.0231005624,0.999961138,-0.0931077525,-0.00930912,-0.0210887268,0.999965,0.0824605748,0.426548928,-0.0783769414,0.568031967,-0.0789254755,0.350639522,-0.103186011,0.560121059,0.071790494,0.779873848,-0.00747566344,0.544302166,-0.0772555918,0.73312819,0.016635092,0.456180483,0.0501636155,0.814193785,0.00363622187,0.209520698,-0.0745666921,0.766792297,-0.0154541908,0.146294251,0.0744679198,0.81700772,-0.0539851598,0.566450536,-0.101020865,0.764987409,-0.102411814,0.450069696
4833.333333333332,-0.0145165045,-0.598227143,-0.0345019922,0.99976,-0.00284211244,-0.614832461,-0.0212648232,0.999610603,4.85692581e-005,-0.617051065,-0.0106197242,0.999465168,-0.00149876834,-0.616412878,-0.0151574556,0.999686062,-0.0236800257,-0.625794172,-0.02987599,0.999779701,-0.0222688951,-0.623426378,-0.0422709547,0.999776661,-0.0189930946,-0.612658799,-0.0235437583,0.999869883,0.064596951,-0.600965679,0.0724994093,0.999578476,-0.0763064623,-0.557172835,0.0837233737,0.999494731,0.0235222895,-0.587314844,0.00964158401,0.999499381,-0.01678822,-0.551615596,-0.0146619743,0.999463677,0.155915901,-0.426612943,0.140151337,0.999919295,-0.126668647,-0.50113523,0.191186115,0.999923885,0.14231585,-0.285509288,0.051906988,0.684298754,-0.0940924436,-0.282216161,0.0646165833,0.844939709,0.00821363,-0.301990122,0.0150000444,0.696656942,0.0659940243,-0.330110222,-0.0392122529,0.930181444,-0.041309163,-0.319726408,0.0140806697,0.64348197,0.141529411,-0.352854639,-0.0902645886,0.896019101,-0.0516851731,-0.338946164,0.0232491549,0.621689737,0.164734066,-0.416933537,-0.078568,0.881322801,0.00247152615,-0.299981236,0.01934948,0.520636,0.083239466,-0.357682258,-0.0411936566,0.812440217,0.0948334038,0.00492624193,0.022875,0.999961615,-0.0930873305,-0.00926279649,-0.0208721701,0.999965131,0.0824671313,0.426540464,-0.0776966438,0.571500182,-0.0789312944,0.350556076,-0.10072574,0.558915675,0.0717158765,0.779863179,-0.00455455529,0.548554838,-0.0776007697,0.733213186,0.0220506433,0.457987487,0.0500878468,0.814175904,0.00700490968,0.210447133,-0.0749431625,0.766910136,-0.00955151673,0.146213382,0.0742765218,0.817581415,-0.0500748046,0.570218563,-0.10107445,0.765929937,-0.0949856043,0.451623142
4849.999999999999,-0.0142178852,-0.598587513,-0.0361575559,0.999757826,-0.00250095339,-0.615203857,-0.0229424797,0.999607801,0.000385435793,-0.617424905,-0.0123026893,0.999461889,-0.00118602673,-0.616781533,-0.0168242194,0.999684751,-0.0233894456,-0.62615943,-0.0317276046,0.999777198,-0.0219746716,-0.62381047,-0.0441454053,0.999773681,-0.0186891314,-0.613017,-0.0253866315,0.999868095,0.0647125915,-0.60142827,0.0708405674,0.999576688,-0.0761712119,-0.557691336,0.0815940425,0.999486506,0.023808904,-0.587659836,0.00798077416,0.999493659,-0.016489869,-0.552006602,-0.0164979231,0.999455869,0.156031,-0.427010894,0.138652191,0.999919534,-0.126661107,-0.501720607,0.188628733,0.999921918,0.142370567,-0.285630286,0.0472560041,0.686613917,-0.0941476822,-0.283076257,0.059937153,0.841963828,0.00819795951,-0.30352214,0.00693021,0.696534514,0.066295892,-0.331463367,-0.0418095514,0.9272843,-0.0413086563,-0.321748704,0.00614604726,0.642798424,0.142131552,-0.354396403,-0.092462495,0.891701,-0.0516850427,-0.341163129,0.0156005034,0.620961547,0.16517584,-0.418599963,-0.0805871412,0.876412749,0.00246050744,-0.301630795,0.011422243,0.51969,0.083579585,-0.359075963,-0.0436614193,0.805652082,0.0948308,0.00489783939,0.0228500199,0.999961853,-0.0930828825,-0.00922218524,-0.0208484903,0.999965072,0.0824746937,0.426493049,-0.076942943,0.572697818,-0.078545481,0.350415647,-0.100368544,0.556160271,0.0716949254,0.779851854,-0.0028104682,0.550705135,-0.0774615407,0.733221233,0.0231074281,0.457253247,0.0500683375,0.814166367,0.00895377249,0.210569829,-0.0748185813,0.766928673,-0.00836840272,0.145359084,0.0742319375,0.817925513,-0.0483901091,0.572048366,-0.10092546,0.766148269,-0.0938940346,0.450756282
4866.666666666666,-0.0140452087,-0.598536,-0.0337579,0.999752462,-0.0022280803,-0.615107596,-0.0200850144,0.999599397,0.000654021685,-0.617341399,-0.00948415324,0.999451101,-0.0009236646,-0.616692066,-0.0140166171,0.999678433,-0.0231517851,-0.626102746,-0.0290962905,0.999772191,-0.0217369627,-0.623763621,-0.0415625349,0.999768555,-0.0184478182,-0.612973392,-0.0227948669,0.999864936,0.0647575408,-0.601179123,0.0742243454,0.999568939,-0.0761457458,-0.557697237,0.0840742737,0.999474227,0.0238854103,-0.587567627,0.0104544247,0.999479473,-0.016431082,-0.551983774,-0.0142843463,0.999440432,0.155932829,-0.426688731,0.139395222,0.99991864,-0.126959845,-0.501786053,0.189783454,0.999919534,0.142126858,-0.285488784,0.0468545668,0.683669508,-0.0940879881,-0.283412516,0.0599332154,0.835777521,0.00815627445,-0.303526133,0.00350966654,0.690292239,0.0662158206,-0.332031369,-0.0421099737,0.923646271,-0.0412690826,-0.321767837,0.00211819983,0.636642814,0.141964123,-0.355123132,-0.0928537175,0.887026668,-0.0516668521,-0.341163695,0.011755432,0.614676595,0.164800614,-0.41933921,-0.0809505135,0.871181965,0.00243195565,-0.301632673,0.00787768327,0.51342994,0.0834326223,-0.359643251,-0.0439431816,0.798454642,0.0948818475,0.00489248289,0.0228008404,0.99996233,-0.0931234583,-0.00921407063,-0.020796895,0.99996525,0.0825352743,0.426503748,-0.0770550221,0.575504839,-0.0784351826,0.350459576,-0.100656405,0.555910468,0.0715603307,0.779932678,-0.00387746328,0.554409087,-0.0774428472,0.733338892,0.0228726584,0.458303809,0.0498967618,0.814273536,0.00777167454,0.211578891,-0.0748023093,0.767041743,-0.00863685459,0.145338506,0.0741729215,0.818457842,-0.0504863635,0.574427307,-0.100797877,0.766612113,-0.0944561139,0.450633585
4883.333333333333,-0.0138021745,-0.597534895,-0.0286978576,0.999750614,-0.00203291839,-0.614013076,-0.0142842131,0.999593616,0.000872333359,-0.616283059,-0.00377304666,0.999443293,-0.000724286074,-0.615610301,-0.00838565733,0.999672711,-0.0229385588,-0.625182211,-0.0244777258,0.999770105,-0.0215246826,-0.622865558,-0.0369549766,0.999767184,-0.0182340201,-0.612129033,-0.0181928687,0.999863803,0.0640848577,-0.599957705,0.0822692588,0.9995628,-0.0768149793,-0.557442546,0.0869973525,0.999472082,0.0238757785,-0.58654207,0.0161684304,0.999470711,-0.0164486729,-0.551273286,-0.0101420833,0.999434471,0.153524801,-0.425764292,0.14663285,0.999917388,-0.129206792,-0.50189513,0.190943778,0.999918938,0.142111391,-0.284062415,0.0486130156,0.681599796,-0.0946249068,-0.284804195,0.0598737709,0.835939,0.00870378222,-0.303831279,0.00313334214,0.687767088,0.0656142086,-0.334822029,-0.0422127135,0.924777687,-0.0403259657,-0.322791845,0.00147301494,0.633798718,0.141242072,-0.358658433,-0.0929203629,0.888266623,-0.0510341898,-0.342222422,0.0112900268,0.611576736,0.16391477,-0.422202528,-0.0809228197,0.872495651,0.00288467202,-0.302053124,0.00745472591,0.510106802,0.0826618,-0.36218,-0.0439315252,0.79984957,0.0948793441,0.00488117849,0.0229119863,0.999962091,-0.0931177512,-0.00920195412,-0.0209143106,0.999965,0.0825277641,0.426444769,-0.0772248879,0.578359962,-0.0783920139,0.350446969,-0.102415472,0.557197,0.0708775073,0.779738247,-0.00612766854,0.555904269,-0.077509433,0.733326852,0.0153233157,0.459072769,0.0490005277,0.814061105,0.00522312103,0.212526456,-0.0749487802,0.767016828,-0.0169400666,0.145851433,0.0739699155,0.81797,-0.052843295,0.574285686,-0.100842923,0.766231358,-0.103433229,0.449712157
4900.0,-0.0132446727,-0.596914649,-0.0264056902,0.999757826,-0.00142691517,-0.613317,-0.0112247542,0.999603629,0.001513222,-0.615584671,-0.000733764,0.999454677,-0.000132441259,-0.61490041,-0.00537353242,0.999678135,-0.0224241577,-0.624731541,-0.0223034266,0.999777734,-0.021034725,-0.622394145,-0.0347460248,0.99977529,-0.0177447833,-0.611699,-0.0159796514,0.999868691,0.0639127046,-0.598826289,0.0881141946,0.99956888,-0.0776014701,-0.557379544,0.0886143893,0.999492824,0.0238898247,-0.585766196,0.0192188378,0.999477804,-0.0164573472,-0.550846457,-0.00819961727,0.999448776,0.151289016,-0.424190372,0.153390273,0.999914289,-0.131103501,-0.502203703,0.191269338,0.999920547,0.142150342,-0.283712685,0.0517122522,0.676865458,-0.0960474,-0.288441956,0.0579487979,0.840717137,0.00972498674,-0.310171068,0.00474864477,0.681242585,0.0642109,-0.339262903,-0.0423427634,0.928369,-0.0390661322,-0.333583087,0.00352332043,0.625739813,0.139385164,-0.364425927,-0.0931434929,0.892662048,-0.0498112962,-0.352009088,0.0140737891,0.602689743,0.162162542,-0.426058412,-0.0808937475,0.877305329,0.00388458744,-0.308848917,0.00928924,0.50130415,0.0810445845,-0.365873,-0.0440877452,0.806353748,0.0947923288,0.00487994123,0.023130307,0.999961793,-0.0930243656,-0.00920557603,-0.0211645477,0.999965191,0.0825858191,0.426344514,-0.07730297,0.58112222,-0.0786152706,0.350434303,-0.104775205,0.560590208,0.0706702396,0.779694319,-0.00720899412,0.55638814,-0.0777802095,0.733403504,0.00791543629,0.46145153,0.0486369506,0.814012587,0.00396025926,0.213829905,-0.0754049271,0.767071486,-0.0248653069,0.147868767,0.0739523619,0.817147195,-0.0537259616,0.574253917,-0.101591446,0.765586555,-0.112256214,0.45140937
4916.666666666667,-0.0130368,-0.596923292,-0.0221374724,0.999762,-0.00112331298,-0.613306463,-0.00631652726,0.999608159,0.00180315424,-0.615575969,0.00411779853,0.999459743,0.000138563832,-0.614890814,-0.000538782508,0.999679,-0.0221819915,-0.6247437,-0.0178023018,0.999782145,-0.0208106153,-0.622410774,-0.0303069577,0.999780536,-0.0175038986,-0.611724675,-0.0115067502,0.999871612,0.0636714473,-0.598611891,0.0937582329,0.999570608,-0.0780468285,-0.557566285,0.0925059542,0.999507725,0.0238724127,-0.585743248,0.0236773696,0.999477446,-0.0165097937,-0.550887346,-0.00431174738,0.999455214,0.149832204,-0.424026906,0.15716289,0.999910891,-0.132252723,-0.503080785,0.191801608,0.999921083,0.141684383,-0.2839019,0.0517507419,0.676004171,-0.0962096676,-0.293786705,0.0557599291,0.845717847,0.00882946048,-0.313731581,0.00366787938,0.67990303,0.064061895,-0.3476533,-0.0439988561,0.932237267,-0.0401578583,-0.337369144,0.00242782244,0.623973608,0.138962492,-0.373718619,-0.0949399546,0.897793591,-0.0512211807,-0.35562405,0.0133349178,0.600446463,0.162025437,-0.434939176,-0.0820000246,0.883040249,0.00275199395,-0.312340647,0.00833723694,0.498992771,0.0808644295,-0.373967499,-0.0451846495,0.814377844,0.0947872624,0.0048680515,0.0231930614,0.999961555,-0.0930199772,-0.00919792429,-0.0212314054,0.99996531,0.0829310417,0.425631791,-0.0773334652,0.588394046,-0.0792312399,0.350302219,-0.105976097,0.567431033,0.0706973672,0.778002203,-0.00795349665,0.563750863,-0.0780974627,0.733237565,0.00549592124,0.468678504,0.048626475,0.812275112,0.00314908125,0.219423711,-0.075846009,0.766841292,-0.0273446646,0.152655557,0.0739056319,0.814858317,-0.0548694357,0.580157399,-0.102999792,0.764718533,-0.115351103,0.457499743
4933.333333333334,-0.0130349733,-0.596953511,-0.021976091,0.999770641,-0.00111864379,-0.613322258,-0.00623054709,0.999621511,0.00180572842,-0.615595043,0.00420820573,0.999477386,0.000138439544,-0.614910662,-0.000440565,0.999688387,-0.0221868325,-0.624790728,-0.0177105516,0.99979049,-0.0208181888,-0.62245822,-0.0302144028,0.999789298,-0.0175108947,-0.611780345,-0.0114072766,0.999876559,0.0629839,-0.598629236,0.0936951861,0.999583066,-0.0788867623,-0.557825923,0.0925641954,0.999528527,0.0236428268,-0.585762,0.0238660686,0.999489605,-0.016765628,-0.550967634,-0.00416114181,0.999471188,0.148251086,-0.42412886,0.157424167,0.99990958,-0.132796198,-0.503888667,0.191819891,0.999921918,0.141224369,-0.284958601,0.0515028648,0.679292321,-0.0962502956,-0.296804875,0.0517284796,0.851304,0.00861532334,-0.319339186,0.00220766035,0.68496418,0.0637705401,-0.356364846,-0.0487236194,0.93612045,-0.0403284021,-0.343744308,0.00107490656,0.628274262,0.138286218,-0.384340107,-0.0996878594,0.903016448,-0.0513829216,-0.361638635,0.0121697271,0.604496419,0.161290541,-0.445678174,-0.0857109874,0.88889575,0.00254938938,-0.317940116,0.00695096515,0.503031,0.0804140046,-0.383058697,-0.0491968468,0.822740257,0.0947220922,0.00485990476,0.0232204404,0.999960899,-0.0929547176,-0.00919325557,-0.0212624408,0.999964952,0.0830266327,0.425365776,-0.0777270496,0.59248507,-0.0801104456,0.350084096,-0.107190631,0.57166183,0.0707325,0.777873933,-0.00958363246,0.566755295,-0.0788503438,0.73325491,0.0026179587,0.472190797,0.0486195385,0.812146485,0.0013852386,0.221919626,-0.0767263249,0.766857505,-0.0303350724,0.155350387,0.0735816583,0.814536393,-0.0564656444,0.583110332,-0.104256362,0.764559567,-0.118011281,0.461154938
4950.000000000001,-0.0134977158,-0.596463323,-0.0226255748,0.999781549,-0.00142767187,-0.612801373,-0.00685870508,0.999639452,0.00147698936,-0.615076602,0.00357591221,0.99950093,-0.000192784311,-0.614404559,-0.00104228931,0.9997015,-0.0226035025,-0.624455512,-0.0184535347,0.999801159,-0.0212472565,-0.622118413,-0.0310016833,0.999800205,-0.0179391317,-0.611464083,-0.0121651478,0.999882817,0.0620209686,-0.598116457,0.0934355557,0.999600589,-0.0805831924,-0.557821751,0.0920483172,0.999554515,0.0226542857,-0.585169137,0.023451563,0.999509692,-0.017953746,-0.550688267,-0.0047865808,0.999494731,0.146878451,-0.423663318,0.157864898,0.999908686,-0.134125039,-0.50420773,0.190249816,0.999923646,0.139986634,-0.28457287,0.0511682704,0.68426,-0.0962645039,-0.299235523,0.0436779298,0.858299673,0.00599351106,-0.322019398,-0.00237393496,0.694541693,0.0628503934,-0.363684446,-0.0605630241,0.94043982,-0.0435766913,-0.347670227,-0.00367979216,0.637772799,0.136184052,-0.393167168,-0.112418614,0.909017384,-0.0543981567,-0.365955561,0.00737224286,0.614002824,0.159269765,-0.454406023,-0.0971363559,0.895680904,-0.000152846173,-0.321035951,0.0023949591,0.5126037,0.079164125,-0.390541375,-0.0602343306,0.832572043,0.0946366861,0.00486076437,0.0235589035,0.99996,-0.0928804725,-0.00920502283,-0.0216068476,0.999964476,0.0828413293,0.424982637,-0.076931268,0.59401983,-0.0806341693,0.349699646,-0.107850313,0.575876772,0.070349142,0.777907133,-0.00716448762,0.56837517,-0.0793005154,0.73319,0.00251393463,0.475458264,0.0480248667,0.812221766,0.00406518,0.224896923,-0.077297315,0.766770422,-0.0303528905,0.157940358,0.0728061274,0.814377308,-0.0538735278,0.58565104,-0.104502626,0.763807654,-0.118224688,0.465005159
4966.666666666668,-0.0135252867,-0.596256,-0.0233964659,0.999792695,-0.00143747986,-0.612623453,-0.00756261265,0.999658108,0.00145247579,-0.614890039,0.00290568965,0.999525905,-0.000215643187,-0.614227355,-0.00172909431,0.999715388,-0.0226347763,-0.624367,-0.0194368046,0.999812067,-0.021282021,-0.622015476,-0.0320665427,0.999811351,-0.0179703925,-0.611359537,-0.0131748402,0.999889135,0.0611893684,-0.598001838,0.0932804644,0.99962008,-0.0815698,-0.557843864,0.0904003829,0.999581277,0.0222632047,-0.584956169,0.0229197107,0.99953,-0.018367758,-0.550609171,-0.00578959798,0.999517679,0.14592734,-0.423655063,0.158318013,0.999907553,-0.134494707,-0.504792333,0.184482217,0.999925315,0.139712691,-0.28507942,0.0508522503,0.689323902,-0.0956440493,-0.303001016,0.0296520703,0.865950286,0.00411370676,-0.326137543,-0.00460159,0.704549432,0.0626465753,-0.368431687,-0.0736900717,0.944708169,-0.0463947132,-0.351774186,-0.00556636229,0.648155391,0.134917736,-0.39742735,-0.125524431,0.915092349,-0.0573336184,-0.370399952,0.00528113032,0.624518156,0.158326387,-0.458122283,-0.109111257,0.902566731,-0.00224518543,-0.325413078,9.49662062e-005,0.523869693,0.0787335783,-0.39497593,-0.0727004781,0.842797816,0.0943926647,0.00486681098,0.0242509432,0.999959052,-0.0926566646,-0.009229091,-0.0223336313,0.99996388,0.0824393183,0.424942136,-0.0757556781,0.597497165,-0.0806900859,0.349682689,-0.108375363,0.582124949,0.070013538,0.778401256,-0.00639115693,0.57339716,-0.079302527,0.733192146,0.00152506994,0.481668264,0.0475970767,0.812887073,0.00475033466,0.23129496,-0.0773158297,0.766763568,-0.0313792415,0.162914366,0.0725411251,0.814369261,-0.0531856976,0.591874123,-0.104444414,0.763290048,-0.11916931,0.472390145
4983.333333333335,-0.013386732,-0.596330047,-0.0250928402,0.999800861,-0.001281398,-0.612704,-0.00918693095,0.999670625,0.00156998611,-0.614959061,0.00126440322,0.999542117,-9.88567554e-005,-0.614308894,-0.00331075373,0.999723375,-0.0225765239,-0.62444967,-0.0212717615,0.99982,-0.0212251712,-0.622111797,-0.0339844897,0.999819756,-0.0179034192,-0.611447096,-0.0150147639,0.999893844,0.0610810108,-0.598306119,0.0925272405,0.999631,-0.0818443373,-0.558255255,0.0886059478,0.999602556,0.0222627632,-0.585044801,0.0215416942,0.999540746,-0.0183734056,-0.55078584,-0.00743439328,0.999533117,0.145823836,-0.424365461,0.158093184,0.999904275,-0.1346744,-0.506335,0.181278065,0.999926388,0.139631882,-0.287905425,0.04443812,0.690651894,-0.0957651511,-0.307955563,0.0211552829,0.872647464,0.00412161183,-0.330010653,-0.0160127096,0.708506703,0.062631771,-0.374771,-0.0850938931,0.948611915,-0.0463360026,-0.355415732,-0.0174055,0.651527,0.134771392,-0.404007554,-0.137831315,0.920578,-0.0572953969,-0.373421907,-0.00598751,0.627707124,0.15836148,-0.464847207,-0.12076465,0.90878123,-0.00224138354,-0.328710765,-0.0111442506,0.52706635,0.0787364841,-0.401071042,-0.0838159174,0.851870477,0.0943192542,0.00486142281,0.0244743228,0.9999578,-0.0926004201,-0.0092321327,-0.0225637183,0.999963284,0.0822891444,0.424772203,-0.0745777041,0.598677814,-0.0806784257,0.349415392,-0.108314335,0.585095406,0.070349656,0.778543,-0.00456164544,0.577102602,-0.0792563781,0.733047664,0.00163533783,0.485280126,0.0479268171,0.813079417,0.00656746328,0.235631958,-0.077293694,0.766536176,-0.0312473215,0.165598303,0.0725238919,0.813815653,-0.0524464883,0.597055495,-0.10440474,0.761724591,-0.119286425,0.477577209
5000.000000000002,-0.0144783873,-0.596361697,-0.0274833962,0.999807,-0.00201440137,-0.612704,-0.011821229,0.999679148,0.000797887333,-0.61495924,-0.0013953594,0.999552131,-0.000916188699,-0.614311039,-0.00587172,0.999728382,-0.0234193616,-0.624492347,-0.0236054,0.999825835,-0.0220453832,-0.622164726,-0.0363387465,0.999825954,-0.0187035855,-0.611500144,-0.0173392519,0.99989748,0.0601995289,-0.598163724,0.0894200057,0.999638319,-0.0825406536,-0.558515966,0.0865086839,0.999619544,0.0208220072,-0.585032701,0.0188879389,0.999553,-0.0197614338,-0.550880134,-0.00979099609,0.999549925,0.14522253,-0.423593163,0.155095801,0.999902606,-0.136212215,-0.507405341,0.180193901,0.999928176,0.13900198,-0.286337733,0.0376110561,0.694806039,-0.0982970893,-0.311129481,0.0212012473,0.878255308,0.00377637031,-0.32924,-0.0240948088,0.712535918,0.0619002953,-0.375132382,-0.0868516713,0.951873541,-0.0465848595,-0.354638964,-0.0255007017,0.654458523,0.134142354,-0.403532088,-0.13962695,0.924986,-0.05744946,-0.372678697,-0.0139209246,0.630330682,0.15835847,-0.46412614,-0.122896411,0.913755536,-0.0025236127,-0.327956617,-0.0189991742,0.529344141,0.0783510581,-0.401127,-0.0857118517,0.859005749,0.0942263,0.00485755829,0.0244895648,0.999956906,-0.0925254449,-0.00923435297,-0.0225792881,0.999963045,0.0817932189,0.424758524,-0.0741687939,0.596155584,-0.0807570517,0.349354625,-0.108278431,0.583779395,0.0700497106,0.779037714,-0.00103586121,0.575250566,-0.0797015503,0.733029187,0.00375580764,0.482776523,0.0475483499,0.813619256,0.0107232174,0.235103548,-0.0778874084,0.766469359,-0.028656235,0.164468378,0.0710554719,0.813816965,-0.0491498113,0.596067429,-0.104813211,0.76123631,-0.117718,0.475969017
5016.666666666669,-0.0155695239,-0.596270144,-0.028755201,0.999810219,-0.00279119122,-0.612535179,-0.013183658,0.999682724,-1.50057849e-005,-0.614794552,-0.00276667415,0.999555171,-0.0017604233,-0.614151061,-0.00718234479,0.999728918,-0.0242788568,-0.624448061,-0.0249201767,0.999829173,-0.0228886548,-0.622128427,-0.037678577,0.999829829,-0.0195096508,-0.61146003,-0.0186618865,0.999899805,0.0589886494,-0.597826838,0.0880034566,0.999640107,-0.0835666582,-0.558716834,0.0849655494,0.99963212,0.0192372128,-0.584832549,0.0175759476,0.99955821,-0.0212995969,-0.55087769,-0.0111444145,0.999560297,0.144035339,-0.422828972,0.15386571,0.999899685,-0.138389796,-0.508714616,0.178592116,0.999929607,0.137622759,-0.285708308,0.0348222256,0.69493252,-0.0997836143,-0.314036757,0.0203335844,0.882826507,0.00355284172,-0.329871446,-0.028001016,0.712812483,0.0610960834,-0.375751078,-0.0879015326,0.954720378,-0.046591863,-0.355979532,-0.0295788664,0.653995454,0.13319616,-0.403575152,-0.140591249,0.928883553,-0.0574173853,-0.374239147,-0.0181078371,0.629532218,0.158124074,-0.46399802,-0.124232054,0.918171704,-0.00265022274,-0.328810066,-0.0229885131,0.528226852,0.0777786896,-0.401549101,-0.0868952274,0.865315795,0.0941806063,0.00486740703,0.0246964879,0.999955833,-0.0924904123,-0.00926115,-0.0227907784,0.999962687,0.080740571,0.424745172,-0.0736719668,0.591611,-0.0810307339,0.349139333,-0.108187243,0.581222177,0.0686605349,0.779456615,0.00115575874,0.571855724,-0.0813341513,0.732739806,0.00523535581,0.479405016,0.0459915325,0.814093947,0.0132090393,0.234002501,-0.0797872692,0.766040683,-0.0269444399,0.162707105,0.0687948763,0.813943088,-0.0470920242,0.594065547,-0.105113715,0.760729969,-0.116826981,0.473311067
5033.333333333336,-0.0158284325,-0.597524524,-0.0292671323,0.999816477,-0.00318351644,-0.613622606,-0.0136097725,0.999692678,-0.000475176173,-0.615908206,-0.00319960294,0.999567509,-0.00222277967,-0.615264893,-0.00761859957,0.999735773,-0.0246988218,-0.625486195,-0.0254110917,0.99983561,-0.0232814588,-0.623188674,-0.0381871685,0.999836504,-0.019875763,-0.612466395,-0.0191593599,0.999903798,0.0575856,-0.598043799,0.0870966911,0.999649048,-0.0841550305,-0.558787882,0.0834947,0.999649048,0.0187523235,-0.585598528,0.0168554448,0.999571621,-0.0216364693,-0.551699638,-0.0120267365,0.999576807,0.143625394,-0.422460705,0.153009281,0.999898076,-0.138657972,-0.508704901,0.173712984,0.999931693,0.136585951,-0.285680532,0.0335448198,0.693199575,-0.0997854,-0.314330041,0.0120218117,0.888357341,0.00356110651,-0.330213,-0.029098345,0.711589754,0.0615013279,-0.375660092,-0.0963455886,0.957537413,-0.046483878,-0.356123269,-0.030334508,0.652332246,0.133434504,-0.403009087,-0.148726225,0.932777822,-0.0570910424,-0.374141842,-0.0192332752,0.627552092,0.159125745,-0.463199764,-0.131846011,0.922578335,-0.00260203425,-0.329094946,-0.0242888,0.526458561,0.0783592314,-0.401285708,-0.0950566903,0.871789753,0.0940921158,0.00487432908,0.0252389703,0.999955714,-0.0924210474,-0.00928578153,-0.0233327542,0.999963045,0.0806865394,0.424707085,-0.0736840144,0.587352276,-0.0811210126,0.349125087,-0.108840108,0.580548465,0.0681434572,0.780369818,0.00212713191,0.56981045,-0.0822206214,0.73284775,0.00515121268,0.479559928,0.0454708934,0.815135241,0.014426223,0.2343,-0.0808038637,0.766109467,-0.0269989986,0.162455052,0.0687892213,0.814468622,-0.0458139479,0.594271481,-0.105130829,0.760939479,-0.117299169,0.474918634
5050.000000000003,-0.0162349176,-0.598736465,-0.0307662971,0.999818921,-0.00375035941,-0.614776433,-0.015425832,0.999696195,-0.00107262097,-0.617074311,-0.00498557929,0.999570429,-0.00282555795,-0.616444886,-0.00944297947,0.999737442,-0.0252019335,-0.626672328,-0.0272743534,0.99983865,-0.023771314,-0.624364138,-0.0400403105,0.999839604,-0.0203593858,-0.613597214,-0.0210144669,0.999905884,0.0562654696,-0.59887284,0.0842190385,0.999650359,-0.0846182406,-0.559420049,0.0804051384,0.999658763,0.0181746,-0.586686,0.015067636,0.999577165,-0.0220199041,-0.552807271,-0.0139011331,0.99958533,0.143118441,-0.42257005,0.151962072,0.999896049,-0.138921216,-0.508985,0.170280054,0.999933,0.135471836,-0.28565529,0.0340409353,0.689416885,-0.100031622,-0.314199895,0.0108767338,0.892954171,0.00357223651,-0.330205649,-0.0278623924,0.708711207,0.061686296,-0.375739366,-0.0950719193,0.959715962,-0.0463156849,-0.356021881,-0.0290243458,0.649525642,0.133714437,-0.402932316,-0.147060037,0.93565321,-0.0566543452,-0.374048948,-0.0181228723,0.624560773,0.159552425,-0.463158071,-0.130331442,0.925799429,-0.00250953645,-0.329168141,-0.0231347326,0.523370266,0.0785817876,-0.401452661,-0.0938622,0.876337409,0.0939373225,0.00487108249,0.0256654918,0.999955237,-0.0922846124,-0.0092887925,-0.0237590298,0.999963045,0.080596596,0.42464897,-0.0735025778,0.579300344,-0.0815088,0.349092811,-0.108832903,0.575855255,0.0675515905,0.781033218,0.00229640095,0.564873219,-0.0825848356,0.732692242,0.00523671741,0.475557208,0.0448664762,0.815897584,0.0145535804,0.233045816,-0.0811842,0.765905619,-0.0268995017,0.160833597,0.0686758906,0.814506531,-0.0456174873,0.591306686,-0.105112724,0.760477722,-0.117166601,0.472215563
5066.66666666667,-0.0162415411,-0.600097835,-0.0286590066,0.999821961,-0.0037736313,-0.616018653,-0.0132999625,0.999700844,-0.00109978672,-0.618308783,-0.00291432184,0.999576271,-0.00284768012,-0.617715,-0.00738829421,0.999740839,-0.025215935,-0.627809405,-0.0248990785,0.999841571,-0.0237830039,-0.625499964,-0.0376527,0.999842525,-0.0203673374,-0.614728332,-0.0186651517,0.999907613,0.056277059,-0.599837959,0.0852091461,0.999654174,-0.0844707489,-0.560034573,0.0827405304,0.999666154,0.0181847736,-0.587978721,0.0167722721,0.999583364,-0.0219858103,-0.553995132,-0.0118364878,0.999592304,0.143376321,-0.422861606,0.152268812,0.99989593,-0.138621658,-0.509152889,0.171240866,0.99993366,0.135457873,-0.285827577,0.0343283154,0.689784944,-0.0998916626,-0.313787758,0.0113607682,0.894686282,0.00372048677,-0.329973489,-0.0275572203,0.709089,0.0617058538,-0.375471771,-0.0946959853,0.960840225,-0.0458812825,-0.355621964,-0.0289544016,0.649739206,0.13374266,-0.402666181,-0.1466925,0.937001228,-0.056129586,-0.373663306,-0.0180495,0.624668419,0.159564421,-0.462946296,-0.129903466,0.92728442,-0.0022737938,-0.328925222,-0.0228926986,0.523444593,0.0786000341,-0.401252478,-0.0934971124,0.878228426,0.0939201191,0.00486747036,0.0257688966,0.999955118,-0.0922677,-0.00929085352,-0.0238727499,0.999963,0.0806144327,0.424666703,-0.073768191,0.577519178,-0.0817957893,0.349097341,-0.109277271,0.574761748,0.0670196563,0.78245604,-0.00192149624,0.564729571,-0.0828342885,0.732827425,0.00349031738,0.473333657,0.0443391465,0.817463398,0.00966574717,0.233731255,-0.0813601762,0.766013682,-0.0289526414,0.15973267,0.0686588511,0.81454,-0.0525650904,0.592071533,-0.105074398,0.760427535,-0.120124325,0.470825166
5083.333333333337,-0.0157757476,-0.600707233,-0.0219104271,0.999824047,-0.00332648377,-0.616548896,-0.00594886392,0.999703407,-0.000684624596,-0.618816137,0.00429082755,0.999579668,-0.00239559473,-0.618249834,-0.00028690754,0.999742389,-0.0247403905,-0.628305912,-0.0175270699,0.999843299,-0.0232994612,-0.626009881,-0.0303334538,0.999844491,-0.0198390894,-0.615237892,-0.0114553133,0.999908626,0.0565920658,-0.600122869,0.0914540291,0.999656081,-0.083757326,-0.560292184,0.0895606577,0.999671876,0.0186389834,-0.588538647,0.0230370313,0.999587834,-0.0214406,-0.554571927,-0.00544755254,0.999597609,0.143911272,-0.422978282,0.15647994,0.999896169,-0.138348937,-0.509177089,0.173816383,0.999934554,0.135514125,-0.285996139,0.0349132791,0.688207328,-0.0998774096,-0.313463539,0.0141446767,0.896196127,0.00395470439,-0.327264041,-0.0281298291,0.708616734,0.0621965863,-0.36992377,-0.0920766145,0.961789131,-0.0453899167,-0.350451857,-0.0303932186,0.650197506,0.134471431,-0.394433081,-0.14464815,0.938280702,-0.0558939502,-0.36845687,-0.0196944643,0.625261128,0.160914257,-0.455530614,-0.128431574,0.928718388,-0.00209457171,-0.325884879,-0.0236640293,0.524125099,0.0793187,-0.395408362,-0.0910951346,0.880011082,0.0939197913,0.00486507453,0.0262195487,0.999955356,-0.0922695547,-0.0092926193,-0.0243288949,0.999963105,0.0806544945,0.424692124,-0.0737756,0.577269256,-0.0818354636,0.349129587,-0.110085316,0.575726151,0.0669836104,0.783304155,-0.00378126628,0.567332685,-0.0829200894,0.732709348,0.00292771077,0.472942263,0.0443304,0.818461299,0.00743327057,0.236651734,-0.0813935325,0.765805602,-0.0295575019,0.159323275,0.0693576336,0.81450659,-0.0561519228,0.595416784,-0.104320109,0.759806573,-0.121341176,0.47082594
5100.000000000004,-0.0155191021,-0.601250589,-0.0166907981,0.999822855,-0.00291646132,-0.616999924,-0.00034410588,0.99969995,-0.000290446973,-0.619244039,0.00984466169,0.999573886,-0.0019667116,-0.618706,0.00517992955,0.999738276,-0.0243636239,-0.62883544,-0.0116628874,0.999842167,-0.0229184944,-0.626553953,-0.0245015062,0.999843776,-0.0194310322,-0.615821242,-0.00569166383,0.999908209,0.0571030639,-0.600214541,0.0967761,0.999649346,-0.0830353126,-0.560759187,0.095878154,0.999672115,0.0189029276,-0.58900547,0.027936073,0.999583781,-0.0211624149,-0.555160344,-0.000206154684,0.999596059,0.144209787,-0.422911048,0.1604027,0.999895096,-0.138258785,-0.509215653,0.177487969,0.999935329,0.135214433,-0.284493923,0.0375624038,0.680498064,-0.0998582616,-0.311905056,0.0195075236,0.8962695,0.00393729517,-0.314547539,-0.0276448876,0.70012635,0.0640346259,-0.360809416,-0.0892083868,0.962197661,-0.0453616641,-0.333792508,-0.0299963206,0.643521726,0.137028933,-0.382716298,-0.143208712,0.938875854,-0.0558782518,-0.351942211,-0.0195243768,0.618755698,0.164812952,-0.444881201,-0.127706572,0.929398954,-0.00213076314,-0.312626749,-0.0231906157,0.517451227,0.0817854404,-0.386139929,-0.0887202919,0.880469143,0.0939391106,0.00485574501,0.0264760479,0.999955654,-0.0922917724,-0.00928730611,-0.0245711803,0.999963403,0.0807825774,0.424653172,-0.0737988129,0.574303567,-0.0818456113,0.349078089,-0.111301884,0.574305594,0.0677678436,0.783724308,-0.00626864238,0.568534434,-0.0822588578,0.732068658,0.00186079333,0.470829844,0.0454456583,0.819036305,0.00451714126,0.238265961,-0.0804237798,0.764977276,-0.0307489187,0.158282712,0.0725873411,0.814090192,-0.0611652434,0.59704262,-0.101397887,0.758250713,-0.123734005,0.468903154
5116.666666666671,-0.0153800333,-0.601700902,-0.0138217611,0.999815404,-0.00246325438,-0.617378235,0.0027932215,0.999685228,0.000137088704,-0.619586825,0.0129782567,0.999552786,-0.00151301443,-0.619065285,0.00825810898,0.99972403,-0.0240453202,-0.629215419,-0.00809556153,0.999835,-0.0225895736,-0.626963675,-0.021004945,0.999837279,-0.0190504845,-0.616258681,-0.00217225985,0.999904275,0.058365386,-0.600271404,0.099443078,0.999629438,-0.0817847,-0.561068416,0.100662068,0.999661922,0.0191670824,-0.58935,0.0304856095,0.999562263,-0.0209287331,-0.555639744,0.0030445396,0.99957943,0.145146608,-0.422978,0.160710901,0.999892116,-0.138080642,-0.509192646,0.179762721,0.999935,0.133037671,-0.286024839,0.0357368,0.670268238,-0.0997934267,-0.310030252,0.0218965653,0.893536866,0.00341837,-0.310433924,-0.0346750766,0.686183929,0.0679832399,-0.348635107,-0.0889875442,0.96135968,-0.0453428663,-0.326424956,-0.0392105058,0.631875694,0.142430037,-0.366842568,-0.14201273,0.937908411,-0.0559954979,-0.343004674,-0.0291401837,0.607332051,0.172947332,-0.429774433,-0.126376182,0.928353548,-0.00264107226,-0.307082683,-0.0306852739,0.50653863,0.0871354491,-0.373460144,-0.0881277546,0.878260672,0.0942232087,0.00480026938,0.0265486632,0.999956369,-0.0925894678,-0.00922950264,-0.0246344656,0.999964,0.0809314698,0.424573034,-0.0742576,0.573295772,-0.0819708332,0.348713815,-0.112346053,0.573688269,0.0683947951,0.783851445,-0.00806579,0.57210964,-0.0821256638,0.731593728,0.00151930307,0.471449,0.0463550799,0.819230497,0.00255425461,0.240162179,-0.0801217183,0.764367461,-0.0311579313,0.157757521,0.0746261552,0.813704073,-0.0650906712,0.600937366,-0.100456953,0.757398844,-0.125391126,0.469695359
5133.333333333338,-0.01466568,-0.60169518,-0.0113250082,0.999808609,-0.00159585616,-0.617369115,0.00526592135,0.999671817,0.00102028926,-0.619572043,0.0154736042,0.999534249,-0.000601662556,-0.619053483,0.0106946826,0.999712229,-0.0231522433,-0.629214466,-0.0056143906,0.999828279,-0.0216905084,-0.626961946,-0.0184831768,0.99983108,-0.018131122,-0.616261423,0.000314145291,0.99990052,0.059383817,-0.600213,0.101912394,0.999613523,-0.0805750936,-0.561119735,0.103181668,0.999650538,0.0199247375,-0.589352727,0.0329814889,0.999545872,-0.0201696921,-0.555654,0.00558654824,0.999564469,0.146091938,-0.422967553,0.163137525,0.999890864,-0.137638941,-0.50917381,0.182996199,0.999934316,0.133889884,-0.286094517,0.0394333042,0.662919581,-0.0983150303,-0.307400703,0.0306211561,0.889067769,0.0055196532,-0.309586704,-0.0328789,0.675812304,0.0716544,-0.340768725,-0.0776636451,0.958947301,-0.0422892347,-0.325820357,-0.0385740213,0.623512745,0.146925,-0.358097851,-0.131504759,0.934778094,-0.0537738353,-0.343203336,-0.0288204458,0.599235058,0.176926419,-0.421268672,-0.117809616,0.924822271,-0.000639978854,-0.306595296,-0.0292730257,0.498589665,0.0910185352,-0.36569652,-0.0779424235,0.872522891,0.0943106711,0.00479764212,0.0266800486,0.999957144,-0.0926699936,-0.00922751427,-0.0247595254,0.999964416,0.0810034424,0.424604893,-0.0746661499,0.573742,-0.0819417089,0.348412871,-0.113395162,0.573646724,0.0687782913,0.784012437,-0.0113070877,0.574732184,-0.080782108,0.730937183,-0.000216084809,0.470662057,0.0469121374,0.819429934,-0.00111933495,0.241816804,-0.0783349723,0.763676107,-0.0331352875,0.157071546,0.0760973617,0.813415468,-0.0694380626,0.602736533,-0.0979990438,0.756343961,-0.127874449,0.467890859
5150.000000000005,-0.0129977856,-0.601510823,-0.00763835572,0.999807596,0.000113277201,-0.617203593,0.00919693522,0.999669552,0.00272421562,-0.619375467,0.0193695966,0.99953109,0.00116676022,-0.618876338,0.0145957,0.999709845,-0.0214879569,-0.628965199,-0.00152790267,0.999827385,-0.0199698564,-0.626701117,-0.014332965,0.999830425,-0.0163988844,-0.6160326,0.00440027472,0.999900222,0.0619412214,-0.599941552,0.105762891,0.999608874,-0.078137815,-0.560603619,0.108070023,0.999649346,0.0219375063,-0.589165926,0.0366323665,0.999541,-0.0182456486,-0.555344105,0.00955174305,0.999561131,0.148126215,-0.422721475,0.166613549,0.999890864,-0.135621145,-0.507486701,0.187601984,0.999934673,0.134611905,-0.286384553,0.0431346111,0.654307306,-0.0969533101,-0.300186872,0.0377500057,0.884277523,0.00800099876,-0.309032381,-0.0292029679,0.6630885,0.0737466365,-0.329030186,-0.0697265938,0.956082165,-0.0384051949,-0.32562083,-0.0355576314,0.612315297,0.149613351,-0.346018344,-0.123732574,0.931052506,-0.0500035807,-0.342915207,-0.0257155038,0.588097155,0.179428548,-0.409432441,-0.110921226,0.920619845,0.00205746596,-0.306104153,-0.0257408489,0.488155752,0.0933814794,-0.354020864,-0.0705581307,0.865965247,0.0944439545,0.00476812199,0.0269879177,0.999958098,-0.0928055197,-0.00919825584,-0.0250702873,0.999965131,0.0818980113,0.424579412,-0.0765891597,0.573924363,-0.0815207213,0.348259956,-0.114908509,0.574134946,0.0695951283,0.784122944,-0.0185044594,0.575206757,-0.0789796636,0.730099082,-0.00490032509,0.469643354,0.0478935093,0.819564223,-0.00887517352,0.242426887,-0.0760007501,0.76270932,-0.0384140834,0.155976206,0.0774795935,0.813227057,-0.0781002641,0.603684902,-0.0912521183,0.755205333,-0.134450138,0.466889173
5166.6666666666715,-0.0127696143,-0.60144043,-0.00324853114,0.99980849,0.000401088386,-0.617145717,0.0138870981,0.999670565,0.00300793839,-0.619306922,0.024009686,0.999533534,0.00148134411,-0.618816376,0.0192634147,0.999710917,-0.0212540403,-0.628838718,0.00352926739,0.999827504,-0.0197181478,-0.626577,-0.00927142892,0.999830663,-0.0161406,-0.615934491,0.00940668397,0.999900043,0.0631468147,-0.599830687,0.110393152,0.999609709,-0.0772710443,-0.560302079,0.114667676,0.999647856,0.0225210525,-0.58908397,0.0409264565,0.99954,-0.0178036559,-0.555184126,0.0144205075,0.999559343,0.149135917,-0.42271921,0.169863075,0.999892116,-0.134607464,-0.506372035,0.193792284,0.999934375,0.134469613,-0.287472814,0.0453275144,0.651770234,-0.0966348,-0.296757966,0.0441752225,0.878329813,0.00785474572,-0.308740973,-0.027330352,0.658192813,0.0739840791,-0.323905945,-0.0653264821,0.952011108,-0.0384770855,-0.325047851,-0.0344959609,0.608567595,0.149987474,-0.340435594,-0.119729303,0.925822258,-0.0500556715,-0.342155933,-0.0245100483,0.584588408,0.179706141,-0.403847814,-0.107459404,0.914817095,0.00190658181,-0.305679619,-0.0239106305,0.484874755,0.0937085226,-0.348792374,-0.0664941072,0.857394576,0.0947070718,0.00469168881,0.0271728579,0.999958932,-0.0930812061,-0.00910982862,-0.0252406932,0.999965608,0.0825073272,0.424326807,-0.0779001,0.576449,-0.0812711716,0.348098099,-0.115818359,0.576062381,0.0701195449,0.783200622,-0.02073461,0.575833738,-0.0782539099,0.729083538,-0.00601487933,0.468723357,0.0484860949,0.818567514,-0.0109935291,0.242945537,-0.0749933049,0.761501968,-0.0395833,0.154869109,0.0780445337,0.811546266,-0.08011242,0.604200065,-0.088069126,0.754195809,-0.135712206,0.465333581
5183.3333333333385,-0.0127435969,-0.60144037,-0.00193836901,0.999804199,0.000419223652,-0.617149234,0.0147057371,0.999663532,0.00302505749,-0.619309902,0.0248588733,0.999526322,0.0015046593,-0.618822515,0.0201150682,0.999707162,-0.0212025624,-0.628828108,0.00473126117,0.999821901,-0.0196533091,-0.626567125,-0.00806569681,0.999824822,-0.016081,-0.615927517,0.0105976351,0.999896109,0.0635882765,-0.59984982,0.110113397,0.999605596,-0.0760810226,-0.560196,0.115821749,0.999632418,0.0227748062,-0.589101136,0.0417957157,0.999532819,-0.0174643528,-0.555172622,0.0158031899,0.999547303,0.150059804,-0.422926515,0.169487491,0.999894559,-0.133316189,-0.505870461,0.196895659,0.999932647,0.133759901,-0.288471967,0.0453108437,0.652838588,-0.0965979248,-0.294327617,0.0488451533,0.86755389,0.00641387096,-0.308372319,-0.0271386243,0.656562686,0.0738692731,-0.321205407,-0.0615582801,0.942600131,-0.0396184325,-0.324237853,-0.033998318,0.607743323,0.14972575,-0.337296903,-0.115686044,0.914256215,-0.0510955192,-0.34148,-0.0239786152,0.584136963,0.179246366,-0.400995,-0.103994556,0.902044356,0.000645265041,-0.305271059,-0.0237706248,0.484488279,0.0934703276,-0.346292019,-0.0631147,0.84020257,0.0948299617,0.00461017666,0.0271897931,0.999959946,-0.0932002962,-0.00900293,-0.0252527464,0.999965966,0.0827480182,0.424381673,-0.0784930065,0.577262104,-0.0809003413,0.348108023,-0.11580091,0.575451255,0.0711592585,0.782806456,-0.0204047393,0.574240804,-0.0776005164,0.729095161,-0.00593395857,0.466234088,0.049807325,0.818050623,-0.0104852328,0.240876198,-0.0741042495,0.761517882,-0.0394715145,0.152826235,0.078697823,0.811243474,-0.0788879395,0.602194726,-0.086929,0.754449904,-0.135559708,0.462009102
5200.0000000000055,-0.012776956,-0.600376606,0.00709192688,0.999798059,0.000393588823,-0.616049111,0.0240070131,0.999651432,0.00300387223,-0.618214309,0.0341126919,0.9995116,0.00149160856,-0.617740631,0.0292702764,0.999698102,-0.0212068204,-0.62758863,0.0143176178,0.999814451,-0.0196524877,-0.625316203,0.00149726239,0.99981755,-0.0160837863,-0.614797175,0.0201484319,0.999891281,0.0637451783,-0.598589778,0.118466094,0.999593735,-0.0756694749,-0.558882296,0.126041323,0.999613404,0.0227833427,-0.588097155,0.0504007898,0.999515355,-0.0174519345,-0.554004133,0.0248838961,0.999527454,0.150081128,-0.422647387,0.174716383,0.999895394,-0.132943481,-0.503697,0.204682454,0.999930501,0.133345932,-0.289372861,0.0477148406,0.647460759,-0.0960603878,-0.288627952,0.0549930409,0.854469538,0.00645534135,-0.308578223,-0.0257157926,0.648576677,0.0738027841,-0.314930916,-0.0567537583,0.932873666,-0.0391734652,-0.324743152,-0.0334963873,0.601088166,0.149581552,-0.331218064,-0.110997759,0.902536213,-0.0507522114,-0.341929644,-0.0233414937,0.577678382,0.179091647,-0.395089537,-0.0997318625,0.889197767,0.000724899175,-0.305522263,-0.0225321539,0.478254974,0.0933457166,-0.340105265,-0.0585470684,0.822819889,0.0948962569,0.0045124786,0.0272170231,0.999960721,-0.0932633504,-0.00889491476,-0.025277691,0.999966264,0.0827480853,0.424419582,-0.0810555071,0.576726079,-0.0801894739,0.348187506,-0.117187142,0.573962867,0.0713301525,0.782648802,-0.029869942,0.571457207,-0.0767638236,0.729253411,-0.0120914588,0.462486476,0.0500373133,0.817841589,-0.0207486786,0.238551557,-0.0730842948,0.761674941,-0.0464583375,0.150739491,0.0793465823,0.809894443,-0.0904940665,0.598151386,-0.0855416134,0.754455686,-0.143063352,0.456888169
5216.666666666672,-0.0113606099,-0.600304425,0.00733894855,0.999786913,0.00170829019,-0.615906417,0.0244696587,0.999632,0.00429538125,-0.618082643,0.034571331,0.999488115,0.00280160317,-0.617593765,0.0297976024,0.999683261,-0.0197726171,-0.627432048,0.0142604904,0.999803185,-0.0181992203,-0.62518537,0.00143435935,0.99980706,-0.0146190645,-0.61466819,0.0201030336,0.999884427,0.0641569868,-0.5980317,0.119716667,0.999576747,-0.0750990361,-0.558503509,0.124897972,0.999589562,0.0238363724,-0.587940097,0.0509000644,0.999489903,-0.0163486879,-0.553862572,0.0247076452,0.999499857,0.150120839,-0.422249377,0.175231159,0.999895215,-0.132932797,-0.502927899,0.204421982,0.999926925,0.13357614,-0.289467812,0.0491698645,0.640535414,-0.0930897817,-0.287616104,0.0554735735,0.840543449,0.00698823901,-0.308604,-0.0241184905,0.638168693,0.0736825839,-0.317750454,-0.0535767227,0.923221111,-0.0384424403,-0.324884802,-0.0320141129,0.592335224,0.149311677,-0.335178763,-0.106870055,0.891310275,-0.0502489619,-0.342262417,-0.0219998714,0.569089293,0.177270949,-0.39879185,-0.0960638151,0.876796484,0.00116757606,-0.305615216,-0.0210773721,0.47036013,0.0931010693,-0.343085706,-0.0554248281,0.806399,0.0951064751,0.00449539,0.0273192953,0.999962091,-0.0934587568,-0.00886522327,-0.0253697112,0.999967039,0.0845129862,0.424444,-0.0809667856,0.583837211,-0.0785566494,0.348508507,-0.117163457,0.579372,0.0745580196,0.782005906,-0.0268936511,0.577474773,-0.075572975,0.729831636,-0.0110363737,0.469455183,0.0533769578,0.817129791,-0.0172102973,0.240655676,-0.0719644725,0.762368619,-0.0452138856,0.15249835,0.0817823932,0.810094118,-0.0861015,0.602123,-0.0849686861,0.756625295,-0.142068133,0.461234599
5233.333333333339,-0.0112677654,-0.600602508,0.00598013122,0.999771118,0.00195389171,-0.616100848,0.022905061,0.999606192,0.0045187436,-0.618303239,0.0330227166,0.99945575,0.00302647101,-0.617800772,0.0283677168,0.999663591,-0.0195332654,-0.627665818,0.0129996827,0.999787629,-0.0179571658,-0.625471354,0.000110727517,0.999791861,-0.014389609,-0.614947498,0.0188390221,0.99987483,0.0644575208,-0.598053157,0.117463641,0.999554276,-0.0746226534,-0.558789909,0.123916633,0.99955678,0.0239351522,-0.588102877,0.0492608398,0.999454498,-0.0162192173,-0.554147542,0.0234866403,0.99946183,0.150163844,-0.422307134,0.168971255,0.999894142,-0.133118376,-0.502953947,0.203808978,0.999921441,0.132796362,-0.289563566,0.0414152183,0.634848,-0.0929804,-0.288045377,0.0546614192,0.825762391,0.00561998505,-0.308010817,-0.0297361054,0.626576841,0.0720941424,-0.319553733,-0.054339733,0.912642837,-0.0394826941,-0.324077,-0.0368960574,0.58195734,0.146685615,-0.338787645,-0.107788414,0.87888658,-0.0513400547,-0.341555804,-0.026836751,0.558866322,0.1730735,-0.403652668,-0.097604014,0.863250792,-0.000117481592,-0.304894418,-0.0264746211,0.46060884,0.0908125415,-0.345662415,-0.0565943941,0.788625658,0.0953217,0.00441232836,0.0268956013,0.999963164,-0.0936600864,-0.00876145437,-0.0249000434,0.999967635,0.0847823396,0.424763769,-0.0806713551,0.587497592,-0.0780029744,0.349215865,-0.116004966,0.580349267,0.0778799206,0.782052577,-0.0211948492,0.58315444,-0.0750210658,0.731637478,-0.00556669896,0.473763347,0.0570671372,0.817190588,-0.0106616551,0.241346359,-0.0714733452,0.764353812,-0.0390905216,0.153147474,0.0832493752,0.811616421,-0.0810296461,0.606258392,-0.0852118284,0.761080742,-0.13649492,0.464400321
5250.000000000006,-0.0112850368,-0.600826144,0.00898836181,0.999762177,0.00200886372,-0.616166532,0.0265570078,0.999590158,0.0045638592,-0.618383288,0.0365812853,0.999435127,0.00307826162,-0.617869496,0.0319519676,0.999650359,-0.0194812659,-0.627777576,0.0166322403,0.999778807,-0.0179067254,-0.625610232,0.00373894698,0.999783635,-0.0143361473,-0.615111291,0.0224450566,0.999869585,0.0646733865,-0.597491443,0.121522576,0.999538124,-0.0744527578,-0.558777571,0.127821326,0.99953866,0.0239159483,-0.588114142,0.0521180108,0.999433637,-0.0162494611,-0.554235458,0.0263097323,0.999442577,0.150080681,-0.421328336,0.170841038,0.999893,-0.133360744,-0.502139866,0.206678227,0.999919415,0.131600156,-0.289083958,0.0414819196,0.629506171,-0.0936080962,-0.288048863,0.0551682375,0.819175184,0.00198098784,-0.305984288,-0.0293899234,0.619363189,0.0670476258,-0.322112799,-0.0549836755,0.911134601,-0.043748036,-0.321825594,-0.0363006517,0.575542748,0.140036225,-0.344053984,-0.108297229,0.876965463,-0.0558731742,-0.338895679,-0.026322322,0.552357912,0.166276053,-0.409326762,-0.0978565738,0.861126781,-0.00422419421,-0.302579314,-0.0260971654,0.454396218,0.0850545466,-0.348762155,-0.0570903905,0.784939,0.095472917,0.00434296299,0.0268230829,0.99996388,-0.0938161761,-0.00869027898,-0.0248131342,0.999968112,0.0851760656,0.424756169,-0.0810145736,0.590695441,-0.0779144913,0.349862456,-0.116610646,0.582719445,0.0787331387,0.781541,-0.0209247954,0.586957633,-0.0749909505,0.731888711,-0.00594632793,0.477380246,0.0579174161,0.816692,-0.0103797531,0.242902592,-0.0714668334,0.764527678,-0.0394352302,0.154299513,0.084525995,0.811450779,-0.0803208128,0.608693182,-0.0853632092,0.761221349,-0.137176782,0.466914922
5266.666666666673,-0.0112349279,-0.600355446,0.0110764401,0.999767542,0.00211162702,-0.615654647,0.0292240251,0.999599814,0.00466473633,-0.617876947,0.0392578468,0.999447048,0.00317950896,-0.617353797,0.0345802493,0.999656379,-0.0194189772,-0.627304137,0.0190357678,0.999785185,-0.0178485923,-0.625130951,0.006180936,0.99979,-0.0142793367,-0.614667,0.0248966608,0.999873579,0.0650183186,-0.596397817,0.126095936,0.99954474,-0.0744789392,-0.557836652,0.130948022,0.999554396,0.0239660721,-0.587388039,0.0547398031,0.99943918,-0.016250385,-0.553529203,0.0285560731,0.999453366,0.149854884,-0.418747514,0.177264243,0.999890387,-0.133228481,-0.50115943,0.208395794,0.999921143,0.128087118,-0.287609458,0.048390612,0.622831762,-0.0945405513,-0.28832683,0.0547739752,0.823340535,-0.000185466663,-0.308526665,-0.0161778461,0.614525139,0.0661876649,-0.328561276,-0.0553337187,0.915451407,-0.0460143648,-0.32783097,-0.0203643274,0.570702195,0.139116272,-0.352746487,-0.108647585,0.882050037,-0.0567460768,-0.343867302,-0.00868231338,0.546919346,0.165982991,-0.416550756,-0.0972044095,0.866663396,-0.0058563333,-0.305438787,-0.0119153531,0.449377894,0.084272325,-0.355010778,-0.056970723,0.79222858,0.095472753,0.00433558784,0.0268544,0.999964178,-0.0938212425,-0.00869019423,-0.024854362,0.999968648,0.0852470621,0.424480915,-0.0815425515,0.595097601,-0.0777678639,0.350050807,-0.118294008,0.5895558,0.078745231,0.780649245,-0.0220345501,0.591102302,-0.0748653,0.731560349,-0.0093495734,0.483642399,0.0578334108,0.815754473,-0.0115378639,0.246829167,-0.0714272,0.764079452,-0.0428680629,0.15831843,0.0845077336,0.811098516,-0.080086,0.612279058,-0.0854409784,0.760863066,-0.139111713,0.473149776
5283.33333333334,-0.0112354644,-0.600370705,0.00796085224,0.999770582,0.00211714371,-0.615662575,0.0259227529,0.999605596,0.00467903307,-0.617888212,0.036103487,0.999453306,0.00318502216,-0.617359042,0.0314253233,0.999659657,-0.0194138605,-0.627387,0.0152525716,0.999789596,-0.0178490877,-0.62520057,0.00253494736,0.999794424,-0.0142806852,-0.614731491,0.0212826729,0.999876618,0.0649890304,-0.59639883,0.124673449,0.999547482,-0.0750333741,-0.558137,0.127112493,0.999566078,0.0239195116,-0.587397218,0.0524327,0.999440908,-0.0163679235,-0.553584456,0.0255624913,0.99946034,0.148676947,-0.418485522,0.176912561,0.999887109,-0.133395448,-0.502027631,0.20794481,0.999922395,0.126203522,-0.286821187,0.0526209697,0.618496597,-0.0949062,-0.292771518,0.0543946698,0.828390241,-0.000774159038,-0.314794183,-0.00401015067,0.61160773,0.0657339245,-0.340126097,-0.0524877645,0.919683456,-0.0467213,-0.338195264,-0.00552161969,0.567187428,0.138695106,-0.365786672,-0.104376882,0.886952758,-0.0567905419,-0.354372591,0.00598570285,0.542829812,0.165169269,-0.42754,-0.091333352,0.871974647,-0.00609893491,-0.312698305,0.000693165057,0.445475727,0.0835897401,-0.366358489,-0.0532344356,0.799388766,0.095369406,0.00436919043,0.0268582683,0.999964237,-0.0937139913,-0.00872981828,-0.02486334,0.999969,0.0852681696,0.424378812,-0.0812715963,0.598836184,-0.0778302774,0.350118607,-0.117859364,0.594263792,0.0783267617,0.780319154,-0.0205428302,0.594363451,-0.0750282407,0.73142767,-0.00828432478,0.488626391,0.0571085028,0.815363169,-0.00986436754,0.249583229,-0.0718257651,0.763952732,-0.0415756665,0.161527917,0.0838570222,0.811093628,-0.0742764845,0.614782,-0.0885055363,0.760647476,-0.134819031,0.477690756
5300.000000000007,-0.0112469681,-0.600881875,-0.0121337418,0.999774039,0.00199939683,-0.616222143,0.00367672695,0.999613106,0.00457234588,-0.61847353,0.0141176386,0.999463,0.00305200508,-0.617914855,0.00969847,0.999666095,-0.0195006,-0.627978384,-0.00753786601,0.999793828,-0.0179450251,-0.625772357,-0.0201870389,0.999798238,-0.014388307,-0.615219653,-0.00126311276,0.999879122,0.0642309487,-0.597724497,0.101938434,0.999556303,-0.0758613199,-0.559117734,0.101933375,0.999575317,0.0238467529,-0.588074863,0.03310287,0.999449492,-0.0164011922,-0.554242909,0.00531032262,0.999468505,0.148271456,-0.419562161,0.163058877,0.999887049,-0.133524492,-0.503856122,0.193702698,0.999921799,0.12630114,-0.286803842,0.0472395159,0.621293187,-0.0943102762,-0.29666844,0.0442882329,0.831484854,-0.000725133927,-0.320225805,-0.00632956717,0.615370333,0.0652155057,-0.354223937,-0.0557379387,0.922063291,-0.0467694364,-0.34531039,-0.00599457836,0.569736063,0.137519315,-0.38228789,-0.105872989,0.88916415,-0.0567605905,-0.362626314,0.00524255168,0.545154035,0.161514655,-0.443534642,-0.0923315808,0.874253571,-0.00605051499,-0.318972319,-0.00154490024,0.44753027,0.0821903199,-0.380964696,-0.0560532436,0.802253246,0.0952271074,0.00438262429,0.0268172864,0.999963939,-0.0935576335,-0.00874931179,-0.024833573,0.999968648,0.0854146,0.424298137,-0.080780983,0.598498821,-0.0778269544,0.350105196,-0.114758067,0.592240453,0.0779201239,0.780525804,-0.0171285737,0.593157947,-0.0755037293,0.731857598,-0.0014751571,0.48694846,0.0564134382,0.815570831,-0.00602345215,0.248140961,-0.0726390108,0.764586091,-0.0340500511,0.160601512,0.0813965723,0.813093424,-0.0676298663,0.614040315,-0.091050759,0.761743486,-0.123491503,0.4766559
5316.666666666674,-0.0114336601,-0.601429284,-0.0253882911,0.999780595,0.00161665818,-0.616835952,-0.0105898576,0.9996261,0.00420607673,-0.619119644,-6.2516825e-005,0.999480426,0.0026425058,-0.61852932,-0.00427436549,0.999677539,-0.0198406484,-0.628652811,-0.0219499134,0.999800682,-0.0183079075,-0.626433313,-0.0345674865,0.999804497,-0.0147606852,-0.615791559,-0.0156097012,0.999883056,0.0631336048,-0.599200368,0.0874325708,0.9995718,-0.0770845562,-0.560499787,0.0866799578,0.99958843,0.0235184617,-0.588781059,0.0202319641,0.999466121,-0.0166477114,-0.555007696,-0.00788628217,0.999483585,0.147340432,-0.421404362,0.152556226,0.99988848,-0.134058177,-0.505987942,0.183943748,0.999921501,0.126378596,-0.286989242,0.0423516296,0.628785193,-0.0939342901,-0.300678343,0.036796473,0.835831642,-0.00159930543,-0.324010074,-0.00846582651,0.62373817,0.0642447472,-0.365739822,-0.0592507124,0.924793839,-0.0483717769,-0.349504828,-0.00646184385,0.576341212,0.13590318,-0.395686746,-0.108006313,0.89189589,-0.0581563376,-0.367455959,0.00473196944,0.551601052,0.157264575,-0.456952602,-0.0940169692,0.877162278,-0.00685315626,-0.323114485,-0.00344303693,0.453708917,0.0801521167,-0.392989159,-0.0592359826,0.806192398,0.0951300114,0.00437667454,0.0268156771,0.999963582,-0.0934531,-0.00874562841,-0.0248358976,0.999968231,0.0855777636,0.424279541,-0.0792846829,0.598162591,-0.0778726637,0.350068718,-0.111664988,0.590689361,0.0773134455,0.780603,-0.00890351739,0.59031707,-0.0766393691,0.731968403,0.00680900784,0.484482914,0.0554778501,0.815639079,0.00313645927,0.245575383,-0.0741525739,0.764757514,-0.0249345843,0.158833578,0.0788562447,0.814650655,-0.0558605716,0.612444878,-0.0918634683,0.762438238,-0.112322882,0.475137591
5333.333333333341,-0.0114574293,-0.601646364,-0.0347408429,0.999786913,0.0015405278,-0.617161632,-0.0199219473,0.999638379,0.00413700752,-0.619436204,-0.00936402939,0.999495208,0.00254509086,-0.61884135,-0.0136175286,0.999687076,-0.0199395511,-0.629057467,-0.0317282267,0.999807835,-0.0184181295,-0.626818299,-0.0444193073,0.999811113,-0.0148828151,-0.616121352,-0.025348682,0.999887347,0.0626251698,-0.600122869,0.0792727396,0.999583066,-0.0779941604,-0.561547458,0.0766218752,0.999603748,0.0233759899,-0.5891186,0.0114260865,0.999477267,-0.0167851038,-0.555450857,-0.017237775,0.999496043,0.146802351,-0.422444105,0.148008153,0.999885678,-0.134176195,-0.507962167,0.172519505,0.999921679,0.127213448,-0.287676156,0.0367628485,0.628650248,-0.0935566351,-0.30537951,0.0208531097,0.842411578,-0.000518144865,-0.332640499,-0.0159560349,0.623634636,0.0642456785,-0.372325361,-0.0721219629,0.928513288,-0.0474900454,-0.360571206,-0.0133659262,0.574628651,0.135782361,-0.402467817,-0.120070666,0.895954669,-0.0569173954,-0.378146112,-0.0020012029,0.549338758,0.1569639,-0.46293667,-0.104098044,0.881525576,-0.00549856247,-0.332074136,-0.0108622136,0.451396,0.0800075457,-0.399119467,-0.0711375177,0.811989248,0.094698891,0.00439626351,0.0269887596,0.999962926,-0.0930259749,-0.00878144056,-0.0250377376,0.999967933,0.0854169503,0.424271613,-0.0782228932,0.593572557,-0.0784329847,0.35000205,-0.110879749,0.587337673,0.0737023726,0.781892955,-0.00607984234,0.586010575,-0.0774626359,0.731903255,0.00758615229,0.480766356,0.0512767024,0.817002892,0.00606459565,0.244549364,-0.0752814412,0.764689207,-0.0241535082,0.157768339,0.0765893906,0.815521479,-0.0520599261,0.609667778,-0.0934249386,0.762135,-0.111085951,0.472647816
5350.000000000008,-0.0113462284,-0.601698339,-0.032688316,0.99979347,0.00164831709,-0.617237866,-0.0172384046,0.999649882,0.00424117316,-0.619498789,-0.00675897067,0.999508619,0.00263487734,-0.618904829,-0.0110756652,0.999694645,-0.0199043117,-0.629170179,-0.0290514287,0.999815285,-0.0183899105,-0.62693429,-0.0417715274,0.999818563,-0.0148502579,-0.616225421,-0.022730777,0.999892056,0.0626183823,-0.600279629,0.0821086168,0.999590814,-0.0783675686,-0.561991215,0.0797502548,0.999621093,0.0233776048,-0.589174688,0.0134501252,0.999485254,-0.0167941246,-0.555582404,-0.0151885925,0.999508381,0.146676898,-0.422611028,0.149331316,0.999880254,-0.134198546,-0.508772552,0.171987951,0.99992317,0.128385395,-0.288542449,0.036643263,0.621500969,-0.09225858,-0.307728022,0.0181122329,0.849444032,0.00186419941,-0.333630145,-0.0182309411,0.614981413,0.0654065683,-0.373408288,-0.0763061643,0.933061779,-0.0447494499,-0.360550404,-0.016014412,0.565480292,0.136507541,-0.402776837,-0.125248939,0.901726723,-0.0543214642,-0.377754897,-0.00450852839,0.539765596,0.158011436,-0.463462949,-0.108897112,0.887936234,-0.0031292534,-0.332682222,-0.0132174417,0.442610949,0.0810034871,-0.399870366,-0.0751565695,0.820949495,0.0945945,0.00447514653,0.0273257587,0.999962568,-0.09293551,-0.0089010084,-0.025396334,0.999968112,0.0851588398,0.424265802,-0.0773306563,0.589789212,-0.0784701705,0.349672496,-0.11086604,0.586350858,0.0717186853,0.783878446,-0.00632443558,0.585361063,-0.0783192217,0.731528,0.0072188396,0.480912238,0.049060978,0.819371641,0.00570378918,0.246660948,-0.0764382631,0.764300883,-0.0245808475,0.158338785,0.0756124109,0.817208886,-0.0529666953,0.611032,-0.0940183252,0.761506319,-0.112299256,0.474205971
5366.666666666675,-0.0107795047,-0.60173887,-0.0341464207,0.999795496,0.00228405674,-0.617327631,-0.0184721,0.999653459,0.00487548206,-0.619563222,-0.00806250144,0.999510825,0.00323730358,-0.618979752,-0.0123357903,0.999694765,-0.0194865149,-0.629240155,-0.0300615784,0.999818623,-0.0179845262,-0.627017856,-0.0428474061,0.999822,-0.0144160995,-0.616295099,-0.0237230267,0.9998945,0.0638321638,-0.60101819,0.0812102705,0.999587119,-0.0780249313,-0.562743783,0.0800032392,0.999630809,0.0240905024,-0.589306593,0.0121769365,0.999476075,-0.0162150171,-0.555772066,-0.0160443857,0.999505579,0.148559496,-0.423876762,0.149162292,0.999871969,-0.132878348,-0.510432124,0.170120984,0.999923289,0.130060032,-0.29036063,0.0306782182,0.611279607,-0.0881975666,-0.309799731,0.0147936447,0.853907585,0.00504545448,-0.33698383,-0.0296370387,0.602835476,0.0680025294,-0.376220495,-0.0822865739,0.93662405,-0.040871907,-0.364158541,-0.0292767063,0.553651333,0.13820684,-0.405894876,-0.132685855,0.906089723,-0.0501066744,-0.381323963,-0.0173382964,0.527724147,0.160268754,-0.467704,-0.116316691,0.892774105,0.000310874893,-0.335871845,-0.0247868299,0.431427449,0.083393082,-0.402855903,-0.0812376291,0.827263832,0.0945800766,0.00461624842,0.0274143238,0.999962091,-0.0929281116,-0.00908014923,-0.025495125,0.999968112,0.0850532576,0.42399776,-0.077308476,0.584138513,-0.0785115436,0.348387033,-0.110857382,0.582860053,0.0710434914,0.784611285,-0.00686105434,0.583497643,-0.0785037056,0.73061192,0.00669365376,0.47829622,0.0483353063,0.820241213,0.00494384952,0.248040378,-0.0767027065,0.763403535,-0.0251938198,0.158006474,0.0753336474,0.817348719,-0.0549632534,0.611112952,-0.0948713049,0.759681642,-0.113614872,0.473254174
5383.333333333342,-0.0101686763,-0.60174644,-0.0325900391,0.99979341,0.00296078809,-0.617353261,-0.0168475844,0.999648869,0.00552310841,-0.619576156,-0.00643550931,0.999501705,0.00389360171,-0.619000494,-0.010761084,0.999686658,-0.0190670434,-0.629234314,-0.0284602791,0.999817848,-0.0175775103,-0.627023,-0.0412121676,0.999821842,-0.0139559507,-0.616298616,-0.0221553892,0.999894679,0.065681085,-0.601813316,0.0825127959,0.999571,-0.0771636665,-0.562963545,0.080344215,0.999633491,0.0251583308,-0.589395225,0.0134768933,0.999452,-0.0153390635,-0.555830896,-0.0148877678,0.999491274,0.150717184,-0.425688893,0.149816617,0.999862313,-0.130598366,-0.511288702,0.171330199,0.999922872,0.130009741,-0.293820322,0.0266285334,0.600249887,-0.085767962,-0.311103016,0.016251944,0.857499719,0.00559665,-0.337317526,-0.0382895544,0.590991735,0.0705446526,-0.376667231,-0.0852194428,0.940192699,-0.0396396704,-0.363491118,-0.0401262455,0.542446554,0.140371978,-0.405922443,-0.137772605,0.910721421,-0.0486819483,-0.380133748,-0.0274638366,0.516431451,0.164341211,-0.468444556,-0.121798925,0.897990286,0.00099745125,-0.335558206,-0.0333922952,0.420893,0.0863776207,-0.403244227,-0.0844723135,0.834255517,0.0946584642,0.00467460696,0.0274239276,0.999961495,-0.0930339769,-0.00916229188,-0.0255057923,0.999968112,0.0848561749,0.423992395,-0.0772810206,0.581407726,-0.0786960199,0.347940087,-0.110858217,0.582301676,0.070862554,0.785513818,-0.00798443798,0.585886776,-0.0789347365,0.730274,0.00630704593,0.478894621,0.0481339917,0.821235,0.00343288039,0.250796765,-0.0771656558,0.763026178,-0.0256958082,0.158495173,0.0750734359,0.817385912,-0.0601292178,0.614679933,-0.0955998078,0.758752,-0.116299897,0.475378543
5400.000000000009,-0.0100357467,-0.60200417,-0.0318661779,0.999798119,0.00334866345,-0.617607772,-0.016003551,0.999656737,0.00590446545,-0.619811594,-0.00561571773,0.999511123,0.00425676862,-0.619266927,-0.00993332267,0.999691784,-0.018846646,-0.629584193,-0.0273963213,0.999822497,-0.0173671171,-0.627408564,-0.0401911326,0.999826312,-0.0137264905,-0.616669297,-0.0211200509,0.99989742,0.0664073229,-0.602148712,0.0833985806,0.999576092,-0.0769242197,-0.564165115,0.0820941478,0.999644101,0.0253266431,-0.589688182,0.0141713042,0.999456,-0.0152524486,-0.556407809,-0.0138727846,0.999498427,0.150857732,-0.425803334,0.149587452,0.999859095,-0.130500033,-0.513812482,0.172289506,0.999923408,0.128937632,-0.293741882,0.0235073287,0.598360896,-0.0856818855,-0.319221348,0.0168491583,0.860910356,0.00556687452,-0.337127209,-0.0432177819,0.588770092,0.0723332092,-0.379925072,-0.0865894556,0.942857862,-0.0396468639,-0.362991303,-0.0458846204,0.54070586,0.142385155,-0.407066673,-0.140067235,0.91404283,-0.0486681275,-0.379339635,-0.0343654342,0.514750838,0.168488532,-0.469035506,-0.124543495,0.901738882,0.000961928337,-0.335106343,-0.0385997891,0.418925941,0.088921763,-0.405809462,-0.0861036628,0.839224637,0.0946623385,0.00467970083,0.0273853857,0.999961138,-0.0930420086,-0.0091715185,-0.0254657697,0.999968112,0.0848688483,0.42394346,-0.0764340758,0.578435302,-0.078461796,0.347917974,-0.110834748,0.579599202,0.0711534843,0.785580814,-0.00678299926,0.585524559,-0.078912206,0.730268776,0.00650570309,0.476269245,0.0484368242,0.821304381,0.00466295565,0.251091,-0.0771571472,0.763011873,-0.0255176369,0.157685533,0.0751260817,0.817106187,-0.0595610291,0.615408838,-0.0958640277,0.758378,-0.116596498,0.474199533
5416.666666666676,-0.0101174247,-0.602785408,-0.0342978463,0.999793947,0.00332146487,-0.61838454,-0.0187194254,0.999649405,0.00587937515,-0.620557904,-0.00832077675,0.999498904,0.00421981467,-0.620025277,-0.0125819976,0.999683321,-0.0188912582,-0.630396783,-0.0297814067,0.999819577,-0.0174135435,-0.62826395,-0.042654261,0.99982357,-0.0137658464,-0.617494345,-0.0234809872,0.999896049,0.0663981736,-0.603159726,0.0800186768,0.999563694,-0.0769056603,-0.565731585,0.080551438,0.999642313,0.0252733584,-0.590590417,0.0116009563,0.999438226,-0.0152908042,-0.5576,-0.0159665309,0.99948591,0.150946677,-0.427041501,0.145615458,0.999852359,-0.130522,-0.515917242,0.170131952,0.999921918,0.128568,-0.294952601,0.0172368232,0.595066905,-0.0852251872,-0.321741432,0.0150388787,0.863180041,0.00551443547,-0.337960482,-0.0505521,0.582821131,0.0735245422,-0.382219672,-0.0875745,0.944606602,-0.039679803,-0.363372564,-0.0534838028,0.535433471,0.143672913,-0.409077287,-0.14093107,0.915957868,-0.0487127826,-0.379882693,-0.0424630418,0.509516835,0.169843242,-0.471096814,-0.125647426,0.903856754,0.000931782706,-0.335825324,-0.0462173,0.41389066,0.0901482105,-0.408127129,-0.0872163698,0.84163636,0.0946582258,0.00469818851,0.0273351409,0.99996078,-0.0930413,-0.00919476897,-0.0254148208,0.999968052,0.0848277137,0.423791736,-0.0760899633,0.575315833,-0.078466855,0.34768194,-0.110498697,0.576993227,0.0711170658,0.785576642,-0.00496567506,0.584094465,-0.0789098516,0.73024,0.00714347931,0.473331362,0.048418276,0.821294248,0.0067019593,0.25107196,-0.0771580935,0.76298219,-0.0248175133,0.156700507,0.0750715733,0.816935897,-0.057289049,0.614486933,-0.0965967849,0.758152962,-0.115849577,0.471890122
5433.333333333343,-0.0100172739,-0.602924109,-0.0349741876,0.999791622,0.00347156194,-0.618498266,-0.0194202177,0.999645054,0.00604004366,-0.620664477,-0.00903554913,0.999491572,0.00435771793,-0.62013334,-0.0132450946,0.999677777,-0.0187475234,-0.63054949,-0.0304672606,0.999818206,-0.0172742624,-0.62843442,-0.0433535203,0.999822617,-0.0136185819,-0.617660105,-0.0241573658,0.999895692,0.0664364174,-0.603297651,0.0794423223,0.999555826,-0.0768330395,-0.566331565,0.080051288,0.999642968,0.025318291,-0.590746582,0.0109860189,0.999427497,-0.015234137,-0.557911932,-0.0165782552,0.99947989,0.150957555,-0.427185595,0.14446865,0.999848545,-0.130604878,-0.51680392,0.170103416,0.999921262,0.128593028,-0.294514,0.0164291728,0.593323529,-0.0840982646,-0.321565449,0.0156175904,0.864804506,0.00549804326,-0.337647051,-0.0508767292,0.578024507,0.0744927526,-0.381864041,-0.0868760124,0.946259081,-0.0396912917,-0.362678707,-0.0536316,0.530678,0.144609585,-0.408976018,-0.140095636,0.917771816,-0.0487380587,-0.379155517,-0.0425402261,0.504671514,0.170265988,-0.470995307,-0.124888413,0.905852318,0.000917784811,-0.33545503,-0.0464789383,0.409151912,0.0909171924,-0.407861173,-0.0865496919,0.84396112,0.0946723372,0.00471025426,0.0272810664,0.999960661,-0.0930604,-0.00920916,-0.0253596865,0.999968171,0.0850568488,0.42362839,-0.0756138861,0.5755018,-0.0785124451,0.347583294,-0.110271081,0.577036202,0.0714589,0.785557568,-0.00267195283,0.584205627,-0.078928858,0.730315387,0.007476395,0.472991586,0.0487677716,0.821275,0.00924567785,0.251271158,-0.0771885,0.763073444,-0.0244574863,0.156547219,0.0750938728,0.816923618,-0.0545261167,0.614583552,-0.0973608121,0.758163333,-0.115776032,0.471579105
5450.00000000001,-0.00967920665,-0.602686644,-0.0337725,0.999783218,0.00379082467,-0.618236661,-0.018181514,0.999628663,0.00636594556,-0.620390832,-0.00784087647,0.999465704,0.00467514712,-0.619870186,-0.0120417699,0.999659717,-0.0184104834,-0.63030076,-0.0293593314,0.999811649,-0.0169391409,-0.628216386,-0.0422610529,0.999817073,-0.0132607734,-0.617440879,-0.0230622217,0.999892831,0.0664643,-0.603202701,0.0808364227,0.999529183,-0.0766762942,-0.566321671,0.0806956,0.999635875,0.0255033877,-0.590617597,0.012275259,0.999400079,-0.0149990022,-0.557822108,-0.0155021064,0.999461591,0.151035205,-0.427115858,0.145992935,0.999842763,-0.130629256,-0.517089427,0.170308173,0.999921441,0.128883123,-0.292647034,0.017338803,0.581791818,-0.0837579444,-0.321243554,0.0160085019,0.865538061,0.00654035853,-0.333042353,-0.04974664,0.564480603,0.0747522935,-0.380967557,-0.0863640755,0.948046565,-0.0383594483,-0.357626647,-0.0523971021,0.518723249,0.144789711,-0.407985151,-0.139521927,0.920018792,-0.0475651808,-0.374608845,-0.04123367,0.492860258,0.170526698,-0.470006675,-0.124437563,0.908365726,0.00193134439,-0.330880612,-0.0453010425,0.398164421,0.0911672115,-0.406970859,-0.0860712081,0.846937597,0.0946940482,0.00476408331,0.0273029581,0.999960482,-0.0930881947,-0.00927413,-0.0253779609,0.99996835,0.0850327909,0.423536301,-0.0750529617,0.571616411,-0.0785257,0.347583771,-0.110255368,0.57443,0.0714056641,0.785598159,-0.00282328855,0.583445311,-0.0789652914,0.730293691,0.00726311328,0.471616834,0.0486937091,0.821329772,0.00901684444,0.251313,-0.0772466958,0.763048232,-0.0247161202,0.156055674,0.0748598203,0.817005813,-0.0547470748,0.613952935,-0.0977100804,0.758097053,-0.116680689,0.470263153
5466.666666666677,-0.00938903727,-0.601467609,-0.0267205369,0.999781609,0.00406120205,-0.617032111,-0.0106915282,0.999624968,0.00663996348,-0.619145393,-0.000478329748,0.999459445,0.00496201962,-0.618677199,-0.00469472818,0.999653816,-0.0181176793,-0.629035056,-0.0217375383,0.999810815,-0.0166331027,-0.626969039,-0.0346313,0.999816954,-0.0129421297,-0.616228163,-0.0155154141,0.99989289,0.0667212605,-0.602465332,0.0885576308,0.999519825,-0.0762950629,-0.565539539,0.0887897089,0.999638,0.0257586855,-0.589666128,0.0193189159,0.9993909,-0.0147349546,-0.556809068,-0.00836656,0.999457717,0.151237816,-0.42658323,0.153075159,0.999841,-0.130313739,-0.517032146,0.174979731,0.999922872,0.129055783,-0.291051865,0.0241305586,0.572739065,-0.0830512941,-0.320936173,0.0199166145,0.865715623,0.00750171719,-0.327598572,-0.0443186,0.554557,0.0752798691,-0.378714114,-0.0843599066,0.949557781,-0.037071161,-0.351622552,-0.0472422577,0.510054111,0.145243257,-0.40511024,-0.137929052,0.922002,-0.0461560674,-0.368358105,-0.0361679792,0.484234214,0.171144411,-0.466911227,-0.123066902,0.910585165,0.00295757013,-0.325261742,-0.0399251916,0.390144944,0.0917471796,-0.404396832,-0.0841420293,0.849660397,0.0947414711,0.00481982948,0.0274073239,0.999960601,-0.0931432396,-0.00934315659,-0.0254812874,0.999968708,0.0850392729,0.423476517,-0.0749643892,0.572598398,-0.0784971491,0.34774825,-0.111285843,0.57853204,0.0715417862,0.785580337,-0.00368946814,0.585588932,-0.078993395,0.730332792,0.00302621652,0.475381345,0.048800841,0.821315,0.00785427447,0.252880573,-0.0772790536,0.763073206,-0.0294030029,0.157699436,0.0744686127,0.817019582,-0.0567504279,0.616304398,-0.0976642594,0.758096,-0.123372428,0.474117339
5483.333333333344,-0.00858491845,-0.601262271,-0.0256799608,0.999771893,0.00478129927,-0.6168859,-0.00969917048,0.999606,0.00735645555,-0.618982673,0.000519527763,0.999431193,0.00569340307,-0.618527114,-0.00369929336,0.999633431,-0.0174910687,-0.62874949,-0.0205892026,0.99980247,-0.0160011463,-0.626697481,-0.0334749036,0.999809802,-0.0122792395,-0.615952194,-0.0143774729,0.999889,0.0676111206,-0.60251689,0.0895347148,0.999489307,-0.0754966661,-0.56534183,0.0904974341,0.999627233,0.0267214291,-0.589615583,0.0204280708,0.999355197,-0.0138183581,-0.55662936,-0.00703083817,0.999432,0.152177364,-0.4267461,0.15383178,0.999835372,-0.129116163,-0.517034888,0.176673979,0.999922872,0.128631502,-0.290772855,0.0253801085,0.562361419,-0.0821688771,-0.320653468,0.0220931768,0.865737319,0.00710451277,-0.321701348,-0.0414350182,0.540085256,0.0771959275,-0.376991838,-0.0828084722,0.950491428,-0.0373983048,-0.343641937,-0.0442947224,0.49702245,0.147573933,-0.402100593,-0.136818126,0.923131049,-0.0463499948,-0.359562308,-0.0332915559,0.471398979,0.174231753,-0.463583231,-0.122177377,0.911849737,0.00262303674,-0.318543315,-0.0369410776,0.378629029,0.0940799713,-0.402237564,-0.0827618837,0.851032317,0.0948413,0.00482978253,0.0274064839,0.999960423,-0.0932546631,-0.00935636088,-0.0254794899,0.999968946,0.0850432,0.423470587,-0.0748963,0.573709488,-0.0784240887,0.347765952,-0.111265615,0.581331,0.0722074285,0.78557092,-0.00425184099,0.588435411,-0.0792167,0.730390251,0.00251252344,0.478965938,0.0495190285,0.821302533,0.00709120929,0.253922284,-0.0775596127,0.763140321,-0.0300698671,0.158883929,0.0744726434,0.817008734,-0.0585410297,0.618937433,-0.0978781283,0.758176863,-0.124609597,0.477850854
5500.000000000011,-0.00800527912,-0.601487577,-0.0245239194,0.999769211,0.00535427965,-0.617123902,-0.00835988,0.99960041,0.0079163108,-0.61922574,0.00185144239,0.999422431,0.00626848452,-0.61877507,-0.00237505138,0.999626875,-0.0170420501,-0.628877103,-0.0191374216,0.999800324,-0.0155603439,-0.626835644,-0.032013543,0.999808,-0.0118448539,-0.616089165,-0.0129477922,0.999888241,0.068347238,-0.602700591,0.0911865905,0.999478161,-0.0751424283,-0.565251052,0.092853494,0.999625146,0.0274144672,-0.58980006,0.0215826929,0.999343097,-0.0132891554,-0.556692302,-0.00565124629,0.99942559,0.152401596,-0.426739872,0.15435265,0.999832869,-0.12896806,-0.516631961,0.179806754,0.99992317,0.12676008,-0.290414125,0.0262588635,0.556977749,-0.0834453,-0.320301384,0.0246579889,0.86750555,0.00565089099,-0.318466634,-0.0393611565,0.532864153,0.077114284,-0.376800984,-0.0820515603,0.952020466,-0.0387070253,-0.339730859,-0.0420772545,0.490245879,0.147563502,-0.401918322,-0.136364311,0.925067544,-0.0472612046,-0.354871154,-0.0310284737,0.464603454,0.174274787,-0.463397741,-0.121722609,0.914021432,0.00131843844,-0.314822733,-0.0347441211,0.37240833,0.0940134898,-0.402050108,-0.0820302367,0.854009509,0.0949565098,0.00481585972,0.0273006447,0.999960303,-0.0933826938,-0.00934575,-0.0253680162,0.999969125,0.0850708783,0.423745394,-0.0743861124,0.575788856,-0.078298144,0.347997576,-0.111026436,0.584849536,0.0730454922,0.785612524,-0.00325618056,0.591478586,-0.0795278177,0.731026709,0.00275582424,0.483981133,0.0504488647,0.821325541,0.00814834423,0.254436791,-0.0779471397,0.763814151,-0.0298439655,0.1605791,0.0745837539,0.817095578,-0.0577798858,0.621530712,-0.0983834,0.758731186,-0.124583013,0.482963741
5516.666666666678,-0.00796600524,-0.602047741,-0.0242979061,0.999772668,0.00539378729,-0.617688596,-0.00821415428,0.999606848,0.00795447826,-0.61983496,0.00200840435,0.999432445,0.00631415145,-0.619371772,-0.00221983343,0.999634,-0.0170108229,-0.629327118,-0.018838834,0.999802887,-0.0155321881,-0.627295375,-0.0317015,0.999810159,-0.0118242865,-0.616548777,-0.0126577094,0.999889433,0.0685198382,-0.603081644,0.0912019759,0.999487817,-0.0749824867,-0.565261245,0.0935816914,0.999626935,0.0275490824,-0.590292,0.0216976199,0.999350965,-0.0131759597,-0.556994796,-0.00531022204,0.999429703,0.152576461,-0.427025706,0.153617591,0.999836206,-0.128941163,-0.516203046,0.182881385,0.999922216,0.126670957,-0.289959043,0.0264018308,0.561326921,-0.0836336166,-0.319202185,0.0299153607,0.867052734,0.0021874127,-0.311315656,-0.0376945399,0.534559488,0.0764254481,-0.376644969,-0.0778945833,0.951963127,-0.0433379561,-0.330043107,-0.0401553661,0.49155131,0.147209197,-0.402305961,-0.132224217,0.924803793,-0.0525390059,-0.345687896,-0.0293622352,0.466042966,0.173193365,-0.464408308,-0.118259542,0.913725317,-0.00261587021,-0.307480723,-0.0330380946,0.37357828,0.0931749,-0.402253896,-0.0783207789,0.853459537,0.0950226,0.00476821046,0.026456546,0.999960721,-0.093449153,-0.00928964652,-0.0244920906,0.999969363,0.0850623921,0.424227148,-0.0744975135,0.579609096,-0.0783148631,0.348139644,-0.110290736,0.58667028,0.0735672191,0.785636961,-0.00334885088,0.594239235,-0.0795351714,0.731793344,0.00377535331,0.486524642,0.0511013679,0.821333826,0.00803853571,0.254229099,-0.0779411271,0.764693439,-0.0288322624,0.161372527,0.0746130347,0.817205071,-0.0578425229,0.623652816,-0.0986770689,0.759619474,-0.123291031,0.485836625
5533.333333333345,-0.00714785838,-0.601990342,-0.020828411,0.999779701,0.00604337,-0.617660642,-0.00448220642,0.999620199,0.00861010794,-0.619812,0.00575684523,0.999451816,0.00700744707,-0.619352162,0.00138812326,0.999646902,-0.0163688529,-0.629259586,-0.0152511187,0.999809,-0.014890817,-0.627220571,-0.0281244386,0.999815702,-0.0112255448,-0.616486132,-0.00912976451,0.999892533,0.0689857826,-0.603043497,0.0954112187,0.999504447,-0.0746500418,-0.564561307,0.0973502323,0.999636114,0.0283927582,-0.590253651,0.0251361784,0.999367058,-0.0124526983,-0.556809187,-0.00191114785,0.999441922,0.152571812,-0.426796794,0.157908067,0.999839306,-0.128428131,-0.514686346,0.185788617,0.999922276,0.125128195,-0.28891167,0.0345617197,0.560522377,-0.083939679,-0.316224635,0.0320247263,0.867475629,0.00183385448,-0.309629917,-0.028429212,0.536944926,0.0763765723,-0.374820203,-0.0759728178,0.951944053,-0.0435463376,-0.328708887,-0.0310582016,0.494432718,0.147302955,-0.400662839,-0.130210862,0.924567819,-0.0525759384,-0.344299167,-0.0208815169,0.469061583,0.173161805,-0.463093251,-0.116193049,0.913406491,-0.00284751365,-0.30590868,-0.0241476782,0.37618798,0.0931263,-0.400804132,-0.0763694,0.852842212,0.0950317159,0.00476144534,0.0264696125,0.999961,-0.0934589431,-0.00927961711,-0.0245043337,0.999969482,0.085562706,0.424365938,-0.0745550841,0.58250159,-0.0783329532,0.348371953,-0.111341164,0.590728879,0.0740295127,0.785602748,-0.00392583245,0.595033705,-0.0795255601,0.731863141,0.00298766582,0.488536477,0.0515264943,0.82127434,0.00740392879,0.254092872,-0.0779124275,0.764760733,-0.0296365581,0.162569314,0.0755172074,0.817166924,-0.0578963943,0.623743057,-0.0986863226,0.759646118,-0.123288453,0.487621158
5550.000000000012,-0.0063329665,-0.601989627,-0.0112081552,0.999784291,0.00680883229,-0.617667913,0.0061773113,0.999628842,0.00935699884,-0.619819045,0.0163609385,0.999465108,0.00780275883,-0.619360626,0.011802312,0.99965477,-0.0156946871,-0.62923342,-0.00479843467,0.999812961,-0.0142187541,-0.627192378,-0.0177337732,0.999819338,-0.0105606904,-0.61647,0.00122078042,0.999894381,0.0697577372,-0.60302043,0.10674125,0.999514282,-0.0742772892,-0.563766479,0.108534336,0.999642611,0.0292427205,-0.590245605,0.0346158929,0.999371946,-0.0118257971,-0.556684196,0.00766642,0.999445915,0.152502209,-0.426757276,0.166510612,0.999839664,-0.127642587,-0.512462199,0.191972986,0.999921679,0.121718563,-0.289903224,0.0399473272,0.556901157,-0.0842576921,-0.312594891,0.035801433,0.867363513,0.00161607983,-0.310211778,-0.025592465,0.537456512,0.0765127689,-0.370560437,-0.0723088384,0.95223707,-0.0435163192,-0.329697579,-0.0289117396,0.496144533,0.147933722,-0.396068901,-0.126742467,0.925014734,-0.0524565428,-0.34509182,-0.0185629763,0.470860958,0.174069032,-0.459164649,-0.112638228,0.913877845,-0.00293278764,-0.306598872,-0.0214973539,0.377996504,0.0934070498,-0.396873176,-0.0725724,0.853497863,0.0950735956,0.004705125,0.0265246425,0.999961138,-0.0935017094,-0.00921497867,-0.0245621577,0.999969542,0.0856730044,0.424381375,-0.0746953711,0.588758647,-0.078334026,0.348528415,-0.11317198,0.597837329,0.0743580461,0.785252154,-0.00682868576,0.600151181,-0.079141885,0.731856227,0.000527272758,0.494305134,0.0518563911,0.820863664,0.00406505167,0.257160753,-0.0773766115,0.764737189,-0.0323329307,0.16607669,0.0761262178,0.816455901,-0.0607829504,0.627398908,-0.098355338,0.759398758,-0.124844134,0.492746323
5566.666666666679,-0.00563862966,-0.601872742,-0.00470857648,0.999789596,0.00741605135,-0.617591441,0.0127525628,0.999638796,0.00997490156,-0.61974597,0.0229475759,0.999480426,0.00847350154,-0.619295657,0.0182858,0.999664307,-0.0150489286,-0.629073,0.00178083673,0.999817312,-0.0135781458,-0.627014518,-0.0111437831,0.999823332,-0.00994756632,-0.616326809,0.0077643916,0.999896407,0.0703158751,-0.602957606,0.113194644,0.999526858,-0.0737848,-0.563118756,0.115155295,0.999649,0.0299263597,-0.590170085,0.0410373732,0.999381125,-0.0112211388,-0.556421876,0.0141128916,0.999452233,0.152372062,-0.426742762,0.172070384,0.999842286,-0.126899168,-0.511207461,0.198023424,0.999921322,0.119610436,-0.289927661,0.0458854102,0.55612,-0.0844119,-0.309963197,0.0423173197,0.86696732,8.75606347e-005,-0.309057385,-0.0202298965,0.54165417,0.0764860511,-0.367191046,-0.0652514547,0.952347219,-0.0446255691,-0.32789588,-0.0240321774,0.501286447,0.148059532,-0.392596513,-0.119674996,0.925287127,-0.0533539802,-0.342574745,-0.0136577487,0.476170331,0.174134657,-0.456083208,-0.105868399,0.914175093,-0.00430990104,-0.305081367,-0.0162666272,0.382890552,0.0933876932,-0.393793017,-0.0656295493,0.853931487,0.0950901061,0.00464762282,0.0265233945,0.999961138,-0.0935159177,-0.00915126223,-0.0245618224,0.999969363,0.0856962353,0.424489081,-0.075317435,0.594812453,-0.0783500224,0.348886162,-0.114276499,0.604023397,0.0752423853,0.785204232,-0.0139941266,0.604431808,-0.0787270069,0.73202306,-0.0038433,0.498610348,0.0528199971,0.820801556,-0.00403816858,0.259242326,-0.076814495,0.764888048,-0.0372817889,0.168872669,0.0769144893,0.816016376,-0.0689393356,0.630445659,-0.0981138721,0.759360135,-0.128534302,0.496734142
5583.333333333346,-0.00507613504,-0.601805329,-0.00509567279,0.999793053,0.00790656079,-0.617557049,0.0121579757,0.999646127,0.0104644978,-0.619707,0.0223744232,0.999491513,0.00898865517,-0.619261563,0.0177391805,0.999671161,-0.0145260748,-0.62899667,0.0011872896,0.999820471,-0.013057882,-0.626923144,-0.0117316265,0.999826193,-0.00945101492,-0.616250634,0.00719199888,0.999897957,0.0708137229,-0.602960229,0.112466939,0.999535143,-0.0733095556,-0.562878907,0.114407055,0.999653757,0.0304610301,-0.590146184,0.0406919,0.999384403,-0.0106873475,-0.556295,0.0137283532,0.999453902,0.152329892,-0.426944077,0.172665462,0.999842882,-0.126062304,-0.51040715,0.197614416,0.999920607,0.118294403,-0.291389,0.0478771366,0.554043591,-0.084403418,-0.306098789,0.041966252,0.867440879,-0.00141281972,-0.309852868,-0.0175904799,0.543863714,0.0765004,-0.365085244,-0.0647921637,0.952565,-0.0459669605,-0.32849,-0.0211609919,0.503912628,0.148217529,-0.391274482,-0.118897349,0.925540149,-0.054356765,-0.342847586,-0.0106912926,0.478834748,0.174111232,-0.455104083,-0.104849078,0.914408803,-0.00564148556,-0.30565545,-0.0135870036,0.385382921,0.0933729038,-0.392095476,-0.065042071,0.854231656,0.0950957,0.00462928973,0.0266918074,0.999961,-0.0935216174,-0.00913170259,-0.0247415137,0.999969184,0.0857590362,0.424569249,-0.0752641,0.598094583,-0.0783903748,0.34903115,-0.114502952,0.60937345,0.0759424,0.785217702,-0.0145609984,0.606903076,-0.0786226,0.73207587,-0.00452783471,0.502349257,0.0535789244,0.820811093,-0.00470481906,0.260324359,-0.0766477659,0.764943361,-0.0380064398,0.170915216,0.0775457695,0.815961301,-0.0694328174,0.632595778,-0.0974200666,0.759336889,-0.128878072,0.500447035
5600.000000000013,-0.00339971576,-0.601352811,-0.00610857969,0.99978745,0.00950103626,-0.617110431,0.010524597,0.999637961,0.0120689292,-0.619240105,0.0207841173,0.999482155,0.0105756512,-0.61880368,0.0161324237,0.999664903,-0.0127162915,-0.628503203,-0.000326604088,0.999815464,-0.0112629533,-0.626432657,-0.0132337026,0.999821365,-0.00765424594,-0.615755618,0.00571274851,0.999895036,0.0721296519,-0.602862179,0.109882854,0.999527,-0.0710479915,-0.562556565,0.112364918,0.999645352,0.0321098566,-0.589889228,0.0395105444,0.999367893,-0.00874623936,-0.555929661,0.0127245225,0.999438047,0.153331,-0.427114785,0.170824051,0.999843478,-0.124903962,-0.510296226,0.197479099,0.999919176,0.118405841,-0.292027742,0.0476027839,0.552033901,-0.0840732381,-0.304010838,0.0422206409,0.864106476,-0.000907715701,-0.310088813,-0.0180552658,0.542545259,0.0780235156,-0.361056447,-0.0631501377,0.950781405,-0.0452016108,-0.328849047,-0.0215624515,0.50362277,0.150843978,-0.386654973,-0.116832748,0.923225224,-0.0533044,-0.343219668,-0.0110305743,0.4787018,0.176110953,-0.451067567,-0.103195362,0.911711693,-0.00496215606,-0.305805027,-0.0140206059,0.385284066,0.0950370282,-0.38825804,-0.0635762438,0.850199401,0.0951614305,0.00462781964,0.0266591515,0.999961853,-0.0935805067,-0.00912339,-0.024705749,0.999969661,0.0868686289,0.424578696,-0.0747728348,0.606218576,-0.0783878192,0.34903267,-0.1137361,0.616817117,0.0776527822,0.783715308,-0.0122432914,0.615309119,-0.0767722353,0.73205322,-0.00100252288,0.510721564,0.0553026609,0.819028556,-0.00209183246,0.264660031,-0.0744271,0.764938593,-0.0340275206,0.174911618,0.0779581144,0.815561831,-0.0655602738,0.639319956,-0.0967498273,0.759602427,-0.123062536,0.507597
5616.66666666668,-0.00259688543,-0.600831568,-0.00652489811,0.999779344,0.0103549752,-0.61655277,0.0100011537,0.999623835,0.0129136033,-0.618672609,0.0202615652,0.999466,0.0114259403,-0.618229687,0.0156383291,0.999653816,-0.0117658321,-0.627898574,-0.000820254791,0.99980706,-0.0103416182,-0.625852942,-0.0137236519,0.999813795,-0.00667829,-0.615176201,0.00522499438,0.99989,0.0727215484,-0.602628589,0.109307319,0.99951458,-0.0699664652,-0.562288523,0.111747772,0.999630272,0.0328948759,-0.589541316,0.0390591659,0.999345,-0.00784930121,-0.55555284,0.0122817624,0.999414265,0.154006273,-0.427439839,0.170676187,0.999844849,-0.124629706,-0.510282874,0.197210878,0.999916852,0.1187106,-0.292560428,0.0473385677,0.552737772,-0.0817200169,-0.303723484,0.0448287725,0.858764291,-0.00107848342,-0.30896771,-0.018199265,0.542216837,0.0797661245,-0.358054638,-0.0597252063,0.948216617,-0.0455138236,-0.326086,-0.0219458714,0.504589,0.152728781,-0.382356733,-0.113587976,0.92033428,-0.0539689176,-0.341165841,-0.0115889274,0.479991615,0.177600503,-0.446980804,-0.1009636,0.908486426,-0.00528683886,-0.304538041,-0.0141623449,0.386567295,0.0967313647,-0.385084391,-0.0606420264,0.84553951,0.0954478905,0.00461399,0.0266016535,0.999962807,-0.0938565359,-0.00909040309,-0.0246349536,0.999970198,0.0876560658,0.424640536,-0.0747077912,0.617646813,-0.0789042264,0.349081129,-0.113377295,0.626018107,0.0790611953,0.782123923,-0.0108259348,0.626360059,-0.0768037438,0.732075334,0.00171404344,0.521091521,0.0567538887,0.817212343,-0.000447404425,0.271136522,-0.0744422227,0.764974296,-0.0310343932,0.179755,0.0785344541,0.814507484,-0.0641974062,0.648174524,-0.0972752571,0.759877622,-0.120284066,0.516168773
5633.333333333347,-0.00229821517,-0.598928452,-0.00092290889,0.999772429,0.0106015019,-0.614669263,0.0154575603,0.999611139,0.0131667554,-0.616783917,0.025669571,0.999452353,0.011705121,-0.616330922,0.0210451502,0.999644518,-0.0113865826,-0.625897348,0.00485067489,0.999799252,-0.00997071806,-0.623834729,-0.00802077726,0.999806881,-0.0062874211,-0.613207459,0.0108145056,0.999885321,0.072899133,-0.601464212,0.11391551,0.999505281,-0.0694299862,-0.560984135,0.11665938,0.999615192,0.0331909433,-0.588016331,0.0443551429,0.999326229,-0.00751125347,-0.553877413,0.0177203175,0.999392569,0.154308528,-0.427446932,0.173179656,0.999848127,-0.12452352,-0.509770632,0.201603398,0.999915361,0.119865872,-0.292699516,0.0500161126,0.553507268,-0.0793965757,-0.301866323,0.0546111465,0.851063669,-0.00108660839,-0.306832254,-0.015447624,0.542535663,0.0812807828,-0.349457651,-0.0475124866,0.944139481,-0.0455905199,-0.322713554,-0.0196681581,0.506004512,0.15445146,-0.371702462,-0.101062141,0.91572386,-0.0543834306,-0.338232875,-0.00921588391,0.481707931,0.178972483,-0.436271816,-0.0897156522,0.903385043,-0.00539397588,-0.30239296,-0.0114199668,0.388246596,0.0981999114,-0.37608248,-0.0489126779,0.838276803,0.0956810415,0.00458112732,0.0265989061,0.999963701,-0.0940818042,-0.00903463084,-0.0246303417,0.999970555,0.0878924131,0.424637,-0.0752830654,0.627117872,-0.0788799152,0.349271566,-0.113362201,0.632767916,0.079559505,0.780453622,-0.0128312251,0.633780897,-0.0765509,0.731703937,0.00170074892,0.526789665,0.057331156,0.815397561,-0.00265198201,0.275769651,-0.0740787759,0.764543295,-0.0310669392,0.182351232,0.0788860098,0.812360346,-0.067411758,0.653791666,-0.0967081115,0.75941056,-0.12041799,0.520364344
5650.000000000014,-0.0023070958,-0.59726119,0.00562691968,0.999763131,0.0105918366,-0.613067,0.0222011358,0.99959445,0.0131564708,-0.615181804,0.0323607214,0.999433398,0.0117005818,-0.614720106,0.0276824925,0.999631584,-0.011384367,-0.624051452,0.0120468009,0.999789119,-0.00996844936,-0.621978641,-0.000829186523,0.999797702,-0.00628320407,-0.611406088,0.0179380029,0.999879122,0.0730098,-0.600197315,0.119794466,0.999491453,-0.0691748559,-0.559076607,0.124460645,0.999595523,0.0332220942,-0.58650744,0.0504714213,0.999299645,-0.00748553,-0.552131057,0.02446476,0.999362826,0.15472056,-0.42742154,0.176846579,0.999850094,-0.124213845,-0.507893145,0.206765756,0.999913,0.120915107,-0.293373644,0.0513880365,0.553590536,-0.0777626187,-0.298520982,0.0600731112,0.84320116,-0.00106394966,-0.306120247,-0.0147924619,0.543132246,0.081990093,-0.343402565,-0.0430288799,0.940506816,-0.0455740057,-0.321409881,-0.0193658303,0.507569253,0.155163586,-0.365127742,-0.0968246,0.911651075,-0.0544852763,-0.336779416,-0.00866506249,0.483528018,0.179733783,-0.430008918,-0.0856809765,0.898901165,-0.00540072238,-0.301519632,-0.0107719256,0.390183,0.0989192203,-0.36999163,-0.0445255,0.831939399,0.0959088355,0.0045233597,0.0265835747,0.999964356,-0.0943103284,-0.00895353407,-0.0246108789,0.999970734,0.0879115313,0.424657017,-0.0768284425,0.63469547,-0.0787022,0.349497259,-0.113749541,0.637842596,0.0796423256,0.779736876,-0.0164297055,0.639412105,-0.0761224478,0.731618226,0.000794844527,0.530847967,0.0574573353,0.81463027,-0.00650218781,0.278778195,-0.0735106543,0.764435828,-0.0321559832,0.184253469,0.0790808946,0.811494589,-0.072898373,0.657415211,-0.0961786956,0.759232759,-0.122444458,0.522913933
5666.666666666681,-0.00229790295,-0.596650064,0.00815532543,0.999743938,0.0106377061,-0.612497,0.0254104026,0.99955982,0.0131943049,-0.614581466,0.0355147757,0.999391437,0.0117534827,-0.614119411,0.0308863148,0.99960196,-0.0113637988,-0.623259425,0.0152843092,0.999769151,-0.00994979311,-0.621231616,0.00231418572,0.99977982,-0.00625690538,-0.61068958,0.0211004186,0.999867082,0.0732781664,-0.599535525,0.12397927,0.999456942,-0.0691135153,-0.558034182,0.128789797,0.999558806,0.0332755744,-0.585785,0.0531698614,0.999240458,-0.00747966254,-0.551362336,0.0272777379,0.999304771,0.154833317,-0.427436,0.177925155,0.999849319,-0.124209724,-0.505993426,0.209231183,0.999908388,0.120963313,-0.294914842,0.050020311,0.551021457,-0.0764349699,-0.294329077,0.0606184229,0.832521856,-0.00199371646,-0.303752691,-0.0213490929,0.53928566,0.082730636,-0.335175455,-0.0442785621,0.936116338,-0.0465040095,-0.317341924,-0.0278236642,0.504824638,0.155734986,-0.356330961,-0.0982798114,0.906855285,-0.0564707294,-0.331916034,-0.0160495844,0.481006145,0.180574879,-0.421430528,-0.0869249627,0.893706262,-0.00686202524,-0.298289984,-0.0172463302,0.388019919,0.0997107923,-0.361498207,-0.0457381494,0.824389637,0.0963754058,0.00441942,0.026570417,0.999964833,-0.0947876,-0.00882097799,-0.024591824,0.999970794,0.0877880901,0.42472437,-0.0771308094,0.643289089,-0.0784616172,0.349827707,-0.113782682,0.644342244,0.0797690824,0.778907597,-0.0163319297,0.647601545,-0.0761080086,0.731642544,0.000761478266,0.539746761,0.0576862767,0.81375128,-0.0063976855,0.283188701,-0.0734880865,0.764439464,-0.0322188064,0.18801108,0.0791495293,0.810639918,-0.0730216131,0.663734078,-0.0958970264,0.759206355,-0.12463814,0.530011773
5683.333333333348,-0.00234343088,-0.596662223,0.00736783445,0.999710441,0.0106410533,-0.612509906,0.024546368,0.999502659,0.0131936725,-0.614593267,0.0346847847,0.999320507,0.0117556015,-0.614131093,0.0300659835,0.99955523,-0.0113660917,-0.623264551,0.0145171341,0.999734282,-0.00995165855,-0.621243,0.00150000083,0.999747097,-0.00625585113,-0.610697687,0.0203270577,0.999845564,0.0734859705,-0.599520862,0.122879118,0.999402285,-0.0687740073,-0.558026969,0.127969563,0.999490619,0.0332782231,-0.585786223,0.0523285791,0.999138951,-0.00747947395,-0.551371157,0.0265159868,0.999196291,0.155257434,-0.427989066,0.17700322,0.999845922,-0.123974197,-0.505775809,0.208458573,0.999898672,0.12102063,-0.297713816,0.0408536568,0.547028899,-0.0725278854,-0.293838441,0.0599435903,0.815862179,-0.00429634145,-0.302228391,-0.0326915421,0.529918909,0.0844000727,-0.332456559,-0.0451051109,0.924755037,-0.0489820577,-0.313984871,-0.0400602,0.496928453,0.156783149,-0.352599293,-0.0996854678,0.894199312,-0.0602040067,-0.328398079,-0.0281699467,0.473511457,0.181729987,-0.417687088,-0.0891874805,0.880028784,-0.00971181598,-0.296199709,-0.028720472,0.381495059,0.101276718,-0.358501345,-0.0471331775,0.806394815,0.0966627225,0.00435331604,0.0265019424,0.99996537,-0.0950758606,-0.00872987602,-0.0245085675,0.999970794,0.0876479298,0.424904168,-0.0774693415,0.647110343,-0.078420192,0.350143939,-0.11316853,0.645133793,0.0800176933,0.77867806,-0.0159804113,0.651590884,-0.0761130899,0.732045829,0.00195086631,0.543510914,0.0581587218,0.813516676,-0.00592513056,0.28376615,-0.0734864399,0.764835,-0.0311169922,0.18888405,0.0797827542,0.810428917,-0.0728927776,0.666007,-0.0958681,0.759746909,-0.124594793,0.531915486
5700.000000000015,-0.00243369583,-0.596839786,0.00666580955,0.999684274,0.0106309364,-0.612724781,0.0238734838,0.999460459,0.0131739462,-0.614793956,0.0340061635,0.999271691,0.011744393,-0.614332795,0.0293946452,0.999523342,-0.0113635669,-0.623446763,0.0137109412,0.999705911,-0.00994985,-0.621457398,0.000733981375,0.999720812,-0.00624913117,-0.610901,0.0195617601,0.999827266,0.0734882727,-0.599719822,0.121992588,0.999369919,-0.0682306439,-0.558403492,0.127364591,0.999431968,0.0332186259,-0.585937381,0.0517949574,0.99906522,-0.00748440251,-0.551602185,0.0258103721,0.999106467,0.155283034,-0.429934859,0.172343552,0.999846518,-0.123906076,-0.505848765,0.207927391,0.999889,0.121071227,-0.300926,0.0319021083,0.54828161,-0.0674043372,-0.293523759,0.0593728907,0.797474861,-0.00861482881,-0.299873233,-0.0436511412,0.526372492,0.0869731903,-0.330203891,-0.0453168303,0.911005914,-0.0539817326,-0.30917418,-0.0515678599,0.494593143,0.158750564,-0.349665433,-0.100253858,0.879749477,-0.066877082,-0.324190646,-0.0400814,0.471645802,0.182956874,-0.415178537,-0.0908823609,0.864611506,-0.0147515023,-0.293469459,-0.0398327,0.379578441,0.103427917,-0.356318802,-0.0480172224,0.786583,0.0969821,0.00427913293,0.0263950378,0.999966085,-0.0953917131,-0.00862587,-0.0243804362,0.999970794,0.0872185454,0.425173253,-0.0774907619,0.65243423,-0.0784797594,0.35028106,-0.112001099,0.646982253,0.0800219849,0.778566837,-0.01373618,0.656598747,-0.0761887878,0.73255074,0.00368100964,0.548855603,0.0582041442,0.813416243,-0.00332879252,0.285343051,-0.0735337585,0.765380323,-0.0294554308,0.191004068,0.0797529593,0.810440719,-0.0722109452,0.669881284,-0.0958631858,0.760589957,-0.124141082,0.535849333
5716.6666666666815,-0.00200799317,-0.596793711,0.0064729806,0.999655604,0.0108896205,-0.612667,0.0234827399,0.999412119,0.0134326983,-0.6147331,0.0336329,0.999215424,0.0120165665,-0.614265501,0.0290214512,0.999488,-0.0108975833,-0.623372912,0.013092408,0.999675333,-0.00947742257,-0.62139076,7.73780557e-005,0.999692559,-0.00575633207,-0.610831439,0.0189227853,0.99980849,0.0734241456,-0.599719763,0.120544828,0.999332786,-0.067852281,-0.558406174,0.124484062,0.999371469,0.0334678553,-0.585929394,0.0515357889,0.999001443,-0.00698666507,-0.551593602,0.0252420586,0.999028563,0.155304745,-0.430762261,0.17134051,0.999848247,-0.123901919,-0.505866,0.206084117,0.999881744,0.121256687,-0.301438302,0.0321693085,0.549702227,-0.0667624846,-0.292063713,0.0585601702,0.783769965,-0.0093675293,-0.300159097,-0.042199485,0.526501775,0.0872717127,-0.330222666,-0.0450183712,0.899962783,-0.0550979115,-0.310139954,-0.049531512,0.495958477,0.159094334,-0.350335389,-0.0993626118,0.867798805,-0.068106167,-0.325202316,-0.0381075181,0.473525822,0.182912722,-0.416207433,-0.0900236443,0.85168469,-0.0156360921,-0.293900341,-0.0383014716,0.38121444,0.103526421,-0.356757581,-0.0476123579,0.769892931,0.0970512107,0.00426536473,0.0264220592,0.999966741,-0.0954542682,-0.00859599281,-0.0243994184,0.999970734,0.087149851,0.42529282,-0.0772221535,0.657481372,-0.078417331,0.350303173,-0.111194819,0.648979425,0.0799906,0.778514862,-0.0131310308,0.661718488,-0.0762282088,0.732559085,0.00418378832,0.553016961,0.0581940077,0.81338048,-0.00271234778,0.288235664,-0.0735802874,0.765409,-0.0289485827,0.192391023,0.0797434524,0.810551047,-0.07159435,0.673559785,-0.0958723351,0.760740221,-0.123422362,0.538150072
5733.3333333333485,-0.00201070216,-0.596705079,0.00601726165,0.999625,0.0108849816,-0.612629414,0.023166215,0.999360204,0.0134200575,-0.614690363,0.0332876779,0.999158144,0.012011799,-0.614225924,0.0286935307,0.999451637,-0.0108759897,-0.623311818,0.0127690751,0.999638557,-0.00945703126,-0.621342,-0.000178935574,0.999658465,-0.00573031884,-0.610780597,0.0186642632,0.999783337,0.0729979351,-0.599787295,0.119512267,0.999299943,-0.0676719248,-0.558465898,0.12313652,0.999288499,0.0334490351,-0.585912585,0.051180318,0.998930633,-0.00695711933,-0.551585197,0.024913488,0.998929799,0.155034289,-0.432724953,0.168640077,0.999851465,-0.123914056,-0.505956352,0.204826385,0.999870658,0.121295251,-0.303009927,0.0297145881,0.555541,-0.0647381917,-0.290733516,0.0574294962,0.762479,-0.0127416532,-0.297086328,-0.0451355353,0.52971,0.0872724578,-0.319484,-0.049078308,0.880134,-0.0592788085,-0.304389268,-0.0531029552,0.499848038,0.159057438,-0.335942566,-0.104180954,0.847960949,-0.0738410428,-0.32082665,-0.0421040244,0.478078097,0.18264617,-0.401574582,-0.0960521102,0.830866277,-0.0196419246,-0.290742636,-0.0414019525,0.384961158,0.103481375,-0.345267683,-0.0524882041,0.744946659,0.0972349644,0.00416208943,0.0264331475,0.999967158,-0.0956245586,-0.00844845548,-0.0244009364,0.999970138,0.0870104209,0.425297558,-0.077202931,0.661672592,-0.0786429942,0.350170642,-0.111035109,0.649649143,0.0795176327,0.777882338,-0.0103584956,0.664598644,-0.0770828351,0.732704222,0.00547936652,0.556294382,0.0577689745,0.812729359,0.000412855,0.288038522,-0.0743956,0.765606821,-0.0276193507,0.193205073,0.0792517,0.81020993,-0.0699031428,0.674772501,-0.0960846245,0.761140049,-0.122778967,0.539038897
5750.0000000000155,-0.00185137906,-0.596238732,0.00486643426,0.999606788,0.0109726032,-0.612216,0.0212840624,0.999329925,0.013524808,-0.614261091,0.0315262936,0.999124169,0.012117913,-0.613792777,0.0268960278,0.99943167,-0.0106533235,-0.622980118,0.0107759414,0.999617815,-0.00922953337,-0.620984733,-0.0021438729,0.999638617,-0.00551194185,-0.61043793,0.0166897811,0.999769509,0.072949104,-0.599757075,0.116783768,0.999280035,-0.06742654,-0.558505177,0.119818069,0.999236941,0.0335388258,-0.585719168,0.0499916449,0.998889744,-0.00672931829,-0.55140239,0.0234688688,0.998871207,0.154968515,-0.433410823,0.167607963,0.999854684,-0.123753548,-0.506223381,0.204413489,0.99986428,0.122375615,-0.303214639,0.0320924036,0.561939597,-0.0637131706,-0.289694756,0.0580565706,0.747039139,-0.0126507645,-0.297579765,-0.0373605564,0.533906341,0.0872583687,-0.317637563,-0.0447219089,0.865068078,-0.0592929497,-0.304764301,-0.0444623083,0.504173279,0.159023672,-0.334487766,-0.0983973444,0.832183182,-0.0735773444,-0.322268844,-0.0338758491,0.482820123,0.182241842,-0.399840027,-0.0903987363,0.813982427,-0.0194604695,-0.291751742,-0.0335711911,0.389214724,0.103435516,-0.343591779,-0.0481081046,0.724851727,0.0972515568,0.00414551608,0.0264374539,0.999967515,-0.0956345871,-0.00841531809,-0.0244026128,0.999969721,0.0869685411,0.425309062,-0.0771537796,0.665299416,-0.0787358359,0.349696368,-0.110914491,0.650139,0.0791224167,0.777704597,-0.0116870729,0.667143881,-0.0771045536,0.732464731,0.00498815393,0.557280838,0.0573752411,0.812550068,-0.00127435185,0.288959414,-0.0744033456,0.76544553,-0.0282358229,0.193218648,0.0789200664,0.810114205,-0.0708378181,0.675825298,-0.0959526524,0.761138856,-0.122837178,0.537999
5766.666666666682,-0.00167505688,-0.594970286,0.00767865498,0.999578536,0.0110239489,-0.611155748,0.0239992701,0.999274969,0.0135804601,-0.613158584,0.0342538655,0.999059141,0.0121949129,-0.612699807,0.0295537487,0.999389231,-0.0105385752,-0.621708572,0.0133963637,0.999584198,-0.00910814386,-0.619713068,0.000429740845,0.999608755,-0.00538380444,-0.609241784,0.0192165822,0.999748766,0.0728349611,-0.599577963,0.119664848,0.999230802,-0.0673399866,-0.558103919,0.122225,0.999160767,0.0336805545,-0.584985912,0.0527616106,0.998809457,-0.00650357641,-0.550457,0.0260653645,0.99877578,0.154918328,-0.43450287,0.17143333,0.999856353,-0.123558067,-0.506200373,0.205928,0.99985832,0.123690531,-0.304885924,0.0392405912,0.561453342,-0.0631136671,-0.286993474,0.0620210357,0.730464816,-0.0124979466,-0.296743304,-0.0313127711,0.530488074,0.0872645453,-0.306258529,-0.042049516,0.850478172,-0.0590441339,-0.303670615,-0.0395375341,0.502239764,0.158998683,-0.320920378,-0.0965424106,0.817747772,-0.073302865,-0.32133019,-0.0291726962,0.481524,0.182205781,-0.386037648,-0.0888096094,0.798858583,-0.0192210265,-0.290965468,-0.0278108753,0.387692302,0.103435531,-0.33154726,-0.0456536338,0.706104696,0.097286351,0.00410178164,0.0265599899,0.999967694,-0.0956687555,-0.00835214276,-0.024503557,0.999969304,0.0869597569,0.425319314,-0.0771698132,0.667747855,-0.0787321553,0.349473804,-0.111355253,0.649982095,0.0782301426,0.777666509,-0.0152508216,0.668950915,-0.0772355348,0.732091606,0.00181756867,0.557413518,0.0564256981,0.812534034,-0.00557732629,0.290734768,-0.0745035559,0.765085578,-0.0318799876,0.193217233,0.0787957832,0.809575915,-0.0769108832,0.676163197,-0.0955422,0.760226965,-0.128092185,0.536157489
5783.333333333349,-0.00136852788,-0.593287587,0.00898815226,0.999560773,0.0111921178,-0.609775662,0.0253999084,0.999240458,0.0137666017,-0.611717403,0.035695985,0.999013662,0.0124217253,-0.611269176,0.0309261885,0.99935782,-0.0103385961,-0.620178521,0.0147230877,0.999565899,-0.00889650173,-0.618134379,0.00175042776,0.9995929,-0.0051768464,-0.607712686,0.0204989593,0.999738693,0.0728588775,-0.599238455,0.12209478,0.999188066,-0.0672882274,-0.557448089,0.123981394,0.999123573,0.0339212157,-0.583905637,0.054407116,0.998741925,-0.00624540448,-0.549061,0.0274826381,0.99871093,0.15481621,-0.434710562,0.176464081,0.999855876,-0.12299484,-0.505819619,0.206501976,0.999857187,0.123547606,-0.304817528,0.0492310524,0.553646922,-0.0625311583,-0.282578349,0.063171722,0.723127961,-0.0136508886,-0.290370852,-0.0201671626,0.520848691,0.0875846073,-0.296411127,-0.0406273194,0.845981359,-0.0603053533,-0.296044141,-0.0281718709,0.494503856,0.159289613,-0.310380429,-0.0953433365,0.813173771,-0.0748620555,-0.31259042,-0.0180526339,0.474338949,0.182625785,-0.374832451,-0.0874144584,0.794076502,-0.0205586515,-0.284119576,-0.0168086309,0.381264836,0.103808291,-0.321326494,-0.0441829339,0.698715568,0.097313121,0.00408768933,0.0269503873,0.999967158,-0.0956964865,-0.00833479594,-0.0248725656,0.999968529,0.0869527385,0.425383717,-0.0776665434,0.664700925,-0.0785020143,0.349436551,-0.111664526,0.645939946,0.077907525,0.777663589,-0.022319328,0.663478076,-0.0779492483,0.731697261,-0.00245498563,0.552026,0.0560761318,0.812537909,-0.013554859,0.287609309,-0.0752776414,0.764695883,-0.0367469117,0.190092295,0.0787311718,0.809300661,-0.08467035,0.670696259,-0.0949809328,0.759633362,-0.133408517,0.529771566
5800.000000000016,-0.00142223469,-0.589958072,0.00881894,0.999551535,0.0110745393,-0.606601775,0.0246374235,0.999227285,0.0136832818,-0.608559,0.0350502,0.9989959,0.0123496186,-0.608106434,0.0301867314,0.99935019,-0.0103402911,-0.617601454,0.0139971962,0.999556065,-0.00889408775,-0.615410507,0.00108312781,0.99958235,-0.00518477708,-0.605021477,0.0197672099,0.999732256,0.0724624917,-0.597757459,0.120944858,0.999177098,-0.0672686771,-0.55701685,0.122474656,0.999090433,0.0337815844,-0.581543088,0.0542281084,0.998723447,-0.00626932969,-0.546835661,0.0272352546,0.998679578,0.154069707,-0.434659898,0.176354185,0.99985975,-0.122929744,-0.505909204,0.206314728,0.999856353,0.123603158,-0.302869409,0.0582478382,0.554289162,-0.0623495206,-0.281786054,0.064583905,0.713313162,-0.0146042611,-0.288572788,-0.0041170693,0.521401823,0.0875644907,-0.29570815,-0.0361490808,0.834016621,-0.0617506877,-0.295315415,-0.0102383532,0.495445937,0.159304932,-0.309972763,-0.089729324,0.800385416,-0.0762124211,-0.312593341,-0.00110889948,0.475755632,0.182389259,-0.373852104,-0.0816643462,0.780537605,-0.0214244984,-0.283153236,-0.000726405648,0.382143855,0.103769295,-0.320779711,-0.0397229753,0.682327151,0.0972011089,0.00408757338,0.0272114109,0.9999668,-0.09555576,-0.00832675491,-0.0251229256,0.999967456,0.0859604925,0.426269412,-0.0776738673,0.655906618,-0.0784607455,0.349414527,-0.1117277,0.63573426,0.0747417286,0.779072344,-0.0250526872,0.651186585,-0.078024067,0.731349111,-0.00301678106,0.538315535,0.0527130291,0.814088941,-0.0165795144,0.279859483,-0.0753246546,0.764412463,-0.0372837186,0.183667481,0.0762932897,0.810893774,-0.0855594873,0.658841252,-0.0932121798,0.759615362,-0.133108467,0.515477419
5816.666666666683,-0.00163377787,-0.58861357,0.00832566712,0.999534488,0.010704577,-0.605422378,0.0237734523,0.999201655,0.013342387,-0.607388556,0.0343040153,0.99896419,0.0120435897,-0.606911957,0.029348826,0.999332547,-0.0105161183,-0.616575241,0.0129853366,0.999538243,-0.0090679992,-0.614350438,6.3572661e-005,0.999564826,-0.00538121024,-0.603949845,0.0187143851,0.999720275,0.0708927363,-0.597322345,0.120093159,0.999156594,-0.067718938,-0.556874275,0.120126359,0.999042511,0.0332690179,-0.580651939,0.0538743436,0.998681247,-0.00653235801,-0.545964241,0.0264436398,0.998618841,0.152060941,-0.43490988,0.176153734,0.999862909,-0.123246454,-0.505919516,0.204572707,0.999853551,0.122838981,-0.302187145,0.0592491515,0.552931368,-0.0613926463,-0.279688597,0.0643727,0.704431772,-0.0205736123,-0.279996663,-0.00283732987,0.520612836,0.0875418261,-0.292932749,-0.0368646272,0.825286329,-0.0689916238,-0.284141123,-0.00859777536,0.495745778,0.159139872,-0.307097077,-0.0904993191,0.791711748,-0.0845034942,-0.301965117,0.000108372929,0.47673884,0.181551859,-0.370935023,-0.0822196454,0.771508336,-0.0279018134,-0.274511933,0.000435849826,0.382817626,0.103580654,-0.318147153,-0.0402922779,0.670664072,0.0971878,0.00408020429,0.0274339449,0.999965906,-0.0955302268,-0.00831405073,-0.0253215879,0.999965727,0.0845206529,0.426284909,-0.0777588487,0.645956159,-0.0785708129,0.348944247,-0.111818492,0.624153316,0.0722158253,0.779063165,-0.0254770815,0.638071299,-0.0783129483,0.730805755,-0.0030376052,0.52494055,0.0501751453,0.814084768,-0.0169382393,0.271888286,-0.0755647942,0.763974369,-0.0372461565,0.177574366,0.0736682042,0.810978115,-0.0850434452,0.646599412,-0.0926991478,0.759617209,-0.132693172,0.501615703
5833.33333333335,-0.0015377485,-0.587338805,0.00861167815,0.999511123,0.0107472781,-0.604357541,0.0241162144,0.999159813,0.0133959102,-0.606297076,0.0346727856,0.998907804,0.0121160084,-0.605810821,0.0297031309,0.999294043,-0.0104589388,-0.615382,0.0133014461,0.999516606,-0.00901103299,-0.61313647,0.000383388193,0.999545932,-0.00532970345,-0.602756619,0.0190292727,0.999708831,0.0708607212,-0.596918821,0.12127538,0.999102771,-0.0677736625,-0.556205451,0.120863877,0.999001205,0.0332929529,-0.579685867,0.0543667823,0.998595178,-0.00650267955,-0.544753551,0.0268122405,0.998538852,0.151579514,-0.43495211,0.178517297,0.99986124,-0.123231292,-0.505546451,0.205055937,0.999853313,0.120854154,-0.302098483,0.0630107448,0.540953,-0.0613810979,-0.276332051,0.0647041202,0.698381722,-0.0232498,-0.277617544,0.000574913924,0.508668363,0.0874119774,-0.2877886,-0.0371562503,0.824178338,-0.0713585541,-0.282028884,-0.00528198387,0.485835224,0.158850953,-0.302034229,-0.0909908488,0.791204453,-0.086548388,-0.298940957,0.00361547107,0.467374861,0.181391433,-0.365949959,-0.0825826228,0.771135509,-0.0304538738,-0.271770924,0.00386787788,0.374409378,0.103442289,-0.312950045,-0.0405784063,0.668531239,0.0971980914,0.0040705055,0.027592482,0.999964356,-0.0955396518,-0.00830155425,-0.0254670624,0.999964178,0.0836815909,0.426292717,-0.078295283,0.634655058,-0.0784661919,0.348261297,-0.112042256,0.612356663,0.0720614567,0.778867304,-0.0294254329,0.623966634,-0.0780191123,0.729670107,-0.00629124511,0.512182593,0.0500721745,0.813890755,-0.0213755947,0.264168859,-0.0751834065,0.762873471,-0.0409425236,0.172222197,0.0732045397,0.810403943,-0.0891250744,0.634103715,-0.0903168917,0.758408904,-0.135573253,0.48936224
5850.000000000017,-0.00135986833,-0.587378681,0.00836691633,0.999488473,0.0109476494,-0.604386449,0.0239217207,0.999120414,0.013621089,-0.606329203,0.0344540291,0.998855293,0.0123790354,-0.605838895,0.0295136571,0.999263048,-0.0102087595,-0.615391076,0.0130880298,0.99949342,-0.00876362063,-0.613148034,0.000165405363,0.999523759,-0.00510767149,-0.602768779,0.0188207831,0.999695897,0.0712426826,-0.596909761,0.12113861,0.999055445,-0.0671602488,-0.55611366,0.121004224,0.998940408,0.0335364453,-0.579692483,0.0540962107,0.998524547,-0.00616801297,-0.544705808,0.0265856646,0.998466313,0.151596084,-0.435512781,0.178321183,0.999862611,-0.122619696,-0.504877567,0.206932545,0.999852479,0.119885199,-0.302040875,0.0640357882,0.534743488,-0.0618001223,-0.272233099,0.0690827593,0.693305373,-0.0270725247,-0.265699357,0.00680281594,0.500383258,0.0863488615,-0.284009367,-0.0353707597,0.821762502,-0.0757756606,-0.266380459,0.00166180416,0.478856742,0.158121169,-0.298676878,-0.0898954421,0.789075792,-0.0911971778,-0.281774491,0.00996943098,0.461025268,0.18061851,-0.362901419,-0.0817780048,0.769138694,-0.0345211662,-0.258440524,0.0101424418,0.368655562,0.102466546,-0.309504271,-0.0392365381,0.66492945,0.097203888,0.00401393417,0.027193917,0.999963403,-0.0955438465,-0.00823519472,-0.0250225626,0.999963045,0.0834223256,0.426435977,-0.0789489448,0.623416543,-0.0785051659,0.347973317,-0.111812219,0.599158,0.0721070692,0.778856516,-0.029958941,0.609523,-0.0779848546,0.729726374,-0.00646033604,0.500104845,0.0501281694,0.813881934,-0.0218351837,0.255262434,-0.0750950798,0.763001204,-0.0411529094,0.167005405,0.0730293542,0.810446322,-0.0891873091,0.620824695,-0.0901884735,0.758534431,-0.135504201,0.478045523
5866.666666666684,-0.000813589199,-0.586278856,0.00826978,0.999473035,0.0113203218,-0.603342056,0.0233727321,0.999096036,0.0140495,-0.60530597,0.0339709148,0.998824775,0.0128550828,-0.604784846,0.028982779,0.999249935,-0.00954907481,-0.614314675,0.0127510261,0.999476314,-0.00809906051,-0.612043142,-7.66845478e-005,0.999505877,-0.00450662198,-0.601699,0.0185081065,0.999685168,0.0713575557,-0.596377432,0.119822927,0.99903661,-0.0662294105,-0.555222332,0.120728597,0.998877466,0.0339979827,-0.578891873,0.0538650975,0.998501241,-0.00538091874,-0.543566,0.026488265,0.998429537,0.151499122,-0.436016142,0.177528113,0.999868274,-0.122070037,-0.503405,0.21011728,0.999851525,0.120745741,-0.300656945,0.0719606951,0.536027491,-0.0621688217,-0.265799582,0.0799951926,0.686265171,-0.0265184473,-0.256046742,0.0249649677,0.500325,0.0858093128,-0.281334072,-0.0234156307,0.814318836,-0.0752252266,-0.255727708,0.0211903285,0.479253232,0.158091933,-0.297369093,-0.0775990412,0.781723261,-0.0906854123,-0.271859407,0.0283738375,0.461979717,0.179675892,-0.362080187,-0.0706788078,0.761552453,-0.0339367799,-0.248972,0.0282819644,0.369110763,0.101669364,-0.307590276,-0.0280579645,0.655529499,0.0970786214,0.00386099541,0.0262386166,0.999963224,-0.0953991562,-0.00805556122,-0.0240042694,0.99996227,0.0834602937,0.426507175,-0.0792747885,0.618167639,-0.0785298124,0.347559512,-0.11034473,0.589008212,0.0721477792,0.778800607,-0.0308208577,0.600371778,-0.0780057088,0.72965914,-0.00628717942,0.491302699,0.050175041,0.813833475,-0.0227143466,0.248897076,-0.0751014,0.762989,-0.0410536267,0.163383111,0.0726597682,0.811064601,-0.0891153663,0.611347198,-0.0902178809,0.758667588,-0.134254247,0.469474435
5883.333333333351,0.000468673097,-0.58224529,0.00881707948,0.999434054,0.0121102901,-0.599511266,0.0233995244,0.999031067,0.0149152093,-0.60150075,0.0340261944,0.998746514,0.0137947481,-0.600981116,0.0290060621,0.999208152,-0.00816552155,-0.61038965,0.0129078804,0.999431252,-0.00667225895,-0.608053923,0.000131191206,0.99946183,-0.00318945968,-0.597787499,0.0186674614,0.999656796,0.0714403316,-0.594666243,0.119671822,0.998989463,-0.0644214153,-0.552706659,0.120735034,0.998750687,0.0349577591,-0.575900793,0.0541821085,0.99843359,-0.00377525,-0.54000932,0.0270039272,0.998334,0.151375979,-0.436418325,0.177330181,0.999874,-0.120973237,-0.502358615,0.214323714,0.999848843,0.121325769,-0.29895997,0.0781114623,0.53996,-0.0625472143,-0.262126178,0.0883169845,0.676713705,-0.0266765151,-0.248605341,0.0338674597,0.503825605,0.0849826485,-0.276536644,-0.0149346823,0.803190172,-0.0758957565,-0.247752473,0.0302131716,0.482864171,0.1579763,-0.292535841,-0.068971239,0.771066487,-0.0916302875,-0.264557481,0.0374695137,0.46613881,0.178583458,-0.357511789,-0.0627914444,0.750593364,-0.0342013091,-0.241746813,0.0373053513,0.372341871,0.100595199,-0.30313,-0.0200230125,0.642592669,0.0968776718,0.00373839214,0.0255577136,0.999962687,-0.0951717123,-0.00791404583,-0.0232894402,0.999960899,0.083273828,0.427131474,-0.0792207569,0.613626301,-0.0785423368,0.347385645,-0.109474689,0.581329107,0.0718732,0.779069662,-0.0313176401,0.59222436,-0.0784107372,0.729694366,-0.00690979185,0.484570503,0.0498448238,0.814134896,-0.0233259443,0.243005604,-0.0754926726,0.763113499,-0.041869726,0.160636976,0.0712723,0.813055813,-0.0890495181,0.602017879,-0.0905659,0.759252667,-0.13427332,0.462162644
5900.000000000018,0.000465506717,-0.580894947,0.00750018144,0.999418676,0.0121417427,-0.598190129,0.0216815211,0.999001861,0.0149649438,-0.600176156,0.0323419496,0.998706818,0.0138570359,-0.599636614,0.0272920635,0.999187291,-0.00813832879,-0.609052658,0.0118735768,0.999414623,-0.00664946577,-0.606703818,-0.000732820772,0.999445736,-0.00317312591,-0.596477151,0.0176730771,0.999648511,0.0723739341,-0.592934847,0.118113868,0.998950303,-0.0639067441,-0.550688505,0.120736651,0.998690844,0.0350906774,-0.574324489,0.0528471582,0.998404801,-0.0036966512,-0.538208723,0.0264651943,0.998309195,0.151520163,-0.435895205,0.177133203,0.999877512,-0.120052949,-0.500102222,0.219887823,0.999850571,0.121628009,-0.296049297,0.0841925815,0.539779246,-0.0695063472,-0.259248167,0.102281317,0.673057139,-0.0265001059,-0.243966728,0.0439768396,0.503366411,0.0772639737,-0.269486338,-0.0064747897,0.800642788,-0.0755787417,-0.243539423,0.0400824621,0.483023345,0.152090207,-0.284647733,-0.0620435141,0.768891275,-0.0912480354,-0.259757727,0.046716094,0.46682626,0.173616141,-0.349075973,-0.0564446189,0.748692274,-0.0340859406,-0.236891165,0.0474884585,0.372486353,0.0941231102,-0.295757025,-0.0120240301,0.639802814,0.0967855304,0.0036935145,0.0245325845,0.999962091,-0.0950728953,-0.00784868654,-0.02220699,0.999960303,0.0832878351,0.427088797,-0.0792021602,0.608697832,-0.07867001,0.34712413,-0.108333893,0.575926304,0.0718907118,0.778951049,-0.028213324,0.585523367,-0.0784390122,0.729676127,-0.00529917376,0.482124656,0.0498280898,0.814021826,-0.0197590832,0.237953171,-0.0755121708,0.763113081,-0.0400334708,0.159306884,0.0700870231,0.813050687,-0.0849548876,0.594596088,-0.0905836821,0.759232223,-0.132763058,0.45941627
5916.666666666685,0.000322879292,-0.579716682,0.00770818116,0.999402046,0.0121312402,-0.59709394,0.0218855366,0.99896884,0.0149641521,-0.599080086,0.0325682051,0.998664558,0.0138591686,-0.598536,0.0274722446,0.99916321,-0.00816450082,-0.608101428,0.0123694036,0.999394,-0.00667699939,-0.605724037,-0.000158907118,0.999425828,-0.00321819121,-0.595535219,0.0181816053,0.999636173,0.072879,-0.591407955,0.11841239,0.998913109,-0.0637472421,-0.549661458,0.12340001,0.998620212,0.0350875854,-0.573040962,0.0530081093,0.998357236,-0.00374962529,-0.536926448,0.027071787,0.998258233,0.151548833,-0.435468,0.177418098,0.999880195,-0.119528443,-0.499174237,0.22526446,0.999850273,0.122588113,-0.294392258,0.0881609842,0.539979041,-0.0732818842,-0.25968793,0.107248679,0.665513933,-0.0258818343,-0.240105689,0.0495995767,0.500461042,0.0723256692,-0.265238285,-0.00194902939,0.791509271,-0.0752643421,-0.238704711,0.0455453,0.481126636,0.147646785,-0.277868718,-0.0576322936,0.760335088,-0.0910893679,-0.254495263,0.0518106185,0.465421587,0.170264632,-0.341097027,-0.0521736555,0.740058362,-0.0335719064,-0.232724592,0.0529461354,0.371128768,0.089816533,-0.290606737,-0.00766904,0.630159855,0.0966974869,0.00362197,0.0235663559,0.999961793,-0.0949712545,-0.00774851395,-0.0211869888,0.999959826,0.083297044,0.427049279,-0.0800846517,0.608228445,-0.0786266327,0.346913844,-0.108078331,0.573114157,0.0723811388,0.777940631,-0.0289763678,0.581923544,-0.078367047,0.729732037,-0.00624336768,0.48266542,0.0503254607,0.812920392,-0.0205605235,0.234779358,-0.0754319504,0.763238668,-0.0412075892,0.160030991,0.0701159388,0.812676728,-0.0854439214,0.588897943,-0.0910455659,0.759312153,-0.133686736,0.45841822
5933.333333333352,0.000548411044,-0.577316284,0.0132125542,0.999372423,0.0123461103,-0.594801605,0.0272622239,0.998907506,0.0152446115,-0.596827209,0.0379269347,0.998586714,0.0141641879,-0.596283495,0.0326243602,0.999117553,-0.00781542435,-0.605922103,0.0177862253,0.999357402,-0.00631425111,-0.60348928,0.00539270509,0.999391258,-0.00290824496,-0.593409538,0.0236349031,0.999614835,0.0730651915,-0.589566231,0.123505056,0.998845935,-0.0633071363,-0.548170328,0.129264593,0.99851644,0.0353034511,-0.570948541,0.0583906956,0.998268604,-0.00354544842,-0.534744561,0.0326710716,0.998168349,0.151291654,-0.435086071,0.182675779,0.999882758,-0.11940337,-0.498655736,0.231315911,0.999850571,0.122606486,-0.293402582,0.0966700613,0.534489632,-0.0782660395,-0.259586692,0.11275176,0.656598,-0.0230855122,-0.241871163,0.0554675646,0.496206701,0.0693136454,-0.262729287,0.00515849143,0.782508552,-0.0712055415,-0.241668433,0.0507673398,0.47865957,0.145318538,-0.274730086,-0.0505260713,0.751960099,-0.086761035,-0.257394522,0.0570240952,0.463496596,0.168751746,-0.338082284,-0.045099698,0.731626332,-0.0303472858,-0.234758765,0.0584562123,0.369006723,0.0872272924,-0.288005114,-0.000509984209,0.620265782,0.0965473652,0.00350085762,0.0232629199,0.999960959,-0.0947996899,-0.00759509299,-0.020870883,0.999958694,0.083179675,0.427008957,-0.0823581219,0.602550685,-0.0783402622,0.346979976,-0.108914211,0.564490736,0.072590746,0.777510762,-0.0416428074,0.574232817,-0.078246288,0.7297436,-0.0169835128,0.476074278,0.0505822264,0.812455535,-0.0346475877,0.230509698,-0.0753221214,0.763274312,-0.0532633103,0.158196524,0.0707168281,0.811556,-0.0997854471,0.579405,-0.0913712,0.758813918,-0.14542529,0.450993538
5950.000000000019,-0.00240914,-0.574641943,0.0129110077,0.999325097,0.00930448249,-0.592307448,0.0271507055,0.998822093,0.0124357557,-0.594351768,0.0378123038,0.998469591,0.0113503216,-0.593765736,0.0324827731,0.999055624,-0.0102904933,-0.603655875,0.0175287873,0.999308527,-0.00881439447,-0.601095617,0.00509312935,0.999343693,-0.00552371889,-0.591092467,0.023362929,0.999589384,0.0714189038,-0.587735772,0.122833975,0.998751521,-0.0641107857,-0.546584606,0.128940627,0.99838078,0.0329471827,-0.568823874,0.058118891,0.998174727,-0.00567407487,-0.532441914,0.0323384181,0.998073697,0.150005132,-0.434434682,0.182888165,0.999884844,-0.119640261,-0.497707874,0.23109071,0.999852419,0.12255919,-0.290193647,0.108278602,0.529400468,-0.0822302625,-0.257113,0.113327354,0.655468464,-0.0229676515,-0.241132289,0.0785397217,0.492601126,0.0668679476,-0.26211068,0.00700390851,0.780142844,-0.0710975602,-0.242346361,0.0762213394,0.475456804,0.143388107,-0.275622368,-0.0484190397,0.748917758,-0.086642772,-0.258171648,0.0820849314,0.460551,0.166432858,-0.338919342,-0.0420418158,0.728512764,-0.0301343631,-0.23449856,0.0818064138,0.365882635,0.0847306848,-0.287760735,0.00167892897,0.615969479,0.0961874351,0.00345687778,0.0231520291,0.99996,-0.0944144875,-0.00754058966,-0.0207508355,0.99995774,0.0830982327,0.426747471,-0.0833245292,0.593455195,-0.0785218105,0.346899092,-0.109436907,0.556322873,0.071884647,0.777532458,-0.0410573445,0.563022614,-0.078294687,0.72976166,-0.0220494922,0.470612407,0.0497720912,0.81249094,-0.0338113233,0.224577755,-0.0753759816,0.763367414,-0.0585969724,0.156113088,0.0706650764,0.811142325,-0.0987665877,0.567217,-0.091867812,0.758222401,-0.151249632,0.444980085
5966.666666666686,-0.00239897403,-0.574381888,0.0127306925,0.999297738,0.00931445,-0.591968775,0.0268121194,0.998775959,0.0124488687,-0.594021797,0.0375278369,0.998406529,0.0113569805,-0.593411088,0.0321287848,0.999024689,-0.0102627892,-0.603390932,0.0174247026,0.999281645,-0.00878678448,-0.60079509,0.00494585512,0.999316216,-0.00549261924,-0.590745509,0.0232470669,0.99957633,0.0714205727,-0.586982787,0.121007159,0.998701096,-0.0636627078,-0.545698583,0.128409639,0.998306096,0.0329702757,-0.568488479,0.057799466,0.998120368,-0.00562554551,-0.532028496,0.0322068781,0.998017848,0.150045678,-0.433867723,0.18276152,0.999886632,-0.119218417,-0.496341288,0.230494842,0.999854445,0.123062238,-0.290234238,0.108302534,0.524524152,-0.0824718773,-0.255614102,0.110265836,0.655241251,-0.0216102283,-0.2428689,0.083219327,0.486324608,0.0668401569,-0.263132691,0.00539736962,0.776919603,-0.070019111,-0.244439498,0.0825738609,0.469165534,0.143357247,-0.27736026,-0.0492856763,0.744623065,-0.0849413127,-0.260339051,0.0882700235,0.454362422,0.166136131,-0.340746075,-0.0421704836,0.723833859,-0.0285027269,-0.236289278,0.0864680782,0.36064893,0.0845613256,-0.288983405,0.000403282756,0.61079216,0.0959449708,0.00340861967,0.023110725,0.999959588,-0.0941525102,-0.00748207187,-0.0207107347,0.999957383,0.0836411715,0.426060885,-0.0840558857,0.583214164,-0.0785171762,0.346892655,-0.109498322,0.54613781,0.0728119239,0.776315,-0.0403348,0.547377169,-0.0774813443,0.730611086,-0.0223018955,0.462477684,0.0507929735,0.811098099,-0.0329393558,0.216502532,-0.0744481534,0.764655471,-0.058695022,0.153365806,0.0717363879,0.810294032,-0.0965247229,0.551441193,-0.0918917,0.758537591,-0.150149837,0.43679437
5983.333333333353,-0.00198787497,-0.573600233,0.00958893448,0.999263465,0.00959285162,-0.591137648,0.0224541686,0.998710454,0.0127925472,-0.593188047,0.0332406722,0.998319626,0.0116560236,-0.592537224,0.0279065724,0.998976111,-0.00969840214,-0.602660656,0.0133239515,0.999246597,-0.00824867189,-0.600031137,0.00113626092,0.999283791,-0.00494781695,-0.589935899,0.019367082,0.999561131,0.0715947822,-0.58641696,0.115685396,0.998628676,-0.0628248751,-0.545275867,0.123527937,0.998226047,0.0333447568,-0.567831099,0.0544074662,0.998060584,-0.00501445914,-0.531388402,0.0290545616,0.997970581,0.150214776,-0.433590382,0.181381881,0.999888301,-0.118916124,-0.496351212,0.229909271,0.999857903,0.124109104,-0.290098846,0.108625039,0.521683812,-0.0837696269,-0.25509274,0.11135792,0.654513657,-0.0172890909,-0.24689357,0.08358825,0.482917041,0.0654756352,-0.261617,0.0104296748,0.775310874,-0.0655557886,-0.252173215,0.0828845575,0.465098113,0.142242685,-0.276290864,-0.0429836065,0.74200958,-0.0789874,-0.26851967,0.0891652,0.450202286,0.164569616,-0.339392304,-0.0357108526,0.720962048,-0.0234350134,-0.241195202,0.087103039,0.356700093,0.0832111686,-0.287555367,0.00564526441,0.607449174,0.0957622081,0.00338888122,0.0230763908,0.999959409,-0.0939429104,-0.00745865,-0.0206779148,0.999957442,0.0841073096,0.425859749,-0.0840453878,0.578491449,-0.0779947191,0.346908957,-0.10922911,0.541655064,0.0736484751,0.775984108,-0.0328516439,0.535314143,-0.0770966858,0.730880082,-0.0217930246,0.458512872,0.0516365618,0.81067872,-0.0241610352,0.209335,-0.0741423443,0.76510489,-0.0580500588,0.151507095,0.0722744614,0.810421109,-0.0814409107,0.538450778,-0.0921691805,0.758616328,-0.147220761,0.431692332
6000.00000000002,-0.00196199259,-0.571823239,0.00937368628,0.999248207,0.00966969691,-0.589261949,0.02196775,0.998681068,0.0129053555,-0.591305077,0.0327660553,0.998283625,0.0117571708,-0.590661943,0.0274283458,0.998958766,-0.00950917695,-0.601185381,0.0131068667,0.999226809,-0.00806575362,-0.59850204,0.000961029727,0.999263942,-0.00478703668,-0.588435411,0.0191755313,0.999550521,0.0723031238,-0.584679067,0.114959352,0.998603404,-0.0618103966,-0.544875145,0.123497978,0.998161435,0.0333732329,-0.566137,0.0540696159,0.998031855,-0.00496779103,-0.530098557,0.0289847162,0.99793911,0.150501803,-0.432838172,0.181059912,0.99989152,-0.11859525,-0.496334165,0.2304077,0.999859929,0.126939595,-0.288596392,0.107745379,0.525756,-0.0837466195,-0.254776955,0.116322346,0.650351644,-0.0142430691,-0.247272938,0.0812045857,0.486677766,0.0655855164,-0.260856718,0.0162876397,0.769596875,-0.0626755804,-0.252460927,0.079803206,0.46791321,0.142388865,-0.275619179,-0.0370362774,0.735820651,-0.0760816559,-0.26885,0.0864279568,0.453,0.164642349,-0.338999689,-0.0300901309,0.714532495,-0.0203296542,-0.241620496,0.0848191679,0.358948827,0.083306618,-0.286955714,0.0113438629,0.600394249,0.0955930576,0.00332821882,0.0226759557,0.999959052,-0.0937490314,-0.0073760096,-0.0202862322,0.999956846,0.0841126665,0.425702065,-0.0844990686,0.574848711,-0.0770027339,0.347122252,-0.108929537,0.536372,0.0744032,0.775589347,-0.0332200229,0.525428116,-0.0758018121,0.731106222,-0.0212306362,0.452931702,0.0525358878,0.810239911,-0.0246049445,0.203561455,-0.0728180483,0.765385449,-0.0573630594,0.149674222,0.0725551471,0.809907496,-0.081669651,0.52727133,-0.0921447724,0.758579493,-0.146652624,0.425363868
6016.666666666687,-0.00191947375,-0.570714831,0.00935817137,0.999225855,0.00970831141,-0.588173807,0.0219494067,0.998636425,0.0129399141,-0.59019208,0.0327348411,0.998229504,0.0117900353,-0.589558,0.0274154339,0.998928845,-0.00946009811,-0.599935472,0.0131464144,0.999198079,-0.008013946,-0.597261608,0.00101082202,0.999237239,-0.00473794295,-0.587167621,0.0192093682,0.99953562,0.072448574,-0.583899558,0.114952378,0.998556495,-0.061458502,-0.543542683,0.123737827,0.998072326,0.0335055552,-0.565103352,0.0540068038,0.997981071,-0.00479749404,-0.528868735,0.0289984941,0.997883,0.15064849,-0.432648599,0.181067184,0.999894142,-0.117850743,-0.495843232,0.230689064,0.999860525,0.128075689,-0.288623303,0.109450519,0.525070429,-0.0840803757,-0.253888875,0.117091127,0.642199814,-0.0132339811,-0.247113615,0.0832033902,0.484905273,0.0648784,-0.258866757,0.0163068883,0.757679641,-0.061961554,-0.251956046,0.08149416,0.465619206,0.14178288,-0.273773462,-0.0371528603,0.723359466,-0.0754960254,-0.268251687,0.0883345157,0.450809538,0.163706198,-0.336989254,-0.0301413275,0.701624334,-0.019485319,-0.241342053,0.0869886354,0.356809139,0.0825570524,-0.28482911,0.0114423456,0.586851418,0.0954400599,0.00329381553,0.022672521,0.999958932,-0.0935897231,-0.0073260027,-0.0202822313,0.999956548,0.0841082186,0.425593525,-0.0833252221,0.572334588,-0.0758573636,0.34711948,-0.107601479,0.533250749,0.0754542202,0.775411487,-0.0298924167,0.519894123,-0.0756655931,0.731111705,-0.0192059632,0.45111376,0.0538105331,0.810065508,-0.0211691298,0.199775055,-0.0726961792,0.765395403,-0.0552219227,0.148151085,0.0732004,0.809711218,-0.0795759335,0.521239817,-0.0911361128,0.758438289,-0.145347551,0.423012882
6033.333333333354,-0.00215816265,-0.570631623,0.00838376768,0.99919647,0.00937886816,-0.588039279,0.0207458809,0.998587966,0.0126114972,-0.590067863,0.0315185264,0.998171031,0.0114667267,-0.589421093,0.0262522697,0.998901,-0.0096824849,-0.599768281,0.0121503649,0.999164701,-0.00823955797,-0.597098351,8.57735213e-005,0.999203801,-0.00497976318,-0.586971104,0.0182284601,0.999516904,0.072290346,-0.583552778,0.113511749,0.998512864,-0.0615016408,-0.542923927,0.122930974,0.997957408,0.0334136151,-0.564930081,0.0528253727,0.99794,-0.0048723286,-0.528622627,0.0280500725,0.997824609,0.150714532,-0.432190925,0.180772886,0.999897,-0.117832758,-0.49513346,0.230287746,0.999859393,0.130932286,-0.288086563,0.111115538,0.524845898,-0.0841094181,-0.25234735,0.116599023,0.630393922,-0.00973451417,-0.247457072,0.0863829404,0.484256625,0.0642176196,-0.258130848,0.0160066243,0.739357471,-0.0587880276,-0.252090335,0.0849224925,0.464182436,0.141133055,-0.273413181,-0.0369570218,0.704477549,-0.0721945167,-0.268638849,0.0915831178,0.449431926,0.161921,-0.336455733,-0.0299416222,0.682078183,-0.0159969814,-0.241592109,0.0901151,0.355471045,0.0815923437,-0.284134716,0.0111647183,0.567417,0.0953426212,0.00327518885,0.0226525702,0.99995935,-0.093476586,-0.00729609048,-0.0202568863,0.999956608,0.0841332451,0.425657064,-0.0825447142,0.570386,-0.0750996545,0.347600192,-0.105156355,0.528951764,0.0760922879,0.775498,-0.0251295585,0.515225232,-0.0754229873,0.731682777,-0.0137944212,0.450111598,0.0545868203,0.810146928,-0.0159876272,0.195948958,-0.07247556,0.76608938,-0.0493447967,0.146757573,0.0738265812,0.810626924,-0.0746796802,0.515749395,-0.0909483954,0.759136438,-0.139558479,0.420995951
6050.000000000021,-0.00227140356,-0.570577502,0.008481781,0.999177,0.00923602935,-0.587927222,0.0208771806,0.998553276,0.0124663394,-0.589966,0.0316336937,0.998124421,0.0113300886,-0.589304209,0.0263910182,0.998877168,-0.00977428164,-0.5996328,0.0123679712,0.999145508,-0.0083370544,-0.596959591,0.000334962067,0.999185801,-0.00507577,-0.586814165,0.0184464306,0.999509394,0.0722837746,-0.583073854,0.113659903,0.998468816,-0.0615096,-0.542247117,0.123367645,0.997898519,0.03339497,-0.564744294,0.052859176,0.997905374,-0.00489706779,-0.528369606,0.0281551722,0.997791409,0.150815591,-0.431214452,0.181887686,0.999898493,-0.117764674,-0.493970364,0.230209842,0.99986124,0.131609723,-0.287248403,0.117878228,0.518447399,-0.083976306,-0.250280261,0.117250115,0.625924706,-0.00854628,-0.247672513,0.0951166824,0.478516698,0.0642683432,-0.258071244,0.0173234306,0.733160615,-0.0576848835,-0.252318501,0.0942778289,0.458518744,0.141119704,-0.273848,-0.0354206227,0.697167814,-0.0709418282,-0.268834,0.100595102,0.443857074,0.161632538,-0.336953193,-0.0281487145,0.674375951,-0.0148388818,-0.241863385,0.0987280384,0.350566685,0.0815500394,-0.284229428,0.0126574235,0.559111416,0.0952892751,0.00325648324,0.0227337237,0.99995935,-0.0934235081,-0.00727313058,-0.0203305893,0.999956608,0.084197171,0.425604463,-0.0823441893,0.563000321,-0.0739010125,0.348387599,-0.104723848,0.521394,0.0769991428,0.775015,-0.0237554405,0.503574133,-0.075210765,0.73171103,-0.0119717401,0.443160474,0.0556109138,0.809622049,-0.0145216146,0.18988508,-0.0723056421,0.766120434,-0.047252927,0.14353247,0.0745141879,0.810596228,-0.0732787699,0.504421413,-0.0901298225,0.759123683,-0.137543365,0.414087892
6066.666666666688,-0.00224588881,-0.57057035,0.0086325733,0.999163151,0.00925666466,-0.587861538,0.0210779049,0.998524904,0.0124841789,-0.589907467,0.0318266116,0.998083472,0.0113496389,-0.589231491,0.0265988074,0.998855174,-0.00973055698,-0.599594295,0.0126018012,0.999132514,-0.00829944108,-0.596920609,0.000604557223,0.999174714,-0.00503772078,-0.586765051,0.0186835211,0.999506056,0.072298795,-0.582615,0.11397738,0.998429656,-0.0614759549,-0.541923463,0.123616457,0.997862756,0.0334207825,-0.564629138,0.0529642776,0.997875214,-0.00486556068,-0.528254449,0.028272083,0.997772038,0.150823861,-0.430586249,0.182962909,0.999899089,-0.117717177,-0.493482798,0.230093196,0.999863446,0.131987825,-0.287257224,0.123367839,0.512465477,-0.0841686577,-0.250050128,0.116883419,0.625154436,-0.00816273596,-0.24783,0.105169617,0.471343637,0.0634699,-0.258180499,0.0166811924,0.731375098,-0.0574843772,-0.252498984,0.105296083,0.451156944,0.140127033,-0.274181157,-0.0361833908,0.694279313,-0.070784919,-0.268975288,0.111336231,0.436528474,0.160530895,-0.337161064,-0.0287582148,0.671218336,-0.014551688,-0.242030427,0.108836092,0.344352841,0.0807035863,-0.284300953,0.012086587,0.555537164,0.0951786935,0.00323916599,0.0228499062,0.99995929,-0.0933169276,-0.00725163938,-0.0204343665,0.999956787,0.0846484751,0.425598651,-0.0814442709,0.55740571,-0.0730317086,0.348853111,-0.104321808,0.515574694,0.0778547227,0.774772644,-0.0206298232,0.493658036,-0.0749251097,0.731771469,-0.010408897,0.438216031,0.0564429499,0.809365153,-0.0112486733,0.184797719,-0.0720621124,0.766193271,-0.04553115,0.141100392,0.0751584,0.810584545,-0.0697908252,0.494655818,-0.0892632082,0.7590909,-0.136167064,0.408940107
6083.333333333355,-0.00212929538,-0.570627034,0.00891052745,0.999143958,0.00935620535,-0.587894,0.021488674,0.998486102,0.0125729227,-0.589942098,0.0322064608,0.998032689,0.0114453463,-0.58926177,0.0270058308,0.998825371,-0.00959165394,-0.599621713,0.0129744643,0.999113321,-0.00817001332,-0.596953452,0.000989626627,0.999159157,-0.00489799585,-0.586793602,0.0190465562,0.999499,0.0723084211,-0.58231622,0.114532627,0.998385251,-0.0614307337,-0.541688681,0.123830073,0.997819543,0.033500839,-0.564621389,0.0531847812,0.997841179,-0.0047701,-0.52826,0.028435288,0.997747302,0.150833592,-0.430113375,0.183811381,0.999899924,-0.11771217,-0.492932498,0.229935527,0.999865592,0.132378489,-0.287073,0.124183618,0.506847918,-0.0840925,-0.24928534,0.116478793,0.625922,-0.00789862,-0.246998623,0.103180192,0.466362715,0.0635426864,-0.258241355,0.016095167,0.732990205,-0.0573593676,-0.251368076,0.1028523,0.446564138,0.14018254,-0.27444011,-0.0368741341,0.695318699,-0.0707830787,-0.267871439,0.10890954,0.432076,0.16060403,-0.337453097,-0.0294504631,0.672238,-0.0144393817,-0.24121879,0.106752448,0.340595841,0.0807733312,-0.28442052,0.011526213,0.556124508,0.095145762,0.00322304294,0.0229705349,0.99995923,-0.0932887197,-0.00723185204,-0.020542264,0.999956846,0.0848556384,0.425581664,-0.0810296685,0.553750753,-0.0720420703,0.349442214,-0.103924975,0.511262536,0.0786301643,0.774321914,-0.0193572193,0.487050861,-0.0748117641,0.731780589,-0.0083817644,0.434706241,0.0572715066,0.80891788,-0.0099096261,0.181296021,-0.0719967186,0.766199887,-0.0432484858,0.139223635,0.0758994743,0.810536325,-0.0688615143,0.488159746,-0.0888264924,0.75906992,-0.134392157,0.405208141
6100.000000000022,-0.00165700144,-0.570846379,0.00905871298,0.99913609,0.00972846709,-0.588059485,0.0216951352,0.998471379,0.0129211666,-0.590112567,0.0324024148,0.998011708,0.0118056703,-0.589425206,0.0272104833,0.998813212,-0.00917775184,-0.599751413,0.0131441569,0.999107182,-0.00776576344,-0.597082496,0.00116310746,0.999154568,-0.00447114976,-0.586909235,0.0192120336,0.999498248,0.0723931417,-0.582358,0.114750274,0.998365283,-0.0612146109,-0.541662395,0.123860791,0.997809529,0.0339207873,-0.564772964,0.0532996356,0.997832179,-0.00428102305,-0.528350592,0.0285014361,0.997745156,0.150919408,-0.430096567,0.184378743,0.999900758,-0.117419861,-0.492790371,0.229433522,0.999868155,0.132476225,-0.28711623,0.124616772,0.502307296,-0.0838786215,-0.249368846,0.116078414,0.630632222,-0.00775783602,-0.246863931,0.102198683,0.463854283,0.0643671,-0.258389115,0.0159594752,0.738259554,-0.0572792515,-0.250975609,0.101775698,0.444573313,0.141012892,-0.274601519,-0.03703418,0.700229108,-0.0707747638,-0.267456472,0.107615314,0.430247962,0.161521569,-0.337597877,-0.0296611171,0.677319288,-0.014376048,-0.241068766,0.105655812,0.339153945,0.0815917924,-0.284542829,0.0113283983,0.561395288,0.0951064453,0.00320815528,0.0231686477,0.999958873,-0.093253538,-0.00721273432,-0.0207316559,0.999956667,0.0853723437,0.425503343,-0.080721207,0.549624205,-0.0715588853,0.349767536,-0.103820562,0.507520258,0.0798637494,0.773361504,-0.0192975886,0.480340868,-0.0747646391,0.73172754,-0.00759764947,0.430773646,0.0585253,0.807895601,-0.0098973373,0.177772403,-0.0719718635,0.76613456,-0.0423556343,0.137439191,0.076777555,0.810180366,-0.0688753724,0.48210749,-0.0884335935,0.759060681,-0.133033335,0.40162912
6116.666666666689,-0.00162852451,-0.570979655,0.0111975353,0.999126434,0.00976411439,-0.588154078,0.024105601,0.998452365,0.0129508246,-0.590211391,0.0347818248,0.997982383,0.0118401973,-0.589520216,0.0295570381,0.998795569,-0.00913951732,-0.599814594,0.015731331,0.999100447,-0.0077299471,-0.597144186,0.00377751887,0.999149323,-0.00443028845,-0.586968958,0.0217832308,0.999497354,0.0724932477,-0.582361817,0.116988793,0.998335421,-0.0610862635,-0.541501284,0.126666039,0.997800648,0.0339969955,-0.564836442,0.0551628619,0.997816,-0.00420254096,-0.528378487,0.0305665843,0.997740149,0.151176184,-0.429946631,0.186230361,0.999900877,-0.117053039,-0.492179871,0.229711488,0.999871194,0.132561788,-0.287273705,0.125379637,0.497006357,-0.0838144,-0.249354661,0.115758508,0.635873616,-0.00779322814,-0.246785745,0.102591008,0.46006766,0.0644355,-0.258567899,0.0157784782,0.745884776,-0.0573910959,-0.250653565,0.102135062,0.441359401,0.14105913,-0.274750888,-0.0375267752,0.707829058,-0.0709719136,-0.26692453,0.107912,0.427130938,0.161684245,-0.337786108,-0.0300090127,0.685272872,-0.0144568607,-0.240919858,0.106001481,0.336549878,0.0816325545,-0.284724057,0.011198082,0.569893062,0.0950851589,0.00318935094,0.0232089404,0.999958456,-0.0932315812,-0.00719452696,-0.0207685679,0.999956608,0.0858407468,0.425454706,-0.0808184892,0.543316483,-0.0714141428,0.350209743,-0.104024783,0.502368808,0.0804093778,0.772435546,-0.0200101286,0.471745312,-0.0744822323,0.731710374,-0.00802823436,0.425415128,0.0590452105,0.806882739,-0.0107277157,0.173806578,-0.0716733113,0.766100585,-0.0428409055,0.135539934,0.0772563592,0.809356272,-0.0695598722,0.474056453,-0.0880611241,0.759009123,-0.133498698,0.396825552
6133.333333333356,-0.00161570287,-0.571332216,0.0129037872,0.999111593,0.0097849546,-0.588417172,0.0259817876,0.998422563,0.0129689397,-0.59048903,0.0366182327,0.997944236,0.0118597755,-0.589788377,0.0313893892,0.998773,-0.0091222506,-0.600012898,0.017718764,0.999085188,-0.00771271391,-0.597356319,0.00575205125,0.999136329,-0.00441295607,-0.587174296,0.0237397719,0.999490559,0.072520338,-0.582389832,0.118554279,0.998300672,-0.0609845743,-0.541469395,0.128656283,0.997764051,0.034026213,-0.565037,0.0566226467,0.997789145,-0.00416662218,-0.528531551,0.0321872197,0.997716129,0.151336446,-0.429926723,0.186904714,0.999901593,-0.116800338,-0.491871804,0.230191708,0.999872744,0.132619336,-0.287438214,0.124631487,0.493457705,-0.0835694745,-0.249378055,0.116038166,0.636527419,-0.00782880094,-0.246644035,0.100968018,0.459091485,0.0644535869,-0.258643866,0.0153535716,0.750295401,-0.0574673899,-0.250114083,0.100456491,0.441238463,0.14087832,-0.274859637,-0.0378650054,0.712671638,-0.0711933449,-0.266379118,0.106403679,0.427271247,0.161684126,-0.337994665,-0.0302116834,0.690493584,-0.0145777203,-0.240731075,0.104429178,0.336664349,0.0816424564,-0.284837812,0.0108026797,0.575190187,0.095064871,0.0031648716,0.0232107043,0.999958098,-0.0932120085,-0.00716586784,-0.0207676739,0.99995631,0.0859939083,0.425444961,-0.0809198841,0.537418962,-0.0713089406,0.350861758,-0.10403093,0.495957524,0.0804139823,0.772349715,-0.0206879955,0.464848548,-0.0745016113,0.731747,-0.00774818892,0.419387132,0.0590431578,0.806806147,-0.0114928912,0.170546576,-0.0717119,0.766117275,-0.0425383262,0.1333974,0.0772869736,0.809278131,-0.0705947727,0.467357367,-0.0882250518,0.759014487,-0.133139268,0.391299576
6150.000000000023,-0.00160251616,-0.571374297,0.015754154,0.999100566,0.0097911926,-0.588456869,0.0290344618,0.998396873,0.0129661523,-0.590527296,0.0396075882,0.997914553,0.0118656904,-0.589828,0.0343901105,0.998754501,-0.00911085866,-0.600034833,0.0207094606,0.999071121,-0.00770216156,-0.597387433,0.00870687701,0.999124825,-0.00439788494,-0.587201595,0.0266793389,0.999483228,0.0724054,-0.582402229,0.12135385,0.998276293,-0.0609873,-0.54115361,0.131225854,0.997726142,0.0340471976,-0.565064847,0.0592817925,0.997766674,-0.00413660333,-0.528549731,0.0348262824,0.997689903,0.151351973,-0.429967582,0.18796356,0.999902964,-0.116717264,-0.491441637,0.231516957,0.999873221,0.132928729,-0.287852049,0.12402533,0.492114663,-0.0830948055,-0.249274328,0.116802536,0.634619534,-0.00785367,-0.246399686,0.100506976,0.460308403,0.0641539,-0.258799553,0.0150221689,0.752571464,-0.0574986264,-0.249416679,0.0992973298,0.442911029,0.140002802,-0.275016427,-0.0382641405,0.715488195,-0.0713503435,-0.265669763,0.105267517,0.429214686,0.160953492,-0.338135511,-0.0305324681,0.693625689,-0.0146127725,-0.240388602,0.103815764,0.338311583,0.081216529,-0.284993172,0.010459261,0.578104794,0.0950467587,0.00312795956,0.0231652595,0.999957681,-0.0931948125,-0.00712142466,-0.0207154918,0.999955773,0.0859529823,0.425436497,-0.0809105635,0.533201396,-0.0712684169,0.351217747,-0.103542142,0.490151465,0.0802152157,0.772281647,-0.0208436791,0.459228069,-0.0747599527,0.731750429,-0.00694139721,0.413973093,0.0588123649,0.806752324,-0.0116817392,0.167889401,-0.0720481202,0.766111612,-0.0417464748,0.131517947,0.077054657,0.80916065,-0.0708834454,0.461686015,-0.0889552087,0.758965254,-0.132208288,0.386348546
6166.66666666669,-0.00152503757,-0.57169205,0.0156547111,0.99907881,0.00981568079,-0.588750839,0.0289294533,0.998352051,0.0129857529,-0.590829492,0.0395065174,0.997860074,0.0118885301,-0.590121567,0.0342922546,0.998720884,-0.00907832943,-0.600212932,0.0206035338,0.999046683,-0.00767361093,-0.597587883,0.00860099681,0.999103963,-0.0043584751,-0.587383211,0.0265760776,0.99947077,0.0723260194,-0.58271575,0.121309765,0.998226464,-0.0609949343,-0.541170776,0.131040469,0.997668922,0.0341384374,-0.565371454,0.0592043,0.997713447,-0.0040273862,-0.528770566,0.0347454697,0.997634172,0.151437029,-0.430284113,0.187910974,0.999903202,-0.116692506,-0.491455346,0.230965033,0.999873221,0.133143291,-0.28796804,0.123152189,0.487005293,-0.0825175643,-0.249317527,0.11643175,0.633730352,-0.00771938171,-0.246412352,0.0962308198,0.458272,0.0641871616,-0.259440154,0.014664934,0.75532496,-0.057380151,-0.249371797,0.0944707319,0.441984862,0.139961943,-0.275899798,-0.0388076864,0.718553543,-0.0713700652,-0.265688956,0.100312479,0.428608596,0.160898983,-0.339331359,-0.0313256569,0.696966767,-0.0145898443,-0.240407944,0.099340044,0.337631583,0.0812415853,-0.285761923,0.0100453962,0.581172287,0.0950294062,0.00311250798,0.0231679175,0.999957144,-0.0931781083,-0.00710310508,-0.0207175687,0.999955177,0.08592242,0.425426543,-0.0807797313,0.52694416,-0.0713251829,0.351298153,-0.103346899,0.483050138,0.0800378174,0.772241592,-0.02093,0.453420937,-0.0747336447,0.731712461,-0.00600748276,0.407589108,0.0586208478,0.806716681,-0.0117834,0.165287077,-0.072022453,0.766057909,-0.0407295935,0.129502013,0.0770535693,0.80901438,-0.0710721761,0.4560211,-0.0892109945,0.758849442,-0.130545855,0.380569398
6183.333333333357,-0.0016542814,-0.571780264,0.0156054636,0.999080718,0.00966928061,-0.588839412,0.0288583487,0.998355687,0.0128319673,-0.590926945,0.0394408293,0.997865796,0.0117405364,-0.590208471,0.0342289545,0.998724818,-0.00919989683,-0.600280583,0.0205316506,0.999049306,-0.00781062711,-0.597656131,0.00852838811,0.999107,-0.0044750846,-0.587444305,0.0265086237,0.999472737,0.0722030476,-0.582775712,0.121267483,0.998230934,-0.0611000396,-0.541166,0.130973905,0.997670949,0.0341011062,-0.565454185,0.0591558702,0.997724235,-0.00407281611,-0.528819203,0.0346988216,0.997641385,0.151530072,-0.430284023,0.188044325,0.999904513,-0.116655491,-0.491419315,0.230909541,0.999874711,0.133483961,-0.287805438,0.124152862,0.486715823,-0.0819243565,-0.249334559,0.116433121,0.634659231,-0.00771480193,-0.246409267,0.0981084332,0.461363792,0.0640673637,-0.259776294,0.0144738965,0.758860946,-0.0574072786,-0.249387279,0.0967478,0.445363879,0.139391363,-0.27638936,-0.0390712358,0.72227639,-0.0714221895,-0.265724063,0.102372482,0.432172477,0.16016753,-0.339764267,-0.0316492133,0.700921416,-0.0146218687,-0.240433082,0.101218641,0.340737522,0.0809672773,-0.286137074,0.00984848384,0.585432291,0.0950131,0.00309770182,0.0231597759,0.999957,-0.0931612924,-0.00708433846,-0.0207061,0.999955,0.0859674,0.425392538,-0.080788359,0.524187326,-0.0713281631,0.351373941,-0.103302062,0.479257464,0.0799959376,0.771704853,-0.0207641032,0.447942585,-0.0746376514,0.73168546,-0.00495569455,0.403155237,0.0585566051,0.806136847,-0.0115773939,0.16274485,-0.0719383135,0.766034186,-0.0395228602,0.128357098,0.0770534948,0.808791757,-0.0703213215,0.450358808,-0.0896819457,0.75884366,-0.127810746,0.376390278
6200.000000000024,-0.00164732046,-0.571862876,0.0127326995,0.999066,0.00957006495,-0.588949502,0.025295075,0.998323,0.0127344187,-0.591039896,0.0358994752,0.99782,0.0116452435,-0.590310276,0.0307581574,0.998700202,-0.00924064871,-0.600307226,0.0169574,0.999034286,-0.00785746519,-0.597683489,0.00502088573,0.999094427,-0.00450965948,-0.587471783,0.0230191574,0.999467611,0.0718139112,-0.583187521,0.117080405,0.998191476,-0.0611533746,-0.541136384,0.126709253,0.997635186,0.0341277644,-0.565609634,0.0562727526,0.997707486,-0.00398679264,-0.52885294,0.0317951068,0.997627676,0.151623517,-0.430696189,0.18671371,0.999905229,-0.116476148,-0.491414845,0.229294971,0.999876261,0.133871496,-0.287375778,0.124371447,0.486247182,-0.0817578509,-0.248875543,0.116243735,0.640058637,-0.00766225765,-0.246350855,0.0997870117,0.464302599,0.063366659,-0.260246038,0.0138668427,0.766155839,-0.0574261211,-0.24941504,0.09893886,0.447855532,0.138077259,-0.277789474,-0.0399185754,0.729372859,-0.0714513212,-0.265852511,0.104533821,0.434813946,0.158350796,-0.341245711,-0.0325647257,0.708464444,-0.0146296574,-0.240440518,0.103010558,0.34272635,0.0799684152,-0.286783785,0.0092208311,0.593561828,0.094912976,0.00308446586,0.0231528096,0.999956548,-0.0930701792,-0.00706627872,-0.0206956379,0.9999547,0.0859749168,0.425369531,-0.080551587,0.520286143,-0.071454905,0.351355314,-0.102834836,0.474776864,0.0794747844,0.771696866,-0.0187064428,0.442828,-0.0757597536,0.731515706,-0.00388086401,0.399716139,0.057884343,0.806132793,-0.00924213417,0.160374165,-0.0733656287,0.765904307,-0.0383272506,0.127126813,0.0768164471,0.808788121,-0.0678345263,0.445349455,-0.0925593376,0.758408904,-0.126809761,0.373475045
6216.666666666691,-0.00163409812,-0.57190764,0.010488132,0.999056101,0.00949541479,-0.588988,0.0224906132,0.998299778,0.012666692,-0.591079056,0.0331220664,0.997788548,0.0115758926,-0.590349853,0.0280093029,0.99868232,-0.00925897434,-0.600322127,0.0140808802,0.999024391,-0.00788001064,-0.597702861,0.00219327048,0.999087095,-0.00452319765,-0.587486267,0.0202113874,0.999465108,0.0714570582,-0.583546102,0.113878734,0.99816364,-0.061186906,-0.54109937,0.123246372,0.997617,0.0341692343,-0.565664232,0.0540846586,0.997702301,-0.00387001573,-0.528875291,0.0295221936,0.997626483,0.151684687,-0.431275398,0.185849428,0.999906182,-0.116251156,-0.491472304,0.22797139,0.999878407,0.133991644,-0.287294805,0.12509729,0.486535847,-0.0817119,-0.248638928,0.116144016,0.646016896,-0.00737918634,-0.246847928,0.101319946,0.468753904,0.062935777,-0.260452956,0.013707988,0.773587644,-0.0572849289,-0.250539869,0.1007329,0.452046216,0.137465984,-0.278379053,-0.0401082113,0.736790955,-0.0712572485,-0.267496049,0.106259532,0.439147651,0.157567233,-0.341911554,-0.0327749774,0.716331661,-0.014374068,-0.241189674,0.104585335,0.346202701,0.0794279724,-0.287110865,0.00906092301,0.602263391,0.0948065668,0.0030736695,0.0231557582,0.999956191,-0.0929682404,-0.00704977755,-0.0206970926,0.999954522,0.085924536,0.425355196,-0.0799648836,0.518328071,-0.0714725107,0.3513515,-0.10261973,0.473150074,0.0787328,0.771690547,-0.0162994657,0.439559519,-0.0761682168,0.731427789,-0.00316305109,0.398355305,0.0569641292,0.806129754,-0.00661664363,0.158813745,-0.0739260688,0.765846729,-0.0374843217,0.126796,0.0761876851,0.808890462,-0.064376466,0.442011923,-0.0940643102,0.758263,-0.125577271,0.372351706
6233.333333333358,-0.00162485987,-0.572405815,0.00973128714,0.999053121,0.00942819659,-0.589596808,0.0214932803,0.998290896,0.0125986766,-0.591693044,0.0321573392,0.997774303,0.0115056168,-0.590951085,0.0270472467,0.998674214,-0.00928395148,-0.600723505,0.0130788581,0.999022961,-0.00790966209,-0.598102927,0.00121615734,0.999087,-0.00454424787,-0.587849,0.0192377493,0.999466777,0.0711510479,-0.584800899,0.112505406,0.998147488,-0.0612201951,-0.541300356,0.121786371,0.997618735,0.0342029743,-0.566379607,0.0532859527,0.997702658,-0.00377480593,-0.529285669,0.0287072733,0.997630596,0.151810065,-0.432560712,0.185219511,0.999906719,-0.11598628,-0.491734535,0.22649309,0.999880493,0.134092137,-0.287470877,0.125236169,0.486241192,-0.081236437,-0.24877277,0.115098402,0.652649522,-0.00727389846,-0.247822359,0.102130733,0.47027275,0.0629263371,-0.262013406,0.01326924,0.781048238,-0.0572342388,-0.251965731,0.101949796,0.453470439,0.137327954,-0.28033331,-0.0404772796,0.744221509,-0.071159184,-0.269090772,0.107357606,0.44066447,0.157366261,-0.343738705,-0.0330728218,0.724175632,-0.0142648481,-0.242346808,0.105411634,0.347392291,0.0793656185,-0.288752437,0.00866438076,0.611214161,0.0947461799,0.00304601551,0.0231615,0.999955714,-0.0929118618,-0.00701962784,-0.0207011234,0.999954343,0.0859108195,0.425346702,-0.0797452,0.514931679,-0.0716153234,0.351300359,-0.102371715,0.469610155,0.0784492493,0.771676898,-0.0160972364,0.434144646,-0.0764138848,0.731292903,-0.00301660225,0.394607574,0.0566353463,0.80611,-0.00643936312,0.156450599,-0.0742130652,0.765740097,-0.0373498723,0.125903189,0.0758712664,0.808884561,-0.0638745651,0.436859488,-0.0948793888,0.758039594,-0.124998316,0.369251549
6250.000000000025,-0.00163803878,-0.572630346,0.00742046395,0.999062121,0.00934292842,-0.589875162,0.0188341141,0.998299837,0.0125174066,-0.591970086,0.0295257419,0.997783482,0.0114198448,-0.59122467,0.0244624112,0.99867934,-0.00934296,-0.600914478,0.0106117623,0.999031425,-0.00797819905,-0.598295331,-0.00120594609,0.999096096,-0.0046013738,-0.588027239,0.0168194771,0.999473512,0.0711083263,-0.585433483,0.109765485,0.998147726,-0.06122531,-0.541467965,0.119764455,0.997638822,0.0342268907,-0.56670785,0.0510464534,0.997722864,-0.00373253413,-0.529486895,0.026678402,0.997658491,0.152013,-0.433267713,0.183569521,0.999907672,-0.115597896,-0.492237329,0.22587426,0.999883115,0.13417238,-0.287603229,0.125267252,0.48983264,-0.0811981857,-0.249319509,0.115034513,0.66002214,-0.00707537355,-0.248742029,0.104004785,0.475821227,0.0628616959,-0.262735814,0.013191442,0.788578689,-0.0571455583,-0.253226519,0.104274452,0.458197176,0.137224451,-0.281003922,-0.0406402908,0.751689076,-0.0709593892,-0.270450145,0.109638289,0.445484,0.157360092,-0.344248831,-0.0332126208,0.732133269,-0.0140419248,-0.243356287,0.107463636,0.351543218,0.0793368667,-0.289405793,0.00859937258,0.620464802,0.0946570486,0.00303127477,0.0231185146,0.999955237,-0.0928309485,-0.00699826656,-0.0206549875,0.999954164,0.0858627185,0.425105751,-0.0791780204,0.513843536,-0.0716168806,0.351165801,-0.101721413,0.468539834,0.0785364583,0.771562338,-0.0140011925,0.431471258,-0.0764988735,0.731138408,-0.0015594553,0.393378586,0.0567153208,0.805991828,-0.00418526307,0.154875472,-0.0743426681,0.765606,-0.0357396305,0.12559,0.0757909417,0.808570325,-0.0616289601,0.434332788,-0.0953410268,0.757534325,-0.123102292,0.368599087
6266.6666666666915,-0.00166420906,-0.572902441,0.00501847966,0.999041677,0.0092515992,-0.590208411,0.0160983447,0.998256624,0.0124379788,-0.592300415,0.0268434864,0.997723162,0.0113264918,-0.591544747,0.0217659269,0.998643339,-0.00940102,-0.601180494,0.0079919463,0.999012053,-0.00804706756,-0.598560393,-0.00379970693,0.99908,-0.00465951115,-0.588267148,0.0142502235,0.999467,0.0710296482,-0.586122632,0.10688328,0.998090446,-0.0612381659,-0.54178381,0.117212854,0.997606456,0.0342429504,-0.567133844,0.0486458465,0.997681916,-0.00370751088,-0.529802084,0.024399044,0.997628927,0.152315214,-0.433970869,0.18190603,0.999906778,-0.115431949,-0.49276948,0.224100411,0.999884784,0.13418518,-0.287614673,0.125184923,0.48773855,-0.0810893625,-0.249565706,0.114812434,0.666384399,-0.00697968388,-0.248923466,0.104147263,0.47424376,0.0628534779,-0.263338089,0.0131028816,0.795269668,-0.0570823848,-0.253565848,0.104522929,0.456940472,0.137180746,-0.281624198,-0.0407538414,0.758357346,-0.0707869902,-0.270867467,0.109745108,0.444315135,0.157344729,-0.344829828,-0.0333504714,0.739185631,-0.013913258,-0.243588269,0.107568346,0.35033536,0.0793275535,-0.290038973,0.00850496348,0.628535628,0.0946234167,0.00301952614,0.0231077336,0.999954879,-0.0927991048,-0.00698282523,-0.0206413828,0.999954224,0.0860704109,0.425041169,-0.0790013224,0.511476159,-0.071619682,0.351104885,-0.10133522,0.466859579,0.0785625875,0.771400869,-0.0120159676,0.426948279,-0.0763758495,0.731149495,-0.00114285469,0.39210251,0.0567276627,0.805794239,-0.00198717881,0.152726144,-0.074239932,0.76565212,-0.0353093557,0.125451699,0.075785853,0.808508813,-0.0582231171,0.429609567,-0.0956907049,0.757521212,-0.122163124,0.367263883
6283.3333333333585,-0.00165129616,-0.572738,0.00427151471,0.999031186,0.0092328852,-0.590106964,0.0152893448,0.998229265,0.0124257961,-0.59219712,0.026042508,0.997683823,0.0113127241,-0.59144026,0.0209319685,0.99862,-0.0094056325,-0.6010378,0.00714790169,0.999000132,-0.00805439055,-0.598418832,-0.00465255696,0.999070346,-0.00466535706,-0.588127,0.0134096183,0.999462903,0.070978485,-0.586136103,0.10625568,0.998052359,-0.0612532608,-0.541773319,0.116461091,0.997583032,0.0342907235,-0.567081213,0.0480013862,0.997654557,-0.00364297954,-0.529709101,0.023718752,0.997609615,0.152351886,-0.434234262,0.181599244,0.999906778,-0.115316726,-0.492948502,0.223742262,0.999886513,0.134207249,-0.2875413,0.125436574,0.487213075,-0.0811701491,-0.249692827,0.114763252,0.673402965,-0.00690030307,-0.248542786,0.104968645,0.47617048,0.0627403781,-0.263433516,0.0130155832,0.802613795,-0.0570355095,-0.253074884,0.105437651,0.458775371,0.13708508,-0.281694174,-0.0408172645,0.76575923,-0.0707502887,-0.27037397,0.110624939,0.446305811,0.157352701,-0.344889551,-0.0334327407,0.74709183,-0.0138478754,-0.24317947,0.108402044,0.351837784,0.079264231,-0.290132284,0.00841729622,0.637568057,0.094545342,0.00300827948,0.0230843648,0.999953866,-0.0927256,-0.00696797064,-0.0206155032,0.999953568,0.0856408924,0.424992412,-0.0788176954,0.506302297,-0.0716945678,0.350954384,-0.10133408,0.462549508,0.0781836361,0.771392167,-0.0120642707,0.421249181,-0.0763708875,0.731129348,-0.00195058354,0.388203323,0.0563408285,0.805789053,-0.00210187607,0.150539503,-0.074234955,0.765645385,-0.0362592,0.124411143,0.0757094771,0.808387518,-0.0585196204,0.423785865,-0.0959259272,0.757245,-0.123259388,0.363627
6300.0000000000255,-0.00162746804,-0.572706282,0.00428869249,0.999017417,0.00922750775,-0.590092599,0.0153522883,0.998194337,0.0124208424,-0.592183,0.0261019189,0.997635961,0.0113077452,-0.591426492,0.0209852364,0.998591363,-0.00940517895,-0.601000845,0.00718890131,0.998983264,-0.00805585738,-0.598388135,-0.00462124124,0.999055922,-0.00466564391,-0.58809793,0.01344309,0.999455333,0.0708982944,-0.586173177,0.106388487,0.998009205,-0.0612740554,-0.541782737,0.116505295,0.997544,0.0343275256,-0.567089379,0.048025731,0.997615516,-0.00359710539,-0.529704332,0.023726752,0.997575819,0.152378187,-0.43458572,0.181449637,0.999906778,-0.115292497,-0.49327296,0.223738328,0.999887168,0.134529099,-0.28759864,0.125416294,0.486072391,-0.0812900886,-0.250367105,0.114712633,0.67595017,-0.00650843605,-0.248282105,0.105225332,0.474701881,0.062643379,-0.263481408,0.0129648978,0.805628598,-0.0567467138,-0.252602428,0.105668493,0.457431972,0.136996791,-0.281718552,-0.0409701914,0.768484712,-0.0705834404,-0.269874,0.110891871,0.445093393,0.157360703,-0.344882578,-0.0336069092,0.749996185,-0.0135324,-0.242849514,0.108686373,0.350533277,0.0792097598,-0.290176958,0.00836613309,0.640459955,0.0944642946,0.00296862051,0.0229955465,0.999953508,-0.0926468745,-0.00691784499,-0.0205200966,0.999953389,0.0854621,0.424902976,-0.077806972,0.504235566,-0.0716959909,0.350962371,-0.101159073,0.460261673,0.0781625956,0.771260202,-0.0116752163,0.419584185,-0.0762149,0.731123686,-0.0019569525,0.386694282,0.0563247614,0.805666685,-0.00181769126,0.149845496,-0.0740762353,0.765642703,-0.0362761095,0.12429788,0.0757370144,0.807848692,-0.0585624166,0.421293,-0.0960495546,0.757122457,-0.123307459,0.36195457
6316.666666666692,-0.00167007651,-0.572692275,0.00430035964,0.999004483,0.0091038011,-0.590094388,0.0153803499,0.99816376,0.0122977328,-0.592185736,0.0261305217,0.997594953,0.011186433,-0.591429353,0.0210025553,0.998568237,-0.00949497428,-0.60099107,0.00719723245,0.998967111,-0.00815083925,-0.598379791,-0.0046194382,0.999041796,-0.00476301834,-0.588088691,0.0134423394,0.999447465,0.0705112517,-0.586238086,0.10645467,0.997977376,-0.0614124127,-0.541799068,0.116436861,0.997505069,0.0342953354,-0.567104936,0.0480365492,0.997591674,-0.00359976431,-0.529710889,0.023712758,0.997551203,0.152339146,-0.43508026,0.181305557,0.999907196,-0.115293846,-0.493548036,0.22364074,0.999887586,0.134973109,-0.287892848,0.125498623,0.487089038,-0.0815779269,-0.251155764,0.11438591,0.67950511,-0.00639428198,-0.247487962,0.105467588,0.475733221,0.0625132322,-0.263778448,0.0120710768,0.808800578,-0.0567190051,-0.251002818,0.105832174,0.45860377,0.136920318,-0.281801045,-0.0422932729,0.771697462,-0.070617035,-0.268319458,0.110942401,0.446465403,0.157367423,-0.344922215,-0.0349835418,0.753422201,-0.0134883123,-0.241911337,0.108885713,0.351616353,0.0791278183,-0.290389746,0.00739135,0.644115448,0.0943997,0.00292969588,0.0229464564,0.999953032,-0.0925820172,-0.0068729762,-0.02046136,0.999953,0.0853246227,0.42488271,-0.0775292069,0.502984941,-0.0719568953,0.350941032,-0.101081312,0.458822966,0.077977933,0.77126509,-0.0116574494,0.418497175,-0.0763775706,0.731260598,-0.00209127483,0.386606663,0.0561229736,0.805680633,-0.00185450283,0.149302602,-0.07424,0.765834212,-0.0364726149,0.124541581,0.075494729,0.807809055,-0.0587436371,0.419740707,-0.0966722369,0.757146835,-0.12370386,0.361673057
6333.333333333359,-0.00182908121,-0.572556198,0.00491191447,0.998999834,0.00876250677,-0.58997488,0.0158637539,0.998147368,0.0119629726,-0.592074037,0.0266278666,0.997570574,0.0108518749,-0.59131372,0.0214520246,0.998555064,-0.0097095184,-0.600882,0.00756616844,0.998960853,-0.00836812798,-0.598266,-0.00423998153,0.999036968,-0.00497923279,-0.587974191,0.0138018625,0.999445438,0.0692434087,-0.58621645,0.106727324,0.997960567,-0.061837554,-0.541775286,0.116493717,0.997496605,0.0340172425,-0.567059159,0.0485617518,0.997591913,-0.0037348927,-0.529641747,0.0240421221,0.997552216,0.151811332,-0.435160428,0.181686342,0.999908,-0.115599021,-0.493683338,0.223480642,0.999889076,0.135167599,-0.287896246,0.127527922,0.486753911,-0.0817488283,-0.25149256,0.113853566,0.683925688,-0.00634179544,-0.246490628,0.107568659,0.476380557,0.0623279251,-0.264131516,0.011601992,0.813052475,-0.0567147173,-0.249378785,0.107970901,0.459653914,0.136731878,-0.281972885,-0.0428486355,0.776183128,-0.0707064793,-0.266867727,0.112533785,0.447751313,0.15726088,-0.345008403,-0.0355331115,0.758150697,-0.0134805776,-0.24090758,0.110751659,0.352647573,0.0789339,-0.290672749,0.00691806059,0.649466693,0.0943032131,0.00290777255,0.0229517017,0.999952435,-0.0924840719,-0.00684864633,-0.0204618778,0.999952495,0.0849099755,0.424746096,-0.0775168389,0.499127507,-0.0725276098,0.350882769,-0.101254351,0.45462364,0.0774326771,0.771236598,-0.0125408275,0.413570076,-0.0766667873,0.73126173,-0.00324991555,0.382372379,0.0555182099,0.805661857,-0.0029841878,0.147344336,-0.0745284632,0.765849531,-0.0378105231,0.123368159,0.0747179836,0.807713687,-0.0595876612,0.41474,-0.0973956957,0.757035911,-0.124682687,0.357603103
6350.000000000026,-0.00197840272,-0.572423518,0.00681274571,0.998982131,0.00835791137,-0.589836538,0.0178998038,0.998106539,0.0115507683,-0.591942608,0.0286166184,0.997516155,0.0104505485,-0.591180325,0.0233946107,0.998524,-0.00999312103,-0.600680292,0.00929236691,0.998939931,-0.0086452337,-0.598078132,-0.00256101554,0.999018669,-0.00524889305,-0.587787867,0.0154710552,0.999435,0.0678597689,-0.586111486,0.108464621,0.997918963,-0.0624447204,-0.541484118,0.117088258,0.997453272,0.0337750874,-0.566956401,0.050294172,0.997564554,-0.00387145067,-0.529493034,0.0253875498,0.997520268,0.151360169,-0.43508929,0.182918102,0.999908328,-0.115889519,-0.493641555,0.223442227,0.999889076,0.135444418,-0.287171274,0.127621874,0.484435886,-0.0816847757,-0.251480818,0.112790428,0.684658468,-0.00628957804,-0.245305613,0.106532142,0.476373911,0.0623306036,-0.2644687,0.0104286317,0.815008759,-0.0567110032,-0.248179466,0.106561638,0.460140198,0.136716947,-0.282409132,-0.0441045538,0.778018117,-0.0708356202,-0.265968382,0.111139536,0.448448479,0.157224715,-0.345450342,-0.0367449559,0.760032,-0.0134800822,-0.239856958,0.109588,0.352995306,0.0789150894,-0.290994912,0.00581702497,0.651030838,0.0942328274,0.00289507234,0.0229876749,0.99995178,-0.0924173817,-0.00683284039,-0.0204909053,0.99995172,0.0845073536,0.424664944,-0.0774947107,0.493926436,-0.0728920326,0.350884199,-0.101392917,0.448367417,0.0766930357,0.771229744,-0.0136632742,0.408800155,-0.0768357292,0.731241226,-0.00372886308,0.376334608,0.0547332615,0.805665,-0.00434084469,0.145654604,-0.0747030228,0.765833318,-0.0383464582,0.121482328,0.0742682144,0.807611883,-0.061441645,0.409768015,-0.0978718,0.756748319,-0.125324532,0.351865739
6366.666666666693,-0.00202031597,-0.572288,0.00923334248,0.99898541,0.00812357105,-0.589729428,0.0204903577,0.99811,0.011312048,-0.59183985,0.0311881695,0.997516036,0.010224116,-0.591077805,0.0259314589,0.99852556,-0.0101507595,-0.600487649,0.011811805,0.998944283,-0.00880061556,-0.59787935,-4.75059205e-005,0.999022543,-0.00539699243,-0.587590814,0.0179584194,0.999438286,0.0674372241,-0.586064398,0.110678516,0.997915864,-0.0626513958,-0.540981412,0.118908711,0.997463882,0.033758413,-0.566857755,0.0525607392,0.997573,-0.00387120852,-0.529255748,0.0275571439,0.997527063,0.151328489,-0.4349491,0.185442045,0.999908805,-0.115731619,-0.493437976,0.223554015,0.999890447,0.135457322,-0.286966622,0.131032571,0.481798261,-0.0813206434,-0.251522094,0.112586923,0.687710643,-0.00664010225,-0.24546583,0.110599868,0.476870537,0.0625386,-0.26486811,0.0103935171,0.81847322,-0.0574493073,-0.248625547,0.111089423,0.46083653,0.136809886,-0.282868147,-0.0441447683,0.781191528,-0.0717439,-0.266523629,0.115866356,0.449235201,0.157353535,-0.345754236,-0.0367851108,0.763329804,-0.0139726102,-0.240139991,0.113755472,0.35341683,0.0790540129,-0.291333735,0.00577597879,0.654620171,0.0941365063,0.00288528,0.0231090691,0.999950945,-0.0923313424,-0.0068197744,-0.0206097178,0.999951,0.08432284,0.424569517,-0.0775698796,0.486324936,-0.0730099306,0.350827694,-0.102257,0.440738887,0.0761373863,0.771163762,-0.0161602609,0.400875807,-0.0768561736,0.730800033,-0.00546929473,0.367992729,0.0541031174,0.805603683,-0.00716720708,0.143000051,-0.0747202188,0.765396178,-0.0401904732,0.119078577,0.0740010068,0.807418942,-0.064391762,0.40223223,-0.0978672877,0.755827725,-0.126932651,0.344553441
6383.33333333336,-0.00221091253,-0.572281778,0.0111048315,0.998990297,0.00784725696,-0.589729,0.0224490482,0.998122811,0.0110245794,-0.591840923,0.0331805646,0.997530222,0.00995390769,-0.591079,0.0278780982,0.998537123,-0.0103825293,-0.600475848,0.0139835766,0.998950124,-0.00902590714,-0.597863495,0.00212032814,0.999025941,-0.00562660582,-0.587575257,0.020100873,0.99944067,0.0673268959,-0.586058199,0.112208091,0.997928798,-0.0626941919,-0.540802956,0.121234082,0.997466922,0.0336657725,-0.566852808,0.0542174019,0.997586071,-0.00393437268,-0.529207051,0.0294505283,0.997531235,0.151281163,-0.434810728,0.186057523,0.99990958,-0.115353458,-0.493229538,0.224304169,0.999890864,0.134899184,-0.286928713,0.131882802,0.48298648,-0.0809751898,-0.25170511,0.112668544,0.68843627,-0.00829418,-0.245476171,0.112843722,0.479318351,0.0626385137,-0.265253067,0.0105358791,0.819156408,-0.0594513789,-0.2486476,0.113549016,0.46316123,0.136866882,-0.283121914,-0.0439769775,0.78161788,-0.0736904368,-0.266536295,0.118280455,0.451617867,0.157464579,-0.345892608,-0.0365416817,0.763764679,-0.0156637933,-0.240151897,0.116040178,0.355435133,0.0791358724,-0.291659147,0.00594262267,0.65514338,0.0940466896,0.00286569097,0.0231069922,0.999950409,-0.0922427103,-0.00680236658,-0.0206076726,0.999950409,0.0842223167,0.424559176,-0.0776523277,0.481070668,-0.0731924623,0.350845158,-0.102509789,0.435547054,0.0758967474,0.771146297,-0.0186529513,0.395313054,-0.0769290403,0.73079443,-0.00637710094,0.362285584,0.053852614,0.805583179,-0.00993091892,0.140907601,-0.0747692287,0.765392303,-0.0412203409,0.117513053,0.0738480762,0.807386458,-0.0670829862,0.396805674,-0.0978475362,0.755843222,-0.127705112,0.33954072
6400.000000000027,-0.00300647505,-0.572356522,0.00946201198,0.99901253,0.0070051644,-0.589836717,0.0208726693,0.998166919,0.0101861237,-0.591949582,0.0316384323,0.997584581,0.00908940844,-0.591183603,0.0263551306,0.998569965,-0.0113420384,-0.600591719,0.0125024263,0.998975396,-0.0100109857,-0.597965,0.000644652697,0.999048531,-0.00660523819,-0.587659597,0.0186325815,0.99945426,0.067052044,-0.58611542,0.111165814,0.997968376,-0.0636568,-0.540834725,0.120370321,0.997523,0.0331866629,-0.566911697,0.0527804233,0.99762857,-0.00454017054,-0.52924937,0.0280847754,0.997570932,0.151284814,-0.434604853,0.18598862,0.999909282,-0.115340278,-0.49323675,0.222688496,0.999891877,0.135256127,-0.28590861,0.131790012,0.482970327,-0.0799698308,-0.251742214,0.110646173,0.692797661,-0.00817113277,-0.245885387,0.112648308,0.481184542,0.0628014952,-0.265589267,0.0102841128,0.822686315,-0.059415862,-0.249837175,0.113448136,0.464636743,0.136885971,-0.283517718,-0.0440382734,0.784749448,-0.0736137331,-0.267945856,0.118230507,0.453010738,0.157447517,-0.346117347,-0.0365685523,0.766974092,-0.0155416476,-0.240843356,0.115876518,0.35675472,0.079200089,-0.291952133,0.00578063726,0.659177721,0.0939817429,0.00287832133,0.0233078,0.999949932,-0.0921751931,-0.00681073,-0.0208274573,0.999950051,0.0841541812,0.424487442,-0.0774845928,0.47778362,-0.0732058734,0.350577891,-0.102490649,0.432783,0.0758327395,0.771129966,-0.018511517,0.392040819,-0.0766932741,0.73075819,-0.00515175844,0.358604729,0.0538026653,0.805561781,-0.00976884831,0.139570713,-0.0744827241,0.76537621,-0.039757479,0.116285339,0.0739788562,0.807343364,-0.0666690916,0.394108444,-0.0970572531,0.75585717,-0.125464752,0.336374789
6416.666666666694,-0.00384519901,-0.572404385,0.00407254277,0.999022067,0.00625063,-0.589908481,0.0153881218,0.998185098,0.00945048872,-0.592018485,0.0261733644,0.997605562,0.00831575319,-0.591247559,0.0210153628,0.998582661,-0.0122466311,-0.600675881,0.00723912567,0.998986483,-0.0109413,-0.598046243,-0.00462300237,0.999058664,-0.00752506685,-0.587729812,0.0134174749,0.999460936,0.0669323802,-0.586206853,0.106863342,0.997979879,-0.064456813,-0.541047692,0.116684154,0.997549,0.0326820463,-0.566956043,0.0478771292,0.997644126,-0.00520364,-0.529322267,0.0234079044,0.997587442,0.151372775,-0.434568971,0.183793753,0.999908507,-0.115512684,-0.493443936,0.220449552,0.999891937,0.135839343,-0.28516224,0.129453,0.484123975,-0.0796014667,-0.251745343,0.108803175,0.695744812,-0.00778053887,-0.246708646,0.109398805,0.483124137,0.063095,-0.265780509,0.00915216561,0.825048,-0.0591422543,-0.251781493,0.110269949,0.465950578,0.137083188,-0.283902854,-0.044979807,0.786512494,-0.0732905641,-0.270263582,0.115335546,0.454247236,0.157498315,-0.346539944,-0.0372577198,0.768745244,-0.0151516022,-0.241980612,0.112809338,0.357749522,0.0794082582,-0.292172879,0.00478102034,0.661193728,0.0939525142,0.00289200293,0.0233536959,0.999949574,-0.0921467841,-0.00681651244,-0.0208754186,0.999949813,0.0837288573,0.424443364,-0.0774344504,0.477217346,-0.0732182413,0.350440383,-0.102359772,0.432089776,0.0756482854,0.771235526,-0.0164779611,0.391182274,-0.0766694769,0.730741739,-0.00210908498,0.357191384,0.0536392629,0.805676043,-0.00732243387,0.138635024,-0.0744627938,0.765369236,-0.0361931734,0.115406655,0.0738088787,0.807425916,-0.0644042939,0.393503934,-0.0970390737,0.755843222,-0.121992864,0.335115582
6433.333333333361,-0.00413584895,-0.572245777,0.00261434098,0.999031603,0.00584955886,-0.589814186,0.0139158508,0.998200893,0.00907186605,-0.59191972,0.0247077774,0.997622,0.00792656466,-0.591143906,0.0195632,0.998592675,-0.0126749268,-0.600548744,0.00568505516,0.998997569,-0.0113847163,-0.597913265,-0.006164202,0.999068737,-0.00796631537,-0.587588787,0.0118755177,0.999467611,0.0667038411,-0.586205781,0.105910532,0.997987747,-0.06518998,-0.541010141,0.11542403,0.99757725,0.0324766971,-0.5668419,0.0466789566,0.997663856,-0.0054710051,-0.529181,0.0221155118,0.997610688,0.151366875,-0.434454352,0.18345131,0.999908209,-0.115690328,-0.493434459,0.220077142,0.999892712,0.136020958,-0.283574402,0.129065529,0.485272586,-0.0796016678,-0.251447529,0.10872367,0.699786484,-0.00776424306,-0.246743351,0.108507611,0.486534715,0.0627752,-0.265559018,0.00917616859,0.829222858,-0.0591597669,-0.25222826,0.109424874,0.468435705,0.136589035,-0.28376472,-0.0449156,0.790375054,-0.0733091161,-0.270747572,0.114750326,0.456574947,0.156904876,-0.34634456,-0.037117783,0.772791743,-0.0151436161,-0.242083222,0.112047322,0.35950762,0.0790131,-0.291932434,0.00482945703,0.665901601,0.0939214155,0.0028930828,0.0233774483,0.99994874,-0.0921134055,-0.00681389077,-0.0209031831,0.999949098,0.0830596834,0.424466342,-0.0775040537,0.475215226,-0.0732839406,0.350364655,-0.102338061,0.429265678,0.0748636723,0.771676481,-0.0164535791,0.388882667,-0.0766909644,0.730710685,-0.00170540903,0.35401,0.0528274179,0.806128263,-0.00728389248,0.137379378,-0.0744934455,0.765348792,-0.0357452482,0.114112608,0.0732923597,0.807567418,-0.0644084588,0.391339719,-0.0970928594,0.755666196,-0.121730722,0.332295865
6450.000000000028,-0.00430069,-0.572338521,0.0030533243,0.999048591,0.00559032755,-0.589961529,0.0144767109,0.998239279,0.00879711751,-0.592074335,0.0253154729,0.997673452,0.00767114619,-0.591298521,0.0201159455,0.998628,-0.0129426783,-0.600675285,0.00615741778,0.999014139,-0.0116496244,-0.598028302,-0.00570294028,0.999080479,-0.00826181564,-0.587696373,0.0123165399,0.999472916,0.0661287531,-0.586272836,0.106610052,0.998039603,-0.0658715442,-0.541000485,0.115667693,0.997589827,0.03226,-0.566922963,0.0470825396,0.997705698,-0.00571560627,-0.529211223,0.0224191,0.997630417,0.15083611,-0.434391677,0.183439717,0.999910116,-0.115874559,-0.493166089,0.220190153,0.999890327,0.136207342,-0.282888353,0.129214481,0.490095288,-0.0792947486,-0.251406163,0.108441845,0.695109665,-0.00793883204,-0.243334949,0.109944187,0.490808189,0.063086994,-0.265268087,0.00914808922,0.821159,-0.0595471859,-0.24753949,0.111055098,0.472032905,0.13696371,-0.283037484,-0.0449128337,0.781490326,-0.0739352107,-0.266094148,0.116147436,0.460231364,0.157042816,-0.34534663,-0.037100926,0.763347,-0.0153966304,-0.238637045,0.113421068,0.362920791,0.0792107582,-0.291546285,0.0047948081,0.655528784,0.0938223824,0.00283431215,0.0233142991,0.999948561,-0.0920011,-0.00674550096,-0.0208408069,0.999948263,0.0826152265,0.424566567,-0.0776547939,0.475079387,-0.0733418316,0.350417942,-0.102142245,0.425138623,0.0743910894,0.771783531,-0.0183568783,0.388189822,-0.0766631514,0.730908215,-0.00172367576,0.351304859,0.0524008684,0.806232274,-0.00943790656,0.136836395,-0.0744488537,0.765575767,-0.0357804894,0.113444917,0.0729051232,0.807565629,-0.0668186247,0.390233576,-0.0970880166,0.755855203,-0.121779971,0.329791218
6466.666666666695,-0.00480449665,-0.572169,0.000822745,0.999079168,0.00506423879,-0.589854836,0.0121293757,0.998303056,0.00827155821,-0.591974318,0.0231169965,0.997754335,0.00715929968,-0.591186583,0.017896777,0.998681426,-0.0134803206,-0.600616097,0.00395577354,0.999048,-0.0122109232,-0.597944498,-0.00781554822,0.999108672,-0.00888576359,-0.587613404,0.0101465806,0.999489427,0.065816775,-0.586084247,0.104870141,0.998114765,-0.0666501522,-0.540837109,0.114003621,0.997646391,0.0317765549,-0.566724837,0.0449684225,0.997782707,-0.0062999134,-0.528962314,0.0204020254,0.997698605,0.150093421,-0.433715433,0.181023762,0.9999125,-0.116330259,-0.492386878,0.220281035,0.99989,0.136221781,-0.281374365,0.131933928,0.498227239,-0.0795667619,-0.250304729,0.10888724,0.693701208,-0.0095268134,-0.24239181,0.127206743,0.49654156,0.0626985729,-0.263483286,0.00978858769,0.815681636,-0.0621440485,-0.246970847,0.130886242,0.47539,0.136765569,-0.28131637,-0.0438837782,0.774594784,-0.0763510168,-0.265484095,0.135948718,0.463332862,0.15649794,-0.342969567,-0.0358085893,0.755952358,-0.0169381294,-0.237862736,0.131327659,0.365761727,0.078776896,-0.289693296,0.00543169165,0.647645712,0.0936436057,0.00278654485,0.0229572151,0.999948561,-0.0918093324,-0.00669110147,-0.0204823073,0.999947846,0.0818155482,0.424951881,-0.0778342858,0.475702882,-0.073651664,0.350467086,-0.100900933,0.421185285,0.0727504045,0.772229314,-0.0183453914,0.386303127,-0.0770803094,0.731072485,-0.000227481956,0.34925279,0.0505967252,0.806651473,-0.00941647682,0.135516793,-0.0748975649,0.7657848,-0.0343555436,0.112793468,0.0699398667,0.808107,-0.0668043792,0.388171792,-0.0975199118,0.756069839,-0.12027888,0.328194141
6483.333333333362,-0.00498918304,-0.572129607,0.00082221,0.999099791,0.00476313056,-0.589837492,0.0121683609,0.99834609,0.00797814224,-0.591956496,0.023158282,0.997809112,0.00686114142,-0.591165841,0.0179285519,0.998717606,-0.0137445638,-0.600601852,0.0039102817,0.9990713,-0.0124736922,-0.597920775,-0.00785381626,0.999127924,-0.00917706825,-0.587590635,0.0101070106,0.999500632,0.065209657,-0.586008251,0.104904532,0.998167455,-0.0673057809,-0.540721059,0.11369177,0.997689486,0.0314669348,-0.56666863,0.044956658,0.99783659,-0.00660404097,-0.528878,0.0202952549,0.997745872,0.149372309,-0.433416724,0.180650473,0.999913931,-0.11694961,-0.491874397,0.220289946,0.999889433,0.136610895,-0.281212687,0.131964669,0.502613485,-0.07983502,-0.249180466,0.108797111,0.691417277,-0.0090335859,-0.242680922,0.126392365,0.498016477,0.0626914054,-0.261279,0.0103287371,0.809871733,-0.0615602508,-0.247858524,0.129730746,0.475115567,0.136823297,-0.278976411,-0.0427324,0.767325282,-0.0757255554,-0.266198307,0.135072812,0.462716788,0.156495288,-0.340268403,-0.03438095,0.74800688,-0.0163541287,-0.238227829,0.130450666,0.365373105,0.078763321,-0.287359834,0.0060628918,0.639016,0.0935048908,0.00273641711,0.022890918,0.99994874,-0.0916596279,-0.00663672946,-0.0204237867,0.999947727,0.0813820064,0.424986929,-0.0782568306,0.478298128,-0.0738399327,0.350411,-0.100887597,0.419739038,0.0719361752,0.772397,-0.0197202936,0.386995852,-0.0769223422,0.731090546,-0.000769353588,0.348878324,0.049783349,0.806809723,-0.0108809685,0.135600522,-0.0746844187,0.765812159,-0.0350548178,0.112859361,0.0692615807,0.808138132,-0.0684258267,0.388411343,-0.0973854288,0.756043732,-0.121068239,0.32784158
6500.000000000029,-0.00586831849,-0.570943475,0.000911557931,0.99913,0.00378333777,-0.588863611,0.0122668138,0.99840647,0.00700905453,-0.590976357,0.0232528821,0.997887492,0.00591405155,-0.590181708,0.0180226732,0.998766363,-0.0147383977,-0.599587262,0.00400053058,0.9991045,-0.0134713352,-0.596834,-0.00777178956,0.999156833,-0.0102478694,-0.586532772,0.0101939272,0.999517,0.0648091808,-0.58536315,0.10496334,0.998238266,-0.0682205781,-0.539633095,0.114025913,0.997753143,0.0307238027,-0.565611184,0.0450326726,0.997911274,-0.0075018825,-0.527563214,0.0203438792,0.997816503,0.148749173,-0.432654291,0.180394456,0.999916434,-0.117146254,-0.490667552,0.223998621,0.999889433,0.136825889,-0.280235,0.133438319,0.510836065,-0.0799488723,-0.247477978,0.113495432,0.684015691,-0.00902889948,-0.242588848,0.133284479,0.50122726,0.0613072701,-0.255029708,0.014593171,0.799257398,-0.0615677312,-0.247905061,0.137059972,0.475766271,0.135387152,-0.271879166,-0.0378341563,0.755617619,-0.0756985322,-0.266233712,0.143159881,0.462880284,0.154502407,-0.33183983,-0.0295767449,0.735551834,-0.0163379814,-0.238152519,0.137833863,0.365574211,0.0772960633,-0.280500174,0.0102049913,0.626161277,0.0933733657,0.0026572994,0.0222709924,0.999949515,-0.0915112346,-0.00655176025,-0.0198096279,0.999948263,0.080956012,0.42610693,-0.0785862282,0.486942172,-0.0738577694,0.350973934,-0.100239024,0.424240559,0.0714726299,0.773219466,-0.0197538864,0.391796827,-0.0768606961,0.73168242,-0.000797384302,0.354367495,0.0492276028,0.8075611,-0.0108890356,0.136441112,-0.0746137351,0.766401172,-0.0350962915,0.114872247,0.0665770918,0.809043467,-0.0685521215,0.391788542,-0.0973857939,0.756624222,-0.121241733,0.332822293
6516.666666666696,-0.00617249869,-0.568887711,0.00393258827,0.999160826,0.00328085874,-0.58699137,0.0155671649,0.998464,0.00653357431,-0.589075863,0.0265094545,0.997959852,0.00544517906,-0.588282764,0.0212970078,0.998807669,-0.015148079,-0.597510517,0.00734812813,0.99914,-0.0138767958,-0.594666123,-0.00434592692,0.999190211,-0.0106515167,-0.584445536,0.0135691678,0.99953711,0.0646420494,-0.583775163,0.10875567,0.998295,-0.068533808,-0.537073,0.117926076,0.997847497,0.0304950401,-0.56356144,0.0482040942,0.997987151,-0.0077667255,-0.525161624,0.0235480946,0.997903883,0.148497373,-0.43011716,0.184973523,0.999917746,-0.117131986,-0.488485694,0.226891503,0.999893367,0.136036202,-0.278883547,0.139487073,0.5152179,-0.0803342685,-0.244360894,0.117259659,0.689886808,-0.00966528058,-0.246236324,0.136468351,0.508432,0.0612512603,-0.25015232,0.0194869582,0.806039453,-0.0621933937,-0.255644977,0.139935404,0.480979264,0.13537766,-0.267209649,-0.0328342579,0.76222676,-0.0758921131,-0.273441702,0.146801844,0.467508107,0.15459922,-0.327189595,-0.0239126589,0.742385268,-0.0167716574,-0.242461205,0.141209185,0.369518936,0.0772994,-0.275571108,0.01565025,0.634268582,0.093315959,0.00265303068,0.0223920438,0.999949157,-0.0914588571,-0.00654987805,-0.0199508779,0.999948323,0.0807175934,0.426172823,-0.0791332498,0.489296764,-0.0738637373,0.351021349,-0.102228262,0.428465843,0.0712237358,0.773238778,-0.0201920047,0.389934927,-0.0768223777,0.731382251,-0.00457604136,0.355185,0.0488671474,0.807570279,-0.0112675084,0.135401592,-0.0745808557,0.766049266,-0.0390032046,0.115236349,0.0653132871,0.809193969,-0.06875512,0.38980329,-0.0969128087,0.756158054,-0.125537768,0.333838046
6533.333333333363,-0.00665908167,-0.568065,0.0038268452,0.999193966,0.00258905697,-0.586274505,0.0154063134,0.998528361,0.00585052557,-0.588339686,0.0263625178,0.998042047,0.00477276091,-0.587528944,0.0211631451,0.998856246,-0.0157197397,-0.596738398,0.00722275,0.99917835,-0.0144813266,-0.593831658,-0.0044441619,0.999225855,-0.0112303291,-0.583605886,0.0134589029,0.999558508,0.0643116087,-0.58330518,0.108607963,0.998361409,-0.0689795613,-0.536020696,0.117796399,0.997943759,0.0301307533,-0.562822759,0.0480994545,0.998071969,-0.00812416524,-0.524185479,0.0234668832,0.997996151,0.14830555,-0.429291368,0.185083345,0.999919653,-0.117109574,-0.487367719,0.226886168,0.999897242,0.135714427,-0.278268784,0.144982472,0.519881427,-0.0803588405,-0.242594138,0.118473761,0.695156753,-0.0108614992,-0.248047963,0.147050425,0.51537,0.0609477274,-0.247936413,0.0219639912,0.812089682,-0.0639469624,-0.25883171,0.151830584,0.485808074,0.134967864,-0.265316159,-0.0301193055,0.768236041,-0.0770211592,-0.276713818,0.158695668,0.471833497,0.154233962,-0.325155646,-0.0209851786,0.748593211,-0.0177986939,-0.244679347,0.152082279,0.373286456,0.0770125389,-0.273418069,0.0182770286,0.641832709,0.0932297483,0.00264829071,0.0224531218,0.999949038,-0.0913728401,-0.00654656114,-0.0200213883,0.999948502,0.0804710612,0.426300973,-0.0790996775,0.491185546,-0.0740440488,0.350982,-0.102214746,0.430568129,0.0706901252,0.773249507,-0.0191193055,0.387988031,-0.0769024789,0.731063485,-0.00417475821,0.355424583,0.0482008122,0.807573617,-0.0100132283,0.134478956,-0.0746743381,0.765756249,-0.0385018177,0.115517177,0.0638248771,0.809454381,-0.066457428,0.388463318,-0.0969121084,0.756015658,-0.124505349,0.334901482
6550.00000000003,-0.00695805252,-0.568033874,0.00428943662,0.999233067,0.00215592352,-0.586252391,0.016048599,0.998603225,0.00538556697,-0.588320315,0.0270337295,0.998140931,0.00431906851,-0.587505639,0.0218369812,0.998914182,-0.0161765683,-0.596713483,0.00774665223,0.999220908,-0.0149531225,-0.593796492,-0.0038775804,0.999265432,-0.0116937803,-0.583561063,0.0139891384,0.99958092,0.0636951774,-0.583132803,0.109679312,0.99844563,-0.0700265616,-0.535515368,0.11808797,0.998044908,0.0297951438,-0.562748194,0.0485944785,0.998167098,-0.0085501736,-0.524031043,0.0238164831,0.998092651,0.147904053,-0.428544968,0.185955524,0.999921918,-0.117382348,-0.486667931,0.227008298,0.999899864,0.136400476,-0.278345317,0.148778409,0.524922788,-0.0806112066,-0.24269,0.118321106,0.69438678,-0.0104111657,-0.250188291,0.154161319,0.51978,0.0594775565,-0.247242182,0.0217194781,0.811065435,-0.0636991188,-0.260874927,0.159359694,0.48834303,0.132916227,-0.263735086,-0.0305209067,0.766910732,-0.0767346397,-0.278987199,0.165799424,0.473994374,0.152442634,-0.322880268,-0.0214771256,0.746936738,-0.0173506737,-0.246988833,0.159003824,0.375701159,0.0755604729,-0.27236563,0.0179718751,0.640651107,0.0931861103,0.00264202175,0.0225325841,0.999949515,-0.0913243592,-0.00654036086,-0.0201040171,0.999948919,0.0804507062,0.426656365,-0.079186134,0.49707222,-0.0740266442,0.351032048,-0.102263264,0.434046179,0.0706822127,0.773301661,-0.0191357583,0.389613569,-0.0768986046,0.731039464,-0.00417016959,0.358417213,0.0481885597,0.807600915,-0.0100317271,0.134977728,-0.0746734813,0.7657305,-0.038513314,0.116916731,0.0635862425,0.810052097,-0.0664437041,0.390393794,-0.0968486816,0.756047964,-0.124488935,0.338266492
6566.666666666697,-0.0072696358,-0.567911804,0.00437270617,0.999274552,0.00175824377,-0.586151958,0.0161675271,0.998683,0.00497279828,-0.588219523,0.0271688756,0.998246789,0.00391410757,-0.587403595,0.0219676718,0.998975873,-0.0165337157,-0.596599221,0.00785141159,0.999265969,-0.0153074311,-0.593663573,-0.00376312598,0.999307334,-0.0120518226,-0.583417,0.0140983891,0.999604702,0.0632779896,-0.582865179,0.109812789,0.998534501,-0.0704653487,-0.534929693,0.118120193,0.998154819,0.0294554867,-0.562559545,0.0486666039,0.998268843,-0.0088728983,-0.523757,0.0238678828,0.998197,0.147515818,-0.427849174,0.185931072,0.99992466,-0.117414676,-0.485455394,0.226992637,0.999903202,0.136392102,-0.278297812,0.148424253,0.532532334,-0.0806170404,-0.2419682,0.118300773,0.69641453,-0.0105616357,-0.250799805,0.151690379,0.528283954,0.0591718853,-0.245450914,0.0222400911,0.812959433,-0.0638544112,-0.261403173,0.156421185,0.49516806,0.13253884,-0.261332124,-0.0296350531,0.768752098,-0.0768238381,-0.279591471,0.162734896,0.480525315,0.152190983,-0.320573658,-0.0206622425,0.748717725,-0.0174698643,-0.247678369,0.156373963,0.382079601,0.0752970576,-0.270565212,0.0184700023,0.643257082,0.0931417868,0.00263608899,0.0225329269,0.999950111,-0.0912747607,-0.0065354933,-0.0201063249,0.999949455,0.080433093,0.427348286,-0.0798522457,0.502491295,-0.0740547627,0.351296663,-0.102255233,0.438094139,0.0707038194,0.773659945,-0.0193350036,0.390233099,-0.0769033134,0.731379,-0.00420792866,0.361611396,0.0482101217,0.807908773,-0.0102053043,0.134827226,-0.0746779814,0.766103745,-0.0385675207,0.118396327,0.0629021898,0.811578572,-0.0664473549,0.391573042,-0.0968563631,0.757027864,-0.124462485,0.342047662
6583.333333333364,-0.00743143959,-0.567835331,0.00492248079,0.999314189,0.00147311238,-0.58612448,0.0168801565,0.998760104,0.00467676157,-0.588190794,0.0279181879,0.998348415,0.00363477808,-0.58737129,0.0227420535,0.999035299,-0.0168412235,-0.596483231,0.00861955434,0.999309659,-0.0156207029,-0.593524754,-0.00294661778,0.999347866,-0.0123646371,-0.583272278,0.0148964189,0.999628067,0.063214317,-0.582796097,0.110753298,0.998618722,-0.070805,-0.53373,0.119252652,0.998260319,0.0293682814,-0.562442482,0.0492143594,0.998362124,-0.00901688263,-0.523356855,0.024510039,0.998293936,0.147287339,-0.427324653,0.186157808,0.999927,-0.117272265,-0.482993543,0.228430241,0.999906242,0.135318696,-0.27851069,0.150914535,0.537689626,-0.0806046352,-0.240134463,0.120170139,0.69685,-0.0117369,-0.252650291,0.160143211,0.531168044,0.0587652549,-0.243629336,0.0253050663,0.813348949,-0.065040119,-0.263991117,0.166120663,0.495788097,0.132037416,-0.259963095,-0.0258020479,0.768645108,-0.0773834512,-0.281587213,0.172870949,0.480547488,0.151409611,-0.319075882,-0.0166490991,0.748348653,-0.0183372926,-0.249479264,0.165157497,0.382508337,0.0748172253,-0.268855721,0.0216279123,0.643670499,0.0930815041,0.00260852417,0.0225023925,0.999951,-0.0912136808,-0.00651702,-0.0200865325,0.999950528,0.0804157853,0.42801708,-0.080096364,0.511083245,-0.0741706267,0.351544768,-0.102117509,0.446195632,0.0706579089,0.773794591,-0.0192945134,0.392856032,-0.0771103427,0.731599,-0.00456374371,0.368903279,0.0481472,0.807993591,-0.0101318844,0.135569602,-0.0748988837,0.766344249,-0.0390646905,0.121655151,0.0621915981,0.812602282,-0.0659668,0.394425809,-0.0968915448,0.757811725,-0.124825351,0.349815726
6600.000000000031,-0.00906139,-0.564767,0.0156006031,0.999348104,-0.000223220224,-0.583393872,0.0283882339,0.998828828,0.00299480604,-0.585446298,0.0393916331,0.998440087,0.0020336851,-0.584664524,0.0340887159,0.999089897,-0.0185206793,-0.593278289,0.0206816886,0.999346495,-0.0172353927,-0.590235054,0.00911156647,0.999380767,-0.0140759293,-0.580085516,0.0268567,0.999646366,0.0628114194,-0.579857767,0.122172117,0.998699,-0.071671091,-0.528792679,0.133591875,0.998342574,0.0281968024,-0.559195,0.0592760034,0.998446167,-0.0104740234,-0.519411445,0.0354889967,0.998372257,0.147043481,-0.423817486,0.191589728,0.99993,-0.117286421,-0.476567835,0.240430728,0.999907255,0.135155216,-0.276447952,0.151235268,0.546465933,-0.0806883201,-0.234104738,0.12866734,0.685619056,-0.0134985838,-0.251411319,0.157560483,0.537569344,0.0574532971,-0.239997044,0.0326544307,0.80038017,-0.0668149292,-0.263481557,0.162773937,0.499567628,0.130871177,-0.257109344,-0.0176738836,0.754781187,-0.0788508132,-0.280633748,0.169677541,0.483624965,0.149644673,-0.316594243,-0.00845590234,0.733424246,-0.0200192891,-0.248250961,0.162472099,0.385375112,0.0732633621,-0.265523165,0.0289518,0.628387213,0.0930545703,0.00251552858,0.0220361687,0.999952,-0.0911838636,-0.00643961225,-0.0196599849,0.999951303,0.0800544247,0.428375632,-0.083289355,0.519200683,-0.0745431185,0.352081478,-0.102447167,0.452508479,0.0703260601,0.773797691,-0.0273737628,0.394199371,-0.077158995,0.732233524,-0.013997999,0.373986423,0.047885634,0.80798012,-0.0187909305,0.136161223,-0.0749186724,0.766956806,-0.0501268916,0.124581397,0.0616349243,0.812467575,-0.0753334612,0.394811332,-0.0972298384,0.757971346,-0.137297,0.354798585
6616.666666666698,-0.00974483788,-0.562667787,0.0177844837,0.999384761,-0.000558074156,-0.581306815,0.0310711,0.998899758,0.00266791112,-0.583327055,0.0420862734,0.998533607,0.00172543502,-0.582525671,0.0367902,0.999144554,-0.0189560317,-0.591276705,0.0238803308,0.999385893,-0.0176645946,-0.588162899,0.0123433126,0.999417126,-0.0145151969,-0.578131914,0.0301051252,0.999667048,0.0633115545,-0.576843798,0.125325441,0.99877733,-0.0716778785,-0.526594698,0.139125243,0.998434961,0.0278744195,-0.556736767,0.0613880157,0.998524666,-0.0110758767,-0.517038941,0.0383155756,0.998452365,0.147054315,-0.420308322,0.193463624,0.999931931,-0.116765171,-0.473918706,0.245106772,0.999909401,0.135406539,-0.275656283,0.153686538,0.552453339,-0.0803125873,-0.232139513,0.133674353,0.682011068,-0.0134727601,-0.250845015,0.166834727,0.539784849,0.0575751364,-0.23576346,0.037374761,0.797825396,-0.0667837039,-0.263281941,0.172635794,0.499034435,0.131003,-0.253043026,-0.0132503361,0.751362622,-0.078835316,-0.279868662,0.180821821,0.482328773,0.15003328,-0.312205911,-0.00385893532,0.729555309,-0.0200017951,-0.247543216,0.172226831,0.384655654,0.0734972656,-0.261025667,0.0337183028,0.624774456,0.0929647312,0.00249061873,0.0215844568,0.999952793,-0.091095306,-0.0064215879,-0.0192453302,0.999952137,0.0797736794,0.428398281,-0.0877117068,0.527088702,-0.0744399056,0.352280259,-0.103206366,0.458589911,0.0703166053,0.773463,-0.0370199718,0.395674318,-0.0741275847,0.732177794,-0.0191346798,0.377650976,0.0478819609,0.807592213,-0.028930556,0.137374774,-0.0713484138,0.766870737,-0.0557274036,0.127520055,0.0616276674,0.812314093,-0.0858177394,0.395684,-0.0945185199,0.757964432,-0.142782107,0.358938605
6633.333333333365,-0.0112212012,-0.561962903,0.0165733062,0.999409318,-0.00174530991,-0.580487,0.0297773276,0.998951674,0.00147867668,-0.582515538,0.0408188961,0.998602569,0.000500581,-0.581665635,0.0355635695,0.999186397,-0.0200566966,-0.590658724,0.0228815489,0.999413669,-0.0188182797,-0.587517917,0.0114269126,0.999442041,-0.0156349707,-0.57745105,0.029169146,0.999681354,0.0630946681,-0.575522184,0.123883106,0.99883759,-0.072041817,-0.525895655,0.138740733,0.9984954,0.0266679041,-0.555939078,0.0599792153,0.998588145,-0.0123159522,-0.516382217,0.0372035168,0.998513758,0.146848887,-0.419344097,0.192737088,0.999933898,-0.116777666,-0.473176837,0.244381234,0.999910831,0.135953516,-0.27569297,0.154943481,0.560041189,-0.0802822635,-0.231307268,0.132840097,0.679640412,-0.0130320033,-0.252256751,0.173134953,0.545570135,0.0575738847,-0.236111864,0.0363615043,0.794727385,-0.0665349737,-0.264903843,0.179813147,0.501716614,0.131016746,-0.253635973,-0.0143491579,0.746964,-0.0785435438,-0.281278104,0.18774955,0.484341413,0.149979442,-0.312761337,-0.00490580127,0.724531174,-0.0195473731,-0.248857215,0.178606167,0.38716051,0.0734913349,-0.261424631,0.0326954909,0.620034158,0.0928628,0.0024828508,0.0215695389,0.999953508,-0.090981029,-0.00641447166,-0.0192304607,0.999952674,0.0794369951,0.429038733,-0.0876026303,0.533664942,-0.0744513944,0.352449059,-0.102937311,0.462639511,0.0687069446,0.773768842,-0.0310169831,0.396329671,-0.0745677128,0.732558072,-0.0161957387,0.381589293,0.0461665243,0.807846546,-0.0219017342,0.137376621,-0.071931906,0.767337501,-0.052230496,0.129089549,0.0601431876,0.813546479,-0.0753212124,0.39608866,-0.0956827253,0.758801401,-0.137727961,0.362812966
6650.000000000032,-0.011663856,-0.562016547,0.0115424488,0.999432,-0.00208387221,-0.580529451,0.0244570263,0.998997271,0.00114403875,-0.582557738,0.0355608836,0.998662412,0.000129881475,-0.581703186,0.0304160118,0.999221742,-0.0204371791,-0.590714395,0.0176118352,0.99943912,-0.0192318112,-0.587579489,0.00622617127,0.999465466,-0.0160191432,-0.577504814,0.0240291599,0.999694943,0.0630776361,-0.575582385,0.118628584,0.998886943,-0.0722292513,-0.526016593,0.133431822,0.998553097,0.0263524335,-0.556004941,0.0551935844,0.998635411,-0.0126952305,-0.516476214,0.032456968,0.998562098,0.146836013,-0.419470519,0.189749062,0.999934614,-0.116662271,-0.473404199,0.241447926,0.999911904,0.136629045,-0.276567757,0.15459834,0.564922333,-0.0797519088,-0.231452778,0.130823314,0.679453492,-0.0129074752,-0.254786551,0.175299525,0.545404673,0.0577071607,-0.236604333,0.0356391072,0.793130577,-0.0664991662,-0.267488301,0.182945475,0.498660207,0.13108398,-0.254085511,-0.0150658013,0.743660808,-0.07852979,-0.283666372,0.191043049,0.480651677,0.149994418,-0.313276321,-0.00550034456,0.720630407,-0.0194446128,-0.251226038,0.181048185,0.384521663,0.0735792518,-0.26194486,0.0319647789,0.616574168,0.0927688405,0.00248971558,0.0215603206,0.999954104,-0.0908827782,-0.00642026076,-0.0192228425,0.99995333,0.0792701,0.429317981,-0.0870980099,0.541408241,-0.0744735375,0.352391571,-0.101935536,0.467783481,0.068373017,0.774046302,-0.0268970635,0.400070518,-0.0747744963,0.73279345,-0.0128320428,0.387239218,0.0458234325,0.808102965,-0.0174162891,0.138539478,-0.0722328,0.767689109,-0.0484653115,0.131257832,0.059831772,0.814338803,-0.070158489,0.399399608,-0.0966075361,0.75940907,-0.133348957,0.368243098
6666.666666666699,-0.0126825375,-0.561943293,0.00815068092,0.999446571,-0.00279931328,-0.580411315,0.020822851,0.99902904,0.000444301782,-0.582442224,0.0319822095,0.998704851,-0.00060666888,-0.581569493,0.0268411711,0.999247909,-0.0212102849,-0.590698838,0.0141359894,0.999455512,-0.0200235415,-0.587566674,0.00274792477,0.999479651,-0.0168277975,-0.577477217,0.0205772612,0.999702811,0.0629914552,-0.57538569,0.115096137,0.998924792,-0.0725832656,-0.526124179,0.130505785,0.9985829,0.0254712589,-0.555916786,0.0519431941,0.998668849,-0.013671618,-0.516520143,0.0293608457,0.998592,0.146779582,-0.419521153,0.185763329,0.999935508,-0.116840497,-0.473614663,0.241179302,0.999911,0.137657329,-0.27659595,0.150282651,0.57424742,-0.0798085704,-0.231602356,0.130535379,0.674487948,-0.0128927259,-0.254992455,0.174309939,0.550110459,0.0575352684,-0.236386642,0.0351277925,0.785195649,-0.0666108727,-0.26757583,0.182494864,0.500194669,0.130996928,-0.253603518,-0.0154392486,0.733750165,-0.0787825659,-0.283771425,0.18934527,0.48158142,0.149805486,-0.312162131,-0.00585575681,0.709908068,-0.0194605794,-0.251376212,0.180602908,0.385706365,0.073423706,-0.261433095,0.0314616226,0.605867624,0.0927100778,0.00247966638,0.0211183093,0.999954879,-0.0908121839,-0.00640545972,-0.0187814124,0.999953866,0.0788178369,0.429739445,-0.0869911,0.550252,-0.0748261437,0.352554649,-0.100320622,0.472272098,0.0677139312,0.774517715,-0.0257622302,0.40618965,-0.075196,0.733751,-0.00944371894,0.393416464,0.0452068746,0.808548689,-0.0160960928,0.140094936,-0.07272093,0.768757224,-0.0448212512,0.13335979,0.0591859333,0.815039754,-0.0693489909,0.404042304,-0.0987840593,0.760777116,-0.130221903,0.373515934
6683.333333333366,-0.0130611192,-0.561974108,0.000452624256,0.99946636,-0.0029982205,-0.58043927,0.0125653679,0.999068081,0.000255259685,-0.582470417,0.0237963628,0.99875617,-0.000831836252,-0.581595182,0.0186969191,0.999278307,-0.0214321427,-0.590790451,0.00569835119,0.999476969,-0.020257609,-0.587653399,-0.00570882717,0.999499381,-0.0170512833,-0.577548265,0.0121903783,0.999714136,0.062939018,-0.575399637,0.106827945,0.998968422,-0.0727228895,-0.526938796,0.120912038,0.998633206,0.0250182673,-0.555956542,0.044573497,0.998713732,-0.0140860174,-0.516708732,0.0215931945,0.998638034,0.14672704,-0.419580758,0.179884404,0.999936163,-0.117004029,-0.475221872,0.234531954,0.999911666,0.138523743,-0.276766449,0.145384863,0.583572209,-0.0796804503,-0.234020099,0.125022307,0.676901579,-0.0128993047,-0.255172729,0.170536011,0.555528164,0.0581138693,-0.2366606,0.0334169529,0.784569383,-0.0668575391,-0.267504036,0.17960526,0.502773464,0.131759435,-0.253850728,-0.016448481,0.731493413,-0.0792504624,-0.283766806,0.187099501,0.483692229,0.150543511,-0.31214878,-0.00660320139,0.707171917,-0.0195263103,-0.251496553,0.177214205,0.38810274,0.0741059706,-0.261707425,0.0299100094,0.603388846,0.0926198512,0.00249004038,0.0210385825,0.999955535,-0.0907115936,-0.00641082739,-0.0187004041,0.999954462,0.0785379186,0.429790467,-0.0868464187,0.55859077,-0.07532686,0.352512896,-0.0993322209,0.477328897,0.0676970556,0.774977267,-0.0224654637,0.412084,-0.0755248293,0.734309793,-0.00533548,0.399274081,0.0452043898,0.809043229,-0.0124497525,0.14155145,-0.0731007755,0.769442737,-0.0401986651,0.135010138,0.0591429956,0.815827608,-0.0658207163,0.409609646,-0.0999882892,0.761568129,-0.125441313,0.379035532
6700.000000000033,-0.0132910386,-0.562006533,-0.00450283475,0.999480903,-0.00306897284,-0.580463707,0.00732788211,0.999097645,0.000193067652,-0.582494438,0.0186237413,0.998793602,-0.000912074815,-0.58161658,0.0135341529,0.999299765,-0.0215542857,-0.59086436,0.000383301143,0.999494135,-0.0203892533,-0.587721229,-0.0110023534,0.999515414,-0.0171765015,-0.577608228,0.00691991486,0.999723554,0.0629345775,-0.575434625,0.102381445,0.998998165,-0.0728636,-0.527792633,0.115739286,0.99867636,0.0247293822,-0.555992663,0.0400673561,0.998742402,-0.0144068487,-0.516853034,0.0169050936,0.998672128,0.14662993,-0.419774354,0.17713429,0.999935806,-0.117081888,-0.476507127,0.231143311,0.99991256,0.13852571,-0.276791304,0.1439289,0.589186251,-0.0795467868,-0.23540011,0.122437768,0.681396186,-0.0130595881,-0.255114287,0.169644311,0.557474,0.0584640615,-0.23687984,0.0318385512,0.788217306,-0.0671107844,-0.267421156,0.179043517,0.502597928,0.13213782,-0.254062414,-0.0178786423,0.734494448,-0.0794936344,-0.28351149,0.186467886,0.483094633,0.151134551,-0.312231421,-0.00779284257,0.710152328,-0.0196884368,-0.251359463,0.176541552,0.387867719,0.0745801479,-0.2619223,0.0283870306,0.606916606,0.0925514102,0.00248498772,0.0209351052,0.999955595,-0.0906378701,-0.0064052362,-0.0185892228,0.9999547,0.0784714594,0.429853052,-0.0867669061,0.564709485,-0.0758004114,0.352415651,-0.0990118608,0.480863214,0.06771449,0.775187612,-0.0213873293,0.415347457,-0.0760675743,0.734586954,-0.00433524139,0.403674126,0.0452346578,0.809264123,-0.011248312,0.14225921,-0.0737463385,0.769796729,-0.0391035527,0.136552572,0.0590856932,0.816182315,-0.064733021,0.412723482,-0.10134761,0.761934698,-0.124465615,0.383350104
6716.6666666667,-0.0141995065,-0.562031329,-0.00515469071,0.999494195,-0.00364360679,-0.580473363,0.00669714715,0.999124289,-0.000365622254,-0.582502246,0.0179733299,0.998827755,-0.00149924378,-0.581620574,0.0128740128,0.999319434,-0.0222330783,-0.590904117,-0.000281705463,0.999509096,-0.0210771505,-0.587758183,-0.011696104,0.999529421,-0.0178583451,-0.577649057,0.00623428728,0.999731481,0.0627292693,-0.575440407,0.101861827,0.999026418,-0.0734041259,-0.528536379,0.115041599,0.998711944,0.023766173,-0.556024253,0.0394625366,0.998769403,-0.0154356398,-0.516965,0.0162289273,0.998701751,0.14619185,-0.419870943,0.176817864,0.999935627,-0.117551714,-0.477672726,0.230155632,0.999913037,0.138528779,-0.27684176,0.142786935,0.595395744,-0.0795427337,-0.236776739,0.120804906,0.6846205,-0.0132243754,-0.255077511,0.165449083,0.561911702,0.0586832836,-0.236977786,0.0290847346,0.790823579,-0.0673318729,-0.26729992,0.173972473,0.505425811,0.132382482,-0.254224509,-0.0211642049,0.736693,-0.0798856467,-0.283427417,0.181522146,0.485654712,0.151665479,-0.312395543,-0.01095491,0.712363124,-0.0199137665,-0.251309216,0.172117755,0.390389532,0.0749167204,-0.26208064,0.0256149489,0.609395385,0.0924928039,0.00247535692,0.0208941381,0.999955416,-0.0905774385,-0.00639469689,-0.0185394902,0.999954522,0.078252539,0.429711968,-0.0867038,0.56875509,-0.0761672,0.352290541,-0.0990050286,0.482808679,0.0676710233,0.775166094,-0.0213848539,0.417734504,-0.0765447915,0.73459357,-0.00434184587,0.40592283,0.0452101827,0.809253216,-0.0112743787,0.14309,-0.0742686465,0.769804239,-0.0391166247,0.137349755,0.0590798371,0.816000044,-0.0650301203,0.415050924,-0.101900153,0.761877358,-0.124658898,0.385480434
6733.333333333367,-0.0147872362,-0.562055647,-0.00657654786,0.999502122,-0.00408184947,-0.580491424,0.0052827443,0.999142051,-0.000807801494,-0.582520127,0.0165568758,0.998849511,-0.00195464236,-0.581637,0.0114877168,0.999331772,-0.0228240341,-0.590959191,-0.00161906506,0.999519348,-0.0216777362,-0.587815,-0.0130550889,0.999538839,-0.0184489619,-0.577695727,0.00487634353,0.999736965,0.0626444221,-0.575494409,0.100738019,0.999042809,-0.0739570186,-0.529045,0.11403811,0.998735845,0.0232710559,-0.55604881,0.0381805487,0.998779833,-0.0160245802,-0.517085731,0.0150007475,0.998714864,0.146067306,-0.420186073,0.175796315,0.999934912,-0.117696069,-0.478454947,0.229028955,0.999912798,0.138405114,-0.277063787,0.140900075,0.59703505,-0.0791439414,-0.23753266,0.118947148,0.684807122,-0.0138225192,-0.25504905,0.162369356,0.56060034,0.0589342676,-0.237089306,0.0264952313,0.79114157,-0.0680074,-0.267209619,0.170787767,0.502922595,0.132511973,-0.254343867,-0.0239575617,0.736373544,-0.0806542262,-0.283229291,0.17842035,0.482941687,0.151818871,-0.31252259,-0.0136535177,0.711947083,-0.0205439683,-0.251226932,0.168988749,0.388113,0.0751622245,-0.262222111,0.0229968708,0.608846605,0.092459172,0.00247421279,0.0208312795,0.999955058,-0.0905430391,-0.00639336742,-0.0184695628,0.999954283,0.0781333148,0.429649055,-0.0866394937,0.569218159,-0.0763705596,0.352174222,-0.098626025,0.481267154,0.0676699,0.775176823,-0.0206602328,0.417204499,-0.0770202,0.734587729,-0.00277428,0.405057639,0.0452175215,0.809264839,-0.0105277542,0.14253132,-0.0747722089,0.76979661,-0.0374042429,0.136560336,0.0590275154,0.815993,-0.0646773651,0.414967805,-0.102012075,0.761872411,-0.123464942,0.385036379
6750.000000000034,-0.0149805853,-0.562087238,-0.006655565,0.999507606,-0.00420624251,-0.580521286,0.00528745493,0.999154747,-0.000942580402,-0.582545221,0.0165383983,0.998865783,-0.00208787667,-0.581660926,0.0114786774,0.999340296,-0.0230383929,-0.591033041,-0.00162723148,0.99952656,-0.0218933113,-0.587896287,-0.0130881984,0.999545753,-0.0186586119,-0.577770114,0.00484352233,0.99974072,0.0626307353,-0.575558,0.100824907,0.999053776,-0.0741586313,-0.529450417,0.114064552,0.998752236,0.0231252536,-0.556088686,0.0381387584,0.998781443,-0.0162295382,-0.517225206,0.0149483951,0.998718202,0.146050647,-0.42055285,0.175800502,0.999934077,-0.117769502,-0.478934765,0.228545785,0.999912,0.138307437,-0.27742669,0.139679179,0.598079145,-0.0788643584,-0.237823218,0.11771138,0.684214234,-0.0145977587,-0.254937708,0.158071488,0.559327126,0.0593885779,-0.237180054,0.02465594,0.790062785,-0.0689348802,-0.266814917,0.1656252,0.500941038,0.132887557,-0.254428595,-0.0260642283,0.734612346,-0.0817932114,-0.282767594,0.173457339,0.480855256,0.152270854,-0.312610269,-0.0156594198,0.710035205,-0.021448018,-0.25101912,0.164511234,0.386372745,0.0756349936,-0.26232487,0.0211876258,0.606612384,0.0924263895,0.00247443933,0.0208189934,0.999954879,-0.0905101895,-0.0063927318,-0.018452663,0.999954104,0.0780665278,0.429364949,-0.0865868554,0.570655644,-0.0767041668,0.352013469,-0.0985863432,0.481285334,0.0676695257,0.775061369,-0.020605756,0.418513745,-0.0773434192,0.734451413,-0.00253093545,0.4057239,0.0452229828,0.809172213,-0.0104841106,0.142901152,-0.0750781372,0.76963681,-0.037137419,0.136467621,0.0588619187,0.815818369,-0.0649317503,0.41661641,-0.102009535,0.761723757,-0.123477787,0.385962933
6766.666666666701,-0.0150729436,-0.561955,-0.00677537872,0.999508798,-0.00432301033,-0.580395758,0.00518550631,0.999158144,-0.00106514641,-0.582406044,0.0164139345,0.998869836,-0.00221584528,-0.581520617,0.0113599366,0.999341607,-0.023190055,-0.590988934,-0.00182870834,0.999528825,-0.0220426545,-0.587859571,-0.0133102145,0.999548197,-0.0188046973,-0.577718735,0.00461151125,0.999742,0.0624647476,-0.575551748,0.100785308,0.999055624,-0.0745012164,-0.529496,0.113561489,0.998758078,0.0229998734,-0.556014597,0.0380744934,0.998777926,-0.0163667146,-0.517256379,0.0147492606,0.998716056,0.145923495,-0.420649469,0.175816268,0.999933422,-0.118099302,-0.479347408,0.227659255,0.999911547,0.138231501,-0.277472943,0.13854818,0.599654436,-0.0789595917,-0.238242835,0.115981273,0.683657527,-0.0158499647,-0.254905313,0.153813988,0.558687806,0.0594029948,-0.237273067,0.0226947162,0.788285255,-0.0706207752,-0.266720116,0.160735071,0.499404818,0.132913068,-0.254260868,-0.0280603915,0.732045591,-0.0837092772,-0.282717794,0.168928742,0.47915712,0.152347952,-0.31224069,-0.0175376497,0.707212508,-0.0228741895,-0.250976592,0.160233498,0.384829462,0.0756635368,-0.262224615,0.0193024576,0.603348851,0.0923982039,0.00247840863,0.0208752695,0.999954462,-0.0904819518,-0.0063948012,-0.0185018163,0.999953687,0.0779825374,0.429285,-0.0865331,0.571512,-0.0770295933,0.351813942,-0.0987014323,0.481371224,0.0676592067,0.775144219,-0.0199332666,0.419431776,-0.0777424723,0.734437,-0.0024623014,0.406474918,0.0452212468,0.809277415,-0.00980451703,0.143139347,-0.0754779279,0.769618213,-0.0370487534,0.136124507,0.0588002689,0.815807402,-0.0648523,0.417853832,-0.101969287,0.761615515,-0.12359415,0.386580706
6783.333333333368,-0.0152810691,-0.561902165,-0.00662364764,0.999514341,-0.00446937094,-0.580331624,0.0053308676,0.999169588,-0.00121504976,-0.582338095,0.0165543165,0.998884559,-0.00236694352,-0.581449747,0.0114986962,0.999349535,-0.023370903,-0.590983868,-0.00171774253,0.99953562,-0.0222238135,-0.587857306,-0.0132006258,0.999554753,-0.0189846791,-0.577709913,0.00472246669,0.999745607,0.062440414,-0.575445294,0.100847118,0.99906683,-0.0746277869,-0.529548287,0.113720618,0.998774886,0.0228146594,-0.555959582,0.0382033139,0.998787642,-0.0165733378,-0.517278969,0.0148516633,0.998728871,0.145847455,-0.420687228,0.17588973,0.999933243,-0.118214242,-0.479413062,0.227675036,0.999912,0.13789086,-0.277499765,0.138574645,0.601130307,-0.0793790817,-0.23828125,0.116039045,0.683731437,-0.0165434405,-0.254195333,0.153687745,0.558079,0.0590205304,-0.236764044,0.0226386562,0.788022,-0.0713708699,-0.265399188,0.160520568,0.498235017,0.132534653,-0.253073454,-0.0281642694,0.731475949,-0.0844908506,-0.28129831,0.168665171,0.477863133,0.152238563,-0.310737461,-0.0176924355,0.70659554,-0.0236155465,-0.250089735,0.160081983,0.383804977,0.0754158199,-0.261402,0.0192219522,0.602695227,0.0923737884,0.00247695763,0.0208584033,0.999954522,-0.0904574171,-0.00639284775,-0.0184814855,0.999953866,0.0780304223,0.429329157,-0.0865356773,0.573785365,-0.0771103948,0.351800323,-0.098768,0.483148217,0.0678146109,0.775148,-0.0195383281,0.420488477,-0.0779699832,0.734494686,-0.00247906195,0.409056365,0.0454055443,0.809278131,-0.00936827529,0.143349886,-0.0757168084,0.769671261,-0.0370666385,0.136853352,0.0588895865,0.815797448,-0.0646382347,0.418712407,-0.102022462,0.761683,-0.12385539,0.388798
6800.000000000035,-0.0150430528,-0.561864,-0.00655729277,0.999513924,-0.00434944779,-0.580282331,0.00541386334,0.999172568,-0.00110143842,-0.582289457,0.0166363381,0.998887777,-0.00224801432,-0.581397295,0.0115774982,0.999352455,-0.0232337303,-0.590955138,-0.00163284421,0.999536395,-0.0220782962,-0.587834716,-0.0131159332,0.999554515,-0.01883642,-0.577672422,0.00481046084,0.999745548,0.062461514,-0.575458825,0.100931399,0.999070585,-0.0745593309,-0.529586613,0.113788851,0.998771489,0.0230110362,-0.555958748,0.038285248,0.998788953,-0.0163162202,-0.517302394,0.014912,0.998726726,0.145936415,-0.420733422,0.176000908,0.999933481,-0.118142121,-0.479458213,0.227628976,0.999911249,0.138048768,-0.27743727,0.138673395,0.601825178,-0.0789569393,-0.238203809,0.115870707,0.680636764,-0.0160553772,-0.254093409,0.153519958,0.558686256,0.0593710542,-0.236493766,0.0223758817,0.783391953,-0.0707347915,-0.265331298,0.160218284,0.498190105,0.132859066,-0.252719373,-0.0283432119,0.725888491,-0.0838397071,-0.281246901,0.168336749,0.477737188,0.152387813,-0.310215,-0.0179316569,0.700656593,-0.0230819043,-0.249996841,0.159858122,0.383597821,0.0756853744,-0.260968983,0.0189428,0.596257806,0.0923468098,0.00247787498,0.0208627731,0.999954522,-0.0904271305,-0.00639242772,-0.018484138,0.999953628,0.0779637396,0.429339737,-0.0863636136,0.573841035,-0.0771324262,0.351810187,-0.0985536799,0.481182694,0.0677831247,0.775234938,-0.0194448419,0.420248061,-0.0783524215,0.734427571,-0.000793580606,0.407203346,0.045385316,0.80937016,-0.00928165112,0.142730862,-0.0761351436,0.769591272,-0.0351863354,0.135560244,0.0589038245,0.815982,-0.064579919,0.418447763,-0.102027796,0.761681736,-0.121678114,0.387044907
6816.6666666667015,-0.0146659911,-0.561869264,-0.00563199958,0.999517083,-0.00411698828,-0.580281615,0.00640612748,0.999181271,-0.000876279373,-0.582289636,0.0175775588,0.998900652,-0.00201324606,-0.581397355,0.0125171747,0.999360502,-0.0229656305,-0.590958416,-0.000763767166,0.999539673,-0.021788884,-0.587842643,-0.0122799752,0.99955672,-0.0185440946,-0.577672362,0.00563621055,0.999746501,0.0625540838,-0.575502813,0.101656303,0.99908179,-0.0743013248,-0.529600143,0.114263095,0.998775482,0.023341408,-0.555971563,0.0391474664,0.998800457,-0.0158945043,-0.517331064,0.0156704262,0.998734772,0.146111473,-0.420780808,0.176355571,0.999934196,-0.118099898,-0.479512215,0.227694109,0.999910772,0.13799876,-0.277691692,0.138247445,0.603337169,-0.0793955401,-0.238146603,0.115887381,0.676690161,-0.0153613538,-0.254853606,0.148557395,0.561763346,0.0593487658,-0.236273944,0.02235776,0.777188122,-0.0694630146,-0.266198397,0.153727576,0.500926077,0.132874787,-0.252310246,-0.0283467416,0.719041765,-0.0823688656,-0.282260567,0.161907494,0.480466425,0.15240635,-0.309954643,-0.0179721657,0.693451226,-0.0222201981,-0.250781626,0.154428706,0.386071563,0.0756837726,-0.260714918,0.0189158861,0.588591039,0.0923261717,0.0024785283,0.0208921675,0.99995476,-0.0904053,-0.00639175531,-0.0185162909,0.999953568,0.077940762,0.429350734,-0.0862288922,0.574969411,-0.0770438462,0.351929575,-0.098531343,0.481801331,0.0679932684,0.775436461,-0.0193927698,0.42134738,-0.0784177631,0.734504819,-0.000160313095,0.40736863,0.0456669442,0.809579551,-0.00923907291,0.142582744,-0.0762000382,0.769651353,-0.0344621241,0.134859651,0.0592481084,0.816205382,-0.0645575076,0.419880718,-0.101772673,0.761944294,-0.120820127,0.387333393
6833.3333333333685,-0.0145289404,-0.561991,-0.00550048146,0.999522865,-0.00404392788,-0.580412745,0.00650186371,0.999194384,-0.000812162703,-0.582427502,0.0176679231,0.998917639,-0.00194489409,-0.581538439,0.0126119964,0.999370694,-0.0228888094,-0.591044962,-0.000636307581,0.999546707,-0.0217061713,-0.587934256,-0.0121442629,0.99956274,-0.0184538029,-0.577741683,0.00576192699,0.999750197,0.062678434,-0.575803816,0.101748988,0.999093652,-0.0740606114,-0.529605,0.11433246,0.998791158,0.0235403311,-0.556143939,0.0392411202,0.998819113,-0.0156284571,-0.51740396,0.0157991052,0.998754859,0.14629741,-0.420856029,0.176404744,0.999934793,-0.117671162,-0.479560316,0.227710634,0.999912083,0.137055054,-0.278261155,0.138271868,0.604063869,-0.0802514926,-0.23857455,0.115891241,0.677137136,-0.015315447,-0.255895525,0.14860183,0.563487172,0.0585338734,-0.2363756,0.0211881232,0.778412104,-0.0692100227,-0.267293274,0.15376842,0.50223875,0.132087752,-0.252355427,-0.0297681242,0.72046864,-0.0816971287,-0.283213854,0.161923453,0.481714427,0.152106091,-0.309998,-0.0195974931,0.695015252,-0.0220403019,-0.251760095,0.154456362,0.3872177,0.0751299709,-0.260783017,0.0176340733,0.590332031,0.0923074931,0.00247960794,0.0209166091,0.999954641,-0.0903857052,-0.00639559515,-0.0185429119,0.999953568,0.0779261,0.429677486,-0.0859160498,0.57406,-0.0771813691,0.352006972,-0.0985367075,0.482177317,0.0680002719,0.776254714,-0.0185178556,0.420873433,-0.0797891617,0.734790146,2.97921833e-005,0.408398449,0.0456742458,0.810361087,-0.00832713,0.141798452,-0.0776607916,0.769930601,-0.0342491716,0.134541869,0.0592072904,0.817171812,-0.063532345,0.42039156,-0.101922184,0.762832522,-0.12069726,0.388991237
6850.0000000000355,-0.0143244015,-0.562074363,-0.00174450513,0.99954,-0.00393339619,-0.58051306,0.0103747863,0.999227762,-0.000701877114,-0.582536101,0.0215343554,0.998962641,-0.00182215462,-0.581648231,0.0164404474,0.999397874,-0.0227226764,-0.591092348,0.00331956684,0.999564052,-0.0215254687,-0.587976456,-0.00813252851,0.999578178,-0.0182716474,-0.57777983,0.00973842107,0.99975884,0.0629086569,-0.575906634,0.104414456,0.999131918,-0.0734977201,-0.529325426,0.117815211,0.998827934,0.0238197464,-0.556241155,0.0424761139,0.998864353,-0.015260932,-0.517429769,0.0192607045,0.998797953,0.146385059,-0.420888245,0.17723012,0.999936819,-0.116587222,-0.47901082,0.230254486,0.999913692,0.136412904,-0.279628783,0.140790805,0.609682143,-0.0804299191,-0.238441899,0.117801897,0.674084246,-0.0146519402,-0.259180903,0.155804455,0.569869041,0.057909593,-0.2359965,0.0216304809,0.774862051,-0.0678353086,-0.271198571,0.161512643,0.507280231,0.131461859,-0.251742721,-0.0292043667,0.716868639,-0.0794932246,-0.286652893,0.169435337,0.486543894,0.151546225,-0.309205234,-0.0191544238,0.691223085,-0.0209126808,-0.255013257,0.161441907,0.391944349,0.0745803639,-0.260352612,0.0180147495,0.586925,0.0922378823,0.00246482389,0.0208827276,0.999955118,-0.0903067216,-0.0063876342,-0.0185183119,0.999954,0.0778798312,0.430121809,-0.0859426856,0.576391101,-0.0773462355,0.352128536,-0.0987868309,0.484594584,0.067949295,0.776482582,-0.0201271549,0.420167953,-0.0801544487,0.735024,-0.00339850434,0.409942269,0.0456378199,0.810527682,-0.0102044791,0.141426876,-0.0779732093,0.770155251,-0.0382729918,0.135264695,0.0592780337,0.817411423,-0.0643648803,0.420243144,-0.101925202,0.763362885,-0.123766676,0.391195655
6866.666666666702,-0.0138136866,-0.562377214,0.00305724121,0.999563456,-0.00352402939,-0.580877721,0.0154218,0.99927038,-0.000297418766,-0.582913041,0.0265960693,0.99902004,-0.00139047904,-0.582041264,0.0214549713,0.999431968,-0.0222839,-0.591357231,0.00852584839,0.999586821,-0.0210626088,-0.588224113,-0.0028987492,0.99959892,-0.0178200826,-0.578023672,0.0149482777,0.999770463,0.0636417046,-0.576283276,0.108453028,0.999179959,-0.0725916401,-0.529271364,0.123081811,0.998877525,0.024466306,-0.556562185,0.0468257628,0.998917758,-0.014599327,-0.517526209,0.0239900928,0.998849034,0.146538079,-0.420919031,0.178073704,0.999939144,-0.114881821,-0.478873551,0.234701186,0.999915183,0.136098415,-0.281071693,0.143119708,0.617236614,-0.0804982409,-0.238924086,0.12146809,0.66973418,-0.0143678105,-0.260724187,0.166212484,0.574930608,0.0576298274,-0.236101493,0.0250186324,0.767433345,-0.0673351437,-0.272688061,0.173003435,0.510713041,0.131238401,-0.251774549,-0.0253017247,0.709146142,-0.078632772,-0.287785709,0.180978417,0.4896864,0.151375979,-0.309179068,-0.0154135115,0.683121264,-0.0203887299,-0.2564511,0.17200844,0.395276368,0.0743633509,-0.260403037,0.0213017743,0.579656661,0.0921162218,0.0024252471,0.0206513982,0.999955833,-0.0901756659,-0.00635934854,-0.0183236431,0.999954581,0.0778483152,0.430434167,-0.0859980807,0.580935538,-0.0775399432,0.352131963,-0.098835595,0.488605171,0.0678605586,0.776471674,-0.025064297,0.421371,-0.0800948814,0.735027671,-0.00785593782,0.412541032,0.0455480851,0.810473204,-0.0158759058,0.14215818,-0.077814512,0.770148933,-0.043556802,0.13725166,0.0592509769,0.817149699,-0.0689117908,0.421751648,-0.101272307,0.763408601,-0.127640113,0.394671857
6883.333333333369,-0.0132776732,-0.562458396,0.00493635051,0.999584615,-0.00308904541,-0.580997705,0.0174609013,0.999307811,0.000159748422,-0.583033562,0.0286060199,0.999069631,-0.000929759641,-0.582162678,0.0234529525,0.999461055,-0.0218346529,-0.591428757,0.0105168736,0.999607503,-0.0205978844,-0.588289797,-0.000901082938,0.999618173,-0.0173476059,-0.578088284,0.0169572867,0.999781549,0.064399071,-0.576515079,0.110391848,0.999219418,-0.0719871148,-0.529248476,0.125182092,0.99892652,0.0251295958,-0.556679428,0.0486719683,0.99896127,-0.0139827505,-0.517551243,0.0259075481,0.998893797,0.146855012,-0.421018898,0.180096969,0.999940455,-0.113728449,-0.478863239,0.235657632,0.999917209,0.135998413,-0.282780707,0.145778134,0.619456768,-0.0805245191,-0.23912473,0.122451141,0.671369791,-0.0131646264,-0.263689697,0.169441357,0.576328576,0.0577542633,-0.236464992,0.0272856466,0.767678857,-0.0656746104,-0.27624166,0.176455647,0.510938466,0.131521985,-0.252188444,-0.0225898959,0.708738923,-0.0765070617,-0.290840238,0.184579909,0.489605546,0.151684046,-0.309532106,-0.0124534369,0.682525933,-0.0188711509,-0.259348124,0.175191566,0.39550671,0.0745313689,-0.260761976,0.0237791818,0.579591,0.0920098051,0.0024200012,0.0206496641,0.99995625,-0.0900706276,-0.00635644095,-0.0183285736,0.999955118,0.0778272599,0.430495888,-0.0862378851,0.58182621,-0.077522628,0.3520872,-0.0991583616,0.490066946,0.0677674413,0.776366,-0.0274947509,0.417574733,-0.0797409639,0.734671235,-0.010041181,0.410543293,0.0454535037,0.810308158,-0.0185163151,0.141321555,-0.077365905,0.76974678,-0.045885589,0.137317955,0.0593495183,0.816878557,-0.0703630224,0.418661326,-0.10050603,0.762958348,-0.128781825,0.393606633
6900.000000000036,-0.0127898967,-0.562535167,0.00488313381,0.999596,-0.00263893162,-0.581108809,0.0174037758,0.999328434,0.000630299852,-0.583139718,0.0285446346,0.999096036,-0.000463590695,-0.58227092,0.0233941097,0.999476373,-0.021445632,-0.591499507,0.0104560843,0.999619,-0.0202009622,-0.588363051,-0.00097004,0.999628544,-0.0169457477,-0.578157723,0.0168953165,0.999787688,0.0652885661,-0.576855123,0.11042849,0.999237955,-0.0715495944,-0.529292583,0.125276878,0.998952746,0.0257912502,-0.556805313,0.0486673377,0.998978078,-0.0134436674,-0.517621338,0.0259133447,0.998912275,0.14744924,-0.421174765,0.180337176,0.999940515,-0.112774417,-0.479065388,0.235720247,0.999918163,0.135870367,-0.283111572,0.145683378,0.617850542,-0.0804372057,-0.239959866,0.122595549,0.672364533,-0.012102237,-0.265043914,0.16915755,0.574567378,0.0585777164,-0.237634674,0.0275704898,0.769191742,-0.0641156211,-0.278168142,0.176008984,0.50878787,0.13258858,-0.253434271,-0.0223415717,0.709765375,-0.0744942278,-0.292507976,0.183923945,0.487244725,0.153091639,-0.310707897,-0.0121556465,0.683509886,-0.0175087638,-0.260671973,0.174839512,0.393296421,0.0754978284,-0.261861026,0.0241124239,0.580613673,0.0919385627,0.00242415606,0.0206085518,0.999956071,-0.0899996683,-0.00636348594,-0.0182985,0.999955177,0.0775044858,0.430492759,-0.0862498209,0.579917133,-0.0774682462,0.352028131,-0.0991660506,0.48888889,0.0677120835,0.776320934,-0.0280358661,0.414559126,-0.079442963,0.734278858,-0.00987932365,0.407320857,0.0454187207,0.810244143,-0.0190851893,0.140577525,-0.077029109,0.769303858,-0.0456520915,0.136625931,0.0596191101,0.816548049,-0.0709486827,0.416040599,-0.100311935,0.762413859,-0.128735259,0.391174436
6916.666666666703,-0.0127840014,-0.562551916,0.00482704444,0.999594629,-0.00263307197,-0.581129432,0.0173612181,0.99932605,0.000640683633,-0.583159864,0.0284920987,0.999091387,-0.000453669374,-0.582286894,0.0233456548,0.999473572,-0.0214468762,-0.591516554,0.0104520107,0.999618292,-0.0202033538,-0.588382602,-0.000984504819,0.999627531,-0.0169466138,-0.578175724,0.016891323,0.999787509,0.0657174513,-0.576877356,0.110494703,0.999228954,-0.0715126768,-0.529262602,0.125909284,0.998945951,0.0258981958,-0.556826174,0.0486384109,0.998962581,-0.0134138167,-0.517644,0.025949087,0.998899579,0.147893563,-0.42117697,0.180569291,0.999939382,-0.112519585,-0.478963643,0.236510754,0.999918103,0.13569656,-0.282761544,0.145248279,0.613264263,-0.0803303644,-0.239680201,0.124540918,0.673917234,-0.0119054029,-0.26501289,0.166731,0.571334362,0.0588287115,-0.238155663,0.0283658616,0.774020076,-0.0638306737,-0.278367132,0.173210934,0.505755067,0.132869542,-0.254676759,-0.0219610129,0.71468097,-0.0741514787,-0.292780876,0.181708664,0.484051347,0.153460249,-0.312470406,-0.0118697667,0.688766,-0.0172893256,-0.260676205,0.172506958,0.390050948,0.0757629052,-0.262593895,0.0248627178,0.585908,0.0919155404,0.00243255217,0.0204540174,0.999955595,-0.0899760947,-0.00637269299,-0.0181558616,0.999955,0.0771263763,0.430375963,-0.0869216844,0.576850116,-0.0773836896,0.352003455,-0.0992966071,0.487073213,0.0676623732,0.776278079,-0.0286799427,0.412139624,-0.0793950781,0.733841896,-0.00976924226,0.404810965,0.0453985967,0.81020093,-0.0196620859,0.140078232,-0.0769932196,0.768814743,-0.0454831384,0.136117354,0.0612225756,0.816322088,-0.0720977038,0.413005382,-0.100487188,0.761579812,-0.128801242,0.388615906
6933.33333333337,-0.0127372919,-0.562705219,0.00478749583,0.999593854,-0.00255866838,-0.581291497,0.0173045211,0.999324143,0.000723336358,-0.58332479,0.0284342803,0.999087036,-0.000370929454,-0.582441032,0.0232889634,0.99947083,-0.0214209501,-0.59163481,0.0103966529,0.999617755,-0.0201808605,-0.588519275,-0.0010453366,0.999626637,-0.0169224311,-0.578317821,0.0168334208,0.999787271,0.0661634877,-0.577060401,0.110543653,0.999219537,-0.0714958385,-0.529370606,0.126210541,0.99893856,0.0260715708,-0.556946158,0.0486034118,0.99894315,-0.013358294,-0.517775416,0.0259208381,0.998882592,0.148212597,-0.42124334,0.180650741,0.999937952,-0.11234092,-0.479016423,0.236843169,0.999917507,0.135679185,-0.282699734,0.144091189,0.607940555,-0.0797890276,-0.239741489,0.125292674,0.674677551,-0.0111751333,-0.264933139,0.162150815,0.566973507,0.059304893,-0.239669397,0.0285587721,0.778065383,-0.0627900064,-0.278263122,0.167976543,0.501967311,0.133246109,-0.256797582,-0.0219632201,0.718927741,-0.0732046291,-0.292719543,0.176656678,0.48024562,0.153925136,-0.314950466,-0.0119161364,0.693391383,-0.0165583622,-0.260595381,0.16786,0.386348337,0.0762190148,-0.264276773,0.0250093956,0.590481758,0.0918946266,0.00243871799,0.0202685837,0.999954939,-0.0899548456,-0.00637907814,-0.0179782845,0.999954581,0.076969251,0.430168211,-0.0871070325,0.571992218,-0.0771127,0.35180676,-0.0992186144,0.482388288,0.0677131489,0.776135325,-0.0288803764,0.408481479,-0.0791956261,0.733053207,-0.00896487758,0.39990887,0.0455072932,0.81006664,-0.0198231936,0.139163196,-0.0768054575,0.76796478,-0.0445748977,0.134766266,0.0630940348,0.815933108,-0.0726298,0.408942819,-0.100487746,0.760627687,-0.128048882,0.383916318
6950.000000000037,-0.0126772393,-0.56292963,0.00555669842,0.999592721,-0.00247852202,-0.581488252,0.0183595773,0.99932009,0.000802391151,-0.583535433,0.0294558313,0.999078631,-0.000285458402,-0.58263582,0.0242795907,0.999465823,-0.0213852208,-0.591796815,0.0115294429,0.99961704,-0.0201510824,-0.588694692,5.39612229e-005,0.999626,-0.0168881118,-0.578500271,0.0179310609,0.99978739,0.0663062781,-0.577098131,0.112143353,0.999206841,-0.0715004504,-0.529381394,0.127849638,0.998934567,0.0261969883,-0.557084,0.0494554117,0.99892509,-0.0133135458,-0.517912805,0.026881272,0.998869121,0.148409203,-0.421216279,0.182583764,0.999936163,-0.112320945,-0.47901234,0.237089396,0.999917626,0.135717362,-0.282066792,0.144797608,0.60116,-0.0792795867,-0.240591601,0.125460804,0.679613113,-0.0111483457,-0.261767268,0.161896437,0.561099291,0.0597017407,-0.241349965,0.0285282936,0.785692453,-0.0628014356,-0.273887843,0.167708501,0.497179478,0.133427188,-0.258386523,-0.0222807843,0.727333784,-0.0733587071,-0.288285553,0.176325247,0.475580364,0.154533282,-0.316373378,-0.012319956,0.702494204,-0.0165784694,-0.257174939,0.167573601,0.382011741,0.0766732171,-0.265799314,0.0249818135,0.600317717,0.0918783,0.00244027399,0.0202381331,0.999954104,-0.0899408534,-0.00638215384,-0.017945651,0.999954164,0.0769460201,0.430142879,-0.0873617902,0.565369844,-0.0768000782,0.351789862,-0.0992909521,0.475847393,0.067814745,0.77602303,-0.0295811296,0.402936131,-0.0787703395,0.732823491,-0.00889246073,0.393363923,0.0456612743,0.809955776,-0.020562904,0.137619123,-0.0763954595,0.767731428,-0.0444765426,0.132929012,0.0650555268,0.81542033,-0.0740799084,0.403119773,-0.100448281,0.760102093,-0.128036052,0.377729833
6966.666666666704,-0.0126677332,-0.563392222,0.00513438229,0.999593556,-0.00244100392,-0.581888616,0.0180232096,0.999319255,0.000837777043,-0.583947539,0.0291233733,0.999072671,-0.000252726953,-0.583018124,0.0239485297,0.999461591,-0.0213770941,-0.592209399,0.0113131627,0.999619246,-0.0201447476,-0.589126706,-0.000169465056,0.999628425,-0.0168787353,-0.578921139,0.0177159067,0.999789774,0.0665325746,-0.577225387,0.111898862,0.999194622,-0.0714908317,-0.529593766,0.127783984,0.998944759,0.0262532886,-0.55739373,0.0490727685,0.9989115,-0.0132942125,-0.518299162,0.02663064,0.99886626,0.148768336,-0.42112121,0.182535693,0.999933481,-0.112158313,-0.479193687,0.236611322,0.999918878,0.135470375,-0.281353503,0.144492596,0.595594645,-0.0784330666,-0.242434233,0.124960564,0.689055443,-0.0127689326,-0.260675251,0.161730319,0.555111945,0.0603657141,-0.243472859,0.027579166,0.797153592,-0.0653591678,-0.272563219,0.167494044,0.491593838,0.133720502,-0.260454834,-0.0239529368,0.740139067,-0.0763718411,-0.286859,0.17606993,0.46996668,0.155537307,-0.317903817,-0.0138605852,0.716313422,-0.0186286476,-0.255982637,0.167384028,0.376831681,0.0774747282,-0.267597705,0.0240495354,0.616131604,0.0918618441,0.00247288565,0.0201766696,0.999953032,-0.0899245813,-0.00642213738,-0.0178856533,0.999953866,0.0770125,0.430135339,-0.087497741,0.557806611,-0.0763050094,0.351803064,-0.0992673635,0.468397945,0.0681960508,0.776028931,-0.0295035541,0.396475136,-0.0786114708,0.73277837,-0.00636906922,0.385606647,0.0461012647,0.809966207,-0.0204713233,0.135473952,-0.0762947127,0.767692745,-0.0415021107,0.130436569,0.0665492713,0.815412879,-0.0740305111,0.39697355,-0.100569881,0.760066867,-0.125654638,0.370906085
6983.333333333371,-0.0120681804,-0.565347254,0.00511425314,0.999579728,-0.00172022474,-0.583687305,0.0180590041,0.999289,0.00154354447,-0.585761786,0.0291289482,0.999029815,0.000431224733,-0.584850252,0.0239454042,0.999433339,-0.0208831299,-0.593957663,0.0113120591,0.999604285,-0.0196458697,-0.591033876,-0.00020042494,0.999615252,-0.0163380336,-0.580743194,0.0176968873,0.999782383,0.066922456,-0.578896344,0.11198169,0.999145508,-0.0712628141,-0.531666756,0.1277439,0.998914361,0.0269301515,-0.55927223,0.0490824059,0.998845398,-0.0127140982,-0.520583928,0.0266172234,0.998808324,0.150023639,-0.422830224,0.182754889,0.999929368,-0.112138733,-0.481605858,0.233405545,0.999918163,0.136106163,-0.281580091,0.133487657,0.582045376,-0.0778772533,-0.245460883,0.11883717,0.696722865,-0.00895851664,-0.257361978,0.125307009,0.544335425,0.0645586,-0.249138936,0.0211898424,0.80641371,-0.0601347,-0.266159177,0.127221167,0.484582096,0.138368592,-0.265270263,-0.0319469795,0.75080508,-0.0727302432,-0.28054145,0.134469822,0.463592678,0.162058666,-0.324196756,-0.0222977679,0.727913618,-0.0154361064,-0.25194639,0.129620939,0.37108466,0.0821718,-0.273418903,0.0174725074,0.628632188,0.091991663,0.00253396784,0.0202922486,0.999951959,-0.0900763944,-0.00647846702,-0.0179900322,0.99995333,0.0777491257,0.429673851,-0.0875525177,0.547764778,-0.0759601817,0.351256281,-0.0994983613,0.460061312,0.0695422515,0.775624096,-0.0296825897,0.391642094,-0.0782964304,0.731549382,-0.0049708588,0.376885504,0.0477273203,0.809617102,-0.0206384044,0.134301066,-0.0759451613,0.766355813,-0.039731,0.127392337,0.0709573776,0.8146137,-0.0746364519,0.392606258,-0.100367911,0.759011507,-0.124043599,0.362639308
7000.000000000038,-0.0116516612,-0.566297352,0.00641142,0.999576569,-0.00135017291,-0.584577322,0.0199229252,0.999279201,0.00188753754,-0.586671293,0.030910844,0.999011457,0.000772767758,-0.5857476,0.0256449934,0.999419451,-0.0206601322,-0.594719589,0.0128614195,0.999602616,-0.0194178261,-0.5918383,0.00124925794,0.999614716,-0.0160848312,-0.581533,0.019191958,0.999783,0.0669999942,-0.579312384,0.11443115,0.999116659,-0.0712673366,-0.531805038,0.128935799,0.998923481,0.0272869989,-0.559994459,0.0505330488,0.998807,-0.0124473404,-0.521261275,0.0277615152,0.998787,0.150111035,-0.42286709,0.18637453,0.999923825,-0.112141386,-0.481618255,0.231820494,0.999919,0.134907126,-0.282163888,0.13386178,0.566611826,-0.0779453889,-0.247343078,0.112815626,0.708972812,-0.00930229761,-0.257056981,0.129073992,0.530782104,0.066689387,-0.254124671,0.0167056192,0.818375647,-0.0603761487,-0.265439659,0.132101119,0.473764777,0.140896663,-0.270645261,-0.0367170312,0.764467716,-0.0731492639,-0.279164612,0.139531121,0.453084797,0.166251421,-0.329505593,-0.0260382853,0.742602706,-0.0159322377,-0.251320928,0.133628741,0.362087071,0.0847888961,-0.278300226,0.0135822287,0.645807862,0.0920545384,0.00256248564,0.0208228175,0.999950409,-0.0901685655,-0.00651481887,-0.0185060073,0.999952853,0.0782977268,0.429281145,-0.0877849,0.536257267,-0.0759544671,0.351050138,-0.101395063,0.451675206,0.0698389709,0.774791241,-0.0318831615,0.383890033,-0.0782858729,0.73066479,-0.00585131533,0.367577642,0.0479757898,0.808779,-0.023067316,0.132154569,-0.0759386048,0.765416384,-0.0405691,0.124298595,0.0714414567,0.813766956,-0.0776665732,0.385751545,-0.100308917,0.75814265,-0.125141561,0.354242682
7016.666666666705,-0.0114254365,-0.56650722,0.0102268979,0.999569535,-0.00110379222,-0.584741354,0.0249835905,0.999262452,0.00210742303,-0.58684057,0.0357420184,0.998984635,0.000992398825,-0.585926592,0.0303755794,0.999397039,-0.0205913819,-0.59481591,0.0171596035,0.999597788,-0.0193362068,-0.591981292,0.00524796033,0.999612,-0.0159883182,-0.581667542,0.0233112797,0.999781311,0.0669560432,-0.579332829,0.121364288,0.999077737,-0.0717339292,-0.531803727,0.132795051,0.998932,0.0273621,-0.560102463,0.0548214,0.998754501,-0.0124320053,-0.521446168,0.0311858635,0.998753846,0.150114864,-0.422743857,0.191738069,0.999917,-0.112862691,-0.481614172,0.230607465,0.999919474,0.134101242,-0.281992018,0.126279235,0.545266211,-0.0776845142,-0.247856185,0.104071453,0.719094574,-0.00899126474,-0.253322959,0.0991238058,0.513652682,0.0699071437,-0.257608801,0.00536596589,0.830089629,-0.0593391284,-0.260005742,0.0989793614,0.461234,0.143842399,-0.274252445,-0.0490024425,0.778550625,-0.0725886747,-0.272797108,0.106764346,0.441090137,0.170468956,-0.333818436,-0.0380669087,0.75781846,-0.0157748237,-0.246666297,0.102947243,0.351804763,0.0881182104,-0.281813025,0.00253806962,0.663504303,0.0923107117,0.00265984493,0.0214655455,0.999949396,-0.0904589221,-0.00663072895,-0.0191293675,0.999952793,0.0785863325,0.428889722,-0.0882135779,0.526057899,-0.0759463832,0.351009399,-0.104367,0.447303951,0.0702251121,0.7741732,-0.0338248909,0.380634,-0.0783129185,0.729647458,-0.00748610357,0.361953706,0.0484078676,0.80823344,-0.0251493696,0.131882757,-0.0759775937,0.764122963,-0.0421136469,0.122192204,0.0728221908,0.812584698,-0.0809367076,0.383741736,-0.100241847,0.757548749,-0.127736136,0.349291772
7033.333333333372,-0.01083735,-0.567040861,0.0148398988,0.999571562,-0.00070400507,-0.585176528,0.0300651882,0.999263763,0.00246566022,-0.587282121,0.0406722575,0.998985112,0.00134106597,-0.586386859,0.0353312641,0.999392688,-0.0202690642,-0.595132887,0.0215807687,0.999600828,-0.018981548,-0.592357516,0.00949653145,0.999616206,-0.0155859031,-0.582016289,0.0276464652,0.999783397,0.0668255687,-0.579573691,0.125912845,0.999069691,-0.0717701614,-0.53186667,0.135157317,0.998955131,0.0276412778,-0.560493171,0.0593391061,0.998739898,-0.0121259578,-0.521899462,0.0348713771,0.998748,0.150167897,-0.422728896,0.195747092,0.999913,-0.112939864,-0.48183921,0.228730187,0.999920368,0.133712009,-0.282252431,0.123627916,0.531680644,-0.0755814165,-0.249555022,0.0960997045,0.72779125,-0.00887355395,-0.256727129,0.0936587825,0.504909873,0.0741228089,-0.264177591,-0.000948656641,0.839896381,-0.0590309426,-0.26438424,0.0939503089,0.45532617,0.147451013,-0.281500876,-0.0543886498,0.79006362,-0.0722955,-0.277425796,0.102341302,0.435375,0.173815683,-0.341400594,-0.0427940451,0.770121634,-0.0157009624,-0.250273317,0.0976670086,0.346844554,0.0919053,-0.288430423,-0.00316568976,0.677709222,0.0924488679,0.0027616187,0.0226166304,0.999949,-0.0906239748,-0.00675192475,-0.0202901866,0.999952912,0.079416059,0.427313268,-0.0884927213,0.518674374,-0.075845696,0.350725532,-0.106960759,0.44467321,0.0709583163,0.772342801,-0.0361149199,0.377541363,-0.0779738799,0.727845073,-0.00955614,0.3563,0.0491215847,0.806429744,-0.0275752265,0.131799951,-0.0756201372,0.762056947,-0.0441185348,0.120320559,0.0736194625,0.810927033,-0.0831579193,0.382233262,-0.0990794674,0.756363213,-0.129186586,0.344498128
7050.000000000039,-0.0106075108,-0.568844497,0.0146770971,0.999575675,-0.000549941848,-0.586785734,0.0297573041,0.999269485,0.00261007203,-0.588903248,0.0403683931,0.998992085,0.0014543524,-0.588011384,0.0350680798,0.999392092,-0.0201247539,-0.596608341,0.0212871395,0.999606371,-0.0188243575,-0.593932569,0.00921831839,0.999622881,-0.0153878815,-0.583511949,0.0273728892,0.999787211,0.0665718913,-0.580730617,0.125384495,0.999068081,-0.0718106255,-0.532844722,0.134998187,0.998986363,0.0277083106,-0.561964691,0.0591597334,0.998740852,-0.0120011754,-0.523612142,0.034679573,0.998760164,0.150176585,-0.422800869,0.195365682,0.999909043,-0.113181718,-0.483046204,0.224754333,0.999922037,0.131355286,-0.28271535,0.114939146,0.52559787,-0.0750055,-0.251632333,0.0905456394,0.739095628,-0.00897283759,-0.270178795,0.0795100853,0.504132271,0.0757959783,-0.271815568,-0.0049556978,0.850846589,-0.0590524301,-0.283119202,0.0796810687,0.455865562,0.148987249,-0.290656328,-0.0574264377,0.803129315,-0.071975477,-0.297039419,0.0888402611,0.435759544,0.174969286,-0.350942284,-0.04533384,0.784163773,-0.0157227889,-0.264895052,0.0837418512,0.347095788,0.0934033543,-0.296473593,-0.00673862593,0.694816649,0.0925326422,0.00285412371,0.0233959071,0.999948621,-0.0907243639,-0.00686121779,-0.021107085,0.99995327,0.0806859136,0.425402015,-0.0885118395,0.51593709,-0.0757387877,0.350593418,-0.107565403,0.446763724,0.0716344565,0.77035588,-0.0352096409,0.376524895,-0.077815339,0.727143228,-0.00942567829,0.353927881,0.0497628078,0.804335713,-0.0262556821,0.132338062,-0.0754924864,0.761220574,-0.0438074544,0.119460657,0.0742235333,0.809351325,-0.0799985602,0.382786453,-0.0988341346,0.755960405,-0.1280974,0.342600971
7066.666666666706,-0.0105507541,-0.570065618,0.0157145634,0.999586463,-0.000532645558,-0.587921798,0.0307466742,0.999285519,0.00262656505,-0.590015471,0.0412446149,0.999013782,0.00146910478,-0.589183748,0.0360567421,0.999400616,-0.0201089233,-0.597495317,0.0221104436,0.999616921,-0.0188084599,-0.594899654,0.00996622723,0.999634206,-0.0153644588,-0.584454238,0.0281824283,0.99979341,0.0662803873,-0.581888318,0.125749305,0.999079168,-0.0718446,-0.533428371,0.13509272,0.999026179,0.0277309,-0.562982738,0.0600887798,0.998761356,-0.0119486134,-0.524697721,0.0353905112,0.998788297,0.150382817,-0.423216611,0.195613712,0.999906898,-0.113283783,-0.483915061,0.222870514,0.999924123,0.130798697,-0.285102099,0.107165754,0.52334255,-0.0745495632,-0.252932698,0.085209772,0.74933213,-0.00877522677,-0.282333702,0.0626659,0.508192658,0.0777598917,-0.276424974,-0.0137585551,0.860932589,-0.0583420023,-0.297782093,0.0612464957,0.460721225,0.150989339,-0.296104461,-0.0667997077,0.815243,-0.070802182,-0.312186688,0.0714010075,0.440523088,0.17721197,-0.357412696,-0.0540714264,0.79721,-0.015417153,-0.27766335,0.0670204833,0.351083964,0.0954820961,-0.301416159,-0.0150930742,0.710588336,0.0927205607,0.00288901757,0.024509538,0.999947786,-0.0909548849,-0.00691181561,-0.022248758,0.999953151,0.0810790211,0.422899395,-0.0880241096,0.510461569,-0.0757305846,0.350251883,-0.108972616,0.447235018,0.0717271492,0.768867433,-0.0347317159,0.373860627,-0.0778203905,0.726117671,-0.00969219115,0.348926038,0.049836237,0.802883267,-0.0256919321,0.132476404,-0.07549382,0.759958625,-0.0439698175,0.117580622,0.0741522312,0.806053877,-0.0798171535,0.382480264,-0.0980930775,0.753942192,-0.128560588,0.338743389
7083.333333333373,-0.0105216131,-0.570996404,0.0156900529,0.999584,-0.000520742615,-0.588716507,0.0305474773,0.99928081,0.00262988871,-0.59079,0.0410543755,0.999010682,0.00146817369,-0.590017796,0.0358805768,0.999394059,-0.0200942494,-0.598160267,0.02193469,0.999614596,-0.0187935438,-0.595634639,0.00978821423,0.999633253,-0.0153464237,-0.585167587,0.0280097816,0.999791622,0.0655520558,-0.582921863,0.125455335,0.999077678,-0.071859248,-0.534169734,0.134692132,0.999039471,0.027729148,-0.563945353,0.0599937737,0.998764515,-0.0119168218,-0.525819182,0.035281688,0.998790622,0.150610864,-0.424153775,0.194410682,0.999906182,-0.113579817,-0.485287726,0.220667958,0.999923825,0.130883291,-0.286478817,0.0942030475,0.528136909,-0.0720797256,-0.254317552,0.0795150772,0.754259646,-0.00860901084,-0.282675,0.0429479145,0.518624544,0.0810766742,-0.278758407,-0.023784481,0.867862463,-0.0580383912,-0.297069222,0.0401755683,0.471692502,0.154028863,-0.298071444,-0.0772695,0.823540866,-0.0705316365,-0.311894059,0.0503170043,0.451632082,0.179526657,-0.359668344,-0.0649574,0.806033731,-0.0152616603,-0.277885318,0.0471048951,0.361070663,0.0984279364,-0.303793073,-0.0253685974,0.720410883,0.0929772481,0.00292408257,0.0245689265,0.999947548,-0.0912272632,-0.00695756823,-0.022304412,0.999953,0.0811418593,0.422293574,-0.0876225084,0.512732,-0.0761025771,0.350179046,-0.109402016,0.453037411,0.0719941109,0.768224,-0.0316812024,0.378354758,-0.0775796771,0.726174176,-0.0096586179,0.350653768,0.0500810519,0.80220896,-0.0222570244,0.133989394,-0.0751455873,0.75999403,-0.0439102687,0.117936917,0.0727796853,0.805049539,-0.0776958764,0.387607515,-0.0982147306,0.753957391,-0.128549233,0.34046486
7100.00000000004,-0.0105115538,-0.571759045,0.0168410391,0.9995718,-0.000544699258,-0.589378178,0.0312402453,0.999257267,0.0025892714,-0.591450036,0.0417442322,0.99898231,0.00142756838,-0.590718508,0.0365919918,0.99937129,-0.0200878363,-0.598774195,0.0225840863,0.999603271,-0.0187814962,-0.596271336,0.0103732161,0.99962455,-0.0153322527,-0.585806787,0.0286404863,0.999785542,0.0647361353,-0.583873451,0.12534909,0.999053478,-0.0718606189,-0.535125792,0.13458547,0.999035478,0.0276250876,-0.564815283,0.0608737879,0.998744845,-0.0119032115,-0.526800096,0.0359860063,0.99877274,0.150667727,-0.42542538,0.19383198,0.999904931,-0.113984562,-0.486697525,0.220583871,0.999923766,0.130897433,-0.288444847,0.090526849,0.529442608,-0.070893757,-0.255534768,0.0804091617,0.757752538,-0.00876311585,-0.28314364,0.0393077098,0.524262369,0.0808906555,-0.280427814,-0.0246163588,0.874798656,-0.0580677427,-0.296682566,0.0363467373,0.478437304,0.153692409,-0.299606383,-0.0786439553,0.832418621,-0.0706398711,-0.311810225,0.0460737944,0.45856,0.179021552,-0.3617872,-0.0670622736,0.815634,-0.0154315764,-0.278393328,0.0432741195,0.367086381,0.0981414244,-0.305754721,-0.0266910568,0.731598437,0.0931804925,0.00294147478,0.0245636068,0.999946594,-0.0914372802,-0.00699406071,-0.0222986061,0.999952197,0.0810444281,0.422171324,-0.0877148136,0.509192228,-0.0764992163,0.349971563,-0.110080883,0.452971488,0.0722119,0.768246889,-0.0340635478,0.378388226,-0.0773489326,0.726188719,-0.0132230623,0.347872347,0.0503638871,0.802241385,-0.0251569096,0.134039059,-0.0747537389,0.760018826,-0.0479455851,0.116927616,0.0721124858,0.804851174,-0.0829431936,0.388918,-0.0980584621,0.753911436,-0.134547129,0.338409364
7116.666666666707,-0.0106130289,-0.572193921,0.0167391114,0.999557912,-0.000823433336,-0.589804769,0.0310913064,0.999231,0.00229812879,-0.591881931,0.0416078605,0.998950064,0.00113357964,-0.591152787,0.0364544,0.999350071,-0.0202407185,-0.599152327,0.0224746596,0.999588728,-0.0189193413,-0.596651554,0.0102770086,0.999611735,-0.0154643357,-0.586190462,0.0285364185,0.999777317,0.0637902468,-0.584807098,0.124727175,0.999028146,-0.0719447881,-0.535820723,0.133985311,0.99901104,0.0274579134,-0.56546,0.0607553795,0.998718739,-0.0119247725,-0.527382731,0.0359046459,0.998740196,0.150721937,-0.42742148,0.192792282,0.999904633,-0.114242509,-0.487649381,0.22052744,0.999922335,0.131933331,-0.290178835,0.0933211148,0.532019317,-0.0702888295,-0.256009907,0.0820497945,0.759305418,-0.00868192,-0.284021109,0.0501479805,0.530228615,0.0806009546,-0.281769484,-0.0217651203,0.878662407,-0.0580508858,-0.29724279,0.048532024,0.484806389,0.153426915,-0.301413894,-0.0755115896,0.837010324,-0.0706568807,-0.312897652,0.0580022261,0.465080351,0.178670928,-0.36368379,-0.0640349,0.820493042,-0.0153897349,-0.279479504,0.0542934351,0.372665286,0.0978957266,-0.307326466,-0.0239524692,0.736457825,0.0932301134,0.00295289559,0.0245371554,0.999946296,-0.0914876536,-0.00700860145,-0.0222708508,0.999951661,0.080966,0.421879858,-0.0878180191,0.507278502,-0.0771170929,0.349717259,-0.110045172,0.452370912,0.0722477734,0.768270314,-0.0354777314,0.379881,-0.0773379952,0.726177,-0.0138864871,0.345834494,0.0504193529,0.802273154,-0.0268302113,0.134894,-0.0747270063,0.760026872,-0.0487194434,0.11624451,0.0720687881,0.804795325,-0.0852795914,0.390927792,-0.0981314108,0.753808558,-0.135381922,0.336713493
7133.333333333374,-0.0108423708,-0.572375417,0.0185827,0.99954319,-0.00125976477,-0.589992106,0.0322885513,0.999204695,0.00181934657,-0.592088103,0.0428346731,0.998918355,0.000681887555,-0.591356933,0.0376609378,0.999331653,-0.020502422,-0.599334061,0.0238611456,0.999572,-0.0191657692,-0.596828222,0.0116556231,0.999595761,-0.0157070216,-0.58635956,0.0298848469,0.999767065,0.0628199428,-0.585458219,0.124717198,0.99900794,-0.0719878,-0.536188,0.134407088,0.998973,0.0271921493,-0.565836787,0.0620898046,0.998688579,-0.0119936746,-0.527661264,0.0374453291,0.998695,0.150702551,-0.429232746,0.192671344,0.999905229,-0.114421435,-0.488345921,0.220957831,0.99992,0.131958425,-0.293167025,0.0955562,0.533741832,-0.0703067109,-0.25764361,0.082694672,0.757132232,-0.00956078,-0.284087092,0.0562473089,0.533213139,0.0793804303,-0.283443391,-0.0205330588,0.878704309,-0.0592053123,-0.296566933,0.0552757159,0.488393098,0.151885659,-0.302895427,-0.0741585568,0.837161183,-0.0722261444,-0.31224376,0.0646990091,0.468862534,0.175820604,-0.364979237,-0.0625408441,0.820583582,-0.0163664967,-0.279483855,0.0605348647,0.375796,0.0960840881,-0.309030592,-0.0226509944,0.735431731,0.093253471,0.00295093446,0.0245138239,0.999946296,-0.0915101245,-0.00701449905,-0.0222471412,0.999951184,0.0809082091,0.421882242,-0.0876334,0.503087819,-0.0779914781,0.349661678,-0.10984876,0.449048966,0.0722009242,0.768312693,-0.0368808694,0.379611969,-0.0779881403,0.725672483,-0.0138020469,0.341091484,0.0503903739,0.802334249,-0.0285740811,0.135188609,-0.0752284154,0.759472668,-0.0486143976,0.114740036,0.07208094,0.804825127,-0.087167114,0.391009659,-0.0981692523,0.753482223,-0.135292336,0.332415
7150.000000000041,-0.011406688,-0.573697686,0.0186534449,0.999521554,-0.00177855766,-0.591326714,0.0322351679,0.999164462,0.00126603909,-0.59344548,0.0427883044,0.998868227,0.000131174966,-0.592725158,0.0376116484,0.999300241,-0.0209936462,-0.600754142,0.0238751937,0.999547482,-0.019643994,-0.598281682,0.0116591686,0.999572933,-0.0161684491,-0.587791562,0.0298923664,0.999752581,0.0623018928,-0.587394893,0.124612242,0.998966932,-0.0720847845,-0.538499475,0.134369224,0.998920321,0.0266693216,-0.567468882,0.0620953366,0.998628616,-0.0123296455,-0.529393196,0.0375475697,0.998623788,0.150677681,-0.432228535,0.191380009,0.99990356,-0.114854202,-0.491188407,0.22103107,0.999916673,0.131386831,-0.29770419,0.0940510258,0.533325374,-0.0713183507,-0.261887193,0.0836414322,0.755016387,-0.0105039179,-0.284911394,0.0555344522,0.532218218,0.0767301619,-0.285152316,-0.0193369575,0.878410399,-0.0599276312,-0.296388209,0.0541133732,0.488819152,0.148975745,-0.303726405,-0.0730539262,0.837123036,-0.0731805265,-0.311902791,0.0631185174,0.469549745,0.172947198,-0.365744531,-0.0618195459,0.820543051,-0.017280912,-0.279969603,0.0596359707,0.376075953,0.0933520049,-0.310527772,-0.0217085239,0.734156907,0.0933456123,0.00295093772,0.0245099459,0.999946296,-0.0915992,-0.00701880408,-0.0222423319,0.999950826,0.0809829906,0.421832502,-0.0872283652,0.502644,-0.0793049037,0.34952268,-0.10981869,0.450016,0.0720846802,0.76844418,-0.0374924801,0.385437161,-0.0790523961,0.725451887,-0.0133133251,0.34085995,0.0502799228,0.802512407,-0.0293470174,0.138056457,-0.0761460364,0.759206,-0.0481086709,0.114634082,0.0722645596,0.804647207,-0.0887113288,0.396722525,-0.0985274613,0.753288805,-0.134854078,0.331878573
7166.666666666708,-0.0116318343,-0.574407697,0.0198339764,0.999510705,-0.00191943056,-0.592022955,0.0333422422,0.999142289,0.00110883848,-0.594156742,0.0438575447,0.998842776,-2.17510151e-005,-0.593455136,0.0386762358,0.999283,-0.0211460069,-0.601549,0.0250704512,0.9995327,-0.0197811835,-0.599113107,0.0127774477,0.999559522,-0.0162938666,-0.588631868,0.0310309306,0.999743223,0.0621681884,-0.588167191,0.125013441,0.998947382,-0.0720931515,-0.539853036,0.135382175,0.99889,0.0264404938,-0.568224967,0.0631063133,0.998594284,-0.0124907037,-0.530344665,0.0387050621,0.998580158,0.150675669,-0.433182985,0.191291109,0.999902964,-0.11531987,-0.493228495,0.221312791,0.999914706,0.130333588,-0.299534678,0.0922891274,0.533594668,-0.0729076937,-0.265043944,0.0842475072,0.752357423,-0.0108582517,-0.284793973,0.0502948686,0.532257199,0.0751089081,-0.285585225,-0.0185852945,0.877436161,-0.0599998645,-0.295859724,0.047617957,0.490559101,0.147458747,-0.303346932,-0.0725078657,0.836542964,-0.0733047724,-0.311311662,0.0562845245,0.471646488,0.171960622,-0.365385175,-0.0616566837,0.819979548,-0.0175845865,-0.279690385,0.0540942773,0.377684861,0.0919809714,-0.310783207,-0.0211483315,0.732292116,0.0934908241,0.00295824,0.0245409384,0.999946713,-0.0917458683,-0.00702826586,-0.0222696736,0.999950945,0.0811174959,0.421688706,-0.0868392512,0.50291729,-0.0797177106,0.349419117,-0.110014454,0.453194141,0.0720900148,0.768467724,-0.0376035646,0.391255677,-0.0800755247,0.725333035,-0.0132392216,0.341971278,0.0502979495,0.802538276,-0.0294661,0.141335905,-0.0771096349,0.759047091,-0.0480268113,0.114967369,0.0730542392,0.804444075,-0.0890703946,0.402691722,-0.0987025797,0.753272951,-0.134747848,0.332517266
7183.333333333375,-0.0116330571,-0.575384915,0.0198274255,0.99951458,-0.00191393809,-0.592912674,0.0333263204,0.999148726,0.0011124243,-0.595058322,0.0438299738,0.998854816,-1.96783e-005,-0.59438163,0.0386521742,0.999290466,-0.0211389475,-0.602599859,0.0250060707,0.999533534,-0.0197677035,-0.600195587,0.012712921,0.999560177,-0.0162772015,-0.589736104,0.0309667867,0.999742389,0.0619455166,-0.588642418,0.124930881,0.998960912,-0.0721057206,-0.540994,0.13521643,0.998889744,0.0263825618,-0.569080651,0.0630911738,0.998606741,-0.0125098033,-0.531432331,0.0386547,0.998581827,0.150563747,-0.433584929,0.191217914,0.999903858,-0.116145588,-0.494371533,0.220977411,0.999912918,0.130394965,-0.299848139,0.0926387608,0.534718394,-0.0742882267,-0.265865773,0.0847153,0.748638153,-0.00950051844,-0.284667104,0.0468111634,0.534481823,0.0739249066,-0.286194533,-0.018058084,0.873105,-0.0579412952,-0.295471936,0.0430795439,0.494772136,0.146549553,-0.303598106,-0.0720019937,0.832216918,-0.0715983436,-0.311021417,0.0509535708,0.476315767,0.170638606,-0.36603421,-0.0614451133,0.815302908,-0.0162448585,-0.279604763,0.0500777178,0.381842047,0.0907596946,-0.311512411,-0.0207561478,0.725654781,0.0935535207,0.00296141836,0.0248591974,0.999947786,-0.0918054506,-0.00703064818,-0.0225679111,0.999951541,0.0820868686,0.421236068,-0.0857621357,0.505674779,-0.0801175907,0.349356711,-0.110701486,0.458584338,0.0725030825,0.768338859,-0.0371990539,0.398021102,-0.0802569091,0.725290239,-0.0132948039,0.344695,0.0507673025,0.802468,-0.0290446337,0.145381898,-0.0772420689,0.758985043,-0.0480405912,0.115948118,0.0750573575,0.803912401,-0.0887042955,0.409696817,-0.098587364,0.753241301,-0.134666383,0.334472954
7200.000000000042,-0.0115025025,-0.574986577,0.0204925407,0.999514163,-0.00161602616,-0.592449,0.0341090038,0.999152124,0.0013963175,-0.594609618,0.0446073152,0.998862088,0.000277711,-0.593938708,0.0394350141,0.999295712,-0.0208663438,-0.602274418,0.02591292,0.999532759,-0.0194772203,-0.599856138,0.0136169968,0.999558866,-0.0159999505,-0.589415431,0.0318375267,0.999740839,0.0624997579,-0.587428331,0.125819,0.998972774,-0.0717131197,-0.540359676,0.136695489,0.998884439,0.0265088174,-0.568416417,0.0637299716,0.998619378,-0.0124143362,-0.530893743,0.0394289866,0.998587191,0.150642455,-0.43121919,0.191303194,0.999905467,-0.11616049,-0.493413985,0.223818898,0.999912381,0.130317956,-0.297122389,0.0941470936,0.536583781,-0.0745468363,-0.264542818,0.0913075432,0.74305439,-0.00938592665,-0.282039,0.0472229384,0.538709044,0.0732673481,-0.283916473,-0.0149241323,0.870063782,-0.0576722249,-0.292582333,0.0444790944,0.500218093,0.146102682,-0.30087316,-0.0693304241,0.829708636,-0.0710194409,-0.308732927,0.0529158302,0.481985241,0.170161128,-0.363793403,-0.0596545935,0.812709272,-0.0160215367,-0.277300894,0.0507196039,0.387045503,0.0902413428,-0.309532404,-0.0181735493,0.72191447,0.0936572924,0.00297882198,0.0248565376,0.9999488,-0.0919039,-0.00704744644,-0.0225644391,0.999952197,0.0830577239,0.421408623,-0.0855550617,0.507846296,-0.0800490454,0.349496096,-0.110764831,0.463754207,0.0733227655,0.768353403,-0.0348311551,0.402954668,-0.079884544,0.725529194,-0.0131138405,0.349958152,0.0516076609,0.802486,-0.0261714477,0.147497192,-0.0767147541,0.75921005,-0.04781425,0.11748632,0.0757785589,0.804785,-0.0854421481,0.414536148,-0.0957378,0.754837275,-0.134584382,0.338779122
7216.666666666709,-0.0111632207,-0.574647486,0.0208985694,0.999522626,-0.00128293748,-0.592111766,0.0346655175,0.999169827,0.00171867467,-0.594283342,0.0451625809,0.998886287,0.000618415361,-0.593609571,0.0399862677,0.999311745,-0.0205573812,-0.601988137,0.0263896957,0.999540865,-0.0191545151,-0.599547863,0.0141155403,0.99956584,-0.0156894196,-0.589131057,0.032294333,0.999744534,0.0626648888,-0.586691737,0.126831979,0.998998046,-0.0716786161,-0.539682269,0.137263432,0.998898089,0.0267653931,-0.567942679,0.0642394722,0.998651743,-0.0122185759,-0.530386031,0.0398478471,0.998613298,0.15062739,-0.430029,0.193070605,0.999907434,-0.116174325,-0.492315918,0.224975735,0.999912322,0.13096787,-0.294456124,0.104468442,0.537910044,-0.0745547637,-0.262861878,0.0939208642,0.74104774,-0.00875674374,-0.276586801,0.0634154826,0.54319,0.0732422769,-0.281783223,-0.0121828234,0.868370712,-0.0572312847,-0.28617391,0.0612546206,0.505556822,0.146086052,-0.298831165,-0.0664883,0.827985525,-0.0706650093,-0.302767277,0.0687728748,0.487579077,0.170064896,-0.361598909,-0.057061635,0.810848832,-0.0154874772,-0.272021264,0.0668364838,0.392156243,0.090203,-0.307482094,-0.0155246025,0.719179,0.0936788321,0.00298457686,0.0249756277,0.999949336,-0.0919255242,-0.00705384184,-0.0226710103,0.999952376,0.0839181095,0.421471655,-0.0852949172,0.508233547,-0.0799313188,0.349496543,-0.111297011,0.465625823,0.0741105229,0.768363178,-0.0337460041,0.403980851,-0.0797137395,0.725635588,-0.0128301242,0.350466162,0.0523687974,0.802502453,-0.0248992834,0.14811866,-0.0764957368,0.759349346,-0.047384087,0.117400475,0.0766503289,0.805592835,-0.0838384628,0.415602922,-0.0940472484,0.755752146,-0.134325668,0.338792413
7233.333333333376,-0.0105704367,-0.57453233,0.0208804179,0.999534726,-0.000945507432,-0.592024,0.0346536227,0.999194324,0.00205945619,-0.594196498,0.0451486,0.998921096,0.000963316299,-0.593525469,0.0399723127,0.999334,-0.020159224,-0.601879954,0.0263505615,0.999552429,-0.018730592,-0.599434435,0.0140790027,0.999576211,-0.0152776167,-0.589027286,0.0322590359,0.999749899,0.062608771,-0.586565614,0.126904503,0.999032676,-0.0716857314,-0.539310455,0.136925593,0.998921037,0.0270834845,-0.567821681,0.0642549,0.998695374,-0.0118438555,-0.530196607,0.0398216285,0.998649538,0.150376707,-0.429822713,0.194135815,0.999910057,-0.116237327,-0.491672575,0.224893659,0.999911964,0.131321773,-0.292798877,0.108823538,0.540882409,-0.074627623,-0.260057867,0.0940658599,0.739636183,-0.00657391129,-0.274985135,0.0655118376,0.551169932,0.0732866451,-0.280527622,-0.0108510666,0.865352929,-0.0548180565,-0.284701556,0.0629266575,0.514583766,0.146384954,-0.297999531,-0.0646957234,0.824561715,-0.0682298392,-0.301779807,0.0699948668,0.496968925,0.17003195,-0.361104071,-0.0553134307,0.807023346,-0.0132948225,-0.270687729,0.0686112121,0.400917172,0.0901863351,-0.306561083,-0.0141345244,0.714117825,0.0936927944,0.00299716624,0.0252949614,0.99995029,-0.0919385552,-0.00706205424,-0.0229720175,0.999952853,0.0848415568,0.421506643,-0.0850438401,0.513550103,-0.0799137354,0.349462837,-0.111944929,0.47220853,0.0741423443,0.768375099,-0.0322205164,0.409029275,-0.0795001611,0.725833118,-0.0127846906,0.35514313,0.0523729324,0.802524626,-0.0231266655,0.15065439,-0.0762561858,0.759642541,-0.0473316237,0.119012088,0.076644741,0.806477129,-0.0808636323,0.4203206,-0.0934679583,0.756491721,-0.134038821,0.342446923
7250.000000000043,-0.00993350148,-0.574453712,0.0208897479,0.999548256,-0.000327091955,-0.591957152,0.034707576,0.999222159,0.00266991369,-0.594136178,0.0452166237,0.998959124,0.00158919767,-0.593461514,0.0400258526,0.999359131,-0.0195719749,-0.601844847,0.0263455901,0.999566,-0.0181467198,-0.599383354,0.0140856588,0.999588072,-0.0147258528,-0.588982224,0.0322543867,0.999756515,0.0628197491,-0.586176872,0.127330884,0.999070525,-0.0716448799,-0.538852811,0.136912867,0.998946071,0.0275439695,-0.567680955,0.0643095896,0.998739243,-0.0114683,-0.529998481,0.0398176908,0.998686612,0.150295481,-0.42917636,0.195500165,0.9999125,-0.116248891,-0.490180939,0.225122154,0.999911547,0.131972909,-0.291454494,0.119523428,0.542708933,-0.0746538863,-0.258231938,0.0954612046,0.739191175,-0.00593625242,-0.269519508,0.085934937,0.555835605,0.0736986622,-0.279267,-0.00645716954,0.861593,-0.0544615127,-0.277689785,0.0848702416,0.520165801,0.147445,-0.29686588,-0.0595970973,0.82019943,-0.0679739,-0.294789106,0.0909425244,0.502832711,0.170280725,-0.359865874,-0.049997963,0.802197516,-0.0127629908,-0.26511535,0.0889493451,0.4067038,0.0904993266,-0.305470675,-0.00964250881,0.708509386,0.0937053412,0.00299929013,0.0253807027,0.999951303,-0.0919500738,-0.00706132734,-0.023044629,0.999953449,0.0858170539,0.42160368,-0.0851019174,0.518056512,-0.0799187943,0.349466264,-0.112350158,0.476978809,0.074163653,0.768066108,-0.0317516811,0.411681682,-0.0795327,0.726293504,-0.0127431033,0.359487236,0.0523668267,0.802205145,-0.0225475207,0.151821733,-0.076304175,0.760280967,-0.0472933911,0.120783933,0.0764253959,0.806889474,-0.079464905,0.422651023,-0.0935057774,0.758000195,-0.133726269,0.34608081
7266.66666666671,-0.00923177227,-0.574446261,0.0241115354,0.999569893,0.000372252718,-0.591966,0.0384802558,0.999262691,0.00333532551,-0.594150841,0.0490714535,0.999014318,0.00231059431,-0.593473554,0.0437901281,0.999394476,-0.01894092,-0.601847529,0.0300485,0.999586642,-0.0175125934,-0.599376798,0.0178703032,0.99960649,-0.0141283078,-0.588979483,0.0359077863,0.999766707,0.0632360503,-0.586017489,0.131750584,0.999123156,-0.0714596,-0.538186431,0.141099632,0.998984218,0.0281382296,-0.567662,0.0675057,0.998798847,-0.0109921545,-0.529880822,0.0430666953,0.99873966,0.149978489,-0.428816,0.196719348,0.999916196,-0.115925983,-0.488363355,0.230956092,0.999910951,0.13198477,-0.29121539,0.124656253,0.550773799,-0.0750083849,-0.258073807,0.102607071,0.734738231,-0.00654043537,-0.261285156,0.102145404,0.561672628,0.0733517781,-0.276481956,0.0018456761,0.852511644,-0.0556270219,-0.266424924,0.102128558,0.525894582,0.147352397,-0.292800307,-0.0508329757,0.810429215,-0.069419831,-0.282103121,0.108400434,0.508707881,0.169973567,-0.354342371,-0.0415708758,0.791734695,-0.0135263167,-0.255800903,0.105585627,0.412766755,0.0901490599,-0.302137405,-0.00162409956,0.697266221,0.0936591327,0.00291298982,0.0250159521,0.999952912,-0.0918964744,-0.00696587609,-0.0226684771,0.999954522,0.0869743526,0.421995252,-0.0855690762,0.529977739,-0.0799213052,0.349834681,-0.112232871,0.486047626,0.0742595196,0.767887414,-0.0324394442,0.421000272,-0.0796251222,0.727459073,-0.0127414763,0.369388938,0.052397728,0.802001238,-0.023242129,0.156167716,-0.0764040053,0.761548,-0.0473149493,0.125423133,0.0763522163,0.807103574,-0.0798611194,0.430725276,-0.0936145782,0.760236,-0.133672819,0.355295897
7283.333333333377,-0.00865100417,-0.57454282,0.0258939937,0.999586046,0.000997086405,-0.592056513,0.0406734198,0.999293685,0.00392588833,-0.594251275,0.051288683,0.999056697,0.0029276628,-0.593567729,0.0459472127,0.999421775,-0.0183773171,-0.601956666,0.0319920257,0.999602258,-0.0169651862,-0.599470675,0.0198344775,0.999620378,-0.0135881454,-0.589075923,0.0378195234,0.999774098,0.0633986443,-0.585887134,0.134659365,0.99916476,-0.0714265,-0.537949,0.142757267,0.999013603,0.0285227988,-0.567673564,0.0693522543,0.998845935,-0.0106971618,-0.529862046,0.0446539447,0.998780787,0.1497816,-0.428507984,0.198325589,0.999919,-0.115915522,-0.487517416,0.232037514,0.999910295,0.132803708,-0.29108417,0.126995146,0.555908859,-0.0750052407,-0.258099437,0.102971107,0.732330501,-0.00640698895,-0.257770389,0.104790419,0.566887617,0.0733358562,-0.275935054,0.00239075092,0.847909808,-0.0556363203,-0.26174286,0.104808398,0.531434655,0.147333786,-0.291784078,-0.0502483,0.805494726,-0.0694907382,-0.27702859,0.111104049,0.514454544,0.169896469,-0.352556467,-0.0409412459,0.786369622,-0.0134949395,-0.251833171,0.108214676,0.418743521,0.0901097059,-0.301284879,-0.00104208395,0.691363037,0.0936579257,0.00287797232,0.0249572285,0.999954164,-0.0918924809,-0.00692464784,-0.0225995891,0.999955297,0.0878862664,0.422202557,-0.0855701119,0.538948178,-0.0799205154,0.349940568,-0.112224914,0.492447734,0.0742714703,0.76767081,-0.0319284499,0.428357244,-0.0796381459,0.72799015,-0.0124904281,0.376996845,0.052380383,0.801775515,-0.0226535685,0.159757987,-0.0764309466,0.762136877,-0.0470397174,0.129085556,0.0761545151,0.807298541,-0.0787898,0.437031657,-0.0940039,0.761190414,-0.133103669,0.362212539
7300.000000000044,-0.00865002908,-0.574315727,0.0273392983,0.999598682,0.00105959736,-0.591829062,0.0423196331,0.99931854,0.00399371283,-0.59403497,0.0529673509,0.99908936,0.00300752651,-0.593337238,0.0475792289,0.999443412,-0.0183382463,-0.601776481,0.0341497399,0.999615252,-0.0169311594,-0.59925127,0.022083804,0.999631703,-0.0135598434,-0.588894784,0.0400114432,0.999780893,0.0644136071,-0.584744871,0.136480749,0.999195,-0.0711620077,-0.536702275,0.147146195,0.999036252,0.0285956413,-0.567204237,0.0706444755,0.998878062,-0.0106848767,-0.529242635,0.04665979,0.998811483,0.149774477,-0.426561952,0.200038239,0.999920666,-0.115322217,-0.484629929,0.237344384,0.999910772,0.132280216,-0.289918095,0.134620056,0.555452108,-0.0756894946,-0.256467283,0.111992367,0.731534421,-0.00697435765,-0.255001664,0.121775933,0.566261113,0.0730198622,-0.27395761,0.0110139968,0.846358716,-0.0564279631,-0.259622276,0.123247974,0.531184912,0.147267342,-0.290248156,-0.0419222899,0.803546786,-0.0699823871,-0.273977667,0.129623488,0.514182806,0.16987066,-0.350797623,-0.0324210264,0.784270346,-0.0139964968,-0.248838976,0.125527516,0.418692,0.0899170861,-0.299367845,0.00760910846,0.689150512,0.0936336666,0.00285771117,0.0245645903,0.999955058,-0.0918694511,-0.00690182578,-0.0221952815,0.999956071,0.0883847475,0.422251135,-0.0863061,0.540897131,-0.0799200758,0.349945724,-0.112416312,0.494872034,0.0743810087,0.766881049,-0.0320975371,0.427800328,-0.0796010718,0.727879226,-0.0129425675,0.379553467,0.0524232276,0.800918579,-0.0227945577,0.159880623,-0.0763984174,0.762017608,-0.0475281365,0.131141528,0.0761404634,0.807271123,-0.0787822157,0.43553865,-0.0941544697,0.761061847,-0.133264825,0.364680588
7316.666666666711,-0.00860750396,-0.573974133,0.0286851507,0.999615431,0.00115317071,-0.591545761,0.0437001958,0.999350309,0.00408818526,-0.593763,0.0544346,0.99913168,0.00312407082,-0.593052,0.0489920564,0.999471,-0.0182417072,-0.601507723,0.0357974581,0.999632,-0.0168397259,-0.598924756,0.0238187034,0.999646604,-0.0134892007,-0.588612318,0.0416830927,0.999789596,0.0648553744,-0.58384645,0.137900889,0.999235272,-0.0709511563,-0.535202503,0.149471328,0.99906677,0.0286994204,-0.566705287,0.0718723834,0.998925388,-0.0106305461,-0.528428555,0.0482124425,0.998856068,0.149472445,-0.425376952,0.200700939,0.999923646,-0.114680611,-0.481838077,0.241870016,0.999911368,0.131876916,-0.289132714,0.142745331,0.562192738,-0.0762799829,-0.255192727,0.11824432,0.730211794,-0.00981868245,-0.250796,0.1410449,0.570618093,0.0721638128,-0.270997673,0.0167534668,0.842234254,-0.0607266799,-0.254884779,0.144013673,0.5348351,0.146843165,-0.287109822,-0.0360800661,0.798824251,-0.0741194785,-0.268920243,0.150100216,0.517804086,0.169347748,-0.346953303,-0.0265410319,0.7791875,-0.0169823635,-0.244480699,0.145095,0.422463,0.0891747251,-0.296261251,0.0132414568,0.683951259,0.093500413,0.00279769441,0.0238154177,0.999956131,-0.0917366222,-0.00684235757,-0.0214345027,0.999956906,0.088362,0.422810555,-0.0869700387,0.547946095,-0.0800430924,0.350100666,-0.112133279,0.50041604,0.0739904195,0.766818,-0.0325286165,0.430657774,-0.0796002671,0.728122115,-0.0138483318,0.386589408,0.0518143661,0.800836742,-0.02323604,0.161311656,-0.0763988271,0.762296,-0.0487265363,0.135260165,0.074171707,0.807584286,-0.0788754076,0.43692264,-0.0944111422,0.761294782,-0.13423413,0.371224344
7333.333333333378,-0.00844026357,-0.573572,0.0294160768,0.999631703,0.00144182844,-0.591193497,0.044464048,0.999380827,0.00438699173,-0.593418539,0.055244185,0.999171495,0.00345489127,-0.592682064,0.0497870669,0.999496341,-0.0179587044,-0.60117507,0.0366474204,0.999649167,-0.0165804382,-0.598526239,0.0247468781,0.999662459,-0.0132423174,-0.588249803,0.0425715521,0.999799252,0.0656103194,-0.582975566,0.139047965,0.999271,-0.070712477,-0.533905,0.15075846,0.999104321,0.0289222486,-0.566135585,0.0726582408,0.998969793,-0.010500324,-0.527582228,0.0490994304,0.998903096,0.149305433,-0.42399776,0.202356175,0.999925733,-0.114183798,-0.47924459,0.244154021,0.999913514,0.130730078,-0.28837356,0.150449559,0.564135551,-0.0765009448,-0.252675056,0.122741409,0.733453453,-0.0119334143,-0.250316471,0.151419297,0.572492421,0.071416378,-0.269486785,0.0216202904,0.845722139,-0.0633154139,-0.255059779,0.155143037,0.536280155,0.146262392,-0.286312282,-0.031132916,0.802891374,-0.0760718957,-0.268918484,0.161179498,0.519087851,0.168675378,-0.34615013,-0.0215188265,0.783545196,-0.0189507883,-0.244090185,0.155531392,0.424023837,0.0884494707,-0.294999,0.0181651674,0.689677477,0.093432866,0.00275873044,0.0235534869,0.999956846,-0.0916703343,-0.00681091193,-0.0211773533,0.999957681,0.0883548409,0.423492312,-0.0872660056,0.551975429,-0.0800431818,0.350364,-0.111938342,0.504406393,0.0739804134,0.766788721,-0.0327103063,0.430328071,-0.0795979798,0.728196144,-0.014360751,0.391251653,0.0517612509,0.800789297,-0.023437636,0.161481708,-0.0764041245,0.762379766,-0.0493903682,0.138220653,0.0737322867,0.808014154,-0.0788302794,0.436273664,-0.0944567844,0.76133883,-0.134632751,0.376086086
7350.000000000045,-0.00815363321,-0.573521256,0.0301845763,0.999645174,0.00188937329,-0.591131508,0.0454385132,0.999405861,0.00482203,-0.593365192,0.0562431328,0.999204397,0.00392068364,-0.592617393,0.0507634729,0.999517441,-0.0175594948,-0.601142526,0.0375312,0.999663,-0.0162042454,-0.598482311,0.025657611,0.999675214,-0.0128750391,-0.588216305,0.0434561633,0.999806762,0.0659484342,-0.582376659,0.140536159,0.999301851,-0.0706238896,-0.533439159,0.151563883,0.999133229,0.0291252844,-0.565965652,0.0734814256,0.999006271,-0.0103782862,-0.527374268,0.0498189442,0.998940647,0.148806,-0.423140824,0.203572,0.999927461,-0.114169106,-0.478317648,0.244765475,0.999914527,0.130360842,-0.288010061,0.152752027,0.564984322,-0.0772164613,-0.252496511,0.123058081,0.734812915,-0.0130098704,-0.247692123,0.152404159,0.572095096,0.0703867897,-0.268813521,0.0217335951,0.846636176,-0.0647560805,-0.251398385,0.155750692,0.536102235,0.145316303,-0.285562694,-0.0312389601,0.804111123,-0.0778507516,-0.265050113,0.161414519,0.518928409,0.167908341,-0.345189124,-0.0217021834,0.784871221,-0.0202424116,-0.241198748,0.156306759,0.42424947,0.0875060782,-0.294238448,0.0182505604,0.691690266,0.0933827,0.0027160875,0.0233940706,0.999957681,-0.0916203,-0.00676845107,-0.0210061893,0.999958396,0.0884851962,0.423755586,-0.0872713849,0.55730629,-0.0799862593,0.350538909,-0.11178565,0.508298576,0.073983483,0.76647824,-0.0326958857,0.433299482,-0.0797174573,0.728216,-0.0141734043,0.396599025,0.0517322421,0.800462544,-0.0234271791,0.163081735,-0.0766025931,0.762401044,-0.0492000543,0.141339675,0.0735835,0.808133423,-0.0786295161,0.438275665,-0.0949257687,0.761429429,-0.134338066,0.381128728
7366.6666666667115,-0.00750741456,-0.573481858,0.0310890973,0.999658704,0.00254685222,-0.591102481,0.0465526581,0.999430954,0.00545436,-0.593340278,0.0573794022,0.999237776,0.0045845164,-0.592588425,0.0518793277,0.999538779,-0.016970057,-0.601114929,0.0384476669,0.999676466,-0.015625922,-0.598446846,0.0265749283,0.999687374,-0.0123221986,-0.588187814,0.0443522409,0.999813676,0.0661379,-0.582133949,0.142156407,0.999334,-0.0705765337,-0.533057153,0.152158827,0.999159455,0.0295750089,-0.565866351,0.0745065436,0.999042511,-0.0100403475,-0.52720952,0.0506029055,0.99897486,0.148360953,-0.42297554,0.204408303,0.999929488,-0.114140637,-0.477627039,0.245053455,0.999914408,0.130619824,-0.287976801,0.152489796,0.568566561,-0.0772271678,-0.252255231,0.122178636,0.733703613,-0.0132095031,-0.246179119,0.150703654,0.573108613,0.0703394264,-0.267723441,0.0208326783,0.843467832,-0.0651998669,-0.249152958,0.153714702,0.536863446,0.145294622,-0.284177452,-0.0321605206,0.800689876,-0.0787934735,-0.262926549,0.159539014,0.519686282,0.167844415,-0.343501,-0.0225969646,0.781175375,-0.0206273496,-0.239571989,0.154600739,0.425388634,0.087441884,-0.292956,0.0173668284,0.687899172,0.0933089927,0.0026359451,0.0232592765,0.999958456,-0.0915466323,-0.00668810727,-0.0208618343,0.999958932,0.088561587,0.423872203,-0.0873613358,0.563689709,-0.0799566135,0.350597531,-0.111691631,0.511782289,0.0739049092,0.76612711,-0.0329498798,0.436772287,-0.07976228,0.728221595,-0.0141917393,0.401452214,0.0515718684,0.800100207,-0.0237086099,0.164980784,-0.0766709372,0.76240623,-0.0492279679,0.144296572,0.073208794,0.808168232,-0.0787802115,0.44064647,-0.0949677303,0.76148963,-0.134348348,0.385611087
7383.3333333333785,-0.00688397046,-0.573275805,0.0314625911,0.999669969,0.00316653284,-0.590918183,0.046967756,0.999451458,0.00607587863,-0.593155324,0.0577853471,0.99926579,0.00521257706,-0.59239924,0.0522896834,0.999556661,-0.016346328,-0.600960791,0.0387115851,0.999687076,-0.015010708,-0.598279953,0.026819976,0.99969697,-0.0117136538,-0.588032663,0.0446060412,0.999818861,0.0662938803,-0.581858158,0.142650142,0.999361753,-0.0704765394,-0.532907724,0.152115062,0.999179244,0.0299949124,-0.56561017,0.0749612823,0.999071658,-0.0096826423,-0.526976526,0.0508836657,0.999001086,0.148002967,-0.422938049,0.204615131,0.999931455,-0.114132114,-0.47760275,0.244867548,0.99991411,0.130799472,-0.287941515,0.150695741,0.573513746,-0.0771897063,-0.252025753,0.121540584,0.732338965,-0.0131847179,-0.246259093,0.145756334,0.576683223,0.0704645067,-0.265963584,0.0208591819,0.840019703,-0.0651317462,-0.249328464,0.1482687,0.539943099,0.145532399,-0.281828731,-0.0319313854,0.796882212,-0.0787914,-0.263219774,0.154361039,0.522748,0.167964637,-0.34104678,-0.0224123634,0.77707231,-0.0206095744,-0.239678785,0.14964205,0.428615659,0.0875467956,-0.290974915,0.0174153391,0.683569968,0.093257606,0.00259000692,0.0232233703,0.999959171,-0.0914916843,-0.00663489336,-0.0208263807,0.99995929,0.0888698697,0.42379424,-0.0875486434,0.570167482,-0.0796251297,0.350347519,-0.111666746,0.515488684,0.0738781318,0.765539229,-0.0332587771,0.440761834,-0.0797738209,0.727987885,-0.0142217213,0.405857354,0.0515091196,0.799524724,-0.0240288656,0.167212382,-0.0767043084,0.762178779,-0.0492665805,0.146767333,0.0732039884,0.808071315,-0.0789617226,0.443592906,-0.0950027704,0.761263132,-0.134358,0.389465809
7400.0000000000455,-0.00688086497,-0.572644472,0.0247754548,0.999667108,0.00317840138,-0.590401292,0.039685972,0.999447107,0.00608970411,-0.59260118,0.0505213663,0.99925822,0.00522499206,-0.591826797,0.0451695472,0.999552071,-0.0163397472,-0.600461602,0.0317687802,0.999685884,-0.015007223,-0.597745657,0.0199582316,0.999695957,-0.0117083257,-0.587508321,0.0378025435,0.99981916,0.0668358952,-0.581715822,0.136474445,0.99935323,-0.0704610869,-0.532797933,0.147137433,0.999179065,0.0300656613,-0.565112174,0.0690244958,0.999063313,-0.00966357067,-0.526471734,0.0452908687,0.999000847,0.148208752,-0.422734052,0.203115702,0.999930382,-0.114059351,-0.477671,0.243822172,0.999915123,0.130134344,-0.286995977,0.149492294,0.569664121,-0.0782705918,-0.250831723,0.121576354,0.735717714,-0.0131708803,-0.247749671,0.143362671,0.573265374,0.0703910068,-0.262718201,0.0219942685,0.843374968,-0.065074347,-0.253672928,0.145941362,0.536361217,0.145542935,-0.2790353,-0.0305638351,0.800062776,-0.0784171522,-0.267498344,0.152417287,0.518954098,0.168002665,-0.338365048,-0.0208134986,0.780410707,-0.0205501579,-0.241516635,0.147433251,0.42489025,0.0875374079,-0.287784904,0.0187163204,0.687321484,0.0932568,0.00263498886,0.0232183225,0.999959052,-0.0914912447,-0.00667127222,-0.020823,0.999959588,0.0888710767,0.423823297,-0.0874625295,0.572293937,-0.0794067159,0.350201875,-0.111550748,0.52048558,0.0744721293,0.765551686,-0.0265906733,0.441159606,-0.0796569213,0.727860153,-0.0118390899,0.410670102,0.0520765819,0.799528897,-0.0164495,0.166690603,-0.0766393542,0.762075901,-0.0462897681,0.14802368,0.0732754692,0.80834204,-0.0702562332,0.443438798,-0.095015,0.760981143,-0.131583452,0.393473655
7416.666666666712,-0.00676748622,-0.572476089,0.0227018967,0.99966836,0.00333908759,-0.590262771,0.037614055,0.999449,0.00627693255,-0.592444122,0.0484291241,0.999259293,0.00539447227,-0.591662705,0.0431581549,0.999552369,-0.0162241478,-0.600309432,0.029816607,0.999688327,-0.0149029298,-0.597582638,0.0180348177,0.999698579,-0.0115939127,-0.587353647,0.0358980484,0.999821484,0.0677171648,-0.581641734,0.134654,0.999350727,-0.0702752173,-0.53271997,0.145842,0.999186337,0.0303758495,-0.564933121,0.0671317503,0.999060512,-0.00948732,-0.526268482,0.0435873643,0.99900651,0.148414627,-0.422503173,0.20262745,0.999929428,-0.113593943,-0.47772783,0.24366203,0.999916315,0.129814819,-0.285942763,0.148965359,0.564381182,-0.0782848671,-0.249658525,0.122453623,0.737545669,-0.0130432732,-0.248022676,0.143978387,0.566246569,0.0704856738,-0.259076029,0.0241775345,0.845628619,-0.0648293123,-0.254439801,0.147063091,0.529380441,0.145738646,-0.275593162,-0.0282671209,0.802027822,-0.0775935,-0.268033296,0.154021099,0.511742413,0.168300763,-0.334835619,-0.0184623115,0.782475948,-0.0202319622,-0.241780639,0.148384854,0.418193847,0.0877434611,-0.28403309,0.0209933929,0.689666569,0.0932470113,0.00263973046,0.0232107658,0.999959171,-0.0914836526,-0.00667190133,-0.0208163951,0.999960124,0.0889050663,0.423866421,-0.0870402753,0.575240731,-0.0787636712,0.350194305,-0.111176275,0.525001645,0.0753608197,0.765548646,-0.023555845,0.442828655,-0.0791513845,0.727805078,-0.0100689447,0.415434748,0.0529814959,0.799524486,-0.0131947603,0.167104214,-0.0762259215,0.762025297,-0.0442604944,0.14973,0.0736497864,0.80839318,-0.0671969,0.444463342,-0.0946846679,0.760731101,-0.129944369,0.39775458
7433.333333333379,-0.00684634177,-0.57257545,0.0191110987,0.999667168,0.00333225611,-0.590356231,0.0336270668,0.99944824,0.00627847528,-0.592531264,0.044521492,0.999257386,0.00538815325,-0.591733575,0.0392995887,0.999551952,-0.0162289124,-0.60043788,0.0263119563,0.999688506,-0.0149152353,-0.597691536,0.0145977978,0.999698818,-0.0115990201,-0.587461531,0.0324791633,0.999822438,0.0681558251,-0.581687093,0.129538849,0.999348819,-0.0699804127,-0.532807291,0.142708942,0.999186099,0.030397037,-0.565013885,0.0631977171,0.999058127,-0.00946658105,-0.526331484,0.0402572,0.999010146,0.148473665,-0.42249161,0.198281884,0.999929249,-0.113177843,-0.477771223,0.242689654,0.999917567,0.127724305,-0.285915732,0.148727462,0.561711311,-0.0786669925,-0.249097243,0.123210281,0.739029408,-0.0146408603,-0.248327434,0.152219042,0.559719861,0.0702259764,-0.255949557,0.0258446373,0.846920431,-0.0665041879,-0.254738629,0.15732199,0.522552,0.145595387,-0.272022694,-0.0263724867,0.803040326,-0.0784287378,-0.268414587,0.163981363,0.504724324,0.168204308,-0.33094129,-0.0167303402,0.783561587,-0.0213869512,-0.242117748,0.157013983,0.411911,0.0876081884,-0.280810714,0.0225497782,0.691214,0.0932119489,0.00263942708,0.0230821706,0.999959767,-0.0914483368,-0.00666847173,-0.0206962526,0.999960959,0.0891203508,0.424098909,-0.0863459259,0.579240501,-0.0783399791,0.350280166,-0.10961549,0.530252755,0.0759834573,0.765589237,-0.019004317,0.445570529,-0.0791337937,0.728058159,-0.00514292205,0.42208004,0.0536008701,0.799551308,-0.00829195,0.167590991,-0.0762276277,0.762345791,-0.0388905518,0.152154759,0.0740369931,0.809137642,-0.0608993433,0.446573228,-0.0948550329,0.761415601,-0.123786226,0.403904349
7450.000000000046,-0.0069689923,-0.5726794,0.0186547693,0.999669611,0.00329307723,-0.590484,0.0331003927,0.999455035,0.0062496406,-0.592651248,0.0440174565,0.999266,0.00535359466,-0.591843724,0.038785357,0.999558091,-0.0162604079,-0.60057646,0.0259010252,0.999692142,-0.0149553223,-0.597806871,0.0141995307,0.999702036,-0.0116328802,-0.587585926,0.0320779,0.999824882,0.0684597641,-0.581729293,0.128558025,0.999357045,-0.0697558299,-0.532820523,0.142315388,0.999192536,0.0304098595,-0.565087914,0.0625599921,0.999067426,-0.00945647527,-0.52636081,0.0397873595,0.999021292,0.148528621,-0.42243883,0.197538957,0.999929726,-0.112537786,-0.477702439,0.242619082,0.999918699,0.126139939,-0.285619974,0.150503621,0.561910629,-0.0787657201,-0.247818366,0.124155462,0.739767,-0.0169289652,-0.248304844,0.159083799,0.557599604,0.0697876513,-0.25396651,0.0269591063,0.84718287,-0.0690909699,-0.254742622,0.164827466,0.520054519,0.14515537,-0.269953877,-0.0251545459,0.803097069,-0.0802406818,-0.268419683,0.171206772,0.50205946,0.167744204,-0.328967869,-0.0155425631,0.783596456,-0.0233691279,-0.242129803,0.163916752,0.40955776,0.0872320458,-0.278944105,0.0236094464,0.691682339,0.0931737944,0.0026312538,0.0230234116,0.999960423,-0.0914103612,-0.00665651355,-0.020638898,0.999961734,0.0892244279,0.424141318,-0.0861442909,0.583966494,-0.0782558396,0.350324869,-0.109479301,0.536526859,0.0760928243,0.765450299,-0.0184288919,0.448756158,-0.0791085511,0.728102148,-0.00515330164,0.429572344,0.0536976159,0.799389243,-0.00775549049,0.16877757,-0.0762192,0.76241076,-0.0389549695,0.155671895,0.0740825161,0.809270859,-0.0600905158,0.449059576,-0.0949419439,0.761654377,-0.123727687,0.410840869
7466.666666666713,-0.0074383975,-0.573045194,0.0155557627,0.999672532,0.00305930735,-0.590864658,0.0296204742,0.999462,0.00603909744,-0.593025,0.0405867584,0.999274731,0.00512357,-0.592202663,0.0353745781,0.999564528,-0.0165082458,-0.601023436,0.0227978453,0.999695718,-0.0152235255,-0.598224044,0.0111251473,0.999704897,-0.0118936701,-0.587996304,0.0289988648,0.999827,0.0686521307,-0.582003534,0.124527022,0.999364913,-0.0696829781,-0.533202946,0.139844865,0.999197781,0.0302881226,-0.565416634,0.0592687353,0.999080062,-0.00960069336,-0.526680589,0.0369596407,0.999035597,0.148668021,-0.422480166,0.194239065,0.999930441,-0.112303272,-0.477805972,0.241732344,0.999919713,0.125375703,-0.285227329,0.150173664,0.564937,-0.0791687816,-0.247653782,0.124279164,0.741475523,-0.017998362,-0.248337135,0.157106295,0.559309,0.0691569746,-0.253732294,0.0269266274,0.847835124,-0.0702293217,-0.254810482,0.162443772,0.52120024,0.144623756,-0.269597143,-0.025181,0.80345583,-0.0809844732,-0.268487275,0.168717846,0.50311166,0.167194217,-0.328597069,-0.0156006655,0.784002781,-0.0242459588,-0.242177054,0.161859527,0.410498679,0.0867039114,-0.278715938,0.0235421676,0.69252646,0.0931490287,0.00261596194,0.0228447504,0.999960899,-0.0913827643,-0.00663593318,-0.0204616673,0.99996233,0.0892305374,0.424203843,-0.0857705325,0.586849034,-0.0782360509,0.350441098,-0.108589768,0.540702164,0.0762192532,0.765439332,-0.0152093116,0.449963331,-0.0791951418,0.728262067,-0.00213460182,0.434502602,0.0538235605,0.799369216,-0.00418876205,0.168505877,-0.0763569251,0.76258719,-0.0356369354,0.157543883,0.0740857273,0.809572458,-0.0555753373,0.449837327,-0.0955476686,0.762091041,-0.11925865,0.415461719
7483.33333333338,-0.00753225945,-0.573101044,0.0147812599,0.999676526,0.00303597143,-0.590924263,0.0287031271,0.999471247,0.00601992104,-0.593080342,0.0396981873,0.99928695,0.00510027446,-0.592253566,0.0344546847,0.999573052,-0.0165179074,-0.601139426,0.0218422469,0.999700248,-0.015238977,-0.598317564,0.0101852426,0.999708772,-0.0119073447,-0.588087,0.0280377846,0.99982959,0.0687557906,-0.582012117,0.123385929,0.999377549,-0.0695216283,-0.533269882,0.138400584,0.999206245,0.0302635208,-0.565468311,0.058398705,0.99909842,-0.00961204525,-0.526726365,0.0359901115,0.999053717,0.148697153,-0.422468513,0.193770289,0.999931693,-0.112079978,-0.477836818,0.24060306,0.999920905,0.125280857,-0.284986287,0.151688874,0.569523513,-0.0794747472,-0.247282609,0.124154381,0.743348718,-0.0190719664,-0.247672141,0.161092669,0.563186109,0.0685357824,-0.252898306,0.0266834162,0.848330557,-0.0718668103,-0.253687322,0.166810945,0.524338,0.144043192,-0.268416733,-0.0254555,0.803825676,-0.0826017261,-0.267423779,0.172497168,0.506190479,0.166501701,-0.32721737,-0.0158634372,0.784340441,-0.0253879074,-0.241505221,0.165765926,0.413504779,0.0860932395,-0.277829498,0.0233016647,0.693401396,0.0930869803,0.00260769203,0.0228330828,0.999961436,-0.091314584,-0.00662468746,-0.0204500891,0.999962807,0.0892317593,0.424433887,-0.0849017203,0.591211736,-0.0781515688,0.350529969,-0.108242974,0.545477092,0.076050885,0.765596271,-0.0139092663,0.453041464,-0.0793207809,0.728581667,-0.00134871702,0.440546632,0.0536021627,0.799527287,-0.00297893188,0.169415534,-0.076559335,0.762978435,-0.0348515809,0.160077482,0.0736585408,0.810492575,-0.053994678,0.452497721,-0.0960139185,0.76270622,-0.118060723,0.421091825
7500.000000000047,-0.00786273368,-0.57313031,0.0144493561,0.999676287,0.00284668501,-0.590952933,0.0283123609,0.999472916,0.00584185077,-0.593107045,0.0393036865,0.999289393,0.00491214823,-0.592275918,0.0340521038,0.999575555,-0.0166824181,-0.601185918,0.0214991309,0.999700487,-0.0154186636,-0.598357081,0.00983587,0.999708593,-0.0120778382,-0.588124633,0.0276846047,0.99982965,0.0687998533,-0.58201921,0.122750491,0.999381661,-0.0694743469,-0.53330487,0.13801907,0.999203742,0.0301378556,-0.56549263,0.057965491,0.999105,-0.00973204,-0.526751101,0.0356290042,0.999059498,0.148773581,-0.422477633,0.193092346,0.999932587,-0.111963786,-0.477854341,0.240337908,0.999921501,0.125081986,-0.28484571,0.15138571,0.572501361,-0.0797258466,-0.246852666,0.124226227,0.743453741,-0.0200120676,-0.247588456,0.159510717,0.565818071,0.0677797347,-0.252683908,0.0266433321,0.848235071,-0.0730222166,-0.253518283,0.164874852,0.526634455,0.143262878,-0.268176615,-0.025456693,0.803584278,-0.0837527215,-0.267268568,0.170659393,0.508463919,0.165584877,-0.327039689,-0.0158903357,0.784088,-0.0263767671,-0.241415307,0.164137825,0.415560335,0.0852921456,-0.277645,0.0232453309,0.693342805,0.0930636898,0.00259735715,0.0227426514,0.999961913,-0.091288209,-0.00660945708,-0.0203580353,0.999963224,0.0892365351,0.424506813,-0.0847497731,0.594171762,-0.0780810118,0.350693256,-0.107789271,0.548475862,0.0758947805,0.7656,-0.0131355366,0.454931021,-0.0796717405,0.728716612,0.000364963256,0.444393873,0.0534109399,0.799529,-0.00215967186,0.169847891,-0.0770470351,0.763120711,-0.0329949334,0.161716044,0.0734935105,0.810842931,-0.0529597551,0.45361191,-0.0973913074,0.762972474,-0.115629,0.424432963
7516.666666666714,-0.00856392551,-0.573545933,0.0125250667,0.999671161,0.00235018553,-0.591332614,0.0260799788,0.999466479,0.00536648231,-0.593493283,0.0370804071,0.999281228,0.00440648524,-0.592635632,0.0318501033,0.999571741,-0.0171220712,-0.601611376,0.0194911119,0.999696255,-0.0158812106,-0.598779082,0.00782066677,0.999704182,-0.012516398,-0.588524878,0.0257048383,0.999827445,0.0688058734,-0.582361519,0.119696401,0.999376535,-0.0694525167,-0.533781052,0.136051327,0.999191701,0.0297658183,-0.565894127,0.0558081865,0.999100566,-0.0100367414,-0.52720058,0.0337749608,0.999055803,0.148860306,-0.422804,0.189564526,0.999933,-0.111949138,-0.478123575,0.239055306,0.999922,0.124221273,-0.285167843,0.148492604,0.574982226,-0.080159612,-0.246817589,0.124136113,0.744386077,-0.0203426834,-0.249144286,0.157515585,0.568298817,0.0676477328,-0.252794236,0.0265034474,0.84956485,-0.0731490925,-0.255266219,0.163082913,0.528934538,0.143203,-0.268323958,-0.0256111957,0.804972947,-0.0837818682,-0.268882602,0.168698847,0.510770798,0.165536329,-0.327183515,-0.0160386879,0.785632074,-0.0265876912,-0.242896318,0.162168562,0.417670459,0.0851897821,-0.277728677,0.0231117439,0.695299506,0.0930562839,0.0025895643,0.0225038137,0.999962449,-0.0912793,-0.00659705698,-0.0201172028,0.99996376,0.0892531648,0.424528331,-0.0846748874,0.596898317,-0.078013882,0.350974143,-0.106775753,0.55157268,0.0758913383,0.765568852,-0.0110812541,0.457495779,-0.0802888647,0.728829145,0.00450733,0.448687881,0.0534036905,0.799482822,0.000228415272,0.170057535,-0.0778585225,0.763224125,-0.0283906087,0.163152725,0.0734712481,0.811316669,-0.0497665033,0.455568165,-0.0996471271,0.763508141,-0.109957382,0.428303301
7533.333333333381,-0.00884527,-0.573725104,0.0117879892,0.999671757,0.0021238178,-0.591497302,0.0251979604,0.999469519,0.00515114749,-0.593665898,0.0362218358,0.999285519,0.00416927971,-0.592792571,0.0309898145,0.999575257,-0.0172843486,-0.601811349,0.0186414588,0.999697745,-0.0160570089,-0.598961473,0.00698619476,0.999705315,-0.0126762958,-0.588694,0.0248803478,0.999828577,0.068803519,-0.582472,0.11826852,0.999382794,-0.0693888366,-0.533887923,0.134636432,0.99919647,0.0295986701,-0.566081166,0.0548946857,0.999112964,-0.0101357969,-0.527366042,0.0328561179,0.999069631,0.148978055,-0.422777027,0.187553853,0.999933958,-0.111967221,-0.478318423,0.237956613,0.999923587,0.12350136,-0.285206914,0.14820908,0.578616261,-0.0816955194,-0.247114614,0.123917498,0.746689677,-0.0211823098,-0.250461489,0.157653496,0.570513248,0.0667704195,-0.252906978,0.0261747111,0.851838112,-0.0740439,-0.256940275,0.16352357,0.530238569,0.142427742,-0.268370599,-0.0258337781,0.807462156,-0.0843381435,-0.270596147,0.169229507,0.511897147,0.165090293,-0.327201098,-0.0162471179,0.788284302,-0.0272409543,-0.244301662,0.162370294,0.418829978,0.0845194608,-0.277842432,0.0227749553,0.698829,0.0930513069,0.00258671027,0.0224142801,0.999963,-0.0912719816,-0.00659268629,-0.020035252,0.999964356,0.0893059522,0.424690306,-0.0846190304,0.599807,-0.0779777914,0.351421714,-0.106739864,0.555220842,0.075892441,0.765705168,-0.0106441183,0.458800882,-0.0802935585,0.729367077,0.00467143767,0.452125818,0.0534009598,0.799586058,0.000674045819,0.169776559,-0.0778701901,0.763784766,-0.0282452442,0.164363429,0.0734497532,0.812106609,-0.0487190969,0.456820071,-0.100057013,0.764695704,-0.109453261,0.431775808
7550.000000000048,-0.00882411,-0.57353127,0.0142617421,0.999676406,0.00213460671,-0.591338456,0.0279279221,0.999478102,0.00516408775,-0.593506753,0.0389199704,0.999297261,0.00418043695,-0.592637122,0.0336306058,0.999582291,-0.0172666796,-0.601655,0.0211655721,0.999702454,-0.0160363223,-0.59879297,0.00948932208,0.999709785,-0.0126542198,-0.588527739,0.0273670834,0.9998312,0.0688304156,-0.582366049,0.120933399,0.999394298,-0.0693046227,-0.533739209,0.136541009,0.999209642,0.0296248067,-0.56593436,0.0573145486,0.999128342,-0.0101051815,-0.527180672,0.0350264236,0.999085784,0.149009824,-0.422536701,0.189382091,0.999934793,-0.111942239,-0.478350133,0.238257989,0.999925,0.12328773,-0.285234362,0.148469731,0.578937769,-0.0826880559,-0.247523591,0.123890139,0.746582508,-0.0211790781,-0.250731736,0.157133415,0.569298804,0.0661697462,-0.252316624,0.0260896701,0.851189792,-0.0739782304,-0.257176161,0.16276589,0.529077,0.141879618,-0.266768754,-0.0259137601,0.806835175,-0.0843053088,-0.270820588,0.168537751,0.510650873,0.164930806,-0.325294,-0.0163311101,0.787541807,-0.0272349063,-0.244574487,0.161804512,0.417799711,0.0841039047,-0.276973963,0.0226865858,0.698219121,0.0930434167,0.00259088934,0.0224347766,0.999963522,-0.0912631452,-0.00659529492,-0.0200604871,0.999964952,0.089431,0.424751371,-0.0847456083,0.603659,-0.0776605904,0.351549357,-0.107638784,0.559966505,0.0758939311,0.765752494,-0.0133206286,0.461801171,-0.0798497051,0.729503751,0.00178990897,0.455925286,0.0533996224,0.799625814,-0.0024446242,0.171182632,-0.0773654804,0.763917506,-0.0315138884,0.166005075,0.0735857636,0.812188804,-0.0518760532,0.459563702,-0.0991951525,0.764867306,-0.112929709,0.435203463
7566.666666666715,-0.0089309318,-0.573580742,0.0152933262,0.999679744,0.00197777734,-0.591397643,0.0290619303,0.999482155,0.00500193238,-0.593566895,0.0400047,0.999302268,0.00401036907,-0.592699766,0.0346977226,0.999584436,-0.0174328201,-0.601697206,0.0221961942,0.999705493,-0.016198365,-0.598839641,0.0104879485,0.999713123,-0.012800076,-0.588568,0.0283674672,0.999833226,0.0687140599,-0.582492948,0.121800415,0.999397039,-0.0693385303,-0.533789456,0.137199715,0.999220788,0.0295703914,-0.565992117,0.0583134368,0.9991346,-0.0101577388,-0.527228296,0.0359314159,0.999095,0.149031937,-0.422737837,0.190365732,0.999934494,-0.111932389,-0.478869826,0.238009483,0.999926388,0.123199329,-0.286628246,0.147704959,0.577064633,-0.0834885091,-0.24977088,0.122817978,0.749825239,-0.0211652201,-0.253753364,0.152492315,0.567748129,0.0653119907,-0.25377664,0.025051916,0.854379594,-0.07392288,-0.260001928,0.157448262,0.528237,0.140818939,-0.267617822,-0.0271149315,0.810461164,-0.0842920095,-0.27373448,0.163305134,0.509903967,0.1646014,-0.326063633,-0.0174530912,0.791456,-0.0272473767,-0.24756901,0.157046929,0.417098939,0.0834467709,-0.278173685,0.0217308756,0.703024626,0.0930433422,0.00260326988,0.0225330107,0.999963522,-0.0912646651,-0.00660576299,-0.0201568957,0.999965191,0.0894191116,0.424652278,-0.0844458938,0.601363659,-0.0776555166,0.351368934,-0.107959382,0.560003042,0.0758851,0.765477955,-0.0134260859,0.460232645,-0.0799255818,0.729251087,0.0017023437,0.454669118,0.0533893816,0.7993415,-0.00258378428,0.170684561,-0.0774387121,0.76364392,-0.0315926969,0.165353671,0.0735983327,0.811947465,-0.0521975383,0.45827803,-0.0991787761,0.764597595,-0.113109149,0.433977336
7583.333333333382,-0.00893729739,-0.573980689,0.0157817956,0.999679863,0.00195112266,-0.591786921,0.0294992793,0.999481678,0.00497091701,-0.59396,0.0404128,0.99930346,0.00397402793,-0.593107283,0.0350980572,0.999584496,-0.0174526367,-0.602065504,0.0225269385,0.999704361,-0.0162145607,-0.599235892,0.0107672736,0.999712229,-0.0128116608,-0.588925898,0.0286642388,0.999832094,0.068535246,-0.583186269,0.121879056,0.999399364,-0.0693194866,-0.534470677,0.13723582,0.999219358,0.0295681152,-0.566491306,0.0587311611,0.999136031,-0.0101421187,-0.527797282,0.0362232588,0.99909246,0.149177715,-0.424048454,0.19044143,0.999934793,-0.111926794,-0.480697215,0.236511484,0.99992615,0.123254791,-0.288633257,0.140130833,0.578842461,-0.0833411589,-0.251995116,0.119409189,0.749336839,-0.0209781285,-0.256797343,0.132445812,0.570671,0.0655310526,-0.256243795,0.0221242215,0.852913141,-0.07352411,-0.262454331,0.135120615,0.53226608,0.141000718,-0.269272953,-0.030063251,0.809100807,-0.0841249377,-0.276901066,0.140870675,0.514260709,0.164789811,-0.328203201,-0.0206815787,0.790019453,-0.0271190647,-0.250745445,0.136481389,0.421246767,0.0836206675,-0.280605376,0.0187341664,0.701338828,0.0930566564,0.00262508425,0.0225918796,0.99996388,-0.09127675,-0.00662161922,-0.0202170406,0.999965429,0.0893270448,0.424544662,-0.08400435,0.602766931,-0.0777085423,0.351178378,-0.107955277,0.562313318,0.075865835,0.765409172,-0.0134318201,0.463301808,-0.0800917745,0.729252458,0.0020602697,0.455973566,0.053383261,0.799280286,-0.00262658112,0.172073528,-0.0775828809,0.763646245,-0.0311607104,0.165716112,0.0737128779,0.81187892,-0.0524169728,0.461362153,-0.0992778316,0.76461643,-0.112514764,0.434906691
7600.000000000049,-0.00922176521,-0.573771358,0.0177471805,0.999678612,0.0014845134,-0.591577053,0.0314107463,0.999479353,0.00448916806,-0.593758762,0.0422527157,0.999302149,0.00349016627,-0.592923701,0.0368788876,0.999584198,-0.017829258,-0.601868927,0.0240731984,0.99970144,-0.0165724698,-0.599051774,0.0122213606,0.99970907,-0.0131742833,-0.588726819,0.0301319286,0.999829412,0.0672951,-0.583182037,0.123456433,0.999401212,-0.0696937218,-0.534478784,0.13768436,0.999209166,0.0291735251,-0.566396236,0.0606382452,0.999137461,-0.0104155596,-0.527735054,0.0376575179,0.999085963,0.149141937,-0.424476177,0.192072615,0.999935687,-0.112490542,-0.481346607,0.235871315,0.999925375,0.126800716,-0.289613754,0.138650984,0.580240965,-0.0833887383,-0.253191262,0.115165427,0.746605694,-0.0170045905,-0.258052975,0.125370696,0.575504363,0.0655264407,-0.258485019,0.0170557816,0.849589229,-0.0690842196,-0.263412446,0.126779988,0.537457407,0.140985474,-0.271353781,-0.0353217535,0.805522084,-0.0814433619,-0.278276831,0.132877454,0.519744039,0.164773554,-0.330566525,-0.0257236529,0.786141217,-0.023825055,-0.252102286,0.12917988,0.426343113,0.0835970119,-0.282767743,0.0137611032,0.696484745,0.0930622593,0.00262804772,0.0228829626,0.99996382,-0.0912799835,-0.00662327651,-0.0204988793,0.999965,0.0893287808,0.42444402,-0.0835603,0.59812361,-0.0776374638,0.351048559,-0.108112745,0.557633102,0.0757021457,0.765390396,-0.0146842599,0.461084038,-0.0798212364,0.72927475,0.0011176673,0.451232046,0.0532231815,0.799265563,-0.00434169965,0.171253964,-0.0772159174,0.763677359,-0.0322598815,0.163388059,0.073713854,0.811535418,-0.0555576831,0.459902704,-0.0984479561,0.764612257,-0.114027575,0.430440933
7616.666666666716,-0.00956504792,-0.57384634,0.0158074275,0.999668479,0.00119709806,-0.591623783,0.0290916972,0.999462366,0.00420502806,-0.593810618,0.0399391316,0.999280035,0.00316842529,-0.592975736,0.0345947593,0.999571741,-0.0180965811,-0.601964355,0.0218782,0.999691069,-0.0168435145,-0.599150658,0.00999251753,0.999698699,-0.0134531474,-0.588810146,0.0279682,0.999823391,0.0672411546,-0.583362639,0.120904237,0.999384046,-0.0696889311,-0.535141647,0.135541931,0.999183953,0.0289341509,-0.566496968,0.0587715134,0.999117196,-0.0106100198,-0.527968228,0.035874,0.999063134,0.149698794,-0.424931824,0.189898357,0.999934852,-0.112743556,-0.48271358,0.233301401,0.999924541,0.127982095,-0.2916044,0.131625921,0.584189236,-0.0834032297,-0.25508374,0.110912271,0.748621285,-0.0152558442,-0.269223124,0.118779182,0.581072688,0.0659898221,-0.264218152,0.0121611468,0.851099193,-0.0668914691,-0.277334869,0.120643467,0.542110443,0.141617492,-0.278215736,-0.04017419,0.806695521,-0.0791086,-0.292410493,0.127447248,0.524338186,0.165577307,-0.337824166,-0.0299555119,0.787326097,-0.0218680333,-0.263783485,0.122976668,0.430612504,0.0841417462,-0.288730383,0.00912596565,0.697663069,0.0931340456,0.00264573121,0.0228931922,0.999963522,-0.0913485736,-0.00664037513,-0.0205100141,0.999964654,0.0893256739,0.424436897,-0.083549723,0.593993425,-0.0774981529,0.350959778,-0.108031958,0.554005861,0.075758189,0.765522,-0.0147004742,0.459221929,-0.0794738159,0.729345322,0.00122250326,0.448307782,0.0532970876,0.79937315,-0.00434984034,0.169541374,-0.0768219829,0.763772249,-0.032139197,0.161347166,0.0737464279,0.811537921,-0.0556340553,0.458471119,-0.0983195156,0.764635444,-0.114123076,0.427562803
7633.333333333383,-0.0102671068,-0.574456155,0.015841255,0.999666452,0.000699962198,-0.592178166,0.0291357972,0.999459267,0.00367232412,-0.59436655,0.039987836,0.999278605,0.00261407602,-0.593541205,0.0346403,0.999569774,-0.0186976455,-0.602484941,0.021915853,0.999687612,-0.0174411982,-0.599741697,0.0100413635,0.999695301,-0.0140280323,-0.589362144,0.0280080456,0.999820054,0.0670115873,-0.584291637,0.121020325,0.999385178,-0.0698746592,-0.536550522,0.135603622,0.99917537,0.0283252317,-0.567114115,0.0588125959,0.999109805,-0.0112197343,-0.528879166,0.0359077901,0.999049246,0.149853379,-0.427208364,0.187704161,0.999934793,-0.113166191,-0.484416842,0.232776806,0.999922216,0.128281251,-0.296660215,0.112539828,0.59464854,-0.0818693861,-0.258528143,0.10700772,0.747981966,-0.0159763433,-0.273172796,0.0901217163,0.590787768,0.0671951771,-0.270273983,0.00649636798,0.851587534,-0.0676251501,-0.280094355,0.0900651813,0.551099896,0.142489865,-0.284423709,-0.0461348183,0.807424545,-0.0804394409,-0.294838518,0.0983460248,0.533396661,0.166544795,-0.34462,-0.0361562185,0.788126826,-0.0228458308,-0.267118543,0.0945619717,0.439498723,0.0851822644,-0.294766217,0.00335060386,0.698310435,0.0933582857,0.00262279157,0.0227049869,0.999963641,-0.0915701613,-0.00661697937,-0.0203201063,0.999964416,0.0892715305,0.424227387,-0.0836068541,0.599771142,-0.0775363371,0.350951195,-0.107073009,0.557709575,0.0757153407,0.765518963,-0.0150336521,0.467396379,-0.079573527,0.729593515,0.00277866377,0.452292711,0.0532635413,0.799374521,-0.00466601551,0.17271328,-0.0769113526,0.763983965,-0.0305207316,0.162616357,0.073298648,0.81148243,-0.0569925122,0.466219604,-0.0992098451,0.765220702,-0.113032244,0.431021512
7650.00000000005,-0.010952739,-0.575091779,0.0146921258,0.999652326,0.000410998473,-0.592678308,0.0279981401,0.999435782,0.0033536905,-0.594869852,0.0388526022,0.99925071,0.00227568252,-0.594046652,0.0335383788,0.999551833,-0.0190922823,-0.603124201,0.0209608395,0.999671757,-0.0178472139,-0.600455284,0.00894750096,0.999679923,-0.0144280605,-0.590043426,0.0270054676,0.999809146,0.0669804141,-0.58497864,0.119852595,0.999365747,-0.0699149296,-0.53876251,0.135018408,0.999137104,0.0276964642,-0.567719162,0.0577351227,0.99906975,-0.0118485903,-0.53004241,0.0349919498,0.999000371,0.149983704,-0.429126024,0.18204473,0.999933541,-0.113725945,-0.486734331,0.231177807,0.999918,0.128253356,-0.298843324,0.0962964743,0.604712725,-0.0791297406,-0.262077451,0.10236638,0.747751176,-0.0200811829,-0.273306042,0.0709911,0.599560857,0.0693345591,-0.276624978,-0.000134334507,0.853345573,-0.0723061711,-0.279440641,0.0705974177,0.559380352,0.144133359,-0.291119456,-0.0534033403,0.809706032,-0.0862117,-0.294084609,0.0791448727,0.541796565,0.168346599,-0.351856112,-0.0437168367,0.790685892,-0.0274915546,-0.26695022,0.0756602511,0.447539806,0.0870798454,-0.301211923,-0.00350784883,0.700901568,0.0936352462,0.00259654969,0.0221742596,0.999963343,-0.0918399394,-0.00658937,-0.0197773725,0.999963701,0.0889498889,0.424195379,-0.0837550834,0.603807867,-0.0775884688,0.350945473,-0.105805576,0.558989763,0.0758397654,0.765647888,-0.0154701285,0.476152897,-0.0796402544,0.729661703,0.00670895306,0.454825491,0.0534556657,0.79954648,-0.00510024559,0.175477207,-0.0769765675,0.764018,-0.0262916423,0.163154513,0.0731888935,0.811484039,-0.0590623058,0.473958671,-0.100541756,0.765480757,-0.109438352,0.432797343
7666.666666666717,-0.0109624863,-0.578205168,0.0129443333,0.999649584,0.000408051041,-0.595654,0.0265213866,0.999430776,0.00334286643,-0.597824574,0.0372872353,0.999248505,0.00226279115,-0.597052932,0.0320468098,0.999547601,-0.0191102121,-0.605922401,0.0191118866,0.999666572,-0.0178612676,-0.603458166,0.00683363387,0.999675333,-0.0144406129,-0.592956364,0.0250946302,0.99980408,0.0669054538,-0.588417351,0.118381649,0.999365032,-0.0699255541,-0.542508423,0.1323535,0.999130726,0.0276427139,-0.570733368,0.0561962388,0.999053299,-0.0118804425,-0.533663392,0.0330172591,0.99897784,0.15004532,-0.433556706,0.176984161,0.999932289,-0.114245027,-0.490725547,0.223858073,0.999913692,0.127343372,-0.307578921,0.0736097097,0.615792453,-0.0785905868,-0.267733186,0.0837949216,0.750373304,-0.0208520293,-0.283578485,0.0333989486,0.611615837,0.0728746504,-0.285610318,-0.0213755313,0.856481314,-0.0725572929,-0.288788825,0.0308217201,0.57115829,0.14766638,-0.300326705,-0.0751355812,0.813386619,-0.0865404755,-0.302518159,0.0405741297,0.553791881,0.172869012,-0.362056792,-0.0645641163,0.794632733,-0.0282265376,-0.27611047,0.0379325338,0.459573984,0.0907603279,-0.310233623,-0.0241527408,0.705108166,0.0939519405,0.00258574099,0.0221726373,0.999963164,-0.0921575204,-0.00657772785,-0.0197764114,0.999963045,0.0883168057,0.423680335,-0.0837461203,0.612964332,-0.078152433,0.350576103,-0.105904378,0.5671193,0.0758094,0.766017556,-0.015681481,0.49269551,-0.0803342313,0.729726374,0.0080293268,0.463042885,0.0534496,0.800052583,-0.0053076609,0.183286816,-0.0776572526,0.764044881,-0.0246540476,0.165767774,0.0729878768,0.811454594,-0.0609564893,0.49036938,-0.10208495,0.76576221,-0.108402327,0.440625936
7683.333333333384,-0.00964331161,-0.579471469,0.0143246464,0.999647796,0.00131206214,-0.59696871,0.0279386416,0.999429822,0.00412751362,-0.599152863,0.03868635,0.999250472,0.00308150263,-0.598435283,0.0334566347,0.999548316,-0.0182199609,-0.606916904,0.0202915929,0.999662697,-0.01693042,-0.604495227,0.00790204294,0.999670565,-0.0134966206,-0.593910396,0.0261921156,0.999799311,0.0669813752,-0.590576708,0.119164802,0.999370575,-0.0692068,-0.542963564,0.132523492,0.99911952,0.0286297649,-0.572229743,0.0574969649,0.999047101,-0.0105831316,-0.534764111,0.0340130776,0.998959601,0.150143,-0.43546164,0.177162021,0.999932766,-0.113386989,-0.491781026,0.223858654,0.999909401,0.126090646,-0.309804052,0.0790459886,0.62517792,-0.0773666054,-0.272259593,0.0832968354,0.747883916,-0.0228492692,-0.282999933,0.048185,0.621202826,0.0737073496,-0.290180176,-0.0216608755,0.854250729,-0.0743096173,-0.287840396,0.0473622195,0.580378592,0.148239449,-0.3046574,-0.0749486163,0.811200142,-0.0880466253,-0.301440656,0.0563549735,0.56317687,0.173278511,-0.365562707,-0.064399533,0.792273641,-0.0300122779,-0.275457919,0.0527895167,0.468884885,0.0913696438,-0.314562052,-0.0244720336,0.702118695,0.0939605683,0.00256809709,0.022146266,0.999962866,-0.0921647772,-0.00656579109,-0.0197568163,0.999962151,0.0883115381,0.423666418,-0.0836328,0.61769253,-0.0784101,0.350458771,-0.105836228,0.570035756,0.075759165,0.766755,-0.0165931415,0.502319396,-0.0811462328,0.72972393,0.00862103608,0.465985,0.0533796586,0.800862908,-0.00634000171,0.187231019,-0.0784452558,0.764003813,-0.0240567,0.166530862,0.0720532462,0.811891735,-0.0624421388,0.500050247,-0.102181368,0.765975237,-0.107300907,0.443958074
7700.000000000051,-0.00854686182,-0.581003189,0.00405059243,0.999647439,0.00206332421,-0.598578513,0.0169929732,0.999433577,0.00484805135,-0.600730538,0.027713567,0.999257,0.00374409882,-0.60005486,0.0227968432,0.99955225,-0.0175908487,-0.608214438,0.00890951604,0.999662757,-0.0162636433,-0.605825305,-0.00355059095,0.999669492,-0.0127929403,-0.595092952,0.0149206426,0.999798238,0.0674890801,-0.593241,0.107947476,0.999376535,-0.0686706305,-0.543981612,0.12025097,0.999120593,0.0298671126,-0.573882401,0.0477604121,0.999049544,-0.0092532821,-0.536161244,0.0238366723,0.998955131,0.152484238,-0.436439216,0.169056758,0.999932468,-0.1124897,-0.49350974,0.214127466,0.999906838,0.126132041,-0.310198456,0.0716697425,0.631120682,-0.074146077,-0.27306363,0.0755372643,0.746622264,-0.0195246339,-0.296705663,0.0383932889,0.62879616,0.0789646,-0.295493394,-0.0249707103,0.852225363,-0.0691291243,-0.306826174,0.0379703529,0.586976886,0.153747842,-0.311831266,-0.0766811445,0.808365881,-0.0805954859,-0.321504444,0.0474944226,0.569690645,0.176906809,-0.373189598,-0.0658295676,0.789004445,-0.025466796,-0.290636182,0.0431298576,0.475281745,0.0961066857,-0.320501924,-0.0274774674,0.698067367,0.0940918773,0.00264536287,0.0223489106,0.999962866,-0.0922885835,-0.00665103504,-0.0199974272,0.999961913,0.0887532458,0.423727781,-0.0831591189,0.618626177,-0.0784162581,0.350329071,-0.105449371,0.571154237,0.0758968219,0.768225551,-0.0149445478,0.507820904,-0.0811981931,0.729728043,0.0118007883,0.466419578,0.0535116047,0.802293837,-0.00434049265,0.188523203,-0.0784824491,0.763994753,-0.0203780327,0.164796546,0.0719959363,0.814063668,-0.0600895621,0.507755578,-0.101235375,0.766606,-0.102710947,0.445810527
7716.666666666718,-0.00686993031,-0.581130326,0.00451647071,0.999634326,0.00305765751,-0.598731041,0.0174726602,0.99941653,0.00584909925,-0.600871563,0.0281884633,0.999238074,0.00470111752,-0.600206375,0.0232619774,0.999540806,-0.0164248012,-0.608267367,0.00926813856,0.999650359,-0.0150379371,-0.605872273,-0.00316606765,0.999656558,-0.0115677994,-0.595132411,0.0153022492,0.999789834,0.0676675,-0.59379667,0.108269483,0.999363124,-0.0678872,-0.54397738,0.1198925,0.99909246,0.0312596448,-0.574083626,0.0481823385,0.999017596,-0.00756510301,-0.53624,0.0241694208,0.998910666,0.153193712,-0.436746418,0.169572309,0.999931216,-0.111656025,-0.493717253,0.213591322,0.999901712,0.126185834,-0.310922652,0.0733209774,0.63266933,-0.0712951049,-0.272462964,0.0763880387,0.739114821,-0.0167332,-0.30841285,0.0390325561,0.631179333,0.0814980343,-0.297642082,-0.0221174136,0.845271945,-0.0649169,-0.322864592,0.0384839252,0.588406682,0.156341851,-0.316038311,-0.0739537254,0.800197542,-0.0752242208,-0.338178724,0.0487850793,0.570782602,0.177907646,-0.378359944,-0.0633482337,0.779960573,-0.0218719542,-0.303584903,0.0437492,0.47608918,0.0979383364,-0.323423684,-0.0247051846,0.687277734,0.0941014662,0.00266616163,0.0225436371,0.999962747,-0.092297107,-0.0066785817,-0.02023945,0.999961317,0.0891926661,0.423718631,-0.0833751187,0.618634462,-0.0779907405,0.35024482,-0.105441101,0.569330156,0.0758728907,0.769571722,-0.0207567737,0.511842549,-0.0797214955,0.729739726,0.008832247,0.464396536,0.0534760356,0.803619385,-0.0108823162,0.190205231,-0.076833114,0.764002085,-0.0239999648,0.16317974,0.0719980374,0.81431222,-0.0674325898,0.512678146,-0.0980157778,0.766434491,-0.106320009,0.44457382
7733.333333333385,-0.00548876403,-0.581007123,0.00489238137,0.999624133,0.00402053585,-0.598650694,0.0178911258,0.999402344,0.00678042369,-0.600785911,0.0285971742,0.999225795,0.00563234696,-0.600131631,0.0236694403,0.99953264,-0.0154260406,-0.608110964,0.00955146458,0.999637067,-0.0140229566,-0.605737746,-0.0029213957,0.999643207,-0.010530266,-0.594969928,0.0155555047,0.999779046,0.0676923096,-0.594138324,0.108859465,0.999360502,-0.0677476227,-0.544178843,0.119547233,0.999061286,0.0322038122,-0.574049771,0.0485770889,0.998990417,-0.00659884652,-0.536198,0.0244638454,0.998861,0.153474182,-0.438089252,0.169995427,0.999931276,-0.111651458,-0.495655656,0.212418661,0.999894,0.127308577,-0.311275244,0.0679693744,0.641328692,-0.0650166944,-0.274644256,0.0738214403,0.73257345,-0.0154552553,-0.306641579,0.024563672,0.642112434,0.085884206,-0.304378539,-0.0223141275,0.839607418,-0.0635238513,-0.319404513,0.0225625467,0.598648906,0.15987514,-0.323679328,-0.0735302269,0.793990791,-0.0744923502,-0.334826201,0.0335495174,0.581135452,0.1797629,-0.386356324,-0.0628760457,0.773203135,-0.0207945518,-0.301498026,0.029216798,0.486321062,0.101254255,-0.33034265,-0.0247458443,0.678866625,0.09422,0.00267409394,0.0228112508,0.999962389,-0.0924037099,-0.00668637641,-0.0205443259,0.999959946,0.0893997252,0.423719496,-0.0832417831,0.623466372,-0.0770619959,0.350164801,-0.105052039,0.571205616,0.0759679154,0.770177424,-0.0208705589,0.520393252,-0.0787691176,0.729715466,0.00959802,0.464311928,0.053604,0.804271698,-0.010991686,0.194514871,-0.0757961571,0.763949215,-0.0232481919,0.162016571,0.0724576041,0.814324,-0.0678989,0.52152586,-0.09561079,0.76628834,-0.105763644,0.44451803
7750.000000000052,-0.00340857683,-0.581020534,0.00674856501,0.999611,0.00561136659,-0.598638415,0.0196687169,0.999383,0.00828469452,-0.600782156,0.0302848183,0.99920994,0.00714709237,-0.600124896,0.0254547242,0.999523342,-0.013470374,-0.60810107,0.0105514629,0.999617934,-0.0120451981,-0.605735183,-0.00208099256,0.999624074,-0.00848648,-0.594961405,0.0164522529,0.999763191,0.0676326454,-0.594334483,0.109949701,0.99936074,-0.0671082214,-0.544590354,0.119961232,0.999010086,0.0333486758,-0.574106514,0.0504151136,0.998968542,-0.00509906095,-0.536367,0.0252510328,0.998807132,0.153493717,-0.438947052,0.170463637,0.999932647,-0.111654058,-0.49838239,0.212033823,0.999884307,0.128837213,-0.311422139,0.0664246678,0.654360771,-0.0592026338,-0.282268494,0.0726785287,0.721709251,-0.0153475208,-0.305154651,0.021020934,0.656594694,0.0875840113,-0.314896822,-0.0221407581,0.827568173,-0.0636658743,-0.316551447,0.0188182592,0.612846255,0.160610124,-0.33389914,-0.072844021,0.781632841,-0.074649021,-0.332449138,0.0295584146,0.595662057,0.179719016,-0.395733505,-0.0623652823,0.760051727,-0.020847857,-0.299924195,0.0255224146,0.50119853,0.102161013,-0.340472519,-0.024528129,0.66423279,0.094294779,0.00268004811,0.023034079,0.999962747,-0.0924664661,-0.00668811193,-0.0207792856,0.999959111,0.089808926,0.423720181,-0.0829805955,0.632962406,-0.076629,0.350274473,-0.104934484,0.57628423,0.0759626627,0.770304739,-0.0195390172,0.532008171,-0.0787052363,0.729736149,0.0127944,0.467075825,0.053591378,0.804429591,-0.00928343832,0.20062764,-0.0757518932,0.763953447,-0.0196231268,0.162190169,0.0725511,0.814720392,-0.0659711733,0.531970501,-0.0955940038,0.766441882,-0.101205781,0.44595775
7766.666666666719,-0.00218737056,-0.58136946,0.00900747534,0.999584556,0.00639253948,-0.598833621,0.0212195776,0.999344587,0.00903245527,-0.601019084,0.0317563,0.99917388,0.00789394602,-0.600345194,0.0269546323,0.999503493,-0.0119197927,-0.608303964,0.0113633843,0.999584615,-0.0104789063,-0.605979681,-0.00137302466,0.999591708,-0.00682108849,-0.595178246,0.0172100533,0.999738514,0.0663327277,-0.594551921,0.110318631,0.999352455,-0.0659820065,-0.545081615,0.118626572,0.998930514,0.0336943343,-0.574469626,0.0518864915,0.998938,-0.00396631565,-0.536926627,0.0258065518,0.998733819,0.153162658,-0.43972078,0.170439929,0.999934316,-0.11170049,-0.500280797,0.209428221,0.999873638,0.131065145,-0.311232775,0.0673269331,0.664185405,-0.0539619029,-0.284959167,0.0725110844,0.710678101,-0.0130595537,-0.303592533,0.0193011928,0.670124471,0.090033181,-0.324979156,-0.0212473758,0.816123068,-0.0617256314,-0.314196885,0.016731251,0.627104,0.162317,-0.34585467,-0.0725315064,0.770650327,-0.0739015,-0.330632448,0.0263568014,0.610436082,0.179678112,-0.409012914,-0.0616736971,0.748386383,-0.0191590153,-0.298477143,0.0230425652,0.516364515,0.103379123,-0.351683319,-0.0236771442,0.651192486,0.0943088308,0.0026962352,0.0232517496,0.999963403,-0.0924783051,-0.00669685192,-0.0210127309,0.999958456,0.0899073556,0.423626,-0.0826899782,0.641745508,-0.0766405091,0.350694,-0.104924776,0.58066535,0.0752515644,0.77033329,-0.0192176104,0.543603659,-0.0787323639,0.729720652,0.0142494766,0.468654633,0.052713789,0.804488778,-0.00888303481,0.20707798,-0.0758044571,0.763910234,-0.0179486088,0.162614986,0.0725440606,0.815158844,-0.064918749,0.541706562,-0.0963503718,0.766452909,-0.0972735137,0.446125895
7783.333333333386,-0.00195420976,-0.581544936,0.0103174923,0.999553382,0.00644227723,-0.598939955,0.0217813309,0.999298632,0.00908273179,-0.601156116,0.0322977863,0.999127924,0.00794518273,-0.600472212,0.0275006276,0.999478877,-0.0115325656,-0.608387113,0.0115931947,0.99954766,-0.0100664515,-0.606081247,-0.00118714641,0.999555826,-0.0063873888,-0.595271826,0.0174386017,0.999712467,0.0643271282,-0.594772875,0.110145107,0.999336183,-0.0653321147,-0.545273721,0.116890565,0.998839855,0.0336854234,-0.574716508,0.0525332,0.998902917,-0.00359359,-0.537188888,0.0259971078,0.998657286,0.152540833,-0.440457255,0.168994382,0.999936,-0.111788593,-0.500877857,0.208257332,0.999864638,0.131299406,-0.311067343,0.066826582,0.671879053,-0.0523201451,-0.284720629,0.0729773641,0.699046135,-0.012902881,-0.302949786,0.017850833,0.681102872,0.0901031569,-0.328921527,-0.0205180645,0.805481851,-0.0616338365,-0.31316039,0.0150682582,0.638663054,0.162244916,-0.351250708,-0.0718399361,0.760918379,-0.0740421,-0.330510765,0.0241656173,0.622450769,0.17925334,-0.415600687,-0.0609875508,0.738126,-0.0190966371,-0.298171759,0.0212153587,0.528371036,0.10322234,-0.356575757,-0.0229883883,0.639434934,0.0943196714,0.00269877375,0.0232677497,0.99996376,-0.0924840793,-0.00669869967,-0.021032352,0.999957561,0.0895683318,0.42372188,-0.0827386528,0.644906521,-0.0774479881,0.350853562,-0.104926214,0.578880966,0.072256878,0.771680832,-0.0217251536,0.549268186,-0.079153195,0.730150342,0.012323508,0.465641439,0.0494319834,0.805970788,-0.011756965,0.209785119,-0.0762296841,0.764381766,-0.0203540772,0.161103576,0.0710264891,0.816044927,-0.0677801743,0.54636246,-0.0979457349,0.766630948,-0.0990502462,0.442787737
7800.000000000053,-0.00229332596,-0.583799124,0.0121191023,0.999526,0.0061440412,-0.601122618,0.0231010783,0.99925977,0.00872627832,-0.603441894,0.0335751474,0.999089956,0.00761407381,-0.602770388,0.0288072564,0.999457538,-0.0116398213,-0.610390425,0.0131671987,0.999514401,-0.0101678027,-0.608204,0.000275399711,0.99952352,-0.00648100767,-0.597315133,0.0189332608,0.999688148,0.0634871349,-0.596291423,0.110303558,0.999322355,-0.0648105517,-0.546443284,0.117221892,0.998757303,0.0332748145,-0.576535583,0.0535506271,0.998861074,-0.00367405149,-0.539087594,0.0272208154,0.998573184,0.152386457,-0.441595376,0.166435152,0.999936581,-0.111847721,-0.501689255,0.208468109,0.999851882,0.13110742,-0.31310755,0.0578591973,0.678205431,-0.0522876531,-0.28831017,0.0718554631,0.684385359,-0.0135549651,-0.303137273,0.006386742,0.688356757,0.089893356,-0.33404848,-0.024580067,0.789945066,-0.0620692782,-0.312722713,0.00277955737,0.645989,0.161480621,-0.356283873,-0.0759574175,0.746447921,-0.0748492554,-0.330075055,0.0124736987,0.629985,0.177291512,-0.420694262,-0.0661962852,0.723204792,-0.0197824631,-0.298207462,0.0098668132,0.535643399,0.102741487,-0.361594617,-0.0274955779,0.623114467,0.0944865271,0.00268517574,0.0232682806,0.999963939,-0.0926505849,-0.00668775477,-0.0210354924,0.999956667,0.0886470228,0.424021274,-0.0820963532,0.646508396,-0.078152135,0.351044059,-0.104494505,0.57801,0.0712991059,0.773059726,-0.0194171872,0.553559661,-0.0799871534,0.730876,0.0122967772,0.464247,0.0485444479,0.80739069,-0.009246164,0.211343065,-0.0770223066,0.765044689,-0.020430278,0.1599188,0.0703033,0.816175163,-0.0670608729,0.550167322,-0.0984880924,0.766869903,-0.0994756892,0.44139421
7816.66666666672,-0.00279882317,-0.585171103,0.0115932869,0.999513865,0.00581428595,-0.60246551,0.0224647578,0.999241769,0.00836137217,-0.60481745,0.0329576358,0.999072313,0.00724359695,-0.604173541,0.0282078907,0.999447763,-0.0119527327,-0.611835778,0.0127730528,0.999498308,-0.0104792891,-0.609694064,-0.000114724258,0.999507606,-0.00678975,-0.598766267,0.0185351577,0.999676,0.0631291568,-0.597604871,0.108669788,0.999315858,-0.0647885501,-0.548496306,0.116169654,0.998711526,0.0327915885,-0.577826917,0.0530547313,0.998838186,-0.00400209706,-0.540692151,0.026936898,0.998525739,0.152321324,-0.442925364,0.16320765,0.999936521,-0.112024374,-0.50453651,0.207547113,0.999842346,0.131093949,-0.315142751,0.0516665131,0.684156358,-0.0519514903,-0.295050323,0.0692565,0.672792137,-0.0135947829,-0.305223525,0.000185346231,0.693057597,0.0895664841,-0.336411417,-0.0290577561,0.775253475,-0.0621411614,-0.314426601,-0.00372775528,0.650324643,0.161391109,-0.357035667,-0.0807160363,0.732324123,-0.0749576613,-0.331861,0.00609167805,0.634434342,0.176977769,-0.420356542,-0.071398288,0.708623469,-0.0198327191,-0.300143868,0.00389237516,0.539668381,0.102570944,-0.363048971,-0.0322396271,0.607465863,0.0946714133,0.0026809522,0.0233001821,0.999964178,-0.092833519,-0.00668476662,-0.021065034,0.99995625,0.0884091556,0.424051672,-0.0818270594,0.647900462,-0.0788652599,0.350935549,-0.104506984,0.578088522,0.0706814229,0.773990631,-0.0170710012,0.556989491,-0.0804044455,0.731351793,0.012242048,0.46395278,0.0478847809,0.808364749,-0.00663714763,0.211944342,-0.0773689821,0.765504,-0.0205209404,0.158657432,0.0691168234,0.816184342,-0.0664235204,0.553813815,-0.0985062644,0.766945779,-0.101416677,0.441010356
7833.333333333387,-0.00321858772,-0.585254312,0.0125242574,0.999502599,0.00546109769,-0.602588713,0.0234269742,0.999225199,0.0079853693,-0.604928255,0.0338652842,0.999058306,0.00688438118,-0.604302466,0.0292053428,0.999439,-0.0123087177,-0.611902833,0.0139390612,0.99948281,-0.0108151361,-0.609772384,0.00100380962,0.999493182,-0.00712213852,-0.598855853,0.019669231,0.999663711,0.063018471,-0.59783715,0.108951308,0.999312,-0.064745076,-0.548682749,0.117066033,0.998663425,0.0325434916,-0.577891588,0.0539205968,0.99881804,-0.00421505515,-0.540768564,0.0280556399,0.998479247,0.152314365,-0.443290174,0.163264975,0.999937177,-0.112031832,-0.504796,0.208167464,0.999833643,0.131088093,-0.315854609,0.0493407547,0.690435946,-0.0504743122,-0.294677854,0.069870621,0.655854344,-0.0136259357,-0.305913538,-0.00290359743,0.69788909,0.0893213078,-0.333521754,-0.0291045941,0.756940663,-0.0620797798,-0.315295488,-0.00730545959,0.654494047,0.161004707,-0.353666961,-0.0808695704,0.715375185,-0.0750186071,-0.332788885,0.00344616547,0.638658643,0.17621091,-0.41683802,-0.0719439909,0.691331804,-0.0198711324,-0.30081746,0.00113161199,0.543410659,0.102475353,-0.359970719,-0.032447461,0.589161873,0.0949566141,0.00267767906,0.0233607497,0.999964416,-0.0931271464,-0.00668344786,-0.0211275574,0.999955833,0.0883805156,0.424050838,-0.0818758,0.650270939,-0.0791601166,0.349741787,-0.104804851,0.580127537,0.0702888817,0.7745049,-0.0170202591,0.561057031,-0.0804764554,0.731364846,0.00821022317,0.465993285,0.0475187898,0.808910131,-0.00657662842,0.214224532,-0.0773854107,0.765513062,-0.0253400374,0.158379972,0.0688735917,0.815971732,-0.0673068687,0.558358192,-0.096704863,0.766774893,-0.112855583,0.442856699
7850.000000000054,-0.00359797641,-0.585284948,0.0125245135,0.999492884,0.00522435363,-0.60265404,0.0235009138,0.99921006,0.00773898186,-0.604983568,0.0339445844,0.999043822,0.00664633047,-0.604371428,0.02927671,0.999429286,-0.0126618361,-0.611958683,0.0140533242,0.999469757,-0.0111485198,-0.609837651,0.0011364551,0.999481082,-0.0074635311,-0.598935306,0.0197899528,0.999653637,0.0629645884,-0.597952485,0.109106377,0.999304116,-0.0647898763,-0.548990846,0.117248289,0.998625934,0.0322710946,-0.577913046,0.0539847948,0.998793542,-0.00455967942,-0.540840209,0.028167082,0.998435915,0.152230948,-0.443334252,0.163207129,0.999937,-0.112269379,-0.505176246,0.208367601,0.999826729,0.130121246,-0.315738946,0.0468891114,0.693357527,-0.0507232286,-0.294106305,0.0695522949,0.642875075,-0.0137421824,-0.305454582,-0.0095139984,0.700058281,0.089202866,-0.331483543,-0.0321176238,0.743307769,-0.0620680675,-0.314780354,-0.0148629257,0.656656802,0.160489321,-0.351536542,-0.0846532956,0.702856243,-0.0750689581,-0.332179546,-0.00430197408,0.641005158,0.175870106,-0.41447261,-0.0761095956,0.678635716,-0.0199428257,-0.300340414,-0.00564403553,0.545204878,0.102407359,-0.35788551,-0.0357127041,0.575138509,0.0952179953,0.00268102018,0.0235135052,0.999964416,-0.0933949798,-0.00668803882,-0.0212753527,0.999955356,0.0882992595,0.424052596,-0.0818170682,0.650104821,-0.0794737935,0.349023819,-0.105346709,0.581079721,0.0701132789,0.775046825,-0.0166826323,0.563781,-0.0805977881,0.731480837,0.00605097553,0.467254877,0.0473829694,0.809515655,-0.00621411204,0.215508252,-0.0774428,0.765624583,-0.0277761016,0.157584384,0.0688549951,0.815786719,-0.0675561205,0.561849535,-0.0955704153,0.766745925,-0.118366785,0.443863183
7866.666666666721,-0.00361839356,-0.584723175,0.0127954399,0.999483883,0.0052334033,-0.60206759,0.0239298325,0.999195457,0.00775520317,-0.604371428,0.0343386829,0.99902916,0.00666035851,-0.603788674,0.0296758059,0.99941957,-0.01266535,-0.611561358,0.0142373051,0.999458194,-0.0111526735,-0.609443903,0.00128718722,0.999470651,-0.00746970112,-0.598574877,0.0199583527,0.999645233,0.0627797917,-0.597607553,0.110016495,0.999295473,-0.0648648,-0.549054384,0.117382511,0.998598874,0.0322337858,-0.577493131,0.0544732288,0.998773873,-0.00459151,-0.540660203,0.028311966,0.998401761,0.151808202,-0.443241358,0.165687501,0.999936879,-0.112982742,-0.505820394,0.207456589,0.999823451,0.129990727,-0.31511575,0.0481222868,0.692602694,-0.051015418,-0.293550253,0.0680445507,0.634931684,-0.0135532077,-0.305140942,-0.00548130646,0.702178,0.0890795961,-0.330195487,-0.0326946,0.735979557,-0.0616504923,-0.31452471,-0.0104521159,0.659781039,0.16004324,-0.350072235,-0.085165076,0.696297586,-0.0748475045,-0.332300901,-0.000475275912,0.644425213,0.175298437,-0.413233221,-0.0764609948,0.671796322,-0.0197873209,-0.300130129,-0.00179201108,0.548062742,0.102217525,-0.356591582,-0.0361297503,0.566736698,0.0952633917,0.00273976196,0.0247357227,0.999964356,-0.093437545,-0.00674563181,-0.0224828962,0.99995476,0.0883167833,0.423756838,-0.0809129551,0.648643851,-0.0794871375,0.348478526,-0.10808485,0.581807613,0.0699901879,0.775184035,-0.0166558214,0.566157401,-0.0802923143,0.731385946,0.00296482584,0.466775775,0.0472527668,0.80973947,-0.00621228525,0.21800676,-0.0770624802,0.765524924,-0.0308105536,0.156840011,0.0690254,0.815529346,-0.0676172376,0.5649243,-0.0937202126,0.766091049,-0.120835908,0.442691177
7883.333333333388,-0.00374108157,-0.584188342,0.0131991487,0.999477565,0.00520896958,-0.601596594,0.0246372875,0.999187171,0.00773740467,-0.603880942,0.0350103453,0.999020696,0.00664206035,-0.603328228,0.0303371735,0.999414206,-0.012749685,-0.611216545,0.0148752,0.999449492,-0.011236066,-0.609112859,0.00186531525,0.999461412,-0.00755931903,-0.598277807,0.0205721352,0.999637663,0.0628392845,-0.597362041,0.111598536,0.999289393,-0.064987883,-0.549132586,0.118465237,0.998572409,0.0321374759,-0.57705313,0.0551269762,0.998743355,-0.00484572165,-0.540442109,0.0289515164,0.99835068,0.151758879,-0.443141103,0.167847499,0.999936104,-0.113335237,-0.506038964,0.207594588,0.999816954,0.129015788,-0.314473808,0.0498180948,0.689501524,-0.0512540936,-0.293222547,0.0682049692,0.624575913,-0.0135673862,-0.304496884,-0.00503666606,0.700908244,0.0889529362,-0.33055982,-0.032158047,0.724020541,-0.0614342913,-0.313895613,-0.010225784,0.659608662,0.159920707,-0.350681,-0.084490411,0.684731603,-0.0746801496,-0.331851542,-0.000439064577,0.644481659,0.175310299,-0.414842457,-0.0757398754,0.659802139,-0.019794926,-0.299551755,-0.00150858599,0.547505081,0.102132402,-0.357259125,-0.0355695449,0.553441942,0.0953647,0.00276934681,0.0251481552,0.999964476,-0.093539156,-0.00676937075,-0.0228883177,0.999954343,0.0882698894,0.423249692,-0.0807389915,0.646280229,-0.0795028955,0.34763664,-0.108940877,0.581268609,0.069967486,0.77490288,-0.0170111954,0.567629933,-0.079863213,0.730775118,0.00152319542,0.465249449,0.0472474322,0.809519172,-0.00669347728,0.219918147,-0.0765387043,0.764883935,-0.0322755128,0.155937225,0.069554396,0.814025521,-0.068540141,0.566663325,-0.0928041637,0.764938235,-0.121508881,0.440503538
7900.000000000055,-0.00397514831,-0.584017396,0.0105192829,0.999464035,0.00516883889,-0.601478159,0.0218207892,0.999166965,0.00771252625,-0.603743255,0.0322593,0.99899596,0.00660773925,-0.6032,0.027564032,0.999398887,-0.0128586898,-0.611174822,0.012356896,0.999435067,-0.0113504827,-0.60907048,-0.000599668652,0.999447525,-0.00767442305,-0.59823674,0.0180993099,0.999628603,0.0630678311,-0.597340345,0.109329127,0.999269664,-0.0649944395,-0.549698651,0.116855241,0.998539329,0.0320295207,-0.576964259,0.0529034622,0.998701036,-0.00505165569,-0.540417194,0.027081348,0.998293698,0.151893616,-0.4431265,0.167398483,0.999934435,-0.11337129,-0.50681895,0.206977591,0.999812365,0.128600419,-0.312758833,0.051112093,0.685607731,-0.051072754,-0.292917728,0.0683452,0.616844177,-0.0136122135,-0.302019209,-0.00381082087,0.695919216,0.0894060209,-0.329849362,-0.0306859761,0.715010464,-0.0614359565,-0.311294764,-0.00865514856,0.655826032,0.160553783,-0.349853277,-0.0828913525,0.676231921,-0.0746240616,-0.329713762,0.000790934078,0.640823305,0.175824881,-0.413965255,-0.074373506,0.650922954,-0.0198150929,-0.297297776,-0.000304586778,0.543191373,0.102594927,-0.356512338,-0.0342270359,0.543508172,0.0954655,0.00281234924,0.0252442285,0.999964654,-0.093638584,-0.00680151954,-0.0229819212,0.999954343,0.0882539675,0.423160821,-0.0804474056,0.645615578,-0.0801077634,0.346813709,-0.108918436,0.581549168,0.0698224083,0.774894416,-0.0167604238,0.569760442,-0.0798582956,0.730547249,0.00208337163,0.464929163,0.047080934,0.8095119,-0.00647010375,0.221212834,-0.0765218735,0.764687717,-0.0316141285,0.155319422,0.0695008412,0.813786566,-0.0683231801,0.568711817,-0.0928488448,0.76445955,-0.120163366,0.439270169
7916.6666666667215,-0.00393724535,-0.583992898,0.00971550494,0.999458492,0.00535881,-0.601457119,0.0213029,0.999154687,0.00795768,-0.603723526,0.0317682624,0.998975575,0.00681567425,-0.603177845,0.027029058,0.999385,-0.012833979,-0.611159265,0.0119078765,0.999432087,-0.0113311699,-0.60904932,-0.000983456266,0.99944514,-0.00766148465,-0.598217905,0.0176927969,0.999629557,0.0641583055,-0.597325146,0.109335892,0.999245465,-0.0649896488,-0.549806,0.116912059,0.998545408,0.0322034545,-0.576944888,0.0524033532,0.99867022,-0.0050536776,-0.540394425,0.0267215222,0.998275518,0.152843043,-0.442717195,0.167815059,0.999931276,-0.113365732,-0.506783605,0.206913039,0.999815822,0.128480852,-0.310710818,0.053035032,0.674511,-0.0529317595,-0.291769713,0.0685738847,0.619392514,-0.0127947601,-0.300802827,-0.0016538807,0.681051791,0.0893447697,-0.326171279,-0.0286333542,0.718884468,-0.0600761399,-0.310589403,-0.00579442503,0.642240763,0.16047053,-0.345263749,-0.0805611759,0.679653287,-0.0724329874,-0.328733534,0.00333783473,0.627008855,0.176227212,-0.409526765,-0.0716381744,0.654182613,-0.0186723676,-0.296182245,0.00185408362,0.529501677,0.102533884,-0.352797687,-0.0320025422,0.546008348,0.0955264,0.00286619412,0.0253855977,0.999964535,-0.0937028527,-0.00685882615,-0.0231394544,0.999954879,0.0883324221,0.423142195,-0.0804917514,0.640188098,-0.0802548677,0.346400917,-0.109468855,0.579841495,0.0698195398,0.774541736,-0.0175882503,0.56521672,-0.0794157162,0.73016721,-0.000660091464,0.462254554,0.0470842,0.809056401,-0.00747552933,0.219633922,-0.0759845,0.764282167,-0.0346053727,0.154423624,0.0696790367,0.812264502,-0.0686436221,0.564964235,-0.0925591886,0.76301,-0.122091755,0.436423898
7933.3333333333885,-0.00367347966,-0.584235609,0.0096824225,0.999444246,0.005809661,-0.601717114,0.0213726163,0.999124,0.00848319288,-0.603946149,0.0318408832,0.998932183,0.00729809143,-0.603411198,0.0270906053,0.999356,-0.0126345195,-0.61142987,0.0119909439,0.999419,-0.0111295609,-0.609300315,-0.000884031469,0.999433935,-0.00746836653,-0.598502,0.0177838076,0.999624968,0.0652096793,-0.597536206,0.109480709,0.99919939,-0.0648816302,-0.550184965,0.117142364,0.998529,0.032599479,-0.577247,0.0524410717,0.998618126,-0.00488192542,-0.5406425,0.0267891716,0.998238564,0.153438419,-0.442687839,0.168534443,0.999927461,-0.113333113,-0.506823301,0.207213491,0.999819279,0.128157884,-0.310177386,0.0549879968,0.662288547,-0.0578579716,-0.290446848,0.0705865398,0.622059703,-0.0124331685,-0.299419016,-0.000995346811,0.664686859,0.0880597234,-0.320624262,-0.0269298442,0.724060297,-0.0594163761,-0.30910942,-0.00536482781,0.62772578,0.159939393,-0.33832103,-0.0793030113,0.684821248,-0.0715515614,-0.326889277,0.00369801,0.612435341,0.176268131,-0.402909338,-0.0704200491,0.659433305,-0.01822575,-0.294697255,0.00241849478,0.515023112,0.102016538,-0.347096533,-0.0303694736,0.550503969,0.0955483615,0.00288456329,0.0254007149,0.999964237,-0.0937244147,-0.00687891757,-0.0231559835,0.999955297,0.0882807598,0.423098207,-0.0805733576,0.63543433,-0.080460608,0.345777392,-0.110014051,0.578360915,0.0699650124,0.774331689,-0.0204523318,0.563062251,-0.0788404942,0.729700625,-0.00417036377,0.460653543,0.0473345481,0.80881542,-0.0108143883,0.219128758,-0.0752721056,0.763783813,-0.038440492,0.154011428,0.0704052597,0.810920715,-0.0718508065,0.563320756,-0.0921845138,0.761778951,-0.125776678,0.434736848
7950.0000000000555,-0.00346757029,-0.584364474,0.00875003822,0.99941957,0.0061958381,-0.60187906,0.0207547173,0.999073267,0.00892171264,-0.604073882,0.031229442,0.998862,0.00769605907,-0.603546143,0.0264411643,0.999308348,-0.0125093246,-0.611579776,0.0114669744,0.999396145,-0.01100663,-0.609439611,-0.00135071052,0.999414623,-0.00734477397,-0.598647118,0.0173042621,0.999616146,0.0666284859,-0.597742736,0.109418,0.999125123,-0.0647516102,-0.550368965,0.117216,0.998500645,0.0330742672,-0.577446938,0.0517931655,0.998527408,-0.00468532741,-0.54077071,0.026341835,0.998169959,0.154942915,-0.44265452,0.168845803,0.999921,-0.11318589,-0.506866395,0.207186967,0.999822795,0.127481878,-0.310095876,0.05601402,0.643944,-0.0619659349,-0.289637119,0.0707690939,0.625316858,-0.012171125,-0.299057722,-0.000100674617,0.640997589,0.0870468616,-0.31584847,-0.0268178806,0.729496956,-0.0589276068,-0.308718771,-0.00444656704,0.606678188,0.159508526,-0.332168519,-0.0791263059,0.690158188,-0.0706723928,-0.32621944,0.00428886432,0.591381669,0.176538244,-0.396755904,-0.0702448487,0.664841831,-0.0178348124,-0.294225156,0.00328163593,0.495083392,0.101730235,-0.341988325,-0.0302666333,0.555134177,0.0956099,0.00295827538,0.0255072191,0.999964058,-0.0937949643,-0.00695468765,-0.0232688673,0.999956,0.0882748812,0.423146129,-0.0804611146,0.630105376,-0.0804566592,0.34532854,-0.110035524,0.577406704,0.0709884316,0.774352,-0.0206924584,0.562133253,-0.0780476406,0.72935909,-0.00480433227,0.460936189,0.0486961193,0.808825552,-0.0111636873,0.219281241,-0.074402079,0.763429463,-0.0391305201,0.154013932,0.0727368742,0.810391,-0.072317034,0.563172638,-0.0915574804,0.760757,-0.126726076,0.435026765
7966.666666666722,-0.00348387822,-0.584366381,0.00848313421,0.999375701,0.00624765595,-0.601885915,0.0205403436,0.998995,0.00898922887,-0.60407269,0.0310092513,0.998760879,0.00775688374,-0.603545,0.0262340177,0.9992432,-0.0125117498,-0.611578882,0.0114676673,0.999353588,-0.0110109951,-0.609438419,-0.00132884143,0.999376714,-0.00734837586,-0.598647356,0.0173179973,0.999595702,0.0681289732,-0.597725093,0.109104455,0.999031603,-0.0641128,-0.550343692,0.117778853,0.998423338,0.0332301259,-0.577440441,0.0514476635,0.998399496,-0.00463998131,-0.540752888,0.026342608,0.998050511,0.156758174,-0.442097694,0.168506905,0.999916136,-0.112583704,-0.506542206,0.208517686,0.999823451,0.12702778,-0.30784297,0.0562937446,0.626963496,-0.061979942,-0.287115902,0.076628983,0.619948804,-0.0122222574,-0.294057071,0.00277501508,0.617572069,0.086997062,-0.313031852,-0.0207903385,0.727654397,-0.0589412861,-0.303727865,-0.000741585449,0.585510314,0.159469023,-0.329949588,-0.0733229816,0.688209772,-0.0706094,-0.320751518,0.00820230693,0.570117772,0.176891237,-0.394855142,-0.0648754761,0.662733078,-0.0178456344,-0.289020807,0.00650882348,0.474989533,0.101701707,-0.339419723,-0.024485508,0.551910818,0.0957795382,0.00300658378,0.0253024772,0.999964356,-0.0939835832,-0.00699969288,-0.023073867,0.999956965,0.0881954581,0.423216909,-0.0804474577,0.627545476,-0.0805256292,0.34516722,-0.109107956,0.576899111,0.0723670572,0.774324596,-0.0206083432,0.564048409,-0.0778694302,0.729258537,-0.00460488955,0.463484,0.0503736548,0.808780313,-0.0110824192,0.220073551,-0.074211292,0.763332307,-0.0390036143,0.154869631,0.0738613307,0.810351729,-0.0723190308,0.564872324,-0.0915734842,0.760683894,-0.126369745,0.437499881
7983.333333333389,-0.00358495908,-0.584307849,0.00847943407,0.999344587,0.00623973,-0.601833463,0.0205767825,0.998938382,0.00898637809,-0.604001403,0.0310446974,0.998687863,0.00775355147,-0.603477538,0.0262690485,0.99919492,-0.0125737302,-0.611516297,0.0115141859,0.999323547,-0.0110730147,-0.60937804,-0.00127784151,0.999350727,-0.00740780355,-0.59859544,0.0173709523,0.999581337,0.068653062,-0.59755379,0.109140024,0.998961449,-0.0640086606,-0.550276577,0.118586779,0.998369634,0.0332356617,-0.577343464,0.0514425598,0.998301566,-0.00466755591,-0.540653348,0.0263725277,0.997958422,0.157455891,-0.441191703,0.168568254,0.999912143,-0.112389013,-0.506197035,0.208976284,0.999824345,0.126911908,-0.30509463,0.0565210171,0.611975729,-0.0618644282,-0.284156829,0.0786857232,0.614875674,-0.0121625168,-0.289464295,0.00325033511,0.597794,0.0869566724,-0.309468597,-0.0187047496,0.726201057,-0.0587876067,-0.298961133,-0.000238799883,0.568019569,0.159422442,-0.326668561,-0.0714077726,0.686948478,-0.0703491569,-0.316150039,0.00872862432,0.55263418,0.177066579,-0.391989559,-0.0631819814,0.661408305,-0.0177643932,-0.284498453,0.00697096763,0.458385736,0.101704597,-0.336029887,-0.0225036349,0.549433112,0.0959086642,0.00311508239,0.0253034215,0.999964654,-0.0941248313,-0.00710796,-0.0230764542,0.9999578,0.0881034,0.423195571,-0.0804598257,0.625297487,-0.0806634277,0.34469679,-0.109035537,0.577877283,0.0727849156,0.77431041,-0.0208778698,0.566539705,-0.077872932,0.728898,-0.00508849369,0.466744542,0.0509279184,0.808769882,-0.0113875614,0.221905455,-0.0742146447,0.762969494,-0.0395547897,0.155819714,0.0746708065,0.810217559,-0.0734758675,0.567421556,-0.0915704742,0.760442615,-0.128252119,0.440408885
8000.000000000056,-0.00376620982,-0.58265996,0.0088063376,0.999300122,0.00621436397,-0.600137472,0.0212781504,0.998855531,0.00897287671,-0.602221072,0.0317164287,0.998577118,0.00773986,-0.601720393,0.0269518048,0.999122262,-0.0127208168,-0.609873176,0.0125118159,0.999281526,-0.0112182871,-0.607727945,-0.000253813341,0.999313533,-0.00757016568,-0.597027481,0.0183751136,0.999561369,0.0692580417,-0.595538676,0.111079492,0.998857498,-0.0640427694,-0.54902941,0.122166559,0.998297,0.0332161151,-0.57553035,0.0519375242,0.998172104,-0.00487622712,-0.53899467,0.0272317305,0.997849822,0.157756761,-0.438279778,0.169951349,0.999907374,-0.112429,-0.504521728,0.212560296,0.999826074,0.126738712,-0.301428586,0.0571668856,0.594983518,-0.0621093139,-0.278835356,0.0843541697,0.607773781,-0.0121385222,-0.284844965,0.0035556776,0.575387299,0.0866390467,-0.300631374,-0.0146852396,0.724749386,-0.0586577766,-0.294814587,0.000208487822,0.547816217,0.159204692,-0.317670226,-0.0678264797,0.685672879,-0.0701673478,-0.311668783,0.00906876475,0.532397747,0.177129075,-0.382997692,-0.0598177575,0.660072,-0.0177311786,-0.279785812,0.00719771814,0.439568788,0.101613216,-0.327096105,-0.0186021551,0.546718419,0.0960730538,0.00322692096,0.0252422746,0.999964893,-0.0943059,-0.00722322334,-0.0230124816,0.999958754,0.0880120769,0.423401564,-0.0804432109,0.620770872,-0.0806826,0.344581336,-0.109004192,0.577661157,0.0728257075,0.774316907,-0.0202887896,0.565576196,-0.0782105476,0.728799939,-0.00600247644,0.470140278,0.0509690642,0.808774769,-0.0107029183,0.220958367,-0.0746211931,0.762856424,-0.0405760519,0.156299159,0.0742803514,0.810393095,-0.0734370947,0.566316664,-0.0918314606,0.760358334,-0.132180452,0.442959934
8016.666666666723,-0.00389240286,-0.581149936,0.00913735945,0.999256,0.00618707854,-0.598599195,0.0218494833,0.998775959,0.00895593408,-0.600635171,0.0322659612,0.998471498,0.0077233687,-0.60016197,0.0275033657,0.999054,-0.0128259687,-0.608401716,0.0132777765,0.999240279,-0.0113163115,-0.606237471,0.000532804872,0.999276519,-0.00768631604,-0.595584214,0.0191417094,0.999541521,0.0695780516,-0.593871415,0.112246066,0.998761177,-0.0640490577,-0.54782486,0.124035381,0.998227239,0.0331964754,-0.573986411,0.0523622036,0.998059392,-0.00499870861,-0.537510574,0.0278672092,0.997753441,0.158051237,-0.435728401,0.171111241,0.999903679,-0.112479039,-0.503288031,0.214044571,0.999828339,0.126721859,-0.297649652,0.0586216412,0.578567,-0.0626613945,-0.275571555,0.0863179564,0.601899445,-0.0119751627,-0.27941978,0.00450359611,0.55480665,0.0862165391,-0.29626888,-0.0131982695,0.723672152,-0.0583795682,-0.289343834,0.000925069733,0.52943027,0.158894882,-0.313303828,-0.0664045215,0.684741318,-0.0698917881,-0.306331754,0.00993760116,0.51403749,0.177132562,-0.378657401,-0.058400251,0.659058154,-0.0175702348,-0.274453074,0.00824527442,0.422533154,0.101417512,-0.322755933,-0.0171167981,0.544504285,0.0962404534,0.00338057452,0.0252430066,0.999964952,-0.0944826305,-0.00738784578,-0.0230127983,0.999959469,0.0879609734,0.423584104,-0.0804471895,0.614509583,-0.0807156414,0.344444185,-0.109324031,0.57691139,0.0729209632,0.774346232,-0.0201928,0.562829375,-0.0783425,0.728726566,-0.00788831525,0.472023755,0.0510539711,0.808801353,-0.0105962958,0.218655676,-0.0747657567,0.762782514,-0.0425111577,0.155952796,0.0734161809,0.810937583,-0.0734354779,0.563881874,-0.0918252,0.760430574,-0.135670602,0.444321
8033.33333333339,-0.00390283018,-0.578714728,0.0104168653,0.999240458,0.0062488718,-0.596121132,0.0234580748,0.998749733,0.00902185589,-0.59811157,0.0338423327,0.998436928,0.00780384056,-0.597680628,0.0290841553,0.999030888,-0.0128145963,-0.60609287,0.0150489612,0.999226153,-0.0113027385,-0.603904068,0.0023013982,0.999264479,-0.00767859351,-0.593288779,0.0208461825,0.999534726,0.06987001,-0.591480374,0.11449042,0.998732567,-0.0640036,-0.546158791,0.12611568,0.9982059,0.033224117,-0.571639299,0.0537566282,0.998029768,-0.00501110079,-0.535302162,0.0293417927,0.997727275,0.158202589,-0.433454096,0.173907012,0.999903381,-0.112458974,-0.502069175,0.215110481,0.999831,0.127141953,-0.29288134,0.0638469085,0.568755686,-0.0619238317,-0.273256689,0.0876258165,0.596651435,-0.011978548,-0.268249631,0.00907436758,0.543285429,0.086179,-0.292992502,-0.0127686635,0.722228944,-0.0584430434,-0.275935143,0.00518846419,0.519879,0.158769131,-0.309719443,-0.0661512241,0.684224367,-0.0701297894,-0.293937504,0.0137103694,0.504647732,0.177110165,-0.37510404,-0.0582594834,0.658623,-0.0176322851,-0.263401181,0.0127316434,0.413295597,0.101386055,-0.31948337,-0.0167505797,0.543203473,0.096331045,0.00353097799,0.0253184233,0.999965072,-0.0945758373,-0.00754566537,-0.0230810791,0.999959946,0.08795131,0.423665255,-0.0802171752,0.611234784,-0.0807314068,0.344430298,-0.109553009,0.578278542,0.0730377138,0.77440846,-0.0194752198,0.562043667,-0.0790418833,0.728686154,-0.00779323699,0.474680245,0.0511374846,0.808908761,-0.0098376181,0.217721492,-0.0755570084,0.762741864,-0.0423597619,0.156158969,0.0725327358,0.811933,-0.0731569305,0.563489616,-0.0918275043,0.760717,-0.13536565,0.446486801
8050.000000000057,-0.00399435265,-0.577991962,0.0128025059,0.999215186,0.00623413501,-0.595443785,0.026175091,0.99870044,0.00900434237,-0.597428262,0.0365613028,0.998376727,0.00779669266,-0.597000241,0.0317396447,0.998988867,-0.0128707727,-0.605433047,0.0178871416,0.999197721,-0.0113601629,-0.603257716,0.00508739054,0.999240756,-0.00773916906,-0.592650652,0.0235706884,0.999518514,0.0698472336,-0.591025829,0.117584959,0.998687565,-0.0640819296,-0.545851409,0.128872901,0.99816072,0.0331329107,-0.571032405,0.0561901592,0.997967,-0.00516915834,-0.534748495,0.0318362452,0.997664213,0.158055484,-0.433481276,0.175080478,0.999902844,-0.112775177,-0.501823604,0.216302723,0.99983263,0.12711288,-0.293007851,0.0640968233,0.561237454,-0.0619461276,-0.27278626,0.087814942,0.594977319,-0.0135683706,-0.258927584,0.00919925701,0.534591794,0.0844967142,-0.290478915,-0.0133891581,0.726995707,-0.0604796521,-0.262188762,0.00522170635,0.513094187,0.156234905,-0.306135744,-0.0675554946,0.690475702,-0.0736958608,-0.279338837,0.0137262987,0.498206705,0.175913304,-0.371379703,-0.0601587221,0.665537179,-0.0199539028,-0.252775401,0.0128595699,0.406852752,0.0998435766,-0.316697657,-0.0176089406,0.549708188,0.096473448,0.00357443839,0.0252851304,0.999964654,-0.0947233811,-0.00759703759,-0.0230418947,0.999959767,0.0871319473,0.424159408,-0.0798594207,0.607161701,-0.0810248628,0.344424963,-0.109537579,0.57764709,0.0730050057,0.774407208,-0.0188895408,0.560915887,-0.0807099,0.728650033,-0.00757224159,0.475663722,0.0511172488,0.8089118,-0.00927043147,0.216844276,-0.0773017406,0.762686074,-0.0421122611,0.15608567,0.0716819763,0.812129736,-0.0730266348,0.562801301,-0.0924400538,0.76098603,-0.134981409,0.447339535
8066.666666666724,-0.00402765768,-0.577282548,0.0164443292,0.999196,0.00624608621,-0.594758868,0.0298267081,0.99866426,0.00901226047,-0.596749604,0.0402070284,0.9983356,0.00781791192,-0.596326649,0.0352996178,0.998960316,-0.0128708938,-0.604810297,0.0218596384,0.99917376,-0.0113610234,-0.602642417,0.00902785361,0.999220431,-0.00774423499,-0.592050672,0.0274412371,0.999503851,0.06989602,-0.59052223,0.120585553,0.998662531,-0.0638675466,-0.545532823,0.132723048,0.998119593,0.0331097767,-0.570417285,0.059544839,0.997924089,-0.00519594317,-0.534182191,0.0355702899,0.997615337,0.157973349,-0.4335289,0.176577821,0.99990344,-0.112789869,-0.501525521,0.219242349,0.999833167,0.127101243,-0.2932944,0.065542236,0.55825609,-0.0625874624,-0.271963507,0.0896889269,0.593186855,-0.0143287145,-0.255031258,0.0107079456,0.531401157,0.0833317414,-0.287922055,-0.0133363754,0.728315473,-0.061491,-0.256744653,0.00630732626,0.511292815,0.1552044,-0.302871168,-0.0675877854,0.692948639,-0.0755062923,-0.273412436,0.0146602457,0.496686459,0.175500348,-0.36811915,-0.0601895303,0.66842,-0.0210735351,-0.248313352,0.0143290581,0.404876143,0.0989075601,-0.31399402,-0.0175934508,0.552142501,0.0965200216,0.00359346392,0.0251561683,0.999964595,-0.0947709158,-0.00761617301,-0.0228990391,0.999959826,0.0866448954,0.424587101,-0.0792548731,0.608007789,-0.081029363,0.344722748,-0.109221034,0.580943406,0.0731542781,0.774403512,-0.0181170236,0.564592242,-0.0813403577,0.728661478,-0.00577307958,0.479979664,0.0512988381,0.808914423,-0.00850789901,0.218179405,-0.0779859051,0.762684405,-0.0400884934,0.15770784,0.0713904724,0.812555194,-0.0727398321,0.565941215,-0.0927423909,0.761797607,-0.133255,0.451220661
8083.333333333391,-0.00402705884,-0.576711416,0.016729651,0.999181092,0.00628320221,-0.594237387,0.0300665814,0.998635769,0.00904792,-0.596233,0.040469829,0.998301268,0.00787148904,-0.595798075,0.035559196,0.998938143,-0.0128604779,-0.604273856,0.0221264735,0.999155939,-0.0113528883,-0.60210216,0.00931993779,0.999204755,-0.00774171203,-0.591510117,0.0277092904,0.999493122,0.0699168146,-0.590379179,0.120939665,0.998639762,-0.0638630167,-0.545308411,0.133020163,0.998080492,0.0331304856,-0.570040405,0.0599040426,0.997889936,-0.00520179793,-0.533724785,0.0359697714,0.9975757,0.157902196,-0.433701068,0.177088752,0.999904394,-0.112793215,-0.501191318,0.22039701,0.999833703,0.127108067,-0.292928666,0.0694234744,0.554642797,-0.0624835081,-0.270027101,0.0917074382,0.590987682,-0.0151143251,-0.251232326,0.0177740473,0.526873767,0.0831331834,-0.285707295,-0.011873222,0.728148341,-0.0626687109,-0.252560407,0.013619978,0.508067548,0.154992178,-0.300743967,-0.0662775934,0.69362992,-0.0770011,-0.26925534,0.0214617588,0.493764222,0.175260797,-0.365813792,-0.0591409206,0.669397,-0.0220639836,-0.244474813,0.0214067381,0.401595682,0.0986563,-0.311808169,-0.0162868854,0.552682,0.0965507552,0.0036081404,0.024958929,0.999964595,-0.0948013589,-0.00762964645,-0.022677036,0.999959886,0.0862889737,0.424825042,-0.0789948776,0.608230412,-0.0810646117,0.344811618,-0.107865222,0.5814116,0.0731610954,0.774288416,-0.0178081524,0.56641233,-0.0828669593,0.728564858,-0.00233018864,0.482295036,0.0513017327,0.808818281,-0.00818683207,0.218362123,-0.0797190145,0.762577236,-0.036335472,0.15848814,0.0703227073,0.812959075,-0.0724792406,0.567365766,-0.0942237303,0.762053192,-0.128774554,0.453351855
8100.000000000058,-0.0038562587,-0.576481581,0.0172001813,0.999189138,0.00645614369,-0.594066083,0.0306385029,0.99864918,0.00921961199,-0.59606117,0.0410703234,0.998315692,0.00807703193,-0.595621288,0.036162287,0.99894762,-0.0127765238,-0.6040169,0.0227419678,0.999165416,-0.0112740193,-0.60182339,0.0099961143,0.999213219,-0.00767621025,-0.59123081,0.028341,0.999499083,0.0702356398,-0.590310752,0.121907234,0.99864918,-0.0638507903,-0.544644177,0.134143755,0.998093,0.0334524289,-0.56985414,0.0604735,0.99789989,-0.00505534094,-0.53330636,0.0366598517,0.997589648,0.157899663,-0.433738083,0.178128481,0.999905527,-0.112473212,-0.499810845,0.222507492,0.999836,0.127113476,-0.292983502,0.0756197497,0.548097074,-0.0624375306,-0.268097579,0.0947315097,0.588342786,-0.0152445082,-0.252219081,0.0328492895,0.517836869,0.0830775276,-0.283727139,-0.00825017691,0.726474524,-0.0629085675,-0.254578322,0.0301832277,0.499911606,0.154978871,-0.299049377,-0.0623048842,0.692324102,-0.0771131,-0.271049261,0.0381903499,0.48568958,0.175224185,-0.363672137,-0.0551646352,0.668162048,-0.0221765116,-0.245621234,0.0368442684,0.393986583,0.098592855,-0.309809238,-0.0126723377,0.551250637,0.096580945,0.00361717632,0.024801461,0.999964774,-0.0948314816,-0.00763929775,-0.0225163549,0.999960363,0.0863564909,0.424873024,-0.0789846629,0.606164873,-0.0810601488,0.344845086,-0.107450403,0.58013612,0.0733734891,0.77376014,-0.0178862084,0.564411283,-0.0832389817,0.728281677,-0.00194708852,0.482494652,0.0514877327,0.808249831,-0.00827563088,0.217249677,-0.0801102445,0.762250304,-0.0359547473,0.158796728,0.0702696294,0.81298995,-0.0724566057,0.565786183,-0.0942369476,0.762091637,-0.128198892,0.454137295
8116.666666666725,-0.00383815402,-0.576320827,0.0172382202,0.999180436,0.00650829962,-0.593947411,0.0307271685,0.998635828,0.00927154068,-0.595940113,0.0411760174,0.998298347,0.00814199,-0.595494449,0.0362677276,0.998937428,-0.0127737597,-0.603863537,0.0228388533,0.999157429,-0.0112724863,-0.601661503,0.0101080649,0.99920553,-0.00767917791,-0.591072083,0.0284475219,0.999494,0.0703901872,-0.590211213,0.122247413,0.998636365,-0.063898772,-0.544386804,0.134459019,0.99806416,0.0335241333,-0.569707632,0.0605649799,0.997863889,-0.00505553698,-0.533072829,0.0367704406,0.997543871,0.157925397,-0.433773577,0.178248614,0.999905586,-0.112437487,-0.498956412,0.222965509,0.999834776,0.127646089,-0.293071896,0.07620956,0.542317808,-0.0604769289,-0.267151386,0.0948849097,0.582116485,-0.0157807618,-0.251555353,0.0342666321,0.507102489,0.0835910514,-0.283872902,-0.00763576245,0.720701575,-0.0638904348,-0.253674209,0.031729769,0.49005577,0.155437782,-0.299496263,-0.0615348928,0.687246561,-0.0783226267,-0.270184249,0.0399119072,0.475949794,0.175381646,-0.364154845,-0.0543994829,0.663006,-0.022886496,-0.244970217,0.0382966958,0.385118842,0.098918125,-0.310049742,-0.012097762,0.545695662,0.0966611058,0.00362793659,0.0246471558,0.999965,-0.0949123576,-0.00765015371,-0.0223546065,0.999960661,0.0863799453,0.42510578,-0.0795503184,0.605473101,-0.0810891613,0.344856918,-0.107440665,0.578929663,0.0734683722,0.773718774,-0.0193926636,0.564069211,-0.0832722336,0.728262126,-0.00247660116,0.483663172,0.0515883937,0.808207333,-0.00993909873,0.21684067,-0.0801253766,0.762232244,-0.0366367251,0.159285411,0.0702444389,0.813131154,-0.074610807,0.565268099,-0.0942244381,0.762231112,-0.129335433,0.455152959
8133.333333333392,-0.00382247125,-0.57610929,0.0150483251,0.999148607,0.00657461258,-0.593772352,0.0283646192,0.998573303,0.00935319532,-0.595759749,0.0388788395,0.998220086,0.0082271751,-0.595299959,0.0339838788,0.99888593,-0.0127532752,-0.603708386,0.0203894526,0.999123871,-0.0112570627,-0.601502478,0.00770795904,0.999177277,-0.00766845467,-0.590914845,0.0260528624,0.999476969,0.0704462454,-0.590178967,0.120654121,0.998568475,-0.0639600307,-0.544395685,0.132310703,0.99799633,0.0335451253,-0.569576442,0.0587651692,0.997768342,-0.005061239,-0.532959044,0.0348390788,0.997452497,0.157922566,-0.434004962,0.177404955,0.999904037,-0.112789616,-0.498965442,0.22277905,0.999834478,0.127703398,-0.292983383,0.0760280043,0.534234226,-0.0605171695,-0.266209453,0.0954189375,0.578702271,-0.0164863747,-0.25148055,0.0331351757,0.495504767,0.0826271474,-0.282056898,-0.00653655641,0.720732033,-0.0648731291,-0.2538459,0.030391708,0.479864687,0.154397726,-0.297692269,-0.0604827106,0.688075542,-0.0794359222,-0.270777881,0.038693361,0.466015726,0.174091488,-0.362680882,-0.0536536276,0.664129674,-0.0237061512,-0.245076627,0.0371337794,0.375928551,0.0978485569,-0.308408,-0.0111880694,0.546245694,0.096746549,0.00364477537,0.0245040525,0.999964714,-0.0949981436,-0.00766493101,-0.0222055353,0.999960542,0.0861459151,0.425325394,-0.0794170201,0.600971758,-0.0814447477,0.344713271,-0.106832556,0.575124323,0.0733508468,0.773814559,-0.0190530717,0.560366273,-0.0833599865,0.728192568,-0.00228959951,0.481615305,0.051448334,0.808313251,-0.00962589588,0.214577675,-0.0802014917,0.76217407,-0.0364715829,0.15830712,0.069549866,0.813423216,-0.0742806941,0.56162411,-0.0944708362,0.762221158,-0.129175618,0.45295167
8150.000000000059,-0.00435584085,-0.575807154,0.0149185508,0.999132872,0.00624004146,-0.593496084,0.0282247402,0.998543382,0.0090407934,-0.59548974,0.0387536511,0.99818337,0.00792203378,-0.595017254,0.0338492766,0.998862565,-0.0131977368,-0.603485465,0.0202842243,0.999105632,-0.0117102489,-0.601268888,0.00760861393,0.999160767,-0.00815449748,-0.590697467,0.0259535927,0.999466121,0.070352681,-0.589997411,0.120580971,0.998541057,-0.0643628761,-0.544377,0.132265091,0.997951627,0.0331308693,-0.569324434,0.0586684719,0.997722685,-0.00565694,-0.532747626,0.0347717479,0.997401714,0.157689989,-0.434036553,0.17719084,0.999903738,-0.113351502,-0.498965353,0.22312662,0.999833822,0.12761718,-0.293028206,0.0759253725,0.532435119,-0.0614662282,-0.266279459,0.0963417441,0.57450819,-0.0177848767,-0.252319,0.0322787426,0.490567416,0.0813124925,-0.281151086,-0.00590817444,0.717608511,-0.0664186329,-0.255078197,0.0293927882,0.475346446,0.153308883,-0.296278119,-0.0599088892,0.685603619,-0.0809617266,-0.272003978,0.0377424769,0.461549,0.173274487,-0.361058,-0.0531660132,0.661753833,-0.0249946322,-0.24597615,0.0362575725,0.371431828,0.096714,-0.307347029,-0.0106327068,0.543503463,0.0967857689,0.00365568,0.0242831111,0.999964535,-0.0950342938,-0.0076751844,-0.0219824836,0.999960423,0.0856611282,0.425592124,-0.0794075355,0.600216448,-0.0817123,0.344730049,-0.106745347,0.574160516,0.0731969327,0.774182737,-0.0195711628,0.561091721,-0.0836671293,0.728235543,-0.00227527204,0.482074708,0.0512949191,0.808734775,-0.010254113,0.214371726,-0.080507651,0.762219846,-0.036462605,0.158483729,0.0691991076,0.814095199,-0.0751138926,0.561825395,-0.0951588,0.76249522,-0.129140168,0.453048557
8166.666666666726,-0.00479061948,-0.575547934,0.0149900904,0.999117374,0.00597786577,-0.5932616,0.0282712374,0.998510718,0.00879559,-0.595264077,0.0388077609,0.998140872,0.00768804364,-0.594783783,0.033890646,0.998837471,-0.0135342572,-0.603297949,0.0204342697,0.99908644,-0.0120537924,-0.601062834,0.00778186647,0.999142706,-0.00853040628,-0.590499818,0.0261093043,0.999455571,0.0703819841,-0.589857,0.120568052,0.998507142,-0.0644181371,-0.544305444,0.132914409,0.997902,0.0329438932,-0.569130301,0.0587186888,0.997676611,-0.00597091578,-0.532521546,0.0349779576,0.997354209,0.157722011,-0.43406716,0.177250981,0.999903738,-0.113375776,-0.498927444,0.224707857,0.999834657,0.127829492,-0.293076932,0.077790454,0.529342175,-0.0638748929,-0.266367465,0.0998605043,0.572682559,-0.0177822728,-0.252934605,0.0373970307,0.484529704,0.0801611543,-0.279955238,-0.00263796188,0.715173066,-0.0664340407,-0.255789608,0.0347260758,0.469987452,0.152778,-0.29425323,-0.0567737818,0.683342516,-0.080937475,-0.272656709,0.0428877585,0.456298977,0.173157111,-0.358704567,-0.0500757806,0.659588337,-0.0249820724,-0.246622086,0.0414776541,0.366377592,0.0959939361,-0.305935979,-0.00743336463,0.541205287,0.0968132168,0.00366466562,0.0240039434,0.999964416,-0.0950618684,-0.0076829535,-0.0216985028,0.999960423,0.08556813,0.426028341,-0.079395473,0.597307503,-0.0817066208,0.345091194,-0.106517307,0.571444213,0.0732038,0.774315953,-0.0199307911,0.559545219,-0.0840105265,0.728232801,-0.00190357759,0.480329186,0.0513004735,0.808869421,-0.0106861787,0.212890804,-0.0808872208,0.762212455,-0.0360659398,0.157800451,0.0691225529,0.814595878,-0.0755238831,0.559559345,-0.095801644,0.762684,-0.128452599,0.451170027
8183.333333333393,-0.00541453,-0.574920714,0.0154795274,0.999106169,0.00557326898,-0.592619956,0.0286731273,0.998486936,0.00841516908,-0.594628394,0.0392220877,0.998108387,0.00731598958,-0.594138563,0.0342636183,0.998819053,-0.0139290784,-0.60281539,0.0210669301,0.999072909,-0.0124654993,-0.600537956,0.0084722843,0.99913,-0.00896504,-0.589995623,0.0267562717,0.999448717,0.0703838468,-0.589234471,0.120761879,0.998483121,-0.0644529313,-0.544052958,0.133995876,0.997867346,0.0325848162,-0.568587542,0.0590887144,0.997652471,-0.00641640928,-0.531999,0.0356299467,0.997331858,0.157716855,-0.433936566,0.1784693,0.999904096,-0.113360137,-0.498763412,0.226066872,0.999836922,0.128810555,-0.29274869,0.0843918473,0.52697,-0.065220207,-0.266201973,0.102522261,0.574120283,-0.0170135256,-0.252748698,0.0484252796,0.48192,0.0793196261,-0.278878868,-0.000301212276,0.717290699,-0.0659202337,-0.255684316,0.0463317521,0.467907757,0.152294531,-0.293029875,-0.0545653477,0.685452044,-0.0803929418,-0.272553921,0.0540905222,0.454272181,0.173001423,-0.357204974,-0.0476911105,0.661879182,-0.0242307018,-0.24652338,0.0524785668,0.364170462,0.0953966677,-0.304762453,-0.0050174389,0.543596447,0.0968159,0.00367419724,0.023912333,0.999964058,-0.0950637311,-0.0076917354,-0.0216001738,0.999960244,0.085592933,0.426069051,-0.0793646052,0.593451142,-0.0816303119,0.34538281,-0.106498055,0.56805557,0.0731812418,0.77425915,-0.020001974,0.555533,-0.0842201859,0.728224754,-0.0018435223,0.477160662,0.0512420312,0.808812559,-0.0107741188,0.210819721,-0.0811626464,0.762203276,-0.0359911732,0.157033563,0.0689190924,0.814669192,-0.0754890367,0.554793239,-0.0966126919,0.762699306,-0.127922535,0.447838217
8200.00000000006,-0.00659138244,-0.574819863,0.015759442,0.999101222,0.00465659797,-0.592509568,0.0288317017,0.998479664,0.00752016483,-0.594525874,0.0394057892,0.998100162,0.00644400157,-0.59402895,0.0344221108,0.99882,-0.0147656603,-0.602762938,0.021447299,0.999063313,-0.0133278882,-0.600472033,0.00889628381,0.999118328,-0.00986367557,-0.589944541,0.0271495245,0.99944061,0.0702000931,-0.589046896,0.120744,0.998486757,-0.0645488575,-0.544032931,0.13465026,0.997808158,0.0318084769,-0.56849885,0.059212625,0.99765116,-0.00724287378,-0.531912208,0.0360151343,0.997307122,0.157490373,-0.434039801,0.17850408,0.999906182,-0.113208063,-0.498650163,0.22774829,0.99983561,0.129939094,-0.292758107,0.0895583555,0.53338474,-0.0649581701,-0.266249746,0.105429031,0.570594668,-0.0170092583,-0.252208829,0.06049769,0.48777619,0.0793669894,-0.279139519,0.00235701608,0.710138738,-0.0661181509,-0.254665077,0.0591716133,0.473210603,0.152402714,-0.293394685,-0.0518994816,0.678437889,-0.0806753039,-0.271701455,0.0665485859,0.459701896,0.173048109,-0.357477754,-0.0450239144,0.654817045,-0.0242377222,-0.246035039,0.064664647,0.368618,0.095431082,-0.305026948,-0.00241407123,0.536882877,0.0967278,0.00363184186,0.0234246124,0.999964,-0.0949749798,-0.00763718877,-0.0210723262,0.999959886,0.0851127505,0.425935566,-0.079138,0.591787338,-0.0818209574,0.345426142,-0.106039584,0.564897597,0.0728065446,0.773701072,-0.0196844637,0.553055406,-0.0846305788,0.728249,-0.00172222836,0.475589156,0.0508235022,0.808298409,-0.0104162749,0.209473908,-0.08160647,0.762247324,-0.0358837172,0.157396108,0.0682814717,0.814561546,-0.0747223347,0.550880313,-0.0983318165,0.762781084,-0.127280235,0.44586736
8216.666666666726,-0.00744434725,-0.574582458,0.0206727535,0.999127865,0.00365783088,-0.592277169,0.0337853432,0.998529077,0.00654267194,-0.5943169,0.0444767289,0.998159587,0.0055134818,-0.593804359,0.0393046476,0.99886322,-0.0155406874,-0.602627635,0.0267228615,0.999091268,-0.0141394204,-0.60027796,0.0143799391,0.999141455,-0.0107277799,-0.589777827,0.0324427076,0.999455869,0.0694466233,-0.588286221,0.124689974,0.998541772,-0.065061681,-0.543296278,0.139273211,0.997841299,0.0311090183,-0.56821382,0.0634553283,0.997728586,-0.00798581168,-0.531467319,0.0406035446,0.997376144,0.156409964,-0.433434635,0.184763625,0.99990958,-0.11312715,-0.496722668,0.230861872,0.999838,0.131821647,-0.291962206,0.113575578,0.536242485,-0.0646263734,-0.265100718,0.109553337,0.569027,-0.0163610186,-0.25050056,0.0995514244,0.491568267,0.0794957504,-0.277732939,0.010241909,0.702361643,-0.0660224557,-0.252782911,0.101026431,0.476476163,0.152622685,-0.292068779,-0.0428312644,0.670204878,-0.0806476474,-0.270117044,0.107423529,0.463017642,0.17305328,-0.355285913,-0.0353062712,0.646269,-0.0237469394,-0.244731352,0.1036079,0.371511787,0.0954742879,-0.303550154,0.00580749894,0.529260218,0.0964648947,0.00360991596,0.023408033,0.999964118,-0.0947112888,-0.00761086773,-0.0210524704,0.999959767,0.0851001516,0.425818175,-0.0794214383,0.586459219,-0.0817908123,0.345477462,-0.106525436,0.557554,0.0726017654,0.77242583,-0.0212180894,0.542625725,-0.0846435726,0.728181601,-0.00385858538,0.468066305,0.0505665317,0.806973577,-0.0120927189,0.205251515,-0.0816215575,0.762215197,-0.0382438116,0.155842662,0.0682245,0.814263344,-0.0750159249,0.539905369,-0.0983522683,0.762698352,-0.127994835,0.438654691
8233.333333333392,-0.00827174727,-0.574032307,0.0269666743,0.999151349,0.00279870396,-0.591730952,0.0404969044,0.998568714,0.00571537903,-0.593801558,0.0512007326,0.998203397,0.00472983951,-0.593258321,0.0458752289,0.998894453,-0.0163038429,-0.60214138,0.0336206034,0.999117553,-0.0149248065,-0.599702,0.0214677546,0.99916476,-0.0115404986,-0.589281142,0.0393878222,0.999472499,0.0690229163,-0.586842954,0.131120145,0.998576462,-0.0655905232,-0.541574955,0.14674522,0.997885644,0.0304208826,-0.567504168,0.0693682805,0.997787118,-0.00879623089,-0.530433416,0.0468943641,0.997444272,0.155007824,-0.431984872,0.192966938,0.999911249,-0.113040529,-0.493517309,0.236841395,0.999842584,0.131719813,-0.291396976,0.128157124,0.531816185,-0.0665080845,-0.263339,0.117505059,0.572335064,-0.0164061971,-0.249107659,0.116263442,0.487951905,0.0776625872,-0.275168,0.0190923326,0.704214215,-0.066275835,-0.251334,0.117840737,0.473169029,0.151179627,-0.289677382,-0.0341915265,0.671438396,-0.0808613226,-0.268037885,0.124178044,0.459666342,0.172031984,-0.352090657,-0.026378464,0.647503674,-0.0238125306,-0.243272319,0.1202415,0.368379921,0.0938620344,-0.300858676,0.0148274,0.531229675,0.0961895436,0.00356118777,0.0233896188,0.999964058,-0.0944462046,-0.007564425,-0.0210281573,0.999959946,0.0850653127,0.425789148,-0.0797176659,0.580978096,-0.0815780386,0.345854849,-0.107777029,0.551707149,0.0725916773,0.771952629,-0.0249264445,0.533794284,-0.0846916288,0.728197634,-0.00953270216,0.462519497,0.0505491532,0.806526482,-0.0162785519,0.201887712,-0.081705071,0.762250721,-0.0445219353,0.155021086,0.0685474649,0.814111233,-0.0783419833,0.530381918,-0.0984743163,0.762608886,-0.134107023,0.433515698
8250.000000000058,-0.00832632277,-0.572989821,0.0272481237,0.999184489,0.00266107754,-0.590788,0.0408553965,0.998626053,0.00559531897,-0.592879593,0.0515892245,0.998270035,0.00462203,-0.592292905,0.0462388545,0.998939514,-0.0164172761,-0.601253033,0.0338525586,0.999154389,-0.0150492564,-0.598682,0.0217481256,0.999198079,-0.0116858631,-0.588350058,0.039652817,0.999495268,0.0688873157,-0.585284054,0.131941691,0.998630285,-0.0660155416,-0.539498925,0.147006303,0.997956753,0.0303598661,-0.566362619,0.0697933063,0.997869909,-0.00892190076,-0.528855324,0.0471862741,0.997539341,0.154185906,-0.430418372,0.195965916,0.999913514,-0.113012716,-0.490317106,0.237888291,0.999847591,0.132130563,-0.290276051,0.139613688,0.530127227,-0.0681207255,-0.260611296,0.120238982,0.579560101,-0.0163600221,-0.247541,0.13592492,0.486487925,0.0773464441,-0.271800637,0.0257156827,0.707057893,-0.0664783046,-0.249901876,0.139337152,0.470869422,0.151170805,-0.286671788,-0.0266826432,0.672666609,-0.0810693204,-0.266377896,0.145798177,0.457167387,0.171998188,-0.348360747,-0.0182628725,0.648545325,-0.0238008481,-0.241814896,0.140274256,0.366192847,0.0936208814,-0.297451437,0.0218245685,0.533280194,0.0959388912,0.00352555909,0.0233870279,0.999964178,-0.0942026,-0.00752889318,-0.0210243482,0.999960244,0.0850645229,0.425803751,-0.0798103288,0.578258932,-0.0813899189,0.346073538,-0.108518921,0.54834795,0.0726104304,0.771474481,-0.0266226251,0.526987731,-0.0846743956,0.728134632,-0.0126725323,0.459149361,0.0505555458,0.806028843,-0.018182721,0.199299544,-0.0816996843,0.762218952,-0.0478682034,0.154863864,0.0690291896,0.814093947,-0.0795490593,0.522966087,-0.0983843207,0.762513638,-0.137102887,0.430501252
8266.666666666724,-0.00830896385,-0.571690261,0.0289557762,0.999212861,0.00266129873,-0.589580834,0.0428935736,0.998672366,0.00559953228,-0.591668665,0.0535832196,0.998321772,0.00462846877,-0.591052949,0.0481856614,0.99897337,-0.0164213944,-0.600084901,0.0355589949,0.999186099,-0.0150541486,-0.597448289,0.023509521,0.999227703,-0.0116914017,-0.587207198,0.0413835496,0.999515772,0.0688349828,-0.583609045,0.134922639,0.998666286,-0.0662888885,-0.537785709,0.148653612,0.998022735,0.0303553063,-0.564996421,0.0717213899,0.997928679,-0.00895458087,-0.527264118,0.0488136597,0.99761641,0.153368279,-0.429397643,0.201791599,0.999914467,-0.112984978,-0.488126487,0.238892272,0.999852598,0.132532761,-0.289590567,0.145028874,0.521931767,-0.0694558546,-0.257425874,0.121156894,0.586430609,-0.0147637194,-0.245419011,0.135218188,0.479404747,0.0772597939,-0.268429548,0.0270554312,0.711651325,-0.0653370246,-0.247659341,0.137598455,0.464479506,0.151209831,-0.283750385,-0.0256578866,0.676132381,-0.0800609812,-0.263677269,0.143877029,0.450739354,0.172117278,-0.345380902,-0.0170453358,0.651918828,-0.0224306621,-0.239506513,0.139246181,0.360515624,0.0935915038,-0.294097066,0.023313107,0.537155,0.0956741348,0.0034858291,0.0235575363,0.999964297,-0.093955934,-0.0074823,-0.0211732574,0.999960721,0.0852495134,0.425733954,-0.0797732547,0.575320184,-0.0807581618,0.346134067,-0.109733254,0.545164585,0.0732664838,0.771002293,-0.0268540587,0.521075845,-0.0838136449,0.728010535,-0.0157669745,0.456427425,0.0512156263,0.805606186,-0.0184531,0.197947383,-0.0808797255,0.762136519,-0.0511271842,0.155043319,0.0715538487,0.813818336,-0.0796105638,0.516554058,-0.0974782705,0.76164639,-0.140645415,0.427939951
8283.33333333339,-0.008233089,-0.569988191,0.0308711436,0.999239147,0.00270950608,-0.588020444,0.0452012233,0.998714626,0.00566639286,-0.590087533,0.0558671094,0.998367429,0.00470541371,-0.58944875,0.0504032075,0.999003768,-0.01638937,-0.598493338,0.0376973711,0.999215782,-0.0150244711,-0.595782697,0.025734704,0.999255359,-0.0116700204,-0.585674405,0.0435612909,0.999535143,0.0688638464,-0.58132261,0.138319165,0.998697162,-0.0664107651,-0.535110354,0.151472032,0.99808234,0.0303930752,-0.563159,0.0738198459,0.997983098,-0.00896350294,-0.525066912,0.0508290939,0.997692168,0.152571961,-0.427307814,0.206140518,0.999915361,-0.112796865,-0.484850138,0.242595509,0.999857783,0.132730052,-0.288052619,0.152524129,0.513468444,-0.0723938271,-0.253849894,0.125269845,0.592692912,-0.0128119774,-0.240681723,0.145943448,0.470528275,0.0767770559,-0.262806624,0.029098358,0.716178954,-0.0637223944,-0.242640257,0.148609444,0.455987573,0.151204109,-0.278152138,-0.0242340695,0.679651558,-0.0782771334,-0.257472873,0.154695123,0.442121506,0.172260791,-0.3392196,-0.0154892327,0.655362368,-0.0205364972,-0.234219804,0.14996843,0.352999777,0.0934047848,-0.288259059,0.0253568068,0.540988922,0.0952732041,0.00341519341,0.0235549733,0.999964535,-0.0935724378,-0.00740471669,-0.021167567,0.999961376,0.0855638459,0.425781429,-0.0798198432,0.575333536,-0.0799082816,0.346702904,-0.110955283,0.544363797,0.0742575899,0.771003127,-0.0277438946,0.518422306,-0.0827576518,0.728105485,-0.0210174937,0.457528502,0.0522666425,0.805615127,-0.0194744561,0.19831872,-0.079877235,0.762255967,-0.0569581687,0.15695551,0.0756869763,0.813643515,-0.0805284828,0.512607515,-0.096837528,0.760819,-0.148348957,0.428838909
8300.000000000056,-0.00821216777,-0.570084393,0.0336946286,0.99926275,0.00270535494,-0.588121,0.0483835563,0.998753548,0.00566348154,-0.59018451,0.0589817055,0.998410881,0.00470665796,-0.589541376,0.0535102151,0.999033868,-0.0163923521,-0.598578572,0.0404864885,0.999241054,-0.0150282364,-0.595857918,0.0285309032,0.999278307,-0.011672087,-0.585761905,0.0463106558,0.999551,0.0686671436,-0.581331909,0.141319,0.998728335,-0.066605553,-0.535089552,0.153180048,0.998125553,0.0303911101,-0.563194931,0.0765316039,0.998035073,-0.00897766743,-0.525100291,0.0531630442,0.997752488,0.151615933,-0.427147835,0.210603476,0.999916255,-0.112558641,-0.484755695,0.242529482,0.9998613,0.13275066,-0.288083583,0.155896768,0.505153656,-0.072675,-0.253926426,0.124541163,0.595193326,-0.0123475567,-0.240668863,0.145261481,0.464497656,0.076753363,-0.26214698,0.0279887803,0.715528786,-0.0634077489,-0.242388144,0.147091344,0.450895727,0.151227206,-0.277107328,-0.0255027153,0.678421915,-0.0781248733,-0.257377595,0.15288952,0.4371562,0.172423303,-0.338166535,-0.0168152899,0.653960824,-0.0202037953,-0.234239,0.148915,0.348475039,0.0934022889,-0.28743583,0.0242411308,0.539620697,0.0948522612,0.00338822044,0.024260927,0.999964118,-0.0931743309,-0.00737153646,-0.0218327846,0.999961078,0.085956,0.42465359,-0.0798419,0.567509,-0.0792667,0.346577168,-0.111959055,0.534418225,0.0739263296,0.770844281,-0.0311996974,0.508784175,-0.0820182487,0.726791382,-0.0210631471,0.447340727,0.0518725105,0.805554152,-0.0233860426,0.19643876,-0.0790645406,0.760900915,-0.0569001473,0.154218614,0.0765392706,0.812390804,-0.0848732293,0.503443,-0.0937101692,0.756021202,-0.148007974,0.419582605
8316.666666666722,-0.00825739373,-0.569894254,0.0380388498,0.999295473,0.00260759657,-0.587950349,0.0528572723,0.998810887,0.00557086803,-0.590012252,0.0634572953,0.998479366,0.00463964837,-0.5893718,0.0579285957,0.999078572,-0.0164511465,-0.598407149,0.0449688956,0.999276578,-0.0150897987,-0.595651567,0.0330673084,0.999310732,-0.0117291892,-0.585576713,0.0507828072,0.999572515,0.0685279,-0.580848,0.145111755,0.998780251,-0.0666739121,-0.534314573,0.157099202,0.998195589,0.0303346086,-0.562945664,0.0804909393,0.99811244,-0.00904392,-0.524704933,0.0571609512,0.997838795,0.150906309,-0.4261024,0.214924693,0.999918103,-0.111965895,-0.483741939,0.244103134,0.999866,0.132728517,-0.28789255,0.16370517,0.49777633,-0.0728396699,-0.253179669,0.126087546,0.59760946,-0.0121369064,-0.239624351,0.158431426,0.459634572,0.0764410496,-0.261041462,0.0291959569,0.715994239,-0.0632673055,-0.241135046,0.161033139,0.446653515,0.15104109,-0.27607891,-0.024538653,0.678757846,-0.0779852197,-0.256218582,0.166305661,0.432968289,0.172357589,-0.337232113,-0.0157664716,0.654208183,-0.0199989267,-0.233318284,0.161899641,0.34479934,0.0931497,-0.286404043,0.0254447795,0.540316045,0.0944601223,0.00337865064,0.0246966165,0.999963701,-0.0927985087,-0.00736408588,-0.0222622883,0.99996078,0.0864137486,0.424133211,-0.0799750686,0.557302475,-0.0791845694,0.346536875,-0.11366944,0.52416718,0.0733739659,0.770456612,-0.0382275321,0.495595545,-0.0810878128,0.725905776,-0.0255298764,0.435854495,0.0511499792,0.805243611,-0.0313401744,0.193101883,-0.0779082626,0.759986162,-0.0618001446,0.151596278,0.0764417276,0.811221957,-0.09201511,0.4916116,-0.0904353037,0.753550112,-0.15165633,0.409769416
8333.333333333389,-0.00834071,-0.569227278,0.0377366506,0.999294221,0.00247785309,-0.58725673,0.0525587425,0.998811305,0.00544195157,-0.589335322,0.063129954,0.998472333,0.00452467892,-0.588656485,0.0576179139,0.999080837,-0.0165339857,-0.597666621,0.0445355065,0.999279141,-0.0151753463,-0.594874918,0.0325534,0.999311686,-0.0118199214,-0.584803164,0.0503300168,0.999576867,0.0684981272,-0.57992357,0.144881263,0.998774707,-0.0666844323,-0.532872558,0.156580985,0.998185456,0.0302788224,-0.562229335,0.0803465843,0.998121202,-0.00908290502,-0.523775101,0.0568534136,0.997855365,0.150889561,-0.424912393,0.213372812,0.99991864,-0.111830756,-0.481787711,0.244045347,0.999868572,0.133165225,-0.286966741,0.162839726,0.490817517,-0.0734956339,-0.249774098,0.126970857,0.598304808,-0.0119616548,-0.237683937,0.164080352,0.450926602,0.0761083513,-0.257372558,0.0295589585,0.713941693,-0.0632506,-0.239596799,0.167754948,0.437610298,0.150998622,-0.273121297,-0.0241088029,0.675598383,-0.0779469758,-0.254774123,0.173256382,0.42388317,0.172305718,-0.334185749,-0.0152605223,0.650856435,-0.0198256113,-0.231435716,0.167929009,0.33702153,0.092925027,-0.282867253,0.0257710367,0.537173,0.0943329558,0.00334661454,0.0246954206,0.999963403,-0.0926781744,-0.00733197713,-0.0222591553,0.999960721,0.0874027,0.424005419,-0.0804938525,0.549031258,-0.0783281848,0.346680254,-0.113641277,0.514903128,0.0734139383,0.77013731,-0.0376220942,0.48275882,-0.0798493475,0.725786448,-0.0242916327,0.426877469,0.0511471368,0.804889083,-0.030412646,0.187856451,-0.0766733065,0.759881854,-0.0602088831,0.148521051,0.0758677647,0.811406612,-0.0900051594,0.479215801,-0.0887007266,0.753646076,-0.149533987,0.401802093
8350.000000000055,-0.00842211675,-0.567143202,0.0373897329,0.99929595,0.00236800895,-0.585213602,0.0520813279,0.998817146,0.0053469874,-0.587320328,0.0627303272,0.998471856,0.00443633087,-0.586567521,0.0571835712,0.999085724,-0.0165900532,-0.59566462,0.0442718193,0.999286234,-0.0152358981,-0.592801511,0.0323960036,0.999317408,-0.0118911434,-0.582763612,0.0501353592,0.999584079,0.0684837,-0.57790643,0.144646198,0.998773694,-0.0666996166,-0.530645072,0.156253934,0.998194814,0.0301861744,-0.560239613,0.0799334347,0.998135626,-0.00915801,-0.52154845,0.0566517748,0.997885644,0.15072988,-0.422833711,0.212210357,0.999919057,-0.111798093,-0.479334682,0.244464189,0.999872267,0.133200154,-0.285097033,0.166874498,0.483381152,-0.0751667395,-0.245564386,0.129466727,0.602424502,-0.0116245467,-0.235622674,0.175728038,0.442278057,0.0749993101,-0.253065169,0.0324220806,0.717134953,-0.0630369186,-0.238211602,0.180605397,0.42839238,0.150527596,-0.269559532,-0.02087841,0.677591383,-0.0774942935,-0.253131837,0.186093092,0.414510161,0.171878412,-0.330409497,-0.0118010789,0.652770102,-0.0193630327,-0.229364395,0.17972374,0.329070449,0.092049107,-0.278741598,0.0286560524,0.539465129,0.0942091197,0.00333350128,0.0246278718,0.999963224,-0.0925530121,-0.00731920265,-0.0221838616,0.999960959,0.0880479291,0.424120218,-0.082339108,0.544172525,-0.0775343925,0.347334892,-0.113620065,0.509206891,0.0734194443,0.770068765,-0.0371175148,0.471929103,-0.0791276842,0.72602427,-0.0237865951,0.42185235,0.0511103943,0.804784358,-0.0298000742,0.183180958,-0.0760697275,0.76022,-0.05966096,0.14710778,0.074713923,0.812701285,-0.0892712176,0.468257576,-0.0887621939,0.755123794,-0.149313703,0.397192299
8366.66666666672,-0.00846393406,-0.567166805,0.0369290747,0.999329388,0.00234715501,-0.585233748,0.0515246317,0.998878181,0.00532475,-0.587339222,0.0621785335,0.998547792,0.00441945624,-0.586589515,0.0566571355,0.9991346,-0.0166105498,-0.595693529,0.0437691398,0.999322355,-0.0152610559,-0.592822492,0.0318765305,0.999349535,-0.0119350497,-0.582782447,0.0496327877,0.999604225,0.0684129223,-0.577821493,0.144000307,0.998837888,-0.0668026507,-0.530583143,0.155901641,0.998267591,0.0300808232,-0.560260415,0.0794998929,0.998223424,-0.00928191748,-0.521581173,0.0562465973,0.997979164,0.150093347,-0.422135472,0.211712971,0.99992156,-0.111809857,-0.478884578,0.24532263,0.999874413,0.133054599,-0.284356862,0.163622111,0.491450071,-0.0752374381,-0.245922402,0.12918812,0.606613457,-0.0127342008,-0.234137282,0.172371194,0.44854176,0.0742552131,-0.253828794,0.0317848586,0.717220724,-0.0648481473,-0.236082092,0.177124947,0.432951421,0.149808794,-0.270255595,-0.0215428378,0.67708832,-0.0791689754,-0.250965,0.181925163,0.418866158,0.171197772,-0.331100911,-0.01255072,0.652117,-0.0204331856,-0.227803454,0.176187187,0.333171517,0.0912988409,-0.279560119,0.0279895477,0.539942265,0.0939932913,0.00324457744,0.0237092171,0.999963462,-0.0923077464,-0.00723294914,-0.0212732237,0.999961078,0.0883712,0.424831748,-0.0826784819,0.546955109,-0.0773189,0.348276466,-0.112550169,0.507791877,0.0735878199,0.770042896,-0.0372574031,0.468575,-0.0767179132,0.7268911,-0.0225427989,0.420327395,0.0512064025,0.804716587,-0.0297737196,0.181401968,-0.0734874308,0.761198103,-0.0585243069,0.148437262,0.0746672899,0.812802613,-0.088961333,0.463439941,-0.0888475776,0.757198,-0.144321412,0.395709068
8383.333333333387,-0.00846335571,-0.567187726,0.0367238671,0.999357283,0.00237467838,-0.585251689,0.0512930267,0.998929441,0.00534735713,-0.58736217,0.0620025434,0.998612881,0.00445079664,-0.586609304,0.0564662628,0.999176681,-0.0165991075,-0.595736325,0.0436895117,0.999351203,-0.0152512798,-0.592859864,0.0317791589,0.999374628,-0.0119354194,-0.582820475,0.0495402329,0.999619365,0.0684526935,-0.577785671,0.143810943,0.998894513,-0.0668163598,-0.530633569,0.156275705,0.998318195,0.0300711542,-0.560281217,0.0792686641,0.99829483,-0.00930324569,-0.521618664,0.0561244,0.998049378,0.149911627,-0.421915919,0.211482108,0.999924,-0.111804321,-0.478948087,0.246520966,0.999874711,0.133052573,-0.284271747,0.16114907,0.499951959,-0.0753690675,-0.246884018,0.129010543,0.605894148,-0.0136225084,-0.233313933,0.167271972,0.455059171,0.0737994909,-0.254023612,0.0313207507,0.710601628,-0.0662630349,-0.234574229,0.171431452,0.437784016,0.149435416,-0.270688534,-0.0220286567,0.669959486,-0.0808371454,-0.249437854,0.176475212,0.423556328,0.170885846,-0.331690431,-0.013093126,0.644728303,-0.0214372966,-0.22683388,0.171130121,0.337460876,0.0908685103,-0.27994895,0.0275165793,0.533486664,0.0939009711,0.00318153412,0.0232330095,0.99996376,-0.0921968445,-0.00716665154,-0.0208015721,0.999961,0.0889814273,0.425267458,-0.0829546303,0.550023913,-0.0768368244,0.348598838,-0.112174362,0.506567776,0.0740455091,0.769921243,-0.0373420902,0.466788381,-0.0755068362,0.726991773,-0.0201023202,0.417759538,0.0516454615,0.804535091,-0.0297165,0.180420831,-0.0721334144,0.761295378,-0.0558545068,0.148539558,0.0750865564,0.812772453,-0.0886254832,0.46032384,-0.0885700285,0.758132517,-0.139774203,0.393122792
8400.000000000053,-0.00866458,-0.567726433,0.0317369588,0.999374092,0.00223231129,-0.58586669,0.0455233864,0.998960435,0.00520892581,-0.587995887,0.0564774387,0.998649538,0.00431363611,-0.587204278,0.0509243831,0.999202,-0.0167639833,-0.596376419,0.0386823602,0.9993698,-0.0154353697,-0.593473792,0.0268937107,0.999390721,-0.0121362126,-0.583412766,0.0446612872,0.999630451,0.0684818923,-0.578601956,0.13783522,0.998924494,-0.0668293536,-0.531175852,0.152844191,0.998349071,0.0299760364,-0.560943,0.0742418915,0.998332202,-0.00940587,-0.522157192,0.0519311316,0.998092234,0.149905592,-0.422847956,0.20565021,0.999924779,-0.11159946,-0.479100496,0.246304825,0.999875605,0.132062212,-0.285806119,0.159805015,0.506961584,-0.0760659203,-0.247266218,0.128804028,0.613173783,-0.015481431,-0.233958036,0.171494409,0.458994448,0.0730257779,-0.254628807,0.031017419,0.713650227,-0.0686785206,-0.235047638,0.176882371,0.439848572,0.148926795,-0.271329403,-0.0223032124,0.671712577,-0.0826509744,-0.249608904,0.181551442,0.42544955,0.170353711,-0.331848174,-0.0133363707,0.646445,-0.0230717864,-0.227216914,0.175570443,0.339328796,0.0901875198,-0.280433476,0.0271786358,0.536131501,0.0937652737,0.00314041437,0.0226678383,0.999964,-0.0920529589,-0.00711620692,-0.0202243682,0.999961317,0.089132674,0.425734937,-0.0831376538,0.55594629,-0.0768470764,0.348656893,-0.10990046,0.509432256,0.0740508288,0.77000308,-0.0357481577,0.468107402,-0.0755787119,0.727144182,-0.0139275016,0.420805931,0.0516342297,0.804582775,-0.0276671853,0.18032819,-0.0722542927,0.761536658,-0.0491260588,0.150601491,0.0747706741,0.81316191,-0.0845920071,0.460312188,-0.0906767845,0.758735657,-0.131669179,0.395955533
8416.666666666719,-0.00873655919,-0.568256736,0.0291268174,0.999389112,0.00220216485,-0.586412668,0.0426046066,0.998989105,0.00517975446,-0.588552594,0.0536832325,0.998683333,0.00428462215,-0.587733448,0.0480961613,0.999224901,-0.016798595,-0.596994698,0.0359597094,0.999387443,-0.0154792257,-0.594061077,0.0242490098,0.999406278,-0.0121867731,-0.583981097,0.0420046,0.99964124,0.0685073733,-0.579015076,0.135057807,0.998951793,-0.0668356046,-0.531506121,0.150462732,0.998383582,0.0299143735,-0.561501622,0.0716309473,0.998370767,-0.0094626043,-0.522630215,0.0494741611,0.998139083,0.149841815,-0.423061,0.203452647,0.999925375,-0.111483805,-0.479205281,0.245862126,0.999877274,0.131051749,-0.286304146,0.160633042,0.511892796,-0.0770678446,-0.247397095,0.12865828,0.620582581,-0.0167275984,-0.234098151,0.176990032,0.462106884,0.0719704702,-0.255043536,0.0309153367,0.718346834,-0.0702682287,-0.235293105,0.18311283,0.441597372,0.148047701,-0.271655053,-0.0224512164,0.675682604,-0.0837362483,-0.249945045,0.187237486,0.427044064,0.169613391,-0.332265705,-0.0135820573,0.650429726,-0.0241432656,-0.227433488,0.181021497,0.341026217,0.0892590955,-0.28086248,0.0270679425,0.541134536,0.0936284214,0.00310891867,0.0224472862,0.999964118,-0.0919056758,-0.00707909418,-0.0199937262,0.999961555,0.0893088505,0.426165819,-0.0831837729,0.561796069,-0.0768373534,0.348808497,-0.108978309,0.512934566,0.0741254389,0.770228803,-0.034191072,0.469817668,-0.0755354166,0.727729678,-0.0117052123,0.425240964,0.0516600385,0.804768443,-0.0258263014,0.180491388,-0.0722530186,0.762284458,-0.046755217,0.153299838,0.0743898675,0.81393,-0.0811117738,0.460977167,-0.0914737433,0.759841263,-0.128771693,0.400115192
8433.333333333385,-0.00895000342,-0.568350255,0.0279258508,0.999408245,0.00205710926,-0.586523831,0.0414455682,0.999022841,0.00503850216,-0.588667691,0.0525569953,0.998723626,0.00414765161,-0.587833822,0.0469680727,0.999250948,-0.0169906579,-0.597113848,0.0349442214,0.999408662,-0.0156885423,-0.59417218,0.0232634488,0.999425709,-0.0124061275,-0.58409369,0.0410105884,0.999654174,0.0685317814,-0.579061866,0.13417542,0.998982906,-0.0669202879,-0.531551242,0.15002574,0.998427749,0.0297851209,-0.561585248,0.0704799742,0.998413444,-0.00965496711,-0.522681534,0.0485178791,0.998191357,0.149778828,-0.423094839,0.202615619,0.999925852,-0.111434832,-0.479242831,0.245764151,0.999879062,0.130717486,-0.286666691,0.161277249,0.51471,-0.078047663,-0.247690037,0.128820017,0.626466215,-0.0173005,-0.234287068,0.180125609,0.461967945,0.0700412,-0.255271882,0.0307584126,0.721723437,-0.0710043311,-0.235514,0.186349258,0.440166265,0.14607659,-0.271582425,-0.0226042196,0.678157389,-0.084417738,-0.250079215,0.190636933,0.425468743,0.167843014,-0.331786394,-0.0136954524,0.652905941,-0.02472049,-0.227604821,0.184228748,0.339906633,0.0874488801,-0.280884415,0.0268774647,0.544406354,0.0935211256,0.00309202424,0.0222041178,0.999964416,-0.091794841,-0.00705738598,-0.0197417438,0.999962032,0.0893093422,0.426670611,-0.0833837911,0.567006052,-0.0768757835,0.349075139,-0.108382098,0.51599437,0.0740654767,0.770419,-0.0334572531,0.470801681,-0.0755800381,0.727977753,-0.0103688044,0.428574145,0.0515598319,0.804935455,-0.0249231961,0.180647328,-0.0723219886,0.762583137,-0.0453444049,0.155317992,0.0741676763,0.814346492,-0.0798343867,0.461034149,-0.0923101306,0.760175467,-0.127847135,0.403247446
8450.000000000051,-0.00941229798,-0.568524778,0.027212739,0.999410331,0.00175165536,-0.586695433,0.0407683104,0.999028504,0.00473571429,-0.588845134,0.0518925302,0.998727262,0.0038421608,-0.587992609,0.046297431,0.999255776,-0.0173546113,-0.597304225,0.0343943723,0.999412954,-0.0160697848,-0.594363749,0.0227188487,0.999428689,-0.0127947014,-0.584275723,0.040467117,0.999657512,0.0685315356,-0.579109669,0.133528009,0.998985589,-0.0670404956,-0.531599,0.149826288,0.998430192,0.029468637,-0.561725259,0.0697262362,0.998413086,-0.0100461738,-0.522813559,0.0479420125,0.998196721,0.149737194,-0.423125595,0.201707363,0.999925196,-0.111424498,-0.479252428,0.245678768,0.999879241,0.129666746,-0.286889821,0.16081208,0.513611674,-0.0789798349,-0.247868732,0.128774583,0.62861,-0.0180860609,-0.234403387,0.178401038,0.457786202,0.0684537,-0.25530678,0.0305916537,0.721859097,-0.0716892928,-0.235582277,0.184288591,0.435675353,0.144416213,-0.271301955,-0.0227571409,0.677545071,-0.0849449709,-0.249938279,0.188606367,0.420946628,0.166426912,-0.331238121,-0.0138407033,0.65219754,-0.0254230816,-0.227626637,0.182420403,0.336252779,0.0859486461,-0.280764848,0.0266870633,0.544190288,0.0934788436,0.00307894545,0.0220331121,0.999964654,-0.0917498693,-0.00703814905,-0.0195584204,0.999962389,0.0893172,0.427478552,-0.0834300891,0.570580721,-0.0768042207,0.349530697,-0.107665375,0.517314315,0.0740612,0.770941317,-0.0317036696,0.471482575,-0.0757399946,0.728390694,-0.00836505089,0.431115657,0.0515479036,0.8054353,-0.0228714142,0.180350482,-0.0725775734,0.763047159,-0.043195609,0.156594,0.0741097778,0.815551877,-0.0774037,0.460380495,-0.0937776417,0.76082325,-0.126079306,0.40517205
8466.666666666717,-0.00981178787,-0.568401814,0.0269397758,0.999415874,0.00143983844,-0.586547315,0.0405174792,0.999039233,0.00443969434,-0.588699162,0.0516321883,0.998737156,0.00354651781,-0.587836146,0.0460429862,0.999264538,-0.0176576618,-0.597173512,0.0342081934,0.999420702,-0.0163847283,-0.594234824,0.0225362908,0.999435127,-0.0131196808,-0.584154546,0.0402867496,0.999663115,0.0685324818,-0.578815937,0.133238539,0.998993039,-0.0671008825,-0.531469226,0.149797842,0.998441935,0.0291867368,-0.561549246,0.069416061,0.998423755,-0.0103744417,-0.522678435,0.0477451757,0.998214781,0.149710625,-0.422843,0.201492786,0.999924958,-0.111418359,-0.478797913,0.245736375,0.99988,0.129647,-0.286753058,0.160833627,0.512048721,-0.0794300735,-0.246889845,0.130008698,0.63037461,-0.018086629,-0.234472409,0.177994445,0.45371303,0.0677163154,-0.254448801,0.0322582759,0.721997142,-0.0716531277,-0.2357115,0.183677018,0.430973172,0.143762603,-0.270606279,-0.0209743045,0.676585,-0.0849262699,-0.25003919,0.188352346,0.41609171,0.16568391,-0.330534756,-0.0120064942,0.651086867,-0.0254257265,-0.227668971,0.182061866,0.33210662,0.0852079317,-0.279890597,0.028299924,0.543343663,0.0934240147,0.00306212739,0.0219076946,0.999964893,-0.0916957632,-0.00701587508,-0.0194268525,0.999962747,0.0893228576,0.427646816,-0.0836409926,0.572098196,-0.0766139105,0.349663,-0.107497059,0.516738474,0.0738414302,0.771018267,-0.0316663384,0.470005661,-0.0757288933,0.72839,-0.00813555159,0.430734336,0.0512560681,0.805514,-0.0228166,0.179451212,-0.0725964308,0.763046861,-0.0429499298,0.15677,0.0737626478,0.815733194,-0.0774187818,0.457760245,-0.0939542577,0.760813,-0.126187116,0.40448916
8483.333333333383,-0.0108715845,-0.568416893,0.0269615073,0.99941808,0.000683410442,-0.586547136,0.0405601747,0.999043047,0.0036950903,-0.588701963,0.0516669266,0.998739481,0.0027917237,-0.587837219,0.0460764207,0.999268293,-0.0184585,-0.597187519,0.0342897363,0.999423623,-0.0171983484,-0.594251215,0.0226073936,0.999437034,-0.0139531074,-0.584169507,0.0403582416,0.999665141,0.0682946518,-0.578676939,0.133261174,0.998997,-0.0675070286,-0.531505942,0.150076091,0.998440385,0.0282206424,-0.561545193,0.0694196299,0.998428106,-0.0114234295,-0.52270031,0.0477755181,0.998221815,0.149526477,-0.422829509,0.201168805,0.999924839,-0.111887254,-0.478823602,0.245966256,0.999879837,0.130080312,-0.286758065,0.159241512,0.511760294,-0.0798953176,-0.246988267,0.130222604,0.63026166,-0.0178043451,-0.233994707,0.17444475,0.450667888,0.0667486712,-0.254568,0.0321115479,0.720682502,-0.0713024139,-0.234927684,0.179249957,0.427885532,0.142735735,-0.27060312,-0.021126315,0.674933374,-0.0848289356,-0.249064103,0.183878094,0.412974894,0.164727151,-0.330523461,-0.0121466313,0.649362445,-0.0252569057,-0.227002159,0.178334147,0.329507,0.0842183903,-0.279955447,0.0281413607,0.541706622,0.0934030414,0.00304088369,0.0216238257,0.99996525,-0.091673,-0.00698784692,-0.019119408,0.999963164,0.0893265232,0.427825749,-0.083887741,0.574171901,-0.0765848234,0.349799,-0.107058138,0.51644516,0.0737297237,0.770951688,-0.0309811495,0.469250649,-0.0757674277,0.728404641,-0.00732180709,0.431133568,0.0511336178,0.805427134,-0.0219611265,0.178868845,-0.0726509392,0.763054669,-0.0420921408,0.157244295,0.0736342147,0.815714955,-0.0766287595,0.455738276,-0.0946423188,0.760829806,-0.125740662,0.404174209
8500.00000000005,-0.0112740984,-0.568194628,0.0270111747,0.999422252,0.000382974424,-0.586262584,0.0406785458,0.999050558,0.00338866212,-0.588423,0.0517671481,0.998746395,0.0024914036,-0.587554932,0.0461779796,0.999274373,-0.018803101,-0.597000539,0.0344106257,0.999428689,-0.0175504312,-0.594073176,0.0227127764,0.999441266,-0.0143119339,-0.58399725,0.0404590815,0.99966836,0.0681814253,-0.578137279,0.133527666,0.999003589,-0.0678802654,-0.531464815,0.150309592,0.998445749,0.027835872,-0.561237931,0.0694778338,0.998437226,-0.011916616,-0.522561312,0.0478264838,0.998232245,0.149459213,-0.422464728,0.20148547,0.999924719,-0.112249233,-0.478743076,0.245925665,0.999879897,0.131191239,-0.285959899,0.159273684,0.509929597,-0.0798932239,-0.246785074,0.130105764,0.630623519,-0.0173737202,-0.232613921,0.173596159,0.448784739,0.0666782632,-0.254322469,0.0314957909,0.719822705,-0.070982717,-0.233297348,0.178525031,0.426168978,0.142580688,-0.270272315,-0.0220176708,0.673599958,-0.0847949386,-0.24770084,0.183236197,0.411322236,0.164573684,-0.330221415,-0.0130327921,0.64798,-0.0250429772,-0.225672707,0.177524894,0.328070551,0.0841153041,-0.279640645,0.0274931621,0.540248156,0.0933810696,0.00302932039,0.0216313284,0.99996525,-0.0916504934,-0.00697418116,-0.0191191565,0.999963164,0.089305833,0.427953631,-0.0838930681,0.573265,-0.076455757,0.349936783,-0.107131325,0.51377821,0.0736339092,0.770946324,-0.0305662435,0.466853946,-0.075817585,0.728334427,-0.00695378846,0.428219348,0.0510385931,0.805424929,-0.021512771,0.17785494,-0.0727222636,0.762959361,-0.0416224599,0.15609543,0.0735913441,0.81571281,-0.0765899718,0.452718079,-0.0946489424,0.760740042,-0.125760153,0.401020944
8516.666666666715,-0.0114390915,-0.56807512,0.0274466388,0.99942863,0.000287945586,-0.58609885,0.0412712358,0.999063373,0.00328977453,-0.588265061,0.0523272529,0.998762965,0.00239752419,-0.587403178,0.0467258766,0.999286234,-0.0189251099,-0.596921,0.0349483788,0.999434173,-0.0176707562,-0.594001651,0.02320005,0.99944526,-0.0144405952,-0.583924055,0.0409407131,0.999670208,0.0680912659,-0.577860177,0.134325936,0.999021113,-0.0681039914,-0.53148669,0.150859848,0.998445034,0.0276283342,-0.56109035,0.0699231327,0.998453796,-0.0121853808,-0.522535264,0.0481989533,0.998240471,0.149325907,-0.422361761,0.201713458,0.999925494,-0.112587027,-0.478775531,0.245926946,0.999878347,0.132146746,-0.285386264,0.158770531,0.511003494,-0.0798631161,-0.246856391,0.129617512,0.627183855,-0.0166155305,-0.230640814,0.169262588,0.450415432,0.066662766,-0.254417926,0.0301528871,0.712677419,-0.070126541,-0.230517119,0.172957137,0.427857786,0.142523289,-0.270226657,-0.0235434957,0.666567,-0.084464021,-0.245231509,0.177468941,0.413135499,0.164445341,-0.330179542,-0.0147480033,0.640776455,-0.024514718,-0.223648936,0.172884852,0.329726398,0.084054552,-0.279700696,0.0259974543,0.533193171,0.0933618546,0.00301802391,0.0216241647,0.99996531,-0.091631636,-0.0069591403,-0.019109128,0.999963,0.0892962664,0.428070486,-0.0839079097,0.573345125,-0.0760903209,0.350042671,-0.107158065,0.51125145,0.073560223,0.770926416,-0.0306237657,0.465672374,-0.075827308,0.728331923,-0.0068896017,0.42555362,0.0509871542,0.805407941,-0.0216121636,0.17757225,-0.0727422088,0.762944221,-0.0415606871,0.155177027,0.0736756176,0.815647,-0.0770075247,0.451099485,-0.0944787189,0.760742188,-0.125834092,0.398153216
8533.333333333381,-0.0116809579,-0.568154812,0.0286555905,0.999433875,0.000124972707,-0.586145639,0.0427466,0.999074161,0.00310299452,-0.588316262,0.0537576489,0.998776793,0.00221945695,-0.587457716,0.0481491163,0.999296427,-0.0191381071,-0.597014368,0.0364238471,0.999438,-0.0178841595,-0.594111502,0.0245832354,0.999447405,-0.0146490345,-0.584020734,0.0423162021,0.999670744,0.0679223,-0.5778597,0.135626286,0.99903661,-0.0683467239,-0.531679273,0.152108297,0.998438239,0.0273839459,-0.561135173,0.0710009485,0.998461604,-0.0124762887,-0.522682369,0.0492664762,0.998235643,0.149199307,-0.42237097,0.201767609,0.999926031,-0.112698935,-0.479079753,0.245904222,0.999875784,0.13243714,-0.285377145,0.1565561,0.511779,-0.0791967064,-0.248096496,0.127773643,0.621381581,-0.0166502893,-0.229131833,0.16450052,0.449997902,0.0666968897,-0.254801154,0.0268598404,0.702812195,-0.0701935217,-0.227846265,0.167753369,0.427716017,0.142476395,-0.270280361,-0.0270761102,0.657097518,-0.0848812833,-0.24262023,0.172177821,0.4131594,0.164356947,-0.330238104,-0.0184484441,0.631139398,-0.0246564671,-0.221928701,0.168043882,0.329879463,0.0840569735,-0.2798841,0.0225450844,0.52393353,0.0933440328,0.00300707831,0.0216170885,0.999965489,-0.091612041,-0.00694237789,-0.0190995224,0.999962807,0.0895323604,0.428088,-0.0838677883,0.573394537,-0.0758914948,0.350108474,-0.107152827,0.507757246,0.0735752955,0.770834923,-0.0305956062,0.465712398,-0.075910531,0.728237033,-0.00528940931,0.422246546,0.051012259,0.805330038,-0.0215898845,0.177933872,-0.0728390068,0.762792051,-0.0397855788,0.154051974,0.0742292106,0.815454304,-0.0771297067,0.450673252,-0.0944697931,0.760701716,-0.124290407,0.394835979
8550.000000000047,-0.0116789555,-0.568011343,0.0291912984,0.999449432,0.000124899903,-0.585978031,0.0434783101,0.999102473,0.0030954252,-0.588153303,0.0544713661,0.998813689,0.00221545249,-0.587300241,0.0488642231,0.999319255,-0.0191516299,-0.59687084,0.0371096097,0.999453366,-0.0178962573,-0.593977571,0.0252314974,0.999460876,-0.0146627082,-0.583872616,0.04296,0.999678314,0.0679273084,-0.577495,0.136340618,0.999068558,-0.0683726,-0.531396449,0.152731329,0.998466969,0.0273788162,-0.560910165,0.0714947283,0.998497486,-0.0124928346,-0.522508085,0.0497315452,0.998267055,0.149151623,-0.421832532,0.201759815,0.999927223,-0.112664267,-0.478762478,0.245905295,0.999874711,0.132464409,-0.285118222,0.155862197,0.51422596,-0.0790172145,-0.248134941,0.12685287,0.617030442,-0.0167903192,-0.228766263,0.16434592,0.450928032,0.0666966811,-0.254780024,0.0260236058,0.693847537,-0.070384182,-0.227474064,0.167681783,0.4281331,0.142414719,-0.27004531,-0.0276976172,0.647935748,-0.0851789936,-0.242176518,0.172130749,0.413533211,0.164220199,-0.32980606,-0.019004371,0.621674359,-0.0248490795,-0.221533418,0.167923704,0.330481052,0.084014304,-0.279764771,0.0217434838,0.515240073,0.0932988599,0.00299657905,0.0216097962,0.999965787,-0.0915625542,-0.00692966115,-0.0190920979,0.999962866,0.0897375271,0.428309202,-0.0838400573,0.575112164,-0.0755158365,0.350412518,-0.107153378,0.506413579,0.0735803,0.770872772,-0.0306528211,0.466808081,-0.0759284273,0.728244841,-0.00431658,0.420462191,0.0510131046,0.805369318,-0.0216756295,0.178542569,-0.0728642493,0.762788773,-0.038687136,0.153476611,0.0743307,0.815654457,-0.0772799626,0.451169342,-0.0941600576,0.76096648,-0.122923091,0.393059373
8566.666666666713,-0.011600567,-0.567739248,0.0306610707,0.999465525,0.000185861514,-0.585700393,0.0453444906,0.999130487,0.00314130262,-0.587879,0.0562913939,0.998849332,0.00227473537,-0.587032616,0.0507203974,0.999340534,-0.0191271808,-0.596574068,0.038917277,0.999469817,-0.0178664923,-0.593691587,0.0270042736,0.999476254,-0.014635128,-0.583595753,0.0447162539,0.999687433,0.068004109,-0.57705915,0.138577387,0.999097168,-0.0683948621,-0.530941904,0.154749453,0.998502791,0.0274394,-0.560539782,0.0730254501,0.998532,-0.0124756657,-0.522152,0.0512041897,0.998303533,0.149066195,-0.421254277,0.202794567,0.999928057,-0.112564459,-0.478357852,0.24668771,0.999875,0.132461131,-0.284905255,0.156222031,0.51472038,-0.0787343383,-0.248143837,0.126875773,0.615086198,-0.0170606319,-0.228217572,0.16542384,0.449545264,0.0669188127,-0.254421562,0.0259585511,0.68950057,-0.0707407519,-0.227005988,0.169029385,0.426407188,0.142564371,-0.269527912,-0.0278043319,0.64328891,-0.0856947303,-0.241563275,0.173760056,0.411758363,0.164384663,-0.329097927,-0.0190826412,0.616896927,-0.025208693,-0.220943213,0.169177905,0.329052448,0.0842099339,-0.279257447,0.0216899049,0.510739148,0.0932619944,0.00298106228,0.0216204338,0.999965906,-0.0915284529,-0.00691379327,-0.0191023033,0.999962926,0.0900011584,0.42835623,-0.0838336423,0.576003611,-0.0751097202,0.350524127,-0.107402235,0.505749643,0.0738219395,0.770847261,-0.0308897905,0.466488868,-0.075772427,0.728083909,-0.00432132604,0.418303549,0.0512571186,0.805351,-0.0219569,0.1787882,-0.0726836696,0.762548566,-0.0386930965,0.152716801,0.074765563,0.815652311,-0.0780968815,0.45068565,-0.0921001285,0.760970831,-0.122982562,0.391206384
8583.33333333338,-0.0115902163,-0.56744045,0.0306554418,0.999475598,0.000182134361,-0.58541584,0.045330517,0.999149799,0.00313496566,-0.587595344,0.0562766567,0.998873591,0.00227195211,-0.586746871,0.0507065356,0.999355793,-0.0191311538,-0.596272349,0.0389012918,0.999481142,-0.0178687815,-0.593375146,0.0269897263,0.999486506,-0.0146399336,-0.583283484,0.0447023846,0.999694049,0.068044506,-0.576797605,0.138548985,0.99911654,-0.0683794,-0.5305112,0.15472509,0.998525739,0.027447097,-0.560243547,0.0730199367,0.998556435,-0.0124640055,-0.521783292,0.0511982,0.998330534,0.149031788,-0.420808405,0.202728853,0.999928713,-0.112337068,-0.477952838,0.246847674,0.999875605,0.132290766,-0.284821779,0.156958818,0.517242491,-0.0786179751,-0.247935221,0.126975209,0.6148175,-0.0174443666,-0.228559226,0.170363098,0.450627327,0.0669391155,-0.25423643,0.0259600691,0.688290834,-0.0711905435,-0.227951393,0.175096154,0.426268548,0.142572954,-0.269441336,-0.0277942,0.641671,-0.0859379247,-0.242392465,0.180120602,0.411413938,0.164381832,-0.32893461,-0.0190357156,0.615169287,-0.025493253,-0.221354291,0.174461931,0.328919113,0.0842237249,-0.279059261,0.0216979459,0.509350598,0.0931972,0.00296524609,0.0216070451,0.999965906,-0.0914608762,-0.00690088,-0.0190919098,0.999962926,0.0900427476,0.428443134,-0.0838736445,0.577269554,-0.0750191882,0.350695103,-0.107427835,0.506159,0.0740247667,0.771022499,-0.0314265117,0.466620356,-0.0753656253,0.728155673,-0.0047837412,0.418450624,0.0514598489,0.805518568,-0.0226064213,0.178657308,-0.0721963048,0.762610495,-0.0392641872,0.15270707,0.0747852623,0.81581974,-0.0790505335,0.450942606,-0.0905606449,0.761203468,-0.124034427,0.391760916
8600.000000000045,-0.0115314387,-0.567508,0.0283824578,0.999482691,0.000239373258,-0.585539579,0.0427310504,0.99916172,0.00320126396,-0.587711215,0.0536613278,0.998886943,0.00234654872,-0.586857438,0.0482196175,0.999364197,-0.0191015862,-0.596336842,0.0366079956,0.999489,-0.0178449787,-0.593438864,0.0247825775,0.999493897,-0.0146135231,-0.583349168,0.0424876772,0.999699533,0.0688813478,-0.577404916,0.136401117,0.999121249,-0.0681714416,-0.530736387,0.153841376,0.998539209,0.0276760664,-0.560391605,0.0710823834,0.998563349,-0.0123263849,-0.521860182,0.0496979542,0.998346329,0.149343297,-0.422102362,0.202397093,0.999928713,-0.111336701,-0.478036135,0.247047737,0.999876916,0.132205442,-0.28626585,0.158917755,0.51685518,-0.0785834268,-0.247379676,0.130537882,0.618470073,-0.0168803576,-0.230368555,0.173817039,0.450669199,0.0671476275,-0.253903806,0.0300762989,0.692507684,-0.0702385604,-0.230629861,0.178679317,0.425738215,0.142949939,-0.269382656,-0.0237161983,0.645167589,-0.0845538825,-0.244245052,0.183796838,0.410847753,0.164600968,-0.328926623,-0.0148850549,0.61890471,-0.024697911,-0.2229307,0.178078115,0.328279287,0.0844592378,-0.278846592,0.0258977413,0.513070285,0.0931579322,0.00291782268,0.0215743463,0.999965787,-0.0914235562,-0.00684803119,-0.0190572795,0.999963,0.090075992,0.428431064,-0.0836268,0.577682555,-0.0742445886,0.35068652,-0.106741928,0.507447839,0.0750851408,0.771061122,-0.0276192874,0.464884,-0.0753201544,0.727942765,-0.00226715207,0.418559909,0.0526328236,0.80558151,-0.018296333,0.177617371,-0.072175324,0.762403429,-0.0364212207,0.152367085,0.0755468532,0.81596458,-0.0747584552,0.44954744,-0.0901070461,0.76112479,-0.121571697,0.392421246
8616.666666666712,-0.0115954606,-0.567593455,0.0281532984,0.999491036,0.000212042054,-0.5856511,0.0425059348,0.999175906,0.00317474082,-0.587818682,0.0534290746,0.99890393,0.00232520094,-0.586967,0.047996182,0.999374,-0.0191696621,-0.596425533,0.036440663,0.999498,-0.0179178491,-0.593528569,0.0246239249,0.999502659,-0.0146875083,-0.583446264,0.0423281454,0.999705255,0.0691215917,-0.577615261,0.136331186,0.999130309,-0.0681783,-0.5309,0.153870314,0.998558,0.0276685655,-0.560495734,0.0709271803,0.998575091,-0.0123703172,-0.521949291,0.0496142581,0.998365581,0.149346337,-0.422631115,0.202512443,0.999928415,-0.110999413,-0.47807011,0.247497797,0.99987781,0.132202059,-0.287253052,0.159825206,0.5172,-0.0786510482,-0.247399375,0.131403163,0.622874618,-0.0166376289,-0.230592072,0.173883632,0.451810896,0.0671369508,-0.253967345,0.0302510243,0.698024869,-0.0698811114,-0.230778232,0.178538859,0.426626295,0.142944127,-0.269528329,-0.0236890465,0.650464118,-0.0842375755,-0.244297609,0.183632985,0.411732048,0.164623573,-0.329099864,-0.0148283644,0.624490917,-0.0244624577,-0.223030731,0.178109512,0.329029,0.0844626874,-0.278922051,0.0260762125,0.518794715,0.0931277946,0.00287242769,0.0215643942,0.999965608,-0.091395475,-0.00680158287,-0.0190432016,0.999963,0.0901835635,0.428445846,-0.0834943876,0.579014719,-0.0739832595,0.350701749,-0.106652752,0.509990215,0.0755010322,0.771037936,-0.0269096754,0.465491921,-0.0752884,0.727867603,-0.00228610309,0.420842826,0.0530475937,0.805565655,-0.0175741557,0.177849159,-0.0721536949,0.762319505,-0.0364636667,0.153187022,0.0757193416,0.815926433,-0.0744723603,0.450245708,-0.0897991,0.761073172,-0.121650174,0.394898862
8633.333333333378,-0.0117841726,-0.567790926,0.0276765656,0.999495149,6.70380177e-005,-0.585865259,0.0419805497,0.999182,0.00304038147,-0.588029563,0.0528928451,0.998910367,0.00219762046,-0.58717227,0.04748087,0.999377608,-0.019357264,-0.596607625,0.0359694287,0.999502778,-0.0181144197,-0.593711674,0.0241747927,0.999507666,-0.0148801692,-0.583641529,0.0418804921,0.999708951,0.0691486299,-0.577924728,0.135994509,0.999130189,-0.0682353452,-0.531187952,0.15377368,0.99856782,0.0275692064,-0.560724199,0.0705360249,0.998578489,-0.0125189126,-0.522162378,0.049296286,0.99837774,0.14932695,-0.423264176,0.202498585,0.999928,-0.110980958,-0.47817722,0.247709394,0.999878824,0.132091403,-0.288508803,0.160422146,0.516488433,-0.0788304582,-0.247352421,0.132595628,0.626950324,-0.0163392555,-0.231692523,0.173736155,0.452393591,0.0670313388,-0.253990233,0.0309049729,0.704115808,-0.0693457574,-0.232022434,0.178270102,0.427099615,0.142855361,-0.269628704,-0.0232530888,0.656499267,-0.0836964101,-0.245155782,0.183336541,0.412247062,0.16455707,-0.32927075,-0.0144257303,0.630890369,-0.0241275,-0.223947421,0.177919105,0.329412431,0.0843856558,-0.278947741,0.0267030243,0.52522,0.0931075811,0.00283973641,0.0215530731,0.99996531,-0.0913746,-0.0067682513,-0.0190285333,0.999962926,0.0901869759,0.428404182,-0.0832936838,0.579200268,-0.0739397258,0.350594133,-0.106575504,0.51164794,0.0757403597,0.771068335,-0.0258784816,0.464574933,-0.0753026381,0.727804482,-0.00228019664,0.421692222,0.0533017851,0.805617511,-0.0165194236,0.177237317,-0.0721749067,0.762263,-0.036472097,0.153201506,0.0758002,0.815910399,-0.0737284347,0.449649394,-0.0897882432,0.760921657,-0.121732704,0.396070749
8650.000000000044,-0.0117211342,-0.567834377,0.0276853703,0.999504,0.000116693525,-0.585932553,0.0419898219,0.999197185,0.00309223263,-0.588095307,0.0529038645,0.998928905,0.00225603161,-0.587240398,0.0474875,0.999388635,-0.0193261765,-0.596663415,0.035967581,0.999512196,-0.018084893,-0.593763471,0.0241724364,0.999516547,-0.0148535017,-0.583692253,0.0418787785,0.999714613,0.0691986457,-0.578065574,0.136025041,0.999142528,-0.0682423115,-0.53124696,0.153757513,0.998590052,0.0276188776,-0.560796916,0.0705531314,0.99859333,-0.0124837123,-0.522210598,0.0492947251,0.998396873,0.1493119,-0.423445016,0.202627733,0.999927878,-0.110902779,-0.478195757,0.247691274,0.999879777,0.13206549,-0.288831204,0.160541072,0.515313327,-0.0788327903,-0.247405201,0.132476687,0.630750179,-0.0163129121,-0.231725886,0.173539817,0.451688558,0.0670207366,-0.254119694,0.0308624636,0.708566785,-0.0692931712,-0.232043847,0.178035334,0.426404506,0.14283216,-0.269770712,-0.023303967,0.660935819,-0.0836768821,-0.245186925,0.183090404,0.411570966,0.164554134,-0.32944724,-0.0144578125,0.635519,-0.0241069272,-0.223974675,0.177697942,0.328910977,0.0843739361,-0.279099166,0.0266624689,0.529969931,0.0930662826,0.00282125478,0.0215586312,0.999965072,-0.0913325623,-0.00675317133,-0.0190341808,0.999962807,0.0901984647,0.428463817,-0.0832445771,0.577449322,-0.0738938376,0.350546062,-0.106573597,0.5106619,0.0757665709,0.771073759,-0.0262031145,0.461453974,-0.0752960145,0.727781534,-0.00365938083,0.420469284,0.0533311926,0.805621564,-0.0169852246,0.17616789,-0.0721724555,0.762245953,-0.0381763615,0.152960673,0.0759273842,0.815865755,-0.0739665255,0.447196633,-0.0897584632,0.760827303,-0.123578779,0.39536643
8666.66666666671,-0.0115835713,-0.568228424,0.0272388496,0.999514699,0.000265300652,-0.586396396,0.0414641276,0.999216139,0.00324350572,-0.588558793,0.0524104275,0.998953164,0.00241009868,-0.587706506,0.0469680727,0.999402881,-0.0192131344,-0.597108066,0.0354054235,0.999523342,-0.0179761425,-0.594200969,0.0236077458,0.999526799,-0.0147492699,-0.584099352,0.0413278304,0.999720812,0.0693929493,-0.578760922,0.135495886,0.99916,-0.0681658462,-0.531681299,0.153181344,0.998616517,0.0277536977,-0.561303318,0.07013385,0.998613656,-0.0123545704,-0.522639632,0.0488356836,0.998420715,0.149323359,-0.424198747,0.201776147,0.999928236,-0.110700868,-0.478473932,0.247418657,0.999880731,0.13159889,-0.290293664,0.159686834,0.516910672,-0.0788468495,-0.247995257,0.131943241,0.634645641,-0.0163908321,-0.232273906,0.173121855,0.452828169,0.0669639483,-0.254747421,0.030701071,0.712532878,-0.0693038,-0.232316673,0.177705631,0.42724216,0.142761499,-0.27021715,-0.0234039463,0.664928377,-0.0836771056,-0.24530147,0.182539955,0.41241625,0.164510116,-0.329840481,-0.0145437652,0.63969034,-0.0241445713,-0.224353507,0.177209601,0.329904824,0.0843184367,-0.279718131,0.0264801029,0.534480631,0.0930347815,0.00280366046,0.0214985702,0.999965,-0.0912966877,-0.00673838751,-0.0189811122,0.999962807,0.090202786,0.428639412,-0.0831820294,0.577731609,-0.0739125833,0.350519657,-0.106103443,0.511314631,0.0758019462,0.771097183,-0.0262217615,0.459892213,-0.0753533393,0.727821708,-0.00367526757,0.420997709,0.0533734672,0.805632293,-0.0170245674,0.175447881,-0.0722296312,0.762299538,-0.0382050797,0.15342474,0.0759341642,0.815884292,-0.0735903531,0.446250319,-0.0899416059,0.760978043,-0.123516537,0.396365643
8683.333333333376,-0.0114439381,-0.568846285,0.0270976517,0.999528527,0.000443799683,-0.587083578,0.041335877,0.999238908,0.00342108,-0.589247108,0.0522934198,0.99898243,0.00259017712,-0.588394,0.0468408428,0.999419272,-0.0191033538,-0.597759724,0.0352638178,0.999537528,-0.0178729761,-0.594856203,0.0234649498,0.999540508,-0.0146437185,-0.584730446,0.0411918052,0.999729037,0.0696673468,-0.57955277,0.135413483,0.9991799,-0.0681212097,-0.532271385,0.153100088,0.998653412,0.027907107,-0.561973214,0.0700188428,0.998636425,-0.0122478204,-0.52324748,0.0487188138,0.998450458,0.149336785,-0.425018221,0.201306239,0.999928236,-0.110577874,-0.47881043,0.247369707,0.999882042,0.131066024,-0.291988939,0.158752099,0.517353,-0.0788919404,-0.248796433,0.131725654,0.639229476,-0.0165164825,-0.232860669,0.17276594,0.451531827,0.0669362769,-0.255256325,0.03065308,0.717806458,-0.0693420395,-0.232579753,0.177449688,0.425893486,0.142727435,-0.270553082,-0.0234544724,0.6703161,-0.083697781,-0.245380104,0.182213292,0.411083162,0.164521828,-0.330145597,-0.0145899644,0.645355403,-0.0242290795,-0.224733695,0.176841512,0.329034,0.0843088701,-0.280194074,0.02641996,0.540599763,0.0930145532,0.00276806229,0.0214045141,0.999965,-0.0912760943,-0.00670433417,-0.0188945401,0.999963,0.0902202055,0.428868413,-0.0831546113,0.57898128,-0.0740044639,0.350544095,-0.105923146,0.512530863,0.0759551376,0.771137416,-0.026307879,0.459600151,-0.0753645301,0.727884293,-0.00368822203,0.421502501,0.0535515733,0.805659354,-0.0171533991,0.175490558,-0.0722367764,0.762356699,-0.0382228084,0.154123366,0.076126948,0.815848947,-0.0736277625,0.446466714,-0.090056859,0.761034429,-0.123466633,0.397501767
8700.000000000042,-0.0114529403,-0.569049895,0.0269261096,0.99953866,0.000456023525,-0.58727318,0.0412110239,0.999254584,0.00343446503,-0.58943671,0.0521591306,0.999002755,0.00260169827,-0.588588178,0.046707239,0.999430537,-0.0191088598,-0.59798032,0.035143137,0.999546945,-0.0178790484,-0.595092,0.023328051,0.999549508,-0.0146501418,-0.584958375,0.0410650633,0.999734163,0.0698114559,-0.579706371,0.13534911,0.99919343,-0.0681326538,-0.532757282,0.153084725,0.998675764,0.0279086884,-0.562138081,0.0698809,0.998650193,-0.0122700799,-0.523537755,0.0486105531,0.998468101,0.149357423,-0.425260782,0.200770482,0.999928057,-0.110585347,-0.479216397,0.247361898,0.999882102,0.131092131,-0.29209128,0.152490526,0.518924832,-0.0788967162,-0.249457464,0.131571248,0.641842782,-0.0163911302,-0.233324111,0.159719795,0.452308089,0.0669978857,-0.256368309,0.0306106415,0.720690846,-0.0690592453,-0.233044937,0.163103074,0.426503211,0.142833918,-0.271652877,-0.02349131,0.672931969,-0.0835101902,-0.245742887,0.168461621,0.411641389,0.164729103,-0.331458479,-0.0146237537,0.648131371,-0.0241169743,-0.225131989,0.163783342,0.32955882,0.0843936428,-0.281329781,0.0263777282,0.543367088,0.0929991454,0.00274082646,0.0213086959,0.999965,-0.0912595,-0.0066749407,-0.0188044142,0.999963,0.0903192535,0.4289186,-0.0832830817,0.579186201,-0.074025169,0.350598305,-0.105865635,0.512343466,0.076174,0.771134257,-0.026383454,0.458801657,-0.0754695386,0.727897763,-0.0033997593,0.419947594,0.0538183823,0.805649579,-0.0172176249,0.175152451,-0.0723384321,0.762356162,-0.0379000194,0.153536364,0.0768336058,0.815530419,-0.0736734569,0.445716619,-0.0902543664,0.760992348,-0.123097308,0.396138757
8716.666666666708,-0.0112313172,-0.569229245,0.0264524072,0.999552548,0.000694715476,-0.587453425,0.0407644548,0.999276221,0.00367320073,-0.589612544,0.0516995564,0.999030352,0.00283441297,-0.588764131,0.0462695807,0.999445438,-0.0189299714,-0.59814322,0.0346551426,0.999561071,-0.0177077372,-0.595261574,0.0228331797,0.999563634,-0.0144640338,-0.585114539,0.0405865386,0.999742746,0.0701854378,-0.579945803,0.13498503,0.999210536,-0.0680355802,-0.532975554,0.152669474,0.998715699,0.0281852707,-0.562309384,0.069467783,0.998674512,-0.0120641524,-0.523724914,0.0481910631,0.998502493,0.149547502,-0.425510883,0.20065178,0.999927878,-0.110278733,-0.479430795,0.246848896,0.999884248,0.131089479,-0.292380899,0.152339458,0.517974555,-0.0783241466,-0.249736071,0.130976766,0.647812903,-0.0160131305,-0.235106513,0.159836426,0.451840252,0.0675817579,-0.25708279,0.0305759478,0.728409529,-0.0685061738,-0.235341892,0.163417771,0.42594254,0.14329876,-0.272559255,-0.0235302262,0.680438519,-0.0828229,-0.247865796,0.168728,0.411046654,0.165225893,-0.332359523,-0.0146574406,0.655988574,-0.0236829389,-0.226926014,0.163909286,0.329146236,0.084944196,-0.282049537,0.0263352357,0.551709831,0.0929829329,0.00272616767,0.0213037767,0.999964893,-0.0912430882,-0.00666018389,-0.0188005343,0.999963105,0.0908257,0.428932935,-0.0832353607,0.577129662,-0.0739850774,0.350656182,-0.105734244,0.511039793,0.0775633305,0.771107435,-0.0257008467,0.454487592,-0.0753989071,0.72792381,-0.00244191545,0.416549295,0.0552622341,0.805613577,-0.0164519232,0.173436865,-0.0722706318,0.762373567,-0.0367917344,0.152352378,0.0781886131,0.815486252,-0.0720981508,0.442156821,-0.0902380496,0.76099807,-0.121193737,0.393481761
8733.333333333374,-0.0111510195,-0.569241226,0.0259733126,0.999567091,0.000744396297,-0.587465882,0.0402920581,0.99929893,0.0037254109,-0.589624882,0.0512316413,0.999059319,0.00288594957,-0.588776231,0.0458101481,0.99946171,-0.0188916624,-0.598154366,0.0341156051,0.999575853,-0.017673498,-0.59527266,0.0223086141,0.999578297,-0.0144259809,-0.585124969,0.0400700755,0.999751747,0.0702658072,-0.579978049,0.134584963,0.999229908,-0.0680395737,-0.532993853,0.152105123,0.998755813,0.0282862633,-0.562320232,0.0690485686,0.99870187,-0.0119984122,-0.523734212,0.0477290563,0.998538315,0.149584547,-0.425575882,0.200632527,0.999928,-0.110169344,-0.479424655,0.246490121,0.999886155,0.131240517,-0.29251,0.153089881,0.517709374,-0.0780426115,-0.249588922,0.130825,0.652609,-0.0158786923,-0.237041473,0.163279355,0.451451689,0.0676506385,-0.257054359,0.030997118,0.734154701,-0.0684176683,-0.238053069,0.167857021,0.424844295,0.143333793,-0.272571057,-0.0227922928,0.685567141,-0.08271,-0.250611812,0.173468262,0.409810215,0.165233076,-0.332367629,-0.0137292743,0.661275148,-0.0235488489,-0.229070857,0.167563215,0.328162491,0.0849835,-0.2820265,0.0268823244,0.55739212,0.0929498151,0.00270792563,0.0213052761,0.999964774,-0.0912133828,-0.00664068758,-0.0188045297,0.999963164,0.0908545703,0.428947359,-0.0832348913,0.574934185,-0.0739530176,0.350614697,-0.105500884,0.508043885,0.0776002854,0.77107203,-0.0258549526,0.449880034,-0.0753707215,0.727861,-0.00224269414,0.412290752,0.0552884527,0.805565,-0.0166462678,0.171776399,-0.072253,0.762318194,-0.0365970805,0.15098919,0.0782355219,0.815436542,-0.0721352622,0.438269466,-0.0902503952,0.760853469,-0.120672606,0.39006573
8750.00000000004,-0.0110825505,-0.569244444,0.0258283876,0.99957484,0.000765717705,-0.587471545,0.0401048362,0.999310911,0.00374790886,-0.589629233,0.0510446504,0.999073207,0.00291021,-0.588780582,0.0456217788,0.999469817,-0.0188579,-0.598151207,0.0338891037,0.999584496,-0.017641576,-0.595265269,0.0220950935,0.999586821,-0.0143909967,-0.585116863,0.0398551635,0.999757528,0.0702799857,-0.579988122,0.134289458,0.999236941,-0.0680225715,-0.532947481,0.151639476,0.998780668,0.0283635836,-0.562324464,0.0688894466,0.998716652,-0.0119049065,-0.523716688,0.0475184023,0.998560786,0.149682298,-0.425519377,0.200770229,0.999927819,-0.110007279,-0.479319632,0.245861769,0.999888361,0.131512254,-0.292362928,0.155539125,0.514785171,-0.0779541954,-0.249239683,0.130496442,0.657988846,-0.0155938026,-0.237948149,0.167915598,0.4502047,0.0677342266,-0.257019579,0.0309780687,0.741397917,-0.0682254136,-0.239639863,0.173199,0.423235267,0.143390536,-0.272594452,-0.0227959771,0.692590714,-0.0824559182,-0.252593368,0.17874901,0.408100903,0.165304065,-0.332417279,-0.0136720845,0.668580532,-0.0232561,-0.230322421,0.172237366,0.326657087,0.0850614682,-0.282019407,0.0268875714,0.565149128,0.0929154456,0.00269520888,0.0214411709,0.999964297,-0.091182746,-0.00662863,-0.0189526509,0.999962926,0.0909015387,0.428960979,-0.0832308754,0.567965269,-0.0739433542,0.35057202,-0.105617568,0.501993477,0.0776799768,0.771074474,-0.0267838165,0.442075223,-0.0751634,0.727456748,-0.00323543791,0.405298471,0.055360049,0.805562556,-0.0178167522,0.168835044,-0.0720179081,0.761891723,-0.0377190374,0.148466513,0.0783607811,0.815386832,-0.073237963,0.431837708,-0.0896478295,0.760094404,-0.121716894,0.384394
8766.666666666706,-0.0110747414,-0.56863153,0.0258191694,0.999579489,0.000742549135,-0.586878777,0.0400905572,0.9993186,0.00372399087,-0.589025557,0.0510333106,0.999080777,0.00288887811,-0.588168442,0.0456099398,0.999474764,-0.0188622903,-0.597496331,0.0338675231,0.999590814,-0.0176468175,-0.594583154,0.0220795665,0.999593079,-0.0143953171,-0.584443033,0.0398374274,0.999762237,0.0701945871,-0.579425216,0.134216398,0.999242187,-0.0680459142,-0.531969965,0.151442602,0.998800755,0.0283698607,-0.561729789,0.0688690469,0.998730123,-0.0118915215,-0.522953451,0.0474774763,0.998581231,0.149665982,-0.424550027,0.200871155,0.999927759,-0.109973103,-0.47845763,0.245706066,0.999890566,0.131645069,-0.291387945,0.159491822,0.511294067,-0.0779326782,-0.248079121,0.130293101,0.661356807,-0.0156070692,-0.237830237,0.179007977,0.445554078,0.0676057637,-0.255552977,0.0308472551,0.74627465,-0.0683864579,-0.239603639,0.1857398,0.41786,0.143123314,-0.271535277,-0.0228916686,0.697012782,-0.0825865716,-0.252569139,0.191270083,0.402545273,0.165002391,-0.331065893,-0.0137009211,0.673058033,-0.023278635,-0.230274066,0.183538124,0.321916699,0.0848948509,-0.280516177,0.0267977305,0.569864213,0.0928499848,0.00268869125,0.0214947853,0.999964118,-0.0911228284,-0.00662534777,-0.0190116,0.999963045,0.0909153149,0.429196328,-0.0832496881,0.564090073,-0.0739000812,0.350614578,-0.105716139,0.498271167,0.0775958225,0.771115184,-0.0271356516,0.436506242,-0.0750351772,0.727323949,-0.00414202921,0.401274204,0.0552398451,0.805585206,-0.0182456654,0.16670534,-0.0718953386,0.761753321,-0.0387651846,0.14702411,0.0782685578,0.81543541,-0.0736955181,0.426976502,-0.089359276,0.759839058,-0.123262227,0.381155789
8783.333333333372,-0.0110215,-0.568213463,0.0261602774,0.999585807,0.000775628549,-0.586490631,0.040403448,0.999328732,0.00376227405,-0.588629723,0.0513445549,0.999092519,0.00293094176,-0.587776363,0.0459232405,0.999481738,-0.0188094806,-0.597063839,0.0342328,0.999598,-0.0175928958,-0.594133,0.0224678125,0.999600172,-0.0143404836,-0.584007,0.0402130932,0.999767184,0.0703945383,-0.57915628,0.134399518,0.99924922,-0.0678688362,-0.531558,0.15188615,0.998821735,0.028459182,-0.561341047,0.069158107,0.998744845,-0.0118010072,-0.522480845,0.0478301868,0.998603404,0.149850398,-0.424091,0.201226786,0.999928057,-0.109714,-0.478169143,0.24656859,0.99989295,0.131645903,-0.290738434,0.161096796,0.509904742,-0.0780275166,-0.247739136,0.132355765,0.663664,-0.0156012746,-0.237802982,0.181182817,0.443185478,0.0674805492,-0.254550129,0.033556398,0.749896884,-0.0683822185,-0.239638478,0.187746018,0.414756924,0.143042132,-0.270621687,-0.0200125594,0.700270414,-0.0825232193,-0.252590328,0.193492845,0.399232417,0.164979398,-0.330130547,-0.0107362671,0.676417,-0.0232578199,-0.230262935,0.185790077,0.318993717,0.0848232806,-0.279537916,0.0295652635,0.573386252,0.0928330719,0.00267805206,0.0214930326,0.999964,-0.0911063626,-0.00661519961,-0.0190118235,0.999963164,0.0909397602,0.429335564,-0.083417736,0.560889602,-0.0738227218,0.350659,-0.105873354,0.496072918,0.0775862336,0.771180511,-0.0277871173,0.43078357,-0.0748268142,0.727167964,-0.00550392969,0.397419453,0.0552235395,0.805633187,-0.0189569592,0.164475456,-0.0716598555,0.761562586,-0.040300969,0.145654127,0.0782226771,0.815441251,-0.0744424164,0.421955049,-0.0888459906,0.759489179,-0.125143602,0.378116965
8800.000000000038,-0.0110894525,-0.568190813,0.0260619614,0.999586701,0.000763316522,-0.586436212,0.0402081795,0.999330699,0.00375104812,-0.588572443,0.0511651635,0.999094546,0.00291864388,-0.587721348,0.0457499288,0.99948436,-0.01880778,-0.597049236,0.0341598,0.999599099,-0.0175910071,-0.594113946,0.0224050824,0.999600708,-0.0143401483,-0.583993196,0.0401490144,0.999768,0.0706075,-0.578938246,0.133687288,0.999253333,-0.0673938096,-0.531565249,0.15185836,0.998819172,0.0284401402,-0.561291635,0.0689208508,0.998754442,-0.0118013499,-0.522467554,0.0477346443,0.998612761,0.150371075,-0.423557132,0.199798539,0.999928713,-0.109562,-0.478189796,0.247042537,0.999893486,0.132789299,-0.29025194,0.160974339,0.515881121,-0.0780333877,-0.247743815,0.132718876,0.660558105,-0.0155300144,-0.238019109,0.182158917,0.445084602,0.0666412488,-0.253866285,0.0333526246,0.745568633,-0.0683921874,-0.240172699,0.188706264,0.414918154,0.14189899,-0.269692481,-0.0202902723,0.695588529,-0.0825177,-0.253439814,0.194456607,0.399106473,0.163874492,-0.328901917,-0.0110784639,0.671503782,-0.0231753308,-0.230665058,0.186852902,0.318848699,0.0840291828,-0.278689712,0.0292834286,0.568585575,0.0928079858,0.00266816677,0.0212462731,0.999964237,-0.0910797566,-0.00660586776,-0.018770868,0.999963403,0.0909374133,0.429396838,-0.0836494043,0.562867105,-0.0738206953,0.350665361,-0.105879024,0.497018397,0.0775192827,0.771382689,-0.0286594052,0.43082884,-0.074399285,0.727192104,-0.00680683088,0.398225784,0.0551474653,0.805817962,-0.0199209899,0.164082706,-0.0711509287,0.761583269,-0.0418831296,0.146270141,0.07777033,0.815428,-0.0762044489,0.421527714,-0.0888102725,0.759409308,-0.127359822,0.378947258
8816.666666666704,-0.0113368118,-0.568157256,0.0269646198,0.999586523,0.000634120079,-0.586365461,0.0410028584,0.999332,0.00361931208,-0.588502526,0.0519748,0.999096394,0.00279047084,-0.587656796,0.0465447232,0.999487042,-0.0188881271,-0.597020566,0.0352460779,0.999598861,-0.0176666528,-0.594080627,0.0234993622,0.999599636,-0.0144237,-0.583965242,0.0412366129,0.999767601,0.070662424,-0.578653812,0.133872464,0.999258101,-0.0671256557,-0.531541526,0.153042719,0.99881053,0.0282998811,-0.561222553,0.0694708079,0.998760641,-0.0118891923,-0.522439122,0.0485680699,0.998614252,0.150612056,-0.423077881,0.199667841,0.999929607,-0.10942053,-0.478153914,0.248174623,0.999893486,0.133184537,-0.290054,0.160805926,0.520422757,-0.0779833272,-0.247765392,0.133110866,0.655078709,-0.015550809,-0.237964913,0.181977078,0.446277916,0.066039145,-0.25354743,0.0332874432,0.73837769,-0.0684969276,-0.240094,0.18834,0.414975524,0.140963927,-0.269097358,-0.0203915797,0.688377261,-0.0826270431,-0.253407151,0.194021791,0.398991317,0.162997186,-0.328159362,-0.0112428218,0.664034307,-0.0231977813,-0.230640575,0.18662329,0.318800509,0.0834016278,-0.278274029,0.0291554369,0.561295867,0.0927913487,0.00265676831,0.0210845191,0.999964535,-0.0910634771,-0.00659647631,-0.0186096653,0.999963582,0.090982832,0.429475814,-0.0842374265,0.563021779,-0.0738106593,0.350752711,-0.106012464,0.496231765,0.077406615,0.771398187,-0.0315247402,0.429600745,-0.074264653,0.727363348,-0.00950835645,0.397747785,0.0550278574,0.805824339,-0.023094736,0.163375124,-0.070979692,0.761751473,-0.0450381227,0.146410912,0.0775041059,0.815284729,-0.0803847,0.42004776,-0.08880575,0.75944984,-0.131293237,0.378563315
8833.33333333337,-0.0117543731,-0.567507923,0.0281743314,0.999594152,0.00038003581,-0.585617542,0.0421813466,0.999346316,0.00337151298,-0.587754965,0.053178858,0.999115109,0.00254939124,-0.586919487,0.0477295853,0.999498963,-0.0190731529,-0.596417606,0.0367314667,0.999607,-0.0178449173,-0.593429387,0.0250177961,0.999607,-0.0146177299,-0.583366036,0.0427449979,0.999772191,0.0707214177,-0.577263951,0.134503305,0.999275446,-0.0669916645,-0.530759275,0.154930413,0.998828053,0.0280290581,-0.560379326,0.0703451112,0.998787582,-0.0121339299,-0.521686137,0.0497640893,0.998641431,0.150700286,-0.420875728,0.199771136,0.999930859,-0.109288372,-0.477192819,0.250165701,0.999895,0.13326478,-0.288248,0.161727667,0.526106119,-0.0779564604,-0.247284636,0.134543985,0.652546465,-0.0158386026,-0.237899184,0.187055364,0.449508697,0.0657752082,-0.252522469,0.0335747115,0.735350609,-0.0690646321,-0.240116507,0.193910137,0.416328162,0.140615806,-0.268061489,-0.0201124921,0.684969068,-0.0829704478,-0.253474325,0.199784681,0.399968594,0.162710607,-0.326925874,-0.0109394565,0.660404205,-0.0234334115,-0.230633304,0.191860169,0.319691151,0.0831622928,-0.277189106,0.0294184312,0.55803746,0.092751421,0.0026464304,0.0209082346,0.999964774,-0.0910226852,-0.00658780197,-0.0184452012,0.99996382,0.0908645615,0.42955,-0.0853092447,0.56303668,-0.0738222152,0.350777,-0.106756672,0.4960078,0.0769982561,0.771403074,-0.0358120762,0.427151412,-0.0740747228,0.727449179,-0.0148367,0.397138417,0.0545915253,0.805818796,-0.0277672634,0.162296161,-0.0707504749,0.761837602,-0.0509789772,0.146913096,0.0768176541,0.815139055,-0.0856018588,0.417567462,-0.088801,0.75944072,-0.13782151,0.378433526
8850.000000000036,-0.0118234344,-0.567165613,0.0273624603,0.99959749,0.000371844653,-0.585234344,0.0411462486,0.999354064,0.0033672282,-0.587357938,0.0521688759,0.999124289,0.00254282285,-0.586520612,0.0467392094,0.999505222,-0.01907425,-0.596143901,0.0359227099,0.999611557,-0.0178462081,-0.593128562,0.0242437329,0.999610901,-0.0146192666,-0.583075106,0.0419754647,0.999775231,0.0712793767,-0.576877534,0.13321346,0.999282897,-0.066501677,-0.530676663,0.154520929,0.998839319,0.028019907,-0.560043037,0.0694617257,0.998802423,-0.0121412193,-0.52143085,0.0491137616,0.998659253,0.151437119,-0.420218,0.199143067,0.999931276,-0.108930111,-0.477186799,0.250163555,0.999896646,0.133279428,-0.287773848,0.161817521,0.530499697,-0.0778697878,-0.247154444,0.13497442,0.652444482,-0.0157955065,-0.239294514,0.187804535,0.452395588,0.0658935606,-0.252009571,0.0339666754,0.734864831,-0.0690244138,-0.24301216,0.194716454,0.417481,0.140809536,-0.26761204,-0.0195690431,0.683892787,-0.0826162174,-0.256338388,0.200585112,0.400735766,0.162906215,-0.326354414,-0.0102985241,0.659117341,-0.0232622381,-0.232363373,0.192654356,0.320337892,0.0833407789,-0.276649177,0.0298344661,0.556953967,0.0927346,0.00264461502,0.0208680257,0.999965,-0.0910058,-0.00658851629,-0.0184097514,0.999964118,0.0908270851,0.429589778,-0.0854279771,0.563663185,-0.0739286,0.350818,-0.106800504,0.49761945,0.0768849701,0.771524787,-0.0357428826,0.424918443,-0.0740012676,0.727626741,-0.0147190867,0.397552609,0.0544702895,0.805914581,-0.0276539344,0.161067307,-0.0706573874,0.762048423,-0.0507607795,0.147210225,0.0764531791,0.815242112,-0.0850973,0.415694237,-0.0888711661,0.759588778,-0.137386665,0.379114032
8866.666666666702,-0.0119481841,-0.566971123,0.0263757277,0.999593258,0.000365175481,-0.585012,0.0399284437,0.999349654,0.00336152245,-0.587127626,0.0509967394,0.999118567,0.00253396202,-0.586297512,0.0455646068,0.999503136,-0.0190820638,-0.596021414,0.0350405313,0.999607563,-0.0178538151,-0.593000114,0.0233649313,0.999605954,-0.0146311028,-0.582944453,0.0411072783,0.999772549,0.0719086826,-0.576700568,0.13158305,0.999281108,-0.065957658,-0.530690908,0.154169828,0.998822391,0.0279918723,-0.559881687,0.0683403388,0.998795331,-0.0121687949,-0.521352112,0.0483742394,0.998648226,0.152195364,-0.420124412,0.196095258,0.999931574,-0.108622573,-0.477333575,0.250254899,0.999896049,0.133476496,-0.287611723,0.158952102,0.536561072,-0.0778925195,-0.247388288,0.135044336,0.647409,-0.0160126146,-0.239211947,0.187608823,0.45304063,0.0658415109,-0.251665801,0.0339277387,0.726628661,-0.0694469,-0.242912233,0.19440946,0.416758269,0.140799642,-0.266852498,-0.0196054373,0.675342441,-0.0828572437,-0.256225884,0.200184211,0.399707615,0.162910372,-0.325377375,-0.0103337914,0.65016073,-0.0234053731,-0.232276067,0.19242695,0.319465667,0.0833242759,-0.276171297,0.0297677,0.548452,0.0927215219,0.00263719377,0.0203830414,0.999965429,-0.0909909606,-0.00658170925,-0.0179331154,0.999964476,0.0908656046,0.429791212,-0.0856557637,0.568647206,-0.074179925,0.350925505,-0.106593512,0.50190264,0.0768637806,0.771577418,-0.0356445,0.429020703,-0.0739926696,0.728180349,-0.0144094834,0.402501136,0.0544375367,0.80594188,-0.0275290273,0.161993951,-0.0706463456,0.762641907,-0.0504449643,0.149595261,0.075661391,0.815328896,-0.0848985463,0.418606371,-0.0897405,0.760753274,-0.13681,0.383404553
8883.333333333369,-0.012504519,-0.566956222,0.024262771,0.999580204,0.000134747,-0.584988832,0.0375655778,0.999329448,0.00313722412,-0.587101698,0.0486486033,0.999091,0.00229699141,-0.58627069,0.0432804897,0.999487698,-0.0193510074,-0.596011102,0.0332465731,0.999595702,-0.018132586,-0.592990756,0.0216065496,0.999594152,-0.0149053177,-0.582935691,0.0393624753,0.999766588,0.0725044087,-0.576697767,0.128810763,0.999256909,-0.0656607375,-0.530783951,0.153582647,0.998787522,0.0278304107,-0.559871614,0.0661054105,0.998759508,-0.0123693757,-0.521352172,0.0468790904,0.99861455,0.152924851,-0.420156717,0.19331345,0.999930739,-0.1081644,-0.477446407,0.250336856,0.99989593,0.133336022,-0.287616342,0.15795128,0.536693,-0.0779945403,-0.247367963,0.136264578,0.644020081,-0.0162623487,-0.239194989,0.187279686,0.44897753,0.0656566247,-0.251090378,0.0341754146,0.724199772,-0.0697032809,-0.242856324,0.194084063,0.412406683,0.140650332,-0.266242802,-0.0194522534,0.672751427,-0.0829144493,-0.256185532,0.199885055,0.395237923,0.162884146,-0.324849635,-0.010239833,0.647513628,-0.0235356521,-0.232257321,0.192149311,0.315541118,0.0832424089,-0.275610179,0.0299507212,0.54585278,0.0927340761,0.00262974272,0.0199426319,0.999965608,-0.0910020322,-0.00657322491,-0.0174851343,0.999964774,0.0908719376,0.429813743,-0.0857894644,0.571133912,-0.0743025169,0.351041168,-0.106404401,0.505155265,0.0770999789,0.77158618,-0.0348026566,0.432149261,-0.0740224198,0.728258729,-0.0121036461,0.406397372,0.0546760596,0.805946231,-0.026449712,0.162357628,-0.0706810951,0.762714267,-0.0476542,0.151207909,0.0754073113,0.815438211,-0.0842383206,0.420779943,-0.090389207,0.761281133,-0.133914754,0.387001842
8900.000000000035,-0.0128612416,-0.5672701,0.0243569575,0.999573529,2.25480926e-005,-0.585229218,0.0376865305,0.999318779,0.00302331476,-0.58733809,0.0487650298,0.999077201,0.00217995048,-0.586512327,0.043393787,0.999479711,-0.019484587,-0.59631896,0.0334582664,0.999589384,-0.0182690434,-0.593306124,0.0218171161,0.999587953,-0.0150437271,-0.583260298,0.0395739265,0.99976325,0.072824,-0.576742411,0.128850207,0.999244153,-0.0654072,-0.531122923,0.154111102,0.998767316,0.0276683103,-0.560097098,0.0661449507,0.998737156,-0.0125514148,-0.521683753,0.047020115,0.998593271,0.15317294,-0.420261353,0.193225324,0.999930143,-0.107915811,-0.477520585,0.25083679,0.999895513,0.133350924,-0.288069844,0.157308728,0.53685087,-0.078110747,-0.247388288,0.136895478,0.640231669,-0.0162647143,-0.238704354,0.18687357,0.444805354,0.0653130934,-0.250616431,0.0342659019,0.720261455,-0.0697024912,-0.241604358,0.193556711,0.408546895,0.14026767,-0.265467077,-0.0194403902,0.669037879,-0.0829162,-0.254543483,0.199300915,0.391379058,0.162755832,-0.324156761,-0.0102575924,0.643712282,-0.0235376786,-0.231511027,0.191739306,0.312394798,0.0830161,-0.275094181,0.0299945902,0.542204201,0.0927354544,0.00260241097,0.0196744669,0.999965966,-0.091002658,-0.00654308964,-0.0172073487,0.999965191,0.090977,0.429825425,-0.085847,0.57439965,-0.0743425339,0.351398677,-0.106394239,0.509040952,0.0773593,0.77150625,-0.034735892,0.43593359,-0.0738925263,0.728666127,-0.0120317433,0.411124915,0.0549453497,0.80585444,-0.0263682064,0.163427576,-0.0705271661,0.763088465,-0.047563795,0.153558373,0.0753515586,0.815198958,-0.08413,0.423473418,-0.0905117095,0.761577845,-0.133803919,0.391221106
8916.6666666667,-0.0129018053,-0.56747961,0.0257758163,0.999570608,1.08695112e-005,-0.585380495,0.0392844118,0.999314,0.00300924317,-0.587485611,0.0503183715,0.999070764,0.00216615805,-0.586671054,0.044885,0.999476671,-0.0194915086,-0.596514881,0.0349280834,0.999586105,-0.0182755459,-0.593501568,0.0232531149,0.999584317,-0.0150507586,-0.583445966,0.0409931391,0.999761343,0.0728521496,-0.576739192,0.129979953,0.999238372,-0.0652345419,-0.5311988,0.154948041,0.998756349,0.0276368055,-0.560228825,0.0673204213,0.998728693,-0.01256664,-0.521869719,0.0480832756,0.998582304,0.153402105,-0.420247853,0.194176674,0.999929905,-0.107786022,-0.477527469,0.250756055,0.999895513,0.134533495,-0.288106769,0.157220095,0.535025418,-0.0781144202,-0.247413367,0.136054739,0.63739115,-0.0156223839,-0.237572357,0.184129357,0.441203982,0.0653038546,-0.250317305,0.0336782262,0.71607554,-0.069125548,-0.239358947,0.190143138,0.405500531,0.140254363,-0.264787376,-0.0200847,0.664887369,-0.0826534,-0.252459645,0.195609,0.38842389,0.162797406,-0.323568195,-0.0108945854,0.639383852,-0.0230761785,-0.230276391,0.188704401,0.310153753,0.0830132067,-0.27473858,0.0293916874,0.537959695,0.0927279294,0.0025904018,0.0197344683,0.999966,-0.090994738,-0.00653270632,-0.0172655899,0.999965191,0.0910503,0.42984125,-0.0858188123,0.570053577,-0.0743457749,0.351753742,-0.106610395,0.50528276,0.0774593353,0.771508813,-0.0350934602,0.431899905,-0.0736669451,0.729096293,-0.0133910235,0.407568157,0.0550803952,0.805852473,-0.0268537179,0.161714152,-0.0702321306,0.763490915,-0.049098108,0.152142465,0.0754437521,0.814892,-0.0847332552,0.419801831,-0.090188764,0.761623323,-0.135414749,0.387945294
8933.333333333367,-0.0135948788,-0.567969,0.0312207639,0.999568343,-0.000425114442,-0.585731506,0.0452404246,0.999311,0.00254002376,-0.587843359,0.0561572425,0.999067783,0.00171869376,-0.587055802,0.0506145582,0.999475658,-0.019905841,-0.59694612,0.0409668,0.999582648,-0.018670151,-0.593955338,0.029174991,0.999580324,-0.0154477097,-0.583906412,0.0468751229,0.999758363,0.0727679804,-0.576724,0.134708539,0.99923718,-0.0652180612,-0.531349063,0.16041103,0.998738587,0.0271077808,-0.560481369,0.0720477775,0.998724222,-0.013052512,-0.52226615,0.0530093051,0.998569071,0.15340434,-0.420143813,0.196789354,0.999930203,-0.107722297,-0.47752434,0.251823306,0.999894321,0.134864256,-0.287888259,0.156780466,0.533118069,-0.0780369937,-0.247538581,0.136016607,0.63016057,-0.015455897,-0.23348397,0.177597836,0.439174861,0.0653455108,-0.250242501,0.0323865,0.707063794,-0.0689125955,-0.232976675,0.181942284,0.40500021,0.140268937,-0.264364302,-0.0220638532,0.656966865,-0.0826397389,-0.246386915,0.186947808,0.388179213,0.163022086,-0.323313922,-0.0132095767,0.631387472,-0.0230146684,-0.225973696,0.181673989,0.310053617,0.0830882639,-0.274632752,0.0279119629,0.530024886,0.0927225798,0.00256200833,0.0197312776,0.999966204,-0.0909896716,-0.00650311261,-0.0172592513,0.999965131,0.0912645161,0.429766834,-0.085983187,0.566480875,-0.0744566768,0.352444202,-0.107134171,0.501175463,0.0775726065,0.771477044,-0.0380576774,0.430846095,-0.0735852048,0.729266763,-0.0144228889,0.404099017,0.0552200228,0.805832148,-0.0302271433,0.161603838,-0.0700821951,0.763581514,-0.0502589829,0.151100442,0.0759035647,0.814218044,-0.0899229199,0.418493241,-0.0898942277,0.761584878,-0.137057766,0.384652078
8950.000000000033,-0.0140119903,-0.568883955,0.0336890221,0.999561548,-0.000764676137,-0.586547673,0.0478394665,0.999300897,0.00217154436,-0.588675,0.0587467737,0.999056339,0.00135891873,-0.587914348,0.0531380624,0.99947,-0.0202179011,-0.597822487,0.0433834456,0.999574363,-0.0189732984,-0.594867527,0.0315335579,0.999571204,-0.0157567821,-0.584802687,0.0492303558,0.999751925,0.0723553523,-0.57694304,0.136827961,0.999231,-0.0652618,-0.531842709,0.161956921,0.998705328,0.0266728662,-0.561200857,0.0742744207,0.998708248,-0.0134120816,-0.5231089,0.0550478771,0.998539031,0.153193071,-0.420269877,0.197374895,0.999930382,-0.107709244,-0.477662086,0.252018541,0.999891579,0.134844646,-0.287884593,0.155140132,0.532799602,-0.0780378282,-0.248215422,0.135112926,0.621069252,-0.0158428159,-0.231671348,0.171672255,0.437785268,0.0650152117,-0.250358939,0.0301820859,0.694545567,-0.0693531,-0.229995057,0.175344259,0.405022472,0.139666066,-0.264323264,-0.0246078223,0.645782709,-0.0835068375,-0.243672535,0.180015281,0.388458669,0.162678286,-0.323287159,-0.0159714445,0.620046139,-0.023581868,-0.22405228,0.17550467,0.310370713,0.082720086,-0.274697453,0.0255203657,0.519098222,0.0927133486,0.00252533611,0.0197049,0.999966443,-0.0909796432,-0.00646183128,-0.017225692,0.999965072,0.0912883,0.429722548,-0.0860191733,0.566173375,-0.0749028921,0.352740198,-0.107338302,0.498949826,0.077531,0.771435082,-0.0389007591,0.433460295,-0.0736226663,0.729464471,-0.0148331216,0.403926909,0.0551872887,0.80579555,-0.031164756,0.162915468,-0.0700978935,0.763720274,-0.0507260747,0.15156658,0.0759306,0.813637793,-0.0912832171,0.420082241,-0.090181157,0.761569798,-0.137583584,0.384059936
8966.666666666699,-0.0142079769,-0.570667863,0.030768469,0.999546766,-0.000880977896,-0.588246405,0.0445735194,0.999275804,0.00205621915,-0.5903759,0.0555126444,0.999023855,0.0012282196,-0.589606345,0.049953,0.999451578,-0.0203430541,-0.599680066,0.0401244,0.999559164,-0.0191100426,-0.596767247,0.0282702483,0.999556482,-0.0158886872,-0.586654723,0.0460220799,0.999743402,0.0723303109,-0.578311265,0.133617073,0.99920404,-0.065255,-0.534141,0.158648714,0.998661816,0.0265214313,-0.562928379,0.071508117,0.998666644,-0.0135406787,-0.525130451,0.052249141,0.998492897,0.153242365,-0.421536624,0.195083871,0.99992913,-0.107761964,-0.479562372,0.250094831,0.999889791,0.134842291,-0.288368165,0.151897505,0.530781686,-0.0780812,-0.24934718,0.133606195,0.618881166,-0.0158400834,-0.232223436,0.167774647,0.434365422,0.0649546757,-0.251619905,0.0287386198,0.691919327,-0.0693515614,-0.230507717,0.171821728,0.402921498,0.139568627,-0.265424699,-0.0260965452,0.64350915,-0.0835052058,-0.244459718,0.17633228,0.386580974,0.162581921,-0.324678242,-0.0175642613,0.617769837,-0.0235775113,-0.224669933,0.171681911,0.308728576,0.0826466605,-0.276049912,0.024003841,0.516574204,0.0927267447,0.00251905434,0.0196589772,0.999966681,-0.0909919739,-0.00645349361,-0.0171732362,0.99996525,0.091361165,0.429681301,-0.0858852565,0.567512035,-0.075128369,0.352847844,-0.107110225,0.500019372,0.0777141228,0.771419406,-0.0367686339,0.437814474,-0.0736147687,0.729501545,-0.0124878306,0.406715035,0.0553969294,0.805777431,-0.0287061781,0.164474517,-0.0700888857,0.763745,-0.0479798019,0.152786985,0.07618431,0.813538432,-0.08874093,0.42359677,-0.0906022862,0.761553168,-0.13450788,0.386167
8983.333333333365,-0.0140252011,-0.571208954,0.0273662675,0.999536693,-0.00075207185,-0.588782847,0.0409651175,0.99925822,0.00219724351,-0.590910137,0.0519078374,0.999000132,0.00135567668,-0.590132356,0.0464161523,0.999438167,-0.0202118978,-0.600175261,0.0361918621,0.999549568,-0.0189877376,-0.597282887,0.0243541785,0.999547184,-0.0157674607,-0.587159514,0.0421695076,0.999738574,0.0723807141,-0.57895577,0.130856603,0.999182284,-0.0652046725,-0.534707189,0.154656246,0.998637,0.0266607031,-0.563507736,0.0685188323,0.998641074,-0.0133934524,-0.525694609,0.0489214845,0.998470366,0.153296366,-0.421999425,0.193632364,0.999928355,-0.107781731,-0.479970783,0.248754606,0.999889493,0.134645611,-0.288369656,0.151045322,0.526739657,-0.0785373077,-0.249235079,0.133267313,0.619289935,-0.0148543837,-0.233960956,0.166410893,0.431829929,0.0648424476,-0.252450049,0.0283730365,0.694028437,-0.0678387955,-0.233883843,0.170727506,0.40143469,0.139514223,-0.267050564,-0.0264420155,0.645637631,-0.081316106,-0.248051181,0.175273553,0.385213852,0.162460476,-0.326966643,-0.0179121234,0.619987965,-0.0222500898,-0.226694465,0.170372799,0.307327718,0.0825188,-0.277269095,0.0236596726,0.51824683,0.0927222818,0.00251652626,0.0196012836,0.9999668,-0.0909869373,-0.00644860789,-0.0171149764,0.999965429,0.0913630724,0.429554194,-0.0855144039,0.567163348,-0.075435169,0.352865398,-0.106674984,0.500682056,0.0777977929,0.77130115,-0.0324949548,0.439502329,-0.0737186298,0.729373455,-0.0102495905,0.408917367,0.0554827042,0.805637896,-0.023829231,0.164973378,-0.0702136457,0.763588488,-0.0453766324,0.15385291,0.0762818381,0.813430607,-0.0821964815,0.424867302,-0.0915248,0.761173785,-0.13111718,0.388006151
9000.000000000031,-0.0140527347,-0.571629941,0.0179306176,0.999521255,-0.000760894618,-0.589167416,0.0307519846,0.999229789,0.00219139666,-0.591300666,0.0417872705,0.998960853,0.00134680292,-0.590501666,0.036441911,0.999416292,-0.020223,-0.600636601,0.0258924495,0.999534607,-0.018999204,-0.597757339,0.0141349891,0.999532342,-0.0157832056,-0.587618887,0.0320455134,0.999731064,0.0724057853,-0.579544723,0.121893547,0.999147773,-0.0652030408,-0.536150873,0.145454854,0.998601,0.0266095456,-0.563964427,0.0598864555,0.998608053,-0.0134420767,-0.526379287,0.0401303843,0.99844569,0.153427452,-0.42242685,0.186101496,0.999927104,-0.108658746,-0.481367975,0.246542424,0.999888659,0.134621888,-0.288313985,0.142383754,0.527001202,-0.0797409043,-0.249223292,0.132968619,0.618160844,-0.0130389705,-0.240406528,0.153959364,0.431691468,0.0642122924,-0.252744824,0.0281744897,0.69395107,-0.0647422,-0.244296834,0.157775521,0.401043028,0.139149129,-0.267608553,-0.0265130568,0.645144701,-0.0772288442,-0.258460015,0.163030177,0.384772599,0.162063867,-0.327732682,-0.0180163402,0.619524837,-0.0197122917,-0.233761191,0.158116207,0.306632608,0.0820179731,-0.277689338,0.0234440342,0.517107308,0.0927376,0.00250862865,0.0191543736,0.999966681,-0.0909964517,-0.00643702969,-0.016667,0.99996537,0.0904905647,0.429492,-0.085731,0.565279186,-0.075481452,0.3528772,-0.104974493,0.497343421,0.077503778,0.771757,-0.0312475674,0.438079715,-0.0738377571,0.72955966,-0.00594351068,0.407134473,0.0551878922,0.806085229,-0.0222499799,0.16299881,-0.0703863576,0.763798296,-0.0406251214,0.152283862,0.074736461,0.813790858,-0.0804867148,0.423367083,-0.0932560861,0.76125586,-0.125935599,0.386149228
9016.666666666697,-0.014065342,-0.571937799,0.0128698619,0.999506056,-0.000767173828,-0.589436591,0.0254207496,0.999202669,0.00219043437,-0.591574252,0.0364989042,0.998923421,0.00134024606,-0.590756178,0.0312124062,0.999396,-0.0202293936,-0.600957155,0.020499533,0.999520183,-0.0190060157,-0.598083,0.00879272353,0.999517918,-0.0157915596,-0.587940216,0.0267114453,0.999723732,0.0724194795,-0.579821885,0.117210217,0.999116838,-0.0652037263,-0.53689003,0.140368611,0.998564899,0.0265758708,-0.564247847,0.0551597551,0.998583615,-0.0134716975,-0.526793659,0.0352380089,0.998427272,0.153549939,-0.422466,0.182516262,0.999926329,-0.109271809,-0.481865823,0.245105103,0.999887943,0.134767056,-0.287236363,0.140097558,0.528745,-0.080080688,-0.248467892,0.132895499,0.61724788,-0.011299083,-0.242336378,0.151073486,0.434618056,0.0637319908,-0.252707332,0.0277901329,0.695238113,-0.062446475,-0.24776043,0.15482077,0.403518647,0.138750166,-0.267638147,-0.0268078949,0.646367311,-0.0744569,-0.262381017,0.160136893,0.387208432,0.161501125,-0.327846438,-0.0184276924,0.620892107,-0.0175989084,-0.236162245,0.15525496,0.308400363,0.0815658495,-0.277685165,0.0230059512,0.517850399,0.092747,0.00250436715,0.0188102387,0.999966383,-0.09100122,-0.00643061753,-0.0163198933,0.999965131,0.0897635296,0.429490358,-0.0860478207,0.563572,-0.0756240115,0.352897972,-0.103804916,0.493864924,0.0772795454,0.772241831,-0.0303451139,0.436439097,-0.0740551576,0.729732692,-0.0028610602,0.405145,0.0549625233,0.806565583,-0.0210975129,0.161031529,-0.0706631392,0.763996303,-0.037259791,0.1506778,0.073647283,0.814337432,-0.0792447925,0.421625942,-0.0945642367,0.761406302,-0.122408219,0.384066105
9033.333333333363,-0.0141145699,-0.572386622,0.0106054591,0.999509692,-0.00077992212,-0.589857876,0.0231599584,0.999209642,0.0021813917,-0.592003345,0.0343031324,0.998933434,0.00132287631,-0.591167212,0.0290165916,0.999402702,-0.0202433504,-0.601451397,0.0182953067,0.999524,-0.0190200116,-0.598574877,0.00661697472,0.999520838,-0.0158129074,-0.588419139,0.0245249383,0.999725342,0.072429359,-0.580029786,0.114900164,0.999128699,-0.065203622,-0.537415445,0.138213724,0.998572707,0.0264902599,-0.564587831,0.0528367,0.99860549,-0.0135551449,-0.527236819,0.0329741389,0.998449564,0.153594449,-0.422472239,0.178532884,0.999927282,-0.109700099,-0.482002616,0.244691059,0.99988687,0.135633066,-0.286736727,0.137134627,0.536872268,-0.0802824795,-0.24832052,0.132883117,0.611543894,-0.0106552616,-0.242951259,0.151214972,0.439344674,0.0624096319,-0.251993924,0.027854614,0.68661,-0.0618827417,-0.248604938,0.155348212,0.406591535,0.137351677,-0.266746849,-0.026460968,0.63763696,-0.0739053562,-0.263246059,0.160816878,0.390032,0.159700766,-0.326706529,-0.0181764308,0.611922681,-0.0168842617,-0.236870378,0.155536562,0.310817719,0.0802072659,-0.276903838,0.0230456665,0.50930047,0.0927461386,0.00247918372,0.0180917364,0.99996686,-0.0909962058,-0.00639703777,-0.0156055819,0.999965429,0.0896457434,0.42975843,-0.0865955129,0.568723202,-0.0758479238,0.353186578,-0.102149427,0.494846702,0.0771550462,0.772727072,-0.02998784,0.43947807,-0.074071154,0.730705321,-0.000366549066,0.407209158,0.0548328422,0.807004929,-0.020592479,0.160943359,-0.0706789568,0.765036821,-0.0347037613,0.151137486,0.0725505129,0.815302432,-0.0784055,0.423684,-0.0956525281,0.763093591,-0.118987747,0.385622501
9050.00000000003,-0.0143652782,-0.572446346,0.0112041524,0.999507785,-0.000963296858,-0.589897335,0.0238592383,0.999206126,0.00201519276,-0.592043042,0.0349869542,0.998928845,0.00114027155,-0.591202319,0.0296837352,0.999400675,-0.0203891397,-0.601504564,0.0189784374,0.999522567,-0.0191691611,-0.59862262,0.00728752976,0.999519229,-0.0159672201,-0.588471293,0.0251850542,0.999724746,0.0723790601,-0.580024481,0.115549102,0.999126732,-0.0652450547,-0.537454963,0.138813242,0.998570263,0.0262183,-0.564615428,0.0534003749,0.998611033,-0.0138112046,-0.527284384,0.0335339159,0.998457313,0.153608397,-0.422337472,0.179206863,0.99992758,-0.109932296,-0.48196584,0.244752377,0.999887228,0.135786086,-0.286177039,0.137691811,0.540749371,-0.0802611709,-0.247569203,0.133671224,0.60960716,-0.0105248159,-0.243354201,0.152148128,0.442890346,0.0620380826,-0.251542568,0.029076783,0.686457157,-0.0617995523,-0.249185532,0.156377703,0.409380525,0.136838272,-0.266453505,-0.0249305069,0.637584269,-0.0738497674,-0.263896137,0.161792517,0.392662913,0.159081355,-0.326472372,-0.0167817846,0.611903608,-0.016763635,-0.237402,0.156476989,0.31303966,0.0797846317,-0.276548117,0.0242337529,0.509179711,0.0927502885,0.00246706931,0.0179454852,0.99996686,-0.0909974128,-0.00638370402,-0.0154618714,0.999965429,0.089551568,0.429802984,-0.0872349963,0.568407595,-0.0759577677,0.353373259,-0.102121688,0.49283278,0.0769791827,0.772712886,-0.0302068852,0.436501741,-0.0741112158,0.730754852,-0.000535332132,0.404772699,0.0546485297,0.806975365,-0.0207903255,0.159277201,-0.0707231164,0.765079677,-0.0349067114,0.150260329,0.0720425695,0.815304101,-0.0784338638,0.420452952,-0.0960737392,0.763098478,-0.119358219,0.38307035
9066.666666666695,-0.01441212,-0.572415829,0.0116894674,0.999514759,-0.00102588185,-0.589868188,0.0244173259,0.99921608,0.00196420285,-0.592010319,0.0355362371,0.998941243,0.00108013302,-0.59116739,0.0302217882,0.999407351,-0.0204322655,-0.601466835,0.0195390023,0.999530196,-0.0192140099,-0.598574281,0.00784159824,0.999527276,-0.0160101652,-0.58842963,0.0257303137,0.99973,0.0723714605,-0.579964578,0.116049349,0.999135435,-0.065258272,-0.537369788,0.139313266,0.998598516,0.0261764582,-0.564573526,0.0538419969,0.998633742,-0.0138503425,-0.527228355,0.0339819491,0.998488069,0.153687432,-0.422159106,0.179430157,0.999927759,-0.109957069,-0.481817573,0.244677886,0.999889553,0.136104047,-0.285860628,0.138496682,0.543588877,-0.080307655,-0.246924356,0.13392356,0.615484715,-0.0103794178,-0.243888348,0.153548777,0.446663737,0.0620280802,-0.250773251,0.0303593148,0.694783509,-0.0617670044,-0.249951199,0.158206671,0.412404507,0.13683939,-0.265842825,-0.0234893672,0.645782828,-0.0738488,-0.264710397,0.163902968,0.395472646,0.159131333,-0.325963706,-0.0152202947,0.620385349,-0.0166556239,-0.238076553,0.157994732,0.315516531,0.0797843784,-0.275876909,0.025637228,0.517953455,0.0927509293,0.00246098149,0.0179366842,0.999966681,-0.0909972489,-0.00637736032,-0.015455259,0.999965429,0.0894789249,0.429792583,-0.0878666565,0.566979349,-0.07648132,0.353420109,-0.102768913,0.492158651,0.07682845,0.772668242,-0.0309318379,0.432683915,-0.0741391703,0.730698764,-0.00270971376,0.40221262,0.0544791371,0.806911647,-0.0215637982,0.157737643,-0.0707399771,0.765005529,-0.0372269377,0.149541438,0.0718435198,0.815280735,-0.0787734836,0.417125612,-0.096075736,0.762856781,-0.12118981,0.380940408
9083.333333333361,-0.0144140813,-0.572238386,0.0118941059,0.9995206,-0.00103747507,-0.589693904,0.0245520454,0.999224424,0.0019546526,-0.591828942,0.0356790386,0.998950601,0.00106831046,-0.59097749,0.0303524155,0.999411225,-0.0204433613,-0.60123229,0.0197468884,0.999538064,-0.019225372,-0.598325372,0.00803872664,0.999536097,-0.0160220601,-0.588194847,0.0259211548,0.999735832,0.072367087,-0.579712749,0.116493531,0.999139786,-0.0653636605,-0.536863208,0.139528036,0.99863261,0.026168393,-0.564351141,0.053958308,0.99864924,-0.013864385,-0.526936948,0.0341846421,0.998515308,0.153737411,-0.421528816,0.18139185,0.999927,-0.109974,-0.481152415,0.244519576,0.999892116,0.136216849,-0.285085529,0.141255662,0.540721714,-0.0799540803,-0.245378867,0.133884251,0.622659147,-0.0102526322,-0.244130358,0.15664506,0.445559859,0.0626479611,-0.250168353,0.0305237956,0.706055939,-0.0617378578,-0.250474155,0.161862493,0.411267668,0.137435779,-0.265643507,-0.0233193971,0.657156,-0.0738291442,-0.265255064,0.167943507,0.39415434,0.159846023,-0.325852633,-0.0149325505,0.632170081,-0.016569769,-0.238418609,0.161198124,0.314455658,0.0804189,-0.275422454,0.0258954056,0.530216336,0.0927647874,0.00246881391,0.0180232693,0.999966383,-0.0910131335,-0.00638784654,-0.015548517,0.999965489,0.0894211084,0.429818511,-0.0882841945,0.565285206,-0.0766093135,0.35376215,-0.103744589,0.49174583,0.0767374188,0.772612751,-0.0312719382,0.428731084,-0.0741614178,0.730659783,-0.00411689,0.399658322,0.0543594584,0.806838036,-0.0219185464,0.156178445,-0.070769161,0.764946818,-0.038634669,0.148762241,0.0717129335,0.815330684,-0.0789002106,0.413691878,-0.0960756615,0.762747288,-0.122488864,0.378847957
9100.000000000027,-0.0144252852,-0.571128726,0.0193033181,0.999526322,-0.00113159302,-0.588678539,0.0326454304,0.999231756,0.00186407135,-0.590807378,0.0436383374,0.998959303,0.000985401566,-0.589981556,0.0382037163,0.999415159,-0.0205069333,-0.600004435,0.0276280288,0.999544084,-0.0192842036,-0.597074807,0.0158843677,0.999542773,-0.0160764437,-0.586991608,0.0336951651,0.99974,0.0721920654,-0.579003096,0.123897769,0.999144137,-0.0654508397,-0.535345793,0.146345496,0.998656,0.0261558387,-0.563385367,0.0611031055,0.998659253,-0.0138769206,-0.525691748,0.0411032215,0.998529196,0.153748453,-0.421063602,0.189841479,0.999926865,-0.109849155,-0.480267048,0.245453626,0.999894,0.13647458,-0.284565747,0.147761509,0.535711586,-0.0792513192,-0.244816348,0.134265468,0.626850307,-0.0102516953,-0.24223721,0.161680296,0.442990214,0.0635697171,-0.249662489,0.0315989852,0.712780416,-0.0617909394,-0.247720867,0.16671066,0.409713,0.138266832,-0.265196323,-0.0225156061,0.663906455,-0.0741491616,-0.262757033,0.17265752,0.392690659,0.160941079,-0.32557869,-0.0139983408,0.639191151,-0.0166288167,-0.23658669,0.16606237,0.313102722,0.0813161358,-0.274973065,0.0271015037,0.537242532,0.0927685872,0.00247700512,0.0182805248,0.999965787,-0.0910199806,-0.00640155748,-0.0158144776,0.999965131,0.0893473774,0.429769576,-0.088548854,0.558899522,-0.0767879039,0.353796899,-0.106621794,0.487722576,0.076645,0.772206247,-0.0362256095,0.421600401,-0.0741702542,0.729908824,-0.0102393907,0.392478436,0.05423408,0.806423604,-0.0277297683,0.153758764,-0.0707735494,0.76407,-0.0451708324,0.146596208,0.0716351494,0.814654768,-0.0853386298,0.406992018,-0.0956243798,0.761227727,-0.129020602,0.372420937
9116.666666666693,-0.0144591257,-0.571077,0.0210612919,0.99953264,-0.00122342422,-0.588653862,0.0344953872,0.999239683,0.00177462806,-0.590779185,0.0454585068,0.998969734,0.000900573214,-0.589958131,0.0400023684,0.999420166,-0.0205937326,-0.599947751,0.0294822883,0.999549389,-0.0193720702,-0.597016394,0.0177186094,0.999548495,-0.0161532462,-0.586932361,0.0355073698,0.999743283,0.0721148476,-0.579054415,0.125475615,0.999149263,-0.0655091852,-0.535312116,0.148010671,0.998672426,0.0261438619,-0.563377142,0.0628118515,0.99866724,-0.0138892652,-0.525652647,0.0428418443,0.998537898,0.153781429,-0.421351,0.191756412,0.999927,-0.109629832,-0.480339199,0.245569721,0.999895215,0.136634141,-0.28480798,0.148827374,0.533599555,-0.0787884295,-0.245135874,0.134398311,0.629195154,-0.0102930861,-0.241478145,0.162080243,0.442291081,0.0639671087,-0.249537259,0.0321020782,0.716260254,-0.0619873218,-0.245939717,0.166953593,0.409986287,0.138590142,-0.264778793,-0.0221901461,0.667585075,-0.0747238919,-0.261082649,0.172801211,0.393165737,0.16144602,-0.325211197,-0.0137011847,0.643104315,-0.0168036353,-0.235710159,0.166403115,0.313397527,0.081724979,-0.2748,0.0275945924,0.541014373,0.0927705318,0.00247514388,0.0184203666,0.99996531,-0.0910231099,-0.00640013255,-0.0159580708,0.999964714,0.0893613175,0.42971006,-0.0883732066,0.55416,-0.0769708604,0.353841841,-0.106886052,0.484576911,0.0766823664,0.772077382,-0.0363252275,0.41638267,-0.0742922053,0.729737222,-0.0103517817,0.386710048,0.0542722978,0.806301594,-0.0278901774,0.15209958,-0.0708801895,0.763853729,-0.0452825166,0.144842625,0.071865119,0.814033628,-0.0854349,0.40222317,-0.0955768153,0.760533035,-0.129040942,0.367240191
9133.33333333336,-0.0144706927,-0.570971608,0.0235713255,0.999539733,-0.00125095027,-0.588551819,0.0372754,0.99925071,0.00174426357,-0.5906744,0.048189424,0.99898541,0.000874544901,-0.589866817,0.0427141525,0.999428,-0.0206248444,-0.599834085,0.0321485065,0.999555707,-0.0194008332,-0.596903861,0.020322457,0.999555171,-0.0161782969,-0.586821,0.0381000452,0.999746561,0.0720527247,-0.579008937,0.128294602,0.99916,-0.065564014,-0.535238922,0.150385782,0.998690724,0.0261325464,-0.563302875,0.0653230324,0.998681188,-0.0139019275,-0.525576532,0.045195967,0.998549461,0.153792247,-0.421359062,0.194558293,0.999927402,-0.109521076,-0.480385065,0.245715097,0.999895811,0.136787,-0.284787118,0.149293154,0.531208277,-0.0776799619,-0.24563469,0.13432157,0.628838,-0.0103082815,-0.240228206,0.161443204,0.442941278,0.0650660768,-0.249599636,0.0320989825,0.716498852,-0.0620703176,-0.24366504,0.165813744,0.412011683,0.139491573,-0.264763385,-0.0222148038,0.668226302,-0.0751132146,-0.259097338,0.171412468,0.395462126,0.162393957,-0.325194538,-0.0137396883,0.643833101,-0.0169275235,-0.23441343,0.165643096,0.315263927,0.0827183872,-0.274829865,0.0275918934,0.541509,0.0927876905,0.002484211,0.018661,0.999965072,-0.0910418555,-0.00641077897,-0.016194161,0.999964416,0.0893395096,0.429562509,-0.088193,0.550095618,-0.0774964765,0.353861719,-0.107647732,0.482688725,0.0766818523,0.77162981,-0.0365650728,0.412892699,-0.0745271444,0.729480386,-0.0108315852,0.382371664,0.054271318,0.80586952,-0.0282230154,0.151061445,-0.0710667074,0.763531923,-0.0457509048,0.143526122,0.0718773,0.813417137,-0.0859332085,0.399281114,-0.0954469591,0.760214269,-0.129448622,0.363345683
9150.000000000025,-0.0145347426,-0.571051419,0.02393106,0.999548912,-0.00141206279,-0.588671386,0.0375998318,0.999264836,0.00158876262,-0.590794444,0.0485183261,0.999004,0.000727476436,-0.589988,0.0430628397,0.999437809,-0.020775931,-0.59989059,0.0324828252,0.999564886,-0.0195547827,-0.596954,0.0206849072,0.999564826,-0.0163212381,-0.586869061,0.03844871,0.999752283,0.0719167367,-0.579315722,0.128647268,0.999171674,-0.0657081753,-0.535236955,0.150759533,0.998718262,0.0260947887,-0.563435614,0.0657187477,0.998703301,-0.0139417797,-0.525611877,0.0455897711,0.998575747,0.153766781,-0.421622694,0.195239261,0.999927938,-0.109366141,-0.480416,0.246016741,0.999897838,0.136680618,-0.285034835,0.152329937,0.530293524,-0.0774601325,-0.245882839,0.135249078,0.63290149,-0.0104246987,-0.240228966,0.165746719,0.443847626,0.0652873144,-0.249724433,0.033510074,0.722373366,-0.0622747429,-0.243662611,0.17027837,0.413308203,0.139716968,-0.264865935,-0.0208497792,0.674429476,-0.0753423199,-0.259075224,0.175536737,0.396862924,0.162590265,-0.325287133,-0.0124051012,0.6503672,-0.0170942973,-0.23440434,0.169900388,0.316430837,0.0829346329,-0.274959892,0.0290186312,0.548335552,0.0927879959,0.00248286058,0.0187394433,0.999964833,-0.0910427794,-0.0064117955,-0.0162754301,0.999964356,0.0892102867,0.429591238,-0.0881633684,0.547807813,-0.0777257,0.353991717,-0.107638992,0.482499212,0.0766598731,0.771607935,-0.0365322828,0.408883035,-0.0753868669,0.72947973,-0.0109093031,0.380258,0.054245811,0.805838466,-0.0281920265,0.149571881,-0.0719917938,0.763530493,-0.0458467677,0.142791271,0.0717122704,0.813407,-0.0858044624,0.396345437,-0.0955097377,0.760200202,-0.129595757,0.362002313
9166.666666666692,-0.014643955,-0.57103318,0.0220789723,0.999549508,-0.00164860801,-0.588669,0.0354252085,0.999264,0.00137465552,-0.590791285,0.0463508219,0.999001384,0.000505826785,-0.589983881,0.0409619622,0.999435782,-0.0210047606,-0.599863946,0.0302757099,0.999566078,-0.0197895635,-0.596925378,0.0185283609,0.999566495,-0.0165499691,-0.586837232,0.0363028,0.999753952,0.0717336386,-0.579513073,0.126909897,0.999165297,-0.0659939,-0.535234451,0.148900986,0.998728275,0.0260168575,-0.563441694,0.0641503781,0.99870795,-0.0140234735,-0.525599122,0.0439517573,0.998588204,0.153763682,-0.421828419,0.194877535,0.9999277,-0.109418452,-0.480495393,0.245669737,0.999899447,0.136164844,-0.285047472,0.15229623,0.529961765,-0.0778663382,-0.245887116,0.13521719,0.639707446,-0.0104486225,-0.241772264,0.165402487,0.447185427,0.0654325187,-0.250227,0.0334959,0.731075048,-0.0623055,-0.246421963,0.169874594,0.41628173,0.140166804,-0.265773028,-0.0208655838,0.683029234,-0.0753494054,-0.261524588,0.175204366,0.399782568,0.163080394,-0.326339215,-0.0124019254,0.659332633,-0.017116908,-0.235978976,0.169587687,0.318683892,0.0831610709,-0.275574237,0.0290124472,0.557449818,0.092795454,0.0024826068,0.0187950358,0.999964237,-0.0910510421,-0.00641333079,-0.0163333956,0.999964058,0.0890119448,0.42937,-0.0880830139,0.544941723,-0.0778194,0.353957891,-0.107312165,0.481698573,0.0765858516,0.771569729,-0.0345335342,0.405238569,-0.0763907209,0.729352891,-0.00983655173,0.378381342,0.0541516431,0.80579108,-0.0258573461,0.147804409,-0.0731681436,0.76341331,-0.0446149595,0.141429558,0.0714457706,0.813364863,-0.0829768,0.393756539,-0.0960629359,0.759895146,-0.128615379,0.360715896
9183.333333333358,-0.0146817295,-0.571029425,0.0219012666,0.999553204,-0.0017675,-0.588679,0.0352099203,0.999270558,0.00125955918,-0.590800166,0.0461459905,0.999009728,0.000395503303,-0.589992702,0.0407649539,0.999440312,-0.0211196765,-0.599859118,0.0300194453,0.999570251,-0.0199016407,-0.596918344,0.0182773564,0.999570787,-0.0166614838,-0.586829305,0.0360524021,0.999756634,0.071508728,-0.579697847,0.126760527,0.999171,-0.0662260875,-0.535230577,0.148578525,0.998742223,0.0259658638,-0.56346184,0.0640170202,0.998719454,-0.0140681667,-0.525594354,0.0437610969,0.998601198,0.153653651,-0.422085345,0.194823384,0.999927938,-0.109416269,-0.480507821,0.245482937,0.999900341,0.135847434,-0.285240233,0.152484,0.530220687,-0.0777019486,-0.245891497,0.135038808,0.643190384,-0.0107872542,-0.241842568,0.165531218,0.44923237,0.0658265576,-0.250541478,0.0334509574,0.73559916,-0.0626584142,-0.246459991,0.170004234,0.418156236,0.140659988,-0.266246,-0.0208981633,0.687643945,-0.0756916106,-0.261523485,0.175305799,0.40169251,0.163382158,-0.326909751,-0.0124149593,0.664143,-0.0174777191,-0.236026362,0.169701651,0.320279241,0.0835062638,-0.275972545,0.0289781094,0.562257409,0.0927978083,0.00247909175,0.0188853219,0.99996382,-0.0910534337,-0.00641302951,-0.0164274983,0.99996376,0.0889846608,0.42935428,-0.0880185366,0.54207319,-0.0779519901,0.353959143,-0.107267693,0.480585754,0.0765688121,0.771559477,-0.0344807692,0.401231557,-0.0769610107,0.729348183,-0.00989127345,0.376049966,0.05413514,0.805779219,-0.0258087609,0.146283686,-0.0737412497,0.763411582,-0.0446978062,0.140222177,0.0714352876,0.813391268,-0.0828592852,0.390899867,-0.0960534737,0.759927392,-0.128822833,0.358974636
9200.000000000024,-0.0146353813,-0.571173191,0.0196504369,0.99954617,-0.00176017848,-0.588864148,0.0327951685,0.999258399,0.00126813736,-0.590985656,0.0437302366,0.998994529,0.000397023483,-0.590173483,0.0383739695,0.999431074,-0.0211251229,-0.599980414,0.0275081899,0.999562383,-0.0199064016,-0.597060084,0.0157287251,0.999563038,-0.0166665483,-0.586951494,0.0335441381,0.999751925,0.0714977309,-0.580271602,0.124533027,0.999156773,-0.0662395731,-0.535456419,0.146170631,0.998721063,0.0260163285,-0.563696921,0.0619506165,0.998699725,-0.0140223792,-0.52578944,0.0416235626,0.998579383,0.153679654,-0.423581332,0.192458555,0.99992758,-0.109415658,-0.48084414,0.244106352,0.999899089,0.135725155,-0.287642241,0.147417277,0.531962097,-0.0778744295,-0.246068075,0.133206397,0.64452678,-0.010826176,-0.244408458,0.155610114,0.452547282,0.0659375861,-0.251671761,0.0321236178,0.736276746,-0.0626851842,-0.248765886,0.159189731,0.421555698,0.141030446,-0.267416388,-0.0220008884,0.687909842,-0.075723134,-0.263616294,0.164575309,0.40518716,0.163653821,-0.328274101,-0.0134538803,0.66439,-0.0175243542,-0.238240406,0.159774393,0.323166788,0.0836410075,-0.277174711,0.0277107339,0.562081099,0.0928186551,0.00247109984,0.0188984461,0.99996382,-0.0910733417,-0.00640111463,-0.016438527,0.999963701,0.0889925435,0.429336697,-0.0869471952,0.541888952,-0.0779836699,0.353967309,-0.106399223,0.482088387,0.0765877441,0.771522939,-0.0265983213,0.401730269,-0.0771573931,0.729449,-0.00452529825,0.377663523,0.054150302,0.805737913,-0.0169407651,0.146093428,-0.0739520043,0.763538897,-0.0385468937,0.14024736,0.0714224,0.813891172,-0.0719699189,0.391479224,-0.0961799622,0.761066198,-0.121656582,0.360093743
9216.66666666669,-0.0146068586,-0.571523249,0.019465087,0.999539912,-0.00175008178,-0.589227319,0.0326006711,0.99924767,0.00128001196,-0.591362238,0.0435350426,0.998982251,0.000402183156,-0.590543866,0.0381754115,0.999423563,-0.0211206954,-0.600301504,0.0272872336,0.999555,-0.0199003574,-0.597415149,0.0154937292,0.999555826,-0.016660491,-0.587285936,0.0333210081,0.999747217,0.0714708418,-0.58082217,0.124264911,0.999146342,-0.0662502497,-0.535935581,0.145841628,0.998699784,0.026031062,-0.564111769,0.0617576353,0.998680949,-0.0140014598,-0.526222229,0.0414121225,0.998555958,0.153678909,-0.424700648,0.191409841,0.999927461,-0.109455429,-0.481409848,0.243803158,0.99989748,0.135599971,-0.289052248,0.144131556,0.533426,-0.0778740644,-0.24665001,0.132802,0.643886685,-0.01083179,-0.245065048,0.149423406,0.4546884,0.0661873072,-0.25315094,0.0320219,0.734726071,-0.0626539066,-0.249051586,0.152454033,0.424317688,0.141476646,-0.268724948,-0.0220451262,0.686332524,-0.0757286474,-0.263887137,0.157718763,0.408137947,0.163985908,-0.32984519,-0.0135441562,0.662783504,-0.0175436065,-0.238754734,0.153432027,0.325693667,0.0838890448,-0.278739244,0.0275891945,0.560138047,0.0928604752,0.0024615319,0.0188875645,0.999964058,-0.0911126584,-0.00638584513,-0.0164235607,0.99996382,0.0890625194,0.429315448,-0.0867463425,0.543361723,-0.0781891122,0.353977948,-0.106139742,0.484555423,0.0768059492,0.771369457,-0.0250071101,0.403738856,-0.0771855041,0.729540586,-0.00302119064,0.379949838,0.0543920696,0.805575967,-0.0151763,0.146562979,-0.0739675388,0.763646483,-0.0368783101,0.140880808,0.0715802833,0.814042807,-0.0697909296,0.393107,-0.0962744206,0.76199472,-0.119464181,0.361622512
9233.333333333356,-0.0146209858,-0.572803676,0.0189355295,0.999540567,-0.00176247768,-0.590508521,0.0319775045,0.99924922,0.00126830512,-0.592671096,0.0429263413,0.998986661,0.000386761938,-0.591844,0.0375552177,0.999426186,-0.0211335588,-0.601596296,0.026647957,0.999554396,-0.0199131668,-0.598735273,0.0148444315,0.999555,-0.0166733041,-0.588565469,0.0326849669,0.999746144,0.0713800192,-0.581941783,0.123279661,0.999151766,-0.0662586764,-0.5371418,0.14493987,0.99869585,0.0260056965,-0.565371871,0.0611392111,0.998686731,-0.0140094683,-0.527548075,0.0407746434,0.998556852,0.153622255,-0.425860226,0.189087644,0.999927878,-0.109595709,-0.482310176,0.243171155,0.999896526,0.135289326,-0.291155398,0.139963895,0.537854,-0.0781124234,-0.24790132,0.13223435,0.645053506,-0.010810866,-0.247131303,0.1441724,0.459662437,0.0661982223,-0.255226105,0.031671688,0.734059691,-0.0624629483,-0.250647753,0.146997169,0.429385304,0.141608924,-0.270449758,-0.0222878121,0.685860038,-0.0755405203,-0.265480131,0.151985213,0.413350523,0.164075837,-0.331872612,-0.0138999987,0.662364483,-0.0175087042,-0.240686506,0.147976056,0.330418408,0.0839138404,-0.280962676,0.0271622892,0.559680283,0.092880711,0.00245372276,0.0188691374,0.999964178,-0.0911292,-0.00637690118,-0.0164066721,0.99996382,0.0889301151,0.429243267,-0.0867448673,0.543153584,-0.0790260285,0.353922904,-0.106051601,0.485857636,0.0766366422,0.771212339,-0.0247745048,0.402628124,-0.0774614513,0.729605258,-0.00299733831,0.380059212,0.0542569831,0.805381835,-0.0149346963,0.146008611,-0.0741562247,0.763714,-0.0368993469,0.140690863,0.0715770349,0.814005315,-0.0690432563,0.392373025,-0.096328713,0.762291074,-0.119304299,0.361380339
9250.000000000022,-0.0146205211,-0.574712932,0.0153620299,0.999542475,-0.00177408766,-0.592362,0.0284333546,0.999251425,0.00125736836,-0.594551623,0.0393783599,0.998991132,0.000372759183,-0.593695879,0.0340442918,0.999428093,-0.0211572889,-0.603435457,0.0226854216,0.99955523,-0.0199382305,-0.60063833,0.0108464388,0.999556065,-0.0166942272,-0.59038192,0.0287134387,0.999746263,0.0710398108,-0.583410501,0.120180801,0.999155164,-0.0666726,-0.538645267,0.140204817,0.998699248,0.0259921122,-0.56710428,0.0578152202,0.998693585,-0.014027141,-0.529402852,0.0369555056,0.998562217,0.153415963,-0.427097231,0.186407804,0.9999277,-0.110124141,-0.483466148,0.238902852,0.999895632,0.135125577,-0.292454094,0.135828942,0.539973378,-0.0782003254,-0.24918133,0.127530873,0.648073494,-0.0106706712,-0.248877406,0.136424989,0.463042229,0.0665003136,-0.257917881,0.0282737967,0.735380173,-0.0621780306,-0.251903355,0.139066666,0.433300763,0.142189741,-0.272883981,-0.0251926985,0.687137902,-0.0752953365,-0.266857356,0.143759817,0.417505324,0.164444819,-0.334444016,-0.0168823451,0.663666606,-0.017388761,-0.242332056,0.140097618,0.334262699,0.0842108503,-0.283712834,0.0238379631,0.560939252,0.0929217637,0.00245385524,0.0189524628,0.999964476,-0.0911666527,-0.00637345947,-0.0164845344,0.999964,0.0889590159,0.429160118,-0.0861305147,0.545315862,-0.079397887,0.353952795,-0.105647027,0.488709599,0.0768771693,0.771136522,-0.0186941084,0.405560523,-0.0788314342,0.729633927,0.00361332134,0.382677019,0.0545704439,0.805309951,-0.00808922201,0.14677535,-0.0756333619,0.763734937,-0.0293636471,0.140772983,0.0724482238,0.814246118,-0.0610916503,0.395418763,-0.097275719,0.762653112,-0.111004665,0.36314556
9266.666666666688,-0.0146168517,-0.574802577,0.015403755,0.999547839,-0.00178576971,-0.592453837,0.0284954533,0.999261,0.00124524,-0.594649434,0.0394391604,0.999005258,0.000354340038,-0.593791723,0.0341035761,0.999435902,-0.0211699065,-0.603512108,0.0227656569,0.999560297,-0.0199508127,-0.600720227,0.0109309843,0.999560833,-0.0167066939,-0.590454698,0.0287961606,0.999748528,0.0706689432,-0.583476126,0.12026047,0.999168932,-0.0669237152,-0.53866154,0.140286759,0.998714745,0.0259626843,-0.567189,0.0578537434,0.998714268,-0.0140472446,-0.529473364,0.0370229706,0.998581767,0.153091758,-0.427120626,0.186369866,0.999928594,-0.110531099,-0.48348546,0.238813013,0.999895811,0.134969369,-0.292587519,0.135801494,0.542220473,-0.0783972815,-0.249241352,0.127111733,0.647464573,-0.0105453786,-0.249155298,0.1372253,0.465308785,0.0664925426,-0.257864565,0.0281840153,0.733117104,-0.0618860312,-0.252149582,0.140070245,0.435603946,0.142201364,-0.272823811,-0.0251804814,0.684821248,-0.0749871731,-0.267040521,0.144890025,0.419834554,0.164434448,-0.33437109,-0.0168685839,0.661149681,-0.0172510277,-0.242578685,0.140943095,0.336469233,0.0841975808,-0.283635288,0.0237634927,0.558396578,0.0929490253,0.00245158654,0.018993156,0.999965,-0.0911887959,-0.00636882242,-0.0165259391,0.999964416,0.089225322,0.429177493,-0.0861098468,0.548464894,-0.079421632,0.354163975,-0.105649695,0.492189437,0.0768969432,0.770958722,-0.0180450063,0.407015294,-0.0789760351,0.729854643,0.00397791201,0.385064155,0.0545809567,0.805094182,-0.00739115244,0.146951258,-0.075789,0.763946891,-0.0290008653,0.141151175,0.0724473521,0.814567685,-0.0597554557,0.396757871,-0.0973427668,0.763808787,-0.110326692,0.364738852
9283.333333333354,-0.0145161171,-0.574882865,0.0151349623,0.999551058,-0.00177660375,-0.592538953,0.0282438714,0.999267161,0.00125282421,-0.594739139,0.0391943194,0.999014318,0.000353265408,-0.593875706,0.033855211,0.999440372,-0.021159824,-0.603578389,0.0223284271,0.999564052,-0.0199402496,-0.600792468,0.0104923313,0.999564886,-0.0166910682,-0.59051621,0.0283594411,0.999750555,0.0702188,-0.583577216,0.120073222,0.999177814,-0.0672158897,-0.538675308,0.139087468,0.998730242,0.0259631686,-0.567277133,0.0576213859,0.998730302,-0.0140339183,-0.529538333,0.036544919,0.998598814,0.152675629,-0.42719546,0.186353251,0.999929,-0.110802993,-0.483528644,0.237317532,0.999896407,0.134375915,-0.292631149,0.13606903,0.542896807,-0.0784083158,-0.249252811,0.125285879,0.650236726,-0.0105810966,-0.249501318,0.138402551,0.467945784,0.0666530505,-0.257949889,0.0272096619,0.735277295,-0.0618994683,-0.252444327,0.141406417,0.438622117,0.142428219,-0.272871464,-0.0258182548,0.68700546,-0.0749914497,-0.267350733,0.146261737,0.422954798,0.16451773,-0.334339678,-0.017451454,0.663291574,-0.0172838811,-0.242932543,0.142157093,0.339338094,0.0843131244,-0.283700973,0.0228941161,0.560644925,0.092967838,0.00245673675,0.019206522,0.999965429,-0.0912053734,-0.00636924943,-0.0167306811,0.999964774,0.0896361172,0.429189116,-0.0857154429,0.55166924,-0.0794152915,0.354304284,-0.105632171,0.495967478,0.0769000798,0.77090776,-0.0151874367,0.409516066,-0.0791298077,0.730025947,0.0060929684,0.388476,0.0545711108,0.805043161,-0.00424305489,0.147601172,-0.0759925172,0.764149547,-0.0265978146,0.141862839,0.0724451318,0.815648,-0.0556462258,0.399133503,-0.0974324271,0.764996767,-0.107325956,0.367257267
9300.00000000002,-0.0145067563,-0.575383842,0.0150019024,0.99955368,-0.00179345033,-0.593060136,0.028149277,0.999271095,0.00123389054,-0.595255554,0.0391016081,0.999020278,0.00032696253,-0.594384432,0.0337602124,0.999442399,-0.0211880524,-0.604005933,0.0221673902,0.999566674,-0.0199696086,-0.601235,0.0103239948,0.999568045,-0.0167117529,-0.590930223,0.0281967539,0.999752104,0.0699405372,-0.584163845,0.119992383,0.999182165,-0.0674898103,-0.538906336,0.13872,0.998744071,0.0259544123,-0.567796409,0.0575058088,0.998739,-0.0140405232,-0.529978633,0.0363432392,0.998609662,0.152498141,-0.427674145,0.186308041,0.999928832,-0.110842176,-0.483870894,0.236495301,0.999896884,0.133576497,-0.293563694,0.135958776,0.543160558,-0.0784142613,-0.249840096,0.124193758,0.653220415,-0.0110762,-0.2502909,0.137926757,0.469098359,0.0670972839,-0.257912725,0.0267793927,0.738088489,-0.0624178275,-0.253022909,0.140994176,0.440212846,0.142996296,-0.272714972,-0.0261058863,0.689860344,-0.0754731596,-0.267775148,0.145894,0.424622566,0.165163651,-0.33400631,-0.0177079253,0.666142762,-0.0178141166,-0.243573979,0.141707331,0.340921462,0.0847946703,-0.283662677,0.0225246456,0.563613415,0.0929803848,0.00246084551,0.0193350315,0.999965787,-0.0912175179,-0.00636943616,-0.0168581232,0.999965191,0.0897864252,0.42914775,-0.0850023553,0.555570602,-0.0794315,0.354398549,-0.105098739,0.500618041,0.076927714,0.770775795,-0.0131538473,0.413387626,-0.0793765,0.730206907,0.00845678896,0.392895281,0.054585,0.804911,-0.00213769404,0.148919061,-0.0762963817,0.764345944,-0.0241276976,0.142995626,0.072495766,0.815898895,-0.0532878749,0.402969599,-0.0977827683,0.765598297,-0.104638681,0.370922476
9316.666666666686,-0.0145381568,-0.575431526,0.0145518202,0.999551535,-0.00190195348,-0.593106866,0.0276683327,0.999266207,0.00112665584,-0.595301628,0.0386296175,0.999014497,0.000202759504,-0.594425797,0.033295203,0.999438345,-0.0212834291,-0.604050636,0.0215871446,0.999564648,-0.0200696643,-0.601280272,0.00975979492,0.999566913,-0.0168014318,-0.590972602,0.0276259761,0.999751389,0.0693841353,-0.58420819,0.119558774,0.999179065,-0.0678927675,-0.538934,0.13775678,0.998744905,0.0258454811,-0.567848504,0.0570779219,0.998742521,-0.0141219171,-0.530025423,0.0357644446,0.998615444,0.152171493,-0.427698702,0.186158121,0.999928892,-0.111294992,-0.483992845,0.236078724,0.99989748,0.13344036,-0.293543577,0.136212677,0.543510139,-0.0787793472,-0.249841243,0.124143794,0.654966354,-0.0111952201,-0.250420868,0.138412535,0.46978575,0.06703116,-0.257346481,0.0266690981,0.73944664,-0.0626418218,-0.253210962,0.141659424,0.441052526,0.142973155,-0.271849066,-0.0261768084,0.691254199,-0.0756748095,-0.268051952,0.146471694,0.425506324,0.165091991,-0.332848102,-0.0177893713,0.667488158,-0.0179567579,-0.243756831,0.142204762,0.341687,0.0847265,-0.282960683,0.0224192087,0.564914703,0.0929887742,0.00247472804,0.0194105357,0.999966145,-0.0912253633,-0.00637654494,-0.0169297941,0.999965549,0.0898170248,0.429131359,-0.0848257914,0.559389472,-0.0794425383,0.354446,-0.104925506,0.5045048,0.0766316876,0.770754874,-0.0118382471,0.416725248,-0.0796800405,0.730289876,0.00932766311,0.397205561,0.0541891456,0.804888725,-0.000749796163,0.150008366,-0.0766918957,0.764442742,-0.0232489109,0.144112289,0.072159417,0.816262186,-0.0521585904,0.406035691,-0.0982609615,0.76569587,-0.104200542,0.374342144
9333.333333333352,-0.0145355798,-0.576161,0.0131443152,0.999549806,-0.00191625964,-0.593780458,0.0263166819,0.999263167,0.00110840052,-0.595975935,0.037289571,0.999011397,0.000174559464,-0.595089257,0.031971816,0.999436259,-0.0213107038,-0.604734361,0.0200623926,0.999562919,-0.020099435,-0.601989508,0.00823066197,0.999565601,-0.0168256778,-0.59163779,0.0260937922,0.999750316,0.0690228119,-0.584606349,0.118358634,0.999179244,-0.0682374835,-0.539320886,0.135716736,0.998743892,0.0258155502,-0.56849128,0.0557160489,0.998748302,-0.0141456407,-0.530692458,0.0341391191,0.998619914,0.152110249,-0.427837312,0.18486847,0.999928951,-0.111776784,-0.484374613,0.234312013,0.999897063,0.13369064,-0.293555707,0.135351658,0.543890417,-0.0789140835,-0.250091851,0.121666081,0.653614581,-0.0111549376,-0.25040704,0.137828842,0.46841234,0.0668671057,-0.257078171,0.0235803425,0.735648334,-0.0626508445,-0.253173113,0.141115,0.440024644,0.142744988,-0.271123111,-0.0290881563,0.687471867,-0.075724639,-0.268038869,0.145854,0.42455551,0.164721042,-0.331722856,-0.0207867026,0.663415551,-0.0179555342,-0.243751496,0.141628116,0.340950936,0.0845207125,-0.282498121,0.0192719828,0.56073463,0.0930159315,0.00249284459,0.0194754675,0.9999668,-0.0912493616,-0.0063857194,-0.0169894025,0.999966145,0.0899796858,0.429246873,-0.0842710733,0.565737784,-0.0795093849,0.354764819,-0.104441337,0.509528577,0.0764830783,0.770800471,-0.00892790221,0.423769414,-0.0804139376,0.730714798,0.0121770827,0.403963596,0.0539974123,0.804932475,0.00240868516,0.152489737,-0.077555351,0.764872432,-0.0201628041,0.146068409,0.0720588,0.816985726,-0.0493805185,0.412556,-0.0994352,0.766389251,-0.101676859,0.379985541
9350.000000000018,-0.0146174263,-0.576770902,0.0128233,0.99954766,-0.00205777748,-0.594345748,0.0260367543,0.999258757,0.000964184117,-0.596542954,0.0370102488,0.999006152,7.97941902e-006,-0.595651209,0.0317010656,0.99943316,-0.0214727744,-0.605240881,0.0198152512,0.999560714,-0.0202583149,-0.60251379,0.00798570737,0.999563575,-0.0169753283,-0.592148602,0.0258531123,0.999749064,0.0687370077,-0.584914386,0.117887013,0.999177694,-0.0684577227,-0.539528072,0.135504797,0.998740554,0.0257068183,-0.56900382,0.0553127266,0.998753,-0.0142297205,-0.531178236,0.0337907448,0.998624206,0.15210174,-0.427840114,0.183406085,0.99992907,-0.112022646,-0.484504431,0.234229729,0.999896884,0.134167194,-0.293327481,0.133279786,0.544677138,-0.0791424587,-0.250125498,0.121637821,0.652042687,-0.0108954599,-0.250225127,0.136772454,0.466241628,0.0665312931,-0.256116629,0.0232570451,0.732790291,-0.062490616,-0.252960891,0.1400906,0.437846065,0.142320871,-0.269615054,-0.0293892454,0.684469044,-0.0756433904,-0.267907023,0.145022407,0.422345042,0.164292023,-0.329832911,-0.0211780276,0.660220921,-0.0177706871,-0.243597165,0.14064762,0.33905375,0.0841896534,-0.281251162,0.0188884232,0.557495236,0.0930452794,0.0025068922,0.0194389448,0.999967337,-0.0912754834,-0.00639553042,-0.0169541482,0.999966681,0.0903868377,0.429280847,-0.084461242,0.570267856,-0.0795238689,0.354900271,-0.104402348,0.512803912,0.0764689595,0.770777345,-0.0093319593,0.42805773,-0.0805131644,0.730811894,0.011985641,0.407735109,0.0539667383,0.804896295,0.00187448983,0.153644368,-0.0776647404,0.764955044,-0.0204396304,0.147090435,0.0720309839,0.817131281,-0.0500604883,0.416207492,-0.0998419374,0.766699374,-0.102087051,0.38307485
9366.666666666684,-0.0149364611,-0.577173054,0.0128418682,0.999546349,-0.00253572711,-0.594705105,0.0260560829,0.999256968,0.000481512485,-0.596909702,0.0370295,0.999004364,-0.000494048,-0.596016049,0.031719476,0.999432743,-0.0219303239,-0.60555768,0.0198442861,0.9995597,-0.0207085311,-0.602833509,0.00801564381,0.999562621,-0.0174194835,-0.592469394,0.0258823652,0.999748468,0.0679519251,-0.585058391,0.117850199,0.999179482,-0.0689296648,-0.539567173,0.13554205,0.998739243,0.025346363,-0.569326699,0.055307053,0.998765349,-0.0145188747,-0.531452239,0.0337945893,0.998634517,0.152026728,-0.427809566,0.183279708,0.999929667,-0.112468146,-0.484505504,0.23420085,0.999897063,0.134350941,-0.293102086,0.133392885,0.54606235,-0.0791565627,-0.250018328,0.121550784,0.651966393,-0.0108324708,-0.250159174,0.136914238,0.46802789,0.0665604472,-0.256036937,0.0223601144,0.732078195,-0.0624793842,-0.252898514,0.140218437,0.439715743,0.142348289,-0.26954788,-0.0304456372,0.683907509,-0.0756498799,-0.267892659,0.145099595,0.424276024,0.164290622,-0.329775751,-0.0223179311,0.659582675,-0.0177441705,-0.243573815,0.140761763,0.340748101,0.0842063,-0.281176418,0.0179314334,0.556696892,0.0930792764,0.00252583902,0.0194494277,0.999967694,-0.0913087875,-0.00641268631,-0.0169642288,0.999967039,0.0904654,0.429278612,-0.0844755173,0.570773304,-0.0799032673,0.354918957,-0.104424939,0.51378268,0.0763908178,0.77076292,-0.00962512102,0.428135246,-0.0805756077,0.730846763,0.0118736923,0.408923805,0.0538638718,0.804877639,0.00152358809,0.153312981,-0.0776990876,0.764990032,-0.0206034221,0.147084221,0.071961306,0.81722641,-0.0505758487,0.416494966,-0.0998701155,0.7667588,-0.10224463,0.3840518
9383.33333333335,-0.015128104,-0.577441871,0.0119818198,0.999542773,-0.00282304501,-0.594945,0.0250287782,0.999252,0.000187642916,-0.597155452,0.036012996,0.998997867,-0.00080150133,-0.59625715,0.0307094157,0.999429941,-0.0221948121,-0.605772555,0.0189001188,0.999556899,-0.020970067,-0.60305208,0.00708060572,0.9995597,-0.0176796615,-0.592684925,0.0249511823,0.999747,0.0675277114,-0.58522445,0.116337463,0.999177,-0.0691026673,-0.53962785,0.134474188,0.998732,0.0251385774,-0.569570899,0.0542800389,0.998772323,-0.0146538699,-0.531659126,0.0328483805,0.998639941,0.152008727,-0.427825719,0.182013363,0.999930143,-0.112656303,-0.484504104,0.233708546,0.999897122,0.134443909,-0.292974412,0.13313961,0.547353208,-0.0791881382,-0.249531806,0.121120922,0.652458429,-0.0107842889,-0.250137031,0.13681902,0.469687164,0.0665407553,-0.256006747,0.0207158439,0.732383251,-0.0624642149,-0.252880126,0.14014551,0.441308439,0.142327741,-0.26954785,-0.032264553,0.684290826,-0.0756410509,-0.267900467,0.144972056,0.425914228,0.164171711,-0.329811603,-0.02420385,0.659924209,-0.0177093484,-0.243560389,0.140653253,0.342134565,0.0841653943,-0.281149209,0.0162089597,0.556871891,0.093097344,0.00253302162,0.019444773,0.999968052,-0.0913260207,-0.00641787797,-0.0169561,0.999967396,0.0905379727,0.429307342,-0.0843795314,0.571294725,-0.0800598562,0.354988903,-0.104120359,0.51441288,0.0763796493,0.770858169,-0.00944599137,0.429451019,-0.0806020349,0.73099184,0.01201264,0.410765082,0.0538473241,0.804975152,0.001712661,0.153265312,-0.0777124,0.765151143,-0.0205158591,0.147170052,0.0719575807,0.817812443,-0.0505653769,0.417926759,-0.0998950824,0.767147243,-0.102330044,0.385669023
9400.000000000016,-0.0157494359,-0.577090263,0.0130451843,0.999521554,-0.00347283226,-0.594516337,0.0261083972,0.999217,-0.000465110701,-0.596724212,0.0370551459,0.998951137,-0.00145645125,-0.595820189,0.0317587815,0.999404073,-0.0227479152,-0.605283856,0.0203285236,0.999537587,-0.0215214249,-0.602564454,0.0085419938,0.999541223,-0.0182186142,-0.592243314,0.0263963677,0.999737,0.0674278513,-0.584585667,0.116875045,0.999142468,-0.0691264272,-0.538813591,0.136535928,0.998685539,0.0247451942,-0.569160104,0.0550315678,0.998741925,-0.0150060253,-0.53118968,0.034047842,0.998607755,0.152166009,-0.427003443,0.182516962,0.999929845,-0.112629414,-0.483420879,0.235564306,0.999896765,0.13487944,-0.291942626,0.135327086,0.543860614,-0.079166919,-0.247279823,0.123554625,0.648106277,-0.0104341544,-0.249687374,0.141255498,0.466233641,0.0665589198,-0.2544761,0.0213400088,0.729946673,-0.0622559,-0.252668023,0.144861042,0.43824181,0.142333329,-0.268646747,-0.0317745209,0.681706548,-0.0753986612,-0.267692298,0.150204599,0.422829777,0.164164916,-0.329057693,-0.0237302165,0.657135427,-0.0174065,-0.243191868,0.14530915,0.33923611,0.0841721743,-0.279771715,0.0168691203,0.553637624,0.0931336656,0.0025457486,0.0193391405,0.999968469,-0.0913648233,-0.00642660959,-0.0168334823,0.999967873,0.0903328359,0.42932573,-0.0849306136,0.573270619,-0.0802053,0.355621099,-0.104691073,0.516749859,0.0761983097,0.770846128,-0.00978445075,0.432809442,-0.080849,0.731002092,0.0114188129,0.413838744,0.0536440797,0.804964662,0.00142118288,0.153950587,-0.0779905245,0.765145957,-0.0210672542,0.148102209,0.0715191662,0.817914486,-0.0520967469,0.419787407,-0.101382613,0.767097592,-0.103790388,0.387958795
9416.666666666682,-0.0158250891,-0.576081,0.014441858,0.999503911,-0.00361049245,-0.593469799,0.0275790952,0.999189377,-0.000603713328,-0.59567523,0.0385027193,0.998914361,-0.00158581522,-0.59477067,0.0331894383,0.999384344,-0.0228378,-0.604142189,0.021921115,0.999522209,-0.0216098037,-0.601404,0.0101579223,0.999526203,-0.0183093343,-0.591155589,0.0279928967,0.999729,0.0673942789,-0.583463609,0.118151858,0.999115765,-0.0691458136,-0.537328064,0.138339028,0.998647,0.0246949252,-0.568139195,0.0562629476,0.998717427,-0.0150433155,-0.530015171,0.0354503877,0.998580337,0.152220294,-0.425785244,0.184183225,0.999929726,-0.112606615,-0.481662154,0.237075165,0.999896288,0.135148942,-0.290638775,0.139808506,0.539362907,-0.0791034251,-0.244195014,0.125251234,0.644020557,-0.0102095231,-0.248922959,0.147776231,0.463528305,0.0666220784,-0.252505183,0.0219547525,0.72765255,-0.062116012,-0.252219707,0.151639193,0.435857475,0.142381132,-0.267448515,-0.0313331187,0.679369748,-0.0752642,-0.26732862,0.157273963,0.420452327,0.164175048,-0.328160852,-0.0232680198,0.65463686,-0.0172183532,-0.242587924,0.151909992,0.33695671,0.0842102915,-0.278070271,0.0175104346,0.55064553,0.0931568071,0.00255639269,0.0193324108,0.999968588,-0.09138982,-0.00643584924,-0.0168228447,0.999968,0.0900654942,0.429290414,-0.0854300112,0.57188797,-0.0803036913,0.355756074,-0.105646528,0.51574868,0.0760382116,0.770823836,-0.0125323227,0.433047444,-0.0808034539,0.730838716,0.00845075119,0.413500607,0.0534686744,0.804951,-0.00171192607,0.153647378,-0.0779149681,0.764944673,-0.024321802,0.14775385,0.0712695047,0.817900896,-0.0574466698,0.419284791,-0.101360247,0.766608775,-0.108458571,0.387453
9433.333333333348,-0.0158924088,-0.576092422,0.0145012131,0.999481201,-0.00367796095,-0.593475461,0.027629992,0.999155104,-0.000674217124,-0.595680654,0.0385524221,0.9988693,-0.00165503065,-0.594775796,0.0332398117,0.999360442,-0.0228855386,-0.604142308,0.0220508836,0.999501884,-0.0216573719,-0.601403,0.0102904513,0.999505818,-0.0183548704,-0.591155827,0.028125748,0.999718189,0.0674573481,-0.583414793,0.11814259,0.999082148,-0.0689927787,-0.537136912,0.138644561,0.998595953,0.0246764664,-0.568142593,0.0562738702,0.998683572,-0.0150571978,-0.530004442,0.0355320908,0.998541534,0.152803764,-0.425271332,0.184178397,0.99992907,-0.112402365,-0.480891794,0.237232879,0.999895155,0.135139704,-0.289977968,0.139853626,0.536382139,-0.0789487362,-0.242435142,0.125519097,0.640653,-0.0102114016,-0.248927355,0.147865698,0.462279856,0.0667379871,-0.252214819,0.0219904836,0.726169705,-0.0621304736,-0.252452075,0.151763439,0.434771866,0.142470151,-0.267422616,-0.031312827,0.677825868,-0.0752267,-0.267622352,0.157383576,0.41933015,0.164217547,-0.328195184,-0.0232310276,0.65298456,-0.0172129963,-0.242639825,0.151992649,0.33581534,0.0843017474,-0.277927935,0.017549254,0.548598766,0.0931914,0.00257142098,0.0193124842,0.999968648,-0.0914243162,-0.00644908706,-0.0168036055,0.999968052,0.089965716,0.429277271,-0.0857233629,0.569851637,-0.0803187564,0.355949342,-0.105818272,0.5142349,0.076115191,0.77082777,-0.0131368274,0.432709157,-0.0802771226,0.730673909,0.00841009244,0.4120875,0.0535929538,0.804955661,-0.00234807259,0.152917594,-0.0772594064,0.764726281,-0.0243811756,0.146838,0.0715421438,0.817900658,-0.058357507,0.418548316,-0.100943744,0.766235292,-0.10848099,0.386131406
9450.000000000015,-0.0161939319,-0.576107204,0.0146451136,0.999469399,-0.00397592457,-0.593483627,0.0277930312,0.999139905,-0.000974638853,-0.595688403,0.0387177728,0.998847842,-0.00194444566,-0.594781756,0.0334026553,0.999349892,-0.0231619719,-0.604145229,0.0223141909,0.999493539,-0.0219484903,-0.60140264,0.0105693946,0.999497116,-0.0186376031,-0.591158,0.0283978935,0.999714255,0.0674548,-0.583311379,0.118263826,0.999065638,-0.0690064654,-0.536760867,0.139275417,0.998576045,0.0245452691,-0.568138719,0.0563545376,0.998671591,-0.015210255,-0.529961646,0.0357260294,0.998529255,0.152966514,-0.424534321,0.184845284,0.999928653,-0.112283379,-0.4793607,0.237627551,0.999895155,0.134612843,-0.289615691,0.143601581,0.53310138,-0.0788599104,-0.240052566,0.126317307,0.639969587,-0.0109680519,-0.249155626,0.154129967,0.4624075,0.0667989925,-0.251955062,0.0222265981,0.728418291,-0.0631783307,-0.25315702,0.158674851,0.434933722,0.142516434,-0.267435163,-0.0311446916,0.680142343,-0.0757882893,-0.268294811,0.164157793,0.419397682,0.164217338,-0.328329712,-0.0229771249,0.655301332,-0.0178677831,-0.242984846,0.158268765,0.335767686,0.0843310431,-0.277841032,0.017835591,0.550771058,0.0932135,0.00258143945,0.0193271562,0.999968767,-0.0914483741,-0.00645839749,-0.0168181341,0.999968171,0.0899123922,0.429296404,-0.0857651606,0.567976177,-0.0803335905,0.356260061,-0.105929047,0.513176501,0.0761083588,0.770850301,-0.0131945163,0.431921095,-0.0802676156,0.730595887,0.00836661458,0.411635309,0.0535872094,0.80498,-0.00241306308,0.152401865,-0.0772484913,0.764628172,-0.0244223233,0.146472067,0.071765691,0.817929447,-0.058456894,0.417724401,-0.100950621,0.765841544,-0.108553052,0.385933042
9466.66666666668,-0.0166164394,-0.576087773,0.0146310115,0.999470651,-0.00433480833,-0.593466103,0.0277855154,0.999145448,-0.00134271616,-0.595669031,0.0387170799,0.998854756,-0.00229970785,-0.59476006,0.0333979242,0.999354959,-0.0235432964,-0.604130089,0.0223221127,0.999496579,-0.0223411415,-0.601376235,0.010579234,0.999499559,-0.0190372411,-0.591136634,0.0284063276,0.999716,0.0674420446,-0.583122432,0.11826545,0.999073923,-0.069120191,-0.536490321,0.139409348,0.998585045,0.0242730938,-0.568084836,0.0563164912,0.998684585,-0.0155237094,-0.529863834,0.0357260518,0.998540461,0.153049931,-0.42383495,0.18490842,0.999928951,-0.112283871,-0.478447139,0.237650439,0.999895453,0.134577662,-0.289271683,0.145337746,0.533652782,-0.0787154362,-0.239299163,0.12633042,0.64037931,-0.0127124619,-0.248499334,0.159346625,0.464407742,0.0668025538,-0.251389861,0.0222281422,0.730046213,-0.065894,-0.252312243,0.164607644,0.436477214,0.14248471,-0.26709047,-0.0311737414,0.681977153,-0.078516148,-0.267591089,0.169688776,0.420900702,0.164148197,-0.32809487,-0.0229668655,0.657145441,-0.019804664,-0.242421702,0.163482457,0.337236404,0.0843245834,-0.277396798,0.0178396981,0.552774191,0.093243219,0.002603787,0.0193278659,0.999968767,-0.0914785266,-0.00648335647,-0.0168191865,0.999968112,0.0896799,0.42961961,-0.0860259,0.566331089,-0.0804158598,0.356394589,-0.106096067,0.511909783,0.0761875212,0.771169841,-0.0145789264,0.4301956,-0.0800546631,0.730674505,0.00731164543,0.410485893,0.0537176915,0.805305898,-0.00405747211,0.151411086,-0.07695207,0.764722943,-0.0256675892,0.145919278,0.071854651,0.818172872,-0.0602237135,0.416484028,-0.100702472,0.765859127,-0.109790847,0.385397881
9483.333333333347,-0.0171750635,-0.576317847,0.0135471076,0.999472678,-0.0047201,-0.593664229,0.0266796108,0.999150395,-0.00172094675,-0.595861852,0.03761895,0.998859704,-0.0026861669,-0.594944656,0.0323235616,0.999358833,-0.0239922702,-0.604347885,0.0215317607,0.999500096,-0.0228139311,-0.601577818,0.00980638899,0.999502599,-0.0194999315,-0.591345489,0.0276355892,0.999718487,0.0675324947,-0.583129108,0.117196552,0.999076903,-0.0691550374,-0.536522806,0.139303327,0.99859494,0.0240319967,-0.568185866,0.0551467836,0.998696864,-0.015860375,-0.529973626,0.0349643044,0.998555899,0.153467104,-0.423560053,0.184582934,0.999928832,-0.112252928,-0.47822544,0.237641916,0.999896467,0.134501398,-0.289009333,0.145255804,0.535012245,-0.0786865652,-0.238670394,0.126522899,0.643729448,-0.0134000396,-0.249366492,0.158717871,0.468970507,0.0668540299,-0.251388222,0.0222525485,0.735842347,-0.0668529794,-0.253897697,0.163815185,0.440360069,0.142532721,-0.267300218,-0.0311824754,0.687802434,-0.0792269334,-0.269306034,0.168907613,0.424648583,0.164201781,-0.328544497,-0.0229429733,0.663222075,-0.0204760712,-0.243515134,0.16283676,0.340446621,0.0843912363,-0.277437687,0.0178676378,0.559096575,0.0932707861,0.0026213727,0.0193257853,0.999968767,-0.0915095657,-0.00649939757,-0.0168177746,0.999968171,0.0896343738,0.429591417,-0.0861111358,0.563319385,-0.0804129243,0.356433362,-0.106039956,0.509665906,0.0762421191,0.771179795,-0.0144429281,0.427795619,-0.0799763352,0.73064816,0.0077353972,0.408498347,0.0538038351,0.805315733,-0.00385593134,0.150263727,-0.0768601447,0.764692,-0.0251747221,0.144761801,0.0722123682,0.818124,-0.0599887632,0.414918959,-0.100617975,0.765579522,-0.10937351,0.384212524
9500.000000000013,-0.0172200017,-0.576649904,0.0110446261,0.999479115,-0.00476542953,-0.594007194,0.0240045395,0.999163091,-0.00176496396,-0.596204042,0.0349984244,0.998875201,-0.00273186923,-0.595271528,0.0297466777,0.999369204,-0.02405289,-0.604692519,0.0189617947,0.999507368,-0.0228839274,-0.60190028,0.00728611369,0.999509037,-0.0195652097,-0.591658711,0.0251016077,0.999722838,0.0675764531,-0.583357573,0.114783652,0.999089479,-0.0691826791,-0.536652386,0.137219846,0.998611212,0.0240094978,-0.56847477,0.0527207553,0.998719573,-0.0158843547,-0.530197859,0.032654386,0.998580337,0.153597832,-0.423554182,0.183337688,0.999929368,-0.112246543,-0.478243828,0.237094,0.999897301,0.134266481,-0.288976908,0.145375639,0.53749162,-0.078750819,-0.238721326,0.126433492,0.646483302,-0.0140614109,-0.249713734,0.160807848,0.472691,0.0668499097,-0.251721203,0.0221872088,0.738365769,-0.0678190812,-0.25446713,0.166473269,0.442814797,0.142537162,-0.267987162,-0.0312258713,0.689889908,-0.0798886865,-0.269860595,0.171502709,0.426953048,0.164125532,-0.329143256,-0.0229375027,0.66529876,-0.0210600737,-0.243908063,0.165101796,0.342418671,0.0843766853,-0.277825594,0.0178269222,0.561345279,0.0932843611,0.00263287709,0.019327471,0.999968946,-0.0915229172,-0.00650967425,-0.0168209989,0.99996835,0.0896120444,0.429689527,-0.0859327689,0.563011348,-0.0804478303,0.356564462,-0.105762176,0.509546697,0.0763182864,0.771683455,-0.0126142325,0.427254766,-0.0800771043,0.73077786,0.0096598072,0.408511698,0.0539117195,0.805832624,-0.00178222824,0.149579421,-0.0769701824,0.764836788,-0.0230255518,0.144096449,0.0727843,0.818502426,-0.0572186373,0.415346354,-0.10063944,0.765614033,-0.10693863,0.385030568
9516.666666666679,-0.0172970071,-0.576756775,0.010513328,0.999493659,-0.00482801069,-0.594094694,0.0234304331,0.999188423,-0.00183232932,-0.59629631,0.0344347619,0.998909354,-0.00280010561,-0.595362902,0.0291860644,0.999388695,-0.0241209939,-0.604788125,0.0184789971,0.999522328,-0.0229550768,-0.601988614,0.00680444716,0.99952358,-0.0196385216,-0.591741264,0.0246176943,0.999731064,0.0675929338,-0.583362699,0.114132881,0.999118209,-0.069198668,-0.536654174,0.13689518,0.99865216,0.0239710677,-0.568523407,0.0521290116,0.9987638,-0.0159300864,-0.530242443,0.0321603604,0.998628199,0.153829321,-0.423339427,0.182376355,0.999931037,-0.112247244,-0.478157312,0.237064034,0.999899447,0.134630397,-0.28837949,0.144747362,0.543844283,-0.0787569731,-0.238741323,0.126673743,0.650762856,-0.0136393122,-0.249721751,0.160014749,0.482309729,0.0668324754,-0.251747161,0.0221933722,0.744447112,-0.0673466474,-0.254500777,0.165697739,0.451671869,0.142522171,-0.26803714,-0.0312406644,0.696532726,-0.0792843476,-0.269979924,0.170596659,0.435792506,0.164108112,-0.329275221,-0.0229705852,0.672323942,-0.0205865148,-0.243961871,0.164310142,0.350546777,0.084368445,-0.277898937,0.0178265702,0.569105268,0.0933250263,0.00264376751,0.0191913135,0.999969184,-0.0915601328,-0.00652108155,-0.0166914258,0.999968588,0.0897354707,0.429831,-0.085985139,0.563758731,-0.0805020407,0.357135803,-0.105495624,0.510912597,0.0767890438,0.771686,-0.0118799685,0.42688778,-0.0800760388,0.731021285,0.0110289417,0.409035891,0.0544188693,0.805829644,-0.000845367962,0.148962036,-0.0769582242,0.765057862,-0.0214494057,0.144204319,0.0728739873,0.81873244,-0.055475302,0.415585786,-0.100638777,0.766341925,-0.104534015,0.386239171
9533.333333333345,-0.0170569085,-0.577166498,0.0101282727,0.999515295,-0.00462264474,-0.594465375,0.0231040195,0.999223888,-0.00163394178,-0.596674383,0.034115877,0.998956561,-0.0026056529,-0.595732212,0.0288893804,0.9994151,-0.0239331461,-0.605146646,0.0181075633,0.999543965,-0.0227756463,-0.60232681,0.00645501027,0.999545038,-0.0194475651,-0.592072666,0.0242578425,0.999743283,0.0678623542,-0.583406806,0.113954179,0.999155641,-0.0691332,-0.536659896,0.136485592,0.998712,0.0241866615,-0.568733811,0.0517920218,0.998821914,-0.0157538932,-0.530411363,0.0317440853,0.998694181,0.153945699,-0.42274183,0.182172924,0.999932945,-0.112135157,-0.478070468,0.237068474,0.999902904,0.13446863,-0.287245035,0.14531076,0.551657438,-0.0787292644,-0.238784775,0.127432123,0.657112479,-0.0136450958,-0.250256896,0.1609983,0.494011223,0.0667376295,-0.251401722,0.0224389,0.752778113,-0.0673286468,-0.255597055,0.166788772,0.462192953,0.142310217,-0.267418265,-0.031011777,0.70553714,-0.0792048201,-0.271287411,0.171573967,0.44624576,0.164011389,-0.328374147,-0.0227959082,0.681887269,-0.0205741692,-0.244760141,0.165339813,0.360182852,0.0843201205,-0.277470291,0.0180664528,0.580012619,0.0933389142,0.00265227,0.019169908,0.999969363,-0.0915733576,-0.00652984716,-0.016673889,0.999968827,0.0897912085,0.429880142,-0.086046,0.565456748,-0.0805017874,0.357383519,-0.105418779,0.512654245,0.0772050172,0.771742642,-0.0110450964,0.426002234,-0.0801059157,0.731274724,0.0121188462,0.409487695,0.0548418,0.805870295,0.000227302487,0.148200765,-0.0769952908,0.765311897,-0.0201934539,0.144196674,0.0729662701,0.818986654,-0.0535354502,0.415610701,-0.100639567,0.76678592,-0.102722086,0.387594
9550.000000000011,-0.017068835,-0.578628898,0.00652407156,0.999536633,-0.00463690516,-0.595896363,0.0197143834,0.999258339,-0.00164581137,-0.598083854,0.0307008009,0.999001324,-0.00262050494,-0.597099185,0.0256362427,0.999439359,-0.0239498466,-0.606458366,0.0148291308,0.999566317,-0.0227985475,-0.603578091,0.00329285138,0.999567688,-0.0194641408,-0.593323231,0.0210841764,0.999756813,0.0683935955,-0.583884478,0.111345597,0.999187589,-0.0691437051,-0.536861897,0.134467736,0.998779297,0.024220597,-0.569676697,0.0484717824,0.998878,-0.0157644656,-0.53120321,0.0286115073,0.99876374,0.154204786,-0.422191,0.181517556,0.999933779,-0.112069845,-0.477584869,0.23669447,0.999907553,0.1327461,-0.285716,0.146335572,0.553220332,-0.0796900243,-0.236491382,0.129522055,0.668819308,-0.0138161,-0.25308916,0.163035929,0.500468254,0.0654564127,-0.248480752,0.0251235422,0.767002106,-0.0673456192,-0.261383146,0.169461787,0.46756196,0.140919909,-0.265316159,-0.0281906407,0.720897198,-0.0788732,-0.276889861,0.174554542,0.451272964,0.162903637,-0.326520473,-0.0198593754,0.698251426,-0.0205801036,-0.248230919,0.167607784,0.364695251,0.0832935795,-0.27496022,0.0209300499,0.599165201,0.0933570862,0.00266622822,0.019227419,0.999969304,-0.091592744,-0.00654835487,-0.0167495627,0.999969244,0.0894550458,0.429906726,-0.0860376209,0.564744771,-0.0804623291,0.357555836,-0.105391204,0.515139401,0.0776563883,0.771761417,-0.00756626483,0.422333241,-0.0806138664,0.73126328,0.0136418464,0.409149319,0.0554890037,0.80587858,0.00434034,0.146607086,-0.0776086822,0.765285194,-0.0183162354,0.143494293,0.0739989728,0.819124281,-0.048056528,0.413946897,-0.100635827,0.766762555,-0.100849219,0.388794333
9566.666666666677,-0.0173107479,-0.578688323,0.00530448509,0.999562383,-0.00490043452,-0.595974505,0.018477194,0.999301374,-0.00188772031,-0.598154843,0.0294285342,0.999058664,-0.00287566,-0.597172737,0.0244639106,0.999471545,-0.0242138654,-0.606517732,0.0136305355,0.999591768,-0.0230588876,-0.603622913,0.00213341368,0.999592721,-0.0197187867,-0.593366861,0.019916052,0.999771178,0.068475388,-0.583897769,0.110146351,0.999233305,-0.0692154765,-0.536830962,0.13367109,0.998850167,0.0241267867,-0.569690585,0.047285229,0.99894613,-0.0159290023,-0.531209528,0.0275074281,0.998840153,0.154300332,-0.421375126,0.18114309,0.999936283,-0.11203666,-0.477032781,0.236673683,0.999911845,0.132703811,-0.284914941,0.146410435,0.561687589,-0.0803405568,-0.234650075,0.130348,0.674742103,-0.0126743661,-0.258190125,0.162749976,0.513925672,0.0650053173,-0.246038288,0.0262221042,0.774228692,-0.065308176,-0.269616455,0.169070438,0.478710204,0.140634269,-0.263292134,-0.026510343,0.728126526,-0.0752491355,-0.28515777,0.174335495,0.46201846,0.162436932,-0.324629903,-0.0179387201,0.705784261,-0.0187208857,-0.254101187,0.167338148,0.374686152,0.082926,-0.272727877,0.0222101212,0.607759714,0.0933679044,0.0026735682,0.0193673801,0.999969423,-0.0916020423,-0.00655863062,-0.0169165675,0.999969542,0.0894105434,0.429890245,-0.0862487257,0.56477046,-0.0797097385,0.357633382,-0.105411664,0.517240465,0.0781948045,0.77191931,-0.00691730483,0.417281151,-0.0808081,0.731319964,0.0137793208,0.407433331,0.0562038682,0.806022167,0.00518515566,0.144452944,-0.0778384581,0.765333116,-0.0181314498,0.141822,0.0743456334,0.819775403,-0.0465719253,0.411499768,-0.0996892601,0.766973913,-0.100609496,0.388847262
9583.333333333343,-0.0173703078,-0.578736901,-0.00049485208,0.999575853,-0.00491711218,-0.596019268,0.0127570042,0.999324381,-0.00190286688,-0.598186,0.0236203875,0.999087751,-0.00289308932,-0.597207,0.0188361388,0.999487102,-0.024254242,-0.606582105,0.00797817111,0.999606848,-0.0231034886,-0.603684306,-0.00352310343,0.999607921,-0.0197583344,-0.593422592,0.0143097155,0.999780536,0.069172658,-0.583898723,0.10563805,0.999252796,-0.0692272484,-0.536940813,0.129631117,0.998898685,0.0241157115,-0.569698215,0.0419539362,0.998986244,-0.015991915,-0.531247735,0.022293577,0.998891473,0.155254215,-0.420344621,0.179437175,0.999936759,-0.11203973,-0.476986289,0.234831974,0.999915481,0.13292262,-0.280445635,0.14429903,0.560368478,-0.0808627307,-0.232665598,0.130182341,0.681800902,-0.0109269721,-0.258000791,0.155188486,0.517113447,0.0650277585,-0.245198756,0.0261373632,0.78383249,-0.0629588887,-0.269285977,0.161086,0.480788469,0.140741885,-0.263099849,-0.0265522506,0.737960756,-0.0719196349,-0.28487727,0.167329028,0.463675082,0.162519753,-0.324618578,-0.0179608427,0.716086745,-0.0165446792,-0.253829628,0.160096571,0.37588048,0.082978867,-0.272139847,0.0221804529,0.61899358,0.0934218094,0.00273286039,0.0194876269,0.999969304,-0.0916558057,-0.00662336638,-0.0170524251,0.99996978,0.0891833678,0.42987746,-0.0862446502,0.562328041,-0.079285,0.35775432,-0.105132416,0.517408192,0.0789726079,0.772005,-0.00360822538,0.413664728,-0.0808081776,0.731339633,0.0155764846,0.406384379,0.0572462231,0.806103468,0.00895168819,0.142826512,-0.0778419822,0.765343785,-0.0160339363,0.140137345,0.0749304146,0.819861233,-0.0436459,0.410438597,-0.0990281254,0.766959965,-0.0996671692,0.389410377
9600.00000000001,-0.0172786433,-0.57970947,-0.00603436865,0.999580622,-0.00463356078,-0.596883953,0.00719551696,0.999329329,-0.00158225058,-0.598993123,0.018070288,0.999089777,-0.00262549822,-0.598018646,0.0132708903,0.999486268,-0.0241096988,-0.607654,0.00244128285,0.999614,-0.0229613036,-0.604727507,-0.00900593,0.999616146,-0.0196098424,-0.594475925,0.00886758603,0.999786615,0.0705843046,-0.584069967,0.100876771,0.999245,-0.0689684078,-0.538105965,0.124980114,0.998933256,0.0243007857,-0.57032913,0.036856465,0.999002635,-0.0159202125,-0.532210767,0.0171057414,0.99892509,0.157279477,-0.419600159,0.177915,0.999934196,-0.111950628,-0.477691501,0.231418595,0.999918699,0.13382639,-0.277381927,0.142953858,0.558079302,-0.0817819,-0.232816443,0.127834737,0.69376713,-0.00894452352,-0.257733792,0.151232332,0.516324818,0.0650784671,-0.244427204,0.023517428,0.796085656,-0.0607816,-0.268777251,0.15696995,0.479263306,0.140860513,-0.261919677,-0.0296143536,0.75077939,-0.0694429353,-0.284375876,0.163189396,0.461884171,0.163562089,-0.323084861,-0.0203579161,0.729656756,-0.0144418674,-0.253687769,0.156116575,0.374178559,0.0833352953,-0.270969033,0.0198329315,0.634553611,0.0934574753,0.0028650309,0.0195861701,0.999968469,-0.0916977301,-0.00676051574,-0.0171490498,0.999969661,0.0881783068,0.429724813,-0.0871176273,0.5588817,-0.0793877244,0.357305944,-0.105608813,0.515657961,0.0789798424,0.772605121,-0.00414618524,0.41024375,-0.0808306,0.731470346,0.0137220742,0.40418306,0.057273481,0.806753159,0.00839942507,0.141122818,-0.0778785348,0.765551746,-0.018059561,0.138183534,0.0748451874,0.81982404,-0.0460376,0.408818334,-0.0993503481,0.766441882,-0.104305588,0.388466746
9616.666666666675,-0.0173702147,-0.581261933,-0.00919768121,0.999589682,-0.00463119335,-0.598220289,0.00426862342,0.999342,-0.00157394446,-0.600294411,0.0151575711,0.999105752,-0.00262730801,-0.599299431,0.010337865,0.999494672,-0.0241289306,-0.609387755,-0.000527029508,0.999622941,-0.0229870118,-0.606462717,-0.0119827762,0.999625623,-0.0196360946,-0.59624815,0.00586469,0.999792337,0.0708644465,-0.584260464,0.0987349823,0.999256551,-0.0690169185,-0.539989829,0.122322112,0.998962224,0.0242310744,-0.571358383,0.0338939726,0.999031901,-0.0161291584,-0.533830822,0.0139614064,0.998962283,0.157554403,-0.419434488,0.175729498,0.999934196,-0.112578943,-0.478356,0.230121568,0.999920547,0.137112364,-0.276264101,0.141214669,0.565471649,-0.0822498724,-0.232861802,0.126856461,0.700717032,-0.00831591431,-0.255127698,0.14875634,0.523884594,0.0651180074,-0.239923418,0.0211004652,0.802370846,-0.0606604591,-0.265383661,0.154041916,0.485397339,0.141005501,-0.255667925,-0.0323397219,0.756888509,-0.0695668608,-0.281598836,0.160170704,0.467895657,0.163951576,-0.31630227,-0.0231443979,0.736040652,-0.0141629819,-0.251089275,0.153664649,0.379677087,0.0835289359,-0.265710294,0.0173457041,0.64147985,0.093520321,0.0029172902,0.0195927229,0.99996835,-0.0917599201,-0.00679872092,-0.0171532221,0.999969661,0.0869090706,0.429309577,-0.087359637,0.563203335,-0.080017522,0.357098162,-0.105613098,0.519347966,0.0789577514,0.772646844,-0.00258058938,0.412899762,-0.0818638,0.731517434,0.0145143587,0.407540083,0.0572750941,0.806824386,0.0102135213,0.141407475,-0.0790124387,0.765609503,-0.0171086285,0.138133124,0.0747166798,0.819802105,-0.0451362208,0.411869,-0.101241186,0.766262233,-0.103952408,0.391484052
9633.333333333341,-0.0173818413,-0.582518578,-0.0196271483,0.999594569,-0.00446966244,-0.599236,-0.00627799192,0.999347091,-0.00140067539,-0.601257384,0.00465756655,0.999109626,-0.00249860319,-0.600254953,-8.04863739e-005,0.999495804,-0.0240785405,-0.610921144,-0.0111230174,0.999629,-0.0229494311,-0.608021438,-0.0225998852,0.999632716,-0.0195933,-0.597769499,-0.00474493438,0.999797165,0.0712770149,-0.58428061,0.0891977921,0.999255657,-0.0690237954,-0.541882098,0.111390971,0.998988271,0.0242165253,-0.572067201,0.0238027498,0.999055088,-0.0161972567,-0.535244823,0.00345075293,0.998996854,0.158106953,-0.418279588,0.168874606,0.99993366,-0.113271214,-0.479309976,0.222125903,0.999923348,0.13865985,-0.268081427,0.13689068,0.568213403,-0.0824630335,-0.2328275,0.12109074,0.709451795,-0.0090268869,-0.244150624,0.142597631,0.526824892,0.0651936829,-0.23599121,0.0139750671,0.810773253,-0.0629281253,-0.252780914,0.148018152,0.487936318,0.141078413,-0.250347137,-0.0399833582,0.765570641,-0.0727943256,-0.271177143,0.153360575,0.470469743,0.164401099,-0.310608685,-0.0307391919,0.745250225,-0.0154397571,-0.240709931,0.147587493,0.381663322,0.0837964565,-0.261238635,0.0101307081,0.651657522,0.0935895294,0.00310186925,0.019649161,0.999968112,-0.0918356329,-0.00695168972,-0.017189011,0.99996978,0.0856809393,0.429307848,-0.087354213,0.561537087,-0.0805094615,0.356929809,-0.105316564,0.517201543,0.0789056867,0.772926,0.00568272406,0.411791712,-0.0831452683,0.731828392,0.019178424,0.408391744,0.0572573766,0.807136953,0.0195065476,0.140152022,-0.0805643946,0.765994728,-0.0116855456,0.136788785,0.0735130757,0.820190728,-0.0370304212,0.412332147,-0.103433192,0.76629132,-0.100367367,0.392670125
9650.000000000007,-0.0168545134,-0.5834108,-0.0266703889,0.999597669,-0.00334763015,-0.600067079,-0.012699673,0.999349773,-0.000240111956,-0.602002442,-0.00178560871,0.999105573,-0.00146324595,-0.60101372,-0.00645263959,0.999489665,-0.0234381538,-0.611979544,-0.0180050712,0.999636471,-0.022340212,-0.609100759,-0.0295082182,0.999641478,-0.0189409722,-0.598797619,-0.0115866205,0.999803543,0.0729689077,-0.584330082,0.0847764537,0.999238133,-0.0690108687,-0.543016255,0.10504628,0.999027133,0.0246641748,-0.572541654,0.017612882,0.999066174,-0.0160349775,-0.536125064,-0.00334828976,0.99902904,0.159210712,-0.415940553,0.166976526,0.999928951,-0.113311417,-0.479840845,0.214577243,0.999926925,0.138617575,-0.261467576,0.13134174,0.557483912,-0.0825842842,-0.232735008,0.112339109,0.721257508,-0.00972381886,-0.242767,0.13008894,0.516828179,0.0653373227,-0.23370783,0.00619620318,0.823273659,-0.0640042573,-0.25255,0.135614797,0.478642404,0.141094923,-0.248048961,-0.0476959608,0.7794,-0.0735622719,-0.270860702,0.141484126,0.460939527,0.165106446,-0.307914585,-0.0375743881,0.759981811,-0.0162038635,-0.239557132,0.135349527,0.372832358,0.0842010081,-0.258606017,0.00280476618,0.669009089,0.093664214,0.00344238197,0.0202778112,0.999967277,-0.0919193625,-0.00729364762,-0.0178026911,0.9999699,0.0852049738,0.429341257,-0.0871763155,0.554997563,-0.080473654,0.356530905,-0.105717488,0.513262,0.0790434703,0.773692727,0.00999061577,0.407981724,-0.0833193511,0.731874347,0.0203762669,0.406832129,0.0575145818,0.807956874,0.0240696538,0.138314426,-0.0808678344,0.76606,-0.0101620648,0.134500846,0.0735854954,0.820854962,-0.0329195745,0.411272526,-0.103523359,0.766253948,-0.0999560282,0.392211556
9666.666666666673,-0.0157873239,-0.584044576,-0.0347513258,0.999607,-0.00177756755,-0.600672901,-0.0210239291,0.999362469,0.00139067636,-0.602548957,-0.0101123387,0.999117732,5.71753117e-005,-0.601569533,-0.0146922143,0.999494314,-0.0221800227,-0.612863421,-0.0266524758,0.999647737,-0.0211262,-0.609984696,-0.0381084941,0.999653757,-0.0176840015,-0.599651515,-0.0201768968,0.999811411,0.0744903609,-0.584446669,0.077407904,0.999239624,-0.0687227249,-0.544597685,0.0959235579,0.999070406,0.0254957,-0.572982371,0.0100667691,0.999094605,-0.0154340426,-0.536955476,-0.0114408853,0.999072433,0.160317406,-0.414792478,0.163592681,0.999927163,-0.113360807,-0.481584668,0.208601862,0.999930799,0.139804944,-0.256009459,0.130406857,0.554489195,-0.0837149173,-0.232785404,0.109191194,0.734446943,-0.00964644272,-0.240201384,0.129023224,0.516452789,0.0653782412,-0.231439084,0.00324411876,0.835461318,-0.0640559122,-0.250995338,0.134693697,0.478202432,0.141142339,-0.245331556,-0.0508278534,0.793122292,-0.0736174,-0.269961268,0.140295833,0.46033293,0.165889204,-0.305031449,-0.0405613072,0.774682403,-0.0161858164,-0.237576753,0.134315237,0.371558428,0.0844936818,-0.256115139,-7.08108928e-005,0.686721325,0.0936818048,0.00378738786,0.0207400955,0.999966562,-0.0919371,-0.00762610137,-0.0182483885,0.999969959,0.0846108273,0.429311901,-0.0869382471,0.550909936,-0.0804012865,0.355937302,-0.105816089,0.510855377,0.0790614337,0.774332404,0.0135322176,0.406343699,-0.0833953246,0.731854498,0.0226031188,0.406494,0.0575659275,0.808670282,0.0278319381,0.13742815,-0.0810290426,0.766057968,-0.00744816847,0.13275218,0.0734991729,0.821613848,-0.0290156081,0.41266802,-0.103504531,0.766103208,-0.0980035737,0.393246084
9683.33333333334,-0.0131297782,-0.586307228,-0.0434737056,0.999601901,0.00155854225,-0.602842391,-0.0295524634,0.99934721,0.00476454664,-0.604555964,-0.018762175,0.999087274,0.00319007644,-0.603646636,-0.0232237577,0.999469101,-0.0194099173,-0.615320861,-0.0362577029,0.99964726,-0.0182945393,-0.612601578,-0.0478885844,0.999655843,-0.0147146322,-0.602070212,-0.0297711547,0.999814093,0.076019004,-0.58588928,0.0693215802,0.999190569,-0.0679400116,-0.548850894,0.0836384,0.999098241,0.0272660386,-0.574940443,0.00189047668,0.999085248,-0.013694508,-0.539956748,-0.0209266804,0.999090374,0.162282094,-0.414763868,0.157426864,0.999919713,-0.113370307,-0.48779279,0.192277715,0.999933958,0.14266181,-0.253830403,0.105297126,0.540751159,-0.0834550336,-0.237272561,0.0869273394,0.745254517,-0.00399032049,-0.24046661,0.076906316,0.501900792,0.0684772804,-0.231809124,-0.0151198655,0.84658879,-0.0576041751,-0.251091629,0.0793198198,0.466081649,0.143578812,-0.245397463,-0.0686817467,0.805645108,-0.0675440133,-0.270594716,0.0849211216,0.44827956,0.171090335,-0.304894775,-0.0579923913,0.788042426,-0.0107859904,-0.237779289,0.0815136656,0.360431939,0.0884316266,-0.256397456,-0.0180848949,0.702253819,0.0937047824,0.00417719455,0.0219964348,0.999965847,-0.0919641405,-0.00800926611,-0.0195076838,0.999970198,0.0849513412,0.42888397,-0.0856273547,0.54480356,-0.0795864,0.353795171,-0.105809994,0.505279183,0.0810833275,0.775350332,0.0173214339,0.407100856,-0.0813559145,0.731524169,0.0268928129,0.404667139,0.0599531308,0.809792221,0.0317617059,0.137767047,-0.0790898055,0.765700579,-0.00249963859,0.130248576,0.075543046,0.822021067,-0.0249999538,0.416973472,-0.101126358,0.764997482,-0.0934977606,0.392746419
9700.000000000005,-0.0124289459,-0.587041497,-0.0453030281,0.99961,0.00248409971,-0.603634715,-0.0315306112,0.999355197,0.00574804563,-0.605264723,-0.0207532402,0.999092221,0.00409918698,-0.604401052,-0.0252952501,0.999468565,-0.0185795538,-0.616300821,-0.0381061696,0.999656141,-0.0174445119,-0.613591433,-0.0497229695,0.999665856,-0.0138414735,-0.603012502,-0.0316203758,0.99982059,0.0769722238,-0.586348474,0.0663675442,0.999180913,-0.0673752353,-0.55054,0.0816402361,0.999136329,0.027922105,-0.575594664,-0.000186087782,0.999102,-0.0130732851,-0.54093653,-0.0227890126,0.999122798,0.164105654,-0.414559424,0.15562509,0.999916136,-0.113277048,-0.49042353,0.189608052,0.999937356,0.146238968,-0.251849055,0.104116961,0.535108507,-0.0841258,-0.239910766,0.0871374235,0.756246865,-0.00244910433,-0.239570484,0.0808462426,0.494256467,0.0687714368,-0.230902255,-0.0126158511,0.856074154,-0.0567374304,-0.250742018,0.0839999616,0.459641457,0.144083291,-0.242479354,-0.0660195127,0.815984488,-0.0670111179,-0.27055195,0.0895544589,0.441791505,0.173038557,-0.301672935,-0.0554613769,0.799025655,-0.00959291775,-0.23722744,0.0856255591,0.354051262,0.0892278329,-0.254806578,-0.0156691801,0.714949369,0.0937122554,0.0045533888,0.0227575116,0.999965429,-0.091975,-0.0083666062,-0.0203011464,0.999970496,0.084949106,0.42883119,-0.0852011,0.539800465,-0.0795956701,0.351563722,-0.105862111,0.500644088,0.0812301561,0.775629282,0.0164205097,0.407402545,-0.080568634,0.73082155,0.0265684966,0.402722865,0.0602060705,0.810037136,0.0305793807,0.138820708,-0.0782126486,0.765030444,-0.00299918163,0.128418356,0.0763815418,0.821498692,-0.0260760393,0.42026481,-0.100018442,0.762164772,-0.0936227664,0.391899586
9716.666666666672,-0.0108527197,-0.587895,-0.0430837534,0.999622822,0.00394917652,-0.604458094,-0.0291997269,0.999370933,0.00724550616,-0.606034338,-0.0184230078,0.99911207,0.00557335,-0.60521245,-0.0230637081,0.999477863,-0.0170477927,-0.617199,-0.0358672403,0.999667525,-0.015887646,-0.61445725,-0.0474836342,0.999678135,-0.0123151112,-0.603905141,-0.0294181723,0.999827564,0.0775883,-0.586487234,0.0682062432,0.999191344,-0.066620715,-0.551039279,0.0832105651,0.999173939,0.0291915406,-0.576213956,0.00177968969,0.99913168,-0.0117683103,-0.54168123,-0.0209192,0.999160409,0.164941594,-0.414389819,0.156359777,0.999914825,-0.113242663,-0.490656078,0.189742059,0.999940097,0.1511987,-0.252084106,0.106947444,0.537592292,-0.0859123692,-0.240442932,0.087900959,0.76714474,-0.000764584693,-0.239453256,0.0871535,0.496773422,0.0682593212,-0.22817421,-0.0108356299,0.864030063,-0.0560237505,-0.250530303,0.0902244747,0.462463677,0.143812031,-0.237226397,-0.0642264858,0.824446738,-0.0669918284,-0.270601094,0.0956337303,0.444637567,0.172950208,-0.296549797,-0.0537929945,0.807990313,-0.00863073394,-0.237252846,0.0917835906,0.35610193,0.089061141,-0.251427233,-0.0139429877,0.725366652,0.0937070698,0.00475438591,0.0237409659,0.999964893,-0.0919753,-0.00854980666,-0.0213158578,0.999970436,0.0848699659,0.42854774,-0.0853156671,0.538996875,-0.0796142146,0.349100977,-0.106682569,0.499115616,0.0809853077,0.775616348,0.0120078279,0.409944832,-0.079407908,0.730073333,0.0215380043,0.403024167,0.0600159504,0.810004115,0.0252575558,0.141396791,-0.0768741,0.764347315,-0.00880100578,0.128041103,0.0767258,0.818414867,-0.033853,0.42432335,-0.0981536359,0.757922351,-0.101493023,0.392030478
9733.333333333338,-0.0105975792,-0.592370093,-0.0500535145,0.999633074,0.00443829829,-0.608729,-0.035701815,0.999382377,0.00774197606,-0.610215902,-0.025003355,0.999127865,0.00602989271,-0.609488189,-0.0297101624,0.999485373,-0.0167317931,-0.621462703,-0.0429111272,0.999674797,-0.015523483,-0.618829668,-0.0546873882,0.999686,-0.0119823264,-0.608287275,-0.0365264155,0.999831319,0.0777626485,-0.588233829,0.0619095,0.999203146,-0.066455029,-0.554123759,0.075594686,0.999197066,0.0293867067,-0.579781771,-0.00510411942,0.999163628,-0.0115995342,-0.545864284,-0.028487213,0.999194562,0.165871859,-0.414649695,0.148694351,0.999914885,-0.113807932,-0.492326409,0.183284983,0.999941528,0.160076275,-0.252603322,0.0846752375,0.550959468,-0.0884258226,-0.24357979,0.0773027316,0.773977876,0.00431521703,-0.23706463,0.0435612313,0.507702112,0.0670672,-0.226081446,-0.0287697725,0.868410528,-0.0518344641,-0.245722622,0.0418479517,0.473234206,0.142893687,-0.231229201,-0.0835443437,0.828782916,-0.0652991757,-0.267200828,0.0467827395,0.455727875,0.172860339,-0.290400237,-0.0743128,0.812557161,-0.00498723565,-0.234702423,0.04731806,0.365775108,0.0885936245,-0.248293042,-0.0326599255,0.729589701,0.093728967,0.00481768092,0.023972135,0.999964535,-0.0919953287,-0.00859214738,-0.0215320978,0.999970078,0.0839312822,0.428544074,-0.0854319632,0.542795718,-0.0797668695,0.347269356,-0.106702097,0.500019193,0.0805043131,0.776363432,0.0116970912,0.418506742,-0.0783822611,0.730051041,0.0214734338,0.406885415,0.0597889423,0.810708582,0.0249036513,0.145612,-0.0755799785,0.764306068,-0.00888862275,0.127742738,0.0774405152,0.816566944,-0.0347117446,0.433424026,-0.0969961733,0.756646276,-0.102269046,0.394378781
9750.000000000004,-0.0101665109,-0.594285429,-0.052600313,0.999647737,0.00498295669,-0.610625863,-0.038276583,0.999401808,0.0082811825,-0.612103105,-0.0275815949,0.999158204,0.00655966857,-0.611414075,-0.0323615558,0.999502778,-0.0162829347,-0.623243928,-0.0455794819,0.999684453,-0.0150325047,-0.620665252,-0.0573425554,0.999695778,-0.0115486486,-0.610183835,-0.0392393954,0.999835312,0.0779802725,-0.588996768,0.0589029975,0.999232829,-0.0660816804,-0.555037796,0.0728337839,0.999215543,0.0298524443,-0.581347883,-0.00780059444,0.99920541,-0.0111690462,-0.547402084,-0.0312042255,0.999232829,0.16645284,-0.415191561,0.144000709,0.999918163,-0.114209741,-0.492307305,0.184260368,0.999942183,0.167425871,-0.253050357,0.0835285,0.573782206,-0.0943400562,-0.243473932,0.0795701817,0.775763631,0.00731049059,-0.232082248,0.0478403717,0.529376626,0.0592931,-0.214488685,-0.0291284919,0.8651582,-0.0499277748,-0.236140579,0.045821093,0.494252801,0.13605234,-0.213648856,-0.0840995,0.824448407,-0.0650021955,-0.259547323,0.050351426,0.47746107,0.168460473,-0.27279821,-0.0761367679,0.80793345,-0.00307114841,-0.229474798,0.0516366139,0.38647455,0.082382977,-0.235365227,-0.0336619243,0.723321915,0.0937765688,0.00482940674,0.0239734557,0.999964714,-0.0920342058,-0.00856915396,-0.0215249453,0.999969602,0.0835725,0.42832458,-0.0857563093,0.554353178,-0.0797249526,0.345882356,-0.106536135,0.506177545,0.0802011937,0.776386619,0.0113396095,0.434088796,-0.0777514577,0.730018258,0.0217135288,0.416849077,0.0595866628,0.810736,0.0245884489,0.15241006,-0.0748551711,0.764272332,-0.00869184546,0.129798681,0.0773682594,0.81519711,-0.0368146375,0.447217196,-0.0964624584,0.756597936,-0.102100953,0.401304334
9766.66666666667,-0.00965728052,-0.597829223,-0.0675114095,0.99966234,0.00575664453,-0.614413559,-0.0541109256,0.999421716,0.00907094777,-0.615762174,-0.0433691815,0.999187,0.00728418026,-0.615147591,-0.0481025204,0.999518573,-0.0155980103,-0.626906514,-0.061384052,0.999695361,-0.0143025406,-0.624373376,-0.0730811432,0.999706924,-0.0108170202,-0.61378026,-0.0549312793,0.999840856,0.0785569,-0.592525899,0.0413959399,0.999258339,-0.0649089962,-0.558591664,0.0561529547,0.999244,0.030413378,-0.584900796,-0.0227916297,0.999246418,-0.0104353633,-0.550931096,-0.0460582227,0.999273598,0.168232739,-0.418172389,0.13032496,0.999920547,-0.114128351,-0.494934499,0.173309,0.999944329,0.175225794,-0.253416687,0.0735823214,0.591669798,-0.0985617861,-0.244849,0.0752473623,0.783115506,0.0149565497,-0.22822389,0.0363229774,0.542731643,0.0559066348,-0.206987455,-0.0320353,0.867986798,-0.0427102037,-0.230127066,0.0341277868,0.507487357,0.133194417,-0.202687651,-0.0868727192,0.827281892,-0.0597239546,-0.25403744,0.037794739,0.491153032,0.167557478,-0.261293828,-0.0796612352,0.810972273,0.00390586723,-0.225315541,0.0399454199,0.398968875,0.0801167339,-0.226920813,-0.0370315239,0.726405501,0.0937805325,0.00484526064,0.0240402,0.999965,-0.092034772,-0.00856770668,-0.0215777289,0.99996978,0.0835060552,0.428385168,-0.0849230587,0.565924287,-0.0795839131,0.345017314,-0.103798769,0.514869869,0.0801949,0.777129,0.015658455,0.450487554,-0.0775839612,0.730115354,0.0264429078,0.430983424,0.0596179776,0.811478376,0.0295302104,0.160084665,-0.0747122,0.764389634,-0.00368238334,0.133718178,0.0773714408,0.815322042,-0.0312681757,0.463405728,-0.096330449,0.756878495,-0.0959492549,0.413480759
9783.333333333336,-0.00854690373,-0.601527393,-0.0849888,0.999684036,0.00739211077,-0.618408,-0.0712058768,0.999454677,0.010757626,-0.61958158,-0.0604734384,0.999233484,0.00887111202,-0.61902076,-0.0652092621,0.999544621,-0.0143566718,-0.6307832,-0.0795997232,0.999713242,-0.0130164074,-0.628317714,-0.0913563371,0.999724627,-0.00949450675,-0.617732584,-0.0730815157,0.999849916,0.0792172253,-0.596391857,0.0266792551,0.999299049,-0.0645307899,-0.563233137,0.0375978909,0.999287844,0.0312431455,-0.588593781,-0.0391586721,0.999297619,-0.00963890832,-0.554897487,-0.0635913089,0.999324262,0.168957382,-0.423483133,0.120749213,0.999923468,-0.11445722,-0.497685254,0.157914907,0.999946833,0.185667202,-0.255698472,0.0628040731,0.61278969,-0.105164297,-0.244993284,0.0631465465,0.794060171,0.0251739677,-0.227743387,0.0141509082,0.563066,0.0448419824,-0.194346353,-0.0473239124,0.874433517,-0.0331013687,-0.228134215,0.0091895042,0.528437138,0.120871693,-0.186207563,-0.103715092,0.835009873,-0.0534517393,-0.252476662,0.0116562601,0.512890816,0.158791453,-0.244610965,-0.0980825499,0.819443047,0.0125967255,-0.224551663,0.0168528855,0.420004666,0.0702394545,-0.213225931,-0.0531191155,0.736846387,0.093775548,0.00478502735,0.0246107783,0.999965,-0.0920242742,-0.00844622124,-0.0220954698,0.999969661,0.083265014,0.427657604,-0.0833646506,0.580231071,-0.0799503103,0.343938679,-0.102536283,0.52772671,0.0777990893,0.777402103,0.0218229443,0.467502594,-0.0784016773,0.730222881,0.0299449638,0.447936684,0.0570430085,0.811871,0.0363307,0.169432059,-0.0757407546,0.7644912,0.000110638728,0.139777228,0.0761714354,0.815389574,-0.0223956779,0.479682356,-0.0979520753,0.756954,-0.0897739753,0.427245289
9800.000000000002,-0.00840761047,-0.605365455,-0.12239553,0.999698222,0.00774774468,-0.622530222,-0.111359917,0.999474645,0.0110597583,-0.623550594,-0.10048531,0.999264657,0.00913886726,-0.623079956,-0.104816675,0.999562085,-0.013988195,-0.634797454,-0.119703,0.99972254,-0.0125926035,-0.632403731,-0.131650165,0.999734223,-0.00904821604,-0.621622,-0.113158904,0.99985379,0.0790697858,-0.601573765,-0.0162018705,0.999331951,-0.0639294311,-0.568259716,-0.00610365858,0.999310732,0.0312724859,-0.592537224,-0.0769292712,0.99934268,-0.00933078863,-0.559244394,-0.101746254,0.999366283,0.169445261,-0.430139542,0.0863057,0.99992764,-0.115092203,-0.501389384,0.122329958,0.999948263,0.194464117,-0.255889118,0.0328846499,0.638829529,-0.105419941,-0.244733,0.0341312252,0.802588701,0.034076456,-0.226731256,-0.0258237347,0.592178345,0.0427133404,-0.186202452,-0.0791997,0.877406478,-0.0248565562,-0.226452693,-0.0319372043,0.558936715,0.117550798,-0.176806703,-0.136166021,0.838926315,-0.0463220477,-0.252426982,-0.0317077637,0.5445351,0.155368865,-0.236015305,-0.13170971,0.824009418,0.0212367922,-0.223890722,-0.0237422585,0.452754527,0.0679518804,-0.205181599,-0.0856695,0.742184341,0.0936979651,0.00453797914,0.0256442782,0.999964952,-0.0919317752,-0.00809205603,-0.0230842363,0.999969,0.0838971734,0.426071554,-0.0738012046,0.593930364,-0.0799433216,0.34305656,-0.0960949957,0.540571392,0.0778356045,0.777312,0.0501752645,0.488956839,-0.078621611,0.72948575,0.0567597188,0.466880918,0.0570545793,0.811788261,0.0670923069,0.180114359,-0.0760301054,0.763465941,0.0297064371,0.146020561,0.0747351795,0.815706491,0.0099260984,0.500903547,-0.0971499309,0.75718981,-0.0547050051,0.4440943
9816.666666666668,-0.0101324059,-0.605536461,-0.142953515,0.999715745,0.0066230162,-0.622933,-0.132185474,0.9994995,0.00992285833,-0.623915672,-0.121217966,0.999301851,0.00792176463,-0.623443842,-0.125598,0.999583,-0.0154393706,-0.635189176,-0.140712753,0.999734879,-0.0140026612,-0.632805347,-0.152826697,0.999746799,-0.0104024187,-0.621997714,-0.13421692,0.999859273,0.0767048,-0.603287,-0.034460254,0.999368906,-0.0659913421,-0.570281327,-0.0256288871,0.999340653,0.0293912776,-0.593077123,-0.0966127366,0.999389946,-0.0110144773,-0.559987724,-0.121738277,0.999411225,0.169225022,-0.43456161,0.0724803805,0.999931931,-0.121308066,-0.503859699,0.105519265,0.999950051,0.196903646,-0.255935609,0.0198706686,0.665284455,-0.114762351,-0.244692817,0.0219244119,0.813048,0.0353535935,-0.224314302,-0.0457945839,0.623236716,0.0304576214,-0.173464015,-0.0925359875,0.882372618,-0.0241832025,-0.221730292,-0.0545176305,0.592149675,0.104238048,-0.158356205,-0.151332781,0.845405,-0.0468889773,-0.250252694,-0.055825308,0.579076171,0.144989222,-0.217225194,-0.148583472,0.8314448,0.0217181742,-0.221696019,-0.044402197,0.490093142,0.0569177493,-0.191263333,-0.0998993516,0.75169605,0.0937040299,0.00404617051,0.0267869383,0.999964833,-0.0919353068,-0.00746099278,-0.024165459,0.99996829,0.0836690292,0.425029248,-0.0679228902,0.608893335,-0.0813004673,0.342353761,-0.0915474072,0.554652452,0.0753422305,0.773655951,0.0669089332,0.509525418,-0.0846993476,0.727222264,0.0711557865,0.486330658,0.0540220104,0.807689369,0.0849098489,0.191817284,-0.082869336,0.760556757,0.0451647602,0.153567478,0.0704771951,0.813711286,0.0291330982,0.520597219,-0.101472318,0.756501615,-0.0371641703,0.460439324
9833.333333333334,-0.0111475922,-0.606267512,-0.145238921,0.999730408,0.00551033299,-0.624145508,-0.134627491,0.999516189,0.00888143,-0.624981046,-0.123642981,0.999327123,0.00685050432,-0.624572933,-0.128336087,0.999595106,-0.016418498,-0.636223495,-0.144036248,0.999744236,-0.0148853539,-0.633797824,-0.156231329,0.99975729,-0.0112266615,-0.623003721,-0.13743107,0.999863863,0.0727712288,-0.606800377,-0.038964957,0.999392033,-0.067323409,-0.573395669,-0.0324988253,0.999369502,0.0276671,-0.594718,-0.0991026759,0.999429643,-0.0119546931,-0.561564,-0.125212461,0.99945116,0.167845324,-0.440076143,0.0714678764,0.999935329,-0.123513393,-0.508537352,0.0944568068,0.999952793,0.19910112,-0.255988121,0.0184042174,0.684846044,-0.122650534,-0.244741321,0.0176222865,0.825399041,0.0435099341,-0.218231991,-0.055346366,0.648243964,0.0241989903,-0.153182834,-0.0892979503,0.890553355,-0.0147141786,-0.212985098,-0.0662502423,0.619991183,0.097648114,-0.131887808,-0.148580924,0.855905473,-0.0413107909,-0.243022725,-0.0684527531,0.608216047,0.141798198,-0.190262958,-0.146602467,0.843107402,0.0287713315,-0.215598807,-0.0550947562,0.520862639,0.0519010313,-0.169569567,-0.0970925167,0.767364264,0.0934773684,0.00375066488,0.0285957977,0.999963582,-0.0916868299,-0.00715935603,-0.0260318778,0.999967158,0.0835853592,0.425028145,-0.0621758886,0.614896595,-0.0833914876,0.341553301,-0.0899561569,0.561734736,0.0725755319,0.7737239,0.0596986562,0.522877693,-0.0897778496,0.727394819,0.0649462,0.499065936,0.0508353896,0.807739,0.0761056,0.20119682,-0.0882274136,0.76076138,0.0379590392,0.158880547,0.0699168518,0.813799441,0.0198426954,0.534160733,-0.106567867,0.757091761,-0.0466266461,0.47090441
9850.0,-0.0130200461,-0.606822848,-0.156445593,0.999744713,0.00422519911,-0.624777615,-0.145441294,0.999533832,0.00763708027,-0.625505447,-0.134447604,0.999353051,0.00560173672,-0.625113,-0.139164522,0.999608099,-0.0178661644,-0.636735,-0.154503837,0.999753952,-0.0162492935,-0.634315789,-0.166832596,0.9997679,-0.0125006428,-0.623566628,-0.147848949,0.999868751,0.071615845,-0.60734,-0.0497547798,0.999415219,-0.0680260956,-0.574234605,-0.0405095182,0.999397695,0.0257448927,-0.595357597,-0.110443704,0.999468505,-0.013415833,-0.562338531,-0.135975301,0.999490142,0.167829052,-0.44054994,0.0630711615,0.999938369,-0.125724956,-0.508779109,0.0868511945,0.999955237,0.204501778,-0.255349904,0.00813285168,0.70423919,-0.127164036,-0.243413806,0.0152716236,0.837213576,0.0482606366,-0.207638204,-0.0699262396,0.671955347,0.0164904501,-0.135170609,-0.0909384191,0.898435116,-0.0101321349,-0.199215695,-0.0831070542,0.645948946,0.0886883,-0.111094363,-0.151901752,0.865932465,-0.039789781,-0.229504347,-0.0860551894,0.635355055,0.135350779,-0.168820456,-0.151644111,0.854261875,0.0320259221,-0.204001546,-0.0703425407,0.549705327,0.0451864339,-0.150290564,-0.0997403413,0.782522321,0.0934619382,0.00352274324,0.0293706972,0.999963403,-0.0916687846,-0.00694715139,-0.0268567298,0.999967039,0.0836157128,0.425073326,-0.0561423376,0.623210788,-0.085026525,0.341505617,-0.0840247124,0.57206,0.0725706741,0.775368273,0.0609242171,0.539841533,-0.0916695297,0.729446888,0.0624637231,0.516925275,0.0508130379,0.8096506,0.0764545351,0.2119499,-0.0901127,0.762999594,0.0345862806,0.1667023,0.0708059147,0.816434622,0.0180668347,0.551133,-0.109081805,0.760665178,-0.0515710264,0.487062931
9866.666666666666,-0.0130041772,-0.607037,-0.165223,0.999746442,0.00428943383,-0.625100553,-0.154822782,0.999516547,0.00771009456,-0.625747,-0.143712431,0.999331892,0.00567827048,-0.62537241,-0.148511618,0.999587595,-0.017804388,-0.637029231,-0.164055407,0.999748766,-0.0161692686,-0.634607,-0.176334292,0.999766946,-0.0124124791,-0.623836815,-0.157325357,0.999867082,0.0714875162,-0.608058512,-0.0593513399,0.999391735,-0.0680065081,-0.575335264,-0.051212512,0.999403477,0.0257096346,-0.59585923,-0.119022153,0.999486089,-0.0133942859,-0.562904835,-0.144893408,0.999514,0.167935193,-0.441121668,0.0542834774,0.999939203,-0.126535624,-0.509910524,0.0796277,0.999957383,0.207068,-0.249919325,0.0023908806,0.713745415,-0.129684,-0.240844414,0.0163088553,0.847740889,0.0563702732,-0.184732586,-0.0747130886,0.681388736,0.0101798773,-0.12049745,-0.0878465325,0.905867279,-2.36573396e-005,-0.173139811,-0.0875291824,0.659182072,0.081213437,-0.0944388807,-0.149209827,0.875590086,-0.0310306661,-0.203549877,-0.0922115,0.649884,0.129525676,-0.152510136,-0.15011245,0.864999175,0.0400862172,-0.180478737,-0.0758727193,0.563205779,0.0394237861,-0.135503143,-0.0973741934,0.797237039,0.0934260339,0.0034444686,0.02949352,0.999962151,-0.0916267112,-0.00688502379,-0.0270072687,0.999966502,0.083678782,0.425831825,-0.0529548153,0.625465155,-0.0861268789,0.341250867,-0.0785495341,0.575674474,0.0726807639,0.779519081,0.059316881,0.551930368,-0.091828,0.732031345,0.0600497946,0.529938221,0.0509063825,0.814071774,0.0741115808,0.219467342,-0.0901654139,0.765987277,0.0317621604,0.172224477,0.0713575631,0.819518089,0.0147263268,0.562406421,-0.110099055,0.762972534,-0.0539723188,0.497694165
9883.333333333332,-0.0132412454,-0.610704541,-0.172417283,0.99974376,0.00424705585,-0.628916681,-0.162785381,0.999488175,0.00765588693,-0.629440963,-0.151623935,0.999299,0.00564353075,-0.629054308,-0.156421021,0.999559581,-0.0178194568,-0.64099282,-0.171980739,0.999737859,-0.0161858201,-0.638615787,-0.184148371,0.99976176,-0.0124218361,-0.62768209,-0.165261716,0.999862611,0.0708471537,-0.611035109,-0.0686768293,0.999361038,-0.0679845139,-0.579515815,-0.0605327561,0.999399185,0.0250993092,-0.599358916,-0.126744598,0.999497533,-0.0135297691,-0.566850543,-0.152433932,0.999531746,0.167725086,-0.443783134,0.0442088582,0.999939859,-0.128476664,-0.510747254,0.0732926428,0.999958634,0.210011765,-0.249425545,-0.00253957789,0.722842038,-0.131611615,-0.234625071,0.015958637,0.856766403,0.0627383292,-0.167261809,-0.0780754685,0.691366732,-0.00168256229,-0.113091052,-0.0866296,0.912669957,0.00814091694,-0.149973854,-0.0913655311,0.672806323,0.0665692613,-0.0877161771,-0.147547528,0.884635091,-0.0257283393,-0.178795353,-0.0971261486,0.664903581,0.113156594,-0.146548942,-0.150071278,0.875081837,0.0455834568,-0.16125375,-0.0799162164,0.578318536,0.0265530497,-0.128768429,-0.0969510153,0.811287403,0.0934280455,0.00335758738,0.0295017213,0.999961078,-0.091625,-0.00680193352,-0.0270229466,0.999965668,0.083734639,0.426748782,-0.0524415672,0.626819,-0.0862448439,0.341233611,-0.0746688843,0.576476634,0.0728840604,0.781050086,0.0600570403,0.562748,-0.0918874294,0.732500672,0.0645470694,0.539815605,0.051086951,0.815656,0.0744862482,0.225762159,-0.0902005807,0.766462386,0.0360532403,0.175748959,0.0714065284,0.821499288,0.0134032741,0.572987,-0.109919667,0.764252543,-0.0521728359,0.505913794
9899.999999999998,-0.0129457023,-0.617596269,-0.182698399,0.999748826,0.00475756498,-0.636231303,-0.172640741,0.999481559,0.00811152346,-0.636567891,-0.161280572,0.999292254,0.00614910573,-0.636213481,-0.16625683,0.99954921,-0.0173662137,-0.648266137,-0.182885259,0.999737561,-0.0157356709,-0.64584887,-0.19503665,0.999764323,-0.0119200861,-0.634662569,-0.176081657,0.999862909,0.0706586465,-0.61760807,-0.0777879953,0.999349654,-0.0679640472,-0.585805178,-0.0733749866,0.999411285,0.0251212772,-0.60622853,-0.136554614,0.999513149,-0.0133114504,-0.573590219,-0.163270488,0.999552488,0.167518318,-0.448916078,0.0381606407,0.99993968,-0.128782794,-0.513490856,0.0581834428,0.999959767,0.212159544,-0.249630675,-0.00323239807,0.72717315,-0.135455444,-0.234561801,0.00347489072,0.865708411,0.0684368387,-0.160121039,-0.0734730661,0.696209967,-0.0156041672,-0.106951691,-0.0910850316,0.918937624,0.0145117743,-0.139883429,-0.0856095329,0.682214677,0.0490558073,-0.077767536,-0.151504278,0.892932236,-0.0207570512,-0.168066114,-0.0927583724,0.675765634,0.0971041471,-0.134668499,-0.155303493,0.884325385,0.0508426,-0.153296649,-0.0759159699,0.589310646,0.0122988746,-0.121237174,-0.102271572,0.824356079,0.0932940692,0.00318609504,0.0298972838,0.99995935,-0.0914677158,-0.00664130971,-0.0274863187,0.999964356,0.0845990255,0.426731527,-0.0486855954,0.62896347,-0.0861808285,0.340320826,-0.0694935098,0.574909627,0.0729492232,0.783185184,0.0581694245,0.577607274,-0.0917222127,0.734501302,0.0652225465,0.551627696,0.0511717647,0.818101764,0.0728582,0.236813486,-0.0899955109,0.768860519,0.0360907502,0.181804046,0.071531482,0.823283434,0.0118747316,0.587457538,-0.109769955,0.766812861,-0.0525924452,0.516506612
9916.666666666664,-0.0129378242,-0.622223318,-0.202526212,0.999746501,0.00497480249,-0.640432954,-0.191744879,0.99945581,0.00827658363,-0.640690923,-0.180418521,0.999263346,0.00634646881,-0.640295565,-0.18520911,0.99952364,-0.01728753,-0.652233899,-0.201701492,0.999726236,-0.0156728569,-0.649949491,-0.213965014,0.999758303,-0.0118065607,-0.638663709,-0.194894537,0.999857306,0.0707136616,-0.620189965,-0.0939372182,0.999322474,-0.0679452717,-0.588246405,-0.0886705145,0.999401867,0.0251273774,-0.610190868,-0.155702919,0.999525845,-0.0132925268,-0.577789366,-0.18207863,0.999569416,0.167720333,-0.450205,0.0250380505,0.999939799,-0.130369782,-0.514185846,0.0466720462,0.99996,0.215099812,-0.249759704,-0.0109154321,0.737077653,-0.139705837,-0.232915133,-0.000650994305,0.873224676,0.0771429762,-0.151865795,-0.0850029513,0.710152268,-0.0297287963,-0.0981739312,-0.0971601531,0.924657285,0.0247182306,-0.12831,-0.100188524,0.69923538,0.0319298506,-0.0664607435,-0.158181787,0.900618255,-0.0139662717,-0.156407237,-0.109140195,0.694083631,0.0796300918,-0.123234563,-0.165495768,0.892943799,0.0581069365,-0.143778935,-0.0886138305,0.609606147,-0.00185384031,-0.111612856,-0.109843582,0.836642146,0.0934473053,0.00310580665,0.0304700099,0.999958515,-0.0915892348,-0.00655044615,-0.0281059556,0.999963403,0.0871355683,0.426686466,-0.0439732522,0.639343262,-0.0855165794,0.340070665,-0.0652746484,0.584406495,0.0734725669,0.783638418,0.0726029053,0.600256383,-0.0920132473,0.734463751,0.0818534717,0.572520435,0.0514645763,0.818785965,0.0872573927,0.254757732,-0.090534091,0.768794775,0.0543433763,0.193424776,0.0717085227,0.826511,0.0197771676,0.608899355,-0.109643348,0.768056691,-0.037666671,0.536012769
9933.33333333333,-0.0140139442,-0.624962509,-0.21833393,0.999754369,0.00471402518,-0.643119514,-0.207760558,0.999462605,0.00794939604,-0.643296182,-0.196437925,0.999276221,0.00607639505,-0.642999411,-0.201151341,0.999528408,-0.0177654941,-0.654792726,-0.217149094,0.999729216,-0.0161305964,-0.652594686,-0.229713634,0.999762893,-0.0122039542,-0.64130336,-0.210439548,0.999858499,0.0707482919,-0.621557951,-0.110220388,0.99933517,-0.0679248869,-0.589768887,-0.101733275,0.999415874,0.0242695939,-0.612180412,-0.171632499,0.999553144,-0.0138625531,-0.580144763,-0.197372824,0.999596357,0.167929307,-0.449745148,0.0119477827,0.999941528,-0.132191941,-0.514417171,0.0343599,0.99996084,0.215901345,-0.24786447,-0.0267155562,0.752892077,-0.147098571,-0.230279386,-0.0102635752,0.881483257,0.0873576924,-0.142038628,-0.112838119,0.730708718,-0.0415851958,-0.0814300254,-0.111979946,0.930021226,0.0384133272,-0.11662209,-0.132361323,0.721467793,0.0189182758,-0.0444583669,-0.174118266,0.907700539,-0.002521866,-0.144420162,-0.143109575,0.717305124,0.0680776238,-0.0997619,-0.184138253,0.90090692,0.0678594708,-0.13310422,-0.117762819,0.637004137,-0.0125521,-0.0929641351,-0.126114011,0.848142147,0.0937354565,0.00305372872,0.0315523,0.999958277,-0.091855146,-0.00650328072,-0.029275924,0.999963045,0.0881502926,0.426986724,-0.0353310257,0.651717365,-0.0849952474,0.339219213,-0.0629435778,0.60112524,0.0736943856,0.784465134,0.0910842,0.623768508,-0.0920246243,0.734446,0.0905076563,0.596731246,0.0515654907,0.819797873,0.106385946,0.273928732,-0.0905376375,0.76875788,0.0638150722,0.207692564,0.0717523918,0.829135776,0.0329313911,0.631876,-0.105726019,0.770822644,-0.0322942436,0.559721053
9949.999999999996,-0.0143575044,-0.625114202,-0.239505172,0.999768257,0.00468699634,-0.643156409,-0.22882846,0.999488771,0.00790279265,-0.643287957,-0.217384353,0.99931252,0.00604940252,-0.643048763,-0.222009942,0.99955076,-0.0179571416,-0.654649436,-0.238304332,0.999741733,-0.0162983425,-0.65248847,-0.251048416,0.999774396,-0.0123456037,-0.64124459,-0.231479645,0.999864399,0.070898436,-0.621347845,-0.129552707,0.999367476,-0.0678998157,-0.58913,-0.120693646,0.99944216,0.0240697302,-0.612193942,-0.192253202,0.99958533,-0.0139667597,-0.580075085,-0.217938453,0.999626338,0.168049,-0.449306756,-0.00397551432,0.99994415,-0.133106217,-0.514138103,0.0187834706,0.999961853,0.215871513,-0.24709852,-0.0384300835,0.767926693,-0.149917334,-0.223935366,-0.0250494815,0.8886289,0.0921057165,-0.132855743,-0.123253226,0.749743462,-0.0488953628,-0.0678447,-0.13018164,0.934348762,0.044437997,-0.104901627,-0.143538877,0.74178946,0.0100478334,-0.0292884596,-0.193040118,0.913369536,0.00201600324,-0.132162973,-0.155616224,0.73856926,0.0582726747,-0.0838728175,-0.204994634,0.907421649,0.0721324086,-0.12274494,-0.128752559,0.662136137,-0.0200268105,-0.0785160661,-0.145474046,0.857421815,0.0938537121,0.00291633862,0.0323445797,0.999958694,-0.0919621438,-0.00638465164,-0.0301244147,0.999963224,0.0891318172,0.426882,-0.0265291706,0.661337674,-0.0847513601,0.337641,-0.0587340705,0.615817606,0.0741185844,0.78444308,0.102037638,0.645132601,-0.0919578224,0.734606862,0.0933056697,0.620433807,0.0518431254,0.819805443,0.117248282,0.291639686,-0.0904589891,0.768897593,0.0664906,0.223526761,0.0718130246,0.829900324,0.0411320627,0.653491437,-0.101464577,0.773978412,-0.0315516181,0.583907545
9966.666666666662,-0.0142750731,-0.624456525,-0.257887572,0.999780655,0.00489375414,-0.642475486,-0.247728348,0.999512255,0.00807586499,-0.642708778,-0.236120149,0.999346077,0.00627552345,-0.642425179,-0.240694255,0.999571741,-0.0178853944,-0.65425086,-0.257460266,0.999752402,-0.0161990952,-0.65201503,-0.270380408,0.999784231,-0.012225193,-0.640807331,-0.250563741,0.999869287,0.0711486936,-0.620915413,-0.147880524,0.999399483,-0.0675397888,-0.58829987,-0.139567897,0.999464273,0.0241758469,-0.611675382,-0.21015121,0.999616265,-0.0136439521,-0.579492152,-0.236323789,0.999654531,0.168648928,-0.449078828,-0.0205859598,0.99994719,-0.134118319,-0.512435138,0.00654333783,0.999962866,0.21547918,-0.245689407,-0.0522078201,0.78503871,-0.15369229,-0.217888847,-0.0312734433,0.89610374,0.0945772752,-0.125282481,-0.138163924,0.770195663,-0.0567999519,-0.0545158498,-0.136029303,0.93860054,0.0477047302,-0.0958518758,-0.160247192,0.762934089,0.00114284025,-0.0135834645,-0.198702425,0.918820679,0.00398699101,-0.123273425,-0.173656657,0.760426641,0.0489846282,-0.0666662231,-0.212430373,0.913662136,0.0740776956,-0.114460938,-0.144462124,0.688734949,-0.0276787505,-0.0639325753,-0.152229369,0.866448343,0.0939789042,0.00285011833,0.0325108394,0.999959171,-0.0920822769,-0.00633651763,-0.0303346422,0.999963462,0.0892058164,0.426713467,-0.0231413059,0.674582779,-0.084546037,0.336162597,-0.0535042956,0.634236574,0.074828051,0.784683764,0.10755185,0.667536795,-0.0920361727,0.736099958,0.0956641734,0.646051,0.0525717,0.82023859,0.12278115,0.311374456,-0.0905997157,0.770590603,0.0687588528,0.24425225,0.0718525797,0.831595063,0.0437424146,0.676256835,-0.100725062,0.778423548,-0.0320051,0.610927
9983.333333333328,-0.0140724266,-0.623595893,-0.278309494,0.999794722,0.00546842162,-0.641686499,-0.269239634,0.999541938,0.00860891584,-0.641624093,-0.257453501,0.999387145,0.00690231891,-0.641489148,-0.262052685,0.999597967,-0.0175139401,-0.652656615,-0.27823016,0.999766469,-0.0157825649,-0.650538504,-0.29122448,0.999796748,-0.0117654745,-0.639228284,-0.271210164,0.999876201,0.0728662834,-0.62001121,-0.170356289,0.999437451,-0.0656148419,-0.585220575,-0.158535659,0.999493718,0.0246268045,-0.610535145,-0.2307408,0.999646962,-0.0128134694,-0.578216195,-0.256022155,0.999682367,0.17089349,-0.447411627,-0.0414884165,0.999950409,-0.133995444,-0.508696198,-0.00489439163,0.999964297,0.21484296,-0.241305038,-0.072090596,0.801529646,-0.153586581,-0.212216258,-0.0347357504,0.903408,0.0977687463,-0.108592749,-0.155579314,0.789386272,-0.0609414801,-0.0422564782,-0.135814875,0.94284153,0.0527953245,-0.075985454,-0.177625269,0.782625198,-0.00432127621,0.00108505669,-0.197204769,0.924211144,0.00873499271,-0.100385994,-0.19205524,0.780694962,0.0434403718,-0.0492934436,-0.212140888,0.919746161,0.0773092061,-0.0955810621,-0.162244543,0.713633358,-0.0316716433,-0.0500706956,-0.152675,0.875414,0.0940896645,0.00283485604,0.0323618,0.999960423,-0.0921855122,-0.00632178271,-0.0302348044,0.999964535,0.0895492882,0.426960081,-0.0217006616,0.68992722,-0.0840044,0.33587724,-0.0458019748,0.653741121,0.0756884143,0.78539747,0.11079444,0.69080323,-0.0916971341,0.738683701,0.0999153703,0.67215,0.0534548759,0.821101665,0.125924602,0.335538179,-0.0903689936,0.77336055,0.0728080347,0.270034015,0.071885772,0.833555043,0.0454673283,0.699843168,-0.10017436,0.782527864,-0.0300648473,0.639209807
9999.999999999995,-0.0139362812,-0.62275219,-0.290776163,0.999810815,0.00601727888,-0.640960336,-0.282486,0.999577165,0.00910446141,-0.640612364,-0.270628959,0.999434769,0.00747860223,-0.640641034,-0.275208503,0.999628663,-0.0171707794,-0.651496291,-0.291003,0.999783933,-0.0153877633,-0.649427772,-0.303896636,0.999812,-0.0113430833,-0.638027787,-0.283846051,0.999885082,0.0750745311,-0.619075537,-0.184496611,0.999480426,-0.0634548366,-0.582967162,-0.170290396,0.999530137,0.0250646528,-0.609494507,-0.243314534,0.999677181,-0.012067114,-0.576986,-0.267921716,0.999709785,0.172327727,-0.44627431,-0.0523560159,0.999953687,-0.13239035,-0.505745292,-0.0133356526,0.999966,0.214336887,-0.237683952,-0.0754507929,0.816508,-0.152953401,-0.20756039,-0.0424000137,0.909954965,0.100888766,-0.094013,-0.148800582,0.80653441,-0.0639437586,-0.0351682715,-0.142880037,0.94661063,0.0570829213,-0.0585740507,-0.168410137,0.800102293,-0.0083568,0.00885772239,-0.203193441,0.928991,0.0142923128,-0.0804155469,-0.182990223,0.79871124,0.0396049023,-0.0402876213,-0.218747199,0.925146341,0.0810057148,-0.0793687254,-0.15503493,0.735857904,-0.0345869437,-0.0423883907,-0.160140425,0.883423746,0.0940977558,0.00282047084,0.0322503336,0.999961555,-0.092192322,-0.00630790228,-0.0301641654,0.999965549,0.0901488215,0.426973373,-0.0195172634,0.704992712,-0.0838080198,0.334592432,-0.0416570641,0.671949685,0.0783961192,0.78546083,0.109625585,0.712961078,-0.0915214643,0.739790142,0.100298636,0.696386039,0.0562701635,0.82117641,0.1242382,0.360703468,-0.0902269706,0.774578393,0.0728250593,0.294919521,0.0721160918,0.833552301,0.0438438505,0.722295284,-0.0992936715,0.784355283,-0.0301526133,0.665772
10016.66666666666,-0.0124391532,-0.618617773,-0.327954948,0.999826252,0.00838205,-0.637090325,-0.320246756,0.999611497,0.01136884,-0.636227667,-0.308131069,0.999481201,0.00985059142,-0.636523426,-0.312602222,0.999658763,-0.0155325681,-0.647174716,-0.329283446,0.999800801,-0.0135988286,-0.645029664,-0.342392594,0.99982661,-0.00954691321,-0.633683622,-0.321920276,0.999893546,0.0789125785,-0.615591943,-0.219301209,0.999522626,-0.0614974946,-0.57828933,-0.20693,0.999564528,0.0268778261,-0.60552305,-0.279050946,0.999705136,-0.0101556648,-0.572857201,-0.304314941,0.999734879,0.173872933,-0.444931358,-0.0809252262,0.999956965,-0.130237728,-0.50104332,-0.0419447906,0.999967396,0.213982835,-0.235946864,-0.0935656354,0.831122696,-0.151936114,-0.200824022,-0.0673692077,0.915419698,0.10231407,-0.085230276,-0.15511319,0.822470367,-0.0620052181,-0.0248767659,-0.163588628,0.949287534,0.058443848,-0.0476380363,-0.172557786,0.816116095,-0.0063146404,0.0201349203,-0.2230286,0.932311952,0.0164923687,-0.06828814,-0.188149616,0.815193892,0.0415448919,-0.0290304627,-0.238711625,0.9291026,0.0827011541,-0.0693184659,-0.161162,0.756367147,-0.0325637497,-0.0320295319,-0.181059331,0.88926059,0.0940671191,0.00275081443,0.0322463587,0.999962568,-0.0921572074,-0.00625340827,-0.0301805921,0.999966204,0.0916567445,0.426690102,-0.0137705747,0.719307601,-0.0831332,0.331120342,-0.0424070098,0.689818203,0.0826978087,0.785215,0.112978555,0.734178245,-0.0895272,0.739318788,0.098122634,0.719266713,0.0610042624,0.820959568,0.127206787,0.387812704,-0.0879692733,0.774008751,0.07052017,0.320550829,0.0748875663,0.833430827,0.0458330363,0.743644178,-0.0938046,0.78390193,-0.0309694745,0.690968454
10033.333333333327,-0.0119714569,-0.614901304,-0.340072483,0.99984,0.00929511618,-0.633176386,-0.332962871,0.999642313,0.0121575706,-0.632097721,-0.320802867,0.999522805,0.0107314596,-0.632503688,-0.325119555,0.999685884,-0.0149703585,-0.642821789,-0.341459781,0.999815762,-0.0129870884,-0.640734792,-0.354645282,0.999839544,-0.00888865,-0.629319847,-0.334234565,0.999901056,0.080927968,-0.612544954,-0.231614783,0.999560833,-0.0601982,-0.574050784,-0.21788466,0.999594629,0.0276654083,-0.60197407,-0.291110069,0.999730825,-0.00923015922,-0.569193184,-0.316002071,0.999757826,0.175473049,-0.442830801,-0.0894826055,0.99996,-0.129586861,-0.497600108,-0.0502375662,0.999968708,0.213703379,-0.232001632,-0.0979996398,0.844770849,-0.152260229,-0.195159703,-0.0762907565,0.920767784,0.10466399,-0.0739651471,-0.15948236,0.837524414,-0.0680215582,-0.0227379072,-0.181898937,0.952131391,0.0615202636,-0.0348383449,-0.177919716,0.831196547,-0.0139373681,0.0207997262,-0.242657959,0.935877323,0.0197583102,-0.0540301464,-0.194485113,0.830657244,0.0340276919,-0.0285979938,-0.258639187,0.933223784,0.0850642696,-0.0568064563,-0.165871739,0.775707424,-0.0384250954,-0.0299389791,-0.19971095,0.895313799,0.0940675735,0.00271039829,0.0322683118,0.999963462,-0.092158556,-0.00622053584,-0.0302270446,0.9999668,0.0922333747,0.426693112,-0.0114904754,0.733587623,-0.0825431794,0.331212252,-0.0328791365,0.705937386,0.0838313177,0.784546077,0.11804074,0.753722966,-0.0895179,0.738833,0.118680537,0.739691913,0.0622102804,0.820245385,0.132762894,0.412471175,-0.087969996,0.773201048,0.0925568044,0.341633022,0.0749745369,0.833343625,0.0489855595,0.763462305,-0.0912703946,0.783664525,-0.0111287599,0.713514566
10049.999999999993,-0.0116445962,-0.610381603,-0.354901642,0.999853373,0.0101767257,-0.628486276,-0.347918868,0.999672234,0.0129596256,-0.627237082,-0.335694045,0.999562919,0.0116019491,-0.627732337,-0.33998844,0.99971205,-0.0145092662,-0.638139784,-0.356242031,0.999830544,-0.0124999154,-0.636060774,-0.369454503,0.999852359,-0.00836544205,-0.6246351,-0.348939747,0.999908626,0.0832455382,-0.608176768,-0.244721979,0.999597549,-0.0594330877,-0.57000947,-0.230478913,0.999625087,0.0282836445,-0.597533584,-0.305280864,0.999754906,-0.00870343763,-0.564983487,-0.329975426,0.999779403,0.176807418,-0.439572513,-0.0994186,0.999962926,-0.129274711,-0.494032234,-0.0600464642,0.999970138,0.213518187,-0.227555886,-0.104661569,0.857455134,-0.152096182,-0.191085681,-0.0867101103,0.926029921,0.107915662,-0.0602948591,-0.164455831,0.851413131,-0.0721677,-0.0178574622,-0.194215983,0.955236912,0.0658013821,-0.0182083976,-0.182855338,0.845086157,-0.0198332258,0.0262888297,-0.254957795,0.939769089,0.0230955426,-0.0346352272,-0.200178549,0.844859242,0.0281551462,-0.0214600638,-0.271275431,0.937576,0.0879609659,-0.0411873274,-0.170993254,0.79358077,-0.0426712669,-0.0241713561,-0.212204367,0.901803136,0.0941042751,0.00266539445,0.0323315188,0.999964595,-0.0921933725,-0.00618531555,-0.0303239673,0.999967635,0.0932708,0.42672196,-0.00952484831,0.747695267,-0.0821235701,0.331290394,-0.0316301063,0.722306609,0.0852064565,0.78384465,0.121888436,0.772351265,-0.0896959826,0.738509417,0.122265384,0.759276211,0.0635999,0.819500923,0.136814103,0.437285453,-0.0882293656,0.772623122,0.0963810906,0.363663971,0.075809,0.833276272,0.0515485741,0.782175183,-0.0904300734,0.783614933,-0.00825997721,0.735149145
10066.666666666659,-0.0116378115,-0.607573867,-0.364172906,0.999866,0.0103576565,-0.625485,-0.35788703,0.999700606,0.0130915176,-0.624209464,-0.345549047,0.999600828,0.0117633045,-0.624712586,-0.349770129,0.999736786,-0.0144503489,-0.635431647,-0.365684181,0.999844909,-0.0124454712,-0.633370042,-0.378926337,0.999864817,-0.00828707218,-0.621875226,-0.358343571,0.999916196,0.0840648413,-0.604842126,-0.255421221,0.999632239,-0.0590816177,-0.567720771,-0.240162253,0.999655843,0.0283349194,-0.594559073,-0.314761728,0.999777317,-0.00864522345,-0.562456071,-0.339108616,0.999799609,0.177108,-0.436015069,-0.11008054,0.999965668,-0.129250586,-0.492416292,-0.0669410899,0.999972,0.212396771,-0.222472221,-0.109492064,0.868982315,-0.152222469,-0.189461187,-0.0938753709,0.931562066,0.108909234,-0.0467980877,-0.162777513,0.86388129,-0.0752268583,-0.0173061043,-0.205870286,0.95884788,0.067906335,-0.0031441024,-0.179850608,0.857477248,-0.0240478683,0.0258222856,-0.267719567,0.944435477,0.0252528656,-0.0172359422,-0.197467506,0.857542515,0.0245646443,-0.0211217962,-0.283676654,0.9425776,0.0891262591,-0.0262837857,-0.169118449,0.809561193,-0.0456095561,-0.0234623719,-0.223857656,0.909391582,0.0941373706,0.0026503955,0.0322594196,0.999965608,-0.0922392234,-0.00617622305,-0.0302711893,0.999968648,0.0936926156,0.426793039,-0.00678237714,0.760139287,-0.082083866,0.331537306,-0.0269216746,0.736904442,0.0855435804,0.781675339,0.134818479,0.788009524,-0.0905652046,0.737636626,0.135964558,0.776299298,0.0638399124,0.817083776,0.151095226,0.456490457,-0.0893339,0.771324337,0.111285403,0.381851822,0.0754223168,0.832758963,0.0675588921,0.798342347,-0.0906141475,0.783428431,0.00720475288,0.754262626
10083.333333333325,-0.0112644313,-0.60573,-0.369416803,0.999877453,0.010987903,-0.623647094,-0.363126099,0.999726236,0.0136562316,-0.622385144,-0.350649506,0.999635041,0.0123757012,-0.62288183,-0.354944408,0.999759138,-0.0140892453,-0.633732736,-0.371423185,0.999857843,-0.0121082366,-0.631665409,-0.38467,0.999876,-0.0079176547,-0.620120108,-0.364031047,0.999922931,0.0846150294,-0.603554249,-0.258802503,0.999663591,-0.0590555556,-0.566722,-0.246018,0.999683499,0.0286786892,-0.593015492,-0.3192105,0.999797285,-0.00836716685,-0.561016679,-0.34413141,0.99981761,0.177083045,-0.435141623,-0.113375656,0.999968052,-0.129239291,-0.492372513,-0.0704336539,0.999973476,0.210819095,-0.221020624,-0.109555587,0.879143715,-0.152632713,-0.190838188,-0.0968549,0.936386287,0.111004353,-0.0383667387,-0.158999458,0.874612033,-0.0789659694,-0.0187312178,-0.205844745,0.961892307,0.0713567063,0.00667954562,-0.175256535,0.867963433,-0.0290925261,0.024410272,-0.267071843,0.948304474,0.0292773396,-0.00496580638,-0.19284144,0.868348777,0.0195448473,-0.021164,-0.282566607,0.946769953,0.0917029083,-0.016483441,-0.165266559,0.823053718,-0.0496489666,-0.0244034659,-0.223587543,0.915720582,0.094118841,0.00263672019,0.0319749974,0.999966621,-0.0922226161,-0.00616537267,-0.0300326701,0.999969602,0.0936900824,0.426792502,-0.00487129111,0.774020255,-0.0819722489,0.331885874,-0.0218670368,0.751860797,0.0862862,0.779951692,0.137147233,0.803915858,-0.0907218754,0.737307549,0.142273948,0.793096483,0.0646181777,0.81524688,0.153364703,0.478837132,-0.0896345228,0.770830929,0.117566854,0.403998,0.0754207,0.831583,0.0707523748,0.814129353,-0.0910844654,0.783354819,0.0148362583,0.772863746
10099.99999999999,-0.0109143667,-0.604468,-0.374812514,0.999887407,0.0113837523,-0.622404456,-0.368362397,0.999748528,0.014012591,-0.621168375,-0.355863303,0.999664783,0.0127599817,-0.621637,-0.360175729,0.99977845,-0.013928771,-0.632461309,-0.377084762,0.999869049,-0.0119674746,-0.630377412,-0.390327364,0.999885738,-0.00776148355,-0.61879909,-0.369675159,0.999928772,0.0848384127,-0.60301137,-0.261888057,0.999690711,-0.0593134686,-0.565952122,-0.251094818,0.999707341,0.0290095694,-0.592111349,-0.323647797,0.999814868,-0.00819281768,-0.560036063,-0.349079043,0.999833465,0.177060992,-0.435049087,-0.114304833,0.999970078,-0.129352912,-0.492345721,-0.0739092082,0.999974728,0.209905952,-0.220750138,-0.109329194,0.887923598,-0.154201776,-0.191349596,-0.0982106775,0.94081974,0.113184638,-0.0376055203,-0.15786095,0.883961558,-0.0827778,-0.0190138482,-0.205712989,0.964696884,0.074109748,0.00669289054,-0.173566371,0.877093792,-0.033272624,0.0236463901,-0.266856283,0.951877177,0.0331021398,-0.00485489,-0.191572145,0.877807498,0.0154629294,-0.0215904377,-0.282097459,0.950627923,0.0943636596,-0.0157404263,-0.164207011,0.834808648,-0.0536081977,-0.0246777479,-0.22324796,0.921550751,0.0941153094,0.00262380834,0.0318143815,0.999967456,-0.0922195539,-0.00615391601,-0.0298971161,0.999970436,0.0938039199,0.426819,-0.0034362562,0.787950635,-0.0819464773,0.332752317,-0.0195609909,0.767161906,0.087003,0.777415514,0.14225,0.819007397,-0.0915906,0.736751199,0.149020344,0.809156775,0.0653222799,0.812442362,0.15894109,0.501246512,-0.0908427909,0.77002883,0.124925934,0.426848382,0.0754029453,0.829615533,0.0772773251,0.828888834,-0.0930945426,0.783005953,0.0227349233,0.790441215
10116.666666666657,-0.0107823182,-0.60277015,-0.389780253,0.999896824,0.0116401529,-0.620660543,-0.383289963,0.999769628,0.0142547246,-0.619398952,-0.370695382,0.999692857,0.0129774008,-0.619866371,-0.375087559,0.999796748,-0.0138877248,-0.630728781,-0.391933829,0.999879718,-0.011933364,-0.628635883,-0.405351728,0.999895,-0.00772436382,-0.617065609,-0.384453893,0.999934375,0.0854638591,-0.601735234,-0.274645686,0.999716163,-0.0595294535,-0.564791858,-0.263455153,0.99973011,0.0292359348,-0.590716183,-0.337659031,0.9998312,-0.00812925305,-0.558724403,-0.363140672,0.999848247,0.177401096,-0.434873879,-0.121278748,0.999971867,-0.129416794,-0.492356867,-0.0841003731,0.999976,0.209840685,-0.220862567,-0.114031605,0.896181643,-0.156888962,-0.192078128,-0.105839603,0.945276797,0.118074514,-0.0381568111,-0.163024023,0.892560482,-0.0834544152,-0.0186968539,-0.212991178,0.967397034,0.0795142576,0.00574000645,-0.178547323,0.885471761,-0.0327844024,0.0245967433,-0.275183469,0.955283821,0.0392932259,-0.00581726525,-0.198036984,0.88646841,0.0168833546,-0.0206001159,-0.290049553,0.954275668,0.0996230319,-0.0161049198,-0.169760376,0.845573127,-0.0536658838,-0.0240717418,-0.23056902,0.92706424,0.0941204429,0.00261138775,0.0318063647,0.999968231,-0.0922288522,-0.00614138832,-0.0298917368,0.99997133,0.0946376771,0.426718712,0.000284583715,0.801721036,-0.0821089298,0.332862169,-0.0155968089,0.782690287,0.0875188261,0.775140584,0.150971696,0.833293319,-0.0919253305,0.735728085,0.155871764,0.824495316,0.0657149702,0.809975564,0.1682733,0.52421385,-0.0912763253,0.768719137,0.132273927,0.451779097,0.0754402727,0.826934636,0.0875266865,0.842608392,-0.0945679471,0.781176627,0.0305367745,0.806983
10133.333333333323,-0.00982597843,-0.601824105,-0.396107465,0.999904931,0.0127454624,-0.619676292,-0.38927263,0.999787867,0.0153374644,-0.61839968,-0.376579672,0.999717057,0.01398768,-0.618846,-0.38101995,0.999812484,-0.0132647473,-0.62972945,-0.398266464,0.999888897,-0.0113521051,-0.627649963,-0.411771744,0.999902844,-0.00713573722,-0.616061389,-0.390758157,0.999939144,0.0863377,-0.600965381,-0.279279411,0.999738038,-0.0596151,-0.564094543,-0.269652337,0.999749243,0.0301265121,-0.589921117,-0.343570948,0.999845326,-0.00758827105,-0.557989895,-0.36947906,0.999861,0.177773178,-0.43478173,-0.125466228,0.999973238,-0.129466191,-0.492383093,-0.0898192599,0.999976873,0.209826961,-0.220557332,-0.118041158,0.902920246,-0.157113984,-0.192641661,-0.110434465,0.948967218,0.120149963,-0.0360552147,-0.166113108,0.898879826,-0.0831597671,-0.0195405707,-0.21399577,0.969544768,0.0815052912,0.00807955861,-0.181101337,0.891273558,-0.0322185867,0.0238067489,-0.275875449,0.957894385,0.0416783877,-0.00340561965,-0.201124743,0.892649114,0.0175180323,-0.0215862971,-0.290473551,0.957129419,0.101849481,-0.0137131233,-0.17300342,0.852868259,-0.0533926487,-0.0248844828,-0.231553838,0.931292474,0.0940988734,0.00258771167,0.0317642093,0.999969065,-0.0922135785,-0.00610949052,-0.029860653,0.999972224,0.0952746049,0.426237702,0.00364104472,0.814411521,-0.0817308053,0.332913369,-0.00854266156,0.796145558,0.0876467675,0.771793127,0.155000985,0.846472204,-0.0917258784,0.734106719,0.162836075,0.838480413,0.0658042878,0.80645,0.172333285,0.546973109,-0.0911762,0.766854227,0.139193669,0.476317376,0.0755438656,0.822913349,0.0924481452,0.855118,-0.0955305174,0.777862847,0.0383026078,0.821943462
10149.999999999989,-0.00813148636,-0.601694,-0.389609963,0.999912322,0.0144779943,-0.619574308,-0.382632613,0.999804258,0.0171136428,-0.61830163,-0.370013684,0.999738753,0.0157514364,-0.618752897,-0.374449939,0.99982655,-0.0119109182,-0.629683256,-0.391947746,0.999897182,-0.0100318268,-0.627593398,-0.405370325,0.999910057,-0.00582422689,-0.61602056,-0.384444237,0.999943495,0.087504074,-0.600973487,-0.272776425,0.999757349,-0.0595962778,-0.564185798,-0.264094949,0.999766827,0.0314907804,-0.589888334,-0.337109447,0.999857843,-0.00654662866,-0.557971895,-0.363293141,0.999872386,0.178007796,-0.43484661,-0.120778836,0.99997443,-0.12943542,-0.493192852,-0.0854125842,0.999977708,0.209818766,-0.220894009,-0.115373321,0.90866369,-0.157647803,-0.194056019,-0.107404098,0.952021241,0.121515684,-0.0362811945,-0.164369032,0.904260457,-0.0828314722,-0.0207153521,-0.210447907,0.971375,0.0828874409,0.00788881,-0.179434508,0.896168828,-0.0316898078,0.0226718802,-0.272284865,0.960141718,0.0429363661,-0.0031395827,-0.199049085,0.897933722,0.0182528682,-0.0226666816,-0.286640793,0.959604919,0.103251562,-0.0138759483,-0.171134,0.859043419,-0.053023342,-0.0260641575,-0.227881581,0.934895456,0.0939416587,0.00257853419,0.0317328461,0.999969423,-0.0920684785,-0.00610122737,-0.0298442394,0.999972701,0.0952775702,0.425561041,0.00536455214,0.82302314,-0.0810720623,0.331805557,-0.00880792551,0.805283308,0.0876299739,0.771154881,0.151348323,0.856954217,-0.0904628634,0.732442617,0.156896397,0.849586546,0.065787524,0.805793285,0.168094233,0.563534796,-0.089955844,0.765117764,0.132632911,0.492507726,0.0756774321,0.8182652,0.0881212354,0.865415573,-0.0953673422,0.771448612,0.0317362733,0.834043503
10166.666666666655,-0.00688532786,-0.60176158,-0.387017727,0.999918818,0.0156003861,-0.619644225,-0.379908353,0.999818563,0.0182431657,-0.618394434,-0.367336512,0.999757767,0.0168601405,-0.618836164,-0.371735841,0.999838829,-0.0109533025,-0.629766,-0.389392972,0.999904394,-0.00909492,-0.627674043,-0.402820528,0.999916315,-0.00488461787,-0.616109848,-0.381891459,0.99994725,0.0880673304,-0.601019859,-0.270541728,0.999774277,-0.0595521219,-0.564262807,-0.262343198,0.999781847,0.0325205922,-0.589944839,-0.334736854,0.999869049,-0.00563308876,-0.558011413,-0.361127138,0.999882519,0.178377405,-0.434867501,-0.119226694,0.999975502,-0.129398316,-0.493608,-0.0845406353,0.999978423,0.210734159,-0.221152052,-0.11485298,0.91372782,-0.157701388,-0.195565343,-0.107254565,0.954691529,0.124118179,-0.0373653546,-0.164285839,0.908804238,-0.0830062,-0.0218090173,-0.210191295,0.972961247,0.0854468644,0.00653800881,-0.179408759,0.900220811,-0.0321073383,0.0213983208,-0.272162616,0.962066531,0.0450787656,-0.00487555703,-0.199152797,0.902360737,0.01790029,-0.0240252838,-0.286515564,0.961740792,0.105677143,-0.0151736662,-0.171106696,0.864102066,-0.0532730818,-0.0272582341,-0.227683082,0.93798852,0.0938467532,0.00256788242,0.0317242034,0.99996984,-0.0919856429,-0.0060914671,-0.0298416857,0.999973238,0.0954405814,0.425021887,0.00771982316,0.830829084,-0.0802802,0.331615776,-0.00645923521,0.813487291,0.0878624469,0.769315839,0.150692478,0.866375625,-0.0899767727,0.731792212,0.154788122,0.859698594,0.0660458505,0.803745449,0.167038724,0.578320444,-0.089554,0.76442647,0.129997715,0.507258534,0.0762419254,0.813272059,0.0869388953,0.874646127,-0.0953911766,0.768494,0.0284795668,0.844964206
10183.333333333321,-0.00671266858,-0.601804,-0.386934549,0.999924541,0.0157684237,-0.619702458,-0.379758567,0.9998312,0.018403098,-0.618471384,-0.36717996,0.999774575,0.0170008987,-0.618905187,-0.371615022,0.999849796,-0.0108276606,-0.62983489,-0.389107853,0.999910712,-0.00897763576,-0.627740264,-0.402510166,0.999921799,-0.00477032689,-0.616184235,-0.38157621,0.999950528,0.0881485417,-0.601006329,-0.270703167,0.999789476,-0.0595692806,-0.564261138,-0.261986166,0.999794841,0.0326981731,-0.589994,-0.334967852,0.999879122,-0.00548828393,-0.558047473,-0.361150205,0.999891639,0.178613305,-0.434771627,-0.119502299,0.999976516,-0.1294339,-0.493669868,-0.0844731927,0.999979079,0.21170859,-0.221277654,-0.114364229,0.91823256,-0.158870637,-0.195809171,-0.107285887,0.956980586,0.127218515,-0.0380807966,-0.163570568,0.912730575,-0.083275184,-0.0221184287,-0.210758865,0.974209309,0.0885924771,0.00570588699,-0.178699225,0.903690875,-0.0320182703,0.0213565249,-0.272582531,0.963528514,0.0485955104,-0.00609362731,-0.19837065,0.906160653,0.0182267465,-0.0241923556,-0.286915332,0.963398814,0.10891699,-0.0161008816,-0.170389295,0.868433833,-0.0533760116,-0.0275105108,-0.228228286,0.94037509,0.0937947184,0.00255500176,0.0316876397,0.999970615,-0.0919390768,-0.00607166765,-0.0298129767,0.999974,0.0958589315,0.424580395,0.00806634501,0.839478552,-0.0795473233,0.331663966,-0.00352803827,0.822364926,0.0878979489,0.766704261,0.150530219,0.876007855,-0.0895721614,0.731625557,0.157360971,0.869953632,0.0660621524,0.800879061,0.166792184,0.595256507,-0.0892541,0.764261186,0.132499948,0.525485754,0.0762001649,0.810741544,0.0865052566,0.883821547,-0.0956803858,0.768413901,0.0306937452,0.855951369
10199.999999999987,-0.00669757,-0.602145195,-0.384169877,0.999929726,0.0157923792,-0.619941831,-0.376710057,0.999842644,0.0184290949,-0.61869514,-0.364172131,0.999789715,0.0170199219,-0.619132757,-0.368690133,0.999859691,-0.0108101815,-0.630134702,-0.385916412,0.999916434,-0.00896248594,-0.628030539,-0.399218857,0.999926686,-0.00475686835,-0.616457045,-0.378362536,0.999953449,0.0882456,-0.601034284,-0.268009752,0.999803364,-0.0596071109,-0.564303875,-0.258782923,0.999806762,0.0327622965,-0.59032315,-0.332549959,0.999888361,-0.00546569889,-0.558335125,-0.358406037,0.9999,0.178785548,-0.434777498,-0.117456846,0.999977469,-0.129338145,-0.493712068,-0.082815,0.999979734,0.212591738,-0.221427456,-0.11337585,0.922466755,-0.161912516,-0.195936948,-0.106620252,0.959153235,0.129441068,-0.0369579233,-0.155737311,0.916763663,-0.0837833881,-0.0221346188,-0.209670633,0.975390375,0.0904631242,0.0080364123,-0.16954577,0.9074471,-0.0319994614,0.0220362432,-0.271074653,0.964908481,0.0505874306,-0.00284146867,-0.189586848,0.910133779,0.0186965037,-0.0233162623,-0.285273314,0.964926839,0.111098066,-0.0145324785,-0.162665963,0.873333693,-0.0535669774,-0.027410198,-0.226928666,0.942624748,0.09363956,0.0025332009,0.0316546261,0.99997133,-0.0917689279,-0.00603525899,-0.0297874119,0.999974668,0.0960172787,0.424589515,0.00832387619,0.847439647,-0.0779613405,0.332132727,-0.00446750922,0.830716491,0.0878966153,0.765051,0.151451156,0.884715736,-0.0887216926,0.731901646,0.155534461,0.879396319,0.0660679191,0.799060762,0.167798162,0.611406803,-0.0885382518,0.764646232,0.130543843,0.542962,0.0764481276,0.809933782,0.0889927596,0.891991854,-0.0961126,0.769484818,0.0290550496,0.86599052
10216.666666666653,-0.00683177309,-0.602265418,-0.384072363,0.999934077,0.015682295,-0.620021284,-0.376552016,0.99985224,0.0183107499,-0.618768215,-0.364003748,0.99980253,0.0168988127,-0.61921227,-0.368583322,0.999868,-0.0109453863,-0.630242467,-0.385527,0.999921083,-0.00910183322,-0.628133237,-0.398800611,0.99993068,-0.00489732437,-0.616541266,-0.377962589,0.999955773,0.0882281214,-0.60106343,-0.26812771,0.999815226,-0.059784364,-0.564335406,-0.258217156,0.999816537,0.0327227861,-0.590442479,-0.332744747,0.999896407,-0.00554045103,-0.558440804,-0.358266771,0.999907255,0.178842336,-0.434582949,-0.118022196,0.999978364,-0.129395872,-0.493754268,-0.0828002095,0.999980271,0.21256572,-0.221426189,-0.112302728,0.926518,-0.165805221,-0.196663126,-0.107086271,0.961173534,0.129842281,-0.0344623588,-0.152530655,0.92082572,-0.0844196901,-0.0224694703,-0.209971726,0.976503,0.0909231529,0.0115877958,-0.165794343,0.911309719,-0.0321382,0.0219834056,-0.271049112,0.966228,0.0509733632,0.00157517532,-0.185926095,0.914165914,0.0190953203,-0.0233099256,-0.285073727,0.966383815,0.111508384,-0.0115263416,-0.159426674,0.878393471,-0.0537713282,-0.0277355183,-0.227044284,0.944795072,0.093564339,0.00252468651,0.0315970145,0.999971807,-0.0916879624,-0.00602456834,-0.0297427624,0.999975085,0.0960614458,0.424604595,0.00835003611,0.853697,-0.0772990063,0.332417399,-0.00506022107,0.837519407,0.0878789648,0.764138043,0.152678296,0.892191052,-0.0883452222,0.731889486,0.1554524,0.887484372,0.0660564899,0.798060179,0.169209898,0.623970747,-0.0882183462,0.764645934,0.130542099,0.556546688,0.0763925686,0.809872,0.0911011919,0.899081647,-0.0963459834,0.770059764,0.0299786422,0.874651134
10233.33333333332,-0.00684392313,-0.602283299,-0.385693848,0.999938071,0.0156603102,-0.620013773,-0.378178984,0.999861062,0.0182842519,-0.618770123,-0.365583658,0.999814451,0.0168691017,-0.619211257,-0.370208412,0.999875665,-0.0109604737,-0.630246162,-0.387167573,0.999925435,-0.00911569688,-0.628135622,-0.400471807,0.999934435,-0.00491308095,-0.616543472,-0.379554123,0.999957919,0.088162452,-0.600915313,-0.26996839,0.999826372,-0.0598637536,-0.56408751,-0.260294974,0.999825895,0.0327122621,-0.590459228,-0.334559292,0.999903798,-0.00554517051,-0.558439195,-0.360123962,0.999913931,0.178831309,-0.434231341,-0.120290615,0.999979198,-0.129418328,-0.493599504,-0.0849240199,0.999980748,0.212471649,-0.220994487,-0.111771688,0.930291891,-0.16648449,-0.196783647,-0.110064819,0.962986708,0.131018355,-0.0316954,-0.152357176,0.924611628,-0.0843829736,-0.0220391322,-0.212477595,0.977546573,0.0927302688,0.0148873758,-0.165541247,0.914962292,-0.0320502818,0.0229283385,-0.273085952,0.967486858,0.0528017618,0.00545949349,-0.185725018,0.917956948,0.0193848778,-0.0222213212,-0.287035793,0.967758238,0.112810306,-0.00832974166,-0.159298539,0.883207619,-0.0536589958,-0.02715737,-0.229464829,0.946850896,0.0934796408,0.00251187268,0.031477768,0.999972343,-0.0915978551,-0.00600614212,-0.0296356846,0.999975562,0.0962021574,0.424492031,0.00830091536,0.860586762,-0.0767417327,0.332557619,-0.00530803762,0.84481746,0.0879333466,0.763014257,0.15290758,0.899463117,-0.0866012126,0.73200357,0.15455386,0.895352,0.0661246702,0.796933413,0.169470668,0.637863159,-0.086413078,0.764828801,0.129584,0.572458625,0.0763704,0.809801,0.0917153731,0.905863047,-0.0963676572,0.771287322,0.0290734228,0.883053303
10249.999999999985,-0.00707324548,-0.602264225,-0.388538927,0.999941826,0.0154526941,-0.619979203,-0.380951405,0.999869525,0.0180641972,-0.618741393,-0.368327588,0.999825776,0.0166333187,-0.619178891,-0.37296769,0.999882877,-0.0112050492,-0.630221903,-0.389810324,0.999929667,-0.0093614459,-0.628114879,-0.403172731,0.999938071,-0.00515251048,-0.616520643,-0.382173687,0.999960065,0.0880625844,-0.600792527,-0.272425056,0.999836862,-0.0601943322,-0.563940823,-0.262520492,0.999835312,0.0325574391,-0.590451181,-0.337360382,0.999910712,-0.00573547743,-0.558430791,-0.362839133,0.999920189,0.178818375,-0.433999151,-0.122261114,0.99998,-0.12962988,-0.493575186,-0.0876780823,0.999981344,0.212124437,-0.220685422,-0.11187622,0.933770716,-0.167555466,-0.196902514,-0.114167228,0.965001523,0.132634148,-0.029939685,-0.152533412,0.928346455,-0.0845031515,-0.0219138041,-0.217762962,0.978837788,0.0953173563,0.0168934688,-0.165697902,0.918685853,-0.0321855731,0.0233262535,-0.278548,0.969139755,0.0554216504,0.0081525147,-0.185968071,0.92178,0.0196025297,-0.021685876,-0.292305708,0.969489813,0.114599153,-0.00613532076,-0.159519479,0.888120055,-0.0536347106,-0.026902575,-0.234654009,0.949502289,0.0934637189,0.00249999925,0.0314425677,0.999972701,-0.0915817395,-0.00599014806,-0.0296030473,0.999976,0.0962242484,0.42409271,0.00844207313,0.867076218,-0.076735571,0.332644254,-0.00565235,0.852155089,0.0879296,0.760611534,0.156037152,0.90601325,-0.0863304809,0.731668234,0.154997244,0.902474046,0.0661214888,0.79447329,0.173124954,0.650438309,-0.0861175,0.764493108,0.130243525,0.587003291,0.0762994438,0.80900526,0.0967888609,0.911967278,-0.0965660512,0.771416426,0.030875,0.890638649
10266.666666666652,-0.00766583066,-0.602325559,-0.392107457,0.999944866,0.0148669165,-0.620021641,-0.384522527,0.999876261,0.0174539313,-0.618780375,-0.371853739,0.999834716,0.015992891,-0.619216502,-0.37647891,0.99988848,-0.0118752616,-0.630249202,-0.393162131,0.999933064,-0.0100409621,-0.628147185,-0.406559527,0.999941,-0.00581232,-0.616549671,-0.385501295,0.999961793,0.0878057554,-0.600803256,-0.275736928,0.999844849,-0.0608295612,-0.563917458,-0.265235662,0.999843,0.0321722627,-0.590519488,-0.34083119,0.999916494,-0.00617249822,-0.558497071,-0.36612457,0.999925494,0.178799406,-0.433907181,-0.124624565,0.99998039,-0.129892424,-0.493593931,-0.0910240859,0.999981821,0.210909024,-0.220598206,-0.112150699,0.936390281,-0.167956471,-0.197149783,-0.117669702,0.966942728,0.133676872,-0.0282372385,-0.152534038,0.9309811,-0.0849367604,-0.0217668656,-0.221176147,0.980102301,0.0974360108,0.0188078415,-0.165693268,0.921162248,-0.0330042094,0.0237713326,-0.282101363,0.970740676,0.0577489026,0.011014346,-0.186003134,0.924436212,0.019431971,-0.0207521468,-0.295743346,0.97116214,0.115891092,-0.00387825561,-0.159541845,0.891430855,-0.0539065,-0.026488563,-0.238031641,0.952070475,0.0934568718,0.00249290979,0.0314240418,0.999972701,-0.0915767178,-0.00598115055,-0.0295851082,0.999976218,0.0962326,0.423552573,0.00887789112,0.871896684,-0.0767547041,0.332674146,-0.00561673101,0.857937157,0.0879230946,0.758703828,0.160353869,0.911340773,-0.0863851,0.730912268,0.15823,0.908376,0.0661097318,0.792539299,0.178012893,0.658795536,-0.0861980245,0.763703,0.134154662,0.597392142,0.0757216141,0.808238387,0.102440991,0.916948318,-0.0975332633,0.771473289,0.0360896066,0.896887124
10283.333333333318,-0.00776961539,-0.602342725,-0.393543512,0.999947369,0.0147948731,-0.620023,-0.386124521,0.999881744,0.0173658244,-0.618788183,-0.3734411,0.999841928,0.0159000922,-0.619221389,-0.378029108,0.99989289,-0.0119501036,-0.630251944,-0.39451167,0.999935806,-0.0101182237,-0.628156841,-0.407930821,0.999943376,-0.00587873673,-0.616548717,-0.386862516,0.999963224,0.0877954066,-0.600654185,-0.27801469,0.999851167,-0.0608328097,-0.563744545,-0.266560137,0.999849439,0.032132674,-0.590517402,-0.342473924,0.999921501,-0.00619438943,-0.558501422,-0.367515266,0.999930203,0.17894423,-0.433107942,-0.1274838,0.999980748,-0.12991716,-0.493596047,-0.0926373,0.999982357,0.2095588,-0.219959885,-0.113985747,0.938698947,-0.168273807,-0.197709844,-0.120019831,0.968794882,0.13445124,-0.0248927157,-0.153029829,0.933184743,-0.0858816206,-0.0214563124,-0.224759296,0.981335461,0.0992477536,0.0227546319,-0.16601117,0.923106194,-0.0346674249,0.0245515686,-0.286025226,0.972321272,0.059540879,0.0161791909,-0.186673626,0.926571667,0.0187654868,-0.0190112833,-0.29969272,0.972804904,0.116838798,0.000170132131,-0.160136864,0.89401865,-0.054594513,-0.0256675035,-0.241723418,0.954611897,0.0934669599,0.00250268704,0.0313408487,0.999972582,-0.0915927738,-0.00599147659,-0.0295061637,0.999976397,0.0961674154,0.422981769,0.00873686466,0.874761403,-0.0767454207,0.332703978,-0.00540758437,0.861472189,0.0879196376,0.758081198,0.161271915,0.915384293,-0.0863864049,0.730475485,0.160420507,0.91291666,0.066106528,0.79194814,0.179068476,0.663028598,-0.0862021744,0.763253689,0.13662003,0.602994144,0.0750832,0.807863116,0.103017412,0.920873702,-0.097680904,0.771485269,0.0383667126,0.901784956
10299.999999999984,-0.00782986,-0.601776838,-0.401280254,0.99995023,0.0147226639,-0.619440675,-0.394091904,0.999888122,0.017279787,-0.618203044,-0.381322205,0.999850333,0.015810648,-0.618645668,-0.385914028,0.999898195,-0.012064063,-0.629566789,-0.402557909,0.999939144,-0.0102238646,-0.62749356,-0.41611442,0.999946296,-0.00598203344,-0.615847468,-0.394883722,0.999965,0.0877633616,-0.599861562,-0.285542369,0.999858439,-0.06099144,-0.562494099,-0.274391353,0.999857187,0.0320983864,-0.589903235,-0.34986645,0.999926567,-0.00622548861,-0.557868898,-0.375121653,0.999934912,0.178994432,-0.431740314,-0.133755267,0.999981165,-0.13011989,-0.492885947,-0.0995377824,0.999983,0.207372963,-0.218572363,-0.12047293,0.940575778,-0.168335646,-0.197769105,-0.126830265,0.970646083,0.135671735,-0.0216660947,-0.15994665,0.934974909,-0.0863711089,-0.0196287986,-0.231431529,0.982548356,0.102022097,0.0261503644,-0.172750413,0.924667835,-0.0356704965,0.0272039864,-0.293163866,0.973896086,0.0627724081,0.0203539263,-0.194614768,0.92835325,0.0184257776,-0.0152901756,-0.307017118,0.974429607,0.118453838,0.00391420815,-0.167534247,0.896174431,-0.0549135916,-0.023109505,-0.248627707,0.957148314,0.0935180038,0.00250791362,0.0312722698,0.999972522,-0.0916573554,-0.00600119075,-0.0294434726,0.999976695,0.0960971713,0.422608435,0.00891858712,0.876899123,-0.0769475624,0.332732826,-0.00544500072,0.864863753,0.0878241509,0.757605374,0.162661791,0.918802738,-0.0866318,0.730237,0.160764769,0.917049527,0.0659610108,0.791454673,0.180532917,0.665467501,-0.0864980221,0.762990952,0.137024015,0.60811317,0.0736577213,0.807757437,0.104452103,0.924255311,-0.0986390486,0.771515608,0.038663879,0.906282783
10316.66666666665,-0.00793831702,-0.599985838,-0.410623759,0.999953449,0.01461579,-0.6177544,-0.403450906,0.999895394,0.0171521679,-0.616480589,-0.39059934,0.999859869,0.0156845506,-0.616951525,-0.395201743,0.999904454,-0.0122441091,-0.627768457,-0.411913157,0.999943,-0.0103951925,-0.625711739,-0.425576836,0.999949634,-0.00615947135,-0.614017963,-0.404195249,0.999967098,0.0877458,-0.598042369,-0.293916583,0.999866903,-0.0612755306,-0.560182631,-0.28274405,0.999865949,0.0320406742,-0.588016,-0.358779073,0.999931753,-0.00631228648,-0.5559811,-0.384035051,0.99993968,0.178991109,-0.429324031,-0.140664592,0.999981701,-0.130252391,-0.490712136,-0.106730588,0.999983728,0.205458209,-0.215796322,-0.126150817,0.942821681,-0.168351293,-0.196334407,-0.133729726,0.972513914,0.137898669,-0.0170626044,-0.164698496,0.93748945,-0.0868626907,-0.0153007153,-0.236462846,0.983751,0.106115945,0.0309912879,-0.177284181,0.927004337,-0.0366996787,0.0323542133,-0.298084646,0.975461364,0.0669408441,0.0261428915,-0.199706897,0.93081069,0.0180824716,-0.00904858112,-0.311895847,0.976030409,0.121041849,0.0090827588,-0.172498643,0.899361432,-0.0552027263,-0.0179643612,-0.253704041,0.959680796,0.093555294,0.00250948244,0.0311824232,0.999972463,-0.0917056054,-0.00600615609,-0.0293656439,0.999976933,0.0959378704,0.422440112,0.00913911127,0.878913045,-0.0770181194,0.332862616,-0.00509920949,0.867911518,0.0878260285,0.757341444,0.164236307,0.922094166,-0.0868161619,0.730139494,0.161242709,0.920998,0.0659592748,0.791206062,0.182186618,0.668103874,-0.0867319107,0.762893319,0.137543038,0.61348325,0.0726962462,0.807760179,0.105437174,0.92754,-0.0992300734,0.771546066,0.0386502221,0.910695374
10333.333333333316,-0.00794894621,-0.599326968,-0.40943405,0.999955893,0.0146117108,-0.617103934,-0.402136743,0.999900877,0.0171411596,-0.615837395,-0.389313072,0.999866962,0.0156752411,-0.61631006,-0.393923819,0.999909,-0.0122523494,-0.627177835,-0.41057,0.999945939,-0.01040457,-0.625141144,-0.424193025,0.999952137,-0.0061680763,-0.613404214,-0.402875364,0.999968648,0.0877995268,-0.597345591,-0.292606533,0.999873161,-0.0613053553,-0.559663296,-0.281503052,0.999872863,0.032040529,-0.587345123,-0.357652038,0.999935925,-0.0063194395,-0.555412889,-0.382822543,0.999943674,0.178993717,-0.428155243,-0.140213281,0.999982059,-0.130371675,-0.490228057,-0.106519438,0.999984324,0.203690842,-0.214515358,-0.125804663,0.9446069,-0.168415457,-0.196167201,-0.135179445,0.974271417,0.140453368,-0.0137068089,-0.164255664,0.93967247,-0.087250039,-0.0134309465,-0.238438442,0.984922707,0.110430934,0.0349265747,-0.176946014,0.929036677,-0.0376692228,0.0346485823,-0.300079048,0.977033198,0.0712489337,0.0315126,-0.199141383,0.93295294,0.0178127699,-0.00574956555,-0.313829243,0.977621734,0.123959653,0.0131117944,-0.171993658,0.902169049,-0.0554350726,-0.0154913338,-0.255570173,0.962221801,0.0935915262,0.00251112669,0.0310809128,0.999972224,-0.0917478204,-0.00600859243,-0.029272316,0.999977052,0.0959651917,0.421717018,0.00909155421,0.880371213,-0.0769175887,0.333175957,-0.00507072173,0.869906783,0.0879165456,0.75675714,0.164571375,0.924934864,-0.0868575945,0.730025589,0.162577346,0.924245536,0.0660300627,0.790699542,0.182590634,0.669996738,-0.0868232474,0.762794077,0.139033407,0.617096,0.0724856183,0.807711,0.105517395,0.930389106,-0.0995834246,0.771681845,0.0397978425,0.914381444
10349.999999999982,-0.00793218799,-0.5975371,-0.41004923,0.999958754,0.0146294963,-0.615416169,-0.402650863,0.999907255,0.0171500035,-0.614135921,-0.389818281,0.999875247,0.0156916082,-0.614629924,-0.394440562,0.999914527,-0.0122377956,-0.625603497,-0.411206216,0.999949336,-0.0103905983,-0.62357527,-0.424810737,0.999955058,-0.00615025265,-0.611808777,-0.403506607,0.999970555,0.0878090784,-0.595777929,-0.292701632,0.999880552,-0.0613748617,-0.558526933,-0.282174796,0.999880731,0.0320456438,-0.585623384,-0.358078271,0.999940336,-0.00631958432,-0.553846419,-0.38334021,0.999947727,0.178792313,-0.42642355,-0.14018482,0.999982595,-0.130468279,-0.489334643,-0.107520089,0.999985,0.201949447,-0.212377533,-0.125065371,0.946795702,-0.168423906,-0.195565134,-0.136957139,0.9759,0.144520923,-0.0056178621,-0.162465096,0.942515135,-0.0880073681,-0.00996638462,-0.238501862,0.985995114,0.117155567,0.04417184,-0.174157172,0.931764543,-0.0392287858,0.0385404415,-0.299819678,0.978453696,0.0778399631,0.0432892628,-0.197247922,0.935730934,0.016966911,-0.00049901841,-0.313558906,0.979062259,0.12850368,0.0225717537,-0.170472547,0.905964553,-0.0560243241,-0.0112319859,-0.255582094,0.964519322,0.0935946852,0.00250827591,0.0310620032,0.999971926,-0.0917532369,-0.00600641547,-0.0292548,0.999977,0.0960061848,0.420829654,0.00893048383,0.88041079,-0.0763017833,0.333340019,-0.00512130046,0.869992137,0.0881230608,0.756629169,0.164228857,0.926574171,-0.0868353471,0.730059385,0.162306085,0.926301062,0.0662260428,0.790655077,0.182166547,0.668837965,-0.0868278444,0.762866318,0.138702616,0.616563,0.0724412277,0.807746708,0.105176285,0.932354391,-0.0995748043,0.772072554,0.0394163653,0.916949093
10366.666666666648,-0.00796276052,-0.597573638,-0.408617884,0.999961078,0.014606908,-0.61546129,-0.401280612,0.999912381,0.0171230026,-0.61418438,-0.388480902,0.999881923,0.0156693775,-0.614679098,-0.393099427,0.999918938,-0.0122614279,-0.625685036,-0.409835666,0.999952078,-0.0104175024,-0.623657465,-0.42343238,0.999957442,-0.0061716577,-0.611877441,-0.402156353,0.999972105,0.0877935067,-0.595801413,-0.291832179,0.999886394,-0.0615441054,-0.558665514,-0.281075537,0.999887109,0.0320034958,-0.585660577,-0.356797427,0.999944,-0.00637968769,-0.553905785,-0.382071942,0.999951124,0.178462043,-0.426343888,-0.139601156,0.999982953,-0.130531251,-0.489483237,-0.106344983,0.999985456,0.200877383,-0.212344125,-0.120606318,0.948493481,-0.168591931,-0.196279302,-0.135544479,0.977233887,0.148712739,-0.00330283609,-0.149301082,0.944711745,-0.0899562,-0.00948797446,-0.237482205,0.986873627,0.122998103,0.0469589159,-0.158807412,0.933765709,-0.0423031114,0.0393934883,-0.299229473,0.979583442,0.0843218714,0.0471890345,-0.18281132,0.937829077,0.0141782574,0.00125371898,-0.312949,0.980221033,0.133334473,0.0253770649,-0.157452315,0.908912122,-0.0579827465,-0.0103886109,-0.25459832,0.966375649,0.0935920253,0.00250982423,0.0310467351,0.999971747,-0.091750659,-0.00600696169,-0.0292435624,0.999977052,0.0960753486,0.419730335,0.00842110068,0.881273448,-0.0758604109,0.333377808,-0.00543873431,0.871109426,0.0881755427,0.755844951,0.163786754,0.92836374,-0.0873101875,0.729791641,0.162108421,0.928589225,0.0662549734,0.789946258,0.181786314,0.668492615,-0.0875365511,0.762610674,0.138453603,0.617125094,0.0720360875,0.807491481,0.104675248,0.93430841,-0.0997920632,0.772101283,0.0391522944,0.919589639
